1.89 0 0.4725 080908 0.45
1.89 0 0 080908 0.45
1.89 0 -0.4725 080908 0.45
1.89 0 -0.9449999 080908 0.45
1.89 0.4725 0.4725 2C2C2C 0.45
1.89 0.4725 0 2C2C2C 0.45
1.89 0.4725 -0.4725 2C2C2C 0.45
1.89 0.4725 -0.9449999 2C2C2C 0.45
1.89 0.9449999 0.4725 212121 0.45
1.89 0.9449999 0 212121 0.45
1.89 0.9449999 -0.4725 212121 0.45
1.89 1.4175 0.4725 212121 0.45
1.89 1.4175 0 212121 0.45
1.89 1.4175 -0.4725 212121 0.45
1.89 1.89 0.4725 212121 0.45
1.89 1.89 0 212121 0.45
1.89 1.89 -0.4725 212121 0.45
1.89 2.3625 0.4725 212121 0.45
1.89 2.3625 0 212121 0.45
1.89 2.3625 -0.4725 212121 0.45
1.89 2.835 0.4725 212121 0.45
1.89 2.835 0 212121 0.45
1.89 2.835 -0.4725 212121 0.45
1.89 3.3075 0.4725 212121 0.45
1.89 3.3075 0 212121 0.45
1.89 3.3075 -0.4725 212121 0.45
1.89 3.78 0.4725 212121 0.45
1.89 3.78 0 212121 0.45
1.89 3.78 -0.4725 212121 0.45
1.89 4.2525 0.4725 212121 0.45
1.89 4.2525 0 212121 0.45
1.89 4.2525 -0.4725 212121 0.45
1.89 4.725 0.4725 212121 0.45
1.89 4.725 0 212121 0.45
1.89 4.725 -0.4725 212121 0.45
2.3625 5.1975 1.4175 212021 0.45
2.3625 5.1975 0.9449999 212021 0.45
2.3625 5.1975 0.4725 212021 0.45
2.3625 5.1975 0 212021 0.45
2.3625 5.1975 -0.4725 212021 0.45
2.3625 5.1975 -0.9449999 212021 0.45
2.3625 5.1975 -1.4175 212021 0.45
2.3625 5.67 1.4175 202020 0.45
2.3625 5.67 0.9449999 202020 0.45
2.3625 5.67 0.4725 202020 0.45
2.3625 5.67 0 202020 0.45
2.3625 5.67 -0.4725 202020 0.45
2.3625 5.67 -0.9449999 202020 0.45
2.3625 5.67 -1.4175 212021 0.45
2.3625 6.142499 1.4175 E6E7E6 0.45
2.3625 6.142499 0.9449999 E6E7E6 0.45
2.3625 6.142499 0.4725 E6E7E6 0.45
2.3625 6.142499 0 E6E7E6 0.45
2.3625 6.142499 -0.4725 E6E7E6 0.45
2.3625 6.142499 -0.9449999 E6E7E6 0.45
2.3625 6.142499 -1.4175 E6E7E6 0.45
2.3625 6.615 1.4175 E6E7E6 0.45
2.3625 6.615 0.9449999 E6E7E6 0.45
2.3625 6.615 0.4725 E6E7E6 0.45
2.3625 6.615 0 E6E7E6 0.45
2.3625 6.615 -0.4725 E6E7E6 0.45
2.3625 6.615 -0.9449999 E6E7E6 0.45
2.3625 6.615 -1.4175 E6E7E6 0.45
2.3625 7.0875 1.4175 E6E7E6 0.45
2.3625 7.0875 0.9449999 E6E7E6 0.45
2.3625 7.0875 0.4725 E6E7E6 0.45
2.3625 7.0875 0 E6E7E6 0.45
2.3625 7.0875 -0.4725 E6E7E6 0.45
2.3625 7.0875 -0.9449999 E6E7E6 0.45
2.3625 7.0875 -1.4175 E6E7E6 0.45
2.3625 7.559999 1.4175 E6E7E6 0.45
2.3625 7.559999 0.9449999 E6E7E6 0.45
2.3625 7.559999 0.4725 E6E7E6 0.45
2.3625 7.559999 0 E6E7E6 0.45
2.3625 7.559999 -0.4725 E6E7E6 0.45
2.3625 7.559999 -0.9449999 E6E7E6 0.45
2.3625 7.559999 -1.4175 E6E7E6 0.45
2.3625 8.0325 1.4175 E6E7E6 0.45
2.3625 8.0325 0.9449999 E6E7E6 0.45
2.3625 8.0325 0.4725 E6E7E6 0.45
2.3625 8.0325 0 E6E7E6 0.45
2.3625 8.0325 -0.4725 E6E7E6 0.45
2.3625 8.0325 -0.9449999 E6E7E6 0.45
2.3625 8.0325 -1.4175 E6E7E6 0.45
2.3625 8.504999 1.4175 E6E7E6 0.45
2.3625 8.504999 0.9449999 E6E7E6 0.45
2.3625 8.504999 0.4725 E6E7E6 0.45
2.3625 8.504999 0 E6E7E6 0.45
2.3625 8.504999 -0.4725 E6E7E6 0.45
2.3625 8.504999 -0.9449999 E6E7E6 0.45
2.3625 8.504999 -1.4175 E6E7E6 0.45
2.3625 8.9775 1.4175 E6E7E6 0.45
2.3625 8.9775 0.9449999 E6E7E6 0.45
2.3625 8.9775 0.4725 E6E7E6 0.45
2.3625 8.9775 0 E6E7E6 0.45
2.3625 8.9775 -0.4725 E6E7E6 0.45
2.3625 8.9775 -0.9449999 E6E7E6 0.45
2.3625 8.9775 -1.4175 E6E7E6 0.45
2.3625 9.45 1.4175 E6E7E6 0.45
2.3625 9.45 0.9449999 E6E7E6 0.45
2.3625 9.45 0.4725 E6E7E6 0.45
2.3625 9.45 0 E6E7E6 0.45
2.3625 9.45 -0.4725 E6E7E6 0.45
2.3625 9.45 -0.9449999 E6E7E6 0.45
2.3625 9.45 -1.4175 E6E7E6 0.45
2.3625 9.9225 1.4175 E6E7E6 0.45
2.3625 9.9225 0.9449999 E6E7E6 0.45
2.3625 9.9225 0.4725 E6E7E6 0.45
2.3625 9.9225 0 E6E7E6 0.45
2.3625 9.9225 -0.4725 E6E7E6 0.45
2.3625 9.9225 -0.9449999 E6E7E6 0.45
2.3625 9.9225 -1.4175 E6E7E6 0.45
2.3625 10.395 1.4175 E6E7E6 0.45
2.3625 10.395 0.9449999 E6E7E6 0.45
5.67 10.395 0.4725 F3F3F3 0.45
5.67 10.395 0 F3F3F3 0.45
5.67 10.395 -0.4725 F3F3F3 0.45
2.3625 10.395 -0.9449999 E6E7E6 0.45
2.3625 10.395 -1.4175 E6E7E6 0.45
2.3625 10.8675 1.4175 E6E7E6 0.45
2.3625 10.8675 0.9449999 E6E7E6 0.45
9.45 10.8675 0.4725 D8967E 0.45
9.45 10.8675 0 D8967E 0.45
9.45 10.8675 -0.4725 D8967E 0.45
2.3625 10.8675 -0.9449999 E6E7E6 0.45
2.3625 10.8675 -1.4175 E6E7E6 0.45
2.3625 11.34 1.4175 E7E7E7 0.45
2.3625 11.34 0.9449999 E7E7E7 0.45
9.45 11.34 0.4725 D8967E 0.45
9.45 11.34 0 D8967E 0.45
9.45 11.34 -0.4725 D8967E 0.45
2.3625 11.34 -0.9449999 E7E7E7 0.45
2.3625 11.34 -1.4175 E7E7E7 0.45
1.89 11.8125 1.89 E4A78E 0.45
1.89 11.8125 1.4175 E4A78E 0.45
1.89 11.8125 0.9449999 E4A78E 0.45
1.89 11.8125 0.4725 E4A78E 0.45
1.89 11.8125 0 E4A78E 0.45
1.89 11.8125 -0.4725 E4A78E 0.45
1.89 11.8125 -0.9449999 E4A78E 0.45
1.89 11.8125 -1.4175 AF8270 0.45
1.89 11.8125 -1.89 AF8270 0.45
1.89 12.285 1.89 E7A68C 0.45
1.89 12.285 1.4175 E7A68C 0.45
1.89 12.285 0.9449999 E7A68C 0.45
1.89 12.285 0.4725 E7A68C 0.45
1.89 12.285 0 E7A68C 0.45
1.89 12.285 -0.4725 E4A78E 0.45
1.89 12.285 -0.9449999 E4A78E 0.45
1.89 12.285 -1.4175 AF8270 0.45
1.89 12.285 -1.89 AF8270 0.45
1.89 12.7575 1.89 2D0800 0.45
1.89 12.7575 1.4175 2D0800 0.45
1.89 12.7575 0.9449999 2D0800 0.45
1.89 12.7575 0.4725 2D0800 0.45
1.89 12.7575 0 2D0800 0.45
1.89 12.7575 -0.4725 D8967E 0.45
1.89 12.7575 -0.9449999 E7A68C 0.45
1.89 12.7575 -1.4175 AF8270 0.45
1.89 12.7575 -1.89 AF8270 0.45
1.89 13.23 1.89 2D0800 0.45
1.89 13.23 1.4175 2D0800 0.45
1.89 13.23 0.9449999 2D0800 0.45
1.89 13.23 0.4725 2D0800 0.45
1.89 13.23 0 2D0800 0.45
1.89 13.23 -0.4725 D8967E 0.45
1.89 13.23 -0.9449999 DE9A84 0.45
1.89 13.23 -1.4175 E4A78E 0.45
1.89 13.23 -1.89 E4A78E 0.45
1.89 13.7025 1.89 2D0800 0.45
1.89 13.7025 1.4175 2D0800 0.45
1.89 13.7025 0.9449999 2D0800 0.45
1.89 13.7025 0.4725 2D0800 0.45
1.89 13.7025 0 2D0800 0.45
1.89 13.7025 -0.4725 D6967B 0.45
1.89 13.7025 -0.9449999 290800 0.45
1.89 13.7025 -1.4175 E4A78E 0.45
1.89 13.7025 -1.89 E4A78E 0.45
1.89 14.175 1.89 2D0800 0.45
1.89 14.175 1.4175 2D0800 0.45
1.89 14.175 0.9449999 2D0800 0.45
1.89 14.175 0.4725 2D0800 0.45
1.89 14.175 0 2D0800 0.45
1.89 14.175 -0.4725 2D0800 0.45
1.89 14.175 -0.9449999 2D0800 0.45
1.89 14.175 -1.4175 E4A78E 0.45
1.89 14.175 -1.89 E4A78E 0.45
1.89 14.6475 1.89 2D0800 0.45
1.89 14.6475 1.4175 2D0800 0.45
1.89 14.6475 0.9449999 2D0800 0.45
1.89 14.6475 0.4725 2D0800 0.45
1.89 14.6475 0 2D0800 0.45
1.89 14.6475 -0.4725 2D0800 0.45
1.89 14.6475 -0.9449999 2D0800 0.45
1.89 14.6475 -1.4175 E7A68C 0.45
1.89 14.6475 -1.89 E4A78E 0.45
1.89 15.12 1.89 2D0800 0.45
1.89 15.12 1.4175 2D0800 0.45
1.89 15.12 0.9449999 2D0800 0.45
1.89 15.12 0.4725 2D0800 0.45
1.89 15.12 0 2D0800 0.45
1.89 15.12 -0.4725 2D0800 0.45
1.89 15.12 -0.9449999 2D0800 0.45
1.89 15.12 -1.4175 2D0800 0.45
1.89 15.12 -1.89 290800 0.45
1.89 15.5925 1.89 2D0800 0.45
1.89 15.5925 1.4175 2D0800 0.45
1.89 15.5925 0.9449999 2D0800 0.45
1.89 15.5925 0.4725 2D0800 0.45
1.89 15.5925 0 2D0800 0.45
1.89 15.5925 -0.4725 2D0800 0.45
1.89 15.5925 -0.9449999 2D0800 0.45
1.89 15.5925 -1.4175 2D0800 0.45
1.89 15.5925 -1.89 2D0800 0.45
9.45 10.395 0.4725 CE9073 0.45
9.45 10.395 0 CE9073 0.45
9.45 10.395 -0.4725 CE9073 0.45
8.504999 10.8675 0.4725 F3F3F3 0.45
8.504999 10.8675 0 F3F3F3 0.45
8.504999 10.8675 -0.4725 F3F3F3 0.45
8.504999 11.34 0.4725 F3F3F3 0.45
8.504999 11.34 0 F3F3F3 0.45
8.504999 11.34 -0.4725 F3F3F3 0.45
8.9775 10.395 0.4725 CE9073 0.45
8.9775 10.395 0 CE9073 0.45
8.9775 10.395 -0.4725 CE9073 0.45
8.9775 10.8675 0.4725 FFCCAD 0.45
8.9775 10.8675 -0.4725 FFCCAD 0.45
8.9775 11.34 0.4725 FFCCAD 0.45
8.9775 11.34 -0.4725 FFCCAD 0.45
8.9775 11.34 0 ECAF97 0.45
8.504999 10.395 0.4725 F3F3F3 0.45
8.504999 10.395 0 F3F3F3 0.45
8.504999 10.395 -0.4725 F3F3F3 0.45
8.504999 10.8675 0.9449999 E6E7E6 0.45
5.67 10.8675 0.4725 F3F3F3 0.45
5.67 10.8675 0 F3F3F3 0.45
5.67 10.8675 -0.4725 F3F3F3 0.45
8.504999 10.8675 -0.9449999 E6E7E6 0.45
8.504999 11.34 0.9449999 E6E7E6 0.45
5.67 11.34 0.4725 F3F3F3 0.45
5.67 11.34 0 F3F3F3 0.45
5.67 11.34 -0.4725 F3F3F3 0.45
8.504999 11.34 -0.9449999 E6E7E6 0.45
8.504999 11.8125 0.4725 F3F3F3 0.45
8.504999 11.8125 0 F3F3F3 0.45
8.504999 11.8125 -0.4725 F3F3F3 0.45
8.0325 10.395 0.4725 F3F3F3 0.45
8.0325 10.395 0 F3F3F3 0.45
8.0325 10.395 -0.4725 F3F3F3 0.45
8.0325 10.8675 0.9449999 E6E7E6 0.45
8.0325 10.8675 -0.9449999 E6E7E6 0.45
8.0325 11.34 0.9449999 E6E7E6 0.45
8.0325 11.34 -0.9449999 E6E7E6 0.45
8.0325 11.8125 0.4725 F3F3F3 0.45
8.0325 11.8125 0 F3F3F3 0.45
8.0325 11.8125 -0.4725 F3F3F3 0.45
7.559999 10.395 0.4725 F3F3F3 0.45
7.559999 10.395 0 F3F3F3 0.45
7.559999 10.395 -0.4725 F3F3F3 0.45
7.559999 10.8675 0.9449999 E6E7E6 0.45
7.559999 10.8675 -0.9449999 E6E7E6 0.45
7.559999 11.34 0.9449999 E6E7E6 0.45
7.559999 11.34 -0.9449999 E6E7E6 0.45
7.559999 11.8125 0.4725 F3F3F3 0.45
7.559999 11.8125 0 F3F3F3 0.45
7.559999 11.8125 -0.4725 F3F3F3 0.45
7.0875 10.395 0.4725 F3F3F3 0.45
7.0875 10.395 0 F3F3F3 0.45
7.0875 10.395 -0.4725 F3F3F3 0.45
7.0875 10.8675 0.9449999 E6E7E6 0.45
7.0875 10.8675 -0.9449999 E6E7E6 0.45
7.0875 11.34 0.9449999 E6E7E6 0.45
7.0875 11.34 -0.9449999 E6E7E6 0.45
7.0875 11.8125 0.4725 F3F3F3 0.45
7.0875 11.8125 0 F3F3F3 0.45
7.0875 11.8125 -0.4725 F3F3F3 0.45
6.615 10.395 0.4725 F3F3F3 0.45
6.615 10.395 0 F3F3F3 0.45
6.615 10.395 -0.4725 F3F3F3 0.45
6.615 10.8675 0.9449999 E6E7E6 0.45
6.615 10.8675 -0.9449999 E6E7E6 0.45
6.615 11.34 0.9449999 E6E7E6 0.45
6.615 11.34 -0.9449999 E6E7E6 0.45
6.615 11.8125 0.4725 F3F3F3 0.45
6.615 11.8125 0 F3F3F3 0.45
6.615 11.8125 -0.4725 F3F3F3 0.45
6.142499 10.395 0.4725 F3F3F3 0.45
6.142499 10.395 0 F3F3F3 0.45
6.142499 10.395 -0.4725 F3F3F3 0.45
6.142499 10.8675 0.9449999 E6E7E6 0.45
6.142499 10.8675 -0.9449999 E6E7E6 0.45
6.142499 11.34 0.9449999 E6E7E6 0.45
6.142499 11.34 -0.9449999 E6E7E6 0.45
6.142499 11.8125 0.4725 F3F3F3 0.45
6.142499 11.8125 0 F3F3F3 0.45
6.142499 11.8125 -0.4725 F3F3F3 0.45
5.67 10.395 0.9449999 E6E7E6 0.45
2.3625 10.395 0.4725 E6E7E6 0.45
2.3625 10.395 0 E6E7E6 0.45
2.3625 10.395 -0.4725 E6E7E6 0.45
5.67 10.395 -0.9449999 E7E7E7 0.45
5.67 10.8675 0.9449999 E6E7E6 0.45
2.3625 10.8675 0.4725 E6E7E6 0.45
2.3625 10.8675 0 E6E7E6 0.45
2.3625 10.8675 -0.4725 E6E7E6 0.45
5.67 10.8675 -0.9449999 E6E7E6 0.45
5.67 11.34 0.9449999 E6E7E6 0.45
2.3625 11.34 0.4725 E7E7E7 0.45
2.3625 11.34 0 E7E7E7 0.45
2.3625 11.34 -0.4725 E7E7E7 0.45
5.67 11.34 -0.9449999 E6E7E6 0.45
5.67 11.8125 0.4725 F3F3F3 0.45
5.67 11.8125 0 F3F3F3 0.45
5.67 11.8125 -0.4725 F3F3F3 0.45
5.1975 10.395 0.4725 F3F3F3 0.45
5.1975 10.395 0 F3F3F3 0.45
5.1975 10.395 -0.4725 F3F3F3 0.45
5.1975 10.395 0.9449999 E6E7E6 0.45
5.1975 10.395 -0.9449999 E7E7E7 0.45
5.1975 10.8675 0.9449999 E6E7E6 0.45
5.1975 10.8675 -0.9449999 E6E7E6 0.45
5.1975 11.34 0.9449999 E6E7E6 0.45
5.1975 11.34 -0.9449999 E6E7E6 0.45
5.1975 11.8125 0.4725 F3F3F3 0.45
5.1975 11.8125 0 F3F3F3 0.45
5.1975 11.8125 -0.4725 F3F3F3 0.45
4.725 10.395 0.4725 F3F3F3 0.45
4.725 10.395 0 F3F3F3 0.45
4.725 10.395 -0.4725 F3F3F3 0.45
4.725 10.395 0.9449999 E6E7E6 0.45
4.725 10.395 -0.9449999 E7E7E7 0.45
4.725 10.8675 0.9449999 E6E7E6 0.45
4.725 10.8675 -0.9449999 E6E7E6 0.45
4.725 11.34 0.9449999 E6E7E6 0.45
4.725 11.34 -0.9449999 E6E7E6 0.45
4.725 11.8125 0.4725 F3F3F3 0.45
4.725 11.8125 0 F3F3F3 0.45
4.725 11.8125 -0.4725 F3F3F3 0.45
4.2525 10.395 0.4725 F3F3F3 0.45
4.2525 10.395 0 F3F3F3 0.45
4.2525 10.395 -0.4725 F3F3F3 0.45
4.2525 10.395 0.9449999 E6E7E6 0.45
4.2525 10.395 -0.9449999 E7E7E7 0.45
4.2525 10.8675 0.9449999 E6E7E6 0.45
4.2525 10.8675 -0.9449999 E6E7E6 0.45
4.2525 11.34 0.9449999 E6E7E6 0.45
4.2525 11.34 -0.9449999 E6E7E6 0.45
4.2525 11.8125 0.4725 F3F3F3 0.45
4.2525 11.8125 0 F3F3F3 0.45
4.2525 11.8125 -0.4725 F3F3F3 0.45
3.78 10.395 0.4725 F3F3F3 0.45
3.78 10.395 0 F3F3F3 0.45
3.78 10.395 -0.4725 F3F3F3 0.45
3.78 10.395 0.9449999 E6E7E6 0.45
3.78 10.395 -0.9449999 E7E7E7 0.45
3.78 10.8675 0.9449999 E6E7E6 0.45
3.78 10.8675 -0.9449999 E6E7E6 0.45
3.78 11.34 0.9449999 E6E7E6 0.45
3.78 11.34 -0.9449999 E6E7E6 0.45
3.78 11.8125 0.4725 F3F3F3 0.45
3.78 11.8125 0 F3F3F3 0.45
3.78 11.8125 -0.4725 F3F3F3 0.45
3.3075 10.395 0.4725 F3F3F3 0.45
3.3075 10.395 0 F3F3F3 0.45
3.3075 10.395 -0.4725 F3F3F3 0.45
3.3075 10.395 0.9449999 E6E7E6 0.45
3.3075 10.395 -0.9449999 E7E7E7 0.45
3.3075 10.8675 0.9449999 E6E7E6 0.45
3.3075 10.8675 -0.9449999 E6E7E6 0.45
3.3075 11.34 0.9449999 E6E7E6 0.45
3.3075 11.34 -0.9449999 E6E7E6 0.45
3.3075 11.8125 0.4725 F3F3F3 0.45
3.3075 11.8125 0 F3F3F3 0.45
3.3075 11.8125 -0.4725 F3F3F3 0.45
2.835 10.395 0.4725 F3F3F3 0.45
2.835 10.395 0 F3F3F3 0.45
2.835 10.395 -0.4725 F3F3F3 0.45
2.835 10.395 0.9449999 E6E7E6 0.45
2.835 10.395 -0.9449999 E7E7E7 0.45
2.835 10.8675 0.9449999 E6E7E6 0.45
2.835 10.8675 -0.9449999 E6E7E6 0.45
2.835 11.34 0.9449999 E6E7E6 0.45
2.835 11.34 -0.9449999 E6E7E6 0.45
2.835 11.8125 0.4725 F3F3F3 0.45
2.835 11.8125 0 F3F3F3 0.45
2.835 11.8125 -0.4725 F3F3F3 0.45
-2.835 10.395 0.4725 F3F3F3 0.45
-2.835 10.395 0 F3F3F3 0.45
-2.835 10.395 -0.4725 F3F3F3 0.45
2.835 10.8675 0.4725 F3F3F3 0.45
-2.835 10.8675 0.4725 F3F3F3 0.45
2.835 10.8675 0 F3F3F3 0.45
-2.835 10.8675 0 F3F3F3 0.45
2.835 10.8675 -0.4725 F3F3F3 0.45
-2.835 10.8675 -0.4725 F3F3F3 0.45
2.835 11.34 0.4725 F3F3F3 0.45
-2.835 11.34 0.4725 F3F3F3 0.45
2.835 11.34 0 F3F3F3 0.45
-2.835 11.34 0 F3F3F3 0.45
2.835 11.34 -0.4725 F3F3F3 0.45
-2.835 11.34 -0.4725 F3F3F3 0.45
2.3625 11.8125 1.4175 FFFFFF 0.45
2.3625 11.8125 0.9449999 FFFFFF 0.45
2.3625 11.8125 0.4725 FFFFFF 0.45
2.3625 11.8125 0 FFFFFF 0.45
2.3625 11.8125 -0.4725 FFFFFF 0.45
2.3625 11.8125 -0.9449999 FFFFFF 0.45
2.3625 11.8125 -1.4175 FFFFFF 0.45
1.89 11.34 1.89 CE9273 0.45
1.89 5.1975 1.4175 000000 0.45
1.89 5.1975 0.9449999 000000 0.45
1.89 5.1975 -0.9449999 000000 0.45
1.89 5.1975 -1.4175 000000 0.45
1.89 11.34 -1.89 A27660 0.45
1.89 0.9449999 0.9449999 312C31 0.45
1.89 0.9449999 -0.9449999 2E2E2E 0.45
1.89 1.4175 0.9449999 312C31 0.45
-0.4725 1.4175 0.4725 212121 0.45
-0.4725 1.4175 0 212121 0.45
-0.4725 1.4175 -0.4725 212121 0.45
1.89 1.4175 -0.9449999 2E2E2E 0.45
1.89 1.89 0.9449999 312C31 0.45
-0.4725 1.89 0.4725 212121 0.45
-0.4725 1.89 0 212121 0.45
-0.4725 1.89 -0.4725 212121 0.45
1.89 1.89 -0.9449999 2E2E2E 0.45
1.89 2.3625 0.9449999 312C31 0.45
-0.4725 2.3625 0.4725 212121 0.45
-0.4725 2.3625 0 212121 0.45
-0.4725 2.3625 -0.4725 212121 0.45
1.89 2.3625 -0.9449999 2E2E2E 0.45
1.89 2.835 0.9449999 312C31 0.45
-0.4725 2.835 0.4725 212121 0.45
-0.4725 2.835 0 212121 0.45
-0.4725 2.835 -0.4725 212121 0.45
1.89 2.835 -0.9449999 2E2E2E 0.45
1.89 3.3075 0.9449999 2E2E2E 0.45
1.89 5.1975 0.4725 000000 0.45
-0.4725 3.3075 0.4725 212121 0.45
1.89 5.1975 0 000000 0.45
-0.4725 3.3075 0 212121 0.45
1.89 5.1975 -0.4725 000000 0.45
-0.4725 3.3075 -0.4725 212121 0.45
1.89 3.3075 -0.9449999 2E2E2E 0.45
1.89 3.78 0.9449999 2E2E2E 0.45
-0.4725 3.78 0.4725 212121 0.45
-0.4725 3.78 0 212121 0.45
-0.4725 3.78 -0.4725 212121 0.45
1.89 3.78 -0.9449999 2E2E2E 0.45
1.89 4.2525 0.9449999 2E2E2E 0.45
-0.4725 4.2525 0.4725 212121 0.45
-0.4725 4.2525 0 212121 0.45
-0.4725 4.2525 -0.4725 212121 0.45
1.89 4.2525 -0.9449999 2E2E2E 0.45
1.89 4.725 0.9449999 2E2E2E 0.45
-0.4725 4.725 0.4725 212121 0.45
-0.4725 4.725 0 212121 0.45
-0.4725 4.725 -0.4725 212121 0.45
1.89 4.725 -0.9449999 2E2E2E 0.45
1.89 6.142499 1.4175 A0A0A0 0.45
1.89 6.142499 0.9449999 A0A0A0 0.45
1.89 6.142499 0.4725 A0A0A0 0.45
-0.4725 5.1975 0.4725 212121 0.45
1.89 6.142499 0 A0A0A0 0.45
-0.4725 5.1975 0 212121 0.45
1.89 6.142499 -0.4725 A0A0A0 0.45
-0.4725 5.1975 -0.4725 212121 0.45
1.89 6.142499 -0.9449999 A0A0A0 0.45
1.89 6.142499 -1.4175 A0A0A0 0.45
1.89 5.67 1.4175 2D2C2D 0.45
1.89 5.67 0.4725 212121 0.45
1.89 5.67 0 212121 0.45
1.89 5.67 -0.4725 212121 0.45
1.89 5.67 -1.4175 2D2C2D 0.45
1.89 11.34 1.4175 CE9073 0.45
1.89 11.34 0.9449999 CE9073 0.45
1.89 11.34 0.4725 CE9073 0.45
1.89 11.34 0 CE9073 0.45
1.89 11.34 -0.4725 CE9073 0.45
1.89 11.34 -0.9449999 CE9073 0.45
1.89 11.34 -1.4175 A57563 0.45
1.89 6.615 1.4175 F1F1F1 0.45
1.89 6.615 -1.4175 F3F3F3 0.45
1.89 7.0875 1.4175 F1F1F1 0.45
1.89 7.0875 -1.4175 F3F3F3 0.45
1.89 7.559999 1.4175 F1F1F1 0.45
1.89 7.559999 -1.4175 F3F3F3 0.45
1.89 8.0325 1.4175 F1F1F1 0.45
1.89 8.0325 -1.4175 F3F3F3 0.45
1.89 8.504999 1.4175 F1F1F1 0.45
1.89 8.504999 -1.4175 F3F3F3 0.45
1.89 8.9775 1.4175 F1F1F1 0.45
1.89 8.9775 -1.4175 F3F3F3 0.45
1.89 9.45 1.4175 F1F1F1 0.45
1.89 9.45 -1.4175 F3F3F3 0.45
1.89 9.9225 1.4175 F1F1F1 0.45
1.89 9.9225 -1.4175 F3F3F3 0.45
1.89 10.395 1.4175 F1F1F1 0.45
1.89 10.395 -1.4175 F3F3F3 0.45
1.89 10.8675 1.4175 F1F1F1 0.45
1.89 10.8675 -1.4175 F3F3F3 0.45
1.4175 11.34 1.89 CE9273 0.45
1.4175 5.1975 1.4175 000000 0.45
1.4175 5.1975 0.9449999 000000 0.45
1.4175 0 0.4725 000000 0.45
1.4175 0 0 000000 0.45
1.4175 0 -0.4725 000000 0.45
1.4175 0 -0.9449999 000000 0.45
1.4175 5.1975 -1.4175 000000 0.45
1.4175 11.34 -1.89 A27660 0.45
-0.4725 0 0.4725 080908 0.45
-0.4725 0 0 080908 0.45
-0.4725 0 -0.4725 080908 0.45
-0.4725 0 -0.9449999 080908 0.45
1.4175 0 -1.4175 0B0C0B 0.45
1.4175 0.4725 0.4725 363636 0.45
1.4175 0.9449999 0.4725 2E2E2E 0.45
-0.4725 0.4725 0.4725 2C2C2C 0.45
1.4175 0.9449999 0 2E2E2E 0.45
-0.4725 0.4725 0 2C2C2C 0.45
1.4175 0.9449999 -0.4725 2E2E2E 0.45
-0.4725 0.4725 -0.4725 2C2C2C 0.45
1.4175 5.1975 -0.9449999 000000 0.45
-0.4725 0.4725 -0.9449999 2C2C2C 0.45
1.4175 0.4725 -1.4175 363636 0.45
1.4175 0.9449999 0.9449999 2E2E2E 0.45
1.4175 2.835 0.4725 212121 0.45
-0.4725 0.9449999 0.4725 212121 0.45
1.4175 2.835 0 212121 0.45
-0.4725 0.9449999 0 212121 0.45
1.4175 2.835 -0.4725 212121 0.45
-0.4725 0.9449999 -0.4725 212121 0.45
1.4175 0.9449999 -0.9449999 424142 0.45
1.4175 1.4175 0.9449999 2E2E2E 0.45
1.4175 1.4175 -0.9449999 2E2E2E 0.45
1.4175 1.89 0.9449999 2E2E2E 0.45
1.4175 1.89 -0.9449999 2E2E2E 0.45
1.4175 2.3625 0.9449999 2E2E2E 0.45
1.4175 2.3625 -0.9449999 2E2E2E 0.45
1.4175 2.835 0.9449999 2E2E2E 0.45
1.4175 2.835 -0.9449999 2E2E2E 0.45
1.4175 3.3075 0.9449999 2E2E2E 0.45
1.4175 5.1975 0.4725 000000 0.45
1.4175 5.1975 0 000000 0.45
1.4175 5.1975 -0.4725 000000 0.45
1.4175 3.3075 -0.9449999 2E2E2E 0.45
1.4175 3.78 0.9449999 2E2E2E 0.45
1.4175 3.3075 0.4725 212021 0.45
1.4175 3.3075 0 212121 0.45
1.4175 3.3075 -0.4725 212021 0.45
1.4175 3.78 -0.9449999 2E2E2E 0.45
1.4175 4.2525 0.9449999 2E2E2E 0.45
1.4175 4.2525 -0.9449999 2E2E2E 0.45
1.4175 4.725 0.9449999 2E2E2E 0.45
1.4175 4.725 -0.9449999 2E2E2E 0.45
1.4175 6.142499 1.4175 A0A0A0 0.45
1.4175 6.142499 0.9449999 A0A0A0 0.45
1.4175 6.142499 0.4725 A0A0A0 0.45
1.4175 6.142499 0 A0A0A0 0.45
1.4175 6.142499 -0.4725 A0A0A0 0.45
1.4175 6.142499 -0.9449999 A0A0A0 0.45
1.4175 6.142499 -1.4175 A0A0A0 0.45
1.4175 5.67 1.4175 2D2C2D 0.45
1.4175 5.67 0.4725 212121 0.45
1.4175 5.67 0 212121 0.45
1.4175 5.67 -0.4725 212121 0.45
1.4175 5.67 -1.4175 2D2C2D 0.45
1.4175 11.34 1.4175 CE9073 0.45
1.4175 11.34 0.9449999 CE9073 0.45
1.4175 11.34 0.4725 CE9073 0.45
1.4175 11.34 0 CE9073 0.45
1.4175 11.34 -0.4725 CE9073 0.45
1.4175 11.34 -0.9449999 CE9073 0.45
1.4175 11.34 -1.4175 A57563 0.45
1.4175 6.615 1.4175 F1F1F1 0.45
1.4175 6.615 -1.4175 F3F3F3 0.45
1.4175 7.0875 1.4175 F1F1F1 0.45
1.4175 7.0875 -1.4175 F3F3F3 0.45
1.4175 7.559999 1.4175 F1F1F1 0.45
1.4175 7.559999 -1.4175 F3F3F3 0.45
1.4175 8.0325 1.4175 F1F1F1 0.45
1.4175 8.0325 -1.4175 F3F3F3 0.45
1.4175 8.504999 1.4175 F1F1F1 0.45
1.4175 8.504999 -1.4175 F3F3F3 0.45
1.4175 8.9775 1.4175 F1F1F1 0.45
1.4175 8.9775 -1.4175 F3F3F3 0.45
1.4175 9.45 1.4175 F1F1F1 0.45
1.4175 9.45 -1.4175 F3F3F3 0.45
1.4175 9.9225 1.4175 F1F1F1 0.45
1.4175 9.9225 -1.4175 F3F3F3 0.45
1.4175 10.395 1.4175 F1F1F1 0.45
1.4175 10.395 -1.4175 F3F3F3 0.45
1.4175 10.8675 1.4175 F1F1F1 0.45
1.4175 10.8675 -1.4175 E4A8AA 0.45
1.4175 11.8125 1.89 ECAF97 0.45
1.4175 11.8125 1.4175 FFFFFF 0.45
1.4175 11.8125 0.9449999 FFFFFF 0.45
1.4175 11.8125 0.4725 CD0000 0.45
1.4175 11.8125 0 CD0000 0.45
1.4175 11.8125 -0.4725 CD0000 0.45
1.4175 11.8125 -0.9449999 CD0000 0.45
1.4175 11.8125 -1.4175 CD0000 0.45
1.4175 11.8125 -1.89 C69E84 0.45
1.4175 12.285 1.89 EFAE94 0.45
1.4175 12.285 -1.89 C39E86 0.45
1.4175 12.7575 1.89 310A00 0.45
1.4175 12.7575 -1.89 C39E86 0.45
1.4175 13.23 1.89 310A00 0.45
1.4175 13.23 -1.89 FFCCAD 0.45
1.4175 13.7025 1.89 310A00 0.45
1.4175 13.7025 -1.89 FFCCAD 0.45
1.4175 14.175 1.89 310A00 0.45
1.4175 14.175 -1.89 310800 0.45
1.4175 14.6475 1.89 310A00 0.45
1.4175 14.6475 -1.89 FFCCAD 0.45
1.4175 15.12 1.89 310A00 0.45
1.4175 15.12 -1.89 310800 0.45
1.4175 15.5925 1.89 310A00 0.45
1.4175 15.5925 -1.89 310A00 0.45
1.4175 15.5925 1.4175 3C1408 0.45
1.4175 15.5925 0.9449999 3C1408 0.45
1.4175 15.5925 0.4725 3C1408 0.45
1.4175 15.5925 0 3C1408 0.45
1.4175 15.5925 -0.4725 3C1408 0.45
1.4175 15.5925 -0.9449999 3C1408 0.45
1.4175 15.5925 -1.4175 3C1408 0.45
0.9449999 11.34 1.89 CE9273 0.45
0.9449999 5.1975 1.4175 000000 0.45
0.9449999 5.1975 0.9449999 000000 0.45
0.9449999 0 0.4725 000000 0.45
0.9449999 0 0 000000 0.45
0.9449999 0 -0.4725 000000 0.45
0.9449999 0 -0.9449999 000000 0.45
0.9449999 5.1975 -1.4175 000000 0.45
0.9449999 11.34 -1.89 A27660 0.45
0.9449999 0 -1.4175 0B0C0B 0.45
0.9449999 0.4725 0.4725 363636 0.45
0.9449999 0.9449999 0.4725 2E2E2E 0.45
0.9449999 0.9449999 0 2E2E2E 0.45
0.9449999 0.9449999 -0.4725 2E2E2E 0.45
0.9449999 5.1975 -0.9449999 000000 0.45
0.9449999 0.4725 -1.4175 363636 0.45
0.9449999 0.9449999 0.9449999 2E2E2E 0.45
0.9449999 2.835 0.4725 212121 0.45
0.9449999 2.835 0 212121 0.45
0.9449999 2.835 -0.4725 212121 0.45
0.9449999 0.9449999 -0.9449999 424142 0.45
0.9449999 1.4175 0.9449999 2E2E2E 0.45
0.9449999 1.4175 -0.9449999 2E2E2E 0.45
0.9449999 1.89 0.9449999 2E2E2E 0.45
0.9449999 1.89 -0.9449999 2E2E2E 0.45
0.9449999 2.3625 0.9449999 2E2E2E 0.45
0.9449999 2.3625 -0.9449999 2E2E2E 0.45
0.9449999 2.835 0.9449999 2E2E2E 0.45
0.9449999 2.835 -0.9449999 2E2E2E 0.45
0.9449999 3.3075 0.9449999 2E2E2E 0.45
0.9449999 5.1975 0.4725 000000 0.45
0.9449999 5.1975 0 000000 0.45
0.9449999 5.1975 -0.4725 000000 0.45
0.9449999 3.3075 -0.9449999 2E2E2E 0.45
0.9449999 3.78 0.9449999 2E2E2E 0.45
0.9449999 3.3075 0.4725 212021 0.45
0.9449999 3.3075 0 212121 0.45
0.9449999 3.3075 -0.4725 212021 0.45
0.9449999 3.78 -0.9449999 2E2E2E 0.45
0.9449999 4.2525 0.9449999 2E2E2E 0.45
0.9449999 4.2525 -0.9449999 2E2E2E 0.45
0.9449999 4.725 0.9449999 2E2E2E 0.45
0.9449999 4.725 -0.9449999 2E2E2E 0.45
0.9449999 6.142499 1.4175 A0A0A0 0.45
0.9449999 6.142499 0.9449999 A0A0A0 0.45
0.9449999 6.142499 0.4725 A0A0A0 0.45
0.9449999 6.142499 0 A0A0A0 0.45
0.9449999 6.142499 -0.4725 A0A0A0 0.45
0.9449999 6.142499 -0.9449999 A0A0A0 0.45
0.9449999 6.142499 -1.4175 A0A0A0 0.45
0.9449999 5.67 1.4175 2D2C2D 0.45
0.9449999 5.67 0.4725 212121 0.45
0.9449999 5.67 0 212121 0.45
0.9449999 5.67 -0.4725 212121 0.45
0.9449999 5.67 -1.4175 2D2C2D 0.45
0.9449999 11.34 1.4175 CE9073 0.45
0.9449999 11.34 0.9449999 CE9073 0.45
0.9449999 11.34 0.4725 CE9073 0.45
0.9449999 11.34 0 CE9073 0.45
0.9449999 11.34 -0.4725 CE9073 0.45
0.9449999 11.34 -0.9449999 CE9073 0.45
0.9449999 11.34 -1.4175 A57563 0.45
0.9449999 6.615 1.4175 F1F1F1 0.45
0.9449999 6.615 -1.4175 F3F3F3 0.45
0.9449999 7.0875 1.4175 F1F1F1 0.45
0.9449999 7.0875 -1.4175 4A454A 0.45
0.9449999 7.559999 1.4175 F1F1F1 0.45
0.9449999 7.559999 -1.4175 F3F3F3 0.45
0.9449999 8.0325 1.4175 F1F1F1 0.45
0.9449999 8.0325 -1.4175 F3F3F3 0.45
0.9449999 8.504999 1.4175 F1F1F1 0.45
0.9449999 8.504999 -1.4175 4A454A 0.45
0.9449999 8.9775 1.4175 F1F1F1 0.45
0.9449999 8.9775 -1.4175 F3F3F3 0.45
0.9449999 9.45 1.4175 F1F1F1 0.45
0.9449999 9.45 -1.4175 F3F3F3 0.45
0.9449999 9.9225 1.4175 F1F1F1 0.45
0.9449999 9.9225 -1.4175 4A454A 0.45
0.9449999 10.395 1.4175 F1F1F1 0.45
0.9449999 10.395 -1.4175 F3F3F3 0.45
0.9449999 10.8675 1.4175 F1F1F1 0.45
0.9449999 10.8675 -1.4175 CECFCE 0.45
0.9449999 11.8125 1.89 ECAF97 0.45
0.9449999 11.8125 1.4175 FFFFFF 0.45
0.9449999 11.8125 0.9449999 FFFFFF 0.45
0.9449999 11.8125 0.4725 CD0000 0.45
0.9449999 11.8125 0 CD0000 0.45
0.9449999 11.8125 -0.4725 CD0000 0.45
0.9449999 11.8125 -0.9449999 CD0000 0.45
0.9449999 11.8125 -1.4175 CD0000 0.45
0.9449999 11.8125 -1.89 C69E84 0.45
0.9449999 12.285 1.89 EFAE94 0.45
0.9449999 12.285 -1.89 C39E86 0.45
0.9449999 12.7575 1.89 310A00 0.45
0.9449999 12.7575 -1.89 C39E86 0.45
0.9449999 13.23 1.89 310A00 0.45
0.9449999 13.23 -1.89 FFCBAD 0.45
0.9449999 13.7025 1.89 310A00 0.45
0.9449999 13.7025 -1.89 3C0E26 0.45
0.9449999 14.175 1.89 310A00 0.45
0.9449999 14.175 -1.89 310800 0.45
0.9449999 14.6475 1.89 310A00 0.45
0.9449999 14.6475 -1.89 FFCCAD 0.45
0.9449999 15.12 1.89 310A00 0.45
0.9449999 15.12 -1.89 310800 0.45
0.9449999 15.5925 1.89 310A00 0.45
0.9449999 15.5925 -1.89 310A00 0.45
0.9449999 15.5925 1.4175 3C1408 0.45
0.9449999 15.5925 0.9449999 3C1408 0.45
0.9449999 15.5925 0.4725 3C1408 0.45
0.9449999 15.5925 0 3C1408 0.45
0.9449999 15.5925 -0.4725 3C1408 0.45
0.9449999 15.5925 -0.9449999 3C1408 0.45
0.9449999 15.5925 -1.4175 3C1408 0.45
0.4725 11.34 1.89 CE9273 0.45
0.4725 5.1975 1.4175 000000 0.45
0.4725 5.1975 0.9449999 000000 0.45
0.4725 5.1975 0.4725 000000 0.45
0.4725 5.1975 0 000000 0.45
0.4725 5.1975 -0.4725 000000 0.45
0.4725 5.1975 -0.9449999 000000 0.45
0.4725 5.1975 -1.4175 000000 0.45
0.4725 11.34 -1.89 A27660 0.45
0.4725 0 0.4725 080908 0.45
0.4725 0 0 080908 0.45
0.4725 0 -0.4725 080908 0.45
0.4725 0 -0.9449999 080908 0.45
0.4725 0.4725 0.4725 2C2C2C 0.45
0.4725 0.4725 0 2C2C2C 0.45
0.4725 0.4725 -0.4725 2C2C2C 0.45
0.4725 0.4725 -0.9449999 2C2C2C 0.45
0.4725 0.9449999 0.4725 212121 0.45
0.4725 0.9449999 0 212121 0.45
0.4725 0.9449999 -0.4725 212121 0.45
0.4725 1.4175 0.4725 212121 0.45
0.4725 1.4175 0 212121 0.45
0.4725 1.4175 -0.4725 212121 0.45
0.4725 1.89 0.4725 212121 0.45
0.4725 1.89 0 212121 0.45
0.4725 1.89 -0.4725 212121 0.45
0.4725 2.3625 0.4725 212121 0.45
0.4725 2.3625 0 212121 0.45
0.4725 2.3625 -0.4725 212121 0.45
0.4725 2.835 0.4725 212121 0.45
0.4725 2.835 0 212121 0.45
0.4725 2.835 -0.4725 212121 0.45
0.4725 3.3075 0.4725 212121 0.45
0.4725 3.3075 0 212121 0.45
0.4725 3.3075 -0.4725 212121 0.45
0.4725 3.78 0.4725 212121 0.45
0.4725 3.78 0 212121 0.45
0.4725 3.78 -0.4725 212121 0.45
0.4725 4.2525 0.4725 212121 0.45
0.4725 4.2525 0 212121 0.45
0.4725 4.2525 -0.4725 212121 0.45
0.4725 4.725 0.4725 212121 0.45
0.4725 4.725 0 212121 0.45
0.4725 4.725 -0.4725 212121 0.45
0.4725 6.142499 1.4175 A0A0A0 0.45
0.4725 6.142499 0.9449999 A0A0A0 0.45
0.4725 6.142499 0.4725 A0A0A0 0.45
0.4725 6.142499 0 A0A0A0 0.45
0.4725 6.142499 -0.4725 A0A0A0 0.45
0.4725 6.142499 -0.9449999 A0A0A0 0.45
0.4725 6.142499 -1.4175 A0A0A0 0.45
0.4725 5.67 1.4175 2D2C2D 0.45
0.4725 5.67 -1.4175 2D2C2D 0.45
0.4725 11.34 1.4175 CE9073 0.45
0.4725 11.34 0.9449999 CE9073 0.45
0.4725 11.34 0.4725 CE9073 0.45
0.4725 11.34 0 CE9073 0.45
0.4725 11.34 -0.4725 CE9073 0.45
0.4725 11.34 -0.9449999 CE9073 0.45
0.4725 11.34 -1.4175 A57563 0.45
0.4725 6.615 1.4175 F1F1F1 0.45
0.4725 6.615 -1.4175 F3F3F3 0.45
0.4725 7.0875 1.4175 F1F1F1 0.45
0.4725 7.0875 -1.4175 F3F3F3 0.45
0.4725 7.559999 1.4175 F1F1F1 0.45
0.4725 7.559999 -1.4175 F3F3F3 0.45
0.4725 8.0325 1.4175 F1F1F1 0.45
0.4725 8.0325 -1.4175 F3F3F3 0.45
0.4725 8.504999 1.4175 F1F1F1 0.45
0.4725 8.504999 -1.4175 F3F3F3 0.45
0.4725 8.9775 1.4175 F1F1F1 0.45
0.4725 8.9775 -1.4175 F3F3F3 0.45
0.4725 9.45 1.4175 F1F1F1 0.45
0.4725 9.45 -1.4175 F3F3F3 0.45
0.4725 9.9225 1.4175 F1F1F1 0.45
0.4725 9.9225 -1.4175 F3F3F3 0.45
0.4725 10.395 1.4175 F1F1F1 0.45
0.4725 10.395 -1.4175 F3F3F3 0.45
0.4725 10.8675 1.4175 F1F1F1 0.45
0.4725 10.8675 -1.4175 CECFCE 0.45
0.4725 11.8125 1.89 ECAF97 0.45
0.4725 11.8125 1.4175 FFFFFF 0.45
0.4725 11.8125 0.9449999 FFFFFF 0.45
0.4725 11.8125 0.4725 CD0000 0.45
0.4725 11.8125 0 CD0000 0.45
0.4725 11.8125 -0.4725 CD0000 0.45
0.4725 11.8125 -0.9449999 CD0000 0.45
0.4725 11.8125 -1.4175 CD0000 0.45
0.4725 11.8125 -1.89 C69E84 0.45
0.4725 12.285 1.89 EFAE94 0.45
0.4725 12.285 -1.89 C69E84 0.45
0.4725 12.7575 1.89 310A00 0.45
0.4725 12.7575 -1.89 C39E86 0.45
0.4725 13.23 1.89 310A00 0.45
0.4725 13.23 -1.89 FFCCAD 0.45
0.4725 13.7025 1.89 310A00 0.45
0.4725 13.7025 -1.89 FFCCAD 0.45
0.4725 14.175 1.89 310A00 0.45
0.4725 14.175 -1.89 FFCCAD 0.45
0.4725 14.6475 1.89 310A00 0.45
0.4725 14.6475 -1.89 FFCCAD 0.45
0.4725 15.12 1.89 310A00 0.45
0.4725 15.12 -1.89 310800 0.45
0.4725 15.5925 1.89 310A00 0.45
0.4725 15.5925 -1.89 310A00 0.45
0.4725 15.5925 1.4175 3C1408 0.45
0.4725 15.5925 0.9449999 3C1408 0.45
0.4725 15.5925 0.4725 3C1408 0.45
0.4725 15.5925 0 3C1408 0.45
0.4725 15.5925 -0.4725 3C1408 0.45
0.4725 15.5925 -0.9449999 3C1408 0.45
0.4725 15.5925 -1.4175 3C1408 0.45
0 11.34 1.89 CE9273 0.45
0 5.1975 1.4175 000000 0.45
0 5.1975 0.9449999 000000 0.45
0 5.1975 0.4725 000000 0.45
0 5.1975 0 000000 0.45
0 5.1975 -0.4725 000000 0.45
0 5.1975 -0.9449999 000000 0.45
0 5.1975 -1.4175 000000 0.45
0 11.34 -1.89 A27660 0.45
0 6.142499 1.4175 A0A0A0 0.45
0 6.142499 0.9449999 A0A0A0 0.45
0 6.142499 0.4725 A0A0A0 0.45
0 6.142499 0 A0A0A0 0.45
0 6.142499 -0.4725 A0A0A0 0.45
0 6.142499 -0.9449999 A0A0A0 0.45
0 6.142499 -1.4175 A0A0A0 0.45
0 5.67 1.4175 2D2C2D 0.45
0 5.67 -1.4175 2D2C2D 0.45
0 11.34 1.4175 CE9073 0.45
0 11.34 0.9449999 CE9073 0.45
0 11.34 0.4725 CE9073 0.45
0 11.34 0 CE9073 0.45
0 11.34 -0.4725 CE9073 0.45
0 11.34 -0.9449999 CE9073 0.45
0 11.34 -1.4175 A57563 0.45
0 6.615 1.4175 F1F1F1 0.45
0 6.615 -1.4175 F3F3F3 0.45
0 7.0875 1.4175 F1F1F1 0.45
0 7.0875 -1.4175 F3F3F3 0.45
0 7.559999 1.4175 F1F1F1 0.45
0 7.559999 -1.4175 F3F3F3 0.45
0 8.0325 1.4175 F1F1F1 0.45
0 8.0325 -1.4175 F3F3F3 0.45
0 8.504999 1.4175 F1F1F1 0.45
0 8.504999 -1.4175 F3F3F3 0.45
0 8.9775 1.4175 F1F1F1 0.45
0 8.9775 -1.4175 F3F3F3 0.45
0 9.45 1.4175 F1F1F1 0.45
0 9.45 -1.4175 F3F3F3 0.45
0 9.9225 1.4175 F1F1F1 0.45
0 9.9225 -1.4175 F3F3F3 0.45
0 10.395 1.4175 F1F1F1 0.45
0 10.395 -1.4175 F3F3F3 0.45
0 10.8675 1.4175 F1F1F1 0.45
0 10.8675 -1.4175 CECFCE 0.45
0 11.8125 1.89 ECAF97 0.45
0 11.8125 1.4175 FFFFFF 0.45
0 11.8125 0.9449999 FFFFFF 0.45
0 11.8125 0.4725 CD0000 0.45
0 11.8125 0 CD0000 0.45
0 11.8125 -0.4725 CD0000 0.45
0 11.8125 -0.9449999 CD0000 0.45
0 11.8125 -1.4175 CD0000 0.45
0 11.8125 -1.89 C69E84 0.45
0 12.285 1.89 EFAE94 0.45
0 12.285 -1.89 C69E84 0.45
0 12.7575 1.89 310A00 0.45
0 12.7575 -1.89 C39E86 0.45
0 13.23 1.89 310A00 0.45
0 13.23 -1.89 FFCCAD 0.45
0 13.7025 1.89 310A00 0.45
0 13.7025 -1.89 FFCCAD 0.45
0 14.175 1.89 310A00 0.45
0 14.175 -1.89 FFCCAD 0.45
0 14.6475 1.89 310A00 0.45
0 14.6475 -1.89 FFCCAD 0.45
0 15.12 1.89 310A00 0.45
0 15.12 -1.89 310800 0.45
0 15.5925 1.89 310A00 0.45
0 15.5925 -1.89 310A00 0.45
0 15.5925 1.4175 3C1408 0.45
0 15.5925 0.9449999 3C1408 0.45
0 15.5925 0.4725 3C1408 0.45
0 15.5925 0 3C1408 0.45
0 15.5925 -0.4725 3C1408 0.45
0 15.5925 -0.9449999 3C1408 0.45
0 15.5925 -1.4175 3C1408 0.45
-0.4725 11.34 1.89 CE9273 0.45
-0.4725 5.1975 1.4175 000000 0.45
-0.4725 5.1975 0.9449999 000000 0.45
-0.4725 5.1975 -0.9449999 000000 0.45
-0.4725 5.1975 -1.4175 000000 0.45
-0.4725 11.34 -1.89 A27660 0.45
-0.4725 3.3075 0.9449999 212021 0.45
-0.4725 3.78 0.9449999 212021 0.45
-0.4725 4.2525 0.9449999 212021 0.45
-0.4725 4.725 0.9449999 212021 0.45
-0.4725 6.142499 1.4175 A0A0A0 0.45
-0.4725 6.142499 0.9449999 A0A0A0 0.45
-0.4725 6.142499 0.4725 A0A0A0 0.45
-0.4725 6.142499 0 A0A0A0 0.45
-0.4725 6.142499 -0.4725 A0A0A0 0.45
-0.4725 6.142499 -0.9449999 A0A0A0 0.45
-0.4725 6.142499 -1.4175 A0A0A0 0.45
-0.4725 5.67 1.4175 2D2C2D 0.45
-0.4725 5.67 -1.4175 2D2C2D 0.45
-0.4725 11.34 1.4175 CE9073 0.45
-0.4725 11.34 0.9449999 CE9073 0.45
-0.4725 11.34 0.4725 CE9073 0.45
-0.4725 11.34 0 CE9073 0.45
-0.4725 11.34 -0.4725 CE9073 0.45
-0.4725 11.34 -0.9449999 CE9073 0.45
-0.4725 11.34 -1.4175 A57563 0.45
-0.4725 6.615 1.4175 F1F1F1 0.45
-0.4725 6.615 -1.4175 F3F3F3 0.45
-0.4725 7.0875 1.4175 F1F1F1 0.45
-0.4725 7.0875 -1.4175 4A454A 0.45
-0.4725 7.559999 1.4175 F1F1F1 0.45
-0.4725 7.559999 -1.4175 F3F3F3 0.45
-0.4725 8.0325 1.4175 F1F1F1 0.45
-0.4725 8.0325 -1.4175 F3F3F3 0.45
-0.4725 8.504999 1.4175 F1F1F1 0.45
-0.4725 8.504999 -1.4175 4A454A 0.45
-0.4725 8.9775 1.4175 F1F1F1 0.45
-0.4725 8.9775 -1.4175 F3F3F3 0.45
-0.4725 9.45 1.4175 F1F1F1 0.45
-0.4725 9.45 -1.4175 F3F3F3 0.45
-0.4725 9.9225 1.4175 F1F1F1 0.45
-0.4725 9.9225 -1.4175 4A454A 0.45
-0.4725 10.395 1.4175 F1F1F1 0.45
-0.4725 10.395 -1.4175 F3F3F3 0.45
-0.4725 10.8675 1.4175 F1F1F1 0.45
-0.4725 10.8675 -1.4175 CECFCE 0.45
-0.4725 11.8125 1.89 ECAF97 0.45
-0.4725 11.8125 1.4175 FFFFFF 0.45
-0.4725 11.8125 0.9449999 FFFFFF 0.45
-0.4725 11.8125 0.4725 CD0000 0.45
-0.4725 11.8125 0 CD0000 0.45
-0.4725 11.8125 -0.4725 CD0000 0.45
-0.4725 11.8125 -0.9449999 CD0000 0.45
-0.4725 11.8125 -1.4175 CD0000 0.45
-0.4725 11.8125 -1.89 C69E84 0.45
-0.4725 12.285 1.89 EFAE94 0.45
-0.4725 12.285 -1.89 C69E84 0.45
-0.4725 12.7575 1.89 310A00 0.45
-0.4725 12.7575 -1.89 C39E86 0.45
-0.4725 13.23 1.89 310A00 0.45
-0.4725 13.23 -1.89 FFCCAD 0.45
-0.4725 13.7025 1.89 310A00 0.45
-0.4725 13.7025 -1.89 FFCCAD 0.45
-0.4725 14.175 1.89 310A00 0.45
-0.4725 14.175 -1.89 FFCCAD 0.45
-0.4725 14.6475 1.89 310A00 0.45
-0.4725 14.6475 -1.89 FFCCAD 0.45
-0.4725 15.12 1.89 310A00 0.45
-0.4725 15.12 -1.89 310800 0.45
-0.4725 15.5925 1.89 310A00 0.45
-0.4725 15.5925 -1.89 310A00 0.45
-0.4725 15.5925 1.4175 3C1408 0.45
-0.4725 15.5925 0.9449999 3C1408 0.45
-0.4725 15.5925 0.4725 3C1408 0.45
-0.4725 15.5925 0 3C1408 0.45
-0.4725 15.5925 -0.4725 3C1408 0.45
-0.4725 15.5925 -0.9449999 3C1408 0.45
-0.4725 15.5925 -1.4175 3C1408 0.45
-0.9449999 11.34 1.89 CE9273 0.45
-0.9449999 5.1975 1.4175 000000 0.45
-0.9449999 5.1975 0.9449999 000000 0.45
-0.9449999 0 0.4725 000000 0.45
-0.9449999 0 0 000000 0.45
-0.9449999 0 -0.4725 000000 0.45
-0.9449999 0 -0.9449999 000000 0.45
-0.9449999 5.1975 -1.4175 000000 0.45
-0.9449999 11.34 -1.89 A27660 0.45
-0.9449999 0.9449999 0.4725 2E2E2E 0.45
-0.9449999 0.9449999 0 2E2E2E 0.45
-0.9449999 0.9449999 -0.4725 2E2E2E 0.45
-0.9449999 5.1975 -0.9449999 000000 0.45
-0.9449999 0 -1.4175 000000 0.45
-0.9449999 0.4725 0.4725 363636 0.45
-0.9449999 0.4725 -1.4175 363636 0.45
-0.9449999 0.9449999 0.9449999 2E2E2E 0.45
-0.9449999 2.835 0.4725 212121 0.45
-0.9449999 2.835 0 212121 0.45
-0.9449999 2.835 -0.4725 212121 0.45
-0.9449999 0.9449999 -0.9449999 424142 0.45
-0.9449999 1.4175 0.9449999 2E2E2E 0.45
-0.9449999 1.4175 -0.9449999 2E2E2E 0.45
-0.9449999 1.89 0.9449999 2E2E2E 0.45
-0.9449999 1.89 -0.9449999 2E2E2E 0.45
-0.9449999 2.3625 0.9449999 2E2E2E 0.45
-0.9449999 2.3625 -0.9449999 2E2E2E 0.45
-0.9449999 2.835 0.9449999 2E2E2E 0.45
-0.9449999 2.835 -0.9449999 2E2E2E 0.45
-0.9449999 3.3075 0.9449999 2E2E2E 0.45
-0.9449999 5.1975 0.4725 000000 0.45
-0.9449999 5.1975 0 000000 0.45
-0.9449999 5.1975 -0.4725 000000 0.45
-0.9449999 3.3075 -0.9449999 2E2E2E 0.45
-0.9449999 3.78 0.9449999 2E2E2E 0.45
-0.9449999 3.3075 0.4725 212121 0.45
-0.9449999 3.3075 0 212121 0.45
-0.9449999 3.3075 -0.4725 212021 0.45
-0.9449999 3.78 -0.9449999 2E2E2E 0.45
-0.9449999 4.2525 0.9449999 2E2E2E 0.45
-0.9449999 4.2525 -0.9449999 2E2E2E 0.45
-0.9449999 4.725 0.9449999 2E2E2E 0.45
-0.9449999 4.725 -0.9449999 2E2E2E 0.45
-0.9449999 6.142499 1.4175 A0A0A0 0.45
-0.9449999 6.142499 0.9449999 A0A0A0 0.45
-0.9449999 6.142499 0.4725 A0A0A0 0.45
-0.9449999 6.142499 0 A0A0A0 0.45
-0.9449999 6.142499 -0.4725 A0A0A0 0.45
-0.9449999 6.142499 -0.9449999 A0A0A0 0.45
-0.9449999 6.142499 -1.4175 A0A0A0 0.45
-0.9449999 5.67 1.4175 2D2C2D 0.45
-0.9449999 5.67 0.4725 212121 0.45
-0.9449999 5.67 0 212121 0.45
-0.9449999 5.67 -0.4725 212121 0.45
-0.9449999 5.67 -1.4175 2D2C2D 0.45
-0.9449999 11.34 1.4175 CE9073 0.45
-0.9449999 11.34 0.9449999 CE9073 0.45
-0.9449999 11.34 0.4725 CE9073 0.45
-0.9449999 11.34 0 CE9073 0.45
-0.9449999 11.34 -0.4725 CE9073 0.45
-0.9449999 11.34 -0.9449999 CE9073 0.45
-0.9449999 11.34 -1.4175 A57563 0.45
-0.9449999 6.615 1.4175 F1F1F1 0.45
-0.9449999 6.615 -1.4175 F3F3F3 0.45
-0.9449999 7.0875 1.4175 F1F1F1 0.45
-0.9449999 7.0875 -1.4175 F3F3F3 0.45
-0.9449999 7.559999 1.4175 F1F1F1 0.45
-0.9449999 7.559999 -1.4175 F3F3F3 0.45
-0.9449999 8.0325 1.4175 F1F1F1 0.45
-0.9449999 8.0325 -1.4175 F3F3F3 0.45
-0.9449999 8.504999 1.4175 F1F1F1 0.45
-0.9449999 8.504999 -1.4175 F3F3F3 0.45
-0.9449999 8.9775 1.4175 F1F1F1 0.45
-0.9449999 8.9775 -1.4175 F3F3F3 0.45
-0.9449999 9.45 1.4175 F1F1F1 0.45
-0.9449999 9.45 -1.4175 F3F3F3 0.45
-0.9449999 9.9225 1.4175 F1F1F1 0.45
-0.9449999 9.9225 -1.4175 F3F3F3 0.45
-0.9449999 10.395 1.4175 F1F1F1 0.45
-0.9449999 10.395 -1.4175 F3F3F3 0.45
-0.9449999 10.8675 1.4175 F1F1F1 0.45
-0.9449999 10.8675 -1.4175 CECFCE 0.45
-0.9449999 11.8125 1.89 ECAF97 0.45
-0.9449999 11.8125 1.4175 FFFFFF 0.45
-0.9449999 11.8125 0.9449999 FFFFFF 0.45
-0.9449999 11.8125 0.4725 CD0000 0.45
-0.9449999 11.8125 0 CD0000 0.45
-0.9449999 11.8125 -0.4725 CD0000 0.45
-0.9449999 11.8125 -0.9449999 CD0000 0.45
-0.9449999 11.8125 -1.4175 CD0000 0.45
-0.9449999 11.8125 -1.89 C69E84 0.45
-0.9449999 12.285 1.89 EFAE94 0.45
-0.9449999 12.285 -1.89 C39E86 0.45
-0.9449999 12.7575 1.89 310A00 0.45
-0.9449999 12.7575 -1.89 C39E86 0.45
-0.9449999 13.23 1.89 310A00 0.45
-0.9449999 13.23 -1.89 FFCBAD 0.45
-0.9449999 13.7025 1.89 310A00 0.45
-0.9449999 13.7025 -1.89 3C0E26 0.45
-0.9449999 14.175 1.89 310A00 0.45
-0.9449999 14.175 -1.89 310800 0.45
-0.9449999 14.6475 1.89 310A00 0.45
-0.9449999 14.6475 -1.89 FFCCAD 0.45
-0.9449999 15.12 1.89 310A00 0.45
-0.9449999 15.12 -1.89 310800 0.45
-0.9449999 15.5925 1.89 310A00 0.45
-0.9449999 15.5925 -1.89 310A00 0.45
-0.9449999 15.5925 1.4175 3C1408 0.45
-0.9449999 15.5925 0.9449999 3C1408 0.45
-0.9449999 15.5925 0.4725 3C1408 0.45
-0.9449999 15.5925 0 3C1408 0.45
-0.9449999 15.5925 -0.4725 3C1408 0.45
-0.9449999 15.5925 -0.9449999 3C1408 0.45
-0.9449999 15.5925 -1.4175 3C1408 0.45
-1.4175 11.34 1.89 CE9273 0.45
-1.4175 5.1975 1.4175 000000 0.45
-1.4175 5.1975 0.9449999 000000 0.45
-1.4175 0 0.4725 000000 0.45
-1.4175 0 0 000000 0.45
-1.4175 0 -0.4725 000000 0.45
-1.4175 0 -0.9449999 000000 0.45
-1.4175 5.1975 -1.4175 000000 0.45
-1.4175 11.34 -1.89 A27660 0.45
-1.4175 0.9449999 0.4725 2E2E2E 0.45
-1.4175 0.9449999 0 2E2E2E 0.45
-1.4175 0.9449999 -0.4725 2E2E2E 0.45
-1.4175 5.1975 -0.9449999 000000 0.45
-1.4175 0 -1.4175 000000 0.45
-1.4175 0.4725 0.4725 363636 0.45
-1.4175 0.4725 -1.4175 363636 0.45
-1.4175 0.9449999 0.9449999 2E2E2E 0.45
-1.4175 2.835 0.4725 212121 0.45
-1.4175 2.835 0 212121 0.45
-1.4175 2.835 -0.4725 212121 0.45
-1.4175 0.9449999 -0.9449999 424142 0.45
-1.4175 1.4175 0.9449999 2E2E2E 0.45
-1.4175 1.4175 -0.9449999 2E2E2E 0.45
-1.4175 1.89 0.9449999 2E2E2E 0.45
-1.4175 1.89 -0.9449999 2E2E2E 0.45
-1.4175 2.3625 0.9449999 2E2E2E 0.45
-1.4175 2.3625 -0.9449999 2E2E2E 0.45
-1.4175 2.835 0.9449999 2E2E2E 0.45
-1.4175 2.835 -0.9449999 2E2E2E 0.45
-1.4175 3.3075 0.9449999 2E2E2E 0.45
-1.4175 5.1975 0.4725 000000 0.45
-1.4175 5.1975 0 000000 0.45
-1.4175 5.1975 -0.4725 000000 0.45
-1.4175 3.3075 -0.9449999 2E2E2E 0.45
-1.4175 3.78 0.9449999 2E2E2E 0.45
-1.4175 3.3075 0.4725 212121 0.45
-1.4175 3.3075 0 212121 0.45
-1.4175 3.3075 -0.4725 212021 0.45
-1.4175 3.78 -0.9449999 2E2E2E 0.45
-1.4175 4.2525 0.9449999 2E2E2E 0.45
-1.4175 4.2525 -0.9449999 2E2E2E 0.45
-1.4175 4.725 0.9449999 2E2E2E 0.45
-1.4175 4.725 -0.9449999 2E2E2E 0.45
-1.4175 6.142499 1.4175 A0A0A0 0.45
-1.4175 6.142499 0.9449999 A0A0A0 0.45
-1.4175 6.142499 0.4725 A0A0A0 0.45
-1.4175 6.142499 0 A0A0A0 0.45
-1.4175 6.142499 -0.4725 A0A0A0 0.45
-1.4175 6.142499 -0.9449999 A0A0A0 0.45
-1.4175 6.142499 -1.4175 A0A0A0 0.45
-1.4175 5.67 1.4175 2D2C2D 0.45
-1.4175 5.67 0.4725 212121 0.45
-1.4175 5.67 0 212121 0.45
-1.4175 5.67 -0.4725 212121 0.45
-1.4175 5.67 -1.4175 2D2C2D 0.45
-1.4175 11.34 1.4175 CE9073 0.45
-1.4175 11.34 0.9449999 CE9073 0.45
-1.4175 11.34 0.4725 CE9073 0.45
-1.4175 11.34 0 CE9073 0.45
-1.4175 11.34 -0.4725 CE9073 0.45
-1.4175 11.34 -0.9449999 CE9073 0.45
-1.4175 11.34 -1.4175 A57563 0.45
-1.4175 6.615 1.4175 F1F1F1 0.45
-1.4175 6.615 -1.4175 F7F3F7 0.45
-1.4175 7.0875 1.4175 F1F1F1 0.45
-1.4175 7.0875 -1.4175 F7F3F7 0.45
-1.4175 7.559999 1.4175 F1F1F1 0.45
-1.4175 7.559999 -1.4175 F7F3F7 0.45
-1.4175 8.0325 1.4175 F1F1F1 0.45
-1.4175 8.0325 -1.4175 F7F3F7 0.45
-1.4175 8.504999 1.4175 F1F1F1 0.45
-1.4175 8.504999 -1.4175 F7F3F7 0.45
-1.4175 8.9775 1.4175 F1F1F1 0.45
-1.4175 8.9775 -1.4175 F7F3F7 0.45
-1.4175 9.45 1.4175 F1F1F1 0.45
-1.4175 9.45 -1.4175 F7F3F7 0.45
-1.4175 9.9225 1.4175 F1F1F1 0.45
-1.4175 9.9225 -1.4175 F7F3F7 0.45
-1.4175 10.395 1.4175 F1F1F1 0.45
-1.4175 10.395 -1.4175 F7F3F7 0.45
-1.4175 10.8675 1.4175 F1F1F1 0.45
-1.4175 10.8675 -1.4175 EFFBF7 0.45
-1.4175 11.8125 1.89 ECAF97 0.45
-1.4175 11.8125 1.4175 FFFFFF 0.45
-1.4175 11.8125 0.9449999 FFFFFF 0.45
-1.4175 11.8125 0.4725 CD0000 0.45
-1.4175 11.8125 0 CD0000 0.45
-1.4175 11.8125 -0.4725 CD0000 0.45
-1.4175 11.8125 -0.9449999 CD0000 0.45
-1.4175 11.8125 -1.4175 CD0000 0.45
-1.4175 11.8125 -1.89 C69E84 0.45
-1.4175 12.285 1.89 EFAE94 0.45
-1.4175 12.285 -1.89 C39E86 0.45
-1.4175 12.7575 1.89 310A00 0.45
-1.4175 12.7575 -1.89 C39E86 0.45
-1.4175 13.23 1.89 310A00 0.45
-1.4175 13.23 -1.89 FFCCAD 0.45
-1.4175 13.7025 1.89 310A00 0.45
-1.4175 13.7025 -1.89 FFCCAD 0.45
-1.4175 14.175 1.89 310A00 0.45
-1.4175 14.175 -1.89 310800 0.45
-1.4175 14.6475 1.89 310A00 0.45
-1.4175 14.6475 -1.89 FFCCAD 0.45
-1.4175 15.12 1.89 310A00 0.45
-1.4175 15.12 -1.89 310800 0.45
-1.4175 15.5925 1.89 310A00 0.45
-1.4175 15.5925 -1.89 310A00 0.45
-1.4175 15.5925 1.4175 3C1408 0.45
-1.4175 15.5925 0.9449999 3C1408 0.45
-1.4175 15.5925 0.4725 3C1408 0.45
-1.4175 15.5925 0 3C1408 0.45
-1.4175 15.5925 -0.4725 3C1408 0.45
-1.4175 15.5925 -0.9449999 3C1408 0.45
-1.4175 15.5925 -1.4175 3C1408 0.45
-1.89 11.34 1.89 CE9273 0.45
-1.89 5.1975 1.4175 000000 0.45
-1.89 5.1975 0.9449999 000000 0.45
-1.89 0.9449999 0.4725 2E2E2E 0.45
-1.89 0.9449999 0 2E2E2E 0.45
-1.89 0.9449999 -0.4725 2E2E2E 0.45
-1.89 5.1975 -0.9449999 000000 0.45
-1.89 5.1975 -1.4175 000000 0.45
-1.89 11.34 -1.89 A27660 0.45
-1.89 0 0.4725 080908 0.45
-1.89 0 0 080908 0.45
-1.89 0 -0.4725 080908 0.45
-1.89 0 -0.9449999 080908 0.45
-1.89 0.4725 0.4725 2C2C2C 0.45
-1.89 0.4725 0 2C2C2C 0.45
-1.89 0.4725 -0.4725 2C2C2C 0.45
-1.89 0.4725 -0.9449999 2C2C2C 0.45
-1.89 0.9449999 0.9449999 2E2E2E 0.45
-1.89 2.835 0.4725 212121 0.45
-1.89 2.835 0 212121 0.45
-1.89 2.835 -0.4725 212121 0.45
-1.89 0.9449999 -0.9449999 2E2E2E 0.45
-1.89 1.4175 0.9449999 2E2E2E 0.45
-1.89 1.4175 -0.9449999 2E2E2E 0.45
-1.89 1.89 0.9449999 2E2E2E 0.45
-1.89 1.89 -0.9449999 2E2E2E 0.45
-1.89 2.3625 0.9449999 2E2E2E 0.45
-1.89 2.3625 -0.9449999 2E2E2E 0.45
-1.89 2.835 0.9449999 2E2E2E 0.45
-1.89 2.835 -0.9449999 2E2E2E 0.45
-1.89 3.3075 0.9449999 312C31 0.45
-1.89 5.1975 0.4725 000000 0.45
-1.89 5.1975 0 000000 0.45
-1.89 5.1975 -0.4725 000000 0.45
-1.89 3.3075 -0.9449999 2E2E2E 0.45
-1.89 3.78 0.9449999 312C31 0.45
-1.89 3.3075 0.4725 212121 0.45
-1.89 3.3075 0 212121 0.45
-1.89 3.3075 -0.4725 212021 0.45
-1.89 3.78 -0.9449999 2E2E2E 0.45
-1.89 4.2525 0.9449999 312C31 0.45
-1.89 4.2525 -0.9449999 2E2E2E 0.45
-1.89 4.725 0.9449999 312C31 0.45
-1.89 4.725 -0.9449999 2E2E2E 0.45
-1.89 6.142499 1.4175 A0A0A0 0.45
-1.89 6.142499 0.9449999 A0A0A0 0.45
-1.89 6.142499 0.4725 A0A0A0 0.45
-1.89 6.142499 0 A0A0A0 0.45
-1.89 6.142499 -0.4725 A0A0A0 0.45
-1.89 6.142499 -0.9449999 A0A0A0 0.45
-1.89 6.142499 -1.4175 A0A0A0 0.45
-1.89 5.67 1.4175 2D2C2D 0.45
-1.89 5.67 0.4725 212121 0.45
-1.89 5.67 0 212121 0.45
-1.89 5.67 -1.4175 2D2C2D 0.45
-1.89 11.34 1.4175 CE9073 0.45
-1.89 11.34 0.9449999 CE9073 0.45
-1.89 11.34 0.4725 CE9073 0.45
-1.89 11.34 0 CE9073 0.45
-1.89 11.34 -0.4725 CE9073 0.45
-1.89 11.34 -0.9449999 CE9073 0.45
-1.89 11.34 -1.4175 A57563 0.45
-1.89 6.615 1.4175 F1F1F1 0.45
-1.89 6.615 -1.4175 F3F3F3 0.45
-1.89 7.0875 1.4175 F1F1F1 0.45
-1.89 7.0875 -1.4175 F3F3F3 0.45
-1.89 7.559999 1.4175 F1F1F1 0.45
-1.89 7.559999 -1.4175 F3F3F3 0.45
-1.89 8.0325 1.4175 F1F1F1 0.45
-1.89 8.0325 -1.4175 F3F3F3 0.45
-1.89 8.504999 1.4175 F1F1F1 0.45
-1.89 8.504999 -1.4175 F3F3F3 0.45
-1.89 8.9775 1.4175 F1F1F1 0.45
-1.89 8.9775 -1.4175 F3F3F3 0.45
-1.89 9.45 1.4175 F1F1F1 0.45
-1.89 9.45 -1.4175 F3F3F3 0.45
-1.89 9.9225 1.4175 F1F1F1 0.45
-1.89 9.9225 -1.4175 F3F3F3 0.45
-1.89 10.395 1.4175 F1F1F1 0.45
-1.89 10.395 -1.4175 F3F3F3 0.45
-1.89 10.8675 1.4175 F1F1F1 0.45
-1.89 10.8675 -1.4175 F3F3F3 0.45
-1.89 11.8125 1.89 ECAF97 0.45
-1.89 11.8125 1.4175 FFFFFF 0.45
-1.89 11.8125 0.9449999 FFFFFF 0.45
-1.89 11.8125 0.4725 FFFFFF 0.45
-1.89 11.8125 0 FFFFFF 0.45
-1.89 11.8125 -0.4725 FFFFFF 0.45
-1.89 11.8125 -0.9449999 FFFFFF 0.45
-1.89 11.8125 -1.4175 FFFFFF 0.45
-1.89 11.8125 -1.89 C69E84 0.45
-1.89 12.285 1.89 EFAE94 0.45
-1.89 12.285 -1.89 C69E84 0.45
-1.89 12.7575 1.89 310A00 0.45
-1.89 12.7575 -1.89 C69E84 0.45
-1.89 13.23 1.89 310A00 0.45
-1.89 13.23 -1.89 FFCBAD 0.45
-1.89 13.7025 1.89 310A00 0.45
-1.89 13.7025 -1.89 FFCBAD 0.45
-1.89 14.175 1.89 310A00 0.45
-1.89 14.175 -1.89 FFCBAD 0.45
-1.89 14.6475 1.89 310A00 0.45
-1.89 14.6475 -1.89 FFCBAD 0.45
-1.89 15.12 1.89 310A00 0.45
-1.89 15.12 -1.89 310800 0.45
-1.89 15.5925 1.89 310A00 0.45
-1.89 15.5925 -1.89 310800 0.45
-1.89 15.5925 1.4175 3C1408 0.45
-1.89 15.5925 0.9449999 3C1408 0.45
-1.89 15.5925 0.4725 3C1408 0.45
-1.89 15.5925 0 3C1408 0.45
-1.89 15.5925 -0.4725 3C1408 0.45
-1.89 15.5925 -0.9449999 3C1408 0.45
-1.89 15.5925 -1.4175 3C1408 0.45
-2.3625 6.142499 1.4175 A0A0A0 0.45
-2.3625 6.142499 0.9449999 A0A0A0 0.45
-2.3625 6.142499 0.4725 A0A0A0 0.45
-2.3625 6.142499 0 A0A0A0 0.45
-2.3625 6.142499 -0.4725 A0A0A0 0.45
-2.3625 6.142499 -0.9449999 A0A0A0 0.45
-2.3625 6.142499 -1.4175 A0A0A0 0.45
-1.89 1.4175 0.4725 212121 0.45
-1.89 1.4175 0 212121 0.45
-1.89 1.4175 -0.4725 212121 0.45
-1.89 1.89 0.4725 212121 0.45
-1.89 1.89 0 212121 0.45
-1.89 1.89 -0.4725 212121 0.45
-1.89 2.3625 0.4725 212121 0.45
-1.89 2.3625 0 212121 0.45
-1.89 2.3625 -0.4725 212121 0.45
-1.89 3.78 0.4725 212121 0.45
-1.89 3.78 0 212121 0.45
-1.89 3.78 -0.4725 212121 0.45
-1.89 4.2525 0.4725 212121 0.45
-1.89 4.2525 0 212121 0.45
-1.89 4.2525 -0.4725 212121 0.45
-1.89 4.725 0.4725 212121 0.45
-1.89 4.725 0 212121 0.45
-1.89 4.725 -0.4725 212121 0.45
-2.3625 5.1975 1.4175 212021 0.45
-2.3625 5.1975 0.9449999 212021 0.45
-2.3625 5.1975 0.4725 212021 0.45
-2.3625 5.1975 0 212021 0.45
-2.3625 5.1975 -0.4725 212021 0.45
-2.3625 5.1975 -0.9449999 212021 0.45
-2.3625 5.1975 -1.4175 212021 0.45
-2.3625 5.67 1.4175 202020 0.45
-2.3625 5.67 0.9449999 202020 0.45
-2.3625 5.67 0.4725 202020 0.45
-2.3625 5.67 0 202020 0.45
-2.3625 5.67 -0.4725 202020 0.45
-2.3625 5.67 -0.9449999 202020 0.45
-2.3625 5.67 -1.4175 212021 0.45
-2.3625 6.615 1.4175 EFF3EF 0.45
-2.3625 6.615 -1.4175 F3F3F3 0.45
-2.3625 7.0875 1.4175 EFF3EF 0.45
-2.3625 7.0875 -1.4175 F3F3F3 0.45
-2.3625 7.559999 1.4175 EFF3EF 0.45
-2.3625 7.559999 -1.4175 F3F3F3 0.45
-2.3625 8.0325 1.4175 EFF3EF 0.45
-2.3625 8.0325 -1.4175 F3F3F3 0.45
-2.3625 8.504999 1.4175 EFF3EF 0.45
-2.3625 8.504999 -1.4175 F3F3F3 0.45
-2.3625 8.9775 1.4175 EFF3EF 0.45
-2.3625 8.9775 -1.4175 F3F3F3 0.45
-2.3625 9.45 1.4175 EFF3EF 0.45
-2.3625 9.45 -1.4175 F3F3F3 0.45
-2.3625 9.9225 1.4175 EFF3EF 0.45
-2.3625 9.9225 -1.4175 F3F3F3 0.45
-2.3625 10.395 1.4175 EFF3EF 0.45
-2.3625 10.395 -1.4175 F3F3F3 0.45
-2.3625 10.8675 1.4175 EFF3EF 0.45
-2.3625 10.8675 -1.4175 F3F3F3 0.45
-2.3625 11.34 1.4175 EFF3EF 0.45
-2.3625 11.34 -1.4175 F3F3F3 0.45
-2.3625 11.8125 1.4175 FFFFFF 0.45
-2.3625 11.8125 0.9449999 FFFFFF 0.45
-2.3625 11.8125 0.4725 FFFFFF 0.45
-2.3625 11.8125 0 FFFFFF 0.45
-2.3625 11.8125 -0.4725 FFFFFF 0.45
-2.3625 11.8125 -0.9449999 FFFFFF 0.45
-2.3625 11.8125 -1.4175 FFFFFF 0.45
-1.89 12.285 1.4175 E7A68C 0.45
-1.89 12.285 0.9449999 E7A68C 0.45
-1.89 12.285 0.4725 E7A68C 0.45
-1.89 12.285 0 E7A68C 0.45
-1.89 12.285 -0.4725 E4A78E 0.45
-1.89 12.285 -0.9449999 E4A78E 0.45
-1.89 12.285 -1.4175 AF8270 0.45
-1.89 12.7575 1.4175 2D0800 0.45
-1.89 12.7575 0.9449999 2D0800 0.45
-1.89 12.7575 0.4725 2D0800 0.45
-1.89 12.7575 0 2D0800 0.45
-1.89 12.7575 -0.4725 D8967E 0.45
-1.89 12.7575 -0.9449999 E4A78E 0.45
-1.89 12.7575 -1.4175 AF8270 0.45
-1.89 13.23 1.4175 2D0800 0.45
-1.89 13.23 0.9449999 2D0800 0.45
-1.89 13.23 0.4725 2D0800 0.45
-1.89 13.23 0 2D0800 0.45
-1.89 13.23 -0.4725 D8967E 0.45
-1.89 13.23 -0.9449999 E7A68C 0.45
-1.89 13.23 -1.4175 E4A78E 0.45
-1.89 13.7025 1.4175 2D0800 0.45
-1.89 13.7025 0.9449999 2D0800 0.45
-1.89 13.7025 0.4725 2D0800 0.45
-1.89 13.7025 0 2D0800 0.45
-1.89 13.7025 -0.4725 D6967B 0.45
-1.89 13.7025 -0.9449999 2D0800 0.45
-1.89 13.7025 -1.4175 E4A78E 0.45
-1.89 14.175 1.4175 2D0800 0.45
-1.89 14.175 0.9449999 2D0800 0.45
-1.89 14.175 0.4725 2D0800 0.45
-1.89 14.175 0 2D0800 0.45
-1.89 14.175 -0.4725 2D0800 0.45
-1.89 14.175 -0.9449999 2D0800 0.45
-1.89 14.175 -1.4175 E4A78E 0.45
-1.89 14.6475 1.4175 2D0800 0.45
-1.89 14.6475 0.9449999 2D0800 0.45
-1.89 14.6475 0.4725 2D0800 0.45
-1.89 14.6475 0 2D0800 0.45
-1.89 14.6475 -0.4725 2D0800 0.45
-1.89 14.6475 -0.9449999 2D0800 0.45
-1.89 14.6475 -1.4175 E7A68C 0.45
-1.89 15.12 1.4175 2D0800 0.45
-1.89 15.12 0.9449999 2D0800 0.45
-1.89 15.12 0.4725 2D0800 0.45
-1.89 15.12 0 2D0800 0.45
-1.89 15.12 -0.4725 2D0800 0.45
-1.89 15.12 -0.9449999 2D0800 0.45
-1.89 15.12 -1.4175 2D0800 0.45
-2.3625 6.615 0.9449999 E6E7E6 0.45
-2.3625 6.615 0.4725 E6E7E6 0.45
-2.3625 6.615 0 E6E7E6 0.45
-2.3625 6.615 -0.4725 E6E7E6 0.45
-2.3625 6.615 -0.9449999 E6E7E6 0.45
-2.3625 7.0875 0.9449999 E6E7E6 0.45
-2.3625 7.0875 0.4725 E6E7E6 0.45
-2.3625 7.0875 0 E6E7E6 0.45
-2.3625 7.0875 -0.4725 E6E7E6 0.45
-2.3625 7.0875 -0.9449999 E6E7E6 0.45
-2.3625 7.559999 0.9449999 E6E7E6 0.45
-2.3625 7.559999 0.4725 E6E7E6 0.45
-2.3625 7.559999 0 E6E7E6 0.45
-2.3625 7.559999 -0.4725 E6E7E6 0.45
-2.3625 7.559999 -0.9449999 E6E7E6 0.45
-2.3625 8.0325 0.9449999 E6E7E6 0.45
-2.3625 8.0325 0.4725 E6E7E6 0.45
-2.3625 8.0325 0 E6E7E6 0.45
-2.3625 8.0325 -0.4725 E6E7E6 0.45
-2.3625 8.0325 -0.9449999 E6E7E6 0.45
-2.3625 8.504999 0.9449999 E6E7E6 0.45
-2.3625 8.504999 0.4725 E6E7E6 0.45
-2.3625 8.504999 0 E6E7E6 0.45
-2.3625 8.504999 -0.4725 E6E7E6 0.45
-2.3625 8.504999 -0.9449999 E6E7E6 0.45
-2.3625 8.9775 0.9449999 E6E7E6 0.45
-2.3625 8.9775 0.4725 E6E7E6 0.45
-2.3625 8.9775 0 E6E7E6 0.45
-2.3625 8.9775 -0.4725 E6E7E6 0.45
-2.3625 8.9775 -0.9449999 E6E7E6 0.45
-2.3625 9.45 0.9449999 E6E7E6 0.45
-2.3625 9.45 0.4725 E6E7E6 0.45
-2.3625 9.45 0 E6E7E6 0.45
-2.3625 9.45 -0.4725 E6E7E6 0.45
-2.3625 9.45 -0.9449999 E6E7E6 0.45
-2.3625 9.9225 0.9449999 E6E7E6 0.45
-2.3625 9.9225 0.4725 E6E7E6 0.45
-2.3625 9.9225 0 E6E7E6 0.45
-2.3625 9.9225 -0.4725 E6E7E6 0.45
-2.3625 9.9225 -0.9449999 E6E7E6 0.45
-2.835 10.395 0.9449999 E6E7E6 0.45
-2.3625 10.395 0.9449999 E6E7E6 0.45
-2.3625 10.395 0.4725 E6E7E6 0.45
-2.3625 10.395 0 E6E7E6 0.45
-2.3625 10.395 -0.4725 E6E7E6 0.45
-2.3625 10.395 -0.9449999 E6E7E6 0.45
-2.835 10.395 -0.9449999 E7E7E7 0.45
-2.835 10.8675 0.9449999 E6E7E6 0.45
-2.3625 10.8675 0.9449999 E6E7E6 0.45
-2.3625 10.8675 0.4725 E6E7E6 0.45
-5.67 10.8675 0.4725 E6E7E6 0.45
-2.3625 10.8675 0 E6E7E6 0.45
-5.67 10.8675 0 E6E7E6 0.45
-2.3625 10.8675 -0.4725 E6E7E6 0.45
-5.67 10.8675 -0.4725 E6E7E6 0.45
-2.3625 10.8675 -0.9449999 E6E7E6 0.45
-2.835 10.8675 -0.9449999 E6E7E6 0.45
-2.835 11.34 0.9449999 E6E7E6 0.45
-2.3625 11.34 0.9449999 E7E7E7 0.45
-2.3625 11.34 0.4725 E7E7E7 0.45
-5.67 11.34 0.4725 E6E7E6 0.45
-2.3625 11.34 0 E7E7E7 0.45
-5.67 11.34 0 E6E7E6 0.45
-2.3625 11.34 -0.4725 E7E7E7 0.45
-5.67 11.34 -0.4725 E6E7E6 0.45
-2.3625 11.34 -0.9449999 E7E7E7 0.45
-2.835 11.34 -0.9449999 E6E7E6 0.45
-2.835 11.8125 0.4725 F3F3F3 0.45
-2.835 11.8125 0 F3F3F3 0.45
-2.835 11.8125 -0.4725 F3F3F3 0.45
-3.3075 10.395 0.4725 F3F3F3 0.45
-3.3075 10.395 0 F3F3F3 0.45
-3.3075 10.395 -0.4725 F3F3F3 0.45
-3.3075 10.395 0.9449999 E6E7E6 0.45
-3.3075 10.395 -0.9449999 E7E7E7 0.45
-3.3075 10.8675 0.9449999 E6E7E6 0.45
-3.3075 10.8675 -0.9449999 E6E7E6 0.45
-3.3075 11.34 0.9449999 E6E7E6 0.45
-3.3075 11.34 -0.9449999 E6E7E6 0.45
-3.3075 11.8125 0.4725 F3F3F3 0.45
-3.3075 11.8125 0 F3F3F3 0.45
-3.3075 11.8125 -0.4725 F3F3F3 0.45
-3.78 10.395 0.4725 F3F3F3 0.45
-3.78 10.395 0 F3F3F3 0.45
-3.78 10.395 -0.4725 F3F3F3 0.45
-3.78 10.395 0.9449999 E6E7E6 0.45
-3.78 10.395 -0.9449999 E7E7E7 0.45
-3.78 10.8675 0.9449999 E6E7E6 0.45
-3.78 10.8675 -0.9449999 E6E7E6 0.45
-3.78 11.34 0.9449999 E6E7E6 0.45
-3.78 11.34 -0.9449999 E6E7E6 0.45
-3.78 11.8125 0.4725 F3F3F3 0.45
-3.78 11.8125 0 F3F3F3 0.45
-3.78 11.8125 -0.4725 F3F3F3 0.45
-4.2525 10.395 0.4725 F3F3F3 0.45
-4.2525 10.395 0 F3F3F3 0.45
-4.2525 10.395 -0.4725 F3F3F3 0.45
-4.2525 10.395 0.9449999 E6E7E6 0.45
-4.2525 10.395 -0.9449999 E7E7E7 0.45
-4.2525 10.8675 0.9449999 E6E7E6 0.45
-4.2525 10.8675 -0.9449999 E6E7E6 0.45
-4.2525 11.34 0.9449999 E6E7E6 0.45
-4.2525 11.34 -0.9449999 E6E7E6 0.45
-4.2525 11.8125 0.4725 F3F3F3 0.45
-4.2525 11.8125 0 F3F3F3 0.45
-4.2525 11.8125 -0.4725 F3F3F3 0.45
-4.725 10.395 0.4725 F3F3F3 0.45
-4.725 10.395 0 F3F3F3 0.45
-4.725 10.395 -0.4725 F3F3F3 0.45
-4.725 10.395 0.9449999 E6E7E6 0.45
-4.725 10.395 -0.9449999 E7E7E7 0.45
-4.725 10.8675 0.9449999 E6E7E6 0.45
-4.725 10.8675 -0.9449999 E6E7E6 0.45
-4.725 11.34 0.9449999 E6E7E6 0.45
-4.725 11.34 -0.9449999 E6E7E6 0.45
-4.725 11.8125 0.4725 F3F3F3 0.45
-4.725 11.8125 0 F3F3F3 0.45
-4.725 11.8125 -0.4725 F3F3F3 0.45
-5.1975 10.395 0.4725 F3F3F3 0.45
-5.1975 10.395 0 F3F3F3 0.45
-5.1975 10.395 -0.4725 F3F3F3 0.45
-5.1975 10.395 0.9449999 E6E7E6 0.45
-5.1975 10.395 -0.9449999 E7E7E7 0.45
-5.1975 10.8675 0.9449999 E6E7E6 0.45
-5.1975 10.8675 -0.9449999 E6E7E6 0.45
-5.1975 11.34 0.9449999 E6E7E6 0.45
-5.1975 11.34 -0.9449999 E6E7E6 0.45
-5.1975 11.8125 0.4725 F3F3F3 0.45
-5.1975 11.8125 0 F3F3F3 0.45
-5.1975 11.8125 -0.4725 F3F3F3 0.45
-5.67 10.395 0.4725 F3F3F3 0.45
-5.67 10.395 0 F3F3F3 0.45
-5.67 10.395 -0.4725 F3F3F3 0.45
-5.67 10.395 0.9449999 E6E7E6 0.45
-5.67 10.395 -0.9449999 E7E7E7 0.45
-5.67 10.8675 0.9449999 E6E7E6 0.45
-8.504999 10.8675 0.4725 FFCCAD 0.45
-8.504999 10.8675 0 D8967E 0.45
-8.504999 10.8675 -0.4725 FFCCAD 0.45
-5.67 10.8675 -0.9449999 E6E7E6 0.45
-5.67 11.34 0.9449999 E6E7E6 0.45
-8.504999 11.34 0.4725 FFCCAD 0.45
-8.504999 11.34 0 D8967E 0.45
-8.504999 11.34 -0.4725 FFCCAD 0.45
-5.67 11.34 -0.9449999 E6E7E6 0.45
-5.67 11.8125 0.4725 F3F3F3 0.45
-5.67 11.8125 0 F3F3F3 0.45
-5.67 11.8125 -0.4725 F3F3F3 0.45
-6.142499 10.395 0.4725 F3F3F3 0.45
-6.142499 10.395 0 F3F3F3 0.45
-6.142499 10.395 -0.4725 F3F3F3 0.45
-6.142499 10.8675 0.9449999 E6E7E6 0.45
-6.142499 10.8675 -0.9449999 E6E7E6 0.45
-6.142499 11.34 0.9449999 E6E7E6 0.45
-6.142499 11.34 -0.9449999 E6E7E6 0.45
-6.142499 11.8125 0.4725 F3F3F3 0.45
-6.142499 11.8125 0 F3F3F3 0.45
-6.142499 11.8125 -0.4725 F3F3F3 0.45
-6.615 10.395 0.4725 F3F3F3 0.45
-6.615 10.395 0 F3F3F3 0.45
-6.615 10.395 -0.4725 F3F3F3 0.45
-6.615 10.8675 0.9449999 E6E7E6 0.45
-6.615 10.8675 -0.9449999 E6E7E6 0.45
-6.615 11.34 0.9449999 E6E7E6 0.45
-6.615 11.34 -0.9449999 E6E7E6 0.45
-6.615 11.8125 0.4725 F3F3F3 0.45
-6.615 11.8125 0 F3F3F3 0.45
-6.615 11.8125 -0.4725 F3F3F3 0.45
-7.0875 10.395 0.4725 F3F3F3 0.45
-7.0875 10.395 0 F3F3F3 0.45
-7.0875 10.395 -0.4725 F3F3F3 0.45
-7.0875 10.8675 0.9449999 E6E7E6 0.45
-7.0875 10.8675 -0.9449999 E6E7E6 0.45
-7.0875 11.34 0.9449999 E6E7E6 0.45
-7.0875 11.34 -0.9449999 E6E7E6 0.45
-7.0875 11.8125 0.4725 F3F3F3 0.45
-7.0875 11.8125 0 F3F3F3 0.45
-7.0875 11.8125 -0.4725 F3F3F3 0.45
-7.559999 10.395 0.4725 F3F3F3 0.45
-7.559999 10.395 0 F3F3F3 0.45
-7.559999 10.395 -0.4725 F3F3F3 0.45
-7.559999 10.8675 0.9449999 E6E7E6 0.45
-7.559999 10.8675 -0.9449999 E6E7E6 0.45
-7.559999 11.34 0.9449999 E6E7E6 0.45
-7.559999 11.34 -0.9449999 E6E7E6 0.45
-7.559999 11.8125 0.4725 F3F3F3 0.45
-7.559999 11.8125 0 F3F3F3 0.45
-7.559999 11.8125 -0.4725 F3F3F3 0.45
-8.0325 10.395 0.4725 F3F3F3 0.45
-8.0325 10.395 0 F3F3F3 0.45
-8.0325 10.395 -0.4725 F3F3F3 0.45
-8.0325 10.8675 0.9449999 E6E7E6 0.45
-8.0325 10.8675 -0.9449999 E6E7E6 0.45
-8.0325 11.34 0.9449999 E6E7E6 0.45
-8.0325 11.34 -0.9449999 E6E7E6 0.45
-8.0325 11.8125 0.4725 F3F3F3 0.45
-8.0325 11.8125 0 F3F3F3 0.45
-8.0325 11.8125 -0.4725 F3F3F3 0.45
-8.504999 10.395 0.4725 F3F3F3 0.45
-8.504999 10.395 0 F3F3F3 0.45
-8.504999 10.395 -0.4725 F3F3F3 0.45
-8.504999 10.8675 0.9449999 E6E7E6 0.45
-8.504999 10.8675 -0.9449999 E6E7E6 0.45
-8.504999 11.34 0.9449999 E6E7E6 0.45
-8.504999 11.34 -0.9449999 E6E7E6 0.45
-8.504999 11.8125 0.4725 F3F3F3 0.45
-8.504999 11.8125 0 F3F3F3 0.45
-8.504999 11.8125 -0.4725 F3F3F3 0.45
-8.9775 10.395 0.4725 CE9073 0.45
-8.9775 10.395 0 CE9073 0.45
-8.9775 10.395 -0.4725 CE9073 0.45
-8.9775 10.8675 0.4725 FFCCAD 0.45
-8.9775 10.8675 -0.4725 FFCCAD 0.45
-8.9775 11.34 0.4725 FFCCAD 0.45
-8.9775 11.34 -0.4725 FFCCAD 0.45
-8.9775 11.8125 0.4725 ECAF97 0.45
-8.9775 11.8125 0 ECAF97 0.45
-8.9775 11.8125 -0.4725 ECAF97 0.45
-9.45 10.395 0.4725 CE9073 0.45
-9.45 10.395 0 CE9073 0.45
-9.45 10.395 -0.4725 CE9073 0.45
-9.45 10.8675 0.4725 FFCCAD 0.45
-9.45 10.8675 -0.4725 FFCCAD 0.45
-9.45 11.34 0.4725 FFCCAD 0.45
-9.45 11.34 -0.4725 FFCCAD 0.45
-9.45 11.8125 0.4725 EFAE94 0.45
-9.45 11.8125 0 EFAE94 0.45
-9.45 11.8125 -0.4725 EFAE94 0.45
-9.45 10.8675 0 D8967E 0.45
-9.45 11.34 0 D8967E 0.45
