1.89 0 0.4725 ECAF97 0.45
1.89 0 0 ECAF97 0.45
1.89 0 -0.4725 ECAF97 0.45
1.89 0 -0.9449999 ECAF97 0.45
1.89 0.4725 0.4725 ECAF97 0.45
1.89 0.4725 0 ECAF97 0.45
1.89 0.4725 -0.4725 ECAF97 0.45
1.89 0.4725 -0.9449999 ECAF97 0.45
1.89 0.9449999 0.4725 ECAF97 0.45
1.89 0.9449999 0 ECAF97 0.45
1.89 0.9449999 -0.4725 ECAF97 0.45
1.89 1.4175 0.4725 ECAF97 0.45
1.89 1.4175 0 ECAF97 0.45
1.89 1.4175 -0.4725 ECAF97 0.45
1.89 1.89 0.4725 ECAF97 0.45
1.89 1.89 0 ECAF97 0.45
1.89 1.89 -0.4725 ECAF97 0.45
1.89 2.3625 0.4725 ECAF97 0.45
1.89 2.3625 0 ECAF97 0.45
1.89 2.3625 -0.4725 ECAF97 0.45
1.89 2.835 0.4725 ECAF97 0.45
1.89 2.835 0 ECAF97 0.45
1.89 2.835 -0.4725 ECAF97 0.45
1.89 3.3075 0.4725 ECAF97 0.45
1.89 3.3075 0 ECAF97 0.45
1.89 3.3075 -0.4725 ECAF97 0.45
1.89 3.78 0.4725 ECAF97 0.45
1.89 3.78 0 ECAF97 0.45
1.89 3.78 -0.4725 ECAF97 0.45
1.89 4.2525 0.4725 ECAF97 0.45
1.89 4.2525 0 ECAF97 0.45
1.89 4.2525 -0.4725 ECAF97 0.45
1.89 4.725 0.4725 ECAF97 0.45
1.89 4.725 0 ECAF97 0.45
1.89 4.725 -0.4725 ECAF97 0.45
2.3625 5.1975 1.4175 ECAF97 0.45
2.3625 5.1975 0.9449999 ECAF97 0.45
2.3625 5.1975 0.4725 ECAF97 0.45
2.3625 5.1975 0 ECAF97 0.45
2.3625 5.1975 -0.4725 ECAF97 0.45
2.3625 5.1975 -0.9449999 ECAF97 0.45
2.3625 5.1975 -1.4175 ECAF97 0.45
2.3625 5.67 1.4175 ECAF97 0.45
2.3625 5.67 0.9449999 ECAF97 0.45
2.3625 5.67 0.4725 ECAF97 0.45
2.3625 5.67 0 ECAF97 0.45
2.3625 5.67 -0.4725 ECAF97 0.45
2.3625 5.67 -0.9449999 ECAF97 0.45
2.3625 5.67 -1.4175 ECAF97 0.45
2.3625 6.142499 1.4175 527118 0.45
2.3625 6.142499 0.9449999 527118 0.45
2.3625 6.142499 0.4725 527118 0.45
2.3625 6.142499 0 527118 0.45
2.3625 6.142499 -0.4725 527118 0.45
2.3625 6.142499 -0.9449999 527118 0.45
2.3625 6.142499 -1.4175 527118 0.45
2.3625 6.615 1.4175 638621 0.45
2.3625 6.615 0.9449999 638621 0.45
2.3625 6.615 0.4725 638621 0.45
2.3625 6.615 0 638621 0.45
2.3625 6.615 -0.4725 638621 0.45
2.3625 6.615 -0.9449999 638621 0.45
2.3625 6.615 -1.4175 638621 0.45
2.3625 7.0875 1.4175 EFAE94 0.45
2.3625 7.0875 0.9449999 EFAE94 0.45
2.3625 7.0875 0.4725 EFAE94 0.45
2.3625 7.0875 0 EFAE94 0.45
2.3625 7.0875 -0.4725 EFAE94 0.45
2.3625 7.0875 -0.9449999 EFAE94 0.45
2.3625 7.0875 -1.4175 EFAE94 0.45
2.3625 7.559999 1.4175 ECAF97 0.45
2.3625 7.559999 0.9449999 ECAF97 0.45
2.3625 7.559999 0.4725 ECAF97 0.45
2.3625 7.559999 0 ECAF97 0.45
2.3625 7.559999 -0.4725 ECAF97 0.45
2.3625 7.559999 -0.9449999 ECAF97 0.45
2.3625 7.559999 -1.4175 ECAF97 0.45
2.3625 8.0325 1.4175 ECAF97 0.45
2.3625 8.0325 0.9449999 ECAF97 0.45
2.3625 8.0325 0.4725 ECAF97 0.45
2.3625 8.0325 0 ECAF97 0.45
2.3625 8.0325 -0.4725 ECAF97 0.45
2.3625 8.0325 -0.9449999 ECAF97 0.45
2.3625 8.0325 -1.4175 ECAF97 0.45
2.3625 8.504999 1.4175 ECAF97 0.45
2.3625 8.504999 0.9449999 ECAF97 0.45
2.3625 8.504999 0.4725 ECAF97 0.45
2.3625 8.504999 0 ECAF97 0.45
2.3625 8.504999 -0.4725 ECAF97 0.45
2.3625 8.504999 -0.9449999 ECAF97 0.45
2.3625 8.504999 -1.4175 ECAF97 0.45
2.3625 8.9775 1.4175 212000 0.45
2.3625 8.9775 0.9449999 212000 0.45
2.3625 8.9775 0.4725 212000 0.45
2.3625 8.9775 0 212000 0.45
2.3625 8.9775 -0.4725 212000 0.45
2.3625 8.9775 -0.9449999 212000 0.45
2.3625 8.9775 -1.4175 212000 0.45
2.3625 9.45 1.4175 EFAE94 0.45
2.3625 9.45 0.9449999 EFAE94 0.45
2.3625 9.45 0.4725 EFAE94 0.45
2.3625 9.45 0 EFAE94 0.45
2.3625 9.45 -0.4725 EFAE94 0.45
2.3625 9.45 -0.9449999 EFAE94 0.45
2.3625 9.45 -1.4175 EFAE94 0.45
2.3625 9.9225 1.4175 ECAF97 0.45
2.3625 9.9225 0.9449999 ECAF97 0.45
2.3625 9.9225 0.4725 ECAF97 0.45
2.3625 9.9225 0 ECAF97 0.45
2.3625 9.9225 -0.4725 ECAF97 0.45
2.3625 9.9225 -0.9449999 ECAF97 0.45
2.3625 9.9225 -1.4175 ECAF97 0.45
2.3625 10.395 1.4175 ECAF97 0.45
2.3625 10.395 0.9449999 ECAF97 0.45
5.67 10.395 0.4725 FFCCAD 0.45
5.67 10.395 0 FFCCAD 0.45
5.67 10.395 -0.4725 FFCCAD 0.45
2.3625 10.395 -0.9449999 ECAF97 0.45
2.3625 10.395 -1.4175 ECAF97 0.45
2.3625 10.8675 1.4175 ECAF97 0.45
2.3625 10.8675 0.9449999 ECAF97 0.45
9.45 10.8675 0.4725 D8967E 0.45
9.45 10.8675 0 D8967E 0.45
9.45 10.8675 -0.4725 D8967E 0.45
2.3625 10.8675 -0.9449999 ECAF97 0.45
2.3625 10.8675 -1.4175 ECAF97 0.45
2.3625 11.34 1.4175 ECAF97 0.45
2.3625 11.34 0.9449999 ECAF97 0.45
9.45 11.34 0.4725 D8967E 0.45
9.45 11.34 0 D8967E 0.45
9.45 11.34 -0.4725 D8967E 0.45
2.3625 11.34 -0.9449999 ECAF97 0.45
2.3625 11.34 -1.4175 ECAF97 0.45
1.89 11.8125 1.89 E4A78E 0.45
1.89 11.8125 1.4175 E4A78E 0.45
1.89 11.8125 0.9449999 E4A78E 0.45
1.89 11.8125 0.4725 E4A78E 0.45
1.89 11.8125 0 E4A78E 0.45
1.89 11.8125 -0.4725 E4A78E 0.45
1.89 11.8125 -0.9449999 E4A78E 0.45
1.89 11.8125 -1.4175 E4A78E 0.45
1.89 11.8125 -1.89 E4A78E 0.45
1.89 12.285 1.89 E7A68C 0.45
1.89 12.285 1.4175 E7A68C 0.45
1.89 12.285 0.9449999 E7A68C 0.45
1.89 12.285 0.4725 E7A68C 0.45
1.89 12.285 0 E7A68C 0.45
1.89 12.285 -0.4725 E4A78E 0.45
1.89 12.285 -0.9449999 E7A68C 0.45
1.89 12.285 -1.4175 E4A78E 0.45
1.89 12.285 -1.89 E4A78E 0.45
1.89 12.7575 1.89 080505 0.45
1.89 12.7575 1.4175 080505 0.45
1.89 12.7575 0.9449999 080505 0.45
1.89 12.7575 0.4725 080505 0.45
1.89 12.7575 0 080505 0.45
1.89 12.7575 -0.4725 D8967E 0.45
1.89 12.7575 -0.9449999 080408 0.45
1.89 12.7575 -1.4175 E4A78E 0.45
1.89 12.7575 -1.89 E4A78E 0.45
1.89 13.23 1.89 080505 0.45
1.89 13.23 1.4175 080505 0.45
1.89 13.23 0.9449999 080505 0.45
1.89 13.23 0.4725 080505 0.45
1.89 13.23 0 080505 0.45
1.89 13.23 -0.4725 D8967E 0.45
1.89 13.23 -0.9449999 080408 0.45
1.89 13.23 -1.4175 E4A78E 0.45
1.89 13.23 -1.89 E4A78E 0.45
1.89 13.7025 1.89 080505 0.45
1.89 13.7025 1.4175 080505 0.45
1.89 13.7025 0.9449999 080505 0.45
1.89 13.7025 0.4725 080505 0.45
1.89 13.7025 0 080505 0.45
1.89 13.7025 -0.4725 D6967B 0.45
1.89 13.7025 -0.9449999 080408 0.45
1.89 13.7025 -1.4175 080505 0.45
1.89 13.7025 -1.89 080505 0.45
1.89 14.175 1.89 080505 0.45
1.89 14.175 1.4175 080505 0.45
1.89 14.175 0.9449999 080505 0.45
1.89 14.175 0.4725 080505 0.45
1.89 14.175 0 080505 0.45
1.89 14.175 -0.4725 080505 0.45
1.89 14.175 -0.9449999 080505 0.45
1.89 14.175 -1.4175 080505 0.45
1.89 14.175 -1.89 080505 0.45
1.89 14.6475 1.89 080505 0.45
1.89 14.6475 1.4175 080505 0.45
1.89 14.6475 0.9449999 080505 0.45
1.89 14.6475 0.4725 080505 0.45
1.89 14.6475 0 080505 0.45
1.89 14.6475 -0.4725 080505 0.45
1.89 14.6475 -0.9449999 080505 0.45
1.89 14.6475 -1.4175 080505 0.45
1.89 14.6475 -1.89 080505 0.45
1.89 15.12 1.89 080505 0.45
1.89 15.12 1.4175 080505 0.45
1.89 15.12 0.9449999 080505 0.45
1.89 15.12 0.4725 080505 0.45
1.89 15.12 0 080505 0.45
1.89 15.12 -0.4725 080505 0.45
1.89 15.12 -0.9449999 080505 0.45
1.89 15.12 -1.4175 080505 0.45
1.89 15.12 -1.89 080505 0.45
1.89 15.5925 1.89 080505 0.45
1.89 15.5925 1.4175 080505 0.45
1.89 15.5925 0.9449999 080505 0.45
1.89 15.5925 0.4725 080505 0.45
1.89 15.5925 0 080505 0.45
1.89 15.5925 -0.4725 080505 0.45
1.89 15.5925 -0.9449999 080505 0.45
1.89 15.5925 -1.4175 080505 0.45
1.89 15.5925 -1.89 080505 0.45
9.45 10.395 0.4725 CE9073 0.45
9.45 10.395 0 CE9073 0.45
9.45 10.395 -0.4725 CE9073 0.45
8.504999 10.8675 0.4725 CE9073 0.45
8.504999 10.8675 0 CE9073 0.45
8.504999 10.8675 -0.4725 CE9073 0.45
8.504999 11.34 0.4725 CE9073 0.45
8.504999 11.34 0 CE9073 0.45
8.504999 11.34 -0.4725 CE9073 0.45
8.9775 10.395 0.4725 CE9073 0.45
8.9775 10.395 0 CE9073 0.45
8.9775 10.395 -0.4725 CE9073 0.45
8.9775 10.8675 0.4725 FFCCAD 0.45
8.9775 10.8675 -0.4725 FFCCAD 0.45
8.9775 11.34 0.4725 FFCCAD 0.45
8.9775 11.34 -0.4725 FFCCAD 0.45
8.9775 11.34 0 ECAF97 0.45
8.504999 10.395 0.4725 CE9073 0.45
8.504999 10.395 0 CE9073 0.45
8.504999 10.395 -0.4725 CE9073 0.45
8.504999 10.8675 0.9449999 FFCCAD 0.45
5.67 10.8675 0.4725 FFCCAD 0.45
5.67 10.8675 0 FFCCAD 0.45
5.67 10.8675 -0.4725 FFCCAD 0.45
8.504999 10.8675 -0.9449999 FFCCAD 0.45
8.504999 11.34 0.9449999 FFCCAD 0.45
5.67 11.34 0.4725 FFCCAD 0.45
5.67 11.34 0 FFCCAD 0.45
5.67 11.34 -0.4725 FFCCAD 0.45
8.504999 11.34 -0.9449999 FFCCAD 0.45
8.504999 11.8125 0.4725 ECAF97 0.45
8.504999 11.8125 0 ECAF97 0.45
8.504999 11.8125 -0.4725 ECAF97 0.45
8.0325 10.395 0.4725 B82800 0.45
8.0325 10.395 0 B82800 0.45
8.0325 10.395 -0.4725 B82800 0.45
8.0325 10.8675 0.9449999 C14321 0.45
8.0325 10.8675 -0.9449999 C14321 0.45
8.0325 11.34 0.9449999 C14321 0.45
8.0325 11.34 -0.9449999 C14321 0.45
8.0325 11.8125 0.4725 B82800 0.45
8.0325 11.8125 0 B82800 0.45
8.0325 11.8125 -0.4725 B82800 0.45
7.559999 10.395 0.4725 CE9273 0.45
7.559999 10.395 0 CE9273 0.45
7.559999 10.395 -0.4725 CE9273 0.45
7.559999 10.8675 0.9449999 FFCBAD 0.45
7.559999 10.8675 -0.9449999 FFCBAD 0.45
7.559999 11.34 0.9449999 FFCBAD 0.45
7.559999 11.34 -0.9449999 FFCBAD 0.45
7.559999 11.8125 0.4725 EFAE94 0.45
7.559999 11.8125 0 EFAE94 0.45
7.559999 11.8125 -0.4725 EFAE94 0.45
7.0875 10.395 0.4725 CE9073 0.45
7.0875 10.395 0 CE9073 0.45
7.0875 10.395 -0.4725 CE9073 0.45
7.0875 10.8675 0.9449999 FFCCAD 0.45
7.0875 10.8675 -0.9449999 FFCCAD 0.45
7.0875 11.34 0.9449999 FFCCAD 0.45
7.0875 11.34 -0.9449999 FFCCAD 0.45
7.0875 11.8125 0.4725 ECAF97 0.45
7.0875 11.8125 0 ECAF97 0.45
7.0875 11.8125 -0.4725 ECAF97 0.45
6.615 10.395 0.4725 CE9073 0.45
6.615 10.395 0 CE9073 0.45
6.615 10.395 -0.4725 CE9073 0.45
6.615 10.8675 0.9449999 FFCCAD 0.45
6.615 10.8675 -0.9449999 FFCCAD 0.45
6.615 11.34 0.9449999 FFCCAD 0.45
6.615 11.34 -0.9449999 FFCCAD 0.45
6.615 11.8125 0.4725 ECAF97 0.45
6.615 11.8125 0 ECAF97 0.45
6.615 11.8125 -0.4725 ECAF97 0.45
6.142499 10.395 0.4725 CE9073 0.45
6.142499 10.395 0 CE9073 0.45
6.142499 10.395 -0.4725 CE9073 0.45
6.142499 10.8675 0.9449999 FFCCAD 0.45
6.142499 10.8675 -0.9449999 FFCCAD 0.45
6.142499 11.34 0.9449999 FFCCAD 0.45
6.142499 11.34 -0.9449999 FFCCAD 0.45
6.142499 11.8125 0.4725 ECAF97 0.45
6.142499 11.8125 0 ECAF97 0.45
6.142499 11.8125 -0.4725 ECAF97 0.45
5.67 10.395 0.9449999 FFCCAD 0.45
2.3625 10.395 0.4725 ECAF97 0.45
2.3625 10.395 0 ECAF97 0.45
2.3625 10.395 -0.4725 ECAF97 0.45
5.67 10.395 -0.9449999 FFCBAD 0.45
5.67 10.8675 0.9449999 FFCCAD 0.45
2.3625 10.8675 0.4725 ECAF97 0.45
2.3625 10.8675 0 ECAF97 0.45
2.3625 10.8675 -0.4725 ECAF97 0.45
5.67 10.8675 -0.9449999 FFCCAD 0.45
5.67 11.34 0.9449999 FFCCAD 0.45
2.3625 11.34 0.4725 ECAF97 0.45
2.3625 11.34 0 ECAF97 0.45
2.3625 11.34 -0.4725 ECAF97 0.45
5.67 11.34 -0.9449999 FFCCAD 0.45
5.67 11.8125 0.4725 ECAF97 0.45
5.67 11.8125 0 ECAF97 0.45
5.67 11.8125 -0.4725 ECAF97 0.45
5.1975 10.395 0.4725 CE9073 0.45
5.1975 10.395 0 CE9073 0.45
5.1975 10.395 -0.4725 CE9073 0.45
5.1975 10.395 0.9449999 FFCCAD 0.45
5.1975 10.395 -0.9449999 FFCBAD 0.45
5.1975 10.8675 0.9449999 FFCCAD 0.45
5.1975 10.8675 -0.9449999 FFCCAD 0.45
5.1975 11.34 0.9449999 FFCCAD 0.45
5.1975 11.34 -0.9449999 FFCCAD 0.45
5.1975 11.8125 0.4725 ECAF97 0.45
5.1975 11.8125 0 ECAF97 0.45
5.1975 11.8125 -0.4725 ECAF97 0.45
4.725 10.395 0.4725 CE9073 0.45
4.725 10.395 0 CE9073 0.45
4.725 10.395 -0.4725 CE9073 0.45
4.725 10.395 0.9449999 FFCCAD 0.45
4.725 10.395 -0.9449999 FFCBAD 0.45
4.725 10.8675 0.9449999 FFCCAD 0.45
4.725 10.8675 -0.9449999 FFCCAD 0.45
4.725 11.34 0.9449999 FFCCAD 0.45
4.725 11.34 -0.9449999 FFCCAD 0.45
4.725 11.8125 0.4725 ECAF97 0.45
4.725 11.8125 0 ECAF97 0.45
4.725 11.8125 -0.4725 ECAF97 0.45
4.2525 10.395 0.4725 CE9073 0.45
4.2525 10.395 0 CE9073 0.45
4.2525 10.395 -0.4725 CE9073 0.45
4.2525 10.395 0.9449999 FFCCAD 0.45
4.2525 10.395 -0.9449999 FFCBAD 0.45
4.2525 10.8675 0.9449999 FFCCAD 0.45
4.2525 10.8675 -0.9449999 FFCCAD 0.45
4.2525 11.34 0.9449999 FFCCAD 0.45
4.2525 11.34 -0.9449999 FFCCAD 0.45
4.2525 11.8125 0.4725 ECAF97 0.45
4.2525 11.8125 0 ECAF97 0.45
4.2525 11.8125 -0.4725 ECAF97 0.45
3.78 10.395 0.4725 CE9073 0.45
3.78 10.395 0 CE9073 0.45
3.78 10.395 -0.4725 CE9073 0.45
3.78 10.395 0.9449999 FFCCAD 0.45
3.78 10.395 -0.9449999 FFCBAD 0.45
3.78 10.8675 0.9449999 FFCCAD 0.45
3.78 10.8675 -0.9449999 FFCCAD 0.45
3.78 11.34 0.9449999 FFCCAD 0.45
3.78 11.34 -0.9449999 FFCCAD 0.45
3.78 11.8125 0.4725 ECAF97 0.45
3.78 11.8125 0 ECAF97 0.45
3.78 11.8125 -0.4725 ECAF97 0.45
3.3075 10.395 0.4725 CE9073 0.45
3.3075 10.395 0 CE9073 0.45
3.3075 10.395 -0.4725 CE9073 0.45
3.3075 10.395 0.9449999 FFCCAD 0.45
3.3075 10.395 -0.9449999 FFCBAD 0.45
3.3075 10.8675 0.9449999 FFCCAD 0.45
3.3075 10.8675 -0.9449999 FFCCAD 0.45
3.3075 11.34 0.9449999 FFCCAD 0.45
3.3075 11.34 -0.9449999 FFCCAD 0.45
3.3075 11.8125 0.4725 ECAF97 0.45
3.3075 11.8125 0 ECAF97 0.45
3.3075 11.8125 -0.4725 ECAF97 0.45
2.835 10.395 0.4725 CE9073 0.45
2.835 10.395 0 CE9073 0.45
2.835 10.395 -0.4725 CE9073 0.45
2.835 10.395 0.9449999 FFCCAD 0.45
2.835 10.395 -0.9449999 FFCBAD 0.45
2.835 10.8675 0.9449999 FFCCAD 0.45
2.835 10.8675 -0.9449999 FFCCAD 0.45
2.835 11.34 0.9449999 FFCCAD 0.45
2.835 11.34 -0.9449999 FFCCAD 0.45
2.835 11.8125 0.4725 ECAF97 0.45
2.835 11.8125 0 ECAF97 0.45
2.835 11.8125 -0.4725 ECAF97 0.45
-2.835 10.395 0.4725 EFB29C 0.45
-2.835 10.395 0 EFB29C 0.45
-2.835 10.395 -0.4725 EFB29C 0.45
2.835 10.8675 0.4725 EEB39C 0.45
-2.835 10.8675 0.4725 EEB39C 0.45
2.835 10.8675 0 CE9073 0.45
-2.835 10.8675 0 EEB39C 0.45
2.835 10.8675 -0.4725 EEB39C 0.45
-2.835 10.8675 -0.4725 EEB39C 0.45
2.835 11.34 0.4725 EEB39C 0.45
-2.835 11.34 0.4725 EEB39C 0.45
2.835 11.34 0 EFB29C 0.45
-2.835 11.34 0 CE9073 0.45
2.835 11.34 -0.4725 EEB39C 0.45
-2.835 11.34 -0.4725 EFB29C 0.45
2.3625 11.8125 1.4175 FFCCAD 0.45
2.3625 11.8125 0.9449999 FFCCAD 0.45
2.3625 11.8125 0.4725 FFCCAD 0.45
2.3625 11.8125 0 FFCCAD 0.45
2.3625 11.8125 -0.4725 FFCCAD 0.45
2.3625 11.8125 -0.9449999 FFCCAD 0.45
2.3625 11.8125 -1.4175 FFCCAD 0.45
1.89 11.34 1.89 CE9273 0.45
1.89 5.1975 1.4175 CE9073 0.45
1.89 5.1975 0.9449999 CE9073 0.45
1.89 5.1975 -0.9449999 CE9073 0.45
1.89 5.1975 -1.4175 CE9073 0.45
1.89 11.34 -1.89 CE9073 0.45
1.89 0.9449999 0.9449999 FFCBAD 0.45
1.89 0.9449999 -0.9449999 FFCCAD 0.45
1.89 1.4175 0.9449999 FFCBAD 0.45
-0.4725 1.4175 0.4725 ECAF97 0.45
-0.4725 1.4175 0 ECAF97 0.45
-0.4725 1.4175 -0.4725 ECAF97 0.45
1.89 1.4175 -0.9449999 FFCCAD 0.45
1.89 1.89 0.9449999 FFCBAD 0.45
-0.4725 1.89 0.4725 ECAF97 0.45
-0.4725 1.89 0 ECAF97 0.45
-0.4725 1.89 -0.4725 ECAF97 0.45
1.89 1.89 -0.9449999 FFCCAD 0.45
1.89 2.3625 0.9449999 FFCBAD 0.45
-0.4725 2.3625 0.4725 ECAF97 0.45
-0.4725 2.3625 0 ECAF97 0.45
-0.4725 2.3625 -0.4725 ECAF97 0.45
1.89 2.3625 -0.9449999 FFCCAD 0.45
1.89 2.835 0.9449999 FFCBAD 0.45
-0.4725 2.835 0.4725 ECAF97 0.45
-0.4725 2.835 0 ECAF97 0.45
-0.4725 2.835 -0.4725 ECAF97 0.45
1.89 2.835 -0.9449999 FFCCAD 0.45
1.89 3.3075 0.9449999 FFCCAD 0.45
1.89 5.1975 0.4725 CE9073 0.45
-0.4725 3.3075 0.4725 ECAF97 0.45
1.89 5.1975 0 CE9073 0.45
-0.4725 3.3075 0 ECAF97 0.45
1.89 5.1975 -0.4725 CE9073 0.45
-0.4725 3.3075 -0.4725 ECAF97 0.45
1.89 3.3075 -0.9449999 FFCCAD 0.45
1.89 3.78 0.9449999 FFCCAD 0.45
-0.4725 3.78 0.4725 ECAF97 0.45
-0.4725 3.78 0 ECAF97 0.45
-0.4725 3.78 -0.4725 ECAF97 0.45
1.89 3.78 -0.9449999 FFCCAD 0.45
1.89 4.2525 0.9449999 FFCCAD 0.45
-0.4725 4.2525 0.4725 ECAF97 0.45
-0.4725 4.2525 0 ECAF97 0.45
-0.4725 4.2525 -0.4725 ECAF97 0.45
1.89 4.2525 -0.9449999 FFCCAD 0.45
1.89 4.725 0.9449999 FFCCAD 0.45
-0.4725 4.725 0.4725 ECAF97 0.45
-0.4725 4.725 0 ECAF97 0.45
-0.4725 4.725 -0.4725 ECAF97 0.45
1.89 4.725 -0.9449999 FFCCAD 0.45
1.89 6.142499 1.4175 568214 0.45
1.89 6.142499 0.9449999 568214 0.45
1.89 6.142499 0.4725 568214 0.45
-0.4725 5.1975 0.4725 ECAF97 0.45
1.89 6.142499 0 568214 0.45
-0.4725 5.1975 0 ECAF97 0.45
1.89 6.142499 -0.4725 568214 0.45
-0.4725 5.1975 -0.4725 ECAF97 0.45
1.89 6.142499 -0.9449999 568214 0.45
1.89 6.142499 -1.4175 568214 0.45
1.89 5.67 1.4175 FFCCAD 0.45
1.89 5.67 0.4725 ECAF97 0.45
1.89 5.67 0 ECAF97 0.45
1.89 5.67 -0.4725 ECAF97 0.45
1.89 5.67 -1.4175 FFCCAD 0.45
1.89 11.34 1.4175 CE9073 0.45
1.89 11.34 0.9449999 CE9073 0.45
1.89 11.34 0.4725 CE9073 0.45
1.89 11.34 0 CE9073 0.45
1.89 11.34 -0.4725 CE9073 0.45
1.89 11.34 -0.9449999 CE9073 0.45
1.89 11.34 -1.4175 CE9073 0.45
1.89 6.615 1.4175 73A229 0.45
1.89 6.615 -1.4175 73A229 0.45
1.89 7.0875 1.4175 FFCBAD 0.45
1.89 7.0875 -1.4175 FFCBAD 0.45
1.89 7.559999 1.4175 FFCCAD 0.45
1.89 7.559999 -1.4175 FFCCAD 0.45
1.89 8.0325 1.4175 FFCCAD 0.45
1.89 8.0325 -1.4175 FFCCAD 0.45
1.89 8.504999 1.4175 FFCCAD 0.45
1.89 8.504999 -1.4175 5A3410 0.45
1.89 8.9775 1.4175 4A3718 0.45
1.89 8.9775 -1.4175 634116 0.45
1.89 9.45 1.4175 4A3818 0.45
1.89 9.45 -1.4175 634116 0.45
1.89 9.9225 1.4175 4A3818 0.45
1.89 9.9225 -1.4175 634116 0.45
1.89 10.395 1.4175 4A3818 0.45
1.89 10.395 -1.4175 4D3818 0.45
1.89 10.8675 1.4175 4A3818 0.45
1.89 10.8675 -1.4175 4D3818 0.45
1.4175 11.34 1.89 CE9273 0.45
1.4175 5.1975 1.4175 CE9073 0.45
1.4175 5.1975 0.9449999 CE9073 0.45
1.4175 0 0.4725 ECAF97 0.45
1.4175 0 0 ECAF97 0.45
1.4175 0 -0.4725 ECAF97 0.45
1.4175 0 -0.9449999 ECAF97 0.45
1.4175 5.1975 -1.4175 CE9073 0.45
1.4175 11.34 -1.89 CE9073 0.45
-0.4725 0 0.4725 CE9073 0.45
-0.4725 0 0 CE9073 0.45
-0.4725 0 -0.4725 CE9073 0.45
-0.4725 0 -0.9449999 CE9073 0.45
1.4175 0 -1.4175 FFCCAD 0.45
1.4175 0.4725 0.4725 FFCCAD 0.45
1.4175 0.9449999 0.4725 FFCCAD 0.45
-0.4725 0.4725 0.4725 CE9073 0.45
1.4175 0.9449999 0 FFCCAD 0.45
-0.4725 0.4725 0 CE9073 0.45
1.4175 0.9449999 -0.4725 FFCCAD 0.45
-0.4725 0.4725 -0.4725 CE9073 0.45
1.4175 5.1975 -0.9449999 CE9073 0.45
-0.4725 0.4725 -0.9449999 CE9073 0.45
1.4175 0.4725 -1.4175 FFCCAD 0.45
1.4175 0.9449999 0.9449999 FFCCAD 0.45
1.4175 2.835 0.4725 ECAF97 0.45
-0.4725 0.9449999 0.4725 ECAF97 0.45
1.4175 2.835 0 ECAF97 0.45
-0.4725 0.9449999 0 ECAF97 0.45
1.4175 2.835 -0.4725 ECAF97 0.45
-0.4725 0.9449999 -0.4725 ECAF97 0.45
1.4175 0.9449999 -0.9449999 FFCCAD 0.45
1.4175 1.4175 0.9449999 FFCCAD 0.45
1.4175 1.4175 -0.9449999 FFCCAD 0.45
1.4175 1.89 0.9449999 FFCCAD 0.45
1.4175 1.89 -0.9449999 FFCCAD 0.45
1.4175 2.3625 0.9449999 FFCCAD 0.45
1.4175 2.3625 -0.9449999 FFCCAD 0.45
1.4175 2.835 0.9449999 FFCCAD 0.45
1.4175 2.835 -0.9449999 FFCCAD 0.45
1.4175 3.3075 0.9449999 FFCCAD 0.45
1.4175 5.1975 0.4725 CE9073 0.45
1.4175 5.1975 0 CE9073 0.45
1.4175 5.1975 -0.4725 CE9073 0.45
1.4175 3.3075 -0.9449999 FFCCAD 0.45
1.4175 3.78 0.9449999 FFCCAD 0.45
1.4175 3.3075 0.4725 ECAF97 0.45
1.4175 3.3075 0 ECAF97 0.45
1.4175 3.3075 -0.4725 ECAF97 0.45
1.4175 3.78 -0.9449999 FFCCAD 0.45
1.4175 4.2525 0.9449999 FFCCAD 0.45
1.4175 4.2525 -0.9449999 FFCCAD 0.45
1.4175 4.725 0.9449999 FFCCAD 0.45
1.4175 4.725 -0.9449999 FFCCAD 0.45
1.4175 6.142499 1.4175 568214 0.45
1.4175 6.142499 0.9449999 568214 0.45
1.4175 6.142499 0.4725 568214 0.45
1.4175 6.142499 0 568214 0.45
1.4175 6.142499 -0.4725 568214 0.45
1.4175 6.142499 -0.9449999 568214 0.45
1.4175 6.142499 -1.4175 568214 0.45
1.4175 5.67 1.4175 FFCCAD 0.45
1.4175 5.67 0.4725 ECAF97 0.45
1.4175 5.67 0 ECAF97 0.45
1.4175 5.67 -0.4725 ECAF97 0.45
1.4175 5.67 -1.4175 FFCCAD 0.45
1.4175 11.34 1.4175 CE9073 0.45
1.4175 11.34 0.9449999 CE9073 0.45
1.4175 11.34 0.4725 CE9073 0.45
1.4175 11.34 0 CE9073 0.45
1.4175 11.34 -0.4725 CE9073 0.45
1.4175 11.34 -0.9449999 CE9073 0.45
1.4175 11.34 -1.4175 CE9073 0.45
1.4175 6.615 1.4175 73A229 0.45
1.4175 6.615 -1.4175 73A229 0.45
1.4175 7.0875 1.4175 FFCBAD 0.45
1.4175 7.0875 -1.4175 FFCBAD 0.45
1.4175 7.559999 1.4175 FFCCAD 0.45
1.4175 7.559999 -1.4175 FFCCAD 0.45
1.4175 8.0325 1.4175 FFCCAD 0.45
1.4175 8.0325 -1.4175 FFCFDE 0.45
1.4175 8.504999 1.4175 FFCCAD 0.45
1.4175 8.504999 -1.4175 F40036 0.45
1.4175 8.9775 1.4175 4A3718 0.45
1.4175 8.9775 -1.4175 F7CFDE 0.45
1.4175 9.45 1.4175 FFCBAD 0.45
1.4175 9.45 -1.4175 F70039 0.45
1.4175 9.9225 1.4175 FFCCAD 0.45
1.4175 9.9225 -1.4175 F7CFE7 0.45
1.4175 10.395 1.4175 FFCCAD 0.45
1.4175 10.395 -1.4175 FFCFDE 0.45
1.4175 10.8675 1.4175 FFCFDE 0.45
1.4175 10.8675 -1.4175 F7CFDE 0.45
1.4175 11.8125 1.89 ECAF97 0.45
1.4175 11.8125 1.4175 F7184A 0.45
1.4175 11.8125 0.9449999 F7184A 0.45
1.4175 11.8125 0.4725 F7184A 0.45
1.4175 11.8125 0 F4194A 0.45
1.4175 11.8125 -0.4725 F7184A 0.45
1.4175 11.8125 -0.9449999 F7184A 0.45
1.4175 11.8125 -1.4175 F7184A 0.45
1.4175 11.8125 -1.89 FFCCAD 0.45
1.4175 12.285 1.89 EFAE94 0.45
1.4175 12.285 -1.89 FFCCAD 0.45
1.4175 12.7575 1.89 080505 0.45
1.4175 12.7575 -1.89 FFB2AD 0.45
1.4175 13.23 1.89 080505 0.45
1.4175 13.23 -1.89 FFCCAD 0.45
1.4175 13.7025 1.89 080505 0.45
1.4175 13.7025 -1.89 080408 0.45
1.4175 14.175 1.89 080505 0.45
1.4175 14.175 -1.89 080408 0.45
1.4175 14.6475 1.89 080505 0.45
1.4175 14.6475 -1.89 080505 0.45
1.4175 15.12 1.89 080505 0.45
1.4175 15.12 -1.89 080505 0.45
1.4175 15.5925 1.89 080505 0.45
1.4175 15.5925 -1.89 080505 0.45
1.4175 15.5925 1.4175 1C1818 0.45
1.4175 15.5925 0.9449999 1C1818 0.45
1.4175 15.5925 0.4725 1C1818 0.45
1.4175 15.5925 0 1C1818 0.45
1.4175 15.5925 -0.4725 1C1818 0.45
1.4175 15.5925 -0.9449999 1C1818 0.45
1.4175 15.5925 -1.4175 1C1818 0.45
0.9449999 11.34 1.89 CE9273 0.45
0.9449999 5.1975 1.4175 CE9073 0.45
0.9449999 5.1975 0.9449999 CE9073 0.45
0.9449999 0 0.4725 ECAF97 0.45
0.9449999 0 0 ECAF97 0.45
0.9449999 0 -0.4725 ECAF97 0.45
0.9449999 0 -0.9449999 ECAF97 0.45
0.9449999 5.1975 -1.4175 CE9073 0.45
0.9449999 11.34 -1.89 CE9073 0.45
0.9449999 0 -1.4175 FFCCAD 0.45
0.9449999 0.4725 0.4725 FFCCAD 0.45
0.9449999 0.9449999 0.4725 FFCCAD 0.45
0.9449999 0.9449999 0 FFCCAD 0.45
0.9449999 0.9449999 -0.4725 FFCCAD 0.45
0.9449999 5.1975 -0.9449999 CE9073 0.45
0.9449999 0.4725 -1.4175 FFCCAD 0.45
0.9449999 0.9449999 0.9449999 FFCCAD 0.45
0.9449999 2.835 0.4725 ECAF97 0.45
0.9449999 2.835 0 ECAF97 0.45
0.9449999 2.835 -0.4725 ECAF97 0.45
0.9449999 0.9449999 -0.9449999 FFCCAD 0.45
0.9449999 1.4175 0.9449999 FFCCAD 0.45
0.9449999 1.4175 -0.9449999 FFCCAD 0.45
0.9449999 1.89 0.9449999 FFCCAD 0.45
0.9449999 1.89 -0.9449999 FFCCAD 0.45
0.9449999 2.3625 0.9449999 FFCCAD 0.45
0.9449999 2.3625 -0.9449999 FFCCAD 0.45
0.9449999 2.835 0.9449999 FFCCAD 0.45
0.9449999 2.835 -0.9449999 FFCCAD 0.45
0.9449999 3.3075 0.9449999 FFCCAD 0.45
0.9449999 5.1975 0.4725 CE9073 0.45
0.9449999 5.1975 0 CE9073 0.45
0.9449999 5.1975 -0.4725 CE9073 0.45
0.9449999 3.3075 -0.9449999 FFCCAD 0.45
0.9449999 3.78 0.9449999 FFCCAD 0.45
0.9449999 3.3075 0.4725 ECAF97 0.45
0.9449999 3.3075 0 ECAF97 0.45
0.9449999 3.3075 -0.4725 ECAF97 0.45
0.9449999 3.78 -0.9449999 FFCCAD 0.45
0.9449999 4.2525 0.9449999 FFCCAD 0.45
0.9449999 4.2525 -0.9449999 FFCCAD 0.45
0.9449999 4.725 0.9449999 FFCCAD 0.45
0.9449999 4.725 -0.9449999 FFCCAD 0.45
0.9449999 6.142499 1.4175 568214 0.45
0.9449999 6.142499 0.9449999 568214 0.45
0.9449999 6.142499 0.4725 568214 0.45
0.9449999 6.142499 0 568214 0.45
0.9449999 6.142499 -0.4725 568214 0.45
0.9449999 6.142499 -0.9449999 568214 0.45
0.9449999 6.142499 -1.4175 568214 0.45
0.9449999 5.67 1.4175 FFCCAD 0.45
0.9449999 5.67 0.4725 ECAF97 0.45
0.9449999 5.67 0 ECAF97 0.45
0.9449999 5.67 -0.4725 ECAF97 0.45
0.9449999 5.67 -1.4175 FFCCAD 0.45
0.9449999 11.34 1.4175 CE9073 0.45
0.9449999 11.34 0.9449999 CE9073 0.45
0.9449999 11.34 0.4725 CE9073 0.45
0.9449999 11.34 0 CE9073 0.45
0.9449999 11.34 -0.4725 CE9073 0.45
0.9449999 11.34 -0.9449999 CE9073 0.45
0.9449999 11.34 -1.4175 CE9073 0.45
0.9449999 6.615 1.4175 73A229 0.45
0.9449999 6.615 -1.4175 73A229 0.45
0.9449999 7.0875 1.4175 FFCBAD 0.45
0.9449999 7.0875 -1.4175 F7BA9C 0.45
0.9449999 7.559999 1.4175 FFCCAD 0.45
0.9449999 7.559999 -1.4175 F40036 0.45
0.9449999 8.0325 1.4175 FFCCAD 0.45
0.9449999 8.0325 -1.4175 FFCFDE 0.45
0.9449999 8.504999 1.4175 FFCCAD 0.45
0.9449999 8.504999 -1.4175 F7CFE7 0.45
0.9449999 8.9775 1.4175 4A3718 0.45
0.9449999 8.9775 -1.4175 F40036 0.45
0.9449999 9.45 1.4175 FFCBAD 0.45
0.9449999 9.45 -1.4175 E74973 0.45
0.9449999 9.9225 1.4175 FFCCAD 0.45
0.9449999 9.9225 -1.4175 F40036 0.45
0.9449999 10.395 1.4175 F70031 0.45
0.9449999 10.395 -1.4175 F40036 0.45
0.9449999 10.8675 1.4175 FFCFDE 0.45
0.9449999 10.8675 -1.4175 F40036 0.45
0.9449999 11.8125 1.89 ECAF97 0.45
0.9449999 11.8125 1.4175 FFD3E7 0.45
0.9449999 11.8125 0.9449999 F4194A 0.45
0.9449999 11.8125 0.4725 FFD3E7 0.45
0.9449999 11.8125 0 F4194A 0.45
0.9449999 11.8125 -0.4725 FFD3E7 0.45
0.9449999 11.8125 -0.9449999 F7184A 0.45
0.9449999 11.8125 -1.4175 FFD3E7 0.45
0.9449999 11.8125 -1.89 FFCCAD 0.45
0.9449999 12.285 1.89 EFAE94 0.45
0.9449999 12.285 -1.89 FFCCAD 0.45
0.9449999 12.7575 1.89 080505 0.45
0.9449999 12.7575 -1.89 FFB2AD 0.45
0.9449999 13.23 1.89 080505 0.45
0.9449999 13.23 -1.89 FFCBAD 0.45
0.9449999 13.7025 1.89 080505 0.45
0.9449999 13.7025 -1.89 3F1229 0.45
0.9449999 14.175 1.89 080505 0.45
0.9449999 14.175 -1.89 080505 0.45
0.9449999 14.6475 1.89 080505 0.45
0.9449999 14.6475 -1.89 080505 0.45
0.9449999 15.12 1.89 080505 0.45
0.9449999 15.12 -1.89 080505 0.45
0.9449999 15.5925 1.89 080505 0.45
0.9449999 15.5925 -1.89 080505 0.45
0.9449999 15.5925 1.4175 1C1818 0.45
0.9449999 15.5925 0.9449999 1C1818 0.45
0.9449999 15.5925 0.4725 1C1818 0.45
0.9449999 15.5925 0 1C1818 0.45
0.9449999 15.5925 -0.4725 1C1818 0.45
0.9449999 15.5925 -0.9449999 1C1818 0.45
0.9449999 15.5925 -1.4175 1C1818 0.45
0.4725 11.34 1.89 CE9273 0.45
0.4725 5.1975 1.4175 CE9073 0.45
0.4725 5.1975 0.9449999 CE9073 0.45
0.4725 5.1975 0.4725 CE9073 0.45
0.4725 5.1975 0 CE9073 0.45
0.4725 5.1975 -0.4725 CE9073 0.45
0.4725 5.1975 -0.9449999 CE9073 0.45
0.4725 5.1975 -1.4175 CE9073 0.45
0.4725 11.34 -1.89 CE9073 0.45
0.4725 0 0.4725 CE9073 0.45
0.4725 0 0 CE9073 0.45
0.4725 0 -0.4725 CE9073 0.45
0.4725 0 -0.9449999 CE9073 0.45
0.4725 0.4725 0.4725 CE9073 0.45
0.4725 0.4725 0 CE9073 0.45
0.4725 0.4725 -0.4725 CE9073 0.45
0.4725 0.4725 -0.9449999 CE9073 0.45
0.4725 0.9449999 0.4725 ECAF97 0.45
0.4725 0.9449999 0 ECAF97 0.45
0.4725 0.9449999 -0.4725 ECAF97 0.45
0.4725 1.4175 0.4725 ECAF97 0.45
0.4725 1.4175 0 ECAF97 0.45
0.4725 1.4175 -0.4725 ECAF97 0.45
0.4725 1.89 0.4725 ECAF97 0.45
0.4725 1.89 0 ECAF97 0.45
0.4725 1.89 -0.4725 ECAF97 0.45
0.4725 2.3625 0.4725 ECAF97 0.45
0.4725 2.3625 0 ECAF97 0.45
0.4725 2.3625 -0.4725 ECAF97 0.45
0.4725 2.835 0.4725 ECAF97 0.45
0.4725 2.835 0 ECAF97 0.45
0.4725 2.835 -0.4725 ECAF97 0.45
0.4725 3.3075 0.4725 ECAF97 0.45
0.4725 3.3075 0 ECAF97 0.45
0.4725 3.3075 -0.4725 ECAF97 0.45
0.4725 3.78 0.4725 ECAF97 0.45
0.4725 3.78 0 ECAF97 0.45
0.4725 3.78 -0.4725 ECAF97 0.45
0.4725 4.2525 0.4725 ECAF97 0.45
0.4725 4.2525 0 ECAF97 0.45
0.4725 4.2525 -0.4725 ECAF97 0.45
0.4725 4.725 0.4725 ECAF97 0.45
0.4725 4.725 0 ECAF97 0.45
0.4725 4.725 -0.4725 ECAF97 0.45
0.4725 6.142499 1.4175 568214 0.45
0.4725 6.142499 0.9449999 568214 0.45
0.4725 6.142499 0.4725 568214 0.45
0.4725 6.142499 0 568214 0.45
0.4725 6.142499 -0.4725 568214 0.45
0.4725 6.142499 -0.9449999 568214 0.45
0.4725 6.142499 -1.4175 568214 0.45
0.4725 5.67 1.4175 FFCCAD 0.45
0.4725 5.67 -1.4175 FFCCAD 0.45
0.4725 11.34 1.4175 CE9073 0.45
0.4725 11.34 0.9449999 CE9073 0.45
0.4725 11.34 0.4725 CE9073 0.45
0.4725 11.34 0 CE9073 0.45
0.4725 11.34 -0.4725 CE9073 0.45
0.4725 11.34 -0.9449999 CE9073 0.45
0.4725 11.34 -1.4175 CE9073 0.45
0.4725 6.615 1.4175 73A229 0.45
0.4725 6.615 -1.4175 73A229 0.45
0.4725 7.0875 1.4175 FFCBAD 0.45
0.4725 7.0875 -1.4175 EFAE94 0.45
0.4725 7.559999 1.4175 FFCCAD 0.45
0.4725 7.559999 -1.4175 B55984 0.45
0.4725 8.0325 1.4175 FFCCAD 0.45
0.4725 8.0325 -1.4175 FFCFDE 0.45
0.4725 8.504999 1.4175 FFCCAD 0.45
0.4725 8.504999 -1.4175 5A3410 0.45
0.4725 8.9775 1.4175 4A3718 0.45
0.4725 8.9775 -1.4175 634116 0.45
0.4725 9.45 1.4175 FFCBAD 0.45
0.4725 9.45 -1.4175 634116 0.45
0.4725 9.9225 1.4175 FFCBAD 0.45
0.4725 9.9225 -1.4175 FFCCAD 0.45
0.4725 10.395 1.4175 EF0039 0.45
0.4725 10.395 -1.4175 FFCCAD 0.45
0.4725 10.8675 1.4175 F70031 0.45
0.4725 10.8675 -1.4175 FFCCAD 0.45
0.4725 11.8125 1.89 ECAF97 0.45
0.4725 11.8125 1.4175 FFCCAD 0.45
0.4725 11.8125 0.9449999 FFCCAD 0.45
0.4725 11.8125 0.4725 F7BEA4 0.45
0.4725 11.8125 0 F7BEA4 0.45
0.4725 11.8125 -0.4725 F7BEA4 0.45
0.4725 11.8125 -0.9449999 F7BEA4 0.45
0.4725 11.8125 -1.4175 F7BEA4 0.45
0.4725 11.8125 -1.89 FFCCAD 0.45
0.4725 12.285 1.89 EFAE94 0.45
0.4725 12.285 -1.89 FFCBAD 0.45
0.4725 12.7575 1.89 080505 0.45
0.4725 12.7575 -1.89 FFCCAD 0.45
0.4725 13.23 1.89 080505 0.45
0.4725 13.23 -1.89 FFCCAD 0.45
0.4725 13.7025 1.89 080505 0.45
0.4725 13.7025 -1.89 FFCCAD 0.45
0.4725 14.175 1.89 080505 0.45
0.4725 14.175 -1.89 FFCCAD 0.45
0.4725 14.6475 1.89 080505 0.45
0.4725 14.6475 -1.89 080408 0.45
0.4725 15.12 1.89 080505 0.45
0.4725 15.12 -1.89 080408 0.45
0.4725 15.5925 1.89 080505 0.45
0.4725 15.5925 -1.89 080505 0.45
0.4725 15.5925 1.4175 1C1818 0.45
0.4725 15.5925 0.9449999 1C1818 0.45
0.4725 15.5925 0.4725 1C1818 0.45
0.4725 15.5925 0 1C1818 0.45
0.4725 15.5925 -0.4725 1C1818 0.45
0.4725 15.5925 -0.9449999 1C1818 0.45
0.4725 15.5925 -1.4175 1C1818 0.45
0 11.34 1.89 CE9273 0.45
0 5.1975 1.4175 CE9073 0.45
0 5.1975 0.9449999 CE9073 0.45
0 5.1975 0.4725 CE9073 0.45
0 5.1975 0 CE9073 0.45
0 5.1975 -0.4725 CE9073 0.45
0 5.1975 -0.9449999 CE9073 0.45
0 5.1975 -1.4175 CE9073 0.45
0 11.34 -1.89 CE9073 0.45
0 6.142499 1.4175 568214 0.45
0 6.142499 0.9449999 568214 0.45
0 6.142499 0.4725 568214 0.45
0 6.142499 0 568214 0.45
0 6.142499 -0.4725 568214 0.45
0 6.142499 -0.9449999 568214 0.45
0 6.142499 -1.4175 568214 0.45
0 5.67 1.4175 FFCCAD 0.45
0 5.67 -1.4175 FFCCAD 0.45
0 11.34 1.4175 CE9073 0.45
0 11.34 0.9449999 CE9073 0.45
0 11.34 0.4725 CE9073 0.45
0 11.34 0 CE9073 0.45
0 11.34 -0.4725 CE9073 0.45
0 11.34 -0.9449999 CE9073 0.45
0 11.34 -1.4175 CE9073 0.45
0 6.615 1.4175 73A229 0.45
0 6.615 -1.4175 73A229 0.45
0 7.0875 1.4175 FFCBAD 0.45
0 7.0875 -1.4175 EFAE94 0.45
0 7.559999 1.4175 FFCCAD 0.45
0 7.559999 -1.4175 F70039 0.45
0 8.0325 1.4175 FFCCAD 0.45
0 8.0325 -1.4175 F40036 0.45
0 8.504999 1.4175 FFCCAD 0.45
0 8.504999 -1.4175 FFCCAD 0.45
0 8.9775 1.4175 4A3718 0.45
0 8.9775 -1.4175 634118 0.45
0 9.45 1.4175 FFCBAD 0.45
0 9.45 -1.4175 DA9073 0.45
0 9.9225 1.4175 FFCBAD 0.45
0 9.9225 -1.4175 DA9073 0.45
0 10.395 1.4175 EF0039 0.45
0 10.395 -1.4175 FFCBAD 0.45
0 10.8675 1.4175 F30035 0.45
0 10.8675 -1.4175 FFCCAD 0.45
0 11.8125 1.89 ECAF97 0.45
0 11.8125 1.4175 FFCCAD 0.45
0 11.8125 0.9449999 FFCCAD 0.45
0 11.8125 0.4725 F7BEA4 0.45
0 11.8125 0 F7BEA4 0.45
0 11.8125 -0.4725 F7BEA4 0.45
0 11.8125 -0.9449999 F7BEA4 0.45
0 11.8125 -1.4175 F7BEA4 0.45
0 11.8125 -1.89 FFCCAD 0.45
0 12.285 1.89 EFAE94 0.45
0 12.285 -1.89 FF828C 0.45
0 12.7575 1.89 080505 0.45
0 12.7575 -1.89 FFCCAD 0.45
0 13.23 1.89 080505 0.45
0 13.23 -1.89 FFCCAD 0.45
0 13.7025 1.89 080505 0.45
0 13.7025 -1.89 FFCCAD 0.45
0 14.175 1.89 080505 0.45
0 14.175 -1.89 FFCCAD 0.45
0 14.6475 1.89 080505 0.45
0 14.6475 -1.89 FFCBAD 0.45
0 15.12 1.89 080505 0.45
0 15.12 -1.89 080505 0.45
0 15.5925 1.89 080505 0.45
0 15.5925 -1.89 080505 0.45
0 15.5925 1.4175 1C1818 0.45
0 15.5925 0.9449999 1C1818 0.45
0 15.5925 0.4725 1C1818 0.45
0 15.5925 0 1C1818 0.45
0 15.5925 -0.4725 1C1818 0.45
0 15.5925 -0.9449999 1C1818 0.45
0 15.5925 -1.4175 1C1818 0.45
-0.4725 11.34 1.89 CE9273 0.45
-0.4725 5.1975 1.4175 CE9073 0.45
-0.4725 5.1975 0.9449999 CE9073 0.45
-0.4725 5.1975 -0.9449999 CE9073 0.45
-0.4725 5.1975 -1.4175 CE9073 0.45
-0.4725 11.34 -1.89 CE9073 0.45
-0.4725 3.3075 0.9449999 EFAE94 0.45
-0.4725 3.78 0.9449999 EFAE94 0.45
-0.4725 4.2525 0.9449999 EFAE94 0.45
-0.4725 4.725 0.9449999 EFAE94 0.45
-0.4725 6.142499 1.4175 568214 0.45
-0.4725 6.142499 0.9449999 568214 0.45
-0.4725 6.142499 0.4725 568214 0.45
-0.4725 6.142499 0 568214 0.45
-0.4725 6.142499 -0.4725 568214 0.45
-0.4725 6.142499 -0.9449999 568214 0.45
-0.4725 6.142499 -1.4175 568214 0.45
-0.4725 5.67 1.4175 FFCCAD 0.45
-0.4725 5.67 -1.4175 FFCCAD 0.45
-0.4725 11.34 1.4175 CE9073 0.45
-0.4725 11.34 0.9449999 CE9073 0.45
-0.4725 11.34 0.4725 CE9073 0.45
-0.4725 11.34 0 CE9073 0.45
-0.4725 11.34 -0.4725 CE9073 0.45
-0.4725 11.34 -0.9449999 CE9073 0.45
-0.4725 11.34 -1.4175 CE9073 0.45
-0.4725 6.615 1.4175 73A229 0.45
-0.4725 6.615 -1.4175 73A229 0.45
-0.4725 7.0875 1.4175 FFCBAD 0.45
-0.4725 7.0875 -1.4175 EFAE94 0.45
-0.4725 7.559999 1.4175 FFCCAD 0.45
-0.4725 7.559999 -1.4175 B55984 0.45
-0.4725 8.0325 1.4175 FFCCAD 0.45
-0.4725 8.0325 -1.4175 FFCFDE 0.45
-0.4725 8.504999 1.4175 FFCCAD 0.45
-0.4725 8.504999 -1.4175 5A3410 0.45
-0.4725 8.9775 1.4175 4A3718 0.45
-0.4725 8.9775 -1.4175 634116 0.45
-0.4725 9.45 1.4175 FFCBAD 0.45
-0.4725 9.45 -1.4175 634116 0.45
-0.4725 9.9225 1.4175 FFCBAD 0.45
-0.4725 9.9225 -1.4175 FFCCAD 0.45
-0.4725 10.395 1.4175 F30035 0.45
-0.4725 10.395 -1.4175 FFCCAD 0.45
-0.4725 10.8675 1.4175 F70031 0.45
-0.4725 10.8675 -1.4175 FFCCAD 0.45
-0.4725 11.8125 1.89 ECAF97 0.45
-0.4725 11.8125 1.4175 FFCCAD 0.45
-0.4725 11.8125 0.9449999 FFCCAD 0.45
-0.4725 11.8125 0.4725 F7BEA4 0.45
-0.4725 11.8125 0 F7BEA4 0.45
-0.4725 11.8125 -0.4725 F7BEA4 0.45
-0.4725 11.8125 -0.9449999 F7BEA4 0.45
-0.4725 11.8125 -1.4175 F7BEA4 0.45
-0.4725 11.8125 -1.89 FFCCAD 0.45
-0.4725 12.285 1.89 EFAE94 0.45
-0.4725 12.285 -1.89 FFCBAD 0.45
-0.4725 12.7575 1.89 080505 0.45
-0.4725 12.7575 -1.89 FFCCAD 0.45
-0.4725 13.23 1.89 080505 0.45
-0.4725 13.23 -1.89 FFCCAD 0.45
-0.4725 13.7025 1.89 080505 0.45
-0.4725 13.7025 -1.89 FFCCAD 0.45
-0.4725 14.175 1.89 080505 0.45
-0.4725 14.175 -1.89 FFCCAD 0.45
-0.4725 14.6475 1.89 080505 0.45
-0.4725 14.6475 -1.89 FFCCAD 0.45
-0.4725 15.12 1.89 080505 0.45
-0.4725 15.12 -1.89 080408 0.45
-0.4725 15.5925 1.89 080505 0.45
-0.4725 15.5925 -1.89 080505 0.45
-0.4725 15.5925 1.4175 1C1818 0.45
-0.4725 15.5925 0.9449999 1C1818 0.45
-0.4725 15.5925 0.4725 1C1818 0.45
-0.4725 15.5925 0 1C1818 0.45
-0.4725 15.5925 -0.4725 1C1818 0.45
-0.4725 15.5925 -0.9449999 1C1818 0.45
-0.4725 15.5925 -1.4175 1C1818 0.45
-0.9449999 11.34 1.89 CE9273 0.45
-0.9449999 5.1975 1.4175 CE9073 0.45
-0.9449999 5.1975 0.9449999 CE9073 0.45
-0.9449999 0 0.4725 ECAF97 0.45
-0.9449999 0 0 ECAF97 0.45
-0.9449999 0 -0.4725 ECAF97 0.45
-0.9449999 0 -0.9449999 ECAF97 0.45
-0.9449999 5.1975 -1.4175 CE9073 0.45
-0.9449999 11.34 -1.89 CE9073 0.45
-0.9449999 0.9449999 0.4725 FFCCAD 0.45
-0.9449999 0.9449999 0 FFCCAD 0.45
-0.9449999 0.9449999 -0.4725 FFCCAD 0.45
-0.9449999 5.1975 -0.9449999 CE9073 0.45
-0.9449999 0 -1.4175 ECAF97 0.45
-0.9449999 0.4725 0.4725 FFCCAD 0.45
-0.9449999 0.4725 -1.4175 FFCCAD 0.45
-0.9449999 0.9449999 0.9449999 FFCCAD 0.45
-0.9449999 2.835 0.4725 ECAF97 0.45
-0.9449999 2.835 0 ECAF97 0.45
-0.9449999 2.835 -0.4725 ECAF97 0.45
-0.9449999 0.9449999 -0.9449999 FFCCAD 0.45
-0.9449999 1.4175 0.9449999 FFCCAD 0.45
-0.9449999 1.4175 -0.9449999 FFCCAD 0.45
-0.9449999 1.89 0.9449999 FFCCAD 0.45
-0.9449999 1.89 -0.9449999 FFCCAD 0.45
-0.9449999 2.3625 0.9449999 FFCCAD 0.45
-0.9449999 2.3625 -0.9449999 FFCCAD 0.45
-0.9449999 2.835 0.9449999 FFCCAD 0.45
-0.9449999 2.835 -0.9449999 FFCCAD 0.45
-0.9449999 3.3075 0.9449999 FFCCAD 0.45
-0.9449999 5.1975 0.4725 CE9073 0.45
-0.9449999 5.1975 0 CE9073 0.45
-0.9449999 5.1975 -0.4725 CE9073 0.45
-0.9449999 3.3075 -0.9449999 FFCCAD 0.45
-0.9449999 3.78 0.9449999 FFCCAD 0.45
-0.9449999 3.3075 0.4725 ECAF97 0.45
-0.9449999 3.3075 0 ECAF97 0.45
-0.9449999 3.3075 -0.4725 ECAF97 0.45
-0.9449999 3.78 -0.9449999 FFCCAD 0.45
-0.9449999 4.2525 0.9449999 FFCCAD 0.45
-0.9449999 4.2525 -0.9449999 FFCCAD 0.45
-0.9449999 4.725 0.9449999 FFCCAD 0.45
-0.9449999 4.725 -0.9449999 FFCCAD 0.45
-0.9449999 6.142499 1.4175 568214 0.45
-0.9449999 6.142499 0.9449999 568214 0.45
-0.9449999 6.142499 0.4725 568214 0.45
-0.9449999 6.142499 0 568214 0.45
-0.9449999 6.142499 -0.4725 568214 0.45
-0.9449999 6.142499 -0.9449999 568214 0.45
-0.9449999 6.142499 -1.4175 568214 0.45
-0.9449999 5.67 1.4175 FFCCAD 0.45
-0.9449999 5.67 0.4725 ECAF97 0.45
-0.9449999 5.67 0 ECAF97 0.45
-0.9449999 5.67 -0.4725 ECAF97 0.45
-0.9449999 5.67 -1.4175 FFCCAD 0.45
-0.9449999 11.34 1.4175 CE9073 0.45
-0.9449999 11.34 0.9449999 CE9073 0.45
-0.9449999 11.34 0.4725 CE9073 0.45
-0.9449999 11.34 0 CE9073 0.45
-0.9449999 11.34 -0.4725 CE9073 0.45
-0.9449999 11.34 -0.9449999 CE9073 0.45
-0.9449999 11.34 -1.4175 CE9073 0.45
-0.9449999 6.615 1.4175 73A229 0.45
-0.9449999 6.615 -1.4175 73A229 0.45
-0.9449999 7.0875 1.4175 FFCBAD 0.45
-0.9449999 7.0875 -1.4175 F7C3A5 0.45
-0.9449999 7.559999 1.4175 FFCCAD 0.45
-0.9449999 7.559999 -1.4175 F40036 0.45
-0.9449999 8.0325 1.4175 FFCCAD 0.45
-0.9449999 8.0325 -1.4175 FFCFDE 0.45
-0.9449999 8.504999 1.4175 FFCCAD 0.45
-0.9449999 8.504999 -1.4175 F7CFE7 0.45
-0.9449999 8.9775 1.4175 4A3718 0.45
-0.9449999 8.9775 -1.4175 F70039 0.45
-0.9449999 9.45 1.4175 FFCBAD 0.45
-0.9449999 9.45 -1.4175 E94773 0.45
-0.9449999 9.9225 1.4175 FFCCAD 0.45
-0.9449999 9.9225 -1.4175 F70039 0.45
-0.9449999 10.395 1.4175 F70031 0.45
-0.9449999 10.395 -1.4175 EF0039 0.45
-0.9449999 10.8675 1.4175 FFCFDE 0.45
-0.9449999 10.8675 -1.4175 F70039 0.45
-0.9449999 11.8125 1.89 ECAF97 0.45
-0.9449999 11.8125 1.4175 F7184A 0.45
-0.9449999 11.8125 0.9449999 F4194A 0.45
-0.9449999 11.8125 0.4725 F7184A 0.45
-0.9449999 11.8125 0 F4194A 0.45
-0.9449999 11.8125 -0.4725 F7184A 0.45
-0.9449999 11.8125 -0.9449999 F7184A 0.45
-0.9449999 11.8125 -1.4175 F7184A 0.45
-0.9449999 11.8125 -1.89 FFCCAD 0.45
-0.9449999 12.285 1.89 EFAE94 0.45
-0.9449999 12.285 -1.89 FFCCAD 0.45
-0.9449999 12.7575 1.89 080505 0.45
-0.9449999 12.7575 -1.89 FFB2AD 0.45
-0.9449999 13.23 1.89 080505 0.45
-0.9449999 13.23 -1.89 FFCBAD 0.45
-0.9449999 13.7025 1.89 080505 0.45
-0.9449999 13.7025 -1.89 3F1229 0.45
-0.9449999 14.175 1.89 080505 0.45
-0.9449999 14.175 -1.89 080408 0.45
-0.9449999 14.6475 1.89 080505 0.45
-0.9449999 14.6475 -1.89 FFCCAD 0.45
-0.9449999 15.12 1.89 080505 0.45
-0.9449999 15.12 -1.89 080408 0.45
-0.9449999 15.5925 1.89 080505 0.45
-0.9449999 15.5925 -1.89 080505 0.45
-0.9449999 15.5925 1.4175 1C1818 0.45
-0.9449999 15.5925 0.9449999 1C1818 0.45
-0.9449999 15.5925 0.4725 1C1818 0.45
-0.9449999 15.5925 0 1C1818 0.45
-0.9449999 15.5925 -0.4725 1C1818 0.45
-0.9449999 15.5925 -0.9449999 1C1818 0.45
-0.9449999 15.5925 -1.4175 1C1818 0.45
-1.4175 11.34 1.89 CE9273 0.45
-1.4175 5.1975 1.4175 CE9073 0.45
-1.4175 5.1975 0.9449999 CE9073 0.45
-1.4175 0 0.4725 ECAF97 0.45
-1.4175 0 0 ECAF97 0.45
-1.4175 0 -0.4725 ECAF97 0.45
-1.4175 0 -0.9449999 ECAF97 0.45
-1.4175 5.1975 -1.4175 CE9073 0.45
-1.4175 11.34 -1.89 CE9073 0.45
-1.4175 0.9449999 0.4725 FFCCAD 0.45
-1.4175 0.9449999 0 FFCCAD 0.45
-1.4175 0.9449999 -0.4725 FFCCAD 0.45
-1.4175 5.1975 -0.9449999 CE9073 0.45
-1.4175 0 -1.4175 ECAF97 0.45
-1.4175 0.4725 0.4725 FFCCAD 0.45
-1.4175 0.4725 -1.4175 FFCCAD 0.45
-1.4175 0.9449999 0.9449999 FFCCAD 0.45
-1.4175 2.835 0.4725 ECAF97 0.45
-1.4175 2.835 0 ECAF97 0.45
-1.4175 2.835 -0.4725 ECAF97 0.45
-1.4175 0.9449999 -0.9449999 FFCCAD 0.45
-1.4175 1.4175 0.9449999 FFCCAD 0.45
-1.4175 1.4175 -0.9449999 FFCCAD 0.45
-1.4175 1.89 0.9449999 FFCCAD 0.45
-1.4175 1.89 -0.9449999 FFCCAD 0.45
-1.4175 2.3625 0.9449999 FFCCAD 0.45
-1.4175 2.3625 -0.9449999 FFCCAD 0.45
-1.4175 2.835 0.9449999 FFCCAD 0.45
-1.4175 2.835 -0.9449999 FFCCAD 0.45
-1.4175 3.3075 0.9449999 FFCCAD 0.45
-1.4175 5.1975 0.4725 CE9073 0.45
-1.4175 5.1975 0 CE9073 0.45
-1.4175 5.1975 -0.4725 CE9073 0.45
-1.4175 3.3075 -0.9449999 FFCCAD 0.45
-1.4175 3.78 0.9449999 FFCCAD 0.45
-1.4175 3.3075 0.4725 ECAF97 0.45
-1.4175 3.3075 0 ECAF97 0.45
-1.4175 3.3075 -0.4725 ECAF97 0.45
-1.4175 3.78 -0.9449999 FFCCAD 0.45
-1.4175 4.2525 0.9449999 FFCCAD 0.45
-1.4175 4.2525 -0.9449999 FFCCAD 0.45
-1.4175 4.725 0.9449999 FFCCAD 0.45
-1.4175 4.725 -0.9449999 FFCCAD 0.45
-1.4175 6.142499 1.4175 568214 0.45
-1.4175 6.142499 0.9449999 568214 0.45
-1.4175 6.142499 0.4725 568214 0.45
-1.4175 6.142499 0 568214 0.45
-1.4175 6.142499 -0.4725 568214 0.45
-1.4175 6.142499 -0.9449999 568214 0.45
-1.4175 6.142499 -1.4175 568214 0.45
-1.4175 5.67 1.4175 FFCCAD 0.45
-1.4175 5.67 0.4725 ECAF97 0.45
-1.4175 5.67 0 ECAF97 0.45
-1.4175 5.67 -0.4725 ECAF97 0.45
-1.4175 5.67 -1.4175 FFCCAD 0.45
-1.4175 11.34 1.4175 CE9073 0.45
-1.4175 11.34 0.9449999 CE9073 0.45
-1.4175 11.34 0.4725 CE9073 0.45
-1.4175 11.34 0 CE9073 0.45
-1.4175 11.34 -0.4725 CE9073 0.45
-1.4175 11.34 -0.9449999 CE9073 0.45
-1.4175 11.34 -1.4175 CE9073 0.45
-1.4175 6.615 1.4175 73A229 0.45
-1.4175 6.615 -1.4175 73A229 0.45
-1.4175 7.0875 1.4175 FFCBAD 0.45
-1.4175 7.0875 -1.4175 FFCBAD 0.45
-1.4175 7.559999 1.4175 FFCCAD 0.45
-1.4175 7.559999 -1.4175 FFCBAD 0.45
-1.4175 8.0325 1.4175 FFCCAD 0.45
-1.4175 8.0325 -1.4175 FFCFDE 0.45
-1.4175 8.504999 1.4175 FFCCAD 0.45
-1.4175 8.504999 -1.4175 DE0839 0.45
-1.4175 8.9775 1.4175 4A3718 0.45
-1.4175 8.9775 -1.4175 F7CFDE 0.45
-1.4175 9.45 1.4175 FFCBAD 0.45
-1.4175 9.45 -1.4175 DE0839 0.45
-1.4175 9.9225 1.4175 FFCCAD 0.45
-1.4175 9.9225 -1.4175 F7CFE7 0.45
-1.4175 10.395 1.4175 FFCCAD 0.45
-1.4175 10.395 -1.4175 FFCFDE 0.45
-1.4175 10.8675 1.4175 FFCFDE 0.45
-1.4175 10.8675 -1.4175 F7CFDE 0.45
-1.4175 11.8125 1.89 ECAF97 0.45
-1.4175 11.8125 1.4175 F7184A 0.45
-1.4175 11.8125 0.9449999 F7184A 0.45
-1.4175 11.8125 0.4725 F7184A 0.45
-1.4175 11.8125 0 F4194A 0.45
-1.4175 11.8125 -0.4725 F7184A 0.45
-1.4175 11.8125 -0.9449999 F7184A 0.45
-1.4175 11.8125 -1.4175 F7184A 0.45
-1.4175 11.8125 -1.89 FFCCAD 0.45
-1.4175 12.285 1.89 EFAE94 0.45
-1.4175 12.285 -1.89 FFCCAD 0.45
-1.4175 12.7575 1.89 080505 0.45
-1.4175 12.7575 -1.89 FFCBAD 0.45
-1.4175 13.23 1.89 080505 0.45
-1.4175 13.23 -1.89 FFCCAD 0.45
-1.4175 13.7025 1.89 080505 0.45
-1.4175 13.7025 -1.89 FFCBAD 0.45
-1.4175 14.175 1.89 080505 0.45
-1.4175 14.175 -1.89 080408 0.45
-1.4175 14.6475 1.89 080505 0.45
-1.4175 14.6475 -1.89 FFCCAD 0.45
-1.4175 15.12 1.89 080505 0.45
-1.4175 15.12 -1.89 080408 0.45
-1.4175 15.5925 1.89 080505 0.45
-1.4175 15.5925 -1.89 080505 0.45
-1.4175 15.5925 1.4175 1C1818 0.45
-1.4175 15.5925 0.9449999 1C1818 0.45
-1.4175 15.5925 0.4725 1C1818 0.45
-1.4175 15.5925 0 1C1818 0.45
-1.4175 15.5925 -0.4725 1C1818 0.45
-1.4175 15.5925 -0.9449999 1C1818 0.45
-1.4175 15.5925 -1.4175 1C1818 0.45
-1.89 11.34 1.89 CE9273 0.45
-1.89 5.1975 1.4175 CE9073 0.45
-1.89 5.1975 0.9449999 CE9073 0.45
-1.89 0.9449999 0.4725 FFCCAD 0.45
-1.89 0.9449999 0 FFCCAD 0.45
-1.89 0.9449999 -0.4725 FFCCAD 0.45
-1.89 5.1975 -0.9449999 CE9073 0.45
-1.89 5.1975 -1.4175 CE9073 0.45
-1.89 11.34 -1.89 CE9073 0.45
-1.89 0 0.4725 ECAF97 0.45
-1.89 0 0 ECAF97 0.45
-1.89 0 -0.4725 ECAF97 0.45
-1.89 0 -0.9449999 ECAF97 0.45
-1.89 0.4725 0.4725 ECAF97 0.45
-1.89 0.4725 0 ECAF97 0.45
-1.89 0.4725 -0.4725 ECAF97 0.45
-1.89 0.4725 -0.9449999 ECAF97 0.45
-1.89 0.9449999 0.9449999 FFCCAD 0.45
-1.89 2.835 0.4725 ECAF97 0.45
-1.89 2.835 0 ECAF97 0.45
-1.89 2.835 -0.4725 ECAF97 0.45
-1.89 0.9449999 -0.9449999 FFCCAD 0.45
-1.89 1.4175 0.9449999 FFCCAD 0.45
-1.89 1.4175 -0.9449999 FFCCAD 0.45
-1.89 1.89 0.9449999 FFCCAD 0.45
-1.89 1.89 -0.9449999 FFCCAD 0.45
-1.89 2.3625 0.9449999 FFCCAD 0.45
-1.89 2.3625 -0.9449999 FFCCAD 0.45
-1.89 2.835 0.9449999 FFCCAD 0.45
-1.89 2.835 -0.9449999 FFCCAD 0.45
-1.89 3.3075 0.9449999 FFCBAD 0.45
-1.89 5.1975 0.4725 CE9073 0.45
-1.89 5.1975 0 CE9073 0.45
-1.89 5.1975 -0.4725 CE9073 0.45
-1.89 3.3075 -0.9449999 FFCCAD 0.45
-1.89 3.78 0.9449999 FFCBAD 0.45
-1.89 3.3075 0.4725 ECAF97 0.45
-1.89 3.3075 0 ECAF97 0.45
-1.89 3.3075 -0.4725 ECAF97 0.45
-1.89 3.78 -0.9449999 FFCCAD 0.45
-1.89 4.2525 0.9449999 FFCBAD 0.45
-1.89 4.2525 -0.9449999 FFCCAD 0.45
-1.89 4.725 0.9449999 FFCBAD 0.45
-1.89 4.725 -0.9449999 FFCCAD 0.45
-1.89 6.142499 1.4175 568214 0.45
-1.89 6.142499 0.9449999 568214 0.45
-1.89 6.142499 0.4725 568214 0.45
-1.89 6.142499 0 568214 0.45
-1.89 6.142499 -0.4725 568214 0.45
-1.89 6.142499 -0.9449999 568214 0.45
-1.89 6.142499 -1.4175 568214 0.45
-1.89 5.67 1.4175 FFCCAD 0.45
-1.89 5.67 0.4725 ECAF97 0.45
-1.89 5.67 0 ECAF97 0.45
-1.89 5.67 -1.4175 FFCCAD 0.45
-1.89 11.34 1.4175 CE9073 0.45
-1.89 11.34 0.9449999 CE9073 0.45
-1.89 11.34 0.4725 CE9073 0.45
-1.89 11.34 0 CE9073 0.45
-1.89 11.34 -0.4725 CE9073 0.45
-1.89 11.34 -0.9449999 CE9073 0.45
-1.89 11.34 -1.4175 CE9073 0.45
-1.89 6.615 1.4175 73A229 0.45
-1.89 6.615 -1.4175 73A229 0.45
-1.89 7.0875 1.4175 FFCBAD 0.45
-1.89 7.0875 -1.4175 FFCBAD 0.45
-1.89 7.559999 1.4175 FFCCAD 0.45
-1.89 7.559999 -1.4175 FFCCAD 0.45
-1.89 8.0325 1.4175 FFCCAD 0.45
-1.89 8.0325 -1.4175 FFCCAD 0.45
-1.89 8.504999 1.4175 FFCCAD 0.45
-1.89 8.504999 -1.4175 5A3410 0.45
-1.89 8.9775 1.4175 4A3718 0.45
-1.89 8.9775 -1.4175 634116 0.45
-1.89 9.45 1.4175 4A3818 0.45
-1.89 9.45 -1.4175 634116 0.45
-1.89 9.9225 1.4175 4A3818 0.45
-1.89 9.9225 -1.4175 634116 0.45
-1.89 10.395 1.4175 4A3818 0.45
-1.89 10.395 -1.4175 4D3818 0.45
-1.89 10.8675 1.4175 6B1C10 0.45
-1.89 10.8675 -1.4175 4D3818 0.45
-1.89 11.8125 1.89 ECAF97 0.45
-1.89 11.8125 1.4175 8C2029 0.45
-1.89 11.8125 0.9449999 8C2029 0.45
-1.89 11.8125 0.4725 8C2029 0.45
-1.89 11.8125 0 8C2029 0.45
-1.89 11.8125 -0.4725 8C2029 0.45
-1.89 11.8125 -0.9449999 8C2029 0.45
-1.89 11.8125 -1.4175 8C2029 0.45
-1.89 11.8125 -1.89 FFCBAD 0.45
-1.89 12.285 1.89 EFAE94 0.45
-1.89 12.285 -1.89 FFCBAD 0.45
-1.89 12.7575 1.89 080505 0.45
-1.89 12.7575 -1.89 FFCBAD 0.45
-1.89 13.23 1.89 080505 0.45
-1.89 13.23 -1.89 FFCBAD 0.45
-1.89 13.7025 1.89 080505 0.45
-1.89 13.7025 -1.89 FFCBAD 0.45
-1.89 14.175 1.89 080505 0.45
-1.89 14.175 -1.89 FFCBAD 0.45
-1.89 14.6475 1.89 080505 0.45
-1.89 14.6475 -1.89 FFCBAD 0.45
-1.89 15.12 1.89 080505 0.45
-1.89 15.12 -1.89 080408 0.45
-1.89 15.5925 1.89 080505 0.45
-1.89 15.5925 -1.89 080505 0.45
-1.89 15.5925 1.4175 1C1818 0.45
-1.89 15.5925 0.9449999 1C1818 0.45
-1.89 15.5925 0.4725 1C1818 0.45
-1.89 15.5925 0 1C1818 0.45
-1.89 15.5925 -0.4725 1C1818 0.45
-1.89 15.5925 -0.9449999 1C1818 0.45
-1.89 15.5925 -1.4175 1C1818 0.45
-2.3625 6.142499 1.4175 568214 0.45
-2.3625 6.142499 0.9449999 568214 0.45
-2.3625 6.142499 0.4725 568214 0.45
-2.3625 6.142499 0 568214 0.45
-2.3625 6.142499 -0.4725 568214 0.45
-2.3625 6.142499 -0.9449999 568214 0.45
-2.3625 6.142499 -1.4175 568214 0.45
-1.89 1.4175 0.4725 ECAF97 0.45
-1.89 1.4175 0 ECAF97 0.45
-1.89 1.4175 -0.4725 ECAF97 0.45
-1.89 1.89 0.4725 ECAF97 0.45
-1.89 1.89 0 ECAF97 0.45
-1.89 1.89 -0.4725 ECAF97 0.45
-1.89 2.3625 0.4725 ECAF97 0.45
-1.89 2.3625 0 ECAF97 0.45
-1.89 2.3625 -0.4725 ECAF97 0.45
-1.89 3.78 0.4725 ECAF97 0.45
-1.89 3.78 0 ECAF97 0.45
-1.89 3.78 -0.4725 ECAF97 0.45
-1.89 4.2525 0.4725 ECAF97 0.45
-1.89 4.2525 0 ECAF97 0.45
-1.89 4.2525 -0.4725 ECAF97 0.45
-1.89 4.725 0.4725 ECAF97 0.45
-1.89 4.725 0 ECAF97 0.45
-1.89 4.725 -0.4725 ECAF97 0.45
-2.3625 5.1975 1.4175 ECAF97 0.45
-2.3625 5.1975 0.9449999 ECAF97 0.45
-2.3625 5.1975 0.4725 ECAF97 0.45
-2.3625 5.1975 0 ECAF97 0.45
-2.3625 5.1975 -0.4725 ECAF97 0.45
-2.3625 5.1975 -0.9449999 ECAF97 0.45
-2.3625 5.1975 -1.4175 EFAE94 0.45
-2.3625 5.67 1.4175 ECAF97 0.45
-2.3625 5.67 0.9449999 ECAF97 0.45
-2.3625 5.67 0.4725 ECAF97 0.45
-2.3625 5.67 0 ECAF97 0.45
-2.3625 5.67 -0.4725 ECAF97 0.45
-2.3625 5.67 -0.9449999 ECAF97 0.45
-2.3625 5.67 -1.4175 EFAE94 0.45
-2.3625 6.615 1.4175 6B9E29 0.45
-2.3625 6.615 -1.4175 73A229 0.45
-2.3625 7.0875 1.4175 F7C3A5 0.45
-2.3625 7.0875 -1.4175 FFCBAD 0.45
-2.3625 7.559999 1.4175 FFCBAD 0.45
-2.3625 7.559999 -1.4175 FFCCAD 0.45
-2.3625 8.0325 1.4175 FFCBAD 0.45
-2.3625 8.0325 -1.4175 FFCCAD 0.45
-2.3625 8.504999 1.4175 FFCBAD 0.45
-2.3625 8.504999 -1.4175 FFCCAD 0.45
-2.3625 8.9775 1.4175 4A3818 0.45
-2.3625 8.9775 -1.4175 4D3818 0.45
-2.3625 9.45 1.4175 F7C3A5 0.45
-2.3625 9.45 -1.4175 FFCBAD 0.45
-2.3625 9.9225 1.4175 FFCBAD 0.45
-2.3625 9.9225 -1.4175 FFCCAD 0.45
-2.3625 10.395 1.4175 FFCBAD 0.45
-2.3625 10.395 -1.4175 FFCCAD 0.45
-2.3625 10.8675 1.4175 FFCBAD 0.45
-2.3625 10.8675 -1.4175 FFCCAD 0.45
-2.3625 11.34 1.4175 FFCBAD 0.45
-2.3625 11.34 -1.4175 FFCCAD 0.45
-2.3625 11.8125 1.4175 FFCCAD 0.45
-2.3625 11.8125 0.9449999 FFCCAD 0.45
-2.3625 11.8125 0.4725 FFCCAD 0.45
-2.3625 11.8125 0 FFCCAD 0.45
-2.3625 11.8125 -0.4725 FFCCAD 0.45
-2.3625 11.8125 -0.9449999 FFCCAD 0.45
-2.3625 11.8125 -1.4175 FFCCAD 0.45
-1.89 12.285 1.4175 E7A68C 0.45
-1.89 12.285 0.9449999 E7A68C 0.45
-1.89 12.285 0.4725 E7A68C 0.45
-1.89 12.285 0 E7A68C 0.45
-1.89 12.285 -0.4725 E4A78E 0.45
-1.89 12.285 -0.9449999 080408 0.45
-1.89 12.285 -1.4175 E4A78E 0.45
-1.89 12.7575 1.4175 080505 0.45
-1.89 12.7575 0.9449999 080505 0.45
-1.89 12.7575 0.4725 080505 0.45
-1.89 12.7575 0 080505 0.45
-1.89 12.7575 -0.4725 D8967E 0.45
-1.89 12.7575 -0.9449999 080505 0.45
-1.89 12.7575 -1.4175 E4A78E 0.45
-1.89 13.23 1.4175 080505 0.45
-1.89 13.23 0.9449999 080505 0.45
-1.89 13.23 0.4725 080505 0.45
-1.89 13.23 0 080505 0.45
-1.89 13.23 -0.4725 D8967E 0.45
-1.89 13.23 -0.9449999 080505 0.45
-1.89 13.23 -1.4175 E4A78E 0.45
-1.89 13.7025 1.4175 080505 0.45
-1.89 13.7025 0.9449999 080505 0.45
-1.89 13.7025 0.4725 080505 0.45
-1.89 13.7025 0 080505 0.45
-1.89 13.7025 -0.4725 D6967B 0.45
-1.89 13.7025 -0.9449999 080505 0.45
-1.89 13.7025 -1.4175 E4A78E 0.45
-1.89 14.175 1.4175 080505 0.45
-1.89 14.175 0.9449999 080505 0.45
-1.89 14.175 0.4725 080505 0.45
-1.89 14.175 0 080505 0.45
-1.89 14.175 -0.4725 080505 0.45
-1.89 14.175 -0.9449999 080505 0.45
-1.89 14.175 -1.4175 E4A78E 0.45
-1.89 14.6475 1.4175 080505 0.45
-1.89 14.6475 0.9449999 080505 0.45
-1.89 14.6475 0.4725 080505 0.45
-1.89 14.6475 0 080505 0.45
-1.89 14.6475 -0.4725 080505 0.45
-1.89 14.6475 -0.9449999 080505 0.45
-1.89 14.6475 -1.4175 E7A68C 0.45
-1.89 15.12 1.4175 080505 0.45
-1.89 15.12 0.9449999 080505 0.45
-1.89 15.12 0.4725 080505 0.45
-1.89 15.12 0 080505 0.45
-1.89 15.12 -0.4725 080505 0.45
-1.89 15.12 -0.9449999 080505 0.45
-1.89 15.12 -1.4175 080505 0.45
-2.3625 6.615 0.9449999 638621 0.45
-2.3625 6.615 0.4725 638621 0.45
-2.3625 6.615 0 638621 0.45
-2.3625 6.615 -0.4725 638621 0.45
-2.3625 6.615 -0.9449999 638621 0.45
-2.3625 7.0875 0.9449999 EFAE94 0.45
-2.3625 7.0875 0.4725 EFAE94 0.45
-2.3625 7.0875 0 EFAE94 0.45
-2.3625 7.0875 -0.4725 EFAE94 0.45
-2.3625 7.0875 -0.9449999 EFAE94 0.45
-2.3625 7.559999 0.9449999 ECAF97 0.45
-2.3625 7.559999 0.4725 ECAF97 0.45
-2.3625 7.559999 0 ECAF97 0.45
-2.3625 7.559999 -0.4725 ECAF97 0.45
-2.3625 7.559999 -0.9449999 ECAF97 0.45
-2.3625 8.0325 0.9449999 ECAF97 0.45
-2.3625 8.0325 0.4725 ECAF97 0.45
-2.3625 8.0325 0 ECAF97 0.45
-2.3625 8.0325 -0.4725 ECAF97 0.45
-2.3625 8.0325 -0.9449999 ECAF97 0.45
-2.3625 8.504999 0.9449999 ECAF97 0.45
-2.3625 8.504999 0.4725 ECAF97 0.45
-2.3625 8.504999 0 ECAF97 0.45
-2.3625 8.504999 -0.4725 ECAF97 0.45
-2.3625 8.504999 -0.9449999 ECAF97 0.45
-2.3625 8.9775 0.9449999 212000 0.45
-2.3625 8.9775 0.4725 212000 0.45
-2.3625 8.9775 0 212000 0.45
-2.3625 8.9775 -0.4725 212000 0.45
-2.3625 8.9775 -0.9449999 212000 0.45
-2.3625 9.45 0.9449999 EFAE94 0.45
-2.3625 9.45 0.4725 EFAE94 0.45
-2.3625 9.45 0 EFAE94 0.45
-2.3625 9.45 -0.4725 EFAE94 0.45
-2.3625 9.45 -0.9449999 EFAE94 0.45
-2.3625 9.9225 0.9449999 ECAF97 0.45
-2.3625 9.9225 0.4725 ECAF97 0.45
-2.3625 9.9225 0 ECAF97 0.45
-2.3625 9.9225 -0.4725 ECAF97 0.45
-2.3625 9.9225 -0.9449999 ECAF97 0.45
-2.835 10.395 0.9449999 FFCCAD 0.45
-2.3625 10.395 0.9449999 ECAF97 0.45
-2.3625 10.395 0.4725 ECAF97 0.45
-2.3625 10.395 0 ECAF97 0.45
-2.3625 10.395 -0.4725 ECAF97 0.45
-2.3625 10.395 -0.9449999 ECAF97 0.45
-2.835 10.395 -0.9449999 FFCBAD 0.45
-2.835 10.8675 0.9449999 FFCCAD 0.45
-2.3625 10.8675 0.9449999 ECAF97 0.45
-2.3625 10.8675 0.4725 ECAF97 0.45
-5.67 10.8675 0.4725 FFCCAD 0.45
-2.3625 10.8675 0 ECAF97 0.45
-5.67 10.8675 0 CE9073 0.45
-2.3625 10.8675 -0.4725 ECAF97 0.45
-5.67 10.8675 -0.4725 FFCCAD 0.45
-2.3625 10.8675 -0.9449999 ECAF97 0.45
-2.835 10.8675 -0.9449999 FFCCAD 0.45
-2.835 11.34 0.9449999 FFCCAD 0.45
-2.3625 11.34 0.9449999 ECAF97 0.45
-2.3625 11.34 0.4725 ECAF97 0.45
-5.67 11.34 0.4725 FFCCAD 0.45
-2.3625 11.34 0 ECAF97 0.45
-5.67 11.34 0 CE9073 0.45
-2.3625 11.34 -0.4725 ECAF97 0.45
-5.67 11.34 -0.4725 FFCCAD 0.45
-2.3625 11.34 -0.9449999 ECAF97 0.45
-2.835 11.34 -0.9449999 FFCCAD 0.45
-2.835 11.8125 0.4725 ECAF97 0.45
-2.835 11.8125 0 ECAF97 0.45
-2.835 11.8125 -0.4725 ECAF97 0.45
-3.3075 10.395 0.4725 CE9073 0.45
-3.3075 10.395 0 CE9073 0.45
-3.3075 10.395 -0.4725 CE9073 0.45
-3.3075 10.395 0.9449999 FFCCAD 0.45
-3.3075 10.395 -0.9449999 FFCBAD 0.45
-3.3075 10.8675 0.9449999 FFCCAD 0.45
-3.3075 10.8675 -0.9449999 FFCCAD 0.45
-3.3075 11.34 0.9449999 FFCCAD 0.45
-3.3075 11.34 -0.9449999 FFCCAD 0.45
-3.3075 11.8125 0.4725 ECAF97 0.45
-3.3075 11.8125 0 ECAF97 0.45
-3.3075 11.8125 -0.4725 ECAF97 0.45
-3.78 10.395 0.4725 CE9073 0.45
-3.78 10.395 0 CE9073 0.45
-3.78 10.395 -0.4725 CE9073 0.45
-3.78 10.395 0.9449999 FFCCAD 0.45
-3.78 10.395 -0.9449999 FFCBAD 0.45
-3.78 10.8675 0.9449999 FFCCAD 0.45
-3.78 10.8675 -0.9449999 FFCCAD 0.45
-3.78 11.34 0.9449999 FFCCAD 0.45
-3.78 11.34 -0.9449999 FFCCAD 0.45
-3.78 11.8125 0.4725 ECAF97 0.45
-3.78 11.8125 0 ECAF97 0.45
-3.78 11.8125 -0.4725 ECAF97 0.45
-4.2525 10.395 0.4725 CE9073 0.45
-4.2525 10.395 0 CE9073 0.45
-4.2525 10.395 -0.4725 CE9073 0.45
-4.2525 10.395 0.9449999 FFCCAD 0.45
-4.2525 10.395 -0.9449999 FFCBAD 0.45
-4.2525 10.8675 0.9449999 FFCCAD 0.45
-4.2525 10.8675 -0.9449999 FFCCAD 0.45
-4.2525 11.34 0.9449999 FFCCAD 0.45
-4.2525 11.34 -0.9449999 FFCCAD 0.45
-4.2525 11.8125 0.4725 ECAF97 0.45
-4.2525 11.8125 0 ECAF97 0.45
-4.2525 11.8125 -0.4725 ECAF97 0.45
-4.725 10.395 0.4725 CE9073 0.45
-4.725 10.395 0 CE9073 0.45
-4.725 10.395 -0.4725 CE9073 0.45
-4.725 10.395 0.9449999 FFCCAD 0.45
-4.725 10.395 -0.9449999 FFCBAD 0.45
-4.725 10.8675 0.9449999 FFCCAD 0.45
-4.725 10.8675 -0.9449999 FFCCAD 0.45
-4.725 11.34 0.9449999 FFCCAD 0.45
-4.725 11.34 -0.9449999 FFCCAD 0.45
-4.725 11.8125 0.4725 ECAF97 0.45
-4.725 11.8125 0 ECAF97 0.45
-4.725 11.8125 -0.4725 ECAF97 0.45
-5.1975 10.395 0.4725 CE9073 0.45
-5.1975 10.395 0 CE9073 0.45
-5.1975 10.395 -0.4725 CE9073 0.45
-5.1975 10.395 0.9449999 FFCCAD 0.45
-5.1975 10.395 -0.9449999 FFCBAD 0.45
-5.1975 10.8675 0.9449999 FFCCAD 0.45
-5.1975 10.8675 -0.9449999 FFCCAD 0.45
-5.1975 11.34 0.9449999 FFCCAD 0.45
-5.1975 11.34 -0.9449999 FFCCAD 0.45
-5.1975 11.8125 0.4725 ECAF97 0.45
-5.1975 11.8125 0 ECAF97 0.45
-5.1975 11.8125 -0.4725 ECAF97 0.45
-5.67 10.395 0.4725 CE9073 0.45
-5.67 10.395 0 CE9073 0.45
-5.67 10.395 -0.4725 CE9073 0.45
-5.67 10.395 0.9449999 FFCCAD 0.45
-5.67 10.395 -0.9449999 FFCBAD 0.45
-5.67 10.8675 0.9449999 FFCCAD 0.45
-8.504999 10.8675 0.4725 FFCCAD 0.45
-8.504999 10.8675 0 D8967E 0.45
-8.504999 10.8675 -0.4725 FFCCAD 0.45
-5.67 10.8675 -0.9449999 FFCCAD 0.45
-5.67 11.34 0.9449999 FFCCAD 0.45
-8.504999 11.34 0.4725 FFCCAD 0.45
-8.504999 11.34 0 D8967E 0.45
-8.504999 11.34 -0.4725 FFCCAD 0.45
-5.67 11.34 -0.9449999 FFCCAD 0.45
-5.67 11.8125 0.4725 ECAF97 0.45
-5.67 11.8125 0 ECAF97 0.45
-5.67 11.8125 -0.4725 ECAF97 0.45
-6.142499 10.395 0.4725 CE9073 0.45
-6.142499 10.395 0 CE9073 0.45
-6.142499 10.395 -0.4725 CE9073 0.45
-6.142499 10.8675 0.9449999 FFCCAD 0.45
-6.142499 10.8675 -0.9449999 FFCCAD 0.45
-6.142499 11.34 0.9449999 FFCCAD 0.45
-6.142499 11.34 -0.9449999 FFCCAD 0.45
-6.142499 11.8125 0.4725 ECAF97 0.45
-6.142499 11.8125 0 ECAF97 0.45
-6.142499 11.8125 -0.4725 ECAF97 0.45
-6.615 10.395 0.4725 CE9073 0.45
-6.615 10.395 0 CE9073 0.45
-6.615 10.395 -0.4725 CE9073 0.45
-6.615 10.8675 0.9449999 FFCCAD 0.45
-6.615 10.8675 -0.9449999 FFCCAD 0.45
-6.615 11.34 0.9449999 FFCCAD 0.45
-6.615 11.34 -0.9449999 FFCCAD 0.45
-6.615 11.8125 0.4725 ECAF97 0.45
-6.615 11.8125 0 ECAF97 0.45
-6.615 11.8125 -0.4725 ECAF97 0.45
-7.0875 10.395 0.4725 CE9073 0.45
-7.0875 10.395 0 CE9073 0.45
-7.0875 10.395 -0.4725 CE9073 0.45
-7.0875 10.8675 0.9449999 FFCCAD 0.45
-7.0875 10.8675 -0.9449999 FFCCAD 0.45
-7.0875 11.34 0.9449999 FFCCAD 0.45
-7.0875 11.34 -0.9449999 FFCCAD 0.45
-7.0875 11.8125 0.4725 ECAF97 0.45
-7.0875 11.8125 0 ECAF97 0.45
-7.0875 11.8125 -0.4725 ECAF97 0.45
-7.559999 10.395 0.4725 CE9273 0.45
-7.559999 10.395 0 CE9273 0.45
-7.559999 10.395 -0.4725 CE9273 0.45
-7.559999 10.8675 0.9449999 FFCBAD 0.45
-7.559999 10.8675 -0.9449999 FFCBAD 0.45
-7.559999 11.34 0.9449999 FFCBAD 0.45
-7.559999 11.34 -0.9449999 FFCBAD 0.45
-7.559999 11.8125 0.4725 EFAE94 0.45
-7.559999 11.8125 0 EFAE94 0.45
-7.559999 11.8125 -0.4725 EFAE94 0.45
-8.0325 10.395 0.4725 B82800 0.45
-8.0325 10.395 0 B82800 0.45
-8.0325 10.395 -0.4725 B82800 0.45
-8.0325 10.8675 0.9449999 C14321 0.45
-8.0325 10.8675 -0.9449999 C14321 0.45
-8.0325 11.34 0.9449999 C14321 0.45
-8.0325 11.34 -0.9449999 C14321 0.45
-8.0325 11.8125 0.4725 B82800 0.45
-8.0325 11.8125 0 B82800 0.45
-8.0325 11.8125 -0.4725 B82800 0.45
-8.504999 10.395 0.4725 CE9073 0.45
-8.504999 10.395 0 CE9073 0.45
-8.504999 10.395 -0.4725 CE9073 0.45
-8.504999 10.8675 0.9449999 FFCCAD 0.45
-8.504999 10.8675 -0.9449999 FFCCAD 0.45
-8.504999 11.34 0.9449999 FFCCAD 0.45
-8.504999 11.34 -0.9449999 FFCCAD 0.45
-8.504999 11.8125 0.4725 ECAF97 0.45
-8.504999 11.8125 0 ECAF97 0.45
-8.504999 11.8125 -0.4725 ECAF97 0.45
-8.9775 10.395 0.4725 CE9073 0.45
-8.9775 10.395 0 CE9073 0.45
-8.9775 10.395 -0.4725 CE9073 0.45
-8.9775 10.8675 0.4725 FFCCAD 0.45
-8.9775 10.8675 -0.4725 FFCCAD 0.45
-8.9775 11.34 0.4725 FFCCAD 0.45
-8.9775 11.34 -0.4725 FFCCAD 0.45
-8.9775 11.8125 0.4725 ECAF97 0.45
-8.9775 11.8125 0 ECAF97 0.45
-8.9775 11.8125 -0.4725 ECAF97 0.45
-9.45 10.395 0.4725 CE9073 0.45
-9.45 10.395 0 CE9073 0.45
-9.45 10.395 -0.4725 CE9073 0.45
-9.45 10.8675 0.4725 FFCCAD 0.45
-9.45 10.8675 -0.4725 FFCCAD 0.45
-9.45 11.34 0.4725 FFCCAD 0.45
-9.45 11.34 -0.4725 FFCCAD 0.45
-9.45 11.8125 0.4725 EFAE94 0.45
-9.45 11.8125 0 EFAE94 0.45
-9.45 11.8125 -0.4725 EFAE94 0.45
-9.45 10.8675 0 D8967E 0.45
-9.45 11.34 0 D8967E 0.45
