1.89 0 0.4725 262626 0.45
1.89 0 0 262626 0.45
1.89 0 -0.4725 262626 0.45
1.89 0 -0.9449999 262626 0.45
1.89 0.4725 0.4725 523218 0.45
1.89 0.4725 0 523218 0.45
1.89 0.4725 -0.4725 523218 0.45
1.89 0.4725 -0.9449999 523218 0.45
1.89 0.9449999 0.4725 815A31 0.45
1.89 0.9449999 0 392C29 0.45
1.89 0.9449999 -0.4725 815A31 0.45
1.89 1.4175 0.4725 815A31 0.45
1.89 1.4175 0 392C29 0.45
1.89 1.4175 -0.4725 815A31 0.45
1.89 1.89 0.4725 815A31 0.45
1.89 1.89 0 392C29 0.45
1.89 1.89 -0.4725 815A31 0.45
1.89 2.3625 0.4725 815A31 0.45
1.89 2.3625 0 392C29 0.45
1.89 2.3625 -0.4725 815A31 0.45
1.89 2.835 0.4725 815A31 0.45
1.89 2.835 0 392C29 0.45
1.89 2.835 -0.4725 815A31 0.45
1.89 3.3075 0.4725 815A31 0.45
1.89 3.3075 0 392C29 0.45
1.89 3.3075 -0.4725 815A31 0.45
1.89 3.78 0.4725 815A31 0.45
1.89 3.78 0 392C29 0.45
1.89 3.78 -0.4725 815A31 0.45
1.89 4.2525 0.4725 815A31 0.45
1.89 4.2525 0 392C29 0.45
1.89 4.2525 -0.4725 815A31 0.45
1.89 4.725 0.4725 815A31 0.45
1.89 4.725 0 392C29 0.45
1.89 4.725 -0.4725 815A31 0.45
2.3625 5.1975 1.4175 845931 0.45
2.3625 5.1975 0.9449999 845931 0.45
2.3625 5.1975 0.4725 845931 0.45
2.3625 5.1975 0 392C21 0.45
2.3625 5.1975 -0.4725 845931 0.45
2.3625 5.1975 -0.9449999 845931 0.45
2.3625 5.1975 -1.4175 845931 0.45
2.3625 5.67 1.4175 815A31 0.45
2.3625 5.67 0.9449999 815A31 0.45
2.3625 5.67 0.4725 815A31 0.45
2.3625 5.67 0 392C29 0.45
2.3625 5.67 -0.4725 815A31 0.45
2.3625 5.67 -0.9449999 815A31 0.45
2.3625 5.67 -1.4175 845931 0.45
2.3625 6.142499 1.4175 00435D 0.45
2.3625 6.142499 0.9449999 00435D 0.45
2.3625 6.142499 0.4725 00435D 0.45
2.3625 6.142499 0 00435D 0.45
2.3625 6.142499 -0.4725 00435D 0.45
2.3625 6.142499 -0.9449999 00435D 0.45
2.3625 6.142499 -1.4175 00435D 0.45
2.3625 6.615 1.4175 00435D 0.45
2.3625 6.615 0.9449999 00435D 0.45
2.3625 6.615 0.4725 00435D 0.45
2.3625 6.615 0 00435D 0.45
2.3625 6.615 -0.4725 00435D 0.45
2.3625 6.615 -0.9449999 00435D 0.45
2.3625 6.615 -1.4175 00435D 0.45
2.3625 7.0875 1.4175 00435D 0.45
2.3625 7.0875 0.9449999 00435D 0.45
2.3625 7.0875 0.4725 00435D 0.45
2.3625 7.0875 0 00435D 0.45
2.3625 7.0875 -0.4725 00435D 0.45
2.3625 7.0875 -0.9449999 00435D 0.45
2.3625 7.0875 -1.4175 00435D 0.45
2.3625 7.559999 1.4175 00435D 0.45
2.3625 7.559999 0.9449999 00435D 0.45
2.3625 7.559999 0.4725 00435D 0.45
2.3625 7.559999 0 00435D 0.45
2.3625 7.559999 -0.4725 00435D 0.45
2.3625 7.559999 -0.9449999 00435D 0.45
2.3625 7.559999 -1.4175 00435D 0.45
2.3625 8.0325 1.4175 00435D 0.45
2.3625 8.0325 0.9449999 00435D 0.45
2.3625 8.0325 0.4725 00435D 0.45
2.3625 8.0325 0 00435D 0.45
2.3625 8.0325 -0.4725 00435D 0.45
2.3625 8.0325 -0.9449999 00435D 0.45
2.3625 8.0325 -1.4175 00435D 0.45
2.3625 8.504999 1.4175 00435D 0.45
2.3625 8.504999 0.9449999 00435D 0.45
2.3625 8.504999 0.4725 00435D 0.45
2.3625 8.504999 0 00435D 0.45
2.3625 8.504999 -0.4725 00435D 0.45
2.3625 8.504999 -0.9449999 00435D 0.45
2.3625 8.504999 -1.4175 00435D 0.45
2.3625 8.9775 1.4175 00435D 0.45
2.3625 8.9775 0.9449999 00435D 0.45
2.3625 8.9775 0.4725 00435D 0.45
2.3625 8.9775 0 00435D 0.45
2.3625 8.9775 -0.4725 00435D 0.45
2.3625 8.9775 -0.9449999 00435D 0.45
2.3625 8.9775 -1.4175 00435D 0.45
2.3625 9.45 1.4175 00435D 0.45
2.3625 9.45 0.9449999 00435D 0.45
2.3625 9.45 0.4725 00435D 0.45
2.3625 9.45 0 00435D 0.45
2.3625 9.45 -0.4725 00435D 0.45
2.3625 9.45 -0.9449999 00435D 0.45
2.3625 9.45 -1.4175 00435D 0.45
2.3625 9.9225 1.4175 00435D 0.45
2.3625 9.9225 0.9449999 00435D 0.45
2.3625 9.9225 0.4725 00435D 0.45
2.3625 9.9225 0 00435D 0.45
2.3625 9.9225 -0.4725 00435D 0.45
2.3625 9.9225 -0.9449999 00435D 0.45
2.3625 9.9225 -1.4175 00435D 0.45
2.3625 10.395 1.4175 00435D 0.45
2.3625 10.395 0.9449999 00435D 0.45
5.67 10.395 0.4725 00435D 0.45
5.67 10.395 0 00435D 0.45
5.67 10.395 -0.4725 00435D 0.45
2.3625 10.395 -0.9449999 00435D 0.45
2.3625 10.395 -1.4175 00435D 0.45
2.3625 10.8675 1.4175 00455A 0.45
2.3625 10.8675 0.9449999 00455A 0.45
9.45 10.8675 0.4725 D8967E 0.45
9.45 10.8675 0 D8967E 0.45
9.45 10.8675 -0.4725 D8967E 0.45
2.3625 10.8675 -0.9449999 00455A 0.45
2.3625 10.8675 -1.4175 00455A 0.45
2.3625 11.34 1.4175 185268 0.45
2.3625 11.34 0.9449999 185268 0.45
9.45 11.34 0.4725 D8967E 0.45
9.45 11.34 0 D8967E 0.45
9.45 11.34 -0.4725 D8967E 0.45
2.3625 11.34 -0.9449999 185268 0.45
2.3625 11.34 -1.4175 185268 0.45
1.89 11.8125 1.89 E4A78E 0.45
1.89 11.8125 1.4175 E4A78E 0.45
1.89 11.8125 0.9449999 E4A78E 0.45
1.89 11.8125 0.4725 E4A78E 0.45
1.89 11.8125 0 E4A78E 0.45
1.89 11.8125 -0.4725 E4A78E 0.45
1.89 11.8125 -0.9449999 E4A78E 0.45
1.89 11.8125 -1.4175 737573 0.45
1.89 11.8125 -1.89 737473 0.45
1.89 12.285 1.89 E7A68C 0.45
1.89 12.285 1.4175 E7A68C 0.45
1.89 12.285 0.9449999 E7A68C 0.45
1.89 12.285 0.4725 E7A68C 0.45
1.89 12.285 0 E7A68C 0.45
1.89 12.285 -0.4725 E4A78E 0.45
1.89 12.285 -0.9449999 737573 0.45
1.89 12.285 -1.4175 737473 0.45
1.89 12.285 -1.89 737473 0.45
1.89 12.7575 1.89 737473 0.45
1.89 12.7575 1.4175 737473 0.45
1.89 12.7575 0.9449999 737473 0.45
1.89 12.7575 0.4725 737473 0.45
1.89 12.7575 0 737473 0.45
1.89 12.7575 -0.4725 D8967E 0.45
1.89 12.7575 -0.9449999 737573 0.45
1.89 12.7575 -1.4175 737473 0.45
1.89 12.7575 -1.89 E7A68C 0.45
1.89 13.23 1.89 737473 0.45
1.89 13.23 1.4175 737473 0.45
1.89 13.23 0.9449999 737473 0.45
1.89 13.23 0.4725 737473 0.45
1.89 13.23 0 737473 0.45
1.89 13.23 -0.4725 D8967E 0.45
1.89 13.23 -0.9449999 737573 0.45
1.89 13.23 -1.4175 E4A78E 0.45
1.89 13.23 -1.89 E4A78E 0.45
1.89 13.7025 1.89 737473 0.45
1.89 13.7025 1.4175 737473 0.45
1.89 13.7025 0.9449999 737473 0.45
1.89 13.7025 0.4725 737473 0.45
1.89 13.7025 0 737473 0.45
1.89 13.7025 -0.4725 D6967B 0.45
1.89 13.7025 -0.9449999 737573 0.45
1.89 13.7025 -1.4175 E4A78E 0.45
1.89 13.7025 -1.89 E4A78E 0.45
1.89 14.175 1.89 737473 0.45
1.89 14.175 1.4175 737473 0.45
1.89 14.175 0.9449999 737473 0.45
1.89 14.175 0.4725 737473 0.45
1.89 14.175 0 737473 0.45
1.89 14.175 -0.4725 737473 0.45
1.89 14.175 -0.9449999 737473 0.45
1.89 14.175 -1.4175 E4A78E 0.45
1.89 14.175 -1.89 E4A78E 0.45
1.89 14.6475 1.89 737473 0.45
1.89 14.6475 1.4175 737473 0.45
1.89 14.6475 0.9449999 737473 0.45
1.89 14.6475 0.4725 737473 0.45
1.89 14.6475 0 737473 0.45
1.89 14.6475 -0.4725 737473 0.45
1.89 14.6475 -0.9449999 737473 0.45
1.89 14.6475 -1.4175 E7A68C 0.45
1.89 14.6475 -1.89 E4A78E 0.45
1.89 15.12 1.89 737473 0.45
1.89 15.12 1.4175 737473 0.45
1.89 15.12 0.9449999 737473 0.45
1.89 15.12 0.4725 737473 0.45
1.89 15.12 0 737473 0.45
1.89 15.12 -0.4725 737473 0.45
1.89 15.12 -0.9449999 737473 0.45
1.89 15.12 -1.4175 737473 0.45
1.89 15.12 -1.89 737573 0.45
1.89 15.5925 1.89 737473 0.45
1.89 15.5925 1.4175 737473 0.45
1.89 15.5925 0.9449999 737473 0.45
1.89 15.5925 0.4725 737473 0.45
1.89 15.5925 0 737473 0.45
1.89 15.5925 -0.4725 737473 0.45
1.89 15.5925 -0.9449999 737473 0.45
1.89 15.5925 -1.4175 737473 0.45
1.89 15.5925 -1.89 737473 0.45
9.45 10.395 0.4725 CE9073 0.45
9.45 10.395 0 CE9073 0.45
9.45 10.395 -0.4725 CE9073 0.45
8.504999 10.8675 0.4725 00435D 0.45
8.504999 10.8675 0 00435D 0.45
8.504999 10.8675 -0.4725 00435D 0.45
8.504999 11.34 0.4725 00435D 0.45
8.504999 11.34 0 00435D 0.45
8.504999 11.34 -0.4725 00435D 0.45
8.9775 10.395 0.4725 CE9073 0.45
8.9775 10.395 0 CE9073 0.45
8.9775 10.395 -0.4725 CE9073 0.45
8.9775 10.8675 0.4725 FFCCAD 0.45
8.9775 10.8675 -0.4725 FFCCAD 0.45
8.9775 11.34 0.4725 FFCCAD 0.45
8.9775 11.34 -0.4725 FFCCAD 0.45
8.9775 11.34 0 ECAF97 0.45
8.504999 10.395 0.4725 B57D18 0.45
8.504999 10.395 0 B57D18 0.45
8.504999 10.395 -0.4725 B57D18 0.45
8.504999 10.8675 0.9449999 B58A31 0.45
5.67 10.8675 0.4725 00435D 0.45
5.67 10.8675 0 00435D 0.45
5.67 10.8675 -0.4725 00435D 0.45
8.504999 10.8675 -0.9449999 B58A31 0.45
8.504999 11.34 0.9449999 B58A31 0.45
5.67 11.34 0.4725 00435D 0.45
5.67 11.34 0 00435D 0.45
5.67 11.34 -0.4725 00435D 0.45
8.504999 11.34 -0.9449999 B58A31 0.45
8.504999 11.8125 0.4725 BD9239 0.45
8.504999 11.8125 0 BD9239 0.45
8.504999 11.8125 -0.4725 BD9239 0.45
8.0325 10.395 0.4725 B57D18 0.45
8.0325 10.395 0 B57D18 0.45
8.0325 10.395 -0.4725 B57D18 0.45
8.0325 10.8675 0.9449999 B58A31 0.45
8.0325 10.8675 -0.9449999 B58A31 0.45
8.0325 11.34 0.9449999 B58A31 0.45
8.0325 11.34 -0.9449999 B58A31 0.45
8.0325 11.8125 0.4725 BD9239 0.45
8.0325 11.8125 0 BD9239 0.45
8.0325 11.8125 -0.4725 BD9239 0.45
7.559999 10.395 0.4725 00224A 0.45
7.559999 10.395 0 00224A 0.45
7.559999 10.395 -0.4725 00224A 0.45
7.559999 10.8675 0.9449999 00435D 0.45
7.559999 10.8675 -0.9449999 00435D 0.45
7.559999 11.34 0.9449999 00435D 0.45
7.559999 11.34 -0.9449999 00435D 0.45
7.559999 11.8125 0.4725 004F63 0.45
7.559999 11.8125 0 005163 0.45
7.559999 11.8125 -0.4725 004F63 0.45
7.0875 10.395 0.4725 00224A 0.45
7.0875 10.395 0 00224A 0.45
7.0875 10.395 -0.4725 00224A 0.45
7.0875 10.8675 0.9449999 00435D 0.45
7.0875 10.8675 -0.9449999 00435D 0.45
7.0875 11.34 0.9449999 00435D 0.45
7.0875 11.34 -0.9449999 00435D 0.45
7.0875 11.8125 0.4725 004F63 0.45
7.0875 11.8125 0 004F63 0.45
7.0875 11.8125 -0.4725 004F63 0.45
6.615 10.395 0.4725 00224A 0.45
6.615 10.395 0 00224A 0.45
6.615 10.395 -0.4725 00224A 0.45
6.615 10.8675 0.9449999 00435D 0.45
6.615 10.8675 -0.9449999 00435D 0.45
6.615 11.34 0.9449999 00435D 0.45
6.615 11.34 -0.9449999 00435D 0.45
6.615 11.8125 0.4725 004F63 0.45
6.615 11.8125 0 004F63 0.45
6.615 11.8125 -0.4725 004F63 0.45
6.142499 10.395 0.4725 00224A 0.45
6.142499 10.395 0 00224A 0.45
6.142499 10.395 -0.4725 00224A 0.45
6.142499 10.8675 0.9449999 00435D 0.45
6.142499 10.8675 -0.9449999 00435D 0.45
6.142499 11.34 0.9449999 00435D 0.45
6.142499 11.34 -0.9449999 00435D 0.45
6.142499 11.8125 0.4725 004F63 0.45
6.142499 11.8125 0 004F63 0.45
6.142499 11.8125 -0.4725 004F63 0.45
5.67 10.395 0.9449999 00435D 0.45
2.3625 10.395 0.4725 00435D 0.45
2.3625 10.395 0 00435D 0.45
2.3625 10.395 -0.4725 00435D 0.45
5.67 10.395 -0.9449999 00455A 0.45
5.67 10.8675 0.9449999 00435D 0.45
2.3625 10.8675 0.4725 00455A 0.45
2.3625 10.8675 0 00455A 0.45
2.3625 10.8675 -0.4725 00455A 0.45
5.67 10.8675 -0.9449999 00435D 0.45
5.67 11.34 0.9449999 00435D 0.45
2.3625 11.34 0.4725 185268 0.45
2.3625 11.34 0 185268 0.45
2.3625 11.34 -0.4725 185268 0.45
5.67 11.34 -0.9449999 00435D 0.45
5.67 11.8125 0.4725 004F63 0.45
5.67 11.8125 0 004F63 0.45
5.67 11.8125 -0.4725 004F63 0.45
5.1975 10.395 0.4725 00224A 0.45
5.1975 10.395 0 00224A 0.45
5.1975 10.395 -0.4725 00224A 0.45
5.1975 10.395 0.9449999 00435D 0.45
5.1975 10.395 -0.9449999 00455A 0.45
5.1975 10.8675 0.9449999 00435D 0.45
5.1975 10.8675 -0.9449999 00435D 0.45
5.1975 11.34 0.9449999 00435D 0.45
5.1975 11.34 -0.9449999 00435D 0.45
5.1975 11.8125 0.4725 004F63 0.45
5.1975 11.8125 0 004F63 0.45
5.1975 11.8125 -0.4725 004F63 0.45
4.725 10.395 0.4725 00224A 0.45
4.725 10.395 0 00224A 0.45
4.725 10.395 -0.4725 00224A 0.45
4.725 10.395 0.9449999 00435D 0.45
4.725 10.395 -0.9449999 00455A 0.45
4.725 10.8675 0.9449999 00435D 0.45
4.725 10.8675 -0.9449999 00435D 0.45
4.725 11.34 0.9449999 00435D 0.45
4.725 11.34 -0.9449999 00435D 0.45
4.725 11.8125 0.4725 004F63 0.45
4.725 11.8125 0 004F63 0.45
4.725 11.8125 -0.4725 004F63 0.45
4.2525 10.395 0.4725 00224A 0.45
4.2525 10.395 0 00224A 0.45
4.2525 10.395 -0.4725 00224A 0.45
4.2525 10.395 0.9449999 00435D 0.45
4.2525 10.395 -0.9449999 00455A 0.45
4.2525 10.8675 0.9449999 00435D 0.45
4.2525 10.8675 -0.9449999 00435D 0.45
4.2525 11.34 0.9449999 00435D 0.45
4.2525 11.34 -0.9449999 00435D 0.45
4.2525 11.8125 0.4725 004F63 0.45
4.2525 11.8125 0 004F63 0.45
4.2525 11.8125 -0.4725 004F63 0.45
3.78 10.395 0.4725 00224A 0.45
3.78 10.395 0 00224A 0.45
3.78 10.395 -0.4725 00224A 0.45
3.78 10.395 0.9449999 00435D 0.45
3.78 10.395 -0.9449999 00455A 0.45
3.78 10.8675 0.9449999 00435D 0.45
3.78 10.8675 -0.9449999 00435D 0.45
3.78 11.34 0.9449999 00435D 0.45
3.78 11.34 -0.9449999 00435D 0.45
3.78 11.8125 0.4725 004F63 0.45
3.78 11.8125 0 004F63 0.45
3.78 11.8125 -0.4725 004F63 0.45
3.3075 10.395 0.4725 00224A 0.45
3.3075 10.395 0 00224A 0.45
3.3075 10.395 -0.4725 00224A 0.45
3.3075 10.395 0.9449999 00435D 0.45
3.3075 10.395 -0.9449999 00455A 0.45
3.3075 10.8675 0.9449999 00435D 0.45
3.3075 10.8675 -0.9449999 00435D 0.45
3.3075 11.34 0.9449999 00435D 0.45
3.3075 11.34 -0.9449999 00435D 0.45
3.3075 11.8125 0.4725 004F63 0.45
3.3075 11.8125 0 004F63 0.45
3.3075 11.8125 -0.4725 004F63 0.45
2.835 10.395 0.4725 00224A 0.45
2.835 10.395 0 00224A 0.45
2.835 10.395 -0.4725 00224A 0.45
2.835 10.395 0.9449999 00435D 0.45
2.835 10.395 -0.9449999 00455A 0.45
2.835 10.8675 0.9449999 00435D 0.45
2.835 10.8675 -0.9449999 00435D 0.45
2.835 11.34 0.9449999 00435D 0.45
2.835 11.34 -0.9449999 00435D 0.45
2.835 11.8125 0.4725 004F63 0.45
2.835 11.8125 0 004F63 0.45
2.835 11.8125 -0.4725 004F63 0.45
-2.835 10.395 0.4725 005970 0.45
-2.835 10.395 0 005970 0.45
-2.835 10.395 -0.4725 005970 0.45
2.835 10.8675 0.4725 005970 0.45
-2.835 10.8675 0.4725 005970 0.45
2.835 10.8675 0 005970 0.45
-2.835 10.8675 0 005970 0.45
2.835 10.8675 -0.4725 005970 0.45
-2.835 10.8675 -0.4725 005970 0.45
2.835 11.34 0.4725 005970 0.45
-2.835 11.34 0.4725 005970 0.45
2.835 11.34 0 005970 0.45
-2.835 11.34 0 005970 0.45
2.835 11.34 -0.4725 005970 0.45
-2.835 11.34 -0.4725 005970 0.45
2.3625 11.8125 1.4175 185D6E 0.45
2.3625 11.8125 0.9449999 185D6E 0.45
2.3625 11.8125 0.4725 185D6E 0.45
2.3625 11.8125 0 185D6E 0.45
2.3625 11.8125 -0.4725 185D6E 0.45
2.3625 11.8125 -0.9449999 185D6E 0.45
2.3625 11.8125 -1.4175 185D6E 0.45
1.89 11.34 1.89 CE9273 0.45
1.89 5.1975 1.4175 704E2B 0.45
1.89 5.1975 0.9449999 704E2B 0.45
1.89 5.1975 -0.9449999 704E2B 0.45
1.89 5.1975 -1.4175 704E2B 0.45
1.89 11.34 -1.89 737473 0.45
1.89 0.9449999 0.9449999 8C6542 0.45
1.89 0.9449999 -0.9449999 8B663F 0.45
1.89 1.4175 0.9449999 8C6542 0.45
-0.4725 1.4175 0.4725 815A31 0.45
-0.4725 1.4175 0 392C29 0.45
-0.4725 1.4175 -0.4725 815A31 0.45
1.89 1.4175 -0.9449999 8B663F 0.45
1.89 1.89 0.9449999 8C6542 0.45
-0.4725 1.89 0.4725 815A31 0.45
-0.4725 1.89 0 392C29 0.45
-0.4725 1.89 -0.4725 815A31 0.45
1.89 1.89 -0.9449999 8B663F 0.45
1.89 2.3625 0.9449999 8C6542 0.45
-0.4725 2.3625 0.4725 815A31 0.45
-0.4725 2.3625 0 392C29 0.45
-0.4725 2.3625 -0.4725 815A31 0.45
1.89 2.3625 -0.9449999 8B663F 0.45
1.89 2.835 0.9449999 8C6542 0.45
-0.4725 2.835 0.4725 815A31 0.45
-0.4725 2.835 0 392C29 0.45
-0.4725 2.835 -0.4725 815A31 0.45
1.89 2.835 -0.9449999 8B663F 0.45
1.89 3.3075 0.9449999 8B663F 0.45
1.89 5.1975 0.4725 704E2B 0.45
-0.4725 3.3075 0.4725 815A31 0.45
1.89 5.1975 0 704E2B 0.45
-0.4725 3.3075 0 392C29 0.45
1.89 5.1975 -0.4725 704E2B 0.45
-0.4725 3.3075 -0.4725 815A31 0.45
1.89 3.3075 -0.9449999 8B663F 0.45
1.89 3.78 0.9449999 8B663F 0.45
-0.4725 3.78 0.4725 815A31 0.45
-0.4725 3.78 0 392C29 0.45
-0.4725 3.78 -0.4725 815A31 0.45
1.89 3.78 -0.9449999 8B663F 0.45
1.89 4.2525 0.9449999 8B663F 0.45
-0.4725 4.2525 0.4725 815A31 0.45
-0.4725 4.2525 0 392C29 0.45
-0.4725 4.2525 -0.4725 815A31 0.45
1.89 4.2525 -0.9449999 8B663F 0.45
1.89 4.725 0.9449999 8B663F 0.45
-0.4725 4.725 0.4725 815A31 0.45
-0.4725 4.725 0 392C29 0.45
-0.4725 4.725 -0.4725 815A31 0.45
1.89 4.725 -0.9449999 8B663F 0.45
1.89 6.142499 1.4175 00224A 0.45
1.89 6.142499 0.9449999 00224A 0.45
1.89 6.142499 0.4725 00224A 0.45
-0.4725 5.1975 0.4725 815A31 0.45
1.89 6.142499 0 00224A 0.45
-0.4725 5.1975 0 392C29 0.45
1.89 6.142499 -0.4725 00224A 0.45
-0.4725 5.1975 -0.4725 815A31 0.45
1.89 6.142499 -0.9449999 00224A 0.45
1.89 6.142499 -1.4175 00224A 0.45
1.89 5.67 1.4175 70421E 0.45
1.89 5.67 0.4725 815A31 0.45
1.89 5.67 0 815A31 0.45
1.89 5.67 -0.4725 815A31 0.45
1.89 5.67 -1.4175 8B663F 0.45
1.89 11.34 1.4175 CE9073 0.45
1.89 11.34 0.9449999 CE9073 0.45
1.89 11.34 0.4725 CE9073 0.45
1.89 11.34 0 CE9073 0.45
1.89 11.34 -0.4725 CE9073 0.45
1.89 11.34 -0.9449999 CE9073 0.45
1.89 11.34 -1.4175 737473 0.45
1.89 6.615 1.4175 00485F 0.45
1.89 6.615 -1.4175 004F63 0.45
1.89 7.0875 1.4175 00485F 0.45
1.89 7.0875 -1.4175 004F63 0.45
1.89 7.559999 1.4175 00485F 0.45
1.89 7.559999 -1.4175 004F63 0.45
1.89 8.0325 1.4175 00485F 0.45
1.89 8.0325 -1.4175 004F63 0.45
1.89 8.504999 1.4175 00485F 0.45
1.89 8.504999 -1.4175 004F63 0.45
1.89 8.9775 1.4175 00485F 0.45
1.89 8.9775 -1.4175 004F63 0.45
1.89 9.45 1.4175 00485F 0.45
1.89 9.45 -1.4175 004F63 0.45
1.89 9.9225 1.4175 00485F 0.45
1.89 9.9225 -1.4175 004F63 0.45
1.89 10.395 1.4175 00485F 0.45
1.89 10.395 -1.4175 39657B 0.45
1.89 10.8675 1.4175 085163 0.45
1.89 10.8675 -1.4175 39657B 0.45
1.4175 11.34 1.89 CE9273 0.45
1.4175 5.1975 1.4175 704E2B 0.45
1.4175 5.1975 0.9449999 704E2B 0.45
1.4175 0 0.4725 1B1A1B 0.45
1.4175 0 0 1B1A1B 0.45
1.4175 0 -0.4725 1B1A1B 0.45
1.4175 0 -0.9449999 1B1A1B 0.45
1.4175 5.1975 -1.4175 704E2B 0.45
1.4175 11.34 -1.89 737473 0.45
-0.4725 0 0.4725 262626 0.45
-0.4725 0 0 262626 0.45
-0.4725 0 -0.4725 262626 0.45
-0.4725 0 -0.9449999 262626 0.45
1.4175 0 -1.4175 181818 0.45
1.4175 0.4725 0.4725 5F3718 0.45
1.4175 0.9449999 0.4725 704E2B 0.45
-0.4725 0.4725 0.4725 523218 0.45
1.4175 0.9449999 0 704E2B 0.45
-0.4725 0.4725 0 523218 0.45
1.4175 0.9449999 -0.4725 704E2B 0.45
-0.4725 0.4725 -0.4725 523218 0.45
1.4175 5.1975 -0.9449999 704E2B 0.45
-0.4725 0.4725 -0.9449999 523218 0.45
1.4175 0.4725 -1.4175 5F3718 0.45
1.4175 0.9449999 0.9449999 8B663F 0.45
1.4175 2.835 0.4725 704D29 0.45
-0.4725 0.9449999 0.4725 815A31 0.45
1.4175 2.835 0 704D29 0.45
-0.4725 0.9449999 0 392C29 0.45
1.4175 2.835 -0.4725 704D29 0.45
-0.4725 0.9449999 -0.4725 815A31 0.45
1.4175 0.9449999 -0.9449999 6B4121 0.45
1.4175 1.4175 0.9449999 8B663F 0.45
1.4175 1.4175 -0.9449999 8B663F 0.45
1.4175 1.89 0.9449999 8B663F 0.45
1.4175 1.89 -0.9449999 8B663F 0.45
1.4175 2.3625 0.9449999 8B663F 0.45
1.4175 2.3625 -0.9449999 8B663F 0.45
1.4175 2.835 0.9449999 8B663F 0.45
1.4175 2.835 -0.9449999 8B663F 0.45
1.4175 3.3075 0.9449999 8B663F 0.45
1.4175 5.1975 0.4725 704E2B 0.45
1.4175 5.1975 0 704E2B 0.45
1.4175 5.1975 -0.4725 704E2B 0.45
1.4175 3.3075 -0.9449999 8B663F 0.45
1.4175 3.78 0.9449999 8B663F 0.45
1.4175 3.3075 0.4725 845D31 0.45
1.4175 3.3075 0 815A31 0.45
1.4175 3.3075 -0.4725 846139 0.45
1.4175 3.78 -0.9449999 8B663F 0.45
1.4175 4.2525 0.9449999 8B663F 0.45
1.4175 4.2525 -0.9449999 8B663F 0.45
1.4175 4.725 0.9449999 8B663F 0.45
1.4175 4.725 -0.9449999 8B663F 0.45
1.4175 6.142499 1.4175 00224A 0.45
1.4175 6.142499 0.9449999 00224A 0.45
1.4175 6.142499 0.4725 00224A 0.45
1.4175 6.142499 0 00224A 0.45
1.4175 6.142499 -0.4725 00224A 0.45
1.4175 6.142499 -0.9449999 00224A 0.45
1.4175 6.142499 -1.4175 00224A 0.45
1.4175 5.67 1.4175 70421E 0.45
1.4175 5.67 0.4725 815A31 0.45
1.4175 5.67 0 815A31 0.45
1.4175 5.67 -0.4725 815A31 0.45
1.4175 5.67 -1.4175 8B663F 0.45
1.4175 11.34 1.4175 CE9073 0.45
1.4175 11.34 0.9449999 CE9073 0.45
1.4175 11.34 0.4725 CE9073 0.45
1.4175 11.34 0 CE9073 0.45
1.4175 11.34 -0.4725 CE9073 0.45
1.4175 11.34 -0.9449999 CE9073 0.45
1.4175 11.34 -1.4175 737473 0.45
1.4175 6.615 1.4175 00485F 0.45
1.4175 6.615 -1.4175 004F63 0.45
1.4175 7.0875 1.4175 00485F 0.45
1.4175 7.0875 -1.4175 004F63 0.45
1.4175 7.559999 1.4175 00485F 0.45
1.4175 7.559999 -1.4175 004F63 0.45
1.4175 8.0325 1.4175 00485F 0.45
1.4175 8.0325 -1.4175 004F63 0.45
1.4175 8.504999 1.4175 00485F 0.45
1.4175 8.504999 -1.4175 004F63 0.45
1.4175 8.9775 1.4175 00485F 0.45
1.4175 8.9775 -1.4175 004F63 0.45
1.4175 9.45 1.4175 00485F 0.45
1.4175 9.45 -1.4175 004F63 0.45
1.4175 9.9225 1.4175 00485F 0.45
1.4175 9.9225 -1.4175 004F63 0.45
1.4175 10.395 1.4175 00485F 0.45
1.4175 10.395 -1.4175 39657B 0.45
1.4175 10.8675 1.4175 39697B 0.45
1.4175 10.8675 -1.4175 39657B 0.45
1.4175 11.8125 1.89 ECAF97 0.45
1.4175 11.8125 1.4175 477284 0.45
1.4175 11.8125 0.9449999 477284 0.45
1.4175 11.8125 0.4725 477284 0.45
1.4175 11.8125 0 477284 0.45
1.4175 11.8125 -0.4725 477284 0.45
1.4175 11.8125 -0.9449999 477284 0.45
1.4175 11.8125 -1.4175 477284 0.45
1.4175 11.8125 -1.89 8C8A8C 0.45
1.4175 12.285 1.89 EFAE94 0.45
1.4175 12.285 -1.89 FFCCAD 0.45
1.4175 12.7575 1.89 898989 0.45
1.4175 12.7575 -1.89 FFCCAD 0.45
1.4175 13.23 1.89 898989 0.45
1.4175 13.23 -1.89 FFCCAD 0.45
1.4175 13.7025 1.89 898989 0.45
1.4175 13.7025 -1.89 FFCCAD 0.45
1.4175 14.175 1.89 898989 0.45
1.4175 14.175 -1.89 8C8684 0.45
1.4175 14.6475 1.89 898989 0.45
1.4175 14.6475 -1.89 ECAF97 0.45
1.4175 15.12 1.89 898989 0.45
1.4175 15.12 -1.89 898989 0.45
1.4175 15.5925 1.89 898989 0.45
1.4175 15.5925 -1.89 898989 0.45
1.4175 15.5925 1.4175 9A9A9A 0.45
1.4175 15.5925 0.9449999 9A9A9A 0.45
1.4175 15.5925 0.4725 9A9A9A 0.45
1.4175 15.5925 0 9A9A9A 0.45
1.4175 15.5925 -0.4725 9A9A9A 0.45
1.4175 15.5925 -0.9449999 9A9A9A 0.45
1.4175 15.5925 -1.4175 9A9A9A 0.45
0.9449999 11.34 1.89 CE9273 0.45
0.9449999 5.1975 1.4175 704E2B 0.45
0.9449999 5.1975 0.9449999 704E2B 0.45
0.9449999 0 0.4725 1B1A1B 0.45
0.9449999 0 0 1B1A1B 0.45
0.9449999 0 -0.4725 1B1A1B 0.45
0.9449999 0 -0.9449999 1B1A1B 0.45
0.9449999 5.1975 -1.4175 704E2B 0.45
0.9449999 11.34 -1.89 737473 0.45
0.9449999 0 -1.4175 181818 0.45
0.9449999 0.4725 0.4725 5F3718 0.45
0.9449999 0.9449999 0.4725 704E2B 0.45
0.9449999 0.9449999 0 704E2B 0.45
0.9449999 0.9449999 -0.4725 704E2B 0.45
0.9449999 5.1975 -0.9449999 704E2B 0.45
0.9449999 0.4725 -1.4175 5F3718 0.45
0.9449999 0.9449999 0.9449999 8B663F 0.45
0.9449999 2.835 0.4725 704D29 0.45
0.9449999 2.835 0 704D29 0.45
0.9449999 2.835 -0.4725 704D29 0.45
0.9449999 0.9449999 -0.9449999 6B4121 0.45
0.9449999 1.4175 0.9449999 8B663F 0.45
0.9449999 1.4175 -0.9449999 8B663F 0.45
0.9449999 1.89 0.9449999 8B663F 0.45
0.9449999 1.89 -0.9449999 8B663F 0.45
0.9449999 2.3625 0.9449999 8B663F 0.45
0.9449999 2.3625 -0.9449999 8B663F 0.45
0.9449999 2.835 0.9449999 8B663F 0.45
0.9449999 2.835 -0.9449999 8B663F 0.45
0.9449999 3.3075 0.9449999 8B663F 0.45
0.9449999 5.1975 0.4725 704E2B 0.45
0.9449999 5.1975 0 704E2B 0.45
0.9449999 5.1975 -0.4725 704E2B 0.45
0.9449999 3.3075 -0.9449999 8B663F 0.45
0.9449999 3.78 0.9449999 8B663F 0.45
0.9449999 3.3075 0.4725 845D31 0.45
0.9449999 3.3075 0 815A31 0.45
0.9449999 3.3075 -0.4725 846139 0.45
0.9449999 3.78 -0.9449999 8B663F 0.45
0.9449999 4.2525 0.9449999 8B663F 0.45
0.9449999 4.2525 -0.9449999 8B663F 0.45
0.9449999 4.725 0.9449999 8B663F 0.45
0.9449999 4.725 -0.9449999 8B663F 0.45
0.9449999 6.142499 1.4175 00224A 0.45
0.9449999 6.142499 0.9449999 00224A 0.45
0.9449999 6.142499 0.4725 00224A 0.45
0.9449999 6.142499 0 00224A 0.45
0.9449999 6.142499 -0.4725 00224A 0.45
0.9449999 6.142499 -0.9449999 00224A 0.45
0.9449999 6.142499 -1.4175 00224A 0.45
0.9449999 5.67 1.4175 70421E 0.45
0.9449999 5.67 0.4725 815A31 0.45
0.9449999 5.67 0 815A31 0.45
0.9449999 5.67 -0.4725 815A31 0.45
0.9449999 5.67 -1.4175 8B663F 0.45
0.9449999 11.34 1.4175 CE9073 0.45
0.9449999 11.34 0.9449999 CE9073 0.45
0.9449999 11.34 0.4725 CE9073 0.45
0.9449999 11.34 0 CE9073 0.45
0.9449999 11.34 -0.4725 CE9073 0.45
0.9449999 11.34 -0.9449999 CE9073 0.45
0.9449999 11.34 -1.4175 737473 0.45
0.9449999 6.615 1.4175 00485F 0.45
0.9449999 6.615 -1.4175 004F63 0.45
0.9449999 7.0875 1.4175 00485F 0.45
0.9449999 7.0875 -1.4175 004F63 0.45
0.9449999 7.559999 1.4175 00485F 0.45
0.9449999 7.559999 -1.4175 004F63 0.45
0.9449999 8.0325 1.4175 00485F 0.45
0.9449999 8.0325 -1.4175 004F63 0.45
0.9449999 8.504999 1.4175 00485F 0.45
0.9449999 8.504999 -1.4175 004F63 0.45
0.9449999 8.9775 1.4175 00485F 0.45
0.9449999 8.9775 -1.4175 004963 0.45
0.9449999 9.45 1.4175 00485F 0.45
0.9449999 9.45 -1.4175 B59639 0.45
0.9449999 9.9225 1.4175 00485F 0.45
0.9449999 9.9225 -1.4175 679245 0.45
0.9449999 10.395 1.4175 00485F 0.45
0.9449999 10.395 -1.4175 679245 0.45
0.9449999 10.8675 1.4175 31617B 0.45
0.9449999 10.8675 -1.4175 658D44 0.45
0.9449999 11.8125 1.89 ECAF97 0.45
0.9449999 11.8125 1.4175 477284 0.45
0.9449999 11.8125 0.9449999 477284 0.45
0.9449999 11.8125 0.4725 F4B9A1 0.45
0.9449999 11.8125 0 F4B9A1 0.45
0.9449999 11.8125 -0.4725 F4B9A1 0.45
0.9449999 11.8125 -0.9449999 F4B9A1 0.45
0.9449999 11.8125 -1.4175 F4B9A1 0.45
0.9449999 11.8125 -1.89 8C8A8C 0.45
0.9449999 12.285 1.89 EFAE94 0.45
0.9449999 12.285 -1.89 FFCCAD 0.45
0.9449999 12.7575 1.89 898989 0.45
0.9449999 12.7575 -1.89 FFCCAD 0.45
0.9449999 13.23 1.89 898989 0.45
0.9449999 13.23 -1.89 FFCBAD 0.45
0.9449999 13.7025 1.89 898989 0.45
0.9449999 13.7025 -1.89 3C0E26 0.45
0.9449999 14.175 1.89 898989 0.45
0.9449999 14.175 -1.89 8C8A8C 0.45
0.9449999 14.6475 1.89 898989 0.45
0.9449999 14.6475 -1.89 ECAF97 0.45
0.9449999 15.12 1.89 898989 0.45
0.9449999 15.12 -1.89 898989 0.45
0.9449999 15.5925 1.89 898989 0.45
0.9449999 15.5925 -1.89 898989 0.45
0.9449999 15.5925 1.4175 9A9A9A 0.45
0.9449999 15.5925 0.9449999 9A9A9A 0.45
0.9449999 15.5925 0.4725 9A9A9A 0.45
0.9449999 15.5925 0 9A9A9A 0.45
0.9449999 15.5925 -0.4725 9A9A9A 0.45
0.9449999 15.5925 -0.9449999 9A9A9A 0.45
0.9449999 15.5925 -1.4175 9A9A9A 0.45
0.4725 11.34 1.89 CE9273 0.45
0.4725 5.1975 1.4175 704E2B 0.45
0.4725 5.1975 0.9449999 704E2B 0.45
0.4725 5.1975 0.4725 704E2B 0.45
0.4725 5.1975 0 704E2B 0.45
0.4725 5.1975 -0.4725 704E2B 0.45
0.4725 5.1975 -0.9449999 704E2B 0.45
0.4725 5.1975 -1.4175 704E2B 0.45
0.4725 11.34 -1.89 737473 0.45
0.4725 0 0.4725 262626 0.45
0.4725 0 0 262626 0.45
0.4725 0 -0.4725 262626 0.45
0.4725 0 -0.9449999 262626 0.45
0.4725 0.4725 0.4725 523218 0.45
0.4725 0.4725 0 523218 0.45
0.4725 0.4725 -0.4725 523218 0.45
0.4725 0.4725 -0.9449999 523218 0.45
0.4725 0.9449999 0.4725 815A31 0.45
0.4725 0.9449999 0 392C29 0.45
0.4725 0.9449999 -0.4725 815A31 0.45
0.4725 1.4175 0.4725 815A31 0.45
0.4725 1.4175 0 392C29 0.45
0.4725 1.4175 -0.4725 815A31 0.45
0.4725 1.89 0.4725 815A31 0.45
0.4725 1.89 0 392C29 0.45
0.4725 1.89 -0.4725 815A31 0.45
0.4725 2.3625 0.4725 815A31 0.45
0.4725 2.3625 0 392C29 0.45
0.4725 2.3625 -0.4725 815A31 0.45
0.4725 2.835 0.4725 815A31 0.45
0.4725 2.835 0 392C29 0.45
0.4725 2.835 -0.4725 815A31 0.45
0.4725 3.3075 0.4725 815A31 0.45
0.4725 3.3075 0 392C29 0.45
0.4725 3.3075 -0.4725 815A31 0.45
0.4725 3.78 0.4725 815A31 0.45
0.4725 3.78 0 392C29 0.45
0.4725 3.78 -0.4725 815A31 0.45
0.4725 4.2525 0.4725 815A31 0.45
0.4725 4.2525 0 392C29 0.45
0.4725 4.2525 -0.4725 815A31 0.45
0.4725 4.725 0.4725 815A31 0.45
0.4725 4.725 0 392C29 0.45
0.4725 4.725 -0.4725 815A31 0.45
0.4725 6.142499 1.4175 00224A 0.45
0.4725 6.142499 0.9449999 00224A 0.45
0.4725 6.142499 0.4725 00224A 0.45
0.4725 6.142499 0 00224A 0.45
0.4725 6.142499 -0.4725 00224A 0.45
0.4725 6.142499 -0.9449999 00224A 0.45
0.4725 6.142499 -1.4175 00224A 0.45
0.4725 5.67 1.4175 70421E 0.45
0.4725 5.67 -1.4175 8B663F 0.45
0.4725 11.34 1.4175 CE9073 0.45
0.4725 11.34 0.9449999 CE9073 0.45
0.4725 11.34 0.4725 CE9073 0.45
0.4725 11.34 0 CE9073 0.45
0.4725 11.34 -0.4725 CE9073 0.45
0.4725 11.34 -0.9449999 CE9073 0.45
0.4725 11.34 -1.4175 737473 0.45
0.4725 6.615 1.4175 00485F 0.45
0.4725 6.615 -1.4175 6B9242 0.45
0.4725 7.0875 1.4175 00485F 0.45
0.4725 7.0875 -1.4175 6B9242 0.45
0.4725 7.559999 1.4175 00485F 0.45
0.4725 7.559999 -1.4175 6B9242 0.45
0.4725 8.0325 1.4175 00485F 0.45
0.4725 8.0325 -1.4175 6B9242 0.45
0.4725 8.504999 1.4175 00485F 0.45
0.4725 8.504999 -1.4175 6B9242 0.45
0.4725 8.9775 1.4175 00485F 0.45
0.4725 8.9775 -1.4175 679245 0.45
0.4725 9.45 1.4175 00485F 0.45
0.4725 9.45 -1.4175 679245 0.45
0.4725 9.9225 1.4175 00485F 0.45
0.4725 9.9225 -1.4175 679245 0.45
0.4725 10.395 1.4175 00485F 0.45
0.4725 10.395 -1.4175 679245 0.45
0.4725 10.8675 1.4175 31617B 0.45
0.4725 10.8675 -1.4175 658D44 0.45
0.4725 11.8125 1.89 ECAF97 0.45
0.4725 11.8125 1.4175 477284 0.45
0.4725 11.8125 0.9449999 477284 0.45
0.4725 11.8125 0.4725 F4B9A1 0.45
0.4725 11.8125 0 F4B9A1 0.45
0.4725 11.8125 -0.4725 F4B9A1 0.45
0.4725 11.8125 -0.9449999 F4B9A1 0.45
0.4725 11.8125 -1.4175 F4B9A1 0.45
0.4725 11.8125 -1.89 8C8A8C 0.45
0.4725 12.285 1.89 EFAE94 0.45
0.4725 12.285 -1.89 FFCBAD 0.45
0.4725 12.7575 1.89 898989 0.45
0.4725 12.7575 -1.89 8C8A8C 0.45
0.4725 13.23 1.89 898989 0.45
0.4725 13.23 -1.89 FFCCAD 0.45
0.4725 13.7025 1.89 898989 0.45
0.4725 13.7025 -1.89 FFCCAD 0.45
0.4725 14.175 1.89 898989 0.45
0.4725 14.175 -1.89 FFCCAD 0.45
0.4725 14.6475 1.89 898989 0.45
0.4725 14.6475 -1.89 ECAF97 0.45
0.4725 15.12 1.89 898989 0.45
0.4725 15.12 -1.89 898989 0.45
0.4725 15.5925 1.89 898989 0.45
0.4725 15.5925 -1.89 898989 0.45
0.4725 15.5925 1.4175 9A9A9A 0.45
0.4725 15.5925 0.9449999 9A9A9A 0.45
0.4725 15.5925 0.4725 9A9A9A 0.45
0.4725 15.5925 0 9A9A9A 0.45
0.4725 15.5925 -0.4725 9A9A9A 0.45
0.4725 15.5925 -0.9449999 9A9A9A 0.45
0.4725 15.5925 -1.4175 9A9A9A 0.45
0 11.34 1.89 CE9273 0.45
0 5.1975 1.4175 704E2B 0.45
0 5.1975 0.9449999 704E2B 0.45
0 5.1975 0.4725 704E2B 0.45
0 5.1975 0 704E2B 0.45
0 5.1975 -0.4725 704E2B 0.45
0 5.1975 -0.9449999 704E2B 0.45
0 5.1975 -1.4175 704E2B 0.45
0 11.34 -1.89 737473 0.45
0 6.142499 1.4175 00224A 0.45
0 6.142499 0.9449999 00224A 0.45
0 6.142499 0.4725 00224A 0.45
0 6.142499 0 00224A 0.45
0 6.142499 -0.4725 00224A 0.45
0 6.142499 -0.9449999 00224A 0.45
0 6.142499 -1.4175 00224A 0.45
0 5.67 1.4175 70421E 0.45
0 5.67 -1.4175 8B663F 0.45
0 11.34 1.4175 CE9073 0.45
0 11.34 0.9449999 CE9073 0.45
0 11.34 0.4725 CE9073 0.45
0 11.34 0 CE9073 0.45
0 11.34 -0.4725 CE9073 0.45
0 11.34 -0.9449999 CE9073 0.45
0 11.34 -1.4175 737473 0.45
0 6.615 1.4175 00485F 0.45
0 6.615 -1.4175 6B9242 0.45
0 7.0875 1.4175 00485F 0.45
0 7.0875 -1.4175 679245 0.45
0 7.559999 1.4175 00485F 0.45
0 7.559999 -1.4175 679245 0.45
0 8.0325 1.4175 00485F 0.45
0 8.0325 -1.4175 679245 0.45
0 8.504999 1.4175 00485F 0.45
0 8.504999 -1.4175 679245 0.45
0 8.9775 1.4175 00485F 0.45
0 8.9775 -1.4175 679245 0.45
0 9.45 1.4175 00485F 0.45
0 9.45 -1.4175 679245 0.45
0 9.9225 1.4175 00485F 0.45
0 9.9225 -1.4175 679245 0.45
0 10.395 1.4175 00485F 0.45
0 10.395 -1.4175 679245 0.45
0 10.8675 1.4175 31617B 0.45
0 10.8675 -1.4175 658C44 0.45
0 11.8125 1.89 ECAF97 0.45
0 11.8125 1.4175 477284 0.45
0 11.8125 0.9449999 477284 0.45
0 11.8125 0.4725 F4B9A1 0.45
0 11.8125 0 F4B9A1 0.45
0 11.8125 -0.4725 F4B9A1 0.45
0 11.8125 -0.9449999 F4B9A1 0.45
0 11.8125 -1.4175 F4B9A1 0.45
0 11.8125 -1.89 8C8A8C 0.45
0 12.285 1.89 EFAE94 0.45
0 12.285 -1.89 FFCBAD 0.45
0 12.7575 1.89 898989 0.45
0 12.7575 -1.89 8C8A8C 0.45
0 13.23 1.89 898989 0.45
0 13.23 -1.89 FFCCAD 0.45
0 13.7025 1.89 898989 0.45
0 13.7025 -1.89 FFCCAD 0.45
0 14.175 1.89 898989 0.45
0 14.175 -1.89 FFCCAD 0.45
0 14.6475 1.89 898989 0.45
0 14.6475 -1.89 ECAF97 0.45
0 15.12 1.89 898989 0.45
0 15.12 -1.89 8C8A8C 0.45
0 15.5925 1.89 898989 0.45
0 15.5925 -1.89 898989 0.45
0 15.5925 1.4175 9A9A9A 0.45
0 15.5925 0.9449999 9A9A9A 0.45
0 15.5925 0.4725 9A9A9A 0.45
0 15.5925 0 9A9A9A 0.45
0 15.5925 -0.4725 9A9A9A 0.45
0 15.5925 -0.9449999 9A9A9A 0.45
0 15.5925 -1.4175 9A9A9A 0.45
-0.4725 11.34 1.89 CE9273 0.45
-0.4725 5.1975 1.4175 704E2B 0.45
-0.4725 5.1975 0.9449999 704E2B 0.45
-0.4725 5.1975 -0.9449999 704E2B 0.45
-0.4725 5.1975 -1.4175 704E2B 0.45
-0.4725 11.34 -1.89 737473 0.45
-0.4725 3.3075 0.9449999 845931 0.45
-0.4725 3.78 0.9449999 845931 0.45
-0.4725 4.2525 0.9449999 845931 0.45
-0.4725 4.725 0.9449999 845931 0.45
-0.4725 6.142499 1.4175 00224A 0.45
-0.4725 6.142499 0.9449999 00224A 0.45
-0.4725 6.142499 0.4725 00224A 0.45
-0.4725 6.142499 0 00224A 0.45
-0.4725 6.142499 -0.4725 00224A 0.45
-0.4725 6.142499 -0.9449999 00224A 0.45
-0.4725 6.142499 -1.4175 00224A 0.45
-0.4725 5.67 1.4175 70421E 0.45
-0.4725 5.67 -1.4175 8B663F 0.45
-0.4725 11.34 1.4175 CE9073 0.45
-0.4725 11.34 0.9449999 CE9073 0.45
-0.4725 11.34 0.4725 CE9073 0.45
-0.4725 11.34 0 CE9073 0.45
-0.4725 11.34 -0.4725 CE9073 0.45
-0.4725 11.34 -0.9449999 CE9073 0.45
-0.4725 11.34 -1.4175 737473 0.45
-0.4725 6.615 1.4175 00485F 0.45
-0.4725 6.615 -1.4175 6B9242 0.45
-0.4725 7.0875 1.4175 00485F 0.45
-0.4725 7.0875 -1.4175 6B9242 0.45
-0.4725 7.559999 1.4175 00485F 0.45
-0.4725 7.559999 -1.4175 6B9242 0.45
-0.4725 8.0325 1.4175 00485F 0.45
-0.4725 8.0325 -1.4175 6B9242 0.45
-0.4725 8.504999 1.4175 00485F 0.45
-0.4725 8.504999 -1.4175 6B9242 0.45
-0.4725 8.9775 1.4175 00485F 0.45
-0.4725 8.9775 -1.4175 679245 0.45
-0.4725 9.45 1.4175 00485F 0.45
-0.4725 9.45 -1.4175 679245 0.45
-0.4725 9.9225 1.4175 00485F 0.45
-0.4725 9.9225 -1.4175 679245 0.45
-0.4725 10.395 1.4175 00485F 0.45
-0.4725 10.395 -1.4175 679245 0.45
-0.4725 10.8675 1.4175 31617B 0.45
-0.4725 10.8675 -1.4175 4A6929 0.45
-0.4725 11.8125 1.89 ECAF97 0.45
-0.4725 11.8125 1.4175 477284 0.45
-0.4725 11.8125 0.9449999 477284 0.45
-0.4725 11.8125 0.4725 F4B9A1 0.45
-0.4725 11.8125 0 F4B9A1 0.45
-0.4725 11.8125 -0.4725 F4B9A1 0.45
-0.4725 11.8125 -0.9449999 F4B9A1 0.45
-0.4725 11.8125 -1.4175 F4B9A1 0.45
-0.4725 11.8125 -1.89 8C8A8C 0.45
-0.4725 12.285 1.89 EFAE94 0.45
-0.4725 12.285 -1.89 FFCBAD 0.45
-0.4725 12.7575 1.89 898989 0.45
-0.4725 12.7575 -1.89 8C8A8C 0.45
-0.4725 13.23 1.89 898989 0.45
-0.4725 13.23 -1.89 FFCCAD 0.45
-0.4725 13.7025 1.89 898989 0.45
-0.4725 13.7025 -1.89 FFCCAD 0.45
-0.4725 14.175 1.89 898989 0.45
-0.4725 14.175 -1.89 FFCCAD 0.45
-0.4725 14.6475 1.89 898989 0.45
-0.4725 14.6475 -1.89 ECAF97 0.45
-0.4725 15.12 1.89 898989 0.45
-0.4725 15.12 -1.89 898989 0.45
-0.4725 15.5925 1.89 898989 0.45
-0.4725 15.5925 -1.89 898989 0.45
-0.4725 15.5925 1.4175 9A9A9A 0.45
-0.4725 15.5925 0.9449999 9A9A9A 0.45
-0.4725 15.5925 0.4725 9A9A9A 0.45
-0.4725 15.5925 0 9A9A9A 0.45
-0.4725 15.5925 -0.4725 9A9A9A 0.45
-0.4725 15.5925 -0.9449999 9A9A9A 0.45
-0.4725 15.5925 -1.4175 9A9A9A 0.45
-0.9449999 11.34 1.89 CE9273 0.45
-0.9449999 5.1975 1.4175 704E2B 0.45
-0.9449999 5.1975 0.9449999 704E2B 0.45
-0.9449999 0 0.4725 1B1A1B 0.45
-0.9449999 0 0 1B1A1B 0.45
-0.9449999 0 -0.4725 1B1A1B 0.45
-0.9449999 0 -0.9449999 1B1A1B 0.45
-0.9449999 5.1975 -1.4175 704E2B 0.45
-0.9449999 11.34 -1.89 737473 0.45
-0.9449999 0.9449999 0.4725 704E2B 0.45
-0.9449999 0.9449999 0 704E2B 0.45
-0.9449999 0.9449999 -0.4725 704E2B 0.45
-0.9449999 5.1975 -0.9449999 704E2B 0.45
-0.9449999 0 -1.4175 1B1A1B 0.45
-0.9449999 0.4725 0.4725 5F3718 0.45
-0.9449999 0.4725 -1.4175 5F3718 0.45
-0.9449999 0.9449999 0.9449999 8B663F 0.45
-0.9449999 2.835 0.4725 704D29 0.45
-0.9449999 2.835 0 704D29 0.45
-0.9449999 2.835 -0.4725 704D29 0.45
-0.9449999 0.9449999 -0.9449999 6B4121 0.45
-0.9449999 1.4175 0.9449999 8B663F 0.45
-0.9449999 1.4175 -0.9449999 8B663F 0.45
-0.9449999 1.89 0.9449999 8B663F 0.45
-0.9449999 1.89 -0.9449999 8B663F 0.45
-0.9449999 2.3625 0.9449999 8B663F 0.45
-0.9449999 2.3625 -0.9449999 8B663F 0.45
-0.9449999 2.835 0.9449999 8B663F 0.45
-0.9449999 2.835 -0.9449999 8B663F 0.45
-0.9449999 3.3075 0.9449999 8B663F 0.45
-0.9449999 5.1975 0.4725 704E2B 0.45
-0.9449999 5.1975 0 704E2B 0.45
-0.9449999 5.1975 -0.4725 704E2B 0.45
-0.9449999 3.3075 -0.9449999 8B663F 0.45
-0.9449999 3.78 0.9449999 8B663F 0.45
-0.9449999 3.3075 0.4725 815A31 0.45
-0.9449999 3.3075 0 815A31 0.45
-0.9449999 3.3075 -0.4725 835A33 0.45
-0.9449999 3.78 -0.9449999 8B663F 0.45
-0.9449999 4.2525 0.9449999 8B663F 0.45
-0.9449999 4.2525 -0.9449999 8B663F 0.45
-0.9449999 4.725 0.9449999 8B663F 0.45
-0.9449999 4.725 -0.9449999 8B663F 0.45
-0.9449999 6.142499 1.4175 00224A 0.45
-0.9449999 6.142499 0.9449999 00224A 0.45
-0.9449999 6.142499 0.4725 00224A 0.45
-0.9449999 6.142499 0 00224A 0.45
-0.9449999 6.142499 -0.4725 00224A 0.45
-0.9449999 6.142499 -0.9449999 00224A 0.45
-0.9449999 6.142499 -1.4175 00224A 0.45
-0.9449999 5.67 1.4175 70421E 0.45
-0.9449999 5.67 0.4725 815A31 0.45
-0.9449999 5.67 0 815A31 0.45
-0.9449999 5.67 -0.4725 815A31 0.45
-0.9449999 5.67 -1.4175 8B663F 0.45
-0.9449999 11.34 1.4175 CE9073 0.45
-0.9449999 11.34 0.9449999 CE9073 0.45
-0.9449999 11.34 0.4725 CE9073 0.45
-0.9449999 11.34 0 CE9073 0.45
-0.9449999 11.34 -0.4725 CE9073 0.45
-0.9449999 11.34 -0.9449999 CE9073 0.45
-0.9449999 11.34 -1.4175 737473 0.45
-0.9449999 6.615 1.4175 00485F 0.45
-0.9449999 6.615 -1.4175 AD8629 0.45
-0.9449999 7.0875 1.4175 00485F 0.45
-0.9449999 7.0875 -1.4175 004F63 0.45
-0.9449999 7.559999 1.4175 00485F 0.45
-0.9449999 7.559999 -1.4175 AD8629 0.45
-0.9449999 8.0325 1.4175 00485F 0.45
-0.9449999 8.0325 -1.4175 004F63 0.45
-0.9449999 8.504999 1.4175 00485F 0.45
-0.9449999 8.504999 -1.4175 BD9239 0.45
-0.9449999 8.9775 1.4175 00485F 0.45
-0.9449999 8.9775 -1.4175 004963 0.45
-0.9449999 9.45 1.4175 00485F 0.45
-0.9449999 9.45 -1.4175 4A7539 0.45
-0.9449999 9.9225 1.4175 00485F 0.45
-0.9449999 9.9225 -1.4175 679245 0.45
-0.9449999 10.395 1.4175 00485F 0.45
-0.9449999 10.395 -1.4175 679245 0.45
-0.9449999 10.8675 1.4175 31617B 0.45
-0.9449999 10.8675 -1.4175 4A6929 0.45
-0.9449999 11.8125 1.89 ECAF97 0.45
-0.9449999 11.8125 1.4175 477284 0.45
-0.9449999 11.8125 0.9449999 477284 0.45
-0.9449999 11.8125 0.4725 F4B9A1 0.45
-0.9449999 11.8125 0 F4B9A1 0.45
-0.9449999 11.8125 -0.4725 F4B9A1 0.45
-0.9449999 11.8125 -0.9449999 F4B9A1 0.45
-0.9449999 11.8125 -1.4175 F4B9A1 0.45
-0.9449999 11.8125 -1.89 8C8A8C 0.45
-0.9449999 12.285 1.89 EFAE94 0.45
-0.9449999 12.285 -1.89 FFCCAD 0.45
-0.9449999 12.7575 1.89 898989 0.45
-0.9449999 12.7575 -1.89 FFCCAD 0.45
-0.9449999 13.23 1.89 898989 0.45
-0.9449999 13.23 -1.89 FFCBAD 0.45
-0.9449999 13.7025 1.89 898989 0.45
-0.9449999 13.7025 -1.89 3C0E26 0.45
-0.9449999 14.175 1.89 898989 0.45
-0.9449999 14.175 -1.89 8C8A8C 0.45
-0.9449999 14.6475 1.89 898989 0.45
-0.9449999 14.6475 -1.89 ECAF97 0.45
-0.9449999 15.12 1.89 898989 0.45
-0.9449999 15.12 -1.89 898989 0.45
-0.9449999 15.5925 1.89 898989 0.45
-0.9449999 15.5925 -1.89 898989 0.45
-0.9449999 15.5925 1.4175 9A9A9A 0.45
-0.9449999 15.5925 0.9449999 9A9A9A 0.45
-0.9449999 15.5925 0.4725 9A9A9A 0.45
-0.9449999 15.5925 0 9A9A9A 0.45
-0.9449999 15.5925 -0.4725 9A9A9A 0.45
-0.9449999 15.5925 -0.9449999 9A9A9A 0.45
-0.9449999 15.5925 -1.4175 9A9A9A 0.45
-1.4175 11.34 1.89 CE9273 0.45
-1.4175 5.1975 1.4175 704E2B 0.45
-1.4175 5.1975 0.9449999 704E2B 0.45
-1.4175 0 0.4725 1B1A1B 0.45
-1.4175 0 0 1B1A1B 0.45
-1.4175 0 -0.4725 1B1A1B 0.45
-1.4175 0 -0.9449999 1B1A1B 0.45
-1.4175 5.1975 -1.4175 704E2B 0.45
-1.4175 11.34 -1.89 737473 0.45
-1.4175 0.9449999 0.4725 704E2B 0.45
-1.4175 0.9449999 0 704E2B 0.45
-1.4175 0.9449999 -0.4725 704E2B 0.45
-1.4175 5.1975 -0.9449999 704E2B 0.45
-1.4175 0 -1.4175 1B1A1B 0.45
-1.4175 0.4725 0.4725 5F3718 0.45
-1.4175 0.4725 -1.4175 5F3718 0.45
-1.4175 0.9449999 0.9449999 8B663F 0.45
-1.4175 2.835 0.4725 704D29 0.45
-1.4175 2.835 0 704D29 0.45
-1.4175 2.835 -0.4725 704D29 0.45
-1.4175 0.9449999 -0.9449999 6B4121 0.45
-1.4175 1.4175 0.9449999 8B663F 0.45
-1.4175 1.4175 -0.9449999 8B663F 0.45
-1.4175 1.89 0.9449999 8B663F 0.45
-1.4175 1.89 -0.9449999 8B663F 0.45
-1.4175 2.3625 0.9449999 8B663F 0.45
-1.4175 2.3625 -0.9449999 8B663F 0.45
-1.4175 2.835 0.9449999 8B663F 0.45
-1.4175 2.835 -0.9449999 8B663F 0.45
-1.4175 3.3075 0.9449999 8B663F 0.45
-1.4175 5.1975 0.4725 704E2B 0.45
-1.4175 5.1975 0 704E2B 0.45
-1.4175 5.1975 -0.4725 704E2B 0.45
-1.4175 3.3075 -0.9449999 8B663F 0.45
-1.4175 3.78 0.9449999 8B663F 0.45
-1.4175 3.3075 0.4725 815A31 0.45
-1.4175 3.3075 0 815A31 0.45
-1.4175 3.3075 -0.4725 835A33 0.45
-1.4175 3.78 -0.9449999 8B663F 0.45
-1.4175 4.2525 0.9449999 8B663F 0.45
-1.4175 4.2525 -0.9449999 8B663F 0.45
-1.4175 4.725 0.9449999 8B663F 0.45
-1.4175 4.725 -0.9449999 8B663F 0.45
-1.4175 6.142499 1.4175 00224A 0.45
-1.4175 6.142499 0.9449999 00224A 0.45
-1.4175 6.142499 0.4725 00224A 0.45
-1.4175 6.142499 0 00224A 0.45
-1.4175 6.142499 -0.4725 00224A 0.45
-1.4175 6.142499 -0.9449999 00224A 0.45
-1.4175 6.142499 -1.4175 00224A 0.45
-1.4175 5.67 1.4175 70421E 0.45
-1.4175 5.67 0.4725 815A31 0.45
-1.4175 5.67 0 815A31 0.45
-1.4175 5.67 -0.4725 815A31 0.45
-1.4175 5.67 -1.4175 8B663F 0.45
-1.4175 11.34 1.4175 CE9073 0.45
-1.4175 11.34 0.9449999 CE9073 0.45
-1.4175 11.34 0.4725 CE9073 0.45
-1.4175 11.34 0 CE9073 0.45
-1.4175 11.34 -0.4725 CE9073 0.45
-1.4175 11.34 -0.9449999 CE9073 0.45
-1.4175 11.34 -1.4175 737473 0.45
-1.4175 6.615 1.4175 00485F 0.45
-1.4175 6.615 -1.4175 004F63 0.45
-1.4175 7.0875 1.4175 00485F 0.45
-1.4175 7.0875 -1.4175 004F63 0.45
-1.4175 7.559999 1.4175 00485F 0.45
-1.4175 7.559999 -1.4175 004F63 0.45
-1.4175 8.0325 1.4175 00485F 0.45
-1.4175 8.0325 -1.4175 004F63 0.45
-1.4175 8.504999 1.4175 00485F 0.45
-1.4175 8.504999 -1.4175 004F63 0.45
-1.4175 8.9775 1.4175 00485F 0.45
-1.4175 8.9775 -1.4175 004F63 0.45
-1.4175 9.45 1.4175 00485F 0.45
-1.4175 9.45 -1.4175 004F63 0.45
-1.4175 9.9225 1.4175 00485F 0.45
-1.4175 9.9225 -1.4175 004963 0.45
-1.4175 10.395 1.4175 00485F 0.45
-1.4175 10.395 -1.4175 31616B 0.45
-1.4175 10.8675 1.4175 31617B 0.45
-1.4175 10.8675 -1.4175 426D7B 0.45
-1.4175 11.8125 1.89 ECAF97 0.45
-1.4175 11.8125 1.4175 477284 0.45
-1.4175 11.8125 0.9449999 477284 0.45
-1.4175 11.8125 0.4725 477284 0.45
-1.4175 11.8125 0 477284 0.45
-1.4175 11.8125 -0.4725 477284 0.45
-1.4175 11.8125 -0.9449999 477284 0.45
-1.4175 11.8125 -1.4175 477284 0.45
-1.4175 11.8125 -1.89 8C8A8C 0.45
-1.4175 12.285 1.89 EFAE94 0.45
-1.4175 12.285 -1.89 FFCCAD 0.45
-1.4175 12.7575 1.89 898989 0.45
-1.4175 12.7575 -1.89 FFCCAD 0.45
-1.4175 13.23 1.89 898989 0.45
-1.4175 13.23 -1.89 FFCCAD 0.45
-1.4175 13.7025 1.89 898989 0.45
-1.4175 13.7025 -1.89 FFCCAD 0.45
-1.4175 14.175 1.89 898989 0.45
-1.4175 14.175 -1.89 8C8684 0.45
-1.4175 14.6475 1.89 898989 0.45
-1.4175 14.6475 -1.89 ECAF97 0.45
-1.4175 15.12 1.89 898989 0.45
-1.4175 15.12 -1.89 8C8A8C 0.45
-1.4175 15.5925 1.89 898989 0.45
-1.4175 15.5925 -1.89 898989 0.45
-1.4175 15.5925 1.4175 9A9A9A 0.45
-1.4175 15.5925 0.9449999 9A9A9A 0.45
-1.4175 15.5925 0.4725 9A9A9A 0.45
-1.4175 15.5925 0 9A9A9A 0.45
-1.4175 15.5925 -0.4725 9A9A9A 0.45
-1.4175 15.5925 -0.9449999 9A9A9A 0.45
-1.4175 15.5925 -1.4175 9A9A9A 0.45
-1.89 11.34 1.89 CE9273 0.45
-1.89 5.1975 1.4175 704E2B 0.45
-1.89 5.1975 0.9449999 704E2B 0.45
-1.89 0.9449999 0.4725 704E2B 0.45
-1.89 0.9449999 0 704E2B 0.45
-1.89 0.9449999 -0.4725 704E2B 0.45
-1.89 5.1975 -0.9449999 704E2B 0.45
-1.89 5.1975 -1.4175 704E2B 0.45
-1.89 11.34 -1.89 737473 0.45
-1.89 0 0.4725 262626 0.45
-1.89 0 0 262626 0.45
-1.89 0 -0.4725 262626 0.45
-1.89 0 -0.9449999 262626 0.45
-1.89 0.4725 0.4725 523218 0.45
-1.89 0.4725 0 523218 0.45
-1.89 0.4725 -0.4725 523218 0.45
-1.89 0.4725 -0.9449999 523218 0.45
-1.89 0.9449999 0.9449999 8B663F 0.45
-1.89 2.835 0.4725 704D29 0.45
-1.89 2.835 0 704D29 0.45
-1.89 2.835 -0.4725 704D29 0.45
-1.89 0.9449999 -0.9449999 8B663F 0.45
-1.89 1.4175 0.9449999 8B663F 0.45
-1.89 1.4175 -0.9449999 8B663F 0.45
-1.89 1.89 0.9449999 8B663F 0.45
-1.89 1.89 -0.9449999 8B663F 0.45
-1.89 2.3625 0.9449999 8B663F 0.45
-1.89 2.3625 -0.9449999 8B663F 0.45
-1.89 2.835 0.9449999 8B663F 0.45
-1.89 2.835 -0.9449999 8B663F 0.45
-1.89 3.3075 0.9449999 8C6542 0.45
-1.89 5.1975 0.4725 704E2B 0.45
-1.89 5.1975 0 704E2B 0.45
-1.89 5.1975 -0.4725 704E2B 0.45
-1.89 3.3075 -0.9449999 8B663F 0.45
-1.89 3.78 0.9449999 8C6542 0.45
-1.89 3.3075 0.4725 815A31 0.45
-1.89 3.3075 0 815A31 0.45
-1.89 3.3075 -0.4725 835A33 0.45
-1.89 3.78 -0.9449999 8B663F 0.45
-1.89 4.2525 0.9449999 8C6542 0.45
-1.89 4.2525 -0.9449999 8B663F 0.45
-1.89 4.725 0.9449999 8C6542 0.45
-1.89 4.725 -0.9449999 8B663F 0.45
-1.89 6.142499 1.4175 00224A 0.45
-1.89 6.142499 0.9449999 00224A 0.45
-1.89 6.142499 0.4725 00224A 0.45
-1.89 6.142499 0 00224A 0.45
-1.89 6.142499 -0.4725 00224A 0.45
-1.89 6.142499 -0.9449999 00224A 0.45
-1.89 6.142499 -1.4175 00224A 0.45
-1.89 5.67 1.4175 70421E 0.45
-1.89 5.67 0.4725 815A31 0.45
-1.89 5.67 0 815A31 0.45
-1.89 5.67 -1.4175 8B663F 0.45
-1.89 11.34 1.4175 CE9073 0.45
-1.89 11.34 0.9449999 CE9073 0.45
-1.89 11.34 0.4725 CE9073 0.45
-1.89 11.34 0 CE9073 0.45
-1.89 11.34 -0.4725 CE9073 0.45
-1.89 11.34 -0.9449999 CE9073 0.45
-1.89 11.34 -1.4175 737473 0.45
-1.89 6.615 1.4175 00485F 0.45
-1.89 6.615 -1.4175 004F63 0.45
-1.89 7.0875 1.4175 00485F 0.45
-1.89 7.0875 -1.4175 004F63 0.45
-1.89 7.559999 1.4175 00485F 0.45
-1.89 7.559999 -1.4175 004F63 0.45
-1.89 8.0325 1.4175 00485F 0.45
-1.89 8.0325 -1.4175 004F63 0.45
-1.89 8.504999 1.4175 00485F 0.45
-1.89 8.504999 -1.4175 004F63 0.45
-1.89 8.9775 1.4175 00485F 0.45
-1.89 8.9775 -1.4175 004F63 0.45
-1.89 9.45 1.4175 00485F 0.45
-1.89 9.45 -1.4175 004F63 0.45
-1.89 9.9225 1.4175 00485F 0.45
-1.89 9.9225 -1.4175 004F63 0.45
-1.89 10.395 1.4175 00485F 0.45
-1.89 10.395 -1.4175 39657B 0.45
-1.89 10.8675 1.4175 084D63 0.45
-1.89 10.8675 -1.4175 39657B 0.45
-1.89 11.8125 1.89 ECAF97 0.45
-1.89 11.8125 1.4175 477284 0.45
-1.89 11.8125 0.9449999 477284 0.45
-1.89 11.8125 0.4725 477284 0.45
-1.89 11.8125 0 477284 0.45
-1.89 11.8125 -0.4725 477284 0.45
-1.89 11.8125 -0.9449999 477284 0.45
-1.89 11.8125 -1.4175 477284 0.45
-1.89 11.8125 -1.89 8C8A8C 0.45
-1.89 12.285 1.89 EFAE94 0.45
-1.89 12.285 -1.89 8C8A8C 0.45
-1.89 12.7575 1.89 898989 0.45
-1.89 12.7575 -1.89 FFCBAD 0.45
-1.89 13.23 1.89 898989 0.45
-1.89 13.23 -1.89 FFCBAD 0.45
-1.89 13.7025 1.89 898989 0.45
-1.89 13.7025 -1.89 FFCBAD 0.45
-1.89 14.175 1.89 898989 0.45
-1.89 14.175 -1.89 FFCBAD 0.45
-1.89 14.6475 1.89 898989 0.45
-1.89 14.6475 -1.89 EFAE94 0.45
-1.89 15.12 1.89 898989 0.45
-1.89 15.12 -1.89 8F8883 0.45
-1.89 15.5925 1.89 898989 0.45
-1.89 15.5925 -1.89 8C8A8C 0.45
-1.89 15.5925 1.4175 9A9A9A 0.45
-1.89 15.5925 0.9449999 9A9A9A 0.45
-1.89 15.5925 0.4725 9A9A9A 0.45
-1.89 15.5925 0 9A9A9A 0.45
-1.89 15.5925 -0.4725 9A9A9A 0.45
-1.89 15.5925 -0.9449999 9A9A9A 0.45
-1.89 15.5925 -1.4175 9A9A9A 0.45
-2.3625 6.142499 1.4175 00224A 0.45
-2.3625 6.142499 0.9449999 00224A 0.45
-2.3625 6.142499 0.4725 00224A 0.45
-2.3625 6.142499 0 00224A 0.45
-2.3625 6.142499 -0.4725 00224A 0.45
-2.3625 6.142499 -0.9449999 00224A 0.45
-2.3625 6.142499 -1.4175 00224A 0.45
-1.89 1.4175 0.4725 815A31 0.45
-1.89 1.4175 0 392C29 0.45
-1.89 1.4175 -0.4725 815A31 0.45
-1.89 1.89 0.4725 815A31 0.45
-1.89 1.89 0 392C29 0.45
-1.89 1.89 -0.4725 815A31 0.45
-1.89 2.3625 0.4725 815A31 0.45
-1.89 2.3625 0 392C29 0.45
-1.89 2.3625 -0.4725 815A31 0.45
-1.89 3.78 0.4725 815A31 0.45
-1.89 3.78 0 392C29 0.45
-1.89 3.78 -0.4725 815A31 0.45
-1.89 4.2525 0.4725 815A31 0.45
-1.89 4.2525 0 392C29 0.45
-1.89 4.2525 -0.4725 815A31 0.45
-1.89 4.725 0.4725 815A31 0.45
-1.89 4.725 0 392C29 0.45
-1.89 4.725 -0.4725 815A31 0.45
-2.3625 5.1975 1.4175 845931 0.45
-2.3625 5.1975 0.9449999 845931 0.45
-2.3625 5.1975 0.4725 845931 0.45
-2.3625 5.1975 0 392C29 0.45
-2.3625 5.1975 -0.4725 845931 0.45
-2.3625 5.1975 -0.9449999 845931 0.45
-2.3625 5.1975 -1.4175 8C6139 0.45
-2.3625 5.67 1.4175 815A31 0.45
-2.3625 5.67 0.9449999 815A31 0.45
-2.3625 5.67 0.4725 815A31 0.45
-2.3625 5.67 0 392C29 0.45
-2.3625 5.67 -0.4725 815A31 0.45
-2.3625 5.67 -0.9449999 815A31 0.45
-2.3625 5.67 -1.4175 845931 0.45
-2.3625 6.615 1.4175 004760 0.45
-2.3625 6.615 -1.4175 004F63 0.45
-2.3625 7.0875 1.4175 004760 0.45
-2.3625 7.0875 -1.4175 004F63 0.45
-2.3625 7.559999 1.4175 004760 0.45
-2.3625 7.559999 -1.4175 004F63 0.45
-2.3625 8.0325 1.4175 004760 0.45
-2.3625 8.0325 -1.4175 004F63 0.45
-2.3625 8.504999 1.4175 004760 0.45
-2.3625 8.504999 -1.4175 004F63 0.45
-2.3625 8.9775 1.4175 004760 0.45
-2.3625 8.9775 -1.4175 004F63 0.45
-2.3625 9.45 1.4175 004760 0.45
-2.3625 9.45 -1.4175 004F63 0.45
-2.3625 9.9225 1.4175 004760 0.45
-2.3625 9.9225 -1.4175 004F63 0.45
-2.3625 10.395 1.4175 004760 0.45
-2.3625 10.395 -1.4175 004F63 0.45
-2.3625 10.8675 1.4175 00455A 0.45
-2.3625 10.8675 -1.4175 005163 0.45
-2.3625 11.34 1.4175 18596B 0.45
-2.3625 11.34 -1.4175 185D6E 0.45
-2.3625 11.8125 1.4175 185D6E 0.45
-2.3625 11.8125 0.9449999 185D6E 0.45
-2.3625 11.8125 0.4725 185D6E 0.45
-2.3625 11.8125 0 185D6E 0.45
-2.3625 11.8125 -0.4725 185D6E 0.45
-2.3625 11.8125 -0.9449999 185D6E 0.45
-2.3625 11.8125 -1.4175 185D6E 0.45
-1.89 12.285 1.4175 E7A68C 0.45
-1.89 12.285 0.9449999 E7A68C 0.45
-1.89 12.285 0.4725 E7A68C 0.45
-1.89 12.285 0 E7A68C 0.45
-1.89 12.285 -0.4725 E4A78E 0.45
-1.89 12.285 -0.9449999 737573 0.45
-1.89 12.285 -1.4175 737473 0.45
-1.89 12.7575 1.4175 737473 0.45
-1.89 12.7575 0.9449999 737473 0.45
-1.89 12.7575 0.4725 737473 0.45
-1.89 12.7575 0 737473 0.45
-1.89 12.7575 -0.4725 D8967E 0.45
-1.89 12.7575 -0.9449999 737473 0.45
-1.89 12.7575 -1.4175 737473 0.45
-1.89 13.23 1.4175 737473 0.45
-1.89 13.23 0.9449999 737473 0.45
-1.89 13.23 0.4725 737473 0.45
-1.89 13.23 0 737473 0.45
-1.89 13.23 -0.4725 D8967E 0.45
-1.89 13.23 -0.9449999 737473 0.45
-1.89 13.23 -1.4175 E4A78E 0.45
-1.89 13.7025 1.4175 737473 0.45
-1.89 13.7025 0.9449999 737473 0.45
-1.89 13.7025 0.4725 737473 0.45
-1.89 13.7025 0 737473 0.45
-1.89 13.7025 -0.4725 D6967B 0.45
-1.89 13.7025 -0.9449999 737473 0.45
-1.89 13.7025 -1.4175 E4A78E 0.45
-1.89 14.175 1.4175 737473 0.45
-1.89 14.175 0.9449999 737473 0.45
-1.89 14.175 0.4725 737473 0.45
-1.89 14.175 0 737473 0.45
-1.89 14.175 -0.4725 737473 0.45
-1.89 14.175 -0.9449999 737473 0.45
-1.89 14.175 -1.4175 E4A78E 0.45
-1.89 14.6475 1.4175 737473 0.45
-1.89 14.6475 0.9449999 737473 0.45
-1.89 14.6475 0.4725 737473 0.45
-1.89 14.6475 0 737473 0.45
-1.89 14.6475 -0.4725 737473 0.45
-1.89 14.6475 -0.9449999 737473 0.45
-1.89 14.6475 -1.4175 E7A68C 0.45
-1.89 15.12 1.4175 737473 0.45
-1.89 15.12 0.9449999 737473 0.45
-1.89 15.12 0.4725 737473 0.45
-1.89 15.12 0 737473 0.45
-1.89 15.12 -0.4725 737473 0.45
-1.89 15.12 -0.9449999 737473 0.45
-1.89 15.12 -1.4175 737473 0.45
-2.3625 6.615 0.9449999 00435D 0.45
-2.3625 6.615 0.4725 00435D 0.45
-2.3625 6.615 0 00435D 0.45
-2.3625 6.615 -0.4725 00435D 0.45
-2.3625 6.615 -0.9449999 00435D 0.45
-2.3625 7.0875 0.9449999 00435D 0.45
-2.3625 7.0875 0.4725 00435D 0.45
-2.3625 7.0875 0 00435D 0.45
-2.3625 7.0875 -0.4725 00435D 0.45
-2.3625 7.0875 -0.9449999 00435D 0.45
-2.3625 7.559999 0.9449999 00435D 0.45
-2.3625 7.559999 0.4725 00435D 0.45
-2.3625 7.559999 0 00435D 0.45
-2.3625 7.559999 -0.4725 00435D 0.45
-2.3625 7.559999 -0.9449999 00435D 0.45
-2.3625 8.0325 0.9449999 00435D 0.45
-2.3625 8.0325 0.4725 00435D 0.45
-2.3625 8.0325 0 00435D 0.45
-2.3625 8.0325 -0.4725 00435D 0.45
-2.3625 8.0325 -0.9449999 00435D 0.45
-2.3625 8.504999 0.9449999 00435D 0.45
-2.3625 8.504999 0.4725 00435D 0.45
-2.3625 8.504999 0 00435D 0.45
-2.3625 8.504999 -0.4725 00435D 0.45
-2.3625 8.504999 -0.9449999 00435D 0.45
-2.3625 8.9775 0.9449999 00435D 0.45
-2.3625 8.9775 0.4725 00435D 0.45
-2.3625 8.9775 0 00435D 0.45
-2.3625 8.9775 -0.4725 00435D 0.45
-2.3625 8.9775 -0.9449999 00435D 0.45
-2.3625 9.45 0.9449999 00435D 0.45
-2.3625 9.45 0.4725 00435D 0.45
-2.3625 9.45 0 00435D 0.45
-2.3625 9.45 -0.4725 00435D 0.45
-2.3625 9.45 -0.9449999 00435D 0.45
-2.3625 9.9225 0.9449999 00435D 0.45
-2.3625 9.9225 0.4725 00435D 0.45
-2.3625 9.9225 0 00435D 0.45
-2.3625 9.9225 -0.4725 00435D 0.45
-2.3625 9.9225 -0.9449999 00435D 0.45
-2.835 10.395 0.9449999 00435D 0.45
-2.3625 10.395 0.9449999 00435D 0.45
-2.3625 10.395 0.4725 00435D 0.45
-2.3625 10.395 0 00435D 0.45
-2.3625 10.395 -0.4725 00435D 0.45
-2.3625 10.395 -0.9449999 00435D 0.45
-2.835 10.395 -0.9449999 00455A 0.45
-2.835 10.8675 0.9449999 00435D 0.45
-2.3625 10.8675 0.9449999 00455A 0.45
-2.3625 10.8675 0.4725 00455A 0.45
-5.67 10.8675 0.4725 00435D 0.45
-2.3625 10.8675 0 00455A 0.45
-5.67 10.8675 0 CE9073 0.45
-2.3625 10.8675 -0.4725 00455A 0.45
-5.67 10.8675 -0.4725 00435D 0.45
-2.3625 10.8675 -0.9449999 00455A 0.45
-2.835 10.8675 -0.9449999 00435D 0.45
-2.835 11.34 0.9449999 00435D 0.45
-2.3625 11.34 0.9449999 185268 0.45
-2.3625 11.34 0.4725 185268 0.45
-5.67 11.34 0.4725 00435D 0.45
-2.3625 11.34 0 185268 0.45
-5.67 11.34 0 CE9073 0.45
-2.3625 11.34 -0.4725 185268 0.45
-5.67 11.34 -0.4725 00435D 0.45
-2.3625 11.34 -0.9449999 185268 0.45
-2.835 11.34 -0.9449999 00435D 0.45
-2.835 11.8125 0.4725 004F63 0.45
-2.835 11.8125 0 004F63 0.45
-2.835 11.8125 -0.4725 004F63 0.45
-3.3075 10.395 0.4725 00224A 0.45
-3.3075 10.395 0 00224A 0.45
-3.3075 10.395 -0.4725 00224A 0.45
-3.3075 10.395 0.9449999 00435D 0.45
-3.3075 10.395 -0.9449999 00455A 0.45
-3.3075 10.8675 0.9449999 00435D 0.45
-3.3075 10.8675 -0.9449999 00435D 0.45
-3.3075 11.34 0.9449999 00435D 0.45
-3.3075 11.34 -0.9449999 00435D 0.45
-3.3075 11.8125 0.4725 004F63 0.45
-3.3075 11.8125 0 004F63 0.45
-3.3075 11.8125 -0.4725 004F63 0.45
-3.78 10.395 0.4725 00224A 0.45
-3.78 10.395 0 00224A 0.45
-3.78 10.395 -0.4725 00224A 0.45
-3.78 10.395 0.9449999 00435D 0.45
-3.78 10.395 -0.9449999 00455A 0.45
-3.78 10.8675 0.9449999 00435D 0.45
-3.78 10.8675 -0.9449999 00435D 0.45
-3.78 11.34 0.9449999 00435D 0.45
-3.78 11.34 -0.9449999 00435D 0.45
-3.78 11.8125 0.4725 004F63 0.45
-3.78 11.8125 0 004F63 0.45
-3.78 11.8125 -0.4725 004F63 0.45
-4.2525 10.395 0.4725 00224A 0.45
-4.2525 10.395 0 00224A 0.45
-4.2525 10.395 -0.4725 00224A 0.45
-4.2525 10.395 0.9449999 00435D 0.45
-4.2525 10.395 -0.9449999 00455A 0.45
-4.2525 10.8675 0.9449999 00435D 0.45
-4.2525 10.8675 -0.9449999 00435D 0.45
-4.2525 11.34 0.9449999 00435D 0.45
-4.2525 11.34 -0.9449999 00435D 0.45
-4.2525 11.8125 0.4725 004F63 0.45
-4.2525 11.8125 0 004F63 0.45
-4.2525 11.8125 -0.4725 004F63 0.45
-4.725 10.395 0.4725 00224A 0.45
-4.725 10.395 0 00224A 0.45
-4.725 10.395 -0.4725 00224A 0.45
-4.725 10.395 0.9449999 00435D 0.45
-4.725 10.395 -0.9449999 00455A 0.45
-4.725 10.8675 0.9449999 00435D 0.45
-4.725 10.8675 -0.9449999 00435D 0.45
-4.725 11.34 0.9449999 00435D 0.45
-4.725 11.34 -0.9449999 00435D 0.45
-4.725 11.8125 0.4725 004F63 0.45
-4.725 11.8125 0 004F63 0.45
-4.725 11.8125 -0.4725 004F63 0.45
-5.1975 10.395 0.4725 00224A 0.45
-5.1975 10.395 0 00224A 0.45
-5.1975 10.395 -0.4725 00224A 0.45
-5.1975 10.395 0.9449999 00435D 0.45
-5.1975 10.395 -0.9449999 00455A 0.45
-5.1975 10.8675 0.9449999 00435D 0.45
-5.1975 10.8675 -0.9449999 00435D 0.45
-5.1975 11.34 0.9449999 00435D 0.45
-5.1975 11.34 -0.9449999 00435D 0.45
-5.1975 11.8125 0.4725 004F63 0.45
-5.1975 11.8125 0 004F63 0.45
-5.1975 11.8125 -0.4725 004F63 0.45
-5.67 10.395 0.4725 00224A 0.45
-5.67 10.395 0 00224A 0.45
-5.67 10.395 -0.4725 00224A 0.45
-5.67 10.395 0.9449999 00435D 0.45
-5.67 10.395 -0.9449999 00455A 0.45
-5.67 10.8675 0.9449999 00435D 0.45
-8.504999 10.8675 0.4725 FFCCAD 0.45
-8.504999 10.8675 0 D8967E 0.45
-8.504999 10.8675 -0.4725 FFCCAD 0.45
-5.67 10.8675 -0.9449999 00435D 0.45
-5.67 11.34 0.9449999 00435D 0.45
-8.504999 11.34 0.4725 FFCCAD 0.45
-8.504999 11.34 0 D8967E 0.45
-8.504999 11.34 -0.4725 FFCCAD 0.45
-5.67 11.34 -0.9449999 00435D 0.45
-5.67 11.8125 0.4725 004F63 0.45
-5.67 11.8125 0 004F63 0.45
-5.67 11.8125 -0.4725 004F63 0.45
-6.142499 10.395 0.4725 00224A 0.45
-6.142499 10.395 0 00224A 0.45
-6.142499 10.395 -0.4725 00224A 0.45
-6.142499 10.8675 0.9449999 00435D 0.45
-6.142499 10.8675 -0.9449999 00435D 0.45
-6.142499 11.34 0.9449999 00435D 0.45
-6.142499 11.34 -0.9449999 00435D 0.45
-6.142499 11.8125 0.4725 004F63 0.45
-6.142499 11.8125 0 004F63 0.45
-6.142499 11.8125 -0.4725 004F63 0.45
-6.615 10.395 0.4725 00224A 0.45
-6.615 10.395 0 00224A 0.45
-6.615 10.395 -0.4725 00224A 0.45
-6.615 10.8675 0.9449999 00435D 0.45
-6.615 10.8675 -0.9449999 00435D 0.45
-6.615 11.34 0.9449999 00435D 0.45
-6.615 11.34 -0.9449999 00435D 0.45
-6.615 11.8125 0.4725 004F63 0.45
-6.615 11.8125 0 004F63 0.45
-6.615 11.8125 -0.4725 004F63 0.45
-7.0875 10.395 0.4725 00224A 0.45
-7.0875 10.395 0 00224A 0.45
-7.0875 10.395 -0.4725 00224A 0.45
-7.0875 10.8675 0.9449999 00435D 0.45
-7.0875 10.8675 -0.9449999 00435D 0.45
-7.0875 11.34 0.9449999 00435D 0.45
-7.0875 11.34 -0.9449999 00435D 0.45
-7.0875 11.8125 0.4725 004F63 0.45
-7.0875 11.8125 0 004F63 0.45
-7.0875 11.8125 -0.4725 004F63 0.45
-7.559999 10.395 0.4725 00224A 0.45
-7.559999 10.395 0 00224A 0.45
-7.559999 10.395 -0.4725 00224A 0.45
-7.559999 10.8675 0.9449999 00435D 0.45
-7.559999 10.8675 -0.9449999 00435D 0.45
-7.559999 11.34 0.9449999 00435D 0.45
-7.559999 11.34 -0.9449999 00435D 0.45
-7.559999 11.8125 0.4725 004F63 0.45
-7.559999 11.8125 0 BD9239 0.45
-7.559999 11.8125 -0.4725 004F63 0.45
-8.0325 10.395 0.4725 B57D18 0.45
-8.0325 10.395 0 B57D18 0.45
-8.0325 10.395 -0.4725 B57D18 0.45
-8.0325 10.8675 0.9449999 B58A31 0.45
-8.0325 10.8675 -0.9449999 B58A31 0.45
-8.0325 11.34 0.9449999 B58A31 0.45
-8.0325 11.34 -0.9449999 B58A31 0.45
-8.0325 11.8125 0.4725 BD9239 0.45
-8.0325 11.8125 0 BD9239 0.45
-8.0325 11.8125 -0.4725 BD9239 0.45
-8.504999 10.395 0.4725 B57D18 0.45
-8.504999 10.395 0 B57D18 0.45
-8.504999 10.395 -0.4725 B57D18 0.45
-8.504999 10.8675 0.9449999 B58A31 0.45
-8.504999 10.8675 -0.9449999 B58A31 0.45
-8.504999 11.34 0.9449999 B58A31 0.45
-8.504999 11.34 -0.9449999 B58A31 0.45
-8.504999 11.8125 0.4725 BD9239 0.45
-8.504999 11.8125 0 BD9239 0.45
-8.504999 11.8125 -0.4725 BD9239 0.45
-8.9775 10.395 0.4725 CE9073 0.45
-8.9775 10.395 0 CE9073 0.45
-8.9775 10.395 -0.4725 CE9073 0.45
-8.9775 10.8675 0.4725 FFCCAD 0.45
-8.9775 10.8675 -0.4725 FFCCAD 0.45
-8.9775 11.34 0.4725 FFCCAD 0.45
-8.9775 11.34 -0.4725 FFCCAD 0.45
-8.9775 11.8125 0.4725 ECAF97 0.45
-8.9775 11.8125 0 ECAF97 0.45
-8.9775 11.8125 -0.4725 ECAF97 0.45
-9.45 10.395 0.4725 CE9073 0.45
-9.45 10.395 0 CE9073 0.45
-9.45 10.395 -0.4725 CE9073 0.45
-9.45 10.8675 0.4725 FFCCAD 0.45
-9.45 10.8675 -0.4725 FFCCAD 0.45
-9.45 11.34 0.4725 FFCCAD 0.45
-9.45 11.34 -0.4725 FFCCAD 0.45
-9.45 11.8125 0.4725 EFAE94 0.45
-9.45 11.8125 0 EFAE94 0.45
-9.45 11.8125 -0.4725 EFAE94 0.45
-9.45 10.8675 0 D8967E 0.45
-9.45 11.34 0 D8967E 0.45
