1.89 0 0.4725 414141 0.45
1.89 0 0 414141 0.45
1.89 0 -0.4725 414141 0.45
1.89 0 -0.9449999 414141 0.45
1.89 0.4725 0.4725 282828 0.45
1.89 0.4725 0 282828 0.45
1.89 0.4725 -0.4725 282828 0.45
1.89 0.4725 -0.9449999 282828 0.45
1.89 0.9449999 0.4725 282828 0.45
1.89 0.9449999 0 282828 0.45
1.89 0.9449999 -0.4725 282828 0.45
1.89 1.4175 0.4725 282828 0.45
1.89 1.4175 0 282828 0.45
1.89 1.4175 -0.4725 282828 0.45
1.89 1.89 0.4725 282828 0.45
1.89 1.89 0 282828 0.45
1.89 1.89 -0.4725 282828 0.45
1.89 2.3625 0.4725 282828 0.45
1.89 2.3625 0 282828 0.45
1.89 2.3625 -0.4725 282828 0.45
1.89 2.835 0.4725 282828 0.45
1.89 2.835 0 282828 0.45
1.89 2.835 -0.4725 282828 0.45
1.89 3.3075 0.4725 A88B6B 0.45
1.89 3.3075 0 A88B6B 0.45
1.89 3.3075 -0.4725 A88B6B 0.45
1.89 3.78 0.4725 A88B6B 0.45
1.89 3.78 0 A88B6B 0.45
1.89 3.78 -0.4725 A88B6B 0.45
1.89 4.2525 0.4725 A88B6B 0.45
1.89 4.2525 0 A88B6B 0.45
1.89 4.2525 -0.4725 A88B6B 0.45
1.89 4.725 0.4725 A88B6B 0.45
1.89 4.725 0 A88B6B 0.45
1.89 4.725 -0.4725 A88B6B 0.45
2.3625 5.1975 1.4175 A5866B 0.45
2.3625 5.1975 0.9449999 A5866B 0.45
2.3625 5.1975 0.4725 A5866B 0.45
2.3625 5.1975 0 A5866B 0.45
2.3625 5.1975 -0.4725 A5866B 0.45
2.3625 5.1975 -0.9449999 A5866B 0.45
2.3625 5.1975 -1.4175 A5866B 0.45
2.3625 5.67 1.4175 A18668 0.45
2.3625 5.67 0.9449999 A18668 0.45
2.3625 5.67 0.4725 A18668 0.45
2.3625 5.67 0 A18668 0.45
2.3625 5.67 -0.4725 A18668 0.45
2.3625 5.67 -0.9449999 A18668 0.45
2.3625 5.67 -1.4175 A5866B 0.45
2.3625 6.142499 1.4175 100200 0.45
2.3625 6.142499 0.9449999 100200 0.45
2.3625 6.142499 0.4725 100200 0.45
2.3625 6.142499 0 100200 0.45
2.3625 6.142499 -0.4725 100200 0.45
2.3625 6.142499 -0.9449999 100200 0.45
2.3625 6.142499 -1.4175 100200 0.45
2.3625 6.615 1.4175 B59A7B 0.45
2.3625 6.615 0.9449999 B59A7B 0.45
2.3625 6.615 0.4725 B59A7B 0.45
2.3625 6.615 0 B59A7B 0.45
2.3625 6.615 -0.4725 B59A7B 0.45
2.3625 6.615 -0.9449999 B59A7B 0.45
2.3625 6.615 -1.4175 B59A7B 0.45
2.3625 7.0875 1.4175 B89A7B 0.45
2.3625 7.0875 0.9449999 B89A7B 0.45
2.3625 7.0875 0.4725 B89A7B 0.45
2.3625 7.0875 0 B89A7B 0.45
2.3625 7.0875 -0.4725 B89A7B 0.45
2.3625 7.0875 -0.9449999 B89A7B 0.45
2.3625 7.0875 -1.4175 B89A7B 0.45
2.3625 7.559999 1.4175 B89A7B 0.45
2.3625 7.559999 0.9449999 B89A7B 0.45
2.3625 7.559999 0.4725 B89A7B 0.45
2.3625 7.559999 0 B89A7B 0.45
2.3625 7.559999 -0.4725 B89A7B 0.45
2.3625 7.559999 -0.9449999 B89A7B 0.45
2.3625 7.559999 -1.4175 B89A7B 0.45
2.3625 8.0325 1.4175 B89A7B 0.45
2.3625 8.0325 0.9449999 B89A7B 0.45
2.3625 8.0325 0.4725 B89A7B 0.45
2.3625 8.0325 0 B89A7B 0.45
2.3625 8.0325 -0.4725 B89A7B 0.45
2.3625 8.0325 -0.9449999 B89A7B 0.45
2.3625 8.0325 -1.4175 B89A7B 0.45
2.3625 8.504999 1.4175 B89A7B 0.45
2.3625 8.504999 0.9449999 B89A7B 0.45
2.3625 8.504999 0.4725 B89A7B 0.45
2.3625 8.504999 0 B89A7B 0.45
2.3625 8.504999 -0.4725 B89A7B 0.45
2.3625 8.504999 -0.9449999 B89A7B 0.45
2.3625 8.504999 -1.4175 B89A7B 0.45
2.3625 8.9775 1.4175 B89A7B 0.45
2.3625 8.9775 0.9449999 B89A7B 0.45
2.3625 8.9775 0.4725 B89A7B 0.45
2.3625 8.9775 0 B89A7B 0.45
2.3625 8.9775 -0.4725 B89A7B 0.45
2.3625 8.9775 -0.9449999 B89A7B 0.45
2.3625 8.9775 -1.4175 B89A7B 0.45
2.3625 9.45 1.4175 B89A7B 0.45
2.3625 9.45 0.9449999 B89A7B 0.45
2.3625 9.45 0.4725 B89A7B 0.45
2.3625 9.45 0 B89A7B 0.45
2.3625 9.45 -0.4725 B89A7B 0.45
2.3625 9.45 -0.9449999 B89A7B 0.45
2.3625 9.45 -1.4175 B89A7B 0.45
2.3625 9.9225 1.4175 B89A7B 0.45
2.3625 9.9225 0.9449999 B89A7B 0.45
2.3625 9.9225 0.4725 B89A7B 0.45
2.3625 9.9225 0 B89A7B 0.45
2.3625 9.9225 -0.4725 B89A7B 0.45
2.3625 9.9225 -0.9449999 B89A7B 0.45
2.3625 9.9225 -1.4175 B89A7B 0.45
2.3625 10.395 1.4175 B89A7B 0.45
2.3625 10.395 0.9449999 B89A7B 0.45
5.67 10.395 0.4725 C3AB91 0.45
5.67 10.395 0 C3AB91 0.45
5.67 10.395 -0.4725 C3AB91 0.45
2.3625 10.395 -0.9449999 B89A7B 0.45
2.3625 10.395 -1.4175 B89A7B 0.45
2.3625 10.8675 1.4175 B89A7B 0.45
2.3625 10.8675 0.9449999 B89A7B 0.45
9.45 10.8675 0.4725 D8967E 0.45
9.45 10.8675 0 D8967E 0.45
9.45 10.8675 -0.4725 D8967E 0.45
2.3625 10.8675 -0.9449999 B89A7B 0.45
2.3625 10.8675 -1.4175 B89A7B 0.45
2.3625 11.34 1.4175 C0A386 0.45
2.3625 11.34 0.9449999 C0A386 0.45
9.45 11.34 0.4725 D8967E 0.45
9.45 11.34 0 D8967E 0.45
9.45 11.34 -0.4725 D8967E 0.45
2.3625 11.34 -0.9449999 C0A386 0.45
2.3625 11.34 -1.4175 C0A386 0.45
1.89 11.8125 1.89 E4A78E 0.45
1.89 11.8125 1.4175 E4A78E 0.45
1.89 11.8125 0.9449999 E4A78E 0.45
1.89 11.8125 0.4725 E4A78E 0.45
1.89 11.8125 0 E4A78E 0.45
1.89 11.8125 -0.4725 E4A78E 0.45
1.89 11.8125 -0.9449999 E4A78E 0.45
1.89 11.8125 -1.4175 C18E7B 0.45
1.89 11.8125 -1.89 C18E7B 0.45
1.89 12.285 1.89 E7A68C 0.45
1.89 12.285 1.4175 E7A68C 0.45
1.89 12.285 0.9449999 E7A68C 0.45
1.89 12.285 0.4725 E7A68C 0.45
1.89 12.285 0 E7A68C 0.45
1.89 12.285 -0.4725 E4A78E 0.45
1.89 12.285 -0.9449999 E4A78E 0.45
1.89 12.285 -1.4175 C18E7B 0.45
1.89 12.285 -1.89 C18E7B 0.45
1.89 12.7575 1.89 905321 0.45
1.89 12.7575 1.4175 905321 0.45
1.89 12.7575 0.9449999 905321 0.45
1.89 12.7575 0.4725 905321 0.45
1.89 12.7575 0 905321 0.45
1.89 12.7575 -0.4725 D8967E 0.45
1.89 12.7575 -0.9449999 E7A68C 0.45
1.89 12.7575 -1.4175 C18E7B 0.45
1.89 12.7575 -1.89 C18E7B 0.45
1.89 13.23 1.89 905321 0.45
1.89 13.23 1.4175 905321 0.45
1.89 13.23 0.9449999 905321 0.45
1.89 13.23 0.4725 905321 0.45
1.89 13.23 0 905321 0.45
1.89 13.23 -0.4725 D8967E 0.45
1.89 13.23 -0.9449999 DE9A84 0.45
1.89 13.23 -1.4175 E4A78E 0.45
1.89 13.23 -1.89 E4A78E 0.45
1.89 13.7025 1.89 905321 0.45
1.89 13.7025 1.4175 905321 0.45
1.89 13.7025 0.9449999 905321 0.45
1.89 13.7025 0.4725 905321 0.45
1.89 13.7025 0 905321 0.45
1.89 13.7025 -0.4725 D6967B 0.45
1.89 13.7025 -0.9449999 945521 0.45
1.89 13.7025 -1.4175 E4A78E 0.45
1.89 13.7025 -1.89 E4A78E 0.45
1.89 14.175 1.89 905321 0.45
1.89 14.175 1.4175 905321 0.45
1.89 14.175 0.9449999 905321 0.45
1.89 14.175 0.4725 905321 0.45
1.89 14.175 0 905321 0.45
1.89 14.175 -0.4725 905321 0.45
1.89 14.175 -0.9449999 905321 0.45
1.89 14.175 -1.4175 E7A68C 0.45
1.89 14.175 -1.89 E7A68C 0.45
1.89 14.6475 1.89 905321 0.45
1.89 14.6475 1.4175 905321 0.45
1.89 14.6475 0.9449999 905321 0.45
1.89 14.6475 0.4725 905321 0.45
1.89 14.6475 0 905321 0.45
1.89 14.6475 -0.4725 905321 0.45
1.89 14.6475 -0.9449999 905321 0.45
1.89 14.6475 -1.4175 E7A68C 0.45
1.89 14.6475 -1.89 E4A78E 0.45
1.89 15.12 1.89 905321 0.45
1.89 15.12 1.4175 905321 0.45
1.89 15.12 0.9449999 905321 0.45
1.89 15.12 0.4725 905321 0.45
1.89 15.12 0 905321 0.45
1.89 15.12 -0.4725 905321 0.45
1.89 15.12 -0.9449999 905321 0.45
1.89 15.12 -1.4175 905321 0.45
1.89 15.12 -1.89 945521 0.45
1.89 15.5925 1.89 905321 0.45
1.89 15.5925 1.4175 905321 0.45
1.89 15.5925 0.9449999 905321 0.45
1.89 15.5925 0.4725 905321 0.45
1.89 15.5925 0 905321 0.45
1.89 15.5925 -0.4725 905321 0.45
1.89 15.5925 -0.9449999 905321 0.45
1.89 15.5925 -1.4175 905321 0.45
1.89 15.5925 -1.89 905321 0.45
9.45 10.395 0.4725 CE9073 0.45
9.45 10.395 0 CE9073 0.45
9.45 10.395 -0.4725 CE9073 0.45
8.504999 10.8675 0.4725 D6C0AC 0.45
8.504999 10.8675 0 D6C0AC 0.45
8.504999 10.8675 -0.4725 D6C0AC 0.45
8.504999 11.34 0.4725 D6C0AC 0.45
8.504999 11.34 0 D6C0AC 0.45
8.504999 11.34 -0.4725 D6C0AC 0.45
8.9775 10.395 0.4725 CE9073 0.45
8.9775 10.395 0 CE9073 0.45
8.9775 10.395 -0.4725 CE9073 0.45
8.9775 10.8675 0.4725 FFCCAD 0.45
8.9775 10.8675 -0.4725 FFCCAD 0.45
8.9775 11.34 0.4725 FFCCAD 0.45
8.9775 11.34 -0.4725 FFCCAD 0.45
8.9775 11.34 0 ECAF97 0.45
8.504999 10.395 0.4725 DEC8B5 0.45
8.504999 10.395 0 DEC8B5 0.45
8.504999 10.395 -0.4725 DEC8B5 0.45
8.504999 10.8675 0.9449999 E1D0C0 0.45
5.67 10.8675 0.4725 C3AB91 0.45
5.67 10.8675 0 C3AB91 0.45
5.67 10.8675 -0.4725 C3AB91 0.45
8.504999 10.8675 -0.9449999 E1D0C0 0.45
8.504999 11.34 0.9449999 E1D0C0 0.45
5.67 11.34 0.4725 C3AB91 0.45
5.67 11.34 0 C3AB91 0.45
5.67 11.34 -0.4725 C3AB91 0.45
8.504999 11.34 -0.9449999 E1D0C0 0.45
8.504999 11.8125 0.4725 E7D8CB 0.45
8.504999 11.8125 0 E7D8CB 0.45
8.504999 11.8125 -0.4725 E7D8CB 0.45
8.0325 10.395 0.4725 AD8A63 0.45
8.0325 10.395 0 AD8A63 0.45
8.0325 10.395 -0.4725 AD8A63 0.45
8.0325 10.8675 0.9449999 B59A7B 0.45
8.0325 10.8675 -0.9449999 B59A7B 0.45
8.0325 11.34 0.9449999 B59A7B 0.45
8.0325 11.34 -0.9449999 B59A7B 0.45
8.0325 11.8125 0.4725 C6AA94 0.45
8.0325 11.8125 0 C6AA94 0.45
8.0325 11.8125 -0.4725 C6AA94 0.45
7.559999 10.395 0.4725 AC8963 0.45
7.559999 10.395 0 AC8963 0.45
7.559999 10.395 -0.4725 AC8963 0.45
7.559999 10.8675 0.9449999 B89A7B 0.45
7.559999 10.8675 -0.9449999 B89A7B 0.45
7.559999 11.34 0.9449999 B89A7B 0.45
7.559999 11.34 -0.9449999 B89A7B 0.45
7.559999 11.8125 0.4725 C3AB91 0.45
7.559999 11.8125 0 C3AB91 0.45
7.559999 11.8125 -0.4725 C3AB91 0.45
7.0875 10.395 0.4725 AC8963 0.45
7.0875 10.395 0 AC8963 0.45
7.0875 10.395 -0.4725 AC8963 0.45
7.0875 10.8675 0.9449999 B89A7B 0.45
7.0875 10.8675 -0.9449999 B89A7B 0.45
7.0875 11.34 0.9449999 B89A7B 0.45
7.0875 11.34 -0.9449999 B89A7B 0.45
7.0875 11.8125 0.4725 C3AB91 0.45
7.0875 11.8125 0 C3AB91 0.45
7.0875 11.8125 -0.4725 C3AB91 0.45
6.615 10.395 0.4725 AC8963 0.45
6.615 10.395 0 AC8963 0.45
6.615 10.395 -0.4725 AC8963 0.45
6.615 10.8675 0.9449999 B89A7B 0.45
6.615 10.8675 -0.9449999 B89A7B 0.45
6.615 11.34 0.9449999 B89A7B 0.45
6.615 11.34 -0.9449999 B89A7B 0.45
6.615 11.8125 0.4725 C3AB91 0.45
6.615 11.8125 0 C3AB91 0.45
6.615 11.8125 -0.4725 C3AB91 0.45
6.142499 10.395 0.4725 AC8963 0.45
6.142499 10.395 0 AC8963 0.45
6.142499 10.395 -0.4725 AC8963 0.45
6.142499 10.8675 0.9449999 B89A7B 0.45
6.142499 10.8675 -0.9449999 B89A7B 0.45
6.142499 11.34 0.9449999 B89A7B 0.45
6.142499 11.34 -0.9449999 B89A7B 0.45
6.142499 11.8125 0.4725 C3AB91 0.45
6.142499 11.8125 0 C3AB91 0.45
6.142499 11.8125 -0.4725 C3AB91 0.45
5.67 10.395 0.9449999 B89A7B 0.45
2.3625 10.395 0.4725 B89A7B 0.45
2.3625 10.395 0 B89A7B 0.45
2.3625 10.395 -0.4725 B89A7B 0.45
5.67 10.395 -0.9449999 B59A7B 0.45
5.67 10.8675 0.9449999 B89A7B 0.45
2.3625 10.8675 0.4725 B89A7B 0.45
2.3625 10.8675 0 B89A7B 0.45
2.3625 10.8675 -0.4725 B89A7B 0.45
5.67 10.8675 -0.9449999 B89A7B 0.45
5.67 11.34 0.9449999 B89A7B 0.45
2.3625 11.34 0.4725 C0A386 0.45
2.3625 11.34 0 C0A386 0.45
2.3625 11.34 -0.4725 C0A386 0.45
5.67 11.34 -0.9449999 B89A7B 0.45
5.67 11.8125 0.4725 C3AB91 0.45
5.67 11.8125 0 C3AB91 0.45
5.67 11.8125 -0.4725 C3AB91 0.45
5.1975 10.395 0.4725 AC8963 0.45
5.1975 10.395 0 AC8963 0.45
5.1975 10.395 -0.4725 AC8963 0.45
5.1975 10.395 0.9449999 B89A7B 0.45
5.1975 10.395 -0.9449999 B59A7B 0.45
5.1975 10.8675 0.9449999 B89A7B 0.45
5.1975 10.8675 -0.9449999 B89A7B 0.45
5.1975 11.34 0.9449999 B89A7B 0.45
5.1975 11.34 -0.9449999 B89A7B 0.45
5.1975 11.8125 0.4725 C3AB91 0.45
5.1975 11.8125 0 C3AB91 0.45
5.1975 11.8125 -0.4725 C3AB91 0.45
4.725 10.395 0.4725 AC8963 0.45
4.725 10.395 0 AC8963 0.45
4.725 10.395 -0.4725 AC8963 0.45
4.725 10.395 0.9449999 B89A7B 0.45
4.725 10.395 -0.9449999 B59A7B 0.45
4.725 10.8675 0.9449999 B89A7B 0.45
4.725 10.8675 -0.9449999 B89A7B 0.45
4.725 11.34 0.9449999 B89A7B 0.45
4.725 11.34 -0.9449999 B89A7B 0.45
4.725 11.8125 0.4725 C3AB91 0.45
4.725 11.8125 0 C3AB91 0.45
4.725 11.8125 -0.4725 C3AB91 0.45
4.2525 10.395 0.4725 AC8963 0.45
4.2525 10.395 0 AC8963 0.45
4.2525 10.395 -0.4725 AC8963 0.45
4.2525 10.395 0.9449999 B89A7B 0.45
4.2525 10.395 -0.9449999 B59A7B 0.45
4.2525 10.8675 0.9449999 B89A7B 0.45
4.2525 10.8675 -0.9449999 B89A7B 0.45
4.2525 11.34 0.9449999 B89A7B 0.45
4.2525 11.34 -0.9449999 B89A7B 0.45
4.2525 11.8125 0.4725 C3AB91 0.45
4.2525 11.8125 0 C3AB91 0.45
4.2525 11.8125 -0.4725 C3AB91 0.45
3.78 10.395 0.4725 AC8963 0.45
3.78 10.395 0 AC8963 0.45
3.78 10.395 -0.4725 AC8963 0.45
3.78 10.395 0.9449999 B89A7B 0.45
3.78 10.395 -0.9449999 B59A7B 0.45
3.78 10.8675 0.9449999 B89A7B 0.45
3.78 10.8675 -0.9449999 B89A7B 0.45
3.78 11.34 0.9449999 B89A7B 0.45
3.78 11.34 -0.9449999 B89A7B 0.45
3.78 11.8125 0.4725 A58A52 0.45
3.78 11.8125 0 A58642 0.45
3.78 11.8125 -0.4725 A58A4A 0.45
3.3075 10.395 0.4725 AC8963 0.45
3.3075 10.395 0 AC8963 0.45
3.3075 10.395 -0.4725 AC8963 0.45
3.3075 10.395 0.9449999 B89A7B 0.45
3.3075 10.395 -0.9449999 B59A7B 0.45
3.3075 10.8675 0.9449999 B89A7B 0.45
3.3075 10.8675 -0.9449999 B89A7B 0.45
3.3075 11.34 0.9449999 B89A7B 0.45
3.3075 11.34 -0.9449999 B89A7B 0.45
3.3075 11.8125 0.4725 A58642 0.45
3.3075 11.8125 0 A47D33 0.45
3.3075 11.8125 -0.4725 AD8A4A 0.45
2.835 10.395 0.4725 AC8963 0.45
2.835 10.395 0 AC8963 0.45
2.835 10.395 -0.4725 AC8963 0.45
2.835 10.395 0.9449999 B89A7B 0.45
2.835 10.395 -0.9449999 B59A7B 0.45
2.835 10.8675 0.9449999 B89A7B 0.45
2.835 10.8675 -0.9449999 B89A7B 0.45
2.835 11.34 0.9449999 B89A7B 0.45
2.835 11.34 -0.9449999 B89A7B 0.45
2.835 11.8125 0.4725 C3AB91 0.45
2.835 11.8125 0 C3AB91 0.45
2.835 11.8125 -0.4725 C3AB91 0.45
-2.835 10.395 0.4725 C3AB91 0.45
-2.835 10.395 0 C3AB91 0.45
-2.835 10.395 -0.4725 C3AB91 0.45
2.835 10.8675 0.4725 C6AA94 0.45
-2.835 10.8675 0.4725 C6AA94 0.45
2.835 10.8675 0 AC8963 0.45
-2.835 10.8675 0 AC8963 0.45
2.835 10.8675 -0.4725 C3AB91 0.45
-2.835 10.8675 -0.4725 C6AA94 0.45
2.835 11.34 0.4725 C6AA94 0.45
-2.835 11.34 0.4725 C6AA94 0.45
2.835 11.34 0 AC8963 0.45
-2.835 11.34 0 AC8963 0.45
2.835 11.34 -0.4725 C3AB91 0.45
-2.835 11.34 -0.4725 C6AA94 0.45
2.3625 11.8125 1.4175 C8B29A 0.45
2.3625 11.8125 0.9449999 C8B29A 0.45
2.3625 11.8125 0.4725 C8B29A 0.45
2.3625 11.8125 0 C8B29A 0.45
2.3625 11.8125 -0.4725 C8B29A 0.45
2.3625 11.8125 -0.9449999 C8B29A 0.45
2.3625 11.8125 -1.4175 C8B29A 0.45
1.89 11.34 1.89 CE9273 0.45
1.89 5.1975 1.4175 896137 0.45
1.89 5.1975 0.9449999 896137 0.45
1.89 5.1975 -0.9449999 896137 0.45
1.89 5.1975 -1.4175 896137 0.45
1.89 11.34 -1.89 B17F67 0.45
1.89 0.9449999 0.9449999 313431 0.45
1.89 0.9449999 -0.9449999 333333 0.45
1.89 1.4175 0.9449999 313431 0.45
-0.4725 1.4175 0.4725 282828 0.45
-0.4725 1.4175 0 282828 0.45
-0.4725 1.4175 -0.4725 282828 0.45
1.89 1.4175 -0.9449999 333333 0.45
1.89 1.89 0.9449999 313431 0.45
-0.4725 1.89 0.4725 282828 0.45
-0.4725 1.89 0 282828 0.45
-0.4725 1.89 -0.4725 282828 0.45
1.89 1.89 -0.9449999 333333 0.45
1.89 2.3625 0.9449999 313431 0.45
-0.4725 2.3625 0.4725 282828 0.45
-0.4725 2.3625 0 282828 0.45
-0.4725 2.3625 -0.4725 282828 0.45
1.89 2.3625 -0.9449999 333333 0.45
1.89 2.835 0.9449999 313431 0.45
-0.4725 2.835 0.4725 282828 0.45
-0.4725 2.835 0 282828 0.45
-0.4725 2.835 -0.4725 282828 0.45
1.89 2.835 -0.9449999 333333 0.45
1.89 3.3075 0.9449999 B59E84 0.45
1.89 5.1975 0.4725 896137 0.45
-0.4725 3.3075 0.4725 A88B6B 0.45
1.89 5.1975 0 896137 0.45
-0.4725 3.3075 0 A88B6B 0.45
1.89 5.1975 -0.4725 896137 0.45
-0.4725 3.3075 -0.4725 A88B6B 0.45
1.89 3.3075 -0.9449999 B9A288 0.45
1.89 3.78 0.9449999 B59E84 0.45
-0.4725 3.78 0.4725 A88B6B 0.45
-0.4725 3.78 0 A88B6B 0.45
-0.4725 3.78 -0.4725 A88B6B 0.45
1.89 3.78 -0.9449999 B9A288 0.45
1.89 4.2525 0.9449999 B59E84 0.45
-0.4725 4.2525 0.4725 A88B6B 0.45
-0.4725 4.2525 0 A88B6B 0.45
-0.4725 4.2525 -0.4725 A88B6B 0.45
1.89 4.2525 -0.9449999 B9A288 0.45
1.89 4.725 0.9449999 B59E84 0.45
-0.4725 4.725 0.4725 A88B6B 0.45
-0.4725 4.725 0 A88B6B 0.45
-0.4725 4.725 -0.4725 A88B6B 0.45
1.89 4.725 -0.9449999 B9A288 0.45
1.89 6.142499 1.4175 AC8963 0.45
1.89 6.142499 0.9449999 AC8963 0.45
1.89 6.142499 0.4725 AC8963 0.45
-0.4725 5.1975 0.4725 A88B6B 0.45
1.89 6.142499 0 AC8963 0.45
-0.4725 5.1975 0 A88B6B 0.45
1.89 6.142499 -0.4725 AC8963 0.45
-0.4725 5.1975 -0.4725 A88B6B 0.45
1.89 6.142499 -0.9449999 AC8963 0.45
1.89 6.142499 -1.4175 AC8963 0.45
1.89 5.67 1.4175 AD987F 0.45
1.89 5.67 0.4725 A88B6B 0.45
1.89 5.67 0 A88B6B 0.45
1.89 5.67 -0.4725 A88B6B 0.45
1.89 5.67 -1.4175 B19A83 0.45
1.89 11.34 1.4175 CE9073 0.45
1.89 11.34 0.9449999 CE9073 0.45
1.89 11.34 0.4725 CE9073 0.45
1.89 11.34 0 CE9073 0.45
1.89 11.34 -0.4725 CE9073 0.45
1.89 11.34 -0.9449999 CE9073 0.45
1.89 11.34 -1.4175 B57D6B 0.45
1.89 6.615 1.4175 C6AA8C 0.45
1.89 6.615 -1.4175 C6AA94 0.45
1.89 7.0875 1.4175 C2AA8E 0.45
1.89 7.0875 -1.4175 C3AB91 0.45
1.89 7.559999 1.4175 C2AA8E 0.45
1.89 7.559999 -1.4175 C3AB91 0.45
1.89 8.0325 1.4175 C2AA8E 0.45
1.89 8.0325 -1.4175 AD967B 0.45
1.89 8.504999 1.4175 C2AA8E 0.45
1.89 8.504999 -1.4175 CAB298 0.45
1.89 8.9775 1.4175 C2AA8E 0.45
1.89 8.9775 -1.4175 AD967B 0.45
1.89 9.45 1.4175 C2AA8E 0.45
1.89 9.45 -1.4175 C2A98B 0.45
1.89 9.9225 1.4175 C2AA8E 0.45
1.89 9.9225 -1.4175 A57D31 0.45
1.89 10.395 1.4175 C2AA8E 0.45
1.89 10.395 -1.4175 001084 0.45
1.89 10.8675 1.4175 C2AA8E 0.45
1.89 10.8675 -1.4175 C3AB91 0.45
1.4175 11.34 1.89 CE9273 0.45
1.4175 5.1975 1.4175 896137 0.45
1.4175 5.1975 0.9449999 896137 0.45
1.4175 0 0.4725 282828 0.45
1.4175 0 0 282828 0.45
1.4175 0 -0.4725 282828 0.45
1.4175 0 -0.9449999 282828 0.45
1.4175 5.1975 -1.4175 896137 0.45
1.4175 11.34 -1.89 B17F67 0.45
-0.4725 0 0.4725 414141 0.45
-0.4725 0 0 414141 0.45
-0.4725 0 -0.4725 414141 0.45
-0.4725 0 -0.9449999 414141 0.45
1.4175 0 -1.4175 464646 0.45
1.4175 0.4725 0.4725 333333 0.45
1.4175 0.9449999 0.4725 282828 0.45
-0.4725 0.4725 0.4725 282828 0.45
1.4175 0.9449999 0 282828 0.45
-0.4725 0.4725 0 282828 0.45
1.4175 0.9449999 -0.4725 282828 0.45
-0.4725 0.4725 -0.4725 282828 0.45
1.4175 5.1975 -0.9449999 896137 0.45
-0.4725 0.4725 -0.9449999 282828 0.45
1.4175 0.4725 -1.4175 333333 0.45
1.4175 0.9449999 0.9449999 333333 0.45
1.4175 2.835 0.4725 A88B6B 0.45
-0.4725 0.9449999 0.4725 282828 0.45
1.4175 2.835 0 A88B6B 0.45
-0.4725 0.9449999 0 282828 0.45
1.4175 2.835 -0.4725 A88B6B 0.45
-0.4725 0.9449999 -0.4725 282828 0.45
1.4175 0.9449999 -0.9449999 292829 0.45
1.4175 1.4175 0.9449999 333333 0.45
1.4175 1.4175 -0.9449999 292829 0.45
1.4175 1.89 0.9449999 333333 0.45
1.4175 1.89 -0.9449999 292829 0.45
1.4175 2.3625 0.9449999 333333 0.45
1.4175 2.3625 -0.9449999 292829 0.45
1.4175 2.835 0.9449999 333333 0.45
1.4175 2.835 -0.9449999 292829 0.45
1.4175 3.3075 0.9449999 B59E84 0.45
1.4175 5.1975 0.4725 896137 0.45
1.4175 5.1975 0 896137 0.45
1.4175 5.1975 -0.4725 896137 0.45
1.4175 3.3075 -0.9449999 B9A288 0.45
1.4175 3.78 0.9449999 B59E84 0.45
1.4175 3.3075 0.4725 282828 0.45
1.4175 3.3075 0 282828 0.45
1.4175 3.3075 -0.4725 282828 0.45
1.4175 3.78 -0.9449999 B9A288 0.45
1.4175 4.2525 0.9449999 B59E84 0.45
1.4175 4.2525 -0.9449999 B9A288 0.45
1.4175 4.725 0.9449999 B59E84 0.45
1.4175 4.725 -0.9449999 B9A288 0.45
1.4175 6.142499 1.4175 AC8963 0.45
1.4175 6.142499 0.9449999 AC8963 0.45
1.4175 6.142499 0.4725 AC8963 0.45
1.4175 6.142499 0 AC8963 0.45
1.4175 6.142499 -0.4725 AC8963 0.45
1.4175 6.142499 -0.9449999 AC8963 0.45
1.4175 6.142499 -1.4175 AC8963 0.45
1.4175 5.67 1.4175 AD987F 0.45
1.4175 5.67 0.4725 A88B6B 0.45
1.4175 5.67 0 A88B6B 0.45
1.4175 5.67 -0.4725 A88B6B 0.45
1.4175 5.67 -1.4175 B19A83 0.45
1.4175 11.34 1.4175 CE9073 0.45
1.4175 11.34 0.9449999 CE9073 0.45
1.4175 11.34 0.4725 CE9073 0.45
1.4175 11.34 0 CE9073 0.45
1.4175 11.34 -0.4725 CE9073 0.45
1.4175 11.34 -0.9449999 CE9073 0.45
1.4175 11.34 -1.4175 B57D6B 0.45
1.4175 6.615 1.4175 C6AA8C 0.45
1.4175 6.615 -1.4175 C6AA94 0.45
1.4175 7.0875 1.4175 C2AA8E 0.45
1.4175 7.0875 -1.4175 C3AB91 0.45
1.4175 7.559999 1.4175 C2AA8E 0.45
1.4175 7.559999 -1.4175 C3AB91 0.45
1.4175 8.0325 1.4175 C2AA8E 0.45
1.4175 8.0325 -1.4175 AD967B 0.45
1.4175 8.504999 1.4175 C2AA8E 0.45
1.4175 8.504999 -1.4175 CAB298 0.45
1.4175 8.9775 1.4175 C2AA8E 0.45
1.4175 8.9775 -1.4175 AD967B 0.45
1.4175 9.45 1.4175 C2AA8E 0.45
1.4175 9.45 -1.4175 C2A98B 0.45
1.4175 9.9225 1.4175 C2AA8E 0.45
1.4175 9.9225 -1.4175 A57D31 0.45
1.4175 10.395 1.4175 C2AA8E 0.45
1.4175 10.395 -1.4175 9A7C4F 0.45
1.4175 10.8675 1.4175 C2AA8E 0.45
1.4175 10.8675 -1.4175 C3AB91 0.45
1.4175 11.8125 1.89 ECAF97 0.45
1.4175 11.8125 1.4175 C8B29A 0.45
1.4175 11.8125 0.9449999 C8B29A 0.45
1.4175 11.8125 0.4725 F7BEA4 0.45
1.4175 11.8125 0 F7BEA4 0.45
1.4175 11.8125 -0.4725 F7BEA4 0.45
1.4175 11.8125 -0.9449999 F7BEA4 0.45
1.4175 11.8125 -1.4175 F7BEA4 0.45
1.4175 11.8125 -1.89 D6AE94 0.45
1.4175 12.285 1.89 EFAE94 0.45
1.4175 12.285 -1.89 D6AD94 0.45
1.4175 12.7575 1.89 9C5D29 0.45
1.4175 12.7575 -1.89 D6AD94 0.45
1.4175 13.23 1.89 9C5D29 0.45
1.4175 13.23 -1.89 A4A6A4 0.45
1.4175 13.7025 1.89 9C5D29 0.45
1.4175 13.7025 -1.89 B1B2B1 0.45
1.4175 14.175 1.89 9C5D29 0.45
1.4175 14.175 -1.89 101410 0.45
1.4175 14.6475 1.89 9C5D29 0.45
1.4175 14.6475 -1.89 FFCCAD 0.45
1.4175 15.12 1.89 9C5D29 0.45
1.4175 15.12 -1.89 9C5D29 0.45
1.4175 15.5925 1.89 9C5D29 0.45
1.4175 15.5925 -1.89 9C5D29 0.45
1.4175 15.5925 1.4175 A4632E 0.45
1.4175 15.5925 0.9449999 A4632E 0.45
1.4175 15.5925 0.4725 A4632E 0.45
1.4175 15.5925 0 A4632E 0.45
1.4175 15.5925 -0.4725 A4632E 0.45
1.4175 15.5925 -0.9449999 A4632E 0.45
1.4175 15.5925 -1.4175 A4632E 0.45
0.9449999 11.34 1.89 CE9273 0.45
0.9449999 5.1975 1.4175 896137 0.45
0.9449999 5.1975 0.9449999 896137 0.45
0.9449999 0 0.4725 282828 0.45
0.9449999 0 0 282828 0.45
0.9449999 0 -0.4725 282828 0.45
0.9449999 0 -0.9449999 282828 0.45
0.9449999 5.1975 -1.4175 896137 0.45
0.9449999 11.34 -1.89 B17F67 0.45
0.9449999 0 -1.4175 464646 0.45
0.9449999 0.4725 0.4725 333333 0.45
0.9449999 0.9449999 0.4725 282828 0.45
0.9449999 0.9449999 0 282828 0.45
0.9449999 0.9449999 -0.4725 282828 0.45
0.9449999 5.1975 -0.9449999 896137 0.45
0.9449999 0.4725 -1.4175 333333 0.45
0.9449999 0.9449999 0.9449999 333333 0.45
0.9449999 2.835 0.4725 A88B6B 0.45
0.9449999 2.835 0 A88B6B 0.45
0.9449999 2.835 -0.4725 A88B6B 0.45
0.9449999 0.9449999 -0.9449999 313431 0.45
0.9449999 1.4175 0.9449999 333333 0.45
0.9449999 1.4175 -0.9449999 313431 0.45
0.9449999 1.89 0.9449999 333333 0.45
0.9449999 1.89 -0.9449999 292829 0.45
0.9449999 2.3625 0.9449999 333333 0.45
0.9449999 2.3625 -0.9449999 313431 0.45
0.9449999 2.835 0.9449999 333333 0.45
0.9449999 2.835 -0.9449999 292829 0.45
0.9449999 3.3075 0.9449999 B59E84 0.45
0.9449999 5.1975 0.4725 896137 0.45
0.9449999 5.1975 0 896137 0.45
0.9449999 5.1975 -0.4725 896137 0.45
0.9449999 3.3075 -0.9449999 B9A288 0.45
0.9449999 3.78 0.9449999 B59E84 0.45
0.9449999 3.3075 0.4725 282828 0.45
0.9449999 3.3075 0 282828 0.45
0.9449999 3.3075 -0.4725 282828 0.45
0.9449999 3.78 -0.9449999 B9A288 0.45
0.9449999 4.2525 0.9449999 B59E84 0.45
0.9449999 4.2525 -0.9449999 B9A288 0.45
0.9449999 4.725 0.9449999 B59E84 0.45
0.9449999 4.725 -0.9449999 B9A288 0.45
0.9449999 6.142499 1.4175 AC8963 0.45
0.9449999 6.142499 0.9449999 AC8963 0.45
0.9449999 6.142499 0.4725 AC8963 0.45
0.9449999 6.142499 0 AC8963 0.45
0.9449999 6.142499 -0.4725 AC8963 0.45
0.9449999 6.142499 -0.9449999 AC8963 0.45
0.9449999 6.142499 -1.4175 AC8963 0.45
0.9449999 5.67 1.4175 AD987F 0.45
0.9449999 5.67 0.4725 A88B6B 0.45
0.9449999 5.67 0 A88B6B 0.45
0.9449999 5.67 -0.4725 A88B6B 0.45
0.9449999 5.67 -1.4175 B19A83 0.45
0.9449999 11.34 1.4175 CE9073 0.45
0.9449999 11.34 0.9449999 CE9073 0.45
0.9449999 11.34 0.4725 CE9073 0.45
0.9449999 11.34 0 CE9073 0.45
0.9449999 11.34 -0.4725 CE9073 0.45
0.9449999 11.34 -0.9449999 CE9073 0.45
0.9449999 11.34 -1.4175 B57D6B 0.45
0.9449999 6.615 1.4175 C6AA8C 0.45
0.9449999 6.615 -1.4175 C6AA94 0.45
0.9449999 7.0875 1.4175 C2AA8E 0.45
0.9449999 7.0875 -1.4175 C3AB91 0.45
0.9449999 7.559999 1.4175 C2AA8E 0.45
0.9449999 7.559999 -1.4175 C3AB91 0.45
0.9449999 8.0325 1.4175 C2AA8E 0.45
0.9449999 8.0325 -1.4175 AD967B 0.45
0.9449999 8.504999 1.4175 C2AA8E 0.45
0.9449999 8.504999 -1.4175 CAB298 0.45
0.9449999 8.9775 1.4175 C2AA8E 0.45
0.9449999 8.9775 -1.4175 AD967B 0.45
0.9449999 9.45 1.4175 C2AA8E 0.45
0.9449999 9.45 -1.4175 C2A98B 0.45
0.9449999 9.9225 1.4175 C2AA8E 0.45
0.9449999 9.9225 -1.4175 C3AB91 0.45
0.9449999 10.395 1.4175 C2AA8E 0.45
0.9449999 10.395 -1.4175 C3AB91 0.45
0.9449999 10.8675 1.4175 C2AA8E 0.45
0.9449999 10.8675 -1.4175 DEC6AC 0.45
0.9449999 11.8125 1.89 ECAF97 0.45
0.9449999 11.8125 1.4175 C8B29A 0.45
0.9449999 11.8125 0.9449999 C8B29A 0.45
0.9449999 11.8125 0.4725 F7BEA4 0.45
0.9449999 11.8125 0 F7BEA4 0.45
0.9449999 11.8125 -0.4725 F7BEA4 0.45
0.9449999 11.8125 -0.9449999 F7BEA4 0.45
0.9449999 11.8125 -1.4175 F7BEA4 0.45
0.9449999 11.8125 -1.89 D6AE94 0.45
0.9449999 12.285 1.89 EFAE94 0.45
0.9449999 12.285 -1.89 D6AD94 0.45
0.9449999 12.7575 1.89 9C5D29 0.45
0.9449999 12.7575 -1.89 D6AD94 0.45
0.9449999 13.23 1.89 9C5D29 0.45
0.9449999 13.23 -1.89 B1B2B1 0.45
0.9449999 13.7025 1.89 9C5D29 0.45
0.9449999 13.7025 -1.89 D6D3D6 0.45
0.9449999 14.175 1.89 9C5D29 0.45
0.9449999 14.175 -1.89 080C08 0.45
0.9449999 14.6475 1.89 9C5D29 0.45
0.9449999 14.6475 -1.89 FFCCAD 0.45
0.9449999 15.12 1.89 9C5D29 0.45
0.9449999 15.12 -1.89 9C5D29 0.45
0.9449999 15.5925 1.89 9C5D29 0.45
0.9449999 15.5925 -1.89 9C5D29 0.45
0.9449999 15.5925 1.4175 A4632E 0.45
0.9449999 15.5925 0.9449999 A4632E 0.45
0.9449999 15.5925 0.4725 A4632E 0.45
0.9449999 15.5925 0 A4632E 0.45
0.9449999 15.5925 -0.4725 A4632E 0.45
0.9449999 15.5925 -0.9449999 A4632E 0.45
0.9449999 15.5925 -1.4175 A4632E 0.45
0.4725 11.34 1.89 CE9273 0.45
0.4725 5.1975 1.4175 896137 0.45
0.4725 5.1975 0.9449999 896137 0.45
0.4725 5.1975 0.4725 896137 0.45
0.4725 5.1975 0 896137 0.45
0.4725 5.1975 -0.4725 896137 0.45
0.4725 5.1975 -0.9449999 896137 0.45
0.4725 5.1975 -1.4175 896137 0.45
0.4725 11.34 -1.89 B17F67 0.45
0.4725 0 0.4725 414141 0.45
0.4725 0 0 414141 0.45
0.4725 0 -0.4725 414141 0.45
0.4725 0 -0.9449999 414141 0.45
0.4725 0.4725 0.4725 282828 0.45
0.4725 0.4725 0 282828 0.45
0.4725 0.4725 -0.4725 282828 0.45
0.4725 0.4725 -0.9449999 282828 0.45
0.4725 0.9449999 0.4725 282828 0.45
0.4725 0.9449999 0 282828 0.45
0.4725 0.9449999 -0.4725 282828 0.45
0.4725 1.4175 0.4725 282828 0.45
0.4725 1.4175 0 282828 0.45
0.4725 1.4175 -0.4725 282828 0.45
0.4725 1.89 0.4725 282828 0.45
0.4725 1.89 0 282828 0.45
0.4725 1.89 -0.4725 282828 0.45
0.4725 2.3625 0.4725 282828 0.45
0.4725 2.3625 0 282828 0.45
0.4725 2.3625 -0.4725 282828 0.45
0.4725 2.835 0.4725 282828 0.45
0.4725 2.835 0 282828 0.45
0.4725 2.835 -0.4725 282828 0.45
0.4725 3.3075 0.4725 A88B6B 0.45
0.4725 3.3075 0 A88B6B 0.45
0.4725 3.3075 -0.4725 A88B6B 0.45
0.4725 3.78 0.4725 A88B6B 0.45
0.4725 3.78 0 A88B6B 0.45
0.4725 3.78 -0.4725 A88B6B 0.45
0.4725 4.2525 0.4725 A88B6B 0.45
0.4725 4.2525 0 A88B6B 0.45
0.4725 4.2525 -0.4725 A88B6B 0.45
0.4725 4.725 0.4725 A88B6B 0.45
0.4725 4.725 0 A88B6B 0.45
0.4725 4.725 -0.4725 A88B6B 0.45
0.4725 6.142499 1.4175 AC8963 0.45
0.4725 6.142499 0.9449999 AC8963 0.45
0.4725 6.142499 0.4725 AC8963 0.45
0.4725 6.142499 0 AC8963 0.45
0.4725 6.142499 -0.4725 AC8963 0.45
0.4725 6.142499 -0.9449999 AC8963 0.45
0.4725 6.142499 -1.4175 AC8963 0.45
0.4725 5.67 1.4175 AD987F 0.45
0.4725 5.67 -1.4175 B19A83 0.45
0.4725 11.34 1.4175 CE9073 0.45
0.4725 11.34 0.9449999 CE9073 0.45
0.4725 11.34 0.4725 CE9073 0.45
0.4725 11.34 0 CE9073 0.45
0.4725 11.34 -0.4725 CE9073 0.45
0.4725 11.34 -0.9449999 CE9073 0.45
0.4725 11.34 -1.4175 B57D6B 0.45
0.4725 6.615 1.4175 C6AA8C 0.45
0.4725 6.615 -1.4175 FFB600 0.45
0.4725 7.0875 1.4175 C2AA8E 0.45
0.4725 7.0875 -1.4175 C6AA94 0.45
0.4725 7.559999 1.4175 C2AA8E 0.45
0.4725 7.559999 -1.4175 C6AA94 0.45
0.4725 8.0325 1.4175 C2AA8E 0.45
0.4725 8.0325 -1.4175 C6AA94 0.45
0.4725 8.504999 1.4175 C2AA8E 0.45
0.4725 8.504999 -1.4175 C6AA94 0.45
0.4725 8.9775 1.4175 C2AA8E 0.45
0.4725 8.9775 -1.4175 C6AA94 0.45
0.4725 9.45 1.4175 C2AA8E 0.45
0.4725 9.45 -1.4175 C6AA94 0.45
0.4725 9.9225 1.4175 C2AA8E 0.45
0.4725 9.9225 -1.4175 C6AA94 0.45
0.4725 10.395 1.4175 C2AA8E 0.45
0.4725 10.395 -1.4175 DEC7AD 0.45
0.4725 10.8675 1.4175 C2AA8E 0.45
0.4725 10.8675 -1.4175 DEC7AD 0.45
0.4725 11.8125 1.89 ECAF97 0.45
0.4725 11.8125 1.4175 C8B29A 0.45
0.4725 11.8125 0.9449999 C8B29A 0.45
0.4725 11.8125 0.4725 F7BEA4 0.45
0.4725 11.8125 0 F7BEA4 0.45
0.4725 11.8125 -0.4725 F7BEA4 0.45
0.4725 11.8125 -0.9449999 F7BEA4 0.45
0.4725 11.8125 -1.4175 F7BEA4 0.45
0.4725 11.8125 -1.89 D6AE94 0.45
0.4725 12.285 1.89 EFAE94 0.45
0.4725 12.285 -1.89 D6AE94 0.45
0.4725 12.7575 1.89 9C5D29 0.45
0.4725 12.7575 -1.89 D6AD94 0.45
0.4725 13.23 1.89 9C5D29 0.45
0.4725 13.23 -1.89 000000 0.45
0.4725 13.7025 1.89 9C5D29 0.45
0.4725 13.7025 -1.89 B5B2B5 0.45
0.4725 14.175 1.89 9C5D29 0.45
0.4725 14.175 -1.89 100C10 0.45
0.4725 14.6475 1.89 9C5D29 0.45
0.4725 14.6475 -1.89 FFCCAD 0.45
0.4725 15.12 1.89 9C5D29 0.45
0.4725 15.12 -1.89 9C5D29 0.45
0.4725 15.5925 1.89 9C5D29 0.45
0.4725 15.5925 -1.89 9C5D29 0.45
0.4725 15.5925 1.4175 A4632E 0.45
0.4725 15.5925 0.9449999 A4632E 0.45
0.4725 15.5925 0.4725 A4632E 0.45
0.4725 15.5925 0 A4632E 0.45
0.4725 15.5925 -0.4725 A4632E 0.45
0.4725 15.5925 -0.9449999 A4632E 0.45
0.4725 15.5925 -1.4175 A4632E 0.45
0 11.34 1.89 CE9273 0.45
0 5.1975 1.4175 896137 0.45
0 5.1975 0.9449999 896137 0.45
0 5.1975 0.4725 896137 0.45
0 5.1975 0 896137 0.45
0 5.1975 -0.4725 896137 0.45
0 5.1975 -0.9449999 896137 0.45
0 5.1975 -1.4175 896137 0.45
0 11.34 -1.89 B17F67 0.45
0 6.142499 1.4175 AC8963 0.45
0 6.142499 0.9449999 AC8963 0.45
0 6.142499 0.4725 AC8963 0.45
0 6.142499 0 AC8963 0.45
0 6.142499 -0.4725 AC8963 0.45
0 6.142499 -0.9449999 AC8963 0.45
0 6.142499 -1.4175 AC8963 0.45
0 5.67 1.4175 AD987F 0.45
0 5.67 -1.4175 B19A83 0.45
0 11.34 1.4175 CE9073 0.45
0 11.34 0.9449999 CE9073 0.45
0 11.34 0.4725 CE9073 0.45
0 11.34 0 CE9073 0.45
0 11.34 -0.4725 CE9073 0.45
0 11.34 -0.9449999 CE9073 0.45
0 11.34 -1.4175 B57D6B 0.45
0 6.615 1.4175 C6AA8C 0.45
0 6.615 -1.4175 FFB600 0.45
0 7.0875 1.4175 C2AA8E 0.45
0 7.0875 -1.4175 E7D7CE 0.45
0 7.559999 1.4175 C2AA8E 0.45
0 7.559999 -1.4175 C3AB91 0.45
0 8.0325 1.4175 C2AA8E 0.45
0 8.0325 -1.4175 C6AA94 0.45
0 8.504999 1.4175 C2AA8E 0.45
0 8.504999 -1.4175 C3AB91 0.45
0 8.9775 1.4175 C2AA8E 0.45
0 8.9775 -1.4175 C3AB91 0.45
0 9.45 1.4175 C2AA8E 0.45
0 9.45 -1.4175 C3AB91 0.45
0 9.9225 1.4175 C2AA8E 0.45
0 9.9225 -1.4175 C6AA94 0.45
0 10.395 1.4175 C2AA8E 0.45
0 10.395 -1.4175 DEC6AC 0.45
0 10.8675 1.4175 C2AA8E 0.45
0 10.8675 -1.4175 F4F4F4 0.45
0 11.8125 1.89 ECAF97 0.45
0 11.8125 1.4175 C8B29A 0.45
0 11.8125 0.9449999 C8B29A 0.45
0 11.8125 0.4725 F7BEA4 0.45
0 11.8125 0 F7BEA4 0.45
0 11.8125 -0.4725 F7BEA4 0.45
0 11.8125 -0.9449999 F7BEA4 0.45
0 11.8125 -1.4175 F7BEA4 0.45
0 11.8125 -1.89 D6AE94 0.45
0 12.285 1.89 EFAE94 0.45
0 12.285 -1.89 D6AE94 0.45
0 12.7575 1.89 9C5D29 0.45
0 12.7575 -1.89 D6AD94 0.45
0 13.23 1.89 9C5D29 0.45
0 13.23 -1.89 FFCCAD 0.45
0 13.7025 1.89 9C5D29 0.45
0 13.7025 -1.89 FFCCAD 0.45
0 14.175 1.89 9C5D29 0.45
0 14.175 -1.89 FFCBAD 0.45
0 14.6475 1.89 9C5D29 0.45
0 14.6475 -1.89 FFCCAD 0.45
0 15.12 1.89 9C5D29 0.45
0 15.12 -1.89 9C5D29 0.45
0 15.5925 1.89 9C5D29 0.45
0 15.5925 -1.89 9C5D29 0.45
0 15.5925 1.4175 A4632E 0.45
0 15.5925 0.9449999 A4632E 0.45
0 15.5925 0.4725 A4632E 0.45
0 15.5925 0 A4632E 0.45
0 15.5925 -0.4725 A4632E 0.45
0 15.5925 -0.9449999 A4632E 0.45
0 15.5925 -1.4175 A4632E 0.45
-0.4725 11.34 1.89 CE9273 0.45
-0.4725 5.1975 1.4175 896137 0.45
-0.4725 5.1975 0.9449999 896137 0.45
-0.4725 5.1975 -0.9449999 896137 0.45
-0.4725 5.1975 -1.4175 896137 0.45
-0.4725 11.34 -1.89 B17F67 0.45
-0.4725 3.3075 0.9449999 A58A6B 0.45
-0.4725 3.78 0.9449999 A58A6B 0.45
-0.4725 4.2525 0.9449999 A58A6B 0.45
-0.4725 4.725 0.9449999 A58A6B 0.45
-0.4725 6.142499 1.4175 AC8963 0.45
-0.4725 6.142499 0.9449999 AC8963 0.45
-0.4725 6.142499 0.4725 AC8963 0.45
-0.4725 6.142499 0 AC8963 0.45
-0.4725 6.142499 -0.4725 AC8963 0.45
-0.4725 6.142499 -0.9449999 AC8963 0.45
-0.4725 6.142499 -1.4175 AC8963 0.45
-0.4725 5.67 1.4175 AD987F 0.45
-0.4725 5.67 -1.4175 B19A83 0.45
-0.4725 11.34 1.4175 CE9073 0.45
-0.4725 11.34 0.9449999 CE9073 0.45
-0.4725 11.34 0.4725 CE9073 0.45
-0.4725 11.34 0 CE9073 0.45
-0.4725 11.34 -0.4725 CE9073 0.45
-0.4725 11.34 -0.9449999 CE9073 0.45
-0.4725 11.34 -1.4175 B57D6B 0.45
-0.4725 6.615 1.4175 C6AA8C 0.45
-0.4725 6.615 -1.4175 FFB600 0.45
-0.4725 7.0875 1.4175 C2AA8E 0.45
-0.4725 7.0875 -1.4175 C3AB91 0.45
-0.4725 7.559999 1.4175 C2AA8E 0.45
-0.4725 7.559999 -1.4175 C3AB91 0.45
-0.4725 8.0325 1.4175 C2AA8E 0.45
-0.4725 8.0325 -1.4175 C3AB91 0.45
-0.4725 8.504999 1.4175 C2AA8E 0.45
-0.4725 8.504999 -1.4175 C3AB91 0.45
-0.4725 8.9775 1.4175 C2AA8E 0.45
-0.4725 8.9775 -1.4175 C3AB91 0.45
-0.4725 9.45 1.4175 C2AA8E 0.45
-0.4725 9.45 -1.4175 C3AB91 0.45
-0.4725 9.9225 1.4175 C2AA8E 0.45
-0.4725 9.9225 -1.4175 C3AB91 0.45
-0.4725 10.395 1.4175 C2AA8E 0.45
-0.4725 10.395 -1.4175 DEC7AD 0.45
-0.4725 10.8675 1.4175 C2AA8E 0.45
-0.4725 10.8675 -1.4175 DEC7AD 0.45
-0.4725 11.8125 1.89 ECAF97 0.45
-0.4725 11.8125 1.4175 C8B29A 0.45
-0.4725 11.8125 0.9449999 C8B29A 0.45
-0.4725 11.8125 0.4725 F7BEA4 0.45
-0.4725 11.8125 0 F7BEA4 0.45
-0.4725 11.8125 -0.4725 F7BEA4 0.45
-0.4725 11.8125 -0.9449999 F7BEA4 0.45
-0.4725 11.8125 -1.4175 F7BEA4 0.45
-0.4725 11.8125 -1.89 D6AE94 0.45
-0.4725 12.285 1.89 EFAE94 0.45
-0.4725 12.285 -1.89 D6AE94 0.45
-0.4725 12.7575 1.89 9C5D29 0.45
-0.4725 12.7575 -1.89 D6AD94 0.45
-0.4725 13.23 1.89 9C5D29 0.45
-0.4725 13.23 -1.89 080408 0.45
-0.4725 13.7025 1.89 9C5D29 0.45
-0.4725 13.7025 -1.89 B5B2B5 0.45
-0.4725 14.175 1.89 9C5D29 0.45
-0.4725 14.175 -1.89 100C10 0.45
-0.4725 14.6475 1.89 9C5D29 0.45
-0.4725 14.6475 -1.89 FFCCAD 0.45
-0.4725 15.12 1.89 9C5D29 0.45
-0.4725 15.12 -1.89 9C5D29 0.45
-0.4725 15.5925 1.89 9C5D29 0.45
-0.4725 15.5925 -1.89 9C5D29 0.45
-0.4725 15.5925 1.4175 A4632E 0.45
-0.4725 15.5925 0.9449999 A4632E 0.45
-0.4725 15.5925 0.4725 A4632E 0.45
-0.4725 15.5925 0 A4632E 0.45
-0.4725 15.5925 -0.4725 A4632E 0.45
-0.4725 15.5925 -0.9449999 A4632E 0.45
-0.4725 15.5925 -1.4175 A4632E 0.45
-0.9449999 11.34 1.89 CE9273 0.45
-0.9449999 5.1975 1.4175 896137 0.45
-0.9449999 5.1975 0.9449999 896137 0.45
-0.9449999 0 0.4725 282828 0.45
-0.9449999 0 0 282828 0.45
-0.9449999 0 -0.4725 282828 0.45
-0.9449999 0 -0.9449999 282828 0.45
-0.9449999 5.1975 -1.4175 896137 0.45
-0.9449999 11.34 -1.89 B17F67 0.45
-0.9449999 0.9449999 0.4725 282828 0.45
-0.9449999 0.9449999 0 282828 0.45
-0.9449999 0.9449999 -0.4725 282828 0.45
-0.9449999 5.1975 -0.9449999 896137 0.45
-0.9449999 0 -1.4175 282828 0.45
-0.9449999 0.4725 0.4725 333333 0.45
-0.9449999 0.4725 -1.4175 333333 0.45
-0.9449999 0.9449999 0.9449999 333333 0.45
-0.9449999 2.835 0.4725 A88B6B 0.45
-0.9449999 2.835 0 A88B6B 0.45
-0.9449999 2.835 -0.4725 A88B6B 0.45
-0.9449999 0.9449999 -0.9449999 313431 0.45
-0.9449999 1.4175 0.9449999 333333 0.45
-0.9449999 1.4175 -0.9449999 292829 0.45
-0.9449999 1.89 0.9449999 333333 0.45
-0.9449999 1.89 -0.9449999 292829 0.45
-0.9449999 2.3625 0.9449999 333333 0.45
-0.9449999 2.3625 -0.9449999 313431 0.45
-0.9449999 2.835 0.9449999 333333 0.45
-0.9449999 2.835 -0.9449999 292829 0.45
-0.9449999 3.3075 0.9449999 B59E84 0.45
-0.9449999 5.1975 0.4725 896137 0.45
-0.9449999 5.1975 0 896137 0.45
-0.9449999 5.1975 -0.4725 896137 0.45
-0.9449999 3.3075 -0.9449999 B9A288 0.45
-0.9449999 3.78 0.9449999 B59E84 0.45
-0.9449999 3.3075 0.4725 282828 0.45
-0.9449999 3.3075 0 282828 0.45
-0.9449999 3.3075 -0.4725 282828 0.45
-0.9449999 3.78 -0.9449999 B9A288 0.45
-0.9449999 4.2525 0.9449999 B59E84 0.45
-0.9449999 4.2525 -0.9449999 B9A288 0.45
-0.9449999 4.725 0.9449999 B59E84 0.45
-0.9449999 4.725 -0.9449999 B9A288 0.45
-0.9449999 6.142499 1.4175 AC8963 0.45
-0.9449999 6.142499 0.9449999 AC8963 0.45
-0.9449999 6.142499 0.4725 AC8963 0.45
-0.9449999 6.142499 0 AC8963 0.45
-0.9449999 6.142499 -0.4725 AC8963 0.45
-0.9449999 6.142499 -0.9449999 AC8963 0.45
-0.9449999 6.142499 -1.4175 AC8963 0.45
-0.9449999 5.67 1.4175 AD987F 0.45
-0.9449999 5.67 0.4725 A88B6B 0.45
-0.9449999 5.67 0 A88B6B 0.45
-0.9449999 5.67 -0.4725 A88B6B 0.45
-0.9449999 5.67 -1.4175 B19A83 0.45
-0.9449999 11.34 1.4175 CE9073 0.45
-0.9449999 11.34 0.9449999 CE9073 0.45
-0.9449999 11.34 0.4725 CE9073 0.45
-0.9449999 11.34 0 CE9073 0.45
-0.9449999 11.34 -0.4725 CE9073 0.45
-0.9449999 11.34 -0.9449999 CE9073 0.45
-0.9449999 11.34 -1.4175 B57D6B 0.45
-0.9449999 6.615 1.4175 C6AA8C 0.45
-0.9449999 6.615 -1.4175 C6AA94 0.45
-0.9449999 7.0875 1.4175 C2AA8E 0.45
-0.9449999 7.0875 -1.4175 C3AB91 0.45
-0.9449999 7.559999 1.4175 C2AA8E 0.45
-0.9449999 7.559999 -1.4175 C3AB91 0.45
-0.9449999 8.0325 1.4175 C2AA8E 0.45
-0.9449999 8.0325 -1.4175 AD967B 0.45
-0.9449999 8.504999 1.4175 C2AA8E 0.45
-0.9449999 8.504999 -1.4175 CAB298 0.45
-0.9449999 8.9775 1.4175 C2AA8E 0.45
-0.9449999 8.9775 -1.4175 AD967B 0.45
-0.9449999 9.45 1.4175 C2AA8E 0.45
-0.9449999 9.45 -1.4175 C2A98B 0.45
-0.9449999 9.9225 1.4175 C2AA8E 0.45
-0.9449999 9.9225 -1.4175 C3AB91 0.45
-0.9449999 10.395 1.4175 C2AA8E 0.45
-0.9449999 10.395 -1.4175 C3AB91 0.45
-0.9449999 10.8675 1.4175 C2AA8E 0.45
-0.9449999 10.8675 -1.4175 DEC6AC 0.45
-0.9449999 11.8125 1.89 ECAF97 0.45
-0.9449999 11.8125 1.4175 C8B29A 0.45
-0.9449999 11.8125 0.9449999 C8B29A 0.45
-0.9449999 11.8125 0.4725 F7BEA4 0.45
-0.9449999 11.8125 0 F7BEA4 0.45
-0.9449999 11.8125 -0.4725 F7BEA4 0.45
-0.9449999 11.8125 -0.9449999 F7BEA4 0.45
-0.9449999 11.8125 -1.4175 F7BEA4 0.45
-0.9449999 11.8125 -1.89 D6AE94 0.45
-0.9449999 12.285 1.89 EFAE94 0.45
-0.9449999 12.285 -1.89 D6AD94 0.45
-0.9449999 12.7575 1.89 9C5D29 0.45
-0.9449999 12.7575 -1.89 D6AD94 0.45
-0.9449999 13.23 1.89 9C5D29 0.45
-0.9449999 13.23 -1.89 B1B2B1 0.45
-0.9449999 13.7025 1.89 9C5D29 0.45
-0.9449999 13.7025 -1.89 D6D3D6 0.45
-0.9449999 14.175 1.89 9C5D29 0.45
-0.9449999 14.175 -1.89 080C08 0.45
-0.9449999 14.6475 1.89 9C5D29 0.45
-0.9449999 14.6475 -1.89 FFCCAD 0.45
-0.9449999 15.12 1.89 9C5D29 0.45
-0.9449999 15.12 -1.89 9C5D29 0.45
-0.9449999 15.5925 1.89 9C5D29 0.45
-0.9449999 15.5925 -1.89 9C5D29 0.45
-0.9449999 15.5925 1.4175 A4632E 0.45
-0.9449999 15.5925 0.9449999 A4632E 0.45
-0.9449999 15.5925 0.4725 A4632E 0.45
-0.9449999 15.5925 0 A4632E 0.45
-0.9449999 15.5925 -0.4725 A4632E 0.45
-0.9449999 15.5925 -0.9449999 A4632E 0.45
-0.9449999 15.5925 -1.4175 A4632E 0.45
-1.4175 11.34 1.89 CE9273 0.45
-1.4175 5.1975 1.4175 896137 0.45
-1.4175 5.1975 0.9449999 896137 0.45
-1.4175 0 0.4725 282828 0.45
-1.4175 0 0 282828 0.45
-1.4175 0 -0.4725 282828 0.45
-1.4175 0 -0.9449999 282828 0.45
-1.4175 5.1975 -1.4175 896137 0.45
-1.4175 11.34 -1.89 B17F67 0.45
-1.4175 0.9449999 0.4725 282828 0.45
-1.4175 0.9449999 0 282828 0.45
-1.4175 0.9449999 -0.4725 282828 0.45
-1.4175 5.1975 -0.9449999 896137 0.45
-1.4175 0 -1.4175 282828 0.45
-1.4175 0.4725 0.4725 333333 0.45
-1.4175 0.4725 -1.4175 333333 0.45
-1.4175 0.9449999 0.9449999 333333 0.45
-1.4175 2.835 0.4725 A88B6B 0.45
-1.4175 2.835 0 A88B6B 0.45
-1.4175 2.835 -0.4725 A88B6B 0.45
-1.4175 0.9449999 -0.9449999 292829 0.45
-1.4175 1.4175 0.9449999 333333 0.45
-1.4175 1.4175 -0.9449999 282828 0.45
-1.4175 1.89 0.9449999 333333 0.45
-1.4175 1.89 -0.9449999 282828 0.45
-1.4175 2.3625 0.9449999 333333 0.45
-1.4175 2.3625 -0.9449999 282828 0.45
-1.4175 2.835 0.9449999 333333 0.45
-1.4175 2.835 -0.9449999 282828 0.45
-1.4175 3.3075 0.9449999 B59E84 0.45
-1.4175 5.1975 0.4725 896137 0.45
-1.4175 5.1975 0 896137 0.45
-1.4175 5.1975 -0.4725 896137 0.45
-1.4175 3.3075 -0.9449999 B9A288 0.45
-1.4175 3.78 0.9449999 B59E84 0.45
-1.4175 3.3075 0.4725 282828 0.45
-1.4175 3.3075 0 282828 0.45
-1.4175 3.3075 -0.4725 282828 0.45
-1.4175 3.78 -0.9449999 B9A288 0.45
-1.4175 4.2525 0.9449999 B59E84 0.45
-1.4175 4.2525 -0.9449999 B9A288 0.45
-1.4175 4.725 0.9449999 B59E84 0.45
-1.4175 4.725 -0.9449999 B9A288 0.45
-1.4175 6.142499 1.4175 AC8963 0.45
-1.4175 6.142499 0.9449999 AC8963 0.45
-1.4175 6.142499 0.4725 AC8963 0.45
-1.4175 6.142499 0 AC8963 0.45
-1.4175 6.142499 -0.4725 AC8963 0.45
-1.4175 6.142499 -0.9449999 AC8963 0.45
-1.4175 6.142499 -1.4175 AC8963 0.45
-1.4175 5.67 1.4175 AD987F 0.45
-1.4175 5.67 0.4725 A88B6B 0.45
-1.4175 5.67 0 A88B6B 0.45
-1.4175 5.67 -0.4725 A88B6B 0.45
-1.4175 5.67 -1.4175 B19A83 0.45
-1.4175 11.34 1.4175 CE9073 0.45
-1.4175 11.34 0.9449999 CE9073 0.45
-1.4175 11.34 0.4725 CE9073 0.45
-1.4175 11.34 0 CE9073 0.45
-1.4175 11.34 -0.4725 CE9073 0.45
-1.4175 11.34 -0.9449999 CE9073 0.45
-1.4175 11.34 -1.4175 B57D6B 0.45
-1.4175 6.615 1.4175 C6AA8C 0.45
-1.4175 6.615 -1.4175 C6AA94 0.45
-1.4175 7.0875 1.4175 C2AA8E 0.45
-1.4175 7.0875 -1.4175 C3AB91 0.45
-1.4175 7.559999 1.4175 C2AA8E 0.45
-1.4175 7.559999 -1.4175 C3AB91 0.45
-1.4175 8.0325 1.4175 C2AA8E 0.45
-1.4175 8.0325 -1.4175 AD967B 0.45
-1.4175 8.504999 1.4175 C2AA8E 0.45
-1.4175 8.504999 -1.4175 CAB298 0.45
-1.4175 8.9775 1.4175 C2AA8E 0.45
-1.4175 8.9775 -1.4175 AD967B 0.45
-1.4175 9.45 1.4175 C2AA8E 0.45
-1.4175 9.45 -1.4175 C2A98B 0.45
-1.4175 9.9225 1.4175 C2AA8E 0.45
-1.4175 9.9225 -1.4175 C3AB91 0.45
-1.4175 10.395 1.4175 C2AA8E 0.45
-1.4175 10.395 -1.4175 C3AB91 0.45
-1.4175 10.8675 1.4175 C2AA8E 0.45
-1.4175 10.8675 -1.4175 C6AA94 0.45
-1.4175 11.8125 1.89 ECAF97 0.45
-1.4175 11.8125 1.4175 C8B29A 0.45
-1.4175 11.8125 0.9449999 C8B29A 0.45
-1.4175 11.8125 0.4725 F7BEA4 0.45
-1.4175 11.8125 0 F7BEA4 0.45
-1.4175 11.8125 -0.4725 F7BEA4 0.45
-1.4175 11.8125 -0.9449999 F7BEA4 0.45
-1.4175 11.8125 -1.4175 F7BEA4 0.45
-1.4175 11.8125 -1.89 D6AE94 0.45
-1.4175 12.285 1.89 EFAE94 0.45
-1.4175 12.285 -1.89 D6AD94 0.45
-1.4175 12.7575 1.89 9C5D29 0.45
-1.4175 12.7575 -1.89 D6AD94 0.45
-1.4175 13.23 1.89 9C5D29 0.45
-1.4175 13.23 -1.89 313431 0.45
-1.4175 13.7025 1.89 9C5D29 0.45
-1.4175 13.7025 -1.89 B1B2B1 0.45
-1.4175 14.175 1.89 9C5D29 0.45
-1.4175 14.175 -1.89 080C08 0.45
-1.4175 14.6475 1.89 9C5D29 0.45
-1.4175 14.6475 -1.89 FFCCAD 0.45
-1.4175 15.12 1.89 9C5D29 0.45
-1.4175 15.12 -1.89 9C5D29 0.45
-1.4175 15.5925 1.89 9C5D29 0.45
-1.4175 15.5925 -1.89 9C5D29 0.45
-1.4175 15.5925 1.4175 A4632E 0.45
-1.4175 15.5925 0.9449999 A4632E 0.45
-1.4175 15.5925 0.4725 A4632E 0.45
-1.4175 15.5925 0 A4632E 0.45
-1.4175 15.5925 -0.4725 A4632E 0.45
-1.4175 15.5925 -0.9449999 A4632E 0.45
-1.4175 15.5925 -1.4175 A4632E 0.45
-1.89 11.34 1.89 CE9273 0.45
-1.89 5.1975 1.4175 896137 0.45
-1.89 5.1975 0.9449999 896137 0.45
-1.89 0.9449999 0.4725 282828 0.45
-1.89 0.9449999 0 282828 0.45
-1.89 0.9449999 -0.4725 282828 0.45
-1.89 5.1975 -0.9449999 896137 0.45
-1.89 5.1975 -1.4175 896137 0.45
-1.89 11.34 -1.89 B17F67 0.45
-1.89 0 0.4725 414141 0.45
-1.89 0 0 414141 0.45
-1.89 0 -0.4725 414141 0.45
-1.89 0 -0.9449999 414141 0.45
-1.89 0.4725 0.4725 282828 0.45
-1.89 0.4725 0 282828 0.45
-1.89 0.4725 -0.4725 282828 0.45
-1.89 0.4725 -0.9449999 282828 0.45
-1.89 0.9449999 0.9449999 333333 0.45
-1.89 2.835 0.4725 A88B6B 0.45
-1.89 2.835 0 A88B6B 0.45
-1.89 2.835 -0.4725 A88B6B 0.45
-1.89 0.9449999 -0.9449999 333333 0.45
-1.89 1.4175 0.9449999 333333 0.45
-1.89 1.4175 -0.9449999 333333 0.45
-1.89 1.89 0.9449999 333333 0.45
-1.89 1.89 -0.9449999 333333 0.45
-1.89 2.3625 0.9449999 333333 0.45
-1.89 2.3625 -0.9449999 333333 0.45
-1.89 2.835 0.9449999 333333 0.45
-1.89 2.835 -0.9449999 333333 0.45
-1.89 3.3075 0.9449999 B59E84 0.45
-1.89 5.1975 0.4725 896137 0.45
-1.89 5.1975 0 896137 0.45
-1.89 5.1975 -0.4725 896137 0.45
-1.89 3.3075 -0.9449999 B9A288 0.45
-1.89 3.78 0.9449999 B59E84 0.45
-1.89 3.3075 0.4725 282828 0.45
-1.89 3.3075 0 282828 0.45
-1.89 3.3075 -0.4725 282828 0.45
-1.89 3.78 -0.9449999 B9A288 0.45
-1.89 4.2525 0.9449999 B59E84 0.45
-1.89 4.2525 -0.9449999 B9A288 0.45
-1.89 4.725 0.9449999 B59E84 0.45
-1.89 4.725 -0.9449999 B9A288 0.45
-1.89 6.142499 1.4175 AC8963 0.45
-1.89 6.142499 0.9449999 AC8963 0.45
-1.89 6.142499 0.4725 AC8963 0.45
-1.89 6.142499 0 AC8963 0.45
-1.89 6.142499 -0.4725 AC8963 0.45
-1.89 6.142499 -0.9449999 AC8963 0.45
-1.89 6.142499 -1.4175 AC8963 0.45
-1.89 5.67 1.4175 AD987F 0.45
-1.89 5.67 0.4725 A88B6B 0.45
-1.89 5.67 0 A88B6B 0.45
-1.89 5.67 -1.4175 B19A83 0.45
-1.89 11.34 1.4175 CE9073 0.45
-1.89 11.34 0.9449999 CE9073 0.45
-1.89 11.34 0.4725 CE9073 0.45
-1.89 11.34 0 CE9073 0.45
-1.89 11.34 -0.4725 CE9073 0.45
-1.89 11.34 -0.9449999 CE9073 0.45
-1.89 11.34 -1.4175 B57D6B 0.45
-1.89 6.615 1.4175 C6AA8C 0.45
-1.89 6.615 -1.4175 C6AA94 0.45
-1.89 7.0875 1.4175 C2AA8E 0.45
-1.89 7.0875 -1.4175 C3AB91 0.45
-1.89 7.559999 1.4175 C2AA8E 0.45
-1.89 7.559999 -1.4175 C3AB91 0.45
-1.89 8.0325 1.4175 C2AA8E 0.45
-1.89 8.0325 -1.4175 AD967B 0.45
-1.89 8.504999 1.4175 C2AA8E 0.45
-1.89 8.504999 -1.4175 CEB294 0.45
-1.89 8.9775 1.4175 C2AA8E 0.45
-1.89 8.9775 -1.4175 AD967B 0.45
-1.89 9.45 1.4175 C2AA8E 0.45
-1.89 9.45 -1.4175 BDA98B 0.45
-1.89 9.9225 1.4175 C2AA8E 0.45
-1.89 9.9225 -1.4175 C3AB91 0.45
-1.89 10.395 1.4175 C2AA8E 0.45
-1.89 10.395 -1.4175 C3AB91 0.45
-1.89 10.8675 1.4175 C2AA8E 0.45
-1.89 10.8675 -1.4175 313031 0.45
-1.89 11.8125 1.89 ECAF97 0.45
-1.89 11.8125 1.4175 C8B29A 0.45
-1.89 11.8125 0.9449999 C8B29A 0.45
-1.89 11.8125 0.4725 C6B29C 0.45
-1.89 11.8125 0 C6B29C 0.45
-1.89 11.8125 -0.4725 C6B29C 0.45
-1.89 11.8125 -0.9449999 C6B29C 0.45
-1.89 11.8125 -1.4175 C6B29C 0.45
-1.89 11.8125 -1.89 D6AA94 0.45
-1.89 12.285 1.89 EFAE94 0.45
-1.89 12.285 -1.89 D6AE94 0.45
-1.89 12.7575 1.89 9C5D29 0.45
-1.89 12.7575 -1.89 D6AE94 0.45
-1.89 13.23 1.89 9C5D29 0.45
-1.89 13.23 -1.89 FFCBAD 0.45
-1.89 13.7025 1.89 9C5D29 0.45
-1.89 13.7025 -1.89 FFCBAD 0.45
-1.89 14.175 1.89 9C5D29 0.45
-1.89 14.175 -1.89 F7C3A5 0.45
-1.89 14.6475 1.89 9C5D29 0.45
-1.89 14.6475 -1.89 FFCBAD 0.45
-1.89 15.12 1.89 9C5D29 0.45
-1.89 15.12 -1.89 9C5929 0.45
-1.89 15.5925 1.89 9C5D29 0.45
-1.89 15.5925 -1.89 9C5D29 0.45
-1.89 15.5925 1.4175 A4632E 0.45
-1.89 15.5925 0.9449999 A4632E 0.45
-1.89 15.5925 0.4725 A4632E 0.45
-1.89 15.5925 0 A4632E 0.45
-1.89 15.5925 -0.4725 A4632E 0.45
-1.89 15.5925 -0.9449999 A4632E 0.45
-1.89 15.5925 -1.4175 A4632E 0.45
-2.3625 6.142499 1.4175 AC8963 0.45
-2.3625 6.142499 0.9449999 AC8963 0.45
-2.3625 6.142499 0.4725 AC8963 0.45
-2.3625 6.142499 0 AC8963 0.45
-2.3625 6.142499 -0.4725 AC8963 0.45
-2.3625 6.142499 -0.9449999 AC8963 0.45
-2.3625 6.142499 -1.4175 AC8963 0.45
-1.89 1.4175 0.4725 282828 0.45
-1.89 1.4175 0 282828 0.45
-1.89 1.4175 -0.4725 282828 0.45
-1.89 1.89 0.4725 282828 0.45
-1.89 1.89 0 282828 0.45
-1.89 1.89 -0.4725 282828 0.45
-1.89 2.3625 0.4725 282828 0.45
-1.89 2.3625 0 282828 0.45
-1.89 2.3625 -0.4725 282828 0.45
-1.89 3.78 0.4725 A88B6B 0.45
-1.89 3.78 0 A88B6B 0.45
-1.89 3.78 -0.4725 A88B6B 0.45
-1.89 4.2525 0.4725 A88B6B 0.45
-1.89 4.2525 0 A88B6B 0.45
-1.89 4.2525 -0.4725 A88B6B 0.45
-1.89 4.725 0.4725 A88B6B 0.45
-1.89 4.725 0 A88B6B 0.45
-1.89 4.725 -0.4725 A88B6B 0.45
-2.3625 5.1975 1.4175 A5866B 0.45
-2.3625 5.1975 0.9449999 A5866B 0.45
-2.3625 5.1975 0.4725 A5866B 0.45
-2.3625 5.1975 0 A5866B 0.45
-2.3625 5.1975 -0.4725 A5866B 0.45
-2.3625 5.1975 -0.9449999 A5866B 0.45
-2.3625 5.1975 -1.4175 A5866B 0.45
-2.3625 5.67 1.4175 A18668 0.45
-2.3625 5.67 0.9449999 A18668 0.45
-2.3625 5.67 0.4725 A18668 0.45
-2.3625 5.67 0 A18668 0.45
-2.3625 5.67 -0.4725 A18668 0.45
-2.3625 5.67 -0.9449999 A18668 0.45
-2.3625 5.67 -1.4175 A5866B 0.45
-2.3625 6.615 1.4175 BDA68C 0.45
-2.3625 6.615 -1.4175 C6AA94 0.45
-2.3625 7.0875 1.4175 C6AA8C 0.45
-2.3625 7.0875 -1.4175 C3AB91 0.45
-2.3625 7.559999 1.4175 C6AA8C 0.45
-2.3625 7.559999 -1.4175 C3AB91 0.45
-2.3625 8.0325 1.4175 C6AA8C 0.45
-2.3625 8.0325 -1.4175 C3AB91 0.45
-2.3625 8.504999 1.4175 C6AA8C 0.45
-2.3625 8.504999 -1.4175 C3AB91 0.45
-2.3625 8.9775 1.4175 C6AA8C 0.45
-2.3625 8.9775 -1.4175 C3AB91 0.45
-2.3625 9.45 1.4175 C6AA8C 0.45
-2.3625 9.45 -1.4175 C3AB91 0.45
-2.3625 9.9225 1.4175 C6AA8C 0.45
-2.3625 9.9225 -1.4175 C3AB91 0.45
-2.3625 10.395 1.4175 C6AA8C 0.45
-2.3625 10.395 -1.4175 C3AB91 0.45
-2.3625 10.8675 1.4175 C6AA8C 0.45
-2.3625 10.8675 -1.4175 C3AB91 0.45
-2.3625 11.34 1.4175 C6B29C 0.45
-2.3625 11.34 -1.4175 CAB29C 0.45
-2.3625 11.8125 1.4175 C8B29A 0.45
-2.3625 11.8125 0.9449999 C8B29A 0.45
-2.3625 11.8125 0.4725 C8B29A 0.45
-2.3625 11.8125 0 C8B29A 0.45
-2.3625 11.8125 -0.4725 C8B29A 0.45
-2.3625 11.8125 -0.9449999 C8B29A 0.45
-2.3625 11.8125 -1.4175 C8B29A 0.45
-1.89 12.285 1.4175 E7A68C 0.45
-1.89 12.285 0.9449999 E7A68C 0.45
-1.89 12.285 0.4725 E7A68C 0.45
-1.89 12.285 0 E7A68C 0.45
-1.89 12.285 -0.4725 E4A78E 0.45
-1.89 12.285 -0.9449999 E4A78E 0.45
-1.89 12.285 -1.4175 C18E7B 0.45
-1.89 12.7575 1.4175 905321 0.45
-1.89 12.7575 0.9449999 905321 0.45
-1.89 12.7575 0.4725 905321 0.45
-1.89 12.7575 0 905321 0.45
-1.89 12.7575 -0.4725 D8967E 0.45
-1.89 12.7575 -0.9449999 E4A78E 0.45
-1.89 12.7575 -1.4175 C18E7B 0.45
-1.89 13.23 1.4175 905321 0.45
-1.89 13.23 0.9449999 905321 0.45
-1.89 13.23 0.4725 905321 0.45
-1.89 13.23 0 905321 0.45
-1.89 13.23 -0.4725 D8967E 0.45
-1.89 13.23 -0.9449999 E7A68C 0.45
-1.89 13.23 -1.4175 E4A78E 0.45
-1.89 13.7025 1.4175 905321 0.45
-1.89 13.7025 0.9449999 905321 0.45
-1.89 13.7025 0.4725 905321 0.45
-1.89 13.7025 0 905321 0.45
-1.89 13.7025 -0.4725 D6967B 0.45
-1.89 13.7025 -0.9449999 905321 0.45
-1.89 13.7025 -1.4175 E4A78E 0.45
-1.89 14.175 1.4175 905321 0.45
-1.89 14.175 0.9449999 905321 0.45
-1.89 14.175 0.4725 905321 0.45
-1.89 14.175 0 905321 0.45
-1.89 14.175 -0.4725 905321 0.45
-1.89 14.175 -0.9449999 905321 0.45
-1.89 14.175 -1.4175 E7A68C 0.45
-1.89 14.6475 1.4175 905321 0.45
-1.89 14.6475 0.9449999 905321 0.45
-1.89 14.6475 0.4725 905321 0.45
-1.89 14.6475 0 905321 0.45
-1.89 14.6475 -0.4725 905321 0.45
-1.89 14.6475 -0.9449999 905321 0.45
-1.89 14.6475 -1.4175 E7A68C 0.45
-1.89 15.12 1.4175 905321 0.45
-1.89 15.12 0.9449999 905321 0.45
-1.89 15.12 0.4725 905321 0.45
-1.89 15.12 0 905321 0.45
-1.89 15.12 -0.4725 905321 0.45
-1.89 15.12 -0.9449999 905321 0.45
-1.89 15.12 -1.4175 905321 0.45
-2.3625 6.615 0.9449999 B59A7B 0.45
-2.3625 6.615 0.4725 B59A7B 0.45
-2.3625 6.615 0 B59A7B 0.45
-2.3625 6.615 -0.4725 B59A7B 0.45
-2.3625 6.615 -0.9449999 B59A7B 0.45
-2.3625 7.0875 0.9449999 B89A7B 0.45
-2.3625 7.0875 0.4725 B89A7B 0.45
-2.3625 7.0875 0 B89A7B 0.45
-2.3625 7.0875 -0.4725 B89A7B 0.45
-2.3625 7.0875 -0.9449999 B89A7B 0.45
-2.3625 7.559999 0.9449999 B89A7B 0.45
-2.3625 7.559999 0.4725 B89A7B 0.45
-2.3625 7.559999 0 B89A7B 0.45
-2.3625 7.559999 -0.4725 B89A7B 0.45
-2.3625 7.559999 -0.9449999 B89A7B 0.45
-2.3625 8.0325 0.9449999 B89A7B 0.45
-2.3625 8.0325 0.4725 B89A7B 0.45
-2.3625 8.0325 0 B89A7B 0.45
-2.3625 8.0325 -0.4725 B89A7B 0.45
-2.3625 8.0325 -0.9449999 B89A7B 0.45
-2.3625 8.504999 0.9449999 B89A7B 0.45
-2.3625 8.504999 0.4725 B89A7B 0.45
-2.3625 8.504999 0 B89A7B 0.45
-2.3625 8.504999 -0.4725 B89A7B 0.45
-2.3625 8.504999 -0.9449999 B89A7B 0.45
-2.3625 8.9775 0.9449999 B89A7B 0.45
-2.3625 8.9775 0.4725 B89A7B 0.45
-2.3625 8.9775 0 B89A7B 0.45
-2.3625 8.9775 -0.4725 B89A7B 0.45
-2.3625 8.9775 -0.9449999 B89A7B 0.45
-2.3625 9.45 0.9449999 B89A7B 0.45
-2.3625 9.45 0.4725 B89A7B 0.45
-2.3625 9.45 0 B89A7B 0.45
-2.3625 9.45 -0.4725 B89A7B 0.45
-2.3625 9.45 -0.9449999 B89A7B 0.45
-2.3625 9.9225 0.9449999 B89A7B 0.45
-2.3625 9.9225 0.4725 B89A7B 0.45
-2.3625 9.9225 0 B89A7B 0.45
-2.3625 9.9225 -0.4725 B89A7B 0.45
-2.3625 9.9225 -0.9449999 B89A7B 0.45
-2.835 10.395 0.9449999 B89A7B 0.45
-2.3625 10.395 0.9449999 B89A7B 0.45
-2.3625 10.395 0.4725 B89A7B 0.45
-2.3625 10.395 0 B89A7B 0.45
-2.3625 10.395 -0.4725 B89A7B 0.45
-2.3625 10.395 -0.9449999 B89A7B 0.45
-2.835 10.395 -0.9449999 B59A7B 0.45
-2.835 10.8675 0.9449999 B89A7B 0.45
-2.3625 10.8675 0.9449999 B89A7B 0.45
-2.3625 10.8675 0.4725 B89A7B 0.45
-5.67 10.8675 0.4725 B89A7B 0.45
-2.3625 10.8675 0 B89A7B 0.45
-5.67 10.8675 0 B89A7B 0.45
-2.3625 10.8675 -0.4725 B89A7B 0.45
-5.67 10.8675 -0.4725 B89A7B 0.45
-2.3625 10.8675 -0.9449999 B89A7B 0.45
-2.835 10.8675 -0.9449999 B89A7B 0.45
-2.835 11.34 0.9449999 B89A7B 0.45
-2.3625 11.34 0.9449999 C0A386 0.45
-2.3625 11.34 0.4725 C0A386 0.45
-5.67 11.34 0.4725 B89A7B 0.45
-2.3625 11.34 0 C0A386 0.45
-5.67 11.34 0 B89A7B 0.45
-2.3625 11.34 -0.4725 C0A386 0.45
-5.67 11.34 -0.4725 B89A7B 0.45
-2.3625 11.34 -0.9449999 C0A386 0.45
-2.835 11.34 -0.9449999 B89A7B 0.45
-2.835 11.8125 0.4725 C6AA94 0.45
-2.835 11.8125 0 C6AA94 0.45
-2.835 11.8125 -0.4725 C6AA94 0.45
-3.3075 10.395 0.4725 AC8963 0.45
-3.3075 10.395 0 AC8963 0.45
-3.3075 10.395 -0.4725 AC8963 0.45
-3.3075 10.395 0.9449999 B89A7B 0.45
-3.3075 10.395 -0.9449999 B59A7B 0.45
-3.3075 10.8675 0.9449999 B89A7B 0.45
-3.3075 10.8675 -0.9449999 B89A7B 0.45
-3.3075 11.34 0.9449999 B89A7B 0.45
-3.3075 11.34 -0.9449999 B89A7B 0.45
-3.3075 11.8125 0.4725 AD8A4A 0.45
-3.3075 11.8125 0 A47D33 0.45
-3.3075 11.8125 -0.4725 A58642 0.45
-3.78 10.395 0.4725 AC8963 0.45
-3.78 10.395 0 AC8963 0.45
-3.78 10.395 -0.4725 AC8963 0.45
-3.78 10.395 0.9449999 B89A7B 0.45
-3.78 10.395 -0.9449999 B59A7B 0.45
-3.78 10.8675 0.9449999 B89A7B 0.45
-3.78 10.8675 -0.9449999 B89A7B 0.45
-3.78 11.34 0.9449999 B89A7B 0.45
-3.78 11.34 -0.9449999 B89A7B 0.45
-3.78 11.8125 0.4725 AD8A4A 0.45
-3.78 11.8125 0 A47D33 0.45
-3.78 11.8125 -0.4725 AD8642 0.45
-4.2525 10.395 0.4725 AC8963 0.45
-4.2525 10.395 0 AC8963 0.45
-4.2525 10.395 -0.4725 AC8963 0.45
-4.2525 10.395 0.9449999 B89A7B 0.45
-4.2525 10.395 -0.9449999 B59A7B 0.45
-4.2525 10.8675 0.9449999 B89A7B 0.45
-4.2525 10.8675 -0.9449999 B89A7B 0.45
-4.2525 11.34 0.9449999 B89A7B 0.45
-4.2525 11.34 -0.9449999 B89A7B 0.45
-4.2525 11.8125 0.4725 C3AB91 0.45
-4.2525 11.8125 0 C3AB91 0.45
-4.2525 11.8125 -0.4725 C3AB91 0.45
-4.725 10.395 0.4725 AC8963 0.45
-4.725 10.395 0 AC8963 0.45
-4.725 10.395 -0.4725 AC8963 0.45
-4.725 10.395 0.9449999 B89A7B 0.45
-4.725 10.395 -0.9449999 B59A7B 0.45
-4.725 10.8675 0.9449999 B89A7B 0.45
-4.725 10.8675 -0.9449999 B89A7B 0.45
-4.725 11.34 0.9449999 B89A7B 0.45
-4.725 11.34 -0.9449999 B89A7B 0.45
-4.725 11.8125 0.4725 C3AB91 0.45
-4.725 11.8125 0 C3AB91 0.45
-4.725 11.8125 -0.4725 C3AB91 0.45
-5.1975 10.395 0.4725 AC8963 0.45
-5.1975 10.395 0 AC8963 0.45
-5.1975 10.395 -0.4725 AC8963 0.45
-5.1975 10.395 0.9449999 B89A7B 0.45
-5.1975 10.395 -0.9449999 B59A7B 0.45
-5.1975 10.8675 0.9449999 B89A7B 0.45
-5.1975 10.8675 -0.9449999 B89A7B 0.45
-5.1975 11.34 0.9449999 B89A7B 0.45
-5.1975 11.34 -0.9449999 B89A7B 0.45
-5.1975 11.8125 0.4725 C3AB91 0.45
-5.1975 11.8125 0 C3AB91 0.45
-5.1975 11.8125 -0.4725 C3AB91 0.45
-5.67 10.395 0.4725 AC8963 0.45
-5.67 10.395 0 AC8963 0.45
-5.67 10.395 -0.4725 AC8963 0.45
-5.67 10.395 0.9449999 B89A7B 0.45
-5.67 10.395 -0.9449999 B59A7B 0.45
-5.67 10.8675 0.9449999 B89A7B 0.45
-8.504999 10.8675 0.4725 FFCCAD 0.45
-8.504999 10.8675 0 D8967E 0.45
-8.504999 10.8675 -0.4725 FFCCAD 0.45
-5.67 10.8675 -0.9449999 B89A7B 0.45
-5.67 11.34 0.9449999 B89A7B 0.45
-8.504999 11.34 0.4725 FFCCAD 0.45
-8.504999 11.34 0 D8967E 0.45
-8.504999 11.34 -0.4725 FFCCAD 0.45
-5.67 11.34 -0.9449999 B89A7B 0.45
-5.67 11.8125 0.4725 C3AB91 0.45
-5.67 11.8125 0 C3AB91 0.45
-5.67 11.8125 -0.4725 C3AB91 0.45
-6.142499 10.395 0.4725 AC8963 0.45
-6.142499 10.395 0 AC8963 0.45
-6.142499 10.395 -0.4725 AC8963 0.45
-6.142499 10.8675 0.9449999 B89A7B 0.45
-6.142499 10.8675 -0.9449999 B89A7B 0.45
-6.142499 11.34 0.9449999 B89A7B 0.45
-6.142499 11.34 -0.9449999 B89A7B 0.45
-6.142499 11.8125 0.4725 C3AB91 0.45
-6.142499 11.8125 0 C3AB91 0.45
-6.142499 11.8125 -0.4725 C3AB91 0.45
-6.615 10.395 0.4725 AC8963 0.45
-6.615 10.395 0 AC8963 0.45
-6.615 10.395 -0.4725 AC8963 0.45
-6.615 10.8675 0.9449999 B89A7B 0.45
-6.615 10.8675 -0.9449999 B89A7B 0.45
-6.615 11.34 0.9449999 B89A7B 0.45
-6.615 11.34 -0.9449999 B89A7B 0.45
-6.615 11.8125 0.4725 C3AB91 0.45
-6.615 11.8125 0 C3AB91 0.45
-6.615 11.8125 -0.4725 C3AB91 0.45
-7.0875 10.395 0.4725 AC8963 0.45
-7.0875 10.395 0 AC8963 0.45
-7.0875 10.395 -0.4725 AC8963 0.45
-7.0875 10.8675 0.9449999 B89A7B 0.45
-7.0875 10.8675 -0.9449999 B89A7B 0.45
-7.0875 11.34 0.9449999 B89A7B 0.45
-7.0875 11.34 -0.9449999 B89A7B 0.45
-7.0875 11.8125 0.4725 C3AB91 0.45
-7.0875 11.8125 0 C3AB91 0.45
-7.0875 11.8125 -0.4725 C3AB91 0.45
-7.559999 10.395 0.4725 AC8963 0.45
-7.559999 10.395 0 AC8963 0.45
-7.559999 10.395 -0.4725 AC8963 0.45
-7.559999 10.8675 0.9449999 B89A7B 0.45
-7.559999 10.8675 -0.9449999 B89A7B 0.45
-7.559999 11.34 0.9449999 B89A7B 0.45
-7.559999 11.34 -0.9449999 B89A7B 0.45
-7.559999 11.8125 0.4725 C3AB91 0.45
-7.559999 11.8125 0 C3AB91 0.45
-7.559999 11.8125 -0.4725 C3AB91 0.45
-8.0325 10.395 0.4725 AD8A63 0.45
-8.0325 10.395 0 AD8A63 0.45
-8.0325 10.395 -0.4725 AD8A63 0.45
-8.0325 10.8675 0.9449999 B59A7B 0.45
-8.0325 10.8675 -0.9449999 B59A7B 0.45
-8.0325 11.34 0.9449999 B59A7B 0.45
-8.0325 11.34 -0.9449999 B59A7B 0.45
-8.0325 11.8125 0.4725 C6AA94 0.45
-8.0325 11.8125 0 C6AA94 0.45
-8.0325 11.8125 -0.4725 C6AA94 0.45
-8.504999 10.395 0.4725 DEC8B5 0.45
-8.504999 10.395 0 DEC8B5 0.45
-8.504999 10.395 -0.4725 DEC8B5 0.45
-8.504999 10.8675 0.9449999 E1D0C0 0.45
-8.504999 10.8675 -0.9449999 E1D0C0 0.45
-8.504999 11.34 0.9449999 E1D0C0 0.45
-8.504999 11.34 -0.9449999 E1D0C0 0.45
-8.504999 11.8125 0.4725 E7D8CB 0.45
-8.504999 11.8125 0 E7D8CB 0.45
-8.504999 11.8125 -0.4725 E7D8CB 0.45
-8.9775 10.395 0.4725 CE9073 0.45
-8.9775 10.395 0 CE9073 0.45
-8.9775 10.395 -0.4725 CE9073 0.45
-8.9775 10.8675 0.4725 FFCCAD 0.45
-8.9775 10.8675 -0.4725 FFCCAD 0.45
-8.9775 11.34 0.4725 FFCCAD 0.45
-8.9775 11.34 -0.4725 FFCCAD 0.45
-8.9775 11.8125 0.4725 ECAF97 0.45
-8.9775 11.8125 0 ECAF97 0.45
-8.9775 11.8125 -0.4725 ECAF97 0.45
-9.45 10.395 0.4725 CE9073 0.45
-9.45 10.395 0 CE9073 0.45
-9.45 10.395 -0.4725 CE9073 0.45
-9.45 10.8675 0.4725 FFCCAD 0.45
-9.45 10.8675 -0.4725 FFCCAD 0.45
-9.45 11.34 0.4725 FFCCAD 0.45
-9.45 11.34 -0.4725 FFCCAD 0.45
-9.45 11.8125 0.4725 EFAE94 0.45
-9.45 11.8125 0 EFAE94 0.45
-9.45 11.8125 -0.4725 EFAE94 0.45
-9.45 10.8675 0 D8967E 0.45
-9.45 11.34 0 D8967E 0.45
