-9.24 0.15 -3.465 70695A 0.55
-9.24 0.15 -2.8875 70695A 0.55
-9.24 0.15 -2.31 70695A 0.55
-9.24 0.15 -1.7325 70695A 0.55
-9.24 0.15 -1.155 70695A 0.55
-9.24 0.15 -0.5775 70695A 0.55
-9.24 0.15 0 70695A 0.55
-9.24 0.15 0.5775 70695A 0.55
-9.24 0.15 1.155 70695A 0.55
-9.24 0.15 1.7325 70695A 0.55
-9.24 0.15 2.31 70695A 0.55
-9.24 0.15 2.8875 70695A 0.55
-9.24 0.15 3.465 70695A 0.55
-9.24 0.7275 -3.465 70695A 0.55
-9.24 0.7275 -2.8875 70695A 0.55
-9.24 0.7275 -2.31 70695A 0.55
-9.24 0.7275 -1.7325 70695A 0.55
-9.24 0.7275 -1.155 70695A 0.55
-9.24 0.7275 -0.5775 70695A 0.55
-9.24 0.7275 0 70695A 0.55
-9.24 0.7275 0.5775 70695A 0.55
-9.24 0.7275 1.155 70695A 0.55
-9.24 0.7275 1.7325 70695A 0.55
-9.24 0.7275 2.31 70695A 0.55
-9.24 0.7275 2.8875 70695A 0.55
-9.24 0.7275 3.465 70695A 0.55
-9.24 1.305 -3.465 70695A 0.55
-9.24 1.305 -2.8875 70695A 0.55
-9.24 1.305 -2.31 70695A 0.55
-9.24 1.305 -1.7325 70695A 0.55
-9.24 1.305 -1.155 70695A 0.55
-9.24 1.305 -0.5775 70695A 0.55
-9.24 1.305 0 70695A 0.55
-9.24 1.305 0.5775 70695A 0.55
-9.24 1.305 1.155 70695A 0.55
-9.24 1.305 1.7325 70695A 0.55
-9.24 1.305 2.31 70695A 0.55
-9.24 1.305 2.8875 70695A 0.55
-9.24 1.305 3.465 70695A 0.55
-9.24 1.8825 -3.465 70695A 0.55
-9.24 1.8825 -2.8875 70695A 0.55
-9.24 1.8825 -2.31 70695A 0.55
-9.24 1.8825 -1.7325 70695A 0.55
-9.24 1.8825 -1.155 70695A 0.55
-9.24 1.8825 -0.5775 70695A 0.55
-9.24 1.8825 0 70695A 0.55
-9.24 1.8825 0.5775 70695A 0.55
-9.24 1.8825 1.155 70695A 0.55
-9.24 1.8825 1.7325 70695A 0.55
-9.24 1.8825 2.31 70695A 0.55
-9.24 1.8825 2.8875 70695A 0.55
-9.24 1.8825 3.465 70695A 0.55
-9.24 2.46 -3.465 70695A 0.55
-9.24 2.46 -2.8875 70695A 0.55
-9.24 2.46 -2.31 70695A 0.55
-9.24 2.46 -1.7325 70695A 0.55
-9.24 2.46 -1.155 70695A 0.55
-9.24 2.46 -0.5775 70695A 0.55
-9.24 2.46 0 70695A 0.55
-9.24 2.46 0.5775 70695A 0.55
-9.24 2.46 1.155 70695A 0.55
-9.24 2.46 1.7325 70695A 0.55
-9.24 2.46 2.31 70695A 0.55
-9.24 2.46 2.8875 70695A 0.55
-9.24 2.46 3.465 70695A 0.55
-9.24 3.0375 -3.465 70695A 0.55
-9.24 3.0375 -2.8875 70695A 0.55
-9.24 3.0375 -2.31 70695A 0.55
-9.24 3.0375 -1.7325 70695A 0.55
-9.24 3.0375 -1.155 70695A 0.55
-9.24 3.0375 -0.5775 70695A 0.55
-9.24 3.0375 0 70695A 0.55
-9.24 3.0375 0.5775 70695A 0.55
-9.24 3.0375 1.155 70695A 0.55
-9.24 3.0375 1.7325 70695A 0.55
-9.24 3.0375 2.31 70695A 0.55
-9.24 3.0375 2.8875 70695A 0.55
-9.24 3.0375 3.465 70695A 0.55
-9.24 3.615 -3.465 60594A 0.55
-9.24 3.615 -2.8875 60594A 0.55
-9.24 3.615 -2.31 60594A 0.55
-9.24 3.615 -1.7325 60594A 0.55
-9.24 3.615 -1.155 60594A 0.55
-9.24 3.615 -0.5775 60594A 0.55
-9.24 3.615 0 60594A 0.55
-9.24 3.615 0.5775 60594A 0.55
-9.24 3.615 1.155 60594A 0.55
-9.24 3.615 1.7325 60594A 0.55
-9.24 3.615 2.31 60594A 0.55
-9.24 3.615 2.8875 60594A 0.55
-9.24 3.615 3.465 60594A 0.55
-9.24 4.1925 -3.465 70695A 0.55
-9.24 4.1925 -2.8875 70695A 0.55
-9.24 4.1925 -2.31 70695A 0.55
-9.24 4.1925 -1.7325 70695A 0.55
-9.24 4.1925 -1.155 70695A 0.55
-9.24 4.1925 -0.5775 70695A 0.55
-9.24 4.1925 0 70695A 0.55
-9.24 4.1925 0.5775 70695A 0.55
-9.24 4.1925 1.155 70695A 0.55
-9.24 4.1925 1.7325 70695A 0.55
-9.24 4.1925 2.31 70695A 0.55
-9.24 4.1925 2.8875 70695A 0.55
-9.24 4.1925 3.465 70695A 0.55
-9.8175 4.77 -3.465 623F36 0.55
-9.8175 4.77 -2.8875 623F36 0.55
-9.8175 4.77 -2.31 623F36 0.55
-9.8175 4.77 -1.7325 623F36 0.55
-9.8175 4.77 -1.155 623F36 0.55
-9.8175 4.77 -0.5775 623F36 0.55
-9.8175 4.77 0 623F36 0.55
-9.8175 4.77 0.5775 623F36 0.55
-9.8175 4.77 1.155 623F36 0.55
-9.8175 4.77 1.7325 623F36 0.55
-9.8175 4.77 2.31 623F36 0.55
-9.8175 4.77 2.8875 623F36 0.55
-9.8175 4.77 3.465 623F36 0.55
-9.24 5.3475 -3.465 948365 0.55
-9.24 5.3475 -2.8875 948365 0.55
-8.6625 5.3475 -2.31 252829 0.55
-9.24 5.3475 -1.7325 446947 0.55
-9.24 5.3475 -1.155 446947 0.55
-9.24 5.3475 -0.5775 948365 0.55
-9.24 5.3475 0 948365 0.55
-9.24 5.3475 0.5775 948365 0.55
-9.24 5.3475 1.155 446947 0.55
-9.24 5.3475 1.7325 446947 0.55
-9.24 5.3475 2.31 446947 0.55
-9.24 5.3475 2.8875 948365 0.55
-9.24 5.3475 3.465 948365 0.55
-9.24 5.925 -3.465 948365 0.55
-9.24 5.925 -2.8875 948365 0.55
-9.24 5.925 -2.31 446947 0.55
-9.24 5.925 -1.7325 446947 0.55
-9.24 5.925 -1.155 446947 0.55
-9.24 5.925 -0.5775 948365 0.55
-9.24 5.925 0 948365 0.55
-9.24 5.925 0.5775 948365 0.55
-9.24 5.925 1.155 446947 0.55
-9.24 5.925 1.7325 446947 0.55
-9.24 5.925 2.31 446947 0.55
-9.24 5.925 2.8875 948365 0.55
-9.24 5.925 3.465 948365 0.55
-9.24 6.502501 -3.465 948365 0.55
-9.24 6.502501 -2.8875 948365 0.55
-8.6625 6.502501 -2.31 252829 0.55
-8.6625 6.502501 -1.7325 252829 0.55
-8.6625 6.502501 -1.155 252829 0.55
-9.24 6.502501 -0.5775 948365 0.55
-9.24 6.502501 0 948365 0.55
-9.24 6.502501 0.5775 948365 0.55
-8.6625 6.502501 1.155 252829 0.55
-8.6625 6.502501 1.7325 252829 0.55
-8.6625 6.502501 2.31 252829 0.55
-9.24 6.502501 2.8875 948365 0.55
-9.24 6.502501 3.465 948365 0.55
-9.24 7.08 -3.465 948365 0.55
-9.24 7.08 -2.8875 948365 0.55
-9.24 7.08 -2.31 948365 0.55
-9.24 7.08 -1.7325 948365 0.55
-9.24 7.08 -1.155 948365 0.55
-9.24 7.08 -0.5775 948365 0.55
-9.24 7.08 0 948365 0.55
-9.24 7.08 0.5775 948365 0.55
-9.24 7.08 1.155 948365 0.55
-9.24 7.08 1.7325 948365 0.55
-9.24 7.08 2.31 948365 0.55
-9.24 7.08 2.8875 948365 0.55
-9.24 7.08 3.465 948365 0.55
-10.395 7.6575 -3.465 623F36 0.55
-10.395 7.6575 -2.8875 623F36 0.55
-9.24 7.6575 -2.31 948365 0.55
-9.24 7.6575 -1.7325 948365 0.55
-9.24 7.6575 -1.155 948365 0.55
-9.24 7.6575 -0.5775 948365 0.55
-9.24 7.6575 0 948365 0.55
-9.24 7.6575 0.5775 948365 0.55
-9.24 7.6575 1.155 948365 0.55
-9.24 7.6575 1.7325 948365 0.55
-9.24 7.6575 2.31 948365 0.55
-10.395 7.6575 2.8875 623F36 0.55
-10.395 7.6575 3.465 623F36 0.55
-2.31 8.235 -3.465 37553C 0.55
-9.8175 8.235 -2.8875 446947 0.55
-9.24 8.235 -2.31 948365 0.55
-9.24 8.235 -1.7325 948365 0.55
-9.24 8.235 -1.155 948365 0.55
-9.24 8.235 -0.5775 948365 0.55
-9.24 8.235 0 948365 0.55
-9.24 8.235 0.5775 948365 0.55
-9.24 8.235 1.155 948365 0.55
-9.24 8.235 1.7325 948365 0.55
-9.24 8.235 2.31 948365 0.55
-9.8175 8.235 2.8875 446947 0.55
-2.31 8.235 3.465 37553C 0.55
-0.5775 8.8125 -3.465 916D5F 0.55
-2.31 8.8125 -2.8875 37553C 0.55
-9.24 8.8125 -2.31 948365 0.55
-9.24 8.8125 -1.7325 948365 0.55
-9.24 8.8125 -1.155 948365 0.55
-9.24 8.8125 -0.5775 948365 0.55
-9.24 8.8125 0 948365 0.55
-9.24 8.8125 0.5775 948365 0.55
-9.24 8.8125 1.155 948365 0.55
-9.24 8.8125 1.7325 948365 0.55
-9.24 8.8125 2.31 948365 0.55
-2.31 8.8125 2.8875 37553C 0.55
-0.5775 8.8125 3.465 916D5F 0.55
-8.085 9.389999 -2.8875 446947 0.55
-9.8175 9.389999 -2.31 446947 0.55
-9.24 9.389999 -1.7325 948365 0.55
-9.24 9.389999 -1.155 948365 0.55
-9.24 9.389999 -0.5775 948365 0.55
-9.24 9.389999 0 948365 0.55
-9.24 9.389999 0.5775 948365 0.55
-9.24 9.389999 1.155 948365 0.55
-9.24 9.389999 1.7325 948365 0.55
-9.8175 9.389999 2.31 446947 0.55
-8.085 9.389999 2.8875 446947 0.55
-8.085 9.9675 -2.31 446947 0.55
-9.8175 9.9675 -1.7325 446947 0.55
-9.24 9.9675 -1.155 948365 0.55
-9.24 9.9675 -0.5775 948365 0.55
-9.24 9.9675 0 948365 0.55
-9.24 9.9675 0.5775 948365 0.55
-9.24 9.9675 1.155 948365 0.55
-9.8175 9.9675 1.7325 446947 0.55
-8.085 9.9675 2.31 446947 0.55
-8.085 10.545 -2.31 446947 0.55
-8.085 10.545 -1.7325 446947 0.55
-9.24 10.545 -1.155 948365 0.55
-9.24 10.545 -0.5775 948365 0.55
-9.24 10.545 0 948365 0.55
-9.24 10.545 0.5775 948365 0.55
-9.24 10.545 1.155 948365 0.55
-8.085 10.545 1.7325 446947 0.55
-8.085 10.545 2.31 446947 0.55
-8.085 11.1225 -2.31 446947 0.55
-8.085 11.1225 -1.7325 446947 0.55
-9.8175 11.1225 -1.155 446947 0.55
-9.24 11.1225 -0.5775 948365 0.55
-9.24 11.1225 0 948365 0.55
-9.24 11.1225 0.5775 948365 0.55
-9.8175 11.1225 1.155 446947 0.55
-8.085 11.1225 1.7325 446947 0.55
-8.085 11.1225 2.31 446947 0.55
-2.31 11.7 -1.155 37553C 0.55
-9.24 11.7 -0.5775 948365 0.55
-9.24 11.7 0 948365 0.55
-9.24 11.7 0.5775 948365 0.55
-2.31 11.7 1.155 37553C 0.55
-6.3525 12.2775 -0.5775 948365 0.55
-9.24 12.2775 0 948365 0.55
-6.3525 12.2775 0.5775 948365 0.55
-6.3525 12.855 -0.5775 948365 0.55
-10.395 12.855 0 623F36 0.55
-6.3525 12.855 0.5775 948365 0.55
-6.3525 13.4325 0 446947 0.55
-6.3525 14.01 0 252829 0.55
-6.3525 14.5875 0 623F36 0.55
-6.3525 15.165 0 446947 0.55
-5.775 15.7425 0 523226 0.55
-9.8175 7.6575 -3.465 523326 0.55
-9.8175 7.6575 -2.8875 523326 0.55
-9.8175 8.8125 -2.31 314A33 0.55
-9.8175 10.545 -1.155 314A33 0.55
-9.8175 11.7 -0.5775 314A33 0.55
-9.8175 12.2775 0 314A33 0.55
-9.8175 11.7 0.5775 314A33 0.55
-9.8175 10.545 1.155 314A33 0.55
-9.8175 8.8125 2.31 314A33 0.55
-9.8175 7.6575 2.8875 523326 0.55
-9.8175 7.6575 3.465 523326 0.55
1.7325 7.6575 -3.465 817054 0.55
-9.24 7.6575 -2.8875 948365 0.55
-9.24 7.6575 2.8875 948365 0.55
1.7325 7.6575 3.465 817054 0.55
-1.7325 8.235 -2.8875 916D5F 0.55
-1.7325 8.235 2.8875 916D5F 0.55
-9.8175 8.8125 -2.8875 4D7352 0.55
-9.8175 8.8125 2.8875 4D7352 0.55
-8.085 9.389999 -2.31 446947 0.55
-8.085 9.389999 2.31 446947 0.55
-9.8175 10.545 -1.7325 4D7352 0.55
-9.8175 10.545 1.7325 4D7352 0.55
-8.085 11.1225 -1.155 446947 0.55
-8.085 11.1225 1.155 446947 0.55
-9.8175 12.2775 -0.5775 4D7352 0.55
-9.8175 12.2775 0.5775 4D7352 0.55
-9.8175 12.855 0 916D5F 0.55
-6.93 12.855 0 948365 0.55
2.31 0.15 -3.465 70695A 0.55
2.31 0.15 -2.8875 70695A 0.55
2.31 0.15 -2.31 70695A 0.55
2.31 0.15 -1.7325 70695A 0.55
2.31 0.15 -1.155 70695A 0.55
2.31 0.15 -0.5775 70695A 0.55
2.31 0.15 0 70695A 0.55
2.31 0.15 0.5775 70695A 0.55
2.31 0.15 1.155 70695A 0.55
2.31 0.15 1.7325 70695A 0.55
2.31 0.15 2.31 70695A 0.55
2.31 0.15 2.8875 70695A 0.55
2.31 0.15 3.465 70695A 0.55
2.31 0.7275 -3.465 70695A 0.55
2.31 0.7275 -2.8875 70695A 0.55
2.31 0.7275 -2.31 70695A 0.55
2.31 0.7275 -1.7325 70695A 0.55
2.31 0.7275 -1.155 70695A 0.55
2.31 0.7275 -0.5775 70695A 0.55
2.31 0.7275 0 70695A 0.55
2.31 0.7275 0.5775 70695A 0.55
2.31 0.7275 1.155 70695A 0.55
2.31 0.7275 1.7325 70695A 0.55
2.31 0.7275 2.31 70695A 0.55
2.31 0.7275 2.8875 70695A 0.55
2.31 0.7275 3.465 70695A 0.55
2.31 1.305 -3.465 70695A 0.55
2.31 1.305 -2.8875 70695A 0.55
2.31 1.305 -2.31 70695A 0.55
2.31 1.305 -1.7325 70695A 0.55
2.31 1.305 -1.155 70695A 0.55
2.31 1.305 -0.5775 70695A 0.55
2.31 1.305 0 70695A 0.55
2.31 1.305 0.5775 70695A 0.55
2.31 1.305 1.155 70695A 0.55
2.31 1.305 1.7325 70695A 0.55
2.31 1.305 2.31 70695A 0.55
2.31 1.305 2.8875 70695A 0.55
2.31 1.305 3.465 70695A 0.55
2.31 1.8825 -3.465 70695A 0.55
2.31 1.8825 -2.8875 70695A 0.55
2.31 1.8825 -2.31 70695A 0.55
2.31 1.8825 -1.7325 70695A 0.55
2.31 1.8825 -1.155 70695A 0.55
2.31 1.8825 -0.5775 70695A 0.55
2.31 1.8825 0 70695A 0.55
2.31 1.8825 0.5775 70695A 0.55
2.31 1.8825 1.155 70695A 0.55
2.31 1.8825 1.7325 70695A 0.55
2.31 1.8825 2.31 70695A 0.55
2.31 1.8825 2.8875 70695A 0.55
2.31 1.8825 3.465 70695A 0.55
2.31 2.46 -3.465 70695A 0.55
2.31 2.46 -2.8875 70695A 0.55
2.31 2.46 -2.31 70695A 0.55
2.31 2.46 -1.7325 70695A 0.55
2.31 2.46 -1.155 70695A 0.55
2.31 2.46 -0.5775 70695A 0.55
2.31 2.46 0 70695A 0.55
2.31 2.46 0.5775 70695A 0.55
2.31 2.46 1.155 70695A 0.55
2.31 2.46 1.7325 70695A 0.55
2.31 2.46 2.31 70695A 0.55
2.31 2.46 2.8875 70695A 0.55
2.31 2.46 3.465 70695A 0.55
2.31 3.0375 -3.465 70695A 0.55
2.31 3.0375 -2.8875 70695A 0.55
2.31 3.0375 -2.31 70695A 0.55
2.31 3.0375 -1.7325 70695A 0.55
2.31 3.0375 -1.155 70695A 0.55
2.31 3.0375 -0.5775 70695A 0.55
2.31 3.0375 0 70695A 0.55
2.31 3.0375 0.5775 70695A 0.55
2.31 3.0375 1.155 70695A 0.55
2.31 3.0375 1.7325 70695A 0.55
2.31 3.0375 2.31 70695A 0.55
2.31 3.0375 2.8875 70695A 0.55
2.31 3.0375 3.465 70695A 0.55
-9.24 7.6575 -3.465 523326 0.55
2.31 4.1925 -3.465 70695A 0.55
2.31 4.1925 -2.8875 70695A 0.55
2.31 4.1925 -2.31 70695A 0.55
2.31 4.1925 -1.7325 70695A 0.55
2.31 4.1925 -1.155 70695A 0.55
2.31 4.1925 -0.5775 70695A 0.55
2.31 4.1925 0 70695A 0.55
2.31 4.1925 0.5775 70695A 0.55
2.31 4.1925 1.155 70695A 0.55
2.31 4.1925 1.7325 70695A 0.55
2.31 4.1925 2.31 70695A 0.55
2.31 4.1925 2.8875 70695A 0.55
-9.24 7.6575 3.465 523326 0.55
2.31 4.1925 3.465 70695A 0.55
-9.24 4.77 -4.0425 705144 0.55
1.7325 4.77 -3.465 623F36 0.55
1.7325 4.77 -2.8875 623F36 0.55
1.7325 4.77 -2.31 623F36 0.55
1.7325 4.77 -1.7325 623F36 0.55
1.7325 4.77 -1.155 623F36 0.55
1.7325 4.77 -0.5775 623F36 0.55
1.7325 4.77 0 623F36 0.55
1.7325 4.77 0.5775 623F36 0.55
1.7325 4.77 1.155 623F36 0.55
1.7325 4.77 1.7325 623F36 0.55
1.7325 4.77 2.31 623F36 0.55
1.7325 4.77 2.8875 623F36 0.55
1.7325 4.77 3.465 623F36 0.55
-9.24 4.77 4.0425 705144 0.55
-9.24 4.77 -3.465 916D5F 0.55
-9.24 4.77 -2.8875 916D5F 0.55
-9.24 4.77 -2.31 916D5F 0.55
-9.24 4.77 -1.7325 916D5F 0.55
-9.24 4.77 -1.155 916D5F 0.55
-9.24 4.77 -0.5775 916D5F 0.55
-9.24 4.77 0 916D5F 0.55
-9.24 4.77 0.5775 916D5F 0.55
-9.24 4.77 1.155 916D5F 0.55
-9.24 4.77 1.7325 916D5F 0.55
-9.24 4.77 2.31 916D5F 0.55
-9.24 4.77 2.8875 916D5F 0.55
-9.24 4.77 3.465 916D5F 0.55
-9.24 8.235 -2.8875 314A33 0.55
-9.24 9.9675 -1.7325 314A33 0.55
-9.24 9.9675 1.7325 314A33 0.55
-9.24 8.235 2.8875 314A33 0.55
-9.24 8.8125 -2.8875 4D7352 0.55
-9.24 8.8125 2.8875 4D7352 0.55
-9.24 9.389999 -2.31 4D7352 0.55
-9.24 9.389999 2.31 314A33 0.55
-9.24 10.545 -1.7325 4D7352 0.55
-9.24 10.545 1.7325 4D7352 0.55
-9.24 11.1225 -1.155 4D7352 0.55
-9.24 11.1225 1.155 314A33 0.55
-9.24 12.2775 -0.5775 4D7352 0.55
-9.24 12.2775 0.5775 4D7352 0.55
-9.24 12.855 0 916D5F 0.55
-8.6625 4.1925 -3.465 342015 0.55
-8.6625 4.1925 -2.8875 342015 0.55
-8.6625 4.1925 -2.31 342015 0.55
-8.6625 4.1925 -1.7325 342015 0.55
-8.6625 4.1925 -1.155 342015 0.55
-8.6625 4.1925 -0.5775 342015 0.55
-8.6625 4.1925 0 342015 0.55
-8.6625 4.1925 0.5775 342015 0.55
-8.6625 4.1925 1.155 342015 0.55
-8.6625 4.1925 1.7325 342015 0.55
-8.6625 4.1925 2.31 342015 0.55
-8.6625 4.1925 2.8875 342015 0.55
-8.6625 4.1925 3.465 342015 0.55
-8.6625 0.15 -3.465 83796B 0.55
-8.6625 0.15 3.465 83796B 0.55
-8.6625 0.7275 -3.465 83796B 0.55
-8.6625 0.7275 3.465 83796B 0.55
-8.6625 1.305 -3.465 83796B 0.55
-8.6625 1.305 3.465 83796B 0.55
-8.6625 1.8825 -3.465 83796B 0.55
-8.6625 1.8825 3.465 83796B 0.55
-8.6625 2.46 -3.465 83796B 0.55
-8.6625 2.46 3.465 83796B 0.55
-8.6625 3.0375 -3.465 83796B 0.55
-8.6625 3.0375 3.465 83796B 0.55
-8.6625 3.615 -3.465 70695A 0.55
2.31 3.615 -3.465 60594A 0.55
2.31 3.615 -2.8875 60594A 0.55
2.31 3.615 -2.31 60594A 0.55
2.31 3.615 -1.7325 60594A 0.55
2.31 3.615 -1.155 60594A 0.55
2.31 3.615 -0.5775 60594A 0.55
2.31 3.615 0 60594A 0.55
2.31 3.615 0.5775 60594A 0.55
2.31 3.615 1.155 60594A 0.55
2.31 3.615 1.7325 60594A 0.55
2.31 3.615 2.31 60594A 0.55
2.31 3.615 2.8875 60594A 0.55
2.31 3.615 3.465 60594A 0.55
-8.6625 3.615 3.465 70695A 0.55
-8.6625 4.77 -4.0425 705144 0.55
-8.6625 7.08 -3.465 705E44 0.55
-8.6625 4.77 -3.465 705144 0.55
-8.6625 7.6575 -2.8875 523326 0.55
-8.6625 4.77 -2.8875 705144 0.55
-8.6625 4.77 -2.31 705144 0.55
-8.6625 4.77 -1.7325 705144 0.55
-8.6625 4.77 -1.155 705144 0.55
-8.6625 4.77 -0.5775 705144 0.55
-8.6625 12.855 0 523326 0.55
-8.6625 4.77 0 705144 0.55
-8.6625 4.77 0.5775 705144 0.55
-8.6625 4.77 1.155 705144 0.55
-8.6625 4.77 1.7325 705144 0.55
-8.6625 4.77 2.31 705144 0.55
-8.6625 7.6575 2.8875 523326 0.55
-8.6625 4.77 2.8875 705144 0.55
-8.6625 7.08 3.465 705E44 0.55
-8.6625 4.77 3.465 705144 0.55
-8.6625 4.77 4.0425 705144 0.55
-8.6625 5.3475 -2.8875 252829 0.55
-8.6625 5.3475 -3.465 B7AB96 0.55
-6.93 5.3475 -3.465 948365 0.55
-5.1975 5.3475 -2.8875 817054 0.55
-5.1975 5.3475 -2.31 817054 0.55
2.31 5.3475 -1.7325 948365 0.55
2.31 5.3475 -1.155 948365 0.55
2.31 5.3475 -0.5775 948365 0.55
2.31 5.3475 0 948365 0.55
2.31 5.3475 0.5775 948365 0.55
2.31 5.3475 1.155 948365 0.55
2.31 5.3475 1.7325 948365 0.55
-5.1975 5.3475 2.31 817054 0.55
-5.1975 5.3475 2.8875 817054 0.55
-8.6625 5.3475 3.465 B7AB96 0.55
-6.93 5.3475 3.465 948365 0.55
-8.6625 5.3475 2.8875 252829 0.55
-8.6625 5.925 -3.465 446947 0.55
-6.93 5.925 -3.465 948365 0.55
-5.775 5.925 -2.8875 737910 0.55
-5.1975 5.925 -2.31 817054 0.55
-5.1975 5.925 2.31 817054 0.55
-5.775 5.925 2.8875 737910 0.55
-8.6625 5.925 3.465 948365 0.55
-6.93 5.925 3.465 948365 0.55
-8.6625 6.502501 -2.8875 252829 0.55
-8.6625 6.502501 -3.465 948365 0.55
-6.93 6.502501 -3.465 948365 0.55
-5.1975 6.502501 -2.8875 817054 0.55
-5.1975 6.502501 -2.31 817054 0.55
-5.1975 6.502501 2.31 817054 0.55
-5.1975 6.502501 2.8875 817054 0.55
-8.6625 6.502501 3.465 948365 0.55
-6.93 6.502501 3.465 948365 0.55
-8.6625 6.502501 2.8875 252829 0.55
-8.6625 7.6575 -3.465 523326 0.55
-5.1975 7.08 -3.465 705E44 0.55
-5.775 7.08 -2.8875 705E44 0.55
-5.775 7.08 -2.31 705E44 0.55
-5.775 7.08 2.31 705E44 0.55
-5.775 7.08 2.8875 705E44 0.55
-8.6625 7.6575 3.465 523326 0.55
-5.1975 7.08 3.465 705E44 0.55
1.7325 7.6575 -2.8875 817054 0.55
1.7325 7.6575 2.8875 817054 0.55
-8.6625 8.235 -2.8875 4D7352 0.55
-8.6625 8.235 2.8875 4D7352 0.55
-8.6625 8.8125 -2.8875 4D7352 0.55
-8.6625 8.8125 2.8875 4D7352 0.55
-8.6625 9.389999 -2.31 4D7352 0.55
-8.6625 9.389999 2.31 4D7352 0.55
-8.6625 9.9675 -1.7325 4D7352 0.55
-8.6625 9.9675 1.7325 4D7352 0.55
-8.6625 10.545 -1.7325 4D7352 0.55
-8.6625 10.545 1.7325 4D7352 0.55
-8.6625 11.1225 -1.155 4D7352 0.55
-8.6625 11.1225 1.155 4D7352 0.55
-8.6625 11.7 -0.5775 4D7352 0.55
-6.3525 11.7 -0.5775 948365 0.55
-6.93 11.7 0 948365 0.55
-6.3525 11.7 0.5775 948365 0.55
-8.6625 11.7 0.5775 4D7352 0.55
-8.6625 12.2775 -0.5775 4D7352 0.55
-6.93 12.2775 0 948365 0.55
-8.6625 12.2775 0.5775 4D7352 0.55
-8.085 7.08 -3.465 705E44 0.55
-8.085 7.6575 -2.8875 523326 0.55
-8.085 8.8125 -2.31 523326 0.55
-8.085 12.855 0 523326 0.55
-8.085 8.8125 2.31 523326 0.55
-8.085 7.6575 2.8875 523326 0.55
-8.085 7.08 3.465 705E44 0.55
-8.085 0.15 -3.465 83796B 0.55
-8.085 0.15 3.465 83796B 0.55
-8.085 0.7275 -3.465 83796B 0.55
-8.085 0.7275 3.465 83796B 0.55
-8.085 1.305 -3.465 83796B 0.55
-8.085 1.305 3.465 83796B 0.55
-8.085 1.8825 -3.465 83796B 0.55
-8.085 1.8825 3.465 83796B 0.55
-8.085 2.46 -3.465 83796B 0.55
-8.085 2.46 3.465 83796B 0.55
-8.085 3.0375 -3.465 83796B 0.55
-8.085 3.0375 3.465 83796B 0.55
-8.085 3.615 -3.465 70695A 0.55
-8.085 3.615 3.465 70695A 0.55
-8.085 4.1925 -3.465 83796B 0.55
-8.085 4.1925 3.465 83796B 0.55
-8.085 4.77 -4.0425 705144 0.55
-8.085 4.77 4.0425 705144 0.55
-8.085 5.3475 -2.8875 252829 0.55
-8.085 5.3475 -3.465 B7AB96 0.55
-8.085 5.3475 3.465 B7AB96 0.55
-8.085 5.3475 2.8875 252829 0.55
-8.085 5.925 -3.465 446947 0.55
-8.085 5.925 3.465 446947 0.55
-8.085 6.502501 -2.8875 252829 0.55
-8.085 6.502501 2.8875 252829 0.55
-8.085 7.6575 -3.465 523326 0.55
-8.085 7.6575 3.465 523326 0.55
-8.085 8.8125 -2.8875 523326 0.55
-8.085 8.8125 2.8875 523326 0.55
-8.085 8.235 -2.8875 4D7352 0.55
-8.085 8.235 2.8875 4D7352 0.55
-8.085 9.9675 -1.7325 4D7352 0.55
-8.085 9.9675 1.7325 4D7352 0.55
-8.085 11.7 -0.5775 4D7352 0.55
-8.085 11.7 0.5775 4D7352 0.55
-8.085 12.2775 -0.5775 4D7352 0.55
-8.085 12.2775 0.5775 4D7352 0.55
-7.5075 7.08 -3.465 705E44 0.55
-7.5075 7.6575 -2.8875 523326 0.55
-7.5075 8.8125 -2.31 523326 0.55
-7.5075 12.855 0 523326 0.55
-7.5075 8.8125 2.31 523326 0.55
-7.5075 7.6575 2.8875 523326 0.55
-7.5075 7.08 3.465 705E44 0.55
-7.5075 0.15 -3.465 83796B 0.55
-7.5075 0.15 3.465 83796B 0.55
-7.5075 0.7275 -3.465 83796B 0.55
-7.5075 0.7275 3.465 83796B 0.55
-7.5075 1.305 -3.465 83796B 0.55
-7.5075 1.305 3.465 83796B 0.55
-7.5075 1.8825 -3.465 83796B 0.55
-7.5075 1.8825 3.465 83796B 0.55
-7.5075 2.46 -3.465 83796B 0.55
-7.5075 2.46 3.465 83796B 0.55
-7.5075 3.0375 -3.465 83796B 0.55
-7.5075 3.0375 3.465 83796B 0.55
-7.5075 3.615 -3.465 70695A 0.55
-7.5075 3.615 3.465 70695A 0.55
-7.5075 4.1925 -3.465 83796B 0.55
-7.5075 4.1925 3.465 83796B 0.55
-7.5075 4.77 -4.0425 705144 0.55
-7.5075 4.77 4.0425 705144 0.55
-7.5075 5.3475 -2.8875 252829 0.55
-7.5075 5.3475 -3.465 B7AB96 0.55
-7.5075 5.3475 3.465 B7AB96 0.55
-7.5075 5.3475 2.8875 252829 0.55
-7.5075 5.925 -3.465 446947 0.55
-7.5075 5.925 3.465 446947 0.55
-7.5075 6.502501 -2.8875 252829 0.55
-7.5075 6.502501 2.8875 252829 0.55
-7.5075 7.6575 -3.465 523326 0.55
-7.5075 7.6575 3.465 523326 0.55
-7.5075 8.8125 -2.8875 523326 0.55
-7.5075 8.8125 2.8875 523326 0.55
-7.5075 8.235 -2.8875 4D7352 0.55
-7.5075 8.235 2.8875 4D7352 0.55
-7.5075 9.389999 -2.31 252829 0.55
-7.5075 9.389999 -2.8875 916D5F 0.55
-6.93 9.389999 -2.8875 3D5F42 0.55
-4.62 9.389999 -2.31 446947 0.55
-7.5075 9.389999 2.31 916D5F 0.55
-4.62 9.389999 2.31 446947 0.55
-7.5075 9.389999 2.8875 916D5F 0.55
-6.93 9.389999 2.8875 3D5F42 0.55
-7.5075 9.9675 -2.31 252829 0.55
-4.62 9.9675 -2.31 446947 0.55
-7.5075 9.9675 -1.7325 4D7352 0.55
-4.62 9.9675 2.31 446947 0.55
-7.5075 9.9675 1.7325 4D7352 0.55
-7.5075 9.9675 2.31 252829 0.55
-7.5075 10.545 -2.8875 948365 0.55
-4.62 10.545 -2.31 446947 0.55
-7.5075 10.545 -1.7325 4D7352 0.55
-4.62 10.545 -1.7325 446947 0.55
-7.5075 10.545 1.7325 4D7352 0.55
-4.62 10.545 1.7325 446947 0.55
-4.62 10.545 2.31 446947 0.55
-7.5075 10.545 2.8875 948365 0.55
-7.5075 11.1225 -2.8875 4D7352 0.55
-4.62 11.1225 -2.31 446947 0.55
-7.5075 11.1225 -1.155 4D7352 0.55
-4.62 11.1225 -1.7325 446947 0.55
-4.62 11.1225 -1.155 446947 0.55
-4.62 11.1225 1.155 446947 0.55
-4.62 11.1225 1.7325 446947 0.55
-7.5075 11.1225 1.155 4D7352 0.55
-4.62 11.1225 2.31 446947 0.55
-7.5075 11.1225 2.8875 4D7352 0.55
-7.5075 11.7 -0.5775 4D7352 0.55
-7.5075 11.1225 -2.31 58845A 0.55
-7.5075 11.1225 -1.7325 58845A 0.55
-7.5075 11.7 0.5775 4D7352 0.55
-7.5075 11.1225 1.7325 58845A 0.55
-7.5075 11.1225 2.31 58845A 0.55
-7.5075 12.2775 -0.5775 4D7352 0.55
-7.5075 12.2775 0.5775 4D7352 0.55
-6.93 7.6575 -3.465 523326 0.55
-6.93 7.6575 -2.8875 523326 0.55
-6.93 8.8125 -2.31 45281C 0.55
-6.93 8.8125 2.31 45281C 0.55
-6.93 7.6575 2.8875 523326 0.55
-6.93 7.6575 3.465 523326 0.55
-6.93 0.15 -3.465 83796B 0.55
-6.93 0.15 3.465 83796B 0.55
-6.93 0.7275 -3.465 83796B 0.55
-6.93 0.7275 3.465 83796B 0.55
-6.93 1.305 -3.465 83796B 0.55
-6.93 1.305 3.465 83796B 0.55
-6.93 1.8825 -3.465 83796B 0.55
-6.93 1.8825 3.465 83796B 0.55
-6.93 2.46 -3.465 83796B 0.55
-6.93 2.46 3.465 83796B 0.55
-6.93 3.0375 -3.465 83796B 0.55
-6.93 3.0375 3.465 83796B 0.55
-6.93 3.615 -3.465 70695A 0.55
-6.93 3.615 3.465 70695A 0.55
-6.93 4.1925 -3.465 83796B 0.55
-6.93 4.1925 3.465 83796B 0.55
-6.93 4.77 -4.0425 705144 0.55
-6.93 4.77 4.0425 705144 0.55
-5.1975 5.3475 -3.465 817054 0.55
-5.1975 5.3475 3.465 817054 0.55
-5.1975 5.925 -3.465 817054 0.55
-5.1975 5.925 3.465 817054 0.55
-5.1975 6.502501 -3.465 817054 0.55
-5.1975 6.502501 3.465 817054 0.55
-6.93 7.08 -3.465 9F9373 0.55
-6.93 7.08 3.465 9F9373 0.55
-6.93 8.8125 -2.8875 45281C 0.55
-6.93 8.8125 2.8875 45281C 0.55
-6.93 8.235 -2.8875 4D7352 0.55
-6.93 8.235 2.8875 4D7352 0.55
-6.93 9.389999 -2.31 916D5F 0.55
-6.93 9.389999 2.31 916D5F 0.55
-6.93 9.9675 -2.8875 948365 0.55
-6.93 9.9675 -1.7325 4D7352 0.55
-6.93 9.9675 1.7325 4D7352 0.55
-6.93 9.9675 2.8875 948365 0.55
-6.93 10.545 -2.8875 4D7352 0.55
-6.93 10.545 -1.7325 4D7352 0.55
-6.93 10.545 1.7325 4D7352 0.55
-6.93 10.545 2.8875 4D7352 0.55
-6.93 11.1225 -2.8875 4D7352 0.55
-6.93 11.1225 -1.155 4D7352 0.55
-6.93 11.1225 1.155 4D7352 0.55
-6.93 11.1225 2.8875 4D7352 0.55
-6.93 11.7 -0.5775 4D7352 0.55
-6.93 11.1225 -2.31 58845A 0.55
-6.93 11.1225 -1.7325 58845A 0.55
-6.93 11.7 0.5775 4D7352 0.55
-6.93 11.1225 1.7325 58845A 0.55
-6.93 11.1225 2.31 58845A 0.55
-6.93 12.2775 -0.5775 4D7352 0.55
-6.93 12.2775 0.5775 4D7352 0.55
-6.3525 7.08 -3.465 705E44 0.55
-6.3525 7.08 -2.8875 705E44 0.55
-6.3525 7.08 -2.31 705E44 0.55
-6.3525 12.855 -1.155 523326 0.55
-6.3525 14.5875 -0.5775 523326 0.55
-6.3525 12.855 0 523326 0.55
-6.3525 14.5875 0.5775 523326 0.55
-6.3525 12.855 1.155 523326 0.55
-6.3525 7.08 2.31 705E44 0.55
-6.3525 7.08 2.8875 705E44 0.55
-6.3525 7.08 3.465 705E44 0.55
-6.3525 0.15 -3.465 83796B 0.55
-6.3525 0.15 3.465 83796B 0.55
-6.3525 0.7275 -3.465 83796B 0.55
-6.3525 0.7275 3.465 83796B 0.55
-6.3525 1.305 -3.465 83796B 0.55
-6.3525 1.305 3.465 83796B 0.55
-6.3525 1.8825 -3.465 83796B 0.55
-6.3525 1.8825 3.465 83796B 0.55
-6.3525 2.46 -3.465 83796B 0.55
-6.3525 2.46 3.465 83796B 0.55
-6.3525 3.0375 -3.465 83796B 0.55
-6.3525 3.0375 3.465 83796B 0.55
-6.3525 3.615 -3.465 70695A 0.55
-6.3525 3.615 3.465 70695A 0.55
-6.3525 4.1925 -3.465 83796B 0.55
-6.3525 4.1925 3.465 83796B 0.55
-6.3525 4.77 -4.0425 705144 0.55
-6.3525 4.77 4.0425 705144 0.55
-6.3525 5.3475 -2.31 948365 0.55
-6.3525 4.77 -3.465 916D5F 0.55
-6.3525 5.3475 -3.465 817054 0.55
-6.3525 4.77 -2.8875 543F21 0.55
-6.3525 5.3475 -2.8875 817054 0.55
-6.3525 4.77 -2.31 543F21 0.55
-6.3525 4.77 2.31 543F21 0.55
-6.3525 5.3475 2.31 817054 0.55
-6.3525 4.77 2.8875 543F21 0.55
-6.3525 5.3475 2.8875 817054 0.55
-6.3525 4.77 3.465 916D5F 0.55
-6.3525 5.3475 3.465 817054 0.55
-6.3525 5.925 -2.31 948365 0.55
-6.3525 5.925 -3.465 817054 0.55
-6.3525 5.925 -2.8875 817054 0.55
-6.3525 5.925 2.31 817054 0.55
-6.3525 5.925 2.8875 817054 0.55
-6.3525 5.925 3.465 817054 0.55
-6.3525 6.502501 -2.31 948365 0.55
-6.3525 6.502501 -3.465 817054 0.55
-6.3525 6.502501 -2.8875 817054 0.55
-6.3525 6.502501 2.31 817054 0.55
-6.3525 6.502501 2.8875 817054 0.55
-6.3525 6.502501 3.465 817054 0.55
-6.3525 7.6575 -3.465 523326 0.55
-6.3525 7.6575 -2.8875 523326 0.55
-6.3525 7.6575 2.8875 523326 0.55
-6.3525 7.6575 3.465 523326 0.55
-6.3525 8.235 -2.8875 4D7352 0.55
-6.3525 8.235 2.8875 4D7352 0.55
-6.3525 8.8125 -2.8875 4D7352 0.55
-6.3525 8.8125 2.8875 4D7352 0.55
-6.3525 9.389999 -2.31 4D7352 0.55
-4.62 9.389999 -2.8875 446947 0.55
-4.62 9.389999 2.8875 446947 0.55
-6.3525 9.389999 2.31 4D7352 0.55
-6.3525 9.9675 -1.7325 4D7352 0.55
-6.93 9.9675 -2.31 446947 0.55
-6.93 9.9675 2.31 446947 0.55
-6.3525 9.9675 1.7325 4D7352 0.55
-6.3525 10.545 -1.7325 4D7352 0.55
-6.93 10.545 -2.31 446947 0.55
-6.3525 10.545 1.7325 4D7352 0.55
-6.93 10.545 2.31 446947 0.55
-6.3525 11.1225 -1.155 4D7352 0.55
-6.3525 11.1225 1.155 4D7352 0.55
5.1975 11.7 -0.5775 948365 0.55
4.62 11.7 0 948365 0.55
5.1975 11.7 0.5775 948365 0.55
-2.31 12.2775 -0.5775 37553C 0.55
4.62 12.2775 0 948365 0.55
-2.31 12.2775 0.5775 37553C 0.55
5.1975 12.855 -0.5775 948365 0.55
-2.31 12.855 0 37553C 0.55
5.1975 12.855 0.5775 948365 0.55
-6.3525 13.4325 -0.5775 446947 0.55
-6.3525 13.4325 0.5775 446947 0.55
-5.775 7.6575 -3.465 705E44 0.55
-5.775 5.3475 -2.8875 606D0D 0.55
-5.775 12.855 -1.155 523326 0.55
-5.775 14.5875 -0.5775 523326 0.55
-5.775 12.855 0 523326 0.55
-5.775 14.5875 0.5775 523326 0.55
-5.775 12.855 1.155 523326 0.55
-5.775 5.3475 2.8875 606D0D 0.55
-5.775 7.6575 3.465 705E44 0.55
-5.775 0.15 -3.465 83796B 0.55
-5.775 0.15 3.465 83796B 0.55
-5.775 0.7275 -3.465 83796B 0.55
-5.775 0.7275 3.465 83796B 0.55
-5.775 1.305 -3.465 83796B 0.55
-5.775 1.305 3.465 83796B 0.55
-5.775 1.8825 -3.465 83796B 0.55
-5.775 1.8825 3.465 83796B 0.55
-5.775 2.46 -3.465 83796B 0.55
-5.775 2.46 3.465 83796B 0.55
-5.775 3.0375 -3.465 83796B 0.55
-5.775 3.0375 3.465 83796B 0.55
-5.775 3.615 -3.465 70695A 0.55
-5.775 3.615 3.465 70695A 0.55
-5.775 4.1925 -3.465 83796B 0.55
-5.775 4.1925 3.465 83796B 0.55
-5.775 4.77 -4.0425 705144 0.55
-5.775 4.77 4.0425 705144 0.55
-5.775 4.77 -3.465 916D5F 0.55
-5.775 4.77 -2.8875 543F21 0.55
-5.775 4.77 -2.31 543F21 0.55
-5.775 5.3475 -2.31 948365 0.55
-5.775 4.77 2.31 543F21 0.55
-5.775 5.3475 2.31 948365 0.55
-5.775 4.77 2.8875 543F21 0.55
-5.775 4.77 3.465 916D5F 0.55
-5.1975 5.925 -2.8875 817054 0.55
-5.775 5.925 -2.31 948365 0.55
-5.775 5.925 2.31 7B8410 0.55
-5.1975 5.925 2.8875 817054 0.55
-5.775 6.502501 -2.8875 7B8410 0.55
-5.775 6.502501 -2.31 948365 0.55
-5.775 6.502501 2.31 7B8410 0.55
-5.775 6.502501 2.8875 7B8410 0.55
-5.775 7.6575 2.8875 705144 0.55
-5.775 7.6575 -2.8875 705144 0.55
-5.775 8.235 -2.8875 4D7352 0.55
-5.775 8.235 2.8875 4D7352 0.55
-5.775 8.8125 -2.8875 4D7352 0.55
-5.775 8.8125 2.8875 4D7352 0.55
-5.775 9.389999 -2.31 4D7352 0.55
-5.775 9.389999 2.31 4D7352 0.55
-5.775 9.9675 -1.7325 4D7352 0.55
-5.775 9.9675 1.7325 4D7352 0.55
-5.775 10.545 -1.7325 4D7352 0.55
-5.775 10.545 1.7325 4D7352 0.55
-5.775 11.1225 -1.155 4D7352 0.55
-5.775 11.1225 1.155 4D7352 0.55
-5.775 11.7 -1.155 948365 0.55
-5.775 11.7 1.155 948365 0.55
-5.775 12.2775 -1.155 948365 0.55
-5.775 12.2775 -0.5775 4D7352 0.55
-5.775 12.2775 0.5775 4D7352 0.55
-5.775 12.2775 1.155 948365 0.55
-5.775 14.5875 0 B7AB96 0.55
-5.775 13.4325 -0.5775 4D7352 0.55
-2.31 13.4325 0 623F36 0.55
-5.775 13.4325 0.5775 4D7352 0.55
-5.775 14.01 -0.5775 252829 0.55
-2.31 14.01 0 623F36 0.55
-5.775 14.01 0.5775 252829 0.55
5.1975 14.5875 0 623F36 0.55
-5.775 15.165 -0.5775 4D7352 0.55
5.1975 15.165 0 446947 0.55
-5.775 15.165 0.5775 4D7352 0.55
5.775 15.7425 0 523226 0.55
-5.1975 7.08 -2.8875 705E44 0.55
-5.1975 7.08 -2.31 705E44 0.55
-5.1975 12.855 -1.155 523326 0.55
-5.1975 14.5875 -0.5775 523326 0.55
-5.1975 12.855 0 523326 0.55
-5.1975 14.5875 0.5775 523326 0.55
-5.1975 12.855 1.155 523326 0.55
-5.1975 7.08 2.31 705E44 0.55
-5.1975 7.08 2.8875 705E44 0.55
-5.1975 0.15 -3.465 83796B 0.55
-5.1975 0.15 3.465 83796B 0.55
-5.1975 0.7275 -3.465 83796B 0.55
-5.1975 0.7275 3.465 83796B 0.55
-5.1975 1.305 -3.465 83796B 0.55
-5.1975 1.305 3.465 83796B 0.55
-5.1975 1.8825 -3.465 83796B 0.55
-5.1975 1.8825 3.465 83796B 0.55
-5.1975 2.46 -3.465 83796B 0.55
-5.1975 2.46 3.465 83796B 0.55
-5.1975 3.0375 -3.465 83796B 0.55
-5.1975 3.0375 3.465 83796B 0.55
-5.1975 3.615 -3.465 70695A 0.55
-5.1975 3.615 3.465 70695A 0.55
-5.1975 4.1925 -3.465 83796B 0.55
-5.1975 4.1925 3.465 83796B 0.55
-5.1975 4.77 -4.0425 705144 0.55
-5.1975 4.77 4.0425 705144 0.55
-5.1975 4.77 -3.465 916D5F 0.55
-5.1975 4.77 -2.8875 543F21 0.55
-5.1975 4.77 -2.31 543F21 0.55
-5.1975 4.77 2.31 543F21 0.55
-5.1975 4.77 2.8875 543F21 0.55
-5.1975 4.77 3.465 916D5F 0.55
-5.1975 7.6575 -3.465 523326 0.55
2.31 7.08 -3.465 948365 0.55
-5.1975 7.6575 -2.8875 523326 0.55
2.31 7.08 -2.8875 948365 0.55
5.775 7.08 -2.31 705E44 0.55
5.775 7.08 2.31 705E44 0.55
-5.1975 7.6575 2.8875 523326 0.55
2.31 7.08 2.8875 948365 0.55
-5.1975 7.6575 3.465 523326 0.55
2.31 7.08 3.465 948365 0.55
-5.1975 8.235 -2.8875 4D7352 0.55
-5.1975 8.235 2.8875 4D7352 0.55
-5.1975 8.8125 -2.8875 4D7352 0.55
-5.1975 8.8125 2.8875 4D7352 0.55
-5.1975 9.389999 -2.31 4D7352 0.55
-5.1975 9.389999 2.31 4D7352 0.55
-5.1975 9.9675 -1.7325 4D7352 0.55
-5.1975 9.9675 1.7325 4D7352 0.55
-5.1975 10.545 -1.7325 4D7352 0.55
-5.1975 10.545 1.7325 4D7352 0.55
-5.1975 11.1225 -1.155 4D7352 0.55
-5.1975 11.1225 1.155 4D7352 0.55
-5.1975 11.7 -0.5775 948365 0.55
-5.1975 11.7 0.5775 948365 0.55
-5.1975 12.2775 -0.5775 948365 0.55
-5.1975 12.2775 0.5775 4D7352 0.55
-5.1975 12.855 -0.5775 948365 0.55
-5.1975 14.5875 0 523326 0.55
-5.1975 12.855 0.5775 948365 0.55
-5.1975 13.4325 -0.5775 446947 0.55
-5.1975 13.4325 0 446947 0.55
-5.1975 13.4325 0.5775 446947 0.55
-5.1975 14.01 0 252829 0.55
-5.1975 15.165 0 446947 0.55
-4.62 7.6575 -3.465 523326 0.55
-4.62 7.6575 -2.8875 523326 0.55
-4.62 8.8125 -2.31 523326 0.55
-4.62 12.855 0 523326 0.55
-4.62 8.8125 2.31 523326 0.55
-4.62 7.6575 2.8875 523326 0.55
-4.62 7.6575 3.465 523326 0.55
-4.62 0.15 -3.465 83796B 0.55
-4.62 0.15 3.465 83796B 0.55
-4.62 0.7275 -3.465 83796B 0.55
-4.62 0.7275 3.465 83796B 0.55
-4.62 1.305 -3.465 83796B 0.55
-4.62 1.305 3.465 83796B 0.55
-4.62 1.8825 -3.465 83796B 0.55
-4.62 1.8825 3.465 83796B 0.55
-4.62 2.46 -3.465 83796B 0.55
-4.62 2.46 3.465 83796B 0.55
-4.62 3.0375 -3.465 83796B 0.55
-4.62 3.0375 3.465 83796B 0.55
-4.62 3.615 -3.465 70695A 0.55
-4.62 3.615 3.465 70695A 0.55
-4.62 4.1925 -3.465 83796B 0.55
-4.62 4.1925 3.465 83796B 0.55
-4.62 4.77 -4.0425 705144 0.55
-4.62 4.77 4.0425 705144 0.55
-4.62 5.3475 -3.465 9F9373 0.55
-2.8875 5.3475 -3.465 948365 0.55
2.31 5.3475 -2.8875 948365 0.55
2.31 5.3475 -2.31 948365 0.55
2.31 5.3475 2.31 948365 0.55
2.31 5.3475 2.8875 948365 0.55
-2.8875 5.3475 3.465 948365 0.55
-4.62 5.3475 3.465 9F9373 0.55
-4.62 5.925 -3.465 9F9373 0.55
-2.8875 5.925 -3.465 948365 0.55
2.31 5.925 -2.8875 948365 0.55
6.3525 5.925 -2.31 817054 0.55
6.3525 5.925 2.31 817054 0.55
2.31 5.925 2.8875 948365 0.55
-2.8875 5.925 3.465 948365 0.55
-4.62 5.925 3.465 9F9373 0.55
-4.62 6.502501 -3.465 9F9373 0.55
-2.8875 6.502501 -3.465 948365 0.55
2.31 6.502501 -2.8875 948365 0.55
6.3525 6.502501 -2.31 817054 0.55
6.3525 6.502501 2.31 817054 0.55
2.31 6.502501 2.8875 948365 0.55
-2.8875 6.502501 3.465 948365 0.55
-4.62 6.502501 3.465 9F9373 0.55
-4.62 7.08 -3.465 9F9373 0.55
-4.62 7.08 3.465 9F9373 0.55
-4.62 8.8125 -2.8875 523326 0.55
-4.62 8.8125 2.8875 523326 0.55
-4.62 8.235 -2.8875 4D7352 0.55
-4.62 8.235 2.8875 4D7352 0.55
-3.465 9.389999 -2.8875 3D5F42 0.55
3.465 9.389999 -2.31 446947 0.55
3.465 9.389999 2.31 446947 0.55
-3.465 9.389999 2.8875 3D5F42 0.55
-4.62 9.9675 -2.8875 4D7352 0.55
-2.31 9.9675 -2.31 37553C 0.55
-4.62 9.9675 -1.7325 4D7352 0.55
-2.31 9.9675 2.31 37553C 0.55
-4.62 9.9675 1.7325 4D7352 0.55
-4.62 9.9675 2.8875 4D7352 0.55
-4.62 10.545 -2.8875 4D7352 0.55
3.465 10.545 -2.31 446947 0.55
-2.31 10.545 -1.7325 37553C 0.55
-2.31 10.545 1.7325 37553C 0.55
3.465 10.545 2.31 446947 0.55
-4.62 10.545 2.8875 4D7352 0.55
-4.62 11.1225 -2.8875 4D7352 0.55
3.465 11.1225 -2.31 446947 0.55
3.465 11.1225 -1.7325 446947 0.55
3.465 11.1225 -1.155 446947 0.55
3.465 11.1225 1.155 446947 0.55
3.465 11.1225 1.7325 446947 0.55
3.465 11.1225 2.31 446947 0.55
-4.62 11.1225 2.8875 4D7352 0.55
-4.62 11.7 -0.5775 4D7352 0.55
-4.62 11.7 0 948365 0.55
-4.62 11.7 0.5775 4D7352 0.55
-4.62 12.2775 -0.5775 4D7352 0.55
-4.62 12.2775 0 948365 0.55
-4.62 12.2775 0.5775 4D7352 0.55
-4.0425 7.08 -3.465 705E44 0.55
-4.0425 7.6575 -2.8875 523326 0.55
-4.0425 8.8125 -2.31 523326 0.55
-4.0425 12.855 0 523326 0.55
-4.0425 8.8125 2.31 523326 0.55
-4.0425 7.6575 2.8875 523326 0.55
-4.0425 7.08 3.465 705E44 0.55
-4.0425 0.15 -3.465 83796B 0.55
-4.0425 0.15 3.465 83796B 0.55
-4.0425 0.7275 -3.465 83796B 0.55
-4.0425 0.7275 3.465 83796B 0.55
-4.0425 1.305 -3.465 83796B 0.55
-4.0425 1.305 3.465 83796B 0.55
-4.0425 1.8825 -3.465 83796B 0.55
-4.0425 1.8825 3.465 83796B 0.55
-4.0425 2.46 -3.465 83796B 0.55
-4.0425 2.46 3.465 83796B 0.55
-4.0425 3.0375 -3.465 83796B 0.55
-4.0425 3.0375 3.465 83796B 0.55
-4.0425 3.615 -3.465 70695A 0.55
-4.0425 3.615 3.465 70695A 0.55
-4.0425 4.1925 -3.465 83796B 0.55
-4.0425 4.1925 3.465 83796B 0.55
-4.0425 4.77 -4.0425 705144 0.55
-4.0425 4.77 4.0425 705144 0.55
-4.0425 5.3475 -2.8875 252829 0.55
-4.0425 5.3475 -3.465 B7AB96 0.55
-4.0425 5.3475 3.465 B7AB96 0.55
-4.0425 5.3475 2.8875 252829 0.55
-4.0425 5.925 -3.465 446947 0.55
-4.0425 5.925 3.465 446947 0.55
-4.0425 6.502501 -2.8875 252829 0.55
-4.0425 6.502501 2.8875 252829 0.55
-4.0425 7.6575 -3.465 523326 0.55
-4.0425 7.6575 3.465 523326 0.55
-4.0425 8.8125 -2.8875 523326 0.55
-4.0425 8.8125 2.8875 523326 0.55
-4.0425 8.235 -2.8875 4D7352 0.55
-4.0425 8.235 2.8875 4D7352 0.55
-4.0425 9.389999 -2.31 252829 0.55
-4.0425 9.389999 -2.8875 916D5F 0.55
-4.0425 9.389999 2.31 916D5F 0.55
-4.0425 9.389999 2.8875 916D5F 0.55
-4.0425 9.9675 -2.31 252829 0.55
-4.0425 9.9675 -1.7325 4D7352 0.55
-4.0425 9.9675 1.7325 4D7352 0.55
-4.0425 9.9675 2.31 252829 0.55
-4.0425 10.545 -2.8875 948365 0.55
-4.0425 10.545 -1.7325 4D7352 0.55
-4.0425 10.545 1.7325 4D7352 0.55
-4.0425 10.545 2.8875 948365 0.55
-4.0425 11.1225 -2.8875 4D7352 0.55
-4.0425 11.1225 -1.155 4D7352 0.55
-4.0425 11.1225 1.155 4D7352 0.55
-4.0425 11.1225 2.8875 4D7352 0.55
-4.0425 11.7 -0.5775 4D7352 0.55
-4.0425 11.1225 -2.31 58845A 0.55
-4.0425 11.1225 -1.7325 58845A 0.55
-4.0425 11.7 0.5775 4D7352 0.55
-4.0425 11.1225 1.7325 58845A 0.55
-4.0425 11.1225 2.31 58845A 0.55
-4.0425 12.2775 -0.5775 4D7352 0.55
-4.0425 12.2775 0.5775 4D7352 0.55
-3.465 7.08 -3.465 705E44 0.55
-3.465 7.6575 -2.8875 523326 0.55
-3.465 8.8125 -2.31 523326 0.55
-3.465 12.855 0 523326 0.55
-3.465 8.8125 2.31 523326 0.55
-3.465 7.6575 2.8875 523326 0.55
-3.465 7.08 3.465 705E44 0.55
-3.465 0.15 -3.465 83796B 0.55
-3.465 0.15 3.465 83796B 0.55
-3.465 0.7275 -3.465 83796B 0.55
-3.465 0.7275 3.465 83796B 0.55
-3.465 1.305 -3.465 83796B 0.55
-3.465 1.305 3.465 83796B 0.55
-3.465 1.8825 -3.465 83796B 0.55
-3.465 1.8825 3.465 83796B 0.55
-3.465 2.46 -3.465 83796B 0.55
-3.465 2.46 3.465 83796B 0.55
-3.465 3.0375 -3.465 83796B 0.55
-3.465 3.0375 3.465 83796B 0.55
-3.465 3.615 -3.465 70695A 0.55
-3.465 3.615 3.465 70695A 0.55
-3.465 4.1925 -3.465 83796B 0.55
-3.465 4.1925 3.465 83796B 0.55
-3.465 4.77 -4.0425 705144 0.55
-3.465 4.77 4.0425 705144 0.55
-3.465 5.3475 -2.8875 252829 0.55
-3.465 5.3475 -3.465 B7AB96 0.55
-3.465 5.3475 3.465 B7AB96 0.55
-3.465 5.3475 2.8875 252829 0.55
-3.465 5.925 -3.465 446947 0.55
-3.465 5.925 3.465 446947 0.55
-3.465 6.502501 -2.8875 252829 0.55
-3.465 6.502501 2.8875 252829 0.55
-3.465 7.6575 -3.465 523326 0.55
-3.465 7.6575 3.465 523326 0.55
-3.465 8.8125 -2.8875 523326 0.55
-3.465 8.8125 2.8875 523326 0.55
-3.465 8.235 -2.8875 4D7352 0.55
-3.465 8.235 2.8875 4D7352 0.55
-3.465 9.389999 -2.31 4D7352 0.55
3.465 9.389999 -2.8875 446947 0.55
-3.465 9.389999 2.31 916D5F 0.55
3.465 9.389999 2.8875 446947 0.55
-3.465 9.9675 -1.7325 4D7352 0.55
-3.465 9.9675 -2.31 446947 0.55
-3.465 9.9675 2.31 446947 0.55
-3.465 9.9675 1.7325 4D7352 0.55
-3.465 10.545 -1.7325 4D7352 0.55
-3.465 10.545 -2.31 446947 0.55
-3.465 10.545 1.7325 4D7352 0.55
-3.465 10.545 2.31 446947 0.55
-3.465 11.1225 -1.155 4D7352 0.55
-3.465 11.1225 -2.31 446947 0.55
-3.465 11.1225 -1.7325 446947 0.55
-3.465 11.1225 1.155 446947 0.55
-3.465 11.1225 1.7325 446947 0.55
-3.465 11.1225 2.31 446947 0.55
-3.465 11.7 -2.8875 705144 0.55
-3.465 11.7 -0.5775 4D7352 0.55
-3.465 11.7 -2.31 705144 0.55
-3.465 11.7 2.31 705144 0.55
-3.465 11.7 0.5775 4D7352 0.55
-3.465 11.7 2.8875 705144 0.55
-3.465 12.2775 -0.5775 4D7352 0.55
-3.465 12.2775 0.5775 4D7352 0.55
-2.8875 4.1925 -3.465 342015 0.55
-2.8875 4.1925 -2.8875 342015 0.55
-2.8875 4.1925 -2.31 342015 0.55
-2.8875 4.1925 -1.7325 342015 0.55
-2.8875 4.1925 -1.155 342015 0.55
-2.8875 4.1925 -0.5775 342015 0.55
-2.8875 4.1925 0 342015 0.55
-2.8875 4.1925 0.5775 342015 0.55
-2.8875 4.1925 1.155 342015 0.55
-2.8875 4.1925 1.7325 342015 0.55
-2.8875 4.1925 2.31 342015 0.55
-2.8875 4.1925 2.8875 342015 0.55
-2.8875 4.1925 3.465 342015 0.55
-2.8875 0.15 -3.465 83796B 0.55
-2.8875 0.15 3.465 83796B 0.55
-2.8875 0.7275 -3.465 83796B 0.55
-2.8875 0.7275 3.465 83796B 0.55
-2.8875 1.305 -3.465 83796B 0.55
-2.8875 1.305 3.465 83796B 0.55
-2.8875 1.8825 -3.465 83796B 0.55
-2.8875 1.8825 3.465 83796B 0.55
-2.8875 2.46 -3.465 83796B 0.55
-2.8875 2.46 3.465 83796B 0.55
-2.8875 3.0375 -3.465 83796B 0.55
-2.8875 3.0375 3.465 83796B 0.55
-2.8875 3.615 -3.465 70695A 0.55
-2.8875 3.615 3.465 70695A 0.55
-2.8875 4.77 -4.0425 705144 0.55
-2.8875 7.08 -3.465 705E44 0.55
-2.8875 4.77 -3.465 705144 0.55
-2.8875 7.6575 -2.8875 523326 0.55
-2.8875 4.77 -2.8875 705144 0.55
-2.8875 4.77 -2.31 705144 0.55
-2.8875 4.77 -1.7325 705144 0.55
-2.8875 4.77 -1.155 705144 0.55
-2.8875 4.77 -0.5775 705144 0.55
-2.8875 12.855 0 523326 0.55
-2.8875 4.77 0 705144 0.55
-2.8875 4.77 0.5775 705144 0.55
-2.8875 4.77 1.155 705144 0.55
-2.8875 4.77 1.7325 705144 0.55
-2.8875 4.77 2.31 705144 0.55
-2.8875 7.6575 2.8875 523326 0.55
-2.8875 4.77 2.8875 705144 0.55
-2.8875 7.08 3.465 705E44 0.55
-2.8875 4.77 3.465 705144 0.55
-2.8875 4.77 4.0425 705144 0.55
-2.8875 5.3475 -2.8875 252829 0.55
-2.8875 5.3475 2.8875 252829 0.55
-2.8875 6.502501 -2.8875 252829 0.55
-2.8875 6.502501 2.8875 252829 0.55
-2.8875 7.6575 -3.465 523326 0.55
-2.8875 7.6575 3.465 523326 0.55
-2.8875 8.235 -2.8875 4D7352 0.55
-2.8875 8.235 2.8875 4D7352 0.55
-2.8875 8.8125 -2.8875 4D7352 0.55
-2.8875 8.8125 2.8875 4D7352 0.55
-2.8875 9.389999 -2.31 4D7352 0.55
-2.8875 9.389999 2.31 4D7352 0.55
-2.8875 9.9675 -1.7325 4D7352 0.55
-2.8875 9.9675 1.7325 4D7352 0.55
-2.8875 10.545 -1.7325 4D7352 0.55
-2.8875 10.545 1.7325 4D7352 0.55
-2.8875 11.1225 -1.155 4D7352 0.55
-2.8875 11.1225 1.155 4D7352 0.55
-2.8875 11.7 -0.5775 4D7352 0.55
-2.8875 11.7 0.5775 4D7352 0.55
-2.8875 12.2775 -0.5775 4D7352 0.55
-2.8875 12.2775 0.5775 4D7352 0.55
-2.31 7.6575 -3.465 523326 0.55
-2.31 7.6575 -2.8875 523326 0.55
-2.31 7.6575 2.8875 523326 0.55
-2.31 7.6575 3.465 523326 0.55
-2.31 0.15 -3.465 83796B 0.55
-2.31 0.15 3.465 83796B 0.55
-2.31 0.7275 -3.465 83796B 0.55
-2.31 0.7275 3.465 83796B 0.55
-2.31 1.305 -3.465 83796B 0.55
-2.31 1.305 3.465 83796B 0.55
-2.31 1.8825 -3.465 83796B 0.55
-2.31 1.8825 3.465 83796B 0.55
-2.31 2.46 -3.465 83796B 0.55
-2.31 2.46 3.465 83796B 0.55
-2.31 3.0375 -3.465 83796B 0.55
-2.31 3.0375 3.465 83796B 0.55
-2.31 3.615 -3.465 70695A 0.55
-2.31 3.615 3.465 70695A 0.55
-2.31 4.1925 -3.465 83796B 0.55
-2.31 4.1925 3.465 83796B 0.55
-2.31 4.77 -4.0425 705144 0.55
-2.31 4.77 4.0425 705144 0.55
-2.31 5.3475 -3.465 9F9373 0.55
2.31 5.3475 -3.465 948365 0.55
2.31 5.3475 3.465 948365 0.55
-2.31 5.3475 3.465 9F9373 0.55
-2.31 5.925 -3.465 9F9373 0.55
2.31 5.925 -3.465 948365 0.55
2.31 5.925 3.465 948365 0.55
-2.31 5.925 3.465 9F9373 0.55
-2.31 6.502501 -3.465 9F9373 0.55
2.31 6.502501 -3.465 948365 0.55
2.31 6.502501 3.465 948365 0.55
-2.31 6.502501 3.465 9F9373 0.55
-2.31 7.08 -3.465 9F9373 0.55
-2.31 7.08 3.465 9F9373 0.55
-2.31 8.235 -2.8875 4D7352 0.55
-2.31 8.235 2.8875 4D7352 0.55
-2.31 9.389999 -2.31 4D7352 0.55
-2.31 9.389999 2.31 4D7352 0.55
-2.31 9.9675 -1.7325 4D7352 0.55
-2.31 9.9675 1.7325 4D7352 0.55
-2.31 11.1225 -1.155 4D7352 0.55
-2.31 11.1225 1.155 4D7352 0.55
-2.31 11.7 -0.5775 4D7352 0.55
-2.31 11.7 0.5775 4D7352 0.55
5.1975 13.4325 0 446947 0.55
2.31 14.01 0 623F36 0.55
-1.7325 7.6575 -3.465 817054 0.55
-1.7325 7.6575 -2.8875 817054 0.55
-1.7325 5.925 -2.31 523326 0.55
-1.7325 5.925 -1.7325 523326 0.55
-1.7325 5.925 -1.155 523326 0.55
-1.7325 5.925 -0.5775 523326 0.55
-1.7325 5.925 0 523326 0.55
-1.7325 5.925 0.5775 523326 0.55
-1.7325 5.925 1.155 523326 0.55
-1.7325 5.925 1.7325 523326 0.55
-1.7325 5.925 2.31 523326 0.55
-1.7325 7.6575 2.8875 817054 0.55
-1.7325 7.6575 3.465 817054 0.55
-2.31 0.15 -2.8875 70695A 0.55
-2.31 0.15 -2.31 70695A 0.55
-2.31 0.15 -1.7325 70695A 0.55
-2.31 0.15 -1.155 70695A 0.55
-2.31 0.15 -0.5775 70695A 0.55
-2.31 0.15 0 70695A 0.55
-2.31 0.15 0.5775 70695A 0.55
-2.31 0.15 1.155 70695A 0.55
-2.31 0.15 1.7325 70695A 0.55
-2.31 0.15 2.31 70695A 0.55
-2.31 0.15 2.8875 70695A 0.55
-2.31 0.7275 -2.8875 70695A 0.55
-2.31 0.7275 -2.31 70695A 0.55
-2.31 0.7275 -1.7325 70695A 0.55
-2.31 0.7275 -1.155 70695A 0.55
-2.31 0.7275 -0.5775 70695A 0.55
-2.31 0.7275 0 70695A 0.55
-2.31 0.7275 0.5775 70695A 0.55
-2.31 0.7275 1.155 70695A 0.55
-2.31 0.7275 1.7325 70695A 0.55
-2.31 0.7275 2.31 70695A 0.55
-2.31 0.7275 2.8875 70695A 0.55
-2.31 1.305 -2.8875 70695A 0.55
-2.31 1.305 -2.31 70695A 0.55
-2.31 1.305 -1.7325 70695A 0.55
-2.31 1.305 -1.155 70695A 0.55
-2.31 1.305 -0.5775 70695A 0.55
-2.31 1.305 0 70695A 0.55
-2.31 1.305 0.5775 70695A 0.55
-2.31 1.305 1.155 70695A 0.55
-2.31 1.305 1.7325 70695A 0.55
-2.31 1.305 2.31 70695A 0.55
-2.31 1.305 2.8875 70695A 0.55
-2.31 1.8825 -2.8875 70695A 0.55
-2.31 1.8825 -2.31 70695A 0.55
-2.31 1.8825 -1.7325 70695A 0.55
-2.31 1.8825 -1.155 70695A 0.55
-2.31 1.8825 -0.5775 70695A 0.55
-2.31 1.8825 0 70695A 0.55
-2.31 1.8825 0.5775 70695A 0.55
-2.31 1.8825 1.155 70695A 0.55
-2.31 1.8825 1.7325 70695A 0.55
-2.31 1.8825 2.31 70695A 0.55
-2.31 1.8825 2.8875 70695A 0.55
-2.31 2.46 -2.8875 70695A 0.55
-2.31 2.46 -2.31 70695A 0.55
-2.31 2.46 -1.7325 70695A 0.55
-2.31 2.46 -1.155 70695A 0.55
-2.31 2.46 -0.5775 70695A 0.55
-2.31 2.46 0 70695A 0.55
-2.31 2.46 0.5775 70695A 0.55
-2.31 2.46 1.155 70695A 0.55
-2.31 2.46 1.7325 70695A 0.55
-2.31 2.46 2.31 70695A 0.55
-2.31 2.46 2.8875 70695A 0.55
-2.31 3.0375 -2.8875 70695A 0.55
-2.31 3.0375 -2.31 70695A 0.55
-2.31 3.0375 -1.7325 70695A 0.55
-2.31 3.0375 -1.155 70695A 0.55
-2.31 3.0375 -0.5775 70695A 0.55
-2.31 3.0375 0 70695A 0.55
-2.31 3.0375 0.5775 70695A 0.55
-2.31 3.0375 1.155 70695A 0.55
-2.31 3.0375 1.7325 70695A 0.55
-2.31 3.0375 2.31 70695A 0.55
-2.31 3.0375 2.8875 70695A 0.55
-2.31 3.615 -2.8875 60594A 0.55
-2.31 3.615 -2.31 60594A 0.55
-2.31 3.615 -1.7325 60594A 0.55
-2.31 3.615 -1.155 60594A 0.55
-2.31 3.615 -0.5775 60594A 0.55
-2.31 3.615 0 60594A 0.55
-2.31 3.615 0.5775 60594A 0.55
-2.31 3.615 1.155 60594A 0.55
-2.31 3.615 1.7325 60594A 0.55
-2.31 3.615 2.31 60594A 0.55
-2.31 3.615 2.8875 60594A 0.55
-2.31 4.1925 -2.8875 70695A 0.55
-2.31 4.1925 -2.31 70695A 0.55
-2.31 4.1925 -1.7325 70695A 0.55
-2.31 4.1925 -1.155 70695A 0.55
-2.31 4.1925 -0.5775 70695A 0.55
-2.31 4.1925 0 70695A 0.55
-2.31 4.1925 0.5775 70695A 0.55
-2.31 4.1925 1.155 70695A 0.55
-2.31 4.1925 1.7325 70695A 0.55
-2.31 4.1925 2.31 70695A 0.55
-2.31 4.1925 2.8875 70695A 0.55
-1.7325 4.77 -3.465 623F36 0.55
-1.7325 4.77 -2.8875 623F36 0.55
-1.7325 4.77 -2.31 623F36 0.55
-1.7325 4.77 -1.7325 623F36 0.55
-1.7325 4.77 -1.155 623F36 0.55
-1.7325 4.77 -0.5775 623F36 0.55
-1.7325 4.77 0 623F36 0.55
-1.7325 4.77 0.5775 623F36 0.55
-1.7325 4.77 1.155 623F36 0.55
-1.7325 4.77 1.7325 623F36 0.55
-1.7325 4.77 2.31 623F36 0.55
-1.7325 4.77 2.8875 623F36 0.55
-1.7325 4.77 3.465 623F36 0.55
-2.31 5.3475 -2.8875 948365 0.55
-2.31 5.3475 -2.31 948365 0.55
-2.31 5.3475 -1.7325 948365 0.55
-2.31 5.3475 -1.155 948365 0.55
-2.31 5.3475 -0.5775 948365 0.55
-2.31 5.3475 0 948365 0.55
-2.31 5.3475 0.5775 948365 0.55
-2.31 5.3475 1.155 948365 0.55
-2.31 5.3475 1.7325 948365 0.55
-2.31 5.3475 2.31 948365 0.55
-2.31 5.3475 2.8875 948365 0.55
-1.7325 5.925 -2.8875 705144 0.55
-2.31 5.925 -2.8875 948365 0.55
-1.7325 13.4325 0 523326 0.55
-2.31 5.925 2.8875 948365 0.55
-1.7325 5.925 2.8875 705144 0.55
-1.7325 6.502501 -2.8875 446947 0.55
-2.31 6.502501 -2.8875 948365 0.55
-2.31 6.502501 2.8875 948365 0.55
-1.7325 6.502501 2.8875 446947 0.55
-1.7325 7.08 -2.31 252829 0.55
-2.31 7.08 -2.8875 948365 0.55
-2.31 7.08 2.8875 948365 0.55
-1.7325 7.08 2.31 252829 0.55
-1.7325 8.235 -3.465 37553C 0.55
-1.7325 8.235 3.465 916D5F 0.55
-1.7325 8.8125 -3.465 4D7352 0.55
-0.5775 8.8125 -2.8875 916D5F 0.55
-0.5775 8.8125 2.8875 916D5F 0.55
-1.7325 8.8125 3.465 4D7352 0.55
-1.7325 9.389999 -2.8875 4D7352 0.55
-1.7325 9.389999 2.8875 4D7352 0.55
-1.7325 9.9675 -2.31 4D7352 0.55
3.465 9.9675 -2.31 446947 0.55
3.465 9.9675 2.31 446947 0.55
-1.7325 9.9675 2.31 4D7352 0.55
-1.7325 10.545 -2.31 4D7352 0.55
3.465 10.545 -1.7325 446947 0.55
3.465 10.545 1.7325 446947 0.55
-1.7325 10.545 2.31 4D7352 0.55
-1.7325 11.1225 -1.7325 4D7352 0.55
-1.7325 11.1225 1.7325 4D7352 0.55
-1.7325 11.7 -1.155 4D7352 0.55
-1.7325 11.7 1.155 4D7352 0.55
-1.7325 12.2775 -1.155 4D7352 0.55
5.1975 12.2775 -0.5775 948365 0.55
5.1975 12.2775 0.5775 948365 0.55
-1.7325 12.2775 1.155 4D7352 0.55
-1.7325 12.855 -0.5775 4D7352 0.55
4.62 12.855 0 948365 0.55
-1.7325 12.855 0.5775 4D7352 0.55
-1.155 8.235 -3.465 817054 0.55
-1.155 8.235 -2.8875 817054 0.55
-1.155 5.925 -2.31 523326 0.55
-1.155 5.925 -1.7325 523326 0.55
-1.155 5.925 -1.155 523326 0.55
-1.155 5.925 -0.5775 523326 0.55
-1.155 5.925 0 523326 0.55
-1.155 5.925 0.5775 523326 0.55
-1.155 5.925 1.155 523326 0.55
-1.155 5.925 1.7325 523326 0.55
-1.155 5.925 2.31 523326 0.55
-1.155 8.235 2.8875 817054 0.55
-1.155 8.235 3.465 817054 0.55
-1.155 5.925 -2.8875 705144 0.55
-1.155 13.4325 0 523326 0.55
-1.155 5.925 2.8875 705144 0.55
-1.155 6.502501 -2.8875 446947 0.55
-1.155 6.502501 2.8875 446947 0.55
-1.155 7.08 -2.31 252829 0.55
-1.155 7.08 2.31 252829 0.55
-1.155 7.6575 -2.31 252829 0.55
-1.155 7.6575 2.31 252829 0.55
1.155 8.235 -3.465 817054 0.55
1.155 8.235 -2.8875 817054 0.55
1.155 8.235 2.8875 817054 0.55
1.155 8.235 3.465 817054 0.55
-1.155 8.8125 -2.8875 37553C 0.55
-1.155 8.8125 -3.465 916D5F 0.55
-1.155 8.8125 2.8875 916D5F 0.55
-1.155 8.8125 3.465 916D5F 0.55
-1.155 9.389999 -2.8875 4D7352 0.55
-1.155 9.389999 2.8875 4D7352 0.55
-1.155 9.9675 -2.31 4D7352 0.55
-1.155 9.9675 2.31 4D7352 0.55
-1.155 10.545 -2.31 4D7352 0.55
-1.155 10.545 2.31 4D7352 0.55
-1.155 11.1225 -1.7325 4D7352 0.55
-1.155 11.1225 1.7325 4D7352 0.55
-1.155 11.7 -1.155 4D7352 0.55
-1.155 11.7 1.155 4D7352 0.55
-1.155 12.2775 -1.155 4D7352 0.55
-1.155 12.2775 1.155 4D7352 0.55
-1.155 12.855 -0.5775 4D7352 0.55
-1.155 12.855 0.5775 4D7352 0.55
-0.5775 8.235 -3.465 817054 0.55
-0.5775 8.235 -2.8875 817054 0.55
-0.5775 5.925 -2.31 523326 0.55
-0.5775 5.925 -1.7325 523326 0.55
-0.5775 5.925 -1.155 523326 0.55
-0.5775 5.925 -0.5775 523326 0.55
-0.5775 5.925 0 523326 0.55
-0.5775 5.925 0.5775 523326 0.55
-0.5775 5.925 1.155 523326 0.55
-0.5775 5.925 1.7325 523326 0.55
-0.5775 5.925 2.31 523326 0.55
-0.5775 8.235 2.8875 817054 0.55
-0.5775 8.235 3.465 817054 0.55
-0.5775 5.925 -2.8875 705144 0.55
-0.5775 13.4325 0 523326 0.55
-0.5775 5.925 2.8875 705144 0.55
-0.5775 6.502501 -2.31 252829 0.55
-0.5775 6.502501 2.31 252829 0.55
-0.5775 7.08 -2.31 252829 0.55
-0.5775 7.08 2.31 252829 0.55
-0.5775 7.6575 -2.31 252829 0.55
-0.5775 7.6575 2.31 252829 0.55
-0.5775 9.389999 -2.8875 37553C 0.55
-0.5775 9.389999 2.8875 37553C 0.55
-0.5775 9.9675 -2.31 4D7352 0.55
-0.5775 9.9675 2.31 4D7352 0.55
-0.5775 10.545 -2.31 4D7352 0.55
-0.5775 10.545 2.31 4D7352 0.55
-0.5775 11.1225 -1.7325 4D7352 0.55
-0.5775 11.1225 1.7325 4D7352 0.55
-0.5775 11.7 -1.155 4D7352 0.55
-0.5775 11.7 1.155 4D7352 0.55
-0.5775 12.2775 -1.155 4D7352 0.55
-0.5775 12.2775 1.155 4D7352 0.55
-0.5775 12.855 -0.5775 4D7352 0.55
-0.5775 12.855 0.5775 4D7352 0.55
0 8.8125 -3.465 817054 0.55
0 8.8125 -2.8875 817054 0.55
0 5.925 -2.31 523326 0.55
0 5.925 -1.7325 523326 0.55
0 5.925 -1.155 523326 0.55
0 5.925 -0.5775 523326 0.55
0 5.925 0 523326 0.55
0 5.925 0.5775 523326 0.55
0 5.925 1.155 523326 0.55
0 5.925 1.7325 523326 0.55
0 5.925 2.31 523326 0.55
0 8.8125 2.8875 817054 0.55
0 8.8125 3.465 817054 0.55
0 5.925 -2.8875 705144 0.55
0 13.4325 0 523326 0.55
0 5.925 2.8875 705144 0.55
0 6.502501 -2.8875 446947 0.55
0 6.502501 2.8875 446947 0.55
0 7.08 -2.31 252829 0.55
0 7.08 2.31 252829 0.55
0 7.6575 -2.31 252829 0.55
0 7.6575 2.31 252829 0.55
0 8.235 -2.31 252829 0.55
0 8.235 2.31 252829 0.55
0 9.389999 -3.465 805D54 0.55
0 9.389999 -2.8875 916D5F 0.55
0 9.389999 -2.31 37553C 0.55
0 9.389999 2.8875 805D54 0.55
0 9.389999 2.31 37553C 0.55
0 9.389999 3.465 623F36 0.55
0 9.9675 -2.31 4D7352 0.55
0 9.9675 -3.465 916D5F 0.55
0 9.9675 2.31 4D7352 0.55
0 9.9675 3.465 916D5F 0.55
0 10.545 -2.31 4D7352 0.55
0 10.545 2.31 4D7352 0.55
0 11.1225 -1.7325 4D7352 0.55
0 11.1225 1.7325 4D7352 0.55
0 11.7 -1.155 4D7352 0.55
0 11.7 1.155 4D7352 0.55
0 12.2775 -1.155 4D7352 0.55
0 12.2775 1.155 4D7352 0.55
0 12.855 -0.5775 4D7352 0.55
0 12.855 0.5775 4D7352 0.55
0.5775 8.235 -3.465 817054 0.55
0.5775 8.235 -2.8875 817054 0.55
0.5775 5.925 -2.31 523326 0.55
0.5775 5.925 -1.7325 523326 0.55
0.5775 5.925 -1.155 523326 0.55
0.5775 5.925 -0.5775 523326 0.55
0.5775 5.925 0 523326 0.55
0.5775 5.925 0.5775 523326 0.55
0.5775 5.925 1.155 523326 0.55
0.5775 5.925 1.7325 523326 0.55
0.5775 5.925 2.31 523326 0.55
0.5775 8.235 2.8875 817054 0.55
0.5775 8.235 3.465 817054 0.55
0.5775 5.925 -2.8875 705144 0.55
0.5775 13.4325 0 523326 0.55
0.5775 5.925 2.8875 705144 0.55
0.5775 6.502501 -2.31 252829 0.55
0.5775 6.502501 2.31 252829 0.55
0.5775 7.08 -2.31 252829 0.55
0.5775 7.08 2.31 252829 0.55
0.5775 7.6575 -2.31 252829 0.55
0.5775 7.6575 2.31 252829 0.55
0.5775 8.8125 -3.465 705144 0.55
0.5775 8.8125 -2.8875 37553C 0.55
1.155 8.8125 -2.8875 37553C 0.55
0.5775 8.8125 2.8875 805D54 0.55
1.155 8.8125 2.8875 37553C 0.55
0.5775 8.8125 3.465 805D54 0.55
0.5775 9.389999 -2.8875 37553C 0.55
0.5775 9.389999 2.8875 37553C 0.55
0.5775 9.9675 -2.31 4D7352 0.55
0.5775 9.9675 2.31 4D7352 0.55
0.5775 10.545 -2.31 4D7352 0.55
0.5775 10.545 2.31 4D7352 0.55
0.5775 11.1225 -1.7325 4D7352 0.55
0.5775 11.1225 1.7325 4D7352 0.55
0.5775 11.7 -1.155 4D7352 0.55
0.5775 11.7 1.155 4D7352 0.55
0.5775 12.2775 -1.155 4D7352 0.55
0.5775 12.2775 1.155 4D7352 0.55
0.5775 12.855 -0.5775 4D7352 0.55
0.5775 12.855 0.5775 4D7352 0.55
1.155 5.925 -2.31 523326 0.55
1.155 5.925 -1.7325 523326 0.55
1.155 5.925 -1.155 523326 0.55
1.155 5.925 -0.5775 523326 0.55
1.155 5.925 0 523326 0.55
1.155 5.925 0.5775 523326 0.55
1.155 5.925 1.155 523326 0.55
1.155 5.925 1.7325 523326 0.55
1.155 5.925 2.31 523326 0.55
1.155 5.925 -2.8875 705144 0.55
1.155 13.4325 0 523326 0.55
1.155 5.925 2.8875 705144 0.55
1.155 6.502501 -2.8875 446947 0.55
1.155 6.502501 2.8875 446947 0.55
1.155 7.08 -2.31 252829 0.55
1.155 7.08 2.31 252829 0.55
1.155 7.6575 -2.31 252829 0.55
1.155 7.6575 2.31 252829 0.55
2.31 8.235 -3.465 37553C 0.55
2.31 8.235 3.465 37553C 0.55
1.155 8.8125 -3.465 916D5F 0.55
1.155 8.8125 3.465 916D5F 0.55
1.155 9.389999 -2.8875 4D7352 0.55
1.155 9.389999 2.8875 4D7352 0.55
1.155 9.9675 -2.31 4D7352 0.55
1.155 9.9675 2.31 4D7352 0.55
1.155 10.545 -2.31 4D7352 0.55
1.155 10.545 2.31 4D7352 0.55
1.155 11.1225 -1.7325 4D7352 0.55
1.155 11.1225 1.7325 4D7352 0.55
1.155 11.7 -1.155 4D7352 0.55
1.155 11.7 1.155 4D7352 0.55
1.155 12.2775 -1.155 4D7352 0.55
1.155 12.2775 1.155 4D7352 0.55
1.155 12.855 -0.5775 4D7352 0.55
1.155 12.855 0.5775 4D7352 0.55
1.7325 5.925 -2.31 523326 0.55
1.7325 5.925 -1.7325 523326 0.55
1.7325 5.925 -1.155 523326 0.55
1.7325 5.925 -0.5775 523326 0.55
1.7325 5.925 0 523326 0.55
1.7325 5.925 0.5775 523326 0.55
1.7325 5.925 1.155 523326 0.55
1.7325 5.925 1.7325 523326 0.55
1.7325 5.925 2.31 523326 0.55
1.7325 5.925 -2.8875 705144 0.55
1.7325 13.4325 0 523326 0.55
1.7325 5.925 2.8875 705144 0.55
1.7325 6.502501 -2.8875 446947 0.55
1.7325 6.502501 2.8875 446947 0.55
1.7325 7.08 -2.31 252829 0.55
1.7325 7.08 2.31 252829 0.55
1.7325 8.235 -3.465 37553C 0.55
1.7325 8.235 -2.8875 916D5F 0.55
1.7325 8.235 2.8875 916D5F 0.55
1.7325 8.235 3.465 916D5F 0.55
1.7325 8.8125 -3.465 4D7352 0.55
1.7325 8.8125 3.465 4D7352 0.55
1.7325 9.389999 -2.8875 4D7352 0.55
1.7325 9.389999 2.8875 4D7352 0.55
1.7325 9.9675 -2.31 4D7352 0.55
1.7325 9.9675 2.31 4D7352 0.55
1.7325 10.545 -2.31 4D7352 0.55
1.7325 10.545 2.31 4D7352 0.55
1.7325 11.1225 -1.7325 4D7352 0.55
1.7325 11.1225 1.7325 4D7352 0.55
1.7325 11.7 -1.155 4D7352 0.55
1.7325 11.7 1.155 4D7352 0.55
1.7325 12.2775 -1.155 4D7352 0.55
1.7325 12.2775 1.155 4D7352 0.55
1.7325 12.855 -0.5775 4D7352 0.55
1.7325 12.855 0.5775 4D7352 0.55
2.31 7.6575 -3.465 523326 0.55
2.31 7.6575 -2.8875 523326 0.55
2.31 12.855 0 523326 0.55
2.31 7.6575 2.8875 523326 0.55
2.31 7.6575 3.465 523326 0.55
2.31 4.77 -4.0425 705144 0.55
2.31 4.77 4.0425 705144 0.55
4.62 5.3475 -3.465 948365 0.55
6.3525 5.3475 -2.8875 817054 0.55
6.3525 5.3475 -2.31 817054 0.55
6.3525 5.3475 2.31 817054 0.55
6.3525 5.3475 2.8875 817054 0.55
4.62 5.3475 3.465 948365 0.55
4.62 5.925 -3.465 948365 0.55
5.775 5.925 -2.8875 737910 0.55
5.775 5.925 2.8875 737910 0.55
4.62 5.925 3.465 948365 0.55
4.62 6.502501 -3.465 948365 0.55
6.3525 6.502501 -2.8875 817054 0.55
6.3525 6.502501 2.8875 817054 0.55
4.62 6.502501 3.465 948365 0.55
6.3525 7.08 -3.465 705E44 0.55
5.775 7.08 -2.8875 705E44 0.55
5.775 7.08 2.8875 705E44 0.55
6.3525 7.08 3.465 705E44 0.55
2.31 8.235 -2.8875 4D7352 0.55
2.31 8.235 2.8875 4D7352 0.55
2.31 8.8125 -2.8875 4D7352 0.55
2.31 8.8125 2.8875 4D7352 0.55
2.31 9.389999 -2.31 4D7352 0.55
2.31 9.389999 2.31 4D7352 0.55
2.31 9.9675 -1.7325 4D7352 0.55
2.31 9.9675 -2.31 37553C 0.55
2.31 9.9675 2.31 37553C 0.55
2.31 9.9675 1.7325 4D7352 0.55
2.31 10.545 -1.7325 4D7352 0.55
2.31 10.545 1.7325 4D7352 0.55
2.31 11.1225 -1.155 4D7352 0.55
2.31 11.1225 1.155 4D7352 0.55
2.31 11.7 -0.5775 4D7352 0.55
2.31 11.7 -1.155 37553C 0.55
2.31 11.7 1.155 37553C 0.55
2.31 11.7 0.5775 4D7352 0.55
2.31 12.2775 -0.5775 4D7352 0.55
2.31 12.2775 0.5775 4D7352 0.55
2.31 13.4325 0 523326 0.55
5.1975 14.01 0 252829 0.55
2.8875 4.1925 -3.465 342015 0.55
2.8875 4.1925 -2.8875 342015 0.55
2.8875 4.1925 -2.31 342015 0.55
2.8875 4.1925 -1.7325 342015 0.55
2.8875 4.1925 -1.155 342015 0.55
2.8875 4.1925 -0.5775 342015 0.55
2.8875 4.1925 0 342015 0.55
2.8875 4.1925 0.5775 342015 0.55
2.8875 4.1925 1.155 342015 0.55
2.8875 4.1925 1.7325 342015 0.55
2.8875 4.1925 2.31 342015 0.55
2.8875 4.1925 2.8875 342015 0.55
2.8875 4.1925 3.465 342015 0.55
2.8875 0.15 -3.465 83796B 0.55
2.8875 0.15 3.465 83796B 0.55
2.8875 0.7275 -3.465 83796B 0.55
2.8875 0.7275 3.465 83796B 0.55
2.8875 1.305 -3.465 83796B 0.55
2.8875 1.305 3.465 83796B 0.55
2.8875 1.8825 -3.465 83796B 0.55
2.8875 1.8825 3.465 83796B 0.55
2.8875 2.46 -3.465 83796B 0.55
2.8875 2.46 3.465 83796B 0.55
2.8875 3.0375 -3.465 83796B 0.55
2.8875 3.0375 3.465 83796B 0.55
2.8875 3.615 -3.465 70695A 0.55
2.8875 3.615 3.465 70695A 0.55
2.8875 4.77 -4.0425 705144 0.55
2.8875 7.08 -3.465 705E44 0.55
2.8875 4.77 -3.465 705144 0.55
2.8875 7.6575 -2.8875 523326 0.55
2.8875 4.77 -2.8875 705144 0.55
2.8875 4.77 -2.31 705144 0.55
2.8875 4.77 -1.7325 705144 0.55
2.8875 4.77 -1.155 705144 0.55
2.8875 4.77 -0.5775 705144 0.55
2.8875 12.855 0 523326 0.55
2.8875 4.77 0 705144 0.55
2.8875 4.77 0.5775 705144 0.55
2.8875 4.77 1.155 705144 0.55
2.8875 4.77 1.7325 705144 0.55
2.8875 4.77 2.31 705144 0.55
2.8875 7.6575 2.8875 523326 0.55
2.8875 4.77 2.8875 705144 0.55
2.8875 7.08 3.465 705E44 0.55
2.8875 4.77 3.465 705144 0.55
2.8875 4.77 4.0425 705144 0.55
2.8875 5.3475 -2.8875 252829 0.55
2.8875 5.3475 -3.465 B7AB96 0.55
2.8875 5.3475 3.465 B7AB96 0.55
2.8875 5.3475 2.8875 252829 0.55
2.8875 5.925 -3.465 446947 0.55
2.8875 5.925 3.465 948365 0.55
2.8875 6.502501 -2.8875 252829 0.55
2.8875 6.502501 -3.465 948365 0.55
2.8875 6.502501 3.465 948365 0.55
2.8875 6.502501 2.8875 252829 0.55
2.8875 7.6575 -3.465 523326 0.55
2.8875 7.6575 3.465 523326 0.55
2.8875 8.235 -2.8875 4D7352 0.55
2.8875 8.235 2.8875 4D7352 0.55
2.8875 8.8125 -2.8875 4D7352 0.55
2.8875 8.8125 2.8875 4D7352 0.55
2.8875 9.389999 -2.31 4D7352 0.55
2.8875 9.389999 2.31 4D7352 0.55
2.8875 9.9675 -1.7325 4D7352 0.55
2.8875 9.9675 1.7325 4D7352 0.55
2.8875 10.545 -1.7325 4D7352 0.55
2.8875 10.545 1.7325 4D7352 0.55
2.8875 11.1225 -1.155 4D7352 0.55
2.8875 11.1225 1.155 4D7352 0.55
2.8875 11.7 -0.5775 4D7352 0.55
2.8875 11.7 0.5775 4D7352 0.55
2.8875 12.2775 -0.5775 4D7352 0.55
2.8875 12.2775 0.5775 4D7352 0.55
3.465 7.08 -3.465 705E44 0.55
3.465 7.6575 -2.8875 523326 0.55
3.465 8.8125 -2.31 523326 0.55
3.465 12.855 0 523326 0.55
3.465 8.8125 2.31 523326 0.55
3.465 7.6575 2.8875 523326 0.55
3.465 7.08 3.465 705E44 0.55
3.465 0.15 -3.465 83796B 0.55
3.465 0.15 3.465 83796B 0.55
3.465 0.7275 -3.465 83796B 0.55
3.465 0.7275 3.465 83796B 0.55
3.465 1.305 -3.465 83796B 0.55
3.465 1.305 3.465 83796B 0.55
3.465 1.8825 -3.465 83796B 0.55
3.465 1.8825 3.465 83796B 0.55
3.465 2.46 -3.465 83796B 0.55
3.465 2.46 3.465 83796B 0.55
3.465 3.0375 -3.465 83796B 0.55
3.465 3.0375 3.465 83796B 0.55
3.465 3.615 -3.465 70695A 0.55
3.465 3.615 3.465 70695A 0.55
3.465 4.1925 -3.465 83796B 0.55
3.465 4.1925 3.465 83796B 0.55
3.465 4.77 -4.0425 705144 0.55
3.465 4.77 4.0425 705144 0.55
3.465 5.3475 -2.8875 252829 0.55
3.465 5.3475 -3.465 B7AB96 0.55
3.465 5.3475 3.465 B7AB96 0.55
3.465 5.3475 2.8875 252829 0.55
3.465 5.925 -3.465 446947 0.55
3.465 5.925 3.465 446947 0.55
3.465 6.502501 -2.8875 252829 0.55
3.465 6.502501 2.8875 252829 0.55
3.465 7.6575 -3.465 523326 0.55
3.465 7.6575 3.465 523326 0.55
3.465 8.8125 -2.8875 523326 0.55
3.465 8.8125 2.8875 523326 0.55
3.465 8.235 -2.8875 4D7352 0.55
3.465 8.235 2.8875 4D7352 0.55
3.465 9.9675 -1.7325 4D7352 0.55
3.465 9.9675 1.7325 4D7352 0.55
3.465 11.7 -2.8875 705144 0.55
3.465 11.7 -0.5775 4D7352 0.55
3.465 11.7 -2.31 705144 0.55
3.465 11.7 2.31 705144 0.55
3.465 11.7 0.5775 4D7352 0.55
3.465 11.7 2.8875 705144 0.55
3.465 12.2775 -0.5775 4D7352 0.55
3.465 12.2775 0.5775 4D7352 0.55
4.0425 7.08 -3.465 705E44 0.55
4.0425 7.6575 -2.8875 523326 0.55
4.0425 8.8125 -2.31 523326 0.55
4.0425 12.855 0 523326 0.55
4.0425 8.8125 2.31 523326 0.55
4.0425 7.6575 2.8875 523326 0.55
4.0425 7.08 3.465 705E44 0.55
4.0425 0.15 -3.465 83796B 0.55
4.0425 0.15 3.465 83796B 0.55
4.0425 0.7275 -3.465 83796B 0.55
4.0425 0.7275 3.465 83796B 0.55
4.0425 1.305 -3.465 83796B 0.55
4.0425 1.305 3.465 83796B 0.55
4.0425 1.8825 -3.465 83796B 0.55
4.0425 1.8825 3.465 83796B 0.55
4.0425 2.46 -3.465 83796B 0.55
4.0425 2.46 3.465 83796B 0.55
4.0425 3.0375 -3.465 83796B 0.55
4.0425 3.0375 3.465 83796B 0.55
4.0425 3.615 -3.465 70695A 0.55
4.0425 3.615 3.465 70695A 0.55
4.0425 4.1925 -3.465 83796B 0.55
4.0425 4.1925 3.465 83796B 0.55
4.0425 4.77 -4.0425 705144 0.55
4.0425 4.77 4.0425 705144 0.55
4.0425 5.3475 -2.8875 252829 0.55
4.0425 5.3475 -3.465 B7AB96 0.55
4.0425 5.3475 3.465 B7AB96 0.55
4.0425 5.3475 2.8875 252829 0.55
4.0425 5.925 -3.465 446947 0.55
4.0425 5.925 3.465 446947 0.55
4.0425 6.502501 -2.8875 252829 0.55
4.0425 6.502501 2.8875 252829 0.55
4.0425 7.6575 -3.465 523326 0.55
4.0425 7.6575 3.465 523326 0.55
4.0425 8.8125 -2.8875 523326 0.55
4.0425 8.8125 2.8875 523326 0.55
4.0425 8.235 -2.8875 4D7352 0.55
4.0425 8.235 2.8875 4D7352 0.55
4.0425 9.389999 -2.31 252829 0.55
4.0425 9.389999 -2.8875 916D5F 0.55
4.62 9.389999 -2.8875 3D5F42 0.55
6.93 9.389999 -2.31 446947 0.55
4.0425 9.389999 2.31 916D5F 0.55
6.93 9.389999 2.31 446947 0.55
4.0425 9.389999 2.8875 916D5F 0.55
4.62 9.389999 2.8875 3D5F42 0.55
4.0425 9.9675 -2.31 252829 0.55
6.93 9.9675 -2.31 446947 0.55
4.0425 9.9675 -1.7325 4D7352 0.55
6.93 9.9675 2.31 446947 0.55
4.0425 9.9675 1.7325 4D7352 0.55
4.0425 9.9675 2.31 252829 0.55
4.0425 10.545 -2.8875 948365 0.55
6.93 10.545 -2.31 446947 0.55
4.0425 10.545 -1.7325 4D7352 0.55
6.93 10.545 -1.7325 446947 0.55
4.0425 10.545 1.7325 4D7352 0.55
6.93 10.545 1.7325 446947 0.55
6.93 10.545 2.31 446947 0.55
4.0425 10.545 2.8875 948365 0.55
4.0425 11.1225 -2.8875 4D7352 0.55
6.93 11.1225 -2.31 446947 0.55
4.0425 11.1225 -1.155 4D7352 0.55
6.93 11.1225 -1.7325 446947 0.55
6.93 11.1225 -1.155 446947 0.55
6.93 11.1225 1.155 446947 0.55
6.93 11.1225 1.7325 446947 0.55
4.0425 11.1225 1.155 4D7352 0.55
6.93 11.1225 2.31 446947 0.55
4.0425 11.1225 2.8875 4D7352 0.55
4.0425 11.7 -0.5775 4D7352 0.55
4.0425 11.1225 -2.31 58845A 0.55
4.0425 11.1225 -1.7325 58845A 0.55
4.0425 11.7 0.5775 4D7352 0.55
4.0425 11.1225 1.7325 58845A 0.55
4.0425 11.1225 2.31 58845A 0.55
4.0425 12.2775 -0.5775 4D7352 0.55
4.0425 12.2775 0.5775 4D7352 0.55
4.62 7.6575 -3.465 523326 0.55
4.62 7.6575 -2.8875 523326 0.55
4.62 8.8125 -2.31 45281C 0.55
4.62 8.8125 2.31 45281C 0.55
4.62 7.6575 2.8875 523326 0.55
4.62 7.6575 3.465 523326 0.55
4.62 0.15 -3.465 83796B 0.55
4.62 0.15 3.465 83796B 0.55
4.62 0.7275 -3.465 83796B 0.55
4.62 0.7275 3.465 83796B 0.55
4.62 1.305 -3.465 83796B 0.55
4.62 1.305 3.465 83796B 0.55
4.62 1.8825 -3.465 83796B 0.55
4.62 1.8825 3.465 83796B 0.55
4.62 2.46 -3.465 83796B 0.55
4.62 2.46 3.465 83796B 0.55
4.62 3.0375 -3.465 83796B 0.55
4.62 3.0375 3.465 83796B 0.55
4.62 3.615 -3.465 70695A 0.55
4.62 3.615 3.465 70695A 0.55
4.62 4.1925 -3.465 83796B 0.55
4.62 4.1925 3.465 83796B 0.55
4.62 4.77 -4.0425 705144 0.55
4.62 4.77 4.0425 705144 0.55
6.3525 5.3475 -3.465 817054 0.55
6.3525 5.3475 3.465 817054 0.55
6.3525 5.925 -3.465 817054 0.55
6.3525 5.925 3.465 817054 0.55
6.3525 6.502501 -3.465 817054 0.55
6.3525 6.502501 3.465 817054 0.55
4.62 7.08 -3.465 9F9373 0.55
4.62 7.08 3.465 9F9373 0.55
4.62 8.8125 -2.8875 45281C 0.55
4.62 8.8125 2.8875 45281C 0.55
4.62 8.235 -2.8875 4D7352 0.55
4.62 8.235 2.8875 4D7352 0.55
6.93 9.389999 -2.8875 446947 0.55
4.62 9.389999 -2.31 4D7352 0.55
4.62 9.389999 2.31 916D5F 0.55
6.93 9.389999 2.8875 446947 0.55
4.62 9.9675 -2.8875 4D7352 0.55
4.62 9.9675 -1.7325 4D7352 0.55
4.62 9.9675 1.7325 4D7352 0.55
4.62 9.9675 2.8875 4D7352 0.55
4.62 10.545 -2.8875 4D7352 0.55
4.62 10.545 -1.7325 4D7352 0.55
4.62 10.545 1.7325 4D7352 0.55
4.62 10.545 2.8875 4D7352 0.55
4.62 11.1225 -2.8875 4D7352 0.55
4.62 11.1225 -1.155 4D7352 0.55
4.62 11.1225 1.155 4D7352 0.55
4.62 11.1225 2.8875 4D7352 0.55
4.62 11.7 -0.5775 4D7352 0.55
4.62 11.1225 -2.31 58845A 0.55
4.62 11.1225 -1.7325 58845A 0.55
4.62 11.7 0.5775 4D7352 0.55
4.62 11.1225 1.7325 58845A 0.55
4.62 11.1225 2.31 58845A 0.55
4.62 12.2775 -0.5775 4D7352 0.55
4.62 12.2775 0.5775 4D7352 0.55
5.1975 7.08 -3.465 705E44 0.55
5.1975 7.08 -2.8875 705E44 0.55
5.1975 7.08 -2.31 705E44 0.55
5.1975 12.855 -1.155 523326 0.55
5.1975 14.5875 -0.5775 523326 0.55
5.1975 12.855 0 523326 0.55
5.1975 14.5875 0.5775 523326 0.55
5.1975 12.855 1.155 523326 0.55
5.1975 7.08 2.31 705E44 0.55
5.1975 7.08 2.8875 705E44 0.55
5.1975 7.08 3.465 705E44 0.55
5.1975 0.15 -3.465 83796B 0.55
5.1975 0.15 3.465 83796B 0.55
5.1975 0.7275 -3.465 83796B 0.55
5.1975 0.7275 3.465 83796B 0.55
5.1975 1.305 -3.465 83796B 0.55
5.1975 1.305 3.465 83796B 0.55
5.1975 1.8825 -3.465 83796B 0.55
5.1975 1.8825 3.465 83796B 0.55
5.1975 2.46 -3.465 83796B 0.55
5.1975 2.46 3.465 83796B 0.55
5.1975 3.0375 -3.465 83796B 0.55
5.1975 3.0375 3.465 83796B 0.55
5.1975 3.615 -3.465 70695A 0.55
5.1975 3.615 3.465 70695A 0.55
5.1975 4.1925 -3.465 83796B 0.55
5.1975 4.1925 3.465 83796B 0.55
5.1975 4.77 -4.0425 705144 0.55
5.1975 4.77 4.0425 705144 0.55
5.1975 5.3475 -2.31 948365 0.55
5.1975 4.77 -3.465 916D5F 0.55
5.1975 5.3475 -3.465 817054 0.55
5.1975 4.77 -2.8875 543F21 0.55
5.1975 5.3475 -2.8875 817054 0.55
5.1975 4.77 -2.31 543F21 0.55
5.1975 4.77 2.31 543F21 0.55
5.1975 5.3475 2.31 817054 0.55
5.1975 4.77 2.8875 543F21 0.55
5.1975 5.3475 2.8875 817054 0.55
5.1975 4.77 3.465 916D5F 0.55
5.1975 5.3475 3.465 817054 0.55
5.1975 5.925 -2.31 948365 0.55
5.1975 5.925 -3.465 817054 0.55
5.1975 5.925 -2.8875 817054 0.55
5.1975 5.925 2.31 817054 0.55
5.1975 5.925 2.8875 817054 0.55
5.1975 5.925 3.465 817054 0.55
5.1975 6.502501 -2.31 948365 0.55
5.1975 6.502501 -3.465 817054 0.55
5.1975 6.502501 -2.8875 817054 0.55
5.1975 6.502501 2.31 817054 0.55
5.1975 6.502501 2.8875 817054 0.55
5.1975 6.502501 3.465 817054 0.55
5.1975 7.6575 -3.465 523326 0.55
5.1975 7.6575 -2.8875 523326 0.55
5.1975 7.6575 2.8875 523326 0.55
5.1975 7.6575 3.465 523326 0.55
5.1975 8.235 -2.8875 4D7352 0.55
5.1975 8.235 2.8875 4D7352 0.55
5.1975 8.8125 -2.8875 4D7352 0.55
5.1975 8.8125 2.8875 4D7352 0.55
5.1975 9.389999 -2.31 4D7352 0.55
5.1975 9.389999 2.31 4D7352 0.55
5.1975 9.9675 -1.7325 4D7352 0.55
4.62 9.9675 -2.31 446947 0.55
4.62 9.9675 2.31 446947 0.55
5.1975 9.9675 1.7325 4D7352 0.55
5.1975 10.545 -1.7325 4D7352 0.55
4.62 10.545 -2.31 446947 0.55
5.1975 10.545 1.7325 4D7352 0.55
4.62 10.545 2.31 446947 0.55
5.1975 11.1225 -1.155 4D7352 0.55
5.1975 11.1225 1.155 4D7352 0.55
9.8175 12.855 0 623F36 0.55
5.1975 13.4325 -0.5775 446947 0.55
5.1975 13.4325 0.5775 446947 0.55
5.775 7.6575 -3.465 705E44 0.55
5.775 5.3475 -2.8875 606D0D 0.55
5.775 12.855 -1.155 523326 0.55
5.775 14.5875 -0.5775 523326 0.55
5.775 12.855 0 523326 0.55
5.775 14.5875 0.5775 523326 0.55
5.775 12.855 1.155 523326 0.55
5.775 5.3475 2.8875 606D0D 0.55
5.775 7.6575 3.465 705E44 0.55
5.775 0.15 -3.465 83796B 0.55
5.775 0.15 3.465 83796B 0.55
5.775 0.7275 -3.465 83796B 0.55
5.775 0.7275 3.465 83796B 0.55
5.775 1.305 -3.465 83796B 0.55
5.775 1.305 3.465 83796B 0.55
5.775 1.8825 -3.465 83796B 0.55
5.775 1.8825 3.465 83796B 0.55
5.775 2.46 -3.465 83796B 0.55
5.775 2.46 3.465 83796B 0.55
5.775 3.0375 -3.465 83796B 0.55
5.775 3.0375 3.465 83796B 0.55
5.775 3.615 -3.465 70695A 0.55
5.775 3.615 3.465 70695A 0.55
5.775 4.1925 -3.465 83796B 0.55
5.775 4.1925 3.465 83796B 0.55
5.775 4.77 -4.0425 705144 0.55
5.775 4.77 4.0425 705144 0.55
5.775 4.77 -3.465 916D5F 0.55
5.775 4.77 -2.8875 543F21 0.55
5.775 4.77 -2.31 543F21 0.55
5.775 5.3475 -2.31 948365 0.55
5.775 4.77 2.31 543F21 0.55
5.775 5.3475 2.31 948365 0.55
5.775 4.77 2.8875 543F21 0.55
5.775 4.77 3.465 916D5F 0.55
6.3525 5.925 -2.8875 817054 0.55
5.775 5.925 -2.31 948365 0.55
5.775 5.925 2.31 7B8410 0.55
6.3525 5.925 2.8875 817054 0.55
5.775 6.502501 -2.8875 7B8410 0.55
5.775 6.502501 -2.31 948365 0.55
5.775 6.502501 2.31 7B8410 0.55
5.775 6.502501 2.8875 7B8410 0.55
5.775 7.6575 2.8875 705144 0.55
5.775 7.6575 -2.8875 705144 0.55
5.775 8.235 -2.8875 4D7352 0.55
5.775 8.235 2.8875 4D7352 0.55
5.775 8.8125 -2.8875 4D7352 0.55
5.775 8.8125 2.8875 4D7352 0.55
5.775 9.389999 -2.31 4D7352 0.55
5.775 9.389999 2.31 4D7352 0.55
5.775 9.9675 -1.7325 4D7352 0.55
5.775 9.9675 1.7325 4D7352 0.55
5.775 10.545 -1.7325 4D7352 0.55
5.775 10.545 1.7325 4D7352 0.55
5.775 11.1225 -1.155 4D7352 0.55
5.775 11.1225 1.155 4D7352 0.55
5.775 11.7 -1.155 948365 0.55
5.775 11.7 1.155 948365 0.55
5.775 12.2775 -1.155 948365 0.55
5.775 12.2775 -0.5775 4D7352 0.55
5.775 12.2775 0.5775 4D7352 0.55
5.775 12.2775 1.155 948365 0.55
5.775 14.5875 0 B7AB96 0.55
5.775 13.4325 -0.5775 4D7352 0.55
5.775 13.4325 0.5775 4D7352 0.55
5.775 14.01 -0.5775 252829 0.55
5.775 14.01 0.5775 252829 0.55
5.775 15.165 -0.5775 4D7352 0.55
5.775 15.165 0.5775 4D7352 0.55
6.3525 7.08 -2.8875 705E44 0.55
6.3525 7.08 -2.31 705E44 0.55
6.3525 12.855 -1.155 523326 0.55
6.3525 14.5875 -0.5775 523326 0.55
6.3525 12.855 0 523326 0.55
6.3525 14.5875 0.5775 523326 0.55
6.3525 12.855 1.155 523326 0.55
6.3525 7.08 2.31 705E44 0.55
6.3525 7.08 2.8875 705E44 0.55
6.3525 0.15 -3.465 83796B 0.55
6.3525 0.15 3.465 83796B 0.55
6.3525 0.7275 -3.465 83796B 0.55
6.3525 0.7275 3.465 83796B 0.55
6.3525 1.305 -3.465 83796B 0.55
6.3525 1.305 3.465 83796B 0.55
6.3525 1.8825 -3.465 83796B 0.55
6.3525 1.8825 3.465 83796B 0.55
6.3525 2.46 -3.465 83796B 0.55
6.3525 2.46 3.465 83796B 0.55
6.3525 3.0375 -3.465 83796B 0.55
6.3525 3.0375 3.465 83796B 0.55
6.3525 3.615 -3.465 70695A 0.55
6.3525 3.615 3.465 70695A 0.55
6.3525 4.1925 -3.465 83796B 0.55
6.3525 4.1925 3.465 83796B 0.55
6.3525 4.77 -4.0425 705144 0.55
6.3525 4.77 4.0425 705144 0.55
6.3525 4.77 -3.465 916D5F 0.55
6.3525 4.77 -2.8875 543F21 0.55
6.3525 4.77 -2.31 543F21 0.55
6.3525 4.77 2.31 543F21 0.55
6.3525 4.77 2.8875 543F21 0.55
6.3525 4.77 3.465 916D5F 0.55
6.3525 7.6575 -3.465 523326 0.55
6.3525 7.6575 -2.8875 523326 0.55
6.3525 7.6575 2.8875 523326 0.55
6.3525 7.6575 3.465 523326 0.55
6.3525 8.235 -2.8875 4D7352 0.55
6.3525 8.235 2.8875 4D7352 0.55
6.3525 8.8125 -2.8875 4D7352 0.55
6.3525 8.8125 2.8875 4D7352 0.55
6.3525 9.389999 -2.31 4D7352 0.55
6.3525 9.389999 2.31 4D7352 0.55
6.3525 9.9675 -1.7325 4D7352 0.55
6.3525 9.9675 1.7325 4D7352 0.55
6.3525 10.545 -1.7325 4D7352 0.55
6.3525 10.545 1.7325 4D7352 0.55
6.3525 11.1225 -1.155 4D7352 0.55
6.3525 11.1225 1.155 4D7352 0.55
6.3525 11.7 -0.5775 4D7352 0.55
6.3525 11.7 0.5775 4D7352 0.55
6.3525 12.2775 -0.5775 948365 0.55
6.3525 12.2775 0.5775 4D7352 0.55
6.3525 12.855 -0.5775 948365 0.55
6.3525 14.5875 0 523326 0.55
6.3525 12.855 0.5775 948365 0.55
6.3525 13.4325 -0.5775 446947 0.55
6.3525 13.4325 0 446947 0.55
6.3525 13.4325 0.5775 446947 0.55
6.3525 14.01 0 252829 0.55
6.3525 15.165 0 446947 0.55
6.93 7.6575 -3.465 523326 0.55
6.93 7.6575 -2.8875 523326 0.55
6.93 8.8125 -2.31 45281C 0.55
6.93 12.855 0 523326 0.55
6.93 8.8125 2.31 45281C 0.55
6.93 7.6575 2.8875 523326 0.55
6.93 7.6575 3.465 523326 0.55
6.93 0.15 -3.465 83796B 0.55
6.93 0.15 3.465 83796B 0.55
6.93 0.7275 -3.465 83796B 0.55
6.93 0.7275 3.465 83796B 0.55
6.93 1.305 -3.465 83796B 0.55
6.93 1.305 3.465 83796B 0.55
6.93 1.8825 -3.465 83796B 0.55
6.93 1.8825 3.465 83796B 0.55
6.93 2.46 -3.465 83796B 0.55
6.93 2.46 3.465 83796B 0.55
6.93 3.0375 -3.465 83796B 0.55
6.93 3.0375 3.465 83796B 0.55
6.93 3.615 -3.465 70695A 0.55
6.93 3.615 3.465 70695A 0.55
6.93 4.1925 -3.465 83796B 0.55
6.93 4.1925 3.465 83796B 0.55
6.93 4.77 -4.0425 705144 0.55
6.93 4.77 4.0425 705144 0.55
6.93 5.3475 -3.465 9F9373 0.55
8.6625 5.3475 -3.465 948365 0.55
8.6625 5.3475 3.465 948365 0.55
6.93 5.3475 3.465 9F9373 0.55
6.93 5.925 -3.465 9F9373 0.55
8.6625 5.925 -3.465 948365 0.55
8.6625 5.925 3.465 948365 0.55
6.93 5.925 3.465 9F9373 0.55
6.93 6.502501 -3.465 9F9373 0.55
8.6625 6.502501 -3.465 948365 0.55
8.6625 6.502501 3.465 948365 0.55
6.93 6.502501 3.465 9F9373 0.55
6.93 7.08 -3.465 9F9373 0.55
6.93 7.08 3.465 9F9373 0.55
6.93 8.8125 -2.8875 45281C 0.55
6.93 8.8125 2.8875 45281C 0.55
6.93 8.235 -2.8875 4D7352 0.55
6.93 8.235 2.8875 4D7352 0.55
8.085 9.389999 -2.8875 3D5F42 0.55
8.085 9.389999 2.8875 3D5F42 0.55
6.93 9.9675 -2.8875 4D7352 0.55
6.93 9.9675 -1.7325 4D7352 0.55
6.93 9.9675 1.7325 4D7352 0.55
6.93 9.9675 2.8875 4D7352 0.55
6.93 10.545 -2.8875 4D7352 0.55
6.93 10.545 2.8875 4D7352 0.55
6.93 11.1225 -2.8875 4D7352 0.55
6.93 11.1225 2.8875 4D7352 0.55
6.93 11.7 -0.5775 4D7352 0.55
6.93 11.7 0 948365 0.55
6.93 11.7 0.5775 4D7352 0.55
6.93 12.2775 -0.5775 4D7352 0.55
6.93 12.2775 0 948365 0.55
6.93 12.2775 0.5775 4D7352 0.55
7.5075 7.08 -3.465 705E44 0.55
7.5075 7.6575 -2.8875 523326 0.55
7.5075 8.8125 -2.31 523326 0.55
7.5075 12.855 0 523326 0.55
7.5075 8.8125 2.31 523326 0.55
7.5075 7.6575 2.8875 523326 0.55
7.5075 7.08 3.465 705E44 0.55
7.5075 0.15 -3.465 83796B 0.55
7.5075 0.15 3.465 83796B 0.55
7.5075 0.7275 -3.465 83796B 0.55
7.5075 0.7275 3.465 83796B 0.55
7.5075 1.305 -3.465 83796B 0.55
7.5075 1.305 3.465 83796B 0.55
7.5075 1.8825 -3.465 83796B 0.55
7.5075 1.8825 3.465 83796B 0.55
7.5075 2.46 -3.465 83796B 0.55
7.5075 2.46 3.465 83796B 0.55
7.5075 3.0375 -3.465 83796B 0.55
7.5075 3.0375 3.465 83796B 0.55
7.5075 3.615 -3.465 70695A 0.55
7.5075 3.615 3.465 70695A 0.55
7.5075 4.1925 -3.465 83796B 0.55
7.5075 4.1925 3.465 83796B 0.55
7.5075 4.77 -4.0425 705144 0.55
7.5075 4.77 4.0425 705144 0.55
7.5075 5.3475 -2.8875 252829 0.55
7.5075 5.3475 -3.465 B7AB96 0.55
7.5075 5.3475 3.465 B7AB96 0.55
7.5075 5.3475 2.8875 252829 0.55
7.5075 5.925 -3.465 446947 0.55
7.5075 5.925 3.465 446947 0.55
7.5075 6.502501 -2.8875 252829 0.55
7.5075 6.502501 2.8875 252829 0.55
7.5075 7.6575 -3.465 523326 0.55
7.5075 7.6575 3.465 523326 0.55
7.5075 8.8125 -2.8875 523326 0.55
7.5075 8.8125 2.8875 523326 0.55
7.5075 8.235 -2.8875 4D7352 0.55
7.5075 8.235 2.8875 4D7352 0.55
7.5075 9.389999 -2.31 252829 0.55
7.5075 9.389999 -2.8875 916D5F 0.55
7.5075 9.389999 2.31 916D5F 0.55
7.5075 9.389999 2.8875 916D5F 0.55
7.5075 9.9675 -2.31 252829 0.55
7.5075 9.9675 -1.7325 4D7352 0.55
7.5075 9.9675 1.7325 4D7352 0.55
7.5075 9.9675 2.31 252829 0.55
7.5075 10.545 -2.8875 948365 0.55
7.5075 10.545 -1.7325 4D7352 0.55
7.5075 10.545 1.7325 4D7352 0.55
7.5075 10.545 2.8875 948365 0.55
7.5075 11.1225 -2.8875 4D7352 0.55
7.5075 11.1225 -1.155 4D7352 0.55
7.5075 11.1225 1.155 4D7352 0.55
7.5075 11.1225 2.8875 4D7352 0.55
7.5075 11.7 -0.5775 4D7352 0.55
7.5075 11.1225 -2.31 58845A 0.55
7.5075 11.1225 -1.7325 58845A 0.55
7.5075 11.7 0.5775 4D7352 0.55
7.5075 11.1225 1.7325 58845A 0.55
7.5075 11.1225 2.31 58845A 0.55
7.5075 12.2775 -0.5775 4D7352 0.55
7.5075 12.2775 0.5775 4D7352 0.55
8.085 7.08 -3.465 705E44 0.55
8.085 7.6575 -2.8875 523326 0.55
8.085 8.8125 -2.31 523326 0.55
8.085 12.855 0 523326 0.55
8.085 8.8125 2.31 523326 0.55
8.085 7.6575 2.8875 523326 0.55
8.085 7.08 3.465 705E44 0.55
8.085 0.15 -3.465 83796B 0.55
8.085 0.15 3.465 83796B 0.55
8.085 0.7275 -3.465 83796B 0.55
8.085 0.7275 3.465 83796B 0.55
8.085 1.305 -3.465 83796B 0.55
8.085 1.305 3.465 83796B 0.55
8.085 1.8825 -3.465 83796B 0.55
8.085 1.8825 3.465 83796B 0.55
8.085 2.46 -3.465 83796B 0.55
8.085 2.46 3.465 83796B 0.55
8.085 3.0375 -3.465 83796B 0.55
8.085 3.0375 3.465 83796B 0.55
8.085 3.615 -3.465 70695A 0.55
8.085 3.615 3.465 70695A 0.55
8.085 4.1925 -3.465 83796B 0.55
8.085 4.1925 3.465 83796B 0.55
8.085 4.77 -4.0425 705144 0.55
8.085 4.77 4.0425 705144 0.55
8.085 5.3475 -2.8875 252829 0.55
8.085 5.3475 -3.465 B7AB96 0.55
8.085 5.3475 3.465 B7AB96 0.55
8.085 5.3475 2.8875 252829 0.55
8.085 5.925 -3.465 446947 0.55
8.085 5.925 3.465 446947 0.55
8.085 6.502501 -2.8875 252829 0.55
8.085 6.502501 2.8875 252829 0.55
8.085 7.6575 -3.465 523326 0.55
8.085 7.6575 3.465 523326 0.55
8.085 8.8125 -2.8875 523326 0.55
8.085 8.8125 2.8875 523326 0.55
8.085 8.235 -2.8875 4D7352 0.55
8.085 8.235 2.8875 4D7352 0.55
8.085 9.389999 -2.31 4D7352 0.55
8.085 9.389999 2.31 916D5F 0.55
8.085 9.9675 -1.7325 4D7352 0.55
8.085 9.9675 -2.31 446947 0.55
8.085 9.9675 2.31 446947 0.55
8.085 9.9675 1.7325 4D7352 0.55
8.085 10.545 -1.7325 4D7352 0.55
8.085 10.545 -2.31 446947 0.55
8.085 10.545 1.7325 4D7352 0.55
8.085 10.545 2.31 446947 0.55
8.085 11.1225 -1.155 4D7352 0.55
8.085 11.1225 -2.31 446947 0.55
8.085 11.1225 -1.7325 446947 0.55
8.085 11.1225 1.155 446947 0.55
8.085 11.1225 1.7325 446947 0.55
8.085 11.1225 2.31 446947 0.55
8.085 11.7 -2.8875 705144 0.55
8.085 11.7 -0.5775 4D7352 0.55
8.085 11.7 -2.31 705144 0.55
8.085 11.7 2.31 705144 0.55
8.085 11.7 0.5775 4D7352 0.55
8.085 11.7 2.8875 705144 0.55
8.085 12.2775 -0.5775 4D7352 0.55
8.085 12.2775 0.5775 4D7352 0.55
8.6625 4.1925 -3.465 342015 0.55
8.6625 4.1925 -2.8875 342015 0.55
8.6625 4.1925 -2.31 342015 0.55
8.6625 4.1925 -1.7325 342015 0.55
8.6625 4.1925 -1.155 342015 0.55
8.6625 4.1925 -0.5775 342015 0.55
8.6625 4.1925 0 342015 0.55
8.6625 4.1925 0.5775 342015 0.55
8.6625 4.1925 1.155 342015 0.55
8.6625 4.1925 1.7325 342015 0.55
8.6625 4.1925 2.31 342015 0.55
8.6625 4.1925 2.8875 342015 0.55
8.6625 4.1925 3.465 342015 0.55
8.6625 0.15 -3.465 83796B 0.55
8.6625 0.15 3.465 83796B 0.55
8.6625 0.7275 -3.465 83796B 0.55
8.6625 0.7275 3.465 83796B 0.55
8.6625 1.305 -3.465 83796B 0.55
8.6625 1.305 3.465 83796B 0.55
8.6625 1.8825 -3.465 83796B 0.55
8.6625 1.8825 3.465 83796B 0.55
8.6625 2.46 -3.465 83796B 0.55
8.6625 2.46 3.465 83796B 0.55
8.6625 3.0375 -3.465 83796B 0.55
8.6625 3.0375 3.465 83796B 0.55
8.6625 3.615 -3.465 70695A 0.55
8.6625 3.615 3.465 70695A 0.55
8.6625 4.77 -4.0425 705144 0.55
8.6625 7.08 -3.465 705E44 0.55
8.6625 4.77 -3.465 705144 0.55
8.6625 7.6575 -2.8875 523326 0.55
8.6625 4.77 -2.8875 705144 0.55
8.6625 4.77 -2.31 705144 0.55
8.6625 4.77 -1.7325 705144 0.55
8.6625 4.77 -1.155 705144 0.55
8.6625 4.77 -0.5775 705144 0.55
8.6625 12.855 0 523326 0.55
8.6625 4.77 0 705144 0.55
8.6625 4.77 0.5775 705144 0.55
8.6625 4.77 1.155 705144 0.55
8.6625 4.77 1.7325 705144 0.55
8.6625 4.77 2.31 705144 0.55
8.6625 7.6575 2.8875 523326 0.55
8.6625 4.77 2.8875 705144 0.55
8.6625 7.08 3.465 705E44 0.55
8.6625 4.77 3.465 705144 0.55
8.6625 4.77 4.0425 705144 0.55
8.6625 5.3475 -2.8875 252829 0.55
8.6625 5.3475 2.8875 252829 0.55
8.6625 6.502501 -2.8875 252829 0.55
8.6625 6.502501 2.8875 252829 0.55
8.6625 7.6575 -3.465 523326 0.55
8.6625 7.6575 3.465 523326 0.55
8.6625 8.235 -2.8875 4D7352 0.55
8.6625 8.235 2.8875 4D7352 0.55
8.6625 8.8125 -2.8875 4D7352 0.55
8.6625 8.8125 2.8875 4D7352 0.55
8.6625 9.389999 -2.31 4D7352 0.55
8.6625 9.389999 2.31 4D7352 0.55
8.6625 9.9675 -1.7325 4D7352 0.55
8.6625 9.9675 1.7325 4D7352 0.55
8.6625 10.545 -1.7325 4D7352 0.55
8.6625 10.545 1.7325 4D7352 0.55
8.6625 11.1225 -1.155 4D7352 0.55
8.6625 11.1225 1.155 4D7352 0.55
8.6625 11.7 -0.5775 4D7352 0.55
8.6625 11.7 0.5775 4D7352 0.55
8.6625 12.2775 -0.5775 4D7352 0.55
8.6625 12.2775 0.5775 4D7352 0.55
9.24 4.1925 -3.465 60594A 0.55
9.24 4.1925 -2.8875 60594A 0.55
9.24 4.1925 -2.31 60594A 0.55
9.24 4.1925 -1.7325 60594A 0.55
9.24 4.1925 -1.155 60594A 0.55
9.24 4.1925 -0.5775 60594A 0.55
9.24 4.1925 0 60594A 0.55
9.24 4.1925 0.5775 60594A 0.55
9.24 4.1925 1.155 60594A 0.55
9.24 4.1925 1.7325 60594A 0.55
9.24 4.1925 2.31 60594A 0.55
9.24 4.1925 2.8875 60594A 0.55
9.24 4.1925 3.465 60594A 0.55
9.24 0.15 -3.465 83796B 0.55
9.24 0.15 3.465 83796B 0.55
9.24 0.7275 -3.465 83796B 0.55
9.24 0.7275 3.465 83796B 0.55
9.24 1.305 -3.465 83796B 0.55
9.24 1.305 3.465 83796B 0.55
9.24 1.8825 -3.465 83796B 0.55
9.24 1.8825 3.465 83796B 0.55
9.24 2.46 -3.465 83796B 0.55
9.24 2.46 3.465 83796B 0.55
9.24 3.0375 -3.465 83796B 0.55
9.24 3.0375 3.465 83796B 0.55
9.24 3.615 -3.465 A29889 0.55
9.24 3.615 -2.8875 A29889 0.55
9.24 3.615 -2.31 A29889 0.55
9.24 3.615 -1.7325 A29889 0.55
9.24 3.615 -1.155 A29889 0.55
9.24 3.615 -0.5775 A29889 0.55
9.24 3.615 0 A29889 0.55
9.24 3.615 0.5775 A29889 0.55
9.24 3.615 1.155 A29889 0.55
9.24 3.615 1.7325 A29889 0.55
9.24 3.615 2.31 A29889 0.55
9.24 3.615 2.8875 A29889 0.55
9.24 3.615 3.465 A29889 0.55
9.24 7.6575 -3.465 523326 0.55
9.24 7.6575 -2.8875 523326 0.55
9.24 7.6575 -2.31 523326 0.55
9.24 7.6575 -1.7325 523326 0.55
9.24 7.6575 -1.155 523326 0.55
9.24 7.6575 -0.5775 523326 0.55
9.24 7.6575 0 523326 0.55
9.24 7.6575 0.5775 523326 0.55
9.24 7.6575 1.155 523326 0.55
9.24 7.6575 1.7325 523326 0.55
9.24 7.6575 2.31 523326 0.55
9.24 7.6575 2.8875 523326 0.55
9.24 7.6575 3.465 523326 0.55
9.24 4.77 -4.0425 705144 0.55
9.24 4.77 4.0425 705144 0.55
9.24 4.77 -3.465 916D5F 0.55
9.24 5.3475 -3.465 948365 0.55
9.24 4.77 -2.8875 916D5F 0.55
9.24 5.3475 -2.8875 948365 0.55
9.24 4.77 -2.31 916D5F 0.55
8.6625 5.3475 -2.31 252829 0.55
9.24 4.77 -1.7325 916D5F 0.55
9.24 5.3475 -1.7325 446947 0.55
9.24 4.77 -1.155 916D5F 0.55
9.24 5.3475 -1.155 446947 0.55
9.24 4.77 -0.5775 916D5F 0.55
9.24 5.3475 -0.5775 948365 0.55
9.24 4.77 0 916D5F 0.55
9.24 5.3475 0 948365 0.55
9.24 4.77 0.5775 916D5F 0.55
9.24 5.3475 0.5775 948365 0.55
9.24 4.77 1.155 916D5F 0.55
9.24 5.3475 1.155 446947 0.55
9.24 4.77 1.7325 916D5F 0.55
9.24 5.3475 1.7325 446947 0.55
9.24 4.77 2.31 916D5F 0.55
9.24 5.3475 2.31 446947 0.55
9.24 4.77 2.8875 916D5F 0.55
9.24 5.3475 2.8875 948365 0.55
9.24 4.77 3.465 916D5F 0.55
9.24 5.3475 3.465 948365 0.55
9.24 5.925 -3.465 948365 0.55
9.24 5.925 -2.8875 948365 0.55
9.24 5.925 -2.31 446947 0.55
9.24 5.925 -1.7325 446947 0.55
9.24 5.925 -1.155 446947 0.55
9.24 5.925 -0.5775 948365 0.55
9.24 5.925 0 948365 0.55
9.24 5.925 0.5775 948365 0.55
9.24 5.925 1.155 446947 0.55
9.24 5.925 1.7325 446947 0.55
9.24 5.925 2.31 446947 0.55
9.24 5.925 2.8875 948365 0.55
9.24 5.925 3.465 948365 0.55
9.24 6.502501 -3.465 948365 0.55
9.24 6.502501 -2.8875 948365 0.55
8.6625 6.502501 -2.31 252829 0.55
8.6625 6.502501 -1.7325 252829 0.55
8.6625 6.502501 -1.155 252829 0.55
9.24 6.502501 -0.5775 948365 0.55
9.24 6.502501 0 948365 0.55
9.24 6.502501 0.5775 948365 0.55
8.6625 6.502501 1.155 252829 0.55
8.6625 6.502501 1.7325 252829 0.55
8.6625 6.502501 2.31 252829 0.55
9.24 6.502501 2.8875 948365 0.55
9.24 6.502501 3.465 948365 0.55
9.24 7.08 -3.465 948365 0.55
9.24 7.08 -2.8875 948365 0.55
9.24 7.08 -2.31 948365 0.55
9.24 7.08 -1.7325 948365 0.55
9.24 7.08 -1.155 948365 0.55
9.24 7.08 -0.5775 948365 0.55
9.24 7.08 0 948365 0.55
9.24 7.08 0.5775 948365 0.55
9.24 7.08 1.155 948365 0.55
9.24 7.08 1.7325 948365 0.55
9.24 7.08 2.31 948365 0.55
9.24 7.08 2.8875 948365 0.55
9.24 7.08 3.465 948365 0.55
9.24 8.235 -2.8875 314A33 0.55
9.24 8.8125 -2.31 314A33 0.55
9.24 9.9675 -1.7325 314A33 0.55
9.24 10.545 -1.155 314A33 0.55
9.24 11.7 -0.5775 314A33 0.55
9.24 12.2775 0 314A33 0.55
9.24 11.7 0.5775 314A33 0.55
9.24 10.545 1.155 314A33 0.55
9.24 9.9675 1.7325 314A33 0.55
9.24 8.8125 2.31 314A33 0.55
9.24 8.235 2.8875 314A33 0.55
9.24 8.235 -2.31 948365 0.55
9.24 8.235 -1.7325 948365 0.55
9.24 8.235 -1.155 948365 0.55
9.24 8.235 -0.5775 948365 0.55
9.24 8.235 0 948365 0.55
9.24 8.235 0.5775 948365 0.55
9.24 8.235 1.155 948365 0.55
9.24 8.235 1.7325 948365 0.55
9.24 8.235 2.31 948365 0.55
9.24 8.8125 -2.8875 4D7352 0.55
9.24 8.8125 -1.7325 948365 0.55
9.24 8.8125 -1.155 948365 0.55
9.24 8.8125 -0.5775 948365 0.55
9.24 8.8125 0 948365 0.55
9.24 8.8125 0.5775 948365 0.55
9.24 8.8125 1.155 948365 0.55
9.24 8.8125 1.7325 948365 0.55
9.24 8.8125 2.8875 4D7352 0.55
9.24 9.389999 -2.31 4D7352 0.55
9.24 9.389999 2.31 314A33 0.55
9.24 9.389999 -1.7325 948365 0.55
9.24 9.389999 -1.155 948365 0.55
9.24 9.389999 -0.5775 948365 0.55
9.24 9.389999 0 948365 0.55
9.24 9.389999 0.5775 948365 0.55
9.24 9.389999 1.155 948365 0.55
9.24 9.389999 1.7325 948365 0.55
9.24 9.9675 -1.155 948365 0.55
9.24 9.9675 -0.5775 948365 0.55
9.24 9.9675 0 948365 0.55
9.24 9.9675 0.5775 948365 0.55
9.24 9.9675 1.155 948365 0.55
9.24 10.545 -1.7325 4D7352 0.55
9.24 10.545 -0.5775 948365 0.55
9.24 10.545 0 948365 0.55
9.24 10.545 0.5775 948365 0.55
9.24 10.545 1.7325 4D7352 0.55
9.24 11.1225 -1.155 4D7352 0.55
9.24 11.1225 1.155 314A33 0.55
9.24 11.1225 -0.5775 948365 0.55
9.24 11.1225 0 948365 0.55
9.24 11.1225 0.5775 948365 0.55
9.24 11.7 0 948365 0.55
9.24 12.2775 -0.5775 4D7352 0.55
9.24 12.2775 0.5775 4D7352 0.55
9.24 12.855 0 916D5F 0.55
9.8175 7.6575 -3.465 523326 0.55
9.8175 7.6575 -2.8875 523326 0.55
9.8175 8.8125 -2.31 314A33 0.55
9.8175 9.9675 -1.7325 314A33 0.55
9.8175 10.545 -1.155 314A33 0.55
9.8175 11.7 -0.5775 314A33 0.55
9.8175 12.2775 0 314A33 0.55
9.8175 11.7 0.5775 314A33 0.55
9.8175 10.545 1.155 314A33 0.55
9.8175 9.9675 1.7325 314A33 0.55
9.8175 8.8125 2.31 314A33 0.55
9.8175 7.6575 2.8875 523326 0.55
9.8175 7.6575 3.465 523326 0.55
9.24 0.15 -2.8875 70695A 0.55
9.24 0.15 -2.31 70695A 0.55
9.24 0.15 -1.7325 70695A 0.55
9.24 0.15 -1.155 70695A 0.55
9.24 0.15 -0.5775 70695A 0.55
9.24 0.15 0 70695A 0.55
9.24 0.15 0.5775 70695A 0.55
9.24 0.15 1.155 70695A 0.55
9.24 0.15 1.7325 70695A 0.55
9.24 0.15 2.31 70695A 0.55
9.24 0.15 2.8875 70695A 0.55
9.24 0.7275 -2.8875 70695A 0.55
9.24 0.7275 -2.31 70695A 0.55
9.24 0.7275 -1.7325 70695A 0.55
9.24 0.7275 -1.155 70695A 0.55
9.24 0.7275 -0.5775 70695A 0.55
9.24 0.7275 0 70695A 0.55
9.24 0.7275 0.5775 70695A 0.55
9.24 0.7275 1.155 70695A 0.55
9.24 0.7275 1.7325 70695A 0.55
9.24 0.7275 2.31 70695A 0.55
9.24 0.7275 2.8875 70695A 0.55
9.24 1.305 -2.8875 70695A 0.55
9.24 1.305 -2.31 70695A 0.55
9.24 1.305 -1.7325 70695A 0.55
9.24 1.305 -1.155 70695A 0.55
9.24 1.305 -0.5775 70695A 0.55
9.24 1.305 0 70695A 0.55
9.24 1.305 0.5775 70695A 0.55
9.24 1.305 1.155 70695A 0.55
9.24 1.305 1.7325 70695A 0.55
9.24 1.305 2.31 70695A 0.55
9.24 1.305 2.8875 70695A 0.55
9.24 1.8825 -2.8875 70695A 0.55
9.24 1.8825 -2.31 70695A 0.55
9.24 1.8825 -1.7325 70695A 0.55
9.24 1.8825 -1.155 70695A 0.55
9.24 1.8825 -0.5775 70695A 0.55
9.24 1.8825 0 70695A 0.55
9.24 1.8825 0.5775 70695A 0.55
9.24 1.8825 1.155 70695A 0.55
9.24 1.8825 1.7325 70695A 0.55
9.24 1.8825 2.31 70695A 0.55
9.24 1.8825 2.8875 70695A 0.55
9.24 2.46 -2.8875 70695A 0.55
9.24 2.46 -2.31 70695A 0.55
9.24 2.46 -1.7325 70695A 0.55
9.24 2.46 -1.155 70695A 0.55
9.24 2.46 -0.5775 70695A 0.55
9.24 2.46 0 70695A 0.55
9.24 2.46 0.5775 70695A 0.55
9.24 2.46 1.155 70695A 0.55
9.24 2.46 1.7325 70695A 0.55
9.24 2.46 2.31 70695A 0.55
9.24 2.46 2.8875 70695A 0.55
9.24 3.0375 -2.8875 70695A 0.55
9.24 3.0375 -2.31 70695A 0.55
9.24 3.0375 -1.7325 70695A 0.55
9.24 3.0375 -1.155 70695A 0.55
9.24 3.0375 -0.5775 70695A 0.55
9.24 3.0375 0 70695A 0.55
9.24 3.0375 0.5775 70695A 0.55
9.24 3.0375 1.155 70695A 0.55
9.24 3.0375 1.7325 70695A 0.55
9.24 3.0375 2.31 70695A 0.55
9.24 3.0375 2.8875 70695A 0.55
9.8175 4.77 -3.465 623F36 0.55
9.8175 4.77 -2.8875 623F36 0.55
9.8175 4.77 -2.31 623F36 0.55
9.8175 4.77 -1.7325 623F36 0.55
9.8175 4.77 -1.155 623F36 0.55
9.8175 4.77 -0.5775 623F36 0.55
9.8175 4.77 0 623F36 0.55
9.8175 4.77 0.5775 623F36 0.55
9.8175 4.77 1.155 623F36 0.55
9.8175 4.77 1.7325 623F36 0.55
9.8175 4.77 2.31 623F36 0.55
9.8175 4.77 2.8875 623F36 0.55
9.8175 4.77 3.465 623F36 0.55
9.8175 8.235 -2.8875 314A33 0.55
9.8175 8.235 2.8875 314A33 0.55
9.8175 8.8125 -2.8875 4D7352 0.55
9.8175 8.8125 2.8875 4D7352 0.55
9.8175 9.389999 -2.31 4D7352 0.55
9.8175 9.389999 2.31 314A33 0.55
9.8175 10.545 -1.7325 4D7352 0.55
9.8175 10.545 1.7325 4D7352 0.55
9.8175 11.1225 -1.155 4D7352 0.55
9.8175 11.1225 1.155 314A33 0.55
9.8175 12.2775 -0.5775 4D7352 0.55
9.8175 12.2775 0.5775 4D7352 0.55
10.395 7.6575 -3.465 623F36 0.55
10.395 7.6575 -2.8875 623F36 0.55
10.395 7.6575 2.8875 623F36 0.55
10.395 7.6575 3.465 623F36 0.55
10.395 12.855 0 623F36 0.55
