0 0 4 493824 0.95
-2.85 0 4.950001 604F3C 0.95
-1.9 0 5.9 5A4734 0.95
-2.85 0 6.85 5A4734 0.95
-0.95 0.95 3.049999 56693D 0.95
-3.8 0.95 4.950001 99702C 0.95
-1.9 0.95 5.9 5A4734 0.95
-1.9 1.9 4.950001 5A4734 0.95
-1.9 1.9 5.9 5A4734 0.95
-1.9 2.85 4.950001 5A4734 0.95
-1.9 2.85 5.9 5A4734 0.95
-1.9 3.8 4.950001 5A4734 0.95
-1.9 3.8 5.9 5A4734 0.95
-0.95 4.75 4 5A4734 0.95
-0.95 4.75 4.950001 5A4734 0.95
-0.95 5.7 4.950001 5A4734 0.95
-2.85 6.65 4 493824 0.95
-1.9 6.65 4.950001 5A4734 0.95
0 7.6 3.049999 5A4734 0.95
-3.8 7.6 4 5A4734 0.95
5.7 7.6 4.950001 601E1E 0.95
2.85 8.55 -0.75 5A4734 0.95
1.9 8.55 0.2000008 5A4734 0.95
-5.7 8.55 1.15 7E2526 0.95
-4.75 8.55 2.1 7E2526 0.95
-5.7 8.55 3.049999 601E1E 0.95
-5.7 8.55 4 6F2421 0.95
-5.7 8.55 4.950001 7E2526 0.95
-5.7 8.55 5.9 7E2526 0.95
-4.75 8.55 6.85 7E2526 0.95
1.9 9.5 -1.700001 601E1E 0.95
0 9.5 -0.75 601E1E 0.95
-0.95 9.5 0.2000008 6F2421 0.95
0 9.5 1.15 6F2421 0.95
-5.7 9.5 2.1 7E2526 0.95
-6.65 9.5 3.049999 7E2526 0.95
-6.65 9.5 4 6F2421 0.95
-5.7 9.5 4.950001 6F2421 0.95
-4.75 9.5 5.9 7E2526 0.95
0.95 10.45 -1.700001 7E2526 0.95
-0.95 10.45 -0.75 7E2526 0.95
-2.85 10.45 0.2000008 6F2421 0.95
-2.85 10.45 1.15 6F2421 0.95
-2.85 10.45 2.1 6F2421 0.95
-5.7 10.45 3.049999 7E2526 0.95
-5.7 10.45 4 6F2421 0.95
-4.75 10.45 4.950001 6F2421 0.95
1.9 11.4 -1.700001 7E2526 0.95
0.95 11.4 -0.75 7E2526 0.95
-2.85 11.4 0.2000008 6F2421 0.95
-2.85 11.4 1.15 6F2421 0.95
-2.85 11.4 2.1 6F2421 0.95
-2.85 11.4 3.049999 6F2421 0.95
-2.85 11.4 4 6F2421 0.95
-0.95 11.4 4.950001 7E2526 0.95
0.95 12.35 0.2000008 7E2526 0.95
-1.9 12.35 1.15 6F2421 0.95
-1.9 12.35 2.1 6F2421 0.95
-2.85 12.35 3.049999 6F2421 0.95
-0.95 12.35 4 7E2526 0.95
0 13.3 1.15 7E2526 0.95
-0.95 13.3 2.1 6F2421 0.95
-0.95 13.3 3.049999 7E2526 0.95
-5.7 9.5 3.049999 601E1E 0.95
-5.7 9.5 4 571C1B 0.95
1.9 8.55 4 6F2421 0.95
1.9 9.5 3.049999 6F2421 0.95
0.95 9.5 4 601E1E 0.95
-4.75 7.6 1.15 571C1B 0.95
-4.75 7.6 2.1 571C1B 0.95
-4.75 8.55 3.049999 571C1B 0.95
-4.75 8.55 4 493824 0.95
-4.75 8.55 4.950001 571C1B 0.95
-4.75 8.55 5.9 571C1B 0.95
-4.75 8.55 0.2000008 6F2421 0.95
-4.75 8.55 1.15 6F2421 0.95
0.95 8.55 1.15 5A4734 0.95
-4.75 9.5 2.1 601E1E 0.95
-4.75 9.5 3.049999 571C1B 0.95
-0.95 8.55 3.049999 493824 0.95
-4.75 9.5 4 571C1B 0.95
-4.75 9.5 4.950001 571C1B 0.95
3.8 8.55 4.950001 7E2526 0.95
-4.75 9.5 1.15 7E2526 0.95
0.95 9.5 2.1 6F2421 0.95
0.95 9.5 4.950001 601E1E 0.95
-4.75 10.45 3.049999 9C3131 0.95
-4.75 10.45 2.1 9C3131 0.95
-2.85 10.45 3.049999 6F2421 0.95
-4.75 10.45 4 9C3131 0.95
-2.85 10.45 4 6F2421 0.95
-0.95 10.45 4.950001 7E2526 0.95
-4.75 11.4 3.049999 9C3131 0.95
-4.75 11.4 4 9C3131 0.95
-4.75 11.4 4.950001 9C3131 0.95
-3.8 8.55 0.2000008 571C1B 0.95
-3.8 7.6 1.15 571C1B 0.95
-3.8 8.55 2.1 6F2421 0.95
-3.8 8.55 3.049999 571C1B 0.95
-3.8 8.55 5.9 571C1B 0.95
-3.8 0 4.950001 56693D 0.95
-3.8 8.55 4.950001 601E1E 0.95
-1.9 0.95 4.950001 5A4734 0.95
-3.8 8.55 4 571C1B 0.95
-0.95 7.6 4 5A4734 0.95
-3.8 8.55 1.15 6F2421 0.95
-3.8 9.5 2.1 6F2421 0.95
0.95 8.55 2.1 604F3C 0.95
-3.8 9.5 3.049999 571C1B 0.95
-3.8 9.5 4 571C1B 0.95
-3.8 9.5 4.950001 601E1E 0.95
-3.8 8.55 6.85 6F2421 0.95
-3.8 9.5 1.15 9C3131 0.95
-3.8 9.5 5.9 9C3131 0.95
-3.8 10.45 3.049999 9C3131 0.95
-3.8 10.45 2.1 9C3131 0.95
-3.8 10.45 4 9C3131 0.95
-3.8 10.45 4.950001 9C3131 0.95
-3.8 11.4 4 7E2526 0.95
-2.85 7.6 3.049999 5A4734 0.95
-2.85 0 4 5A4734 0.95
-1.9 0 4.950001 5A4734 0.95
-2.85 0 7.799999 5A4734 0.95
-2.85 0.95 6.85 604F3C 0.95
-2.85 9.5 3.049999 6F2421 0.95
-2.85 9.5 4 601E1E 0.95
-2.85 7.6 4 604F3C 0.95
-2.85 8.55 3.049999 6F2421 0.95
-2.85 8.55 1.15 7E2526 0.95
-2.85 8.55 2.1 7E2526 0.95
-2.85 8.55 4 601E1E 0.95
-2.85 8.55 4.950001 7E2526 0.95
-2.85 8.55 5.9 7E2526 0.95
-2.85 9.5 4.950001 7E2526 0.95
-2.85 10.45 -0.75 7E2526 0.95
-0.95 10.45 0.2000008 6F2421 0.95
-0.95 10.45 1.15 6F2421 0.95
0 10.45 2.1 6F2421 0.95
0.95 10.45 3.049999 6F2421 0.95
0.95 10.45 4 9C3131 0.95
-2.85 10.45 4.950001 7E2526 0.95
0.95 11.4 2.1 9C3131 0.95
0.95 11.4 3.049999 6F2421 0.95
-2.85 12.35 2.1 6F2421 0.95
-2.85 12.35 4 9C3131 0.95
-1.9 10.45 0.2000008 601E1E 0.95
-1.9 10.45 1.15 571C1B 0.95
-1.9 10.45 2.1 571C1B 0.95
-1.9 10.45 3.049999 571C1B 0.95
-1.9 10.45 4 601E1E 0.95
-1.9 0 4 493824 0.95
-1.9 0 6.85 5A4734 0.95
-1.9 0.95 4 604F3C 0.95
-1.9 6.65 4 5A4734 0.95
-0.95 6.65 4 5A4734 0.95
-0.95 6.65 4.950001 5A4734 0.95
-1.9 7.6 4.950001 604F3C 0.95
-1.9 9.5 3.049999 493824 0.95
-1.9 9.5 4 5A4734 0.95
-1.9 10.45 -0.75 7E2526 0.95
-1.9 10.45 4.950001 7E2526 0.95
-1.9 11.4 -0.75 7E2526 0.95
0 11.4 0.2000008 7E2526 0.95
0 11.4 1.15 6F2421 0.95
-1.9 11.4 4.950001 7E2526 0.95
-1.9 12.35 0.2000008 7E2526 0.95
0.95 12.35 1.15 6F2421 0.95
-1.9 12.35 3.049999 9C3131 0.95
-1.9 12.35 4 9C3131 0.95
-1.9 13.3 1.15 9C3131 0.95
-1.9 13.3 2.1 9C3131 0.95
-1.9 13.3 3.049999 9C3131 0.95
-0.95 10.45 2.1 571C1B 0.95
-0.95 0 4.950001 493824 0.95
-0.95 0 5.9 493824 0.95
-0.95 0 4 604F3C 0.95
-0.95 0 6.85 604F3C 0.95
-0.95 0.95 4 604F3C 0.95
-0.95 0.95 5.9 604F3C 0.95
-0.95 1.9 4.950001 604F3C 0.95
-0.95 1.9 5.9 604F3C 0.95
-0.95 2.85 4.950001 604F3C 0.95
-0.95 2.85 5.9 604F3C 0.95
-0.95 3.8 4 604F3C 0.95
-0.95 3.8 5.9 604F3C 0.95
-0.95 5.7 4 604F3C 0.95
0 5.7 4.950001 523F2C 0.95
4.75 6.65 4 5A4734 0.95
0.95 6.65 4.950001 604F3C 0.95
-0.95 10.45 4 601E1E 0.95
5.7 7.6 4 571C1B 0.95
-0.95 7.6 4.950001 604F3C 0.95
-0.95 10.45 3.049999 571C1B 0.95
2.85 8.55 3.049999 6F2421 0.95
-0.95 8.55 4 604F3C 0.95
0.95 10.45 4.950001 7E2526 0.95
-0.95 11.4 -0.75 7E2526 0.95
-0.95 11.4 0.2000008 9C3131 0.95
-0.95 12.35 0.2000008 7E2526 0.95
-0.95 12.35 1.15 9C3131 0.95
-0.95 12.35 2.1 9C3131 0.95
-0.95 12.35 3.049999 9C3131 0.95
-0.95 13.3 1.15 7E2526 0.95
-0.95 14.25 2.1 9C3131 0.95
0 10.45 -0.75 571C1B 0.95
0 9.5 0.2000008 571C1B 0.95
0 0 4.950001 493824 0.95
0 0 5.9 493824 0.95
0 4.75 4 604F3C 0.95
0 4.75 4.950001 5A4734 0.95
0 0 6.85 493824 0.95
0 0.95 4 604F3C 0.95
0 0.95 4.950001 5A4734 0.95
0 0.95 5.9 5A4734 0.95
0 1.9 4.950001 5A4734 0.95
0 1.9 5.9 5A4734 0.95
0 2.85 4.950001 5A4734 0.95
0 2.85 5.9 5A4734 0.95
0 3.8 4.950001 5A4734 0.95
0 3.8 5.9 5A4734 0.95
0 10.45 4 601E1E 0.95
0 5.7 4 5A4734 0.95
0 10.45 4.950001 571C1B 0.95
0 6.65 4 5A4734 0.95
0 6.65 4.950001 5A4734 0.95
0 10.45 3.049999 571C1B 0.95
5.7 7.6 3.049999 7E2526 0.95
0 7.6 4 5A4734 0.95
0 8.55 3.049999 604F3C 0.95
0 10.45 0.2000008 571C1B 0.95
0 10.45 1.15 571C1B 0.95
0 11.4 -0.75 7E2526 0.95
0.95 11.4 1.15 9C3131 0.95
0 11.4 4.950001 7E2526 0.95
0 12.35 0.2000008 7E2526 0.95
0 12.35 1.15 9C3131 0.95
0 12.35 2.1 9C3131 0.95
0 12.35 3.049999 9C3131 0.95
0 12.35 4 9C3131 0.95
0 12.35 4.950001 7E2526 0.95
0 13.3 2.1 9C3131 0.95
0 13.3 3.049999 9C3131 0.95
0 13.3 4 7E2526 0.95
0 14.25 2.1 9C3131 0.95
0 14.25 3.049999 7E2526 0.95
0.95 9.5 -0.75 571C1B 0.95
0.95 9.5 0.2000008 571C1B 0.95
0.95 9.5 3.049999 571C1B 0.95
0.95 5.7 4.950001 493824 0.95
0.95 10.45 5.9 571C1B 0.95
0.95 0 5.9 5A4734 0.95
0.95 0 4 5A4734 0.95
0.95 0 6.85 5A4734 0.95
0.95 0.95 6.85 99702C 0.95
0.95 0.95 7.799999 99702C 0.95
0.95 9.5 1.15 571C1B 0.95
3.8 8.55 1.15 6F2421 0.95
2.85 8.55 2.1 6F2421 0.95
0.95 10.45 -0.75 571C1B 0.95
2.85 9.5 -0.75 7E2526 0.95
0.95 10.45 0.2000008 571C1B 0.95
0.95 10.45 1.15 571C1B 0.95
0.95 10.45 2.1 571C1B 0.95
3.8 9.5 2.1 6F2421 0.95
2.85 9.5 4 7E2526 0.95
3.8 9.5 4.950001 7E2526 0.95
1.9 10.45 3.049999 9C3131 0.95
4.75 10.45 4 7E2526 0.95
0.95 11.4 -1.700001 9C3131 0.95
0.95 11.4 0.2000008 9C3131 0.95
0.95 11.4 4 9C3131 0.95
0.95 11.4 4.950001 7E2526 0.95
0.95 12.35 -0.75 9C3131 0.95
0.95 12.35 2.1 9C3131 0.95
0.95 12.35 3.049999 9C3131 0.95
0.95 12.35 4 9C3131 0.95
0.95 13.3 0.2000008 9C3131 0.95
0.95 13.3 1.15 9C3131 0.95
0.95 13.3 2.1 9C3131 0.95
0.95 13.3 3.049999 9C3131 0.95
1.9 9.5 -0.75 571C1B 0.95
1.9 9.5 1.15 571C1B 0.95
1.9 9.5 2.1 601E1E 0.95
1.9 9.5 4 571C1B 0.95
1.9 9.5 4.950001 571C1B 0.95
1.9 10.45 5.9 571C1B 0.95
1.9 6.65 4 5A4734 0.95
1.9 6.65 4.950001 5A4734 0.95
1.9 9.5 0.2000008 571C1B 0.95
1.9 10.45 -1.700001 571C1B 0.95
2.85 9.5 -1.700001 9C3131 0.95
1.9 10.45 -0.75 571C1B 0.95
1.9 10.45 0.2000008 571C1B 0.95
1.9 10.45 1.15 571C1B 0.95
1.9 10.45 2.1 571C1B 0.95
1.9 9.5 5.9 6F2421 0.95
1.9 10.45 -2.65 7E2526 0.95
1.9 10.45 4 6F2421 0.95
1.9 10.45 4.950001 7E2526 0.95
1.9 11.4 -0.75 9C3131 0.95
1.9 11.4 0.2000008 7E2526 0.95
1.9 11.4 1.15 9C3131 0.95
1.9 11.4 3.049999 7E2526 0.95
1.9 11.4 4 9C3131 0.95
1.9 11.4 4.950001 6F2421 0.95
1.9 12.35 -0.75 7E2526 0.95
1.9 12.35 0.2000008 9C3131 0.95
1.9 12.35 1.15 9C3131 0.95
1.9 12.35 2.1 9C3131 0.95
1.9 12.35 3.049999 9C3131 0.95
1.9 12.35 4 9C3131 0.95
1.9 13.3 0.2000008 9C3131 0.95
1.9 13.3 1.15 7E2526 0.95
2.85 9.5 0.2000008 571C1B 0.95
2.85 9.5 1.15 571C1B 0.95
2.85 10.45 2.1 601E1E 0.95
2.85 8.55 4 601E1E 0.95
2.85 9.5 4.950001 601E1E 0.95
2.85 5.7 4 5A4734 0.95
2.85 5.7 4.950001 5A4734 0.95
2.85 8.55 0.2000008 5A4734 0.95
2.85 9.5 3.049999 571C1B 0.95
6.65 8.55 3.049999 7E2526 0.95
6.65 8.55 4 6F2421 0.95
2.85 10.45 -0.75 571C1B 0.95
2.85 10.45 0.2000008 571C1B 0.95
2.85 10.45 1.15 571C1B 0.95
2.85 9.5 2.1 601E1E 0.95
3.8 9.5 4 7E2526 0.95
2.85 10.45 -1.700001 6F2421 0.95
2.85 10.45 3.049999 7E2526 0.95
3.8 10.45 3.049999 6F2421 0.95
2.85 10.45 5.9 6F2421 0.95
2.85 11.4 -0.75 6F2421 0.95
2.85 11.4 -1.700001 9C3131 0.95
2.85 11.4 1.15 9C3131 0.95
2.85 11.4 0.2000008 9C3131 0.95
1.9 11.4 2.1 6F2421 0.95
2.85 11.4 2.1 7E2526 0.95
2.85 11.4 4 9C3131 0.95
2.85 11.4 4.950001 7E2526 0.95
2.85 12.35 0.2000008 6F2421 0.95
2.85 12.35 -0.75 9C3131 0.95
2.85 12.35 1.15 9C3131 0.95
3.8 9.5 -1.700001 571C1B 0.95
3.8 9.5 -0.75 571C1B 0.95
3.8 9.5 0.2000008 6F2421 0.95
3.8 8.55 2.1 6F2421 0.95
3.8 7.6 3.049999 571C1B 0.95
3.8 7.6 4 571C1B 0.95
3.8 9.5 1.15 601E1E 0.95
3.8 8.55 3.049999 6F2421 0.95
3.8 8.55 4 6F2421 0.95
3.8 10.45 -0.75 571C1B 0.95
3.8 10.45 0.2000008 571C1B 0.95
3.8 10.45 1.15 571C1B 0.95
3.8 9.5 3.049999 9C3131 0.95
3.8 10.45 -1.700001 9C3131 0.95
3.8 10.45 2.1 7E2526 0.95
3.8 10.45 4 9C3131 0.95
2.85 10.45 4 7E2526 0.95
2.85 10.45 4.950001 7E2526 0.95
3.8 11.4 0.2000008 6F2421 0.95
3.8 11.4 1.15 9C3131 0.95
4.75 9.5 -0.75 571C1B 0.95
4.75 7.6 2.1 571C1B 0.95
4.75 7.6 3.049999 571C1B 0.95
4.75 8.55 4.950001 601E1E 0.95
4.75 5.7 4 493824 0.95
4.75 7.6 4 571C1B 0.95
4.75 8.55 1.15 7E2526 0.95
4.75 8.55 2.1 6F2421 0.95
4.75 8.55 3.049999 6F2421 0.95
4.75 8.55 4 6F2421 0.95
4.75 9.5 -1.700001 7E2526 0.95
4.75 9.5 2.1 7E2526 0.95
4.75 9.5 3.049999 9C3131 0.95
4.75 9.5 4.950001 9C3131 0.95
4.75 10.45 1.15 6F2421 0.95
4.75 10.45 -0.75 9C3131 0.95
4.75 10.45 0.2000008 6F2421 0.95
4.75 10.45 3.049999 7E2526 0.95
4.75 10.45 2.1 9C3131 0.95
5.7 8.55 2.1 601E1E 0.95
5.7 8.55 4.950001 6F2421 0.95
6.65 7.6 4 6F2421 0.95
6.65 7.6 4.950001 6F2421 0.95
5.7 8.55 1.15 7E2526 0.95
5.7 8.55 3.049999 6F2421 0.95
5.7 8.55 4 6F2421 0.95
5.7 8.55 5.9 7E2526 0.95
5.7 9.5 2.1 7E2526 0.95
5.7 9.5 3.049999 9C3131 0.95
5.7 9.5 4 9C3131 0.95
4.75 9.5 4 9C3131 0.95
5.7 9.5 4.950001 9C3131 0.95
5.7 10.45 3.049999 7E2526 0.95
5.7 10.45 4 9C3131 0.95
6.65 7.6 3.049999 601E1E 0.95
6.65 7.6 2.1 7E2526 0.95
6.65 8.55 2.1 7E2526 0.95
6.65 9.5 3.049999 9C3131 0.95
7.6 7.6 3.049999 571C1B 0.95
7.6 7.6 4 571C1B 0.95
7.6 7.6 2.1 7E2526 0.95
7.6 7.6 4.950001 7E2526 0.95
7.6 8.55 3.049999 7E2526 0.95
7.6 8.55 4.950001 7E2526 0.95
7.6 9.5 3.049999 6F2421 0.95
7.6 9.5 4 9C3131 0.95
8.55 7.6 4 571C1B 0.95
8.55 7.6 3.049999 6F2421 0.95
8.55 8.55 4 9C3131 0.95
