-1.05 1.25 -1.95 9C8E7B 1
1.192093E-07 1.25 -1.95 9C927B 1
1.192093E-07 2.3 -1.95 9C8E7B 1
1.192093E-07 3.35 -1.95 705E4A 1
1.192093E-07 4.4 -1.95 9C8E7B 1
1.192093E-07 5.45 -1.95 9C8E7B 1
1.192093E-07 6.5 -1.95 9C8E7B 1
1.192093E-07 7.55 -1.95 9C8E7B 1
1.192093E-07 8.599999 -1.95 9C8E7B 1
1.05 8.599999 -3 9C8E7B 1
-1.05 9.65 -3 9C8E7B 1
1.192093E-07 9.65 -1.95 9C8E7B 1
1.05 9.65 -3 705E4A 1
-1.05 10.7 -3 9C8E7B 1
1.192093E-07 10.7 -1.95 9C8E7B 1
2.100001 10.7 -3 9C8E7B 1
-3.15 11.75 1.200001 DA6904 1
-2.1 11.75 1.200001 DA6904 1
-1.05 11.75 1.2 DA6904 1
4.768372E-07 11.75 1.2 DA6904 1
1.050001 11.75 1.2 DA6904 1
2.100001 11.75 1.2 DA6904 1
3.150001 11.75 0.1500001 DA6904 1
4.200001 11.75 0.1500001 DA6904 1
-5.25 12.8 2.250001 DA8304 1
-4.2 12.8 2.250001 DA8304 1
-3.15 12.8 2.250001 DA8304 1
-2.1 12.8 2.250001 DA8304 1
-1.05 12.8 2.25 DA8304 1
4.768372E-07 12.8 2.25 DA8304 1
1.050001 12.8 2.25 DA8304 1
2.100001 12.8 2.25 DA8304 1
3.150001 12.8 2.25 DA8304 1
4.200001 12.8 2.25 DA8304 1
5.250001 12.8 2.25 DA8304 1
-5.25 13.85 2.250001 DA8304 1
-4.2 13.85 2.250001 DA8304 1
-3.15 13.85 2.250001 DA8304 1
-2.1 13.85 2.250001 DA8304 1
-1.05 13.85 2.25 DA8304 1
4.768372E-07 13.85 2.25 DA8304 1
1.050001 13.85 2.25 DA8304 1
2.100001 13.85 1.2 DA8304 1
3.150001 13.85 1.2 DA8304 1
4.200001 13.85 1.199999 DA8304 1
5.250001 13.85 1.2 DA8304 1
-5.250001 14.9 -7.2 DA7904 1
-4.2 14.9 2.250001 DA8304 1
-3.15 14.9 1.200001 DA8304 1
-2.1 14.9 1.200001 DA8304 1
-1.05 14.9 1.2 DA8304 1
4.768372E-07 14.9 1.2 DA8304 1
1.050001 14.9 1.2 DA8304 1
2.100001 14.9 1.2 DA8304 1
3.150001 14.9 1.2 DA8304 1
4.200001 14.9 1.199999 DA8304 1
5.250001 14.9 1.2 DA8304 1
-4.2 15.95 1.200001 DA8304 1
-3.15 15.95 1.200001 DA8304 1
-2.1 15.95 1.200001 DA8304 1
-1.05 15.95 1.2 DA8304 1
4.768372E-07 15.95 1.2 DA8304 1
1.050001 15.95 1.2 DA8304 1
2.100001 15.95 1.2 DA8304 1
3.150001 15.95 1.2 DA8304 1
4.200001 15.95 1.199999 DA8304 1
-4.2 17 1.200001 DA8304 1
-3.15 17 1.200001 DA8304 1
-2.1 17 1.200001 DA8304 1
-1.05 17 1.2 DA8304 1
4.768372E-07 17 1.2 DA8304 1
1.050001 17 1.2 DA8304 1
2.100001 17 1.2 DA8304 1
3.150001 17 1.2 DA8304 1
4.200001 17 1.199999 DA8304 1
-4.2 18.05 1.200001 DA8304 1
-3.15 18.05 1.200001 DA8304 1
-2.1 18.05 1.200001 DA8304 1
-1.05 18.05 1.2 DA8304 1
4.768372E-07 18.05 1.2 DA8304 1
1.050001 18.05 1.2 DA8304 1
2.100001 18.05 1.2 DA8304 1
3.150001 18.05 1.2 DA8304 1
4.200001 18.05 0.1500001 DA8304 1
-3.15 19.1 0.150001 DA8304 1
-2.1 19.1 0.1500008 DA8304 1
-1.05 19.1 0.1500006 DA8304 1
4.768372E-07 19.1 0.1500006 DA8304 1
1.050001 19.1 0.1500006 DA8304 1
2.100001 19.1 0.1500003 DA8304 1
3.150001 19.1 0.1500001 DA8304 1
-3.15 20.15 0.150001 DA8304 1
-2.1 20.15 0.1500008 DA8304 1
-1.05 20.15 0.1500006 DA8304 1
4.768372E-07 20.15 0.1500006 DA8304 1
1.050001 20.15 0.1500006 DA8304 1
2.100001 20.15 0.1500003 DA8304 1
3.150001 20.15 0.1500001 DA8304 1
-2.1 21.2 -0.8999996 DA8304 1
-1.05 21.2 -0.8999996 DA8304 1
2.384186E-07 21.2 -0.8999999 DA8304 1
1.050001 21.2 -0.9000001 DA8304 1
2.100001 21.2 -1.95 DA8304 1
-1.05 22.25 -1.95 DA8304 1
1.192093E-07 22.25 -1.95 DA8304 1
1.05 22.25 -1.95 DA8304 1
-5.25 12.8 1.200001 D95D05 1
-4.2 12.8 1.200001 DA7904 1
3.150001 11.75 1.2 DA6904 1
4.200001 11.75 1.199999 DA6904 1
5.250001 12.8 1.2 D95D05 1
-3.15 12.8 1.200001 DA7904 1
-2.1 12.8 1.200001 DA7904 1
-1.05 12.8 1.2 DA7904 1
4.768372E-07 12.8 1.2 DA7904 1
1.050001 12.8 1.2 DA7904 1
2.100001 12.8 1.2 DA7904 1
3.150001 12.8 1.2 DA7904 1
4.200001 12.8 1.199999 DA7904 1
-5.25 13.85 1.200001 DA7904 1
-5.25 14.9 1.200001 DA7904 1
-5.25 15.95 1.200001 DA7904 1
5.250001 15.95 1.2 DA7904 1
-5.25 17 1.200001 DA7904 1
5.250001 17 1.2 DA7904 1
-2.1 18.05 0.1500008 DA8304 1
-1.05 18.05 0.1500006 DA8304 1
4.768372E-07 18.05 0.1500006 DA8304 1
1.050001 18.05 0.1500006 DA8304 1
2.100001 18.05 0.1500003 DA8304 1
3.150001 18.05 0.1500001 DA8304 1
4.200001 18.05 1.199999 DA9C04 1
-4.2 19.1 1.200001 DA9C04 1
-3.15 19.1 1.200001 DA9C04 1
-2.1 19.1 1.200001 DA9C04 1
-1.05 19.1 1.2 DA9C04 1
4.768372E-07 19.1 1.2 DA9C04 1
1.050001 19.1 1.2 DA9C04 1
-5.25 12.8 0.150001 D95D05 1
-4.2 11.75 0.150001 DA7904 1
-3.15 11.75 0.150001 D95D05 1
-2.1 11.75 0.1500008 D95D05 1
-1.05 11.75 0.1500006 D95D05 1
4.768372E-07 11.75 0.1500006 D95D05 1
1.050001 11.75 0.1500006 D95D05 1
2.100001 11.75 0.1500003 D95D05 1
5.250001 12.8 0.1500001 D95D05 1
-3.15 12.8 0.150001 D95D05 1
-2.1 12.8 0.1500008 D95D05 1
-1.05 12.8 0.1500006 D95D05 1
4.768372E-07 12.8 0.1500006 D95D05 1
1.050001 12.8 0.1500006 D95D05 1
2.100001 12.8 0.1500003 D95D05 1
3.150001 12.8 0.1500001 D95D05 1
4.200001 12.8 0.1500001 D95D05 1
-4.2 12.8 0.150001 DA7904 1
-5.25 13.85 0.150001 DA7904 1
5.250001 13.85 0.1500001 DA7904 1
-5.25 14.9 0.150001 DA7904 1
5.250001 14.9 0.1500001 DA7904 1
-5.25 15.95 0.150001 DA7904 1
5.250001 15.95 0.1500001 DA7904 1
-5.25 17 0.150001 DA7904 1
5.250001 17 0.1500001 DA7904 1
-4.2 18.05 0.150001 DA7904 1
-5.25 12.8 -0.8999994 D95D05 1
-4.2 11.75 -0.8999994 DA7904 1
-3.15 11.75 -0.8999994 D95D05 1
-2.1 11.75 -0.8999996 D95D05 1
-1.05 11.75 -0.8999996 D95D05 1
2.384186E-07 11.75 -0.8999999 D95D05 1
1.050001 11.75 -0.9000001 D95D05 1
2.100001 11.75 -0.8999999 D95D05 1
3.15 11.75 -0.9000001 D95D05 1
4.200001 11.75 -0.9000001 DA7904 1
5.250001 12.8 -0.9000001 D95D05 1
2.384186E-07 1.25 -0.8999999 9C927B 1
-3.15 12.8 -0.8999994 D95D05 1
-2.1 12.8 -0.8999996 D95D05 1
-1.05 12.8 -0.8999996 D95D05 1
2.384186E-07 12.8 -0.8999999 D95D05 1
1.050001 12.8 -0.9000001 D95D05 1
2.100001 12.8 -0.8999999 D95D05 1
3.15 12.8 -0.9000001 D95D05 1
4.200001 12.8 -0.9000001 D95D05 1
-4.2 12.8 -0.8999994 DA7904 1
-5.25 13.85 -0.8999994 DA7904 1
5.250001 13.85 -0.9000001 DA7904 1
-5.25 14.9 -0.8999994 DA7904 1
5.250001 14.9 -0.9000001 DA7904 1
-5.25 15.95 -0.8999994 DA7904 1
5.250001 15.95 -0.9000001 DA7904 1
-5.25 17 -0.8999994 DA7904 1
5.250001 17 -0.9000001 DA7904 1
-4.2 18.05 -0.8999994 DA7904 1
4.200001 18.05 -0.9000001 DA9C04 1
3.15 18.05 -0.9000001 DA9C04 1
-4.2 19.1 -0.8999994 DA7904 1
-3.15 18.05 -0.8999994 DA9C04 1
-2.1 18.05 -0.8999996 DA9C04 1
-1.05 18.05 -0.8999996 DA9C04 1
2.384186E-07 18.05 -0.8999999 DA9C04 1
1.050001 18.05 -0.9000001 DA9C04 1
2.100001 18.05 -0.8999999 DA9C04 1
4.200001 19.1 -0.9000001 DA7904 1
-3.15 20.15 -0.8999994 DA7904 1
2.100001 20.15 -0.8999999 DA8304 1
4.200001 20.15 -0.9000001 DA7904 1
-2.1 20.15 -0.8999996 DA9C04 1
-1.05 20.15 -0.8999996 DA9C04 1
2.384186E-07 20.15 -0.8999999 DA9C04 1
1.050001 20.15 -0.9000001 DA9C04 1
3.15 20.15 -0.9000001 DA9C04 1
-5.25 12.8 -1.949999 D95D05 1
-4.2 11.75 -1.949999 DA7904 1
-3.15 11.75 -1.949999 D95D05 1
-2.1 11.75 -1.949999 D95D05 1
-1.05 11.75 -1.95 D95D05 1
1.192093E-07 11.75 -1.95 D95D05 1
1.05 11.75 -1.95 D95D05 1
2.100001 11.75 -1.95 D95D05 1
3.15 11.75 -1.95 D95D05 1
4.2 11.75 -1.95 DA7904 1
5.25 12.8 -1.95 D95D05 1
1.192093E-07 0.2 -1.95 9C8E7B 1
1.05 0.2 -1.95 9C8E7B 1
1.05 1.25 -1.95 8E8475 1
-3.15 12.8 -1.949999 D95D05 1
-2.1 12.8 -1.949999 D95D05 1
-1.05 12.8 -1.95 D95D05 1
1.192093E-07 12.8 -1.95 D95D05 1
1.05 12.8 -1.95 D95D05 1
2.100001 12.8 -1.95 D95D05 1
3.15 12.8 -1.95 D95D05 1
4.2 12.8 -1.95 D95D05 1
-4.2 12.8 -1.949999 DA7904 1
-5.25 13.85 -1.949999 DA7904 1
5.25 13.85 -1.95 DA7904 1
-5.25 14.9 -1.949999 DA7904 1
5.25 14.9 -1.95 DA7904 1
-5.25 15.95 -1.949999 DA7904 1
5.25 15.95 -1.95 DA7904 1
-5.25 17 -1.949999 DA7904 1
5.25 17 -1.95 DA7904 1
-4.2 18.05 -1.949999 DA7904 1
3.15 18.05 -1.95 DA9C04 1
4.2 18.05 -1.95 DA9C04 1
-4.2 19.1 -1.949999 DA7904 1
-3.15 18.05 -1.949999 DA9C04 1
-2.1 18.05 -1.949999 DA9C04 1
-1.05 18.05 -1.95 DA9C04 1
1.192093E-07 18.05 -1.95 DA9C04 1
1.05 18.05 -1.95 DA9C04 1
2.100001 18.05 -1.95 DA9C04 1
4.2 19.1 -1.95 DA7904 1
-3.15 20.15 -1.949999 DA7904 1
2.100001 20.15 -1.95 DA7904 1
3.15 20.15 -1.95 DA9C04 1
-2.1 21.2 -1.949999 DA7904 1
-2.1 20.15 -1.949999 DA9C04 1
-1.05 20.15 -1.95 DA9C04 1
1.192093E-07 20.15 -1.95 DA9C04 1
1.05 20.15 -1.95 DA9C04 1
-2.1 22.25 -1.949999 DA7904 1
2.100001 22.25 -1.95 DA7904 1
-1.05 23.3 -1.95 DA9C04 1
1.192093E-07 23.3 -1.95 DA9C04 1
1.05 23.3 -1.95 DA9C04 1
-5.25 12.8 -3 D95D05 1
-4.2 11.75 -3 DA7904 1
-3.15 11.75 -3 D95D05 1
-2.100001 11.75 -3 D95D05 1
-1.05 11.75 -3 D95D05 1
0 11.75 -3 D95D05 1
1.05 7.55 -3 84796B 1
3.15 11.75 -3 D95D05 1
4.2 11.75 -3 DA7904 1
5.25 12.8 -3 D95D05 1
-1.05 1.25 -3 8E8475 1
1.05 0.2 -3 8E8475 1
1.05 1.25 -3 8E8475 1
-1.05 2.3 -3 685644 1
1.05 2.3 -3 8E8475 1
-1.05 3.35 -3 8E8475 1
1.05 3.35 -3 685644 1
-1.05 4.4 -3 685644 1
1.05 4.4 -3 8E8475 1
-1.05 5.45 -3 8E8475 1
1.05 5.45 -3 8E8475 1
-1.05 6.5 -3 8E8475 1
1.05 6.5 -3 8E8475 1
-1.05 7.55 -3 8E8475 1
-1.05 8.599999 -3 8E8475 1
1.05 11.75 -3 D95D05 1
2.100001 9.65 -3 84796B 1
1.05 10.7 -3 8E8475 1
2.100001 11.75 -3 D95D05 1
-3.15 12.8 -3 D95D05 1
-2.100001 12.8 -3 D95D05 1
-1.05 12.8 -3 D95D05 1
0 12.8 -3 D95D05 1
1.05 12.8 -3 D95D05 1
2.100001 12.8 -3 D95D05 1
3.15 12.8 -3 D95D05 1
4.2 12.8 -3 D95D05 1
-4.2 12.8 -3 DA7904 1
-5.25 13.85 -3 DA7904 1
5.25 13.85 -3 DA7904 1
-5.25 14.9 -3 DA7904 1
5.25 14.9 -3 DA7904 1
-5.25 15.95 -3 DA7904 1
5.25 15.95 -3 DA7904 1
-5.25 17 -3 DA7904 1
5.25 17 -3 DA7904 1
-5.25 18.05 -3 DA7904 1
-4.2 18.05 -3 DA7904 1
3.15 18.05 -3 DA9C04 1
2.100001 18.05 -3 DA9C04 1
4.2 18.05 -3 DA9C04 1
-4.2 19.1 -3 DA7904 1
-3.15 18.05 -3 DA9C04 1
-2.100001 18.05 -3 DA9C04 1
-1.05 18.05 -3 DA9C04 1
0 18.05 -3 DA9C04 1
1.05 18.05 -3 DA9C04 1
4.2 19.1 -3 DA7904 1
-3.15 20.15 -3 DA7904 1
-2.100001 20.15 -3 DA7904 1
3.15 20.15 -3 DA9C04 1
2.100001 20.15 -3 DA7904 1
-2.100001 21.2 -3 DA7904 1
-1.05 20.15 -3 DA9C04 1
0 20.15 -3 DA9C04 1
1.05 20.15 -3 DA9C04 1
2.100001 21.2 -3 DA7904 1
-2.100001 22.25 -3 DA7904 1
2.100001 22.25 -3 DA7904 1
-1.05 23.3 -3 DA9C04 1
0 23.3 -3 DA9C04 1
1.05 22.25 -3 DA9C04 1
-5.25 12.8 -4.05 D95D05 1
-4.2 11.75 -4.05 DA7904 1
-3.15 11.75 -4.05 D95D05 1
-2.100001 11.75 -4.05 D95D05 1
-1.05 11.75 -4.05 D95D05 1
-1.192093E-07 11.75 -4.05 D95D05 1
1.05 11.75 -4.05 D95D05 1
2.1 11.75 -4.05 D95D05 1
3.15 11.75 -4.050001 D95D05 1
4.2 11.75 -4.050001 DA7904 1
5.25 12.8 -4.050001 D95D05 1
-1.05 1.25 -4.05 8E8475 1
1.05 1.25 -4.05 9F947E 1
-1.192093E-07 2.3 -4.05 9C8E7B 1
-1.05 2.3 -4.05 8E8475 1
1.05 2.3 -4.05 8E8475 1
-1.192093E-07 3.35 -4.05 9C8E7B 1
-1.192093E-07 4.4 -4.05 9C8E7B 1
-1.192093E-07 5.45 -4.05 9C8E7B 1
-1.192093E-07 6.5 -4.05 9C8E7B 1
-1.192093E-07 7.55 -4.05 9C8E7B 1
-1.192093E-07 8.599999 -4.05 9C8E7B 1
-1.05 9.65 -4.05 9C8E7B 1
-1.192093E-07 9.65 -4.05 9C8E7B 1
-1.05 10.7 -4.05 9C8E7B 1
-1.192093E-07 10.7 -4.05 9C8E7B 1
-3.15 12.8 -4.05 D95D05 1
-2.100001 12.8 -4.05 D95D05 1
-1.05 12.8 -4.05 D95D05 1
-1.192093E-07 12.8 -4.05 D95D05 1
1.05 12.8 -4.05 D95D05 1
2.1 12.8 -4.05 D95D05 1
3.15 12.8 -4.050001 D95D05 1
4.2 12.8 -4.050001 D95D05 1
-4.2 12.8 -4.05 DA7904 1
-5.25 13.85 -4.05 DA7904 1
5.25 13.85 -4.050001 DA7904 1
-5.25 14.9 -4.05 DA7904 1
5.25 14.9 -4.050001 DA7904 1
-5.25 15.95 -4.05 DA7904 1
5.25 15.95 -4.050001 DA7904 1
-5.25 17 -4.05 DA7904 1
5.25 17 -4.050001 DA7904 1
-5.25 18.05 -4.05 DA7904 1
-4.2 18.05 -4.05 DA7904 1
2.1 18.05 -4.05 DA9C04 1
3.15 18.05 -4.050001 DA9C04 1
4.2 18.05 -4.050001 DA9C04 1
-4.2 19.1 -4.05 DA7904 1
-3.15 18.05 -4.05 DA9C04 1
-2.100001 18.05 -4.05 DA9C04 1
-1.05 18.05 -4.05 DA9C04 1
-1.192093E-07 18.05 -4.05 DA9C04 1
1.05 18.05 -4.05 DA9C04 1
4.2 19.1 -4.050001 DA7904 1
-3.15 20.15 -4.05 DA7904 1
-2.100001 20.15 -4.05 DA7904 1
2.1 20.15 -4.05 DA9C04 1
1.05 20.15 -4.05 DA9C04 1
3.15 20.15 -4.050001 DA9C04 1
-2.100001 21.2 -4.05 DA7904 1
-1.05 20.15 -4.05 DA9C04 1
-1.192093E-07 20.15 -4.05 DA9C04 1
2.1 21.2 -4.05 DA7904 1
-2.100001 22.25 -4.05 DA7904 1
2.1 22.25 -4.05 DA7904 1
-1.05 22.25 -4.05 DA9C04 1
-1.192093E-07 22.25 -4.05 DA9C04 1
1.05 22.25 -4.05 DA9C04 1
-5.250001 12.8 -5.1 D95D05 1
-4.200001 11.75 -5.1 DA7904 1
-3.15 11.75 -5.1 D95D05 1
-2.100001 11.75 -5.1 D95D05 1
-1.050001 11.75 -5.1 D95D05 1
-2.384186E-07 11.75 -5.1 D95D05 1
1.05 11.75 -5.1 D95D05 1
2.1 11.75 -5.1 D95D05 1
3.15 11.75 -5.1 D95D05 1
4.2 11.75 -5.1 DA7904 1
5.25 12.8 -5.1 D95D05 1
-2.384186E-07 1.25 -5.1 9C927B 1
-1.192093E-07 1.25 -4.05 9C8E7B 1
-3.15 12.8 -5.1 D95D05 1
-2.100001 12.8 -5.1 D95D05 1
-1.050001 12.8 -5.1 D95D05 1
-2.384186E-07 12.8 -5.1 D95D05 1
1.05 12.8 -5.1 D95D05 1
2.1 12.8 -5.1 D95D05 1
3.15 12.8 -5.1 D95D05 1
4.2 12.8 -5.1 D95D05 1
-4.200001 12.8 -5.1 DA7904 1
-5.250001 13.85 -5.1 DA7904 1
5.25 13.85 -5.1 DA7904 1
-5.250001 14.9 -5.1 DA7904 1
5.25 14.9 -5.1 DA7904 1
-5.250001 15.95 -5.1 DA7904 1
5.25 15.95 -5.1 DA7904 1
-5.250001 17 -5.1 DA7904 1
5.25 17 -5.1 DA7904 1
-5.250001 18.05 -5.1 DA7904 1
-4.200001 18.05 -5.1 DA7904 1
2.1 18.05 -5.1 DA9C04 1
1.05 18.05 -5.1 DA9C04 1
3.15 18.05 -5.1 DA9C04 1
4.2 17 -5.1 DA9C04 1
4.2 18.05 -5.1 DA7904 1
-4.200001 19.1 -5.1 DA7904 1
-3.15 18.05 -5.1 DA9C04 1
-2.100001 18.05 -5.1 DA9C04 1
-1.050001 18.05 -5.1 DA9C04 1
-2.384186E-07 18.05 -5.1 DA9C04 1
4.2 19.1 -5.1 DA7904 1
-3.15 20.15 -5.1 DA7904 1
-2.100001 20.15 -5.1 DA8304 1
-2.384186E-07 20.15 -5.1 DA9C04 1
1.05 20.15 -5.1 DA9C04 1
2.1 20.15 -5.1 DA9C04 1
3.15 20.15 -5.1 DA9C04 1
-2.100001 21.2 -5.1 DA7904 1
-1.050001 20.15 -5.1 DA8304 1
-1.050001 21.2 -5.1 DA8304 1
-2.384186E-07 21.2 -5.1 DA8304 1
1.05 21.2 -5.1 DA8304 1
2.1 21.2 -5.1 DA8304 1
-1.050001 22.25 -5.1 DA8304 1
-2.384186E-07 22.25 -5.1 DA8304 1
1.05 22.25 -5.1 DA8304 1
-5.250001 12.8 -6.15 D95D05 1
-4.200001 11.75 -6.15 DA7904 1
-3.150001 11.75 -6.15 D95D05 1
-2.100001 11.75 -6.150001 D95D05 1
-1.050001 11.75 -6.150001 D95D05 1
-4.768372E-07 11.75 -6.150001 D95D05 1
1.05 11.75 -6.150001 D95D05 1
2.1 11.75 -6.150001 D95D05 1
3.15 11.75 -6.150001 D95D05 1
4.2 11.75 -6.150001 DA7904 1
5.25 12.8 -6.150001 D95D05 1
-3.150001 12.8 -6.15 D95D05 1
-2.100001 12.8 -6.150001 D95D05 1
-1.050001 12.8 -6.150001 D95D05 1
-4.768372E-07 12.8 -6.150001 D95D05 1
1.05 12.8 -6.150001 D95D05 1
2.1 12.8 -6.150001 D95D05 1
3.15 12.8 -6.150001 D95D05 1
4.2 12.8 -6.150001 D95D05 1
-4.200001 12.8 -6.15 DA7904 1
-5.250001 13.85 -6.15 DA7904 1
5.25 13.85 -6.150001 DA7904 1
-5.250001 14.9 -6.15 DA7904 1
5.25 14.9 -6.150001 DA7904 1
-5.250001 15.95 -6.15 DA7904 1
5.25 15.95 -6.150001 DA7904 1
-5.250001 17 -6.15 DA7904 1
5.25 17 -6.150001 DA7904 1
-5.250001 18.05 -6.15 DA7904 1
-4.200001 18.05 -6.15 DA8304 1
-2.100001 18.05 -6.150001 DA8304 1
-3.150001 18.05 -6.15 DA8304 1
1.05 18.05 -6.150001 DA9C04 1
2.1 18.05 -6.150001 DA9C04 1
3.15 18.05 -6.150001 DA9C04 1
4.2 18.05 -6.150001 DA7904 1
3.15 19.1 -6.150001 DA8304 1
-3.150001 19.1 -6.15 DA8304 1
-2.100001 19.1 -6.150001 DA8304 1
-1.050001 18.05 -6.150001 DA8304 1
-1.050001 19.1 -6.150001 DA8304 1
-4.768372E-07 18.05 -6.150001 DA8304 1
-4.768372E-07 19.1 -6.150001 DA8304 1
1.05 19.1 -6.150001 DA8304 1
2.1 19.1 -6.150001 DA8304 1
4.2 19.1 -6.150001 DA7904 1
-3.150001 20.15 -6.15 DA8304 1
-2.100001 20.15 -6.150001 DA9C04 1
-5.250001 12.8 -7.2 D95D05 1
-4.200001 12.8 -7.199999 D95D05 1
-3.150001 12.8 -7.2 DA6904 1
-2.100001 12.8 -7.2 DA6904 1
-1.050001 12.8 -7.2 DA6904 1
-4.768372E-07 11.75 -7.2 DA6904 1
1.05 11.75 -7.2 DA6904 1
2.1 11.75 -7.200001 DA6904 1
3.15 11.75 -7.200001 DA6904 1
4.2 11.75 -7.200001 DA6904 1
5.25 12.8 -7.200001 D95D05 1
-3.150001 11.75 -7.2 DA6904 1
-2.100001 11.75 -7.2 DA6904 1
-1.050001 11.75 -7.2 DA6904 1
-4.768372E-07 12.8 -7.2 DA7904 1
1.05 12.8 -7.2 DA7904 1
2.1 12.8 -7.200001 DA7904 1
3.15 12.8 -7.200001 DA7904 1
4.2 12.8 -7.200001 DA7904 1
-5.250001 13.85 -7.2 DA7904 1
5.25 13.85 -7.200001 DA7904 1
5.25 14.9 -7.200001 DA7904 1
-5.250001 15.95 -7.2 DA7904 1
5.25 15.95 -7.200001 DA7904 1
-5.250001 17 -7.2 DA7904 1
5.25 17 -7.200001 DA7904 1
-4.200001 18.05 -7.199999 DA9C04 1
-3.150001 18.05 -7.2 DA9C04 1
-2.100001 18.05 -7.2 DA9C04 1
-1.050001 18.05 -7.2 DA9C04 1
-4.768372E-07 18.05 -7.2 DA9C04 1
1.05 18.05 -7.2 DA9C04 1
2.1 18.05 -7.200001 DA9C04 1
3.15 17 -7.200001 DA9C04 1
4.2 17 -7.200001 DA9C04 1
-5.250001 12.8 -8.25 DA8304 1
-4.200001 12.8 -8.25 DA8304 1
-3.150001 12.8 -8.25 DA8304 1
-2.100001 12.8 -8.25 DA8304 1
-1.050001 12.8 -8.25 DA8304 1
-4.768372E-07 12.8 -8.25 DA8304 1
1.05 12.8 -8.25 DA8304 1
2.1 12.8 -8.250001 DA8304 1
3.15 12.8 -8.250001 DA8304 1
4.2 12.8 -8.250001 DA8304 1
5.25 12.8 -8.250001 DA8304 1
-4.200001 13.85 -7.199999 DA8304 1
-3.150001 13.85 -7.2 DA8304 1
-2.100001 13.85 -7.2 DA8304 1
-1.050001 13.85 -8.25 DA8304 1
-4.768372E-07 13.85 -8.25 DA8304 1
1.05 13.85 -8.25 DA8304 1
2.1 13.85 -8.250001 DA8304 1
3.15 13.85 -8.250001 DA8304 1
4.2 13.85 -8.250001 DA8304 1
5.25 13.85 -8.250001 DA8304 1
-4.200001 14.9 -7.199999 DA8304 1
-3.150001 14.9 -7.2 DA8304 1
-2.100001 14.9 -7.2 DA8304 1
-1.050001 14.9 -7.2 DA8304 1
-4.768372E-07 14.9 -7.2 DA8304 1
1.05 14.9 -7.2 DA8304 1
2.1 14.9 -7.200001 DA8304 1
3.15 14.9 -8.250001 DA8304 1
4.2 14.9 -8.250001 DA8304 1
-4.200001 15.95 -7.199999 DA8304 1
-3.150001 15.95 -7.2 DA8304 1
-2.100001 15.95 -7.2 DA8304 1
-1.050001 15.95 -7.2 DA8304 1
-4.768372E-07 15.95 -7.2 DA8304 1
1.05 15.95 -7.2 DA8304 1
2.1 15.95 -7.200001 DA8304 1
3.15 15.95 -7.200001 DA8304 1
4.2 15.95 -7.200001 DA8304 1
-4.200001 17 -7.199999 DA8304 1
-3.150001 17 -7.2 DA8304 1
-2.100001 17 -7.2 DA8304 1
-1.050001 17 -7.2 DA8304 1
-4.768372E-07 17 -7.2 DA8304 1
1.05 17 -7.2 DA8304 1
2.1 17 -7.200001 DA8304 1
