-3.8 0.6300001 11.65 6E57A2 0.95
0 1.58 -7.349998 9493B7 0.95
0 1.58 -6.4 9493B7 0.95
0 1.58 -5.45 BB5147 0.95
-0.95 1.58 -4.5 202B6E 0.95
-0.95 1.58 -3.549999 334B9E 0.95
-0.95 1.58 -2.6 282E66 0.95
-0.95 1.58 -1.65 302A6B 0.95
-2.85 1.58 -0.7000008 39418D 0.95
-3.8 1.58 0.25 8A96B8 0.95
-5.7 1.58 1.200001 EFB677 0.95
-3.8 1.58 2.15 2C3B85 0.95
-3.8 1.58 3.1 385CA9 0.95
-4.75 1.58 4.049999 3D63AD 0.95
-5.7 1.58 5 3D63AD 0.95
-6.65 1.58 5.950001 E17050 0.95
-7.6 1.58 6.9 E36F4F 0.95
-7.6 1.58 7.85 6976B1 0.95
-8.55 1.58 8.799999 6970AD 0.95
-8.55 1.58 9.75 5363AA 0.95
-8.55 1.58 10.7 3B59A8 0.95
-8.55 1.58 11.65 3C66AE 0.95
-8.55 1.58 12.6 908EB6 0.95
0 2.53 -8.3 9491B7 0.95
-0.95 2.53 -7.349998 8F8AB5 0.95
0 2.53 -6.4 783334 0.95
-0.95 2.53 -5.45 813034 0.95
-0.95 2.53 -4.5 818DB8 0.95
-0.95 2.53 -3.549999 386AB4 0.95
-3.8 2.53 -2.6 46A7C7 0.95
-3.8 2.53 -1.65 47A7C6 0.95
-3.8 2.53 -0.7000008 459FC3 0.95
-3.8 2.53 0.25 459EC2 0.95
-3.8 2.53 1.200001 2C357C 0.95
-3.8 2.53 2.15 449CC2 0.95
-4.75 2.53 3.1 4296C0 0.95
-5.7 2.53 4.049999 469FC3 0.95
-6.65 2.53 5 47A0C3 0.95
-7.6 2.53 5.950001 FFB45D 0.95
-7.6 2.53 6.9 FFB25D 0.95
-8.55 2.53 7.85 7DBCCC 0.95
-8.55 2.53 8.799999 80BDCC 0.95
-8.55 2.53 9.75 459BC1 0.95
-8.55 2.53 10.7 4395BE 0.95
-8.55 2.53 11.65 4491BE 0.95
-8.55 2.53 12.6 A1C2D0 0.95
0 3.48 -7.349998 79BCCF 0.95
-0.95 3.48 -6.4 959EBA 0.95
-0.95 3.48 -5.45 8B8AB5 0.95
-0.95 3.48 -4.5 3867B1 0.95
-1.9 3.48 -3.549999 3161B1 0.95
-1.9 3.48 -2.6 2E66B4 0.95
-1.9 3.48 -1.65 2860B2 0.95
-1.9 3.48 -0.7000008 2962B2 0.95
-1.9 3.48 0.25 234BA1 0.95
-1.9 3.48 1.200001 234DA7 0.95
-1.9 3.48 2.15 3C86BD 0.95
-1.9 3.48 3.1 3A85BD 0.95
-1.9 3.48 4.049999 3A85BC 0.95
-1.9 3.48 5 255DB1 0.95
-3.8 3.48 5.950001 D2A06E 0.95
-4.75 3.48 6.9 5577AF 0.95
-4.75 3.48 7.85 2E6BB5 0.95
-4.75 3.48 8.799999 2C63B2 0.95
-4.75 3.48 9.75 2D66B3 0.95
-4.75 3.48 10.7 2D6AB4 0.95
-4.75 3.48 11.65 669ABD 0.95
-4.75 3.48 12.6 293074 0.95
0 4.43 -4.5 78B1C7 0.95
0 4.43 -3.549999 BA8566 0.95
0 4.43 -2.6 B98465 0.95
0 4.43 -1.65 BA8A6A 0.95
-0.95 4.43 2.15 CA744F 0.95
-0.95 4.43 3.1 DBA872 0.95
-1.9 4.43 4.049999 DBA972 0.95
-1.9 4.43 5 ADC2BF 0.95
-1.9 4.43 5.950001 388BBD 0.95
-1.9 4.43 6.9 3580BA 0.95
-1.9 4.43 7.85 3379BA 0.95
-1.9 4.43 8.799999 3074B9 0.95
-3.8 4.43 9.75 44A9CA 0.95
-4.75 4.43 10.7 44AACC 0.95
-4.75 4.43 11.65 A1D0E1 0.95
-0.95 5.38 4.049999 445D95 0.95
-0.95 5.38 5 A2C6CB 0.95
-0.95 5.38 5.950001 F3A86A 0.95
-1.9 5.38 6.9 3984BA 0.95
0 5.38 11.65 3379BA 0.95
0 5.38 12.6 3780BA 0.95
0 6.33 11.65 81B0C5 0.95
0 6.33 12.6 84ADC3 0.95
-8.55 0.6300001 12.6 855298 0.95
-6.65 1.58 11.65 202034 0.95
-6.65 1.58 12.6 202034 0.95
-8.55 1.58 13.55 26295B 0.95
-4.75 2.53 9.75 203493 0.95
-6.65 2.53 10.7 202034 0.95
-6.65 2.53 11.65 202034 0.95
-6.65 2.53 12.6 202034 0.95
-8.55 2.53 13.55 27295B 0.95
-8.55 3.48 10.7 4498C1 0.95
-8.55 3.48 11.65 4495BF 0.95
-8.55 3.48 12.6 AFEBFF 0.95
-7.6 1.58 8.799999 5C4990 0.95
-7.6 1.58 9.75 604A93 0.95
-7.6 1.58 10.7 39418E 0.95
-7.6 1.58 11.65 39428E 0.95
-7.6 1.58 12.6 855297 0.95
-4.75 1.58 7.85 202034 0.95
-4.75 1.58 8.799999 20264B 0.95
-4.75 1.58 9.75 202D70 0.95
-6.65 1.58 10.7 202034 0.95
-7.6 1.58 13.55 202034 0.95
-4.75 2.53 6.9 202034 0.95
-4.75 2.53 7.85 202034 0.95
-4.75 2.53 8.799999 20307F 0.95
-7.6 2.53 13.55 202034 0.95
-7.6 3.48 6.9 FFB35D 0.95
-7.6 3.48 7.85 5BB7CF 0.95
-7.6 3.48 8.799999 85D4EC 0.95
-7.6 3.48 9.75 88D6EC 0.95
-7.6 3.48 10.7 4AB9D8 0.95
-7.6 3.48 11.65 4AB9DA 0.95
-7.6 3.48 12.6 AEE9FE 0.95
-6.65 0.6300001 5.950001 D44D4D 0.95
-6.65 1.58 6.9 D34B4F 0.95
-6.65 1.58 7.85 383F86 0.95
-6.65 1.58 8.799999 604B93 0.95
-6.65 1.58 9.75 534085 0.95
-6.65 0.6300001 11.65 533C83 0.95
-6.65 0.6300001 12.6 835197 0.95
-3.8 1.58 5.950001 202034 0.95
-3.8 1.58 6.9 202034 0.95
-4.75 1.58 11.65 4353A6 0.95
-4.75 1.58 12.6 242758 0.95
-6.65 1.58 13.55 9EB1C3 0.95
-6.65 2.53 5.950001 3E81B3 0.95
-3.8 2.53 5.950001 202034 0.95
-4.75 2.53 11.65 3F62AD 0.95
-6.65 2.53 13.55 9BB0C2 0.95
-6.65 3.48 5.950001 FFC560 0.95
-6.65 3.48 6.9 FFC55D 0.95
-6.65 3.48 7.85 48B2CB 0.95
-6.65 3.48 8.799999 88D7ED 0.95
-6.65 3.48 9.75 85D3EC 0.95
-6.65 3.48 10.7 388FBF 0.95
-6.65 3.48 11.65 2C59AC 0.95
-6.65 3.48 12.6 A4E5FC 0.95
-5.7 1.58 5.950001 38418A 0.95
-5.7 0.6300001 6.9 D44D4F 0.95
-5.7 1.58 7.85 38408A 0.95
-5.7 1.58 8.799999 52428A 0.95
-5.7 1.58 9.75 202673 0.95
-4.75 1.58 1.200001 202034 0.95
-0.95 1.58 5 202034 0.95
-5.7 1.58 10.7 263086 0.95
-4.75 1.58 10.7 202E81 0.95
-5.7 1.58 11.65 2D3991 0.95
-5.7 1.58 12.6 434597 0.95
-5.7 2.53 5 46A0C3 0.95
-1.9 2.53 5 202034 0.95
-5.7 2.53 10.7 2D3B9B 0.95
-4.75 2.53 10.7 213C9B 0.95
-5.7 2.53 11.65 2D3B97 0.95
-5.7 2.53 12.6 3C499D 0.95
-4.75 2.53 12.6 232A60 0.95
-5.7 3.48 5 ADE9FE 0.95
-5.7 3.48 5.950001 47B1C9 0.95
-5.7 3.48 6.9 FFC25C 0.95
-5.7 3.48 7.85 3E9ABD 0.95
-5.7 3.48 8.799999 79CDE6 0.95
-5.7 3.48 9.75 2555AE 0.95
-4.75 1.58 5 39428E 0.95
-4.75 1.58 5.950001 3A428E 0.95
-4.75 1.58 6.9 373E89 0.95
-4.75 1.58 2.15 A3514A 0.95
-0.95 1.58 4.049999 202034 0.95
-4.75 2.53 4.049999 449CC2 0.95
-1.9 2.53 4.049999 202034 0.95
-5.7 2.53 9.75 203394 0.95
-4.75 3.48 4.049999 ADE8FC 0.95
-4.75 3.48 5 48B7D4 0.95
-4.75 3.48 5.950001 47B3CE 0.95
-3.8 1.58 1.200001 282341 0.95
-3.8 1.58 4.049999 39428E 0.95
-3.8 1.58 5 39428E 0.95
-3.8 0.6300001 6.9 373E88 0.95
-3.8 0.6300001 7.85 38418E 0.95
-3.8 0.6300001 8.799999 3A438E 0.95
-3.8 0.6300001 9.75 3A438F 0.95
-3.8 0.6300001 12.6 2B2648 0.95
2.85 0.6300001 10.7 38418D 0.95
2.85 0.6300001 11.65 795CA2 0.95
-0.95 1.58 1.200001 202034 0.95
-0.95 1.58 2.15 202034 0.95
-0.95 1.58 3.1 202034 0.95
-0.95 1.58 5.950001 202034 0.95
-0.95 1.58 6.9 222036 0.95
-0.95 1.58 7.85 202034 0.95
-0.95 1.58 8.799999 202034 0.95
-0.95 1.58 9.75 212034 0.95
-0.95 1.58 10.7 202036 0.95
-0.95 1.58 11.65 212036 0.95
2.85 1.58 12.6 272750 0.95
-3.8 1.58 13.55 02EDF8 0.95
-0.95 2.53 -0.7000008 202034 0.95
-0.95 2.53 0.25 202034 0.95
-1.9 2.53 1.200001 202034 0.95
-1.9 2.53 2.15 202034 0.95
-1.9 2.53 3.1 202034 0.95
-1.9 2.53 5.950001 202034 0.95
-1.9 2.53 6.9 202852 0.95
-1.9 2.53 7.85 202034 0.95
-3.8 2.53 7.85 202034 0.95
-0.95 2.53 8.799999 202034 0.95
-0.95 2.53 9.75 202034 0.95
-0.95 2.53 10.7 202034 0.95
-0.95 2.53 11.65 202034 0.95
2.85 2.53 12.6 252650 0.95
-3.8 2.53 13.55 02EFF8 0.95
-3.8 3.48 1.200001 ABE6FB 0.95
-3.8 3.48 2.15 A8E2F7 0.95
-3.8 3.48 3.1 3285BE 0.95
-3.8 3.48 4.049999 47B4D2 0.95
-3.8 3.48 5 46B2D0 0.95
-1.9 3.48 5.950001 2246A0 0.95
-3.8 2.53 6.9 202034 0.95
-1.9 3.48 6.9 233F97 0.95
-1.9 3.48 7.85 223894 0.95
-1.9 3.48 8.799999 213891 0.95
-1.9 3.48 9.75 202D6A 0.95
-1.9 3.48 10.7 202D70 0.95
-1.9 3.48 11.65 2C3984 0.95
-1.9 3.48 12.6 363C80 0.95
-3.8 3.48 13.55 02EFF8 0.95
-3.8 4.43 6.9 49B9D7 0.95
-3.8 4.43 7.85 48B7D4 0.95
-3.8 4.43 8.799999 4AB9DA 0.95
-1.9 4.43 9.75 3072B7 0.95
-1.9 4.43 10.7 3C9AC3 0.95
-0.95 4.43 11.65 90C6DA 0.95
-3.8 4.43 12.6 363D8E 0.95
-3.8 4.43 10.7 4AB9D8 0.95
-3.8 4.43 11.65 AEEAFF 0.95
-2.85 1.58 -2.6 373F8B 0.95
-2.85 1.58 -1.65 38408E 0.95
-2.85 1.58 0.25 39428E 0.95
-2.85 1.58 1.200001 282341 0.95
-2.85 1.58 2.15 282341 0.95
-2.85 1.58 3.1 38408A 0.95
-2.85 1.58 4.049999 39428E 0.95
-2.85 1.58 5 39428E 0.95
-2.85 1.58 5.950001 865298 0.95
-2.85 2.53 6.9 202037 0.95
-2.85 2.53 7.85 20264B 0.95
-2.85 1.58 8.799999 252034 0.95
-2.85 1.58 9.75 282036 0.95
-2.85 1.58 10.7 2B2441 0.95
-2.85 1.58 11.65 494390 0.95
-2.85 0.6300001 10.7 38418D 0.95
-2.85 0.6300001 11.65 795CA2 0.95
-0.95 1.58 0.25 202034 0.95
-2.85 1.58 6.9 222034 0.95
-2.85 1.58 7.85 242034 0.95
-2.85 1.58 12.6 272750 0.95
-2.85 2.53 -2.6 AADAEC 0.95
-0.95 2.53 -2.6 202034 0.95
-0.95 2.53 -1.65 202034 0.95
-2.85 2.53 5.950001 202034 0.95
-2.85 2.53 12.6 252650 0.95
-2.85 2.53 11.65 454595 0.95
-2.85 3.48 7.85 203080 0.95
-2.85 2.53 -1.65 47B4D2 0.95
-2.85 3.48 -0.7000008 A1DAF0 0.95
-2.85 3.48 0.25 44ACCC 0.95
-2.85 3.48 1.200001 43ADCF 0.95
-2.85 3.48 2.15 44AFD0 0.95
-2.85 3.48 3.1 42ACCD 0.95
-2.85 3.48 4.049999 41A9CC 0.95
-2.85 3.48 5 3EA4C8 0.95
-2.85 3.48 5.950001 3178B8 0.95
-2.85 3.48 6.9 203088 0.95
-2.85 3.48 12.6 25295D 0.95
-2.85 3.48 11.65 465CAA 0.95
-2.85 3.48 8.799999 2242A4 0.95
-2.85 4.43 9.75 2860B3 0.95
-2.85 4.43 10.7 3488BF 0.95
-2.85 4.43 11.65 5D95BD 0.95
-1.9 2.53 -3.549999 38418E 0.95
-1.9 1.58 -2.6 38428F 0.95
-1.9 1.58 -1.65 38428E 0.95
-1.9 1.58 -0.7000008 363D85 0.95
-1.9 1.58 0.25 363D85 0.95
-1.9 1.58 1.200001 282341 0.95
-1.9 1.58 2.15 282341 0.95
-1.9 1.58 3.1 373C83 0.95
-1.9 1.58 4.049999 383F8A 0.95
-1.9 1.58 5 373E88 0.95
-1.9 1.58 5.950001 25204D 0.95
-0.95 1.58 -0.7000008 202034 0.95
-1.9 4.43 1.200001 2C59AA 0.95
-1.9 4.43 2.15 4986BB 0.95
-1.9 4.43 3.1 468ABD 0.95
-2.85 2.53 8.799999 202850 0.95
-2.85 2.53 9.75 202B58 0.95
-2.85 2.53 10.7 202C5D 0.95
-1.9 2.53 -2.6 388BBF 0.95
2.85 3.48 6.9 203088 0.95
-2.85 3.48 9.75 20327D 0.95
-2.85 3.48 10.7 203280 0.95
-0.95 0.6300001 1.200001 2C2E60 0.95
-0.95 0.6300001 2.15 865398 0.95
-0.95 0.6300001 3.1 865398 0.95
-0.95 0.6300001 4.049999 865298 0.95
-0.95 0.6300001 5 39428E 0.95
-0.95 0.6300001 5.950001 39418D 0.95
-0.95 0.6300001 6.9 39428D 0.95
-0.95 2.53 12.6 26213E 0.95
3.8 1.58 0.25 212034 0.95
0 1.58 1.200001 202552 0.95
1.9 1.58 5.950001 242045 0.95
2.85 1.58 6.9 222034 0.95
2.85 1.58 7.85 242034 0.95
2.85 2.53 5.950001 202034 0.95
2.85 2.53 6.9 20284F 0.95
2.85 2.53 7.85 202850 0.95
2.85 2.53 8.799999 202850 0.95
2.85 2.53 9.75 202B58 0.95
2.85 2.53 10.7 202C5D 0.95
0 3.48 -6.4 202034 0.95
-0.95 3.48 -0.7000008 273267 0.95
-0.95 3.48 0.25 202B5C 0.95
0 3.48 0.25 25449C 0.95
-0.95 3.48 1.200001 202C5D 0.95
0 3.48 1.200001 21377D 0.95
2.85 3.48 5.950001 8B6C5D 0.95
2.85 3.48 7.85 203081 0.95
2.85 3.48 8.799999 20317B 0.95
2.85 3.48 9.75 20327D 0.95
2.85 3.48 10.7 203280 0.95
2.85 3.48 11.65 4458A8 0.95
2.85 3.48 12.6 25295D 0.95
-0.95 3.48 13.55 00B2FF 0.95
-0.95 3.48 -3.549999 47B2CC 0.95
-0.95 4.43 -2.6 47B2CC 0.95
-0.95 4.43 -1.65 4AB7D1 0.95
-0.95 4.43 -0.7000008 4AB9D6 0.95
-0.95 4.43 0.25 49B9DA 0.95
-0.95 4.43 1.200001 4AB9D7 0.95
0.95 4.43 3.1 AF5841 0.95
0.95 4.43 4.049999 B1523C 0.95
2.85 4.43 9.75 368BC1 0.95
2.85 4.43 10.7 3791C3 0.95
2.85 4.43 11.65 88C3DA 0.95
-0.95 4.43 12.6 9FD7EC 0.95
-0.95 5.38 7.85 4AB9D7 0.95
-0.95 5.38 8.799999 4AB9D8 0.95
-0.95 5.38 9.75 49B9D7 0.95
-0.95 4.43 10.7 44B0D0 0.95
-0.95 5.38 6.9 4BBBDA 0.95
0 1.58 -8.3 918EB6 0.95
0 1.58 -4.5 3A4390 0.95
0 1.58 -3.549999 3A4290 0.95
0 1.58 -2.6 3A4290 0.95
0 0.6300001 -1.65 3A428E 0.95
0 0.6300001 -0.7000008 3A4390 0.95
0 0.6300001 0.25 3A428F 0.95
0 0.6300001 1.200001 3A428E 0.95
0 0.6300001 2.15 88539B 0.95
0 0.6300001 3.1 86529A 0.95
0 0.6300001 4.049999 88539B 0.95
0 0.6300001 5 3A428E 0.95
0 0.6300001 5.950001 39428F 0.95
0 0.6300001 6.9 3A428F 0.95
0 0.6300001 7.85 3A428F 0.95
0 0.6300001 8.799999 2A2545 0.95
0 0.6300001 9.75 2B2545 0.95
0 0.6300001 10.7 2B2545 0.95
0 0.6300001 11.65 2A2445 0.95
0 2.53 12.6 252034 0.95
0 5.38 5 A03134 0.95
2.85 1.58 8.799999 20264A 0.95
2.85 1.58 9.75 202953 0.95
2.85 1.58 10.7 202B58 0.95
2.85 1.58 11.65 514793 0.95
0 1.58 12.6 00AEFF 0.95
2.85 2.53 11.65 444594 0.95
0 3.48 -8.3 B0E8FB 0.95
0 3.48 -0.7000008 4269B0 0.95
0 3.48 2.15 4F66AA 0.95
0 4.43 12.6 8193BA 0.95
0 3.48 13.55 00AEFF 0.95
0 4.43 -6.4 AFE9FC 0.95
0 4.43 -5.45 AFE9FE 0.95
0 3.48 -4.5 365E9B 0.95
0 4.43 2.15 4E7BA5 0.95
0 4.43 -0.7000008 AEE9FC 0.95
0 4.43 0.25 FEBD7C 0.95
0 4.43 1.200001 FFBD7C 0.95
0.95 4.43 2.15 D19F6C 0.95
0 4.43 5 B76E52 0.95
0 4.43 3.1 B17356 0.95
0 4.43 4.049999 B77053 0.95
-0.95 4.43 4.049999 B1523C 0.95
0 5.38 4.049999 527BA5 0.95
0 5.38 3.1 537BA5 0.95
0.95 5.38 5 7D2634 0.95
0 5.38 7.85 4BBCDA 0.95
0 5.38 8.799999 4AB9D7 0.95
0 5.38 9.75 4AB9D7 0.95
0 5.38 10.7 44AACC 0.95
0 4.43 11.65 2B6BB6 0.95
0 5.38 13.55 3C6AB0 0.95
0 5.38 5.950001 AFEAFE 0.95
0 5.38 6.9 4BBCDB 0.95
0 6.33 13.55 8F8AB5 0.95
0.95 3.48 -6.4 908DB6 0.95
0.95 2.53 -5.45 202D77 0.95
0.95 2.53 -4.5 808EB7 0.95
0.95 1.58 -3.549999 5E4693 0.95
0.95 1.58 -2.6 503C88 0.95
0.95 1.58 -1.65 22264D 0.95
0.95 1.58 -0.7000008 2E3B88 0.95
0.95 1.58 0.25 2E3984 0.95
0.95 0.6300001 1.200001 2C2E60 0.95
0.95 0.6300001 2.15 865398 0.95
0.95 0.6300001 3.1 865398 0.95
0.95 0.6300001 4.049999 865298 0.95
0.95 0.6300001 5 39428E 0.95
0.95 0.6300001 5.950001 39418D 0.95
0.95 0.6300001 6.9 39428D 0.95
0.95 1.58 7.85 202034 0.95
0.95 2.53 8.799999 202034 0.95
0.95 2.53 9.75 202034 0.95
0.95 2.53 10.7 202034 0.95
0.95 2.53 11.65 202034 0.95
0.95 2.53 12.6 26213E 0.95
0.95 1.58 -4.5 202B6E 0.95
0.95 1.58 1.200001 202145 0.95
4.75 1.58 1.200001 202034 0.95
0.95 1.58 8.799999 202034 0.95
0.95 1.58 9.75 212034 0.95
0.95 1.58 10.7 202036 0.95
0.95 1.58 11.65 212036 0.95
0.95 2.53 -7.349998 8F8AB5 0.95
0.95 3.48 -0.7000008 273267 0.95
0.95 3.48 0.25 202B5C 0.95
0.95 3.48 1.200001 202C5D 0.95
0.95 3.48 13.55 00B2FF 0.95
0.95 3.48 -5.45 48B6D2 0.95
0.95 3.48 -4.5 49B6D0 0.95
0.95 3.48 -3.549999 47B2CC 0.95
0.95 4.43 -2.6 47B2CC 0.95
0.95 4.43 -1.65 4AB7D1 0.95
0.95 4.43 -0.7000008 4AB9D6 0.95
0.95 4.43 0.25 49B9DA 0.95
0.95 4.43 1.200001 4AB9D7 0.95
0.95 4.43 12.6 9FD7EC 0.95
0.95 5.38 5.950001 EBB477 0.95
0.95 5.38 4.049999 E4A06A 0.95
0.95 5.38 7.85 4AB9D7 0.95
0.95 5.38 8.799999 4AB9D8 0.95
0.95 5.38 9.75 49B9D7 0.95
0.95 4.43 10.7 44B0D0 0.95
0.95 4.43 11.65 3EA4C9 0.95
0.95 5.38 6.9 4BBBDA 0.95
1.9 2.53 -3.549999 38418E 0.95
1.9 1.58 -2.6 38428F 0.95
1.9 1.58 -1.65 38428E 0.95
1.9 1.58 -0.7000008 363D85 0.95
1.9 1.58 0.25 363D85 0.95
1.9 1.58 1.200001 282341 0.95
1.9 1.58 2.15 282341 0.95
1.9 1.58 3.1 373C83 0.95
1.9 1.58 4.049999 383F8A 0.95
1.9 1.58 5 373E88 0.95
1.9 3.48 6.9 213788 0.95
1.9 4.43 1.200001 2C59AA 0.95
1.9 4.43 2.15 4986BB 0.95
0.95 1.58 2.15 202034 0.95
1.9 4.43 3.1 468ABD 0.95
0.95 1.58 3.1 202034 0.95
1.9 4.43 4.049999 468BBD 0.95
0.95 1.58 4.049999 202034 0.95
1.9 4.43 5 2860B1 0.95
0.95 1.58 5 202034 0.95
1.9 3.48 5.950001 2753A8 0.95
0.95 1.58 5.950001 202034 0.95
2.85 1.58 5.950001 202034 0.95
0.95 1.58 6.9 222036 0.95
0.95 2.53 -3.549999 386AB4 0.95
0.95 2.53 -2.6 202034 0.95
0.95 2.53 -1.65 202034 0.95
0.95 2.53 -0.7000008 202034 0.95
0.95 2.53 0.25 202034 0.95
1.9 2.53 1.200001 202034 0.95
1.9 2.53 2.15 202034 0.95
1.9 2.53 3.1 202034 0.95
1.9 2.53 4.049999 202034 0.95
1.9 2.53 5 202034 0.95
1.9 2.53 5.950001 202034 0.95
1.9 2.53 6.9 202852 0.95
1.9 2.53 7.85 202034 0.95
1.9 3.48 -3.549999 3161B1 0.95
1.9 2.53 -2.6 388BBF 0.95
1.9 3.48 -2.6 2E66B4 0.95
1.9 3.48 -1.65 378EC1 0.95
1.9 3.48 -0.7000008 65A5C3 0.95
1.9 3.48 0.25 2B62AF 0.95
1.9 3.48 1.200001 2A5EB0 0.95
1.9 3.48 2.15 4A9CC3 0.95
1.9 3.48 3.1 52A1C5 0.95
1.9 3.48 4.049999 519FC3 0.95
1.9 3.48 5 3377B9 0.95
1.9 3.48 7.85 223894 0.95
1.9 3.48 8.799999 213891 0.95
1.9 3.48 9.75 202D6A 0.95
1.9 3.48 10.7 202D70 0.95
1.9 3.48 11.65 2C3984 0.95
1.9 3.48 12.6 363C80 0.95
1.9 4.43 5.950001 84C5DB 0.95
1.9 4.43 6.9 74BBD1 0.95
1.9 4.43 7.85 3379BA 0.95
1.9 4.43 8.799999 3074B9 0.95
1.9 4.43 9.75 3072B7 0.95
1.9 4.43 10.7 3C9AC3 0.95
1.9 5.38 6.9 3984BA 0.95
2.85 1.58 -2.6 373F8B 0.95
2.85 1.58 -1.65 38408E 0.95
2.85 1.58 -0.7000008 38418E 0.95
2.85 1.58 0.25 39428E 0.95
2.85 1.58 1.200001 282341 0.95
2.85 1.58 2.15 282341 0.95
2.85 1.58 3.1 38408A 0.95
2.85 1.58 4.049999 39428E 0.95
2.85 1.58 5 39428E 0.95
4.75 1.58 8.799999 202158 0.95
5.7 1.58 9.75 202877 0.95
5.7 1.58 10.7 263086 0.95
2.85 2.53 -2.6 AADAEC 0.95
4.75 2.53 7.85 202034 0.95
4.75 2.53 8.799999 213594 0.95
5.7 2.53 9.75 203394 0.95
5.7 2.53 10.7 2D3B9B 0.95
5.7 2.53 11.65 2D3B97 0.95
2.85 2.53 -1.65 47B4D2 0.95
2.85 3.48 -0.7000008 A1DAF0 0.95
2.85 3.48 0.25 44ACCC 0.95
2.85 3.48 1.200001 43ADCF 0.95
2.85 3.48 2.15 44AFD0 0.95
2.85 3.48 3.1 42ACCD 0.95
2.85 3.48 4.049999 41A9CC 0.95
2.85 3.48 5 3EA4C8 0.95
3.8 2.53 -0.7000008 3A55A2 0.95
3.8 1.58 1.200001 282341 0.95
3.8 1.58 2.15 282341 0.95
3.8 1.58 3.1 2B2D66 0.95
3.8 1.58 4.049999 39428E 0.95
3.8 1.58 5 39428E 0.95
3.8 1.58 5.950001 39428E 0.95
3.8 0.6300001 6.9 373E88 0.95
3.8 0.6300001 7.85 38418E 0.95
3.8 0.6300001 8.799999 3A438E 0.95
3.8 0.6300001 9.75 3A438F 0.95
3.8 0.6300001 10.7 39428E 0.95
3.8 0.6300001 11.65 855298 0.95
3.8 0.6300001 12.6 2B2648 0.95
4.75 1.58 7.85 202034 0.95
3.8 1.58 6.9 202034 0.95
5.7 1.58 11.65 2D3991 0.95
5.7 1.58 12.6 434597 0.95
3.8 1.58 13.55 02EDF8 0.95
3.8 2.53 -2.6 46A7C7 0.95
3.8 2.53 -1.65 47A7C6 0.95
3.8 2.53 7.85 202034 0.95
5.7 2.53 12.6 3C499D 0.95
3.8 2.53 13.55 02EFF8 0.95
3.8 3.48 5.950001 EAB277 0.95
3.8 2.53 0.25 46A5C5 0.95
3.8 3.48 1.200001 ABE6FB 0.95
3.8 3.48 2.15 A8E2F7 0.95
3.8 3.48 3.1 3285BE 0.95
3.8 3.48 4.049999 47B4D2 0.95
3.8 3.48 5 46B2D0 0.95
3.8 2.53 6.9 202034 0.95
3.8 3.48 13.55 02EFF8 0.95
3.8 4.43 9.75 4AB9DA 0.95
3.8 4.43 6.9 49B9D7 0.95
3.8 4.43 7.85 48B7D4 0.95
3.8 4.43 8.799999 4AB9DA 0.95
3.8 4.43 12.6 363D8E 0.95
3.8 4.43 10.7 4AB9D8 0.95
3.8 4.43 11.65 AEEAFF 0.95
4.75 1.58 4.049999 865298 0.95
4.75 1.58 5 39428E 0.95
4.75 1.58 5.950001 3A428E 0.95
4.75 1.58 6.9 373E89 0.95
4.75 1.58 2.15 A3514A 0.95
4.75 1.58 9.75 202D70 0.95
4.75 1.58 10.7 202E81 0.95
4.75 1.58 11.65 4353A6 0.95
4.75 1.58 12.6 242758 0.95
4.75 2.53 4.049999 449CC2 0.95
3.8 2.53 1.200001 2C357C 0.95
3.8 2.53 2.15 449CC2 0.95
4.75 2.53 3.1 4296C0 0.95
3.8 2.53 5.950001 202034 0.95
4.75 2.53 6.9 202034 0.95
4.75 2.53 9.75 203493 0.95
4.75 2.53 10.7 213C9B 0.95
4.75 2.53 11.65 3F62AD 0.95
4.75 2.53 12.6 232A60 0.95
4.75 3.48 4.049999 ADE8FC 0.95
4.75 3.48 5 48B7D4 0.95
4.75 3.48 5.950001 47B3CE 0.95
4.75 3.48 6.9 42A7C7 0.95
4.75 3.48 7.85 213EA1 0.95
4.75 3.48 8.799999 2C63B2 0.95
4.75 3.48 9.75 2D66B3 0.95
4.75 3.48 10.7 2D6AB4 0.95
4.75 3.48 11.65 669ABD 0.95
4.75 3.48 12.6 293074 0.95
4.75 4.43 10.7 44AACC 0.95
4.75 4.43 11.65 A1D0E1 0.95
5.7 1.58 1.200001 C7433C 0.95
5.7 1.58 5 855297 0.95
5.7 1.58 5.950001 38418A 0.95
5.7 0.6300001 6.9 D44D4F 0.95
5.7 1.58 7.85 38408A 0.95
5.7 1.58 8.799999 52428A 0.95
5.7 2.53 5 46A0C3 0.95
5.7 2.53 4.049999 469FC3 0.95
5.7 3.48 5 ADE9FE 0.95
5.7 3.48 5.950001 47B1C9 0.95
5.7 3.48 6.9 FFC25C 0.95
5.7 3.48 7.85 3E9ABD 0.95
5.7 3.48 8.799999 79CDE6 0.95
5.7 3.48 9.75 2555AE 0.95
6.65 0.6300001 5.950001 D44D4D 0.95
6.65 1.58 6.9 D34B4F 0.95
6.65 1.58 7.85 383F86 0.95
6.65 1.58 8.799999 604B93 0.95
6.65 1.58 9.75 534085 0.95
6.65 1.58 10.7 202034 0.95
6.65 0.6300001 11.65 533C83 0.95
6.65 0.6300001 12.6 835197 0.95
6.65 1.58 5.950001 2D385B 0.95
6.65 1.58 11.65 202034 0.95
6.65 1.58 13.55 9EB1C3 0.95
6.65 2.53 5.950001 3E81B3 0.95
6.65 2.53 5 47A0C3 0.95
6.65 2.53 11.65 202034 0.95
6.65 2.53 10.7 202034 0.95
6.65 2.53 12.6 202034 0.95
6.65 2.53 13.55 9BB0C2 0.95
6.65 3.48 5.950001 FFC560 0.95
6.65 3.48 6.9 FFC55D 0.95
6.65 3.48 7.85 48B2CB 0.95
6.65 3.48 8.799999 88D7ED 0.95
6.65 3.48 9.75 85D3EC 0.95
6.65 3.48 10.7 388FBF 0.95
6.65 3.48 11.65 2C59AC 0.95
6.65 3.48 12.6 A4E5FC 0.95
7.6 1.58 6.9 DF6C4F 0.95
7.6 1.58 7.85 37306C 0.95
7.6 1.58 8.799999 5C4990 0.95
7.6 1.58 9.75 604A93 0.95
7.6 1.58 10.7 39418E 0.95
7.6 1.58 11.65 39428E 0.95
7.6 1.58 12.6 855297 0.95
6.65 1.58 12.6 202034 0.95
7.6 1.58 13.55 202034 0.95
7.6 2.53 6.9 FEB060 0.95
7.6 2.53 5.950001 FFB45D 0.95
7.6 2.53 13.55 202034 0.95
7.6 3.48 6.9 FFB35D 0.95
7.6 3.48 7.85 5BB7CF 0.95
7.6 3.48 8.799999 85D4EC 0.95
7.6 3.48 9.75 88D6EC 0.95
7.6 3.48 10.7 4AB9D8 0.95
7.6 3.48 11.65 4AB9DA 0.95
7.6 3.48 12.6 AEE9FE 0.95
8.55 2.53 8.799999 696EAD 0.95
8.55 1.58 9.75 3B58A7 0.95
8.55 1.58 10.7 3B59A8 0.95
8.55 1.58 11.65 3C66AE 0.95
8.55 0.6300001 12.6 855298 0.95
8.55 1.58 8.799999 6970AD 0.95
8.55 1.58 13.55 26295B 0.95
8.55 2.53 9.75 80BDCC 0.95
8.55 2.53 7.85 7DBCCC 0.95
8.55 2.53 13.55 27295B 0.95
8.55 3.48 10.7 4498C1 0.95
8.55 3.48 11.65 4495BF 0.95
8.55 3.48 12.6 AFEBFF 0.95
8.55 1.58 12.6 908EB6 0.95
8.55 2.53 10.7 4395BE 0.95
8.55 2.53 11.65 4491BE 0.95
8.55 2.53 12.6 A1C2D0 0.95
