-8.925001 0.15 2.625001 835E3C 0.5
-8.400001 0.15 2.625001 835E3C 0.5
-7.875001 0.15 2.625001 835E3C 0.5
-7.35 0.15 2.625001 835E3C 0.5
-8.925001 0.675 2.100001 835E3C 0.5
-8.400001 0.675 2.625001 835E3C 0.5
-7.875001 0.675 2.625001 835E3C 0.5
2.1 0.675 2.1 835E3C 0.5
2.625 0.675 2.625 835E3C 0.5
3.150001 0.675 2.625 835E3C 0.5
-8.925001 1.2 2.100001 835E3C 0.5
-8.400001 1.2 2.100001 835E3C 0.5
2.1 1.2 2.1 835E3C 0.5
2.625 1.2 2.1 835E3C 0.5
-8.925001 1.725 2.100001 835E3C 0.5
-8.400001 1.725 2.100001 835E3C 0.5
2.1 1.725 2.1 835E3C 0.5
2.625 1.725 2.1 835E3C 0.5
-8.925001 2.25 2.100001 835E3C 0.5
-8.400001 2.25 2.100001 835E3C 0.5
1.575001 2.25 2.1 835E3C 0.5
2.1 2.25 2.1 835E3C 0.5
2.625 2.25 2.1 835E3C 0.5
-8.925001 2.775 2.100001 835E3C 0.5
-8.400001 2.775 2.100001 835E3C 0.5
1.575001 2.775 2.1 835E3C 0.5
2.1 2.775 2.1 835E3C 0.5
-8.925001 3.3 2.100001 835E3C 0.5
-8.400001 3.3 2.625001 835E3C 0.5
1.575001 3.3 2.625 835E3C 0.5
2.1 3.3 2.625 835E3C 0.5
-8.925001 3.825 2.625001 835E3C 0.5
-8.400001 3.825 2.625001 835E3C 0.5
-7.875001 3.825 2.625001 835E3C 0.5
1.575001 3.825 2.625 835E3C 0.5
2.1 3.825 2.625 835E3C 0.5
-10.5 4.35 0.5250006 6D4A23 0.5
-9.975001 4.35 0.5250006 6D4A23 0.5
-8.925001 4.35 2.625001 835E3C 0.5
-8.400001 4.35 2.625001 835E3C 0.5
-7.875001 4.35 2.625001 835E3C 0.5
1.575001 4.35 2.625 835E3C 0.5
2.1 4.35 2.625 835E3C 0.5
-10.5 4.875 0.5250006 6D4A23 0.5
-9.975001 4.875 0.5250006 6D4A23 0.5
-8.400001 4.875 2.625001 835E3C 0.5
-7.875001 4.875 2.625001 835E3C 0.5
-7.35 4.875 2.625001 835E3C 0.5
1.575001 4.875 2.625 835E3C 0.5
2.1 4.875 2.625 835E3C 0.5
-10.5 5.4 0.5250006 6D4A23 0.5
-9.975001 5.4 0.5250006 6D4A23 0.5
-9.450001 5.4 0.5250006 6D4A23 0.5
-8.400001 5.4 2.625001 835E3C 0.5
-7.875001 5.4 2.625001 835E3C 0.5
-7.35 5.4 2.625001 835E3C 0.5
-6.825001 5.4 2.625001 835E3C 0.5
1.575001 5.4 2.625 835E3C 0.5
2.1 5.4 2.625 835E3C 0.5
2.625 5.4 2.625 835E3C 0.5
-10.5 5.925 0.5250006 6D4A23 0.5
-9.975001 5.925 0.5250006 6D4A23 0.5
-9.450001 5.925 0.5250006 6D4A23 0.5
-8.400001 5.925 2.625001 835E3C 0.5
-7.875001 5.925 2.625001 835E3C 0.5
-7.35 5.925 2.625001 835E3C 0.5
-6.825001 5.925 2.625001 835E3C 0.5
-6.300001 5.925 2.625001 835E3C 0.5
1.05 5.925 2.625 835E3C 0.5
1.575001 5.925 2.625 835E3C 0.5
2.1 5.925 2.625 835E3C 0.5
2.625 5.925 2.625 835E3C 0.5
-10.5 6.45 0.5250006 6D4A23 0.5
-9.975001 6.45 0.5250006 6D4A23 0.5
-9.450001 6.45 0.5250006 6D4A23 0.5
-8.400001 6.45 2.625001 835E3C 0.5
-7.875001 6.45 2.625001 835E3C 0.5
-7.35 6.45 2.625001 835E3C 0.5
-6.825001 6.45 2.625001 835E3C 0.5
-6.300001 6.45 2.625001 835E3C 0.5
-5.775001 6.45 2.625001 835E3C 0.5
-1.05 6.45 1.575 835E3C 0.5
-0.5249998 6.45 2.1 835E3C 0.5
2.384186E-07 6.45 2.1 835E3C 0.5
0.5250003 6.45 2.1 835E3C 0.5
1.05 6.45 2.625 835E3C 0.5
1.575001 6.45 2.625 835E3C 0.5
2.1 6.45 2.625 835E3C 0.5
2.625 6.45 2.625 835E3C 0.5
-10.5 6.975 0.5250006 6D4A23 0.5
-9.975001 6.975 0.5250006 6D4A23 0.5
-9.450001 6.975 0.5250006 6D4A23 0.5
-8.925001 6.975 2.625001 835E3C 0.5
-8.400001 6.975 2.625001 835E3C 0.5
-7.875001 6.975 2.625001 835E3C 0.5
-7.35 6.975 2.625001 835E3C 0.5
-6.825001 6.975 2.625001 835E3C 0.5
-6.300001 6.975 2.625001 835E3C 0.5
-5.775001 6.975 2.625001 835E3C 0.5
-3.675 6.975 1.575001 835E3C 0.5
-3.15 6.975 1.575001 835E3C 0.5
-2.625 6.975 1.575001 835E3C 0.5
-2.1 6.975 1.575001 835E3C 0.5
-1.575 6.975 1.575001 835E3C 0.5
-1.05 6.975 1.575 835E3C 0.5
-0.5249998 6.975 2.1 835E3C 0.5
2.384186E-07 6.975 2.1 835E3C 0.5
0.5250003 6.975 2.1 835E3C 0.5
1.05 6.975 2.625 835E3C 0.5
1.575001 6.975 2.625 835E3C 0.5
2.1 6.975 2.625 835E3C 0.5
2.625 6.975 2.625 835E3C 0.5
3.150001 6.975 1.575 835E3C 0.5
-10.5 7.5 0.5250006 6D4A23 0.5
-9.975001 7.5 0.5250006 6D4A23 0.5
-9.450001 7.5 0.5250006 6D4A23 0.5
-8.925001 7.5 2.625001 835E3C 0.5
-8.400001 7.5 2.625001 835E3C 0.5
-7.875001 7.5 2.625001 835E3C 0.5
-7.35 7.5 2.625001 835E3C 0.5
-6.825001 7.5 2.625001 835E3C 0.5
-6.300001 7.5 2.625001 835E3C 0.5
-5.775001 7.5 2.625001 835E3C 0.5
-5.25 7.5 2.625001 835E3C 0.5
-4.725 7.5 1.575001 835E3C 0.5
-4.2 7.5 1.575001 835E3C 0.5
-3.675 7.5 1.575001 835E3C 0.5
-3.15 7.5 1.575001 835E3C 0.5
-2.625 7.5 1.575001 835E3C 0.5
-2.1 7.5 1.575001 835E3C 0.5
-1.575 7.5 1.575001 835E3C 0.5
-1.05 7.5 2.1 835E3C 0.5
-0.5249998 7.5 2.1 835E3C 0.5
2.384186E-07 7.5 2.1 835E3C 0.5
0.5250003 7.5 2.1 835E3C 0.5
1.05 7.5 2.625 835E3C 0.5
1.575001 7.5 2.625 835E3C 0.5
2.1 7.5 2.625 835E3C 0.5
2.625 7.5 2.625 835E3C 0.5
3.150001 7.5 2.625 835E3C 0.5
-10.5 8.025 0.5250006 6D4A23 0.5
-9.975001 8.025 0.5250006 6D4A23 0.5
-9.450001 8.025 2.625001 835E3C 0.5
-8.925001 8.025 2.625001 835E3C 0.5
-8.400001 8.025 2.625001 835E3C 0.5
-7.875001 8.025 2.625001 835E3C 0.5
-7.35 8.025 2.625001 835E3C 0.5
-6.825001 8.025 2.625001 835E3C 0.5
-6.300001 8.025 2.625001 835E3C 0.5
-5.775001 8.025 2.625001 835E3C 0.5
-5.25 8.025 2.625001 835E3C 0.5
-4.725 8.025 1.575001 835E3C 0.5
-4.2 8.025 1.575001 835E3C 0.5
-3.675 8.025 1.575001 835E3C 0.5
-3.15 8.025 1.575001 835E3C 0.5
-2.625 8.025 1.575001 835E3C 0.5
-2.1 8.025 1.575001 835E3C 0.5
-1.575 8.025 1.575001 835E3C 0.5
-1.05 8.025 2.1 835E3C 0.5
-0.5249998 8.025 2.1 835E3C 0.5
2.384186E-07 8.025 2.1 835E3C 0.5
0.5250003 8.025 2.1 835E3C 0.5
1.05 8.025 2.625 835E3C 0.5
1.575001 8.025 2.625 835E3C 0.5
2.1 8.025 2.625 835E3C 0.5
2.625 8.025 2.625 835E3C 0.5
3.150001 8.025 2.625 835E3C 0.5
3.675001 8.025 2.625 835E3C 0.5
-10.5 8.549999 0.5250006 6D4A23 0.5
-9.975001 8.549999 0.5250006 6D4A23 0.5
-9.450001 8.549999 2.625001 835E3C 0.5
-8.925001 8.549999 2.625001 835E3C 0.5
-8.400001 8.549999 2.625001 835E3C 0.5
-7.875001 8.549999 2.625001 835E3C 0.5
-7.35 8.549999 2.625001 835E3C 0.5
-6.825001 8.549999 2.625001 835E3C 0.5
-6.300001 8.549999 2.625001 835E3C 0.5
-5.775001 8.549999 2.625001 8E6D49 0.5
-5.25 8.549999 2.625001 8E6D49 0.5
-4.725 8.549999 1.575001 835E3C 0.5
-4.2 8.549999 1.575001 835E3C 0.5
-3.675 8.549999 1.575001 835E3C 0.5
-3.15 8.549999 1.575001 835E3C 0.5
-2.625 8.549999 1.575001 835E3C 0.5
-2.1 8.549999 1.575001 835E3C 0.5
-1.575 8.549999 1.575001 835E3C 0.5
-1.05 8.549999 2.1 835E3C 0.5
-0.5249998 8.549999 2.1 835E3C 0.5
2.384186E-07 8.549999 2.1 835E3C 0.5
0.5250003 8.549999 2.1 835E3C 0.5
1.05 8.549999 2.625 8E6D49 0.5
1.575001 8.549999 2.625 8E6D49 0.5
2.1 8.549999 2.625 8E6D49 0.5
2.625 8.549999 2.625 8E6D49 0.5
3.150001 8.549999 2.625 8E6D49 0.5
3.675001 8.549999 2.625 835E3C 0.5
4.200001 8.549999 1.575 835E3C 0.5
-10.5 9.075 0.5250006 6D4A23 0.5
-9.975001 9.075 0.5250006 6D4A23 0.5
-9.450001 9.075 2.625001 835E3C 0.5
-8.925001 9.075 2.625001 835E3C 0.5
-8.400001 9.075 2.625001 835E3C 0.5
-7.875001 9.075 2.625001 835E3C 0.5
-7.35 9.075 2.625001 835E3C 0.5
-6.825001 9.075 2.625001 8E6D49 0.5
-6.300001 9.075 2.100001 8E6D49 0.5
-5.775001 9.075 2.100001 8E6D49 0.5
-5.25 9.075 1.575001 835E3C 0.5
-4.725 9.075 1.575001 835E3C 0.5
-4.2 9.075 1.575001 835E3C 0.5
-3.675 9.075 1.575001 835E3C 0.5
-3.15 9.075 1.575001 835E3C 0.5
-2.625 9.075 1.575001 835E3C 0.5
-2.1 9.075 1.575001 835E3C 0.5
-1.575 9.075 2.1 835E3C 0.5
-1.05 9.075 2.1 835E3C 0.5
-0.5249998 9.075 2.1 835E3C 0.5
2.384186E-07 9.075 2.1 835E3C 0.5
0.5250003 9.075 2.1 835E3C 0.5
1.05 9.075 2.1 835E3C 0.5
1.575001 9.075 2.625 8E6D49 0.5
2.1 9.075 2.625 8E6D49 0.5
2.625 9.075 2.625 8E6D49 0.5
3.150001 9.075 2.625 8E6D49 0.5
3.675001 9.075 2.625 8E6D49 0.5
4.200001 9.075 1.575 835E3C 0.5
-9.975001 9.599999 0.5250006 6D4A23 0.5
-9.450001 9.599999 2.625001 835E3C 0.5
-8.925001 9.599999 2.625001 835E3C 0.5
-8.400001 9.599999 2.625001 8E6D49 0.5
-7.875001 9.599999 2.625001 8E6D49 0.5
-7.35 9.599999 2.100001 8E6D49 0.5
-6.825001 9.599999 2.100001 8E6D49 0.5
-6.300001 9.599999 2.100001 8E6D49 0.5
-5.775001 9.599999 2.100001 8E6D49 0.5
-5.25 9.599999 1.575001 835E3C 0.5
-4.725 9.599999 1.575001 835E3C 0.5
-4.2 9.599999 1.575001 835E3C 0.5
-3.675 9.599999 1.575001 835E3C 0.5
-3.15 9.599999 1.575001 835E3C 0.5
-2.625 9.599999 1.575001 835E3C 0.5
-2.1 9.599999 1.575001 835E3C 0.5
-1.575 9.599999 2.1 835E3C 0.5
-1.05 9.599999 2.1 835E3C 0.5
-0.5249998 9.599999 2.1 835E3C 0.5
2.384186E-07 9.599999 2.1 835E3C 0.5
0.5250003 9.599999 2.1 835E3C 0.5
1.05 9.599999 2.1 835E3C 0.5
1.575001 9.599999 2.1 8E6D49 0.5
2.1 9.599999 2.1 8E6D49 0.5
2.625 9.599999 2.1 8E6D49 0.5
3.150001 9.599999 2.625 8E6D49 0.5
3.675001 9.599999 1.575 835E3C 0.5
4.200001 9.599999 1.575 835E3C 0.5
-9.975001 10.125 0.5250006 6D4A23 0.5
-9.450001 10.125 2.625001 8E6D49 0.5
-8.925001 10.125 2.625001 8E6D49 0.5
-8.400001 10.125 2.100001 8E6D49 0.5
-7.875001 10.125 2.100001 8E6D49 0.5
-7.35 10.125 2.100001 8E6D49 0.5
-6.825001 10.125 2.100001 8E6D49 0.5
-6.300001 10.125 2.100001 8E6D49 0.5
-5.775001 10.125 2.100001 8E6D49 0.5
-5.25 10.125 1.575001 835E3C 0.5
-4.725 10.125 1.575001 835E3C 0.5
-4.2 10.125 1.575001 835E3C 0.5
-3.675 10.125 1.575001 835E3C 0.5
-3.15 10.125 1.575001 835E3C 0.5
-2.625 10.125 1.575001 835E3C 0.5
-2.1 10.125 1.575001 835E3C 0.5
-1.575 10.125 2.1 835E3C 0.5
-1.05 10.125 2.1 835E3C 0.5
-0.5249998 10.125 2.1 835E3C 0.5
2.384186E-07 10.125 2.1 835E3C 0.5
0.5250003 10.125 2.1 835E3C 0.5
1.05 10.125 2.1 835E3C 0.5
1.575001 10.125 2.1 835E3C 0.5
2.1 10.125 2.1 835E3C 0.5
2.625 10.125 2.1 835E3C 0.5
3.150001 10.125 2.099999 835E3C 0.5
3.675001 10.125 1.575 835E3C 0.5
4.200001 10.125 1.575 835E3C 0.5
4.725 10.125 1.575 835E3C 0.5
-9.975001 10.65 0.5250006 6D4A23 0.5
-9.450001 10.65 0.5250006 6D4A23 0.5
-8.925001 10.65 2.100001 8E6D49 0.5
-8.400001 10.65 2.100001 8E6D49 0.5
-7.875001 10.65 2.100001 8E6D49 0.5
-7.35 10.65 2.100001 8E6D49 0.5
-6.825001 10.65 2.100001 8E6D49 0.5
-6.300001 10.65 1.575001 835E3C 0.5
-5.775001 10.65 1.575001 835E3C 0.5
-5.25 10.65 1.575001 835E3C 0.5
-4.725 10.65 1.575001 835E3C 0.5
-4.2 10.65 1.575001 835E3C 0.5
-3.675 10.65 1.575001 835E3C 0.5
-3.15 10.65 1.575001 835E3C 0.5
-2.625 10.65 1.575001 835E3C 0.5
-2.1 10.65 1.575001 835E3C 0.5
-1.575 10.65 2.1 835E3C 0.5
-1.05 10.65 2.1 835E3C 0.5
-0.5249998 10.65 2.1 835E3C 0.5
2.384186E-07 10.65 2.1 835E3C 0.5
0.5250003 10.65 2.1 835E3C 0.5
1.05 10.65 2.1 835E3C 0.5
1.575001 10.65 2.1 835E3C 0.5
2.1 10.65 2.1 835E3C 0.5
2.625 10.65 2.1 835E3C 0.5
3.150001 10.65 1.575 835E3C 0.5
3.675001 10.65 1.575 835E3C 0.5
4.200001 10.65 1.575 835E3C 0.5
4.725 10.65 1.575 835E3C 0.5
-9.975001 11.175 0.5250006 6D4A23 0.5
-9.450001 11.175 0.5250006 6D4A23 0.5
-8.925001 11.175 0.5250006 6D4A23 0.5
-8.400001 11.175 1.575001 835E3C 0.5
-7.875001 11.175 1.575001 835E3C 0.5
-7.35 11.175 1.575001 835E3C 0.5
-6.825001 11.175 1.575001 835E3C 0.5
-6.300001 11.175 1.575001 835E3C 0.5
-5.775001 11.175 1.575001 835E3C 0.5
-5.25 11.175 1.575001 835E3C 0.5
-4.725 11.175 1.575001 835E3C 0.5
-4.2 11.175 1.575001 835E3C 0.5
-3.675 11.175 1.575001 835E3C 0.5
-3.15 11.175 1.575001 835E3C 0.5
-2.625 11.175 1.575001 835E3C 0.5
-2.1 11.175 2.1 835E3C 0.5
-1.575 11.175 2.1 835E3C 0.5
-1.05 11.175 2.1 835E3C 0.5
-0.5249998 11.175 2.1 835E3C 0.5
2.384186E-07 11.175 2.1 835E3C 0.5
0.5250003 11.175 2.1 835E3C 0.5
1.05 11.175 2.1 835E3C 0.5
1.575001 11.175 2.1 835E3C 0.5
2.1 11.175 2.1 835E3C 0.5
2.625 11.175 2.1 835E3C 0.5
3.150001 11.175 1.575 835E3C 0.5
3.675001 11.175 1.575 835E3C 0.5
4.200001 11.175 1.575 835E3C 0.5
4.725 11.175 1.575 835E3C 0.5
5.250001 11.175 1.575 835E3C 0.5
-8.925001 11.7 0.5250006 6D4A23 0.5
-8.400001 11.7 0.525001 6D4A23 0.5
-7.875001 11.7 1.575001 835E3C 0.5
-7.35 11.7 1.575001 835E3C 0.5
-6.825001 11.7 1.575001 835E3C 0.5
-6.300001 11.7 1.575001 835E3C 0.5
-5.775001 11.7 1.575001 835E3C 0.5
-5.25 11.7 1.575001 835E3C 0.5
-4.725 11.7 1.575001 835E3C 0.5
-4.2 11.7 1.575001 835E3C 0.5
-3.675 11.7 1.575001 835E3C 0.5
-3.15 11.7 1.575001 835E3C 0.5
-2.625 11.7 1.575001 835E3C 0.5
-2.1 11.7 2.1 835E3C 0.5
-1.575 11.7 2.1 835E3C 0.5
-1.05 11.7 2.1 835E3C 0.5
-0.5249998 11.7 2.1 835E3C 0.5
2.384186E-07 11.7 2.1 835E3C 0.5
0.5250003 11.7 2.1 835E3C 0.5
1.05 11.7 2.1 835E3C 0.5
1.575001 11.7 2.1 835E3C 0.5
2.1 11.7 2.1 835E3C 0.5
2.625 11.7 1.575 835E3C 0.5
3.150001 11.7 1.575 835E3C 0.5
3.675001 11.7 1.575 835E3C 0.5
4.200001 11.7 1.575 835E3C 0.5
4.725 11.7 1.575 835E3C 0.5
5.25 11.7 1.05 835E3C 0.5
5.775001 11.7 1.05 835E3C 0.5
-1.575 12.225 2.1 835E3C 0.5
-1.05 12.225 2.1 835E3C 0.5
-0.5249998 12.225 2.1 835E3C 0.5
2.384186E-07 12.225 2.1 835E3C 0.5
0.5250003 12.225 2.1 835E3C 0.5
1.05 12.225 2.1 835E3C 0.5
1.575001 12.225 2.1 835E3C 0.5
2.1 12.225 2.1 835E3C 0.5
2.625 12.225 1.575 835E3C 0.5
3.150001 12.225 1.575 835E3C 0.5
3.675001 12.225 1.575 835E3C 0.5
4.200001 12.225 1.575 835E3C 0.5
4.725 12.225 1.575 835E3C 0.5
5.25 12.225 1.05 835E3C 0.5
5.775001 12.225 1.05 835E3C 0.5
6.300001 12.225 1.574999 775731 0.5
6.825001 12.225 2.099999 835E3C 0.5
7.350001 12.225 1.574999 835E3C 0.5
7.875001 12.225 1.575 775731 0.5
8.400001 12.225 0.5249987 393937 0.5
8.925001 12.225 0.5249987 835E3C 0.5
9.450001 12.225 0.5249987 835E3C 0.5
9.975001 12.225 0.5249987 835E3C 0.5
2.1 12.75 1.575 835E3C 0.5
2.625 12.75 1.575 835E3C 0.5
3.150001 12.75 1.575 835E3C 0.5
3.675001 12.75 1.575 835E3C 0.5
4.200001 12.75 1.575 835E3C 0.5
4.725 12.75 1.05 835E3C 0.5
5.25 12.75 1.05 835E3C 0.5
5.775001 12.75 1.575 775731 0.5
6.300001 12.75 2.099999 775731 0.5
6.825001 12.75 2.099999 835E3C 0.5
7.350001 12.75 1.574999 835E3C 0.5
7.875001 12.75 1.575 835E3C 0.5
8.400001 12.75 1.049999 775731 0.5
8.925001 12.75 0.5249987 835E3C 0.5
9.450001 12.75 0.5249987 835E3C 0.5
9.975001 12.75 0.5249987 835E3C 0.5
10.5 12.75 0.5249987 393937 0.5
2.625 13.275 1.575 835E3C 0.5
3.150001 13.275 1.575 835E3C 0.5
3.675001 13.275 1.575 835E3C 0.5
4.200001 13.275 1.575 835E3C 0.5
4.725 13.275 1.05 835E3C 0.5
5.25 13.275 1.05 835E3C 0.5
5.775001 13.275 1.575 775731 0.5
6.300001 13.275 2.099999 835E3C 0.5
6.825001 13.275 2.099999 835E3C 0.5
7.350001 13.275 1.574999 835E3C 0.5
7.875001 13.275 1.575 835E3C 0.5
8.400001 13.275 1.049999 775731 0.5
8.925001 13.275 0.5249987 835E3C 0.5
9.450001 13.275 0.5249987 835E3C 0.5
3.150001 13.8 1.575 835E3C 0.5
3.675001 13.8 1.575 835E3C 0.5
4.2 13.8 1.05 835E3C 0.5
4.725 13.8 1.05 835E3C 0.5
5.250001 13.8 1.575 775731 0.5
5.775001 13.8 2.099999 6D4A23 0.5
6.300001 13.8 2.099999 6D4A23 0.5
6.825001 13.8 2.099999 6D4A23 0.5
7.350001 13.8 1.574999 835E3C 0.5
7.875001 13.8 1.575 835E3C 0.5
8.400001 13.8 1.575 422808 0.5
8.925001 13.8 1.049999 775731 0.5
4.2 14.325 1.05 835E3C 0.5
4.725 14.325 1.05 835E3C 0.5
5.250001 14.325 1.575 775731 0.5
5.775001 14.325 2.099999 6D4A23 0.5
6.300001 14.325 2.099999 6D4A23 0.5
6.825001 14.325 2.099999 6D4A23 0.5
7.350001 14.325 1.574999 835E3C 0.5
7.875001 14.325 1.575 835E3C 0.5
8.400001 14.325 1.575 000000 0.5
8.925001 14.325 1.049999 835E3C 0.5
4.725 14.85 1.575 775731 0.5
5.250001 14.85 1.575 835E3C 0.5
5.775001 14.85 2.099999 6D4A23 0.5
6.300001 14.85 2.099999 6D4A23 0.5
6.825001 14.85 2.099999 6D4A23 0.5
7.350001 14.85 1.574999 835E3C 0.5
7.875001 14.85 1.575 835E3C 0.5
8.400001 14.85 1.575 835E3C 0.5
5.250001 15.375 1.575 835E3C 0.5
5.775001 15.375 2.099999 6D4A23 0.5
6.300001 15.375 2.099999 6D4A23 0.5
6.825001 15.375 2.099999 6D4A23 0.5
7.350001 15.375 1.574999 835E3C 0.5
7.875001 15.375 1.575 835E3C 0.5
5.250001 15.9 2.1 6D4A23 0.5
5.775001 15.9 2.099999 6D4A23 0.5
6.300001 15.9 2.099999 6D4A23 0.5
6.825001 15.9 2.099999 6D4A23 0.5
3.150001 6.975 2.625 775731 0.5
1.05 6.975 2.1 835E3C 0.5
1.575001 6.975 2.1 835E3C 0.5
2.1 6.975 2.1 835E3C 0.5
2.625 6.975 1.575 835E3C 0.5
0.5250003 7.5 2.625 775731 0.5
1.05 7.5 2.1 835E3C 0.5
1.575001 7.5 2.1 835E3C 0.5
2.1 7.5 2.1 835E3C 0.5
2.625 7.5 2.1 835E3C 0.5
3.150001 7.5 2.099999 835E3C 0.5
0.5250003 8.025 2.625 775731 0.5
1.05 8.025 2.1 835E3C 0.5
1.575001 8.025 2.1 835E3C 0.5
2.1 8.025 2.1 835E3C 0.5
2.625 8.025 2.1 835E3C 0.5
3.150001 8.025 2.099999 835E3C 0.5
3.675001 8.025 2.1 835E3C 0.5
2.625 8.549999 2.1 835E3C 0.5
3.150001 8.549999 2.099999 835E3C 0.5
3.675001 8.549999 2.1 835E3C 0.5
4.200001 8.549999 2.625 775731 0.5
-9.450001 7.5 2.100001 775731 0.5
-8.925001 0.15 2.100001 624118 0.5
-8.400001 0.15 2.100001 624118 0.5
-7.875001 0.15 2.100001 624118 0.5
-7.35 0.15 2.100001 624118 0.5
-6.825001 5.4 2.100001 775731 0.5
-6.300001 5.925 2.100001 6D4A23 0.5
-5.775001 6.45 2.100001 775731 0.5
-5.25 7.5 2.100001 775731 0.5
1.05 5.4 2.1 775731 0.5
2.1 0.15 2.1 624118 0.5
2.625 0.15 2.1 624118 0.5
3.150001 0.15 2.099999 624118 0.5
3.675001 0.15 2.1 624118 0.5
5.250001 15.375 2.1 624118 0.5
5.775001 13.275 2.099999 624118 0.5
-8.925001 0.15 -1.049999 835E3C 0.5
-8.400001 0.15 -1.049999 835E3C 0.5
-7.875001 0.15 -1.049999 835E3C 0.5
-8.925001 0.675 -1.049999 835E3C 0.5
-8.400001 0.675 2.100001 775731 0.5
-8.400001 0.675 -1.049999 835E3C 0.5
-7.875001 0.675 2.100001 8E6D49 0.5
-7.875001 0.675 -1.049999 835E3C 0.5
-7.35 4.35 2.100001 775731 0.5
-7.35 0.675 2.100001 775731 0.5
2.1 0.675 -1.575001 835E3C 0.5
2.625 0.675 2.1 775731 0.5
2.625 0.675 -1.05 835E3C 0.5
3.150001 0.675 2.099999 8E6D49 0.5
3.150001 0.675 -1.050001 835E3C 0.5
3.675001 0.675 2.1 775731 0.5
-9.450001 1.2 2.100001 775731 0.5
-8.925001 1.2 -1.049999 835E3C 0.5
1.575001 1.2 2.1 775731 0.5
-8.400001 1.2 -1.049999 835E3C 0.5
-7.875001 3.825 2.100001 775731 0.5
2.1 3.3 2.1 6D4A23 0.5
2.1 1.2 -1.575001 835E3C 0.5
2.625 1.2 -1.575001 835E3C 0.5
3.150001 6.975 2.099999 775731 0.5
-9.450001 1.725 2.100001 775731 0.5
-8.925001 1.725 -1.049999 835E3C 0.5
1.575001 1.725 2.1 775731 0.5
-8.400001 3.3 2.100001 6D4A23 0.5
-8.400001 1.725 -1.049999 835E3C 0.5
2.1 1.725 -1.575001 835E3C 0.5
2.625 4.875 2.1 775731 0.5
2.625 1.725 -1.575001 835E3C 0.5
-9.450001 2.25 2.100001 775731 0.5
-8.925001 2.25 -1.049999 835E3C 0.5
-8.400001 2.25 -1.049999 835E3C 0.5
1.575001 3.3 2.1 6D4A23 0.5
1.575 2.25 -1.575001 835E3C 0.5
2.1 2.25 -1.575001 835E3C 0.5
2.625 2.25 -1.575001 835E3C 0.5
-9.450001 2.775 2.100001 775731 0.5
-8.925001 2.775 -1.049999 835E3C 0.5
-8.400001 2.775 -1.049999 835E3C 0.5
1.575 2.775 -1.575001 835E3C 0.5
2.1 2.775 -1.575001 835E3C 0.5
2.625 2.775 2.1 775731 0.5
-9.450001 3.3 2.100001 775731 0.5
-8.925001 3.3 -1.049999 835E3C 0.5
-8.400001 5.925 2.100001 775731 0.5
-8.400001 3.3 -1.049999 835E3C 0.5
1.05 3.3 2.1 775731 0.5
-7.875001 3.3 2.100001 775731 0.5
1.575 3.3 -1.575001 835E3C 0.5
2.1 3.3 -1.575001 835E3C 0.5
2.625 3.3 2.1 775731 0.5
-9.450001 3.825 2.100001 775731 0.5
-8.925001 6.45 2.100001 775731 0.5
-8.925001 3.825 2.100001 8E6D49 0.5
-8.925001 3.825 -1.049999 835E3C 0.5
1.05 3.825 2.1 775731 0.5
-8.400001 3.825 -1.049999 835E3C 0.5
-7.875001 5.925 2.100001 6D4A23 0.5
-7.875001 3.825 -1.049999 835E3C 0.5
1.575001 6.45 2.1 6D4A23 0.5
1.575001 3.825 2.1 775731 0.5
1.575 3.825 -1.05 835E3C 0.5
2.1 3.825 2.1 8E6D49 0.5
2.1 6.45 2.1 6D4A23 0.5
2.1 3.825 -1.05 835E3C 0.5
2.625 3.825 2.1 775731 0.5
-8.925001 4.35 2.100001 775731 0.5
-8.925001 4.35 -1.049999 835E3C 0.5
1.05 4.35 2.1 775731 0.5
-8.400001 4.35 -1.049999 835E3C 0.5
-7.875001 4.35 -1.049999 835E3C 0.5
1.575 4.35 -1.05 835E3C 0.5
2.1 4.35 -1.05 835E3C 0.5
2.625 4.35 2.1 775731 0.5
-8.925001 4.875 2.100001 775731 0.5
-8.400001 4.875 -1.049999 835E3C 0.5
1.05 4.875 2.1 775731 0.5
-7.875001 4.875 -1.049999 835E3C 0.5
-7.35 5.925 2.100001 6D4A23 0.5
-7.350001 4.875 -1.049999 835E3C 0.5
-6.825001 4.875 2.100001 775731 0.5
1.575 4.875 -1.05 835E3C 0.5
2.1 4.875 -1.05 835E3C 0.5
-8.400001 5.4 2.100001 775731 0.5
-8.400001 5.4 -1.049999 835E3C 0.5
-7.875001 5.4 -1.049999 835E3C 0.5
-7.350001 5.4 -1.049999 835E3C 0.5
-6.825001 5.925 2.100001 6D4A23 0.5
-6.825001 5.4 -1.049999 835E3C 0.5
1.575 5.4 -1.05 835E3C 0.5
2.1 5.4 -1.05 835E3C 0.5
2.625 6.45 2.1 6D4A23 0.5
2.625 5.4 -1.05 835E3C 0.5
2.625 5.4 2.1 775731 0.5
-8.400001 5.925 -1.049999 835E3C 0.5
-7.875001 5.925 -1.049999 835E3C 0.5
1.05 5.925 2.1 775731 0.5
-7.350001 5.925 -1.049999 835E3C 0.5
-6.825001 5.925 -1.049999 835E3C 0.5
-6.300001 5.925 -1.049999 835E3C 0.5
-5.775001 5.925 2.100001 775731 0.5
1.05 6.45 2.1 6D4A23 0.5
1.05 5.925 -1.05 835E3C 0.5
1.575 5.925 -1.05 835E3C 0.5
2.1 5.925 -1.05 835E3C 0.5
2.625 5.925 -1.05 835E3C 0.5
2.625 5.925 2.1 775731 0.5
-8.400001 6.45 -1.049999 835E3C 0.5
-7.875001 6.45 -1.049999 835E3C 0.5
-7.350001 6.45 -1.049999 835E3C 0.5
-6.825001 6.45 -1.049999 835E3C 0.5
-6.300001 6.45 -1.049999 835E3C 0.5
-5.775001 6.45 -1.05 835E3C 0.5
1.05 6.45 1.575 835E3C 0.5
1.575001 6.45 1.575 835E3C 0.5
2.1 6.45 1.575 835E3C 0.5
2.625 6.45 1.575 835E3C 0.5
-8.925001 6.975 2.100001 775731 0.5
-8.925001 6.975 -1.049999 835E3C 0.5
-8.400001 6.975 -1.049999 835E3C 0.5
-7.875001 6.975 -1.049999 835E3C 0.5
-7.350001 6.975 -1.049999 835E3C 0.5
-6.825001 6.975 -1.049999 835E3C 0.5
-6.300001 6.975 -1.049999 835E3C 0.5
-5.775001 6.975 -1.05 835E3C 0.5
-5.25 6.975 2.100001 775731 0.5
2.625 6.975 2.1 835E3C 0.5
-8.925001 7.5 -1.049999 835E3C 0.5
-8.400001 7.5 -1.049999 835E3C 0.5
-7.875001 7.5 -1.049999 835E3C 0.5
-7.350001 7.5 -1.049999 835E3C 0.5
-6.825001 7.5 -1.049999 835E3C 0.5
-6.300001 7.5 1.575001 835E3C 0.5
-5.775001 7.5 1.575001 835E3C 0.5
-5.25 7.5 1.575001 835E3C 0.5
-9.450001 8.025 2.100001 775731 0.5
-9.450001 8.025 0.5250006 6D4A23 0.5
-8.925001 8.025 -1.049999 835E3C 0.5
-8.400001 8.025 1.575001 835E3C 0.5
-7.875001 8.025 1.575001 835E3C 0.5
-7.35 8.025 1.575001 835E3C 0.5
-6.825001 8.025 1.575001 835E3C 0.5
-6.300001 8.025 1.575001 835E3C 0.5
-5.775001 8.025 1.575001 835E3C 0.5
-5.25 8.025 1.575001 835E3C 0.5
-4.725 8.025 2.100001 775731 0.5
-9.450001 8.549999 2.100001 775731 0.5
-9.450001 8.549999 -1.049999 835E3C 0.5
1.05 8.549999 2.1 835E3C 0.5
-8.925001 8.549999 1.575001 835E3C 0.5
-8.400001 8.549999 1.575001 835E3C 0.5
-7.875001 8.549999 1.575001 835E3C 0.5
-7.35 8.549999 1.575001 835E3C 0.5
-6.825001 8.549999 1.575001 835E3C 0.5
-6.300001 8.549999 1.575001 835E3C 0.5
-5.775001 8.549999 1.575001 835E3C 0.5
-5.25 8.549999 1.575001 835E3C 0.5
-5.25 8.549999 2.100001 835E3C 0.5
1.575001 8.549999 2.1 835E3C 0.5
2.1 8.549999 2.1 835E3C 0.5
4.200001 8.549999 2.1 775731 0.5
-9.450001 9.075 2.100001 775731 0.5
-9.450001 9.075 -1.049999 835E3C 0.5
-8.925001 9.075 1.575001 835E3C 0.5
-8.400001 9.075 1.575001 835E3C 0.5
-7.875001 9.075 1.575001 835E3C 0.5
-7.35 9.075 1.575001 835E3C 0.5
-6.825001 9.075 1.575001 835E3C 0.5
-6.300001 9.075 1.575001 835E3C 0.5
-5.775001 9.075 1.575001 835E3C 0.5
-5.25 9.075 2.100001 835E3C 0.5
1.575001 9.075 2.1 835E3C 0.5
2.1 9.075 2.1 835E3C 0.5
2.625 9.075 2.1 835E3C 0.5
3.150001 9.075 2.099999 835E3C 0.5
3.675001 9.075 2.1 835E3C 0.5
4.200001 9.075 2.1 835E3C 0.5
-9.450001 9.599999 2.100001 775731 0.5
-9.450001 9.599999 0.5250006 6D4A23 0.5
-8.925001 9.599999 1.575001 835E3C 0.5
-8.400001 9.599999 1.575001 835E3C 0.5
-7.875001 9.599999 1.575001 835E3C 0.5
-7.35 9.599999 1.575001 835E3C 0.5
-6.825001 9.599999 1.575001 835E3C 0.5
-6.300001 9.599999 1.575001 835E3C 0.5
-5.775001 9.599999 1.575001 835E3C 0.5
3.150001 9.599999 2.099999 835E3C 0.5
3.675001 9.599999 2.1 835E3C 0.5
-9.450001 10.125 2.100001 835E3C 0.5
-9.450001 10.125 0.5250006 6D4A23 0.5
-8.925001 10.125 1.575001 835E3C 0.5
-8.400001 10.125 1.575001 835E3C 0.5
-7.875001 10.125 1.575001 835E3C 0.5
-7.35 10.125 1.575001 835E3C 0.5
-6.825001 10.125 1.575001 835E3C 0.5
-6.300001 10.125 1.575001 835E3C 0.5
-8.925001 10.65 1.575001 835E3C 0.5
-8.400001 10.65 1.575001 835E3C 0.5
5.775001 13.8 1.575 835E3C 0.5
6.300001 13.8 1.574999 835E3C 0.5
5.775001 14.325 1.575 835E3C 0.5
6.300001 14.325 1.574999 835E3C 0.5
6.825001 14.325 1.574999 835E3C 0.5
5.250001 14.85 2.1 624118 0.5
5.775001 14.85 1.575 835E3C 0.5
6.300001 14.85 1.574999 835E3C 0.5
6.825001 14.85 1.574999 835E3C 0.5
5.775001 15.375 1.575 835E3C 0.5
6.300001 15.375 1.574999 835E3C 0.5
6.825001 15.375 1.574999 835E3C 0.5
7.350001 15.375 2.099999 624118 0.5
5.25 15.9 -1.050001 624118 0.5
5.775001 15.9 -1.050001 624118 0.5
6.300001 15.9 -1.050001 624118 0.5
6.825001 15.9 -1.050001 624118 0.5
7.350001 15.9 2.099999 624118 0.5
-9.450001 7.5 1.575001 775731 0.5
-8.925001 0.15 1.575001 624118 0.5
-8.400001 0.15 1.575001 624118 0.5
-7.875001 0.15 1.575001 624118 0.5
-7.35 0.15 1.575001 624118 0.5
-6.825001 5.4 1.575001 775731 0.5
-6.300001 5.925 1.575001 6D4A23 0.5
-5.775001 6.45 1.575001 775731 0.5
-2.1 6.45 1.575001 6D4A23 0.5
-1.575 6.45 1.575001 6D4A23 0.5
-0.5249998 6.45 1.575 6D4A23 0.5
2.384186E-07 6.45 1.575 6D4A23 0.5
0.5250003 6.45 1.575 6D4A23 0.5
1.05 5.4 1.575 775731 0.5
1.575001 2.25 1.575 775731 0.5
2.1 0.15 1.575 624118 0.5
2.625 0.15 1.575 624118 0.5
3.150001 0.15 1.575 624118 0.5
3.675001 0.15 1.575 624118 0.5
4.200001 8.025 1.575 775731 0.5
6.825001 12.225 1.574999 6D4A23 0.5
7.350001 11.7 1.574999 6D4A23 0.5
-8.925001 0.675 1.575001 775731 0.5
-8.925001 1.2 1.575001 6D4A23 0.5
-8.400001 0.675 1.575001 775731 0.5
-8.400001 1.2 1.575001 6D4A23 0.5
2.1 0.675 1.575 775731 0.5
-7.875001 0.675 1.575001 8E6D49 0.5
-7.35 4.35 1.575001 775731 0.5
-7.35 0.675 1.575001 775731 0.5
2.1 1.2 1.575 6D4A23 0.5
2.625 0.675 1.575 775731 0.5
2.625 1.2 1.575 6D4A23 0.5
3.150001 0.675 1.575 8E6D49 0.5
3.675001 7.5 1.575 775731 0.5
3.675001 0.675 1.575 775731 0.5
-9.450001 1.2 1.575001 775731 0.5
-8.925001 3.3 1.575001 6D4A23 0.5
1.575001 1.2 1.575 775731 0.5
-7.875001 3.825 1.575001 775731 0.5
2.1 3.3 1.575 6D4A23 0.5
-9.450001 1.725 1.575001 775731 0.5
1.575001 1.725 1.575 775731 0.5
-8.400001 3.3 1.575001 6D4A23 0.5
-8.400001 1.725 1.575001 775731 0.5
2.1 1.725 1.575 8E6D49 0.5
2.625 4.875 1.575 775731 0.5
2.625 1.725 1.575 775731 0.5
-9.450001 2.25 1.575001 775731 0.5
-8.400001 2.25 1.575001 775731 0.5
1.575001 3.3 1.575 6D4A23 0.5
2.625 2.25 1.575 775731 0.5
-9.450001 2.775 1.575001 775731 0.5
1.575001 2.775 1.575 775731 0.5
-8.400001 2.775 1.575001 775731 0.5
2.625 2.775 1.575 775731 0.5
-9.450001 3.3 1.575001 775731 0.5
-8.400001 5.925 1.575001 775731 0.5
1.05 3.3 1.575 775731 0.5
-7.875001 3.3 1.575001 775731 0.5
2.625 3.3 1.575 775731 0.5
-9.450001 3.825 1.575001 775731 0.5
-8.925001 6.45 1.575001 775731 0.5
-8.925001 3.825 1.575001 8E6D49 0.5
1.05 3.825 1.575 775731 0.5
-7.875001 5.925 1.575001 6D4A23 0.5
1.575001 3.825 1.575 775731 0.5
2.1 3.825 1.575 8E6D49 0.5
2.625 3.825 1.575 775731 0.5
-8.925001 4.35 1.575001 775731 0.5
1.05 4.35 1.575 775731 0.5
2.625 4.35 1.575 775731 0.5
-8.925001 4.875 1.575001 775731 0.5
1.05 4.875 1.575 775731 0.5
-7.35 5.925 1.575001 6D4A23 0.5
-6.825001 4.875 1.575001 775731 0.5
-8.400001 5.4 1.575001 775731 0.5
-6.825001 5.925 1.575001 6D4A23 0.5
2.625 5.4 1.575 775731 0.5
1.05 5.925 1.575 775731 0.5
-7.35 7.5 1.575001 6D4A23 0.5
-6.825001 7.5 1.575001 6D4A23 0.5
-5.775001 5.925 1.575001 775731 0.5
2.625 5.925 1.575 775731 0.5
1.05 6.45 -1.05 835E3C 0.5
1.575001 11.7 1.575 835E3C 0.5
1.575 6.45 -1.05 835E3C 0.5
2.1 10.65 1.575 835E3C 0.5
2.1 6.45 -1.05 835E3C 0.5
2.625 9.599999 1.575 835E3C 0.5
2.625 6.45 -1.05 835E3C 0.5
-8.925001 6.975 1.575001 775731 0.5
-8.925001 8.025 1.575001 6D4A23 0.5
-5.25 6.975 1.575001 775731 0.5
-1.575 9.075 1.575001 775731 0.5
-0.5249998 6.975 1.575 835E3C 0.5
1.05 6.975 1.575 775731 0.5
1.05 6.975 -1.05 835E3C 0.5
1.575001 6.975 1.575 835E3C 0.5
1.575 6.975 -1.05 835E3C 0.5
2.1 6.975 1.575 835E3C 0.5
2.1 6.975 -1.05 835E3C 0.5
2.625 6.975 -1.05 835E3C 0.5
-6.300001 7.5 -1.049999 835E3C 0.5
-1.05 7.5 1.575 775731 0.5
0.5250003 7.5 1.575 775731 0.5
-0.5249998 7.5 1.575 835E3C 0.5
1.05 7.5 -1.05 835E3C 0.5
1.575 7.5 -1.05 835E3C 0.5
2.1 7.5 -1.05 835E3C 0.5
2.625 7.5 -1.05 835E3C 0.5
3.150001 8.549999 1.575 835E3C 0.5
3.150001 7.5 -1.050001 835E3C 0.5
-9.450001 8.025 1.575001 775731 0.5
-8.400001 8.025 -1.049999 835E3C 0.5
-7.875001 8.025 -1.049999 835E3C 0.5
-7.350001 8.025 -1.049999 835E3C 0.5
-6.825001 8.025 -1.049999 835E3C 0.5
-6.300001 8.025 1.050001 835E3C 0.5
0.5250003 8.025 1.575 775731 0.5
-1.05 8.025 1.575 835E3C 0.5
1.05 8.025 -1.05 835E3C 0.5
3.675001 8.025 1.575 835E3C 0.5
1.575 8.025 -1.05 835E3C 0.5
2.1 8.025 -1.05 835E3C 0.5
2.625 8.025 -1.05 835E3C 0.5
3.150001 8.025 -1.050001 835E3C 0.5
3.675 8.025 -1.05 835E3C 0.5
-9.450001 8.549999 1.575001 775731 0.5
-8.925001 8.549999 -1.049999 835E3C 0.5
-8.400001 8.549999 -1.049999 835E3C 0.5
-7.875001 8.549999 -1.049999 835E3C 0.5
-7.350001 8.549999 -1.049999 835E3C 0.5
-6.825001 8.549999 -1.049999 835E3C 0.5
-6.300001 8.549999 1.050001 835E3C 0.5
1.05 8.549999 1.575 835E3C 0.5
-1.05 8.549999 1.575 835E3C 0.5
1.05 8.549999 -1.05 835E3C 0.5
1.575 8.549999 -1.05 835E3C 0.5
2.1 8.549999 -1.05 835E3C 0.5
2.625 8.549999 -1.05 835E3C 0.5
3.675 8.549999 -1.05 835E3C 0.5
-9.450001 9.075 1.575001 775731 0.5
-8.925001 9.075 -1.049999 835E3C 0.5
-8.400001 9.075 -1.049999 835E3C 0.5
-7.875001 9.075 -1.049999 835E3C 0.5
-7.350001 9.075 -1.049999 835E3C 0.5
-6.825001 9.075 -1.049999 835E3C 0.5
-6.300001 9.075 1.050001 835E3C 0.5
1.05 9.075 1.575 835E3C 0.5
-1.05 9.075 1.575 835E3C 0.5
1.575 9.075 -1.05 835E3C 0.5
3.150001 9.075 1.575 835E3C 0.5
2.1 9.075 -1.05 835E3C 0.5
2.625 9.075 -1.05 835E3C 0.5
3.150001 9.075 -1.050001 835E3C 0.5
3.675 9.075 -1.05 835E3C 0.5
4.725 9.075 1.575 775731 0.5
-9.450001 9.599999 1.575001 775731 0.5
-8.925001 9.599999 -1.049999 835E3C 0.5
-8.400001 9.599999 -1.049999 835E3C 0.5
-7.875001 9.599999 -1.049999 835E3C 0.5
-7.350001 9.599999 -1.049999 835E3C 0.5
-6.825001 9.599999 -1.049999 835E3C 0.5
-6.300001 9.599999 1.050001 835E3C 0.5
-1.575 9.599999 1.575001 775731 0.5
1.575001 9.599999 1.575 835E3C 0.5
1.575 9.599999 -1.05 835E3C 0.5
2.1 9.599999 -1.05 835E3C 0.5
3.150001 9.599999 -1.050001 835E3C 0.5
4.725 9.599999 1.575 775731 0.5
-9.450001 10.125 1.575001 835E3C 0.5
-8.925001 10.125 -1.049999 835E3C 0.5
-8.400001 10.125 -1.049999 835E3C 0.5
-7.875001 10.125 -1.049999 835E3C 0.5
-7.350001 10.125 -1.049999 835E3C 0.5
-6.825001 10.125 -1.049999 835E3C 0.5
-6.300001 10.125 1.050001 835E3C 0.5
-5.775001 10.125 1.575001 835E3C 0.5
2.625 10.125 1.575 835E3C 0.5
-1.575 10.125 1.575001 835E3C 0.5
1.575001 10.125 1.575 835E3C 0.5
2.1 10.125 1.575 947A58 0.5
3.150001 10.125 1.575 775731 0.5
-8.925001 10.65 -1.049999 835E3C 0.5
-8.400001 10.65 -1.049999 835E3C 0.5
-7.875001 10.65 -1.049999 835E3C 0.5
-7.350001 10.65 -1.049999 835E3C 0.5
-6.825001 10.65 -1.049999 835E3C 0.5
-6.300001 10.65 1.050001 835E3C 0.5
-6.825001 10.65 1.575001 8E6D49 0.5
-1.575 10.65 1.575001 835E3C 0.5
2.625 10.65 1.575 775731 0.5
-8.925001 11.175 1.575001 8E6D49 0.5
-8.400001 11.175 0.525001 6D4A23 0.5
-7.875001 10.65 1.575001 8E6D49 0.5
-7.35 10.65 1.575001 8E6D49 0.5
-6.300001 11.175 1.050001 835E3C 0.5
-2.1 11.175 1.575001 775731 0.5
2.1 11.175 1.575 835E3C 0.5
2.625 11.175 1.575 775731 0.5
-8.400001 11.7 1.575001 8E6D49 0.5
-7.875001 11.7 0.525001 6D4A23 0.5
-7.350001 11.7 0.525001 6D4A23 0.5
-2.1 11.7 1.575001 835E3C 0.5
2.1 11.7 1.575 775731 0.5
-1.575 12.225 1.575001 947A58 0.5
-7.35 12.225 1.575001 947A58 0.5
-6.825001 12.225 1.575001 947A58 0.5
-6.300001 12.225 1.575001 947A58 0.5
-5.775001 12.225 1.575001 947A58 0.5
-2.1 12.225 1.575001 947A58 0.5
1.575001 12.225 1.575 835E3C 0.5
2.1 12.225 1.575 775731 0.5
6.300001 12.225 1.049999 835E3C 0.5
6.825001 15.9 1.574999 522C08 0.5
1.575001 12.75 1.575 8E6D49 0.5
-1.05 12.225 1.575 947A58 0.5
-0.5249998 12.225 1.575 947A58 0.5
2.384186E-07 12.225 1.575 947A58 0.5
0.5250003 12.75 1.575 947A58 0.5
1.05 12.75 1.575 947A58 0.5
6.300001 12.75 1.049999 835E3C 0.5
2.1 13.275 1.575 8E6D49 0.5
5.775001 13.275 1.05 835E3C 0.5
5.775001 13.8 1.05 835E3C 0.5
6.300001 13.8 -2.100001 583710 0.5
6.825001 13.8 -2.100001 583710 0.5
5.25 14.325 1.05 835E3C 0.5
5.775001 14.325 -2.100001 583710 0.5
6.300001 14.325 -2.100001 522C08 0.5
6.825001 14.325 -2.100001 583710 0.5
5.25 14.85 1.05 835E3C 0.5
5.775001 14.85 -2.100001 583710 0.5
6.300001 14.85 -2.100001 522C08 0.5
6.825001 14.85 -2.100001 583710 0.5
5.775001 15.375 -2.100001 522C08 0.5
6.300001 15.375 -2.100001 522C08 0.5
6.825001 15.375 -2.100001 583710 0.5
8.400001 15.375 1.575 947A58 0.5
5.250001 15.9 1.575 624118 0.5
5.775001 15.9 1.575 947A58 0.5
6.300001 15.9 1.574999 947A58 0.5
7.350001 15.9 1.574999 947A58 0.5
7.875001 15.9 1.575 947A58 0.5
-9.450001 7.5 1.050001 775731 0.5
-8.925001 6.45 1.050001 775731 0.5
-8.400001 4.35 1.050001 835E3C 0.5
-7.875001 4.35 1.050001 835E3C 0.5
-7.350001 0.15 1.050001 624118 0.5
-6.825001 5.4 1.050001 775731 0.5
-6.300001 5.925 1.050001 6D4A23 0.5
-5.775001 6.45 1.050001 775731 0.5
-5.25 7.5 1.050001 6D4A23 0.5
-4.725 6.975 1.050001 6D4A23 0.5
-4.2 6.975 1.050001 6D4A23 0.5
-3.675 6.975 1.05 6D4A23 0.5
-3.150001 6.975 1.050001 6D4A23 0.5
-2.625 6.975 1.05 6D4A23 0.5
-2.1 6.45 1.05 6D4A23 0.5
-1.575 6.45 1.05 6D4A23 0.5
-1.05 6.45 1.05 6D4A23 0.5
-0.5249999 6.45 1.05 6D4A23 0.5
1.192093E-07 6.45 1.05 6D4A23 0.5
0.5250002 6.45 1.05 6D4A23 0.5
1.05 6.45 1.05 6D4A23 0.5
1.575 6.45 1.05 6D4A23 0.5
2.1 6.45 1.05 6D4A23 0.5
2.625 6.45 1.05 775731 0.5
3.150001 6.975 1.05 775731 0.5
3.675001 7.5 1.049999 775731 0.5
4.2 8.025 1.05 775731 0.5
4.725 9.599999 1.05 775731 0.5
5.25 11.175 1.05 775731 0.5
6.825001 12.225 1.049999 6D4A23 0.5
7.350001 11.7 1.049999 6D4A23 0.5
7.875001 12.225 1.049999 6D4A23 0.5
-7.875001 0.15 1.050001 835E3C 0.5
-8.925001 0.15 1.050001 835E3C 0.5
-8.400001 0.15 1.050001 835E3C 0.5
-8.925001 0.675 1.050001 835E3C 0.5
-8.400001 0.675 1.050001 835E3C 0.5
-7.875001 0.675 1.050001 835E3C 0.5
-7.350001 4.35 1.050001 775731 0.5
2.625 0.675 1.05 835E3C 0.5
3.150001 0.675 1.05 835E3C 0.5
-8.925001 1.2 1.050001 835E3C 0.5
-8.400001 1.2 1.050001 835E3C 0.5
-8.925001 1.725 1.050001 835E3C 0.5
-8.400001 1.725 1.050001 835E3C 0.5
-8.925001 2.25 1.050001 835E3C 0.5
-8.400001 2.25 1.050001 835E3C 0.5
2.1 2.25 1.575 835E3C 0.5
-8.925001 2.775 1.050001 835E3C 0.5
-8.400001 2.775 1.050001 835E3C 0.5
2.1 2.775 1.575 835E3C 0.5
-8.925001 3.3 1.050001 835E3C 0.5
-8.400001 3.3 1.050001 835E3C 0.5
-8.925001 3.825 1.050001 835E3C 0.5
-8.400001 3.825 1.050001 835E3C 0.5
-7.875001 3.825 1.050001 835E3C 0.5
1.575 3.825 1.05 835E3C 0.5
2.1 3.825 1.05 835E3C 0.5
-8.925001 4.35 1.050001 835E3C 0.5
-8.400001 5.925 1.050001 775731 0.5
-7.875001 5.925 1.050001 6D4A23 0.5
1.575 4.35 1.05 835E3C 0.5
2.1 4.35 1.05 835E3C 0.5
-8.925001 4.875 1.050001 775731 0.5
-7.350001 5.925 1.050001 6D4A23 0.5
-6.825001 4.875 1.050001 775731 0.5
1.575 4.875 1.05 835E3C 0.5
2.1 4.875 1.05 835E3C 0.5
-8.400001 5.4 1.050001 775731 0.5
-6.825001 5.925 1.050001 6D4A23 0.5
1.575 5.4 1.05 835E3C 0.5
2.1 5.4 1.05 835E3C 0.5
2.625 5.4 1.05 835E3C 0.5
-8.400001 8.025 1.050001 6D4A23 0.5
-7.875001 8.025 1.050001 6D4A23 0.5
-7.350001 7.5 1.050001 6D4A23 0.5
-6.825001 7.5 1.050001 6D4A23 0.5
-6.300001 7.5 1.050001 6D4A23 0.5
-5.775001 5.925 1.050001 775731 0.5
1.05 5.925 1.05 835E3C 0.5
1.575 5.925 1.05 835E3C 0.5
2.1 5.925 1.05 835E3C 0.5
2.625 5.925 1.05 835E3C 0.5
-5.775001 7.5 1.050001 6D4A23 0.5
-1.05 6.975 1.05 775731 0.5
1.05 8.025 1.05 835E3C 0.5
1.575 8.025 1.05 835E3C 0.5
2.1 8.025 1.05 835E3C 0.5
2.625 8.025 1.05 835E3C 0.5
-8.925001 6.975 1.050001 775731 0.5
-8.925001 8.025 1.050001 6D4A23 0.5
-5.25 6.975 1.050001 775731 0.5
-2.1 10.65 1.05 775731 0.5
-1.575 9.075 1.05 775731 0.5
-0.5249999 6.975 1.05 835E3C 0.5
1.05 6.975 1.05 835E3C 0.5
1.575 6.975 1.05 835E3C 0.5
2.1 6.975 1.05 835E3C 0.5
2.625 6.975 1.05 835E3C 0.5
3.150001 8.025 1.05 835E3C 0.5
-5.775001 7.5 -1.05 835E3C 0.5
-1.05 7.5 1.05 775731 0.5
-5.25 7.5 -1.05 835E3C 0.5
-0.5249999 7.5 1.05 835E3C 0.5
1.05 7.5 1.05 835E3C 0.5
1.575 7.5 1.05 835E3C 0.5
2.1 7.5 1.05 835E3C 0.5
2.625 7.5 1.05 835E3C 0.5
3.150001 7.5 1.05 835E3C 0.5
-9.450001 8.025 1.050001 775731 0.5
-6.300001 8.025 -1.049999 835E3C 0.5
-1.575 8.025 1.05 775731 0.5
-5.775001 8.025 -1.05 835E3C 0.5
-5.25 8.025 -1.05 835E3C 0.5
-5.775001 8.025 1.050001 835E3C 0.5
-4.725 8.025 1.050001 775731 0.5
0.5250002 8.025 1.05 775731 0.5
-0.5249999 8.025 1.05 835E3C 0.5
3.675001 8.025 1.049999 835E3C 0.5
1.575 11.7 1.05 835E3C 0.5
3.675001 8.549999 1.049999 835E3C 0.5
-9.450001 8.549999 1.050001 775731 0.5
-6.300001 8.549999 -1.049999 835E3C 0.5
-1.575 8.549999 1.05 775731 0.5
-5.775001 8.549999 -1.05 835E3C 0.5
-5.25 8.549999 -1.05 835E3C 0.5
-5.775001 8.549999 1.050001 835E3C 0.5
-5.25 8.549999 1.050001 835E3C 0.5
1.05 8.549999 1.05 835E3C 0.5
-1.05 8.549999 1.05 835E3C 0.5
3.150001 8.549999 1.05 835E3C 0.5
2.1 10.65 1.05 835E3C 0.5
2.625 9.599999 1.05 835E3C 0.5
3.150001 8.549999 -1.050001 835E3C 0.5
3.675001 13.275 1.049999 775731 0.5
4.2 12.225 1.05 775731 0.5
4.2 8.549999 1.05 775731 0.5
-9.450001 9.075 1.050001 775731 0.5
-6.300001 9.075 -1.049999 835E3C 0.5
-5.775001 9.075 -1.05 835E3C 0.5
-5.25 9.075 1.050001 835E3C 0.5
1.05 9.075 1.05 835E3C 0.5
-1.05 9.075 1.05 835E3C 0.5
2.625 9.075 1.05 835E3C 0.5
4.2 9.075 1.05 835E3C 0.5
4.725 9.075 1.05 775731 0.5
-9.450001 9.599999 1.050001 775731 0.5
-6.300001 9.599999 -1.049999 835E3C 0.5
-1.575 9.599999 1.05 775731 0.5
-5.775001 9.599999 -1.05 835E3C 0.5
-5.775001 9.599999 1.050001 835E3C 0.5
1.575 9.599999 1.05 835E3C 0.5
-1.05 9.599999 1.05 835E3C 0.5
2.625 9.599999 -1.05 835E3C 0.5
3.675001 9.599999 1.049999 835E3C 0.5
-9.450001 10.125 1.050001 835E3C 0.5
-8.925001 10.125 1.050001 6D4A23 0.5
-6.300001 10.125 -1.049999 835E3C 0.5
-2.1 10.125 1.05 775731 0.5
-5.775001 10.125 -1.05 835E3C 0.5
-5.775001 10.125 1.050001 835E3C 0.5
2.1 10.125 1.05 835E3C 0.5
-1.575 10.125 1.05 835E3C 0.5
1.575 10.125 1.05 835E3C 0.5
2.625 10.125 1.05 947A58 0.5
3.150001 10.125 1.05 775731 0.5
4.725 11.175 1.05 775731 0.5
4.725 10.125 1.05 775731 0.5
-8.925001 10.65 1.050001 835E3C 0.5
-6.825001 10.65 1.050001 8E6D49 0.5
-5.775001 10.65 1.050001 835E3C 0.5
-1.575 10.65 1.05 835E3C 0.5
2.625 10.65 1.05 775731 0.5
4.725 10.65 1.05 775731 0.5
-8.925001 11.175 1.050001 8E6D49 0.5
-8.400001 11.175 1.050001 8E6D49 0.5
-7.875001 10.65 1.050001 8E6D49 0.5
-7.350001 10.65 1.050001 8E6D49 0.5
-2.1 11.175 1.05 775731 0.5
-5.775001 11.175 1.050001 835E3C 0.5
1.575 11.175 1.05 835E3C 0.5
-1.575 11.175 1.05 835E3C 0.5
2.625 11.175 1.05 775731 0.5
-7.875001 11.7 1.050001 8E6D49 0.5
-8.400001 11.7 1.050001 8E6D49 0.5
-6.300001 11.7 1.050001 835E3C 0.5
-2.625 11.7 1.05 775731 0.5
-5.25 11.7 1.050001 835E3C 0.5
-2.1 11.7 1.05 835E3C 0.5
4.2 11.7 1.05 775731 0.5
2.1 11.7 1.05 775731 0.5
4.725 11.7 1.05 835E3C 0.5
-1.575 12.225 1.05 947A58 0.5
-7.350001 12.225 1.050001 947A58 0.5
-6.825001 12.225 1.050001 947A58 0.5
-6.300001 12.225 1.050001 947A58 0.5
-5.775001 12.225 1.050001 947A58 0.5
-4.725 11.7 1.050001 947A58 0.5
-4.2 11.7 1.050001 947A58 0.5
-3.675 11.7 1.05 947A58 0.5
-3.150001 11.7 1.050001 947A58 0.5
-2.1 12.225 1.05 947A58 0.5
1.575 12.225 1.05 835E3C 0.5
2.1 12.225 1.05 775731 0.5
4.725 12.225 1.05 835E3C 0.5
7.875001 12.225 0.5249987 775731 0.5
1.575 12.75 1.05 8E6D49 0.5
-1.05 12.225 1.05 947A58 0.5
-0.5249999 12.225 1.05 947A58 0.5
1.192093E-07 12.225 1.05 947A58 0.5
0.5250002 12.75 1.05 947A58 0.5
1.05 12.75 1.05 947A58 0.5
4.2 12.75 1.05 775731 0.5
3.675 12.75 0.5249994 775731 0.5
2.1 13.275 1.05 8E6D49 0.5
4.2 13.275 1.05 835E3C 0.5
3.150001 13.8 1.05 8E6D49 0.5
2.625 13.275 1.05 8E6D49 0.5
3.675001 13.8 1.049999 775731 0.5
3.675001 14.325 1.049999 8E6D49 0.5
4.2 14.85 1.05 8E6D49 0.5
4.725 14.85 1.05 835E3C 0.5
8.400001 14.85 1.049999 947A58 0.5
4.725 15.375 1.05 8E6D49 0.5
8.400001 15.375 1.049999 947A58 0.5
5.25 15.375 1.05 8E6D49 0.5
5.25 15.9 1.05 624118 0.5
5.775001 15.9 1.05 947A58 0.5
6.300001 15.9 1.049999 947A58 0.5
6.825001 15.9 1.049999 947A58 0.5
7.350001 15.9 1.049999 947A58 0.5
7.875001 15.9 1.049999 947A58 0.5
-9.450001 4.875 0.5250006 775731 0.5
-8.925001 8.025 0.5250006 6D4A23 0.5
-8.400001 8.025 0.525001 6D4A23 0.5
-7.875001 8.025 0.525001 6D4A23 0.5
-7.350001 7.5 0.525001 6D4A23 0.5
-6.825001 7.5 0.525001 6D4A23 0.5
-6.300001 7.5 0.525001 6D4A23 0.5
-5.775001 7.5 0.5250006 6D4A23 0.5
-5.25 7.5 0.5250006 6D4A23 0.5
-4.725 6.975 0.5250006 6D4A23 0.5
-4.2 6.975 0.5250006 6D4A23 0.5
-3.675 6.975 0.5250006 6D4A23 0.5
-3.150001 6.975 0.5250006 6D4A23 0.5
-2.625 6.975 0.5250003 6D4A23 0.5
-2.1 6.45 0.5250003 6D4A23 0.5
-1.575 6.45 0.5250003 6D4A23 0.5
-1.05 6.45 0.5250002 6D4A23 0.5
-0.525 6.45 0.5250001 6D4A23 0.5
5.960464E-08 6.45 0.525 6D4A23 0.5
0.5250001 6.45 0.5249999 6D4A23 0.5
1.05 6.45 0.525 6D4A23 0.5
1.575 6.45 0.5249999 6D4A23 0.5
2.1 6.45 0.5249999 6D4A23 0.5
2.625 6.45 0.5249999 775731 0.5
3.150001 6.975 0.5249996 775731 0.5
3.675 7.5 0.5249994 775731 0.5
4.2 8.025 0.5249996 775731 0.5
4.725 9.599999 0.5249996 775731 0.5
5.25 11.175 0.5249996 775731 0.5
5.775001 11.7 0.5249996 775731 0.5
6.300001 12.225 0.5249991 775731 0.5
6.825001 12.225 0.5249991 6D4A23 0.5
7.350001 11.7 0.5249991 6D4A23 0.5
7.875001 11.7 0.5249987 624118 0.5
8.400001 11.7 0.5249987 624118 0.5
10.5 12.225 0.5249987 121110 0.5
-9.450001 4.35 0.5250006 775731 0.5
-8.400001 4.875 1.050001 835E3C 0.5
-7.875001 4.875 1.050001 835E3C 0.5
-7.350001 4.875 1.050001 835E3C 0.5
-7.875001 5.4 1.050001 835E3C 0.5
-7.350001 5.4 1.050001 835E3C 0.5
-8.400001 6.45 1.050001 835E3C 0.5
-7.875001 6.45 1.050001 835E3C 0.5
-7.350001 6.45 1.050001 835E3C 0.5
-6.825001 6.45 1.050001 835E3C 0.5
-6.300001 6.45 1.050001 835E3C 0.5
-1.05 6.975 0.5250002 775731 0.5
1.575 11.7 0.5249999 835E3C 0.5
2.1 10.65 0.5249999 835E3C 0.5
2.625 9.599999 0.5249999 835E3C 0.5
-8.400001 6.975 1.050001 835E3C 0.5
-7.875001 6.975 1.050001 835E3C 0.5
-7.350001 6.975 1.050001 835E3C 0.5
-6.825001 6.975 1.050001 835E3C 0.5
-6.300001 6.975 1.050001 835E3C 0.5
-5.775001 6.975 1.050001 835E3C 0.5
-2.1 10.65 0.5250003 775731 0.5
-1.575 9.075 0.5250003 775731 0.5
-0.525 6.975 0.5250001 835E3C 0.5
3.150001 8.549999 0.5249996 835E3C 0.5
-8.925001 7.5 1.050001 835E3C 0.5
-8.400001 7.5 1.050001 835E3C 0.5
-7.875001 7.5 1.050001 835E3C 0.5
-6.300001 8.025 0.525001 835E3C 0.5
-1.05 7.5 0.5250002 775731 0.5
-0.525 7.5 0.5250001 835E3C 0.5
-9.450001 8.025 -1.049999 835E3C 0.5
-7.350001 8.025 1.050001 835E3C 0.5
-6.825001 8.025 1.050001 835E3C 0.5
-1.575 8.025 0.5250003 775731 0.5
-5.25 8.025 1.050001 835E3C 0.5
-5.775001 8.025 0.5250006 835E3C 0.5
3.675 8.025 0.5249994 835E3C 0.5
-0.525 8.025 0.5250001 835E3C 0.5
-9.450001 8.549999 0.5250006 6D4A23 0.5
-8.925001 8.549999 1.050001 835E3C 0.5
-6.300001 8.549999 0.525001 835E3C 0.5
-8.400001 8.549999 1.050001 835E3C 0.5
-7.875001 8.549999 1.050001 835E3C 0.5
-7.350001 8.549999 1.050001 835E3C 0.5
-6.825001 8.549999 1.050001 835E3C 0.5
-1.575 8.549999 0.5250003 775731 0.5
-5.775001 8.549999 0.5250006 835E3C 0.5
-1.05 8.549999 0.5250002 835E3C 0.5
1.575 8.549999 1.05 835E3C 0.5
2.1 8.549999 1.05 835E3C 0.5
2.625 8.549999 1.05 835E3C 0.5
4.2 11.175 0.5249996 775731 0.5
4.2 8.549999 0.5249996 775731 0.5
-9.450001 9.075 0.5250006 6D4A23 0.5
-8.925001 9.075 1.050001 835E3C 0.5
-6.300001 9.075 0.525001 835E3C 0.5
-8.400001 9.075 1.050001 835E3C 0.5
-7.875001 9.075 1.050001 835E3C 0.5
-7.350001 9.075 1.050001 835E3C 0.5
-6.825001 9.075 1.050001 835E3C 0.5
-5.775001 9.075 1.050001 835E3C 0.5
-5.775001 9.075 0.5250006 835E3C 0.5
2.625 9.075 0.5249999 835E3C 0.5
-1.05 9.075 0.5250002 835E3C 0.5
1.575 9.075 1.05 835E3C 0.5
2.1 9.075 1.05 835E3C 0.5
3.150001 9.075 1.05 835E3C 0.5
3.675001 9.075 1.049999 835E3C 0.5
3.675 9.075 0.5249994 775731 0.5
4.725 9.075 0.5249996 775731 0.5
-10.5 9.599999 0.5250006 775731 0.5
-9.450001 9.599999 -1.049999 835E3C 0.5
-8.925001 9.599999 1.050001 835E3C 0.5
-6.300001 9.599999 0.525001 835E3C 0.5
-8.400001 9.599999 1.050001 835E3C 0.5
-7.875001 9.599999 1.050001 835E3C 0.5
-7.350001 9.599999 1.050001 835E3C 0.5
-6.825001 9.599999 1.050001 835E3C 0.5
-1.575 9.599999 0.5250003 775731 0.5
-5.775001 9.599999 0.5250006 835E3C 0.5
-1.05 9.599999 0.5250002 835E3C 0.5
2.1 9.599999 1.05 835E3C 0.5
3.150001 9.599999 1.05 835E3C 0.5
3.150001 9.599999 0.5249996 775731 0.5
-8.925001 10.125 0.5250006 6D4A23 0.5
-6.300001 10.125 0.525001 835E3C 0.5
-8.400001 10.125 1.050001 835E3C 0.5
-7.875001 10.125 1.050001 835E3C 0.5
-7.350001 10.125 1.050001 835E3C 0.5
-6.825001 10.125 1.050001 835E3C 0.5
-2.1 10.125 0.5250003 775731 0.5
-5.775001 10.125 0.5250006 835E3C 0.5
2.1 10.125 0.5249999 835E3C 0.5
-1.575 10.125 0.5250003 835E3C 0.5
3.150001 10.125 0.5249996 775731 0.5
4.725 10.65 0.5249996 6D4A23 0.5
4.725 10.125 0.5249996 775731 0.5
-8.925001 10.65 0.5250006 6D4A23 0.5
-6.300001 10.65 0.525001 835E3C 0.5
-8.400001 10.65 1.050001 835E3C 0.5
-5.775001 10.65 0.5250006 835E3C 0.5
-1.575 10.65 0.5250003 835E3C 0.5
2.625 10.65 0.5249999 775731 0.5
-6.300001 11.175 0.525001 835E3C 0.5
-2.1 11.175 0.5250003 775731 0.5
-5.775001 11.175 0.5250006 835E3C 0.5
1.575 11.175 0.5249999 835E3C 0.5
-1.575 11.175 0.5250003 835E3C 0.5
2.625 11.175 0.5249999 775731 0.5
4.725 13.8 0.5249996 6D4A23 0.5
5.25 12.75 0.5249996 6D4A23 0.5
-6.300001 11.7 0.525001 835E3C 0.5
-2.625 11.7 0.5250003 775731 0.5
-5.25 11.7 0.5250006 835E3C 0.5
-2.1 11.7 0.5250003 835E3C 0.5
4.2 11.7 0.5249996 775731 0.5
2.1 11.7 0.5249999 775731 0.5
4.725 11.7 0.5249996 835E3C 0.5
5.775001 12.225 0.5249996 775731 0.5
-1.575 12.225 0.5250003 947A58 0.5
-7.350001 12.225 0.525001 947A58 0.5
-6.825001 12.225 0.525001 947A58 0.5
-6.300001 12.225 0.525001 947A58 0.5
-5.775001 12.225 0.5250006 947A58 0.5
-4.725 11.7 0.5250006 947A58 0.5
-4.2 11.7 0.5250006 947A58 0.5
-3.675 11.7 0.5250006 947A58 0.5
-3.150001 11.7 0.5250006 947A58 0.5
-2.1 12.225 0.5250003 947A58 0.5
1.575 12.225 0.5249999 835E3C 0.5
3.675 12.225 0.5249994 775731 0.5
2.1 12.225 0.5249999 775731 0.5
5.25 12.225 0.5249996 6D4A23 0.5
4.725 12.225 0.5249996 835E3C 0.5
1.575 12.75 0.5249999 8E6D49 0.5
-1.05 12.225 0.5250002 947A58 0.5
-0.525 12.225 0.5250001 947A58 0.5
5.960464E-08 12.225 0.525 947A58 0.5
0.5250001 12.75 0.5249999 947A58 0.5
1.05 12.75 0.525 947A58 0.5
4.725 12.75 0.5249996 835E3C 0.5
6.300001 12.75 0.5249991 775731 0.5
2.1 13.275 0.5249999 8E6D49 0.5
3.675 13.275 0.5249994 775731 0.5
5.25 13.275 0.5249996 6D4A23 0.5
4.2 13.275 0.5249996 835E3C 0.5
6.300001 13.275 0.5249991 775731 0.5
9.975001 13.275 0.5249987 8E6D49 0.5
3.150001 13.8 0.5249996 8E6D49 0.5
2.625 13.275 0.5249999 8E6D49 0.5
4.2 13.8 0.5249996 835E3C 0.5
5.775001 13.8 -2.100001 583710 0.5
5.775001 13.8 0.5249996 775731 0.5
9.450001 13.8 0.5249987 8E6D49 0.5
3.675 14.325 0.5249994 8E6D49 0.5
4.725 14.325 0.5249996 6D4A23 0.5
5.775001 14.325 0.5249996 775731 0.5
8.925001 14.325 0.5249987 835E3C 0.5
4.2 14.85 0.5249996 8E6D49 0.5
5.25 14.85 0.5249996 775731 0.5
8.400001 14.85 0.5249987 947A58 0.5
4.725 15.375 0.5249996 8E6D49 0.5
8.400001 15.375 0.5249987 947A58 0.5
5.25 15.375 0.5249996 8E6D49 0.5
5.775001 15.9 0.5249996 947A58 0.5
6.300001 15.9 0.5249991 947A58 0.5
6.825001 15.9 0.5249991 947A58 0.5
7.350001 15.9 0.5249991 947A58 0.5
7.875001 15.9 0.5249987 947A58 0.5
-10.5 4.35 9.536743E-07 6D4A23 0.5
-9.975001 3.825 9.536743E-07 624118 0.5
-9.450001 4.875 9.536743E-07 775731 0.5
-8.925001 8.025 9.536743E-07 6D4A23 0.5
-8.400001 8.025 9.536743E-07 6D4A23 0.5
-7.875001 8.025 9.536743E-07 6D4A23 0.5
-7.350001 7.5 9.536743E-07 6D4A23 0.5
-6.825001 7.5 9.536743E-07 6D4A23 0.5
-6.300001 7.5 9.536743E-07 6D4A23 0.5
-5.775001 7.5 4.768372E-07 6D4A23 0.5
-5.25 7.5 4.768372E-07 6D4A23 0.5
-4.725 6.975 4.768372E-07 6D4A23 0.5
-4.2 6.975 4.768372E-07 6D4A23 0.5
-3.675 6.975 4.768372E-07 6D4A23 0.5
-3.150001 6.975 4.768372E-07 6D4A23 0.5
-2.625 6.975 2.384186E-07 6D4A23 0.5
-2.1 6.45 2.384186E-07 6D4A23 0.5
-1.575 6.45 2.384186E-07 6D4A23 0.5
-1.05 6.45 1.192093E-07 6D4A23 0.5
-0.525 6.45 5.960464E-08 6D4A23 0.5
0 6.45 0 6D4A23 0.5
0.525 6.45 -5.960464E-08 6D4A23 0.5
1.05 6.45 -1.192093E-07 6D4A23 0.5
1.575 6.45 -2.384186E-07 6D4A23 0.5
2.1 6.45 -2.384186E-07 6D4A23 0.5
2.625 6.45 -2.384186E-07 775731 0.5
3.150001 6.975 -4.768372E-07 775731 0.5
3.675 7.5 -4.768372E-07 775731 0.5
4.2 8.025 -4.768372E-07 775731 0.5
4.725 9.599999 -4.768372E-07 775731 0.5
5.25 11.175 -4.768372E-07 775731 0.5
5.775001 11.7 -4.768372E-07 775731 0.5
6.300001 12.225 -9.536743E-07 775731 0.5
6.825001 12.225 -9.536743E-07 6D4A23 0.5
7.350001 11.7 -9.536743E-07 6D4A23 0.5
7.875001 11.7 -9.536743E-07 624118 0.5
8.400001 11.7 -9.536743E-07 624118 0.5
8.925001 11.7 -9.536743E-07 624118 0.5
9.450001 11.7 -9.536743E-07 624118 0.5
9.975001 12.225 -9.536743E-07 1E1D1B 0.5
10.5 12.225 -9.536743E-07 121110 0.5
-10.5 6.45 9.536743E-07 624118 0.5
-9.975001 6.45 9.536743E-07 624118 0.5
-9.450001 4.35 9.536743E-07 775731 0.5
-10.5 4.875 9.536743E-07 775731 0.5
-10.5 5.4 9.536743E-07 775731 0.5
-9.450001 6.45 9.536743E-07 624118 0.5
-9.450001 5.4 9.536743E-07 775731 0.5
-10.5 5.925 9.536743E-07 775731 0.5
-9.450001 5.925 9.536743E-07 775731 0.5
-10.5 8.549999 9.536743E-07 624118 0.5
-9.975001 8.549999 9.536743E-07 624118 0.5
-9.450001 9.599999 9.536743E-07 775731 0.5
-1.05 6.975 1.192093E-07 775731 0.5
1.575 11.7 -2.384186E-07 835E3C 0.5
2.1 10.65 -2.384186E-07 835E3C 0.5
2.625 9.599999 -2.384186E-07 835E3C 0.5
-10.5 6.975 9.536743E-07 775731 0.5
-9.450001 6.975 9.536743E-07 775731 0.5
-2.1 10.65 2.384186E-07 775731 0.5
-1.575 9.075 2.384186E-07 775731 0.5
-0.525 6.975 5.960464E-08 835E3C 0.5
3.150001 8.549999 -4.768372E-07 835E3C 0.5
-10.5 7.5 9.536743E-07 775731 0.5
-9.450001 7.5 9.536743E-07 775731 0.5
-6.300001 8.025 9.536743E-07 835E3C 0.5
-1.05 7.5 1.192093E-07 775731 0.5
-0.525 7.5 5.960464E-08 835E3C 0.5
-10.5 8.025 9.536743E-07 775731 0.5
-9.450001 8.025 9.536743E-07 775731 0.5
-8.400001 11.175 9.536743E-07 775731 0.5
-7.875001 11.175 9.536743E-07 775731 0.5
-7.350001 11.7 9.536743E-07 775731 0.5
-1.575 8.025 2.384186E-07 775731 0.5
-5.775001 8.025 4.768372E-07 835E3C 0.5
3.675 8.025 -4.768372E-07 835E3C 0.5
-0.525 8.025 5.960464E-08 835E3C 0.5
3.675 12.75 -4.768372E-07 775731 0.5
-9.450001 8.549999 9.536743E-07 6D4A23 0.5
-8.925001 10.65 9.536743E-07 775731 0.5
-6.300001 8.549999 9.536743E-07 835E3C 0.5
-1.575 8.549999 2.384186E-07 775731 0.5
-5.775001 8.549999 4.768372E-07 835E3C 0.5
-1.05 8.549999 1.192093E-07 835E3C 0.5
4.2 11.175 -4.768372E-07 775731 0.5
4.2 8.549999 -4.768372E-07 775731 0.5
-10.5 9.075 9.536743E-07 775731 0.5
-9.450001 9.075 9.536743E-07 6D4A23 0.5
-9.975001 10.65 9.536743E-07 6D4A23 0.5
-9.975001 9.075 9.536743E-07 6D4A23 0.5
-6.300001 9.075 9.536743E-07 835E3C 0.5
-5.775001 9.075 4.768372E-07 835E3C 0.5
2.625 9.075 -2.384186E-07 835E3C 0.5
-1.05 9.075 1.192093E-07 835E3C 0.5
3.675 9.075 -4.768372E-07 775731 0.5
4.725 9.075 -4.768372E-07 775731 0.5
-10.5 9.599999 9.536743E-07 775731 0.5
-9.450001 10.65 9.536743E-07 775731 0.5
-6.300001 9.599999 9.536743E-07 835E3C 0.5
-1.575 9.599999 2.384186E-07 775731 0.5
-5.775001 9.599999 4.768372E-07 835E3C 0.5
-1.05 9.599999 1.192093E-07 835E3C 0.5
3.150001 9.599999 -4.768372E-07 775731 0.5
-10.5 10.125 9.536743E-07 775731 0.5
-8.925001 10.125 9.536743E-07 6D4A23 0.5
-9.450001 10.125 -1.049999 835E3C 0.5
-6.300001 10.125 9.536743E-07 835E3C 0.5
-9.450001 10.125 9.536743E-07 775731 0.5
-2.1 10.125 2.384186E-07 775731 0.5
-5.775001 10.125 4.768372E-07 835E3C 0.5
2.1 10.125 -2.384186E-07 835E3C 0.5
-1.575 10.125 2.384186E-07 835E3C 0.5
3.150001 10.125 -4.768372E-07 775731 0.5
4.725 10.65 -4.768372E-07 6D4A23 0.5
4.725 10.125 -4.768372E-07 775731 0.5
-6.300001 10.65 9.536743E-07 835E3C 0.5
-5.775001 10.65 4.768372E-07 835E3C 0.5
-1.575 10.65 2.384186E-07 835E3C 0.5
2.625 10.65 -2.384186E-07 775731 0.5
-9.975001 11.175 9.536743E-07 835E3C 0.5
-8.925001 11.175 9.536743E-07 8E6D49 0.5
-9.450001 11.175 9.536743E-07 6D4A23 0.5
-6.300001 11.175 9.536743E-07 835E3C 0.5
-2.1 11.175 2.384186E-07 775731 0.5
-5.775001 11.175 4.768372E-07 835E3C 0.5
1.575 11.175 -2.384186E-07 835E3C 0.5
-1.575 11.175 2.384186E-07 835E3C 0.5
2.625 11.175 -2.384186E-07 775731 0.5
4.725 13.8 -4.768372E-07 6D4A23 0.5
5.25 12.75 -4.768372E-07 6D4A23 0.5
-8.925001 11.7 9.536743E-07 835E3C 0.5
-9.450001 11.7 9.536743E-07 835E3C 0.5
-7.875001 11.7 9.536743E-07 8E6D49 0.5
-8.400001 11.7 9.536743E-07 8E6D49 0.5
-6.300001 11.7 9.536743E-07 835E3C 0.5
-2.625 11.7 2.384186E-07 775731 0.5
-5.25 11.7 4.768372E-07 835E3C 0.5
-2.1 11.7 2.384186E-07 835E3C 0.5
4.2 11.7 -4.768372E-07 775731 0.5
2.1 11.7 -2.384186E-07 775731 0.5
4.725 11.7 -4.768372E-07 835E3C 0.5
5.775001 12.225 -4.768372E-07 775731 0.5
-1.575 12.225 2.384186E-07 947A58 0.5
-8.400001 12.225 9.536743E-07 8E6D49 0.5
-7.350001 12.225 9.536743E-07 947A58 0.5
-6.825001 12.225 9.536743E-07 947A58 0.5
-6.300001 12.225 9.536743E-07 947A58 0.5
-5.775001 12.225 4.768372E-07 947A58 0.5
-4.725 11.7 4.768372E-07 947A58 0.5
-4.2 11.7 4.768372E-07 947A58 0.5
-3.675 11.7 4.768372E-07 947A58 0.5
-3.150001 11.7 4.768372E-07 947A58 0.5
-2.1 12.225 2.384186E-07 947A58 0.5
1.575 12.225 -2.384186E-07 835E3C 0.5
3.675 12.225 -4.768372E-07 775731 0.5
2.1 12.225 -2.384186E-07 775731 0.5
5.25 12.225 -4.768372E-07 6D4A23 0.5
4.725 12.225 -4.768372E-07 835E3C 0.5
7.875001 12.225 -9.536743E-07 6B2E25 0.5
8.925001 12.225 -9.536743E-07 5F2821 0.5
8.400001 12.225 -9.536743E-07 6D4A23 0.5
9.450001 12.225 -9.536743E-07 7B3329 0.5
1.575 12.75 -2.384186E-07 8E6D49 0.5
-1.05 12.225 1.192093E-07 947A58 0.5
-0.525 12.225 5.960464E-08 947A58 0.5
0 12.225 0 947A58 0.5
0.525 12.75 -5.960464E-08 947A58 0.5
1.05 12.75 -1.192093E-07 947A58 0.5
4.725 12.75 -4.768372E-07 835E3C 0.5
6.300001 12.75 -9.536743E-07 775731 0.5
10.5 12.75 -9.536743E-07 4A4846 0.5
2.1 13.275 -2.384186E-07 8E6D49 0.5
3.675 13.275 -4.768372E-07 775731 0.5
5.25 13.275 -4.768372E-07 6D4A23 0.5
4.2 13.275 -4.768372E-07 835E3C 0.5
6.300001 13.275 -9.536743E-07 775731 0.5
9.975001 13.275 -9.536743E-07 8E6D49 0.5
3.150001 13.8 -4.768372E-07 8E6D49 0.5
2.625 13.275 -2.384186E-07 8E6D49 0.5
4.2 13.8 -4.768372E-07 835E3C 0.5
5.775001 13.8 -4.768372E-07 775731 0.5
9.450001 13.8 -9.536743E-07 8E6D49 0.5
3.675 14.325 -4.768372E-07 8E6D49 0.5
4.725 14.325 -4.768372E-07 6D4A23 0.5
5.775001 14.325 -4.768372E-07 775731 0.5
8.925001 14.325 -9.536743E-07 835E3C 0.5
4.2 14.85 -4.768372E-07 8E6D49 0.5
5.25 14.85 -4.768372E-07 775731 0.5
8.400001 14.85 -9.536743E-07 947A58 0.5
4.725 15.375 -4.768372E-07 8E6D49 0.5
8.400001 15.375 -9.536743E-07 947A58 0.5
5.25 15.375 -4.768372E-07 8E6D49 0.5
5.775001 15.9 -4.768372E-07 947A58 0.5
6.300001 15.9 -9.536743E-07 947A58 0.5
6.825001 15.9 -9.536743E-07 947A58 0.5
7.350001 15.9 -9.536743E-07 947A58 0.5
7.875001 15.9 -9.536743E-07 947A58 0.5
-10.5 4.35 -0.5249987 6D4A23 0.5
-9.975001 4.35 -0.5249987 6D4A23 0.5
-9.450001 4.875 -0.5249987 775731 0.5
-8.925001 8.025 -0.5249987 6D4A23 0.5
-8.400001 8.025 -0.5249987 6D4A23 0.5
-7.875001 8.025 -0.5249987 6D4A23 0.5
-7.350001 7.5 -0.5249991 6D4A23 0.5
-6.825001 7.5 -0.5249991 6D4A23 0.5
-6.300001 7.5 -0.5249991 6D4A23 0.5
-5.775001 7.5 -0.5249996 6D4A23 0.5
-5.25 7.5 -0.5249996 6D4A23 0.5
-4.725 6.975 -0.5249996 6D4A23 0.5
-4.2 6.975 -0.5249996 6D4A23 0.5
-3.675 6.975 -0.5249994 6D4A23 0.5
-3.150001 6.975 -0.5249996 6D4A23 0.5
-2.625 6.975 -0.5249999 6D4A23 0.5
-2.1 6.45 -0.5249999 6D4A23 0.5
-1.575 6.45 -0.5249999 6D4A23 0.5
-1.05 6.45 -0.525 6D4A23 0.5
-0.5250001 6.45 -0.5249999 6D4A23 0.5
-5.960464E-08 6.45 -0.525 6D4A23 0.5
0.525 6.45 -0.5250001 6D4A23 0.5
1.05 6.45 -0.5250002 6D4A23 0.5
1.575 6.45 -0.5250003 6D4A23 0.5
2.1 6.45 -0.5250003 6D4A23 0.5
2.625 6.45 -0.5250003 775731 0.5
3.150001 6.975 -0.5250006 775731 0.5
3.675 7.5 -0.5250006 775731 0.5
4.2 8.025 -0.5250006 775731 0.5
4.725 9.599999 -0.5250006 775731 0.5
5.25 11.175 -0.5250006 775731 0.5
5.775001 11.7 -0.5250006 775731 0.5
6.300001 12.225 -0.525001 775731 0.5
6.825001 12.225 -0.525001 6D4A23 0.5
7.350001 11.7 -0.525001 6D4A23 0.5
7.875001 11.7 -0.525001 624118 0.5
8.400001 11.7 -0.525001 624118 0.5
8.925001 12.225 -0.5250006 393937 0.5
9.450001 12.225 -0.5250006 1E1D1B 0.5
9.975001 12.225 -0.5250006 1E1D1B 0.5
10.5 12.225 -0.5250006 121110 0.5
-10.5 6.45 -0.5249987 624118 0.5
-9.975001 6.45 -0.5249987 624118 0.5
-9.450001 4.35 -0.5249987 775731 0.5
-10.5 4.875 -0.5249987 775731 0.5
-10.5 5.4 -0.5249987 775731 0.5
-9.450001 6.45 -0.5249987 624118 0.5
-9.450001 5.4 -0.5249987 775731 0.5
-10.5 5.925 -0.5249987 775731 0.5
-9.450001 5.925 -0.5249987 775731 0.5
-10.5 8.549999 -0.5249987 624118 0.5
-9.975001 8.549999 -0.5249987 624118 0.5
-9.450001 9.599999 -0.5249987 775731 0.5
-1.05 6.975 -0.525 775731 0.5
1.575 11.7 -0.5250003 835E3C 0.5
2.1 10.65 -0.5250003 835E3C 0.5
2.625 9.599999 -0.5250003 835E3C 0.5
-10.5 6.975 -0.5249987 775731 0.5
-9.450001 6.975 -0.5249987 775731 0.5
-2.1 10.65 -0.5249999 775731 0.5
-1.575 9.075 -0.5249999 775731 0.5
-0.5250001 6.975 -0.5249999 835E3C 0.5
3.150001 8.549999 -0.5250006 835E3C 0.5
-10.5 7.5 -0.5249987 775731 0.5
-9.450001 7.5 -0.5249987 775731 0.5
-6.300001 8.025 -0.5249991 835E3C 0.5
-1.05 7.5 -0.525 775731 0.5
-0.5250001 7.5 -0.5249999 835E3C 0.5
-10.5 8.025 -0.5249987 775731 0.5
-9.450001 8.025 -0.5249987 775731 0.5
-1.575 8.025 -0.5249999 775731 0.5
-5.775001 8.025 -0.5249996 835E3C 0.5
3.675 8.025 -0.5250006 835E3C 0.5
-0.5250001 8.025 -0.5249999 835E3C 0.5
3.675 12.75 -0.5250006 775731 0.5
-9.450001 8.549999 -0.5249987 6D4A23 0.5
-6.300001 8.549999 -0.5249991 835E3C 0.5
-1.575 8.549999 -0.5249999 775731 0.5
-5.775001 8.549999 -0.5249996 835E3C 0.5
-1.05 8.549999 -0.525 835E3C 0.5
4.2 11.175 -0.5250006 775731 0.5
4.2 8.549999 -0.5250006 775731 0.5
-10.5 9.075 -0.5249987 775731 0.5
-9.450001 9.075 -0.5249987 6D4A23 0.5
-6.300001 9.075 -0.5249991 835E3C 0.5
-5.775001 9.075 -0.5249996 835E3C 0.5
2.625 9.075 -0.5250003 835E3C 0.5
-1.05 9.075 -0.525 835E3C 0.5
3.675 9.075 -0.5250006 775731 0.5
4.725 9.075 -0.5250006 775731 0.5
-10.5 9.599999 -0.5249987 775731 0.5
-6.300001 9.599999 -0.5249991 835E3C 0.5
-1.575 9.599999 -0.5249999 775731 0.5
-5.775001 9.599999 -0.5249996 835E3C 0.5
-1.05 9.599999 -0.525 835E3C 0.5
3.150001 9.599999 -0.5250006 775731 0.5
-8.925001 10.125 -0.5249987 6D4A23 0.5
-9.975001 9.599999 -0.5249987 6D4A23 0.5
-9.975001 10.125 -0.5249987 6D4A23 0.5
-9.450001 10.125 -0.5249987 6D4A23 0.5
-6.300001 10.125 -0.5249991 835E3C 0.5
-2.1 10.125 -0.5249999 775731 0.5
-5.775001 10.125 -0.5249996 835E3C 0.5
2.1 10.125 -0.5250003 835E3C 0.5
-1.575 10.125 -0.5249999 835E3C 0.5
3.150001 10.125 -0.5250006 775731 0.5
4.725 10.65 -0.5250006 6D4A23 0.5
4.725 10.125 -0.5250006 775731 0.5
-8.925001 10.65 -0.5249987 6D4A23 0.5
-9.975001 10.65 -0.5249987 6D4A23 0.5
-9.450001 10.65 -0.5249987 6D4A23 0.5
-6.300001 10.65 -0.5249991 835E3C 0.5
-5.775001 10.65 -0.5249996 835E3C 0.5
-1.575 10.65 -0.5249999 835E3C 0.5
2.625 10.65 -0.5250003 775731 0.5
-8.925001 11.175 -0.5249987 8E6D49 0.5
-9.975001 11.175 -0.5249987 6D4A23 0.5
-9.450001 11.175 -0.5249987 6D4A23 0.5
-8.400001 11.175 -0.5249987 6D4A23 0.5
-6.300001 11.175 -0.5249991 835E3C 0.5
-2.1 11.175 -0.5249999 775731 0.5
-5.775001 11.175 -0.5249996 835E3C 0.5
1.575 11.175 -0.5250003 835E3C 0.5
-1.575 11.175 -0.5249999 835E3C 0.5
2.625 11.175 -0.5250003 775731 0.5
4.725 13.8 -0.5250006 6D4A23 0.5
5.25 12.75 -0.5250006 6D4A23 0.5
-7.875001 11.7 -0.5249987 8E6D49 0.5
-8.925001 11.7 -0.5249987 6D4A23 0.5
-8.400001 11.7 -0.5249987 8E6D49 0.5
-6.300001 11.7 -0.5249991 835E3C 0.5
-7.350001 11.7 -0.5249991 6D4A23 0.5
-2.625 11.7 -0.5249999 775731 0.5
-5.25 11.7 -0.5249996 835E3C 0.5
-2.1 11.7 -0.5249999 835E3C 0.5
4.2 11.7 -0.5250006 775731 0.5
2.1 11.7 -0.5250003 775731 0.5
4.725 11.7 -0.5250006 835E3C 0.5
5.775001 12.225 -0.5250006 775731 0.5
-1.575 12.225 -0.5249999 947A58 0.5
-7.350001 12.225 -0.5249991 947A58 0.5
-6.825001 12.225 -0.5249991 947A58 0.5
-6.300001 12.225 -0.5249991 947A58 0.5
-5.775001 12.225 -0.5249996 947A58 0.5
-4.725 11.7 -0.5249996 947A58 0.5
-4.2 11.7 -0.5249996 947A58 0.5
-3.675 11.7 -0.5249994 947A58 0.5
-3.150001 11.7 -0.5249996 947A58 0.5
-2.1 12.225 -0.5249999 947A58 0.5
1.575 12.225 -0.5250003 835E3C 0.5
3.675 12.225 -0.5250006 775731 0.5
2.1 12.225 -0.5250003 775731 0.5
5.25 12.225 -0.5250006 6D4A23 0.5
4.725 12.225 -0.5250006 835E3C 0.5
7.875001 12.225 -0.525001 6B2E25 0.5
8.400001 12.225 -0.525001 6D4A23 0.5
1.575 12.75 -0.5250003 8E6D49 0.5
-1.05 12.225 -0.525 947A58 0.5
-0.5250001 12.225 -0.5249999 947A58 0.5
-5.960464E-08 12.225 -0.525 947A58 0.5
0.525 12.75 -0.5250001 947A58 0.5
1.05 12.75 -0.5250002 947A58 0.5
4.725 12.75 -0.5250006 835E3C 0.5
6.300001 12.75 -0.525001 775731 0.5
10.5 12.75 -0.5250006 4A4846 0.5
2.1 13.275 -0.5250003 8E6D49 0.5
3.675 13.275 -0.5250006 775731 0.5
5.25 13.275 -0.5250006 6D4A23 0.5
4.2 13.275 -0.5250006 835E3C 0.5
6.300001 13.275 -0.525001 775731 0.5
9.975001 13.275 -0.5250006 8E6D49 0.5
3.150001 13.8 -0.5250006 8E6D49 0.5
2.625 13.275 -0.5250003 8E6D49 0.5
4.2 13.8 -0.5250006 835E3C 0.5
5.775001 13.8 -0.5250006 775731 0.5
9.450001 13.8 -0.5250006 8E6D49 0.5
3.675 14.325 -0.5250006 8E6D49 0.5
4.725 14.325 -0.5250006 6D4A23 0.5
5.775001 14.325 -0.5250006 775731 0.5
8.925001 14.325 -0.5250006 835E3C 0.5
4.2 14.85 -0.5250006 8E6D49 0.5
5.25 14.85 -0.5250006 775731 0.5
8.400001 14.85 -0.525001 947A58 0.5
4.725 15.375 -0.5250006 8E6D49 0.5
8.400001 15.375 -0.525001 947A58 0.5
5.25 15.375 -0.5250006 8E6D49 0.5
5.775001 15.9 -0.5250006 947A58 0.5
6.300001 15.9 -0.525001 947A58 0.5
6.825001 15.9 -0.525001 947A58 0.5
7.350001 15.9 -0.525001 947A58 0.5
7.875001 15.9 -0.525001 947A58 0.5
-9.450001 7.5 -1.049999 775731 0.5
-8.925001 6.45 -1.049999 775731 0.5
-7.350001 0.15 -1.049999 624118 0.5
-4.725 6.975 -1.05 6D4A23 0.5
-4.2 6.975 -1.05 6D4A23 0.5
-3.675001 6.975 -1.049999 6D4A23 0.5
-3.150001 6.975 -1.05 6D4A23 0.5
-2.625 6.975 -1.05 6D4A23 0.5
-2.1 6.45 -1.05 6D4A23 0.5
-1.575 6.45 -1.05 6D4A23 0.5
-1.05 6.45 -1.05 6D4A23 0.5
-0.5250002 6.45 -1.05 6D4A23 0.5
-1.192093E-07 6.45 -1.05 6D4A23 0.5
0.5249999 6.45 -1.05 6D4A23 0.5
3.150001 6.975 -1.050001 775731 0.5
3.675 7.5 -1.05 775731 0.5
4.2 8.025 -1.050001 775731 0.5
4.725 9.599999 -1.050001 775731 0.5
5.25 11.175 -1.050001 775731 0.5
5.775001 11.7 -1.050001 775731 0.5
6.300001 12.225 -1.050001 775731 0.5
6.825001 12.225 -1.050001 6D4A23 0.5
7.350001 11.7 -1.050001 6D4A23 0.5
7.875001 12.225 -1.050001 6D4A23 0.5
8.400001 12.75 -1.050001 775731 0.5
8.925001 14.325 -1.050001 775731 0.5
-7.350001 4.35 -1.049999 775731 0.5
-8.925001 4.875 -1.049999 775731 0.5
-9.975001 4.875 -0.5249987 6D4A23 0.5
-6.825001 4.875 -1.049999 775731 0.5
-9.975001 5.4 -0.5249987 6D4A23 0.5
-9.975001 5.925 -0.5249987 6D4A23 0.5
-5.775001 5.925 -1.05 775731 0.5
-1.05 6.975 -1.05 775731 0.5
-9.975001 6.975 -0.5249987 6D4A23 0.5
-5.25 6.975 -1.05 775731 0.5
-2.1 10.65 -1.05 775731 0.5
-1.575 9.075 -1.05 775731 0.5
-0.5250002 6.975 -1.05 835E3C 0.5
-9.975001 7.5 -0.5249987 6D4A23 0.5
-1.05 7.5 -1.05 775731 0.5
-0.5250002 7.5 -1.05 835E3C 0.5
-9.975001 8.025 -0.5249987 6D4A23 0.5
-1.575 8.025 -1.05 775731 0.5
-4.725 8.025 -1.05 775731 0.5
0.5249999 8.025 -1.05 775731 0.5
-0.5250002 8.025 -1.05 835E3C 0.5
1.575 11.7 -1.05 835E3C 0.5
-1.575 8.549999 -1.05 775731 0.5
-1.05 8.549999 -1.05 835E3C 0.5
2.1 10.65 -1.05 835E3C 0.5
3.675 13.275 -1.05 775731 0.5
4.2 12.225 -1.050001 775731 0.5
4.2 8.549999 -1.050001 775731 0.5
-9.975001 9.075 -0.5249987 6D4A23 0.5
-5.25 9.075 -1.05 835E3C 0.5
1.05 9.075 -1.05 835E3C 0.5
-1.05 9.075 -1.05 835E3C 0.5
4.2 9.075 -1.050001 835E3C 0.5
4.725 9.075 -1.050001 775731 0.5
-1.575 9.599999 -1.05 775731 0.5
-1.05 9.599999 -1.05 835E3C 0.5
3.675 9.599999 -1.05 835E3C 0.5
-2.1 10.125 -1.05 775731 0.5
2.1 10.125 -1.05 835E3C 0.5
-1.575 10.125 -1.05 835E3C 0.5
1.575 10.125 -1.05 835E3C 0.5
2.625 10.125 -1.05 947A58 0.5
3.150001 10.125 -1.050001 775731 0.5
4.725 11.175 -1.050001 775731 0.5
4.725 10.125 -1.050001 775731 0.5
-6.300001 10.65 -1.049999 835E3C 0.5
-5.775001 10.65 -1.05 835E3C 0.5
-1.575 10.65 -1.05 835E3C 0.5
2.625 10.65 -1.05 775731 0.5
4.725 10.65 -1.050001 775731 0.5
-8.925001 11.175 -1.049999 8E6D49 0.5
-8.400001 11.175 -1.049999 8E6D49 0.5
-6.300001 11.175 -1.049999 835E3C 0.5
-2.1 11.175 -1.05 775731 0.5
-5.775001 11.175 -1.05 835E3C 0.5
1.575 11.175 -1.05 835E3C 0.5
-1.575 11.175 -1.05 835E3C 0.5
2.625 11.175 -1.05 775731 0.5
4.725 13.8 -1.050001 775731 0.5
5.25 12.75 -1.050001 775731 0.5
-7.875001 11.7 -1.049999 8E6D49 0.5
-8.400001 11.7 -1.049999 8E6D49 0.5
-6.300001 11.7 -1.049999 835E3C 0.5
-2.625 11.7 -1.05 775731 0.5
-5.25 11.7 -1.05 835E3C 0.5
-2.1 11.7 -1.05 835E3C 0.5
4.2 11.7 -1.050001 775731 0.5
2.1 11.7 -1.05 775731 0.5
4.725 11.7 -1.050001 835E3C 0.5
5.775001 12.225 -1.050001 775731 0.5
-1.575 12.225 -1.05 947A58 0.5
-7.350001 12.225 -1.049999 947A58 0.5
-6.825001 12.225 -1.049999 947A58 0.5
-6.300001 12.225 -1.049999 947A58 0.5
-5.775001 12.225 -1.05 947A58 0.5
-4.725 11.7 -1.05 947A58 0.5
-4.2 11.7 -1.05 947A58 0.5
-3.675001 11.7 -1.049999 947A58 0.5
-3.150001 11.7 -1.05 947A58 0.5
-2.1 12.225 -1.05 947A58 0.5
1.575 12.225 -1.05 835E3C 0.5
2.1 12.225 -1.05 775731 0.5
4.725 12.225 -1.050001 835E3C 0.5
1.575 12.75 -1.05 8E6D49 0.5
-1.05 12.225 -1.05 947A58 0.5
-0.5250002 12.225 -1.05 947A58 0.5
-1.192093E-07 12.225 -1.05 947A58 0.5
0.5249999 12.75 -1.05 947A58 0.5
1.05 12.75 -1.05 947A58 0.5
3.675 12.75 -1.05 775731 0.5
4.725 12.75 -1.050001 835E3C 0.5
6.300001 12.75 -1.050001 835E3C 0.5
8.925001 12.75 -0.5250006 835E3C 0.5
9.450001 12.75 -0.5250006 835E3C 0.5
9.975001 12.75 -0.5250006 835E3C 0.5
2.1 13.275 -1.05 8E6D49 0.5
5.25 13.275 -1.050001 775731 0.5
4.2 13.275 -1.050001 835E3C 0.5
5.775001 13.275 -1.050001 835E3C 0.5
8.925001 13.275 -0.5250006 835E3C 0.5
8.400001 13.275 -1.050001 775731 0.5
9.450001 13.275 -0.5250006 835E3C 0.5
3.150001 13.8 -1.050001 8E6D49 0.5
2.625 13.275 -1.05 8E6D49 0.5
3.675 13.8 -1.05 775731 0.5
4.2 13.8 -1.050001 835E3C 0.5
5.775001 13.8 -1.050001 835E3C 0.5
8.925001 13.8 -1.050001 775731 0.5
3.675 14.325 -1.05 8E6D49 0.5
4.725 14.325 -1.050001 775731 0.5
5.25 14.325 -1.050001 835E3C 0.5
4.2 14.85 -1.050001 8E6D49 0.5
5.25 14.85 -1.050001 835E3C 0.5
4.725 14.85 -1.050001 835E3C 0.5
8.400001 14.85 -1.050001 947A58 0.5
4.725 15.375 -1.050001 8E6D49 0.5
8.400001 15.375 -1.050001 947A58 0.5
5.25 15.375 -1.050001 8E6D49 0.5
7.350001 15.9 -1.050001 947A58 0.5
7.875001 15.9 -1.050001 947A58 0.5
-9.450001 7.5 -1.574999 775731 0.5
-8.925001 0.15 -1.574999 624118 0.5
-8.400001 0.15 -1.575 624118 0.5
-7.875001 0.15 -1.575 624118 0.5
-7.350001 0.15 -1.574999 624118 0.5
-6.825001 5.4 -1.574999 775731 0.5
-6.300001 5.925 -1.574999 6D4A23 0.5
-5.775001 6.45 -1.575 775731 0.5
-5.250001 7.5 -1.575 775731 0.5
-4.200001 7.5 -1.575 835E3C 0.5
-3.675001 6.975 -1.575 6D4A23 0.5
-3.150001 6.975 -1.575 6D4A23 0.5
-2.625 6.975 -1.575 6D4A23 0.5
-2.1 6.45 -1.575 6D4A23 0.5
-1.575001 6.45 -1.575 6D4A23 0.5
-1.05 6.45 -1.575 6D4A23 0.5
-0.5250003 6.45 -1.575 6D4A23 0.5
-2.384186E-07 6.45 -1.575 6D4A23 0.5
0.5249998 6.45 -1.575 6D4A23 0.5
1.05 5.4 -1.575 775731 0.5
2.1 0.15 -1.575001 624118 0.5
2.625 0.15 -1.575001 624118 0.5
3.15 0.15 -1.575001 624118 0.5
3.675 0.15 -1.575001 624118 0.5
4.2 8.025 -1.575001 775731 0.5
5.25 14.325 -1.575001 775731 0.5
5.775001 13.275 -1.575001 775731 0.5
6.300001 12.225 -1.575001 775731 0.5
6.825001 12.225 -1.575001 6D4A23 0.5
7.35 11.7 -1.575001 6D4A23 0.5
7.875001 13.8 -1.575001 835E3C 0.5
-8.925001 0.675 -1.574999 775731 0.5
-8.925001 1.2 -1.574999 6D4A23 0.5
-8.400001 0.675 -1.575 775731 0.5
-8.400001 1.2 -1.575 6D4A23 0.5
-7.875001 0.675 -1.575 8E6D49 0.5
-7.350001 4.35 -1.574999 775731 0.5
-7.350001 0.675 -1.574999 775731 0.5
2.625 0.675 -1.575001 775731 0.5
3.15 0.675 -1.575001 8E6D49 0.5
3.675 7.5 -1.575001 775731 0.5
3.675 0.675 -1.575001 775731 0.5
-9.450001 1.2 -1.574999 775731 0.5
-8.925001 3.3 -1.574999 6D4A23 0.5
1.575 1.2 -1.575001 775731 0.5
-7.875001 3.825 -1.575 775731 0.5
3.15 6.975 -1.575001 775731 0.5
-9.450001 1.725 -1.574999 775731 0.5
1.575 1.725 -1.575001 775731 0.5
-8.400001 3.3 -1.575 6D4A23 0.5
-8.400001 1.725 -1.575 775731 0.5
2.625 4.875 -1.575001 775731 0.5
-9.450001 2.25 -1.574999 775731 0.5
-8.400001 2.25 -1.575 775731 0.5
-9.450001 2.775 -1.574999 775731 0.5
-8.400001 2.775 -1.575 775731 0.5
2.625 2.775 -1.575001 775731 0.5
-9.450001 3.3 -1.574999 775731 0.5
-8.400001 5.925 -1.575 775731 0.5
1.05 3.3 -1.575 775731 0.5
-7.875001 3.3 -1.575 775731 0.5
2.625 3.3 -1.575001 775731 0.5
-9.450001 3.825 -1.574999 775731 0.5
-8.925001 6.45 -1.574999 775731 0.5
-8.925001 3.825 -1.574999 8E6D49 0.5
1.05 3.825 -1.575 775731 0.5
-7.875001 5.925 -1.575 6D4A23 0.5
1.575 6.45 -1.575001 6D4A23 0.5
1.575 3.825 -1.575001 775731 0.5
2.1 3.825 -1.575001 8E6D49 0.5
2.1 6.45 -1.575001 6D4A23 0.5
2.625 3.825 -1.575001 775731 0.5
-8.925001 4.35 -1.574999 775731 0.5
1.05 4.35 -1.575 775731 0.5
2.625 4.35 -1.575001 775731 0.5
-8.925001 4.875 -1.574999 775731 0.5
1.05 4.875 -1.575 775731 0.5
-7.350001 5.925 -1.574999 6D4A23 0.5
-6.825001 4.875 -1.574999 775731 0.5
-8.400001 5.4 -1.575 775731 0.5
-6.825001 5.925 -1.574999 6D4A23 0.5
2.625 6.45 -1.575001 775731 0.5
2.625 5.4 -1.575001 775731 0.5
-8.400001 8.025 -1.575 6D4A23 0.5
-7.875001 8.025 -1.575 6D4A23 0.5
1.05 5.925 -1.575 775731 0.5
-7.350001 7.5 -1.574999 6D4A23 0.5
-6.825001 7.5 -1.574999 6D4A23 0.5
-6.300001 7.5 -1.574999 6D4A23 0.5
-5.775001 5.925 -1.575 775731 0.5
1.05 6.45 -1.575 6D4A23 0.5
2.625 5.925 -1.575001 775731 0.5
-5.775001 7.5 -1.575 6D4A23 0.5
-1.05 6.975 -1.575 775731 0.5
1.575 11.7 -1.575001 835E3C 0.5
2.1 10.65 -1.575001 835E3C 0.5
2.625 9.599999 -1.575001 835E3C 0.5
-8.925001 6.975 -1.574999 775731 0.5
-8.925001 8.025 -1.574999 6D4A23 0.5
-5.250001 6.975 -1.575 775731 0.5
-2.1 10.65 -1.575 775731 0.5
-1.575001 9.075 -1.575 775731 0.5
-0.5250003 6.975 -1.575 835E3C 0.5
1.05 6.975 -1.575 775731 0.5
1.575 6.975 -1.575001 835E3C 0.5
2.1 6.975 -1.575001 835E3C 0.5
2.625 6.975 -1.575001 835E3C 0.5
-4.725 7.5 -1.575 835E3C 0.5
-1.05 7.5 -1.575 775731 0.5
0.5249998 7.5 -1.575 775731 0.5
-0.5250003 7.5 -1.575 835E3C 0.5
3.15 9.075 -1.575001 835E3C 0.5
-9.450001 8.025 -1.574999 775731 0.5
-4.200001 8.025 -1.575 835E3C 0.5
-5.775001 8.025 -1.575 835E3C 0.5
-5.250001 8.025 -1.575 835E3C 0.5
-4.725 8.025 -1.575 835E3C 0.5
-1.575001 8.025 -1.575 775731 0.5
0.5249998 8.025 -1.575 775731 0.5
-1.05 8.025 -1.575 835E3C 0.5
3.675 8.025 -1.575001 835E3C 0.5
-9.450001 8.549999 -1.574999 775731 0.5
-4.725 8.549999 -1.575 835E3C 0.5
-5.775001 8.549999 -1.575 835E3C 0.5
-5.250001 8.549999 -1.575 835E3C 0.5
-1.575001 8.549999 -1.575 775731 0.5
-1.05 8.549999 -1.575 835E3C 0.5
1.05 8.549999 -1.575 835E3C 0.5
3.15 8.549999 -1.575001 835E3C 0.5
4.2 8.549999 -1.575001 775731 0.5
-9.450001 9.075 -1.574999 775731 0.5
-4.725 9.075 -1.575 835E3C 0.5
-5.775001 9.075 -1.575 835E3C 0.5
-5.250001 9.075 -1.575 835E3C 0.5
1.05 9.075 -1.575 835E3C 0.5
-1.05 9.075 -1.575 835E3C 0.5
4.2 9.075 -1.575001 835E3C 0.5
4.725 9.075 -1.575001 775731 0.5
-9.450001 9.599999 -1.574999 775731 0.5
-4.725 9.599999 -1.575 835E3C 0.5
-5.775001 9.599999 -1.575 835E3C 0.5
-5.250001 9.599999 -1.575 835E3C 0.5
-1.575001 9.599999 -1.575 775731 0.5
1.575 9.599999 -1.575001 835E3C 0.5
3.675 9.599999 -1.575001 835E3C 0.5
4.725 9.599999 -1.575001 775731 0.5
-9.450001 10.125 -1.574999 835E3C 0.5
-8.925001 10.125 -1.574999 6D4A23 0.5
-4.725 10.125 -1.575 835E3C 0.5
-5.775001 10.125 -1.575 835E3C 0.5
-5.250001 10.125 -1.575 835E3C 0.5
-2.1 10.125 -1.575 775731 0.5
-1.575001 10.125 -1.575 835E3C 0.5
2.625 10.125 -1.575001 835E3C 0.5
1.575 10.125 -1.575001 835E3C 0.5
2.1 10.125 -1.575001 947A58 0.5
3.15 10.125 -1.575001 775731 0.5
4.725 10.125 -1.575001 835E3C 0.5
-8.925001 10.65 -1.574999 835E3C 0.5
-4.725 10.65 -1.575 835E3C 0.5
-6.300001 10.65 -1.574999 8E6D49 0.5
-6.825001 10.65 -1.574999 8E6D49 0.5
-5.775001 10.65 -1.575 835E3C 0.5
-5.250001 10.65 -1.575 835E3C 0.5
-1.575001 10.65 -1.575 835E3C 0.5
2.625 10.65 -1.575001 775731 0.5
4.725 10.65 -1.575001 835E3C 0.5
4.2 10.65 -1.575001 835E3C 0.5
-8.925001 11.175 -1.574999 8E6D49 0.5
-8.400001 11.175 -1.575 8E6D49 0.5
-4.725 11.175 -1.575 835E3C 0.5
-7.875001 10.65 -1.575 8E6D49 0.5
-7.350001 10.65 -1.574999 8E6D49 0.5
-5.775001 11.175 -1.575 835E3C 0.5
-5.250001 11.175 -1.575 835E3C 0.5
-2.1 11.175 -1.575 775731 0.5
2.1 11.175 -1.575001 835E3C 0.5
2.625 11.175 -1.575001 775731 0.5
4.2 11.175 -1.575001 835E3C 0.5
4.725 11.175 -1.575001 835E3C 0.5
5.25 11.175 -1.575001 835E3C 0.5
-7.875001 11.7 -1.575 8E6D49 0.5
-8.400001 11.7 -1.575 8E6D49 0.5
-4.725 11.7 -1.575 835E3C 0.5
-5.775001 11.7 -1.575 835E3C 0.5
-5.250001 11.7 -1.575 835E3C 0.5
-2.625 11.7 -1.575 775731 0.5
-2.1 11.7 -1.575 835E3C 0.5
2.1 11.7 -1.575001 775731 0.5
4.2 11.7 -1.575001 835E3C 0.5
3.675 11.7 -1.575001 835E3C 0.5
4.725 11.7 -1.575001 835E3C 0.5
5.25 11.7 -1.050001 835E3C 0.5
-1.575001 12.225 -1.575 947A58 0.5
-7.350001 12.225 -1.574999 947A58 0.5
-6.825001 12.225 -1.574999 947A58 0.5
-6.300001 12.225 -1.574999 947A58 0.5
-5.775001 12.225 -1.575 947A58 0.5
-4.200001 11.7 -1.575 947A58 0.5
-3.675001 11.7 -1.575 947A58 0.5
-3.150001 11.7 -1.575 947A58 0.5
-2.1 12.225 -1.575 947A58 0.5
1.575 12.225 -1.575001 835E3C 0.5
2.1 12.225 -1.575001 775731 0.5
3.675 12.225 -1.575001 835E3C 0.5
4.2 12.225 -1.575001 835E3C 0.5
5.25 12.225 -1.050001 835E3C 0.5
6.300001 15.375 -1.575001 522C08 0.5
6.825001 15.9 -1.575001 522C08 0.5
7.875001 12.225 -1.575001 775731 0.5
7.35 12.225 -1.575001 835E3C 0.5
1.575 12.75 -1.575001 8E6D49 0.5
-1.05 12.225 -1.575 947A58 0.5
-0.5250003 12.225 -1.575 947A58 0.5
-2.384186E-07 12.225 -1.575 947A58 0.5
0.5249998 12.75 -1.575 947A58 0.5
1.05 12.75 -1.575 947A58 0.5
5.775001 12.75 -1.575001 775731 0.5
3.675 12.75 -1.575001 835E3C 0.5
3.15 12.75 -1.575001 835E3C 0.5
4.2 12.75 -1.575001 835E3C 0.5
7.875001 12.75 -1.575001 835E3C 0.5
2.1 13.275 -1.575001 8E6D49 0.5
3.15 13.275 -1.575001 835E3C 0.5
3.675 13.275 -1.575001 835E3C 0.5
4.725 13.275 -1.050001 835E3C 0.5
5.775001 15.375 -1.575001 522C08 0.5
7.875001 13.275 -1.575001 835E3C 0.5
5.25 13.8 -1.575001 775731 0.5
2.625 13.275 -1.575001 8E6D49 0.5
3.15 13.8 -1.575001 835E3C 0.5
3.675 13.8 -1.575001 835E3C 0.5
8.400001 13.8 -1.575001 422808 0.5
4.2 14.325 -1.050001 835E3C 0.5
5.25 15.375 -1.575001 583710 0.5
8.400001 14.325 -1.575001 000000 0.5
7.875001 14.325 -1.575001 835E3C 0.5
5.25 14.85 -1.575001 835E3C 0.5
4.725 14.85 -1.575001 775731 0.5
8.400001 14.85 -1.575001 835E3C 0.5
7.875001 14.85 -1.575001 835E3C 0.5
8.400001 15.375 -1.575001 947A58 0.5
5.25 15.9 -1.575001 624118 0.5
5.775001 15.9 -1.575001 947A58 0.5
6.300001 15.9 -1.575001 947A58 0.5
7.35 15.9 -1.575001 947A58 0.5
7.875001 15.9 -1.575001 947A58 0.5
-9.450001 7.5 -2.099999 775731 0.5
-8.925001 0.15 -2.099999 624118 0.5
-8.400001 0.15 -2.099999 624118 0.5
-7.875001 0.15 -2.099999 624118 0.5
-7.350001 0.15 -2.099999 624118 0.5
-6.825001 5.4 -2.099999 775731 0.5
-6.300001 5.925 -2.099999 6D4A23 0.5
-5.775001 6.45 -2.099999 775731 0.5
-5.250001 7.5 -2.1 775731 0.5
1.05 5.4 -2.1 775731 0.5
1.575 2.25 -2.1 775731 0.5
2.1 0.15 -2.1 624118 0.5
2.625 0.15 -2.1 624118 0.5
3.15 0.15 -2.100001 624118 0.5
3.675 0.15 -2.100001 624118 0.5
5.25 15.375 -2.100001 624118 0.5
5.775001 13.275 -2.100001 624118 0.5
6.300001 13.275 -2.100001 6D4A23 0.5
6.825001 13.275 -2.100001 6D4A23 0.5
-8.925001 0.675 -2.099999 775731 0.5
-8.925001 1.2 -2.099999 6D4A23 0.5
-8.400001 0.675 -2.099999 775731 0.5
-8.400001 1.2 -2.099999 6D4A23 0.5
2.1 0.675 -2.1 775731 0.5
-7.875001 0.675 -2.099999 8E6D49 0.5
-7.350001 4.35 -2.099999 775731 0.5
-7.350001 0.675 -2.099999 775731 0.5
2.1 1.2 -2.1 6D4A23 0.5
2.625 0.675 -2.1 775731 0.5
2.625 1.2 -2.1 6D4A23 0.5
3.15 0.675 -2.100001 8E6D49 0.5
3.675 8.025 -2.100001 775731 0.5
3.675 0.675 -2.100001 775731 0.5
-9.450001 1.2 -2.099999 775731 0.5
-8.925001 3.3 -2.099999 6D4A23 0.5
1.575 1.2 -2.1 775731 0.5
-7.875001 3.825 -2.099999 775731 0.5
2.1 3.3 -2.1 6D4A23 0.5
3.15 6.975 -2.100001 775731 0.5
-9.450001 1.725 -2.099999 775731 0.5
1.575 1.725 -2.1 775731 0.5
-8.400001 3.3 -2.099999 6D4A23 0.5
-8.400001 1.725 -2.099999 775731 0.5
2.1 1.725 -2.1 8E6D49 0.5
2.625 4.875 -2.1 775731 0.5
2.625 1.725 -2.1 775731 0.5
-9.450001 2.25 -2.099999 775731 0.5
-8.400001 2.25 -2.099999 775731 0.5
1.575 3.3 -2.1 6D4A23 0.5
2.625 2.25 -2.1 775731 0.5
-9.450001 2.775 -2.099999 775731 0.5
1.575 2.775 -2.1 775731 0.5
-8.400001 2.775 -2.099999 775731 0.5
2.625 2.775 -2.1 775731 0.5
-9.450001 3.3 -2.099999 775731 0.5
-8.400001 5.925 -2.099999 775731 0.5
1.05 3.3 -2.1 775731 0.5
-7.875001 3.3 -2.099999 775731 0.5
2.625 3.3 -2.1 775731 0.5
-9.450001 3.825 -2.099999 775731 0.5
-8.925001 6.45 -2.099999 775731 0.5
-8.925001 3.825 -2.099999 8E6D49 0.5
1.05 3.825 -2.1 775731 0.5
-7.875001 5.925 -2.099999 6D4A23 0.5
1.575 6.45 -2.1 6D4A23 0.5
1.575 3.825 -2.1 775731 0.5
2.1 3.825 -2.1 8E6D49 0.5
2.1 6.45 -2.1 6D4A23 0.5
2.625 3.825 -2.1 775731 0.5
-8.925001 4.35 -2.099999 775731 0.5
1.05 4.35 -2.1 775731 0.5
2.625 4.35 -2.1 775731 0.5
-8.925001 4.875 -2.099999 775731 0.5
1.05 4.875 -2.1 775731 0.5
-7.350001 5.925 -2.099999 6D4A23 0.5
-6.825001 4.875 -2.099999 775731 0.5
-8.400001 5.4 -2.099999 775731 0.5
-6.825001 5.925 -2.099999 6D4A23 0.5
2.625 6.45 -2.1 6D4A23 0.5
2.625 5.4 -2.1 775731 0.5
1.05 5.925 -2.1 775731 0.5
-5.775001 5.925 -2.099999 775731 0.5
1.05 6.45 -2.1 6D4A23 0.5
2.625 5.925 -2.1 775731 0.5
-0.5250003 6.45 -2.1 835E3C 0.5
-2.384186E-07 6.45 -2.1 835E3C 0.5
0.5249998 6.45 -2.1 835E3C 0.5
-8.925001 6.975 -2.099999 775731 0.5
1.05 6.975 -2.1 775731 0.5
-5.250001 6.975 -2.1 775731 0.5
-2.1 6.975 -1.575 835E3C 0.5
-1.575001 6.975 -1.575 835E3C 0.5
-0.5250003 6.975 -2.1 835E3C 0.5
-2.384186E-07 6.975 -2.1 835E3C 0.5
0.5249998 6.975 -2.1 835E3C 0.5
1.575 6.975 -2.1 835E3C 0.5
2.1 6.975 -2.1 835E3C 0.5
2.625 6.975 -2.1 835E3C 0.5
0.5249998 7.5 -2.1 775731 0.5
-3.675001 7.5 -1.575 835E3C 0.5
-3.150001 7.5 -1.575 835E3C 0.5
-2.625 7.5 -1.575 835E3C 0.5
-2.1 7.5 -1.575 835E3C 0.5
-1.575001 7.5 -1.575 835E3C 0.5
-1.05 7.5 -2.1 835E3C 0.5
-0.5250003 7.5 -2.1 835E3C 0.5
-2.384186E-07 7.5 -2.1 835E3C 0.5
1.05 7.5 -2.1 835E3C 0.5
1.575 7.5 -2.1 835E3C 0.5
2.1 7.5 -2.1 835E3C 0.5
2.625 7.5 -2.1 835E3C 0.5
3.15 7.5 -2.100001 835E3C 0.5
-9.450001 8.025 -2.099999 775731 0.5
0.5249998 8.025 -2.1 775731 0.5
-7.350001 8.025 -1.574999 835E3C 0.5
-6.825001 8.025 -1.574999 835E3C 0.5
-6.300001 8.025 -1.574999 835E3C 0.5
-4.725 8.025 -2.099999 775731 0.5
-3.675001 8.025 -1.575 835E3C 0.5
-3.150001 8.025 -1.575 835E3C 0.5
-2.625 8.025 -1.575 835E3C 0.5
-2.1 8.025 -1.575 835E3C 0.5
-1.05 8.025 -2.1 835E3C 0.5
-0.5250003 8.025 -2.1 835E3C 0.5
-2.384186E-07 8.025 -2.1 835E3C 0.5
1.05 8.025 -2.1 835E3C 0.5
1.575 8.025 -2.1 835E3C 0.5
2.1 8.025 -2.1 835E3C 0.5
2.625 8.025 -2.1 835E3C 0.5
3.15 8.025 -2.100001 835E3C 0.5
-9.450001 8.549999 -2.099999 775731 0.5
1.05 8.549999 -2.1 835E3C 0.5
-8.925001 8.549999 -1.574999 835E3C 0.5
-8.400001 8.549999 -1.575 835E3C 0.5
-7.875001 8.549999 -1.575 835E3C 0.5
-7.350001 8.549999 -1.574999 835E3C 0.5
-6.825001 8.549999 -1.574999 835E3C 0.5
-6.300001 8.549999 -1.574999 835E3C 0.5
-5.250001 8.549999 -2.1 835E3C 0.5
-4.200001 8.549999 -1.575 835E3C 0.5
-3.675001 8.549999 -1.575 835E3C 0.5
-3.150001 8.549999 -1.575 835E3C 0.5
-2.625 8.549999 -1.575 835E3C 0.5
-2.1 8.549999 -1.575 835E3C 0.5
-1.05 8.549999 -2.1 835E3C 0.5
-0.5250003 8.549999 -2.1 835E3C 0.5
-2.384186E-07 8.549999 -2.1 835E3C 0.5
0.5249998 8.549999 -2.1 835E3C 0.5
1.575 8.549999 -2.1 835E3C 0.5
2.1 8.549999 -2.1 835E3C 0.5
2.625 8.549999 -2.1 835E3C 0.5
3.15 8.549999 -2.100001 835E3C 0.5
3.675 8.549999 -2.100001 835E3C 0.5
4.2 8.549999 -2.100001 775731 0.5
-9.450001 9.075 -2.099999 775731 0.5
1.05 9.075 -2.1 835E3C 0.5
-8.925001 9.075 -1.574999 835E3C 0.5
-8.400001 9.075 -1.575 835E3C 0.5
-7.875001 9.075 -1.575 835E3C 0.5
-7.350001 9.075 -1.574999 835E3C 0.5
-6.825001 9.075 -1.574999 835E3C 0.5
-6.300001 9.075 -1.574999 835E3C 0.5
-5.250001 9.075 -2.1 835E3C 0.5
-4.200001 9.075 -1.575 835E3C 0.5
-3.675001 9.075 -1.575 835E3C 0.5
-3.150001 9.075 -1.575 835E3C 0.5
-2.625 9.075 -1.575 835E3C 0.5
-2.1 9.075 -1.575 835E3C 0.5
-1.575001 9.075 -2.1 835E3C 0.5
-1.05 9.075 -2.1 835E3C 0.5
-0.5250003 9.075 -2.1 835E3C 0.5
-2.384186E-07 9.075 -2.1 835E3C 0.5
0.5249998 9.075 -2.1 835E3C 0.5
1.575 9.075 -2.1 835E3C 0.5
2.1 9.075 -2.1 835E3C 0.5
2.625 9.075 -2.1 835E3C 0.5
3.15 9.075 -2.100001 835E3C 0.5
3.675 9.075 -2.100001 835E3C 0.5
4.2 9.075 -2.100001 835E3C 0.5
-9.450001 9.599999 -2.099999 775731 0.5
1.575 9.599999 -2.1 835E3C 0.5
-8.925001 9.599999 -1.574999 835E3C 0.5
-8.400001 9.599999 -1.575 835E3C 0.5
-7.875001 9.599999 -1.575 835E3C 0.5
-7.350001 9.599999 -1.574999 835E3C 0.5
-6.825001 9.599999 -1.574999 835E3C 0.5
-6.300001 9.599999 -1.574999 835E3C 0.5
-5.775001 9.599999 -2.099999 835E3C 0.5
-4.200001 9.599999 -1.575 835E3C 0.5
-3.675001 9.599999 -1.575 835E3C 0.5
-3.150001 9.599999 -1.575 835E3C 0.5
-2.625 9.599999 -1.575 835E3C 0.5
-2.1 9.599999 -1.575 835E3C 0.5
-1.575001 9.599999 -2.1 835E3C 0.5
-1.05 9.599999 -2.1 835E3C 0.5
-0.5250003 9.599999 -2.1 835E3C 0.5
-2.384186E-07 9.599999 -2.1 835E3C 0.5
0.5249998 9.599999 -2.1 835E3C 0.5
1.05 9.599999 -2.1 835E3C 0.5
2.1 9.599999 -2.1 835E3C 0.5
2.625 9.599999 -2.1 835E3C 0.5
3.15 9.599999 -2.100001 835E3C 0.5
3.675 9.599999 -2.100001 835E3C 0.5
4.2 9.599999 -1.575001 835E3C 0.5
-9.450001 10.125 -2.099999 835E3C 0.5
-8.400001 10.125 -1.575 835E3C 0.5
-7.875001 10.125 -1.575 835E3C 0.5
-7.350001 10.125 -1.574999 835E3C 0.5
-6.825001 10.125 -1.574999 835E3C 0.5
-6.300001 10.125 -1.574999 835E3C 0.5
-5.775001 10.125 -2.099999 8E6D49 0.5
-6.300001 10.125 -2.099999 8E6D49 0.5
-4.200001 10.125 -1.575 835E3C 0.5
-3.675001 10.125 -1.575 835E3C 0.5
-3.150001 10.125 -1.575 835E3C 0.5
-2.625 10.125 -1.575 835E3C 0.5
-1.575001 10.125 -2.1 835E3C 0.5
-1.05 10.125 -2.1 835E3C 0.5
-0.5250003 10.125 -2.1 835E3C 0.5
-2.384186E-07 10.125 -2.1 835E3C 0.5
0.5249998 10.125 -2.1 835E3C 0.5
1.05 10.125 -2.1 835E3C 0.5
1.575 10.125 -2.1 835E3C 0.5
2.1 10.125 -2.1 947A58 0.5
2.625 10.125 -2.1 947A58 0.5
3.15 10.125 -2.100001 947A58 0.5
3.675 10.125 -1.575001 835E3C 0.5
4.2 10.125 -1.575001 835E3C 0.5
-8.925001 10.65 -2.099999 835E3C 0.5
-8.400001 10.65 -1.575 835E3C 0.5
-7.875001 10.65 -2.099999 8E6D49 0.5
-8.400001 10.65 -2.099999 8E6D49 0.5
-7.350001 10.65 -2.099999 8E6D49 0.5
-6.825001 10.125 -2.099999 8E6D49 0.5
-6.825001 10.65 -2.099999 8E6D49 0.5
-4.200001 10.65 -1.575 835E3C 0.5
-3.675001 10.65 -1.575 835E3C 0.5
-3.150001 10.65 -1.575 835E3C 0.5
-2.625 10.65 -1.575 835E3C 0.5
-1.575001 10.65 -2.1 835E3C 0.5
-1.05 10.65 -2.1 835E3C 0.5
-0.5250003 10.65 -2.1 835E3C 0.5
-2.384186E-07 10.65 -2.1 835E3C 0.5
0.5249998 10.65 -2.1 835E3C 0.5
1.05 10.65 -2.1 835E3C 0.5
1.575 10.65 -2.1 835E3C 0.5
2.1 10.65 -2.1 835E3C 0.5
2.625 10.65 -2.1 835E3C 0.5
3.15 10.65 -1.575001 835E3C 0.5
3.675 10.65 -1.575001 835E3C 0.5
-7.875001 11.175 -1.575 835E3C 0.5
-7.350001 11.175 -1.574999 835E3C 0.5
-6.825001 11.175 -1.574999 835E3C 0.5
-6.300001 11.175 -1.574999 835E3C 0.5
-4.200001 11.175 -1.575 835E3C 0.5
-3.675001 11.175 -1.575 835E3C 0.5
-3.150001 11.175 -1.575 835E3C 0.5
-2.625 11.175 -1.575 835E3C 0.5
-2.1 11.175 -2.1 835E3C 0.5
-1.575001 11.175 -2.1 835E3C 0.5
-1.05 11.175 -2.1 835E3C 0.5
-0.5250003 11.175 -2.1 835E3C 0.5
-2.384186E-07 11.175 -2.1 835E3C 0.5
0.5249998 11.175 -2.1 835E3C 0.5
1.05 11.175 -2.1 835E3C 0.5
1.575 11.175 -2.1 835E3C 0.5
2.1 11.175 -2.1 835E3C 0.5
2.625 11.175 -2.1 835E3C 0.5
3.15 11.175 -1.575001 835E3C 0.5
3.675 11.175 -1.575001 835E3C 0.5
-7.350001 11.7 -1.574999 835E3C 0.5
-6.825001 11.7 -1.574999 835E3C 0.5
-6.300001 11.7 -1.574999 835E3C 0.5
-2.1 11.7 -2.1 835E3C 0.5
-1.575001 11.7 -2.1 835E3C 0.5
-1.05 11.7 -2.1 835E3C 0.5
-0.5250003 11.7 -2.1 835E3C 0.5
-2.384186E-07 11.7 -2.1 835E3C 0.5
0.5249998 11.7 -2.1 835E3C 0.5
1.05 11.7 -2.1 835E3C 0.5
1.575 11.7 -2.1 835E3C 0.5
2.1 11.7 -2.1 835E3C 0.5
2.625 11.7 -1.575001 835E3C 0.5
3.15 11.7 -1.575001 835E3C 0.5
-1.575001 12.225 -2.1 835E3C 0.5
-1.05 12.225 -2.1 835E3C 0.5
-0.5250003 12.225 -2.1 835E3C 0.5
-2.384186E-07 12.225 -2.1 835E3C 0.5
0.5249998 12.225 -2.1 835E3C 0.5
1.05 12.225 -2.1 835E3C 0.5
1.575 12.225 -2.1 835E3C 0.5
2.1 12.225 -2.1 835E3C 0.5
2.625 12.225 -1.575001 835E3C 0.5
3.15 12.225 -1.575001 835E3C 0.5
6.825001 12.225 -2.100001 835E3C 0.5
2.1 12.75 -1.575001 835E3C 0.5
2.625 12.75 -1.575001 835E3C 0.5
6.300001 12.75 -2.100001 775731 0.5
6.825001 12.75 -2.100001 835E3C 0.5
7.35 12.75 -1.575001 835E3C 0.5
7.35 13.275 -1.575001 835E3C 0.5
5.775001 13.8 -1.575001 835E3C 0.5
6.300001 13.8 -1.575001 835E3C 0.5
7.35 13.8 -1.575001 835E3C 0.5
5.775001 14.325 -1.575001 835E3C 0.5
6.300001 14.325 -1.575001 835E3C 0.5
6.825001 14.325 -1.575001 835E3C 0.5
7.35 14.325 -1.575001 835E3C 0.5
5.25 14.85 -2.100001 624118 0.5
5.775001 14.85 -1.575001 835E3C 0.5
6.300001 14.85 -1.575001 835E3C 0.5
6.825001 14.85 -1.575001 835E3C 0.5
7.35 14.85 -1.575001 835E3C 0.5
6.825001 15.375 -1.575001 835E3C 0.5
7.35 15.375 -1.575001 835E3C 0.5
7.35 15.375 -2.100001 624118 0.5
7.875001 15.375 -1.575001 835E3C 0.5
5.25 15.9 -2.100001 624118 0.5
7.35 15.9 -2.100001 624118 0.5
5.775001 15.9 -2.100001 6D4A23 0.5
6.300001 15.9 -2.100001 6D4A23 0.5
6.825001 15.9 -2.100001 6D4A23 0.5
1.05 6.45 -2.625 6D4A23 0.5
1.575 6.45 -2.625 6D4A23 0.5
2.1 6.45 -2.625 6D4A23 0.5
2.625 6.45 -2.625 6D4A23 0.5
3.15 6.975 -2.625001 775731 0.5
3.675 8.025 -2.625001 775731 0.5
-8.925001 0.15 -2.624999 835E3C 0.5
-8.400001 0.15 -2.624999 835E3C 0.5
-7.875001 0.15 -2.624999 835E3C 0.5
-7.350001 0.15 -2.625 835E3C 0.5
-8.400001 0.675 -2.624999 835E3C 0.5
-7.875001 0.675 -2.624999 835E3C 0.5
2.625 0.675 -2.625 835E3C 0.5
3.15 0.675 -2.625001 835E3C 0.5
-8.925001 1.725 -2.099999 835E3C 0.5
-8.925001 2.25 -2.099999 835E3C 0.5
2.1 2.25 -2.1 835E3C 0.5
-8.925001 2.775 -2.099999 835E3C 0.5
2.1 2.775 -2.1 835E3C 0.5
-8.400001 3.3 -2.624999 835E3C 0.5
1.575 3.3 -2.625 835E3C 0.5
2.1 3.3 -2.625 835E3C 0.5
-8.925001 3.825 -2.624999 835E3C 0.5
-8.400001 3.825 -2.624999 835E3C 0.5
-7.875001 3.825 -2.624999 835E3C 0.5
1.575 3.825 -2.625 835E3C 0.5
2.1 3.825 -2.625 835E3C 0.5
-8.925001 4.35 -2.624999 835E3C 0.5
-8.400001 4.35 -2.624999 835E3C 0.5
-7.875001 4.35 -2.624999 835E3C 0.5
1.575 4.35 -2.625 835E3C 0.5
2.1 4.35 -2.625 835E3C 0.5
-8.400001 4.875 -2.624999 835E3C 0.5
-7.875001 4.875 -2.624999 835E3C 0.5
-7.350001 4.875 -2.625 835E3C 0.5
1.575 4.875 -2.625 835E3C 0.5
2.1 4.875 -2.625 835E3C 0.5
-8.400001 5.4 -2.624999 835E3C 0.5
-7.875001 5.4 -2.624999 835E3C 0.5
-7.350001 5.4 -2.625 835E3C 0.5
-6.825001 5.4 -2.624999 835E3C 0.5
1.575 5.4 -2.625 835E3C 0.5
2.1 5.4 -2.625 835E3C 0.5
2.625 5.4 -2.625 835E3C 0.5
-8.400001 5.925 -2.624999 835E3C 0.5
-7.875001 5.925 -2.624999 835E3C 0.5
-7.350001 5.925 -2.625 835E3C 0.5
-6.825001 5.925 -2.624999 835E3C 0.5
-6.300001 5.925 -2.624999 835E3C 0.5
1.05 5.925 -2.625 835E3C 0.5
1.575 5.925 -2.625 835E3C 0.5
2.1 5.925 -2.625 835E3C 0.5
2.625 5.925 -2.625 835E3C 0.5
-8.400001 6.45 -2.624999 835E3C 0.5
-7.875001 6.45 -2.624999 835E3C 0.5
-7.350001 6.45 -2.625 835E3C 0.5
-6.825001 6.45 -2.624999 835E3C 0.5
-6.300001 6.45 -2.624999 835E3C 0.5
-5.775001 6.45 -2.625 835E3C 0.5
1.05 6.975 -2.625 775731 0.5
-8.925001 6.975 -2.624999 835E3C 0.5
-8.400001 6.975 -2.624999 835E3C 0.5
-7.875001 6.975 -2.624999 835E3C 0.5
-7.350001 6.975 -2.625 835E3C 0.5
-6.825001 6.975 -2.624999 835E3C 0.5
-6.300001 6.975 -2.624999 835E3C 0.5
-5.775001 6.975 -2.625 835E3C 0.5
0.5249998 7.5 -2.625 775731 0.5
-8.925001 7.5 -2.624999 835E3C 0.5
-8.400001 7.5 -2.624999 835E3C 0.5
-7.875001 7.5 -2.624999 835E3C 0.5
-7.350001 7.5 -2.625 835E3C 0.5
-6.825001 7.5 -2.624999 835E3C 0.5
-6.300001 7.5 -2.624999 835E3C 0.5
-5.775001 7.5 -2.625 835E3C 0.5
-5.250001 7.5 -2.625 835E3C 0.5
3.15 7.5 -2.625001 775731 0.5
0.5249998 8.025 -2.625 775731 0.5
-9.450001 8.025 -2.624999 835E3C 0.5
-8.925001 8.025 -2.624999 835E3C 0.5
-8.400001 8.025 -2.624999 835E3C 0.5
-7.875001 8.025 -2.624999 835E3C 0.5
-7.350001 8.025 -2.625 835E3C 0.5
-6.825001 8.025 -2.624999 835E3C 0.5
-6.300001 8.025 -2.624999 835E3C 0.5
-5.775001 8.025 -2.625 835E3C 0.5
-5.250001 8.025 -2.625 835E3C 0.5
2.1 8.549999 -2.625 8E6D49 0.5
-9.450001 8.549999 -2.624999 835E3C 0.5
-8.925001 8.549999 -2.624999 835E3C 0.5
-8.400001 8.549999 -2.624999 835E3C 0.5
-7.875001 8.549999 -2.624999 835E3C 0.5
-7.350001 8.549999 -2.625 835E3C 0.5
-6.825001 8.549999 -2.624999 835E3C 0.5
-6.300001 8.549999 -2.624999 835E3C 0.5
-5.775001 8.549999 -2.625 8E6D49 0.5
-5.250001 8.549999 -2.625 8E6D49 0.5
1.05 8.549999 -2.625 8E6D49 0.5
1.575 8.549999 -2.625 8E6D49 0.5
4.2 8.549999 -2.625001 775731 0.5
-9.450001 9.075 -2.624999 835E3C 0.5
-8.925001 9.075 -2.624999 835E3C 0.5
-8.400001 9.075 -2.624999 835E3C 0.5
-7.875001 9.075 -2.624999 835E3C 0.5
-7.350001 9.075 -2.625 835E3C 0.5
-6.825001 9.075 -2.624999 8E6D49 0.5
-6.300001 9.075 -2.099999 8E6D49 0.5
-5.775001 9.075 -2.099999 8E6D49 0.5
1.575 9.075 -2.625 8E6D49 0.5
2.1 9.075 -2.625 8E6D49 0.5
2.625 8.549999 -2.625 8E6D49 0.5
2.625 9.075 -2.625 8E6D49 0.5
3.15 8.549999 -2.625001 8E6D49 0.5
3.15 9.075 -2.625001 8E6D49 0.5
3.675 9.075 -2.625001 8E6D49 0.5
-9.450001 9.599999 -2.624999 835E3C 0.5
-8.925001 9.599999 -2.624999 835E3C 0.5
-8.400001 9.599999 -2.624999 8E6D49 0.5
-7.875001 9.599999 -2.624999 8E6D49 0.5
-7.350001 9.599999 -2.099999 8E6D49 0.5
-6.825001 9.599999 -2.099999 8E6D49 0.5
-6.300001 9.599999 -2.099999 8E6D49 0.5
3.15 9.599999 -2.625001 8E6D49 0.5
-9.450001 10.125 -2.624999 8E6D49 0.5
-8.925001 10.125 -2.624999 8E6D49 0.5
-8.400001 10.125 -2.099999 8E6D49 0.5
-7.875001 10.125 -2.099999 8E6D49 0.5
-7.350001 10.125 -2.099999 8E6D49 0.5
1.575 6.975 -2.625 835E3C 0.5
2.1 6.975 -2.625 835E3C 0.5
2.625 6.975 -2.625 835E3C 0.5
1.05 7.5 -2.625 835E3C 0.5
1.575 7.5 -2.625 835E3C 0.5
2.1 7.5 -2.625 835E3C 0.5
2.625 7.5 -2.625 835E3C 0.5
1.05 8.025 -2.625 835E3C 0.5
1.575 8.025 -2.625 835E3C 0.5
2.1 8.025 -2.625 835E3C 0.5
2.625 8.025 -2.625 835E3C 0.5
3.15 8.025 -2.625001 835E3C 0.5
3.675 8.549999 -2.625001 835E3C 0.5
