-6.930001 0.63 2.520001 4F4229 0.6
-6.300001 0.63 2.520001 393937 0.6
1.26 0.63 2.52 4F4229 0.6
1.890001 0.63 2.52 393937 0.6
-6.930001 1.26 2.520001 4F4229 0.6
1.26 1.26 1.89 4F4229 0.6
-6.930001 1.89 2.520001 4F4229 0.6
1.26 1.89 1.89 5D5137 0.6
-6.930001 2.52 2.520001 5D5137 0.6
1.26 2.52 2.52 5D5137 0.6
-6.930001 3.15 2.520001 5D5137 0.6
1.26 3.15 2.52 5D5137 0.6
-7.560001 3.78 2.520001 5D5137 0.6
-6.930001 3.78 2.520001 5D5137 0.6
1.26 3.78 2.52 5D5137 0.6
-7.560001 4.41 2.520001 5D5137 0.6
-6.930001 4.41 2.520001 5D5137 0.6
1.26 4.41 2.52 5D5137 0.6
-7.560001 5.04 2.520001 705E44 0.6
-6.930001 5.04 2.520001 705E44 0.6
1.26 5.04 2.52 705E44 0.6
1.890001 5.04 2.52 705E44 0.6
-7.560001 5.67 2.520001 705E44 0.6
-6.930001 5.67 2.520001 705E44 0.6
-6.300001 5.67 2.520001 705E44 0.6
1.26 5.67 2.52 705E44 0.6
1.890001 5.67 2.52 705E44 0.6
-6.930001 6.3 2.520001 705E44 0.6
-6.300001 6.3 2.520001 705E44 0.6
-5.67 6.3 2.520001 705E44 0.6
1.26 6.3 2.52 705E44 0.6
1.890001 6.3 2.52 705E44 0.6
-6.930001 6.93 2.520001 817054 0.6
-6.300001 6.93 2.520001 817054 0.6
-5.67 6.93 2.520001 817054 0.6
-5.04 6.93 2.520001 817054 0.6
1.26 6.93 2.52 817054 0.6
1.890001 6.93 2.52 817054 0.6
-7.560001 7.56 2.520001 817054 0.6
-6.930001 7.56 2.520001 817054 0.6
-6.300001 7.56 2.520001 817054 0.6
-5.67 7.56 2.520001 817054 0.6
-5.04 7.56 2.520001 817054 0.6
-4.410001 7.56 1.890001 C0B5A1 0.6
-3.78 7.56 1.890001 C0B5A1 0.6
-3.15 7.56 1.890001 C0B5A1 0.6
-2.52 7.56 1.890001 C0B5A1 0.6
-1.89 7.56 1.890001 C0B5A1 0.6
-1.26 7.56 1.89 C0B5A1 0.6
-0.6299998 7.56 1.89 C0B5A1 0.6
2.384186E-07 7.56 1.89 C0B5A1 0.6
0.6300003 7.56 1.89 C0B5A1 0.6
1.26 7.56 2.52 817054 0.6
1.890001 7.56 2.52 817054 0.6
2.52 7.56 2.52 817054 0.6
-7.560001 8.190001 2.520001 817054 0.6
-6.930001 8.190001 2.520001 817054 0.6
-6.300001 8.190001 2.520001 817054 0.6
-5.67 8.190001 2.520001 817054 0.6
-5.04 8.190001 2.520001 817054 0.6
-4.410001 8.190001 1.890001 817054 0.6
-3.78 8.190001 1.890001 817054 0.6
-3.15 8.190001 1.890001 817054 0.6
-2.52 8.190001 1.890001 817054 0.6
-1.89 8.190001 1.890001 817054 0.6
-1.26 8.190001 1.89 817054 0.6
-0.6299998 8.190001 1.89 817054 0.6
2.384186E-07 8.190001 1.89 817054 0.6
0.6300003 8.190001 2.52 817054 0.6
1.26 8.190001 2.52 817054 0.6
1.890001 8.190001 2.52 817054 0.6
2.52 8.190001 2.52 817054 0.6
3.150001 8.190001 1.89 C0B5A1 0.6
3.780001 8.190001 1.26 C0B5A1 0.6
-8.190001 8.820001 2.520001 817054 0.6
-7.560001 8.820001 2.520001 817054 0.6
-6.930001 8.820001 2.520001 817054 0.6
-6.300001 8.820001 2.520001 817054 0.6
-5.67 8.820001 2.520001 817054 0.6
-5.04 8.820001 2.520001 817054 0.6
-4.410001 8.820001 1.890001 817054 0.6
-3.78 8.820001 1.890001 817054 0.6
-3.15 8.820001 1.890001 817054 0.6
-2.52 8.820001 1.890001 817054 0.6
-1.89 8.820001 1.890001 817054 0.6
-1.26 8.820001 1.89 817054 0.6
-0.6299998 8.820001 1.89 817054 0.6
2.384186E-07 8.820001 1.89 817054 0.6
0.6300003 8.820001 2.52 817054 0.6
1.26 8.820001 2.52 817054 0.6
1.890001 8.820001 2.52 817054 0.6
2.52 8.820001 2.52 817054 0.6
3.150001 8.820001 1.89 817054 0.6
3.780001 8.820001 1.89 817054 0.6
-8.190001 9.450001 2.520001 817054 0.6
-7.560001 9.450001 2.520001 817054 0.6
-6.930001 9.450001 2.520001 817054 0.6
-6.300001 9.450001 2.520001 817054 0.6
-5.67 9.450001 2.520001 817054 0.6
-5.04 9.450001 2.520001 817054 0.6
-4.410001 9.450001 1.890001 817054 0.6
-3.78 9.450001 1.890001 817054 0.6
-3.15 9.450001 1.890001 817054 0.6
-2.52 9.450001 1.890001 817054 0.6
-1.89 9.450001 1.890001 817054 0.6
-1.26 9.450001 1.89 817054 0.6
-0.6299998 9.450001 1.89 817054 0.6
2.384186E-07 9.450001 1.89 817054 0.6
0.6300003 9.450001 2.52 817054 0.6
1.26 9.450001 2.52 817054 0.6
1.890001 9.450001 2.52 948365 0.6
2.52 9.450001 2.52 948365 0.6
3.150001 9.450001 1.89 817054 0.6
3.780001 9.450001 1.89 817054 0.6
-9.450002 10.08 0.6300011 CABEA9 0.6
-8.190001 10.08 2.520001 817054 0.6
-7.560001 10.08 2.520001 817054 0.6
-6.930001 10.08 2.520001 817054 0.6
-6.300001 10.08 2.520001 817054 0.6
-5.67 10.08 2.520001 817054 0.6
-5.04 10.08 2.520001 817054 0.6
-4.410001 10.08 1.890001 817054 0.6
-3.78 10.08 1.890001 817054 0.6
-3.15 10.08 1.890001 817054 0.6
-2.52 10.08 1.890001 817054 0.6
-1.89 10.08 1.890001 817054 0.6
-1.26 10.08 1.89 817054 0.6
-0.6299998 10.08 1.89 817054 0.6
2.384186E-07 10.08 1.89 817054 0.6
0.6300003 10.08 2.52 948365 0.6
1.26 10.08 2.52 948365 0.6
1.890001 10.08 2.52 948365 0.6
2.52 10.08 2.52 948365 0.6
3.150001 10.08 1.89 817054 0.6
3.780001 10.08 1.89 817054 0.6
4.410001 10.08 1.26 817054 0.6
-9.450002 10.71 0.6300011 5D5137 0.6
-8.820002 10.71 0.6300011 CABEA9 0.6
-8.190001 10.71 2.520001 817054 0.6
-7.560001 10.71 2.520001 817054 0.6
-6.930001 10.71 2.520001 817054 0.6
-6.300001 10.71 2.520001 817054 0.6
-5.67 10.71 2.520001 817054 0.6
-5.04 10.71 2.520001 817054 0.6
-4.410001 10.71 1.890001 817054 0.6
-3.78 10.71 1.890001 817054 0.6
-3.15 10.71 1.890001 817054 0.6
-2.52 10.71 1.890001 817054 0.6
-1.89 10.71 1.890001 817054 0.6
-1.26 10.71 1.89 817054 0.6
-0.6299998 10.71 1.89 817054 0.6
2.384186E-07 10.71 1.89 817054 0.6
0.6300003 10.71 2.52 948365 0.6
1.26 10.71 2.52 948365 0.6
1.890001 10.71 2.52 948365 0.6
2.52 10.71 2.52 948365 0.6
3.150001 10.71 1.89 817054 0.6
3.780001 10.71 1.89 817054 0.6
4.410001 10.71 1.26 817054 0.6
-8.820002 11.34 0.6300011 CABEA9 0.6
-8.190001 11.34 2.520001 948365 0.6
-7.560001 11.34 2.520001 948365 0.6
-6.930001 11.34 2.520001 948365 0.6
-6.300001 11.34 2.520001 948365 0.6
-5.67 11.34 2.520001 948365 0.6
-5.04 11.34 2.520001 948365 0.6
-4.410001 11.34 1.890001 817054 0.6
-3.78 11.34 1.890001 817054 0.6
-3.15 11.34 1.890001 817054 0.6
-2.52 11.34 1.890001 817054 0.6
-1.89 11.34 1.890001 817054 0.6
-1.26 11.34 1.89 817054 0.6
-0.6299998 11.34 1.89 817054 0.6
2.384186E-07 11.34 1.89 817054 0.6
0.6300003 11.34 2.52 948365 0.6
1.26 11.34 2.52 948365 0.6
1.890001 11.34 1.89 817054 0.6
2.52 11.34 1.89 817054 0.6
3.150001 11.34 1.89 817054 0.6
3.780001 11.34 1.89 817054 0.6
4.410001 11.34 1.26 817054 0.6
-8.190001 11.97 0.6300011 705E44 0.6
-7.560001 11.97 1.890001 817054 0.6
-6.930001 11.97 2.520001 948365 0.6
-6.300001 11.97 2.520001 948365 0.6
-5.67 11.97 2.520001 948365 0.6
-5.04 11.97 1.890001 817054 0.6
-4.410001 11.97 1.890001 817054 0.6
-3.78 11.97 1.890001 817054 0.6
-3.15 11.97 1.890001 817054 0.6
-2.52 11.97 1.890001 817054 0.6
-1.89 11.97 1.890001 817054 0.6
-1.26 11.97 1.89 817054 0.6
-0.6299998 11.97 1.89 817054 0.6
2.384186E-07 11.97 1.89 817054 0.6
0.6300003 11.97 1.89 817054 0.6
1.26 11.97 1.89 817054 0.6
1.890001 11.97 1.89 817054 0.6
2.52 11.97 1.89 817054 0.6
3.150001 11.97 1.89 817054 0.6
3.780001 11.97 1.26 817054 0.6
4.410001 11.97 1.26 817054 0.6
5.04 11.97 1.26 817054 0.6
2.384186E-07 12.6 1.89 817054 0.6
0.6300003 12.6 1.89 817054 0.6
1.26 12.6 1.89 817054 0.6
1.890001 12.6 1.89 817054 0.6
2.52 12.6 1.89 817054 0.6
3.150001 12.6 1.89 817054 0.6
3.780001 12.6 1.26 817054 0.6
4.410001 12.6 1.26 817054 0.6
5.04 12.6 1.26 817054 0.6
1.89 13.23 1.26 817054 0.6
2.52 13.23 1.26 817054 0.6
3.150001 13.23 1.26 817054 0.6
3.780001 13.23 1.26 817054 0.6
4.410001 13.23 1.26 817054 0.6
5.04 13.23 1.26 817054 0.6
2.52 13.86 1.26 817054 0.6
3.150001 13.86 1.26 817054 0.6
3.780001 13.86 1.26 817054 0.6
4.410001 13.86 1.26 817054 0.6
5.04 13.86 1.26 817054 0.6
5.670001 13.86 1.26 817054 0.6
3.150001 14.49 1.26 817054 0.6
3.780001 14.49 1.26 817054 0.6
4.410001 14.49 1.26 817054 0.6
5.04 14.49 1.26 817054 0.6
5.670001 14.49 1.26 817054 0.6
6.300001 14.49 1.259999 705E44 0.6
6.930001 14.49 1.259999 817054 0.6
7.560001 14.49 0.6299992 CABEA9 0.6
8.190001 14.49 0.6299992 CABEA9 0.6
8.820002 14.49 0.6299992 343434 0.6
3.780001 15.12 1.26 817054 0.6
4.410001 15.12 1.26 817054 0.6
5.04 15.12 1.26 817054 0.6
5.670001 15.12 1.26 817054 0.6
6.300001 15.12 1.259999 817054 0.6
6.930001 15.12 1.259999 817054 0.6
7.560001 15.12 1.259999 817054 0.6
8.190001 15.12 0.6299992 CABEA9 0.6
8.820002 15.12 0.6299992 343434 0.6
4.410001 15.75 1.26 817054 0.6
5.04 15.75 1.26 817054 0.6
5.670001 15.75 1.26 817054 0.6
6.300001 15.75 1.259999 817054 0.6
6.930001 15.75 1.259999 817054 0.6
7.560001 15.75 1.259999 817054 0.6
8.190001 15.75 0.6299992 817054 0.6
5.04 16.38 1.26 817054 0.6
5.670001 16.38 1.26 817054 0.6
6.300001 16.38 1.259999 000000 0.6
6.930001 16.38 1.259999 4F4229 0.6
7.560001 16.38 1.259999 817054 0.6
5.04 17.01 1.26 C0B5A1 0.6
5.670001 17.01 1.26 C0B5A1 0.6
6.300001 17.01 1.259999 817054 0.6
5.040001 17.64 1.89 C0B5A1 0.6
-8.190001 8.190001 2.520001 705E44 0.6
-6.300001 0 2.520001 121110 0.6
2.384186E-07 10.08 2.52 705E44 0.6
0.6300003 7.56 2.52 705E44 0.6
-5.04 6.93 -1.26 817054 0.6
-7.560001 7.56 -1.259999 817054 0.6
-6.930001 7.56 -1.259999 817054 0.6
-6.300001 7.56 -1.259999 817054 0.6
-5.670001 7.56 -1.26 817054 0.6
-5.04 7.56 -1.26 817054 0.6
-4.410001 7.56 2.520001 705E44 0.6
1.89 7.56 1.26 C0B5A1 0.6
2.52 7.56 1.26 C0B5A1 0.6
-7.560001 8.190001 1.890001 817054 0.6
-6.930001 8.190001 1.890001 817054 0.6
-6.300001 8.190001 1.890001 817054 0.6
-5.67 8.190001 1.890001 817054 0.6
-5.04 8.190001 1.890001 817054 0.6
-4.410001 8.190001 2.520001 705E44 0.6
0.6300003 8.190001 1.89 817054 0.6
1.26 8.190001 1.89 817054 0.6
1.890001 8.190001 1.89 C0B5A1 0.6
2.52 8.190001 1.89 C0B5A1 0.6
-8.190001 8.820001 -1.259999 817054 0.6
-7.560001 8.820001 1.890001 817054 0.6
-6.930001 8.820001 1.890001 817054 0.6
-6.300001 8.820001 1.890001 817054 0.6
-5.67 8.820001 1.890001 817054 0.6
-5.04 8.820001 1.890001 817054 0.6
-4.410001 8.820001 2.520001 705E44 0.6
0.6300003 8.820001 1.89 817054 0.6
1.26 8.820001 1.89 817054 0.6
1.890001 8.820001 1.89 817054 0.6
2.52 8.820001 1.89 817054 0.6
3.150001 8.820001 2.52 705E44 0.6
-8.820002 9.450001 2.520001 705E44 0.6
-8.190001 9.450001 -1.259999 817054 0.6
2.384186E-07 9.450001 2.52 705E44 0.6
-7.560001 9.450001 1.890001 817054 0.6
-6.930001 9.450001 1.890001 817054 0.6
-6.300001 9.450001 1.890001 817054 0.6
-5.67 9.450001 1.890001 817054 0.6
-5.04 9.450001 1.890001 817054 0.6
-4.410001 9.450001 2.520001 705E44 0.6
0.6300003 9.450001 1.89 817054 0.6
1.26 9.450001 1.89 817054 0.6
1.890001 9.450001 1.89 817054 0.6
2.52 9.450001 1.89 817054 0.6
3.150001 9.450001 2.52 817054 0.6
-8.820002 10.08 2.520001 705E44 0.6
-8.190001 10.08 1.260001 817054 0.6
-7.560001 10.08 1.890001 817054 0.6
-6.930001 10.08 1.890001 817054 0.6
-6.300001 10.08 1.890001 817054 0.6
-5.67 10.08 1.890001 817054 0.6
-5.04 10.08 1.890001 817054 0.6
-4.410001 10.08 2.520001 705E44 0.6
0.6300003 10.08 1.89 817054 0.6
1.26 10.08 1.89 817054 0.6
1.890001 10.08 1.89 817054 0.6
-8.820002 10.71 2.520001 705E44 0.6
-8.190001 10.71 1.260001 817054 0.6
-7.560001 10.71 1.890001 817054 0.6
-6.930001 10.71 1.890001 817054 0.6
-6.300001 10.71 1.890001 817054 0.6
-5.67 10.71 1.890001 817054 0.6
-5.04 10.71 1.890001 817054 0.6
-4.410001 10.71 2.520001 705E44 0.6
-8.190001 8.190001 1.890001 705E44 0.6
-7.560001 3.78 1.890001 4F4229 0.6
-6.930001 0 1.890001 121110 0.6
-6.300001 0 1.890001 121110 0.6
-5.67 5.67 1.890001 5D5137 0.6
-5.04 6.93 1.890001 5D5137 0.6
-1.89 6.93 1.890001 AA9F83 0.6
-1.26 6.93 1.89 C0B5A1 0.6
1.26 0 1.89 121110 0.6
1.890001 0 1.89 121110 0.6
2.52 7.56 1.89 705E44 0.6
-6.930001 0.63 1.890001 42351D 0.6
-6.930001 1.89 1.890001 42351D 0.6
-6.930001 0.63 -1.259999 4F4229 0.6
-6.300001 5.04 1.890001 5D5137 0.6
-6.300001 0.63 -1.259999 393937 0.6
1.26 0.63 1.89 42351D 0.6
-5.67 0.63 1.890001 2C2B29 0.6
1.26 0.63 -1.26 4F4229 0.6
1.890001 0.63 1.89 2C2B29 0.6
1.89 0.63 -1.26 393937 0.6
-6.930001 1.26 1.890001 42351D 0.6
-6.930001 1.26 -1.259999 4F4229 0.6
-6.300001 1.26 1.890001 42351D 0.6
1.26 1.26 -1.26 4F4229 0.6
1.890001 4.41 1.89 4F4229 0.6
1.890001 1.26 1.89 42351D 0.6
-6.930001 1.89 -1.259999 4F4229 0.6
-6.300001 1.89 1.890001 42351D 0.6
1.26 4.41 1.89 4F4229 0.6
1.26 1.89 -1.26 5D5137 0.6
1.890001 1.89 1.89 42351D 0.6
-7.560001 2.52 1.890001 4F4229 0.6
-6.930001 4.41 1.890001 4F4229 0.6
-6.930001 2.52 -1.259999 5D5137 0.6
1.26 2.52 1.89 4F4229 0.6
-6.300001 2.52 1.890001 4F4229 0.6
1.26 2.52 -1.26 5D5137 0.6
1.890001 2.52 1.89 4F4229 0.6
-7.560001 3.15 1.890001 4F4229 0.6
-6.930001 3.15 -1.259999 5D5137 0.6
1.26 3.15 1.89 4F4229 0.6
-6.930001 3.15 1.890001 4F4229 0.6
1.26 3.15 -1.26 5D5137 0.6
1.890001 3.15 1.89 4F4229 0.6
-7.560001 4.41 1.890001 4F4229 0.6
-7.560001 3.78 -1.259999 5D5137 0.6
1.26 3.78 1.89 4F4229 0.6
-6.930001 3.78 -1.259999 5D5137 0.6
-6.930001 3.78 1.890001 4F4229 0.6
1.26 3.78 -1.26 5D5137 0.6
1.890001 3.78 1.89 4F4229 0.6
-7.560001 4.41 -1.259999 5D5137 0.6
-6.930001 4.41 -1.259999 5D5137 0.6
1.26 4.41 -1.26 5D5137 0.6
-7.560001 5.04 1.890001 5D5137 0.6
-7.560001 7.56 1.890001 705E44 0.6
-7.560001 5.04 -1.259999 705E44 0.6
1.26 5.04 1.89 5D5137 0.6
-6.930001 6.93 1.890001 5D5137 0.6
-6.930001 5.04 -1.259999 705E44 0.6
1.26 6.93 1.89 5D5137 0.6
1.26 5.04 -1.26 705E44 0.6
1.890001 6.93 1.89 5D5137 0.6
1.89 5.04 -1.26 705E44 0.6
1.890001 5.04 1.89 5D5137 0.6
-7.560001 5.67 1.890001 5D5137 0.6
-7.560001 5.67 -1.259999 705E44 0.6
1.26 5.67 1.89 5D5137 0.6
-6.930001 5.67 -1.259999 705E44 0.6
-6.300001 6.93 1.890001 5D5137 0.6
-6.300001 5.67 -1.259999 705E44 0.6
1.26 5.67 -1.26 705E44 0.6
1.89 5.67 -1.26 705E44 0.6
1.890001 5.67 1.89 5D5137 0.6
-7.560001 6.3 1.890001 5D5137 0.6
-6.930001 6.3 -1.259999 705E44 0.6
1.26 6.3 1.89 5D5137 0.6
-6.300001 6.3 -1.259999 705E44 0.6
-5.67 6.93 1.890001 5D5137 0.6
-5.670001 6.3 -1.26 705E44 0.6
-5.67 6.3 1.890001 5D5137 0.6
1.26 6.3 -1.26 705E44 0.6
1.89 6.3 -1.26 705E44 0.6
1.890001 6.3 1.89 5D5137 0.6
-6.930001 7.56 1.890001 AA9F83 0.6
-6.930001 6.93 -1.259999 817054 0.6
0.6300003 6.93 1.89 705E44 0.6
-6.300001 7.56 1.890001 AA9F83 0.6
-6.300001 6.93 -1.259999 817054 0.6
-5.67 7.56 1.890001 AA9F83 0.6
-5.670001 6.93 -1.26 817054 0.6
-5.04 7.56 1.890001 AA9F83 0.6
1.26 6.93 -1.26 817054 0.6
1.89 6.93 -1.26 817054 0.6
2.52 6.93 1.89 705E44 0.6
1.26 7.56 1.26 C0B5A1 0.6
-6.930001 8.190001 -1.259999 817054 0.6
-6.300001 8.190001 -1.259999 817054 0.6
-5.670001 8.190001 -1.26 817054 0.6
0.6299999 8.190001 -1.26 817054 0.6
1.26 8.190001 -1.26 817054 0.6
-8.190001 8.820001 1.890001 705E44 0.6
-6.930001 8.820001 -1.259999 817054 0.6
-6.300001 8.820001 -1.259999 817054 0.6
0.6299999 8.820001 -1.26 817054 0.6
-8.820002 9.450001 1.890001 705E44 0.6
-6.930001 9.450001 -1.259999 817054 0.6
-6.300001 9.450001 -1.259999 817054 0.6
0.6299999 9.450001 -1.26 817054 0.6
-8.820002 10.08 1.890001 705E44 0.6
-7.560001 10.08 -1.259999 817054 0.6
-6.930001 10.08 -1.259999 817054 0.6
-6.300001 10.08 -1.259999 817054 0.6
0.6299999 10.08 -1.26 817054 0.6
2.52 10.08 1.89 817054 0.6
-8.820002 10.71 1.890001 705E44 0.6
-7.560001 10.71 -1.259999 817054 0.6
-6.930001 10.71 -1.259999 817054 0.6
-6.300001 10.71 -1.259999 817054 0.6
0.6299999 10.71 -1.26 817054 0.6
1.26 10.71 1.89 817054 0.6
0.6300003 10.71 1.89 817054 0.6
1.890001 10.71 1.89 817054 0.6
2.52 10.71 1.89 817054 0.6
-8.190001 11.34 1.890001 817054 0.6
-8.190001 11.34 1.260001 817054 0.6
-7.560001 11.34 1.890001 817054 0.6
-7.560001 11.34 -1.259999 817054 0.6
-6.930001 11.34 -1.259999 817054 0.6
-6.300001 11.34 -1.259999 817054 0.6
-5.67 11.34 1.890001 817054 0.6
-5.04 11.34 1.890001 817054 0.6
0.6300003 11.34 1.89 817054 0.6
1.26 11.34 1.89 817054 0.6
-7.560001 11.97 0.6300011 705E44 0.6
-6.930001 11.97 -1.259999 817054 0.6
-6.300001 11.97 -1.259999 817054 0.6
-5.67 11.97 1.890001 817054 0.6
-6.930001 11.97 1.890001 9F9373 0.6
-6.300001 12.6 1.890001 9F9373 0.6
-5.67 12.6 1.890001 9F9373 0.6
-1.26 12.6 1.89 9F9373 0.6
-0.6299998 12.6 1.89 9F9373 0.6
4.410001 17.64 1.89 705E44 0.6
5.040001 18.27 1.89 9F9373 0.6
-8.190001 8.190001 1.260001 705E44 0.6
-7.560001 7.56 1.260001 705E44 0.6
-6.930001 6.3 1.260001 705E44 0.6
-6.300001 6.3 1.260001 705E44 0.6
-5.670001 6.3 1.260001 705E44 0.6
-5.04 6.93 1.260001 5D5137 0.6
-4.410001 7.56 1.260001 AA9F83 0.6
-3.780001 7.56 1.260001 AA9F83 0.6
-3.150001 7.56 1.260001 AA9F83 0.6
-2.52 6.93 1.26 AA9F83 0.6
-1.89 6.93 1.26 AA9F83 0.6
-1.26 6.93 1.26 AA9F83 0.6
-0.6299999 6.93 1.26 AA9F83 0.6
1.192093E-07 6.93 1.26 AA9F83 0.6
0.6300002 6.93 1.26 AA9F83 0.6
1.26 6.93 1.26 5D5137 0.6
1.89 6.93 1.26 5D5137 0.6
3.150001 7.56 1.26 C0B5A1 0.6
4.410001 8.820001 1.26 B7AB96 0.6
5.04 11.34 1.26 705E44 0.6
-6.930001 0.63 1.260001 4F4229 0.6
-6.300001 0.63 1.260001 393937 0.6
1.26 0.63 1.26 4F4229 0.6
1.89 0.63 1.26 393937 0.6
-6.930001 1.26 1.260001 4F4229 0.6
1.26 1.26 1.26 4F4229 0.6
-6.930001 1.89 1.260001 4F4229 0.6
1.26 1.89 1.26 5D5137 0.6
-6.930001 2.52 1.260001 5D5137 0.6
1.26 2.52 1.26 5D5137 0.6
-6.930001 3.15 1.260001 5D5137 0.6
1.26 3.15 1.26 5D5137 0.6
-7.560001 3.78 1.260001 5D5137 0.6
-6.930001 3.78 1.260001 5D5137 0.6
1.26 3.78 1.26 5D5137 0.6
-7.560001 4.41 1.260001 5D5137 0.6
-6.930001 4.41 1.260001 5D5137 0.6
1.26 4.41 1.26 5D5137 0.6
-7.560001 5.04 1.260001 705E44 0.6
-6.930001 5.04 1.260001 705E44 0.6
1.26 5.04 1.26 705E44 0.6
1.89 5.04 1.26 705E44 0.6
-7.560001 5.67 1.260001 705E44 0.6
-6.930001 5.67 1.260001 705E44 0.6
-6.300001 5.67 1.260001 705E44 0.6
1.26 5.67 1.26 705E44 0.6
1.89 5.67 1.26 705E44 0.6
-7.560001 6.3 1.260001 5D5137 0.6
-6.930001 6.93 1.260001 5D5137 0.6
-6.300001 6.93 1.260001 5D5137 0.6
-5.670001 6.93 1.260001 5D5137 0.6
1.26 6.3 1.26 705E44 0.6
1.89 6.3 1.26 705E44 0.6
-6.930001 7.56 1.260001 AA9F83 0.6
-6.300001 7.56 1.260001 AA9F83 0.6
-5.670001 7.56 1.260001 AA9F83 0.6
-5.04 7.56 1.260001 AA9F83 0.6
2.52 6.93 1.26 705E44 0.6
-2.52 7.56 1.26 B7AB96 0.6
0.6300002 7.56 1.26 705E44 0.6
1.192093E-07 10.08 1.26 705E44 0.6
-0.6299999 7.56 1.26 9F9373 0.6
1.26 10.71 1.26 817054 0.6
1.26 7.56 -1.26 817054 0.6
1.89 10.08 1.26 817054 0.6
1.89 7.56 -1.26 817054 0.6
2.52 9.450001 1.26 817054 0.6
2.52 7.56 -1.26 817054 0.6
-7.560001 8.190001 -1.259999 817054 0.6
-5.670001 8.190001 1.260001 817054 0.6
-5.670001 8.820001 1.260001 817054 0.6
-5.04 8.190001 -1.26 817054 0.6
-2.52 8.190001 1.26 705E44 0.6
-4.410001 8.190001 1.260001 705E44 0.6
0.6300002 8.190001 1.26 705E44 0.6
-0.6299999 8.190001 1.26 817054 0.6
0.6300002 11.97 1.26 817054 0.6
1.89 8.190001 -1.26 817054 0.6
2.52 8.190001 -1.26 817054 0.6
3.150001 8.820001 1.26 817054 0.6
2.52 8.190001 1.26 705E44 0.6
3.780001 8.820001 1.26 817054 0.6
-8.190001 8.820001 1.260001 705E44 0.6
-8.190001 9.450001 1.260001 B7AB96 0.6
-7.560001 8.820001 -1.259999 817054 0.6
-5.670001 8.820001 -1.26 817054 0.6
-2.52 8.820001 1.26 705E44 0.6
-5.04 8.820001 -1.26 817054 0.6
-4.410001 8.820001 1.260001 705E44 0.6
0.6300002 8.820001 1.26 705E44 0.6
-0.6299999 8.820001 1.26 817054 0.6
1.26 8.820001 -1.26 817054 0.6
1.89 8.820001 -1.26 817054 0.6
2.52 8.820001 -1.26 817054 0.6
-8.820002 9.450001 1.260001 705E44 0.6
-7.560001 9.450001 -1.259999 817054 0.6
-5.670001 9.450001 1.260001 817054 0.6
-5.670001 9.450001 -1.26 817054 0.6
-2.52 9.450001 1.26 705E44 0.6
-5.04 9.450001 -1.26 817054 0.6
-4.410001 9.450001 1.260001 705E44 0.6
1.192093E-07 9.450001 1.26 705E44 0.6
1.26 9.450001 -1.26 817054 0.6
1.89 9.450001 -1.26 817054 0.6
2.52 9.450001 -1.26 817054 0.6
3.150001 9.450001 1.26 817054 0.6
4.410001 9.450001 1.26 705E44 0.6
-8.820002 10.08 1.260001 705E44 0.6
-8.190001 10.08 -1.259999 817054 0.6
-5.670001 10.08 1.260001 817054 0.6
-5.670001 10.08 -1.26 817054 0.6
-1.89 10.08 1.26 705E44 0.6
-5.04 10.08 -1.26 817054 0.6
-4.410001 10.08 1.260001 705E44 0.6
1.192093E-07 10.71 1.26 817054 0.6
1.26 10.08 -1.26 817054 0.6
1.89 10.08 -1.26 817054 0.6
2.52 10.08 -1.26 817054 0.6
2.52 10.08 1.26 817054 0.6
-8.820002 10.71 1.260001 705E44 0.6
-8.190001 10.71 -1.259999 817054 0.6
-5.670001 10.71 1.260001 817054 0.6
-5.670001 10.71 -1.26 817054 0.6
-1.89 10.71 1.26 705E44 0.6
-5.04 10.71 -1.26 817054 0.6
-4.410001 10.71 1.260001 705E44 0.6
1.26 10.71 -1.26 817054 0.6
1.89 10.71 -1.26 817054 0.6
2.52 10.71 -1.26 817054 0.6
2.52 10.71 1.26 817054 0.6
3.780001 10.71 1.26 705E44 0.6
5.04 10.71 1.26 705E44 0.6
-8.190001 11.34 0.6300011 CABEA9 0.6
-5.670001 11.34 1.260001 817054 0.6
-5.670001 11.34 -1.26 817054 0.6
-1.89 11.34 1.26 705E44 0.6
-5.04 11.34 -1.26 817054 0.6
-4.410001 11.34 1.260001 817054 0.6
0.6300002 11.34 1.26 817054 0.6
0.6299999 11.34 -1.26 817054 0.6
1.192093E-07 11.34 1.26 817054 0.6
1.26 11.34 -1.26 817054 0.6
1.89 11.34 1.26 9F9373 0.6
3.780001 11.34 1.26 705E44 0.6
-7.560001 11.97 1.260001 817054 0.6
-5.670001 11.97 1.260001 817054 0.6
-5.670001 11.97 -1.26 817054 0.6
-1.89 11.97 1.26 705E44 0.6
-5.04 11.34 1.260001 817054 0.6
-5.04 11.97 1.260001 817054 0.6
-4.410001 11.97 1.260001 948365 0.6
1.192093E-07 11.97 1.26 817054 0.6
1.26 11.34 1.26 9F9373 0.6
1.192093E-07 12.6 1.26 9F9373 0.6
-6.930001 11.97 1.260001 9F9373 0.6
-6.300001 12.6 1.260001 9F9373 0.6
-5.670001 12.6 1.260001 9F9373 0.6
-3.780001 11.97 1.260001 9F9373 0.6
-3.150001 11.97 1.260001 9F9373 0.6
-2.52 11.97 1.26 9F9373 0.6
-1.26 12.6 1.26 9F9373 0.6
-0.6299999 12.6 1.26 9F9373 0.6
0.6300002 12.6 1.26 817054 0.6
3.150001 12.6 1.26 948365 0.6
4.410001 16.38 1.26 705E44 0.6
1.26 13.23 1.26 9F9373 0.6
4.410001 17.01 1.26 705E44 0.6
5.04 17.01 -0.6300006 817054 0.6
5.670001 17.01 -0.6300006 817054 0.6
6.930001 17.01 1.259999 9F9373 0.6
5.04 17.64 1.26 817054 0.6
5.04 17.64 -1.260001 817054 0.6
5.670001 17.64 1.26 705E44 0.6
-8.190001 9.450001 0.6300011 B7AB96 0.6
-7.560001 7.56 0.6300011 AA9F83 0.6
-6.930001 7.56 0.6300011 AA9F83 0.6
-6.300001 7.56 0.6300011 AA9F83 0.6
-5.670001 7.56 0.6300006 AA9F83 0.6
-5.04 7.56 0.6300006 AA9F83 0.6
-4.410001 7.56 0.6300006 AA9F83 0.6
-3.780001 7.56 0.6300006 AA9F83 0.6
-3.150001 7.56 0.6300006 AA9F83 0.6
-2.52 6.93 0.6300004 AA9F83 0.6
-1.89 6.93 0.6300004 AA9F83 0.6
-1.26 6.93 0.6300002 AA9F83 0.6
-0.63 6.93 0.6300001 AA9F83 0.6
5.960464E-08 6.93 0.6300001 AA9F83 0.6
0.6300001 6.93 0.6299999 AA9F83 0.6
1.26 6.93 0.63 AA9F83 0.6
1.89 6.93 0.6299999 AA9F83 0.6
2.52 7.56 0.6299999 AA9F83 0.6
3.150001 7.56 0.6299996 AA9F83 0.6
3.780001 7.56 0.6299996 AA9F83 0.6
4.410001 8.820001 0.6299996 B7AB96 0.6
5.04 11.34 0.6299996 705E44 0.6
5.670001 13.23 0.6299996 705E44 0.6
6.300001 14.49 0.6299992 C0B5A1 0.6
6.930001 14.49 0.6299992 C0B5A1 0.6
-2.52 7.56 0.6300004 B7AB96 0.6
5.960464E-08 10.71 0.6300001 817054 0.6
-0.63 7.56 0.6300001 9F9373 0.6
0.6300001 11.97 0.6299999 817054 0.6
1.26 10.71 0.63 817054 0.6
1.89 10.08 0.6299999 817054 0.6
2.52 9.450001 0.6299999 817054 0.6
-8.190001 8.190001 0.6300011 AA9F83 0.6
-7.560001 8.190001 1.260001 817054 0.6
-5.670001 8.190001 0.6300006 817054 0.6
-6.930001 8.190001 1.260001 817054 0.6
-6.300001 8.190001 1.260001 817054 0.6
-5.670001 8.820001 0.6300006 817054 0.6
-5.04 8.190001 1.260001 817054 0.6
-2.52 8.190001 0.6300004 705E44 0.6
-5.04 8.190001 0.6300006 817054 0.6
-0.63 8.190001 0.6300001 817054 0.6
1.26 8.190001 1.26 817054 0.6
1.89 8.190001 1.26 817054 0.6
3.150001 8.820001 0.6299996 817054 0.6
3.780001 8.820001 0.6299996 817054 0.6
3.780001 8.190001 0.6299996 B7AB96 0.6
-8.190001 8.820001 0.6300011 B7AB96 0.6
-7.560001 8.820001 1.260001 817054 0.6
-6.930001 8.820001 1.260001 817054 0.6
-6.300001 8.820001 1.260001 817054 0.6
-2.52 8.820001 0.6300004 705E44 0.6
-5.04 8.820001 1.260001 817054 0.6
-5.04 8.820001 0.6300006 817054 0.6
-0.63 8.820001 0.6300001 817054 0.6
1.26 8.820001 1.26 817054 0.6
1.89 8.820001 1.26 817054 0.6
2.52 8.820001 1.26 817054 0.6
3.150001 13.23 0.6299996 817054 0.6
3.780001 12.6 0.6299996 817054 0.6
-7.560001 9.450001 1.260001 817054 0.6
-5.670001 9.450001 0.6300006 817054 0.6
-6.930001 9.450001 1.260001 817054 0.6
-6.300001 9.450001 1.260001 817054 0.6
-2.52 9.450001 0.6300004 705E44 0.6
-5.04 9.450001 1.260001 817054 0.6
-5.04 9.450001 0.6300006 817054 0.6
5.960464E-08 9.450001 0.6300001 817054 0.6
0.6300002 9.450001 1.26 817054 0.6
1.26 9.450001 1.26 817054 0.6
1.89 9.450001 1.26 817054 0.6
2.52 13.23 0.6299999 817054 0.6
4.410001 9.450001 0.6299996 705E44 0.6
-8.190001 10.08 0.6300011 B7AB96 0.6
-5.670001 10.08 0.6300006 817054 0.6
-7.560001 10.08 1.260001 817054 0.6
-6.930001 10.08 1.260001 817054 0.6
-6.300001 10.08 1.260001 817054 0.6
-1.89 10.08 0.6300004 705E44 0.6
-5.04 10.08 1.260001 817054 0.6
-4.410001 10.08 0.6300006 817054 0.6
5.960464E-08 10.08 0.6300001 817054 0.6
0.6300002 10.08 1.26 817054 0.6
1.26 10.08 1.26 817054 0.6
4.410001 12.6 0.6299996 817054 0.6
4.410001 10.08 0.6299996 705E44 0.6
-8.190001 10.71 0.6300011 B7AB96 0.6
-5.670001 10.71 0.6300006 817054 0.6
-7.560001 10.71 1.260001 817054 0.6
-6.930001 10.71 1.260001 817054 0.6
-6.300001 10.71 1.260001 817054 0.6
-1.89 10.71 0.6300004 705E44 0.6
-5.04 10.71 1.260001 817054 0.6
-4.410001 10.71 0.6300006 817054 0.6
0.6300002 10.71 1.26 817054 0.6
1.89 10.71 1.26 817054 0.6
3.780001 10.71 0.6299996 705E44 0.6
5.04 10.71 0.6299996 705E44 0.6
-5.670001 11.34 0.6300006 817054 0.6
-7.560001 11.34 1.260001 817054 0.6
-6.930001 11.34 1.260001 817054 0.6
-6.300001 11.34 1.260001 817054 0.6
-1.89 11.34 0.6300004 705E44 0.6
-4.410001 11.34 0.6300006 817054 0.6
0.6300001 11.34 0.6299999 817054 0.6
5.960464E-08 11.34 0.6300001 817054 0.6
3.780001 11.34 0.6299996 705E44 0.6
-5.670001 11.97 0.6300006 817054 0.6
-6.300001 11.97 1.260001 817054 0.6
-1.89 11.97 0.6300004 705E44 0.6
-4.410001 11.97 0.6300006 948365 0.6
5.960464E-08 11.97 0.6300001 817054 0.6
3.780001 11.97 0.6299996 705E44 0.6
5.04 11.97 0.6299996 705E44 0.6
5.960464E-08 12.6 0.6300001 9F9373 0.6
-6.930001 11.97 0.6300011 9F9373 0.6
-6.300001 12.6 0.6300011 9F9373 0.6
-5.670001 12.6 0.6300006 9F9373 0.6
-5.04 11.97 0.6300006 9F9373 0.6
-3.780001 11.97 0.6300006 9F9373 0.6
-3.150001 11.97 0.6300006 9F9373 0.6
-2.52 11.97 0.6300004 9F9373 0.6
-1.26 12.6 0.6300002 9F9373 0.6
-0.63 12.6 0.6300001 9F9373 0.6
0.6300001 12.6 0.6299999 817054 0.6
3.150001 12.6 0.6299996 948365 0.6
4.410001 15.75 0.6299996 5D5137 0.6
5.04 15.12 0.6299996 5D5137 0.6
5.04 12.6 0.6299996 817054 0.6
1.89 13.23 0.6299999 948365 0.6
1.26 13.23 0.63 9F9373 0.6
3.780001 13.23 0.6299996 817054 0.6
2.52 13.86 0.6299999 948365 0.6
5.670001 14.49 0.6299996 5D5137 0.6
5.670001 13.86 0.6299996 705E44 0.6
3.150001 14.49 0.6299996 948365 0.6
7.560001 15.12 0.6299992 232423 0.6
9.450002 14.49 0.6299992 343434 0.6
3.780001 15.12 0.6299996 948365 0.6
5.670001 17.01 0.6299996 817054 0.6
6.300001 15.12 0.6299992 CABEA9 0.6
9.450002 15.12 0.6299992 454545 0.6
3.780001 15.75 0.6299996 948365 0.6
5.670001 15.75 0.6299996 817054 0.6
4.410001 16.38 0.6299996 948365 0.6
5.04 16.38 0.6299996 817054 0.6
5.04 16.38 -1.260001 817054 0.6
7.560001 16.38 0.6299992 9F9373 0.6
5.04 17.01 0.6299996 948365 0.6
6.930001 17.01 0.6299992 9F9373 0.6
5.670001 17.64 0.6299996 9F9373 0.6
6.300001 17.01 0.6299992 9F9373 0.6
-9.450002 9.450001 9.536743E-07 CABEA9 0.6
-8.820002 10.08 9.536743E-07 CABEA9 0.6
-8.190001 9.450001 9.536743E-07 B7AB96 0.6
-7.560001 7.56 9.536743E-07 AA9F83 0.6
-6.930001 7.56 9.536743E-07 AA9F83 0.6
-6.300001 7.56 9.536743E-07 AA9F83 0.6
-5.670001 7.56 4.768372E-07 AA9F83 0.6
-5.04 7.56 4.768372E-07 AA9F83 0.6
-4.410001 7.56 4.768372E-07 AA9F83 0.6
-3.780001 7.56 4.768372E-07 AA9F83 0.6
-3.150001 7.56 4.768372E-07 AA9F83 0.6
-2.52 6.93 2.384186E-07 AA9F83 0.6
-1.89 6.93 2.384186E-07 AA9F83 0.6
-1.26 6.93 1.192093E-07 AA9F83 0.6
-0.6300001 6.93 5.960464E-08 AA9F83 0.6
0 6.93 0 AA9F83 0.6
0.6300001 6.93 -5.960464E-08 AA9F83 0.6
1.26 6.93 -1.192093E-07 AA9F83 0.6
1.89 6.93 -2.384186E-07 AA9F83 0.6
2.52 7.56 -2.384186E-07 AA9F83 0.6
3.150001 7.56 -4.768372E-07 AA9F83 0.6
3.780001 7.56 -4.768372E-07 AA9F83 0.6
4.410001 8.820001 -4.768372E-07 B7AB96 0.6
5.04 11.34 -4.768372E-07 705E44 0.6
5.670001 13.23 -4.768372E-07 705E44 0.6
6.300001 14.49 -9.536743E-07 C0B5A1 0.6
6.930001 14.49 -9.536743E-07 C0B5A1 0.6
7.560001 14.49 -9.536743E-07 C0B5A1 0.6
8.190001 14.49 -9.536743E-07 C0B5A1 0.6
8.820002 13.86 -9.536743E-07 CABEA9 0.6
9.450002 15.12 -9.536743E-07 232423 0.6
-2.52 7.56 2.384186E-07 B7AB96 0.6
0 10.71 0 817054 0.6
-0.6300001 7.56 5.960464E-08 9F9373 0.6
0.6300001 11.97 -5.960464E-08 817054 0.6
1.26 10.71 -1.192093E-07 817054 0.6
1.89 10.08 -2.384186E-07 817054 0.6
2.52 9.450001 -2.384186E-07 817054 0.6
-8.190001 8.190001 9.536743E-07 AA9F83 0.6
-7.560001 11.34 9.536743E-07 CABEA9 0.6
-5.670001 8.190001 4.768372E-07 817054 0.6
-6.930001 11.97 9.536743E-07 CABEA9 0.6
-5.670001 8.820001 4.768372E-07 817054 0.6
-2.52 8.190001 2.384186E-07 705E44 0.6
-5.04 8.190001 4.768372E-07 817054 0.6
-0.6300001 8.190001 5.960464E-08 817054 0.6
3.150001 8.820001 -4.768372E-07 817054 0.6
3.780001 8.820001 -4.768372E-07 817054 0.6
3.780001 8.190001 -4.768372E-07 B7AB96 0.6
-8.190001 8.820001 9.536743E-07 B7AB96 0.6
-2.52 8.820001 2.384186E-07 705E44 0.6
-5.04 8.820001 4.768372E-07 817054 0.6
-0.6300001 8.820001 5.960464E-08 817054 0.6
3.150001 13.23 -4.768372E-07 817054 0.6
3.780001 12.6 -4.768372E-07 817054 0.6
-5.670001 9.450001 4.768372E-07 817054 0.6
-2.52 9.450001 2.384186E-07 705E44 0.6
-5.04 9.450001 4.768372E-07 817054 0.6
0 9.450001 0 817054 0.6
2.52 13.23 -2.384186E-07 817054 0.6
4.410001 9.450001 -4.768372E-07 705E44 0.6
-10.08 10.08 9.536743E-07 705E44 0.6
-8.190001 10.08 9.536743E-07 B7AB96 0.6
-8.190001 11.34 9.536743E-07 CABEA9 0.6
-5.670001 10.08 4.768372E-07 817054 0.6
-1.89 10.08 2.384186E-07 705E44 0.6
-4.410001 10.08 4.768372E-07 817054 0.6
0 10.08 0 817054 0.6
4.410001 12.6 -4.768372E-07 817054 0.6
4.410001 10.08 -4.768372E-07 705E44 0.6
-9.450002 10.71 9.536743E-07 705E44 0.6
-8.190001 10.71 9.536743E-07 B7AB96 0.6
-8.820002 10.71 9.536743E-07 CABEA9 0.6
-5.670001 10.71 4.768372E-07 817054 0.6
-1.89 10.71 2.384186E-07 705E44 0.6
-4.410001 10.71 4.768372E-07 817054 0.6
3.780001 10.71 -4.768372E-07 705E44 0.6
5.04 10.71 -4.768372E-07 705E44 0.6
-9.450002 11.34 9.536743E-07 705E44 0.6
-8.190001 11.34 -1.259999 817054 0.6
-5.670001 11.34 4.768372E-07 817054 0.6
-1.89 11.34 2.384186E-07 705E44 0.6
-4.410001 11.34 4.768372E-07 817054 0.6
0.6300001 11.34 -5.960464E-08 817054 0.6
0 11.34 0 817054 0.6
3.780001 11.34 -4.768372E-07 705E44 0.6
-8.820002 11.97 9.536743E-07 817054 0.6
-7.560001 11.97 9.536743E-07 817054 0.6
-5.670001 11.97 4.768372E-07 817054 0.6
-1.89 11.97 2.384186E-07 705E44 0.6
-4.410001 11.97 4.768372E-07 948365 0.6
0 11.97 0 817054 0.6
3.780001 11.97 -4.768372E-07 705E44 0.6
5.04 11.97 -4.768372E-07 705E44 0.6
-7.560001 12.6 9.536743E-07 817054 0.6
-8.190001 11.97 9.536743E-07 817054 0.6
0 12.6 0 9F9373 0.6
-6.300001 12.6 9.536743E-07 9F9373 0.6
-5.670001 12.6 4.768372E-07 9F9373 0.6
-5.04 11.97 4.768372E-07 9F9373 0.6
-3.780001 11.97 4.768372E-07 9F9373 0.6
-3.150001 11.97 4.768372E-07 9F9373 0.6
-2.52 11.97 2.384186E-07 9F9373 0.6
-1.26 12.6 1.192093E-07 9F9373 0.6
-0.6300001 12.6 5.960464E-08 9F9373 0.6
0.6300001 12.6 -5.960464E-08 817054 0.6
3.150001 12.6 -4.768372E-07 948365 0.6
4.410001 15.75 -4.768372E-07 5D5137 0.6
5.04 15.12 -4.768372E-07 5D5137 0.6
5.04 12.6 -4.768372E-07 817054 0.6
1.89 13.23 -2.384186E-07 948365 0.6
1.26 13.23 -1.192093E-07 9F9373 0.6
3.780001 13.23 -4.768372E-07 817054 0.6
2.52 13.86 -2.384186E-07 948365 0.6
5.670001 14.49 -4.768372E-07 5D5137 0.6
5.670001 13.86 -4.768372E-07 705E44 0.6
3.150001 14.49 -4.768372E-07 948365 0.6
8.820002 14.49 -9.536743E-07 232423 0.6
7.560001 15.12 -9.536743E-07 232423 0.6
9.450002 14.49 -9.536743E-07 232423 0.6
3.780001 15.12 -4.768372E-07 948365 0.6
6.300001 15.12 -9.536743E-07 CABEA9 0.6
3.780001 15.75 -4.768372E-07 948365 0.6
5.670001 15.75 -4.768372E-07 817054 0.6
8.820002 15.12 -9.536743E-07 DACDB9 0.6
8.190001 15.75 -9.536743E-07 9F9373 0.6
4.410001 16.38 -4.768372E-07 948365 0.6
5.04 16.38 -4.768372E-07 817054 0.6
7.560001 16.38 -9.536743E-07 9F9373 0.6
5.04 17.01 -4.768372E-07 948365 0.6
6.930001 17.01 -9.536743E-07 9F9373 0.6
5.670001 17.64 -4.768372E-07 9F9373 0.6
6.300001 17.01 -9.536743E-07 9F9373 0.6
-8.190001 9.450001 -0.6299992 B7AB96 0.6
-7.560001 7.56 -0.6299992 AA9F83 0.6
-6.930001 7.56 -0.6299992 AA9F83 0.6
-6.300001 7.56 -0.6299992 AA9F83 0.6
-5.670001 7.56 -0.6299996 AA9F83 0.6
-5.04 7.56 -0.6299996 AA9F83 0.6
-4.410001 7.56 -0.6299996 AA9F83 0.6
-3.780001 7.56 -0.6299996 AA9F83 0.6
-3.150001 7.56 -0.6299996 AA9F83 0.6
-2.52 6.93 -0.6299999 AA9F83 0.6
-1.89 6.93 -0.6299999 AA9F83 0.6
-1.26 6.93 -0.63 AA9F83 0.6
-0.6300001 6.93 -0.6299999 AA9F83 0.6
-5.960464E-08 6.93 -0.6300001 AA9F83 0.6
0.63 6.93 -0.6300001 AA9F83 0.6
1.26 6.93 -0.6300002 AA9F83 0.6
1.89 6.93 -0.6300004 AA9F83 0.6
2.52 7.56 -0.6300004 AA9F83 0.6
3.150001 7.56 -0.6300006 AA9F83 0.6
3.780001 7.56 -0.6300006 AA9F83 0.6
4.410001 8.820001 -0.6300006 B7AB96 0.6
5.04 11.34 -0.6300006 705E44 0.6
5.670001 13.23 -0.6300006 705E44 0.6
6.300001 14.49 -0.6300011 C0B5A1 0.6
6.930001 14.49 -0.6300011 C0B5A1 0.6
7.560001 14.49 -0.6300011 C0B5A1 0.6
8.190001 14.49 -0.6300011 CABEA9 0.6
8.820002 14.49 -0.6300011 232423 0.6
-2.52 7.56 -0.6299999 B7AB96 0.6
-5.960464E-08 10.71 -0.6300001 817054 0.6
-0.6300001 7.56 -0.6299999 9F9373 0.6
0.63 11.97 -0.6300001 817054 0.6
1.26 10.71 -0.6300002 817054 0.6
1.89 10.08 -0.6300004 817054 0.6
2.52 9.450001 -0.6300004 817054 0.6
-8.190001 8.190001 -0.6299992 AA9F83 0.6
-5.670001 8.190001 -0.6299996 817054 0.6
-5.670001 8.820001 -0.6299996 817054 0.6
-2.52 8.190001 -0.6299999 705E44 0.6
-5.04 8.190001 -0.6299996 817054 0.6
-0.6300001 8.190001 -0.6299999 817054 0.6
3.150001 8.820001 -0.6300006 817054 0.6
3.780001 8.820001 -0.6300006 817054 0.6
3.780001 8.190001 -0.6300006 B7AB96 0.6
-8.190001 8.820001 -0.6299992 B7AB96 0.6
-2.52 8.820001 -0.6299999 705E44 0.6
-5.04 8.820001 -0.6299996 817054 0.6
-0.6300001 8.820001 -0.6299999 817054 0.6
3.150001 13.23 -0.6300006 817054 0.6
3.780001 12.6 -0.6300006 817054 0.6
-5.670001 9.450001 -0.6299996 817054 0.6
-2.52 9.450001 -0.6299999 705E44 0.6
-5.04 9.450001 -0.6299996 817054 0.6
-5.960464E-08 9.450001 -0.6300001 817054 0.6
2.52 13.23 -0.6300004 817054 0.6
4.410001 9.450001 -0.6300006 705E44 0.6
-8.190001 10.08 -0.6299992 B7AB96 0.6
-9.450002 10.08 -0.6299992 CABEA9 0.6
-5.670001 10.08 -0.6299996 817054 0.6
-1.89 10.08 -0.6299999 705E44 0.6
-4.410001 10.08 -0.6299996 817054 0.6
-5.960464E-08 10.08 -0.6300001 817054 0.6
4.410001 12.6 -0.6300006 817054 0.6
4.410001 10.08 -0.6300006 705E44 0.6
-8.190001 10.71 -0.6299992 B7AB96 0.6
-9.450002 10.71 -0.6299992 5D5137 0.6
-8.820002 10.71 -0.6299992 CABEA9 0.6
-5.670001 10.71 -0.6299996 817054 0.6
-1.89 10.71 -0.6299999 705E44 0.6
-4.410001 10.71 -0.6299996 817054 0.6
3.780001 10.71 -0.6300006 705E44 0.6
5.04 10.71 -0.6300006 705E44 0.6
-8.190001 11.34 -0.6299992 817054 0.6
-8.820002 11.34 -0.6299992 CABEA9 0.6
-5.670001 11.34 -0.6299996 817054 0.6
-1.89 11.34 -0.6299999 705E44 0.6
-4.410001 11.34 -0.6299996 817054 0.6
0.63 11.34 -0.6300001 817054 0.6
-5.960464E-08 11.34 -0.6300001 817054 0.6
3.780001 11.34 -0.6300006 705E44 0.6
-7.560001 11.97 -0.6299992 817054 0.6
-8.190001 11.97 -0.6299992 705E44 0.6
-5.670001 11.97 -0.6299996 817054 0.6
-1.89 11.97 -0.6299999 705E44 0.6
-4.410001 11.97 -0.6299996 948365 0.6
-5.960464E-08 11.97 -0.6300001 817054 0.6
3.780001 11.97 -0.6300006 705E44 0.6
5.04 11.97 -0.6300006 705E44 0.6
-5.960464E-08 12.6 -0.6300001 9F9373 0.6
-6.930001 11.97 -0.6299992 9F9373 0.6
-6.300001 12.6 -0.6299992 9F9373 0.6
-5.670001 12.6 -0.6299996 9F9373 0.6
-5.04 11.97 -0.6299996 9F9373 0.6
-3.780001 11.97 -0.6299996 9F9373 0.6
-3.150001 11.97 -0.6299996 9F9373 0.6
-2.52 11.97 -0.6299999 9F9373 0.6
-1.26 12.6 -0.63 9F9373 0.6
-0.6300001 12.6 -0.6299999 9F9373 0.6
0.63 12.6 -0.6300001 817054 0.6
3.150001 12.6 -0.6300006 948365 0.6
4.410001 15.75 -0.6300006 5D5137 0.6
5.04 15.12 -0.6300006 5D5137 0.6
5.04 12.6 -0.6300006 817054 0.6
1.89 13.23 -0.6300004 948365 0.6
1.26 13.23 -0.6300002 9F9373 0.6
3.780001 13.23 -0.6300006 817054 0.6
2.52 13.86 -0.6300004 948365 0.6
5.670001 14.49 -0.6300006 5D5137 0.6
5.670001 13.86 -0.6300006 705E44 0.6
3.150001 14.49 -0.6300006 948365 0.6
7.560001 15.12 -0.6300011 232423 0.6
9.450002 14.49 -0.6300011 343434 0.6
3.780001 15.12 -0.6300006 948365 0.6
6.300001 15.12 -0.6300011 CABEA9 0.6
9.450002 15.12 -0.6300011 454545 0.6
3.780001 15.75 -0.6300006 948365 0.6
5.670001 15.75 -0.6300006 817054 0.6
8.820002 15.12 -0.6300011 DACDB9 0.6
8.190001 15.75 -0.6300011 9F9373 0.6
4.410001 16.38 -0.6300006 948365 0.6
5.04 16.38 -0.6300006 817054 0.6
7.560001 16.38 -0.6300011 9F9373 0.6
6.930001 17.01 -0.6300011 9F9373 0.6
5.670001 17.64 -0.6300006 9F9373 0.6
6.300001 17.01 -0.6300011 9F9373 0.6
-8.190001 8.190001 -1.259999 705E44 0.6
-4.410001 7.56 -1.26 AA9F83 0.6
-3.780001 7.56 -1.26 AA9F83 0.6
-3.150001 7.56 -1.26 AA9F83 0.6
-2.52 6.93 -1.26 AA9F83 0.6
-1.89 6.93 -1.26 AA9F83 0.6
-1.26 6.93 -1.26 AA9F83 0.6
-0.6300002 6.93 -1.26 AA9F83 0.6
-1.192093E-07 6.93 -1.26 AA9F83 0.6
0.6299999 6.93 -1.26 AA9F83 0.6
3.150001 7.56 -1.260001 C0B5A1 0.6
3.780001 8.190001 -1.260001 C0B5A1 0.6
4.410001 8.820001 -1.260001 B7AB96 0.6
5.04 11.34 -1.260001 705E44 0.6
5.670001 15.12 -1.260001 705E44 0.6
6.300001 14.49 -1.260001 705E44 0.6
6.930001 15.75 -1.260001 817054 0.6
-7.560001 6.3 -1.259999 5D5137 0.6
2.52 6.93 -1.26 705E44 0.6
-2.52 7.56 -1.26 B7AB96 0.6
0.6299999 7.56 -1.26 705E44 0.6
-1.192093E-07 10.08 -1.26 705E44 0.6
-0.6300002 7.56 -1.26 9F9373 0.6
-2.52 8.190001 -1.26 705E44 0.6
-4.410001 8.190001 -1.26 705E44 0.6
-0.6300002 8.190001 -1.26 817054 0.6
0.6299999 11.97 -1.26 817054 0.6
3.150001 8.820001 -1.260001 817054 0.6
3.780001 8.820001 -1.260001 817054 0.6
-2.52 8.820001 -1.26 705E44 0.6
-4.410001 8.820001 -1.26 705E44 0.6
-0.6300002 8.820001 -1.26 817054 0.6
3.150001 13.23 -1.260001 817054 0.6
3.780001 12.6 -1.260001 817054 0.6
-8.820002 9.450001 -1.259999 705E44 0.6
-2.52 9.450001 -1.26 705E44 0.6
-4.410001 9.450001 -1.26 705E44 0.6
-1.192093E-07 9.450001 -1.26 705E44 0.6
2.52 13.23 -1.26 817054 0.6
3.150001 9.450001 -1.260001 817054 0.6
4.410001 9.450001 -1.260001 705E44 0.6
-8.820002 10.08 -1.259999 705E44 0.6
-1.89 10.08 -1.26 705E44 0.6
-4.410001 10.08 -1.26 705E44 0.6
-1.192093E-07 10.71 -1.26 817054 0.6
4.410001 12.6 -1.260001 817054 0.6
4.410001 10.08 -1.260001 705E44 0.6
-8.820002 10.71 -1.259999 705E44 0.6
-1.89 10.71 -1.26 705E44 0.6
-4.410001 10.71 -1.26 705E44 0.6
3.780001 10.71 -1.260001 705E44 0.6
5.04 10.71 -1.260001 705E44 0.6
-1.89 11.34 -1.26 705E44 0.6
-4.410001 11.34 -1.26 817054 0.6
-1.192093E-07 11.34 -1.26 817054 0.6
1.89 11.34 -1.26 9F9373 0.6
3.780001 11.34 -1.260001 705E44 0.6
-7.560001 11.97 -1.259999 817054 0.6
-1.89 11.97 -1.26 705E44 0.6
-5.04 11.97 -1.26 817054 0.6
-4.410001 11.97 -1.26 948365 0.6
-1.192093E-07 11.97 -1.26 817054 0.6
3.780001 11.97 -1.260001 705E44 0.6
5.04 11.97 -1.260001 705E44 0.6
-1.192093E-07 12.6 -1.26 9F9373 0.6
-6.300001 12.6 -1.259999 9F9373 0.6
-5.670001 12.6 -1.26 9F9373 0.6
-3.780001 11.97 -1.26 9F9373 0.6
-3.150001 11.97 -1.26 9F9373 0.6
-2.52 11.97 -1.26 9F9373 0.6
-1.26 12.6 -1.26 9F9373 0.6
-0.6300002 12.6 -1.26 9F9373 0.6
0.6299999 12.6 -1.26 817054 0.6
3.150001 12.6 -1.260001 948365 0.6
4.410001 16.38 -1.260001 705E44 0.6
5.04 15.75 -1.260001 705E44 0.6
5.04 12.6 -1.260001 817054 0.6
1.89 13.23 -1.26 948365 0.6
1.26 13.23 -1.26 9F9373 0.6
3.780001 13.23 -1.260001 817054 0.6
5.04 13.23 -1.260001 817054 0.6
2.52 13.86 -1.26 948365 0.6
4.410001 13.86 -1.260001 817054 0.6
3.780001 13.86 -1.260001 817054 0.6
5.04 13.86 -1.260001 817054 0.6
5.670001 13.86 -1.260001 817054 0.6
3.150001 14.49 -1.260001 817054 0.6
3.780001 14.49 -1.260001 817054 0.6
4.410001 14.49 -1.260001 817054 0.6
5.04 14.49 -1.260001 817054 0.6
5.670001 14.49 -1.260001 817054 0.6
6.930001 14.49 -1.260001 CABEA9 0.6
3.780001 15.12 -1.260001 817054 0.6
4.410001 15.12 -1.260001 817054 0.6
5.04 15.12 -1.260001 817054 0.6
5.670001 17.01 -1.260001 C0B5A1 0.6
6.930001 15.12 -1.260001 817054 0.6
7.560001 15.12 -1.260001 817054 0.6
8.190001 15.12 -0.6300011 CABEA9 0.6
4.410001 15.75 -1.260001 817054 0.6
5.670001 15.75 -1.260001 817054 0.6
7.560001 15.75 -1.260001 817054 0.6
7.560001 16.38 -1.260001 817054 0.6
6.930001 16.38 -1.260001 817054 0.6
4.410001 17.01 -1.260001 705E44 0.6
5.04 17.01 -1.260001 948365 0.6
6.930001 17.01 -1.260001 9F9373 0.6
5.670001 17.64 -1.260001 705E44 0.6
6.300001 17.01 -1.260001 9F9373 0.6
-8.190001 8.190001 -1.889999 705E44 0.6
-7.560001 3.78 -1.889999 4F4229 0.6
-6.930001 0 -1.889999 121110 0.6
-6.300001 0 -1.889999 121110 0.6
-5.670001 5.67 -1.89 5D5137 0.6
-5.040001 6.93 -1.89 5D5137 0.6
-1.890001 6.93 -1.89 AA9F83 0.6
-1.26 6.93 -1.89 C0B5A1 0.6
-0.6300003 7.56 -1.89 C0B5A1 0.6
-2.384186E-07 7.56 -1.89 C0B5A1 0.6
0.6299998 7.56 -1.89 C0B5A1 0.6
1.26 0 -1.89 121110 0.6
1.89 0 -1.890001 121110 0.6
2.52 7.56 -1.890001 705E44 0.6
5.04 17.64 -1.890001 343434 0.6
-6.930001 0.63 -1.889999 42351D 0.6
-6.930001 1.89 -1.889999 42351D 0.6
-6.300001 5.04 -1.889999 5D5137 0.6
1.26 0.63 -1.89 42351D 0.6
-5.670001 0.63 -1.89 2C2B29 0.6
1.26 1.89 -1.89 42351D 0.6
1.89 0.63 -1.890001 2C2B29 0.6
-6.930001 1.26 -1.889999 42351D 0.6
1.26 1.26 -1.89 42351D 0.6
-6.300001 1.26 -1.889999 42351D 0.6
1.89 4.41 -1.890001 4F4229 0.6
1.89 1.26 -1.890001 42351D 0.6
-6.300001 1.89 -1.889999 42351D 0.6
1.26 4.41 -1.89 4F4229 0.6
1.89 1.89 -1.890001 42351D 0.6
-7.560001 2.52 -1.889999 4F4229 0.6
-6.930001 4.41 -1.889999 4F4229 0.6
1.26 2.52 -1.89 4F4229 0.6
-6.300001 2.52 -1.889999 4F4229 0.6
1.89 2.52 -1.890001 4F4229 0.6
-7.560001 3.15 -1.889999 4F4229 0.6
1.26 3.15 -1.89 4F4229 0.6
-6.930001 3.15 -1.889999 4F4229 0.6
1.89 3.15 -1.890001 4F4229 0.6
-7.560001 4.41 -1.889999 4F4229 0.6
1.26 3.78 -1.89 4F4229 0.6
-6.930001 3.78 -1.889999 4F4229 0.6
1.89 3.78 -1.890001 4F4229 0.6
-7.560001 5.04 -1.889999 5D5137 0.6
-7.560001 7.56 -1.889999 705E44 0.6
1.26 5.04 -1.89 5D5137 0.6
-6.930001 6.93 -1.889999 5D5137 0.6
1.26 6.93 -1.89 5D5137 0.6
1.89 6.93 -1.890001 5D5137 0.6
1.89 5.04 -1.890001 5D5137 0.6
-7.560001 5.67 -1.889999 5D5137 0.6
1.26 5.67 -1.89 5D5137 0.6
-6.300001 6.93 -1.889999 5D5137 0.6
1.89 5.67 -1.890001 5D5137 0.6
-7.560001 6.3 -1.889999 5D5137 0.6
1.26 6.3 -1.89 5D5137 0.6
-5.670001 6.93 -1.89 5D5137 0.6
-5.670001 6.3 -1.89 5D5137 0.6
1.89 6.3 -1.890001 5D5137 0.6
-6.930001 7.56 -1.889999 AA9F83 0.6
0.6299998 6.93 -1.89 705E44 0.6
-6.300001 7.56 -1.889999 AA9F83 0.6
-5.670001 7.56 -1.89 AA9F83 0.6
-5.040001 7.56 -1.89 AA9F83 0.6
1.26 8.190001 -1.89 C0B5A1 0.6
2.52 6.93 -1.890001 705E44 0.6
-7.560001 9.450001 -1.889999 817054 0.6
-2.52 7.56 -1.89 C0B5A1 0.6
-4.410001 7.56 -1.89 C0B5A1 0.6
-3.780001 7.56 -1.89 C0B5A1 0.6
-3.150001 7.56 -1.89 C0B5A1 0.6
-1.890001 7.56 -1.89 C0B5A1 0.6
-1.26 7.56 -1.89 9F9373 0.6
-7.560001 8.190001 -1.889999 817054 0.6
-2.52 8.190001 -1.89 817054 0.6
-5.040001 8.190001 -1.89 817054 0.6
-4.410001 8.190001 -1.89 817054 0.6
-3.780001 8.190001 -1.89 817054 0.6
-3.150001 8.190001 -1.89 817054 0.6
-1.890001 8.190001 -1.89 817054 0.6
0.6299998 8.190001 -1.89 705E44 0.6
-1.26 8.190001 -1.89 817054 0.6
-0.6300003 8.190001 -1.89 817054 0.6
-2.384186E-07 10.08 -1.89 705E44 0.6
1.89 8.190001 -1.890001 C0B5A1 0.6
2.52 8.190001 -1.890001 C0B5A1 0.6
3.15 8.190001 -1.890001 C0B5A1 0.6
-8.190001 8.820001 -1.889999 705E44 0.6
-7.560001 8.820001 -1.889999 817054 0.6
-2.52 8.820001 -1.89 817054 0.6
-5.670001 8.820001 -1.89 817054 0.6
-5.040001 8.820001 -1.89 817054 0.6
-4.410001 8.820001 -1.89 817054 0.6
-3.780001 8.820001 -1.89 817054 0.6
-3.150001 8.820001 -1.89 817054 0.6
-1.890001 8.820001 -1.89 817054 0.6
0.6299998 8.820001 -1.89 705E44 0.6
-1.26 8.820001 -1.89 817054 0.6
-0.6300003 8.820001 -1.89 817054 0.6
1.26 8.820001 -1.89 817054 0.6
1.89 8.820001 -1.890001 817054 0.6
2.52 8.820001 -1.890001 817054 0.6
3.15 8.820001 -1.890001 817054 0.6
3.78 8.820001 -1.890001 817054 0.6
-8.820002 9.450001 -1.889999 705E44 0.6
-1.890001 9.450001 -1.89 817054 0.6
-5.670001 9.450001 -1.89 817054 0.6
-5.040001 9.450001 -1.89 817054 0.6
-4.410001 9.450001 -1.89 817054 0.6
-3.780001 9.450001 -1.89 817054 0.6
-3.150001 9.450001 -1.89 817054 0.6
-2.52 9.450001 -1.89 817054 0.6
-2.384186E-07 9.450001 -1.89 705E44 0.6
-1.26 9.450001 -1.89 817054 0.6
-0.6300003 9.450001 -1.89 817054 0.6
1.26 9.450001 -1.89 817054 0.6
1.89 9.450001 -1.890001 817054 0.6
2.52 9.450001 -1.890001 817054 0.6
3.15 9.450001 -1.890001 817054 0.6
3.78 9.450001 -1.890001 817054 0.6
-8.820002 10.08 -1.889999 705E44 0.6
-7.560001 10.08 -1.889999 817054 0.6
-1.890001 10.08 -1.89 817054 0.6
-5.670001 10.08 -1.89 817054 0.6
-5.040001 10.08 -1.89 817054 0.6
-4.410001 10.08 -1.89 817054 0.6
-3.780001 10.08 -1.89 817054 0.6
-3.150001 10.08 -1.89 817054 0.6
-2.52 10.08 -1.89 817054 0.6
-1.26 10.08 -1.89 817054 0.6
-0.6300003 10.08 -1.89 817054 0.6
1.26 10.08 -1.89 817054 0.6
0.6299998 10.08 -1.89 817054 0.6
1.89 10.08 -1.890001 817054 0.6
2.52 10.08 -1.890001 817054 0.6
3.15 10.08 -1.890001 817054 0.6
3.78 10.08 -1.890001 817054 0.6
-8.820002 10.71 -1.889999 705E44 0.6
-7.560001 10.71 -1.889999 817054 0.6
-1.890001 10.71 -1.89 817054 0.6
-5.670001 10.71 -1.89 817054 0.6
-5.040001 10.71 -1.89 817054 0.6
-4.410001 10.71 -1.89 817054 0.6
-3.780001 10.71 -1.89 817054 0.6
-3.150001 10.71 -1.89 817054 0.6
-2.52 10.71 -1.89 817054 0.6
-2.384186E-07 10.71 -1.89 817054 0.6
-1.26 10.71 -1.89 817054 0.6
-0.6300003 10.71 -1.89 817054 0.6
1.26 10.71 -1.89 817054 0.6
0.6299998 10.71 -1.89 817054 0.6
1.89 10.71 -1.890001 817054 0.6
2.52 10.71 -1.890001 817054 0.6
3.15 10.71 -1.890001 817054 0.6
3.78 10.71 -1.890001 817054 0.6
4.410001 10.71 -1.260001 817054 0.6
-8.190001 11.34 -1.889999 817054 0.6
-7.560001 11.34 -1.889999 817054 0.6
-1.890001 11.34 -1.89 817054 0.6
-5.670001 11.34 -1.89 817054 0.6
-5.040001 11.34 -1.89 817054 0.6
-4.410001 11.34 -1.89 817054 0.6
-3.780001 11.34 -1.89 817054 0.6
-3.150001 11.34 -1.89 817054 0.6
-2.52 11.34 -1.89 817054 0.6
0.6299998 11.34 -1.89 817054 0.6
-1.26 11.34 -1.89 817054 0.6
-0.6300003 11.34 -1.89 817054 0.6
-2.384186E-07 11.34 -1.89 817054 0.6
1.26 11.34 -1.89 817054 0.6
1.89 11.34 -1.890001 9F9373 0.6
2.52 11.34 -1.890001 817054 0.6
3.15 11.34 -1.890001 817054 0.6
3.78 11.34 -1.890001 817054 0.6
4.410001 11.34 -1.260001 817054 0.6
-7.560001 11.97 -1.889999 817054 0.6
-1.890001 11.97 -1.89 705E44 0.6
-5.670001 11.97 -1.89 817054 0.6
-5.040001 11.97 -1.89 817054 0.6
-4.410001 11.97 -1.89 817054 0.6
-3.780001 11.97 -1.89 817054 0.6
-3.150001 11.97 -1.89 817054 0.6
-2.52 11.97 -1.89 817054 0.6
-1.26 11.97 -1.89 817054 0.6
-0.6300003 11.97 -1.89 817054 0.6
0.6299998 11.97 -1.89 817054 0.6
1.26 11.97 -1.89 817054 0.6
1.89 11.97 -1.890001 817054 0.6
2.52 11.97 -1.890001 817054 0.6
3.15 11.97 -1.890001 817054 0.6
4.410001 11.97 -1.260001 817054 0.6
-6.930001 11.97 -1.889999 9F9373 0.6
-6.300001 12.6 -1.889999 9F9373 0.6
-5.670001 12.6 -1.89 9F9373 0.6
-1.26 12.6 -1.89 9F9373 0.6
-0.6300003 12.6 -1.89 9F9373 0.6
-2.384186E-07 12.6 -1.89 817054 0.6
0.6299998 12.6 -1.89 817054 0.6
1.26 12.6 -1.89 817054 0.6
1.89 12.6 -1.890001 817054 0.6
2.52 12.6 -1.890001 817054 0.6
3.15 12.6 -1.890001 817054 0.6
4.410001 13.23 -1.260001 817054 0.6
3.150001 13.86 -1.260001 817054 0.6
6.300001 15.12 -1.260001 817054 0.6
6.300001 15.75 -1.260001 817054 0.6
5.670001 16.38 -1.260001 817054 0.6
6.300001 16.38 -1.260001 000000 0.6
4.410001 17.64 -1.890001 705E44 0.6
5.04 18.27 -1.890001 9F9373 0.6
-8.190001 8.190001 -2.52 705E44 0.6
-7.560001 7.56 -2.52 705E44 0.6
-6.930001 6.93 -2.52 5D5137 0.6
-6.300001 0 -2.52 121110 0.6
-5.670001 6.93 -2.52 5D5137 0.6
-5.040001 6.93 -2.52 5D5137 0.6
-2.384186E-07 10.08 -2.52 705E44 0.6
0.6299998 7.56 -2.52 705E44 0.6
1.26 7.56 -2.52 817054 0.6
1.89 7.56 -2.52 817054 0.6
2.52 7.56 -2.52 817054 0.6
-6.930001 0.63 -2.52 4F4229 0.6
-6.300001 6.93 -2.52 5D5137 0.6
-6.300001 0.63 -2.52 393937 0.6
1.26 0.63 -2.52 4F4229 0.6
1.89 0.63 -2.52 393937 0.6
-6.930001 1.26 -2.52 4F4229 0.6
-6.930001 1.89 -2.52 4F4229 0.6
-6.930001 2.52 -2.52 5D5137 0.6
1.26 2.52 -2.52 5D5137 0.6
-6.930001 3.15 -2.52 5D5137 0.6
1.26 3.15 -2.52 5D5137 0.6
-7.560001 3.78 -2.52 5D5137 0.6
-6.930001 3.78 -2.52 5D5137 0.6
1.26 3.78 -2.52 5D5137 0.6
-7.560001 4.41 -2.52 5D5137 0.6
-6.930001 4.41 -2.52 5D5137 0.6
1.26 4.41 -2.52 5D5137 0.6
-7.560001 5.04 -2.52 705E44 0.6
-6.930001 5.04 -2.52 705E44 0.6
1.26 5.04 -2.52 705E44 0.6
1.89 5.04 -2.52 705E44 0.6
-7.560001 5.67 -2.52 705E44 0.6
-6.930001 5.67 -2.52 705E44 0.6
-6.300001 5.67 -2.52 705E44 0.6
1.26 5.67 -2.52 705E44 0.6
1.89 5.67 -2.52 705E44 0.6
-6.930001 6.3 -2.52 705E44 0.6
-6.300001 6.3 -2.52 705E44 0.6
-5.670001 6.3 -2.52 705E44 0.6
1.26 6.3 -2.52 705E44 0.6
1.89 6.3 -2.52 705E44 0.6
1.26 6.93 -2.52 817054 0.6
1.89 6.93 -2.52 817054 0.6
-4.410001 7.56 -2.52 705E44 0.6
0.6299998 8.190001 -2.52 705E44 0.6
-6.930001 8.190001 -1.889999 817054 0.6
-6.300001 8.190001 -1.889999 817054 0.6
-5.670001 8.190001 -1.89 817054 0.6
-4.410001 8.190001 -2.52 705E44 0.6
-2.384186E-07 8.190001 -1.89 817054 0.6
2.52 8.190001 -2.52 705E44 0.6
-8.190001 8.820001 -2.52 705E44 0.6
0.6299998 8.820001 -2.52 705E44 0.6
-6.930001 8.820001 -1.889999 817054 0.6
-6.300001 8.820001 -1.889999 817054 0.6
-4.410001 8.820001 -2.52 705E44 0.6
-2.384186E-07 8.820001 -1.89 817054 0.6
3.15 8.820001 -2.520001 705E44 0.6
-8.820002 9.450001 -2.52 705E44 0.6
-2.384186E-07 9.450001 -2.52 705E44 0.6
-6.930001 9.450001 -1.889999 817054 0.6
-6.300001 9.450001 -1.889999 817054 0.6
-4.410001 9.450001 -2.52 705E44 0.6
0.6299998 9.450001 -1.89 817054 0.6
3.15 9.450001 -2.520001 817054 0.6
-8.820002 10.08 -2.52 705E44 0.6
-6.930001 10.08 -1.889999 817054 0.6
-6.300001 10.08 -1.889999 817054 0.6
-4.410001 10.08 -2.52 705E44 0.6
2.52 10.08 -2.52 948365 0.6
-8.820002 10.71 -2.52 705E44 0.6
-6.930001 10.71 -1.889999 817054 0.6
-6.300001 10.71 -1.889999 817054 0.6
-4.410001 10.71 -2.52 705E44 0.6
0.6299998 10.71 -2.52 948365 0.6
1.26 10.08 -2.52 948365 0.6
1.26 10.71 -2.52 948365 0.6
1.89 10.08 -2.52 948365 0.6
1.89 10.71 -2.52 948365 0.6
2.52 10.71 -2.52 948365 0.6
-8.190001 10.71 -2.52 948365 0.6
-8.190001 11.34 -2.52 948365 0.6
-7.560001 10.71 -2.52 948365 0.6
-7.560001 11.34 -2.52 948365 0.6
-6.930001 10.71 -2.52 948365 0.6
-6.930001 11.34 -2.52 948365 0.6
-6.300001 10.71 -2.52 948365 0.6
-6.300001 11.34 -2.52 948365 0.6
-5.670001 10.71 -2.52 948365 0.6
-5.670001 11.34 -2.52 948365 0.6
-5.040001 10.71 -2.52 948365 0.6
-5.040001 11.34 -2.52 948365 0.6
0.6299998 11.34 -2.52 948365 0.6
1.26 11.34 -2.52 948365 0.6
-6.930001 11.97 -2.52 948365 0.6
-6.300001 11.97 -2.52 948365 0.6
-5.670001 11.97 -2.52 948365 0.6
-2.384186E-07 11.97 -1.89 817054 0.6
-6.930001 7.56 -2.52 817054 0.6
-6.300001 7.56 -2.52 817054 0.6
-5.670001 7.56 -2.52 817054 0.6
-5.040001 7.56 -2.52 817054 0.6
-7.560001 8.190001 -2.52 817054 0.6
-6.930001 8.190001 -2.52 817054 0.6
-6.300001 8.190001 -2.52 817054 0.6
-5.670001 8.190001 -2.52 817054 0.6
-5.040001 8.190001 -2.52 817054 0.6
1.26 8.190001 -2.52 817054 0.6
1.89 8.190001 -2.52 817054 0.6
-7.560001 8.820001 -2.52 817054 0.6
-6.930001 8.820001 -2.52 817054 0.6
-6.300001 8.820001 -2.52 817054 0.6
-5.670001 8.820001 -2.52 817054 0.6
-5.040001 8.820001 -2.52 817054 0.6
1.26 8.820001 -2.52 817054 0.6
1.89 8.820001 -2.52 817054 0.6
2.52 8.820001 -2.52 817054 0.6
-8.190001 9.450001 -2.52 817054 0.6
-7.560001 9.450001 -2.52 817054 0.6
-6.930001 9.450001 -2.52 817054 0.6
-6.300001 9.450001 -2.52 817054 0.6
-5.670001 9.450001 -2.52 817054 0.6
-5.040001 9.450001 -2.52 817054 0.6
0.6299998 9.450001 -2.52 817054 0.6
1.26 9.450001 -2.52 817054 0.6
1.89 9.450001 -2.52 948365 0.6
2.52 9.450001 -2.52 948365 0.6
-8.190001 10.08 -2.52 817054 0.6
-7.560001 10.08 -2.52 817054 0.6
-6.930001 10.08 -2.52 817054 0.6
-6.300001 10.08 -2.52 817054 0.6
-5.670001 10.08 -2.52 817054 0.6
-5.040001 10.08 -2.52 817054 0.6
0.6299998 10.08 -2.52 948365 0.6
