-3.78 0.15 3.150001 312B21 0.6
-3.15 0.15 3.150001 312B21 0.6
-2.52 0.15 3.150001 312B21 0.6
-1.89 0.15 3.150001 312B21 0.6
-3.78 0.78 2.520001 312B21 0.6
-3.15 0.78 2.520001 312B21 0.6
-2.52 0.78 2.52 312B21 0.6
2.52 0.78 2.52 312B21 0.6
3.150001 0.78 2.52 312B21 0.6
-3.78 1.41 2.520001 3F392B 0.6
-3.15 1.41 2.520001 3F392B 0.6
2.520001 1.41 3.15 3F392B 0.6
3.150001 1.41 3.15 3F392B 0.6
-3.78 2.04 2.520001 3F392B 0.6
-3.15 2.04 2.520001 3F392B 0.6
2.520001 2.04 3.15 3F392B 0.6
3.150001 2.04 3.15 3F392B 0.6
-3.78 2.67 3.150001 3F392B 0.6
-3.15 2.67 3.150001 3F392B 0.6
-1.89 2.67 1.890001 4F4839 0.6
-1.26 2.67 2.52 4F4839 0.6
-0.6299998 2.67 2.52 4F4839 0.6
2.384186E-07 2.67 2.52 4F4839 0.6
0.6300003 2.67 2.52 4F4839 0.6
1.26 2.67 2.52 4F4839 0.6
1.890001 2.67 3.150001 3F392B 0.6
2.520001 2.67 3.15 3F392B 0.6
3.150001 2.67 3.15 3F392B 0.6
-3.78 3.3 2.520001 3F392B 0.6
-3.15 3.3 2.520001 3F392B 0.6
-2.52 3.3 2.52 3F392B 0.6
-1.89 3.3 2.52 3F392B 0.6
-1.26 3.3 2.52 4F4839 0.6
-0.6299998 3.3 2.52 4F4839 0.6
2.384186E-07 3.3 2.52 4F4839 0.6
0.6300003 3.3 2.52 4F4839 0.6
1.26 3.3 2.52 4F4839 0.6
1.890001 3.3 3.150001 3F392B 0.6
2.520001 3.3 3.15 3F392B 0.6
3.150001 3.3 3.15 3F392B 0.6
-4.41 3.93 3.150001 3F392B 0.6
-3.78 3.93 3.150001 3F392B 0.6
-3.15 3.93 3.150001 3F392B 0.6
-2.52 3.93 3.150001 3F392B 0.6
-1.89 3.93 3.150001 3F392B 0.6
-1.26 3.93 3.150001 3F392B 0.6
-0.6299998 3.93 2.52 4F4839 0.6
2.384186E-07 3.93 2.52 4F4839 0.6
0.6300003 3.93 2.52 4F4839 0.6
1.26 3.93 2.52 4F4839 0.6
1.890001 3.93 3.150001 3F392B 0.6
2.520001 3.93 3.15 3F392B 0.6
3.150001 3.93 3.15 3F392B 0.6
3.780001 3.93 2.52 4F4839 0.6
4.410001 3.93 1.89 4F4839 0.6
-4.41 4.56 3.150001 3F392B 0.6
-3.78 4.56 3.150001 3F392B 0.6
-3.15 4.56 3.150001 3F392B 0.6
-2.52 4.56 3.150001 3F392B 0.6
-1.89 4.56 3.150001 3F392B 0.6
-1.26 4.56 3.150001 3F392B 0.6
-0.6299998 4.56 2.52 4F4839 0.6
2.384186E-07 4.56 2.52 4F4839 0.6
0.6300003 4.56 2.52 4F4839 0.6
1.26 4.56 2.52 4F4839 0.6
1.890001 4.56 3.150001 3F392B 0.6
2.520001 4.56 3.15 3F392B 0.6
3.150001 4.56 3.15 3F392B 0.6
3.780001 4.56 3.15 3F392B 0.6
4.410001 4.56 1.89 4F4839 0.6
-5.04 5.19 1.260001 3F392B 0.6
-4.41 5.19 3.150001 3F392B 0.6
-3.78 5.19 3.150001 3F392B 0.6
-3.15 5.19 3.150001 3F392B 0.6
-2.52 5.19 3.150001 3F392B 0.6
-1.89 5.19 3.150001 4F4839 0.6
-1.26 5.19 2.52 4F4839 0.6
-0.6299998 5.19 2.52 4F4839 0.6
2.384186E-07 5.19 2.52 4F4839 0.6
0.6300003 5.19 2.52 4F4839 0.6
1.26 5.19 2.52 4F4839 0.6
1.890001 5.19 3.150001 4F4839 0.6
2.520001 5.19 3.15 4F4839 0.6
3.150001 5.19 3.15 4F4839 0.6
3.780001 5.19 3.15 4F4839 0.6
4.410001 5.19 1.89 4F4839 0.6
5.040001 5.19 1.89 4F4839 0.6
-5.670001 5.82 1.260001 3F392B 0.6
-5.04 5.82 1.260001 3F392B 0.6
-4.41 5.82 3.150001 3F392B 0.6
-3.78 5.82 3.150001 4F4839 0.6
-3.15 5.82 2.520001 4F4839 0.6
-2.52 5.82 2.52 4F4839 0.6
-1.89 5.82 2.52 4F4839 0.6
-1.26 5.82 2.52 4F4839 0.6
-0.6299998 5.82 2.52 4F4839 0.6
2.384186E-07 5.82 2.52 4F4839 0.6
0.6300003 5.82 2.52 4F4839 0.6
1.26 5.82 2.52 4F4839 0.6
1.890001 5.82 2.52 4F4839 0.6
2.520001 5.82 3.15 4F4839 0.6
3.150001 5.82 3.15 4F4839 0.6
3.780001 5.82 1.89 4F4839 0.6
4.410001 5.82 1.89 4F4839 0.6
5.040001 5.82 1.89 4F4839 0.6
5.670001 5.82 1.89 4F4839 0.6
6.300001 5.82 1.259999 3F392B 0.6
7.560001 5.82 0.6299992 3F392B 0.6
8.190001 5.82 0.6299992 3F392B 0.6
-6.300001 6.45 1.260001 3F392B 0.6
-5.670001 6.45 1.260001 3F392B 0.6
-5.04 6.45 1.260001 3F392B 0.6
-4.410001 6.45 1.890001 4F4839 0.6
-3.78 6.45 2.520001 4F4839 0.6
-3.15 6.45 2.520001 4F4839 0.6
-2.52 6.45 2.52 4F4839 0.6
-1.89 6.45 1.890001 4F4839 0.6
-1.26 6.45 2.52 4F4839 0.6
-0.6299998 6.45 2.52 4F4839 0.6
2.384186E-07 6.45 2.52 4F4839 0.6
0.6300003 6.45 2.52 4F4839 0.6
1.26 6.45 2.52 4F4839 0.6
1.890001 6.45 2.52 4F4839 0.6
2.52 6.45 2.52 4F4839 0.6
3.150001 6.45 2.52 4F4839 0.6
3.780001 6.45 1.89 4F4839 0.6
4.410001 6.45 1.89 4F4839 0.6
5.040001 6.45 1.89 4F4839 0.6
5.670001 6.45 1.89 4F4839 0.6
6.300001 6.45 1.889999 4F4839 0.6
6.930001 6.45 1.259999 3F392B 0.6
7.560001 6.45 0.6299992 3F392B 0.6
8.190001 6.45 0.6299992 4F4839 0.6
8.820002 6.45 0.6299992 4F4839 0.6
9.450002 6.45 0.6299992 232423 0.6
-6.930001 7.08 1.260001 3F392B 0.6
-6.300001 7.08 1.260001 3F392B 0.6
-5.670001 7.08 1.260001 3F392B 0.6
-5.04 7.08 1.260001 3F392B 0.6
-4.410001 7.08 1.260001 3F392B 0.6
-3.78 7.08 1.890001 4F4839 0.6
-3.15 7.08 1.890001 4F4839 0.6
-2.52 7.08 1.890001 4F4839 0.6
-1.89 7.08 1.890001 4F4839 0.6
-1.26 7.08 2.52 4F4839 0.6
-0.6299998 7.08 2.52 4F4839 0.6
2.384186E-07 7.08 2.52 4F4839 0.6
0.6300003 7.08 2.52 4F4839 0.6
1.26 7.08 2.52 9C9894 0.6
1.890001 7.08 2.52 4F4839 0.6
2.52 7.08 2.52 4F4839 0.6
3.150001 7.08 1.89 4F4839 0.6
3.780001 7.08 1.89 4F4839 0.6
4.410001 7.08 1.26 4F4839 0.6
5.040001 7.08 1.89 4F4839 0.6
5.670001 7.08 1.89 4F4839 0.6
6.300001 7.08 1.889999 4F4839 0.6
6.930001 7.08 1.259999 4F4839 0.6
7.560001 7.08 1.259999 3F392B 0.6
8.190001 7.08 0.6299992 4F4839 0.6
-7.560001 7.710001 1.260001 3F392B 0.6
-6.930001 7.710001 1.260001 3F392B 0.6
-6.300001 7.710001 1.260001 3F392B 0.6
-5.670001 7.710001 1.260001 3F392B 0.6
-5.04 7.710001 1.260001 3F392B 0.6
-4.410001 7.710001 1.260001 8C8984 0.6
-3.780001 7.710001 1.260001 8C8984 0.6
-3.15 7.710001 1.890001 4F4839 0.6
-2.52 7.710001 1.890001 9C9894 0.6
-1.89 7.710001 1.890001 9C9894 0.6
-1.26 7.710001 2.52 9C9894 0.6
-0.6299998 7.710001 2.52 9C9894 0.6
2.384186E-07 7.710001 2.52 9C9894 0.6
0.6300003 7.710001 2.52 9C9894 0.6
1.26 7.710001 2.52 9C9894 0.6
1.890001 7.710001 2.52 9C9894 0.6
3.780001 7.710001 1.26 4F4839 0.6
4.410001 7.710001 1.89 4F4839 0.6
5.040001 7.710001 1.89 4F4839 0.6
5.670001 7.710001 1.89 4F4839 0.6
6.300001 7.710001 1.889999 4F4839 0.6
6.930001 7.710001 1.259999 4F4839 0.6
7.560001 7.710001 1.259999 000000 0.6
8.190001 7.710001 0.6299992 3F392B 0.6
-7.560001 8.34 1.260001 3F392B 0.6
-6.930001 8.34 1.260001 3F392B 0.6
-6.300001 8.34 1.260001 3F392B 0.6
-5.670001 8.34 1.260001 3F392B 0.6
-5.04 8.34 1.260001 8C8984 0.6
-4.410001 8.34 1.260001 8C8984 0.6
-1.89 8.34 1.890001 9C9894 0.6
-1.26 8.34 2.52 9C9894 0.6
-0.6299998 8.34 2.52 9C9894 0.6
2.384186E-07 8.34 2.52 9C9894 0.6
0.6300003 8.34 2.52 9C9894 0.6
4.410001 8.34 1.89 4F4839 0.6
5.040001 8.34 1.89 4F4839 0.6
5.670001 8.34 1.89 4F4839 0.6
6.300001 8.34 1.889999 4F4839 0.6
6.930001 8.34 1.259999 4F4839 0.6
7.560001 8.34 1.259999 4F4839 0.6
-7.560001 8.97 1.260001 3F392B 0.6
-6.930001 8.97 1.260001 3F392B 0.6
-6.300001 8.97 1.260001 3F392B 0.6
-5.670001 8.97 1.260001 3F392B 0.6
-5.04 8.97 1.260001 8C8984 0.6
-4.410001 8.97 1.260001 8C8984 0.6
5.040001 8.97 1.89 4F4839 0.6
5.670001 8.97 2.52 3F392B 0.6
6.300001 8.97 2.52 312B21 0.6
6.930001 8.97 1.259999 4F4839 0.6
-7.560001 9.6 1.260001 3F392B 0.6
-6.930001 9.6 1.260001 3F392B 0.6
-6.300001 9.6 1.260001 3F392B 0.6
-5.670001 9.6 1.260001 3F392B 0.6
-5.04 9.6 1.260001 8C8984 0.6
-4.410001 9.6 1.260001 8C8984 0.6
-3.780001 9.6 1.260001 8C8984 0.6
5.670001 9.6 1.89 4F4839 0.6
-7.560001 10.23 1.260001 3F392B 0.6
-6.930001 10.23 1.260001 3F392B 0.6
-6.300001 10.23 1.260001 3F392B 0.6
-5.670001 10.23 1.260001 3F392B 0.6
-5.04 10.23 1.260001 3F392B 0.6
-4.410001 10.23 1.260001 8C8984 0.6
-3.78 10.23 1.890001 8C8984 0.6
-3.15 10.23 1.890001 8C8984 0.6
-2.52 10.23 1.890001 8C8984 0.6
-1.89 10.23 1.890001 8C8984 0.6
-1.26 10.23 1.89 8C8984 0.6
-0.6299998 10.23 1.89 8C8984 0.6
-7.560001 10.86 1.260001 3F392B 0.6
-6.930001 10.86 1.260001 3F392B 0.6
-6.300001 10.86 1.260001 3F392B 0.6
-5.670001 10.86 1.260001 3F392B 0.6
-5.04 10.86 1.260001 3F392B 0.6
-4.410001 10.86 1.890001 3F392B 0.6
-3.78 10.86 1.890001 8C8984 0.6
-3.15 10.86 1.890001 8C8984 0.6
-2.52 10.86 1.890001 8C8984 0.6
-1.89 10.86 1.890001 8C8984 0.6
-1.26 10.86 1.89 8C8984 0.6
-0.6299998 10.86 1.89 8C8984 0.6
2.384186E-07 10.86 1.89 8C8984 0.6
0.6300003 10.86 1.89 8C8984 0.6
-6.930001 11.49 1.260001 3F392B 0.6
-6.300001 11.49 1.260001 3F392B 0.6
-5.670001 11.49 1.260001 3F392B 0.6
-5.04 11.49 1.890001 3F392B 0.6
-4.410001 11.49 1.890001 3F392B 0.6
-3.78 11.49 1.890001 3F392B 0.6
-3.15 11.49 1.890001 3F392B 0.6
-2.52 11.49 1.890001 3F392B 0.6
-1.89 11.49 1.890001 3F392B 0.6
-1.26 11.49 1.89 3F392B 0.6
-0.6299998 11.49 1.89 3F392B 0.6
2.384186E-07 11.49 1.89 8C8984 0.6
0.6300003 11.49 1.89 8C8984 0.6
1.26 11.49 1.89 8C8984 0.6
-6.930001 12.12 1.260001 3F392B 0.6
-6.300001 12.12 1.260001 3F392B 0.6
-5.67 12.12 1.890001 3F392B 0.6
-5.04 12.12 1.890001 3F392B 0.6
-4.410001 12.12 1.890001 3F392B 0.6
-3.78 12.12 1.890001 3F392B 0.6
-3.15 12.12 1.890001 3F392B 0.6
-2.52 12.12 1.890001 3F392B 0.6
-1.89 12.12 1.890001 3F392B 0.6
-1.26 12.12 1.89 3F392B 0.6
-0.6299998 12.12 1.89 3F392B 0.6
2.384186E-07 12.12 1.89 3F392B 0.6
0.6300003 12.12 1.89 3F392B 0.6
1.26 12.12 1.89 8C8984 0.6
1.89 12.12 1.26 8C8984 0.6
-6.300001 12.75 1.890001 3F392B 0.6
-5.67 12.75 1.890001 3F392B 0.6
-5.04 12.75 1.890001 3F392B 0.6
-4.410001 12.75 1.890001 3F392B 0.6
-3.78 12.75 1.890001 3F392B 0.6
-3.15 12.75 1.890001 3F392B 0.6
-2.52 12.75 1.890001 3F392B 0.6
-1.89 12.75 1.890001 3F392B 0.6
-1.26 12.75 1.89 3F392B 0.6
-0.6299998 12.75 1.89 3F392B 0.6
2.384186E-07 12.75 1.89 3F392B 0.6
0.6300003 12.75 1.89 3F392B 0.6
1.26 12.75 1.26 3F392B 0.6
1.89 12.75 1.26 8C8984 0.6
2.52 12.75 1.26 8C8984 0.6
3.150001 12.75 1.26 8C8984 0.6
-5.67 13.38 1.890001 3F392B 0.6
-5.04 13.38 1.890001 3F392B 0.6
-4.410001 13.38 1.890001 3F392B 0.6
-3.78 13.38 1.890001 3F392B 0.6
-3.15 13.38 1.890001 3F392B 0.6
-2.52 13.38 1.890001 3F392B 0.6
-1.89 13.38 1.890001 3F392B 0.6
-1.26 13.38 1.89 3F392B 0.6
-0.6299998 13.38 1.89 3F392B 0.6
2.384186E-07 13.38 1.89 3F392B 0.6
0.6300002 13.38 1.26 3F392B 0.6
1.26 13.38 1.26 3F392B 0.6
1.89 13.38 1.26 3F392B 0.6
2.52 13.38 1.26 3F392B 0.6
3.150001 13.38 0.6299996 8C8984 0.6
-3.78 14.01 1.890001 3F392B 0.6
-3.15 14.01 1.890001 3F392B 0.6
-2.52 14.01 1.890001 3F392B 0.6
-1.89 14.01 1.890001 3F392B 0.6
-1.26 14.01 1.89 3F392B 0.6
-0.6299998 14.01 1.89 3F392B 0.6
2.384186E-07 14.01 1.89 3F392B 0.6
0.6300002 14.01 1.26 3F392B 0.6
1.26 14.01 1.26 3F392B 0.6
1.89 14.01 1.26 3F392B 0.6
2.52 14.01 0.6299999 3F392B 0.6
3.150001 14.01 0.6299996 3F392B 0.6
0.6300002 14.64 1.26 3F392B 0.6
1.26 14.64 1.26 3F392B 0.6
1.89 14.64 0.6299999 3F392B 0.6
2.52 14.64 0.6299999 3F392B 0.6
3.780001 3.93 3.15 312B21 0.6
1.260001 3.93 3.150001 312B21 0.6
1.890001 3.93 2.52 4F4839 0.6
2.52 3.93 2.52 4F4839 0.6
3.150001 3.93 2.52 4F4839 0.6
1.260001 4.56 3.150001 312B21 0.6
1.890001 4.56 2.52 4F4839 0.6
2.52 4.56 2.52 4F4839 0.6
3.150001 4.56 2.52 4F4839 0.6
3.780001 4.56 2.52 4F4839 0.6
3.780001 5.19 2.52 4F4839 0.6
-4.410001 2.67 2.520001 211D16 0.6
-3.78 0.15 2.520001 080805 0.6
-3.15 0.15 2.520001 080805 0.6
-2.52 0.15 2.52 080805 0.6
-1.89 0.15 2.52 080805 0.6
-1.26 3.93 2.52 312B21 0.6
1.890001 2.67 2.52 312B21 0.6
2.52 0.15 2.52 080805 0.6
3.150001 0.15 2.52 080805 0.6
3.780001 0.15 2.52 080805 0.6
4.410001 0.15 2.52 080805 0.6
-3.780001 0.15 -1.26 312B21 0.6
-3.150001 0.15 -1.26 312B21 0.6
-2.52 0.15 -1.26 312B21 0.6
-1.89 0.15 -1.26 312B21 0.6
-3.780001 0.78 -1.89 312B21 0.6
-3.150001 0.78 -1.89 312B21 0.6
-2.52 2.67 2.52 312B21 0.6
-2.52 0.78 -1.26 312B21 0.6
-1.89 0.78 2.52 211D16 0.6
2.52 0.78 -1.890001 312B21 0.6
3.15 0.78 -1.890001 312B21 0.6
3.780001 0.78 2.52 211D16 0.6
-3.78 2.67 2.520001 211D16 0.6
-3.780001 1.41 -1.26 3F392B 0.6
1.890001 1.41 2.52 312B21 0.6
-3.15 2.67 2.520001 211D16 0.6
-3.150001 1.41 -1.26 3F392B 0.6
-2.52 1.41 2.52 312B21 0.6
2.52 2.04 2.52 211D16 0.6
2.52 1.41 -1.890001 3F392B 0.6
3.150001 2.67 2.52 211D16 0.6
3.15 1.41 -1.890001 3F392B 0.6
3.150001 1.41 2.52 312B21 0.6
-4.410001 2.04 2.520001 312B21 0.6
-3.780001 2.04 -1.26 3F392B 0.6
1.890001 2.04 2.52 312B21 0.6
-3.150001 2.04 -1.26 3F392B 0.6
-2.52 2.04 2.52 312B21 0.6
2.52 2.04 -1.890001 3F392B 0.6
3.15 2.04 -1.890001 3F392B 0.6
3.150001 2.04 2.52 312B21 0.6
-4.410001 3.93 2.520001 312B21 0.6
-3.780001 2.67 -1.26 3F392B 0.6
-3.150001 2.67 -1.26 3F392B 0.6
1.890001 3.3 2.52 211D16 0.6
1.89 2.67 -1.890001 3F392B 0.6
2.52 3.3 2.52 211D16 0.6
2.52 2.67 2.52 4F4839 0.6
2.52 2.67 -1.890001 3F392B 0.6
3.150001 3.3 2.52 211D16 0.6
3.15 2.67 -1.890001 3F392B 0.6
-4.410001 3.3 2.520001 312B21 0.6
-3.78 3.3 1.890001 4F4839 0.6
-3.15 3.3 1.890001 4F4839 0.6
-2.52 3.3 1.890001 4F4839 0.6
-1.89 3.93 2.52 211D16 0.6
-1.89 3.3 1.890001 4F4839 0.6
1.26 3.3 1.89 4F4839 0.6
-4.410001 3.93 1.890001 4F4839 0.6
-3.78 3.93 2.520001 3F392B 0.6
-3.78 3.93 1.890001 4F4839 0.6
-3.15 3.93 2.520001 3F392B 0.6
-3.15 3.93 1.890001 4F4839 0.6
-2.52 3.93 2.52 3F392B 0.6
-2.52 3.93 1.890001 4F4839 0.6
-1.89 3.93 1.890001 4F4839 0.6
-4.410001 4.56 2.520001 312B21 0.6
-4.410001 4.56 1.890001 4F4839 0.6
-3.78 4.56 1.890001 4F4839 0.6
-3.15 4.56 1.890001 4F4839 0.6
-2.52 4.56 1.890001 4F4839 0.6
-1.89 4.56 1.890001 4F4839 0.6
-1.26 4.56 2.52 4F4839 0.6
-4.410001 5.19 2.520001 312B21 0.6
-4.410001 5.19 1.890001 4F4839 0.6
-3.78 5.19 1.890001 4F4839 0.6
-3.15 5.19 1.890001 4F4839 0.6
-2.52 5.19 1.890001 4F4839 0.6
-1.89 5.19 1.890001 4F4839 0.6
1.890001 5.19 2.52 3F392B 0.6
2.52 5.19 2.52 4F4839 0.6
3.150001 5.19 2.52 4F4839 0.6
-4.410001 5.82 2.520001 312B21 0.6
-4.410001 5.82 1.890001 4F4839 0.6
-3.78 5.82 1.890001 4F4839 0.6
-3.15 5.82 1.890001 4F4839 0.6
-2.52 5.82 1.890001 4F4839 0.6
-1.89 5.82 1.890001 4F4839 0.6
2.52 5.82 2.52 4F4839 0.6
3.150001 5.82 2.52 4F4839 0.6
3.780001 5.82 2.52 3F392B 0.6
-4.410001 6.45 2.520001 3F392B 0.6
-3.78 6.45 1.890001 4F4839 0.6
-3.15 6.45 1.890001 4F4839 0.6
-1.89 6.45 2.52 4F4839 0.6
0.6300003 7.710001 1.89 9C9894 0.6
6.300001 9.6 2.52 60594A 0.6
-4.410001 2.67 1.890001 211D16 0.6
-3.78 0.15 1.890001 080805 0.6
-3.15 0.15 1.890001 080805 0.6
-2.52 0.15 1.890001 080805 0.6
-1.89 0.15 1.890001 080805 0.6
-1.26 2.67 1.89 312B21 0.6
-0.6299998 2.67 1.89 312B21 0.6
2.384186E-07 2.67 1.89 312B21 0.6
0.6300003 2.67 1.89 312B21 0.6
1.26 2.67 1.89 312B21 0.6
1.890001 2.67 1.89 312B21 0.6
2.52 0.15 1.89 080805 0.6
3.150001 0.15 1.89 080805 0.6
3.780001 0.15 1.89 080805 0.6
4.410001 0.15 1.89 080805 0.6
6.300001 8.97 1.889999 3F392B 0.6
-3.78 0.78 1.890001 211D16 0.6
2.52 0.78 1.89 211D16 0.6
-3.15 0.78 1.890001 211D16 0.6
-2.52 2.67 1.890001 312B21 0.6
-2.52 0.78 1.890001 211D16 0.6
-1.89 0.78 1.890001 211D16 0.6
3.150001 0.78 1.89 211D16 0.6
3.780001 3.3 1.89 3F392B 0.6
3.780001 0.78 1.89 211D16 0.6
-3.78 1.41 1.890001 312B21 0.6
-3.78 2.67 1.890001 211D16 0.6
1.890001 1.41 1.89 312B21 0.6
-3.15 2.67 1.890001 211D16 0.6
-2.52 1.41 1.890001 312B21 0.6
2.52 2.04 1.89 211D16 0.6
3.150001 2.67 1.89 211D16 0.6
3.150001 1.41 1.89 312B21 0.6
-4.410001 2.04 1.890001 312B21 0.6
1.890001 2.04 1.89 312B21 0.6
-2.52 2.04 1.890001 312B21 0.6
3.150001 2.04 1.89 312B21 0.6
-4.410001 3.3 1.890001 312B21 0.6
-1.26 3.93 1.89 312B21 0.6
-0.6299998 4.56 1.89 312B21 0.6
2.384186E-07 10.23 1.89 9C9894 0.6
0.6300003 7.08 1.89 8C8984 0.6
2.52 2.67 1.89 312B21 0.6
-3.780001 3.3 -1.26 3F392B 0.6
-3.150001 3.3 -1.26 3F392B 0.6
-2.52 3.3 -1.26 3F392B 0.6
1.890001 3.3 1.89 312B21 0.6
1.89 3.3 -1.890001 3F392B 0.6
2.52 3.3 1.89 211D16 0.6
2.52 3.3 -1.890001 3F392B 0.6
3.150001 3.3 1.89 211D16 0.6
3.15 3.3 -1.890001 3F392B 0.6
-5.04 3.93 1.890001 3F392B 0.6
-4.410001 3.93 -0.6299996 3F392B 0.6
-3.780001 3.93 -0.6299996 3F392B 0.6
-3.150001 3.93 -0.6299996 3F392B 0.6
-2.52 3.93 -0.6299999 3F392B 0.6
1.26 3.93 1.89 3F392B 0.6
-1.26 3.93 -0.63 3F392B 0.6
1.89 3.93 -1.890001 3F392B 0.6
3.780001 3.93 1.89 4F4839 0.6
2.52 6.45 1.89 4F4839 0.6
2.52 3.93 1.89 3F392B 0.6
2.52 3.93 -1.890001 3F392B 0.6
3.150001 5.19 1.89 4F4839 0.6
3.150001 3.93 1.89 3F392B 0.6
3.15 3.93 -1.890001 3F392B 0.6
-5.04 4.56 1.890001 3F392B 0.6
-4.410001 4.56 -0.6299996 3F392B 0.6
-3.780001 4.56 -0.6299996 3F392B 0.6
-3.150001 4.56 -0.6299996 3F392B 0.6
-2.52 4.56 -0.6299999 3F392B 0.6
0.6300003 4.56 1.89 3F392B 0.6
-1.26 4.56 -0.63 3F392B 0.6
1.26 4.56 1.89 312B21 0.6
1.89 4.56 -1.26 3F392B 0.6
3.780001 4.56 1.89 4F4839 0.6
2.52 4.56 -1.26 3F392B 0.6
3.150001 4.56 -1.260001 3F392B 0.6
3.780001 4.56 -1.260001 3F392B 0.6
-5.04 5.19 1.890001 3F392B 0.6
-4.410001 5.19 -0.6299996 3F392B 0.6
-3.780001 5.19 -0.6299996 3F392B 0.6
-3.150001 5.19 -0.6299996 3F392B 0.6
-2.52 5.19 -0.6299999 3F392B 0.6
0.6300003 5.19 1.89 3F392B 0.6
-1.26 5.19 -0.63 3F392B 0.6
-0.6299998 5.19 1.89 3F392B 0.6
1.890001 5.19 1.89 3F392B 0.6
1.89 5.19 -1.26 3F392B 0.6
1.26 5.19 1.89 4F4839 0.6
2.52 5.19 -1.26 3F392B 0.6
3.150001 5.19 -1.260001 3F392B 0.6
3.780001 5.19 1.89 3F392B 0.6
3.780001 5.19 -1.260001 3F392B 0.6
-4.410001 5.82 0.6300006 3F392B 0.6
-3.780001 5.82 -0.6299996 3F392B 0.6
-3.150001 5.82 -0.6299996 3F392B 0.6
-2.52 5.82 -0.6299999 3F392B 0.6
0.6300003 5.82 1.89 3F392B 0.6
-1.26 5.82 -0.63 3F392B 0.6
-0.6299998 5.82 1.89 3F392B 0.6
1.890001 5.82 1.89 60594A 0.6
1.26 5.82 1.89 4F4839 0.6
2.52 5.82 -1.26 3F392B 0.6
3.150001 5.82 1.89 4F4839 0.6
3.150001 5.82 -1.260001 3F392B 0.6
5.670001 8.97 1.89 312B21 0.6
5.670001 5.82 1.26 60594A 0.6
6.300001 5.82 1.889999 3F392B 0.6
-4.410001 6.45 1.260001 3F392B 0.6
-3.780001 6.45 0.6300006 3F392B 0.6
-3.150001 6.45 -0.6299996 3F392B 0.6
-2.52 6.45 -0.6299999 3F392B 0.6
0.6300003 6.45 1.89 3F392B 0.6
-1.26 6.45 1.89 4F4839 0.6
1.26 6.45 1.89 4F4839 0.6
2.52 5.82 1.89 60594A 0.6
3.150001 6.45 1.89 3F392B 0.6
5.04 6.45 1.26 4F4839 0.6
-4.410001 7.08 1.890001 60594A 0.6
-3.780001 7.08 1.260001 8C8984 0.6
-2.52 6.45 1.890001 4F4839 0.6
2.52 7.08 1.89 4F4839 0.6
1.26 7.08 1.89 9C9894 0.6
4.410001 7.08 1.89 4F4839 0.6
5.04 7.08 1.26 60594A 0.6
0.6300003 10.23 1.89 9C9894 0.6
1.26 7.710001 1.89 9C9894 0.6
2.52 7.710001 1.89 ACA7A2 0.6
1.890001 7.710001 1.89 ACA7A2 0.6
3.150001 7.710001 1.89 ACA7A2 0.6
-2.52 8.34 1.890001 ACA7A2 0.6
0.6300003 8.34 1.89 BAB4AF 0.6
1.26 8.34 1.89 ACA7A2 0.6
4.410001 8.97 1.89 9C9894 0.6
-1.26 8.34 1.89 ACA7A2 0.6
-0.6299998 8.34 1.89 ACA7A2 0.6
2.384186E-07 8.34 1.89 ACA7A2 0.6
5.670001 8.97 -1.260001 4F4839 0.6
6.300001 9.6 1.889999 60594A 0.6
1.192093E-07 11.49 1.26 8C8984 0.6
-0.6299999 12.75 1.26 3F392B 0.6
-4.410001 3.3 1.260001 312B21 0.6
-3.780001 3.3 1.260001 3F392B 0.6
-3.150001 3.3 1.260001 312B21 0.6
-2.52 2.67 1.26 312B21 0.6
-1.89 2.67 1.26 312B21 0.6
-1.26 2.67 1.26 312B21 0.6
-0.6299999 2.67 1.26 312B21 0.6
1.192093E-07 2.67 1.26 312B21 0.6
0.6300002 2.67 1.26 312B21 0.6
1.26 2.67 1.26 312B21 0.6
1.89 2.67 1.26 312B21 0.6
2.52 2.67 1.26 312B21 0.6
3.150001 2.67 1.26 312B21 0.6
3.780001 3.3 1.26 3F392B 0.6
4.410001 3.93 1.26 3F392B 0.6
5.04 4.56 1.26 3F392B 0.6
-3.780001 0.15 1.260001 312B21 0.6
-3.150001 0.15 1.260001 312B21 0.6
-2.52 0.15 1.26 312B21 0.6
-1.89 0.15 1.26 312B21 0.6
-2.52 0.78 1.26 312B21 0.6
-3.780001 1.41 1.260001 3F392B 0.6
-3.150001 1.41 1.260001 3F392B 0.6
2.52 1.41 1.89 3F392B 0.6
-3.780001 2.04 1.260001 3F392B 0.6
-3.150001 2.04 1.260001 3F392B 0.6
-3.780001 2.67 1.260001 3F392B 0.6
-3.150001 2.67 1.260001 3F392B 0.6
-1.26 3.93 1.26 312B21 0.6
-0.6299999 4.56 1.26 312B21 0.6
1.192093E-07 10.23 1.26 9C9894 0.6
0.6300002 7.08 1.26 8C8984 0.6
-2.52 3.3 1.26 4F4839 0.6
-1.89 3.93 1.26 211D16 0.6
-1.89 3.3 -1.26 3F392B 0.6
1.26 3.3 1.26 3F392B 0.6
-1.89 3.3 1.26 4F4839 0.6
1.26 10.86 1.26 9C9894 0.6
1.89 11.49 1.26 9C9894 0.6
2.52 6.45 1.26 4F4839 0.6
3.150001 5.19 1.26 4F4839 0.6
-5.04 3.93 1.260001 3F392B 0.6
-2.52 3.93 1.26 4F4839 0.6
-3.780001 3.93 1.260001 3F392B 0.6
-3.150001 9.6 1.260001 9C9894 0.6
-3.150001 3.93 1.260001 3F392B 0.6
-2.52 9.6 1.26 9C9894 0.6
-1.89 10.23 1.26 9C9894 0.6
-1.89 3.93 -0.6299999 3F392B 0.6
1.26 3.93 1.26 3F392B 0.6
-1.26 10.23 1.26 9C9894 0.6
3.780001 3.93 1.26 4F4839 0.6
1.890001 3.93 1.89 3F392B 0.6
4.410001 5.82 1.26 60594A 0.6
-5.04 4.56 1.260001 3F392B 0.6
-2.52 4.56 1.26 4F4839 0.6
-1.89 4.56 -0.6299999 3F392B 0.6
0.6300002 4.56 1.26 3F392B 0.6
-1.89 4.56 1.26 4F4839 0.6
3.780001 4.56 1.26 4F4839 0.6
1.89 4.56 1.26 3F392B 0.6
1.26 4.56 1.26 4F4839 0.6
2.52 4.56 1.26 3F392B 0.6
3.150001 4.56 1.26 3F392B 0.6
3.780001 7.08 1.26 60594A 0.6
-2.52 5.19 1.26 4F4839 0.6
-1.89 5.19 -0.6299999 3F392B 0.6
0.6300002 5.19 1.26 3F392B 0.6
-1.89 5.19 1.26 4F4839 0.6
-0.6299999 10.23 1.26 9C9894 0.6
-0.6299999 5.19 1.26 3F392B 0.6
1.89 5.19 1.26 3F392B 0.6
1.26 5.19 1.26 4F4839 0.6
2.52 5.19 1.26 3F392B 0.6
3.780001 5.19 1.26 3F392B 0.6
4.410001 5.19 1.26 60594A 0.6
5.04 5.82 1.26 312B21 0.6
5.04 5.19 1.26 4F4839 0.6
-4.410001 5.82 1.260001 3F392B 0.6
-2.52 5.82 1.26 4F4839 0.6
-1.89 5.82 -0.6299999 3F392B 0.6
0.6300002 5.82 1.26 3F392B 0.6
-1.89 5.82 1.26 4F4839 0.6
-0.6299999 5.82 1.26 3F392B 0.6
3.150001 5.82 1.26 4F4839 0.6
1.26 5.82 1.26 4F4839 0.6
2.52 5.82 1.26 3F392B 0.6
4.410001 6.45 1.26 4F4839 0.6
-2.52 6.45 1.26 4F4839 0.6
-1.89 6.45 1.26 4F4839 0.6
0.6300002 6.45 1.26 3F392B 0.6
-1.26 6.45 1.26 4F4839 0.6
1.26 6.45 1.26 4F4839 0.6
3.150001 6.45 1.26 3F392B 0.6
3.780001 6.45 1.26 60594A 0.6
5.670001 6.45 1.26 60594A 0.6
-2.52 7.08 1.26 4F4839 0.6
-3.150001 6.45 1.260001 4F4839 0.6
-1.89 7.08 1.26 4F4839 0.6
2.52 7.08 1.26 4F4839 0.6
1.26 7.08 1.26 9C9894 0.6
2.52 12.12 1.26 9C9894 0.6
-3.150001 7.710001 1.260001 ACA7A2 0.6
-2.52 7.710001 1.26 9C9894 0.6
0.6300002 7.710001 1.26 8C8984 0.6
-1.89 7.710001 1.26 9C9894 0.6
0.6300002 10.23 1.26 9C9894 0.6
1.26 7.710001 1.26 9C9894 0.6
2.52 7.710001 1.26 ACA7A2 0.6
1.89 7.710001 1.26 ACA7A2 0.6
3.150001 7.710001 1.26 ACA7A2 0.6
4.410001 7.710001 1.26 60594A 0.6
-2.52 8.34 1.26 ACA7A2 0.6
0.6300002 8.34 1.26 BAB4AF 0.6
-1.89 8.34 1.26 BAB4AF 0.6
4.410001 8.34 1.26 9C9894 0.6
1.26 8.34 1.26 ACA7A2 0.6
4.410001 8.97 1.26 9C9894 0.6
-1.26 8.34 1.26 ACA7A2 0.6
-0.6299999 8.34 1.26 ACA7A2 0.6
1.192093E-07 8.34 1.26 60594A 0.6
5.04 8.97 1.26 4F4839 0.6
5.04 8.97 -1.260001 4F4839 0.6
5.670001 8.97 1.26 4F4839 0.6
6.300001 8.97 1.259999 4F4839 0.6
6.300001 8.97 -1.260001 4F4839 0.6
7.560001 8.97 1.259999 4F4839 0.6
5.670001 9.6 1.26 ACA7A2 0.6
6.300001 9.6 1.259999 ACA7A2 0.6
6.930001 9.6 1.259999 BAB4AF 0.6
-8.190001 10.23 1.260001 4F4839 0.6
-6.300001 12.75 1.260001 3F392B 0.6
-5.670001 12.12 1.260001 3F392B 0.6
-5.04 11.49 1.260001 3F392B 0.6
-3.150001 10.23 1.260001 312B21 0.6
-1.26 13.38 1.26 3F392B 0.6
-0.6299999 12.12 1.26 3F392B 0.6
-8.190001 10.86 1.260001 4F4839 0.6
-4.410001 10.86 1.260001 3F392B 0.6
1.192093E-07 10.86 1.26 9C9894 0.6
-3.780001 10.86 1.260001 312B21 0.6
0.6300002 10.86 1.26 312B21 0.6
-7.560001 11.49 1.260001 4F4839 0.6
-3.780001 11.49 1.260001 312B21 0.6
-4.410001 12.12 1.260001 312B21 0.6
1.192093E-07 12.12 1.26 312B21 0.6
-5.04 12.75 1.260001 312B21 0.6
1.192093E-07 12.75 1.26 312B21 0.6
-6.300001 13.38 1.260001 4F4839 0.6
-5.670001 13.38 1.260001 312B21 0.6
-0.6299999 13.38 1.26 312B21 0.6
-4.410001 14.01 1.260001 4F4839 0.6
-5.670001 14.01 1.260001 4F4839 0.6
-5.04 14.01 1.260001 4F4839 0.6
-1.26 14.01 1.26 3F392B 0.6
-0.6299999 14.01 1.26 312B21 0.6
-3.780001 14.01 1.260001 4F4839 0.6
-3.150001 14.01 1.260001 4F4839 0.6
-2.52 14.01 1.26 4F4839 0.6
-1.89 14.01 1.26 4F4839 0.6
1.192093E-07 14.64 1.26 4F4839 0.6
-7.560001 7.08 0.6300011 4F4839 0.6
-6.930001 6.45 0.6300011 4F4839 0.6
-6.300001 5.82 0.6300011 4F4839 0.6
-5.670001 5.19 0.6300006 4F4839 0.6
-5.04 4.56 0.6300006 4F4839 0.6
-4.410001 3.3 0.6300006 312B21 0.6
-3.780001 3.3 0.6300006 312B21 0.6
-3.150001 3.3 0.6300006 312B21 0.6
-2.52 2.67 0.6300004 312B21 0.6
-1.89 2.67 0.6300004 312B21 0.6
-1.26 2.67 0.6300002 312B21 0.6
-0.63 2.67 0.6300001 312B21 0.6
5.960464E-08 2.67 0.6300001 312B21 0.6
0.6300001 2.67 0.6299999 312B21 0.6
1.26 2.67 0.63 312B21 0.6
1.89 2.67 0.6299999 312B21 0.6
2.52 2.67 0.6299999 312B21 0.6
3.150001 2.67 0.6299996 312B21 0.6
3.780001 3.3 0.6299996 3F392B 0.6
4.410001 3.93 0.6299996 3F392B 0.6
5.04 4.56 0.6299996 3F392B 0.6
5.670001 5.82 0.6299996 60594A 0.6
6.300001 5.82 0.6299992 312B21 0.6
6.930001 5.82 0.6299992 312B21 0.6
-1.26 3.93 0.6300002 312B21 0.6
-0.63 4.56 0.6300001 312B21 0.6
5.960464E-08 10.23 0.6300001 9C9894 0.6
0.6300001 7.08 0.6299999 3F392B 0.6
-2.52 3.3 0.6300004 4F4839 0.6
-1.89 3.93 0.6300004 211D16 0.6
1.26 3.3 0.63 3F392B 0.6
-1.89 3.3 0.6300004 4F4839 0.6
1.26 10.86 0.63 9C9894 0.6
1.89 11.49 0.6299999 9C9894 0.6
2.52 6.45 0.6299999 4F4839 0.6
3.150001 5.19 0.6299996 4F4839 0.6
-5.04 3.93 0.6300006 3F392B 0.6
-4.410001 5.19 0.6300006 312B21 0.6
-2.52 3.93 0.6300004 4F4839 0.6
-3.150001 7.08 0.6300006 7E7976 0.6
-2.52 9.6 0.6300004 9C9894 0.6
-1.89 10.23 0.6300004 9C9894 0.6
1.26 3.93 0.63 3F392B 0.6
-1.26 10.23 0.6300002 9C9894 0.6
3.780001 3.93 0.6299996 4F4839 0.6
4.410001 5.19 0.6299996 4F4839 0.6
-2.52 4.56 0.6300004 4F4839 0.6
0.6300001 4.56 0.6299999 3F392B 0.6
-1.89 4.56 0.6300004 4F4839 0.6
3.780001 4.56 0.6299996 4F4839 0.6
1.26 4.56 0.63 4F4839 0.6
3.780001 6.45 0.6299996 4F4839 0.6
-5.04 7.08 0.6300006 3F392B 0.6
-5.04 5.19 0.6300006 3F392B 0.6
-2.52 5.19 0.6300004 4F4839 0.6
0.6300001 5.19 0.6299999 3F392B 0.6
-1.89 5.19 0.6300004 4F4839 0.6
-0.63 10.23 0.6300001 9C9894 0.6
-0.63 5.19 0.6300001 3F392B 0.6
1.26 5.19 0.63 4F4839 0.6
3.780001 5.19 0.6299996 3F392B 0.6
5.04 5.82 0.6299996 312B21 0.6
5.04 5.19 0.6299996 4F4839 0.6
-5.670001 7.08 0.6300006 3F392B 0.6
-4.410001 7.710001 0.6300006 8C8984 0.6
-4.410001 5.82 -0.6299996 3F392B 0.6
-2.52 5.82 0.6300004 4F4839 0.6
-3.780001 5.82 0.6300006 312B21 0.6
0.6300001 5.82 0.6299999 3F392B 0.6
-1.89 5.82 0.6300004 4F4839 0.6
-0.63 5.82 0.6300001 3F392B 0.6
3.150001 5.82 0.6299996 4F4839 0.6
1.26 5.82 0.63 4F4839 0.6
3.150001 12.75 0.6299996 9C9894 0.6
4.410001 5.82 0.6299996 4F4839 0.6
4.410001 6.45 0.6299996 312B21 0.6
-6.300001 7.08 0.6300011 3F392B 0.6
-4.410001 6.45 0.6300006 3F392B 0.6
-3.780001 9.6 0.6300006 9C9894 0.6
-3.780001 6.45 -0.6299996 3F392B 0.6
-2.52 6.45 0.6300004 4F4839 0.6
-1.89 6.45 0.6300004 4F4839 0.6
0.6300001 6.45 0.6299999 3F392B 0.6
-1.26 6.45 0.6300002 4F4839 0.6
1.26 6.45 0.63 4F4839 0.6
3.150001 6.45 0.6299996 3F392B 0.6
5.670001 6.45 0.6299996 60594A 0.6
-6.930001 10.23 0.6300011 3F392B 0.6
-4.410001 7.08 0.6300006 60594A 0.6
-6.300001 10.23 0.6300011 3F392B 0.6
-3.780001 7.08 0.6300006 4F4839 0.6
-2.52 7.08 0.6300004 4F4839 0.6
-3.150001 6.45 0.6300006 4F4839 0.6
-1.89 7.08 0.6300004 4F4839 0.6
2.52 7.08 0.6299999 4F4839 0.6
1.26 7.08 0.63 4F4839 0.6
2.52 12.12 0.6299999 9C9894 0.6
3.780001 7.08 0.6299996 4F4839 0.6
4.410001 7.08 0.6299996 312B21 0.6
5.04 7.08 0.6299996 60594A 0.6
-7.560001 7.710001 0.6300011 4F4839 0.6
-7.560001 10.23 0.6300011 3F392B 0.6
-6.930001 7.710001 0.6300011 3F392B 0.6
-3.150001 7.710001 0.6300006 ACA7A2 0.6
-5.670001 9.6 0.6300006 3F392B 0.6
-5.04 9.6 0.6300006 3F392B 0.6
-3.150001 9.6 0.6300006 9C9894 0.6
-2.52 7.710001 0.6300004 4F4839 0.6
-3.780001 7.710001 0.6300006 ACA7A2 0.6
0.6300001 7.710001 0.6299999 3F392B 0.6
-1.89 7.710001 0.6300004 4F4839 0.6
0.6300001 10.23 0.6299999 4F4839 0.6
3.780001 7.710001 0.6299996 9C9894 0.6
1.26 7.710001 0.63 4F4839 0.6
2.52 7.710001 0.6299999 60594A 0.6
1.89 7.710001 0.6299999 60594A 0.6
3.150001 7.710001 0.6299996 ACA7A2 0.6
5.04 7.710001 0.6299996 60594A 0.6
-7.560001 8.34 0.6300011 4F4839 0.6
-2.52 8.34 0.6300004 60594A 0.6
-6.300001 7.710001 0.6300011 3F392B 0.6
-5.670001 8.34 0.6300006 3F392B 0.6
-5.04 8.34 0.6300006 8C8984 0.6
-4.410001 9.6 0.6300006 9C9894 0.6
-4.410001 8.34 0.6300006 9C9894 0.6
0.6300001 8.34 0.6299999 70695A 0.6
-1.89 8.34 0.6300004 70695A 0.6
4.410001 8.34 0.6299996 9C9894 0.6
1.26 8.34 0.63 60594A 0.6
8.190001 8.34 0.6299992 70695A 0.6
-7.560001 8.97 0.6300011 4F4839 0.6
4.410001 8.97 0.6299996 9C9894 0.6
-4.410001 8.97 0.6300006 9C9894 0.6
-1.26 8.34 0.6300002 60594A 0.6
-0.63 8.34 0.6300001 60594A 0.6
5.960464E-08 8.34 0.6300001 60594A 0.6
7.560001 8.97 0.6299992 70695A 0.6
-8.190001 9.6 0.6300011 4F4839 0.6
-5.04 10.86 0.6300006 3F392B 0.6
5.670001 9.6 0.6299996 ACA7A2 0.6
-4.410001 10.23 0.6300006 3F392B 0.6
5.04 8.97 0.6299996 ACA7A2 0.6
6.300001 9.6 0.6299992 ACA7A2 0.6
6.930001 9.6 0.6299992 BAB4AF 0.6
-8.190001 10.23 0.6300011 4F4839 0.6
-6.300001 12.75 0.6300011 3F392B 0.6
-5.670001 11.49 0.6300006 3F392B 0.6
-5.670001 10.23 0.6300006 3F392B 0.6
-3.150001 10.23 0.6300006 312B21 0.6
-1.26 13.38 0.6300002 3F392B 0.6
-0.63 12.12 0.6300001 3F392B 0.6
-8.190001 10.86 0.6300011 4F4839 0.6
-7.560001 10.86 0.6300011 4F4839 0.6
5.960464E-08 10.86 0.6300001 9C9894 0.6
-3.780001 10.86 0.6300006 312B21 0.6
0.6300001 10.86 0.6299999 312B21 0.6
-7.560001 11.49 0.6300011 4F4839 0.6
5.960464E-08 11.49 0.6300001 3F392B 0.6
-3.780001 11.49 0.6300006 312B21 0.6
-6.930001 12.12 0.6300011 4F4839 0.6
-6.300001 12.12 0.6300011 3F392B 0.6
-4.410001 12.12 0.6300006 312B21 0.6
5.960464E-08 12.12 0.6300001 312B21 0.6
-0.63 12.75 0.6300001 3F392B 0.6
-5.04 12.75 0.6300006 312B21 0.6
5.960464E-08 12.75 0.6300001 312B21 0.6
-6.300001 13.38 0.6300011 4F4839 0.6
-5.670001 13.38 0.6300006 312B21 0.6
-0.63 13.38 0.6300001 312B21 0.6
3.780001 13.38 0.6299996 9C9894 0.6
-4.410001 14.01 0.6300006 4F4839 0.6
-5.670001 14.01 0.6300006 4F4839 0.6
-5.04 14.01 0.6300006 4F4839 0.6
-1.26 14.01 0.6300002 3F392B 0.6
-0.63 14.01 0.6300001 312B21 0.6
3.780001 14.01 0.6299996 9C9894 0.6
0.6300001 14.64 0.6299999 4F4839 0.6
-3.780001 14.01 0.6300006 4F4839 0.6
-3.150001 14.01 0.6300006 4F4839 0.6
-2.52 14.01 0.6300004 4F4839 0.6
-1.89 14.01 0.6300004 4F4839 0.6
5.960464E-08 14.64 0.6300001 4F4839 0.6
3.150001 14.64 0.6299996 4F4839 0.6
1.26 15.27 0.63 4F4839 0.6
1.89 15.27 0.6299999 3F392B 0.6
2.52 15.27 0.6299999 3F392B 0.6
-7.560001 7.08 9.536743E-07 4F4839 0.6
-6.930001 6.45 9.536743E-07 4F4839 0.6
-6.300001 5.82 9.536743E-07 4F4839 0.6
-5.670001 5.19 4.768372E-07 4F4839 0.6
-5.04 4.56 4.768372E-07 4F4839 0.6
-4.410001 3.3 4.768372E-07 312B21 0.6
-3.780001 3.3 4.768372E-07 312B21 0.6
-3.150001 3.3 4.768372E-07 312B21 0.6
-2.52 2.67 2.384186E-07 312B21 0.6
-1.89 2.67 2.384186E-07 312B21 0.6
-1.26 2.67 1.192093E-07 312B21 0.6
-0.6300001 2.67 5.960464E-08 312B21 0.6
0 2.67 0 312B21 0.6
0.6300001 2.67 -5.960464E-08 312B21 0.6
1.26 2.67 -1.192093E-07 312B21 0.6
1.89 2.67 -2.384186E-07 312B21 0.6
2.52 2.67 -2.384186E-07 312B21 0.6
3.150001 2.67 -4.768372E-07 312B21 0.6
3.780001 3.3 -4.768372E-07 3F392B 0.6
4.410001 3.93 -4.768372E-07 3F392B 0.6
5.04 4.56 -4.768372E-07 3F392B 0.6
5.670001 5.82 -4.768372E-07 60594A 0.6
6.300001 5.82 -9.536743E-07 312B21 0.6
6.930001 5.82 -9.536743E-07 312B21 0.6
7.560001 5.82 -9.536743E-07 211D16 0.6
8.190001 5.82 -9.536743E-07 211D16 0.6
8.820002 5.82 -9.536743E-07 343434 0.6
9.450002 6.45 -9.536743E-07 151515 0.6
-1.26 10.23 1.192093E-07 4F4839 0.6
-0.6300001 10.23 5.960464E-08 4F4839 0.6
0 10.23 0 4F4839 0.6
0.6300001 7.08 -5.960464E-08 3F392B 0.6
-3.780001 6.45 4.768372E-07 312B21 0.6
-2.52 3.3 2.384186E-07 4F4839 0.6
-3.150001 7.08 4.768372E-07 312B21 0.6
-2.52 9.6 2.384186E-07 4F4839 0.6
-1.89 10.23 2.384186E-07 4F4839 0.6
1.26 3.3 -1.192093E-07 3F392B 0.6
-1.89 3.3 2.384186E-07 4F4839 0.6
1.26 10.86 -1.192093E-07 4F4839 0.6
1.89 11.49 -2.384186E-07 4F4839 0.6
2.52 6.45 -2.384186E-07 4F4839 0.6
3.150001 5.19 -4.768372E-07 4F4839 0.6
-5.04 3.93 4.768372E-07 3F392B 0.6
-4.410001 5.19 4.768372E-07 312B21 0.6
-4.410001 3.93 0.6300006 3F392B 0.6
-2.52 3.93 2.384186E-07 4F4839 0.6
-3.780001 3.93 0.6300006 3F392B 0.6
-3.150001 3.93 0.6300006 3F392B 0.6
1.26 3.93 -1.192093E-07 3F392B 0.6
-1.89 3.93 2.384186E-07 4F4839 0.6
3.780001 3.93 -4.768372E-07 4F4839 0.6
4.410001 5.19 -4.768372E-07 4F4839 0.6
-4.410001 4.56 0.6300006 3F392B 0.6
-2.52 4.56 2.384186E-07 4F4839 0.6
-3.780001 4.56 0.6300006 3F392B 0.6
-3.150001 4.56 0.6300006 3F392B 0.6
0.6300001 4.56 -5.960464E-08 3F392B 0.6
-1.26 4.56 0.6300002 3F392B 0.6
-1.89 4.56 2.384186E-07 4F4839 0.6
3.780001 4.56 -4.768372E-07 4F4839 0.6
1.26 4.56 -1.192093E-07 4F4839 0.6
3.780001 6.45 -4.768372E-07 4F4839 0.6
-5.04 7.08 4.768372E-07 3F392B 0.6
-5.04 5.19 4.768372E-07 3F392B 0.6
-2.52 5.19 2.384186E-07 4F4839 0.6
-3.780001 5.19 0.6300006 3F392B 0.6
-3.150001 5.19 0.6300006 3F392B 0.6
0.6300001 5.19 -5.960464E-08 3F392B 0.6
-1.26 5.19 0.6300002 3F392B 0.6
-1.89 5.19 2.384186E-07 4F4839 0.6
1.26 5.19 -1.192093E-07 4F4839 0.6
3.780001 5.19 -4.768372E-07 3F392B 0.6
5.04 5.82 -4.768372E-07 312B21 0.6
5.04 5.19 -4.768372E-07 4F4839 0.6
-5.670001 7.08 4.768372E-07 3F392B 0.6
-4.410001 5.82 4.768372E-07 3F392B 0.6
-4.410001 7.710001 4.768372E-07 4F4839 0.6
-2.52 5.82 2.384186E-07 4F4839 0.6
-3.780001 5.82 4.768372E-07 312B21 0.6
-3.150001 5.82 0.6300006 3F392B 0.6
0.6300001 5.82 -5.960464E-08 3F392B 0.6
-1.26 5.82 0.6300002 3F392B 0.6
-1.89 5.82 2.384186E-07 4F4839 0.6
3.150001 5.82 -4.768372E-07 4F4839 0.6
1.26 5.82 -1.192093E-07 4F4839 0.6
3.150001 12.75 -4.768372E-07 4F4839 0.6
4.410001 5.82 -4.768372E-07 4F4839 0.6
4.410001 6.45 -4.768372E-07 312B21 0.6
-6.300001 7.08 9.536743E-07 3F392B 0.6
-4.410001 6.45 4.768372E-07 3F392B 0.6
-2.52 6.45 2.384186E-07 4F4839 0.6
-3.780001 9.6 4.768372E-07 4F4839 0.6
0.6300001 6.45 -5.960464E-08 3F392B 0.6
-1.89 6.45 2.384186E-07 4F4839 0.6
1.26 6.45 -1.192093E-07 4F4839 0.6
3.150001 6.45 -4.768372E-07 3F392B 0.6
5.670001 6.45 -4.768372E-07 60594A 0.6
-6.930001 10.23 9.536743E-07 3F392B 0.6
-4.410001 7.08 4.768372E-07 60594A 0.6
-6.300001 10.23 9.536743E-07 3F392B 0.6
-2.52 7.08 2.384186E-07 4F4839 0.6
-1.89 7.08 2.384186E-07 4F4839 0.6
2.52 7.08 -2.384186E-07 4F4839 0.6
1.26 7.08 -1.192093E-07 4F4839 0.6
2.52 12.12 -2.384186E-07 4F4839 0.6
3.780001 7.08 -4.768372E-07 4F4839 0.6
4.410001 7.08 -4.768372E-07 312B21 0.6
5.04 7.08 -4.768372E-07 60594A 0.6
8.820002 7.08 -9.536743E-07 9C9894 0.6
-7.560001 7.710001 9.536743E-07 4F4839 0.6
-7.560001 10.23 9.536743E-07 3F392B 0.6
-6.930001 7.710001 9.536743E-07 3F392B 0.6
-3.150001 7.710001 4.768372E-07 60594A 0.6
-5.670001 9.6 4.768372E-07 3F392B 0.6
-5.04 9.6 4.768372E-07 3F392B 0.6
-3.780001 7.08 4.768372E-07 60594A 0.6
-3.150001 9.6 4.768372E-07 4F4839 0.6
-2.52 7.710001 2.384186E-07 4F4839 0.6
-3.780001 7.710001 4.768372E-07 60594A 0.6
0.6300001 7.710001 -5.960464E-08 3F392B 0.6
-1.89 7.710001 2.384186E-07 4F4839 0.6
0.6300001 10.23 -5.960464E-08 4F4839 0.6
3.780001 7.710001 -4.768372E-07 9C9894 0.6
1.26 7.710001 -1.192093E-07 4F4839 0.6
2.52 7.710001 -2.384186E-07 60594A 0.6
1.89 7.710001 -2.384186E-07 60594A 0.6
3.150001 7.710001 -4.768372E-07 60594A 0.6
5.04 7.710001 -4.768372E-07 60594A 0.6
8.190001 7.710001 -9.536743E-07 9C9894 0.6
-7.560001 8.34 9.536743E-07 4F4839 0.6
-2.52 8.34 2.384186E-07 60594A 0.6
-6.300001 7.710001 9.536743E-07 3F392B 0.6
-5.670001 8.34 4.768372E-07 3F392B 0.6
-5.04 8.34 4.768372E-07 3F392B 0.6
-4.410001 9.6 4.768372E-07 4F4839 0.6
-4.410001 8.34 4.768372E-07 4F4839 0.6
0.6300001 8.34 -5.960464E-08 70695A 0.6
-1.89 8.34 2.384186E-07 70695A 0.6
4.410001 8.34 -4.768372E-07 9C9894 0.6
1.26 8.34 -1.192093E-07 60594A 0.6
8.190001 8.34 -9.536743E-07 BAB4AF 0.6
-7.560001 8.97 9.536743E-07 4F4839 0.6
4.410001 8.97 -4.768372E-07 9C9894 0.6
-4.410001 8.97 4.768372E-07 4F4839 0.6
-1.26 8.34 1.192093E-07 60594A 0.6
-0.6300001 8.34 5.960464E-08 60594A 0.6
0 8.34 0 60594A 0.6
7.560001 8.97 -9.536743E-07 BAB4AF 0.6
-8.190001 9.6 9.536743E-07 4F4839 0.6
-5.04 10.86 4.768372E-07 3F392B 0.6
5.670001 9.6 -4.768372E-07 ACA7A2 0.6
-4.410001 10.23 4.768372E-07 3F392B 0.6
5.04 8.97 -4.768372E-07 ACA7A2 0.6
6.300001 9.6 -9.536743E-07 ACA7A2 0.6
6.930001 9.6 -9.536743E-07 BAB4AF 0.6
-8.190001 10.23 9.536743E-07 4F4839 0.6
-6.300001 12.75 9.536743E-07 3F392B 0.6
-5.670001 11.49 4.768372E-07 3F392B 0.6
-5.670001 10.23 4.768372E-07 3F392B 0.6
-3.150001 10.23 4.768372E-07 312B21 0.6
-1.26 13.38 1.192093E-07 3F392B 0.6
-0.6300001 12.12 5.960464E-08 3F392B 0.6
-8.190001 10.86 9.536743E-07 4F4839 0.6
-7.560001 10.86 9.536743E-07 4F4839 0.6
0 10.86 0 4F4839 0.6
-3.780001 10.86 4.768372E-07 312B21 0.6
0.6300001 10.86 -5.960464E-08 312B21 0.6
-7.560001 11.49 9.536743E-07 4F4839 0.6
0 11.49 0 3F392B 0.6
-3.780001 11.49 4.768372E-07 312B21 0.6
-6.930001 12.12 9.536743E-07 4F4839 0.6
-6.300001 12.12 9.536743E-07 3F392B 0.6
-4.410001 12.12 4.768372E-07 312B21 0.6
0 12.12 0 312B21 0.6
-0.6300001 12.75 5.960464E-08 3F392B 0.6
-5.04 12.75 4.768372E-07 312B21 0.6
0 12.75 0 312B21 0.6
-6.300001 13.38 9.536743E-07 4F4839 0.6
-5.670001 13.38 4.768372E-07 312B21 0.6
-0.6300001 13.38 5.960464E-08 312B21 0.6
3.780001 13.38 -4.768372E-07 4F4839 0.6
-4.410001 14.01 4.768372E-07 4F4839 0.6
-5.670001 14.01 4.768372E-07 4F4839 0.6
-5.04 14.01 4.768372E-07 4F4839 0.6
-1.26 14.01 1.192093E-07 3F392B 0.6
-0.6300001 14.01 5.960464E-08 312B21 0.6
3.780001 14.01 -4.768372E-07 4F4839 0.6
0.6300001 14.64 -5.960464E-08 4F4839 0.6
-3.780001 14.01 4.768372E-07 4F4839 0.6
-3.150001 14.01 4.768372E-07 4F4839 0.6
-2.52 14.01 2.384186E-07 4F4839 0.6
-1.89 14.01 2.384186E-07 4F4839 0.6
0 14.64 0 4F4839 0.6
3.150001 14.64 -4.768372E-07 4F4839 0.6
1.26 15.27 -1.192093E-07 4F4839 0.6
1.89 15.27 -2.384186E-07 3F392B 0.6
2.52 15.27 -2.384186E-07 3F392B 0.6
-7.560001 7.08 -0.6299992 4F4839 0.6
-6.930001 6.45 -0.6299992 4F4839 0.6
-6.300001 5.82 -0.6299992 4F4839 0.6
-5.670001 5.19 -0.6299996 4F4839 0.6
-5.04 4.56 -0.6299996 4F4839 0.6
-4.410001 3.3 -0.6299996 312B21 0.6
-3.780001 3.3 -0.6299996 312B21 0.6
-3.150001 3.3 -0.6299996 312B21 0.6
-2.52 2.67 -0.6299999 312B21 0.6
-1.89 2.67 -0.6299999 312B21 0.6
-1.26 2.67 -0.63 312B21 0.6
-0.6300001 2.67 -0.6299999 312B21 0.6
-5.960464E-08 2.67 -0.6300001 312B21 0.6
0.63 2.67 -0.6300001 312B21 0.6
1.26 2.67 -0.6300002 312B21 0.6
1.89 2.67 -0.6300004 312B21 0.6
2.52 2.67 -0.6300004 312B21 0.6
3.150001 2.67 -0.6300006 312B21 0.6
3.780001 3.3 -0.6300006 3F392B 0.6
4.410001 3.93 -0.6300006 3F392B 0.6
5.04 4.56 -0.6300006 3F392B 0.6
5.670001 5.82 -0.6300006 60594A 0.6
6.300001 5.82 -0.6300011 312B21 0.6
6.930001 5.82 -0.6300011 312B21 0.6
7.560001 5.82 -0.6300011 312B21 0.6
8.190001 7.08 -0.6300011 4F4839 0.6
-0.6300001 4.56 -0.6299999 312B21 0.6
-5.960464E-08 10.23 -0.6300001 9C9894 0.6
0.63 7.08 -0.6300001 3F392B 0.6
-2.52 3.3 -0.6299999 4F4839 0.6
1.26 3.3 -0.6300002 3F392B 0.6
-1.89 3.3 -0.6299999 4F4839 0.6
1.26 10.86 -0.6300002 9C9894 0.6
1.89 11.49 -0.6300004 9C9894 0.6
2.52 6.45 -0.6300004 4F4839 0.6
3.150001 5.19 -0.6300006 4F4839 0.6
-5.04 3.93 -0.6299996 3F392B 0.6
-3.150001 7.08 -0.6299996 7E7976 0.6
-2.52 9.6 -0.6299999 9C9894 0.6
-1.89 10.23 -0.6299999 9C9894 0.6
1.26 3.93 -0.6300002 3F392B 0.6
-1.26 10.23 -0.63 9C9894 0.6
3.780001 3.93 -0.6300006 4F4839 0.6
4.410001 5.19 -0.6300006 4F4839 0.6
0.63 4.56 -0.6300001 3F392B 0.6
3.780001 4.56 -0.6300006 4F4839 0.6
1.26 4.56 -0.6300002 4F4839 0.6
3.780001 6.45 -0.6300006 4F4839 0.6
-5.04 7.08 -0.6299996 3F392B 0.6
-5.04 5.19 -0.6299996 3F392B 0.6
0.63 5.19 -0.6300001 3F392B 0.6
-0.6300001 10.23 -0.6299999 9C9894 0.6
-0.6300001 5.19 -0.6299999 3F392B 0.6
1.26 5.19 -0.6300002 4F4839 0.6
3.780001 5.19 -0.6300006 3F392B 0.6
5.04 5.82 -0.6300006 312B21 0.6
5.04 5.19 -0.6300006 4F4839 0.6
-5.670001 7.08 -0.6299996 3F392B 0.6
-4.410001 7.710001 -0.6299996 8C8984 0.6
0.63 5.82 -0.6300001 3F392B 0.6
-0.6300001 5.82 -0.6299999 3F392B 0.6
3.150001 5.82 -0.6300006 4F4839 0.6
1.26 5.82 -0.6300002 4F4839 0.6
3.150001 12.75 -0.6300006 9C9894 0.6
4.410001 5.82 -0.6300006 4F4839 0.6
4.410001 6.45 -0.6300006 312B21 0.6
-6.300001 7.08 -0.6299992 3F392B 0.6
-4.410001 6.45 -0.6299996 3F392B 0.6
-3.780001 9.6 -0.6299996 9C9894 0.6
-1.89 6.45 -0.6299999 4F4839 0.6
0.63 6.45 -0.6300001 3F392B 0.6
-1.26 6.45 -0.63 4F4839 0.6
1.26 6.45 -0.6300002 4F4839 0.6
3.150001 6.45 -0.6300006 3F392B 0.6
5.670001 6.45 -0.6300006 60594A 0.6
8.190001 6.45 -0.6300011 4F4839 0.6
8.820002 6.45 -0.6300011 4F4839 0.6
9.450002 6.45 -0.6300011 232423 0.6
-6.930001 10.23 -0.6299992 3F392B 0.6
-4.410001 7.08 -0.6299996 60594A 0.6
-6.300001 10.23 -0.6299992 3F392B 0.6
-3.780001 7.08 -0.6299996 4F4839 0.6
-2.52 7.08 -0.6299999 4F4839 0.6
-1.89 7.08 -0.6299999 4F4839 0.6
2.52 7.08 -0.6300004 4F4839 0.6
1.26 7.08 -0.6300002 4F4839 0.6
2.52 12.12 -0.6300004 9C9894 0.6
3.780001 7.08 -0.6300006 4F4839 0.6
4.410001 7.08 -0.6300006 312B21 0.6
5.04 7.08 -0.6300006 60594A 0.6
-7.560001 7.710001 -0.6299992 4F4839 0.6
-7.560001 10.23 -0.6299992 3F392B 0.6
-6.930001 7.710001 -0.6299992 3F392B 0.6
-3.150001 7.710001 -0.6299996 ACA7A2 0.6
-5.670001 9.6 -0.6299996 3F392B 0.6
-5.04 9.6 -0.6299996 3F392B 0.6
-3.150001 9.6 -0.6299996 9C9894 0.6
-2.52 7.710001 -0.6299999 9C9894 0.6
-3.780001 7.710001 -0.6299996 ACA7A2 0.6
0.63 7.710001 -0.6300001 3F392B 0.6
-1.89 7.710001 -0.6299999 4F4839 0.6
0.63 10.23 -0.6300001 9C9894 0.6
3.780001 7.710001 -0.6300006 9C9894 0.6
1.26 7.710001 -0.6300002 4F4839 0.6
2.52 7.710001 -0.6300004 60594A 0.6
1.89 7.710001 -0.6300004 60594A 0.6
3.150001 7.710001 -0.6300006 ACA7A2 0.6
5.04 7.710001 -0.6300006 60594A 0.6
8.190001 7.710001 -0.6300011 4F4839 0.6
-7.560001 8.34 -0.6299992 4F4839 0.6
-2.52 8.34 -0.6299999 60594A 0.6
-6.300001 7.710001 -0.6299992 3F392B 0.6
-5.670001 8.34 -0.6299996 3F392B 0.6
-5.04 8.34 -0.6299996 8C8984 0.6
-4.410001 9.6 -0.6299996 9C9894 0.6
-4.410001 8.34 -0.6299996 9C9894 0.6
0.63 8.34 -0.6300001 70695A 0.6
-1.89 8.34 -0.6299999 70695A 0.6
4.410001 8.34 -0.6300006 9C9894 0.6
1.26 8.34 -0.6300002 60594A 0.6
8.190001 8.34 -0.6300011 70695A 0.6
-7.560001 8.97 -0.6299992 4F4839 0.6
4.410001 8.97 -0.6300006 9C9894 0.6
-4.410001 8.97 -0.6299996 9C9894 0.6
-1.26 8.34 -0.63 60594A 0.6
-0.6300001 8.34 -0.6299999 60594A 0.6
-5.960464E-08 8.34 -0.6300001 60594A 0.6
7.560001 8.97 -0.6300011 70695A 0.6
-8.190001 9.6 -0.6299992 4F4839 0.6
-5.04 10.86 -0.6299996 3F392B 0.6
5.670001 9.6 -0.6300006 ACA7A2 0.6
-4.410001 10.23 -0.6299996 3F392B 0.6
5.04 8.97 -0.6300006 ACA7A2 0.6
6.300001 9.6 -0.6300011 ACA7A2 0.6
6.930001 9.6 -0.6300011 BAB4AF 0.6
-8.190001 10.23 -0.6299992 4F4839 0.6
-6.300001 12.75 -0.6299992 3F392B 0.6
-5.670001 11.49 -0.6299996 3F392B 0.6
-5.670001 10.23 -0.6299996 3F392B 0.6
-3.150001 10.23 -0.6299996 312B21 0.6
-1.26 13.38 -0.63 3F392B 0.6
-0.6300001 12.12 -0.6299999 3F392B 0.6
-8.190001 10.86 -0.6299992 4F4839 0.6
-7.560001 10.86 -0.6299992 4F4839 0.6
-5.960464E-08 10.86 -0.6300001 9C9894 0.6
-3.780001 10.86 -0.6299996 312B21 0.6
0.63 10.86 -0.6300001 312B21 0.6
-7.560001 11.49 -0.6299992 4F4839 0.6
-5.960464E-08 11.49 -0.6300001 3F392B 0.6
-3.780001 11.49 -0.6299996 312B21 0.6
-6.930001 12.12 -0.6299992 4F4839 0.6
-6.300001 12.12 -0.6299992 3F392B 0.6
-4.410001 12.12 -0.6299996 312B21 0.6
-5.960464E-08 12.12 -0.6300001 312B21 0.6
-0.6300001 12.75 -0.6299999 3F392B 0.6
-5.04 12.75 -0.6299996 312B21 0.6
-5.960464E-08 12.75 -0.6300001 312B21 0.6
-6.300001 13.38 -0.6299992 4F4839 0.6
-5.670001 13.38 -0.6299996 312B21 0.6
-0.6300001 13.38 -0.6299999 312B21 0.6
3.780001 13.38 -0.6300006 9C9894 0.6
-4.410001 14.01 -0.6299996 4F4839 0.6
-5.670001 14.01 -0.6299996 4F4839 0.6
-5.04 14.01 -0.6299996 4F4839 0.6
-1.26 14.01 -0.63 3F392B 0.6
-0.6300001 14.01 -0.6299999 312B21 0.6
3.780001 14.01 -0.6300006 9C9894 0.6
0.63 14.64 -0.6300001 4F4839 0.6
-3.780001 14.01 -0.6299996 4F4839 0.6
-3.150001 14.01 -0.6299996 4F4839 0.6
-2.52 14.01 -0.6299999 4F4839 0.6
-1.89 14.01 -0.6299999 4F4839 0.6
-5.960464E-08 14.64 -0.6300001 4F4839 0.6
3.150001 14.64 -0.6300006 4F4839 0.6
1.26 15.27 -0.6300002 4F4839 0.6
1.89 15.27 -0.6300004 3F392B 0.6
2.52 15.27 -0.6300004 3F392B 0.6
-7.560001 9.6 -1.259999 3F392B 0.6
-6.930001 9.6 -1.259999 3F392B 0.6
-6.300001 8.97 -1.259999 3F392B 0.6
-5.670001 8.97 -1.26 3F392B 0.6
-5.04 9.6 -1.26 8C8984 0.6
-4.410001 3.3 -1.26 312B21 0.6
-2.52 2.67 -1.26 312B21 0.6
-1.89 2.67 -1.26 312B21 0.6
-1.26 2.67 -1.26 312B21 0.6
-0.6300002 2.67 -1.26 312B21 0.6
-1.192093E-07 2.67 -1.26 312B21 0.6
0.6299999 2.67 -1.26 312B21 0.6
1.26 2.67 -1.26 312B21 0.6
1.89 2.67 -1.26 312B21 0.6
2.52 2.67 -1.26 312B21 0.6
3.150001 2.67 -1.260001 312B21 0.6
3.780001 3.3 -1.260001 3F392B 0.6
4.410001 3.93 -1.260001 3F392B 0.6
5.04 4.56 -1.260001 3F392B 0.6
5.670001 5.82 -1.260001 60594A 0.6
6.300001 5.82 -1.260001 312B21 0.6
6.930001 6.45 -1.260001 3F392B 0.6
-1.26 3.93 -1.26 312B21 0.6
-0.6300002 4.56 -1.26 312B21 0.6
-1.192093E-07 10.23 -1.26 9C9894 0.6
0.6299999 7.08 -1.26 8C8984 0.6
-1.89 3.93 -1.26 211D16 0.6
1.26 3.3 -1.26 3F392B 0.6
1.26 10.86 -1.26 9C9894 0.6
1.89 11.49 -1.26 9C9894 0.6
2.52 6.45 -1.26 4F4839 0.6
-5.04 3.93 -1.26 3F392B 0.6
-4.410001 8.97 -1.26 8C8984 0.6
-2.52 3.93 -1.26 4F4839 0.6
-3.780001 9.6 -1.26 9C9894 0.6
-3.780001 3.93 -1.26 3F392B 0.6
-3.150001 9.6 -1.26 9C9894 0.6
-3.150001 3.93 -1.26 3F392B 0.6
-2.52 9.6 -1.26 9C9894 0.6
-1.89 10.23 -1.26 9C9894 0.6
1.26 3.93 -1.26 3F392B 0.6
-1.26 10.23 -1.26 9C9894 0.6
3.780001 3.93 -1.260001 4F4839 0.6
4.410001 5.82 -1.260001 60594A 0.6
-5.04 4.56 -1.26 3F392B 0.6
-2.52 4.56 -1.26 4F4839 0.6
0.6299999 4.56 -1.26 3F392B 0.6
-1.89 4.56 -1.26 4F4839 0.6
1.26 4.56 -1.26 4F4839 0.6
3.780001 7.08 -1.260001 60594A 0.6
-5.04 5.19 -1.26 3F392B 0.6
-2.52 5.19 -1.26 4F4839 0.6
0.6299999 5.19 -1.26 3F392B 0.6
-1.89 5.19 -1.26 4F4839 0.6
-0.6300002 10.23 -1.26 9C9894 0.6
-0.6300002 5.19 -1.26 3F392B 0.6
1.26 5.19 -1.26 4F4839 0.6
4.410001 5.19 -1.260001 60594A 0.6
5.04 5.82 -1.260001 312B21 0.6
5.04 5.19 -1.260001 4F4839 0.6
-4.410001 5.82 -1.26 3F392B 0.6
-5.670001 5.82 -1.26 3F392B 0.6
-5.04 5.82 -1.26 3F392B 0.6
-2.52 5.82 -1.26 4F4839 0.6
0.6299999 5.82 -1.26 3F392B 0.6
-1.89 5.82 -1.26 4F4839 0.6
-0.6300002 5.82 -1.26 3F392B 0.6
1.26 5.82 -1.26 4F4839 0.6
4.410001 6.45 -1.260001 4F4839 0.6
-4.410001 6.45 -1.26 3F392B 0.6
-6.300001 6.45 -1.259999 3F392B 0.6
-5.670001 6.45 -1.26 3F392B 0.6
-5.04 6.45 -1.26 3F392B 0.6
-2.52 6.45 -1.26 4F4839 0.6
-1.89 6.45 -1.26 4F4839 0.6
0.6299999 6.45 -1.26 3F392B 0.6
-1.26 6.45 -1.26 4F4839 0.6
1.26 6.45 -1.26 4F4839 0.6
3.150001 6.45 -1.260001 3F392B 0.6
3.780001 6.45 -1.260001 60594A 0.6
5.670001 6.45 -1.260001 60594A 0.6
7.560001 6.45 -0.6300011 3F392B 0.6
-4.410001 7.08 -1.26 60594A 0.6
-6.930001 7.08 -1.259999 3F392B 0.6
-6.300001 7.08 -1.259999 3F392B 0.6
-5.670001 7.08 -1.26 3F392B 0.6
-5.04 7.08 -1.26 3F392B 0.6
-3.780001 7.08 -1.26 4F4839 0.6
-2.52 7.08 -1.26 4F4839 0.6
-3.150001 6.45 -1.26 4F4839 0.6
-1.89 7.08 -1.26 4F4839 0.6
2.52 7.08 -1.26 4F4839 0.6
1.26 7.08 -1.26 9C9894 0.6
4.410001 7.08 -1.260001 4F4839 0.6
5.04 7.08 -1.260001 60594A 0.6
7.560001 7.08 -1.260001 3F392B 0.6
-3.150001 7.710001 -1.26 ACA7A2 0.6
-7.560001 7.710001 -1.259999 3F392B 0.6
-6.930001 7.710001 -1.259999 3F392B 0.6
-6.300001 7.710001 -1.259999 3F392B 0.6
-5.670001 7.710001 -1.26 3F392B 0.6
-5.04 7.710001 -1.26 3F392B 0.6
-4.410001 7.710001 -1.26 8C8984 0.6
-3.780001 7.710001 -1.26 8C8984 0.6
-2.52 7.710001 -1.26 9C9894 0.6
0.6299999 7.710001 -1.26 8C8984 0.6
-1.89 7.710001 -1.26 9C9894 0.6
0.6299999 10.23 -1.26 9C9894 0.6
3.780001 7.710001 -1.260001 9C9894 0.6
1.26 7.710001 -1.26 9C9894 0.6
2.52 7.710001 -1.26 ACA7A2 0.6
1.89 7.710001 -1.26 ACA7A2 0.6
3.150001 7.710001 -1.260001 ACA7A2 0.6
4.410001 7.710001 -1.260001 60594A 0.6
7.560001 7.710001 -1.260001 000000 0.6
6.930001 7.710001 -1.260001 312B21 0.6
-2.52 8.34 -1.26 ACA7A2 0.6
-7.560001 8.34 -1.259999 3F392B 0.6
-6.930001 8.34 -1.259999 3F392B 0.6
-6.300001 8.34 -1.259999 3F392B 0.6
-5.670001 8.34 -1.26 3F392B 0.6
-5.04 8.34 -1.26 8C8984 0.6
-4.410001 8.34 -1.26 8C8984 0.6
0.6299999 8.34 -1.26 BAB4AF 0.6
-1.89 8.34 -1.26 BAB4AF 0.6
4.410001 8.34 -1.260001 9C9894 0.6
1.26 8.34 -1.26 ACA7A2 0.6
7.560001 8.34 -1.260001 4F4839 0.6
6.930001 8.34 -1.260001 4F4839 0.6
4.410001 8.97 -1.260001 9C9894 0.6
-7.560001 8.97 -1.259999 3F392B 0.6
-6.930001 8.97 -1.259999 3F392B 0.6
-5.04 8.97 -1.26 8C8984 0.6
-1.26 8.34 -1.26 ACA7A2 0.6
-0.6300002 8.34 -1.26 ACA7A2 0.6
-1.192093E-07 8.34 -1.26 60594A 0.6
7.560001 8.97 -1.260001 4F4839 0.6
-6.930001 10.23 -1.259999 3F392B 0.6
-6.300001 10.23 -1.259999 3F392B 0.6
-5.670001 9.6 -1.26 3F392B 0.6
-4.410001 10.23 -1.26 8C8984 0.6
-4.410001 9.6 -1.26 8C8984 0.6
5.670001 9.6 -1.260001 ACA7A2 0.6
6.300001 9.6 -1.260001 ACA7A2 0.6
6.930001 9.6 -1.260001 BAB4AF 0.6
-8.190001 10.23 -1.259999 4F4839 0.6
-7.560001 10.23 -1.259999 3F392B 0.6
-6.300001 12.75 -1.259999 3F392B 0.6
-5.670001 12.12 -1.26 3F392B 0.6
-5.04 11.49 -1.26 3F392B 0.6
-3.150001 10.23 -1.26 312B21 0.6
-1.26 13.38 -1.26 3F392B 0.6
-0.6300002 12.12 -1.26 3F392B 0.6
-8.190001 10.86 -1.259999 4F4839 0.6
-4.410001 10.86 -1.26 3F392B 0.6
-1.192093E-07 10.86 -1.26 9C9894 0.6
-3.780001 10.86 -1.26 312B21 0.6
0.6299999 10.86 -1.26 312B21 0.6
-7.560001 11.49 -1.259999 4F4839 0.6
-1.192093E-07 11.49 -1.26 3F392B 0.6
-3.780001 11.49 -1.26 312B21 0.6
-6.930001 12.12 -1.259999 4F4839 0.6
-4.410001 12.12 -1.26 312B21 0.6
-1.192093E-07 12.12 -1.26 312B21 0.6
2.52 12.12 -1.26 9C9894 0.6
-0.6300002 12.75 -1.26 3F392B 0.6
-5.04 12.75 -1.26 312B21 0.6
-1.192093E-07 12.75 -1.26 312B21 0.6
2.52 12.75 -1.26 8C8984 0.6
1.89 12.75 -1.26 8C8984 0.6
3.150001 12.75 -1.260001 8C8984 0.6
-6.300001 13.38 -1.259999 4F4839 0.6
-5.670001 13.38 -1.26 312B21 0.6
-0.6300002 13.38 -1.26 312B21 0.6
1.89 13.38 -1.26 3F392B 0.6
2.52 13.38 -1.26 3F392B 0.6
3.150001 13.38 -0.6300006 8C8984 0.6
-4.410001 14.01 -1.26 4F4839 0.6
-5.670001 14.01 -1.26 4F4839 0.6
-5.04 14.01 -1.26 4F4839 0.6
-1.26 14.01 -1.26 3F392B 0.6
-0.6300002 14.01 -1.26 312B21 0.6
1.26 14.01 -1.26 3F392B 0.6
1.89 14.01 -1.26 3F392B 0.6
2.52 14.01 -0.6300004 3F392B 0.6
3.150001 14.01 -0.6300006 3F392B 0.6
0.6299999 14.64 -1.26 4F4839 0.6
-3.780001 14.01 -1.26 4F4839 0.6
-3.150001 14.01 -1.26 4F4839 0.6
-2.52 14.01 -1.26 4F4839 0.6
-1.89 14.01 -1.26 4F4839 0.6
-1.192093E-07 14.64 -1.26 4F4839 0.6
1.26 14.64 -1.26 3F392B 0.6
1.89 14.64 -0.6300004 3F392B 0.6
2.52 14.64 -0.6300004 3F392B 0.6
-4.410001 2.67 -1.89 211D16 0.6
-3.780001 0.15 -1.89 080805 0.6
-3.150001 0.15 -1.89 080805 0.6
-2.52 0.15 -1.89 080805 0.6
-1.890001 0.15 -1.89 080805 0.6
-1.26 2.67 -1.89 312B21 0.6
-0.6300003 2.67 -1.89 312B21 0.6
-2.384186E-07 2.67 -1.89 312B21 0.6
0.6299998 2.67 -1.89 312B21 0.6
1.26 2.67 -1.89 312B21 0.6
2.52 0.15 -1.890001 080805 0.6
3.15 0.15 -1.890001 080805 0.6
3.78 0.15 -1.890001 080805 0.6
4.410001 0.15 -1.890001 080805 0.6
5.04 5.82 -1.890001 312B21 0.6
5.67 5.82 -1.890001 312B21 0.6
6.300001 8.97 -1.890001 3F392B 0.6
-2.52 2.67 -1.89 312B21 0.6
-2.52 0.78 -1.89 211D16 0.6
-1.890001 2.67 -1.89 312B21 0.6
-1.890001 0.78 -1.89 211D16 0.6
3.78 3.3 -1.890001 3F392B 0.6
3.78 0.78 -1.890001 211D16 0.6
4.410001 3.93 -1.890001 3F392B 0.6
-3.780001 1.41 -1.89 312B21 0.6
-3.780001 2.67 -1.89 211D16 0.6
1.89 1.41 -1.890001 312B21 0.6
-3.150001 2.67 -1.89 211D16 0.6
-2.52 1.41 -1.89 312B21 0.6
-4.410001 2.04 -1.89 312B21 0.6
1.89 2.04 -1.890001 312B21 0.6
-2.52 2.04 -1.89 312B21 0.6
-4.410001 3.3 -1.89 312B21 0.6
-3.780001 3.3 -1.89 312B21 0.6
-3.150001 3.3 -1.89 312B21 0.6
-1.890001 3.3 -1.89 312B21 0.6
-1.26 3.93 -1.89 312B21 0.6
-0.6300003 4.56 -1.89 312B21 0.6
-2.384186E-07 10.23 -1.89 9C9894 0.6
0.6299998 7.08 -1.89 8C8984 0.6
-2.52 3.3 -1.89 211D16 0.6
-1.890001 3.93 -1.89 211D16 0.6
1.26 3.3 -1.89 3F392B 0.6
-5.040001 3.93 -1.89 3F392B 0.6
-3.780001 3.93 -1.89 3F392B 0.6
-3.150001 13.38 -1.89 3F392B 0.6
-3.150001 3.93 -1.89 3F392B 0.6
-2.52 12.75 -1.89 3F392B 0.6
-2.52 3.93 -1.89 3F392B 0.6
-1.890001 10.86 -1.89 8C8984 0.6
1.26 3.93 -1.89 3F392B 0.6
-1.26 10.23 -1.89 9C9894 0.6
3.78 3.93 -1.890001 4F4839 0.6
2.52 7.08 -1.890001 4F4839 0.6
3.15 5.19 -1.890001 4F4839 0.6
-5.040001 4.56 -1.89 3F392B 0.6
-1.890001 4.56 -1.89 4F4839 0.6
0.6299998 4.56 -1.89 3F392B 0.6
1.26 4.56 -1.89 312B21 0.6
3.78 4.56 -1.890001 4F4839 0.6
4.410001 4.56 -1.890001 4F4839 0.6
-5.040001 5.19 -1.89 3F392B 0.6
-1.890001 5.19 -1.89 4F4839 0.6
0.6299998 5.19 -1.89 3F392B 0.6
-0.6300003 10.23 -1.89 9C9894 0.6
-0.6300003 5.19 -1.89 3F392B 0.6
1.89 5.19 -1.890001 3F392B 0.6
1.26 5.19 -1.89 4F4839 0.6
3.78 5.19 -1.890001 3F392B 0.6
4.410001 5.19 -1.890001 4F4839 0.6
5.04 5.19 -1.890001 4F4839 0.6
-4.410001 5.82 -1.89 3F392B 0.6
-1.890001 5.82 -1.89 4F4839 0.6
0.6299998 5.82 -1.89 3F392B 0.6
-0.6300003 5.82 -1.89 3F392B 0.6
1.89 5.82 -1.890001 60594A 0.6
1.26 5.82 -1.89 4F4839 0.6
3.15 5.82 -1.890001 4F4839 0.6
3.78 5.82 -1.890001 3F392B 0.6
4.410001 5.82 -1.890001 4F4839 0.6
5.67 8.97 -1.890001 312B21 0.6
6.300001 5.82 -1.890001 3F392B 0.6
-4.410001 6.45 -1.89 3F392B 0.6
-1.890001 6.45 -1.89 4F4839 0.6
0.6299998 6.45 -1.89 3F392B 0.6
-1.26 6.45 -1.89 4F4839 0.6
2.52 6.45 -1.890001 4F4839 0.6
1.26 6.45 -1.89 4F4839 0.6
2.52 5.82 -1.890001 60594A 0.6
3.15 6.45 -1.890001 3F392B 0.6
4.410001 6.45 -1.890001 4F4839 0.6
3.78 6.45 -1.890001 4F4839 0.6
5.04 6.45 -1.260001 4F4839 0.6
6.300001 6.45 -1.890001 4F4839 0.6
-4.410001 7.08 -1.89 60594A 0.6
-3.780001 7.08 -1.89 4F4839 0.6
-1.890001 7.08 -1.89 4F4839 0.6
-3.150001 6.45 -1.89 4F4839 0.6
-2.52 6.45 -1.89 4F4839 0.6
1.26 7.08 -1.89 9C9894 0.6
4.410001 7.08 -1.890001 4F4839 0.6
3.78 7.08 -1.890001 4F4839 0.6
3.15 7.08 -1.890001 4F4839 0.6
6.300001 7.08 -1.890001 4F4839 0.6
6.930001 7.08 -1.260001 4F4839 0.6
-3.150001 7.710001 -1.89 60594A 0.6
-1.890001 7.710001 -1.89 9C9894 0.6
0.6299998 7.710001 -1.89 8C8984 0.6
0.6299998 10.23 -1.89 9C9894 0.6
4.410001 7.710001 -1.890001 4F4839 0.6
1.26 7.710001 -1.89 9C9894 0.6
2.52 7.710001 -1.890001 ACA7A2 0.6
1.89 7.710001 -1.890001 ACA7A2 0.6
3.15 7.710001 -1.890001 ACA7A2 0.6
6.300001 7.710001 -1.890001 4F4839 0.6
-2.52 8.34 -1.89 ACA7A2 0.6
-1.890001 8.34 -1.89 9C9894 0.6
0.6299998 8.34 -1.89 BAB4AF 0.6
4.410001 8.34 -1.890001 4F4839 0.6
1.26 8.34 -1.89 ACA7A2 0.6
6.300001 8.34 -1.890001 4F4839 0.6
4.410001 8.97 -1.890001 9C9894 0.6
-1.26 8.34 -1.89 ACA7A2 0.6
-0.6300003 8.34 -1.89 ACA7A2 0.6
-2.384186E-07 8.34 -1.89 ACA7A2 0.6
5.04 8.97 -1.890001 4F4839 0.6
6.930001 8.97 -1.260001 4F4839 0.6
5.67 9.6 -1.890001 ACA7A2 0.6
-6.300001 9.6 -1.259999 3F392B 0.6
6.300001 9.6 -1.890001 60594A 0.6
-5.670001 10.23 -1.26 3F392B 0.6
-5.04 10.23 -1.26 3F392B 0.6
-3.780001 10.23 -1.89 8C8984 0.6
-3.150001 10.23 -1.89 8C8984 0.6
-2.52 10.23 -1.89 8C8984 0.6
-1.890001 10.23 -1.89 8C8984 0.6
-0.6300003 14.01 -1.89 3F392B 0.6
-7.560001 10.86 -1.259999 3F392B 0.6
-6.930001 10.86 -1.259999 3F392B 0.6
-6.300001 10.86 -1.259999 3F392B 0.6
-5.670001 10.86 -1.26 3F392B 0.6
-5.04 10.86 -1.26 3F392B 0.6
-4.410001 10.86 -1.89 3F392B 0.6
-3.780001 10.86 -1.89 8C8984 0.6
-3.150001 10.86 -1.89 8C8984 0.6
-2.52 10.86 -1.89 8C8984 0.6
0.6299998 10.86 -1.89 8C8984 0.6
-2.384186E-07 12.12 -1.89 3F392B 0.6
-1.890001 11.49 -1.89 3F392B 0.6
-6.930001 11.49 -1.259999 3F392B 0.6
-6.300001 11.49 -1.259999 3F392B 0.6
-5.670001 11.49 -1.26 3F392B 0.6
-5.040001 11.49 -1.89 3F392B 0.6
-4.410001 11.49 -1.89 3F392B 0.6
-3.780001 11.49 -1.89 3F392B 0.6
-3.150001 11.49 -1.89 3F392B 0.6
-2.52 11.49 -1.89 3F392B 0.6
0.6299998 11.49 -1.89 8C8984 0.6
1.26 11.49 -1.89 8C8984 0.6
-2.52 12.12 -1.89 3F392B 0.6
-6.300001 12.12 -1.259999 3F392B 0.6
-5.670001 12.12 -1.89 3F392B 0.6
-5.040001 12.12 -1.89 3F392B 0.6
-4.410001 12.12 -1.89 3F392B 0.6
-3.780001 12.12 -1.89 3F392B 0.6
-3.150001 12.12 -1.89 3F392B 0.6
0.6299998 12.12 -1.89 3F392B 0.6
1.26 12.12 -1.89 8C8984 0.6
1.89 12.12 -1.26 8C8984 0.6
-6.300001 12.75 -1.889999 3F392B 0.6
-5.670001 12.75 -1.89 3F392B 0.6
-5.040001 12.75 -1.89 3F392B 0.6
-4.410001 12.75 -1.89 3F392B 0.6
-3.780001 12.75 -1.89 3F392B 0.6
-3.150001 12.75 -1.89 3F392B 0.6
-2.384186E-07 12.75 -1.89 3F392B 0.6
0.6299998 12.75 -1.89 3F392B 0.6
1.26 12.75 -1.26 3F392B 0.6
-5.670001 13.38 -1.89 3F392B 0.6
-5.040001 13.38 -1.89 3F392B 0.6
-4.410001 13.38 -1.89 3F392B 0.6
-3.780001 13.38 -1.89 3F392B 0.6
-0.6300003 13.38 -1.89 3F392B 0.6
-2.384186E-07 13.38 -1.89 3F392B 0.6
0.6299999 13.38 -1.26 3F392B 0.6
1.26 13.38 -1.26 3F392B 0.6
-3.780001 14.01 -1.89 3F392B 0.6
-2.384186E-07 14.01 -1.89 3F392B 0.6
0.6299999 14.01 -1.26 3F392B 0.6
-3.150001 14.01 -1.89 4F4839 0.6
-2.52 14.01 -1.89 4F4839 0.6
-1.890001 14.01 -1.89 4F4839 0.6
-1.26 14.01 -1.89 4F4839 0.6
-4.410001 2.67 -2.52 211D16 0.6
-3.780001 0.15 -2.52 080805 0.6
-3.150001 0.15 -2.52 080805 0.6
-2.52 0.15 -2.52 080805 0.6
-1.890001 0.15 -2.52 080805 0.6
-1.26 3.93 -2.52 312B21 0.6
-0.6300003 4.56 -2.52 312B21 0.6
-2.384186E-07 7.710001 -2.52 9C9894 0.6
0.6299998 2.67 -2.52 312B21 0.6
1.26 2.67 -2.52 312B21 0.6
1.89 2.67 -2.52 312B21 0.6
2.52 0.15 -2.52 080805 0.6
3.15 0.15 -2.520001 080805 0.6
3.78 0.15 -2.520001 080805 0.6
4.410001 0.15 -2.520001 080805 0.6
6.300001 8.97 -2.520001 312B21 0.6
-3.780001 0.78 -2.52 211D16 0.6
2.52 0.78 -2.52 211D16 0.6
-3.150001 0.78 -2.52 211D16 0.6
-2.52 2.67 -2.52 312B21 0.6
-2.52 0.78 -2.52 211D16 0.6
-1.890001 3.3 -2.52 312B21 0.6
-1.890001 0.78 -2.52 211D16 0.6
3.15 0.78 -2.520001 211D16 0.6
3.78 3.93 -2.520001 312B21 0.6
3.78 0.78 -2.520001 211D16 0.6
-3.780001 1.41 -2.52 312B21 0.6
-3.780001 2.67 -2.52 211D16 0.6
1.89 1.41 -2.52 312B21 0.6
-3.150001 2.67 -2.52 211D16 0.6
-2.52 1.41 -2.52 312B21 0.6
2.52 2.04 -2.52 211D16 0.6
3.15 2.67 -2.520001 211D16 0.6
3.15 1.41 -2.520001 312B21 0.6
-4.410001 2.04 -2.52 312B21 0.6
1.89 2.04 -2.52 312B21 0.6
-2.52 2.04 -2.52 312B21 0.6
3.15 2.04 -2.520001 312B21 0.6
-4.410001 3.93 -2.52 312B21 0.6
-3.780001 3.3 -2.52 211D16 0.6
-3.150001 3.3 -2.52 211D16 0.6
-1.26 2.67 -2.52 4F4839 0.6
-0.6300003 2.67 -2.52 4F4839 0.6
-2.384186E-07 2.67 -2.52 4F4839 0.6
1.89 3.3 -2.52 211D16 0.6
2.52 3.3 -2.52 211D16 0.6
2.52 2.67 -2.52 4F4839 0.6
3.15 3.3 -2.520001 211D16 0.6
-4.410001 3.3 -2.52 312B21 0.6
-2.384186E-07 3.3 -2.52 4F4839 0.6
-2.52 3.3 -2.52 211D16 0.6
-1.890001 3.93 -2.52 211D16 0.6
-1.26 3.3 -2.52 4F4839 0.6
-0.6300003 3.3 -2.52 4F4839 0.6
-4.410001 3.93 -1.89 4F4839 0.6
-2.384186E-07 3.93 -2.52 4F4839 0.6
-3.780001 3.93 -2.52 3F392B 0.6
-3.150001 3.93 -2.52 3F392B 0.6
-2.52 3.93 -2.52 3F392B 0.6
-0.6300003 3.93 -2.52 4F4839 0.6
1.26 3.93 -2.52 312B21 0.6
1.89 3.93 -2.52 4F4839 0.6
2.52 3.93 -2.52 3F392B 0.6
3.15 3.93 -2.520001 3F392B 0.6
-4.410001 4.56 -2.52 312B21 0.6
-4.410001 4.56 -1.89 4F4839 0.6
-2.384186E-07 4.56 -2.52 4F4839 0.6
-3.780001 4.56 -1.89 4F4839 0.6
-3.150001 4.56 -1.89 4F4839 0.6
-2.52 4.56 -1.89 4F4839 0.6
-1.26 4.56 -2.52 4F4839 0.6
1.26 4.56 -2.52 312B21 0.6
1.89 4.56 -2.52 4F4839 0.6
2.52 4.56 -2.52 4F4839 0.6
3.15 4.56 -2.520001 4F4839 0.6
3.78 4.56 -2.520001 4F4839 0.6
-4.410001 5.19 -2.52 312B21 0.6
-4.410001 5.19 -1.89 4F4839 0.6
-2.384186E-07 5.19 -2.52 4F4839 0.6
-3.780001 5.19 -1.89 4F4839 0.6
-3.150001 5.19 -1.89 4F4839 0.6
-2.52 5.19 -1.89 4F4839 0.6
-1.26 5.19 -2.52 4F4839 0.6
-0.6300003 5.19 -2.52 3F392B 0.6
1.89 5.19 -2.52 3F392B 0.6
1.26 5.19 -2.52 4F4839 0.6
2.52 5.19 -2.52 4F4839 0.6
3.15 5.19 -2.520001 4F4839 0.6
3.78 5.19 -2.520001 4F4839 0.6
-4.410001 5.82 -2.52 312B21 0.6
-2.384186E-07 5.82 -2.52 4F4839 0.6
-3.780001 5.82 -1.89 4F4839 0.6
-3.150001 5.82 -1.89 4F4839 0.6
-2.52 5.82 -1.89 4F4839 0.6
-1.26 5.82 -2.52 4F4839 0.6
-0.6300003 5.82 -2.52 4F4839 0.6
1.89 5.82 -2.52 60594A 0.6
1.26 5.82 -2.52 4F4839 0.6
2.52 5.82 -2.52 4F4839 0.6
3.15 5.82 -2.520001 4F4839 0.6
3.78 5.82 -2.520001 3F392B 0.6
-4.410001 6.45 -2.52 3F392B 0.6
-3.780001 6.45 -1.89 4F4839 0.6
-2.384186E-07 6.45 -2.52 4F4839 0.6
-2.52 6.45 -2.52 4F4839 0.6
-3.150001 6.45 -2.52 4F4839 0.6
-1.890001 6.45 -2.52 4F4839 0.6
-1.26 6.45 -2.52 4F4839 0.6
-0.6300003 6.45 -2.52 4F4839 0.6
1.26 6.45 -2.52 4F4839 0.6
1.89 6.45 -2.52 4F4839 0.6
2.52 6.45 -2.52 4F4839 0.6
3.15 6.45 -2.520001 4F4839 0.6
5.04 6.45 -1.890001 4F4839 0.6
5.67 6.45 -1.890001 4F4839 0.6
-2.384186E-07 7.08 -2.52 4F4839 0.6
-3.780001 6.45 -2.52 4F4839 0.6
-3.150001 7.08 -1.89 4F4839 0.6
-2.52 7.08 -1.89 4F4839 0.6
-1.26 7.08 -2.52 4F4839 0.6
-0.6300003 7.08 -2.52 4F4839 0.6
1.26 7.08 -2.52 9C9894 0.6
1.89 7.08 -2.52 4F4839 0.6
2.52 7.08 -2.52 4F4839 0.6
5.04 7.08 -1.890001 4F4839 0.6
5.67 7.08 -1.890001 4F4839 0.6
-2.52 7.710001 -1.89 9C9894 0.6
-1.26 7.710001 -2.52 9C9894 0.6
-0.6300003 7.710001 -2.52 9C9894 0.6
1.26 7.710001 -2.52 9C9894 0.6
0.6299998 7.710001 -2.52 9C9894 0.6
1.89 7.710001 -2.52 9C9894 0.6
5.04 7.710001 -1.890001 4F4839 0.6
5.67 7.710001 -1.890001 4F4839 0.6
-2.384186E-07 8.34 -2.52 9C9894 0.6
-1.26 8.34 -2.52 9C9894 0.6
-0.6300003 8.34 -2.52 9C9894 0.6
0.6299998 8.34 -2.52 9C9894 0.6
5.04 8.34 -1.890001 4F4839 0.6
5.67 8.34 -1.890001 4F4839 0.6
5.67 8.97 -2.520001 3F392B 0.6
6.300001 9.6 -2.520001 60594A 0.6
-1.26 10.86 -1.89 8C8984 0.6
-0.6300003 10.86 -1.89 8C8984 0.6
-2.384186E-07 10.86 -1.89 8C8984 0.6
-1.26 11.49 -1.89 3F392B 0.6
-0.6300003 11.49 -1.89 3F392B 0.6
-2.384186E-07 11.49 -1.89 8C8984 0.6
-1.890001 12.12 -1.89 3F392B 0.6
-1.26 12.12 -1.89 3F392B 0.6
-0.6300003 12.12 -1.89 3F392B 0.6
-1.890001 12.75 -1.89 3F392B 0.6
-1.26 12.75 -1.89 3F392B 0.6
-0.6300003 12.75 -1.89 3F392B 0.6
-2.52 13.38 -1.89 3F392B 0.6
-1.890001 13.38 -1.89 3F392B 0.6
-1.26 13.38 -1.89 3F392B 0.6
1.89 3.3 -3.150001 211D16 0.6
2.52 3.3 -3.150001 211D16 0.6
3.15 3.3 -3.150001 211D16 0.6
3.78 3.93 -3.150001 312B21 0.6
-3.780001 0.15 -3.15 312B21 0.6
-3.150001 0.15 -3.15 312B21 0.6
-2.520001 0.15 -3.15 312B21 0.6
-1.890001 0.15 -3.150001 312B21 0.6
-3.150001 1.41 -2.52 3F392B 0.6
2.52 1.41 -3.150001 3F392B 0.6
3.15 1.41 -3.150001 3F392B 0.6
-3.780001 2.04 -2.52 3F392B 0.6
-3.150001 2.04 -2.52 3F392B 0.6
2.52 2.04 -3.150001 3F392B 0.6
3.15 2.04 -3.150001 3F392B 0.6
-3.780001 2.67 -3.15 3F392B 0.6
-3.150001 2.67 -3.15 3F392B 0.6
1.89 2.67 -3.150001 3F392B 0.6
2.52 2.67 -3.150001 3F392B 0.6
3.15 2.67 -3.150001 3F392B 0.6
0.6299998 3.3 -2.52 4F4839 0.6
1.26 3.3 -2.52 4F4839 0.6
1.26 3.93 -3.150001 312B21 0.6
-4.410001 3.93 -3.15 3F392B 0.6
-3.780001 3.93 -3.15 3F392B 0.6
-3.150001 3.93 -3.15 3F392B 0.6
-2.520001 3.93 -3.15 3F392B 0.6
-1.890001 3.93 -3.150001 3F392B 0.6
-1.260001 3.93 -3.150001 3F392B 0.6
0.6299998 3.93 -2.52 4F4839 0.6
1.26 4.56 -3.150001 312B21 0.6
-4.410001 4.56 -3.15 3F392B 0.6
-3.780001 4.56 -3.15 3F392B 0.6
-3.150001 4.56 -3.15 3F392B 0.6
-2.520001 4.56 -3.15 3F392B 0.6
-1.890001 4.56 -3.150001 3F392B 0.6
-1.260001 4.56 -3.150001 3F392B 0.6
0.6299998 4.56 -2.52 4F4839 0.6
3.78 4.56 -3.150001 312B21 0.6
3.78 5.19 -3.150001 4F4839 0.6
-4.410001 5.19 -3.15 3F392B 0.6
-3.780001 5.19 -3.15 3F392B 0.6
-3.150001 5.19 -3.15 3F392B 0.6
-2.520001 5.19 -3.15 3F392B 0.6
-1.890001 5.19 -3.150001 4F4839 0.6
0.6299998 5.19 -2.52 4F4839 0.6
1.89 5.19 -3.150001 4F4839 0.6
2.52 5.19 -3.150001 4F4839 0.6
3.15 5.19 -3.150001 4F4839 0.6
-4.410001 5.82 -3.15 3F392B 0.6
-3.780001 5.82 -3.15 4F4839 0.6
-3.150001 5.82 -2.52 4F4839 0.6
-2.52 5.82 -2.52 4F4839 0.6
-1.890001 5.82 -2.52 4F4839 0.6
0.6299998 5.82 -2.52 4F4839 0.6
2.52 5.82 -3.150001 4F4839 0.6
3.15 5.82 -3.150001 4F4839 0.6
0.6299998 6.45 -2.52 4F4839 0.6
0.6299998 7.08 -2.52 4F4839 0.6
1.89 3.93 -3.150001 3F392B 0.6
2.52 3.93 -3.150001 3F392B 0.6
3.15 3.93 -3.150001 3F392B 0.6
1.89 4.56 -3.150001 3F392B 0.6
2.52 4.56 -3.150001 3F392B 0.6
3.15 4.56 -3.150001 3F392B 0.6
