1.89 0 0.4725 002F73 0.45
1.89 0 0 002F73 0.45
1.89 0 -0.4725 002F73 0.45
1.89 0 -0.9449999 002F73 0.45
1.89 0.4725 0.4725 982021 0.45
1.89 0.4725 0 982021 0.45
1.89 0.4725 -0.4725 982021 0.45
1.89 0.4725 -0.9449999 982021 0.45
1.89 0.9449999 0.4725 982021 0.45
1.89 0.9449999 0 982021 0.45
1.89 0.9449999 -0.4725 982021 0.45
1.89 1.4175 0.4725 982021 0.45
1.89 1.4175 0 982021 0.45
1.89 1.4175 -0.4725 982021 0.45
1.89 1.89 0.4725 982021 0.45
1.89 1.89 0 982021 0.45
1.89 1.89 -0.4725 982021 0.45
1.89 2.3625 0.4725 B5B2B5 0.45
1.89 2.3625 0 00419C 0.45
1.89 2.3625 -0.4725 B5B2B5 0.45
1.89 2.835 0.4725 B5B4B5 0.45
1.89 2.835 0 00429F 0.45
1.89 2.835 -0.4725 B5B4B5 0.45
1.89 3.3075 0.4725 B5B4B5 0.45
1.89 3.3075 0 00429F 0.45
1.89 3.3075 -0.4725 B5B4B5 0.45
1.89 3.78 0.4725 B5B4B5 0.45
1.89 3.78 0 00429F 0.45
1.89 3.78 -0.4725 B5B4B5 0.45
1.89 4.2525 0.4725 B5B4B5 0.45
1.89 4.2525 0 00429F 0.45
1.89 4.2525 -0.4725 B5B4B5 0.45
1.89 4.725 0.4725 B5B4B5 0.45
1.89 4.725 0 00429F 0.45
1.89 4.725 -0.4725 B5B4B5 0.45
2.3625 5.1975 1.4175 B5B2B5 0.45
2.3625 5.1975 0.9449999 B5B2B5 0.45
2.3625 5.1975 0.4725 B5B2B5 0.45
2.3625 5.1975 0 00419C 0.45
2.3625 5.1975 -0.4725 B5B2B5 0.45
2.3625 5.1975 -0.9449999 B5B2B5 0.45
2.3625 5.1975 -1.4175 B5B2B5 0.45
2.3625 5.67 1.4175 B5B4B5 0.45
2.3625 5.67 0.9449999 B5B4B5 0.45
2.3625 5.67 0.4725 B5B4B5 0.45
2.3625 5.67 0 00429F 0.45
2.3625 5.67 -0.4725 B5B4B5 0.45
2.3625 5.67 -0.9449999 B5B4B5 0.45
2.3625 5.67 -1.4175 B5B2B5 0.45
2.3625 6.142499 1.4175 C2C2C2 0.45
2.3625 6.142499 0.9449999 C2C2C2 0.45
2.3625 6.142499 0.4725 C2C2C2 0.45
2.3625 6.142499 0 00429F 0.45
2.3625 6.142499 -0.4725 C2C2C2 0.45
2.3625 6.142499 -0.9449999 C2C2C2 0.45
2.3625 6.142499 -1.4175 C2C2C2 0.45
2.3625 6.615 1.4175 940000 0.45
2.3625 6.615 0.9449999 101831 0.45
2.3625 6.615 0.4725 940000 0.45
2.3625 6.615 0 101831 0.45
2.3625 6.615 -0.4725 940000 0.45
2.3625 6.615 -0.9449999 101831 0.45
2.3625 6.615 -1.4175 940000 0.45
2.3625 7.0875 1.4175 940000 0.45
2.3625 7.0875 0.9449999 08082D 0.45
2.3625 7.0875 0.4725 940000 0.45
2.3625 7.0875 0 08082D 0.45
2.3625 7.0875 -0.4725 940000 0.45
2.3625 7.0875 -0.9449999 08082D 0.45
2.3625 7.0875 -1.4175 940000 0.45
2.3625 7.559999 1.4175 940000 0.45
2.3625 7.559999 0.9449999 08082D 0.45
2.3625 7.559999 0.4725 940000 0.45
2.3625 7.559999 0 08082D 0.45
2.3625 7.559999 -0.4725 940000 0.45
2.3625 7.559999 -0.9449999 08082D 0.45
2.3625 7.559999 -1.4175 940000 0.45
2.3625 8.0325 1.4175 940000 0.45
2.3625 8.0325 0.9449999 182439 0.45
2.3625 8.0325 0.4725 940000 0.45
2.3625 8.0325 0 182439 0.45
2.3625 8.0325 -0.4725 940000 0.45
2.3625 8.0325 -0.9449999 182439 0.45
2.3625 8.0325 -1.4175 940000 0.45
2.3625 8.504999 1.4175 C2C2C2 0.45
2.3625 8.504999 0.9449999 C2C2C2 0.45
2.3625 8.504999 0.4725 C2C2C2 0.45
2.3625 8.504999 0 00429F 0.45
2.3625 8.504999 -0.4725 C2C2C2 0.45
2.3625 8.504999 -0.9449999 C2C2C2 0.45
2.3625 8.504999 -1.4175 C2C2C2 0.45
2.3625 8.9775 1.4175 C2C2C2 0.45
2.3625 8.9775 0.9449999 C2C2C2 0.45
2.3625 8.9775 0.4725 C2C2C2 0.45
2.3625 8.9775 0 00429F 0.45
2.3625 8.9775 -0.4725 C2C2C2 0.45
2.3625 8.9775 -0.9449999 C2C2C2 0.45
2.3625 8.9775 -1.4175 C2C2C2 0.45
2.3625 9.45 1.4175 C2C2C2 0.45
2.3625 9.45 0.9449999 C2C2C2 0.45
2.3625 9.45 0.4725 C2C2C2 0.45
2.3625 9.45 0 00429F 0.45
2.3625 9.45 -0.4725 C2C2C2 0.45
2.3625 9.45 -0.9449999 C2C2C2 0.45
2.3625 9.45 -1.4175 C2C2C2 0.45
2.3625 9.9225 1.4175 C2C2C2 0.45
2.3625 9.9225 0.9449999 C2C2C2 0.45
2.3625 9.9225 0.4725 C2C2C2 0.45
2.3625 9.9225 0 00429F 0.45
2.3625 9.9225 -0.4725 C2C2C2 0.45
2.3625 9.9225 -0.9449999 C2C2C2 0.45
2.3625 9.9225 -1.4175 C2C2C2 0.45
2.3625 10.395 1.4175 C2C2C2 0.45
2.3625 10.395 0.9449999 C2C2C2 0.45
5.67 10.395 0.4725 DADBDA 0.45
5.67 10.395 0 DADBDA 0.45
5.67 10.395 -0.4725 DADBDA 0.45
2.3625 10.395 -0.9449999 C2C2C2 0.45
2.3625 10.395 -1.4175 C2C2C2 0.45
2.3625 10.8675 1.4175 C2C2C2 0.45
2.3625 10.8675 0.9449999 C2C2C2 0.45
9.45 10.8675 0.4725 D8967E 0.45
9.45 10.8675 0 D8967E 0.45
9.45 10.8675 -0.4725 D8967E 0.45
2.3625 10.8675 -0.9449999 C2C2C2 0.45
2.3625 10.8675 -1.4175 C2C2C2 0.45
2.3625 11.34 1.4175 C8C8C8 0.45
2.3625 11.34 0.9449999 C8C8C8 0.45
9.45 11.34 0.4725 D8967E 0.45
9.45 11.34 0 D8967E 0.45
9.45 11.34 -0.4725 D8967E 0.45
2.3625 11.34 -0.9449999 C8C8C8 0.45
2.3625 11.34 -1.4175 C8C8C8 0.45
1.89 11.8125 1.89 E4A78E 0.45
1.89 11.8125 1.4175 E4A78E 0.45
1.89 11.8125 0.9449999 E4A78E 0.45
1.89 11.8125 0.4725 E4A78E 0.45
1.89 11.8125 0 E4A78E 0.45
1.89 11.8125 -0.4725 E4A78E 0.45
1.89 11.8125 -0.9449999 E4A78E 0.45
1.89 11.8125 -1.4175 CA967F 0.45
1.89 11.8125 -1.89 CA967F 0.45
1.89 12.285 1.89 E7A68C 0.45
1.89 12.285 1.4175 E7A68C 0.45
1.89 12.285 0.9449999 E7A68C 0.45
1.89 12.285 0.4725 E7A68C 0.45
1.89 12.285 0 E7A68C 0.45
1.89 12.285 -0.4725 E4A78E 0.45
1.89 12.285 -0.9449999 E4A78E 0.45
1.89 12.285 -1.4175 CA967F 0.45
1.89 12.285 -1.89 CA967F 0.45
1.89 12.7575 1.89 80511B 0.45
1.89 12.7575 1.4175 80511B 0.45
1.89 12.7575 0.9449999 80511B 0.45
1.89 12.7575 0.4725 80511B 0.45
1.89 12.7575 0 80511B 0.45
1.89 12.7575 -0.4725 D8967E 0.45
1.89 12.7575 -0.9449999 E7A68C 0.45
1.89 12.7575 -1.4175 CA967F 0.45
1.89 12.7575 -1.89 CA967F 0.45
1.89 13.23 1.89 80511B 0.45
1.89 13.23 1.4175 80511B 0.45
1.89 13.23 0.9449999 80511B 0.45
1.89 13.23 0.4725 80511B 0.45
1.89 13.23 0 80511B 0.45
1.89 13.23 -0.4725 D8967E 0.45
1.89 13.23 -0.9449999 DE9A84 0.45
1.89 13.23 -1.4175 E4A78E 0.45
1.89 13.23 -1.89 E4A78E 0.45
1.89 13.7025 1.89 80511B 0.45
1.89 13.7025 1.4175 80511B 0.45
1.89 13.7025 0.9449999 80511B 0.45
1.89 13.7025 0.4725 80511B 0.45
1.89 13.7025 0 80511B 0.45
1.89 13.7025 -0.4725 D6967B 0.45
1.89 13.7025 -0.9449999 845118 0.45
1.89 13.7025 -1.4175 E4A78E 0.45
1.89 13.7025 -1.89 E4A78E 0.45
1.89 14.175 1.89 80511B 0.45
1.89 14.175 1.4175 80511B 0.45
1.89 14.175 0.9449999 80511B 0.45
1.89 14.175 0.4725 80511B 0.45
1.89 14.175 0 80511B 0.45
1.89 14.175 -0.4725 80511B 0.45
1.89 14.175 -0.9449999 80511B 0.45
1.89 14.175 -1.4175 E4A78E 0.45
1.89 14.175 -1.89 E4A78E 0.45
1.89 14.6475 1.89 80511B 0.45
1.89 14.6475 1.4175 80511B 0.45
1.89 14.6475 0.9449999 80511B 0.45
1.89 14.6475 0.4725 80511B 0.45
1.89 14.6475 0 80511B 0.45
1.89 14.6475 -0.4725 80511B 0.45
1.89 14.6475 -0.9449999 80511B 0.45
1.89 14.6475 -1.4175 E7A68C 0.45
1.89 14.6475 -1.89 E4A78E 0.45
1.89 15.12 1.89 80511B 0.45
1.89 15.12 1.4175 80511B 0.45
1.89 15.12 0.9449999 80511B 0.45
1.89 15.12 0.4725 80511B 0.45
1.89 15.12 0 80511B 0.45
1.89 15.12 -0.4725 80511B 0.45
1.89 15.12 -0.9449999 80511B 0.45
1.89 15.12 -1.4175 80511B 0.45
1.89 15.12 -1.89 845118 0.45
1.89 15.5925 1.89 80511B 0.45
1.89 15.5925 1.4175 80511B 0.45
1.89 15.5925 0.9449999 80511B 0.45
1.89 15.5925 0.4725 80511B 0.45
1.89 15.5925 0 80511B 0.45
1.89 15.5925 -0.4725 80511B 0.45
1.89 15.5925 -0.9449999 80511B 0.45
1.89 15.5925 -1.4175 80511B 0.45
1.89 15.5925 -1.89 80511B 0.45
9.45 10.395 0.4725 CE9073 0.45
9.45 10.395 0 CE9073 0.45
9.45 10.395 -0.4725 CE9073 0.45
8.504999 10.8675 0.4725 000141 0.45
8.504999 10.8675 0 000141 0.45
8.504999 10.8675 -0.4725 000141 0.45
8.504999 11.34 0.4725 000141 0.45
8.504999 11.34 0 000141 0.45
8.504999 11.34 -0.4725 000141 0.45
8.9775 10.395 0.4725 CE9073 0.45
8.9775 10.395 0 CE9073 0.45
8.9775 10.395 -0.4725 CE9073 0.45
8.9775 10.8675 0.4725 FFCCAD 0.45
8.9775 10.8675 -0.4725 FFCCAD 0.45
8.9775 11.34 0.4725 FFCCAD 0.45
8.9775 11.34 -0.4725 FFCCAD 0.45
8.9775 11.34 0 ECAF97 0.45
8.504999 10.395 0.4725 002A84 0.45
8.504999 10.395 0 002A84 0.45
8.504999 10.395 -0.4725 002A84 0.45
8.504999 10.8675 0.9449999 003894 0.45
5.67 10.8675 0.4725 DADBDA 0.45
5.67 10.8675 0 DADBDA 0.45
5.67 10.8675 -0.4725 DADBDA 0.45
8.504999 10.8675 -0.9449999 003791 0.45
8.504999 11.34 0.9449999 003894 0.45
5.67 11.34 0.4725 DADBDA 0.45
5.67 11.34 0 DADBDA 0.45
5.67 11.34 -0.4725 DADBDA 0.45
8.504999 11.34 -0.9449999 003791 0.45
8.504999 11.8125 0.4725 00439F 0.45
8.504999 11.8125 0 00429F 0.45
8.504999 11.8125 -0.4725 00439F 0.45
8.0325 10.395 0.4725 002A84 0.45
8.0325 10.395 0 002A84 0.45
8.0325 10.395 -0.4725 002A84 0.45
8.0325 10.8675 0.9449999 003791 0.45
8.0325 10.8675 -0.9449999 003791 0.45
8.0325 11.34 0.9449999 003791 0.45
8.0325 11.34 -0.9449999 003791 0.45
8.0325 11.8125 0.4725 00439F 0.45
8.0325 11.8125 0 00429F 0.45
8.0325 11.8125 -0.4725 00439F 0.45
7.559999 10.395 0.4725 D3D3D3 0.45
7.559999 10.395 0 D3D3D3 0.45
7.559999 10.395 -0.4725 D3D3D3 0.45
7.559999 10.8675 0.9449999 C2C2C2 0.45
7.559999 10.8675 -0.9449999 C2C2C2 0.45
7.559999 11.34 0.9449999 C2C2C2 0.45
7.559999 11.34 -0.9449999 C2C2C2 0.45
7.559999 11.8125 0.4725 DADBDA 0.45
7.559999 11.8125 0 00429F 0.45
7.559999 11.8125 -0.4725 DADBDA 0.45
7.0875 10.395 0.4725 D3D3D3 0.45
7.0875 10.395 0 D3D3D3 0.45
7.0875 10.395 -0.4725 D3D3D3 0.45
7.0875 10.8675 0.9449999 C2C2C2 0.45
7.0875 10.8675 -0.9449999 C2C2C2 0.45
7.0875 11.34 0.9449999 C2C2C2 0.45
7.0875 11.34 -0.9449999 C2C2C2 0.45
7.0875 11.8125 0.4725 DADBDA 0.45
7.0875 11.8125 0 00429F 0.45
7.0875 11.8125 -0.4725 DADBDA 0.45
6.615 10.395 0.4725 D3D3D3 0.45
6.615 10.395 0 D3D3D3 0.45
6.615 10.395 -0.4725 D3D3D3 0.45
6.615 10.8675 0.9449999 C6C3C6 0.45
6.615 10.8675 -0.9449999 C2C2C2 0.45
6.615 11.34 0.9449999 C6C3C6 0.45
6.615 11.34 -0.9449999 C2C2C2 0.45
6.615 11.8125 0.4725 DADBDA 0.45
6.615 11.8125 0 00429F 0.45
6.615 11.8125 -0.4725 DADBDA 0.45
6.142499 10.395 0.4725 D3D3D3 0.45
6.142499 10.395 0 D3D3D3 0.45
6.142499 10.395 -0.4725 D3D3D3 0.45
6.142499 10.8675 0.9449999 00429F 0.45
6.142499 10.8675 -0.9449999 C2C2C2 0.45
6.142499 11.34 0.9449999 00419C 0.45
6.142499 11.34 -0.9449999 C2C2C2 0.45
6.142499 11.8125 0.4725 DADBDA 0.45
6.142499 11.8125 0 00429F 0.45
6.142499 11.8125 -0.4725 DADBDA 0.45
5.67 10.395 0.9449999 C2C2C2 0.45
2.3625 10.395 0.4725 C2C2C2 0.45
2.3625 10.395 0 00429F 0.45
2.3625 10.395 -0.4725 C2C2C2 0.45
5.67 10.395 -0.9449999 C6C3C6 0.45
5.67 10.8675 0.9449999 00429F 0.45
2.3625 10.8675 0.4725 C2C2C2 0.45
2.3625 10.8675 0 00429F 0.45
2.3625 10.8675 -0.4725 C2C2C2 0.45
5.67 10.8675 -0.9449999 C2C2C2 0.45
5.67 11.34 0.9449999 00429F 0.45
2.3625 11.34 0.4725 C8C8C8 0.45
2.3625 11.34 0 00429F 0.45
2.3625 11.34 -0.4725 C8C8C8 0.45
5.67 11.34 -0.9449999 C2C2C2 0.45
5.67 11.8125 0.4725 DADBDA 0.45
5.67 11.8125 0 00429F 0.45
5.67 11.8125 -0.4725 DADBDA 0.45
5.1975 10.395 0.4725 D3D3D3 0.45
5.1975 10.395 0 D3D3D3 0.45
5.1975 10.395 -0.4725 D3D3D3 0.45
5.1975 10.395 0.9449999 C2C2C2 0.45
5.1975 10.395 -0.9449999 C6C3C6 0.45
5.1975 10.8675 0.9449999 C2C2C2 0.45
5.1975 10.8675 -0.9449999 C2C2C2 0.45
5.1975 11.34 0.9449999 C2C2C2 0.45
5.1975 11.34 -0.9449999 C2C2C2 0.45
5.1975 11.8125 0.4725 DADBDA 0.45
5.1975 11.8125 0 00429F 0.45
5.1975 11.8125 -0.4725 DADBDA 0.45
4.725 10.395 0.4725 D3D3D3 0.45
4.725 10.395 0 D3D3D3 0.45
4.725 10.395 -0.4725 D3D3D3 0.45
4.725 10.395 0.9449999 C2C2C2 0.45
4.725 10.395 -0.9449999 C6C3C6 0.45
4.725 10.8675 0.9449999 C2C2C2 0.45
4.725 10.8675 -0.9449999 C2C2C2 0.45
4.725 11.34 0.9449999 C2C2C2 0.45
4.725 11.34 -0.9449999 C2C2C2 0.45
4.725 11.8125 0.4725 DADBDA 0.45
4.725 11.8125 0 00429F 0.45
4.725 11.8125 -0.4725 DADBDA 0.45
4.2525 10.395 0.4725 D3D3D3 0.45
4.2525 10.395 0 D3D3D3 0.45
4.2525 10.395 -0.4725 D3D3D3 0.45
4.2525 10.395 0.9449999 C2C2C2 0.45
4.2525 10.395 -0.9449999 C6C3C6 0.45
4.2525 10.8675 0.9449999 C2C2C2 0.45
4.2525 10.8675 -0.9449999 C2C2C2 0.45
4.2525 11.34 0.9449999 C2C2C2 0.45
4.2525 11.34 -0.9449999 C2C2C2 0.45
4.2525 11.8125 0.4725 DADBDA 0.45
4.2525 11.8125 0 00429F 0.45
4.2525 11.8125 -0.4725 DADBDA 0.45
3.78 10.395 0.4725 D3D3D3 0.45
3.78 10.395 0 D3D3D3 0.45
3.78 10.395 -0.4725 D3D3D3 0.45
3.78 10.395 0.9449999 C2C2C2 0.45
3.78 10.395 -0.9449999 C6C3C6 0.45
3.78 10.8675 0.9449999 C2C2C2 0.45
3.78 10.8675 -0.9449999 C2C2C2 0.45
3.78 11.34 0.9449999 C2C2C2 0.45
3.78 11.34 -0.9449999 C2C2C2 0.45
3.78 11.8125 0.4725 DADBDA 0.45
3.78 11.8125 0 00429F 0.45
3.78 11.8125 -0.4725 DADBDA 0.45
3.3075 10.395 0.4725 D3D3D3 0.45
3.3075 10.395 0 D3D3D3 0.45
3.3075 10.395 -0.4725 D3D3D3 0.45
3.3075 10.395 0.9449999 C2C2C2 0.45
3.3075 10.395 -0.9449999 C6C3C6 0.45
3.3075 10.8675 0.9449999 C2C2C2 0.45
3.3075 10.8675 -0.9449999 C2C2C2 0.45
3.3075 11.34 0.9449999 C2C2C2 0.45
3.3075 11.34 -0.9449999 C2C2C2 0.45
3.3075 11.8125 0.4725 DADBDA 0.45
3.3075 11.8125 0 00429F 0.45
3.3075 11.8125 -0.4725 DADBDA 0.45
2.835 10.395 0.4725 D3D3D3 0.45
2.835 10.395 0 D3D3D3 0.45
2.835 10.395 -0.4725 D3D3D3 0.45
2.835 10.395 0.9449999 C2C2C2 0.45
2.835 10.395 -0.9449999 C6C3C6 0.45
2.835 10.8675 0.9449999 C2C2C2 0.45
2.835 10.8675 -0.9449999 C2C2C2 0.45
2.835 11.34 0.9449999 C2C2C2 0.45
2.835 11.34 -0.9449999 C2C2C2 0.45
2.835 11.8125 0.4725 DADBDA 0.45
2.835 11.8125 0 00429F 0.45
2.835 11.8125 -0.4725 DADBDA 0.45
-2.835 10.395 0.4725 DADBDA 0.45
-2.835 10.395 0 DADBDA 0.45
-2.835 10.395 -0.4725 DADBDA 0.45
2.835 10.8675 0.4725 DBDBDB 0.45
-2.835 10.8675 0.4725 DBDBDB 0.45
2.835 10.8675 0 D3D3D3 0.45
-2.835 10.8675 0 D3D3D3 0.45
2.835 10.8675 -0.4725 DADBDA 0.45
-2.835 10.8675 -0.4725 DBDBDB 0.45
2.835 11.34 0.4725 DBDBDB 0.45
-2.835 11.34 0.4725 DBDBDB 0.45
2.835 11.34 0 D3D3D3 0.45
-2.835 11.34 0 D3D3D3 0.45
2.835 11.34 -0.4725 DADBDA 0.45
-2.835 11.34 -0.4725 DBDBDB 0.45
2.3625 11.8125 1.4175 DEDDDE 0.45
2.3625 11.8125 0.9449999 DEDDDE 0.45
2.3625 11.8125 0.4725 DEDDDE 0.45
2.3625 11.8125 0 DEDDDE 0.45
2.3625 11.8125 -0.4725 DEDDDE 0.45
2.3625 11.8125 -0.9449999 DEDDDE 0.45
2.3625 11.8125 -1.4175 DEDDDE 0.45
1.89 11.34 1.89 CE9273 0.45
1.89 5.1975 1.4175 9A9A9A 0.45
1.89 5.1975 0.9449999 9A9A9A 0.45
1.89 5.1975 -0.9449999 9A9A9A 0.45
1.89 5.1975 -1.4175 9A9A9A 0.45
1.89 11.34 -1.89 B8836A 0.45
1.89 0.9449999 0.9449999 AA2B2B 0.45
1.89 0.9449999 -0.9449999 AA2B2B 0.45
1.89 1.4175 0.9449999 AA2B2B 0.45
-0.4725 1.4175 0.4725 982021 0.45
-0.4725 1.4175 0 982021 0.45
-0.4725 1.4175 -0.4725 982021 0.45
1.89 1.4175 -0.9449999 AA2B2B 0.45
1.89 1.89 0.9449999 AA2B2B 0.45
-0.4725 1.89 0.4725 982021 0.45
-0.4725 1.89 0 982021 0.45
-0.4725 1.89 -0.4725 982021 0.45
1.89 1.89 -0.9449999 AA2B2B 0.45
1.89 2.3625 0.9449999 D6E3DE 0.45
-0.4725 2.3625 0.4725 B5B2B5 0.45
-0.4725 2.3625 0 B5B2B5 0.45
-0.4725 2.3625 -0.4725 B5B2B5 0.45
1.89 2.3625 -0.9449999 DEDBDE 0.45
1.89 2.835 0.9449999 DEDBDE 0.45
-0.4725 2.835 0.4725 B5B4B5 0.45
-0.4725 2.835 0 B5B4B5 0.45
-0.4725 2.835 -0.4725 B5B4B5 0.45
1.89 2.835 -0.9449999 DBDBDB 0.45
1.89 3.3075 0.9449999 D6D7D6 0.45
1.89 5.1975 0.4725 9A9A9A 0.45
-0.4725 3.3075 0.4725 B5B4B5 0.45
1.89 5.1975 0 000052 0.45
-0.4725 3.3075 0 B5B4B5 0.45
1.89 5.1975 -0.4725 9A9A9A 0.45
-0.4725 3.3075 -0.4725 B5B4B5 0.45
1.89 3.3075 -0.9449999 DBDBDB 0.45
1.89 3.78 0.9449999 D6D7D6 0.45
-0.4725 3.78 0.4725 B5B4B5 0.45
-0.4725 3.78 0 B5B4B5 0.45
-0.4725 3.78 -0.4725 B5B4B5 0.45
1.89 3.78 -0.9449999 DBDBDB 0.45
1.89 4.2525 0.9449999 D6D7D6 0.45
-0.4725 4.2525 0.4725 B5B4B5 0.45
-0.4725 4.2525 0 B5B4B5 0.45
-0.4725 4.2525 -0.4725 B5B4B5 0.45
1.89 4.2525 -0.9449999 DBDBDB 0.45
1.89 4.725 0.9449999 D6D7D6 0.45
-0.4725 4.725 0.4725 B5B4B5 0.45
-0.4725 4.725 0 B5B4B5 0.45
-0.4725 4.725 -0.4725 B5B4B5 0.45
1.89 4.725 -0.9449999 DBDBDB 0.45
1.89 6.142499 1.4175 A2A2A2 0.45
1.89 6.142499 0.9449999 A2A2A2 0.45
1.89 6.142499 0.4725 A2A2A2 0.45
-0.4725 5.1975 0.4725 B5B4B5 0.45
1.89 6.142499 0 A2A2A2 0.45
-0.4725 5.1975 0 B5B4B5 0.45
1.89 6.142499 -0.4725 A2A2A2 0.45
-0.4725 5.1975 -0.4725 B5B4B5 0.45
1.89 6.142499 -0.9449999 A2A2A2 0.45
1.89 6.142499 -1.4175 A2A2A2 0.45
1.89 5.67 1.4175 D6D7D6 0.45
1.89 5.67 0.4725 B5B4B5 0.45
1.89 5.67 0 B5B4B5 0.45
1.89 5.67 -0.4725 B5B4B5 0.45
1.89 5.67 -1.4175 DBDBDB 0.45
1.89 11.34 1.4175 CE9073 0.45
1.89 11.34 0.9449999 CE9073 0.45
1.89 11.34 0.4725 CE9073 0.45
1.89 11.34 0 CE9073 0.45
1.89 11.34 -0.4725 CE9073 0.45
1.89 11.34 -0.9449999 CE9073 0.45
1.89 11.34 -1.4175 B5826B 0.45
1.89 6.615 1.4175 21304A 0.45
1.89 6.615 -1.4175 21304A 0.45
1.89 7.0875 1.4175 263B58 0.45
1.89 7.0875 -1.4175 263B58 0.45
1.89 7.559999 1.4175 263B58 0.45
1.89 7.559999 -1.4175 263B58 0.45
1.89 8.0325 1.4175 182439 0.45
1.89 8.0325 -1.4175 182439 0.45
1.89 8.504999 1.4175 DADBDA 0.45
1.89 8.504999 -1.4175 DADBDA 0.45
1.89 8.9775 1.4175 DADBDA 0.45
1.89 8.9775 -1.4175 DADBDA 0.45
1.89 9.45 1.4175 DADBDA 0.45
1.89 9.45 -1.4175 DADBDA 0.45
1.89 9.9225 1.4175 DADBDA 0.45
1.89 9.9225 -1.4175 DADBDA 0.45
1.89 10.395 1.4175 DADBDA 0.45
1.89 10.395 -1.4175 DADBDA 0.45
1.89 10.8675 1.4175 DADBDA 0.45
1.89 10.8675 -1.4175 00419C 0.45
1.4175 11.34 1.89 CE9273 0.45
1.4175 5.1975 1.4175 9A9A9A 0.45
1.4175 5.1975 0.9449999 9A9A9A 0.45
1.4175 0 0.4725 000039 0.45
1.4175 0 0 000039 0.45
1.4175 0 -0.4725 000039 0.45
1.4175 0 -0.9449999 000039 0.45
1.4175 5.1975 -1.4175 9A9A9A 0.45
1.4175 11.34 -1.89 B8836A 0.45
-0.4725 0 0.4725 001262 0.45
-0.4725 0 0 001262 0.45
-0.4725 0 -0.4725 001262 0.45
-0.4725 0 -0.9449999 001262 0.45
1.4175 0 -1.4175 000039 0.45
1.4175 0.4725 0.4725 982021 0.45
1.4175 0.9449999 0.4725 982021 0.45
-0.4725 0.4725 0.4725 890202 0.45
1.4175 0.9449999 0 982021 0.45
-0.4725 0.4725 0 890202 0.45
1.4175 0.9449999 -0.4725 982021 0.45
-0.4725 0.4725 -0.4725 890202 0.45
1.4175 5.1975 -0.9449999 9A9A9A 0.45
-0.4725 0.4725 -0.9449999 890202 0.45
1.4175 0.4725 -1.4175 982021 0.45
1.4175 0.9449999 0.9449999 AA2B2B 0.45
1.4175 2.835 0.4725 B5B4B5 0.45
-0.4725 0.9449999 0.4725 982021 0.45
1.4175 2.835 0 B5B4B5 0.45
-0.4725 0.9449999 0 982021 0.45
1.4175 2.835 -0.4725 B5B4B5 0.45
-0.4725 0.9449999 -0.4725 982021 0.45
1.4175 0.9449999 -0.9449999 941818 0.45
1.4175 1.4175 0.9449999 AA2B2B 0.45
1.4175 1.4175 -0.9449999 C6C7C6 0.45
1.4175 1.89 0.9449999 AA2B2B 0.45
1.4175 1.89 -0.9449999 941818 0.45
1.4175 2.3625 0.9449999 DEDBDE 0.45
1.4175 2.3625 -0.9449999 DEDBDE 0.45
1.4175 2.835 0.9449999 DBDBDB 0.45
1.4175 2.835 -0.9449999 00429F 0.45
1.4175 3.3075 0.9449999 D6D7D6 0.45
1.4175 5.1975 0.4725 9A9A9A 0.45
1.4175 5.1975 0 9A9A9A 0.45
1.4175 5.1975 -0.4725 9A9A9A 0.45
1.4175 3.3075 -0.9449999 002873 0.45
1.4175 3.78 0.9449999 D6D7D6 0.45
1.4175 3.3075 0.4725 B5B2B5 0.45
1.4175 3.3075 0 B5B4B5 0.45
1.4175 3.3075 -0.4725 B5B2B5 0.45
1.4175 3.78 -0.9449999 DBDBDB 0.45
1.4175 4.2525 0.9449999 D6D7D6 0.45
1.4175 4.2525 -0.9449999 DBDBDB 0.45
1.4175 4.725 0.9449999 D6D7D6 0.45
1.4175 4.725 -0.9449999 DBDBDB 0.45
1.4175 6.142499 1.4175 A2A2A2 0.45
1.4175 6.142499 0.9449999 A2A2A2 0.45
1.4175 6.142499 0.4725 A2A2A2 0.45
1.4175 6.142499 0 A2A2A2 0.45
1.4175 6.142499 -0.4725 A2A2A2 0.45
1.4175 6.142499 -0.9449999 A2A2A2 0.45
1.4175 6.142499 -1.4175 A2A2A2 0.45
1.4175 5.67 1.4175 D6D7D6 0.45
1.4175 5.67 0.4725 B5B4B5 0.45
1.4175 5.67 0 B5B4B5 0.45
1.4175 5.67 -0.4725 B5B4B5 0.45
1.4175 5.67 -1.4175 DBDBDB 0.45
1.4175 11.34 1.4175 CE9073 0.45
1.4175 11.34 0.9449999 CE9073 0.45
1.4175 11.34 0.4725 CE9073 0.45
1.4175 11.34 0 CE9073 0.45
1.4175 11.34 -0.4725 CE9073 0.45
1.4175 11.34 -0.9449999 CE9073 0.45
1.4175 11.34 -1.4175 B5826B 0.45
1.4175 6.615 1.4175 B52423 0.45
1.4175 6.615 -1.4175 B52424 0.45
1.4175 7.0875 1.4175 B52423 0.45
1.4175 7.0875 -1.4175 B52424 0.45
1.4175 7.559999 1.4175 B52423 0.45
1.4175 7.559999 -1.4175 B52424 0.45
1.4175 8.0325 1.4175 B52423 0.45
1.4175 8.0325 -1.4175 B52424 0.45
1.4175 8.504999 1.4175 DADBDA 0.45
1.4175 8.504999 -1.4175 DADBDA 0.45
1.4175 8.9775 1.4175 DADBDA 0.45
1.4175 8.9775 -1.4175 DADBDA 0.45
1.4175 9.45 1.4175 DADBDA 0.45
1.4175 9.45 -1.4175 DADBDA 0.45
1.4175 9.9225 1.4175 DADBDA 0.45
1.4175 9.9225 -1.4175 DADBDA 0.45
1.4175 10.395 1.4175 DADBDA 0.45
1.4175 10.395 -1.4175 00419C 0.45
1.4175 10.8675 1.4175 D6D7D6 0.45
1.4175 10.8675 -1.4175 00429F 0.45
1.4175 11.8125 1.89 ECAF97 0.45
1.4175 11.8125 1.4175 1652A5 0.45
1.4175 11.8125 0.9449999 1652A5 0.45
1.4175 11.8125 0.4725 1652A5 0.45
1.4175 11.8125 0 1652A5 0.45
1.4175 11.8125 -0.4725 1652A5 0.45
1.4175 11.8125 -0.9449999 1652A5 0.45
1.4175 11.8125 -1.4175 1652A5 0.45
1.4175 11.8125 -1.89 DEB29C 0.45
1.4175 12.285 1.89 EFAE94 0.45
1.4175 12.285 -1.89 E1B39A 0.45
1.4175 12.7575 1.89 8B5A21 0.45
1.4175 12.7575 -1.89 E1B39A 0.45
1.4175 13.23 1.89 8B5A21 0.45
1.4175 13.23 -1.89 FFCCAD 0.45
1.4175 13.7025 1.89 8B5A21 0.45
1.4175 13.7025 -1.89 FFCCAD 0.45
1.4175 14.175 1.89 8B5A21 0.45
1.4175 14.175 -1.89 945D29 0.45
1.4175 14.6475 1.89 8B5A21 0.45
1.4175 14.6475 -1.89 FFCCAD 0.45
1.4175 15.12 1.89 8B5A21 0.45
1.4175 15.12 -1.89 8C5921 0.45
1.4175 15.5925 1.89 8B5A21 0.45
1.4175 15.5925 -1.89 8B5A21 0.45
1.4175 15.5925 1.4175 945F26 0.45
1.4175 15.5925 0.9449999 945F26 0.45
1.4175 15.5925 0.4725 945F26 0.45
1.4175 15.5925 0 945F26 0.45
1.4175 15.5925 -0.4725 945F26 0.45
1.4175 15.5925 -0.9449999 945F26 0.45
1.4175 15.5925 -1.4175 945F26 0.45
0.9449999 11.34 1.89 CE9273 0.45
0.9449999 5.1975 1.4175 9A9A9A 0.45
0.9449999 5.1975 0.9449999 9A9A9A 0.45
0.9449999 0 0.4725 000039 0.45
0.9449999 0 0 000039 0.45
0.9449999 0 -0.4725 000039 0.45
0.9449999 0 -0.9449999 000039 0.45
0.9449999 5.1975 -1.4175 9A9A9A 0.45
0.9449999 11.34 -1.89 B8836A 0.45
0.9449999 0 -1.4175 000039 0.45
0.9449999 0.4725 0.4725 982021 0.45
0.9449999 0.9449999 0.4725 982021 0.45
0.9449999 0.9449999 0 982021 0.45
0.9449999 0.9449999 -0.4725 982021 0.45
0.9449999 5.1975 -0.9449999 9A9A9A 0.45
0.9449999 0.4725 -1.4175 982021 0.45
0.9449999 0.9449999 0.9449999 AA2B2B 0.45
0.9449999 2.835 0.4725 B5B4B5 0.45
0.9449999 2.835 0 B5B4B5 0.45
0.9449999 2.835 -0.4725 B5B4B5 0.45
0.9449999 0.9449999 -0.9449999 AA413F 0.45
0.9449999 1.4175 0.9449999 AA2B2B 0.45
0.9449999 1.4175 -0.9449999 AA413F 0.45
0.9449999 1.89 0.9449999 AA2B2B 0.45
0.9449999 1.89 -0.9449999 AA413F 0.45
0.9449999 2.3625 0.9449999 DEDBDE 0.45
0.9449999 2.3625 -0.9449999 DEDBDE 0.45
0.9449999 2.835 0.9449999 DBDBDB 0.45
0.9449999 2.835 -0.9449999 002873 0.45
0.9449999 3.3075 0.9449999 D6D7D6 0.45
0.9449999 5.1975 0.4725 9A9A9A 0.45
0.9449999 5.1975 0 9A9A9A 0.45
0.9449999 5.1975 -0.4725 9A9A9A 0.45
0.9449999 3.3075 -0.9449999 002873 0.45
0.9449999 3.78 0.9449999 D6D7D6 0.45
0.9449999 3.3075 0.4725 B5B2B5 0.45
0.9449999 3.3075 0 B5B4B5 0.45
0.9449999 3.3075 -0.4725 B5B2B5 0.45
0.9449999 3.78 -0.9449999 DBDBDB 0.45
0.9449999 4.2525 0.9449999 D6D7D6 0.45
0.9449999 4.2525 -0.9449999 DBDBDB 0.45
0.9449999 4.725 0.9449999 D6D7D6 0.45
0.9449999 4.725 -0.9449999 DBDBDB 0.45
0.9449999 6.142499 1.4175 A2A2A2 0.45
0.9449999 6.142499 0.9449999 A2A2A2 0.45
0.9449999 6.142499 0.4725 A2A2A2 0.45
0.9449999 6.142499 0 A2A2A2 0.45
0.9449999 6.142499 -0.4725 A2A2A2 0.45
0.9449999 6.142499 -0.9449999 A2A2A2 0.45
0.9449999 6.142499 -1.4175 A2A2A2 0.45
0.9449999 5.67 1.4175 D6D7D6 0.45
0.9449999 5.67 0.4725 B5B4B5 0.45
0.9449999 5.67 0 B5B4B5 0.45
0.9449999 5.67 -0.4725 B5B4B5 0.45
0.9449999 5.67 -1.4175 DBDBDB 0.45
0.9449999 11.34 1.4175 CE9073 0.45
0.9449999 11.34 0.9449999 CE9073 0.45
0.9449999 11.34 0.4725 CE9073 0.45
0.9449999 11.34 0 CE9073 0.45
0.9449999 11.34 -0.4725 CE9073 0.45
0.9449999 11.34 -0.9449999 CE9073 0.45
0.9449999 11.34 -1.4175 B5826B 0.45
0.9449999 6.615 1.4175 21304A 0.45
0.9449999 6.615 -1.4175 00429F 0.45
0.9449999 7.0875 1.4175 263B58 0.45
0.9449999 7.0875 -1.4175 00429F 0.45
0.9449999 7.559999 1.4175 263B58 0.45
0.9449999 7.559999 -1.4175 00429F 0.45
0.9449999 8.0325 1.4175 182439 0.45
0.9449999 8.0325 -1.4175 00429F 0.45
0.9449999 8.504999 1.4175 DADBDA 0.45
0.9449999 8.504999 -1.4175 292429 0.45
0.9449999 8.9775 1.4175 DADBDA 0.45
0.9449999 8.9775 -1.4175 DADBDA 0.45
0.9449999 9.45 1.4175 DADBDA 0.45
0.9449999 9.45 -1.4175 DADBDA 0.45
0.9449999 9.9225 1.4175 DADBDA 0.45
0.9449999 9.9225 -1.4175 00419C 0.45
0.9449999 10.395 1.4175 DADBDA 0.45
0.9449999 10.395 -1.4175 00429F 0.45
0.9449999 10.8675 1.4175 D6D7D6 0.45
0.9449999 10.8675 -1.4175 00419C 0.45
0.9449999 11.8125 1.89 ECAF97 0.45
0.9449999 11.8125 1.4175 1652A5 0.45
0.9449999 11.8125 0.9449999 1652A5 0.45
0.9449999 11.8125 0.4725 F7BEA4 0.45
0.9449999 11.8125 0 F7BEA4 0.45
0.9449999 11.8125 -0.4725 F7BEA4 0.45
0.9449999 11.8125 -0.9449999 F7BEA4 0.45
0.9449999 11.8125 -1.4175 F7BEA4 0.45
0.9449999 11.8125 -1.89 DEB29C 0.45
0.9449999 12.285 1.89 EFAE94 0.45
0.9449999 12.285 -1.89 E1B39A 0.45
0.9449999 12.7575 1.89 8B5A21 0.45
0.9449999 12.7575 -1.89 E1B39A 0.45
0.9449999 13.23 1.89 8B5A21 0.45
0.9449999 13.23 -1.89 FFCBAD 0.45
0.9449999 13.7025 1.89 8B5A21 0.45
0.9449999 13.7025 -1.89 3C0E26 0.45
0.9449999 14.175 1.89 8B5A21 0.45
0.9449999 14.175 -1.89 8C5921 0.45
0.9449999 14.6475 1.89 8B5A21 0.45
0.9449999 14.6475 -1.89 FFCCAD 0.45
0.9449999 15.12 1.89 8B5A21 0.45
0.9449999 15.12 -1.89 8C5921 0.45
0.9449999 15.5925 1.89 8B5A21 0.45
0.9449999 15.5925 -1.89 8B5A21 0.45
0.9449999 15.5925 1.4175 945F26 0.45
0.9449999 15.5925 0.9449999 945F26 0.45
0.9449999 15.5925 0.4725 945F26 0.45
0.9449999 15.5925 0 945F26 0.45
0.9449999 15.5925 -0.4725 945F26 0.45
0.9449999 15.5925 -0.9449999 945F26 0.45
0.9449999 15.5925 -1.4175 945F26 0.45
0.4725 11.34 1.89 CE9273 0.45
0.4725 5.1975 1.4175 9A9A9A 0.45
0.4725 5.1975 0.9449999 9A9A9A 0.45
0.4725 5.1975 0.4725 9A9A9A 0.45
0.4725 5.1975 0 9A9A9A 0.45
0.4725 5.1975 -0.4725 9A9A9A 0.45
0.4725 5.1975 -0.9449999 9A9A9A 0.45
0.4725 5.1975 -1.4175 9A9A9A 0.45
0.4725 11.34 -1.89 B8836A 0.45
0.4725 0 0.4725 001262 0.45
0.4725 0 0 001262 0.45
0.4725 0 -0.4725 001262 0.45
0.4725 0 -0.9449999 001262 0.45
0.4725 0.4725 0.4725 890202 0.45
0.4725 0.4725 0 890202 0.45
0.4725 0.4725 -0.4725 890202 0.45
0.4725 0.4725 -0.9449999 890202 0.45
0.4725 0.9449999 0.4725 982021 0.45
0.4725 0.9449999 0 982021 0.45
0.4725 0.9449999 -0.4725 982021 0.45
0.4725 1.4175 0.4725 982021 0.45
0.4725 1.4175 0 982021 0.45
0.4725 1.4175 -0.4725 982021 0.45
0.4725 1.89 0.4725 982021 0.45
0.4725 1.89 0 982021 0.45
0.4725 1.89 -0.4725 982021 0.45
0.4725 2.3625 0.4725 B5B2B5 0.45
0.4725 2.3625 0 B5B2B5 0.45
0.4725 2.3625 -0.4725 B5B2B5 0.45
0.4725 2.835 0.4725 B5B4B5 0.45
0.4725 2.835 0 B5B4B5 0.45
0.4725 2.835 -0.4725 B5B4B5 0.45
0.4725 3.3075 0.4725 B5B4B5 0.45
0.4725 3.3075 0 B5B4B5 0.45
0.4725 3.3075 -0.4725 B5B4B5 0.45
0.4725 3.78 0.4725 B5B4B5 0.45
0.4725 3.78 0 B5B4B5 0.45
0.4725 3.78 -0.4725 B5B4B5 0.45
0.4725 4.2525 0.4725 B5B4B5 0.45
0.4725 4.2525 0 B5B4B5 0.45
0.4725 4.2525 -0.4725 B5B4B5 0.45
0.4725 4.725 0.4725 B5B4B5 0.45
0.4725 4.725 0 B5B4B5 0.45
0.4725 4.725 -0.4725 B5B4B5 0.45
0.4725 6.142499 1.4175 A2A2A2 0.45
0.4725 6.142499 0.9449999 A2A2A2 0.45
0.4725 6.142499 0.4725 A2A2A2 0.45
0.4725 6.142499 0 A2A2A2 0.45
0.4725 6.142499 -0.4725 A2A2A2 0.45
0.4725 6.142499 -0.9449999 A2A2A2 0.45
0.4725 6.142499 -1.4175 A2A2A2 0.45
0.4725 5.67 1.4175 D6D7D6 0.45
0.4725 5.67 -1.4175 DBDBDB 0.45
0.4725 11.34 1.4175 CE9073 0.45
0.4725 11.34 0.9449999 CE9073 0.45
0.4725 11.34 0.4725 CE9073 0.45
0.4725 11.34 0 CE9073 0.45
0.4725 11.34 -0.4725 CE9073 0.45
0.4725 11.34 -0.9449999 CE9073 0.45
0.4725 11.34 -1.4175 B5826B 0.45
0.4725 6.615 1.4175 B52423 0.45
0.4725 6.615 -1.4175 00429F 0.45
0.4725 7.0875 1.4175 B52423 0.45
0.4725 7.0875 -1.4175 00419C 0.45
0.4725 7.559999 1.4175 B52423 0.45
0.4725 7.559999 -1.4175 00419C 0.45
0.4725 8.0325 1.4175 B52423 0.45
0.4725 8.0325 -1.4175 00429F 0.45
0.4725 8.504999 1.4175 DADBDA 0.45
0.4725 8.504999 -1.4175 292429 0.45
0.4725 8.9775 1.4175 DADBDA 0.45
0.4725 8.9775 -1.4175 DADBDA 0.45
0.4725 9.45 1.4175 DADBDA 0.45
0.4725 9.45 -1.4175 DADBDA 0.45
0.4725 9.9225 1.4175 DADBDA 0.45
0.4725 9.9225 -1.4175 DADBDA 0.45
0.4725 10.395 1.4175 DADBDA 0.45
0.4725 10.395 -1.4175 00419C 0.45
0.4725 10.8675 1.4175 D6D7D6 0.45
0.4725 10.8675 -1.4175 FFCBAD 0.45
0.4725 11.8125 1.89 ECAF97 0.45
0.4725 11.8125 1.4175 1652A5 0.45
0.4725 11.8125 0.9449999 1652A5 0.45
0.4725 11.8125 0.4725 F7BEA4 0.45
0.4725 11.8125 0 F7BEA4 0.45
0.4725 11.8125 -0.4725 F7BEA4 0.45
0.4725 11.8125 -0.9449999 F7BEA4 0.45
0.4725 11.8125 -1.4175 F7BEA4 0.45
0.4725 11.8125 -1.89 DEB29C 0.45
0.4725 12.285 1.89 EFAE94 0.45
0.4725 12.285 -1.89 DEB29C 0.45
0.4725 12.7575 1.89 8B5A21 0.45
0.4725 12.7575 -1.89 815726 0.45
0.4725 13.23 1.89 8B5A21 0.45
0.4725 13.23 -1.89 FFCCAD 0.45
0.4725 13.7025 1.89 8B5A21 0.45
0.4725 13.7025 -1.89 FFCCAD 0.45
0.4725 14.175 1.89 8B5A21 0.45
0.4725 14.175 -1.89 FFCCAD 0.45
0.4725 14.6475 1.89 8B5A21 0.45
0.4725 14.6475 -1.89 FFCCAD 0.45
0.4725 15.12 1.89 8B5A21 0.45
0.4725 15.12 -1.89 8C5921 0.45
0.4725 15.5925 1.89 8B5A21 0.45
0.4725 15.5925 -1.89 8B5A21 0.45
0.4725 15.5925 1.4175 945F26 0.45
0.4725 15.5925 0.9449999 945F26 0.45
0.4725 15.5925 0.4725 945F26 0.45
0.4725 15.5925 0 945F26 0.45
0.4725 15.5925 -0.4725 945F26 0.45
0.4725 15.5925 -0.9449999 945F26 0.45
0.4725 15.5925 -1.4175 945F26 0.45
0 11.34 1.89 CE9273 0.45
0 5.1975 1.4175 9A9A9A 0.45
0 5.1975 0.9449999 9A9A9A 0.45
0 5.1975 0.4725 9A9A9A 0.45
0 5.1975 0 9A9A9A 0.45
0 5.1975 -0.4725 9A9A9A 0.45
0 5.1975 -0.9449999 9A9A9A 0.45
0 5.1975 -1.4175 9A9A9A 0.45
0 11.34 -1.89 B8836A 0.45
0 6.142499 1.4175 A2A2A2 0.45
0 6.142499 0.9449999 A2A2A2 0.45
0 6.142499 0.4725 A2A2A2 0.45
0 6.142499 0 A2A2A2 0.45
0 6.142499 -0.4725 A2A2A2 0.45
0 6.142499 -0.9449999 A2A2A2 0.45
0 6.142499 -1.4175 A2A2A2 0.45
0 5.67 1.4175 D6D7D6 0.45
0 5.67 -1.4175 DBDBDB 0.45
0 11.34 1.4175 CE9073 0.45
0 11.34 0.9449999 CE9073 0.45
0 11.34 0.4725 CE9073 0.45
0 11.34 0 CE9073 0.45
0 11.34 -0.4725 CE9073 0.45
0 11.34 -0.9449999 CE9073 0.45
0 11.34 -1.4175 B5826B 0.45
0 6.615 1.4175 21304A 0.45
0 6.615 -1.4175 00429F 0.45
0 7.0875 1.4175 263B58 0.45
0 7.0875 -1.4175 F4F5F4 0.45
0 7.559999 1.4175 263B58 0.45
0 7.559999 -1.4175 F4F5F4 0.45
0 8.0325 1.4175 182439 0.45
0 8.0325 -1.4175 00429F 0.45
0 8.504999 1.4175 DADBDA 0.45
0 8.504999 -1.4175 292429 0.45
0 8.9775 1.4175 DADBDA 0.45
0 8.9775 -1.4175 211C21 0.45
0 9.45 1.4175 DADBDA 0.45
0 9.45 -1.4175 00419C 0.45
0 9.9225 1.4175 DADBDA 0.45
0 9.9225 -1.4175 767F8C 0.45
0 10.395 1.4175 DADBDA 0.45
0 10.395 -1.4175 A5A2A5 0.45
0 10.8675 1.4175 D6D7D6 0.45
0 10.8675 -1.4175 FFCBAD 0.45
0 11.8125 1.89 ECAF97 0.45
0 11.8125 1.4175 1652A5 0.45
0 11.8125 0.9449999 1652A5 0.45
0 11.8125 0.4725 F7BEA4 0.45
0 11.8125 0 F7BEA4 0.45
0 11.8125 -0.4725 F7BEA4 0.45
0 11.8125 -0.9449999 F7BEA4 0.45
0 11.8125 -1.4175 F7BEA4 0.45
0 11.8125 -1.89 DEB29C 0.45
0 12.285 1.89 EFAE94 0.45
0 12.285 -1.89 DEB29C 0.45
0 12.7575 1.89 8B5A21 0.45
0 12.7575 -1.89 815726 0.45
0 13.23 1.89 8B5A21 0.45
0 13.23 -1.89 FFCCAD 0.45
0 13.7025 1.89 8B5A21 0.45
0 13.7025 -1.89 FFCCAD 0.45
0 14.175 1.89 8B5A21 0.45
0 14.175 -1.89 FFCCAD 0.45
0 14.6475 1.89 8B5A21 0.45
0 14.6475 -1.89 FFCCAD 0.45
0 15.12 1.89 8B5A21 0.45
0 15.12 -1.89 8C5921 0.45
0 15.5925 1.89 8B5A21 0.45
0 15.5925 -1.89 8B5A21 0.45
0 15.5925 1.4175 945F26 0.45
0 15.5925 0.9449999 945F26 0.45
0 15.5925 0.4725 945F26 0.45
0 15.5925 0 945F26 0.45
0 15.5925 -0.4725 945F26 0.45
0 15.5925 -0.9449999 945F26 0.45
0 15.5925 -1.4175 945F26 0.45
-0.4725 11.34 1.89 CE9273 0.45
-0.4725 5.1975 1.4175 9A9A9A 0.45
-0.4725 5.1975 0.9449999 9A9A9A 0.45
-0.4725 5.1975 -0.9449999 9A9A9A 0.45
-0.4725 5.1975 -1.4175 9A9A9A 0.45
-0.4725 11.34 -1.89 B8836A 0.45
-0.4725 3.3075 0.9449999 B5B2B5 0.45
-0.4725 3.78 0.9449999 B5B2B5 0.45
-0.4725 4.2525 0.9449999 B5B2B5 0.45
-0.4725 4.725 0.9449999 B5B2B5 0.45
-0.4725 6.142499 1.4175 A2A2A2 0.45
-0.4725 6.142499 0.9449999 A2A2A2 0.45
-0.4725 6.142499 0.4725 A2A2A2 0.45
-0.4725 6.142499 0 A2A2A2 0.45
-0.4725 6.142499 -0.4725 A2A2A2 0.45
-0.4725 6.142499 -0.9449999 A2A2A2 0.45
-0.4725 6.142499 -1.4175 A2A2A2 0.45
-0.4725 5.67 1.4175 D6D7D6 0.45
-0.4725 5.67 -1.4175 DBDBDB 0.45
-0.4725 11.34 1.4175 CE9073 0.45
-0.4725 11.34 0.9449999 CE9073 0.45
-0.4725 11.34 0.4725 CE9073 0.45
-0.4725 11.34 0 CE9073 0.45
-0.4725 11.34 -0.4725 CE9073 0.45
-0.4725 11.34 -0.9449999 CE9073 0.45
-0.4725 11.34 -1.4175 B5826B 0.45
-0.4725 6.615 1.4175 B52423 0.45
-0.4725 6.615 -1.4175 00429F 0.45
-0.4725 7.0875 1.4175 B52423 0.45
-0.4725 7.0875 -1.4175 00419C 0.45
-0.4725 7.559999 1.4175 B52423 0.45
-0.4725 7.559999 -1.4175 00419C 0.45
-0.4725 8.0325 1.4175 B52423 0.45
-0.4725 8.0325 -1.4175 00429F 0.45
-0.4725 8.504999 1.4175 DADBDA 0.45
-0.4725 8.504999 -1.4175 292429 0.45
-0.4725 8.9775 1.4175 DADBDA 0.45
-0.4725 8.9775 -1.4175 DADBDA 0.45
-0.4725 9.45 1.4175 DADBDA 0.45
-0.4725 9.45 -1.4175 DADBDA 0.45
-0.4725 9.9225 1.4175 DADBDA 0.45
-0.4725 9.9225 -1.4175 DADBDA 0.45
-0.4725 10.395 1.4175 DADBDA 0.45
-0.4725 10.395 -1.4175 00419C 0.45
-0.4725 10.8675 1.4175 D6D7D6 0.45
-0.4725 10.8675 -1.4175 FFCBAD 0.45
-0.4725 11.8125 1.89 ECAF97 0.45
-0.4725 11.8125 1.4175 1652A5 0.45
-0.4725 11.8125 0.9449999 1652A5 0.45
-0.4725 11.8125 0.4725 F7BEA4 0.45
-0.4725 11.8125 0 F7BEA4 0.45
-0.4725 11.8125 -0.4725 F7BEA4 0.45
-0.4725 11.8125 -0.9449999 F7BEA4 0.45
-0.4725 11.8125 -1.4175 F7BEA4 0.45
-0.4725 11.8125 -1.89 DEB29C 0.45
-0.4725 12.285 1.89 EFAE94 0.45
-0.4725 12.285 -1.89 DEB29C 0.45
-0.4725 12.7575 1.89 8B5A21 0.45
-0.4725 12.7575 -1.89 815726 0.45
-0.4725 13.23 1.89 8B5A21 0.45
-0.4725 13.23 -1.89 FFCCAD 0.45
-0.4725 13.7025 1.89 8B5A21 0.45
-0.4725 13.7025 -1.89 FFCCAD 0.45
-0.4725 14.175 1.89 8B5A21 0.45
-0.4725 14.175 -1.89 FFCCAD 0.45
-0.4725 14.6475 1.89 8B5A21 0.45
-0.4725 14.6475 -1.89 FFCCAD 0.45
-0.4725 15.12 1.89 8B5A21 0.45
-0.4725 15.12 -1.89 8C5921 0.45
-0.4725 15.5925 1.89 8B5A21 0.45
-0.4725 15.5925 -1.89 8B5A21 0.45
-0.4725 15.5925 1.4175 945F26 0.45
-0.4725 15.5925 0.9449999 945F26 0.45
-0.4725 15.5925 0.4725 945F26 0.45
-0.4725 15.5925 0 945F26 0.45
-0.4725 15.5925 -0.4725 945F26 0.45
-0.4725 15.5925 -0.9449999 945F26 0.45
-0.4725 15.5925 -1.4175 945F26 0.45
-0.9449999 11.34 1.89 CE9273 0.45
-0.9449999 5.1975 1.4175 9A9A9A 0.45
-0.9449999 5.1975 0.9449999 9A9A9A 0.45
-0.9449999 0 0.4725 000039 0.45
-0.9449999 0 0 000039 0.45
-0.9449999 0 -0.4725 000039 0.45
-0.9449999 0 -0.9449999 000039 0.45
-0.9449999 5.1975 -1.4175 9A9A9A 0.45
-0.9449999 11.34 -1.89 B8836A 0.45
-0.9449999 0.9449999 0.4725 982021 0.45
-0.9449999 0.9449999 0 982021 0.45
-0.9449999 0.9449999 -0.4725 982021 0.45
-0.9449999 5.1975 -0.9449999 9A9A9A 0.45
-0.9449999 0 -1.4175 000039 0.45
-0.9449999 0.4725 0.4725 982021 0.45
-0.9449999 0.4725 -1.4175 982021 0.45
-0.9449999 0.9449999 0.9449999 AA2B2B 0.45
-0.9449999 2.835 0.4725 B5B4B5 0.45
-0.9449999 2.835 0 B5B4B5 0.45
-0.9449999 2.835 -0.4725 B5B4B5 0.45
-0.9449999 0.9449999 -0.9449999 AD2C29 0.45
-0.9449999 1.4175 0.9449999 AA2B2B 0.45
-0.9449999 1.4175 -0.9449999 C6C3C6 0.45
-0.9449999 1.89 0.9449999 AA2B2B 0.45
-0.9449999 1.89 -0.9449999 AA413F 0.45
-0.9449999 2.3625 0.9449999 DEDBDE 0.45
-0.9449999 2.3625 -0.9449999 DEDBDE 0.45
-0.9449999 2.835 0.9449999 DBDBDB 0.45
-0.9449999 2.835 -0.9449999 003084 0.45
-0.9449999 3.3075 0.9449999 D6D7D6 0.45
-0.9449999 5.1975 0.4725 9A9A9A 0.45
-0.9449999 5.1975 0 9A9A9A 0.45
-0.9449999 5.1975 -0.4725 9A9A9A 0.45
-0.9449999 3.3075 -0.9449999 002873 0.45
-0.9449999 3.78 0.9449999 D6D7D6 0.45
-0.9449999 3.3075 0.4725 B5B4B5 0.45
-0.9449999 3.3075 0 B5B4B5 0.45
-0.9449999 3.3075 -0.4725 B5B2B5 0.45
-0.9449999 3.78 -0.9449999 DBDBDB 0.45
-0.9449999 4.2525 0.9449999 D6D7D6 0.45
-0.9449999 4.2525 -0.9449999 DBDBDB 0.45
-0.9449999 4.725 0.9449999 D6D7D6 0.45
-0.9449999 4.725 -0.9449999 DBDBDB 0.45
-0.9449999 6.142499 1.4175 A2A2A2 0.45
-0.9449999 6.142499 0.9449999 A2A2A2 0.45
-0.9449999 6.142499 0.4725 A2A2A2 0.45
-0.9449999 6.142499 0 A2A2A2 0.45
-0.9449999 6.142499 -0.4725 A2A2A2 0.45
-0.9449999 6.142499 -0.9449999 A2A2A2 0.45
-0.9449999 6.142499 -1.4175 A2A2A2 0.45
-0.9449999 5.67 1.4175 D6D7D6 0.45
-0.9449999 5.67 0.4725 B5B4B5 0.45
-0.9449999 5.67 0 B5B4B5 0.45
-0.9449999 5.67 -0.4725 B5B4B5 0.45
-0.9449999 5.67 -1.4175 DBDBDB 0.45
-0.9449999 11.34 1.4175 CE9073 0.45
-0.9449999 11.34 0.9449999 CE9073 0.45
-0.9449999 11.34 0.4725 CE9073 0.45
-0.9449999 11.34 0 CE9073 0.45
-0.9449999 11.34 -0.4725 CE9073 0.45
-0.9449999 11.34 -0.9449999 CE9073 0.45
-0.9449999 11.34 -1.4175 B5826B 0.45
-0.9449999 6.615 1.4175 21304A 0.45
-0.9449999 6.615 -1.4175 00429F 0.45
-0.9449999 7.0875 1.4175 263B58 0.45
-0.9449999 7.0875 -1.4175 00429F 0.45
-0.9449999 7.559999 1.4175 263B58 0.45
-0.9449999 7.559999 -1.4175 00429F 0.45
-0.9449999 8.0325 1.4175 182439 0.45
-0.9449999 8.0325 -1.4175 00429F 0.45
-0.9449999 8.504999 1.4175 DADBDA 0.45
-0.9449999 8.504999 -1.4175 292429 0.45
-0.9449999 8.9775 1.4175 DADBDA 0.45
-0.9449999 8.9775 -1.4175 DADBDA 0.45
-0.9449999 9.45 1.4175 DADBDA 0.45
-0.9449999 9.45 -1.4175 DADBDA 0.45
-0.9449999 9.9225 1.4175 DADBDA 0.45
-0.9449999 9.9225 -1.4175 00419C 0.45
-0.9449999 10.395 1.4175 DADBDA 0.45
-0.9449999 10.395 -1.4175 00429F 0.45
-0.9449999 10.8675 1.4175 D6D7D6 0.45
-0.9449999 10.8675 -1.4175 00429F 0.45
-0.9449999 11.8125 1.89 ECAF97 0.45
-0.9449999 11.8125 1.4175 1652A5 0.45
-0.9449999 11.8125 0.9449999 1652A5 0.45
-0.9449999 11.8125 0.4725 F7BEA4 0.45
-0.9449999 11.8125 0 F7BEA4 0.45
-0.9449999 11.8125 -0.4725 F7BEA4 0.45
-0.9449999 11.8125 -0.9449999 F7BEA4 0.45
-0.9449999 11.8125 -1.4175 F7BEA4 0.45
-0.9449999 11.8125 -1.89 DEB29C 0.45
-0.9449999 12.285 1.89 EFAE94 0.45
-0.9449999 12.285 -1.89 E1B39A 0.45
-0.9449999 12.7575 1.89 8B5A21 0.45
-0.9449999 12.7575 -1.89 E1B39A 0.45
-0.9449999 13.23 1.89 8B5A21 0.45
-0.9449999 13.23 -1.89 FFCBAD 0.45
-0.9449999 13.7025 1.89 8B5A21 0.45
-0.9449999 13.7025 -1.89 3C0E26 0.45
-0.9449999 14.175 1.89 8B5A21 0.45
-0.9449999 14.175 -1.89 8C5921 0.45
-0.9449999 14.6475 1.89 8B5A21 0.45
-0.9449999 14.6475 -1.89 FFCCAD 0.45
-0.9449999 15.12 1.89 8B5A21 0.45
-0.9449999 15.12 -1.89 8C5921 0.45
-0.9449999 15.5925 1.89 8B5A21 0.45
-0.9449999 15.5925 -1.89 8B5A21 0.45
-0.9449999 15.5925 1.4175 945F26 0.45
-0.9449999 15.5925 0.9449999 945F26 0.45
-0.9449999 15.5925 0.4725 945F26 0.45
-0.9449999 15.5925 0 945F26 0.45
-0.9449999 15.5925 -0.4725 945F26 0.45
-0.9449999 15.5925 -0.9449999 945F26 0.45
-0.9449999 15.5925 -1.4175 945F26 0.45
-1.4175 11.34 1.89 CE9273 0.45
-1.4175 5.1975 1.4175 9A9A9A 0.45
-1.4175 5.1975 0.9449999 9A9A9A 0.45
-1.4175 0 0.4725 000039 0.45
-1.4175 0 0 000039 0.45
-1.4175 0 -0.4725 000039 0.45
-1.4175 0 -0.9449999 000039 0.45
-1.4175 5.1975 -1.4175 9A9A9A 0.45
-1.4175 11.34 -1.89 B8836A 0.45
-1.4175 0.9449999 0.4725 982021 0.45
-1.4175 0.9449999 0 982021 0.45
-1.4175 0.9449999 -0.4725 982021 0.45
-1.4175 5.1975 -0.9449999 9A9A9A 0.45
-1.4175 0 -1.4175 000039 0.45
-1.4175 0.4725 0.4725 982021 0.45
-1.4175 0.4725 -1.4175 982021 0.45
-1.4175 0.9449999 0.9449999 AA2B2B 0.45
-1.4175 2.835 0.4725 B5B4B5 0.45
-1.4175 2.835 0 B5B4B5 0.45
-1.4175 2.835 -0.4725 B5B4B5 0.45
-1.4175 0.9449999 -0.9449999 940808 0.45
-1.4175 1.4175 0.9449999 AA2B2B 0.45
-1.4175 1.4175 -0.9449999 C6C7C6 0.45
-1.4175 1.89 0.9449999 AA2B2B 0.45
-1.4175 1.89 -0.9449999 941818 0.45
-1.4175 2.3625 0.9449999 DEDBDE 0.45
-1.4175 2.3625 -0.9449999 DBDBDB 0.45
-1.4175 2.835 0.9449999 DBDBDB 0.45
-1.4175 2.835 -0.9449999 00429F 0.45
-1.4175 3.3075 0.9449999 D6D7D6 0.45
-1.4175 5.1975 0.4725 9A9A9A 0.45
-1.4175 5.1975 0 9A9A9A 0.45
-1.4175 5.1975 -0.4725 9A9A9A 0.45
-1.4175 3.3075 -0.9449999 002873 0.45
-1.4175 3.78 0.9449999 D6D7D6 0.45
-1.4175 3.3075 0.4725 B5B4B5 0.45
-1.4175 3.3075 0 B5B4B5 0.45
-1.4175 3.3075 -0.4725 B5B2B5 0.45
-1.4175 3.78 -0.9449999 DBDBDB 0.45
-1.4175 4.2525 0.9449999 D6D7D6 0.45
-1.4175 4.2525 -0.9449999 DBDBDB 0.45
-1.4175 4.725 0.9449999 D6D7D6 0.45
-1.4175 4.725 -0.9449999 DBDBDB 0.45
-1.4175 6.142499 1.4175 A2A2A2 0.45
-1.4175 6.142499 0.9449999 A2A2A2 0.45
-1.4175 6.142499 0.4725 A2A2A2 0.45
-1.4175 6.142499 0 A2A2A2 0.45
-1.4175 6.142499 -0.4725 A2A2A2 0.45
-1.4175 6.142499 -0.9449999 A2A2A2 0.45
-1.4175 6.142499 -1.4175 A2A2A2 0.45
-1.4175 5.67 1.4175 D6D7D6 0.45
-1.4175 5.67 0.4725 B5B4B5 0.45
-1.4175 5.67 0 B5B4B5 0.45
-1.4175 5.67 -0.4725 B5B4B5 0.45
-1.4175 5.67 -1.4175 DBDBDB 0.45
-1.4175 11.34 1.4175 CE9073 0.45
-1.4175 11.34 0.9449999 CE9073 0.45
-1.4175 11.34 0.4725 CE9073 0.45
-1.4175 11.34 0 CE9073 0.45
-1.4175 11.34 -0.4725 CE9073 0.45
-1.4175 11.34 -0.9449999 CE9073 0.45
-1.4175 11.34 -1.4175 B5826B 0.45
-1.4175 6.615 1.4175 B52423 0.45
-1.4175 6.615 -1.4175 1E1E1E 0.45
-1.4175 7.0875 1.4175 B52423 0.45
-1.4175 7.0875 -1.4175 1E1E1E 0.45
-1.4175 7.559999 1.4175 B52423 0.45
-1.4175 7.559999 -1.4175 1E1E1E 0.45
-1.4175 8.0325 1.4175 B52423 0.45
-1.4175 8.0325 -1.4175 1E1E1E 0.45
-1.4175 8.504999 1.4175 DADBDA 0.45
-1.4175 8.504999 -1.4175 292429 0.45
-1.4175 8.9775 1.4175 DADBDA 0.45
-1.4175 8.9775 -1.4175 DADBDA 0.45
-1.4175 9.45 1.4175 DADBDA 0.45
-1.4175 9.45 -1.4175 DADBDA 0.45
-1.4175 9.9225 1.4175 DADBDA 0.45
-1.4175 9.9225 -1.4175 DEDBDE 0.45
-1.4175 10.395 1.4175 DADBDA 0.45
-1.4175 10.395 -1.4175 00429F 0.45
-1.4175 10.8675 1.4175 D6D7D6 0.45
-1.4175 10.8675 -1.4175 00429F 0.45
-1.4175 11.8125 1.89 ECAF97 0.45
-1.4175 11.8125 1.4175 1652A5 0.45
-1.4175 11.8125 0.9449999 1652A5 0.45
-1.4175 11.8125 0.4725 1851A5 0.45
-1.4175 11.8125 0 1851A5 0.45
-1.4175 11.8125 -0.4725 1851A5 0.45
-1.4175 11.8125 -0.9449999 1851A5 0.45
-1.4175 11.8125 -1.4175 1851A5 0.45
-1.4175 11.8125 -1.89 DEB29C 0.45
-1.4175 12.285 1.89 EFAE94 0.45
-1.4175 12.285 -1.89 E1B39A 0.45
-1.4175 12.7575 1.89 8B5A21 0.45
-1.4175 12.7575 -1.89 E1B39A 0.45
-1.4175 13.23 1.89 8B5A21 0.45
-1.4175 13.23 -1.89 FFCCAD 0.45
-1.4175 13.7025 1.89 8B5A21 0.45
-1.4175 13.7025 -1.89 FFCCAD 0.45
-1.4175 14.175 1.89 8B5A21 0.45
-1.4175 14.175 -1.89 945D29 0.45
-1.4175 14.6475 1.89 8B5A21 0.45
-1.4175 14.6475 -1.89 FFCCAD 0.45
-1.4175 15.12 1.89 8B5A21 0.45
-1.4175 15.12 -1.89 8C5921 0.45
-1.4175 15.5925 1.89 8B5A21 0.45
-1.4175 15.5925 -1.89 8B5A21 0.45
-1.4175 15.5925 1.4175 945F26 0.45
-1.4175 15.5925 0.9449999 945F26 0.45
-1.4175 15.5925 0.4725 945F26 0.45
-1.4175 15.5925 0 945F26 0.45
-1.4175 15.5925 -0.4725 945F26 0.45
-1.4175 15.5925 -0.9449999 945F26 0.45
-1.4175 15.5925 -1.4175 945F26 0.45
-1.89 11.34 1.89 CE9273 0.45
-1.89 5.1975 1.4175 9A9A9A 0.45
-1.89 5.1975 0.9449999 9A9A9A 0.45
-1.89 0.9449999 0.4725 982021 0.45
-1.89 0.9449999 0 982021 0.45
-1.89 0.9449999 -0.4725 982021 0.45
-1.89 5.1975 -0.9449999 9A9A9A 0.45
-1.89 5.1975 -1.4175 9A9A9A 0.45
-1.89 11.34 -1.89 B8836A 0.45
-1.89 0 0.4725 002F73 0.45
-1.89 0 0 002F73 0.45
-1.89 0 -0.4725 002F73 0.45
-1.89 0 -0.9449999 002F73 0.45
-1.89 0.4725 0.4725 982021 0.45
-1.89 0.4725 0 982021 0.45
-1.89 0.4725 -0.4725 982021 0.45
-1.89 0.4725 -0.9449999 982021 0.45
-1.89 0.9449999 0.9449999 AA2B2B 0.45
-1.89 2.835 0.4725 B5B4B5 0.45
-1.89 2.835 0 00419C 0.45
-1.89 2.835 -0.4725 B5B4B5 0.45
-1.89 0.9449999 -0.9449999 AA2B2B 0.45
-1.89 1.4175 0.9449999 AA2B2B 0.45
-1.89 1.4175 -0.9449999 AA2B2B 0.45
-1.89 1.89 0.9449999 AA2B2B 0.45
-1.89 1.89 -0.9449999 AA2B2B 0.45
-1.89 2.3625 0.9449999 DEDBDE 0.45
-1.89 2.3625 -0.9449999 DEDBDE 0.45
-1.89 2.835 0.9449999 DBDBDB 0.45
-1.89 2.835 -0.9449999 DBDBDB 0.45
-1.89 3.3075 0.9449999 D6D7D6 0.45
-1.89 5.1975 0.4725 9A9A9A 0.45
-1.89 5.1975 0 000052 0.45
-1.89 5.1975 -0.4725 9A9A9A 0.45
-1.89 3.3075 -0.9449999 DBDBDB 0.45
-1.89 3.78 0.9449999 D6D7D6 0.45
-1.89 3.3075 0.4725 B5B4B5 0.45
-1.89 3.3075 0 B5B4B5 0.45
-1.89 3.3075 -0.4725 B5B2B5 0.45
-1.89 3.78 -0.9449999 DBDBDB 0.45
-1.89 4.2525 0.9449999 D6D7D6 0.45
-1.89 4.2525 -0.9449999 DBDBDB 0.45
-1.89 4.725 0.9449999 D6D7D6 0.45
-1.89 4.725 -0.9449999 DBDBDB 0.45
-1.89 6.142499 1.4175 A2A2A2 0.45
-1.89 6.142499 0.9449999 A2A2A2 0.45
-1.89 6.142499 0.4725 A2A2A2 0.45
-1.89 6.142499 0 A2A2A2 0.45
-1.89 6.142499 -0.4725 A2A2A2 0.45
-1.89 6.142499 -0.9449999 A2A2A2 0.45
-1.89 6.142499 -1.4175 A2A2A2 0.45
-1.89 5.67 1.4175 D6D7D6 0.45
-1.89 5.67 0.4725 B5B4B5 0.45
-1.89 5.67 0 B5B4B5 0.45
-1.89 5.67 -1.4175 DBDBDB 0.45
-1.89 11.34 1.4175 CE9073 0.45
-1.89 11.34 0.9449999 CE9073 0.45
-1.89 11.34 0.4725 CE9073 0.45
-1.89 11.34 0 CE9073 0.45
-1.89 11.34 -0.4725 CE9073 0.45
-1.89 11.34 -0.9449999 CE9073 0.45
-1.89 11.34 -1.4175 B5826B 0.45
-1.89 6.615 1.4175 21304A 0.45
-1.89 6.615 -1.4175 21304A 0.45
-1.89 7.0875 1.4175 263B58 0.45
-1.89 7.0875 -1.4175 263B58 0.45
-1.89 7.559999 1.4175 263B58 0.45
-1.89 7.559999 -1.4175 263B58 0.45
-1.89 8.0325 1.4175 182439 0.45
-1.89 8.0325 -1.4175 182439 0.45
-1.89 8.504999 1.4175 DADBDA 0.45
-1.89 8.504999 -1.4175 DADBDA 0.45
-1.89 8.9775 1.4175 DADBDA 0.45
-1.89 8.9775 -1.4175 DADBDA 0.45
-1.89 9.45 1.4175 DADBDA 0.45
-1.89 9.45 -1.4175 DADBDA 0.45
-1.89 9.9225 1.4175 DADBDA 0.45
-1.89 9.9225 -1.4175 DADBDA 0.45
-1.89 10.395 1.4175 DADBDA 0.45
-1.89 10.395 -1.4175 DADBDA 0.45
-1.89 10.8675 1.4175 DEDBDE 0.45
-1.89 10.8675 -1.4175 00419C 0.45
-1.89 11.8125 1.89 ECAF97 0.45
-1.89 11.8125 1.4175 1652A5 0.45
-1.89 11.8125 0.9449999 1652A5 0.45
-1.89 11.8125 0.4725 1652A5 0.45
-1.89 11.8125 0 1652A5 0.45
-1.89 11.8125 -0.4725 1652A5 0.45
-1.89 11.8125 -0.9449999 1652A5 0.45
-1.89 11.8125 -1.4175 1652A5 0.45
-1.89 11.8125 -1.89 DEB29C 0.45
-1.89 12.285 1.89 EFAE94 0.45
-1.89 12.285 -1.89 DEB29C 0.45
-1.89 12.7575 1.89 8B5A21 0.45
-1.89 12.7575 -1.89 DEB29C 0.45
-1.89 13.23 1.89 8B5A21 0.45
-1.89 13.23 -1.89 FFCBAD 0.45
-1.89 13.7025 1.89 8B5A21 0.45
-1.89 13.7025 -1.89 FFCBAD 0.45
-1.89 14.175 1.89 8B5A21 0.45
-1.89 14.175 -1.89 FFCBAD 0.45
-1.89 14.6475 1.89 8B5A21 0.45
-1.89 14.6475 -1.89 FFCBAD 0.45
-1.89 15.12 1.89 8B5A21 0.45
-1.89 15.12 -1.89 8C5521 0.45
-1.89 15.5925 1.89 8B5A21 0.45
-1.89 15.5925 -1.89 8C5921 0.45
-1.89 15.5925 1.4175 945F26 0.45
-1.89 15.5925 0.9449999 945F26 0.45
-1.89 15.5925 0.4725 945F26 0.45
-1.89 15.5925 0 945F26 0.45
-1.89 15.5925 -0.4725 945F26 0.45
-1.89 15.5925 -0.9449999 945F26 0.45
-1.89 15.5925 -1.4175 945F26 0.45
-2.3625 6.142499 1.4175 A2A2A2 0.45
-2.3625 6.142499 0.9449999 A2A2A2 0.45
-2.3625 6.142499 0.4725 A2A2A2 0.45
-2.3625 6.142499 0 000052 0.45
-2.3625 6.142499 -0.4725 A2A2A2 0.45
-2.3625 6.142499 -0.9449999 A2A2A2 0.45
-2.3625 6.142499 -1.4175 A2A2A2 0.45
-1.89 1.4175 0.4725 982021 0.45
-1.89 1.4175 0 982021 0.45
-1.89 1.4175 -0.4725 982021 0.45
-1.89 1.89 0.4725 982021 0.45
-1.89 1.89 0 982021 0.45
-1.89 1.89 -0.4725 982021 0.45
-1.89 2.3625 0.4725 B5B2B5 0.45
-1.89 2.3625 0 00419C 0.45
-1.89 2.3625 -0.4725 B5B2B5 0.45
-1.89 3.78 0.4725 B5B4B5 0.45
-1.89 3.78 0 00429F 0.45
-1.89 3.78 -0.4725 B5B4B5 0.45
-1.89 4.2525 0.4725 B5B4B5 0.45
-1.89 4.2525 0 00429F 0.45
-1.89 4.2525 -0.4725 B5B4B5 0.45
-1.89 4.725 0.4725 B5B4B5 0.45
-1.89 4.725 0 00429F 0.45
-1.89 4.725 -0.4725 B5B4B5 0.45
-2.3625 5.1975 1.4175 B5B2B5 0.45
-2.3625 5.1975 0.9449999 B5B2B5 0.45
-2.3625 5.1975 0.4725 B5B2B5 0.45
-2.3625 5.1975 0 00419C 0.45
-2.3625 5.1975 -0.4725 B5B2B5 0.45
-2.3625 5.1975 -0.9449999 B5B2B5 0.45
-2.3625 5.1975 -1.4175 B5B2B5 0.45
-2.3625 5.67 1.4175 B5B4B5 0.45
-2.3625 5.67 0.9449999 B5B4B5 0.45
-2.3625 5.67 0.4725 B5B4B5 0.45
-2.3625 5.67 0 00429F 0.45
-2.3625 5.67 -0.4725 B5B4B5 0.45
-2.3625 5.67 -0.9449999 B5B4B5 0.45
-2.3625 5.67 -1.4175 B5B2B5 0.45
-2.3625 6.615 1.4175 B52421 0.45
-2.3625 6.615 -1.4175 B52424 0.45
-2.3625 7.0875 1.4175 B52421 0.45
-2.3625 7.0875 -1.4175 B52424 0.45
-2.3625 7.559999 1.4175 B52421 0.45
-2.3625 7.559999 -1.4175 B52424 0.45
-2.3625 8.0325 1.4175 B52421 0.45
-2.3625 8.0325 -1.4175 B52424 0.45
-2.3625 8.504999 1.4175 DEDBDE 0.45
-2.3625 8.504999 -1.4175 DADBDA 0.45
-2.3625 8.9775 1.4175 DEDBDE 0.45
-2.3625 8.9775 -1.4175 DADBDA 0.45
-2.3625 9.45 1.4175 DEDBDE 0.45
-2.3625 9.45 -1.4175 DADBDA 0.45
-2.3625 9.9225 1.4175 DEDBDE 0.45
-2.3625 9.9225 -1.4175 DADBDA 0.45
-2.3625 10.395 1.4175 DEDBDE 0.45
-2.3625 10.395 -1.4175 DADBDA 0.45
-2.3625 10.8675 1.4175 DEDBDE 0.45
-2.3625 10.8675 -1.4175 DADBDA 0.45
-2.3625 11.34 1.4175 DEDFDE 0.45
-2.3625 11.34 -1.4175 DEDFDE 0.45
-2.3625 11.8125 1.4175 DEDDDE 0.45
-2.3625 11.8125 0.9449999 DEDDDE 0.45
-2.3625 11.8125 0.4725 DEDDDE 0.45
-2.3625 11.8125 0 DEDDDE 0.45
-2.3625 11.8125 -0.4725 DEDDDE 0.45
-2.3625 11.8125 -0.9449999 DEDDDE 0.45
-2.3625 11.8125 -1.4175 DEDDDE 0.45
-1.89 12.285 1.4175 E7A68C 0.45
-1.89 12.285 0.9449999 E7A68C 0.45
-1.89 12.285 0.4725 E7A68C 0.45
-1.89 12.285 0 E7A68C 0.45
-1.89 12.285 -0.4725 E4A78E 0.45
-1.89 12.285 -0.9449999 E4A78E 0.45
-1.89 12.285 -1.4175 CA967F 0.45
-1.89 12.7575 1.4175 80511B 0.45
-1.89 12.7575 0.9449999 80511B 0.45
-1.89 12.7575 0.4725 80511B 0.45
-1.89 12.7575 0 80511B 0.45
-1.89 12.7575 -0.4725 D8967E 0.45
-1.89 12.7575 -0.9449999 E4A78E 0.45
-1.89 12.7575 -1.4175 CA967F 0.45
-1.89 13.23 1.4175 80511B 0.45
-1.89 13.23 0.9449999 80511B 0.45
-1.89 13.23 0.4725 80511B 0.45
-1.89 13.23 0 80511B 0.45
-1.89 13.23 -0.4725 D8967E 0.45
-1.89 13.23 -0.9449999 E7A68C 0.45
-1.89 13.23 -1.4175 E4A78E 0.45
-1.89 13.7025 1.4175 80511B 0.45
-1.89 13.7025 0.9449999 80511B 0.45
-1.89 13.7025 0.4725 80511B 0.45
-1.89 13.7025 0 80511B 0.45
-1.89 13.7025 -0.4725 D6967B 0.45
-1.89 13.7025 -0.9449999 80511B 0.45
-1.89 13.7025 -1.4175 E4A78E 0.45
-1.89 14.175 1.4175 80511B 0.45
-1.89 14.175 0.9449999 80511B 0.45
-1.89 14.175 0.4725 80511B 0.45
-1.89 14.175 0 80511B 0.45
-1.89 14.175 -0.4725 80511B 0.45
-1.89 14.175 -0.9449999 80511B 0.45
-1.89 14.175 -1.4175 E4A78E 0.45
-1.89 14.6475 1.4175 80511B 0.45
-1.89 14.6475 0.9449999 80511B 0.45
-1.89 14.6475 0.4725 80511B 0.45
-1.89 14.6475 0 80511B 0.45
-1.89 14.6475 -0.4725 80511B 0.45
-1.89 14.6475 -0.9449999 80511B 0.45
-1.89 14.6475 -1.4175 E7A68C 0.45
-1.89 15.12 1.4175 80511B 0.45
-1.89 15.12 0.9449999 80511B 0.45
-1.89 15.12 0.4725 80511B 0.45
-1.89 15.12 0 80511B 0.45
-1.89 15.12 -0.4725 80511B 0.45
-1.89 15.12 -0.9449999 80511B 0.45
-1.89 15.12 -1.4175 80511B 0.45
-2.3625 6.615 0.9449999 101831 0.45
-2.3625 6.615 0.4725 940000 0.45
-2.3625 6.615 0 101831 0.45
-2.3625 6.615 -0.4725 940000 0.45
-2.3625 6.615 -0.9449999 101831 0.45
-2.3625 7.0875 0.9449999 08082D 0.45
-2.3625 7.0875 0.4725 940000 0.45
-2.3625 7.0875 0 08082D 0.45
-2.3625 7.0875 -0.4725 940000 0.45
-2.3625 7.0875 -0.9449999 08082D 0.45
-2.3625 7.559999 0.9449999 08082D 0.45
-2.3625 7.559999 0.4725 940000 0.45
-2.3625 7.559999 0 08082D 0.45
-2.3625 7.559999 -0.4725 940000 0.45
-2.3625 7.559999 -0.9449999 08082D 0.45
-2.3625 8.0325 0.9449999 182439 0.45
-2.3625 8.0325 0.4725 940000 0.45
-2.3625 8.0325 0 182439 0.45
-2.3625 8.0325 -0.4725 940000 0.45
-2.3625 8.0325 -0.9449999 182439 0.45
-2.3625 8.504999 0.9449999 C2C2C2 0.45
-2.3625 8.504999 0.4725 C2C2C2 0.45
-2.3625 8.504999 0 00429F 0.45
-2.3625 8.504999 -0.4725 C2C2C2 0.45
-2.3625 8.504999 -0.9449999 C2C2C2 0.45
-2.3625 8.9775 0.9449999 C2C2C2 0.45
-2.3625 8.9775 0.4725 C2C2C2 0.45
-2.3625 8.9775 0 00429F 0.45
-2.3625 8.9775 -0.4725 C2C2C2 0.45
-2.3625 8.9775 -0.9449999 C2C2C2 0.45
-2.3625 9.45 0.9449999 C2C2C2 0.45
-2.3625 9.45 0.4725 C2C2C2 0.45
-2.3625 9.45 0 00429F 0.45
-2.3625 9.45 -0.4725 C2C2C2 0.45
-2.3625 9.45 -0.9449999 C2C2C2 0.45
-2.3625 9.9225 0.9449999 C2C2C2 0.45
-2.3625 9.9225 0.4725 C2C2C2 0.45
-2.3625 9.9225 0 00429F 0.45
-2.3625 9.9225 -0.4725 C2C2C2 0.45
-2.3625 9.9225 -0.9449999 C2C2C2 0.45
-2.835 10.395 0.9449999 C2C2C2 0.45
-2.3625 10.395 0.9449999 C2C2C2 0.45
-2.3625 10.395 0.4725 C2C2C2 0.45
-2.3625 10.395 0 00429F 0.45
-2.3625 10.395 -0.4725 C2C2C2 0.45
-2.3625 10.395 -0.9449999 C2C2C2 0.45
-2.835 10.395 -0.9449999 C6C3C6 0.45
-2.835 10.8675 0.9449999 C2C2C2 0.45
-2.3625 10.8675 0.9449999 C2C2C2 0.45
-2.3625 10.8675 0.4725 C2C2C2 0.45
-5.67 10.8675 0.4725 C2C2C2 0.45
-2.3625 10.8675 0 00429F 0.45
-5.67 10.8675 0 C2C2C2 0.45
-2.3625 10.8675 -0.4725 C2C2C2 0.45
-5.67 10.8675 -0.4725 C2C2C2 0.45
-2.3625 10.8675 -0.9449999 C2C2C2 0.45
-2.835 10.8675 -0.9449999 C2C2C2 0.45
-2.835 11.34 0.9449999 C2C2C2 0.45
-2.3625 11.34 0.9449999 C8C8C8 0.45
-2.3625 11.34 0.4725 C8C8C8 0.45
-5.67 11.34 0.4725 C2C2C2 0.45
-2.3625 11.34 0 00429F 0.45
-5.67 11.34 0 C2C2C2 0.45
-2.3625 11.34 -0.4725 C8C8C8 0.45
-5.67 11.34 -0.4725 C2C2C2 0.45
-2.3625 11.34 -0.9449999 C8C8C8 0.45
-2.835 11.34 -0.9449999 C2C2C2 0.45
-2.835 11.8125 0.4725 DADBDA 0.45
-2.835 11.8125 0 00429F 0.45
-2.835 11.8125 -0.4725 DADBDA 0.45
-3.3075 10.395 0.4725 D3D3D3 0.45
-3.3075 10.395 0 D3D3D3 0.45
-3.3075 10.395 -0.4725 D3D3D3 0.45
-3.3075 10.395 0.9449999 C2C2C2 0.45
-3.3075 10.395 -0.9449999 C6C3C6 0.45
-3.3075 10.8675 0.9449999 C2C2C2 0.45
-3.3075 10.8675 -0.9449999 C2C2C2 0.45
-3.3075 11.34 0.9449999 C2C2C2 0.45
-3.3075 11.34 -0.9449999 C2C2C2 0.45
-3.3075 11.8125 0.4725 DADBDA 0.45
-3.3075 11.8125 0 00429F 0.45
-3.3075 11.8125 -0.4725 DADBDA 0.45
-3.78 10.395 0.4725 D3D3D3 0.45
-3.78 10.395 0 D3D3D3 0.45
-3.78 10.395 -0.4725 D3D3D3 0.45
-3.78 10.395 0.9449999 C2C2C2 0.45
-3.78 10.395 -0.9449999 C6C3C6 0.45
-3.78 10.8675 0.9449999 C2C2C2 0.45
-3.78 10.8675 -0.9449999 C2C2C2 0.45
-3.78 11.34 0.9449999 C2C2C2 0.45
-3.78 11.34 -0.9449999 C2C2C2 0.45
-3.78 11.8125 0.4725 DADBDA 0.45
-3.78 11.8125 0 00429F 0.45
-3.78 11.8125 -0.4725 DADBDA 0.45
-4.2525 10.395 0.4725 D3D3D3 0.45
-4.2525 10.395 0 D3D3D3 0.45
-4.2525 10.395 -0.4725 D3D3D3 0.45
-4.2525 10.395 0.9449999 C2C2C2 0.45
-4.2525 10.395 -0.9449999 C6C3C6 0.45
-4.2525 10.8675 0.9449999 C2C2C2 0.45
-4.2525 10.8675 -0.9449999 C2C2C2 0.45
-4.2525 11.34 0.9449999 C2C2C2 0.45
-4.2525 11.34 -0.9449999 C2C2C2 0.45
-4.2525 11.8125 0.4725 DADBDA 0.45
-4.2525 11.8125 0 00429F 0.45
-4.2525 11.8125 -0.4725 DADBDA 0.45
-4.725 10.395 0.4725 D3D3D3 0.45
-4.725 10.395 0 D3D3D3 0.45
-4.725 10.395 -0.4725 D3D3D3 0.45
-4.725 10.395 0.9449999 C2C2C2 0.45
-4.725 10.395 -0.9449999 C6C3C6 0.45
-4.725 10.8675 0.9449999 C2C2C2 0.45
-4.725 10.8675 -0.9449999 C2C2C2 0.45
-4.725 11.34 0.9449999 C2C2C2 0.45
-4.725 11.34 -0.9449999 C2C2C2 0.45
-4.725 11.8125 0.4725 DADBDA 0.45
-4.725 11.8125 0 00429F 0.45
-4.725 11.8125 -0.4725 DADBDA 0.45
-5.1975 10.395 0.4725 D3D3D3 0.45
-5.1975 10.395 0 D3D3D3 0.45
-5.1975 10.395 -0.4725 D3D3D3 0.45
-5.1975 10.395 0.9449999 C2C2C2 0.45
-5.1975 10.395 -0.9449999 C6C3C6 0.45
-5.1975 10.8675 0.9449999 C2C2C2 0.45
-5.1975 10.8675 -0.9449999 C2C2C2 0.45
-5.1975 11.34 0.9449999 C2C2C2 0.45
-5.1975 11.34 -0.9449999 C2C2C2 0.45
-5.1975 11.8125 0.4725 DADBDA 0.45
-5.1975 11.8125 0 00429F 0.45
-5.1975 11.8125 -0.4725 DADBDA 0.45
-5.67 10.395 0.4725 D3D3D3 0.45
-5.67 10.395 0 D3D3D3 0.45
-5.67 10.395 -0.4725 D3D3D3 0.45
-5.67 10.395 0.9449999 C2C2C2 0.45
-5.67 10.395 -0.9449999 C6C3C6 0.45
-5.67 10.8675 0.9449999 00429F 0.45
-8.504999 10.8675 0.4725 FFCCAD 0.45
-8.504999 10.8675 0 D8967E 0.45
-8.504999 10.8675 -0.4725 FFCCAD 0.45
-5.67 10.8675 -0.9449999 C2C2C2 0.45
-5.67 11.34 0.9449999 00429F 0.45
-8.504999 11.34 0.4725 FFCCAD 0.45
-8.504999 11.34 0 D8967E 0.45
-8.504999 11.34 -0.4725 FFCCAD 0.45
-5.67 11.34 -0.9449999 C2C2C2 0.45
-5.67 11.8125 0.4725 DADBDA 0.45
-5.67 11.8125 0 00429F 0.45
-5.67 11.8125 -0.4725 DADBDA 0.45
-6.142499 10.395 0.4725 D3D3D3 0.45
-6.142499 10.395 0 D3D3D3 0.45
-6.142499 10.395 -0.4725 D3D3D3 0.45
-6.142499 10.8675 0.9449999 00429F 0.45
-6.142499 10.8675 -0.9449999 C2C2C2 0.45
-6.142499 11.34 0.9449999 00429F 0.45
-6.142499 11.34 -0.9449999 C2C2C2 0.45
-6.142499 11.8125 0.4725 DADBDA 0.45
-6.142499 11.8125 0 00429F 0.45
-6.142499 11.8125 -0.4725 DADBDA 0.45
-6.615 10.395 0.4725 D3D3D3 0.45
-6.615 10.395 0 D3D3D3 0.45
-6.615 10.395 -0.4725 D3D3D3 0.45
-6.615 10.8675 0.9449999 C6C3C6 0.45
-6.615 10.8675 -0.9449999 C2C2C2 0.45
-6.615 11.34 0.9449999 C6C3C6 0.45
-6.615 11.34 -0.9449999 C2C2C2 0.45
-6.615 11.8125 0.4725 DADBDA 0.45
-6.615 11.8125 0 00429F 0.45
-6.615 11.8125 -0.4725 DADBDA 0.45
-7.0875 10.395 0.4725 D3D3D3 0.45
-7.0875 10.395 0 D3D3D3 0.45
-7.0875 10.395 -0.4725 D3D3D3 0.45
-7.0875 10.8675 0.9449999 C2C2C2 0.45
-7.0875 10.8675 -0.9449999 C2C2C2 0.45
-7.0875 11.34 0.9449999 C2C2C2 0.45
-7.0875 11.34 -0.9449999 C2C2C2 0.45
-7.0875 11.8125 0.4725 DADBDA 0.45
-7.0875 11.8125 0 00429F 0.45
-7.0875 11.8125 -0.4725 DADBDA 0.45
-7.559999 10.395 0.4725 D3D3D3 0.45
-7.559999 10.395 0 D3D3D3 0.45
-7.559999 10.395 -0.4725 D3D3D3 0.45
-7.559999 10.8675 0.9449999 C2C2C2 0.45
-7.559999 10.8675 -0.9449999 C2C2C2 0.45
-7.559999 11.34 0.9449999 C2C2C2 0.45
-7.559999 11.34 -0.9449999 C2C2C2 0.45
-7.559999 11.8125 0.4725 DADBDA 0.45
-7.559999 11.8125 0 00429F 0.45
-7.559999 11.8125 -0.4725 DADBDA 0.45
-8.0325 10.395 0.4725 002A84 0.45
-8.0325 10.395 0 002A84 0.45
-8.0325 10.395 -0.4725 002A84 0.45
-8.0325 10.8675 0.9449999 003791 0.45
-8.0325 10.8675 -0.9449999 003791 0.45
-8.0325 11.34 0.9449999 003791 0.45
-8.0325 11.34 -0.9449999 003791 0.45
-8.0325 11.8125 0.4725 00439F 0.45
-8.0325 11.8125 0 00429F 0.45
-8.0325 11.8125 -0.4725 00439F 0.45
-8.504999 10.395 0.4725 002A84 0.45
-8.504999 10.395 0 002A84 0.45
-8.504999 10.395 -0.4725 002A84 0.45
-8.504999 10.8675 0.9449999 003894 0.45
-8.504999 10.8675 -0.9449999 003791 0.45
-8.504999 11.34 0.9449999 003894 0.45
-8.504999 11.34 -0.9449999 003791 0.45
-8.504999 11.8125 0.4725 00439F 0.45
-8.504999 11.8125 0 00429F 0.45
-8.504999 11.8125 -0.4725 00439F 0.45
-8.9775 10.395 0.4725 CE9073 0.45
-8.9775 10.395 0 CE9073 0.45
-8.9775 10.395 -0.4725 CE9073 0.45
-8.9775 10.8675 0.4725 FFCCAD 0.45
-8.9775 10.8675 -0.4725 FFCCAD 0.45
-8.9775 11.34 0.4725 FFCCAD 0.45
-8.9775 11.34 -0.4725 FFCCAD 0.45
-8.9775 11.8125 0.4725 ECAF97 0.45
-8.9775 11.8125 0 ECAF97 0.45
-8.9775 11.8125 -0.4725 ECAF97 0.45
-9.45 10.395 0.4725 CE9073 0.45
-9.45 10.395 0 CE9073 0.45
-9.45 10.395 -0.4725 CE9073 0.45
-9.45 10.8675 0.4725 FFCCAD 0.45
-9.45 10.8675 -0.4725 FFCCAD 0.45
-9.45 11.34 0.4725 FFCCAD 0.45
-9.45 11.34 -0.4725 FFCCAD 0.45
-9.45 11.8125 0.4725 EFAE94 0.45
-9.45 11.8125 0 EFAE94 0.45
-9.45 11.8125 -0.4725 EFAE94 0.45
-9.45 10.8675 0 D8967E 0.45
-9.45 11.34 0 D8967E 0.45
