1.89 0 0.4725 845E39 0.45
1.89 0 0 845E39 0.45
1.89 0 -0.4725 845E39 0.45
1.89 0 -0.9449999 845E39 0.45
1.89 0.4725 0.4725 AC7028 0.45
1.89 0.4725 0 AC7028 0.45
1.89 0.4725 -0.4725 AC7028 0.45
1.89 0.4725 -0.9449999 AC7028 0.45
1.89 0.9449999 0.4725 AC7028 0.45
1.89 0.9449999 0 AC7028 0.45
1.89 0.9449999 -0.4725 AC7028 0.45
1.89 1.4175 0.4725 602A0D 0.45
1.89 1.4175 0 602A0D 0.45
1.89 1.4175 -0.4725 AD7129 0.45
1.89 1.89 0.4725 E9AD94 0.45
1.89 1.89 0 E9AD94 0.45
1.89 1.89 -0.4725 E9AD94 0.45
1.89 2.3625 0.4725 314D63 0.45
1.89 2.3625 0 314D63 0.45
1.89 2.3625 -0.4725 314D63 0.45
1.89 2.835 0.4725 000004 0.45
1.89 2.835 0 000000 0.45
1.89 2.835 -0.4725 000004 0.45
1.89 3.3075 0.4725 000004 0.45
1.89 3.3075 0 000000 0.45
1.89 3.3075 -0.4725 000004 0.45
1.89 3.78 0.4725 000004 0.45
1.89 3.78 0 000000 0.45
1.89 3.78 -0.4725 000004 0.45
1.89 4.2525 0.4725 000004 0.45
1.89 4.2525 0 000000 0.45
1.89 4.2525 -0.4725 000004 0.45
1.89 4.725 0.4725 000004 0.45
1.89 4.725 0 000000 0.45
1.89 4.725 -0.4725 000004 0.45
2.3625 5.1975 1.4175 000000 0.45
2.3625 5.1975 0.9449999 000000 0.45
2.3625 5.1975 0.4725 000000 0.45
2.3625 5.1975 0 000000 0.45
2.3625 5.1975 -0.4725 000000 0.45
2.3625 5.1975 -0.9449999 000000 0.45
2.3625 5.1975 -1.4175 000000 0.45
2.3625 5.67 1.4175 B51829 0.45
2.3625 5.67 0.9449999 B51829 0.45
2.3625 5.67 0.4725 B51829 0.45
2.3625 5.67 0 A24047 0.45
2.3625 5.67 -0.4725 B51829 0.45
2.3625 5.67 -0.9449999 B51829 0.45
2.3625 5.67 -1.4175 AA3E42 0.45
2.3625 6.142499 1.4175 EBEBEB 0.45
2.3625 6.142499 0.9449999 EBEBEB 0.45
2.3625 6.142499 0.4725 EBEBEB 0.45
2.3625 6.142499 0 EBEBEB 0.45
2.3625 6.142499 -0.4725 EBEBEB 0.45
2.3625 6.142499 -0.9449999 EBEBEB 0.45
2.3625 6.142499 -1.4175 EBEBEB 0.45
2.3625 6.615 1.4175 EBEBEB 0.45
2.3625 6.615 0.9449999 EBEBEB 0.45
2.3625 6.615 0.4725 EBEBEB 0.45
2.3625 6.615 0 EBEBEB 0.45
2.3625 6.615 -0.4725 EBEBEB 0.45
2.3625 6.615 -0.9449999 EBEBEB 0.45
2.3625 6.615 -1.4175 EBEBEB 0.45
2.3625 7.0875 1.4175 EBEBEB 0.45
2.3625 7.0875 0.9449999 EBEBEB 0.45
2.3625 7.0875 0.4725 EBEBEB 0.45
2.3625 7.0875 0 EBEBEB 0.45
2.3625 7.0875 -0.4725 EBEBEB 0.45
2.3625 7.0875 -0.9449999 EBEBEB 0.45
2.3625 7.0875 -1.4175 EBEBEB 0.45
2.3625 7.559999 1.4175 EBEBEB 0.45
2.3625 7.559999 0.9449999 EBEBEB 0.45
2.3625 7.559999 0.4725 EBEBEB 0.45
2.3625 7.559999 0 EBEBEB 0.45
2.3625 7.559999 -0.4725 EBEBEB 0.45
2.3625 7.559999 -0.9449999 EBEBEB 0.45
2.3625 7.559999 -1.4175 EBEBEB 0.45
2.3625 8.0325 1.4175 EBEBEB 0.45
2.3625 8.0325 0.9449999 EBEBEB 0.45
2.3625 8.0325 0.4725 EBEBEB 0.45
2.3625 8.0325 0 EBEBEB 0.45
2.3625 8.0325 -0.4725 EBEBEB 0.45
2.3625 8.0325 -0.9449999 EBEBEB 0.45
2.3625 8.0325 -1.4175 EBEBEB 0.45
2.3625 8.504999 1.4175 EBEBEB 0.45
2.3625 8.504999 0.9449999 EBEBEB 0.45
2.3625 8.504999 0.4725 EBEBEB 0.45
2.3625 8.504999 0 EBEBEB 0.45
2.3625 8.504999 -0.4725 EBEBEB 0.45
2.3625 8.504999 -0.9449999 EBEBEB 0.45
2.3625 8.504999 -1.4175 EBEBEB 0.45
2.3625 8.9775 1.4175 EBEBEB 0.45
2.3625 8.9775 0.9449999 EBEBEB 0.45
2.3625 8.9775 0.4725 EBEBEB 0.45
2.3625 8.9775 0 EBEBEB 0.45
2.3625 8.9775 -0.4725 EBEBEB 0.45
2.3625 8.9775 -0.9449999 EBEBEB 0.45
2.3625 8.9775 -1.4175 EBEBEB 0.45
2.3625 9.45 1.4175 EBEBEB 0.45
2.3625 9.45 0.9449999 EBEBEB 0.45
2.3625 9.45 0.4725 EBEBEB 0.45
2.3625 9.45 0 EBEBEB 0.45
2.3625 9.45 -0.4725 EBEBEB 0.45
2.3625 9.45 -0.9449999 EBEBEB 0.45
2.3625 9.45 -1.4175 EBEBEB 0.45
2.3625 9.9225 1.4175 EBEBEB 0.45
2.3625 9.9225 0.9449999 EBEBEB 0.45
2.3625 9.9225 0.4725 EBEBEB 0.45
2.3625 9.9225 0 EBEBEB 0.45
2.3625 9.9225 -0.4725 EBEBEB 0.45
2.3625 9.9225 -0.9449999 EBEBEB 0.45
2.3625 9.9225 -1.4175 EBEBEB 0.45
2.3625 10.395 1.4175 EBEBEB 0.45
2.3625 10.395 0.9449999 EBEBEB 0.45
5.67 10.395 0.4725 FFCCAD 0.45
5.67 10.395 0 FFCCAD 0.45
5.67 10.395 -0.4725 FFCCAD 0.45
2.3625 10.395 -0.9449999 EBEBEB 0.45
2.3625 10.395 -1.4175 EBEBEB 0.45
2.3625 10.8675 1.4175 EBEBEB 0.45
2.3625 10.8675 0.9449999 EBEBEB 0.45
9.45 10.8675 0.4725 D8967E 0.45
9.45 10.8675 0 D8967E 0.45
9.45 10.8675 -0.4725 D8967E 0.45
2.3625 10.8675 -0.9449999 EBEBEB 0.45
2.3625 10.8675 -1.4175 EBEBEB 0.45
2.3625 11.34 1.4175 EEEDEE 0.45
2.3625 11.34 0.9449999 EEEDEE 0.45
9.45 11.34 0.4725 D8967E 0.45
9.45 11.34 0 D8967E 0.45
9.45 11.34 -0.4725 D8967E 0.45
2.3625 11.34 -0.9449999 EEEDEE 0.45
2.3625 11.34 -1.4175 EEEDEE 0.45
1.89 11.8125 1.89 E4A78E 0.45
1.89 11.8125 1.4175 E4A78E 0.45
1.89 11.8125 0.9449999 E4A78E 0.45
1.89 11.8125 0.4725 E4A78E 0.45
1.89 11.8125 0 E4A78E 0.45
1.89 11.8125 -0.4725 E4A78E 0.45
1.89 11.8125 -0.9449999 CE9E84 0.45
1.89 11.8125 -1.4175 D09C86 0.45
1.89 11.8125 -1.89 D09C86 0.45
1.89 12.285 1.89 E7A68C 0.45
1.89 12.285 1.4175 E7A68C 0.45
1.89 12.285 0.9449999 E7A68C 0.45
1.89 12.285 0.4725 E7A68C 0.45
1.89 12.285 0 E7A68C 0.45
1.89 12.285 -0.4725 E4A78E 0.45
1.89 12.285 -0.9449999 CE9E84 0.45
1.89 12.285 -1.4175 D09C86 0.45
1.89 12.285 -1.89 D09C86 0.45
1.89 12.7575 1.89 291C10 0.45
1.89 12.7575 1.4175 291C10 0.45
1.89 12.7575 0.9449999 291C10 0.45
1.89 12.7575 0.4725 291C10 0.45
1.89 12.7575 0 291C10 0.45
1.89 12.7575 -0.4725 D8967E 0.45
1.89 12.7575 -0.9449999 CE9E84 0.45
1.89 12.7575 -1.4175 D09C86 0.45
1.89 12.7575 -1.89 D09C86 0.45
1.89 13.23 1.89 291C10 0.45
1.89 13.23 1.4175 291C10 0.45
1.89 13.23 0.9449999 291C10 0.45
1.89 13.23 0.4725 291C10 0.45
1.89 13.23 0 291C10 0.45
1.89 13.23 -0.4725 D8967E 0.45
1.89 13.23 -0.9449999 DE9A84 0.45
1.89 13.23 -1.4175 E4A78E 0.45
1.89 13.23 -1.89 E4A78E 0.45
1.89 13.7025 1.89 291C10 0.45
1.89 13.7025 1.4175 291C10 0.45
1.89 13.7025 0.9449999 291C10 0.45
1.89 13.7025 0.4725 291C10 0.45
1.89 13.7025 0 291C10 0.45
1.89 13.7025 -0.4725 D6967B 0.45
1.89 13.7025 -0.9449999 291C10 0.45
1.89 13.7025 -1.4175 E4A78E 0.45
1.89 13.7025 -1.89 E4A78E 0.45
1.89 14.175 1.89 291C10 0.45
1.89 14.175 1.4175 291C10 0.45
1.89 14.175 0.9449999 291C10 0.45
1.89 14.175 0.4725 291C10 0.45
1.89 14.175 0 291C10 0.45
1.89 14.175 -0.4725 291C10 0.45
1.89 14.175 -0.9449999 291C10 0.45
1.89 14.175 -1.4175 E4A78E 0.45
1.89 14.175 -1.89 E4A78E 0.45
1.89 14.6475 1.89 AD3400 0.45
1.89 14.6475 1.4175 AD3400 0.45
1.89 14.6475 0.9449999 AD3400 0.45
1.89 14.6475 0.4725 AD3400 0.45
1.89 14.6475 0 AD3400 0.45
1.89 14.6475 -0.4725 AD3400 0.45
1.89 14.6475 -0.9449999 AD3400 0.45
1.89 14.6475 -1.4175 AD3400 0.45
1.89 14.6475 -1.89 AD3400 0.45
1.89 15.12 1.89 E14A0A 0.45
1.89 15.12 1.4175 E14A0A 0.45
1.89 15.12 0.9449999 E14A0A 0.45
1.89 15.12 0.4725 E14A0A 0.45
1.89 15.12 0 E14A0A 0.45
1.89 15.12 -0.4725 E14A0A 0.45
1.89 15.12 -0.9449999 E14A0A 0.45
1.89 15.12 -1.4175 E14A0A 0.45
1.89 15.12 -1.89 E14A0A 0.45
1.89 15.5925 1.89 E14A0A 0.45
1.89 15.5925 1.4175 E14A0A 0.45
1.89 15.5925 0.9449999 E14A0A 0.45
1.89 15.5925 0.4725 E14A0A 0.45
1.89 15.5925 0 E14A0A 0.45
1.89 15.5925 -0.4725 E14A0A 0.45
1.89 15.5925 -0.9449999 E14A0A 0.45
1.89 15.5925 -1.4175 E14A0A 0.45
1.89 15.5925 -1.89 E14A0A 0.45
9.45 10.395 0.4725 CE9073 0.45
9.45 10.395 0 CE9073 0.45
9.45 10.395 -0.4725 CE9073 0.45
8.504999 10.8675 0.4725 CE9073 0.45
8.504999 10.8675 0 CE9073 0.45
8.504999 10.8675 -0.4725 CE9073 0.45
8.504999 11.34 0.4725 CE9073 0.45
8.504999 11.34 0 CE9073 0.45
8.504999 11.34 -0.4725 CE9073 0.45
8.9775 10.395 0.4725 CE9073 0.45
8.9775 10.395 0 CE9073 0.45
8.9775 10.395 -0.4725 CE9073 0.45
8.9775 10.8675 0.4725 FFCCAD 0.45
8.9775 10.8675 -0.4725 FFCCAD 0.45
8.9775 11.34 0.4725 FFCCAD 0.45
8.9775 11.34 -0.4725 FFCCAD 0.45
8.9775 11.34 0 ECAF97 0.45
8.504999 10.395 0.4725 CE9073 0.45
8.504999 10.395 0 CE9073 0.45
8.504999 10.395 -0.4725 CE9073 0.45
8.504999 10.8675 0.9449999 FFCCAD 0.45
5.67 10.8675 0.4725 FFCCAD 0.45
5.67 10.8675 0 FFCCAD 0.45
5.67 10.8675 -0.4725 FFCCAD 0.45
8.504999 10.8675 -0.9449999 FFCCAD 0.45
8.504999 11.34 0.9449999 FFCCAD 0.45
5.67 11.34 0.4725 FFCCAD 0.45
5.67 11.34 0 FFCCAD 0.45
5.67 11.34 -0.4725 FFCCAD 0.45
8.504999 11.34 -0.9449999 FFCCAD 0.45
8.504999 11.8125 0.4725 ECAF97 0.45
8.504999 11.8125 0 ECAF97 0.45
8.504999 11.8125 -0.4725 ECAF97 0.45
8.0325 10.395 0.4725 CE9073 0.45
8.0325 10.395 0 CE9073 0.45
8.0325 10.395 -0.4725 CE9073 0.45
8.0325 10.8675 0.9449999 FFCCAD 0.45
8.0325 10.8675 -0.9449999 FFCCAD 0.45
8.0325 11.34 0.9449999 FFCCAD 0.45
8.0325 11.34 -0.9449999 FFCCAD 0.45
8.0325 11.8125 0.4725 ECAF97 0.45
8.0325 11.8125 0 ECAF97 0.45
8.0325 11.8125 -0.4725 ECAF97 0.45
7.559999 10.395 0.4725 CE9073 0.45
7.559999 10.395 0 CE9073 0.45
7.559999 10.395 -0.4725 CE9073 0.45
7.559999 10.8675 0.9449999 FFCCAD 0.45
7.559999 10.8675 -0.9449999 FFCCAD 0.45
7.559999 11.34 0.9449999 FFCCAD 0.45
7.559999 11.34 -0.9449999 FFCCAD 0.45
7.559999 11.8125 0.4725 ECAF97 0.45
7.559999 11.8125 0 ECAF97 0.45
7.559999 11.8125 -0.4725 ECAF97 0.45
7.0875 10.395 0.4725 CE9073 0.45
7.0875 10.395 0 CE9073 0.45
7.0875 10.395 -0.4725 CE9073 0.45
7.0875 10.8675 0.9449999 FFCCAD 0.45
7.0875 10.8675 -0.9449999 FFCCAD 0.45
7.0875 11.34 0.9449999 FFCCAD 0.45
7.0875 11.34 -0.9449999 FFCCAD 0.45
7.0875 11.8125 0.4725 ECAF97 0.45
7.0875 11.8125 0 ECAF97 0.45
7.0875 11.8125 -0.4725 ECAF97 0.45
6.615 10.395 0.4725 CE9073 0.45
6.615 10.395 0 CE9073 0.45
6.615 10.395 -0.4725 CE9073 0.45
6.615 10.8675 0.9449999 FFCCAD 0.45
6.615 10.8675 -0.9449999 FFCCAD 0.45
6.615 11.34 0.9449999 FFCCAD 0.45
6.615 11.34 -0.9449999 FFCCAD 0.45
6.615 11.8125 0.4725 ECAF97 0.45
6.615 11.8125 0 ECAF97 0.45
6.615 11.8125 -0.4725 ECAF97 0.45
6.142499 10.395 0.4725 CE9073 0.45
6.142499 10.395 0 CE9073 0.45
6.142499 10.395 -0.4725 CE9073 0.45
6.142499 10.8675 0.9449999 FFCCAD 0.45
6.142499 10.8675 -0.9449999 FFCCAD 0.45
6.142499 11.34 0.9449999 FFCCAD 0.45
6.142499 11.34 -0.9449999 FFCCAD 0.45
6.142499 11.8125 0.4725 ECAF97 0.45
6.142499 11.8125 0 ECAF97 0.45
6.142499 11.8125 -0.4725 ECAF97 0.45
5.67 10.395 0.9449999 FFCCAD 0.45
2.3625 10.395 0.4725 EBEBEB 0.45
2.3625 10.395 0 EBEBEB 0.45
2.3625 10.395 -0.4725 EBEBEB 0.45
5.67 10.395 -0.9449999 FFCBAD 0.45
5.67 10.8675 0.9449999 FFCCAD 0.45
2.3625 10.8675 0.4725 EBEBEB 0.45
2.3625 10.8675 0 EBEBEB 0.45
2.3625 10.8675 -0.4725 EBEBEB 0.45
5.67 10.8675 -0.9449999 FFCCAD 0.45
5.67 11.34 0.9449999 FFCCAD 0.45
2.3625 11.34 0.4725 EEEDEE 0.45
2.3625 11.34 0 EEEDEE 0.45
2.3625 11.34 -0.4725 EEEDEE 0.45
5.67 11.34 -0.9449999 FFCCAD 0.45
5.67 11.8125 0.4725 ECAF97 0.45
5.67 11.8125 0 ECAF97 0.45
5.67 11.8125 -0.4725 ECAF97 0.45
5.1975 10.395 0.4725 CE9073 0.45
5.1975 10.395 0 9C8E63 0.45
5.1975 10.395 -0.4725 CE9073 0.45
5.1975 10.395 0.9449999 FFCCAD 0.45
5.1975 10.395 -0.9449999 FFCBAD 0.45
5.1975 10.8675 0.9449999 FFCCAD 0.45
5.1975 10.8675 -0.9449999 FFCCAD 0.45
5.1975 11.34 0.9449999 FFCCAD 0.45
5.1975 11.34 -0.9449999 FFCCAD 0.45
5.1975 11.8125 0.4725 ECAF97 0.45
5.1975 11.8125 0 ECAF97 0.45
5.1975 11.8125 -0.4725 ECAF97 0.45
4.725 10.395 0.4725 CE9273 0.45
4.725 10.395 0 CE9073 0.45
4.725 10.395 -0.4725 9C8E63 0.45
4.725 10.395 0.9449999 FFCCAD 0.45
4.725 10.395 -0.9449999 FFCBAD 0.45
4.725 10.8675 0.9449999 FFCCAD 0.45
4.725 10.8675 -0.9449999 FFCCAD 0.45
4.725 11.34 0.9449999 FFCCAD 0.45
4.725 11.34 -0.9449999 FFCCAD 0.45
4.725 11.8125 0.4725 9C8E63 0.45
4.725 11.8125 0 EFAE94 0.45
4.725 11.8125 -0.4725 9C8E63 0.45
4.2525 10.395 0.4725 FFFFFF 0.45
4.2525 10.395 0 FFFFFF 0.45
4.2525 10.395 -0.4725 FFFFFF 0.45
4.2525 10.395 0.9449999 EFEBEF 0.45
4.2525 10.395 -0.9449999 E3E2E3 0.45
4.2525 10.8675 0.9449999 EFEBEF 0.45
4.2525 10.8675 -0.9449999 EFEBEF 0.45
4.2525 11.34 0.9449999 EFEBEF 0.45
4.2525 11.34 -0.9449999 EFEBEF 0.45
4.2525 11.8125 0.4725 FFFFFF 0.45
4.2525 11.8125 0 FFFFFF 0.45
4.2525 11.8125 -0.4725 FFFFFF 0.45
3.78 10.395 0.4725 FFFFFF 0.45
3.78 10.395 0 FFFFFF 0.45
3.78 10.395 -0.4725 FFFFFF 0.45
3.78 10.395 0.9449999 EBEBEB 0.45
3.78 10.395 -0.9449999 EFEBEF 0.45
3.78 10.8675 0.9449999 EBEBEB 0.45
3.78 10.8675 -0.9449999 EBEBEB 0.45
3.78 11.34 0.9449999 EBEBEB 0.45
3.78 11.34 -0.9449999 EBEBEB 0.45
3.78 11.8125 0.4725 FFFFFF 0.45
3.78 11.8125 0 FFFFFF 0.45
3.78 11.8125 -0.4725 FFFFFF 0.45
3.3075 10.395 0.4725 FFFFFF 0.45
3.3075 10.395 0 FFFFFF 0.45
3.3075 10.395 -0.4725 FFFFFF 0.45
3.3075 10.395 0.9449999 EBEBEB 0.45
3.3075 10.395 -0.9449999 EFEBEF 0.45
3.3075 10.8675 0.9449999 EBEBEB 0.45
3.3075 10.8675 -0.9449999 EBEBEB 0.45
3.3075 11.34 0.9449999 EBEBEB 0.45
3.3075 11.34 -0.9449999 EBEBEB 0.45
3.3075 11.8125 0.4725 FFFFFF 0.45
3.3075 11.8125 0 FFFFFF 0.45
3.3075 11.8125 -0.4725 FFFFFF 0.45
2.835 10.395 0.4725 FFFFFF 0.45
2.835 10.395 0 FFFFFF 0.45
2.835 10.395 -0.4725 FFFFFF 0.45
2.835 10.395 0.9449999 EBEBEB 0.45
2.835 10.395 -0.9449999 EFEBEF 0.45
2.835 10.8675 0.9449999 EBEBEB 0.45
2.835 10.8675 -0.9449999 EBEBEB 0.45
2.835 11.34 0.9449999 EBEBEB 0.45
2.835 11.34 -0.9449999 EBEBEB 0.45
2.835 11.8125 0.4725 FFFFFF 0.45
2.835 11.8125 0 FFFFFF 0.45
2.835 11.8125 -0.4725 FFFFFF 0.45
-2.835 10.395 0.4725 FFFFFF 0.45
-2.835 10.395 0 FFFFFF 0.45
-2.835 10.395 -0.4725 FFFFFF 0.45
2.835 10.8675 0.4725 FFFFFF 0.45
-2.835 10.8675 0.4725 FFFFFF 0.45
2.835 10.8675 0 FFFFFF 0.45
-2.835 10.8675 0 FFFFFF 0.45
2.835 10.8675 -0.4725 FFFFFF 0.45
-2.835 10.8675 -0.4725 FFFFFF 0.45
2.835 11.34 0.4725 FFFFFF 0.45
-2.835 11.34 0.4725 FFFFFF 0.45
2.835 11.34 0 FFFFFF 0.45
-2.835 11.34 0 FFFFFF 0.45
2.835 11.34 -0.4725 FFFFFF 0.45
-2.835 11.34 -0.4725 FFFFFF 0.45
2.3625 11.8125 1.4175 FFFFFF 0.45
2.3625 11.8125 0.9449999 FFFFFF 0.45
2.3625 11.8125 0.4725 FFFFFF 0.45
2.3625 11.8125 0 FFFFFF 0.45
2.3625 11.8125 -0.4725 FFFFFF 0.45
2.3625 11.8125 -0.9449999 FFFFFF 0.45
2.3625 11.8125 -1.4175 FFFFFF 0.45
1.89 11.34 1.89 CE9273 0.45
1.89 5.1975 1.4175 000000 0.45
1.89 5.1975 0.9449999 000000 0.45
1.89 5.1975 -0.9449999 000000 0.45
1.89 5.1975 -1.4175 000000 0.45
1.89 11.34 -1.89 CE9073 0.45
1.89 0.9449999 0.9449999 BD7D31 0.45
1.89 0.9449999 -0.9449999 BD7F31 0.45
1.89 1.4175 0.9449999 602A0D 0.45
-0.4725 1.4175 0.4725 4C3C39 0.45
-0.4725 1.4175 0 4C3C39 0.45
-0.4725 1.4175 -0.4725 997658 0.45
1.89 1.4175 -0.9449999 AD7129 0.45
1.89 1.89 0.9449999 EFCAB5 0.45
-0.4725 1.89 0.4725 000004 0.45
-0.4725 1.89 0 000004 0.45
-0.4725 1.89 -0.4725 000004 0.45
1.89 1.89 -0.9449999 F4CBAC 0.45
1.89 2.3625 0.9449999 39556B 0.45
-0.4725 2.3625 0.4725 000004 0.45
-0.4725 2.3625 0 000004 0.45
-0.4725 2.3625 -0.4725 000004 0.45
1.89 2.3625 -0.9449999 42556B 0.45
1.89 2.835 0.9449999 000C10 0.45
-0.4725 2.835 0.4725 000004 0.45
-0.4725 2.835 0 000004 0.45
-0.4725 2.835 -0.4725 000004 0.45
1.89 2.835 -0.9449999 050D13 0.45
1.89 3.3075 0.9449999 00060C 0.45
1.89 5.1975 0.4725 000000 0.45
-0.4725 3.3075 0.4725 000004 0.45
1.89 5.1975 0 000000 0.45
-0.4725 3.3075 0 000004 0.45
1.89 5.1975 -0.4725 000000 0.45
-0.4725 3.3075 -0.4725 000004 0.45
1.89 3.3075 -0.9449999 050D13 0.45
1.89 3.78 0.9449999 00060C 0.45
-0.4725 3.78 0.4725 000004 0.45
-0.4725 3.78 0 000004 0.45
-0.4725 3.78 -0.4725 000004 0.45
1.89 3.78 -0.9449999 050D13 0.45
1.89 4.2525 0.9449999 00060C 0.45
-0.4725 4.2525 0.4725 000004 0.45
-0.4725 4.2525 0 000004 0.45
-0.4725 4.2525 -0.4725 000004 0.45
1.89 4.2525 -0.9449999 050D13 0.45
1.89 4.725 0.9449999 00060C 0.45
-0.4725 4.725 0.4725 000004 0.45
-0.4725 4.725 0 000004 0.45
-0.4725 4.725 -0.4725 000004 0.45
1.89 4.725 -0.9449999 050D13 0.45
1.89 6.142499 1.4175 C0BFC0 0.45
1.89 6.142499 0.9449999 C0BFC0 0.45
1.89 6.142499 0.4725 C0BFC0 0.45
-0.4725 5.1975 0.4725 000004 0.45
1.89 6.142499 0 C0BFC0 0.45
-0.4725 5.1975 0 000004 0.45
1.89 6.142499 -0.4725 C0BFC0 0.45
-0.4725 5.1975 -0.4725 000004 0.45
1.89 6.142499 -0.9449999 C0BFC0 0.45
1.89 6.142499 -1.4175 C0BFC0 0.45
1.89 5.67 1.4175 B52031 0.45
1.89 5.67 0.4725 000004 0.45
1.89 5.67 0 000004 0.45
1.89 5.67 -0.4725 000004 0.45
1.89 5.67 -1.4175 BD2839 0.45
1.89 11.34 1.4175 CE9073 0.45
1.89 11.34 0.9449999 CE9073 0.45
1.89 11.34 0.4725 CE9073 0.45
1.89 11.34 0 CE9073 0.45
1.89 11.34 -0.4725 CE9073 0.45
1.89 11.34 -0.9449999 CE9073 0.45
1.89 11.34 -1.4175 CE9073 0.45
1.89 6.615 1.4175 FFFFFF 0.45
1.89 6.615 -1.4175 FFFFFF 0.45
1.89 7.0875 1.4175 FFFFFF 0.45
1.89 7.0875 -1.4175 FFFFFF 0.45
1.89 7.559999 1.4175 FFFFFF 0.45
1.89 7.559999 -1.4175 FFFFFF 0.45
1.89 8.0325 1.4175 FFFFFF 0.45
1.89 8.0325 -1.4175 FFFFFF 0.45
1.89 8.504999 1.4175 FFFFFF 0.45
1.89 8.504999 -1.4175 FFFFFF 0.45
1.89 8.9775 1.4175 FFFFFF 0.45
1.89 8.9775 -1.4175 FFFFFF 0.45
1.89 9.45 1.4175 FFFFFF 0.45
1.89 9.45 -1.4175 FFFFFF 0.45
1.89 9.9225 1.4175 FFFFFF 0.45
1.89 9.9225 -1.4175 FFFFFF 0.45
1.89 10.395 1.4175 FFFFFF 0.45
1.89 10.395 -1.4175 FFFFFF 0.45
1.89 10.8675 1.4175 FFFFFF 0.45
1.89 10.8675 -1.4175 FFFFFF 0.45
1.4175 11.34 1.89 CE9273 0.45
1.4175 5.1975 1.4175 000000 0.45
1.4175 5.1975 0.9449999 000000 0.45
1.4175 0 0.4725 623D1B 0.45
1.4175 0 0 623D1B 0.45
1.4175 0 -0.4725 623D1B 0.45
1.4175 0 -0.9449999 623D1B 0.45
1.4175 5.1975 -1.4175 000000 0.45
1.4175 11.34 -1.89 CE9073 0.45
-0.4725 0 0.4725 7B532C 0.45
-0.4725 0 0 7B532C 0.45
-0.4725 0 -0.4725 7B532C 0.45
-0.4725 0 -0.9449999 7B532C 0.45
1.4175 0 -1.4175 845E39 0.45
1.4175 0.4725 0.4725 AC7028 0.45
1.4175 0.9449999 0.4725 AC7028 0.45
-0.4725 0.4725 0.4725 A56618 0.45
1.4175 0.9449999 0 AC7028 0.45
-0.4725 0.4725 0 A56618 0.45
1.4175 0.9449999 -0.4725 AC7028 0.45
-0.4725 0.4725 -0.4725 A56618 0.45
1.4175 5.1975 -0.9449999 000000 0.45
-0.4725 0.4725 -0.9449999 A56618 0.45
1.4175 0.4725 -1.4175 AC7028 0.45
1.4175 0.9449999 0.9449999 BD7F31 0.45
1.4175 2.835 0.4725 000004 0.45
-0.4725 0.9449999 0.4725 AC7028 0.45
1.4175 2.835 0 000000 0.45
-0.4725 0.9449999 0 AC7028 0.45
1.4175 2.835 -0.4725 000004 0.45
-0.4725 0.9449999 -0.4725 AC7028 0.45
1.4175 0.9449999 -0.9449999 AD6921 0.45
1.4175 1.4175 0.9449999 602A0D 0.45
1.4175 1.4175 -0.9449999 DEDBDE 0.45
1.4175 1.89 0.9449999 F4CBAC 0.45
1.4175 1.89 -0.9449999 F4CBAC 0.45
1.4175 2.3625 0.9449999 42556B 0.45
1.4175 2.3625 -0.9449999 42556B 0.45
1.4175 2.835 0.9449999 050D13 0.45
1.4175 2.835 -0.9449999 050D13 0.45
1.4175 3.3075 0.9449999 00060C 0.45
1.4175 5.1975 0.4725 000000 0.45
1.4175 5.1975 0 000000 0.45
1.4175 5.1975 -0.4725 000000 0.45
1.4175 3.3075 -0.9449999 050D13 0.45
1.4175 3.78 0.9449999 00060C 0.45
1.4175 3.3075 0.4725 000408 0.45
1.4175 3.3075 0 000004 0.45
1.4175 3.3075 -0.4725 000408 0.45
1.4175 3.78 -0.9449999 050D13 0.45
1.4175 4.2525 0.9449999 00060C 0.45
1.4175 4.2525 -0.9449999 050D13 0.45
1.4175 4.725 0.9449999 00060C 0.45
1.4175 4.725 -0.9449999 050D13 0.45
1.4175 6.142499 1.4175 C0BFC0 0.45
1.4175 6.142499 0.9449999 C0BFC0 0.45
1.4175 6.142499 0.4725 C0BFC0 0.45
1.4175 6.142499 0 C0BFC0 0.45
1.4175 6.142499 -0.4725 C0BFC0 0.45
1.4175 6.142499 -0.9449999 C0BFC0 0.45
1.4175 6.142499 -1.4175 C0BFC0 0.45
1.4175 5.67 1.4175 B52031 0.45
1.4175 5.67 0.4725 000004 0.45
1.4175 5.67 0 000004 0.45
1.4175 5.67 -0.4725 000004 0.45
1.4175 5.67 -1.4175 BD2839 0.45
1.4175 11.34 1.4175 CE9073 0.45
1.4175 11.34 0.9449999 CE9073 0.45
1.4175 11.34 0.4725 CE9073 0.45
1.4175 11.34 0 CE9073 0.45
1.4175 11.34 -0.4725 CE9073 0.45
1.4175 11.34 -0.9449999 CE9073 0.45
1.4175 11.34 -1.4175 CE9073 0.45
1.4175 6.615 1.4175 FFFFFF 0.45
1.4175 6.615 -1.4175 FFFFFF 0.45
1.4175 7.0875 1.4175 FFFFFF 0.45
1.4175 7.0875 -1.4175 FFFFFF 0.45
1.4175 7.559999 1.4175 FFFFFF 0.45
1.4175 7.559999 -1.4175 FFFFFF 0.45
1.4175 8.0325 1.4175 FFFFFF 0.45
1.4175 8.0325 -1.4175 FFFFFF 0.45
1.4175 8.504999 1.4175 FFFFFF 0.45
1.4175 8.504999 -1.4175 FFFFFF 0.45
1.4175 8.9775 1.4175 FFFFFF 0.45
1.4175 8.9775 -1.4175 FFFFFF 0.45
1.4175 9.45 1.4175 FFFFFF 0.45
1.4175 9.45 -1.4175 FFFFFF 0.45
1.4175 9.9225 1.4175 FFFFFF 0.45
1.4175 9.9225 -1.4175 FFFFFF 0.45
1.4175 10.395 1.4175 FFFFFF 0.45
1.4175 10.395 -1.4175 FFFFFF 0.45
1.4175 10.8675 1.4175 FFFFFF 0.45
1.4175 10.8675 -1.4175 FFFFFF 0.45
1.4175 11.8125 1.89 ECAF97 0.45
1.4175 11.8125 1.4175 FFFFFF 0.45
1.4175 11.8125 0.9449999 FFFFFF 0.45
1.4175 11.8125 0.4725 F7BEA4 0.45
1.4175 11.8125 0 F7BEA4 0.45
1.4175 11.8125 -0.4725 F7BEA4 0.45
1.4175 11.8125 -0.9449999 F7BEA4 0.45
1.4175 11.8125 -1.4175 F7BEA4 0.45
1.4175 11.8125 -1.89 E7BAA5 0.45
1.4175 12.285 1.89 EFAE94 0.45
1.4175 12.285 -1.89 E6BAA1 0.45
1.4175 12.7575 1.89 2D2014 0.45
1.4175 12.7575 -1.89 E6BAA1 0.45
1.4175 13.23 1.89 2D2014 0.45
1.4175 13.23 -1.89 FFCCAD 0.45
1.4175 13.7025 1.89 2D2014 0.45
1.4175 13.7025 -1.89 FFCCAD 0.45
1.4175 14.175 1.89 2D2014 0.45
1.4175 14.175 -1.89 292010 0.45
1.4175 14.6475 1.89 AD3400 0.45
1.4175 14.6475 -1.89 AD3400 0.45
1.4175 15.12 1.89 E14A0A 0.45
1.4175 15.12 -1.89 E14A0A 0.45
1.4175 15.5925 1.89 E14A0A 0.45
1.4175 15.5925 -1.89 E14A0A 0.45
1.4175 15.5925 1.4175 3E3126 0.45
1.4175 15.5925 0.9449999 3E3126 0.45
1.4175 15.5925 0.4725 3E3126 0.45
1.4175 15.5925 0 3E3126 0.45
1.4175 15.5925 -0.4725 3E3126 0.45
1.4175 15.5925 -0.9449999 3E3126 0.45
1.4175 15.5925 -1.4175 3E3126 0.45
0.9449999 11.34 1.89 CE9273 0.45
0.9449999 5.1975 1.4175 000000 0.45
0.9449999 5.1975 0.9449999 000000 0.45
0.9449999 0 0.4725 623D1B 0.45
0.9449999 0 0 623D1B 0.45
0.9449999 0 -0.4725 623D1B 0.45
0.9449999 0 -0.9449999 623D1B 0.45
0.9449999 5.1975 -1.4175 000000 0.45
0.9449999 11.34 -1.89 CE9073 0.45
0.9449999 0 -1.4175 845E39 0.45
0.9449999 0.4725 0.4725 AC7028 0.45
0.9449999 0.9449999 0.4725 AC7028 0.45
0.9449999 0.9449999 0 AC7028 0.45
0.9449999 0.9449999 -0.4725 AC7028 0.45
0.9449999 5.1975 -0.9449999 000000 0.45
0.9449999 0.4725 -1.4175 AC7028 0.45
0.9449999 0.9449999 0.9449999 BD7F31 0.45
0.9449999 2.835 0.4725 000004 0.45
0.9449999 2.835 0 000000 0.45
0.9449999 2.835 -0.4725 000004 0.45
0.9449999 0.9449999 -0.9449999 BA853C 0.45
0.9449999 1.4175 0.9449999 602A0D 0.45
0.9449999 1.4175 -0.9449999 A56D44 0.45
0.9449999 1.89 0.9449999 F4CBAC 0.45
0.9449999 1.89 -0.9449999 F4CBAC 0.45
0.9449999 2.3625 0.9449999 42556B 0.45
0.9449999 2.3625 -0.9449999 42556B 0.45
0.9449999 2.835 0.9449999 050D13 0.45
0.9449999 2.835 -0.9449999 050D13 0.45
0.9449999 3.3075 0.9449999 00060C 0.45
0.9449999 5.1975 0.4725 000000 0.45
0.9449999 5.1975 0 000000 0.45
0.9449999 5.1975 -0.4725 000000 0.45
0.9449999 3.3075 -0.9449999 050D13 0.45
0.9449999 3.78 0.9449999 00060C 0.45
0.9449999 3.3075 0.4725 000408 0.45
0.9449999 3.3075 0 000004 0.45
0.9449999 3.3075 -0.4725 000408 0.45
0.9449999 3.78 -0.9449999 050D13 0.45
0.9449999 4.2525 0.9449999 00060C 0.45
0.9449999 4.2525 -0.9449999 050D13 0.45
0.9449999 4.725 0.9449999 00060C 0.45
0.9449999 4.725 -0.9449999 050D13 0.45
0.9449999 6.142499 1.4175 C0BFC0 0.45
0.9449999 6.142499 0.9449999 C0BFC0 0.45
0.9449999 6.142499 0.4725 C0BFC0 0.45
0.9449999 6.142499 0 C0BFC0 0.45
0.9449999 6.142499 -0.4725 C0BFC0 0.45
0.9449999 6.142499 -0.9449999 C0BFC0 0.45
0.9449999 6.142499 -1.4175 C0BFC0 0.45
0.9449999 5.67 1.4175 B52031 0.45
0.9449999 5.67 0.4725 000004 0.45
0.9449999 5.67 0 000004 0.45
0.9449999 5.67 -0.4725 000004 0.45
0.9449999 5.67 -1.4175 BD2839 0.45
0.9449999 11.34 1.4175 CE9073 0.45
0.9449999 11.34 0.9449999 CE9073 0.45
0.9449999 11.34 0.4725 CE9073 0.45
0.9449999 11.34 0 CE9073 0.45
0.9449999 11.34 -0.4725 CE9073 0.45
0.9449999 11.34 -0.9449999 CE9073 0.45
0.9449999 11.34 -1.4175 CE9073 0.45
0.9449999 6.615 1.4175 FFFFFF 0.45
0.9449999 6.615 -1.4175 FFFFFF 0.45
0.9449999 7.0875 1.4175 FFFFFF 0.45
0.9449999 7.0875 -1.4175 FFFFFF 0.45
0.9449999 7.559999 1.4175 FFFFFF 0.45
0.9449999 7.559999 -1.4175 C99E25 0.45
0.9449999 8.0325 1.4175 FFFFFF 0.45
0.9449999 8.0325 -1.4175 C99E25 0.45
0.9449999 8.504999 1.4175 FFFFFF 0.45
0.9449999 8.504999 -1.4175 C99E25 0.45
0.9449999 8.9775 1.4175 FFFFFF 0.45
0.9449999 8.9775 -1.4175 C99E25 0.45
0.9449999 9.45 1.4175 FFFFFF 0.45
0.9449999 9.45 -1.4175 C99E25 0.45
0.9449999 9.9225 1.4175 FFFFFF 0.45
0.9449999 9.9225 -1.4175 C99E25 0.45
0.9449999 10.395 1.4175 FFFFFF 0.45
0.9449999 10.395 -1.4175 C99E25 0.45
0.9449999 10.8675 1.4175 FFFFFF 0.45
0.9449999 10.8675 -1.4175 C99E25 0.45
0.9449999 11.8125 1.89 ECAF97 0.45
0.9449999 11.8125 1.4175 FFFFFF 0.45
0.9449999 11.8125 0.9449999 FFFFFF 0.45
0.9449999 11.8125 0.4725 F7BEA4 0.45
0.9449999 11.8125 0 F7BEA4 0.45
0.9449999 11.8125 -0.4725 F7BEA4 0.45
0.9449999 11.8125 -0.9449999 F7BEA4 0.45
0.9449999 11.8125 -1.4175 F7BEA4 0.45
0.9449999 11.8125 -1.89 E7BAA5 0.45
0.9449999 12.285 1.89 EFAE94 0.45
0.9449999 12.285 -1.89 E6BAA1 0.45
0.9449999 12.7575 1.89 2D2014 0.45
0.9449999 12.7575 -1.89 E6BAA1 0.45
0.9449999 13.23 1.89 2D2014 0.45
0.9449999 13.23 -1.89 FFCBAD 0.45
0.9449999 13.7025 1.89 2D2014 0.45
0.9449999 13.7025 -1.89 3C0E26 0.45
0.9449999 14.175 1.89 2D2014 0.45
0.9449999 14.175 -1.89 292010 0.45
0.9449999 14.6475 1.89 AD3400 0.45
0.9449999 14.6475 -1.89 AD3400 0.45
0.9449999 15.12 1.89 E14A0A 0.45
0.9449999 15.12 -1.89 E14A0A 0.45
0.9449999 15.5925 1.89 E14A0A 0.45
0.9449999 15.5925 -1.89 E14A0A 0.45
0.9449999 15.5925 1.4175 3E3126 0.45
0.9449999 15.5925 0.9449999 3E3126 0.45
0.9449999 15.5925 0.4725 3E3126 0.45
0.9449999 15.5925 0 3E3126 0.45
0.9449999 15.5925 -0.4725 3E3126 0.45
0.9449999 15.5925 -0.9449999 3E3126 0.45
0.9449999 15.5925 -1.4175 3E3126 0.45
0.4725 11.34 1.89 CE9273 0.45
0.4725 5.1975 1.4175 000000 0.45
0.4725 5.1975 0.9449999 000000 0.45
0.4725 5.1975 0.4725 000000 0.45
0.4725 5.1975 0 000000 0.45
0.4725 5.1975 -0.4725 000000 0.45
0.4725 5.1975 -0.9449999 000000 0.45
0.4725 5.1975 -1.4175 000000 0.45
0.4725 11.34 -1.89 CE9073 0.45
0.4725 0 0.4725 7B532C 0.45
0.4725 0 0 7B532C 0.45
0.4725 0 -0.4725 7B532C 0.45
0.4725 0 -0.9449999 7B532C 0.45
0.4725 0.4725 0.4725 A56618 0.45
0.4725 0.4725 0 A56618 0.45
0.4725 0.4725 -0.4725 A56618 0.45
0.4725 0.4725 -0.9449999 A56618 0.45
0.4725 0.9449999 0.4725 AC7028 0.45
0.4725 0.9449999 0 AC7028 0.45
0.4725 0.9449999 -0.4725 AC7028 0.45
0.4725 1.4175 0.4725 602A0D 0.45
0.4725 1.4175 0 602A0D 0.45
0.4725 1.4175 -0.4725 AD7129 0.45
0.4725 1.89 0.4725 E9AD94 0.45
0.4725 1.89 0 E9AD94 0.45
0.4725 1.89 -0.4725 E9AD94 0.45
0.4725 2.3625 0.4725 314D63 0.45
0.4725 2.3625 0 314D63 0.45
0.4725 2.3625 -0.4725 314D63 0.45
0.4725 2.835 0.4725 000004 0.45
0.4725 2.835 0 000004 0.45
0.4725 2.835 -0.4725 000004 0.45
0.4725 3.3075 0.4725 000004 0.45
0.4725 3.3075 0 000004 0.45
0.4725 3.3075 -0.4725 000004 0.45
0.4725 3.78 0.4725 000004 0.45
0.4725 3.78 0 000004 0.45
0.4725 3.78 -0.4725 000004 0.45
0.4725 4.2525 0.4725 000004 0.45
0.4725 4.2525 0 000004 0.45
0.4725 4.2525 -0.4725 000004 0.45
0.4725 4.725 0.4725 000004 0.45
0.4725 4.725 0 000004 0.45
0.4725 4.725 -0.4725 000004 0.45
0.4725 6.142499 1.4175 C0BFC0 0.45
0.4725 6.142499 0.9449999 C0BFC0 0.45
0.4725 6.142499 0.4725 C0BFC0 0.45
0.4725 6.142499 0 C0BFC0 0.45
0.4725 6.142499 -0.4725 C0BFC0 0.45
0.4725 6.142499 -0.9449999 C0BFC0 0.45
0.4725 6.142499 -1.4175 C0BFC0 0.45
0.4725 5.67 1.4175 B52031 0.45
0.4725 5.67 -1.4175 BD2839 0.45
0.4725 11.34 1.4175 CE9073 0.45
0.4725 11.34 0.9449999 CE9073 0.45
0.4725 11.34 0.4725 CE9073 0.45
0.4725 11.34 0 CE9073 0.45
0.4725 11.34 -0.4725 CE9073 0.45
0.4725 11.34 -0.9449999 CE9073 0.45
0.4725 11.34 -1.4175 CE9073 0.45
0.4725 6.615 1.4175 FFFFFF 0.45
0.4725 6.615 -1.4175 FFFFFF 0.45
0.4725 7.0875 1.4175 FFFFFF 0.45
0.4725 7.0875 -1.4175 FFFFFF 0.45
0.4725 7.559999 1.4175 FFFFFF 0.45
0.4725 7.559999 -1.4175 FFFFFF 0.45
0.4725 8.0325 1.4175 FFFFFF 0.45
0.4725 8.0325 -1.4175 FFFFFF 0.45
0.4725 8.504999 1.4175 FFFFFF 0.45
0.4725 8.504999 -1.4175 FFFFFF 0.45
0.4725 8.9775 1.4175 FFFFFF 0.45
0.4725 8.9775 -1.4175 FFFFFF 0.45
0.4725 9.45 1.4175 FFFFFF 0.45
0.4725 9.45 -1.4175 FFFFFF 0.45
0.4725 9.9225 1.4175 FFFFFF 0.45
0.4725 9.9225 -1.4175 FFFFFF 0.45
0.4725 10.395 1.4175 FFFFFF 0.45
0.4725 10.395 -1.4175 FFFFFF 0.45
0.4725 10.8675 1.4175 FFFFFF 0.45
0.4725 10.8675 -1.4175 FFFFFF 0.45
0.4725 11.8125 1.89 ECAF97 0.45
0.4725 11.8125 1.4175 FFFFFF 0.45
0.4725 11.8125 0.9449999 FFFFFF 0.45
0.4725 11.8125 0.4725 F7BEA4 0.45
0.4725 11.8125 0 F7BEA4 0.45
0.4725 11.8125 -0.4725 F7BEA4 0.45
0.4725 11.8125 -0.9449999 F7BEA4 0.45
0.4725 11.8125 -1.4175 F7BEA4 0.45
0.4725 11.8125 -1.89 E7BAA5 0.45
0.4725 12.285 1.89 EFAE94 0.45
0.4725 12.285 -1.89 E7BAA5 0.45
0.4725 12.7575 1.89 2D2014 0.45
0.4725 12.7575 -1.89 E6BAA1 0.45
0.4725 13.23 1.89 2D2014 0.45
0.4725 13.23 -1.89 FFCCAD 0.45
0.4725 13.7025 1.89 2D2014 0.45
0.4725 13.7025 -1.89 FFCCAD 0.45
0.4725 14.175 1.89 2D2014 0.45
0.4725 14.175 -1.89 FFCCAD 0.45
0.4725 14.6475 1.89 AD3400 0.45
0.4725 14.6475 -1.89 AD3400 0.45
0.4725 15.12 1.89 E14A0A 0.45
0.4725 15.12 -1.89 E14A0A 0.45
0.4725 15.5925 1.89 E14A0A 0.45
0.4725 15.5925 -1.89 E14A0A 0.45
0.4725 15.5925 1.4175 3E3126 0.45
0.4725 15.5925 0.9449999 3E3126 0.45
0.4725 15.5925 0.4725 3E3126 0.45
0.4725 15.5925 0 3E3126 0.45
0.4725 15.5925 -0.4725 3E3126 0.45
0.4725 15.5925 -0.9449999 3E3126 0.45
0.4725 15.5925 -1.4175 3E3126 0.45
0 11.34 1.89 CE9273 0.45
0 5.1975 1.4175 000000 0.45
0 5.1975 0.9449999 000000 0.45
0 5.1975 0.4725 000000 0.45
0 5.1975 0 000000 0.45
0 5.1975 -0.4725 000000 0.45
0 5.1975 -0.9449999 000000 0.45
0 5.1975 -1.4175 000000 0.45
0 11.34 -1.89 CE9073 0.45
0 6.142499 1.4175 C0BFC0 0.45
0 6.142499 0.9449999 C0BFC0 0.45
0 6.142499 0.4725 C0BFC0 0.45
0 6.142499 0 C0BFC0 0.45
0 6.142499 -0.4725 C0BFC0 0.45
0 6.142499 -0.9449999 C0BFC0 0.45
0 6.142499 -1.4175 C0BFC0 0.45
0 5.67 1.4175 B52031 0.45
0 5.67 -1.4175 BD2839 0.45
0 11.34 1.4175 CE9073 0.45
0 11.34 0.9449999 CE9073 0.45
0 11.34 0.4725 CE9073 0.45
0 11.34 0 CE9073 0.45
0 11.34 -0.4725 CE9073 0.45
0 11.34 -0.9449999 CE9073 0.45
0 11.34 -1.4175 CE9073 0.45
0 6.615 1.4175 FFFFFF 0.45
0 6.615 -1.4175 FFFFFF 0.45
0 7.0875 1.4175 FFFFFF 0.45
0 7.0875 -1.4175 FFFFFF 0.45
0 7.559999 1.4175 FFFFFF 0.45
0 7.559999 -1.4175 FFFFFF 0.45
0 8.0325 1.4175 FFFFFF 0.45
0 8.0325 -1.4175 FFFFFF 0.45
0 8.504999 1.4175 FFFFFF 0.45
0 8.504999 -1.4175 FFFFFF 0.45
0 8.9775 1.4175 FFFFFF 0.45
0 8.9775 -1.4175 FFFFFF 0.45
0 9.45 1.4175 FFFFFF 0.45
0 9.45 -1.4175 FFFFFF 0.45
0 9.9225 1.4175 FFFFFF 0.45
0 9.9225 -1.4175 FFFFFF 0.45
0 10.395 1.4175 FFFFFF 0.45
0 10.395 -1.4175 FFFFFF 0.45
0 10.8675 1.4175 FFFFFF 0.45
0 10.8675 -1.4175 FFFFFF 0.45
0 11.8125 1.89 ECAF97 0.45
0 11.8125 1.4175 FFFFFF 0.45
0 11.8125 0.9449999 FFFFFF 0.45
0 11.8125 0.4725 F7BEA4 0.45
0 11.8125 0 F7BEA4 0.45
0 11.8125 -0.4725 F7BEA4 0.45
0 11.8125 -0.9449999 F7BEA4 0.45
0 11.8125 -1.4175 F7BEA4 0.45
0 11.8125 -1.89 E7BAA5 0.45
0 12.285 1.89 EFAE94 0.45
0 12.285 -1.89 E7BAA5 0.45
0 12.7575 1.89 2D2014 0.45
0 12.7575 -1.89 E6BAA1 0.45
0 13.23 1.89 2D2014 0.45
0 13.23 -1.89 FFCCAD 0.45
0 13.7025 1.89 2D2014 0.45
0 13.7025 -1.89 FFCCAD 0.45
0 14.175 1.89 2D2014 0.45
0 14.175 -1.89 FFCCAD 0.45
0 14.6475 1.89 AD3400 0.45
0 14.6475 -1.89 AD3400 0.45
0 15.12 1.89 E14A0A 0.45
0 15.12 -1.89 E14A0A 0.45
0 15.5925 1.89 E14A0A 0.45
0 15.5925 -1.89 E14A0A 0.45
0 15.5925 1.4175 3E3126 0.45
0 15.5925 0.9449999 3E3126 0.45
0 15.5925 0.4725 3E3126 0.45
0 15.5925 0 3E3126 0.45
0 15.5925 -0.4725 3E3126 0.45
0 15.5925 -0.9449999 3E3126 0.45
0 15.5925 -1.4175 3E3126 0.45
-0.4725 11.34 1.89 CE9273 0.45
-0.4725 5.1975 1.4175 000000 0.45
-0.4725 5.1975 0.9449999 000000 0.45
-0.4725 5.1975 -0.9449999 000000 0.45
-0.4725 5.1975 -1.4175 000000 0.45
-0.4725 11.34 -1.89 CE9073 0.45
-0.4725 3.3075 0.9449999 000102 0.45
-0.4725 3.78 0.9449999 000102 0.45
-0.4725 4.2525 0.9449999 000102 0.45
-0.4725 4.725 0.9449999 000102 0.45
-0.4725 6.142499 1.4175 C0BFC0 0.45
-0.4725 6.142499 0.9449999 C0BFC0 0.45
-0.4725 6.142499 0.4725 C0BFC0 0.45
-0.4725 6.142499 0 C0BFC0 0.45
-0.4725 6.142499 -0.4725 C0BFC0 0.45
-0.4725 6.142499 -0.9449999 C0BFC0 0.45
-0.4725 6.142499 -1.4175 C0BFC0 0.45
-0.4725 5.67 1.4175 B52031 0.45
-0.4725 5.67 -1.4175 BD2839 0.45
-0.4725 11.34 1.4175 CE9073 0.45
-0.4725 11.34 0.9449999 CE9073 0.45
-0.4725 11.34 0.4725 CE9073 0.45
-0.4725 11.34 0 CE9073 0.45
-0.4725 11.34 -0.4725 CE9073 0.45
-0.4725 11.34 -0.9449999 CE9073 0.45
-0.4725 11.34 -1.4175 CE9073 0.45
-0.4725 6.615 1.4175 FFFFFF 0.45
-0.4725 6.615 -1.4175 FFFFFF 0.45
-0.4725 7.0875 1.4175 FFFFFF 0.45
-0.4725 7.0875 -1.4175 FFFFFF 0.45
-0.4725 7.559999 1.4175 FFFFFF 0.45
-0.4725 7.559999 -1.4175 FFFFFF 0.45
-0.4725 8.0325 1.4175 FFFFFF 0.45
-0.4725 8.0325 -1.4175 FFFFFF 0.45
-0.4725 8.504999 1.4175 FFFFFF 0.45
-0.4725 8.504999 -1.4175 FFFFFF 0.45
-0.4725 8.9775 1.4175 FFFFFF 0.45
-0.4725 8.9775 -1.4175 FFFFFF 0.45
-0.4725 9.45 1.4175 FFFFFF 0.45
-0.4725 9.45 -1.4175 FFFFFF 0.45
-0.4725 9.9225 1.4175 FFFFFF 0.45
-0.4725 9.9225 -1.4175 FFFFFF 0.45
-0.4725 10.395 1.4175 FFFFFF 0.45
-0.4725 10.395 -1.4175 FFFFFF 0.45
-0.4725 10.8675 1.4175 FFFFFF 0.45
-0.4725 10.8675 -1.4175 FFFFFF 0.45
-0.4725 11.8125 1.89 ECAF97 0.45
-0.4725 11.8125 1.4175 FFFFFF 0.45
-0.4725 11.8125 0.9449999 FFFFFF 0.45
-0.4725 11.8125 0.4725 F7BEA4 0.45
-0.4725 11.8125 0 F7BEA4 0.45
-0.4725 11.8125 -0.4725 F7BEA4 0.45
-0.4725 11.8125 -0.9449999 F7BEA4 0.45
-0.4725 11.8125 -1.4175 F7BEA4 0.45
-0.4725 11.8125 -1.89 E7BAA5 0.45
-0.4725 12.285 1.89 EFAE94 0.45
-0.4725 12.285 -1.89 E7BAA5 0.45
-0.4725 12.7575 1.89 2D2014 0.45
-0.4725 12.7575 -1.89 E6BAA1 0.45
-0.4725 13.23 1.89 2D2014 0.45
-0.4725 13.23 -1.89 FFCCAD 0.45
-0.4725 13.7025 1.89 2D2014 0.45
-0.4725 13.7025 -1.89 FFCCAD 0.45
-0.4725 14.175 1.89 2D2014 0.45
-0.4725 14.175 -1.89 FFCCAD 0.45
-0.4725 14.6475 1.89 AD3400 0.45
-0.4725 14.6475 -1.89 AD3400 0.45
-0.4725 15.12 1.89 E14A0A 0.45
-0.4725 15.12 -1.89 E14A0A 0.45
-0.4725 15.5925 1.89 E14A0A 0.45
-0.4725 15.5925 -1.89 E14A0A 0.45
-0.4725 15.5925 1.4175 3E3126 0.45
-0.4725 15.5925 0.9449999 3E3126 0.45
-0.4725 15.5925 0.4725 3E3126 0.45
-0.4725 15.5925 0 3E3126 0.45
-0.4725 15.5925 -0.4725 3E3126 0.45
-0.4725 15.5925 -0.9449999 3E3126 0.45
-0.4725 15.5925 -1.4175 3E3126 0.45
-0.9449999 11.34 1.89 CE9273 0.45
-0.9449999 5.1975 1.4175 000000 0.45
-0.9449999 5.1975 0.9449999 000000 0.45
-0.9449999 0 0.4725 623D1B 0.45
-0.9449999 0 0 623D1B 0.45
-0.9449999 0 -0.4725 623D1B 0.45
-0.9449999 0 -0.9449999 623D1B 0.45
-0.9449999 5.1975 -1.4175 000000 0.45
-0.9449999 11.34 -1.89 CE9073 0.45
-0.9449999 0.9449999 0.4725 AC7028 0.45
-0.9449999 0.9449999 0 AC7028 0.45
-0.9449999 0.9449999 -0.4725 AC7028 0.45
-0.9449999 5.1975 -0.9449999 000000 0.45
-0.9449999 0 -1.4175 623D1B 0.45
-0.9449999 0.4725 0.4725 AC7028 0.45
-0.9449999 0.4725 -1.4175 AC7028 0.45
-0.9449999 0.9449999 0.9449999 BD7F31 0.45
-0.9449999 2.835 0.4725 000004 0.45
-0.9449999 2.835 0 000000 0.45
-0.9449999 2.835 -0.4725 000004 0.45
-0.9449999 0.9449999 -0.9449999 BD7D31 0.45
-0.9449999 1.4175 0.9449999 543C39 0.45
-0.9449999 1.4175 -0.9449999 705A42 0.45
-0.9449999 1.89 0.9449999 050D13 0.45
-0.9449999 1.89 -0.9449999 050D13 0.45
-0.9449999 2.3625 0.9449999 050D13 0.45
-0.9449999 2.3625 -0.9449999 050D13 0.45
-0.9449999 2.835 0.9449999 050D13 0.45
-0.9449999 2.835 -0.9449999 050D13 0.45
-0.9449999 3.3075 0.9449999 00060C 0.45
-0.9449999 5.1975 0.4725 000000 0.45
-0.9449999 5.1975 0 000000 0.45
-0.9449999 5.1975 -0.4725 000000 0.45
-0.9449999 3.3075 -0.9449999 050D13 0.45
-0.9449999 3.78 0.9449999 00060C 0.45
-0.9449999 3.3075 0.4725 000004 0.45
-0.9449999 3.3075 0 000004 0.45
-0.9449999 3.3075 -0.4725 000408 0.45
-0.9449999 3.78 -0.9449999 050D13 0.45
-0.9449999 4.2525 0.9449999 00060C 0.45
-0.9449999 4.2525 -0.9449999 050D13 0.45
-0.9449999 4.725 0.9449999 00060C 0.45
-0.9449999 4.725 -0.9449999 050D13 0.45
-0.9449999 6.142499 1.4175 C0BFC0 0.45
-0.9449999 6.142499 0.9449999 C0BFC0 0.45
-0.9449999 6.142499 0.4725 C0BFC0 0.45
-0.9449999 6.142499 0 C0BFC0 0.45
-0.9449999 6.142499 -0.4725 C0BFC0 0.45
-0.9449999 6.142499 -0.9449999 C0BFC0 0.45
-0.9449999 6.142499 -1.4175 C0BFC0 0.45
-0.9449999 5.67 1.4175 B52031 0.45
-0.9449999 5.67 0.4725 000004 0.45
-0.9449999 5.67 0 000004 0.45
-0.9449999 5.67 -0.4725 000004 0.45
-0.9449999 5.67 -1.4175 BD2839 0.45
-0.9449999 11.34 1.4175 CE9073 0.45
-0.9449999 11.34 0.9449999 CE9073 0.45
-0.9449999 11.34 0.4725 CE9073 0.45
-0.9449999 11.34 0 CE9073 0.45
-0.9449999 11.34 -0.4725 CE9073 0.45
-0.9449999 11.34 -0.9449999 CE9073 0.45
-0.9449999 11.34 -1.4175 CE9073 0.45
-0.9449999 6.615 1.4175 FFFFFF 0.45
-0.9449999 6.615 -1.4175 FFFFFF 0.45
-0.9449999 7.0875 1.4175 FFFFFF 0.45
-0.9449999 7.0875 -1.4175 FFFFFF 0.45
-0.9449999 7.559999 1.4175 FFFFFF 0.45
-0.9449999 7.559999 -1.4175 C99E25 0.45
-0.9449999 8.0325 1.4175 FFFFFF 0.45
-0.9449999 8.0325 -1.4175 C99E25 0.45
-0.9449999 8.504999 1.4175 FFFFFF 0.45
-0.9449999 8.504999 -1.4175 C99E25 0.45
-0.9449999 8.9775 1.4175 FFFFFF 0.45
-0.9449999 8.9775 -1.4175 C99E25 0.45
-0.9449999 9.45 1.4175 FFFFFF 0.45
-0.9449999 9.45 -1.4175 C99E25 0.45
-0.9449999 9.9225 1.4175 FFFFFF 0.45
-0.9449999 9.9225 -1.4175 C99E25 0.45
-0.9449999 10.395 1.4175 FFFFFF 0.45
-0.9449999 10.395 -1.4175 C99E25 0.45
-0.9449999 10.8675 1.4175 FFFFFF 0.45
-0.9449999 10.8675 -1.4175 C99E25 0.45
-0.9449999 11.8125 1.89 ECAF97 0.45
-0.9449999 11.8125 1.4175 FFFFFF 0.45
-0.9449999 11.8125 0.9449999 FFFFFF 0.45
-0.9449999 11.8125 0.4725 F7BEA4 0.45
-0.9449999 11.8125 0 F7BEA4 0.45
-0.9449999 11.8125 -0.4725 F7BEA4 0.45
-0.9449999 11.8125 -0.9449999 F7BEA4 0.45
-0.9449999 11.8125 -1.4175 F7BEA4 0.45
-0.9449999 11.8125 -1.89 E7BAA5 0.45
-0.9449999 12.285 1.89 EFAE94 0.45
-0.9449999 12.285 -1.89 E6BAA1 0.45
-0.9449999 12.7575 1.89 2D2014 0.45
-0.9449999 12.7575 -1.89 E6BAA1 0.45
-0.9449999 13.23 1.89 2D2014 0.45
-0.9449999 13.23 -1.89 FFCBAD 0.45
-0.9449999 13.7025 1.89 2D2014 0.45
-0.9449999 13.7025 -1.89 3C0E26 0.45
-0.9449999 14.175 1.89 2D2014 0.45
-0.9449999 14.175 -1.89 292010 0.45
-0.9449999 14.6475 1.89 AD3400 0.45
-0.9449999 14.6475 -1.89 AD3400 0.45
-0.9449999 15.12 1.89 E14A0A 0.45
-0.9449999 15.12 -1.89 E14A0A 0.45
-0.9449999 15.5925 1.89 E14A0A 0.45
-0.9449999 15.5925 -1.89 E14A0A 0.45
-0.9449999 15.5925 1.4175 3E3126 0.45
-0.9449999 15.5925 0.9449999 3E3126 0.45
-0.9449999 15.5925 0.4725 3E3126 0.45
-0.9449999 15.5925 0 3E3126 0.45
-0.9449999 15.5925 -0.4725 3E3126 0.45
-0.9449999 15.5925 -0.9449999 3E3126 0.45
-0.9449999 15.5925 -1.4175 3E3126 0.45
-1.4175 11.34 1.89 CE9273 0.45
-1.4175 5.1975 1.4175 000000 0.45
-1.4175 5.1975 0.9449999 000000 0.45
-1.4175 0 0.4725 623D1B 0.45
-1.4175 0 0 623D1B 0.45
-1.4175 0 -0.4725 623D1B 0.45
-1.4175 0 -0.9449999 623D1B 0.45
-1.4175 5.1975 -1.4175 000000 0.45
-1.4175 11.34 -1.89 CE9073 0.45
-1.4175 0.9449999 0.4725 AC7028 0.45
-1.4175 0.9449999 0 AC7028 0.45
-1.4175 0.9449999 -0.4725 AC7028 0.45
-1.4175 5.1975 -0.9449999 000000 0.45
-1.4175 0 -1.4175 623D1B 0.45
-1.4175 0.4725 0.4725 AC7028 0.45
-1.4175 0.4725 -1.4175 AC7028 0.45
-1.4175 0.9449999 0.9449999 BD7F31 0.45
-1.4175 2.835 0.4725 000004 0.45
-1.4175 2.835 0 000000 0.45
-1.4175 2.835 -0.4725 000004 0.45
-1.4175 0.9449999 -0.9449999 965E21 0.45
-1.4175 1.4175 0.9449999 543C39 0.45
-1.4175 1.4175 -0.9449999 D6D3D6 0.45
-1.4175 1.89 0.9449999 050D13 0.45
-1.4175 1.89 -0.9449999 050D13 0.45
-1.4175 2.3625 0.9449999 050D13 0.45
-1.4175 2.3625 -0.9449999 050D13 0.45
-1.4175 2.835 0.9449999 050D13 0.45
-1.4175 2.835 -0.9449999 050D13 0.45
-1.4175 3.3075 0.9449999 00060C 0.45
-1.4175 5.1975 0.4725 000000 0.45
-1.4175 5.1975 0 000000 0.45
-1.4175 5.1975 -0.4725 000000 0.45
-1.4175 3.3075 -0.9449999 050D13 0.45
-1.4175 3.78 0.9449999 00060C 0.45
-1.4175 3.3075 0.4725 000004 0.45
-1.4175 3.3075 0 000004 0.45
-1.4175 3.3075 -0.4725 000408 0.45
-1.4175 3.78 -0.9449999 050D13 0.45
-1.4175 4.2525 0.9449999 00060C 0.45
-1.4175 4.2525 -0.9449999 050D13 0.45
-1.4175 4.725 0.9449999 00060C 0.45
-1.4175 4.725 -0.9449999 050D13 0.45
-1.4175 6.142499 1.4175 C0BFC0 0.45
-1.4175 6.142499 0.9449999 C0BFC0 0.45
-1.4175 6.142499 0.4725 C0BFC0 0.45
-1.4175 6.142499 0 C0BFC0 0.45
-1.4175 6.142499 -0.4725 C0BFC0 0.45
-1.4175 6.142499 -0.9449999 C0BFC0 0.45
-1.4175 6.142499 -1.4175 C0BFC0 0.45
-1.4175 5.67 1.4175 B52031 0.45
-1.4175 5.67 0.4725 000004 0.45
-1.4175 5.67 0 000004 0.45
-1.4175 5.67 -0.4725 000004 0.45
-1.4175 5.67 -1.4175 BD2839 0.45
-1.4175 11.34 1.4175 CE9073 0.45
-1.4175 11.34 0.9449999 CE9073 0.45
-1.4175 11.34 0.4725 CE9073 0.45
-1.4175 11.34 0 CE9073 0.45
-1.4175 11.34 -0.4725 CE9073 0.45
-1.4175 11.34 -0.9449999 CE9073 0.45
-1.4175 11.34 -1.4175 CE9073 0.45
-1.4175 6.615 1.4175 FFFFFF 0.45
-1.4175 6.615 -1.4175 FFFFFF 0.45
-1.4175 7.0875 1.4175 FFFFFF 0.45
-1.4175 7.0875 -1.4175 FFFFFF 0.45
-1.4175 7.559999 1.4175 FFFFFF 0.45
-1.4175 7.559999 -1.4175 FFFFFF 0.45
-1.4175 8.0325 1.4175 FFFFFF 0.45
-1.4175 8.0325 -1.4175 FFFFFF 0.45
-1.4175 8.504999 1.4175 FFFFFF 0.45
-1.4175 8.504999 -1.4175 FFFFFF 0.45
-1.4175 8.9775 1.4175 FFFFFF 0.45
-1.4175 8.9775 -1.4175 FFFFFF 0.45
-1.4175 9.45 1.4175 FFFFFF 0.45
-1.4175 9.45 -1.4175 FFFFFF 0.45
-1.4175 9.9225 1.4175 FFFFFF 0.45
-1.4175 9.9225 -1.4175 FFFFFF 0.45
-1.4175 10.395 1.4175 FFFFFF 0.45
-1.4175 10.395 -1.4175 FFFFFF 0.45
-1.4175 10.8675 1.4175 FFFFFF 0.45
-1.4175 10.8675 -1.4175 FFFFFF 0.45
-1.4175 11.8125 1.89 ECAF97 0.45
-1.4175 11.8125 1.4175 FFFFFF 0.45
-1.4175 11.8125 0.9449999 FFFFFF 0.45
-1.4175 11.8125 0.4725 F7BEA4 0.45
-1.4175 11.8125 0 F7BEA4 0.45
-1.4175 11.8125 -0.4725 F7BEA4 0.45
-1.4175 11.8125 -0.9449999 F7BEA4 0.45
-1.4175 11.8125 -1.4175 F7BEA4 0.45
-1.4175 11.8125 -1.89 E7BAA5 0.45
-1.4175 12.285 1.89 EFAE94 0.45
-1.4175 12.285 -1.89 E6BAA1 0.45
-1.4175 12.7575 1.89 2D2014 0.45
-1.4175 12.7575 -1.89 E6BAA1 0.45
-1.4175 13.23 1.89 2D2014 0.45
-1.4175 13.23 -1.89 FFCCAD 0.45
-1.4175 13.7025 1.89 2D2014 0.45
-1.4175 13.7025 -1.89 FFCCAD 0.45
-1.4175 14.175 1.89 2D2014 0.45
-1.4175 14.175 -1.89 292010 0.45
-1.4175 14.6475 1.89 AD3400 0.45
-1.4175 14.6475 -1.89 AD3400 0.45
-1.4175 15.12 1.89 E14A0A 0.45
-1.4175 15.12 -1.89 E14A0A 0.45
-1.4175 15.5925 1.89 E14A0A 0.45
-1.4175 15.5925 -1.89 E14A0A 0.45
-1.4175 15.5925 1.4175 3E3126 0.45
-1.4175 15.5925 0.9449999 3E3126 0.45
-1.4175 15.5925 0.4725 3E3126 0.45
-1.4175 15.5925 0 3E3126 0.45
-1.4175 15.5925 -0.4725 3E3126 0.45
-1.4175 15.5925 -0.9449999 3E3126 0.45
-1.4175 15.5925 -1.4175 3E3126 0.45
-1.89 11.34 1.89 CE9273 0.45
-1.89 5.1975 1.4175 000000 0.45
-1.89 5.1975 0.9449999 000000 0.45
-1.89 0.9449999 0.4725 AC7028 0.45
-1.89 0.9449999 0 AC7028 0.45
-1.89 0.9449999 -0.4725 AC7028 0.45
-1.89 5.1975 -0.9449999 000000 0.45
-1.89 5.1975 -1.4175 000000 0.45
-1.89 11.34 -1.89 CE9073 0.45
-1.89 0 0.4725 845E39 0.45
-1.89 0 0 845E39 0.45
-1.89 0 -0.4725 845E39 0.45
-1.89 0 -0.9449999 845E39 0.45
-1.89 0.4725 0.4725 AC7028 0.45
-1.89 0.4725 0 AC7028 0.45
-1.89 0.4725 -0.4725 AC7028 0.45
-1.89 0.4725 -0.9449999 AC7028 0.45
-1.89 0.9449999 0.9449999 BD7F31 0.45
-1.89 2.835 0.4725 000004 0.45
-1.89 2.835 0 000000 0.45
-1.89 2.835 -0.4725 000004 0.45
-1.89 0.9449999 -0.9449999 BD7F31 0.45
-1.89 1.4175 0.9449999 543C39 0.45
-1.89 1.4175 -0.9449999 997858 0.45
-1.89 1.89 0.9449999 050D13 0.45
-1.89 1.89 -0.9449999 050D13 0.45
-1.89 2.3625 0.9449999 050D13 0.45
-1.89 2.3625 -0.9449999 050D13 0.45
-1.89 2.835 0.9449999 050D13 0.45
-1.89 2.835 -0.9449999 050D13 0.45
-1.89 3.3075 0.9449999 000408 0.45
-1.89 5.1975 0.4725 000000 0.45
-1.89 5.1975 0 000000 0.45
-1.89 5.1975 -0.4725 000000 0.45
-1.89 3.3075 -0.9449999 050D13 0.45
-1.89 3.78 0.9449999 000408 0.45
-1.89 3.3075 0.4725 000004 0.45
-1.89 3.3075 0 000004 0.45
-1.89 3.3075 -0.4725 000408 0.45
-1.89 3.78 -0.9449999 050D13 0.45
-1.89 4.2525 0.9449999 000408 0.45
-1.89 4.2525 -0.9449999 050D13 0.45
-1.89 4.725 0.9449999 000408 0.45
-1.89 4.725 -0.9449999 050D13 0.45
-1.89 6.142499 1.4175 C0BFC0 0.45
-1.89 6.142499 0.9449999 C0BFC0 0.45
-1.89 6.142499 0.4725 C0BFC0 0.45
-1.89 6.142499 0 C0BFC0 0.45
-1.89 6.142499 -0.4725 C0BFC0 0.45
-1.89 6.142499 -0.9449999 C0BFC0 0.45
-1.89 6.142499 -1.4175 C0BFC0 0.45
-1.89 5.67 1.4175 B52031 0.45
-1.89 5.67 0.4725 000004 0.45
-1.89 5.67 0 000004 0.45
-1.89 5.67 -1.4175 BD2839 0.45
-1.89 11.34 1.4175 CE9073 0.45
-1.89 11.34 0.9449999 CE9073 0.45
-1.89 11.34 0.4725 CE9073 0.45
-1.89 11.34 0 CE9073 0.45
-1.89 11.34 -0.4725 CE9073 0.45
-1.89 11.34 -0.9449999 CE9073 0.45
-1.89 11.34 -1.4175 CE9073 0.45
-1.89 6.615 1.4175 FFFFFF 0.45
-1.89 6.615 -1.4175 FFFFFF 0.45
-1.89 7.0875 1.4175 FFFFFF 0.45
-1.89 7.0875 -1.4175 FFFFFF 0.45
-1.89 7.559999 1.4175 FFFFFF 0.45
-1.89 7.559999 -1.4175 FFFFFF 0.45
-1.89 8.0325 1.4175 FFFFFF 0.45
-1.89 8.0325 -1.4175 FFFFFF 0.45
-1.89 8.504999 1.4175 FFFFFF 0.45
-1.89 8.504999 -1.4175 FFFFFF 0.45
-1.89 8.9775 1.4175 FFFFFF 0.45
-1.89 8.9775 -1.4175 FFFFFF 0.45
-1.89 9.45 1.4175 FFFFFF 0.45
-1.89 9.45 -1.4175 FFFFFF 0.45
-1.89 9.9225 1.4175 FFFFFF 0.45
-1.89 9.9225 -1.4175 FFFFFF 0.45
-1.89 10.395 1.4175 FFFFFF 0.45
-1.89 10.395 -1.4175 FFFFFF 0.45
-1.89 10.8675 1.4175 FFFFFF 0.45
-1.89 10.8675 -1.4175 FFFFFF 0.45
-1.89 11.8125 1.89 ECAF97 0.45
-1.89 11.8125 1.4175 FFFFFF 0.45
-1.89 11.8125 0.9449999 FFFFFF 0.45
-1.89 11.8125 0.4725 FFFFFF 0.45
-1.89 11.8125 0 FFFFFF 0.45
-1.89 11.8125 -0.4725 FFFFFF 0.45
-1.89 11.8125 -0.9449999 FFFFFF 0.45
-1.89 11.8125 -1.4175 FFFFFF 0.45
-1.89 11.8125 -1.89 E7BA9C 0.45
-1.89 12.285 1.89 EFAE94 0.45
-1.89 12.285 -1.89 E7BAA5 0.45
-1.89 12.7575 1.89 2D2014 0.45
-1.89 12.7575 -1.89 E7BAA5 0.45
-1.89 13.23 1.89 2D2014 0.45
-1.89 13.23 -1.89 FFCBAD 0.45
-1.89 13.7025 1.89 2D2014 0.45
-1.89 13.7025 -1.89 FFCBAD 0.45
-1.89 14.175 1.89 2D2014 0.45
-1.89 14.175 -1.89 FFCBAD 0.45
-1.89 14.6475 1.89 AD3400 0.45
-1.89 14.6475 -1.89 AD3400 0.45
-1.89 15.12 1.89 E14A0A 0.45
-1.89 15.12 -1.89 E14A0A 0.45
-1.89 15.5925 1.89 E14A0A 0.45
-1.89 15.5925 -1.89 E14A0A 0.45
-1.89 15.5925 1.4175 3E3126 0.45
-1.89 15.5925 0.9449999 3E3126 0.45
-1.89 15.5925 0.4725 3E3126 0.45
-1.89 15.5925 0 3E3126 0.45
-1.89 15.5925 -0.4725 3E3126 0.45
-1.89 15.5925 -0.9449999 3E3126 0.45
-1.89 15.5925 -1.4175 3E3126 0.45
-2.3625 6.142499 1.4175 C0BFC0 0.45
-2.3625 6.142499 0.9449999 C0BFC0 0.45
-2.3625 6.142499 0.4725 C0BFC0 0.45
-2.3625 6.142499 0 C0BFC0 0.45
-2.3625 6.142499 -0.4725 C0BFC0 0.45
-2.3625 6.142499 -0.9449999 C0BFC0 0.45
-2.3625 6.142499 -1.4175 C0BFC0 0.45
-1.89 1.4175 0.4725 4C3C39 0.45
-1.89 1.4175 0 553E3C 0.45
-1.89 1.4175 -0.4725 997658 0.45
-1.89 1.89 0.4725 000004 0.45
-1.89 1.89 0 000000 0.45
-1.89 1.89 -0.4725 000004 0.45
-1.89 2.3625 0.4725 000004 0.45
-1.89 2.3625 0 000000 0.45
-1.89 2.3625 -0.4725 000004 0.45
-1.89 3.78 0.4725 000004 0.45
-1.89 3.78 0 000000 0.45
-1.89 3.78 -0.4725 000004 0.45
-1.89 4.2525 0.4725 000004 0.45
-1.89 4.2525 0 000000 0.45
-1.89 4.2525 -0.4725 000004 0.45
-1.89 4.725 0.4725 000004 0.45
-1.89 4.725 0 000000 0.45
-1.89 4.725 -0.4725 000004 0.45
-2.3625 5.1975 1.4175 000000 0.45
-2.3625 5.1975 0.9449999 000000 0.45
-2.3625 5.1975 0.4725 000000 0.45
-2.3625 5.1975 0 000000 0.45
-2.3625 5.1975 -0.4725 000000 0.45
-2.3625 5.1975 -0.9449999 000000 0.45
-2.3625 5.1975 -1.4175 000408 0.45
-2.3625 5.67 1.4175 B51829 0.45
-2.3625 5.67 0.9449999 B51829 0.45
-2.3625 5.67 0.4725 B51829 0.45
-2.3625 5.67 0 A24047 0.45
-2.3625 5.67 -0.4725 B51829 0.45
-2.3625 5.67 -0.9449999 B51829 0.45
-2.3625 5.67 -1.4175 B52031 0.45
-2.3625 6.615 1.4175 FFFFFF 0.45
-2.3625 6.615 -1.4175 FFFFFF 0.45
-2.3625 7.0875 1.4175 FFFFFF 0.45
-2.3625 7.0875 -1.4175 FFFFFF 0.45
-2.3625 7.559999 1.4175 FFFFFF 0.45
-2.3625 7.559999 -1.4175 FFFFFF 0.45
-2.3625 8.0325 1.4175 FFFFFF 0.45
-2.3625 8.0325 -1.4175 FFFFFF 0.45
-2.3625 8.504999 1.4175 FFFFFF 0.45
-2.3625 8.504999 -1.4175 FFFFFF 0.45
-2.3625 8.9775 1.4175 FFFFFF 0.45
-2.3625 8.9775 -1.4175 FFFFFF 0.45
-2.3625 9.45 1.4175 FFFFFF 0.45
-2.3625 9.45 -1.4175 FFFFFF 0.45
-2.3625 9.9225 1.4175 FFFFFF 0.45
-2.3625 9.9225 -1.4175 FFFFFF 0.45
-2.3625 10.395 1.4175 FFFFFF 0.45
-2.3625 10.395 -1.4175 FFFFFF 0.45
-2.3625 10.8675 1.4175 FFFFFF 0.45
-2.3625 10.8675 -1.4175 FFFFFF 0.45
-2.3625 11.34 1.4175 FFFFFF 0.45
-2.3625 11.34 -1.4175 FFFFFF 0.45
-2.3625 11.8125 1.4175 FFFFFF 0.45
-2.3625 11.8125 0.9449999 FFFFFF 0.45
-2.3625 11.8125 0.4725 FFFFFF 0.45
-2.3625 11.8125 0 FFFFFF 0.45
-2.3625 11.8125 -0.4725 FFFFFF 0.45
-2.3625 11.8125 -0.9449999 FFFFFF 0.45
-2.3625 11.8125 -1.4175 FFFFFF 0.45
-1.89 12.285 1.4175 E7A68C 0.45
-1.89 12.285 0.9449999 E7A68C 0.45
-1.89 12.285 0.4725 E7A68C 0.45
-1.89 12.285 0 E7A68C 0.45
-1.89 12.285 -0.4725 E4A78E 0.45
-1.89 12.285 -0.9449999 D09C86 0.45
-1.89 12.285 -1.4175 D09C86 0.45
-1.89 12.7575 1.4175 291C10 0.45
-1.89 12.7575 0.9449999 291C10 0.45
-1.89 12.7575 0.4725 291C10 0.45
-1.89 12.7575 0 291C10 0.45
-1.89 12.7575 -0.4725 D8967E 0.45
-1.89 12.7575 -0.9449999 D09C86 0.45
-1.89 12.7575 -1.4175 D09C86 0.45
-1.89 13.23 1.4175 291C10 0.45
-1.89 13.23 0.9449999 291C10 0.45
-1.89 13.23 0.4725 291C10 0.45
-1.89 13.23 0 291C10 0.45
-1.89 13.23 -0.4725 D8967E 0.45
-1.89 13.23 -0.9449999 E7A68C 0.45
-1.89 13.23 -1.4175 E4A78E 0.45
-1.89 13.7025 1.4175 291C10 0.45
-1.89 13.7025 0.9449999 291C10 0.45
-1.89 13.7025 0.4725 E14A0A 0.45
-1.89 13.7025 0 AD3400 0.45
-1.89 13.7025 -0.4725 D6967B 0.45
-1.89 13.7025 -0.9449999 291C10 0.45
-1.89 13.7025 -1.4175 E4A78E 0.45
-1.89 14.175 1.4175 291C10 0.45
-1.89 14.175 0.9449999 E14A0A 0.45
-1.89 14.175 0.4725 E14A0A 0.45
-1.89 14.175 0 E14A0A 0.45
-1.89 14.175 -0.4725 291C10 0.45
-1.89 14.175 -0.9449999 291C10 0.45
-1.89 14.175 -1.4175 E4A78E 0.45
-1.89 14.6475 1.4175 AD3400 0.45
-1.89 14.6475 0.9449999 AD3400 0.45
-1.89 14.6475 0.4725 AD3400 0.45
-1.89 14.6475 0 AD3400 0.45
-1.89 14.6475 -0.4725 AD3400 0.45
-1.89 14.6475 -0.9449999 AD3400 0.45
-1.89 14.6475 -1.4175 AD3400 0.45
-1.89 15.12 1.4175 E14A0A 0.45
-1.89 15.12 0.9449999 E14A0A 0.45
-1.89 15.12 0.4725 E14A0A 0.45
-1.89 15.12 0 E14A0A 0.45
-1.89 15.12 -0.4725 E14A0A 0.45
-1.89 15.12 -0.9449999 E14A0A 0.45
-1.89 15.12 -1.4175 E14A0A 0.45
-2.3625 6.615 0.9449999 EBEBEB 0.45
-2.3625 6.615 0.4725 EBEBEB 0.45
-2.3625 6.615 0 EBEBEB 0.45
-2.3625 6.615 -0.4725 EBEBEB 0.45
-2.3625 6.615 -0.9449999 EBEBEB 0.45
-2.3625 7.0875 0.9449999 EBEBEB 0.45
-2.3625 7.0875 0.4725 EBEBEB 0.45
-2.3625 7.0875 0 EBEBEB 0.45
-2.3625 7.0875 -0.4725 EBEBEB 0.45
-2.3625 7.0875 -0.9449999 EBEBEB 0.45
-2.3625 7.559999 0.9449999 EBEBEB 0.45
-2.3625 7.559999 0.4725 EBEBEB 0.45
-2.3625 7.559999 0 EBEBEB 0.45
-2.3625 7.559999 -0.4725 EBEBEB 0.45
-2.3625 7.559999 -0.9449999 EBEBEB 0.45
-2.3625 8.0325 0.9449999 EBEBEB 0.45
-2.3625 8.0325 0.4725 EBEBEB 0.45
-2.3625 8.0325 0 EBEBEB 0.45
-2.3625 8.0325 -0.4725 EBEBEB 0.45
-2.3625 8.0325 -0.9449999 EBEBEB 0.45
-2.3625 8.504999 0.9449999 EBEBEB 0.45
-2.3625 8.504999 0.4725 EBEBEB 0.45
-2.3625 8.504999 0 EBEBEB 0.45
-2.3625 8.504999 -0.4725 EBEBEB 0.45
-2.3625 8.504999 -0.9449999 EBEBEB 0.45
-2.3625 8.9775 0.9449999 EBEBEB 0.45
-2.3625 8.9775 0.4725 EBEBEB 0.45
-2.3625 8.9775 0 EBEBEB 0.45
-2.3625 8.9775 -0.4725 EBEBEB 0.45
-2.3625 8.9775 -0.9449999 EBEBEB 0.45
-2.3625 9.45 0.9449999 EBEBEB 0.45
-2.3625 9.45 0.4725 EBEBEB 0.45
-2.3625 9.45 0 EBEBEB 0.45
-2.3625 9.45 -0.4725 EBEBEB 0.45
-2.3625 9.45 -0.9449999 EBEBEB 0.45
-2.3625 9.9225 0.9449999 EBEBEB 0.45
-2.3625 9.9225 0.4725 EBEBEB 0.45
-2.3625 9.9225 0 EBEBEB 0.45
-2.3625 9.9225 -0.4725 EBEBEB 0.45
-2.3625 9.9225 -0.9449999 EBEBEB 0.45
-2.835 10.395 0.9449999 EBEBEB 0.45
-2.3625 10.395 0.9449999 EBEBEB 0.45
-2.3625 10.395 0.4725 EBEBEB 0.45
-2.3625 10.395 0 EBEBEB 0.45
-2.3625 10.395 -0.4725 EBEBEB 0.45
-2.3625 10.395 -0.9449999 EBEBEB 0.45
-2.835 10.395 -0.9449999 EFEBEF 0.45
-2.835 10.8675 0.9449999 EBEBEB 0.45
-2.3625 10.8675 0.9449999 EBEBEB 0.45
-2.3625 10.8675 0.4725 EBEBEB 0.45
-5.67 10.8675 0.4725 FFCCAD 0.45
-2.3625 10.8675 0 EBEBEB 0.45
-5.67 10.8675 0 CE9073 0.45
-2.3625 10.8675 -0.4725 EBEBEB 0.45
-5.67 10.8675 -0.4725 FFCCAD 0.45
-2.3625 10.8675 -0.9449999 EBEBEB 0.45
-2.835 10.8675 -0.9449999 EBEBEB 0.45
-2.835 11.34 0.9449999 EBEBEB 0.45
-2.3625 11.34 0.9449999 EEEDEE 0.45
-2.3625 11.34 0.4725 EEEDEE 0.45
-5.67 11.34 0.4725 FFCCAD 0.45
-2.3625 11.34 0 EEEDEE 0.45
-5.67 11.34 0 CE9073 0.45
-2.3625 11.34 -0.4725 EEEDEE 0.45
-5.67 11.34 -0.4725 FFCCAD 0.45
-2.3625 11.34 -0.9449999 EEEDEE 0.45
-2.835 11.34 -0.9449999 EBEBEB 0.45
-2.835 11.8125 0.4725 FFFFFF 0.45
-2.835 11.8125 0 FFFFFF 0.45
-2.835 11.8125 -0.4725 FFFFFF 0.45
-3.3075 10.395 0.4725 FFFFFF 0.45
-3.3075 10.395 0 FFFFFF 0.45
-3.3075 10.395 -0.4725 FFFFFF 0.45
-3.3075 10.395 0.9449999 EBEBEB 0.45
-3.3075 10.395 -0.9449999 EFEBEF 0.45
-3.3075 10.8675 0.9449999 EBEBEB 0.45
-3.3075 10.8675 -0.9449999 EBEBEB 0.45
-3.3075 11.34 0.9449999 EBEBEB 0.45
-3.3075 11.34 -0.9449999 EBEBEB 0.45
-3.3075 11.8125 0.4725 FFFFFF 0.45
-3.3075 11.8125 0 FFFFFF 0.45
-3.3075 11.8125 -0.4725 FFFFFF 0.45
-3.78 10.395 0.4725 FFFFFF 0.45
-3.78 10.395 0 FFFFFF 0.45
-3.78 10.395 -0.4725 FFFFFF 0.45
-3.78 10.395 0.9449999 EBEBEB 0.45
-3.78 10.395 -0.9449999 EFEBEF 0.45
-3.78 10.8675 0.9449999 EBEBEB 0.45
-3.78 10.8675 -0.9449999 EBEBEB 0.45
-3.78 11.34 0.9449999 EBEBEB 0.45
-3.78 11.34 -0.9449999 EBEBEB 0.45
-3.78 11.8125 0.4725 FFFFFF 0.45
-3.78 11.8125 0 FFFFFF 0.45
-3.78 11.8125 -0.4725 FFFFFF 0.45
-4.2525 10.395 0.4725 FFFFFF 0.45
-4.2525 10.395 0 FFFFFF 0.45
-4.2525 10.395 -0.4725 FFFFFF 0.45
-4.2525 10.395 0.9449999 EFEBEF 0.45
-4.2525 10.395 -0.9449999 E1DEE1 0.45
-4.2525 10.8675 0.9449999 EFEBEF 0.45
-4.2525 10.8675 -0.9449999 EFEBEF 0.45
-4.2525 11.34 0.9449999 EFEBEF 0.45
-4.2525 11.34 -0.9449999 EFEBEF 0.45
-4.2525 11.8125 0.4725 FFFFFF 0.45
-4.2525 11.8125 0 FFFFFF 0.45
-4.2525 11.8125 -0.4725 FFFFFF 0.45
-4.725 10.395 0.4725 9C8E63 0.45
-4.725 10.395 0 9C8E66 0.45
-4.725 10.395 -0.4725 9C8E63 0.45
-4.725 10.395 0.9449999 9C8E63 0.45
-4.725 10.395 -0.9449999 9C8E66 0.45
-4.725 10.8675 0.9449999 9C8E66 0.45
-4.725 10.8675 -0.9449999 9C8E66 0.45
-4.725 11.34 0.9449999 9C8E63 0.45
-4.725 11.34 -0.9449999 9C8E66 0.45
-4.725 11.8125 0.4725 9C8E63 0.45
-4.725 11.8125 0 9C8E66 0.45
-4.725 11.8125 -0.4725 9C8E63 0.45
-5.1975 10.395 0.4725 CE9273 0.45
-5.1975 10.395 0 9C8E63 0.45
-5.1975 10.395 -0.4725 CE9273 0.45
-5.1975 10.395 0.9449999 9C8E63 0.45
-5.1975 10.395 -0.9449999 9C8A63 0.45
-5.1975 10.8675 0.9449999 9C8E63 0.45
-5.1975 10.8675 -0.9449999 9C8E63 0.45
-5.1975 11.34 0.9449999 FFCBAD 0.45
-5.1975 11.34 -0.9449999 FFCBAD 0.45
-5.1975 11.8125 0.4725 9C8E63 0.45
-5.1975 11.8125 0 9C8E63 0.45
-5.1975 11.8125 -0.4725 9C8E63 0.45
-5.67 10.395 0.4725 CE9073 0.45
-5.67 10.395 0 CE9073 0.45
-5.67 10.395 -0.4725 CE9073 0.45
-5.67 10.395 0.9449999 FFCCAD 0.45
-5.67 10.395 -0.9449999 FFCBAD 0.45
-5.67 10.8675 0.9449999 FFCCAD 0.45
-8.504999 10.8675 0.4725 FFCCAD 0.45
-8.504999 10.8675 0 D8967E 0.45
-8.504999 10.8675 -0.4725 FFCCAD 0.45
-5.67 10.8675 -0.9449999 FFCCAD 0.45
-5.67 11.34 0.9449999 FFCCAD 0.45
-8.504999 11.34 0.4725 FFCCAD 0.45
-8.504999 11.34 0 D8967E 0.45
-8.504999 11.34 -0.4725 FFCCAD 0.45
-5.67 11.34 -0.9449999 FFCCAD 0.45
-5.67 11.8125 0.4725 ECAF97 0.45
-5.67 11.8125 0 ECAF97 0.45
-5.67 11.8125 -0.4725 ECAF97 0.45
-6.142499 10.395 0.4725 CE9073 0.45
-6.142499 10.395 0 CE9073 0.45
-6.142499 10.395 -0.4725 CE9073 0.45
-6.142499 10.8675 0.9449999 FFCCAD 0.45
-6.142499 10.8675 -0.9449999 FFCCAD 0.45
-6.142499 11.34 0.9449999 FFCCAD 0.45
-6.142499 11.34 -0.9449999 FFCCAD 0.45
-6.142499 11.8125 0.4725 ECAF97 0.45
-6.142499 11.8125 0 ECAF97 0.45
-6.142499 11.8125 -0.4725 ECAF97 0.45
-6.615 10.395 0.4725 CE9073 0.45
-6.615 10.395 0 CE9073 0.45
-6.615 10.395 -0.4725 CE9073 0.45
-6.615 10.8675 0.9449999 FFCCAD 0.45
-6.615 10.8675 -0.9449999 FFCCAD 0.45
-6.615 11.34 0.9449999 FFCCAD 0.45
-6.615 11.34 -0.9449999 FFCCAD 0.45
-6.615 11.8125 0.4725 ECAF97 0.45
-6.615 11.8125 0 ECAF97 0.45
-6.615 11.8125 -0.4725 ECAF97 0.45
-7.0875 10.395 0.4725 CE9073 0.45
-7.0875 10.395 0 CE9073 0.45
-7.0875 10.395 -0.4725 CE9073 0.45
-7.0875 10.8675 0.9449999 FFCCAD 0.45
-7.0875 10.8675 -0.9449999 FFCCAD 0.45
-7.0875 11.34 0.9449999 FFCCAD 0.45
-7.0875 11.34 -0.9449999 FFCCAD 0.45
-7.0875 11.8125 0.4725 ECAF97 0.45
-7.0875 11.8125 0 ECAF97 0.45
-7.0875 11.8125 -0.4725 ECAF97 0.45
-7.559999 10.395 0.4725 CE9273 0.45
-7.559999 10.395 0 CE9273 0.45
-7.559999 10.395 -0.4725 CE9273 0.45
-7.559999 10.8675 0.9449999 FFCBAD 0.45
-7.559999 10.8675 -0.9449999 FFCBAD 0.45
-7.559999 11.34 0.9449999 FFCBAD 0.45
-7.559999 11.34 -0.9449999 FFCBAD 0.45
-7.559999 11.8125 0.4725 EFAE94 0.45
-7.559999 11.8125 0 C99E25 0.45
-7.559999 11.8125 -0.4725 EFAE94 0.45
-8.0325 10.395 0.4725 C69718 0.45
-8.0325 10.395 0 C69718 0.45
-8.0325 10.395 -0.4725 C69718 0.45
-8.0325 10.8675 0.9449999 B78C18 0.45
-8.0325 10.8675 -0.9449999 B78C18 0.45
-8.0325 11.34 0.9449999 B78C18 0.45
-8.0325 11.34 -0.9449999 B78C18 0.45
-8.0325 11.8125 0.4725 B58E18 0.45
-8.0325 11.8125 0 DEDBC6 0.45
-8.0325 11.8125 -0.4725 B58E18 0.45
-8.504999 10.395 0.4725 CE9073 0.45
-8.504999 10.395 0 CE9073 0.45
-8.504999 10.395 -0.4725 CE9073 0.45
-8.504999 10.8675 0.9449999 FFCCAD 0.45
-8.504999 10.8675 -0.9449999 FFCCAD 0.45
-8.504999 11.34 0.9449999 FFCCAD 0.45
-8.504999 11.34 -0.9449999 FFCCAD 0.45
-8.504999 11.8125 0.4725 ECAF97 0.45
-8.504999 11.8125 0 ECAF97 0.45
-8.504999 11.8125 -0.4725 ECAF97 0.45
-8.9775 10.395 0.4725 CE9073 0.45
-8.9775 10.395 0 CE9073 0.45
-8.9775 10.395 -0.4725 CE9073 0.45
-8.9775 10.8675 0.4725 FFCCAD 0.45
-8.9775 10.8675 -0.4725 FFCCAD 0.45
-8.9775 11.34 0.4725 FFCCAD 0.45
-8.9775 11.34 -0.4725 FFCCAD 0.45
-8.9775 11.8125 0.4725 ECAF97 0.45
-8.9775 11.8125 0 ECAF97 0.45
-8.9775 11.8125 -0.4725 ECAF97 0.45
-9.45 10.395 0.4725 CE9073 0.45
-9.45 10.395 0 CE9073 0.45
-9.45 10.395 -0.4725 CE9073 0.45
-9.45 10.8675 0.4725 FFCCAD 0.45
-9.45 10.8675 -0.4725 FFCCAD 0.45
-9.45 11.34 0.4725 FFCCAD 0.45
-9.45 11.34 -0.4725 FFCCAD 0.45
-9.45 11.8125 0.4725 EFAE94 0.45
-9.45 11.8125 0 EFAE94 0.45
-9.45 11.8125 -0.4725 EFAE94 0.45
-9.45 10.8675 0 D8967E 0.45
-9.45 11.34 0 D8967E 0.45
