1.89 0 0.4725 080808 0.45
1.89 0 0 080808 0.45
1.89 0 -0.4725 080808 0.45
1.89 0 -0.9449999 080808 0.45
1.89 0.4725 0.4725 EA445E 0.45
1.89 0.4725 0 EA445E 0.45
1.89 0.4725 -0.4725 EA445E 0.45
1.89 0.4725 -0.9449999 EA445E 0.45
1.89 0.9449999 0.4725 282828 0.45
1.89 0.9449999 0 B2001D 0.45
1.89 0.9449999 -0.4725 282828 0.45
1.89 1.4175 0.4725 282828 0.45
1.89 1.4175 0 B2001D 0.45
1.89 1.4175 -0.4725 282828 0.45
1.89 1.89 0.4725 282828 0.45
1.89 1.89 0 B2001D 0.45
1.89 1.89 -0.4725 282828 0.45
1.89 2.3625 0.4725 282828 0.45
1.89 2.3625 0 B2001D 0.45
1.89 2.3625 -0.4725 282828 0.45
1.89 2.835 0.4725 282828 0.45
1.89 2.835 0 B2001D 0.45
1.89 2.835 -0.4725 282828 0.45
1.89 3.3075 0.4725 282828 0.45
1.89 3.3075 0 B2001D 0.45
1.89 3.3075 -0.4725 282828 0.45
1.89 3.78 0.4725 282828 0.45
1.89 3.78 0 B2001D 0.45
1.89 3.78 -0.4725 282828 0.45
1.89 4.2525 0.4725 282828 0.45
1.89 4.2525 0 B2001D 0.45
1.89 4.2525 -0.4725 282828 0.45
1.89 4.725 0.4725 B50021 0.45
1.89 4.725 0 B2001D 0.45
1.89 4.725 -0.4725 B50021 0.45
2.3625 5.1975 1.4175 292C29 0.45
2.3625 5.1975 0.9449999 292C29 0.45
2.3625 5.1975 0.4725 292C29 0.45
2.3625 5.1975 0 8C1021 0.45
2.3625 5.1975 -0.4725 292C29 0.45
2.3625 5.1975 -0.9449999 292C29 0.45
2.3625 5.1975 -1.4175 312C31 0.45
2.3625 5.67 1.4175 282828 0.45
2.3625 5.67 0.9449999 282828 0.45
2.3625 5.67 0.4725 282828 0.45
2.3625 5.67 0 B2001D 0.45
2.3625 5.67 -0.4725 282828 0.45
2.3625 5.67 -0.9449999 282828 0.45
2.3625 5.67 -1.4175 292829 0.45
2.3625 6.142499 1.4175 202020 0.45
2.3625 6.142499 0.9449999 202020 0.45
2.3625 6.142499 0.4725 202020 0.45
2.3625 6.142499 0 B2001D 0.45
2.3625 6.142499 -0.4725 202020 0.45
2.3625 6.142499 -0.9449999 202020 0.45
2.3625 6.142499 -1.4175 202020 0.45
2.3625 6.615 1.4175 202020 0.45
2.3625 6.615 0.9449999 202020 0.45
2.3625 6.615 0.4725 202020 0.45
2.3625 6.615 0 B2001D 0.45
2.3625 6.615 -0.4725 202020 0.45
2.3625 6.615 -0.9449999 202020 0.45
2.3625 6.615 -1.4175 202020 0.45
2.3625 7.0875 1.4175 202020 0.45
2.3625 7.0875 0.9449999 202020 0.45
2.3625 7.0875 0.4725 202020 0.45
2.3625 7.0875 0 B2001D 0.45
2.3625 7.0875 -0.4725 202020 0.45
2.3625 7.0875 -0.9449999 202020 0.45
2.3625 7.0875 -1.4175 202020 0.45
2.3625 7.559999 1.4175 202020 0.45
2.3625 7.559999 0.9449999 202020 0.45
2.3625 7.559999 0.4725 202020 0.45
2.3625 7.559999 0 B2001D 0.45
2.3625 7.559999 -0.4725 202020 0.45
2.3625 7.559999 -0.9449999 202020 0.45
2.3625 7.559999 -1.4175 202020 0.45
2.3625 8.0325 1.4175 202020 0.45
2.3625 8.0325 0.9449999 202020 0.45
2.3625 8.0325 0.4725 202020 0.45
2.3625 8.0325 0 B2001D 0.45
2.3625 8.0325 -0.4725 202020 0.45
2.3625 8.0325 -0.9449999 202020 0.45
2.3625 8.0325 -1.4175 202020 0.45
2.3625 8.504999 1.4175 202020 0.45
2.3625 8.504999 0.9449999 202020 0.45
2.3625 8.504999 0.4725 202020 0.45
2.3625 8.504999 0 B2001D 0.45
2.3625 8.504999 -0.4725 202020 0.45
2.3625 8.504999 -0.9449999 202020 0.45
2.3625 8.504999 -1.4175 202020 0.45
2.3625 8.9775 1.4175 202020 0.45
2.3625 8.9775 0.9449999 202020 0.45
2.3625 8.9775 0.4725 202020 0.45
2.3625 8.9775 0 B2001D 0.45
2.3625 8.9775 -0.4725 202020 0.45
2.3625 8.9775 -0.9449999 202020 0.45
2.3625 8.9775 -1.4175 202020 0.45
2.3625 9.45 1.4175 202020 0.45
2.3625 9.45 0.9449999 202020 0.45
2.3625 9.45 0.4725 202020 0.45
2.3625 9.45 0 B2001D 0.45
2.3625 9.45 -0.4725 202020 0.45
2.3625 9.45 -0.9449999 202020 0.45
2.3625 9.45 -1.4175 202020 0.45
2.3625 9.9225 1.4175 202020 0.45
2.3625 9.9225 0.9449999 202020 0.45
2.3625 9.9225 0.4725 202020 0.45
2.3625 9.9225 0 B2001D 0.45
2.3625 9.9225 -0.4725 202020 0.45
2.3625 9.9225 -0.9449999 202020 0.45
2.3625 9.9225 -1.4175 202020 0.45
2.3625 10.395 1.4175 202020 0.45
2.3625 10.395 0.9449999 202020 0.45
5.67 10.395 0.4725 D01131 0.45
5.67 10.395 0 D01131 0.45
5.67 10.395 -0.4725 D01131 0.45
2.3625 10.395 -0.9449999 202020 0.45
2.3625 10.395 -1.4175 202020 0.45
2.3625 10.8675 1.4175 202020 0.45
2.3625 10.8675 0.9449999 202020 0.45
9.45 10.8675 0.4725 D8967E 0.45
9.45 10.8675 0 D8967E 0.45
9.45 10.8675 -0.4725 D8967E 0.45
2.3625 10.8675 -0.9449999 202020 0.45
2.3625 10.8675 -1.4175 202020 0.45
2.3625 11.34 1.4175 363636 0.45
2.3625 11.34 0.9449999 363636 0.45
9.45 11.34 0.4725 D8967E 0.45
9.45 11.34 0 D8967E 0.45
9.45 11.34 -0.4725 D8967E 0.45
2.3625 11.34 -0.9449999 363636 0.45
2.3625 11.34 -1.4175 363636 0.45
1.89 11.8125 1.89 E4A78E 0.45
1.89 11.8125 1.4175 E4A78E 0.45
1.89 11.8125 0.9449999 E4A78E 0.45
1.89 11.8125 0.4725 E4A78E 0.45
1.89 11.8125 0 E4A78E 0.45
1.89 11.8125 -0.4725 E4A78E 0.45
1.89 11.8125 -0.9449999 E4A78E 0.45
1.89 11.8125 -1.4175 C6927E 0.45
1.89 11.8125 -1.89 C6927E 0.45
1.89 12.285 1.89 C6344A 0.45
1.89 12.285 1.4175 C6344A 0.45
1.89 12.285 0.9449999 C6344A 0.45
1.89 12.285 0.4725 C6344A 0.45
1.89 12.285 0 C6344A 0.45
1.89 12.285 -0.4725 9C2031 0.45
1.89 12.285 -0.9449999 C6344A 0.45
1.89 12.285 -1.4175 C6344A 0.45
1.89 12.285 -1.89 C6344A 0.45
1.89 12.7575 1.89 684218 0.45
1.89 12.7575 1.4175 684218 0.45
1.89 12.7575 0.9449999 684218 0.45
1.89 12.7575 0.4725 684218 0.45
1.89 12.7575 0 684218 0.45
1.89 12.7575 -0.4725 D8967E 0.45
1.89 12.7575 -0.9449999 E7A68C 0.45
1.89 12.7575 -1.4175 C6927E 0.45
1.89 12.7575 -1.89 C6927E 0.45
1.89 13.23 1.89 6B4118 0.45
1.89 13.23 1.4175 6B4118 0.45
1.89 13.23 0.9449999 6B4118 0.45
1.89 13.23 0.4725 6B4118 0.45
1.89 13.23 0 6B4118 0.45
1.89 13.23 -0.4725 D6967B 0.45
1.89 13.23 -0.9449999 D69A84 0.45
1.89 13.23 -1.4175 E7A68C 0.45
1.89 13.23 -1.89 E7A68C 0.45
1.89 13.7025 1.89 282828 0.45
1.89 13.7025 1.4175 282828 0.45
1.89 13.7025 0.9449999 282828 0.45
1.89 13.7025 0.4725 282828 0.45
1.89 13.7025 0 282828 0.45
1.89 13.7025 -0.4725 282828 0.45
1.89 13.7025 -0.9449999 282828 0.45
1.89 13.7025 -1.4175 282828 0.45
1.89 13.7025 -1.89 282828 0.45
1.89 14.175 1.89 282828 0.45
1.89 14.175 1.4175 282828 0.45
1.89 14.175 0.9449999 282828 0.45
1.89 14.175 0.4725 282828 0.45
1.89 14.175 0 282828 0.45
1.89 14.175 -0.4725 282828 0.45
1.89 14.175 -0.9449999 282828 0.45
1.89 14.175 -1.4175 282828 0.45
1.89 14.175 -1.89 282828 0.45
1.89 14.6475 1.89 684218 0.45
1.89 14.6475 1.4175 684218 0.45
1.89 14.6475 0.9449999 684218 0.45
1.89 14.6475 0.4725 684218 0.45
1.89 14.6475 0 684218 0.45
1.89 14.6475 -0.4725 684218 0.45
1.89 14.6475 -0.9449999 684218 0.45
1.89 14.6475 -1.4175 E7A68C 0.45
1.89 14.6475 -1.89 E4A78E 0.45
1.89 15.12 1.89 684218 0.45
1.89 15.12 1.4175 684218 0.45
1.89 15.12 0.9449999 684218 0.45
1.89 15.12 0.4725 684218 0.45
1.89 15.12 0 684218 0.45
1.89 15.12 -0.4725 684218 0.45
1.89 15.12 -0.9449999 684218 0.45
1.89 15.12 -1.4175 684218 0.45
1.89 15.12 -1.89 6B4118 0.45
1.89 15.5925 1.89 684218 0.45
1.89 15.5925 1.4175 684218 0.45
1.89 15.5925 0.9449999 684218 0.45
1.89 15.5925 0.4725 684218 0.45
1.89 15.5925 0 684218 0.45
1.89 15.5925 -0.4725 684218 0.45
1.89 15.5925 -0.9449999 684218 0.45
1.89 15.5925 -1.4175 684218 0.45
1.89 15.5925 -1.89 684218 0.45
9.45 10.395 0.4725 CE9073 0.45
9.45 10.395 0 CE9073 0.45
9.45 10.395 -0.4725 CE9073 0.45
8.504999 10.8675 0.4725 A10C18 0.45
8.504999 10.8675 0 A10C18 0.45
8.504999 10.8675 -0.4725 A10C18 0.45
8.504999 11.34 0.4725 A10C18 0.45
8.504999 11.34 0 A10C18 0.45
8.504999 11.34 -0.4725 A10C18 0.45
8.9775 10.395 0.4725 CE9073 0.45
8.9775 10.395 0 CE9073 0.45
8.9775 10.395 -0.4725 CE9073 0.45
8.9775 10.8675 0.4725 FFCCAD 0.45
8.9775 10.8675 -0.4725 FFCCAD 0.45
8.9775 11.34 0.4725 FFCCAD 0.45
8.9775 11.34 -0.4725 FFCCAD 0.45
8.9775 11.34 0 ECAF97 0.45
8.504999 10.395 0.4725 A10C18 0.45
8.504999 10.395 0 A10C18 0.45
8.504999 10.395 -0.4725 A10C18 0.45
8.504999 10.8675 0.9449999 BD0C28 0.45
5.67 10.8675 0.4725 D01131 0.45
5.67 10.8675 0 D01131 0.45
5.67 10.8675 -0.4725 D01131 0.45
8.504999 10.8675 -0.9449999 BD0C28 0.45
8.504999 11.34 0.9449999 BD0C28 0.45
5.67 11.34 0.4725 D01131 0.45
5.67 11.34 0 D01131 0.45
5.67 11.34 -0.4725 D01131 0.45
8.504999 11.34 -0.9449999 BD0C28 0.45
8.504999 11.8125 0.4725 D01131 0.45
8.504999 11.8125 0 D01131 0.45
8.504999 11.8125 -0.4725 D01131 0.45
8.0325 10.395 0.4725 A10C18 0.45
8.0325 10.395 0 A10C18 0.45
8.0325 10.395 -0.4725 A10C18 0.45
8.0325 10.8675 0.9449999 BD0C28 0.45
8.0325 10.8675 -0.9449999 BD0C28 0.45
8.0325 11.34 0.9449999 BD0C28 0.45
8.0325 11.34 -0.9449999 BD0C28 0.45
8.0325 11.8125 0.4725 D01131 0.45
8.0325 11.8125 0 D01131 0.45
8.0325 11.8125 -0.4725 D01131 0.45
7.559999 10.395 0.4725 A10C18 0.45
7.559999 10.395 0 A10C18 0.45
7.559999 10.395 -0.4725 A10C18 0.45
7.559999 10.8675 0.9449999 BD0C28 0.45
7.559999 10.8675 -0.9449999 BD0C28 0.45
7.559999 11.34 0.9449999 BD0C28 0.45
7.559999 11.34 -0.9449999 BD0C28 0.45
7.559999 11.8125 0.4725 D01131 0.45
7.559999 11.8125 0 D01131 0.45
7.559999 11.8125 -0.4725 D01131 0.45
7.0875 10.395 0.4725 A10C18 0.45
7.0875 10.395 0 A10C18 0.45
7.0875 10.395 -0.4725 A10C18 0.45
7.0875 10.8675 0.9449999 BD0C28 0.45
7.0875 10.8675 -0.9449999 BD0C28 0.45
7.0875 11.34 0.9449999 BD0C28 0.45
7.0875 11.34 -0.9449999 BD0C28 0.45
7.0875 11.8125 0.4725 D01131 0.45
7.0875 11.8125 0 D01131 0.45
7.0875 11.8125 -0.4725 D01131 0.45
6.615 10.395 0.4725 A10C18 0.45
6.615 10.395 0 A10C18 0.45
6.615 10.395 -0.4725 A10C18 0.45
6.615 10.8675 0.9449999 BD0C28 0.45
6.615 10.8675 -0.9449999 BD0C28 0.45
6.615 11.34 0.9449999 BD0C28 0.45
6.615 11.34 -0.9449999 BD0C28 0.45
6.615 11.8125 0.4725 D01131 0.45
6.615 11.8125 0 D01131 0.45
6.615 11.8125 -0.4725 D01131 0.45
6.142499 10.395 0.4725 A10C18 0.45
6.142499 10.395 0 A10C18 0.45
6.142499 10.395 -0.4725 A10C18 0.45
6.142499 10.8675 0.9449999 BD0C28 0.45
6.142499 10.8675 -0.9449999 BD0C28 0.45
6.142499 11.34 0.9449999 BD0C28 0.45
6.142499 11.34 -0.9449999 BD0C28 0.45
6.142499 11.8125 0.4725 D01131 0.45
6.142499 11.8125 0 D01131 0.45
6.142499 11.8125 -0.4725 D01131 0.45
5.67 10.395 0.9449999 BD0C28 0.45
2.3625 10.395 0.4725 202020 0.45
2.3625 10.395 0 B2001D 0.45
2.3625 10.395 -0.4725 202020 0.45
5.67 10.395 -0.9449999 BD0C29 0.45
5.67 10.8675 0.9449999 BD0C28 0.45
2.3625 10.8675 0.4725 202020 0.45
2.3625 10.8675 0 B2001D 0.45
2.3625 10.8675 -0.4725 202020 0.45
5.67 10.8675 -0.9449999 BD0C28 0.45
5.67 11.34 0.9449999 BD0C28 0.45
2.3625 11.34 0.4725 363636 0.45
2.3625 11.34 0 C2102B 0.45
2.3625 11.34 -0.4725 363636 0.45
5.67 11.34 -0.9449999 BD0C28 0.45
5.67 11.8125 0.4725 D01131 0.45
5.67 11.8125 0 D01131 0.45
5.67 11.8125 -0.4725 D01131 0.45
5.1975 10.395 0.4725 040404 0.45
5.1975 10.395 0 040404 0.45
5.1975 10.395 -0.4725 040404 0.45
5.1975 10.395 0.9449999 212121 0.45
5.1975 10.395 -0.9449999 212021 0.45
5.1975 10.8675 0.9449999 BD0C29 0.45
5.1975 10.8675 -0.9449999 BD0C29 0.45
5.1975 11.34 0.9449999 BD0C28 0.45
5.1975 11.34 -0.9449999 BD0C28 0.45
5.1975 11.8125 0.4725 D01131 0.45
5.1975 11.8125 0 D01131 0.45
5.1975 11.8125 -0.4725 D01131 0.45
4.725 10.395 0.4725 040404 0.45
4.725 10.395 0 040404 0.45
4.725 10.395 -0.4725 040404 0.45
4.725 10.395 0.9449999 212121 0.45
4.725 10.395 -0.9449999 212021 0.45
4.725 10.8675 0.9449999 212121 0.45
4.725 10.8675 -0.9449999 212121 0.45
4.725 11.34 0.9449999 212121 0.45
4.725 11.34 -0.9449999 212021 0.45
4.725 11.8125 0.4725 D01131 0.45
4.725 11.8125 0 D01131 0.45
4.725 11.8125 -0.4725 D01131 0.45
4.2525 10.395 0.4725 040404 0.45
4.2525 10.395 0 040404 0.45
4.2525 10.395 -0.4725 040404 0.45
4.2525 10.395 0.9449999 212121 0.45
4.2525 10.395 -0.9449999 212021 0.45
4.2525 10.8675 0.9449999 212121 0.45
4.2525 10.8675 -0.9449999 212121 0.45
4.2525 11.34 0.9449999 212121 0.45
4.2525 11.34 -0.9449999 212021 0.45
4.2525 11.8125 0.4725 D01131 0.45
4.2525 11.8125 0 D01131 0.45
4.2525 11.8125 -0.4725 D01131 0.45
3.78 10.395 0.4725 040404 0.45
3.78 10.395 0 040404 0.45
3.78 10.395 -0.4725 040404 0.45
3.78 10.395 0.9449999 212121 0.45
3.78 10.395 -0.9449999 212021 0.45
3.78 10.8675 0.9449999 212121 0.45
3.78 10.8675 -0.9449999 212121 0.45
3.78 11.34 0.9449999 212121 0.45
3.78 11.34 -0.9449999 212121 0.45
3.78 11.8125 0.4725 313031 0.45
3.78 11.8125 0 D01131 0.45
3.78 11.8125 -0.4725 313031 0.45
3.3075 10.395 0.4725 040404 0.45
3.3075 10.395 0 040404 0.45
3.3075 10.395 -0.4725 040404 0.45
3.3075 10.395 0.9449999 212121 0.45
3.3075 10.395 -0.9449999 212021 0.45
3.3075 10.8675 0.9449999 212121 0.45
3.3075 10.8675 -0.9449999 212121 0.45
3.3075 11.34 0.9449999 212121 0.45
3.3075 11.34 -0.9449999 212121 0.45
3.3075 11.8125 0.4725 313031 0.45
3.3075 11.8125 0 D01131 0.45
3.3075 11.8125 -0.4725 313031 0.45
2.835 10.395 0.4725 040404 0.45
2.835 10.395 0 040404 0.45
2.835 10.395 -0.4725 040404 0.45
2.835 10.395 0.9449999 212121 0.45
2.835 10.395 -0.9449999 212021 0.45
2.835 10.8675 0.9449999 212121 0.45
2.835 10.8675 -0.9449999 212121 0.45
2.835 11.34 0.9449999 212121 0.45
2.835 11.34 -0.9449999 212121 0.45
2.835 11.8125 0.4725 313031 0.45
2.835 11.8125 0 D01131 0.45
2.835 11.8125 -0.4725 313031 0.45
-2.835 10.395 0.4725 313031 0.45
-2.835 10.395 0 313031 0.45
-2.835 10.395 -0.4725 313031 0.45
2.835 10.8675 0.4725 313031 0.45
-2.835 10.8675 0.4725 313031 0.45
2.835 10.8675 0 040404 0.45
-2.835 10.8675 0 040404 0.45
2.835 10.8675 -0.4725 313031 0.45
-2.835 10.8675 -0.4725 313031 0.45
2.835 11.34 0.4725 313031 0.45
-2.835 11.34 0.4725 313031 0.45
2.835 11.34 0 040404 0.45
-2.835 11.34 0 040404 0.45
2.835 11.34 -0.4725 313031 0.45
-2.835 11.34 -0.4725 313031 0.45
2.3625 11.8125 1.4175 414141 0.45
2.3625 11.8125 0.9449999 414141 0.45
2.3625 11.8125 0.4725 414141 0.45
2.3625 11.8125 0 C60826 0.45
2.3625 11.8125 -0.4725 414141 0.45
2.3625 11.8125 -0.9449999 414141 0.45
2.3625 11.8125 -1.4175 414141 0.45
1.89 11.34 1.89 CE9273 0.45
1.89 5.1975 1.4175 1B1C1B 0.45
1.89 5.1975 0.9449999 1B1C1B 0.45
1.89 5.1975 -0.9449999 1B1C1B 0.45
1.89 5.1975 -1.4175 1B1C1B 0.45
1.89 11.34 -1.89 B58068 0.45
1.89 0.9449999 0.9449999 393439 0.45
1.89 0.9449999 -0.9449999 363636 0.45
1.89 1.4175 0.9449999 393439 0.45
-0.4725 1.4175 0.4725 282828 0.45
-0.4725 1.4175 0 282828 0.45
-0.4725 1.4175 -0.4725 282828 0.45
1.89 1.4175 -0.9449999 363636 0.45
1.89 1.89 0.9449999 393439 0.45
-0.4725 1.89 0.4725 282828 0.45
-0.4725 1.89 0 282828 0.45
-0.4725 1.89 -0.4725 282828 0.45
1.89 1.89 -0.9449999 363636 0.45
1.89 2.3625 0.9449999 393439 0.45
-0.4725 2.3625 0.4725 282828 0.45
-0.4725 2.3625 0 282828 0.45
-0.4725 2.3625 -0.4725 282828 0.45
1.89 2.3625 -0.9449999 363636 0.45
1.89 2.835 0.9449999 393439 0.45
-0.4725 2.835 0.4725 282828 0.45
-0.4725 2.835 0 282828 0.45
-0.4725 2.835 -0.4725 282828 0.45
1.89 2.835 -0.9449999 363636 0.45
1.89 3.3075 0.9449999 313031 0.45
1.89 5.1975 0.4725 1B1C1B 0.45
-0.4725 3.3075 0.4725 B2001D 0.45
1.89 5.1975 0 A40018 0.45
-0.4725 3.3075 0 B2001D 0.45
1.89 5.1975 -0.4725 1B1C1B 0.45
-0.4725 3.3075 -0.4725 B2001D 0.45
1.89 3.3075 -0.9449999 363636 0.45
1.89 3.78 0.9449999 313031 0.45
-0.4725 3.78 0.4725 B2001D 0.45
-0.4725 3.78 0 B2001D 0.45
-0.4725 3.78 -0.4725 B2001D 0.45
1.89 3.78 -0.9449999 363636 0.45
1.89 4.2525 0.9449999 313031 0.45
-0.4725 4.2525 0.4725 282828 0.45
-0.4725 4.2525 0 282828 0.45
-0.4725 4.2525 -0.4725 282828 0.45
1.89 4.2525 -0.9449999 363636 0.45
1.89 4.725 0.9449999 C50120 0.45
-0.4725 4.725 0.4725 282828 0.45
-0.4725 4.725 0 282828 0.45
-0.4725 4.725 -0.4725 282828 0.45
1.89 4.725 -0.9449999 C60826 0.45
1.89 6.142499 1.4175 020202 0.45
1.89 6.142499 0.9449999 020202 0.45
1.89 6.142499 0.4725 020202 0.45
-0.4725 5.1975 0.4725 282828 0.45
1.89 6.142499 0 A40018 0.45
-0.4725 5.1975 0 282828 0.45
1.89 6.142499 -0.4725 020202 0.45
-0.4725 5.1975 -0.4725 282828 0.45
1.89 6.142499 -0.9449999 020202 0.45
1.89 6.142499 -1.4175 020202 0.45
1.89 5.67 1.4175 313031 0.45
1.89 5.67 0.4725 282828 0.45
1.89 5.67 0 282828 0.45
1.89 5.67 -0.4725 282828 0.45
1.89 5.67 -1.4175 363636 0.45
1.89 11.34 1.4175 CE9073 0.45
1.89 11.34 0.9449999 CE9073 0.45
1.89 11.34 0.4725 CE9073 0.45
1.89 11.34 0 CE9073 0.45
1.89 11.34 -0.4725 CE9073 0.45
1.89 11.34 -0.9449999 CE9073 0.45
1.89 11.34 -1.4175 B5826B 0.45
1.89 6.615 1.4175 2E2E2E 0.45
1.89 6.615 -1.4175 2E2F2E 0.45
1.89 7.0875 1.4175 2E2E2E 0.45
1.89 7.0875 -1.4175 2E2F2E 0.45
1.89 7.559999 1.4175 2E2E2E 0.45
1.89 7.559999 -1.4175 2E2F2E 0.45
1.89 8.0325 1.4175 2E2E2E 0.45
1.89 8.0325 -1.4175 2E2F2E 0.45
1.89 8.504999 1.4175 2E2E2E 0.45
1.89 8.504999 -1.4175 2E2F2E 0.45
1.89 8.9775 1.4175 2E2E2E 0.45
1.89 8.9775 -1.4175 2E2F2E 0.45
1.89 9.45 1.4175 2E2E2E 0.45
1.89 9.45 -1.4175 2E2F2E 0.45
1.89 9.9225 1.4175 2E2E2E 0.45
1.89 9.9225 -1.4175 2E2F2E 0.45
1.89 10.395 1.4175 2E2E2E 0.45
1.89 10.395 -1.4175 2E2F2E 0.45
1.89 10.8675 1.4175 2E2E2E 0.45
1.89 10.8675 -1.4175 2E2F2E 0.45
1.4175 11.34 1.89 CE9273 0.45
1.4175 5.1975 1.4175 1B1C1B 0.45
1.4175 5.1975 0.9449999 1B1C1B 0.45
1.4175 0 0.4725 000000 0.45
1.4175 0 0 000000 0.45
1.4175 0 -0.4725 080808 0.45
1.4175 0 -0.9449999 080808 0.45
1.4175 5.1975 -1.4175 1B1C1B 0.45
1.4175 11.34 -1.89 B58068 0.45
-0.4725 0 0.4725 000000 0.45
-0.4725 0 0 000000 0.45
-0.4725 0 -0.4725 080808 0.45
-0.4725 0 -0.9449999 080808 0.45
1.4175 0 -1.4175 080808 0.45
1.4175 0.4725 0.4725 E61C39 0.45
1.4175 0.9449999 0.4725 363636 0.45
-0.4725 0.4725 0.4725 E61C39 0.45
1.4175 0.9449999 0 363636 0.45
-0.4725 0.4725 0 E61C39 0.45
1.4175 0.9449999 -0.4725 363636 0.45
-0.4725 0.4725 -0.4725 EA445E 0.45
1.4175 5.1975 -0.9449999 1B1C1B 0.45
-0.4725 0.4725 -0.9449999 EA445E 0.45
1.4175 0.4725 -1.4175 EA445E 0.45
1.4175 0.9449999 0.9449999 363636 0.45
1.4175 2.835 0.4725 282828 0.45
-0.4725 0.9449999 0.4725 282828 0.45
1.4175 2.835 0 B2001D 0.45
-0.4725 0.9449999 0 282828 0.45
1.4175 2.835 -0.4725 282828 0.45
-0.4725 0.9449999 -0.4725 282828 0.45
1.4175 0.9449999 -0.9449999 EF516B 0.45
1.4175 1.4175 0.9449999 363636 0.45
1.4175 1.4175 -0.9449999 363636 0.45
1.4175 1.89 0.9449999 363636 0.45
1.4175 1.89 -0.9449999 363636 0.45
1.4175 2.3625 0.9449999 363636 0.45
1.4175 2.3625 -0.9449999 363636 0.45
1.4175 2.835 0.9449999 363636 0.45
1.4175 2.835 -0.9449999 363636 0.45
1.4175 3.3075 0.9449999 313031 0.45
1.4175 5.1975 0.4725 1B1C1B 0.45
1.4175 5.1975 0 1B1C1B 0.45
1.4175 5.1975 -0.4725 1B1C1B 0.45
1.4175 3.3075 -0.9449999 363636 0.45
1.4175 3.78 0.9449999 313031 0.45
1.4175 3.3075 0.4725 292829 0.45
1.4175 3.3075 0 282828 0.45
1.4175 3.3075 -0.4725 292829 0.45
1.4175 3.78 -0.9449999 363636 0.45
1.4175 4.2525 0.9449999 C50120 0.45
1.4175 4.2525 -0.9449999 C60826 0.45
1.4175 4.725 0.9449999 C50120 0.45
1.4175 4.725 -0.9449999 C60826 0.45
1.4175 6.142499 1.4175 020202 0.45
1.4175 6.142499 0.9449999 020202 0.45
1.4175 6.142499 0.4725 020202 0.45
1.4175 6.142499 0 020202 0.45
1.4175 6.142499 -0.4725 020202 0.45
1.4175 6.142499 -0.9449999 020202 0.45
1.4175 6.142499 -1.4175 020202 0.45
1.4175 5.67 1.4175 313031 0.45
1.4175 5.67 0.4725 282828 0.45
1.4175 5.67 0 282828 0.45
1.4175 5.67 -0.4725 282828 0.45
1.4175 5.67 -1.4175 363636 0.45
1.4175 11.34 1.4175 CE9073 0.45
1.4175 11.34 0.9449999 CE9073 0.45
1.4175 11.34 0.4725 CE9073 0.45
1.4175 11.34 0 CE9073 0.45
1.4175 11.34 -0.4725 CE9073 0.45
1.4175 11.34 -0.9449999 CE9073 0.45
1.4175 11.34 -1.4175 B5826B 0.45
1.4175 6.615 1.4175 2E2E2E 0.45
1.4175 6.615 -1.4175 2E2F2E 0.45
1.4175 7.0875 1.4175 2E2E2E 0.45
1.4175 7.0875 -1.4175 2E2F2E 0.45
1.4175 7.559999 1.4175 2E2E2E 0.45
1.4175 7.559999 -1.4175 2E2F2E 0.45
1.4175 8.0325 1.4175 2E2E2E 0.45
1.4175 8.0325 -1.4175 2E2F2E 0.45
1.4175 8.504999 1.4175 2E2E2E 0.45
1.4175 8.504999 -1.4175 2E2F2E 0.45
1.4175 8.9775 1.4175 2E2E2E 0.45
1.4175 8.9775 -1.4175 2E2F2E 0.45
1.4175 9.45 1.4175 2E2E2E 0.45
1.4175 9.45 -1.4175 2E2F2E 0.45
1.4175 9.9225 1.4175 2E2E2E 0.45
1.4175 9.9225 -1.4175 2E2F2E 0.45
1.4175 10.395 1.4175 2E2E2E 0.45
1.4175 10.395 -1.4175 313031 0.45
1.4175 10.8675 1.4175 2E2E2E 0.45
1.4175 10.8675 -1.4175 2E2F2E 0.45
1.4175 11.8125 1.89 ECAF97 0.45
1.4175 11.8125 1.4175 414141 0.45
1.4175 11.8125 0.9449999 414141 0.45
1.4175 11.8125 0.4725 F7BEA4 0.45
1.4175 11.8125 0 F7BEA4 0.45
1.4175 11.8125 -0.4725 F7BEA4 0.45
1.4175 11.8125 -0.9449999 F7BEA4 0.45
1.4175 11.8125 -1.4175 F7BEA4 0.45
1.4175 11.8125 -1.89 DEAE94 0.45
1.4175 12.285 1.89 C6344A 0.45
1.4175 12.285 -1.89 D6415A 0.45
1.4175 12.7575 1.89 704A1E 0.45
1.4175 12.7575 -1.89 DBAF96 0.45
1.4175 13.23 1.89 734921 0.45
1.4175 13.23 -1.89 C1B6B9 0.45
1.4175 13.7025 1.89 2E2F2E 0.45
1.4175 13.7025 -1.89 C1B6B9 0.45
1.4175 14.175 1.89 2E2F2E 0.45
1.4175 14.175 -1.89 635D5A 0.45
1.4175 14.6475 1.89 704A1E 0.45
1.4175 14.6475 -1.89 C6B6B5 0.45
1.4175 15.12 1.89 704A1E 0.45
1.4175 15.12 -1.89 734921 0.45
1.4175 15.5925 1.89 704A1E 0.45
1.4175 15.5925 -1.89 704A1E 0.45
1.4175 15.5925 1.4175 7B5125 0.45
1.4175 15.5925 0.9449999 7B5125 0.45
1.4175 15.5925 0.4725 7B5125 0.45
1.4175 15.5925 0 7B5125 0.45
1.4175 15.5925 -0.4725 7B5125 0.45
1.4175 15.5925 -0.9449999 7B5125 0.45
1.4175 15.5925 -1.4175 7B5125 0.45
0.9449999 11.34 1.89 CE9273 0.45
0.9449999 5.1975 1.4175 1B1C1B 0.45
0.9449999 5.1975 0.9449999 1B1C1B 0.45
0.9449999 0 0.4725 000000 0.45
0.9449999 0 0 000000 0.45
0.9449999 0 -0.4725 080808 0.45
0.9449999 0 -0.9449999 080808 0.45
0.9449999 5.1975 -1.4175 1B1C1B 0.45
0.9449999 11.34 -1.89 B58068 0.45
0.9449999 0 -1.4175 080808 0.45
0.9449999 0.4725 0.4725 E61C39 0.45
0.9449999 0.9449999 0.4725 363636 0.45
0.9449999 0.9449999 0 363636 0.45
0.9449999 0.9449999 -0.4725 363636 0.45
0.9449999 5.1975 -0.9449999 1B1C1B 0.45
0.9449999 0.4725 -1.4175 EA445E 0.45
0.9449999 0.9449999 0.9449999 363636 0.45
0.9449999 2.835 0.4725 282828 0.45
0.9449999 2.835 0 282828 0.45
0.9449999 2.835 -0.4725 282828 0.45
0.9449999 0.9449999 -0.9449999 EF516B 0.45
0.9449999 1.4175 0.9449999 363636 0.45
0.9449999 1.4175 -0.9449999 363636 0.45
0.9449999 1.89 0.9449999 363636 0.45
0.9449999 1.89 -0.9449999 363636 0.45
0.9449999 2.3625 0.9449999 363636 0.45
0.9449999 2.3625 -0.9449999 363636 0.45
0.9449999 2.835 0.9449999 363636 0.45
0.9449999 2.835 -0.9449999 363636 0.45
0.9449999 3.3075 0.9449999 313031 0.45
0.9449999 5.1975 0.4725 1B1C1B 0.45
0.9449999 5.1975 0 1B1C1B 0.45
0.9449999 5.1975 -0.4725 1B1C1B 0.45
0.9449999 3.3075 -0.9449999 363636 0.45
0.9449999 3.78 0.9449999 C50120 0.45
0.9449999 3.3075 0.4725 292829 0.45
0.9449999 3.3075 0 282828 0.45
0.9449999 3.3075 -0.4725 292829 0.45
0.9449999 3.78 -0.9449999 C60826 0.45
0.9449999 4.2525 0.9449999 C50120 0.45
0.9449999 4.2525 -0.9449999 C60826 0.45
0.9449999 4.725 0.9449999 313031 0.45
0.9449999 4.725 -0.9449999 393439 0.45
0.9449999 6.142499 1.4175 020202 0.45
0.9449999 6.142499 0.9449999 020202 0.45
0.9449999 6.142499 0.4725 020202 0.45
0.9449999 6.142499 0 020202 0.45
0.9449999 6.142499 -0.4725 020202 0.45
0.9449999 6.142499 -0.9449999 020202 0.45
0.9449999 6.142499 -1.4175 020202 0.45
0.9449999 5.67 1.4175 313031 0.45
0.9449999 5.67 0.4725 282828 0.45
0.9449999 5.67 0 282828 0.45
0.9449999 5.67 -0.4725 282828 0.45
0.9449999 5.67 -1.4175 363636 0.45
0.9449999 11.34 1.4175 CE9073 0.45
0.9449999 11.34 0.9449999 CE9073 0.45
0.9449999 11.34 0.4725 CE9073 0.45
0.9449999 11.34 0 CE9073 0.45
0.9449999 11.34 -0.4725 CE9073 0.45
0.9449999 11.34 -0.9449999 CE9073 0.45
0.9449999 11.34 -1.4175 B5826B 0.45
0.9449999 6.615 1.4175 2E2E2E 0.45
0.9449999 6.615 -1.4175 2E2F2E 0.45
0.9449999 7.0875 1.4175 2E2E2E 0.45
0.9449999 7.0875 -1.4175 2E2F2E 0.45
0.9449999 7.559999 1.4175 2E2E2E 0.45
0.9449999 7.559999 -1.4175 2E2F2E 0.45
0.9449999 8.0325 1.4175 2E2E2E 0.45
0.9449999 8.0325 -1.4175 2E2F2E 0.45
0.9449999 8.504999 1.4175 2E2E2E 0.45
0.9449999 8.504999 -1.4175 2E2F2E 0.45
0.9449999 8.9775 1.4175 2E2E2E 0.45
0.9449999 8.9775 -1.4175 2E2F2E 0.45
0.9449999 9.45 1.4175 2E2E2E 0.45
0.9449999 9.45 -1.4175 2E2F2E 0.45
0.9449999 9.9225 1.4175 2E2E2E 0.45
0.9449999 9.9225 -1.4175 2E2F2E 0.45
0.9449999 10.395 1.4175 2E2E2E 0.45
0.9449999 10.395 -1.4175 2E2F2E 0.45
0.9449999 10.8675 1.4175 2E2E2E 0.45
0.9449999 10.8675 -1.4175 2E2F2E 0.45
0.9449999 11.8125 1.89 ECAF97 0.45
0.9449999 11.8125 1.4175 414141 0.45
0.9449999 11.8125 0.9449999 414141 0.45
0.9449999 11.8125 0.4725 F7BEA4 0.45
0.9449999 11.8125 0 F7BEA4 0.45
0.9449999 11.8125 -0.4725 F7BEA4 0.45
0.9449999 11.8125 -0.9449999 F7BEA4 0.45
0.9449999 11.8125 -1.4175 F7BEA4 0.45
0.9449999 11.8125 -1.89 DEAE94 0.45
0.9449999 12.285 1.89 C6344A 0.45
0.9449999 12.285 -1.89 D6415A 0.45
0.9449999 12.7575 1.89 704A1E 0.45
0.9449999 12.7575 -1.89 DBAF96 0.45
0.9449999 13.23 1.89 734921 0.45
0.9449999 13.23 -1.89 C6B6B5 0.45
0.9449999 13.7025 1.89 211C21 0.45
0.9449999 13.7025 -1.89 354062 0.45
0.9449999 14.175 1.89 1D1D1D 0.45
0.9449999 14.175 -1.89 635D5A 0.45
0.9449999 14.6475 1.89 704A1E 0.45
0.9449999 14.6475 -1.89 C6B6B5 0.45
0.9449999 15.12 1.89 704A1E 0.45
0.9449999 15.12 -1.89 734921 0.45
0.9449999 15.5925 1.89 704A1E 0.45
0.9449999 15.5925 -1.89 704A1E 0.45
0.9449999 15.5925 1.4175 7B5125 0.45
0.9449999 15.5925 0.9449999 7B5125 0.45
0.9449999 15.5925 0.4725 7B5125 0.45
0.9449999 15.5925 0 7B5125 0.45
0.9449999 15.5925 -0.4725 7B5125 0.45
0.9449999 15.5925 -0.9449999 7B5125 0.45
0.9449999 15.5925 -1.4175 7B5125 0.45
0.4725 11.34 1.89 CE9273 0.45
0.4725 5.1975 1.4175 1B1C1B 0.45
0.4725 5.1975 0.9449999 1B1C1B 0.45
0.4725 5.1975 0.4725 1B1C1B 0.45
0.4725 5.1975 0 1B1C1B 0.45
0.4725 5.1975 -0.4725 1B1C1B 0.45
0.4725 5.1975 -0.9449999 1B1C1B 0.45
0.4725 5.1975 -1.4175 1B1C1B 0.45
0.4725 11.34 -1.89 B58068 0.45
0.4725 0 0.4725 000000 0.45
0.4725 0 0 000000 0.45
0.4725 0 -0.4725 080808 0.45
0.4725 0 -0.9449999 080808 0.45
0.4725 0.4725 0.4725 E61C39 0.45
0.4725 0.4725 0 E61C39 0.45
0.4725 0.4725 -0.4725 EA445E 0.45
0.4725 0.4725 -0.9449999 EA445E 0.45
0.4725 0.9449999 0.4725 282828 0.45
0.4725 0.9449999 0 282828 0.45
0.4725 0.9449999 -0.4725 282828 0.45
0.4725 1.4175 0.4725 282828 0.45
0.4725 1.4175 0 282828 0.45
0.4725 1.4175 -0.4725 282828 0.45
0.4725 1.89 0.4725 282828 0.45
0.4725 1.89 0 282828 0.45
0.4725 1.89 -0.4725 282828 0.45
0.4725 2.3625 0.4725 282828 0.45
0.4725 2.3625 0 282828 0.45
0.4725 2.3625 -0.4725 282828 0.45
0.4725 2.835 0.4725 282828 0.45
0.4725 2.835 0 282828 0.45
0.4725 2.835 -0.4725 282828 0.45
0.4725 3.3075 0.4725 B2001D 0.45
0.4725 3.3075 0 B2001D 0.45
0.4725 3.3075 -0.4725 B2001D 0.45
0.4725 3.78 0.4725 B2001D 0.45
0.4725 3.78 0 B2001D 0.45
0.4725 3.78 -0.4725 B2001D 0.45
0.4725 4.2525 0.4725 292829 0.45
0.4725 4.2525 0 292829 0.45
0.4725 4.2525 -0.4725 292829 0.45
0.4725 4.725 0.4725 282828 0.45
0.4725 4.725 0 282828 0.45
0.4725 4.725 -0.4725 282828 0.45
0.4725 6.142499 1.4175 020202 0.45
0.4725 6.142499 0.9449999 020202 0.45
0.4725 6.142499 0.4725 020202 0.45
0.4725 6.142499 0 020202 0.45
0.4725 6.142499 -0.4725 020202 0.45
0.4725 6.142499 -0.9449999 020202 0.45
0.4725 6.142499 -1.4175 020202 0.45
0.4725 5.67 1.4175 313031 0.45
0.4725 5.67 -1.4175 363636 0.45
0.4725 11.34 1.4175 CE9073 0.45
0.4725 11.34 0.9449999 CE9073 0.45
0.4725 11.34 0.4725 CE9073 0.45
0.4725 11.34 0 CE9073 0.45
0.4725 11.34 -0.4725 CE9073 0.45
0.4725 11.34 -0.9449999 CE9073 0.45
0.4725 11.34 -1.4175 B5826B 0.45
0.4725 6.615 1.4175 2E2E2E 0.45
0.4725 6.615 -1.4175 2E2F2E 0.45
0.4725 7.0875 1.4175 2E2E2E 0.45
0.4725 7.0875 -1.4175 2E2F2E 0.45
0.4725 7.559999 1.4175 2E2E2E 0.45
0.4725 7.559999 -1.4175 2E2F2E 0.45
0.4725 8.0325 1.4175 2E2E2E 0.45
0.4725 8.0325 -1.4175 2E2F2E 0.45
0.4725 8.504999 1.4175 2E2E2E 0.45
0.4725 8.504999 -1.4175 2E2F2E 0.45
0.4725 8.9775 1.4175 2E2E2E 0.45
0.4725 8.9775 -1.4175 2E2F2E 0.45
0.4725 9.45 1.4175 2E2E2E 0.45
0.4725 9.45 -1.4175 2E2F2E 0.45
0.4725 9.9225 1.4175 2E2E2E 0.45
0.4725 9.9225 -1.4175 2E2F2E 0.45
0.4725 10.395 1.4175 2E2E2E 0.45
0.4725 10.395 -1.4175 2E2F2E 0.45
0.4725 10.8675 1.4175 2E2E2E 0.45
0.4725 10.8675 -1.4175 2E2F2E 0.45
0.4725 11.8125 1.89 ECAF97 0.45
0.4725 11.8125 1.4175 414141 0.45
0.4725 11.8125 0.9449999 414141 0.45
0.4725 11.8125 0.4725 F7BEA4 0.45
0.4725 11.8125 0 F7BEA4 0.45
0.4725 11.8125 -0.4725 F7BEA4 0.45
0.4725 11.8125 -0.9449999 F7BEA4 0.45
0.4725 11.8125 -1.4175 F7BEA4 0.45
0.4725 11.8125 -1.89 DEAE94 0.45
0.4725 12.285 1.89 C6344A 0.45
0.4725 12.285 -1.89 DEAE94 0.45
0.4725 12.7575 1.89 704A1E 0.45
0.4725 12.7575 -1.89 DBAF96 0.45
0.4725 13.23 1.89 734921 0.45
0.4725 13.23 -1.89 C1B6B9 0.45
0.4725 13.7025 1.89 211C21 0.45
0.4725 13.7025 -1.89 C1B6B9 0.45
0.4725 14.175 1.89 1D1D1D 0.45
0.4725 14.175 -1.89 C1B6B9 0.45
0.4725 14.6475 1.89 704A1E 0.45
0.4725 14.6475 -1.89 C6B6B5 0.45
0.4725 15.12 1.89 704A1E 0.45
0.4725 15.12 -1.89 734921 0.45
0.4725 15.5925 1.89 704A1E 0.45
0.4725 15.5925 -1.89 704A1E 0.45
0.4725 15.5925 1.4175 7B5125 0.45
0.4725 15.5925 0.9449999 7B5125 0.45
0.4725 15.5925 0.4725 7B5125 0.45
0.4725 15.5925 0 7B5125 0.45
0.4725 15.5925 -0.4725 7B5125 0.45
0.4725 15.5925 -0.9449999 7B5125 0.45
0.4725 15.5925 -1.4175 7B5125 0.45
0 11.34 1.89 CE9273 0.45
0 5.1975 1.4175 1B1C1B 0.45
0 5.1975 0.9449999 1B1C1B 0.45
0 5.1975 0.4725 1B1C1B 0.45
0 5.1975 0 1B1C1B 0.45
0 5.1975 -0.4725 1B1C1B 0.45
0 5.1975 -0.9449999 1B1C1B 0.45
0 5.1975 -1.4175 1B1C1B 0.45
0 11.34 -1.89 B58068 0.45
0 6.142499 1.4175 020202 0.45
0 6.142499 0.9449999 020202 0.45
0 6.142499 0.4725 020202 0.45
0 6.142499 0 020202 0.45
0 6.142499 -0.4725 020202 0.45
0 6.142499 -0.9449999 020202 0.45
0 6.142499 -1.4175 020202 0.45
0 5.67 1.4175 313031 0.45
0 5.67 -1.4175 363636 0.45
0 11.34 1.4175 CE9073 0.45
0 11.34 0.9449999 CE9073 0.45
0 11.34 0.4725 CE9073 0.45
0 11.34 0 CE9073 0.45
0 11.34 -0.4725 CE9073 0.45
0 11.34 -0.9449999 CE9073 0.45
0 11.34 -1.4175 B5826B 0.45
0 6.615 1.4175 2E2E2E 0.45
0 6.615 -1.4175 212021 0.45
0 7.0875 1.4175 2E2E2E 0.45
0 7.0875 -1.4175 212021 0.45
0 7.559999 1.4175 2E2E2E 0.45
0 7.559999 -1.4175 212021 0.45
0 8.0325 1.4175 2E2E2E 0.45
0 8.0325 -1.4175 212021 0.45
0 8.504999 1.4175 2E2E2E 0.45
0 8.504999 -1.4175 212021 0.45
0 8.9775 1.4175 2E2E2E 0.45
0 8.9775 -1.4175 212021 0.45
0 9.45 1.4175 2E2E2E 0.45
0 9.45 -1.4175 212021 0.45
0 9.9225 1.4175 2E2E2E 0.45
0 9.9225 -1.4175 212021 0.45
0 10.395 1.4175 2E2E2E 0.45
0 10.395 -1.4175 212021 0.45
0 10.8675 1.4175 2E2E2E 0.45
0 10.8675 -1.4175 212021 0.45
0 11.8125 1.89 BD2C42 0.45
0 11.8125 1.4175 414141 0.45
0 11.8125 0.9449999 414141 0.45
0 11.8125 0.4725 F7BEA4 0.45
0 11.8125 0 F7BEA4 0.45
0 11.8125 -0.4725 F7BEA4 0.45
0 11.8125 -0.9449999 F7BEA4 0.45
0 11.8125 -1.4175 F7BEA4 0.45
0 11.8125 -1.89 DEAE94 0.45
0 12.285 1.89 EFAE94 0.45
0 12.285 -1.89 DEAE94 0.45
0 12.7575 1.89 704A1E 0.45
0 12.7575 -1.89 DBAF96 0.45
0 13.23 1.89 734921 0.45
0 13.23 -1.89 C1B6B9 0.45
0 13.7025 1.89 211C21 0.45
0 13.7025 -1.89 C1B6B9 0.45
0 14.175 1.89 1D1D1D 0.45
0 14.175 -1.89 C1B6B9 0.45
0 14.6475 1.89 704A1E 0.45
0 14.6475 -1.89 C6B6B5 0.45
0 15.12 1.89 704A1E 0.45
0 15.12 -1.89 734921 0.45
0 15.5925 1.89 704A1E 0.45
0 15.5925 -1.89 704A1E 0.45
0 15.5925 1.4175 7B5125 0.45
0 15.5925 0.9449999 7B5125 0.45
0 15.5925 0.4725 7B5125 0.45
0 15.5925 0 7B5125 0.45
0 15.5925 -0.4725 7B5125 0.45
0 15.5925 -0.9449999 7B5125 0.45
0 15.5925 -1.4175 7B5125 0.45
-0.4725 11.34 1.89 CE9273 0.45
-0.4725 5.1975 1.4175 1B1C1B 0.45
-0.4725 5.1975 0.9449999 1B1C1B 0.45
-0.4725 5.1975 -0.9449999 1B1C1B 0.45
-0.4725 5.1975 -1.4175 1B1C1B 0.45
-0.4725 11.34 -1.89 B58068 0.45
-0.4725 3.3075 0.9449999 B50021 0.45
-0.4725 3.78 0.9449999 B50021 0.45
-0.4725 4.2525 0.9449999 292829 0.45
-0.4725 4.725 0.9449999 292829 0.45
-0.4725 6.142499 1.4175 020202 0.45
-0.4725 6.142499 0.9449999 020202 0.45
-0.4725 6.142499 0.4725 020202 0.45
-0.4725 6.142499 0 020202 0.45
-0.4725 6.142499 -0.4725 020202 0.45
-0.4725 6.142499 -0.9449999 020202 0.45
-0.4725 6.142499 -1.4175 020202 0.45
-0.4725 5.67 1.4175 313031 0.45
-0.4725 5.67 -1.4175 363636 0.45
-0.4725 11.34 1.4175 CE9073 0.45
-0.4725 11.34 0.9449999 CE9073 0.45
-0.4725 11.34 0.4725 CE9073 0.45
-0.4725 11.34 0 CE9073 0.45
-0.4725 11.34 -0.4725 CE9073 0.45
-0.4725 11.34 -0.9449999 CE9073 0.45
-0.4725 11.34 -1.4175 B5826B 0.45
-0.4725 6.615 1.4175 2E2E2E 0.45
-0.4725 6.615 -1.4175 2E2F2E 0.45
-0.4725 7.0875 1.4175 2E2E2E 0.45
-0.4725 7.0875 -1.4175 2E2F2E 0.45
-0.4725 7.559999 1.4175 2E2E2E 0.45
-0.4725 7.559999 -1.4175 2E2F2E 0.45
-0.4725 8.0325 1.4175 2E2E2E 0.45
-0.4725 8.0325 -1.4175 2E2F2E 0.45
-0.4725 8.504999 1.4175 2E2E2E 0.45
-0.4725 8.504999 -1.4175 2E2F2E 0.45
-0.4725 8.9775 1.4175 2E2E2E 0.45
-0.4725 8.9775 -1.4175 2E2F2E 0.45
-0.4725 9.45 1.4175 2E2E2E 0.45
-0.4725 9.45 -1.4175 2E2F2E 0.45
-0.4725 9.9225 1.4175 2E2E2E 0.45
-0.4725 9.9225 -1.4175 2E2F2E 0.45
-0.4725 10.395 1.4175 2E2E2E 0.45
-0.4725 10.395 -1.4175 2E2F2E 0.45
-0.4725 10.8675 1.4175 2E2E2E 0.45
-0.4725 10.8675 -1.4175 2E2F2E 0.45
-0.4725 11.8125 1.89 ECAF97 0.45
-0.4725 11.8125 1.4175 414141 0.45
-0.4725 11.8125 0.9449999 414141 0.45
-0.4725 11.8125 0.4725 F7BEA4 0.45
-0.4725 11.8125 0 F7BEA4 0.45
-0.4725 11.8125 -0.4725 F7BEA4 0.45
-0.4725 11.8125 -0.9449999 F7BEA4 0.45
-0.4725 11.8125 -1.4175 F7BEA4 0.45
-0.4725 11.8125 -1.89 DEAE94 0.45
-0.4725 12.285 1.89 EFAE94 0.45
-0.4725 12.285 -1.89 DEAE94 0.45
-0.4725 12.7575 1.89 704A1E 0.45
-0.4725 12.7575 -1.89 DBAF96 0.45
-0.4725 13.23 1.89 734921 0.45
-0.4725 13.23 -1.89 C1B6B9 0.45
-0.4725 13.7025 1.89 211C21 0.45
-0.4725 13.7025 -1.89 C1B6B9 0.45
-0.4725 14.175 1.89 1D1D1D 0.45
-0.4725 14.175 -1.89 C1B6B9 0.45
-0.4725 14.6475 1.89 704A1E 0.45
-0.4725 14.6475 -1.89 C6B6B5 0.45
-0.4725 15.12 1.89 704A1E 0.45
-0.4725 15.12 -1.89 734921 0.45
-0.4725 15.5925 1.89 704A1E 0.45
-0.4725 15.5925 -1.89 704A1E 0.45
-0.4725 15.5925 1.4175 7B5125 0.45
-0.4725 15.5925 0.9449999 7B5125 0.45
-0.4725 15.5925 0.4725 7B5125 0.45
-0.4725 15.5925 0 7B5125 0.45
-0.4725 15.5925 -0.4725 7B5125 0.45
-0.4725 15.5925 -0.9449999 7B5125 0.45
-0.4725 15.5925 -1.4175 7B5125 0.45
-0.9449999 11.34 1.89 CE9273 0.45
-0.9449999 5.1975 1.4175 1B1C1B 0.45
-0.9449999 5.1975 0.9449999 1B1C1B 0.45
-0.9449999 0 0.4725 000000 0.45
-0.9449999 0 0 000000 0.45
-0.9449999 0 -0.4725 080808 0.45
-0.9449999 0 -0.9449999 080808 0.45
-0.9449999 5.1975 -1.4175 1B1C1B 0.45
-0.9449999 11.34 -1.89 B58068 0.45
-0.9449999 0.9449999 0.4725 363636 0.45
-0.9449999 0.9449999 0 363636 0.45
-0.9449999 0.9449999 -0.4725 363636 0.45
-0.9449999 5.1975 -0.9449999 1B1C1B 0.45
-0.9449999 0 -1.4175 080808 0.45
-0.9449999 0.4725 0.4725 E61C39 0.45
-0.9449999 0.4725 -1.4175 EA445E 0.45
-0.9449999 0.9449999 0.9449999 363636 0.45
-0.9449999 2.835 0.4725 282828 0.45
-0.9449999 2.835 0 282828 0.45
-0.9449999 2.835 -0.4725 282828 0.45
-0.9449999 0.9449999 -0.9449999 EF516B 0.45
-0.9449999 1.4175 0.9449999 363636 0.45
-0.9449999 1.4175 -0.9449999 363636 0.45
-0.9449999 1.89 0.9449999 363636 0.45
-0.9449999 1.89 -0.9449999 363636 0.45
-0.9449999 2.3625 0.9449999 363636 0.45
-0.9449999 2.3625 -0.9449999 363636 0.45
-0.9449999 2.835 0.9449999 363636 0.45
-0.9449999 2.835 -0.9449999 363636 0.45
-0.9449999 3.3075 0.9449999 313031 0.45
-0.9449999 5.1975 0.4725 1B1C1B 0.45
-0.9449999 5.1975 0 1B1C1B 0.45
-0.9449999 5.1975 -0.4725 1B1C1B 0.45
-0.9449999 3.3075 -0.9449999 393439 0.45
-0.9449999 3.78 0.9449999 C50120 0.45
-0.9449999 3.3075 0.4725 282828 0.45
-0.9449999 3.3075 0 282828 0.45
-0.9449999 3.3075 -0.4725 292829 0.45
-0.9449999 3.78 -0.9449999 C60826 0.45
-0.9449999 4.2525 0.9449999 C50120 0.45
-0.9449999 4.2525 -0.9449999 C60826 0.45
-0.9449999 4.725 0.9449999 313031 0.45
-0.9449999 4.725 -0.9449999 393439 0.45
-0.9449999 6.142499 1.4175 020202 0.45
-0.9449999 6.142499 0.9449999 020202 0.45
-0.9449999 6.142499 0.4725 020202 0.45
-0.9449999 6.142499 0 020202 0.45
-0.9449999 6.142499 -0.4725 020202 0.45
-0.9449999 6.142499 -0.9449999 020202 0.45
-0.9449999 6.142499 -1.4175 020202 0.45
-0.9449999 5.67 1.4175 313031 0.45
-0.9449999 5.67 0.4725 282828 0.45
-0.9449999 5.67 0 282828 0.45
-0.9449999 5.67 -0.4725 282828 0.45
-0.9449999 5.67 -1.4175 363636 0.45
-0.9449999 11.34 1.4175 CE9073 0.45
-0.9449999 11.34 0.9449999 CE9073 0.45
-0.9449999 11.34 0.4725 CE9073 0.45
-0.9449999 11.34 0 CE9073 0.45
-0.9449999 11.34 -0.4725 CE9073 0.45
-0.9449999 11.34 -0.9449999 CE9073 0.45
-0.9449999 11.34 -1.4175 B5826B 0.45
-0.9449999 6.615 1.4175 2E2E2E 0.45
-0.9449999 6.615 -1.4175 2E2F2E 0.45
-0.9449999 7.0875 1.4175 2E2E2E 0.45
-0.9449999 7.0875 -1.4175 2E2F2E 0.45
-0.9449999 7.559999 1.4175 2E2E2E 0.45
-0.9449999 7.559999 -1.4175 2E2F2E 0.45
-0.9449999 8.0325 1.4175 2E2E2E 0.45
-0.9449999 8.0325 -1.4175 2E2F2E 0.45
-0.9449999 8.504999 1.4175 2E2E2E 0.45
-0.9449999 8.504999 -1.4175 2E2F2E 0.45
-0.9449999 8.9775 1.4175 2E2E2E 0.45
-0.9449999 8.9775 -1.4175 2E2F2E 0.45
-0.9449999 9.45 1.4175 2E2E2E 0.45
-0.9449999 9.45 -1.4175 2E2F2E 0.45
-0.9449999 9.9225 1.4175 2E2E2E 0.45
-0.9449999 9.9225 -1.4175 2E2F2E 0.45
-0.9449999 10.395 1.4175 2E2E2E 0.45
-0.9449999 10.395 -1.4175 2E2F2E 0.45
-0.9449999 10.8675 1.4175 2E2E2E 0.45
-0.9449999 10.8675 -1.4175 2E2F2E 0.45
-0.9449999 11.8125 1.89 ECAF97 0.45
-0.9449999 11.8125 1.4175 414141 0.45
-0.9449999 11.8125 0.9449999 414141 0.45
-0.9449999 11.8125 0.4725 F7BEA4 0.45
-0.9449999 11.8125 0 F7BEA4 0.45
-0.9449999 11.8125 -0.4725 F7BEA4 0.45
-0.9449999 11.8125 -0.9449999 F7BEA4 0.45
-0.9449999 11.8125 -1.4175 F7BEA4 0.45
-0.9449999 11.8125 -1.89 DEAE94 0.45
-0.9449999 12.285 1.89 EFAE94 0.45
-0.9449999 12.285 -1.89 DBAF96 0.45
-0.9449999 12.7575 1.89 704A1E 0.45
-0.9449999 12.7575 -1.89 DBAF96 0.45
-0.9449999 13.23 1.89 734921 0.45
-0.9449999 13.23 -1.89 C6B6B5 0.45
-0.9449999 13.7025 1.89 211C21 0.45
-0.9449999 13.7025 -1.89 354062 0.45
-0.9449999 14.175 1.89 1D1D1D 0.45
-0.9449999 14.175 -1.89 635D5A 0.45
-0.9449999 14.6475 1.89 704A1E 0.45
-0.9449999 14.6475 -1.89 C6B6B5 0.45
-0.9449999 15.12 1.89 704A1E 0.45
-0.9449999 15.12 -1.89 734921 0.45
-0.9449999 15.5925 1.89 704A1E 0.45
-0.9449999 15.5925 -1.89 704A1E 0.45
-0.9449999 15.5925 1.4175 7B5125 0.45
-0.9449999 15.5925 0.9449999 7B5125 0.45
-0.9449999 15.5925 0.4725 7B5125 0.45
-0.9449999 15.5925 0 7B5125 0.45
-0.9449999 15.5925 -0.4725 7B5125 0.45
-0.9449999 15.5925 -0.9449999 7B5125 0.45
-0.9449999 15.5925 -1.4175 7B5125 0.45
-1.4175 11.34 1.89 CE9273 0.45
-1.4175 5.1975 1.4175 1B1C1B 0.45
-1.4175 5.1975 0.9449999 1B1C1B 0.45
-1.4175 0 0.4725 000000 0.45
-1.4175 0 0 000000 0.45
-1.4175 0 -0.4725 080808 0.45
-1.4175 0 -0.9449999 080808 0.45
-1.4175 5.1975 -1.4175 1B1C1B 0.45
-1.4175 11.34 -1.89 B58068 0.45
-1.4175 0.9449999 0.4725 363636 0.45
-1.4175 0.9449999 0 363636 0.45
-1.4175 0.9449999 -0.4725 363636 0.45
-1.4175 5.1975 -0.9449999 1B1C1B 0.45
-1.4175 0 -1.4175 080808 0.45
-1.4175 0.4725 0.4725 E61C39 0.45
-1.4175 0.4725 -1.4175 EA445E 0.45
-1.4175 0.9449999 0.9449999 363636 0.45
-1.4175 2.835 0.4725 282828 0.45
-1.4175 2.835 0 B2001D 0.45
-1.4175 2.835 -0.4725 282828 0.45
-1.4175 0.9449999 -0.9449999 EF516B 0.45
-1.4175 1.4175 0.9449999 363636 0.45
-1.4175 1.4175 -0.9449999 363636 0.45
-1.4175 1.89 0.9449999 363636 0.45
-1.4175 1.89 -0.9449999 363636 0.45
-1.4175 2.3625 0.9449999 363636 0.45
-1.4175 2.3625 -0.9449999 363636 0.45
-1.4175 2.835 0.9449999 363636 0.45
-1.4175 2.835 -0.9449999 363636 0.45
-1.4175 3.3075 0.9449999 313031 0.45
-1.4175 5.1975 0.4725 1B1C1B 0.45
-1.4175 5.1975 0 181C18 0.45
-1.4175 5.1975 -0.4725 1B1C1B 0.45
-1.4175 3.3075 -0.9449999 363636 0.45
-1.4175 3.78 0.9449999 313031 0.45
-1.4175 3.3075 0.4725 282828 0.45
-1.4175 3.3075 0 282828 0.45
-1.4175 3.3075 -0.4725 292829 0.45
-1.4175 3.78 -0.9449999 393439 0.45
-1.4175 4.2525 0.9449999 C60021 0.45
-1.4175 4.2525 -0.9449999 C60826 0.45
-1.4175 4.725 0.9449999 C50120 0.45
-1.4175 4.725 -0.9449999 C60826 0.45
-1.4175 6.142499 1.4175 020202 0.45
-1.4175 6.142499 0.9449999 020202 0.45
-1.4175 6.142499 0.4725 020202 0.45
-1.4175 6.142499 0 020202 0.45
-1.4175 6.142499 -0.4725 020202 0.45
-1.4175 6.142499 -0.9449999 020202 0.45
-1.4175 6.142499 -1.4175 020202 0.45
-1.4175 5.67 1.4175 313031 0.45
-1.4175 5.67 0.4725 282828 0.45
-1.4175 5.67 0 282828 0.45
-1.4175 5.67 -0.4725 282828 0.45
-1.4175 5.67 -1.4175 363636 0.45
-1.4175 11.34 1.4175 CE9073 0.45
-1.4175 11.34 0.9449999 CE9073 0.45
-1.4175 11.34 0.4725 CE9073 0.45
-1.4175 11.34 0 CE9073 0.45
-1.4175 11.34 -0.4725 CE9073 0.45
-1.4175 11.34 -0.9449999 CE9073 0.45
-1.4175 11.34 -1.4175 B5826B 0.45
-1.4175 6.615 1.4175 2E2E2E 0.45
-1.4175 6.615 -1.4175 2E2F2E 0.45
-1.4175 7.0875 1.4175 2E2E2E 0.45
-1.4175 7.0875 -1.4175 2E2F2E 0.45
-1.4175 7.559999 1.4175 2E2E2E 0.45
-1.4175 7.559999 -1.4175 2E2F2E 0.45
-1.4175 8.0325 1.4175 2E2E2E 0.45
-1.4175 8.0325 -1.4175 2E2F2E 0.45
-1.4175 8.504999 1.4175 2E2E2E 0.45
-1.4175 8.504999 -1.4175 2E2F2E 0.45
-1.4175 8.9775 1.4175 2E2E2E 0.45
-1.4175 8.9775 -1.4175 2E2F2E 0.45
-1.4175 9.45 1.4175 2E2E2E 0.45
-1.4175 9.45 -1.4175 2E2F2E 0.45
-1.4175 9.9225 1.4175 2E2E2E 0.45
-1.4175 9.9225 -1.4175 2E2F2E 0.45
-1.4175 10.395 1.4175 2E2E2E 0.45
-1.4175 10.395 -1.4175 2E2F2E 0.45
-1.4175 10.8675 1.4175 2E2E2E 0.45
-1.4175 10.8675 -1.4175 2E2F2E 0.45
-1.4175 11.8125 1.89 ECAF97 0.45
-1.4175 11.8125 1.4175 414141 0.45
-1.4175 11.8125 0.9449999 414141 0.45
-1.4175 11.8125 0.4725 F7BEA4 0.45
-1.4175 11.8125 0 F7BEA4 0.45
-1.4175 11.8125 -0.4725 F7BEA4 0.45
-1.4175 11.8125 -0.9449999 F7BEA4 0.45
-1.4175 11.8125 -1.4175 F7BEA4 0.45
-1.4175 11.8125 -1.89 DEAE94 0.45
-1.4175 12.285 1.89 EFAE94 0.45
-1.4175 12.285 -1.89 DBAF96 0.45
-1.4175 12.7575 1.89 704A1E 0.45
-1.4175 12.7575 -1.89 DBAF96 0.45
-1.4175 13.23 1.89 734921 0.45
-1.4175 13.23 -1.89 C1B6B9 0.45
-1.4175 13.7025 1.89 2E2F2E 0.45
-1.4175 13.7025 -1.89 C1B6B9 0.45
-1.4175 14.175 1.89 2E2F2E 0.45
-1.4175 14.175 -1.89 635D5A 0.45
-1.4175 14.6475 1.89 704A1E 0.45
-1.4175 14.6475 -1.89 C6B6B5 0.45
-1.4175 15.12 1.89 704A1E 0.45
-1.4175 15.12 -1.89 734921 0.45
-1.4175 15.5925 1.89 704A1E 0.45
-1.4175 15.5925 -1.89 704A1E 0.45
-1.4175 15.5925 1.4175 7B5125 0.45
-1.4175 15.5925 0.9449999 7B5125 0.45
-1.4175 15.5925 0.4725 7B5125 0.45
-1.4175 15.5925 0 7B5125 0.45
-1.4175 15.5925 -0.4725 7B5125 0.45
-1.4175 15.5925 -0.9449999 7B5125 0.45
-1.4175 15.5925 -1.4175 7B5125 0.45
-1.89 11.34 1.89 CE9273 0.45
-1.89 5.1975 1.4175 1B1C1B 0.45
-1.89 5.1975 0.9449999 1B1C1B 0.45
-1.89 0.9449999 0.4725 363636 0.45
-1.89 0.9449999 0 363636 0.45
-1.89 0.9449999 -0.4725 363636 0.45
-1.89 5.1975 -0.9449999 1B1C1B 0.45
-1.89 5.1975 -1.4175 1B1C1B 0.45
-1.89 11.34 -1.89 B58068 0.45
-1.89 0 0.4725 080808 0.45
-1.89 0 0 080808 0.45
-1.89 0 -0.4725 080808 0.45
-1.89 0 -0.9449999 080808 0.45
-1.89 0.4725 0.4725 EA445E 0.45
-1.89 0.4725 0 EA445E 0.45
-1.89 0.4725 -0.4725 EA445E 0.45
-1.89 0.4725 -0.9449999 EA445E 0.45
-1.89 0.9449999 0.9449999 363636 0.45
-1.89 2.835 0.4725 282828 0.45
-1.89 2.835 0 B2001D 0.45
-1.89 2.835 -0.4725 282828 0.45
-1.89 0.9449999 -0.9449999 363636 0.45
-1.89 1.4175 0.9449999 363636 0.45
-1.89 1.4175 -0.9449999 363636 0.45
-1.89 1.89 0.9449999 363636 0.45
-1.89 1.89 -0.9449999 363636 0.45
-1.89 2.3625 0.9449999 363636 0.45
-1.89 2.3625 -0.9449999 363636 0.45
-1.89 2.835 0.9449999 363636 0.45
-1.89 2.835 -0.9449999 363636 0.45
-1.89 3.3075 0.9449999 313031 0.45
-1.89 5.1975 0.4725 1B1C1B 0.45
-1.89 5.1975 0 A40018 0.45
-1.89 5.1975 -0.4725 1B1C1B 0.45
-1.89 3.3075 -0.9449999 363636 0.45
-1.89 3.78 0.9449999 313031 0.45
-1.89 3.3075 0.4725 282828 0.45
-1.89 3.3075 0 282828 0.45
-1.89 3.3075 -0.4725 292829 0.45
-1.89 3.78 -0.9449999 363636 0.45
-1.89 4.2525 0.9449999 313031 0.45
-1.89 4.2525 -0.9449999 393439 0.45
-1.89 4.725 0.9449999 BD0021 0.45
-1.89 4.725 -0.9449999 C60826 0.45
-1.89 6.142499 1.4175 020202 0.45
-1.89 6.142499 0.9449999 020202 0.45
-1.89 6.142499 0.4725 020202 0.45
-1.89 6.142499 0 A40018 0.45
-1.89 6.142499 -0.4725 000000 0.45
-1.89 6.142499 -0.9449999 020202 0.45
-1.89 6.142499 -1.4175 020202 0.45
-1.89 5.67 1.4175 313031 0.45
-1.89 5.67 0.4725 282828 0.45
-1.89 5.67 0 282828 0.45
-1.89 5.67 -1.4175 363636 0.45
-1.89 11.34 1.4175 CE9073 0.45
-1.89 11.34 0.9449999 CE9073 0.45
-1.89 11.34 0.4725 CE9073 0.45
-1.89 11.34 0 CE9073 0.45
-1.89 11.34 -0.4725 CE9073 0.45
-1.89 11.34 -0.9449999 CE9073 0.45
-1.89 11.34 -1.4175 B5826B 0.45
-1.89 6.615 1.4175 2E2E2E 0.45
-1.89 6.615 -1.4175 2E2F2E 0.45
-1.89 7.0875 1.4175 2E2E2E 0.45
-1.89 7.0875 -1.4175 2E2F2E 0.45
-1.89 7.559999 1.4175 2E2E2E 0.45
-1.89 7.559999 -1.4175 2E2F2E 0.45
-1.89 8.0325 1.4175 2E2E2E 0.45
-1.89 8.0325 -1.4175 2E2F2E 0.45
-1.89 8.504999 1.4175 2E2E2E 0.45
-1.89 8.504999 -1.4175 2E2F2E 0.45
-1.89 8.9775 1.4175 2E2E2E 0.45
-1.89 8.9775 -1.4175 2E2F2E 0.45
-1.89 9.45 1.4175 2E2E2E 0.45
-1.89 9.45 -1.4175 2E2F2E 0.45
-1.89 9.9225 1.4175 2E2E2E 0.45
-1.89 9.9225 -1.4175 2E2F2E 0.45
-1.89 10.395 1.4175 2E2E2E 0.45
-1.89 10.395 -1.4175 2E2F2E 0.45
-1.89 10.8675 1.4175 2E2E2E 0.45
-1.89 10.8675 -1.4175 2E2F2E 0.45
-1.89 11.8125 1.89 ECAF97 0.45
-1.89 11.8125 1.4175 414141 0.45
-1.89 11.8125 0.9449999 414141 0.45
-1.89 11.8125 0.4725 424142 0.45
-1.89 11.8125 0 C60829 0.45
-1.89 11.8125 -0.4725 4A3039 0.45
-1.89 11.8125 -0.9449999 424142 0.45
-1.89 11.8125 -1.4175 424142 0.45
-1.89 11.8125 -1.89 D6AE94 0.45
-1.89 12.285 1.89 EFAE94 0.45
-1.89 12.285 -1.89 DEAE94 0.45
-1.89 12.7575 1.89 704A1E 0.45
-1.89 12.7575 -1.89 DEAE94 0.45
-1.89 13.23 1.89 734921 0.45
-1.89 13.23 -1.89 FFCBAD 0.45
-1.89 13.7025 1.89 2E2F2E 0.45
-1.89 13.7025 -1.89 FFCBAD 0.45
-1.89 14.175 1.89 2E2F2E 0.45
-1.89 14.175 -1.89 FFCBAD 0.45
-1.89 14.6475 1.89 704A1E 0.45
-1.89 14.6475 -1.89 FFCBAD 0.45
-1.89 15.12 1.89 704A1E 0.45
-1.89 15.12 -1.89 6B4921 0.45
-1.89 15.5925 1.89 704A1E 0.45
-1.89 15.5925 -1.89 734921 0.45
-1.89 15.5925 1.4175 7B5125 0.45
-1.89 15.5925 0.9449999 7B5125 0.45
-1.89 15.5925 0.4725 7B5125 0.45
-1.89 15.5925 0 7B5125 0.45
-1.89 15.5925 -0.4725 7B5125 0.45
-1.89 15.5925 -0.9449999 7B5125 0.45
-1.89 15.5925 -1.4175 7B5125 0.45
-2.3625 6.142499 1.4175 020202 0.45
-2.3625 6.142499 0.9449999 020202 0.45
-2.3625 6.142499 0.4725 020202 0.45
-2.3625 6.142499 0 A40018 0.45
-2.3625 6.142499 -0.4725 000000 0.45
-2.3625 6.142499 -0.9449999 020202 0.45
-2.3625 6.142499 -1.4175 020202 0.45
-1.89 1.4175 0.4725 282828 0.45
-1.89 1.4175 0 B2001D 0.45
-1.89 1.4175 -0.4725 282828 0.45
-1.89 1.89 0.4725 282828 0.45
-1.89 1.89 0 B2001D 0.45
-1.89 1.89 -0.4725 282828 0.45
-1.89 2.3625 0.4725 282828 0.45
-1.89 2.3625 0 B2001D 0.45
-1.89 2.3625 -0.4725 282828 0.45
-1.89 3.78 0.4725 282828 0.45
-1.89 3.78 0 B2001D 0.45
-1.89 3.78 -0.4725 282828 0.45
-1.89 4.2525 0.4725 282828 0.45
-1.89 4.2525 0 B2001D 0.45
-1.89 4.2525 -0.4725 282828 0.45
-1.89 4.725 0.4725 B50021 0.45
-1.89 4.725 0 B2001D 0.45
-1.89 4.725 -0.4725 B50021 0.45
-2.3625 5.1975 1.4175 292C29 0.45
-2.3625 5.1975 0.9449999 292C29 0.45
-2.3625 5.1975 0.4725 292C29 0.45
-2.3625 5.1975 0 8C1021 0.45
-2.3625 5.1975 -0.4725 312029 0.45
-2.3625 5.1975 -0.9449999 292C29 0.45
-2.3625 5.1975 -1.4175 313031 0.45
-2.3625 5.67 1.4175 282828 0.45
-2.3625 5.67 0.9449999 282828 0.45
-2.3625 5.67 0.4725 282828 0.45
-2.3625 5.67 0 B2001D 0.45
-2.3625 5.67 -0.4725 292829 0.45
-2.3625 5.67 -0.9449999 282828 0.45
-2.3625 5.67 -1.4175 292829 0.45
-2.3625 6.615 1.4175 312C31 0.45
-2.3625 6.615 -1.4175 2E2F2E 0.45
-2.3625 7.0875 1.4175 312C31 0.45
-2.3625 7.0875 -1.4175 2E2F2E 0.45
-2.3625 7.559999 1.4175 312C31 0.45
-2.3625 7.559999 -1.4175 2E2F2E 0.45
-2.3625 8.0325 1.4175 312C31 0.45
-2.3625 8.0325 -1.4175 2E2F2E 0.45
-2.3625 8.504999 1.4175 312C31 0.45
-2.3625 8.504999 -1.4175 2E2F2E 0.45
-2.3625 8.9775 1.4175 312C31 0.45
-2.3625 8.9775 -1.4175 2E2F2E 0.45
-2.3625 9.45 1.4175 312C31 0.45
-2.3625 9.45 -1.4175 2E2F2E 0.45
-2.3625 9.9225 1.4175 312C31 0.45
-2.3625 9.9225 -1.4175 2E2F2E 0.45
-2.3625 10.395 1.4175 312C31 0.45
-2.3625 10.395 -1.4175 2E2F2E 0.45
-2.3625 10.8675 1.4175 312C31 0.45
-2.3625 10.8675 -1.4175 2E2F2E 0.45
-2.3625 11.34 1.4175 424142 0.45
-2.3625 11.34 -1.4175 424342 0.45
-2.3625 11.8125 1.4175 414141 0.45
-2.3625 11.8125 0.9449999 414141 0.45
-2.3625 11.8125 0.4725 414141 0.45
-2.3625 11.8125 0 C60826 0.45
-2.3625 11.8125 -0.4725 424142 0.45
-2.3625 11.8125 -0.9449999 414141 0.45
-2.3625 11.8125 -1.4175 414141 0.45
-1.89 12.285 1.4175 E7A68C 0.45
-1.89 12.285 0.9449999 E7A68C 0.45
-1.89 12.285 0.4725 E7A68C 0.45
-1.89 12.285 0 E7A68C 0.45
-1.89 12.285 -0.4725 E4A78E 0.45
-1.89 12.285 -0.9449999 E4A78E 0.45
-1.89 12.285 -1.4175 C6927E 0.45
-1.89 12.7575 1.4175 684218 0.45
-1.89 12.7575 0.9449999 684218 0.45
-1.89 12.7575 0.4725 684218 0.45
-1.89 12.7575 0 684218 0.45
-1.89 12.7575 -0.4725 D8967E 0.45
-1.89 12.7575 -0.9449999 E4A78E 0.45
-1.89 12.7575 -1.4175 C6927E 0.45
-1.89 13.23 1.4175 6B4118 0.45
-1.89 13.23 0.9449999 6B4118 0.45
-1.89 13.23 0.4725 6B4118 0.45
-1.89 13.23 0 6B4118 0.45
-1.89 13.23 -0.4725 D6967B 0.45
-1.89 13.23 -0.9449999 E7A68C 0.45
-1.89 13.23 -1.4175 E7A68C 0.45
-1.89 13.7025 1.4175 282828 0.45
-1.89 13.7025 0.9449999 282828 0.45
-1.89 13.7025 0.4725 282828 0.45
-1.89 13.7025 0 282828 0.45
-1.89 13.7025 -0.4725 282828 0.45
-1.89 13.7025 -0.9449999 282828 0.45
-1.89 13.7025 -1.4175 282828 0.45
-1.89 14.175 1.4175 282828 0.45
-1.89 14.175 0.9449999 282828 0.45
-1.89 14.175 0.4725 282828 0.45
-1.89 14.175 0 282828 0.45
-1.89 14.175 -0.4725 282828 0.45
-1.89 14.175 -0.9449999 282828 0.45
-1.89 14.175 -1.4175 282828 0.45
-1.89 14.6475 1.4175 684218 0.45
-1.89 14.6475 0.9449999 684218 0.45
-1.89 14.6475 0.4725 684218 0.45
-1.89 14.6475 0 684218 0.45
-1.89 14.6475 -0.4725 684218 0.45
-1.89 14.6475 -0.9449999 684218 0.45
-1.89 14.6475 -1.4175 E7A68C 0.45
-1.89 15.12 1.4175 684218 0.45
-1.89 15.12 0.9449999 684218 0.45
-1.89 15.12 0.4725 684218 0.45
-1.89 15.12 0 684218 0.45
-1.89 15.12 -0.4725 684218 0.45
-1.89 15.12 -0.9449999 684218 0.45
-1.89 15.12 -1.4175 684218 0.45
-2.3625 6.615 0.9449999 202020 0.45
-2.3625 6.615 0.4725 202020 0.45
-2.3625 6.615 0 B2001D 0.45
-2.3625 6.615 -0.4725 202020 0.45
-2.3625 6.615 -0.9449999 202020 0.45
-2.3625 7.0875 0.9449999 202020 0.45
-2.3625 7.0875 0.4725 202020 0.45
-2.3625 7.0875 0 B2001D 0.45
-2.3625 7.0875 -0.4725 202020 0.45
-2.3625 7.0875 -0.9449999 202020 0.45
-2.3625 7.559999 0.9449999 202020 0.45
-2.3625 7.559999 0.4725 202020 0.45
-2.3625 7.559999 0 B2001D 0.45
-2.3625 7.559999 -0.4725 202020 0.45
-2.3625 7.559999 -0.9449999 202020 0.45
-2.3625 8.0325 0.9449999 202020 0.45
-2.3625 8.0325 0.4725 202020 0.45
-2.3625 8.0325 0 B2001D 0.45
-2.3625 8.0325 -0.4725 202020 0.45
-2.3625 8.0325 -0.9449999 202020 0.45
-2.3625 8.504999 0.9449999 202020 0.45
-2.3625 8.504999 0.4725 202020 0.45
-2.3625 8.504999 0 B2001D 0.45
-2.3625 8.504999 -0.4725 202020 0.45
-2.3625 8.504999 -0.9449999 202020 0.45
-2.3625 8.9775 0.9449999 202020 0.45
-2.3625 8.9775 0.4725 202020 0.45
-2.3625 8.9775 0 B2001D 0.45
-2.3625 8.9775 -0.4725 202020 0.45
-2.3625 8.9775 -0.9449999 202020 0.45
-2.3625 9.45 0.9449999 202020 0.45
-2.3625 9.45 0.4725 202020 0.45
-2.3625 9.45 0 B2001D 0.45
-2.3625 9.45 -0.4725 202020 0.45
-2.3625 9.45 -0.9449999 202020 0.45
-2.3625 9.9225 0.9449999 202020 0.45
-2.3625 9.9225 0.4725 202020 0.45
-2.3625 9.9225 0 B2001D 0.45
-2.3625 9.9225 -0.4725 202020 0.45
-2.3625 9.9225 -0.9449999 202020 0.45
-2.835 10.395 0.9449999 212121 0.45
-2.3625 10.395 0.9449999 202020 0.45
-2.3625 10.395 0.4725 202020 0.45
-2.3625 10.395 0 B2001D 0.45
-2.3625 10.395 -0.4725 202020 0.45
-2.3625 10.395 -0.9449999 202020 0.45
-2.835 10.395 -0.9449999 212021 0.45
-2.835 10.8675 0.9449999 212121 0.45
-2.3625 10.8675 0.9449999 202020 0.45
-2.3625 10.8675 0.4725 202020 0.45
-5.67 10.8675 0.4725 BD0C28 0.45
-2.3625 10.8675 0 B2001D 0.45
-5.67 10.8675 0 BD0C28 0.45
-2.3625 10.8675 -0.4725 202020 0.45
-5.67 10.8675 -0.4725 BD0C28 0.45
-2.3625 10.8675 -0.9449999 202020 0.45
-2.835 10.8675 -0.9449999 212121 0.45
-2.835 11.34 0.9449999 212121 0.45
-2.3625 11.34 0.9449999 363636 0.45
-2.3625 11.34 0.4725 363636 0.45
-5.67 11.34 0.4725 BD0C28 0.45
-2.3625 11.34 0 C2102B 0.45
-5.67 11.34 0 BD0C28 0.45
-2.3625 11.34 -0.4725 363636 0.45
-5.67 11.34 -0.4725 BD0C28 0.45
-2.3625 11.34 -0.9449999 363636 0.45
-2.835 11.34 -0.9449999 212121 0.45
-2.835 11.8125 0.4725 313031 0.45
-2.835 11.8125 0 D01131 0.45
-2.835 11.8125 -0.4725 313031 0.45
-3.3075 10.395 0.4725 040404 0.45
-3.3075 10.395 0 040404 0.45
-3.3075 10.395 -0.4725 040404 0.45
-3.3075 10.395 0.9449999 212121 0.45
-3.3075 10.395 -0.9449999 212021 0.45
-3.3075 10.8675 0.9449999 212121 0.45
-3.3075 10.8675 -0.9449999 212121 0.45
-3.3075 11.34 0.9449999 212121 0.45
-3.3075 11.34 -0.9449999 212121 0.45
-3.3075 11.8125 0.4725 313031 0.45
-3.3075 11.8125 0 D01131 0.45
-3.3075 11.8125 -0.4725 313031 0.45
-3.78 10.395 0.4725 040404 0.45
-3.78 10.395 0 040404 0.45
-3.78 10.395 -0.4725 040404 0.45
-3.78 10.395 0.9449999 212121 0.45
-3.78 10.395 -0.9449999 212021 0.45
-3.78 10.8675 0.9449999 212121 0.45
-3.78 10.8675 -0.9449999 212121 0.45
-3.78 11.34 0.9449999 212121 0.45
-3.78 11.34 -0.9449999 212121 0.45
-3.78 11.8125 0.4725 313031 0.45
-3.78 11.8125 0 D01131 0.45
-3.78 11.8125 -0.4725 313031 0.45
-4.2525 10.395 0.4725 040404 0.45
-4.2525 10.395 0 040404 0.45
-4.2525 10.395 -0.4725 040404 0.45
-4.2525 10.395 0.9449999 212121 0.45
-4.2525 10.395 -0.9449999 212021 0.45
-4.2525 10.8675 0.9449999 212121 0.45
-4.2525 10.8675 -0.9449999 212121 0.45
-4.2525 11.34 0.9449999 212021 0.45
-4.2525 11.34 -0.9449999 212021 0.45
-4.2525 11.8125 0.4725 D01131 0.45
-4.2525 11.8125 0 D01131 0.45
-4.2525 11.8125 -0.4725 D01131 0.45
-4.725 10.395 0.4725 040404 0.45
-4.725 10.395 0 040404 0.45
-4.725 10.395 -0.4725 040404 0.45
-4.725 10.395 0.9449999 212121 0.45
-4.725 10.395 -0.9449999 212021 0.45
-4.725 10.8675 0.9449999 212121 0.45
-4.725 10.8675 -0.9449999 212121 0.45
-4.725 11.34 0.9449999 212021 0.45
-4.725 11.34 -0.9449999 212021 0.45
-4.725 11.8125 0.4725 D01131 0.45
-4.725 11.8125 0 D01131 0.45
-4.725 11.8125 -0.4725 D01131 0.45
-5.1975 10.395 0.4725 040404 0.45
-5.1975 10.395 0 040404 0.45
-5.1975 10.395 -0.4725 040404 0.45
-5.1975 10.395 0.9449999 212021 0.45
-5.1975 10.395 -0.9449999 212021 0.45
-5.1975 10.8675 0.9449999 BD0C29 0.45
-5.1975 10.8675 -0.9449999 BD0C29 0.45
-5.1975 11.34 0.9449999 BD0C28 0.45
-5.1975 11.34 -0.9449999 BD0C28 0.45
-5.1975 11.8125 0.4725 D01131 0.45
-5.1975 11.8125 0 D01131 0.45
-5.1975 11.8125 -0.4725 D01131 0.45
-5.67 10.395 0.4725 A10C18 0.45
-5.67 10.395 0 A10C18 0.45
-5.67 10.395 -0.4725 A10C18 0.45
-5.67 10.395 0.9449999 BD0C28 0.45
-5.67 10.395 -0.9449999 BD0C29 0.45
-5.67 10.8675 0.9449999 BD0C28 0.45
-8.504999 10.8675 0.4725 FFCCAD 0.45
-8.504999 10.8675 0 D8967E 0.45
-8.504999 10.8675 -0.4725 FFCCAD 0.45
-5.67 10.8675 -0.9449999 BD0C28 0.45
-5.67 11.34 0.9449999 BD0C28 0.45
-8.504999 11.34 0.4725 FFCCAD 0.45
-8.504999 11.34 0 D8967E 0.45
-8.504999 11.34 -0.4725 FFCCAD 0.45
-5.67 11.34 -0.9449999 BD0C28 0.45
-5.67 11.8125 0.4725 D01131 0.45
-5.67 11.8125 0 D01131 0.45
-5.67 11.8125 -0.4725 D01131 0.45
-6.142499 10.395 0.4725 A10C18 0.45
-6.142499 10.395 0 A10C18 0.45
-6.142499 10.395 -0.4725 A10C18 0.45
-6.142499 10.8675 0.9449999 BD0C28 0.45
-6.142499 10.8675 -0.9449999 BD0C28 0.45
-6.142499 11.34 0.9449999 BD0C28 0.45
-6.142499 11.34 -0.9449999 BD0C28 0.45
-6.142499 11.8125 0.4725 D01131 0.45
-6.142499 11.8125 0 D01131 0.45
-6.142499 11.8125 -0.4725 D01131 0.45
-6.615 10.395 0.4725 A10C18 0.45
-6.615 10.395 0 A10C18 0.45
-6.615 10.395 -0.4725 A10C18 0.45
-6.615 10.8675 0.9449999 BD0C28 0.45
-6.615 10.8675 -0.9449999 BD0C28 0.45
-6.615 11.34 0.9449999 BD0C28 0.45
-6.615 11.34 -0.9449999 BD0C28 0.45
-6.615 11.8125 0.4725 D01131 0.45
-6.615 11.8125 0 D01131 0.45
-6.615 11.8125 -0.4725 D01131 0.45
-7.0875 10.395 0.4725 A10C18 0.45
-7.0875 10.395 0 A10C18 0.45
-7.0875 10.395 -0.4725 A10C18 0.45
-7.0875 10.8675 0.9449999 BD0C28 0.45
-7.0875 10.8675 -0.9449999 BD0C28 0.45
-7.0875 11.34 0.9449999 BD0C28 0.45
-7.0875 11.34 -0.9449999 BD0C28 0.45
-7.0875 11.8125 0.4725 D01131 0.45
-7.0875 11.8125 0 D01131 0.45
-7.0875 11.8125 -0.4725 D01131 0.45
-7.559999 10.395 0.4725 A10C18 0.45
-7.559999 10.395 0 A10C18 0.45
-7.559999 10.395 -0.4725 A10C18 0.45
-7.559999 10.8675 0.9449999 BD0C28 0.45
-7.559999 10.8675 -0.9449999 BD0C28 0.45
-7.559999 11.34 0.9449999 BD0C28 0.45
-7.559999 11.34 -0.9449999 BD0C28 0.45
-7.559999 11.8125 0.4725 D01131 0.45
-7.559999 11.8125 0 D01131 0.45
-7.559999 11.8125 -0.4725 D01131 0.45
-8.0325 10.395 0.4725 A10C18 0.45
-8.0325 10.395 0 A10C18 0.45
-8.0325 10.395 -0.4725 A10C18 0.45
-8.0325 10.8675 0.9449999 BD0C28 0.45
-8.0325 10.8675 -0.9449999 BD0C28 0.45
-8.0325 11.34 0.9449999 BD0C28 0.45
-8.0325 11.34 -0.9449999 BD0C28 0.45
-8.0325 11.8125 0.4725 D01131 0.45
-8.0325 11.8125 0 D01131 0.45
-8.0325 11.8125 -0.4725 D01131 0.45
-8.504999 10.395 0.4725 A10C18 0.45
-8.504999 10.395 0 A10C18 0.45
-8.504999 10.395 -0.4725 A10C18 0.45
-8.504999 10.8675 0.9449999 BD0C28 0.45
-8.504999 10.8675 -0.9449999 BD0C28 0.45
-8.504999 11.34 0.9449999 BD0C28 0.45
-8.504999 11.34 -0.9449999 BD0C28 0.45
-8.504999 11.8125 0.4725 D01131 0.45
-8.504999 11.8125 0 D01131 0.45
-8.504999 11.8125 -0.4725 D01131 0.45
-8.9775 10.395 0.4725 CE9073 0.45
-8.9775 10.395 0 CE9073 0.45
-8.9775 10.395 -0.4725 CE9073 0.45
-8.9775 10.8675 0.4725 FFCCAD 0.45
-8.9775 10.8675 -0.4725 FFCCAD 0.45
-8.9775 11.34 0.4725 FFCCAD 0.45
-8.9775 11.34 -0.4725 FFCCAD 0.45
-8.9775 11.8125 0.4725 ECAF97 0.45
-8.9775 11.8125 0 ECAF97 0.45
-8.9775 11.8125 -0.4725 ECAF97 0.45
-9.45 10.395 0.4725 CE9073 0.45
-9.45 10.395 0 CE9073 0.45
-9.45 10.395 -0.4725 CE9073 0.45
-9.45 10.8675 0.4725 FFCCAD 0.45
-9.45 10.8675 -0.4725 FFCCAD 0.45
-9.45 11.34 0.4725 FFCCAD 0.45
-9.45 11.34 -0.4725 FFCCAD 0.45
-9.45 11.8125 0.4725 EFAE94 0.45
-9.45 11.8125 0 EFAE94 0.45
-9.45 11.8125 -0.4725 EFAE94 0.45
-9.45 10.8675 0 D8967E 0.45
-9.45 11.34 0 D8967E 0.45
