1.89 0 0.4725 080808 0.45
1.89 0 0 080808 0.45
1.89 0 -0.4725 080808 0.45
1.89 0 -0.9449999 080808 0.45
1.89 0.4725 0.4725 292929 0.45
1.89 0.4725 0 292929 0.45
1.89 0.4725 -0.4725 292929 0.45
1.89 0.4725 -0.9449999 292929 0.45
1.89 0.9449999 0.4725 292929 0.45
1.89 0.9449999 0 292929 0.45
1.89 0.9449999 -0.4725 292929 0.45
1.89 1.4175 0.4725 292929 0.45
1.89 1.4175 0 292929 0.45
1.89 1.4175 -0.4725 292929 0.45
1.89 1.89 0.4725 292929 0.45
1.89 1.89 0 292929 0.45
1.89 1.89 -0.4725 292929 0.45
1.89 2.3625 0.4725 EFAE94 0.45
1.89 2.3625 0 EFAE94 0.45
1.89 2.3625 -0.4725 EFAE94 0.45
1.89 2.835 0.4725 ECAF97 0.45
1.89 2.835 0 ECAF97 0.45
1.89 2.835 -0.4725 ECAF97 0.45
1.89 3.3075 0.4725 ECAF97 0.45
1.89 3.3075 0 ECAF97 0.45
1.89 3.3075 -0.4725 ECAF97 0.45
1.89 3.78 0.4725 7B0000 0.45
1.89 3.78 0 7B0000 0.45
1.89 3.78 -0.4725 7B0000 0.45
1.89 4.2525 0.4725 A40000 0.45
1.89 4.2525 0 A40000 0.45
1.89 4.2525 -0.4725 A40000 0.45
1.89 4.725 0.4725 A40000 0.45
1.89 4.725 0 A40000 0.45
1.89 4.725 -0.4725 A40000 0.45
2.3625 5.1975 1.4175 A50000 0.45
2.3625 5.1975 0.9449999 A50000 0.45
2.3625 5.1975 0.4725 A50000 0.45
2.3625 5.1975 0 A50000 0.45
2.3625 5.1975 -0.4725 A50000 0.45
2.3625 5.1975 -0.9449999 A50000 0.45
2.3625 5.1975 -1.4175 A50000 0.45
2.3625 5.67 1.4175 A40000 0.45
2.3625 5.67 0.9449999 A40000 0.45
2.3625 5.67 0.4725 A40000 0.45
2.3625 5.67 0 A40000 0.45
2.3625 5.67 -0.4725 A40000 0.45
2.3625 5.67 -0.9449999 A40000 0.45
2.3625 5.67 -1.4175 A50000 0.45
2.3625 6.142499 1.4175 000000 0.45
2.3625 6.142499 0.9449999 000000 0.45
2.3625 6.142499 0.4725 000000 0.45
2.3625 6.142499 0 000000 0.45
2.3625 6.142499 -0.4725 000000 0.45
2.3625 6.142499 -0.9449999 000000 0.45
2.3625 6.142499 -1.4175 000000 0.45
2.3625 6.615 1.4175 121212 0.45
2.3625 6.615 0.9449999 121212 0.45
2.3625 6.615 0.4725 121212 0.45
2.3625 6.615 0 121212 0.45
2.3625 6.615 -0.4725 121212 0.45
2.3625 6.615 -0.9449999 121212 0.45
2.3625 6.615 -1.4175 121212 0.45
2.3625 7.0875 1.4175 363636 0.45
2.3625 7.0875 0.9449999 363636 0.45
2.3625 7.0875 0.4725 363636 0.45
2.3625 7.0875 0 363636 0.45
2.3625 7.0875 -0.4725 363636 0.45
2.3625 7.0875 -0.9449999 363636 0.45
2.3625 7.0875 -1.4175 363636 0.45
2.3625 7.559999 1.4175 101010 0.45
2.3625 7.559999 0.9449999 101010 0.45
2.3625 7.559999 0.4725 101010 0.45
2.3625 7.559999 0 101010 0.45
2.3625 7.559999 -0.4725 101010 0.45
2.3625 7.559999 -0.9449999 101010 0.45
2.3625 7.559999 -1.4175 101010 0.45
2.3625 8.0325 1.4175 292429 0.45
2.3625 8.0325 0.9449999 292429 0.45
2.3625 8.0325 0.4725 292429 0.45
2.3625 8.0325 0 292429 0.45
2.3625 8.0325 -0.4725 292429 0.45
2.3625 8.0325 -0.9449999 292429 0.45
2.3625 8.0325 -1.4175 292429 0.45
2.3625 8.504999 1.4175 ECAF97 0.45
2.3625 8.504999 0.9449999 ECAF97 0.45
2.3625 8.504999 0.4725 ECAF97 0.45
2.3625 8.504999 0 ECAF97 0.45
2.3625 8.504999 -0.4725 ECAF97 0.45
2.3625 8.504999 -0.9449999 ECAF97 0.45
2.3625 8.504999 -1.4175 ECAF97 0.45
2.3625 8.9775 1.4175 ECAF97 0.45
2.3625 8.9775 0.9449999 ECAF97 0.45
2.3625 8.9775 0.4725 ECAF97 0.45
2.3625 8.9775 0 ECAF97 0.45
2.3625 8.9775 -0.4725 ECAF97 0.45
2.3625 8.9775 -0.9449999 ECAF97 0.45
2.3625 8.9775 -1.4175 ECAF97 0.45
2.3625 9.45 1.4175 ECAF97 0.45
2.3625 9.45 0.9449999 ECAF97 0.45
2.3625 9.45 0.4725 ECAF97 0.45
2.3625 9.45 0 ECAF97 0.45
2.3625 9.45 -0.4725 ECAF97 0.45
2.3625 9.45 -0.9449999 ECAF97 0.45
2.3625 9.45 -1.4175 ECAF97 0.45
2.3625 9.9225 1.4175 ECAF97 0.45
2.3625 9.9225 0.9449999 ECAF97 0.45
2.3625 9.9225 0.4725 ECAF97 0.45
2.3625 9.9225 0 ECAF97 0.45
2.3625 9.9225 -0.4725 ECAF97 0.45
2.3625 9.9225 -0.9449999 ECAF97 0.45
2.3625 9.9225 -1.4175 ECAF97 0.45
2.3625 10.395 1.4175 ECAF97 0.45
2.3625 10.395 0.9449999 ECAF97 0.45
5.67 10.395 0.4725 FFCCAD 0.45
5.67 10.395 0 FFCCAD 0.45
5.67 10.395 -0.4725 FFCCAD 0.45
2.3625 10.395 -0.9449999 ECAF97 0.45
2.3625 10.395 -1.4175 ECAF97 0.45
2.3625 10.8675 1.4175 ECAF97 0.45
2.3625 10.8675 0.9449999 ECAF97 0.45
9.45 10.8675 0.4725 BB0C08 0.45
9.45 10.8675 0 BB0C08 0.45
9.45 10.8675 -0.4725 BB0C08 0.45
2.3625 10.8675 -0.9449999 ECAF97 0.45
2.3625 10.8675 -1.4175 ECAF97 0.45
2.3625 11.34 1.4175 ECAF97 0.45
2.3625 11.34 0.9449999 ECAF97 0.45
9.45 11.34 0.4725 BB0C08 0.45
9.45 11.34 0 BB0C08 0.45
9.45 11.34 -0.4725 BB0C08 0.45
2.3625 11.34 -0.9449999 ECAF97 0.45
2.3625 11.34 -1.4175 ECAF97 0.45
1.89 11.8125 1.89 E4A78E 0.45
1.89 11.8125 1.4175 E4A78E 0.45
1.89 11.8125 0.9449999 E4A78E 0.45
1.89 11.8125 0.4725 E4A78E 0.45
1.89 11.8125 0 E4A78E 0.45
1.89 11.8125 -0.4725 E4A78E 0.45
1.89 11.8125 -0.9449999 E4A78E 0.45
1.89 11.8125 -1.4175 C89A84 0.45
1.89 11.8125 -1.89 C89A84 0.45
1.89 12.285 1.89 E7A68C 0.45
1.89 12.285 1.4175 E7A68C 0.45
1.89 12.285 0.9449999 E7A68C 0.45
1.89 12.285 0.4725 E7A68C 0.45
1.89 12.285 0 E7A68C 0.45
1.89 12.285 -0.4725 E4A78E 0.45
1.89 12.285 -0.9449999 E4A78E 0.45
1.89 12.285 -1.4175 C89A84 0.45
1.89 12.285 -1.89 C89A84 0.45
1.89 12.7575 1.89 91561D 0.45
1.89 12.7575 1.4175 91561D 0.45
1.89 12.7575 0.9449999 91561D 0.45
1.89 12.7575 0.4725 91561D 0.45
1.89 12.7575 0 91561D 0.45
1.89 12.7575 -0.4725 D8967E 0.45
1.89 12.7575 -0.9449999 E7A68C 0.45
1.89 12.7575 -1.4175 C89A84 0.45
1.89 12.7575 -1.89 C89A84 0.45
1.89 13.23 1.89 91561D 0.45
1.89 13.23 1.4175 91561D 0.45
1.89 13.23 0.9449999 91561D 0.45
1.89 13.23 0.4725 91561D 0.45
1.89 13.23 0 91561D 0.45
1.89 13.23 -0.4725 D8967E 0.45
1.89 13.23 -0.9449999 DE9A84 0.45
1.89 13.23 -1.4175 E4A78E 0.45
1.89 13.23 -1.89 E4A78E 0.45
1.89 13.7025 1.89 91561D 0.45
1.89 13.7025 1.4175 91561D 0.45
1.89 13.7025 0.9449999 91561D 0.45
1.89 13.7025 0.4725 91561D 0.45
1.89 13.7025 0 91561D 0.45
1.89 13.7025 -0.4725 D6967B 0.45
1.89 13.7025 -0.9449999 945521 0.45
1.89 13.7025 -1.4175 E4A78E 0.45
1.89 13.7025 -1.89 E4A78E 0.45
1.89 14.175 1.89 91561D 0.45
1.89 14.175 1.4175 91561D 0.45
1.89 14.175 0.9449999 91561D 0.45
1.89 14.175 0.4725 91561D 0.45
1.89 14.175 0 91561D 0.45
1.89 14.175 -0.4725 91561D 0.45
1.89 14.175 -0.9449999 91561D 0.45
1.89 14.175 -1.4175 E4A78E 0.45
1.89 14.175 -1.89 E4A78E 0.45
1.89 14.6475 1.89 91561D 0.45
1.89 14.6475 1.4175 91561D 0.45
1.89 14.6475 0.9449999 91561D 0.45
1.89 14.6475 0.4725 91561D 0.45
1.89 14.6475 0 91561D 0.45
1.89 14.6475 -0.4725 91561D 0.45
1.89 14.6475 -0.9449999 91561D 0.45
1.89 14.6475 -1.4175 E7A68C 0.45
1.89 14.6475 -1.89 E4A78E 0.45
1.89 15.12 1.89 91561D 0.45
1.89 15.12 1.4175 91561D 0.45
1.89 15.12 0.9449999 91561D 0.45
1.89 15.12 0.4725 91561D 0.45
1.89 15.12 0 91561D 0.45
1.89 15.12 -0.4725 91561D 0.45
1.89 15.12 -0.9449999 91561D 0.45
1.89 15.12 -1.4175 91561D 0.45
1.89 15.12 -1.89 945521 0.45
1.89 15.5925 1.89 91561D 0.45
1.89 15.5925 1.4175 91561D 0.45
1.89 15.5925 0.9449999 91561D 0.45
1.89 15.5925 0.4725 91561D 0.45
1.89 15.5925 0 91561D 0.45
1.89 15.5925 -0.4725 91561D 0.45
1.89 15.5925 -0.9449999 91561D 0.45
1.89 15.5925 -1.4175 91561D 0.45
1.89 15.5925 -1.89 91561D 0.45
9.45 10.395 0.4725 BB0C08 0.45
9.45 10.395 0 BB0C08 0.45
9.45 10.395 -0.4725 BB0C08 0.45
8.504999 10.8675 0.4725 CE9073 0.45
8.504999 10.8675 0 CE9073 0.45
8.504999 10.8675 -0.4725 CE9073 0.45
8.504999 11.34 0.4725 CE9073 0.45
8.504999 11.34 0 CE9073 0.45
8.504999 11.34 -0.4725 CE9073 0.45
8.9775 10.395 0.4725 BB0C08 0.45
8.9775 10.395 0 BB0C08 0.45
8.9775 10.395 -0.4725 BB0C08 0.45
8.9775 10.8675 0.4725 BB0C08 0.45
8.9775 10.8675 -0.4725 BB0C08 0.45
8.9775 11.34 0.4725 BB0C08 0.45
8.9775 11.34 -0.4725 BB0C08 0.45
8.9775 11.34 0 BB0C08 0.45
8.504999 10.395 0.4725 A40000 0.45
8.504999 10.395 0 A40000 0.45
8.504999 10.395 -0.4725 A40000 0.45
8.504999 10.8675 0.9449999 BB0C08 0.45
5.67 10.8675 0.4725 FFCCAD 0.45
5.67 10.8675 0 FFCCAD 0.45
5.67 10.8675 -0.4725 FFCCAD 0.45
8.504999 10.8675 -0.9449999 BB0C08 0.45
8.504999 11.34 0.9449999 BB0C08 0.45
5.67 11.34 0.4725 FFCCAD 0.45
5.67 11.34 0 FFCCAD 0.45
5.67 11.34 -0.4725 FFCCAD 0.45
8.504999 11.34 -0.9449999 BB0C08 0.45
8.504999 11.8125 0.4725 A40000 0.45
8.504999 11.8125 0 A40000 0.45
8.504999 11.8125 -0.4725 A40000 0.45
8.0325 10.395 0.4725 A40000 0.45
8.0325 10.395 0 A40000 0.45
8.0325 10.395 -0.4725 A40000 0.45
8.0325 10.8675 0.9449999 BB0C08 0.45
8.0325 10.8675 -0.9449999 BB0C08 0.45
8.0325 11.34 0.9449999 BB0C08 0.45
8.0325 11.34 -0.9449999 BB0C08 0.45
8.0325 11.8125 0.4725 A40000 0.45
8.0325 11.8125 0 A40000 0.45
8.0325 11.8125 -0.4725 A40000 0.45
7.559999 10.395 0.4725 CE9073 0.45
7.559999 10.395 0 CE9073 0.45
7.559999 10.395 -0.4725 CE9073 0.45
7.559999 10.8675 0.9449999 FFCCAD 0.45
7.559999 10.8675 -0.9449999 FFCCAD 0.45
7.559999 11.34 0.9449999 FFCBAD 0.45
7.559999 11.34 -0.9449999 FFCCAD 0.45
7.559999 11.8125 0.4725 422C31 0.45
7.559999 11.8125 0 422C31 0.45
7.559999 11.8125 -0.4725 422C31 0.45
7.0875 10.395 0.4725 CE9073 0.45
7.0875 10.395 0 CE9073 0.45
7.0875 10.395 -0.4725 CE9073 0.45
7.0875 10.8675 0.9449999 FFCCAD 0.45
7.0875 10.8675 -0.9449999 FFCCAD 0.45
7.0875 11.34 0.9449999 FFCCAD 0.45
7.0875 11.34 -0.9449999 FFCCAD 0.45
7.0875 11.8125 0.4725 ECAF97 0.45
7.0875 11.8125 0 ECAF97 0.45
7.0875 11.8125 -0.4725 ECAF97 0.45
6.615 10.395 0.4725 CE9073 0.45
6.615 10.395 0 CE9073 0.45
6.615 10.395 -0.4725 CE9073 0.45
6.615 10.8675 0.9449999 FFCCAD 0.45
6.615 10.8675 -0.9449999 FFCCAD 0.45
6.615 11.34 0.9449999 FFCBAD 0.45
6.615 11.34 -0.9449999 FFCCAD 0.45
6.615 11.8125 0.4725 EFAE94 0.45
6.615 11.8125 0 EFAE94 0.45
6.615 11.8125 -0.4725 EFAE94 0.45
6.142499 10.395 0.4725 CE9073 0.45
6.142499 10.395 0 CE9073 0.45
6.142499 10.395 -0.4725 CE9073 0.45
6.142499 10.8675 0.9449999 FFCCAD 0.45
6.142499 10.8675 -0.9449999 FFCCAD 0.45
6.142499 11.34 0.9449999 FFCCAD 0.45
6.142499 11.34 -0.9449999 FFCCAD 0.45
6.142499 11.8125 0.4725 ECAF97 0.45
6.142499 11.8125 0 ECAF97 0.45
6.142499 11.8125 -0.4725 ECAF97 0.45
5.67 10.395 0.9449999 FFCCAD 0.45
2.3625 10.395 0.4725 ECAF97 0.45
2.3625 10.395 0 ECAF97 0.45
2.3625 10.395 -0.4725 ECAF97 0.45
5.67 10.395 -0.9449999 FFCBAD 0.45
5.67 10.8675 0.9449999 FFCCAD 0.45
2.3625 10.8675 0.4725 ECAF97 0.45
2.3625 10.8675 0 ECAF97 0.45
2.3625 10.8675 -0.4725 ECAF97 0.45
5.67 10.8675 -0.9449999 FFCCAD 0.45
5.67 11.34 0.9449999 FFCCAD 0.45
2.3625 11.34 0.4725 ECAF97 0.45
2.3625 11.34 0 ECAF97 0.45
2.3625 11.34 -0.4725 ECAF97 0.45
5.67 11.34 -0.9449999 FFCCAD 0.45
5.67 11.8125 0.4725 ECAF97 0.45
5.67 11.8125 0 ECAF97 0.45
5.67 11.8125 -0.4725 ECAF97 0.45
5.1975 10.395 0.4725 CE9073 0.45
5.1975 10.395 0 CE9073 0.45
5.1975 10.395 -0.4725 CE9073 0.45
5.1975 10.395 0.9449999 FFCCAD 0.45
5.1975 10.395 -0.9449999 FFCBAD 0.45
5.1975 10.8675 0.9449999 FFCCAD 0.45
5.1975 10.8675 -0.9449999 FFCCAD 0.45
5.1975 11.34 0.9449999 FFCCAD 0.45
5.1975 11.34 -0.9449999 FFCCAD 0.45
5.1975 11.8125 0.4725 ECAF97 0.45
5.1975 11.8125 0 ECAF97 0.45
5.1975 11.8125 -0.4725 ECAF97 0.45
4.725 10.395 0.4725 CE9073 0.45
4.725 10.395 0 CE9073 0.45
4.725 10.395 -0.4725 CE9073 0.45
4.725 10.395 0.9449999 FFCCAD 0.45
4.725 10.395 -0.9449999 FFCBAD 0.45
4.725 10.8675 0.9449999 FFCCAD 0.45
4.725 10.8675 -0.9449999 FFCCAD 0.45
4.725 11.34 0.9449999 FFCCAD 0.45
4.725 11.34 -0.9449999 FFCCAD 0.45
4.725 11.8125 0.4725 ECAF97 0.45
4.725 11.8125 0 ECAF97 0.45
4.725 11.8125 -0.4725 ECAF97 0.45
4.2525 10.395 0.4725 CE9073 0.45
4.2525 10.395 0 CE9073 0.45
4.2525 10.395 -0.4725 CE9073 0.45
4.2525 10.395 0.9449999 FFCCAD 0.45
4.2525 10.395 -0.9449999 FFCBAD 0.45
4.2525 10.8675 0.9449999 FFCCAD 0.45
4.2525 10.8675 -0.9449999 FFCCAD 0.45
4.2525 11.34 0.9449999 FFCCAD 0.45
4.2525 11.34 -0.9449999 FFCCAD 0.45
4.2525 11.8125 0.4725 ECAF97 0.45
4.2525 11.8125 0 ECAF97 0.45
4.2525 11.8125 -0.4725 ECAF97 0.45
3.78 10.395 0.4725 CE9073 0.45
3.78 10.395 0 CE9073 0.45
3.78 10.395 -0.4725 CE9073 0.45
3.78 10.395 0.9449999 FFCCAD 0.45
3.78 10.395 -0.9449999 FFCBAD 0.45
3.78 10.8675 0.9449999 FFCCAD 0.45
3.78 10.8675 -0.9449999 FFCCAD 0.45
3.78 11.34 0.9449999 FFCCAD 0.45
3.78 11.34 -0.9449999 FFCCAD 0.45
3.78 11.8125 0.4725 ECAF97 0.45
3.78 11.8125 0 ECAF97 0.45
3.78 11.8125 -0.4725 ECAF97 0.45
3.3075 10.395 0.4725 CE9073 0.45
3.3075 10.395 0 CE9073 0.45
3.3075 10.395 -0.4725 CE9073 0.45
3.3075 10.395 0.9449999 FFCCAD 0.45
3.3075 10.395 -0.9449999 FFCBAD 0.45
3.3075 10.8675 0.9449999 FFCCAD 0.45
3.3075 10.8675 -0.9449999 FFCCAD 0.45
3.3075 11.34 0.9449999 FFCCAD 0.45
3.3075 11.34 -0.9449999 FFCCAD 0.45
3.3075 11.8125 0.4725 ECAF97 0.45
3.3075 11.8125 0 ECAF97 0.45
3.3075 11.8125 -0.4725 ECAF97 0.45
2.835 10.395 0.4725 CE9073 0.45
2.835 10.395 0 CE9073 0.45
2.835 10.395 -0.4725 CE9073 0.45
2.835 10.395 0.9449999 FFCCAD 0.45
2.835 10.395 -0.9449999 FFCBAD 0.45
2.835 10.8675 0.9449999 FFCCAD 0.45
2.835 10.8675 -0.9449999 FFCCAD 0.45
2.835 11.34 0.9449999 FFCCAD 0.45
2.835 11.34 -0.9449999 FFCCAD 0.45
2.835 11.8125 0.4725 ECAF97 0.45
2.835 11.8125 0 ECAF97 0.45
2.835 11.8125 -0.4725 ECAF97 0.45
-2.835 10.395 0.4725 EFB29C 0.45
-2.835 10.395 0 EFB29C 0.45
-2.835 10.395 -0.4725 EFB29C 0.45
2.835 10.8675 0.4725 EEB39C 0.45
-2.835 10.8675 0.4725 EEB39C 0.45
2.835 10.8675 0 CE9073 0.45
-2.835 10.8675 0 EEB39C 0.45
2.835 10.8675 -0.4725 EEB39C 0.45
-2.835 10.8675 -0.4725 EEB39C 0.45
2.835 11.34 0.4725 EEB39C 0.45
-2.835 11.34 0.4725 EEB39C 0.45
2.835 11.34 0 EFB29C 0.45
-2.835 11.34 0 CE9073 0.45
2.835 11.34 -0.4725 EEB39C 0.45
-2.835 11.34 -0.4725 EFB29C 0.45
2.3625 11.8125 1.4175 FFCCAD 0.45
2.3625 11.8125 0.9449999 FFCCAD 0.45
2.3625 11.8125 0.4725 FFCCAD 0.45
2.3625 11.8125 0 FFCCAD 0.45
2.3625 11.8125 -0.4725 FFCCAD 0.45
2.3625 11.8125 -0.9449999 FFCCAD 0.45
2.3625 11.8125 -1.4175 FFCCAD 0.45
1.89 11.34 1.89 CE9273 0.45
1.89 5.1975 1.4175 940000 0.45
1.89 5.1975 0.9449999 940000 0.45
1.89 5.1975 -0.9449999 940000 0.45
1.89 5.1975 -1.4175 940000 0.45
1.89 11.34 -1.89 CE9073 0.45
1.89 0.9449999 0.9449999 333333 0.45
1.89 0.9449999 -0.9449999 333333 0.45
1.89 1.4175 0.9449999 333333 0.45
-0.4725 1.4175 0.4725 292929 0.45
-0.4725 1.4175 0 292929 0.45
-0.4725 1.4175 -0.4725 292929 0.45
1.89 1.4175 -0.9449999 333333 0.45
1.89 1.89 0.9449999 333333 0.45
-0.4725 1.89 0.4725 292929 0.45
-0.4725 1.89 0 292929 0.45
-0.4725 1.89 -0.4725 292929 0.45
1.89 1.89 -0.9449999 333333 0.45
1.89 2.3625 0.9449999 F7C3A5 0.45
-0.4725 2.3625 0.4725 EFAE94 0.45
-0.4725 2.3625 0 EFAE94 0.45
-0.4725 2.3625 -0.4725 EFAE94 0.45
1.89 2.3625 -0.9449999 FFCBAD 0.45
1.89 2.835 0.9449999 FFCBAD 0.45
-0.4725 2.835 0.4725 ECAF97 0.45
-0.4725 2.835 0 ECAF97 0.45
-0.4725 2.835 -0.4725 ECAF97 0.45
1.89 2.835 -0.9449999 FFCCAD 0.45
1.89 3.3075 0.9449999 FFCCAD 0.45
1.89 5.1975 0.4725 940000 0.45
-0.4725 3.3075 0.4725 ECAF97 0.45
1.89 5.1975 0 940000 0.45
-0.4725 3.3075 0 ECAF97 0.45
1.89 5.1975 -0.4725 940000 0.45
-0.4725 3.3075 -0.4725 ECAF97 0.45
1.89 3.3075 -0.9449999 FFCCAD 0.45
1.89 3.78 0.9449999 8C0400 0.45
-0.4725 3.78 0.4725 7B0000 0.45
-0.4725 3.78 0 7B0000 0.45
-0.4725 3.78 -0.4725 7B0000 0.45
1.89 3.78 -0.9449999 8C0808 0.45
1.89 4.2525 0.9449999 B90400 0.45
-0.4725 4.2525 0.4725 A40000 0.45
-0.4725 4.2525 0 A40000 0.45
-0.4725 4.2525 -0.4725 A40000 0.45
1.89 4.2525 -0.9449999 BB0C08 0.45
1.89 4.725 0.9449999 B90400 0.45
-0.4725 4.725 0.4725 A40000 0.45
-0.4725 4.725 0 A40000 0.45
-0.4725 4.725 -0.4725 A40000 0.45
1.89 4.725 -0.9449999 BB0C08 0.45
1.89 6.142499 1.4175 940000 0.45
1.89 6.142499 0.9449999 940000 0.45
1.89 6.142499 0.4725 940000 0.45
-0.4725 5.1975 0.4725 A40000 0.45
1.89 6.142499 0 940000 0.45
-0.4725 5.1975 0 A40000 0.45
1.89 6.142499 -0.4725 940000 0.45
-0.4725 5.1975 -0.4725 A40000 0.45
1.89 6.142499 -0.9449999 940000 0.45
1.89 6.142499 -1.4175 940000 0.45
1.89 5.67 1.4175 B90400 0.45
1.89 5.67 0.4725 A40000 0.45
1.89 5.67 0 A40000 0.45
1.89 5.67 -0.4725 A40000 0.45
1.89 5.67 -1.4175 BB0C08 0.45
1.89 11.34 1.4175 CE9073 0.45
1.89 11.34 0.9449999 CE9073 0.45
1.89 11.34 0.4725 CE9073 0.45
1.89 11.34 0 CE9073 0.45
1.89 11.34 -0.4725 CE9073 0.45
1.89 11.34 -0.9449999 CE9073 0.45
1.89 11.34 -1.4175 CE9073 0.45
1.89 6.615 1.4175 3E3E3E 0.45
1.89 6.615 -1.4175 424142 0.45
1.89 7.0875 1.4175 5A5B5A 0.45
1.89 7.0875 -1.4175 A77200 0.45
1.89 7.559999 1.4175 393C39 0.45
1.89 7.559999 -1.4175 DE9600 0.45
1.89 8.0325 1.4175 4A4D4A 0.45
1.89 8.0325 -1.4175 525152 0.45
1.89 8.504999 1.4175 FFCCAD 0.45
1.89 8.504999 -1.4175 FFCCAD 0.45
1.89 8.9775 1.4175 FFCCAD 0.45
1.89 8.9775 -1.4175 FFCCAD 0.45
1.89 9.45 1.4175 FFCCAD 0.45
1.89 9.45 -1.4175 FFCBAD 0.45
1.89 9.9225 1.4175 FFCCAD 0.45
1.89 9.9225 -1.4175 FFCCAD 0.45
1.89 10.395 1.4175 FFCCAD 0.45
1.89 10.395 -1.4175 FFCCAD 0.45
1.89 10.8675 1.4175 FFCCAD 0.45
1.89 10.8675 -1.4175 FFCCAD 0.45
1.4175 11.34 1.89 CE9273 0.45
1.4175 5.1975 1.4175 940000 0.45
1.4175 5.1975 0.9449999 940000 0.45
1.4175 0 0.4725 000000 0.45
1.4175 0 0 000000 0.45
1.4175 0 -0.4725 080808 0.45
1.4175 0 -0.9449999 080808 0.45
1.4175 5.1975 -1.4175 940000 0.45
1.4175 11.34 -1.89 CE9073 0.45
-0.4725 0 0.4725 080808 0.45
-0.4725 0 0 080808 0.45
-0.4725 0 -0.4725 080808 0.45
-0.4725 0 -0.9449999 080808 0.45
1.4175 0 -1.4175 080808 0.45
1.4175 0.4725 0.4725 2E2F2E 0.45
1.4175 0.9449999 0.4725 292929 0.45
-0.4725 0.4725 0.4725 292929 0.45
1.4175 0.9449999 0 292929 0.45
-0.4725 0.4725 0 292929 0.45
1.4175 0.9449999 -0.4725 292929 0.45
-0.4725 0.4725 -0.4725 292929 0.45
1.4175 5.1975 -0.9449999 940000 0.45
-0.4725 0.4725 -0.9449999 292929 0.45
1.4175 0.4725 -1.4175 292929 0.45
1.4175 0.9449999 0.9449999 333333 0.45
1.4175 2.835 0.4725 ECAF97 0.45
-0.4725 0.9449999 0.4725 292929 0.45
1.4175 2.835 0 ECAF97 0.45
-0.4725 0.9449999 0 292929 0.45
1.4175 2.835 -0.4725 ECAF97 0.45
-0.4725 0.9449999 -0.4725 292929 0.45
1.4175 0.9449999 -0.9449999 313431 0.45
1.4175 1.4175 0.9449999 333333 0.45
1.4175 1.4175 -0.9449999 292829 0.45
1.4175 1.89 0.9449999 333333 0.45
1.4175 1.89 -0.9449999 080808 0.45
1.4175 2.3625 0.9449999 FFCBAD 0.45
1.4175 2.3625 -0.9449999 FFCBAD 0.45
1.4175 2.835 0.9449999 FFCCAD 0.45
1.4175 2.835 -0.9449999 FFCCAD 0.45
1.4175 3.3075 0.9449999 FFCCAD 0.45
1.4175 5.1975 0.4725 940000 0.45
1.4175 5.1975 0 940000 0.45
1.4175 5.1975 -0.4725 940000 0.45
1.4175 3.3075 -0.9449999 FFCCAD 0.45
1.4175 3.78 0.9449999 8C0400 0.45
1.4175 3.3075 0.4725 ECAF97 0.45
1.4175 3.3075 0 ECAF97 0.45
1.4175 3.3075 -0.4725 ECAF97 0.45
1.4175 3.78 -0.9449999 8C0808 0.45
1.4175 4.2525 0.9449999 B90400 0.45
1.4175 4.2525 -0.9449999 BB0C08 0.45
1.4175 4.725 0.9449999 B90400 0.45
1.4175 4.725 -0.9449999 BB0C08 0.45
1.4175 6.142499 1.4175 940000 0.45
1.4175 6.142499 0.9449999 940000 0.45
1.4175 6.142499 0.4725 940000 0.45
1.4175 6.142499 0 940000 0.45
1.4175 6.142499 -0.4725 940000 0.45
1.4175 6.142499 -0.9449999 940000 0.45
1.4175 6.142499 -1.4175 940000 0.45
1.4175 5.67 1.4175 B90400 0.45
1.4175 5.67 0.4725 A40000 0.45
1.4175 5.67 0 A40000 0.45
1.4175 5.67 -0.4725 A40000 0.45
1.4175 5.67 -1.4175 BB0C08 0.45
1.4175 11.34 1.4175 CE9073 0.45
1.4175 11.34 0.9449999 CE9073 0.45
1.4175 11.34 0.4725 CE9073 0.45
1.4175 11.34 0 CE9073 0.45
1.4175 11.34 -0.4725 CE9073 0.45
1.4175 11.34 -0.9449999 CE9073 0.45
1.4175 11.34 -1.4175 CE9073 0.45
1.4175 6.615 1.4175 3E3E3E 0.45
1.4175 6.615 -1.4175 424142 0.45
1.4175 7.0875 1.4175 5A5B5A 0.45
1.4175 7.0875 -1.4175 DE9600 0.45
1.4175 7.559999 1.4175 393C39 0.45
1.4175 7.559999 -1.4175 DE9600 0.45
1.4175 8.0325 1.4175 4A4D4A 0.45
1.4175 8.0325 -1.4175 525152 0.45
1.4175 8.504999 1.4175 FFCCAD 0.45
1.4175 8.504999 -1.4175 FFCCAD 0.45
1.4175 8.9775 1.4175 FFCCAD 0.45
1.4175 8.9775 -1.4175 FFCCAD 0.45
1.4175 9.45 1.4175 FFCCAD 0.45
1.4175 9.45 -1.4175 FFCBAD 0.45
1.4175 9.9225 1.4175 FFCCAD 0.45
1.4175 9.9225 -1.4175 FFCCAD 0.45
1.4175 10.395 1.4175 FFCCAD 0.45
1.4175 10.395 -1.4175 FFCCAD 0.45
1.4175 10.8675 1.4175 FFCCAD 0.45
1.4175 10.8675 -1.4175 FFCCAD 0.45
1.4175 11.8125 1.89 ECAF97 0.45
1.4175 11.8125 1.4175 FFCCAD 0.45
1.4175 11.8125 0.9449999 FFCCAD 0.45
1.4175 11.8125 0.4725 F7BEA4 0.45
1.4175 11.8125 0 F7BEA4 0.45
1.4175 11.8125 -0.4725 F7BEA4 0.45
1.4175 11.8125 -0.9449999 F7BEA4 0.45
1.4175 11.8125 -1.4175 F7BEA4 0.45
1.4175 11.8125 -1.89 DEB29C 0.45
1.4175 12.285 1.89 EFAE94 0.45
1.4175 12.285 -1.89 DEB49C 0.45
1.4175 12.7575 1.89 9C5F25 0.45
1.4175 12.7575 -1.89 DEB49C 0.45
1.4175 13.23 1.89 9C5F25 0.45
1.4175 13.23 -1.89 FFCCAD 0.45
1.4175 13.7025 1.89 9C5F25 0.45
1.4175 13.7025 -1.89 FFCCAD 0.45
1.4175 14.175 1.89 9C5F25 0.45
1.4175 14.175 -1.89 9C6129 0.45
1.4175 14.6475 1.89 9C5F25 0.45
1.4175 14.6475 -1.89 ECAF97 0.45
1.4175 15.12 1.89 9C5F25 0.45
1.4175 15.12 -1.89 9C5D21 0.45
1.4175 15.5925 1.89 9C5F25 0.45
1.4175 15.5925 -1.89 9C5F25 0.45
1.4175 15.5925 1.4175 A46529 0.45
1.4175 15.5925 0.9449999 A46529 0.45
1.4175 15.5925 0.4725 A46529 0.45
1.4175 15.5925 0 A46529 0.45
1.4175 15.5925 -0.4725 A46529 0.45
1.4175 15.5925 -0.9449999 A46529 0.45
1.4175 15.5925 -1.4175 A46529 0.45
0.9449999 11.34 1.89 CE9273 0.45
0.9449999 5.1975 1.4175 940000 0.45
0.9449999 5.1975 0.9449999 940000 0.45
0.9449999 0 0.4725 000000 0.45
0.9449999 0 0 000000 0.45
0.9449999 0 -0.4725 080808 0.45
0.9449999 0 -0.9449999 080808 0.45
0.9449999 5.1975 -1.4175 940000 0.45
0.9449999 11.34 -1.89 CE9073 0.45
0.9449999 0 -1.4175 080808 0.45
0.9449999 0.4725 0.4725 2E2F2E 0.45
0.9449999 0.9449999 0.4725 292929 0.45
0.9449999 0.9449999 0 292929 0.45
0.9449999 0.9449999 -0.4725 292929 0.45
0.9449999 5.1975 -0.9449999 940000 0.45
0.9449999 0.4725 -1.4175 292929 0.45
0.9449999 0.9449999 0.9449999 333333 0.45
0.9449999 2.835 0.4725 ECAF97 0.45
0.9449999 2.835 0 ECAF97 0.45
0.9449999 2.835 -0.4725 ECAF97 0.45
0.9449999 0.9449999 -0.9449999 313431 0.45
0.9449999 1.4175 0.9449999 333333 0.45
0.9449999 1.4175 -0.9449999 292C29 0.45
0.9449999 1.89 0.9449999 333333 0.45
0.9449999 1.89 -0.9449999 2E2B2E 0.45
0.9449999 2.3625 0.9449999 FFCBAD 0.45
0.9449999 2.3625 -0.9449999 FFCBAD 0.45
0.9449999 2.835 0.9449999 FFCCAD 0.45
0.9449999 2.835 -0.9449999 FFCCAD 0.45
0.9449999 3.3075 0.9449999 FFCCAD 0.45
0.9449999 5.1975 0.4725 940000 0.45
0.9449999 5.1975 0 940000 0.45
0.9449999 5.1975 -0.4725 940000 0.45
0.9449999 3.3075 -0.9449999 FFCCAD 0.45
0.9449999 3.78 0.9449999 8C0400 0.45
0.9449999 3.3075 0.4725 ECAF97 0.45
0.9449999 3.3075 0 ECAF97 0.45
0.9449999 3.3075 -0.4725 ECAF97 0.45
0.9449999 3.78 -0.9449999 8C0808 0.45
0.9449999 4.2525 0.9449999 B90400 0.45
0.9449999 4.2525 -0.9449999 BB0C08 0.45
0.9449999 4.725 0.9449999 B90400 0.45
0.9449999 4.725 -0.9449999 BB0C08 0.45
0.9449999 6.142499 1.4175 940000 0.45
0.9449999 6.142499 0.9449999 940000 0.45
0.9449999 6.142499 0.4725 940000 0.45
0.9449999 6.142499 0 940000 0.45
0.9449999 6.142499 -0.4725 940000 0.45
0.9449999 6.142499 -0.9449999 940000 0.45
0.9449999 6.142499 -1.4175 940000 0.45
0.9449999 5.67 1.4175 B90400 0.45
0.9449999 5.67 0.4725 A40000 0.45
0.9449999 5.67 0 A40000 0.45
0.9449999 5.67 -0.4725 A40000 0.45
0.9449999 5.67 -1.4175 BB0C08 0.45
0.9449999 11.34 1.4175 CE9073 0.45
0.9449999 11.34 0.9449999 CE9073 0.45
0.9449999 11.34 0.4725 CE9073 0.45
0.9449999 11.34 0 CE9073 0.45
0.9449999 11.34 -0.4725 CE9073 0.45
0.9449999 11.34 -0.9449999 CE9073 0.45
0.9449999 11.34 -1.4175 CE9073 0.45
0.9449999 6.615 1.4175 3E3E3E 0.45
0.9449999 6.615 -1.4175 DB9400 0.45
0.9449999 7.0875 1.4175 5A5B5A 0.45
0.9449999 7.0875 -1.4175 DB9400 0.45
0.9449999 7.559999 1.4175 393C39 0.45
0.9449999 7.559999 -1.4175 DB9400 0.45
0.9449999 8.0325 1.4175 4A4D4A 0.45
0.9449999 8.0325 -1.4175 525152 0.45
0.9449999 8.504999 1.4175 FFCCAD 0.45
0.9449999 8.504999 -1.4175 FFCCAD 0.45
0.9449999 8.9775 1.4175 FFCCAD 0.45
0.9449999 8.9775 -1.4175 FFCCAD 0.45
0.9449999 9.45 1.4175 FFCCAD 0.45
0.9449999 9.45 -1.4175 FFCBAD 0.45
0.9449999 9.9225 1.4175 FFCCAD 0.45
0.9449999 9.9225 -1.4175 FFCCAD 0.45
0.9449999 10.395 1.4175 FFCCAD 0.45
0.9449999 10.395 -1.4175 FFCCAD 0.45
0.9449999 10.8675 1.4175 FFCCAD 0.45
0.9449999 10.8675 -1.4175 FFCCAD 0.45
0.9449999 11.8125 1.89 ECAF97 0.45
0.9449999 11.8125 1.4175 FFCCAD 0.45
0.9449999 11.8125 0.9449999 FFCCAD 0.45
0.9449999 11.8125 0.4725 F7BEA4 0.45
0.9449999 11.8125 0 F7BEA4 0.45
0.9449999 11.8125 -0.4725 F7BEA4 0.45
0.9449999 11.8125 -0.9449999 F7BEA4 0.45
0.9449999 11.8125 -1.4175 F7BEA4 0.45
0.9449999 11.8125 -1.89 DEB29C 0.45
0.9449999 12.285 1.89 EFAE94 0.45
0.9449999 12.285 -1.89 DEB49C 0.45
0.9449999 12.7575 1.89 9C5F25 0.45
0.9449999 12.7575 -1.89 DEB49C 0.45
0.9449999 13.23 1.89 9C5F25 0.45
0.9449999 13.23 -1.89 FFCBAD 0.45
0.9449999 13.7025 1.89 9C5F25 0.45
0.9449999 13.7025 -1.89 3C0E26 0.45
0.9449999 14.175 1.89 9C5F25 0.45
0.9449999 14.175 -1.89 9C6129 0.45
0.9449999 14.6475 1.89 9C5F25 0.45
0.9449999 14.6475 -1.89 ECAF97 0.45
0.9449999 15.12 1.89 9C5F25 0.45
0.9449999 15.12 -1.89 9C5D21 0.45
0.9449999 15.5925 1.89 9C5F25 0.45
0.9449999 15.5925 -1.89 9C5F25 0.45
0.9449999 15.5925 1.4175 A46529 0.45
0.9449999 15.5925 0.9449999 A46529 0.45
0.9449999 15.5925 0.4725 A46529 0.45
0.9449999 15.5925 0 A46529 0.45
0.9449999 15.5925 -0.4725 A46529 0.45
0.9449999 15.5925 -0.9449999 A46529 0.45
0.9449999 15.5925 -1.4175 A46529 0.45
0.4725 11.34 1.89 CE9273 0.45
0.4725 5.1975 1.4175 940000 0.45
0.4725 5.1975 0.9449999 940000 0.45
0.4725 5.1975 0.4725 940000 0.45
0.4725 5.1975 0 940000 0.45
0.4725 5.1975 -0.4725 940000 0.45
0.4725 5.1975 -0.9449999 940000 0.45
0.4725 5.1975 -1.4175 940000 0.45
0.4725 11.34 -1.89 CE9073 0.45
0.4725 0 0.4725 080808 0.45
0.4725 0 0 080808 0.45
0.4725 0 -0.4725 080808 0.45
0.4725 0 -0.9449999 080808 0.45
0.4725 0.4725 0.4725 292929 0.45
0.4725 0.4725 0 292929 0.45
0.4725 0.4725 -0.4725 292929 0.45
0.4725 0.4725 -0.9449999 292929 0.45
0.4725 0.9449999 0.4725 292929 0.45
0.4725 0.9449999 0 292929 0.45
0.4725 0.9449999 -0.4725 292929 0.45
0.4725 1.4175 0.4725 292929 0.45
0.4725 1.4175 0 292929 0.45
0.4725 1.4175 -0.4725 292929 0.45
0.4725 1.89 0.4725 292929 0.45
0.4725 1.89 0 292929 0.45
0.4725 1.89 -0.4725 292929 0.45
0.4725 2.3625 0.4725 EFAE94 0.45
0.4725 2.3625 0 EFAE94 0.45
0.4725 2.3625 -0.4725 EFAE94 0.45
0.4725 2.835 0.4725 ECAF97 0.45
0.4725 2.835 0 ECAF97 0.45
0.4725 2.835 -0.4725 ECAF97 0.45
0.4725 3.3075 0.4725 ECAF97 0.45
0.4725 3.3075 0 ECAF97 0.45
0.4725 3.3075 -0.4725 ECAF97 0.45
0.4725 3.78 0.4725 7B0000 0.45
0.4725 3.78 0 7B0000 0.45
0.4725 3.78 -0.4725 7B0000 0.45
0.4725 4.2525 0.4725 A40000 0.45
0.4725 4.2525 0 A40000 0.45
0.4725 4.2525 -0.4725 A40000 0.45
0.4725 4.725 0.4725 A40000 0.45
0.4725 4.725 0 A40000 0.45
0.4725 4.725 -0.4725 A40000 0.45
0.4725 6.142499 1.4175 940000 0.45
0.4725 6.142499 0.9449999 940000 0.45
0.4725 6.142499 0.4725 940000 0.45
0.4725 6.142499 0 940000 0.45
0.4725 6.142499 -0.4725 940000 0.45
0.4725 6.142499 -0.9449999 940000 0.45
0.4725 6.142499 -1.4175 940000 0.45
0.4725 5.67 1.4175 B90400 0.45
0.4725 5.67 -1.4175 BB0C08 0.45
0.4725 11.34 1.4175 CE9073 0.45
0.4725 11.34 0.9449999 CE9073 0.45
0.4725 11.34 0.4725 CE9073 0.45
0.4725 11.34 0 CE9073 0.45
0.4725 11.34 -0.4725 CE9073 0.45
0.4725 11.34 -0.9449999 CE9073 0.45
0.4725 11.34 -1.4175 CE9073 0.45
0.4725 6.615 1.4175 3E3E3E 0.45
0.4725 6.615 -1.4175 A57100 0.45
0.4725 7.0875 1.4175 5A5B5A 0.45
0.4725 7.0875 -1.4175 E79E00 0.45
0.4725 7.559999 1.4175 393C39 0.45
0.4725 7.559999 -1.4175 E79E00 0.45
0.4725 8.0325 1.4175 4A4D4A 0.45
0.4725 8.0325 -1.4175 525152 0.45
0.4725 8.504999 1.4175 FFCCAD 0.45
0.4725 8.504999 -1.4175 FFCCAD 0.45
0.4725 8.9775 1.4175 FFCCAD 0.45
0.4725 8.9775 -1.4175 FFCCAD 0.45
0.4725 9.45 1.4175 FFCCAD 0.45
0.4725 9.45 -1.4175 FFCBAD 0.45
0.4725 9.9225 1.4175 FFCCAD 0.45
0.4725 9.9225 -1.4175 FFCCAD 0.45
0.4725 10.395 1.4175 FFCCAD 0.45
0.4725 10.395 -1.4175 FFCCAD 0.45
0.4725 10.8675 1.4175 FFCCAD 0.45
0.4725 10.8675 -1.4175 FFCCAD 0.45
0.4725 11.8125 1.89 ECAF97 0.45
0.4725 11.8125 1.4175 FFCCAD 0.45
0.4725 11.8125 0.9449999 FFCCAD 0.45
0.4725 11.8125 0.4725 F7BEA4 0.45
0.4725 11.8125 0 F7BEA4 0.45
0.4725 11.8125 -0.4725 F7BEA4 0.45
0.4725 11.8125 -0.9449999 F7BEA4 0.45
0.4725 11.8125 -1.4175 F7BEA4 0.45
0.4725 11.8125 -1.89 DEB29C 0.45
0.4725 12.285 1.89 EFAE94 0.45
0.4725 12.285 -1.89 DEB29C 0.45
0.4725 12.7575 1.89 9C5F25 0.45
0.4725 12.7575 -1.89 DEB49C 0.45
0.4725 13.23 1.89 9C5F25 0.45
0.4725 13.23 -1.89 FFCCAD 0.45
0.4725 13.7025 1.89 9C5F25 0.45
0.4725 13.7025 -1.89 FFCCAD 0.45
0.4725 14.175 1.89 9C5F25 0.45
0.4725 14.175 -1.89 FFCCAD 0.45
0.4725 14.6475 1.89 9C5F25 0.45
0.4725 14.6475 -1.89 ECAF97 0.45
0.4725 15.12 1.89 9C5F25 0.45
0.4725 15.12 -1.89 9C5D21 0.45
0.4725 15.5925 1.89 9C5F25 0.45
0.4725 15.5925 -1.89 9C5F25 0.45
0.4725 15.5925 1.4175 A46529 0.45
0.4725 15.5925 0.9449999 A46529 0.45
0.4725 15.5925 0.4725 A46529 0.45
0.4725 15.5925 0 A46529 0.45
0.4725 15.5925 -0.4725 A46529 0.45
0.4725 15.5925 -0.9449999 A46529 0.45
0.4725 15.5925 -1.4175 A46529 0.45
0 11.34 1.89 CE9273 0.45
0 5.1975 1.4175 940000 0.45
0 5.1975 0.9449999 940000 0.45
0 5.1975 0.4725 940000 0.45
0 5.1975 0 940000 0.45
0 5.1975 -0.4725 940000 0.45
0 5.1975 -0.9449999 940000 0.45
0 5.1975 -1.4175 940000 0.45
0 11.34 -1.89 CE9073 0.45
0 6.142499 1.4175 940000 0.45
0 6.142499 0.9449999 940000 0.45
0 6.142499 0.4725 940000 0.45
0 6.142499 0 940000 0.45
0 6.142499 -0.4725 940000 0.45
0 6.142499 -0.9449999 940000 0.45
0 6.142499 -1.4175 940000 0.45
0 5.67 1.4175 B90400 0.45
0 5.67 -1.4175 BB0C08 0.45
0 11.34 1.4175 CE9073 0.45
0 11.34 0.9449999 CE9073 0.45
0 11.34 0.4725 CE9073 0.45
0 11.34 0 CE9073 0.45
0 11.34 -0.4725 CE9073 0.45
0 11.34 -0.9449999 CE9073 0.45
0 11.34 -1.4175 CE9073 0.45
0 6.615 1.4175 3E3E3E 0.45
0 6.615 -1.4175 A57100 0.45
0 7.0875 1.4175 5A5B5A 0.45
0 7.0875 -1.4175 EA9E00 0.45
0 7.559999 1.4175 393C39 0.45
0 7.559999 -1.4175 EA9E00 0.45
0 8.0325 1.4175 4A4D4A 0.45
0 8.0325 -1.4175 525152 0.45
0 8.504999 1.4175 FFCCAD 0.45
0 8.504999 -1.4175 FFCCAD 0.45
0 8.9775 1.4175 FFCCAD 0.45
0 8.9775 -1.4175 FFCCAD 0.45
0 9.45 1.4175 FFCCAD 0.45
0 9.45 -1.4175 ECAF97 0.45
0 9.9225 1.4175 FFCCAD 0.45
0 9.9225 -1.4175 ECAF97 0.45
0 10.395 1.4175 FFCCAD 0.45
0 10.395 -1.4175 ECAF97 0.45
0 10.8675 1.4175 FFCCAD 0.45
0 10.8675 -1.4175 ECAF97 0.45
0 11.8125 1.89 ECAF97 0.45
0 11.8125 1.4175 FFCCAD 0.45
0 11.8125 0.9449999 FFCCAD 0.45
0 11.8125 0.4725 F7BEA4 0.45
0 11.8125 0 F7BEA4 0.45
0 11.8125 -0.4725 F7BEA4 0.45
0 11.8125 -0.9449999 F7BEA4 0.45
0 11.8125 -1.4175 F7BEA4 0.45
0 11.8125 -1.89 DEB29C 0.45
0 12.285 1.89 EFAE94 0.45
0 12.285 -1.89 DEB29C 0.45
0 12.7575 1.89 9C5F25 0.45
0 12.7575 -1.89 DEB49C 0.45
0 13.23 1.89 9C5F25 0.45
0 13.23 -1.89 FFCCAD 0.45
0 13.7025 1.89 9C5F25 0.45
0 13.7025 -1.89 FFCCAD 0.45
0 14.175 1.89 9C5F25 0.45
0 14.175 -1.89 FFCCAD 0.45
0 14.6475 1.89 9C5F25 0.45
0 14.6475 -1.89 ECAF97 0.45
0 15.12 1.89 9C5F25 0.45
0 15.12 -1.89 9C5D21 0.45
0 15.5925 1.89 9C5F25 0.45
0 15.5925 -1.89 9C5F25 0.45
0 15.5925 1.4175 A46529 0.45
0 15.5925 0.9449999 A46529 0.45
0 15.5925 0.4725 A46529 0.45
0 15.5925 0 A46529 0.45
0 15.5925 -0.4725 A46529 0.45
0 15.5925 -0.9449999 A46529 0.45
0 15.5925 -1.4175 A46529 0.45
-0.4725 11.34 1.89 CE9273 0.45
-0.4725 5.1975 1.4175 940000 0.45
-0.4725 5.1975 0.9449999 940000 0.45
-0.4725 5.1975 -0.9449999 940000 0.45
-0.4725 5.1975 -1.4175 940000 0.45
-0.4725 11.34 -1.89 CE9073 0.45
-0.4725 3.3075 0.9449999 EFAE94 0.45
-0.4725 3.78 0.9449999 7B0000 0.45
-0.4725 4.2525 0.9449999 A50000 0.45
-0.4725 4.725 0.9449999 A50000 0.45
-0.4725 6.142499 1.4175 940000 0.45
-0.4725 6.142499 0.9449999 940000 0.45
-0.4725 6.142499 0.4725 940000 0.45
-0.4725 6.142499 0 940000 0.45
-0.4725 6.142499 -0.4725 940000 0.45
-0.4725 6.142499 -0.9449999 940000 0.45
-0.4725 6.142499 -1.4175 940000 0.45
-0.4725 5.67 1.4175 B90400 0.45
-0.4725 5.67 -1.4175 BB0C08 0.45
-0.4725 11.34 1.4175 CE9073 0.45
-0.4725 11.34 0.9449999 CE9073 0.45
-0.4725 11.34 0.4725 CE9073 0.45
-0.4725 11.34 0 CE9073 0.45
-0.4725 11.34 -0.4725 CE9073 0.45
-0.4725 11.34 -0.9449999 CE9073 0.45
-0.4725 11.34 -1.4175 CE9073 0.45
-0.4725 6.615 1.4175 3E3E3E 0.45
-0.4725 6.615 -1.4175 A57100 0.45
-0.4725 7.0875 1.4175 5A5B5A 0.45
-0.4725 7.0875 -1.4175 A57100 0.45
-0.4725 7.559999 1.4175 393C39 0.45
-0.4725 7.559999 -1.4175 A56D00 0.45
-0.4725 8.0325 1.4175 4A4D4A 0.45
-0.4725 8.0325 -1.4175 525152 0.45
-0.4725 8.504999 1.4175 FFCCAD 0.45
-0.4725 8.504999 -1.4175 FFCCAD 0.45
-0.4725 8.9775 1.4175 FFCCAD 0.45
-0.4725 8.9775 -1.4175 FFCCAD 0.45
-0.4725 9.45 1.4175 FFCCAD 0.45
-0.4725 9.45 -1.4175 FFCBAD 0.45
-0.4725 9.9225 1.4175 FFCCAD 0.45
-0.4725 9.9225 -1.4175 FFCCAD 0.45
-0.4725 10.395 1.4175 FFCCAD 0.45
-0.4725 10.395 -1.4175 FFCCAD 0.45
-0.4725 10.8675 1.4175 FFCCAD 0.45
-0.4725 10.8675 -1.4175 FFCCAD 0.45
-0.4725 11.8125 1.89 ECAF97 0.45
-0.4725 11.8125 1.4175 FFCCAD 0.45
-0.4725 11.8125 0.9449999 FFCCAD 0.45
-0.4725 11.8125 0.4725 F7BEA4 0.45
-0.4725 11.8125 0 F7BEA4 0.45
-0.4725 11.8125 -0.4725 F7BEA4 0.45
-0.4725 11.8125 -0.9449999 F7BEA4 0.45
-0.4725 11.8125 -1.4175 F7BEA4 0.45
-0.4725 11.8125 -1.89 DEB29C 0.45
-0.4725 12.285 1.89 EFAE94 0.45
-0.4725 12.285 -1.89 DEB29C 0.45
-0.4725 12.7575 1.89 9C5F25 0.45
-0.4725 12.7575 -1.89 DEB49C 0.45
-0.4725 13.23 1.89 9C5F25 0.45
-0.4725 13.23 -1.89 FFCCAD 0.45
-0.4725 13.7025 1.89 9C5F25 0.45
-0.4725 13.7025 -1.89 FFCCAD 0.45
-0.4725 14.175 1.89 9C5F25 0.45
-0.4725 14.175 -1.89 FFCCAD 0.45
-0.4725 14.6475 1.89 9C5F25 0.45
-0.4725 14.6475 -1.89 ECAF97 0.45
-0.4725 15.12 1.89 9C5F25 0.45
-0.4725 15.12 -1.89 9C5D21 0.45
-0.4725 15.5925 1.89 9C5F25 0.45
-0.4725 15.5925 -1.89 9C5F25 0.45
-0.4725 15.5925 1.4175 A46529 0.45
-0.4725 15.5925 0.9449999 A46529 0.45
-0.4725 15.5925 0.4725 A46529 0.45
-0.4725 15.5925 0 A46529 0.45
-0.4725 15.5925 -0.4725 A46529 0.45
-0.4725 15.5925 -0.9449999 A46529 0.45
-0.4725 15.5925 -1.4175 A46529 0.45
-0.9449999 11.34 1.89 CE9273 0.45
-0.9449999 5.1975 1.4175 940000 0.45
-0.9449999 5.1975 0.9449999 940000 0.45
-0.9449999 0 0.4725 000000 0.45
-0.9449999 0 0 000000 0.45
-0.9449999 0 -0.4725 080808 0.45
-0.9449999 0 -0.9449999 080808 0.45
-0.9449999 5.1975 -1.4175 940000 0.45
-0.9449999 11.34 -1.89 CE9073 0.45
-0.9449999 0.9449999 0.4725 292929 0.45
-0.9449999 0.9449999 0 292929 0.45
-0.9449999 0.9449999 -0.4725 292929 0.45
-0.9449999 5.1975 -0.9449999 940000 0.45
-0.9449999 0 -1.4175 080808 0.45
-0.9449999 0.4725 0.4725 2E2F2E 0.45
-0.9449999 0.4725 -1.4175 292929 0.45
-0.9449999 0.9449999 0.9449999 333333 0.45
-0.9449999 2.835 0.4725 ECAF97 0.45
-0.9449999 2.835 0 ECAF97 0.45
-0.9449999 2.835 -0.4725 ECAF97 0.45
-0.9449999 0.9449999 -0.9449999 313431 0.45
-0.9449999 1.4175 0.9449999 333333 0.45
-0.9449999 1.4175 -0.9449999 313031 0.45
-0.9449999 1.89 0.9449999 333333 0.45
-0.9449999 1.89 -0.9449999 313031 0.45
-0.9449999 2.3625 0.9449999 FFCBAD 0.45
-0.9449999 2.3625 -0.9449999 FFCBAD 0.45
-0.9449999 2.835 0.9449999 FFCCAD 0.45
-0.9449999 2.835 -0.9449999 FFCCAD 0.45
-0.9449999 3.3075 0.9449999 FFCCAD 0.45
-0.9449999 5.1975 0.4725 940000 0.45
-0.9449999 5.1975 0 940000 0.45
-0.9449999 5.1975 -0.4725 940000 0.45
-0.9449999 3.3075 -0.9449999 FFCCAD 0.45
-0.9449999 3.78 0.9449999 8C0400 0.45
-0.9449999 3.3075 0.4725 ECAF97 0.45
-0.9449999 3.3075 0 ECAF97 0.45
-0.9449999 3.3075 -0.4725 ECAF97 0.45
-0.9449999 3.78 -0.9449999 8C0808 0.45
-0.9449999 4.2525 0.9449999 B90400 0.45
-0.9449999 4.2525 -0.9449999 BB0C08 0.45
-0.9449999 4.725 0.9449999 B90400 0.45
-0.9449999 4.725 -0.9449999 BB0C08 0.45
-0.9449999 6.142499 1.4175 940000 0.45
-0.9449999 6.142499 0.9449999 940000 0.45
-0.9449999 6.142499 0.4725 940000 0.45
-0.9449999 6.142499 0 940000 0.45
-0.9449999 6.142499 -0.4725 940000 0.45
-0.9449999 6.142499 -0.9449999 940000 0.45
-0.9449999 6.142499 -1.4175 940000 0.45
-0.9449999 5.67 1.4175 B90400 0.45
-0.9449999 5.67 0.4725 A40000 0.45
-0.9449999 5.67 0 A40000 0.45
-0.9449999 5.67 -0.4725 A40000 0.45
-0.9449999 5.67 -1.4175 BB0C08 0.45
-0.9449999 11.34 1.4175 CE9073 0.45
-0.9449999 11.34 0.9449999 CE9073 0.45
-0.9449999 11.34 0.4725 CE9073 0.45
-0.9449999 11.34 0 CE9073 0.45
-0.9449999 11.34 -0.4725 CE9073 0.45
-0.9449999 11.34 -0.9449999 CE9073 0.45
-0.9449999 11.34 -1.4175 CE9073 0.45
-0.9449999 6.615 1.4175 3E3E3E 0.45
-0.9449999 6.615 -1.4175 DC9600 0.45
-0.9449999 7.0875 1.4175 5A5B5A 0.45
-0.9449999 7.0875 -1.4175 DB9400 0.45
-0.9449999 7.559999 1.4175 393C39 0.45
-0.9449999 7.559999 -1.4175 D89300 0.45
-0.9449999 8.0325 1.4175 4A4D4A 0.45
-0.9449999 8.0325 -1.4175 525152 0.45
-0.9449999 8.504999 1.4175 FFCCAD 0.45
-0.9449999 8.504999 -1.4175 FFCCAD 0.45
-0.9449999 8.9775 1.4175 FFCCAD 0.45
-0.9449999 8.9775 -1.4175 FFCCAD 0.45
-0.9449999 9.45 1.4175 FFCCAD 0.45
-0.9449999 9.45 -1.4175 FFCBAD 0.45
-0.9449999 9.9225 1.4175 FFCCAD 0.45
-0.9449999 9.9225 -1.4175 FFCCAD 0.45
-0.9449999 10.395 1.4175 FFCCAD 0.45
-0.9449999 10.395 -1.4175 FFCCAD 0.45
-0.9449999 10.8675 1.4175 FFCCAD 0.45
-0.9449999 10.8675 -1.4175 FFCCAD 0.45
-0.9449999 11.8125 1.89 ECAF97 0.45
-0.9449999 11.8125 1.4175 FFCCAD 0.45
-0.9449999 11.8125 0.9449999 FFCCAD 0.45
-0.9449999 11.8125 0.4725 F7BEA4 0.45
-0.9449999 11.8125 0 F7BEA4 0.45
-0.9449999 11.8125 -0.4725 F7BEA4 0.45
-0.9449999 11.8125 -0.9449999 F7BEA4 0.45
-0.9449999 11.8125 -1.4175 F7BEA4 0.45
-0.9449999 11.8125 -1.89 DEB29C 0.45
-0.9449999 12.285 1.89 EFAE94 0.45
-0.9449999 12.285 -1.89 DEB49C 0.45
-0.9449999 12.7575 1.89 9C5F25 0.45
-0.9449999 12.7575 -1.89 DEB49C 0.45
-0.9449999 13.23 1.89 9C5F25 0.45
-0.9449999 13.23 -1.89 FFCBAD 0.45
-0.9449999 13.7025 1.89 9C5F25 0.45
-0.9449999 13.7025 -1.89 390C29 0.45
-0.9449999 14.175 1.89 9C5F25 0.45
-0.9449999 14.175 -1.89 9C6129 0.45
-0.9449999 14.6475 1.89 9C5F25 0.45
-0.9449999 14.6475 -1.89 ECAF97 0.45
-0.9449999 15.12 1.89 9C5F25 0.45
-0.9449999 15.12 -1.89 9C5D21 0.45
-0.9449999 15.5925 1.89 9C5F25 0.45
-0.9449999 15.5925 -1.89 9C5F25 0.45
-0.9449999 15.5925 1.4175 A46529 0.45
-0.9449999 15.5925 0.9449999 A46529 0.45
-0.9449999 15.5925 0.4725 A46529 0.45
-0.9449999 15.5925 0 A46529 0.45
-0.9449999 15.5925 -0.4725 A46529 0.45
-0.9449999 15.5925 -0.9449999 A46529 0.45
-0.9449999 15.5925 -1.4175 A46529 0.45
-1.4175 11.34 1.89 CE9273 0.45
-1.4175 5.1975 1.4175 940000 0.45
-1.4175 5.1975 0.9449999 940000 0.45
-1.4175 0 0.4725 000000 0.45
-1.4175 0 0 000000 0.45
-1.4175 0 -0.4725 080808 0.45
-1.4175 0 -0.9449999 080808 0.45
-1.4175 5.1975 -1.4175 940000 0.45
-1.4175 11.34 -1.89 CE9073 0.45
-1.4175 0.9449999 0.4725 292929 0.45
-1.4175 0.9449999 0 292929 0.45
-1.4175 0.9449999 -0.4725 292929 0.45
-1.4175 5.1975 -0.9449999 940000 0.45
-1.4175 0 -1.4175 080808 0.45
-1.4175 0.4725 0.4725 2E2F2E 0.45
-1.4175 0.4725 -1.4175 292929 0.45
-1.4175 0.9449999 0.9449999 333333 0.45
-1.4175 2.835 0.4725 ECAF97 0.45
-1.4175 2.835 0 ECAF97 0.45
-1.4175 2.835 -0.4725 ECAF97 0.45
-1.4175 0.9449999 -0.9449999 313431 0.45
-1.4175 1.4175 0.9449999 333333 0.45
-1.4175 1.4175 -0.9449999 6B696B 0.45
-1.4175 1.89 0.9449999 333333 0.45
-1.4175 1.89 -0.9449999 080808 0.45
-1.4175 2.3625 0.9449999 FFCBAD 0.45
-1.4175 2.3625 -0.9449999 FFCCAD 0.45
-1.4175 2.835 0.9449999 FFCCAD 0.45
-1.4175 2.835 -0.9449999 FFCCAD 0.45
-1.4175 3.3075 0.9449999 FFCCAD 0.45
-1.4175 5.1975 0.4725 940000 0.45
-1.4175 5.1975 0 940000 0.45
-1.4175 5.1975 -0.4725 940000 0.45
-1.4175 3.3075 -0.9449999 FFCCAD 0.45
-1.4175 3.78 0.9449999 8C0400 0.45
-1.4175 3.3075 0.4725 ECAF97 0.45
-1.4175 3.3075 0 ECAF97 0.45
-1.4175 3.3075 -0.4725 ECAF97 0.45
-1.4175 3.78 -0.9449999 8C0808 0.45
-1.4175 4.2525 0.9449999 B90400 0.45
-1.4175 4.2525 -0.9449999 BB0C08 0.45
-1.4175 4.725 0.9449999 B90400 0.45
-1.4175 4.725 -0.9449999 BB0C08 0.45
-1.4175 6.142499 1.4175 940000 0.45
-1.4175 6.142499 0.9449999 940000 0.45
-1.4175 6.142499 0.4725 940000 0.45
-1.4175 6.142499 0 940000 0.45
-1.4175 6.142499 -0.4725 940000 0.45
-1.4175 6.142499 -0.9449999 940000 0.45
-1.4175 6.142499 -1.4175 940000 0.45
-1.4175 5.67 1.4175 B90400 0.45
-1.4175 5.67 0.4725 A40000 0.45
-1.4175 5.67 0 A40000 0.45
-1.4175 5.67 -0.4725 A40000 0.45
-1.4175 5.67 -1.4175 BB0C08 0.45
-1.4175 11.34 1.4175 CE9073 0.45
-1.4175 11.34 0.9449999 CE9073 0.45
-1.4175 11.34 0.4725 CE9073 0.45
-1.4175 11.34 0 CE9073 0.45
-1.4175 11.34 -0.4725 CE9073 0.45
-1.4175 11.34 -0.9449999 CE9073 0.45
-1.4175 11.34 -1.4175 CE9073 0.45
-1.4175 6.615 1.4175 3E3E3E 0.45
-1.4175 6.615 -1.4175 424142 0.45
-1.4175 7.0875 1.4175 5A5B5A 0.45
-1.4175 7.0875 -1.4175 DE9600 0.45
-1.4175 7.559999 1.4175 393C39 0.45
-1.4175 7.559999 -1.4175 DE9600 0.45
-1.4175 8.0325 1.4175 4A4D4A 0.45
-1.4175 8.0325 -1.4175 525152 0.45
-1.4175 8.504999 1.4175 FFCCAD 0.45
-1.4175 8.504999 -1.4175 FFCCAD 0.45
-1.4175 8.9775 1.4175 FFCCAD 0.45
-1.4175 8.9775 -1.4175 FFCCAD 0.45
-1.4175 9.45 1.4175 FFCCAD 0.45
-1.4175 9.45 -1.4175 FFCBAD 0.45
-1.4175 9.9225 1.4175 FFCCAD 0.45
-1.4175 9.9225 -1.4175 FFCCAD 0.45
-1.4175 10.395 1.4175 FFCCAD 0.45
-1.4175 10.395 -1.4175 FFCCAD 0.45
-1.4175 10.8675 1.4175 FFCCAD 0.45
-1.4175 10.8675 -1.4175 FFCCAD 0.45
-1.4175 11.8125 1.89 ECAF97 0.45
-1.4175 11.8125 1.4175 FFCCAD 0.45
-1.4175 11.8125 0.9449999 FFCCAD 0.45
-1.4175 11.8125 0.4725 F7BEA4 0.45
-1.4175 11.8125 0 F7BEA4 0.45
-1.4175 11.8125 -0.4725 F7BEA4 0.45
-1.4175 11.8125 -0.9449999 F7BEA4 0.45
-1.4175 11.8125 -1.4175 F7BEA4 0.45
-1.4175 11.8125 -1.89 DEB29C 0.45
-1.4175 12.285 1.89 EFAE94 0.45
-1.4175 12.285 -1.89 DEB49C 0.45
-1.4175 12.7575 1.89 9C5F25 0.45
-1.4175 12.7575 -1.89 DEB49C 0.45
-1.4175 13.23 1.89 9C5F25 0.45
-1.4175 13.23 -1.89 FFCBAD 0.45
-1.4175 13.7025 1.89 9C5F25 0.45
-1.4175 13.7025 -1.89 FFCBAD 0.45
-1.4175 14.175 1.89 9C5F25 0.45
-1.4175 14.175 -1.89 9C6129 0.45
-1.4175 14.6475 1.89 9C5F25 0.45
-1.4175 14.6475 -1.89 ECAF97 0.45
-1.4175 15.12 1.89 9C5F25 0.45
-1.4175 15.12 -1.89 9C5D21 0.45
-1.4175 15.5925 1.89 9C5F25 0.45
-1.4175 15.5925 -1.89 9C5F25 0.45
-1.4175 15.5925 1.4175 A46529 0.45
-1.4175 15.5925 0.9449999 A46529 0.45
-1.4175 15.5925 0.4725 A46529 0.45
-1.4175 15.5925 0 A46529 0.45
-1.4175 15.5925 -0.4725 A46529 0.45
-1.4175 15.5925 -0.9449999 A46529 0.45
-1.4175 15.5925 -1.4175 A46529 0.45
-1.89 11.34 1.89 CE9273 0.45
-1.89 5.1975 1.4175 940000 0.45
-1.89 5.1975 0.9449999 940000 0.45
-1.89 0.9449999 0.4725 292929 0.45
-1.89 0.9449999 0 292929 0.45
-1.89 0.9449999 -0.4725 292929 0.45
-1.89 5.1975 -0.9449999 940000 0.45
-1.89 5.1975 -1.4175 940000 0.45
-1.89 11.34 -1.89 CE9073 0.45
-1.89 0 0.4725 080808 0.45
-1.89 0 0 080808 0.45
-1.89 0 -0.4725 080808 0.45
-1.89 0 -0.9449999 080808 0.45
-1.89 0.4725 0.4725 292929 0.45
-1.89 0.4725 0 292929 0.45
-1.89 0.4725 -0.4725 292929 0.45
-1.89 0.4725 -0.9449999 292929 0.45
-1.89 0.9449999 0.9449999 333333 0.45
-1.89 2.835 0.4725 ECAF97 0.45
-1.89 2.835 0 ECAF97 0.45
-1.89 2.835 -0.4725 ECAF97 0.45
-1.89 0.9449999 -0.9449999 333333 0.45
-1.89 1.4175 0.9449999 333333 0.45
-1.89 1.4175 -0.9449999 333333 0.45
-1.89 1.89 0.9449999 333333 0.45
-1.89 1.89 -0.9449999 333333 0.45
-1.89 2.3625 0.9449999 FFCBAD 0.45
-1.89 2.3625 -0.9449999 FFCBAD 0.45
-1.89 2.835 0.9449999 FFCCAD 0.45
-1.89 2.835 -0.9449999 FFCCAD 0.45
-1.89 3.3075 0.9449999 FFCBAD 0.45
-1.89 5.1975 0.4725 940000 0.45
-1.89 5.1975 0 940000 0.45
-1.89 5.1975 -0.4725 940000 0.45
-1.89 3.3075 -0.9449999 FFCCAD 0.45
-1.89 3.78 0.9449999 840400 0.45
-1.89 3.3075 0.4725 ECAF97 0.45
-1.89 3.3075 0 ECAF97 0.45
-1.89 3.3075 -0.4725 ECAF97 0.45
-1.89 3.78 -0.9449999 8C0808 0.45
-1.89 4.2525 0.9449999 B50400 0.45
-1.89 4.2525 -0.9449999 BB0C08 0.45
-1.89 4.725 0.9449999 B50400 0.45
-1.89 4.725 -0.9449999 BB0C08 0.45
-1.89 6.142499 1.4175 940000 0.45
-1.89 6.142499 0.9449999 940000 0.45
-1.89 6.142499 0.4725 940000 0.45
-1.89 6.142499 0 940000 0.45
-1.89 6.142499 -0.4725 940000 0.45
-1.89 6.142499 -0.9449999 940000 0.45
-1.89 6.142499 -1.4175 940000 0.45
-1.89 5.67 1.4175 B90400 0.45
-1.89 5.67 0.4725 A40000 0.45
-1.89 5.67 0 A40000 0.45
-1.89 5.67 -1.4175 BB0C08 0.45
-1.89 11.34 1.4175 CE9073 0.45
-1.89 11.34 0.9449999 CE9073 0.45
-1.89 11.34 0.4725 CE9073 0.45
-1.89 11.34 0 CE9073 0.45
-1.89 11.34 -0.4725 CE9073 0.45
-1.89 11.34 -0.9449999 CE9073 0.45
-1.89 11.34 -1.4175 CE9073 0.45
-1.89 6.615 1.4175 3E3E3E 0.45
-1.89 6.615 -1.4175 424142 0.45
-1.89 7.0875 1.4175 5A5B5A 0.45
-1.89 7.0875 -1.4175 A57100 0.45
-1.89 7.559999 1.4175 393C39 0.45
-1.89 7.559999 -1.4175 DE9600 0.45
-1.89 8.0325 1.4175 4A4D4A 0.45
-1.89 8.0325 -1.4175 525152 0.45
-1.89 8.504999 1.4175 FFCCAD 0.45
-1.89 8.504999 -1.4175 FFCCAD 0.45
-1.89 8.9775 1.4175 FFCCAD 0.45
-1.89 8.9775 -1.4175 FFCCAD 0.45
-1.89 9.45 1.4175 FFCCAD 0.45
-1.89 9.45 -1.4175 FFCBAD 0.45
-1.89 9.9225 1.4175 FFCCAD 0.45
-1.89 9.9225 -1.4175 FFCCAD 0.45
-1.89 10.395 1.4175 FFCCAD 0.45
-1.89 10.395 -1.4175 FFCCAD 0.45
-1.89 10.8675 1.4175 FFCCAD 0.45
-1.89 10.8675 -1.4175 FFCCAD 0.45
-1.89 11.8125 1.89 ECAF97 0.45
-1.89 11.8125 1.4175 FFCCAD 0.45
-1.89 11.8125 0.9449999 FFCCAD 0.45
-1.89 11.8125 0.4725 FFCBAD 0.45
-1.89 11.8125 0 FFCBAD 0.45
-1.89 11.8125 -0.4725 FFCBAD 0.45
-1.89 11.8125 -0.9449999 FFCBAD 0.45
-1.89 11.8125 -1.4175 FFCBAD 0.45
-1.89 11.8125 -1.89 DEB29C 0.45
-1.89 12.285 1.89 EFAE94 0.45
-1.89 12.285 -1.89 DEB29C 0.45
-1.89 12.7575 1.89 9C5F25 0.45
-1.89 12.7575 -1.89 DEB29C 0.45
-1.89 13.23 1.89 9C5F25 0.45
-1.89 13.23 -1.89 FFCBAD 0.45
-1.89 13.7025 1.89 9C5F25 0.45
-1.89 13.7025 -1.89 FFCBAD 0.45
-1.89 14.175 1.89 9C5F25 0.45
-1.89 14.175 -1.89 FFCBAD 0.45
-1.89 14.6475 1.89 9C5F25 0.45
-1.89 14.6475 -1.89 EFAE94 0.45
-1.89 15.12 1.89 9C5F25 0.45
-1.89 15.12 -1.89 945D21 0.45
-1.89 15.5925 1.89 9C5F25 0.45
-1.89 15.5925 -1.89 9C5D21 0.45
-1.89 15.5925 1.4175 A46529 0.45
-1.89 15.5925 0.9449999 A46529 0.45
-1.89 15.5925 0.4725 A46529 0.45
-1.89 15.5925 0 A46529 0.45
-1.89 15.5925 -0.4725 A46529 0.45
-1.89 15.5925 -0.9449999 A46529 0.45
-1.89 15.5925 -1.4175 A46529 0.45
-2.3625 6.142499 1.4175 940000 0.45
-2.3625 6.142499 0.9449999 940000 0.45
-2.3625 6.142499 0.4725 940000 0.45
-2.3625 6.142499 0 940000 0.45
-2.3625 6.142499 -0.4725 940000 0.45
-2.3625 6.142499 -0.9449999 940000 0.45
-2.3625 6.142499 -1.4175 940000 0.45
-1.89 1.4175 0.4725 292929 0.45
-1.89 1.4175 0 292929 0.45
-1.89 1.4175 -0.4725 292929 0.45
-1.89 1.89 0.4725 292929 0.45
-1.89 1.89 0 292929 0.45
-1.89 1.89 -0.4725 292929 0.45
-1.89 2.3625 0.4725 EFAE94 0.45
-1.89 2.3625 0 EFAE94 0.45
-1.89 2.3625 -0.4725 EFAE94 0.45
-1.89 3.78 0.4725 7B0000 0.45
-1.89 3.78 0 7B0000 0.45
-1.89 3.78 -0.4725 7B0000 0.45
-1.89 4.2525 0.4725 A40000 0.45
-1.89 4.2525 0 A40000 0.45
-1.89 4.2525 -0.4725 A40000 0.45
-1.89 4.725 0.4725 A40000 0.45
-1.89 4.725 0 A40000 0.45
-1.89 4.725 -0.4725 A40000 0.45
-2.3625 5.1975 1.4175 A50000 0.45
-2.3625 5.1975 0.9449999 A50000 0.45
-2.3625 5.1975 0.4725 A50000 0.45
-2.3625 5.1975 0 A50000 0.45
-2.3625 5.1975 -0.4725 A50000 0.45
-2.3625 5.1975 -0.9449999 A50000 0.45
-2.3625 5.1975 -1.4175 AD0400 0.45
-2.3625 5.67 1.4175 A40000 0.45
-2.3625 5.67 0.9449999 A40000 0.45
-2.3625 5.67 0.4725 A40000 0.45
-2.3625 5.67 0 A40000 0.45
-2.3625 5.67 -0.4725 A40000 0.45
-2.3625 5.67 -0.9449999 A40000 0.45
-2.3625 5.67 -1.4175 A50000 0.45
-2.3625 6.615 1.4175 423C42 0.45
-2.3625 6.615 -1.4175 3F3F3F 0.45
-2.3625 7.0875 1.4175 5A595A 0.45
-2.3625 7.0875 -1.4175 5D5D5D 0.45
-2.3625 7.559999 1.4175 3E3F3E 0.45
-2.3625 7.559999 -1.4175 393C39 0.45
-2.3625 8.0325 1.4175 57534D 0.45
-2.3625 8.0325 -1.4175 525152 0.45
-2.3625 8.504999 1.4175 FFCBAD 0.45
-2.3625 8.504999 -1.4175 FFCBAD 0.45
-2.3625 8.9775 1.4175 FFCBAD 0.45
-2.3625 8.9775 -1.4175 FFCBAD 0.45
-2.3625 9.45 1.4175 FFCBAD 0.45
-2.3625 9.45 -1.4175 FFCBAD 0.45
-2.3625 9.9225 1.4175 FFCBAD 0.45
-2.3625 9.9225 -1.4175 FFCBAD 0.45
-2.3625 10.395 1.4175 FFCBAD 0.45
-2.3625 10.395 -1.4175 FFCBAD 0.45
-2.3625 10.8675 1.4175 FFCBAD 0.45
-2.3625 10.8675 -1.4175 FFCBAD 0.45
-2.3625 11.34 1.4175 FFCBAD 0.45
-2.3625 11.34 -1.4175 FFCBAD 0.45
-2.3625 11.8125 1.4175 FFCCAD 0.45
-2.3625 11.8125 0.9449999 FFCCAD 0.45
-2.3625 11.8125 0.4725 FFCCAD 0.45
-2.3625 11.8125 0 FFCCAD 0.45
-2.3625 11.8125 -0.4725 FFCCAD 0.45
-2.3625 11.8125 -0.9449999 FFCCAD 0.45
-2.3625 11.8125 -1.4175 FFCCAD 0.45
-1.89 12.285 1.4175 E7A68C 0.45
-1.89 12.285 0.9449999 E7A68C 0.45
-1.89 12.285 0.4725 E7A68C 0.45
-1.89 12.285 0 E7A68C 0.45
-1.89 12.285 -0.4725 E4A78E 0.45
-1.89 12.285 -0.9449999 E4A78E 0.45
-1.89 12.285 -1.4175 C89A84 0.45
-1.89 12.7575 1.4175 91561D 0.45
-1.89 12.7575 0.9449999 91561D 0.45
-1.89 12.7575 0.4725 91561D 0.45
-1.89 12.7575 0 91561D 0.45
-1.89 12.7575 -0.4725 D8967E 0.45
-1.89 12.7575 -0.9449999 E4A78E 0.45
-1.89 12.7575 -1.4175 C89A84 0.45
-1.89 13.23 1.4175 91561D 0.45
-1.89 13.23 0.9449999 91561D 0.45
-1.89 13.23 0.4725 91561D 0.45
-1.89 13.23 0 91561D 0.45
-1.89 13.23 -0.4725 D8967E 0.45
-1.89 13.23 -0.9449999 E7A68C 0.45
-1.89 13.23 -1.4175 E4A78E 0.45
-1.89 13.7025 1.4175 91561D 0.45
-1.89 13.7025 0.9449999 91561D 0.45
-1.89 13.7025 0.4725 91561D 0.45
-1.89 13.7025 0 91561D 0.45
-1.89 13.7025 -0.4725 D6967B 0.45
-1.89 13.7025 -0.9449999 91561D 0.45
-1.89 13.7025 -1.4175 E4A78E 0.45
-1.89 14.175 1.4175 91561D 0.45
-1.89 14.175 0.9449999 91561D 0.45
-1.89 14.175 0.4725 91561D 0.45
-1.89 14.175 0 91561D 0.45
-1.89 14.175 -0.4725 91561D 0.45
-1.89 14.175 -0.9449999 91561D 0.45
-1.89 14.175 -1.4175 E4A78E 0.45
-1.89 14.6475 1.4175 91561D 0.45
-1.89 14.6475 0.9449999 91561D 0.45
-1.89 14.6475 0.4725 91561D 0.45
-1.89 14.6475 0 91561D 0.45
-1.89 14.6475 -0.4725 91561D 0.45
-1.89 14.6475 -0.9449999 91561D 0.45
-1.89 14.6475 -1.4175 E7A68C 0.45
-1.89 15.12 1.4175 91561D 0.45
-1.89 15.12 0.9449999 91561D 0.45
-1.89 15.12 0.4725 91561D 0.45
-1.89 15.12 0 91561D 0.45
-1.89 15.12 -0.4725 91561D 0.45
-1.89 15.12 -0.9449999 91561D 0.45
-1.89 15.12 -1.4175 91561D 0.45
-2.3625 6.615 0.9449999 121212 0.45
-2.3625 6.615 0.4725 121212 0.45
-2.3625 6.615 0 121212 0.45
-2.3625 6.615 -0.4725 121212 0.45
-2.3625 6.615 -0.9449999 121212 0.45
-2.3625 7.0875 0.9449999 363636 0.45
-2.3625 7.0875 0.4725 363636 0.45
-2.3625 7.0875 0 363636 0.45
-2.3625 7.0875 -0.4725 363636 0.45
-2.3625 7.0875 -0.9449999 363636 0.45
-2.3625 7.559999 0.9449999 101010 0.45
-2.3625 7.559999 0.4725 101010 0.45
-2.3625 7.559999 0 101010 0.45
-2.3625 7.559999 -0.4725 101010 0.45
-2.3625 7.559999 -0.9449999 101010 0.45
-2.3625 8.0325 0.9449999 292429 0.45
-2.3625 8.0325 0.4725 292429 0.45
-2.3625 8.0325 0 292429 0.45
-2.3625 8.0325 -0.4725 292429 0.45
-2.3625 8.0325 -0.9449999 292429 0.45
-2.3625 8.504999 0.9449999 ECAF97 0.45
-2.3625 8.504999 0.4725 ECAF97 0.45
-2.3625 8.504999 0 ECAF97 0.45
-2.3625 8.504999 -0.4725 ECAF97 0.45
-2.3625 8.504999 -0.9449999 ECAF97 0.45
-2.3625 8.9775 0.9449999 ECAF97 0.45
-2.3625 8.9775 0.4725 ECAF97 0.45
-2.3625 8.9775 0 ECAF97 0.45
-2.3625 8.9775 -0.4725 ECAF97 0.45
-2.3625 8.9775 -0.9449999 ECAF97 0.45
-2.3625 9.45 0.9449999 ECAF97 0.45
-2.3625 9.45 0.4725 ECAF97 0.45
-2.3625 9.45 0 ECAF97 0.45
-2.3625 9.45 -0.4725 ECAF97 0.45
-2.3625 9.45 -0.9449999 ECAF97 0.45
-2.3625 9.9225 0.9449999 ECAF97 0.45
-2.3625 9.9225 0.4725 ECAF97 0.45
-2.3625 9.9225 0 ECAF97 0.45
-2.3625 9.9225 -0.4725 ECAF97 0.45
-2.3625 9.9225 -0.9449999 ECAF97 0.45
-2.835 10.395 0.9449999 FFCCAD 0.45
-2.3625 10.395 0.9449999 ECAF97 0.45
-2.3625 10.395 0.4725 ECAF97 0.45
-2.3625 10.395 0 ECAF97 0.45
-2.3625 10.395 -0.4725 ECAF97 0.45
-2.3625 10.395 -0.9449999 ECAF97 0.45
-2.835 10.395 -0.9449999 FFCBAD 0.45
-2.835 10.8675 0.9449999 FFCCAD 0.45
-2.3625 10.8675 0.9449999 ECAF97 0.45
-2.3625 10.8675 0.4725 ECAF97 0.45
-5.67 10.8675 0.4725 FFCCAD 0.45
-2.3625 10.8675 0 ECAF97 0.45
-5.67 10.8675 0 CE9073 0.45
-2.3625 10.8675 -0.4725 ECAF97 0.45
-5.67 10.8675 -0.4725 FFCCAD 0.45
-2.3625 10.8675 -0.9449999 ECAF97 0.45
-2.835 10.8675 -0.9449999 FFCCAD 0.45
-2.835 11.34 0.9449999 FFCCAD 0.45
-2.3625 11.34 0.9449999 ECAF97 0.45
-2.3625 11.34 0.4725 ECAF97 0.45
-5.67 11.34 0.4725 FFCCAD 0.45
-2.3625 11.34 0 ECAF97 0.45
-5.67 11.34 0 CE9073 0.45
-2.3625 11.34 -0.4725 ECAF97 0.45
-5.67 11.34 -0.4725 FFCCAD 0.45
-2.3625 11.34 -0.9449999 ECAF97 0.45
-2.835 11.34 -0.9449999 FFCCAD 0.45
-2.835 11.8125 0.4725 ECAF97 0.45
-2.835 11.8125 0 ECAF97 0.45
-2.835 11.8125 -0.4725 ECAF97 0.45
-3.3075 10.395 0.4725 CE9073 0.45
-3.3075 10.395 0 CE9073 0.45
-3.3075 10.395 -0.4725 CE9073 0.45
-3.3075 10.395 0.9449999 FFCCAD 0.45
-3.3075 10.395 -0.9449999 FFCBAD 0.45
-3.3075 10.8675 0.9449999 FFCCAD 0.45
-3.3075 10.8675 -0.9449999 FFCCAD 0.45
-3.3075 11.34 0.9449999 FFCCAD 0.45
-3.3075 11.34 -0.9449999 FFCCAD 0.45
-3.3075 11.8125 0.4725 ECAF97 0.45
-3.3075 11.8125 0 ECAF97 0.45
-3.3075 11.8125 -0.4725 ECAF97 0.45
-3.78 10.395 0.4725 CE9073 0.45
-3.78 10.395 0 CE9073 0.45
-3.78 10.395 -0.4725 CE9073 0.45
-3.78 10.395 0.9449999 FFCCAD 0.45
-3.78 10.395 -0.9449999 FFCBAD 0.45
-3.78 10.8675 0.9449999 FFCCAD 0.45
-3.78 10.8675 -0.9449999 FFCCAD 0.45
-3.78 11.34 0.9449999 FFCCAD 0.45
-3.78 11.34 -0.9449999 FFCCAD 0.45
-3.78 11.8125 0.4725 ECAF97 0.45
-3.78 11.8125 0 ECAF97 0.45
-3.78 11.8125 -0.4725 ECAF97 0.45
-4.2525 10.395 0.4725 CE9073 0.45
-4.2525 10.395 0 CE9073 0.45
-4.2525 10.395 -0.4725 CE9073 0.45
-4.2525 10.395 0.9449999 FFCCAD 0.45
-4.2525 10.395 -0.9449999 FFCBAD 0.45
-4.2525 10.8675 0.9449999 FFCCAD 0.45
-4.2525 10.8675 -0.9449999 FFCCAD 0.45
-4.2525 11.34 0.9449999 FFCCAD 0.45
-4.2525 11.34 -0.9449999 FFCCAD 0.45
-4.2525 11.8125 0.4725 ECAF97 0.45
-4.2525 11.8125 0 ECAF97 0.45
-4.2525 11.8125 -0.4725 ECAF97 0.45
-4.725 10.395 0.4725 CE9073 0.45
-4.725 10.395 0 CE9073 0.45
-4.725 10.395 -0.4725 CE9073 0.45
-4.725 10.395 0.9449999 FFCCAD 0.45
-4.725 10.395 -0.9449999 FFCBAD 0.45
-4.725 10.8675 0.9449999 FFCCAD 0.45
-4.725 10.8675 -0.9449999 FFCCAD 0.45
-4.725 11.34 0.9449999 FFCCAD 0.45
-4.725 11.34 -0.9449999 FFCCAD 0.45
-4.725 11.8125 0.4725 ECAF97 0.45
-4.725 11.8125 0 ECAF97 0.45
-4.725 11.8125 -0.4725 ECAF97 0.45
-5.1975 10.395 0.4725 CE9073 0.45
-5.1975 10.395 0 CE9073 0.45
-5.1975 10.395 -0.4725 CE9073 0.45
-5.1975 10.395 0.9449999 FFCCAD 0.45
-5.1975 10.395 -0.9449999 FFCBAD 0.45
-5.1975 10.8675 0.9449999 FFCCAD 0.45
-5.1975 10.8675 -0.9449999 FFCCAD 0.45
-5.1975 11.34 0.9449999 FFCCAD 0.45
-5.1975 11.34 -0.9449999 FFCCAD 0.45
-5.1975 11.8125 0.4725 ECAF97 0.45
-5.1975 11.8125 0 ECAF97 0.45
-5.1975 11.8125 -0.4725 ECAF97 0.45
-5.67 10.395 0.4725 CE9073 0.45
-5.67 10.395 0 CE9073 0.45
-5.67 10.395 -0.4725 CE9073 0.45
-5.67 10.395 0.9449999 FFCCAD 0.45
-5.67 10.395 -0.9449999 FFCBAD 0.45
-5.67 10.8675 0.9449999 FFCCAD 0.45
-8.504999 10.8675 0.4725 BB0C08 0.45
-8.504999 10.8675 0 BB0C08 0.45
-8.504999 10.8675 -0.4725 BB0C08 0.45
-5.67 10.8675 -0.9449999 FFCCAD 0.45
-5.67 11.34 0.9449999 FFCCAD 0.45
-8.504999 11.34 0.4725 BB0C08 0.45
-8.504999 11.34 0 BB0C08 0.45
-8.504999 11.34 -0.4725 BB0C08 0.45
-5.67 11.34 -0.9449999 FFCCAD 0.45
-5.67 11.8125 0.4725 ECAF97 0.45
-5.67 11.8125 0 ECAF97 0.45
-5.67 11.8125 -0.4725 ECAF97 0.45
-6.142499 10.395 0.4725 CE9073 0.45
-6.142499 10.395 0 CE9073 0.45
-6.142499 10.395 -0.4725 CE9073 0.45
-6.142499 10.8675 0.9449999 FFCCAD 0.45
-6.142499 10.8675 -0.9449999 FFCCAD 0.45
-6.142499 11.34 0.9449999 FFCCAD 0.45
-6.142499 11.34 -0.9449999 FFCCAD 0.45
-6.142499 11.8125 0.4725 ECAF97 0.45
-6.142499 11.8125 0 ECAF97 0.45
-6.142499 11.8125 -0.4725 ECAF97 0.45
-6.615 10.395 0.4725 CE9073 0.45
-6.615 10.395 0 CE9073 0.45
-6.615 10.395 -0.4725 CE9073 0.45
-6.615 10.8675 0.9449999 FFCCAD 0.45
-6.615 10.8675 -0.9449999 FFCCAD 0.45
-6.615 11.34 0.9449999 FFCBAD 0.45
-6.615 11.34 -0.9449999 FFCBAD 0.45
-6.615 11.8125 0.4725 EFAE94 0.45
-6.615 11.8125 0 EFAE94 0.45
-6.615 11.8125 -0.4725 EFAE94 0.45
-7.0875 10.395 0.4725 CE9073 0.45
-7.0875 10.395 0 CE9073 0.45
-7.0875 10.395 -0.4725 CE9073 0.45
-7.0875 10.8675 0.9449999 FFCCAD 0.45
-7.0875 10.8675 -0.9449999 FFCCAD 0.45
-7.0875 11.34 0.9449999 FFCCAD 0.45
-7.0875 11.34 -0.9449999 FFCCAD 0.45
-7.0875 11.8125 0.4725 ECAF97 0.45
-7.0875 11.8125 0 ECAF97 0.45
-7.0875 11.8125 -0.4725 ECAF97 0.45
-7.559999 10.395 0.4725 CE9073 0.45
-7.559999 10.395 0 CE9073 0.45
-7.559999 10.395 -0.4725 CE9073 0.45
-7.559999 10.8675 0.9449999 FFCCAD 0.45
-7.559999 10.8675 -0.9449999 FFCCAD 0.45
-7.559999 11.34 0.9449999 FFCBAD 0.45
-7.559999 11.34 -0.9449999 FFCBAD 0.45
-7.559999 11.8125 0.4725 422C29 0.45
-7.559999 11.8125 0 422C31 0.45
-7.559999 11.8125 -0.4725 422C31 0.45
-8.0325 10.395 0.4725 A40000 0.45
-8.0325 10.395 0 A40000 0.45
-8.0325 10.395 -0.4725 A40000 0.45
-8.0325 10.8675 0.9449999 BB0C08 0.45
-8.0325 10.8675 -0.9449999 BB0C08 0.45
-8.0325 11.34 0.9449999 BB0C08 0.45
-8.0325 11.34 -0.9449999 BB0C08 0.45
-8.0325 11.8125 0.4725 A40000 0.45
-8.0325 11.8125 0 A40000 0.45
-8.0325 11.8125 -0.4725 A40000 0.45
-8.504999 10.395 0.4725 A40000 0.45
-8.504999 10.395 0 A40000 0.45
-8.504999 10.395 -0.4725 A40000 0.45
-8.504999 10.8675 0.9449999 BB0C08 0.45
-8.504999 10.8675 -0.9449999 BB0C08 0.45
-8.504999 11.34 0.9449999 BB0C08 0.45
-8.504999 11.34 -0.9449999 BB0C08 0.45
-8.504999 11.8125 0.4725 A40000 0.45
-8.504999 11.8125 0 A40000 0.45
-8.504999 11.8125 -0.4725 A40000 0.45
-8.9775 10.395 0.4725 BB0C08 0.45
-8.9775 10.395 0 BB0C08 0.45
-8.9775 10.395 -0.4725 BB0C08 0.45
-8.9775 10.8675 0.4725 BB0C08 0.45
-8.9775 10.8675 -0.4725 BB0C08 0.45
-8.9775 11.34 0.4725 BB0C08 0.45
-8.9775 11.34 -0.4725 BB0C08 0.45
-8.9775 11.8125 0.4725 BB0C08 0.45
-8.9775 11.8125 0 BB0C08 0.45
-8.9775 11.8125 -0.4725 BB0C08 0.45
-9.45 10.395 0.4725 BB0C08 0.45
-9.45 10.395 0 BB0C08 0.45
-9.45 10.395 -0.4725 BB0C08 0.45
-9.45 10.8675 0.4725 BB0C08 0.45
-9.45 10.8675 -0.4725 BB0C08 0.45
-9.45 11.34 0.4725 BB0C08 0.45
-9.45 11.34 -0.4725 BB0C08 0.45
-9.45 11.8125 0.4725 BB0C08 0.45
-9.45 11.8125 0 BB0C08 0.45
-9.45 11.8125 -0.4725 BB0C08 0.45
-9.45 10.8675 0 BB0C08 0.45
-9.45 11.34 0 BB0C08 0.45
