5.04 1.01 12.82 2C2B29 0.6
5.04 1.01 12.19 2C2B29 0.6
4.41 1.01 11.56 2C2B29 0.6
4.41 1.01 10.93 2C2B29 0.6
4.41 1.01 10.3 2C2B29 0.6
4.41 1.01 9.67 2C2B29 0.6
4.41 1.01 9.04 2C2B29 0.6
4.41 1.01 8.41 2C2B29 0.6
4.41 1.01 7.780001 2C2B29 0.6
5.04 1.01 7.15 2C2B29 0.6
5.04 1.01 6.52 2C2B29 0.6
5.04 1.01 5.89 2C2B29 0.6
5.04 1.01 5.26 2C2B29 0.6
5.04 1.01 4.63 2C2B29 0.6
5.04 1.01 4 2C2B29 0.6
5.04 1.01 3.37 2C2B29 0.6
5.04 1.01 2.74 2C2B29 0.6
5.04 1.01 2.11 2C2B29 0.6
5.04 1.01 1.48 2C2B29 0.6
5.04 1.01 0.8499999 2C2B29 0.6
4.41 1.01 0.2199998 2C2B29 0.6
4.41 1.01 -0.4100003 2C2B29 0.6
4.41 1.01 -1.04 2C2B29 0.6
4.41 1.01 -1.67 2C2B29 0.6
4.41 1.01 -2.3 2C2B29 0.6
4.41 1.01 -2.93 2C2B29 0.6
4.41 1.01 -3.56 2C2B29 0.6
4.41 1.01 -4.190001 2C2B29 0.6
5.04 1.01 -4.820001 2C2B29 0.6
4.41 1.01 -5.450001 2C2B29 0.6
3.78 1.01 -6.08 2C2B29 0.6
3.15 1.01 -6.710001 2C2B29 0.6
4.41 1.64 14.08 393937 0.6
5.04 1.64 13.45 393937 0.6
5.04 1.64 12.82 2C2B29 0.6
5.04 1.64 12.19 2C2B29 0.6
4.41 1.64 11.56 1E1D1B 0.6
4.41 1.64 10.93 1E1D1B 0.6
4.41 1.64 10.3 1E1D1B 0.6
4.41 1.64 9.67 1E1D1B 0.6
4.41 1.64 9.04 1E1D1B 0.6
4.41 1.64 8.41 1E1D1B 0.6
4.41 1.64 7.780001 1E1D1B 0.6
5.04 1.64 7.15 709B2B 0.6
5.04 1.64 6.52 709B2B 0.6
5.04 1.64 5.89 709B2B 0.6
5.04 1.64 5.26 709B2B 0.6
5.04 1.64 4.63 709B2B 0.6
5.04 1.64 4 709B2B 0.6
5.04 1.64 3.37 709B2B 0.6
5.04 1.64 2.74 709B2B 0.6
5.04 1.64 2.11 709B2B 0.6
5.04 1.64 1.48 709B2B 0.6
5.04 1.64 0.8499999 709B2B 0.6
4.41 1.64 0.2199998 1E1D1B 0.6
4.41 1.64 -0.4100003 1E1D1B 0.6
4.41 1.64 -1.04 1E1D1B 0.6
4.41 1.64 -1.67 1E1D1B 0.6
4.41 1.64 -2.3 1E1D1B 0.6
4.41 1.64 -2.93 1E1D1B 0.6
4.41 1.64 -3.56 1E1D1B 0.6
5.04 1.64 -4.190001 709B2B 0.6
5.04 1.64 -4.820001 709B2B 0.6
4.41 1.64 -5.450001 709B2B 0.6
3.78 1.64 -6.08 709B2B 0.6
4.41 2.27 14.08 709B2B 0.6
5.04 2.27 13.45 709B2B 0.6
5.04 2.27 12.82 709B2B 0.6
5.04 2.27 12.19 709B2B 0.6
4.41 2.27 11.56 1E1D1B 0.6
4.41 2.27 10.93 1E1D1B 0.6
4.41 2.27 10.3 1E1D1B 0.6
4.41 2.27 9.67 1E1D1B 0.6
4.41 2.27 9.04 1E1D1B 0.6
4.41 2.27 8.41 1E1D1B 0.6
4.41 2.27 7.780001 1E1D1B 0.6
5.04 2.27 7.15 709B2B 0.6
5.04 2.27 6.52 709B2B 0.6
5.04 2.27 5.89 709B2B 0.6
5.04 2.27 5.26 709B2B 0.6
5.04 2.27 4.63 709B2B 0.6
5.04 2.27 4 709B2B 0.6
5.04 2.27 3.37 709B2B 0.6
5.04 2.27 2.74 709B2B 0.6
5.04 2.27 2.11 709B2B 0.6
5.04 2.27 1.48 709B2B 0.6
5.04 2.27 0.8499999 709B2B 0.6
4.41 2.27 0.2199998 1E1D1B 0.6
4.41 2.27 -0.4100003 1E1D1B 0.6
4.41 2.27 -1.04 1E1D1B 0.6
4.41 2.27 -1.67 1E1D1B 0.6
4.41 2.27 -2.3 1E1D1B 0.6
4.41 2.27 -2.93 1E1D1B 0.6
4.41 2.27 -3.56 1E1D1B 0.6
5.04 2.27 -4.190001 709B2B 0.6
5.04 2.27 -4.820001 709B2B 0.6
4.41 2.27 -5.450001 709B2B 0.6
3.78 2.27 -6.08 709B2B 0.6
4.41 2.9 14.08 709B2B 0.6
5.04 2.9 13.45 709B2B 0.6
5.04 2.9 12.82 709B2B 0.6
5.04 2.9 12.19 709B2B 0.6
4.41 2.9 11.56 1E1D1B 0.6
4.41 2.9 10.93 1E1D1B 0.6
4.41 2.9 10.3 1E1D1B 0.6
4.41 2.9 9.67 1E1D1B 0.6
4.41 2.9 9.04 1E1D1B 0.6
4.41 2.9 8.41 1E1D1B 0.6
4.41 2.9 7.780001 1E1D1B 0.6
5.04 2.9 7.15 709B2B 0.6
5.04 2.9 6.52 709B2B 0.6
5.04 2.9 5.89 709B2B 0.6
5.04 2.9 5.26 709B2B 0.6
5.04 2.9 4.63 709B2B 0.6
5.04 2.9 4 709B2B 0.6
5.04 2.9 3.37 709B2B 0.6
5.04 2.9 2.74 709B2B 0.6
5.04 2.9 2.11 709B2B 0.6
5.04 2.9 1.48 709B2B 0.6
5.04 2.9 0.8499999 709B2B 0.6
5.04 2.9 0.2199998 709B2B 0.6
4.41 2.9 -0.4100003 1E1D1B 0.6
4.41 2.9 -1.04 1E1D1B 0.6
4.41 2.9 -1.67 1E1D1B 0.6
4.41 2.9 -2.3 1E1D1B 0.6
4.41 2.9 -2.93 1E1D1B 0.6
4.41 2.9 -3.56 1E1D1B 0.6
5.04 2.9 -4.190001 709B2B 0.6
5.04 2.9 -4.820001 709B2B 0.6
4.41 2.9 -5.450001 709B2B 0.6
3.78 2.9 -6.08 709B2B 0.6
4.41 3.53 14.08 709B2B 0.6
5.04 3.53 13.45 709B2B 0.6
5.04 3.53 12.82 709B2B 0.6
5.04 3.53 12.19 709B2B 0.6
5.04 3.53 11.56 709B2B 0.6
4.41 3.53 10.93 1E1D1B 0.6
4.41 3.53 10.3 1E1D1B 0.6
4.41 3.53 9.67 1E1D1B 0.6
4.41 3.53 9.04 1E1D1B 0.6
4.41 3.53 8.41 1E1D1B 0.6
5.04 3.53 7.780001 709B2B 0.6
5.04 3.53 7.15 709B2B 0.6
5.04 3.53 6.52 709B2B 0.6
5.04 3.53 5.89 709B2B 0.6
5.04 3.53 5.26 709B2B 0.6
5.04 3.53 4.63 709B2B 0.6
5.04 3.53 4 709B2B 0.6
5.04 3.53 3.37 709B2B 0.6
5.04 3.53 2.74 709B2B 0.6
5.04 3.53 2.11 709B2B 0.6
5.04 3.53 1.48 709B2B 0.6
5.04 3.53 0.8499999 709B2B 0.6
5.04 3.53 0.2199998 709B2B 0.6
5.04 3.53 -0.4100003 709B2B 0.6
4.41 3.53 -1.04 1E1D1B 0.6
4.41 3.53 -1.67 1E1D1B 0.6
4.41 3.53 -2.3 1E1D1B 0.6
4.41 3.53 -2.93 1E1D1B 0.6
5.04 3.53 -3.56 709B2B 0.6
5.04 3.53 -4.190001 709B2B 0.6
5.04 3.53 -4.820001 709B2B 0.6
4.41 3.53 -5.450001 709B2B 0.6
4.41 4.16 14.08 E44223 0.6
5.04 4.16 13.45 709B2B 0.6
5.04 4.16 12.82 709B2B 0.6
5.04 4.16 12.19 709B2B 0.6
5.04 4.16 11.56 709B2B 0.6
5.04 4.16 10.93 709B2B 0.6
5.04 4.16 10.3 709B2B 0.6
5.04 4.16 9.67 709B2B 0.6
5.04 4.16 9.04 709B2B 0.6
5.04 4.16 8.41 709B2B 0.6
5.04 4.16 7.780001 709B2B 0.6
5.04 4.16 7.15 709B2B 0.6
5.04 4.16 6.52 709B2B 0.6
5.04 4.16 5.89 709B2B 0.6
5.04 4.16 5.26 709B2B 0.6
5.04 4.16 4.63 709B2B 0.6
5.04 4.16 4 709B2B 0.6
5.04 4.16 3.37 709B2B 0.6
5.04 4.16 2.74 709B2B 0.6
5.04 4.16 2.11 709B2B 0.6
5.04 4.16 1.48 709B2B 0.6
5.04 4.16 0.8499999 709B2B 0.6
5.04 4.16 0.2199998 709B2B 0.6
5.04 4.16 -0.4100003 709B2B 0.6
5.04 4.16 -1.04 709B2B 0.6
5.04 4.16 -1.67 709B2B 0.6
5.04 4.16 -2.3 709B2B 0.6
5.04 4.16 -2.93 709B2B 0.6
5.04 4.16 -3.56 709B2B 0.6
4.41 4.79 14.08 709B2B 0.6
5.04 4.79 13.45 709B2B 0.6
5.04 4.79 12.82 709B2B 0.6
5.04 4.79 12.19 709B2B 0.6
5.04 4.79 11.56 709B2B 0.6
5.04 4.79 10.93 709B2B 0.6
5.04 4.79 10.3 709B2B 0.6
5.04 4.79 9.67 709B2B 0.6
5.04 4.79 9.04 709B2B 0.6
5.04 4.79 8.41 709B2B 0.6
5.04 4.79 7.780001 709B2B 0.6
5.04 4.79 7.15 709B2B 0.6
5.04 4.79 6.52 709B2B 0.6
5.04 4.79 5.89 709B2B 0.6
5.04 4.79 5.26 709B2B 0.6
5.04 4.79 4.63 709B2B 0.6
5.04 4.79 4 709B2B 0.6
5.04 4.79 3.37 709B2B 0.6
5.04 4.79 2.74 709B2B 0.6
5.04 4.79 2.11 709B2B 0.6
5.67 4.79 1.48 7EA831 0.6
5.04 4.79 0.8499999 709B2B 0.6
5.04 4.79 0.2199998 709B2B 0.6
1.26 4.79 -1.67 8BB635 0.6
1.26 4.79 -2.3 8BB635 0.6
1.26 4.79 -2.93 8BB635 0.6
3.78 5.42 14.71 7EA831 0.6
3.78 5.42 14.08 7EA831 0.6
2.52 5.42 13.45 2B2E31 0.6
5.04 5.42 11.56 7EA831 0.6
5.04 5.42 10.93 7EA831 0.6
5.04 5.42 10.3 7EA831 0.6
5.04 5.42 9.67 252829 0.6
5.04 5.42 9.04 252829 0.6
5.04 5.42 8.41 252829 0.6
5.04 5.42 7.780001 252829 0.6
5.04 5.42 7.15 252829 0.6
5.04 5.42 6.52 7EA831 0.6
5.04 5.42 5.89 252829 0.6
5.04 5.42 5.26 252829 0.6
5.04 5.42 4.63 252829 0.6
5.04 5.42 4 252829 0.6
5.04 5.42 3.37 252829 0.6
5.04 5.42 2.74 252829 0.6
5.04 5.42 2.11 252829 0.6
5.67 5.42 1.48 7EA831 0.6
3.78 6.05 14.71 7EA831 0.6
3.78 6.05 14.08 7EA831 0.6
3.78 6.05 13.45 7EA831 0.6
3.78 6.05 12.82 7EA831 0.6
4.41 6.05 10.3 7EA831 0.6
4.41 6.05 9.67 7EA831 0.6
4.41 6.05 9.04 252829 0.6
4.41 6.05 8.41 252829 0.6
4.41 6.05 7.780001 252829 0.6
4.41 6.05 7.15 252829 0.6
4.41 6.05 6.52 7EA831 0.6
4.41 6.05 5.89 252829 0.6
4.41 6.05 5.26 252829 0.6
4.41 6.05 4.63 252829 0.6
4.41 6.05 4 252829 0.6
4.41 6.05 3.37 252829 0.6
4.41 6.05 2.74 252829 0.6
4.41 6.05 2.11 7EA831 0.6
3.78 6.68 9.04 7EA831 0.6
3.78 6.68 8.41 7EA831 0.6
3.78 6.68 7.780001 7EA831 0.6
3.78 6.68 7.15 252829 0.6
3.78 6.68 6.52 7EA831 0.6
3.78 6.68 5.89 252829 0.6
3.78 6.68 5.26 252829 0.6
3.78 6.68 4.63 252829 0.6
3.78 6.68 4 252829 0.6
3.78 6.68 3.37 252829 0.6
3.78 6.68 2.74 7EA831 0.6
5.67 4.16 1.48 658B26 0.6
5.67 4.79 2.11 252829 0.6
5.04 4.79 1.48 709B2B 0.6
5.67 5.42 2.11 252829 0.6
5.04 5.42 1.48 7EA831 0.6
5.04 1.01 13.45 1E1D1B 0.6
5.04 2.9 11.56 1E1D1B 0.6
5.04 3.53 10.93 1E1D1B 0.6
5.04 3.53 10.3 1E1D1B 0.6
5.04 1.01 9.67 1E1D1B 0.6
5.04 3.53 9.04 1E1D1B 0.6
5.04 3.53 8.41 1E1D1B 0.6
5.04 2.9 7.780001 1E1D1B 0.6
5.04 0.3799999 7.15 1E1D1B 0.6
5.04 0.3799999 6.52 1E1D1B 0.6
5.04 0.3799999 5.89 1E1D1B 0.6
5.04 0.3799999 5.26 1E1D1B 0.6
5.04 0.3799999 4.63 1E1D1B 0.6
5.04 0.3799999 4 1E1D1B 0.6
5.04 0.3799999 3.37 1E1D1B 0.6
5.04 0.3799999 2.74 1E1D1B 0.6
5.04 0.3799999 2.11 1E1D1B 0.6
5.04 0.3799999 1.48 1E1D1B 0.6
5.04 0.3799999 0.8499999 1E1D1B 0.6
5.04 3.53 -1.04 1E1D1B 0.6
5.04 1.01 -1.67 1E1D1B 0.6
5.04 3.53 -2.3 1E1D1B 0.6
5.04 3.53 -2.93 1E1D1B 0.6
5.04 2.9 -3.56 1E1D1B 0.6
5.04 1.01 -4.190001 2C2B29 0.6
3.78 1.64 13.45 6B6966 0.6
5.04 1.64 10.3 1E1D1B 0.6
3.78 1.64 12.82 6B6966 0.6
5.04 1.64 9.04 1E1D1B 0.6
5.04 1.64 -1.04 1E1D1B 0.6
5.04 3.53 -1.67 1E1D1B 0.6
5.04 1.64 -2.3 1E1D1B 0.6
5.04 2.27 9.67 1E1D1B 0.6
5.04 2.27 0.2199998 1E1D1B 0.6
5.04 2.27 -1.67 1E1D1B 0.6
5.04 4.16 -4.190001 A0CE3D 0.6
2.52 4.79 13.45 2B2E31 0.6
-5.04 4.79 1.48 7EA831 0.6
5.04 4.79 -0.4100003 A0CE3D 0.6
5.04 4.79 -1.04 A0CE3D 0.6
5.04 4.79 -1.67 A0CE3D 0.6
4.41 1.01 13.45 1E1D1B 0.6
4.41 1.01 12.82 1E1D1B 0.6
4.41 1.01 12.19 1E1D1B 0.6
4.41 0.3799999 10.3 1E1D1B 0.6
4.41 0.3799999 9.67 1E1D1B 0.6
4.41 0.3799999 9.04 1E1D1B 0.6
4.41 0.3799999 8.41 1E1D1B 0.6
4.41 0.3799999 7.780001 1E1D1B 0.6
4.41 0.3799999 7.15 1E1D1B 0.6
4.41 0.3799999 6.52 1E1D1B 0.6
4.41 0.3799999 5.89 1E1D1B 0.6
4.41 0.3799999 5.26 1E1D1B 0.6
4.41 0.3799999 4.63 1E1D1B 0.6
4.41 0.3799999 4 1E1D1B 0.6
4.41 0.3799999 3.37 1E1D1B 0.6
4.41 0.3799999 2.74 1E1D1B 0.6
4.41 0.3799999 2.11 1E1D1B 0.6
4.41 0.3799999 1.48 1E1D1B 0.6
4.41 0.3799999 0.8499999 1E1D1B 0.6
4.41 0.3799999 0.2199998 1E1D1B 0.6
4.41 0.3799999 -0.4100003 1E1D1B 0.6
4.41 0.3799999 -1.04 1E1D1B 0.6
4.41 0.3799999 -1.67 1E1D1B 0.6
4.41 0.3799999 -2.3 1E1D1B 0.6
4.41 0.3799999 -2.93 1E1D1B 0.6
4.41 0.3799999 -3.56 1E1D1B 0.6
4.41 0.3799999 -4.190001 1E1D1B 0.6
4.41 0.3799999 -4.820001 1E1D1B 0.6
4.41 0.3799999 -5.450001 1E1D1B 0.6
4.41 4.16 -4.190001 A0CE3D 0.6
4.41 4.16 -4.820001 AAD842 0.6
4.41 4.79 -0.4100003 A0CE3D 0.6
4.41 4.79 0.2199998 A0CE3D 0.6
4.41 4.79 -1.04 A0CE3D 0.6
4.41 4.79 -1.67 A0CE3D 0.6
4.41 4.16 -2.3 A0CE3D 0.6
4.41 4.16 -2.93 A0CE3D 0.6
4.41 4.16 -3.56 A0CE3D 0.6
4.41 5.42 12.19 96C339 0.6
4.41 4.79 13.45 A0CE3D 0.6
4.41 4.79 12.82 96C339 0.6
-5.04 5.42 1.48 7EA831 0.6
4.41 5.42 0.8499999 252829 0.6
4.41 5.42 11.56 96C339 0.6
4.41 6.05 10.93 7EA831 0.6
4.41 6.05 1.48 96C339 0.6
3.78 1.01 14.08 1E1D1B 0.6
3.78 1.01 13.45 1E1D1B 0.6
3.78 1.01 12.82 1E1D1B 0.6
3.78 1.01 12.19 1E1D1B 0.6
3.78 1.01 11.56 1E1D1B 0.6
3.78 1.01 10.93 1E1D1B 0.6
3.78 0.3799999 10.3 1E1D1B 0.6
3.78 0.3799999 9.67 1E1D1B 0.6
3.78 0.3799999 9.04 1E1D1B 0.6
3.78 0.3799999 8.41 1E1D1B 0.6
3.78 0.3799999 7.780001 1E1D1B 0.6
3.78 0.3799999 7.15 1E1D1B 0.6
3.78 0.3799999 6.52 1E1D1B 0.6
3.78 0.3799999 5.89 1E1D1B 0.6
3.78 0.3799999 5.26 1E1D1B 0.6
3.78 0.3799999 4.63 1E1D1B 0.6
3.78 0.3799999 4 1E1D1B 0.6
3.78 0.3799999 3.37 1E1D1B 0.6
3.78 0.3799999 2.74 1E1D1B 0.6
3.78 0.3799999 2.11 1E1D1B 0.6
3.78 0.3799999 1.48 1E1D1B 0.6
3.78 0.3799999 0.8499999 1E1D1B 0.6
3.78 0.3799999 0.2199998 1E1D1B 0.6
3.78 0.3799999 -0.4100003 1E1D1B 0.6
3.78 0.3799999 -1.04 1E1D1B 0.6
3.78 0.3799999 -1.67 1E1D1B 0.6
3.78 0.3799999 -2.3 1E1D1B 0.6
3.78 0.3799999 -2.93 1E1D1B 0.6
3.78 0.3799999 -3.56 1E1D1B 0.6
3.78 0.3799999 -4.190001 1E1D1B 0.6
3.78 0.3799999 -4.820001 1E1D1B 0.6
3.78 0.3799999 -5.450001 1E1D1B 0.6
3.78 0.3799999 -6.08 1E1D1B 0.6
3.78 5.42 12.82 7EA831 0.6
3.78 1.01 9.67 1E1D1B 0.6
3.78 1.01 -1.67 1E1D1B 0.6
3.78 1.01 -6.710001 2C2B29 0.6
3.78 1.64 14.08 393937 0.6
3.78 1.64 10.3 1E1D1B 0.6
3.78 5.42 13.45 7EA831 0.6
3.78 1.64 -1.04 1E1D1B 0.6
3.78 1.64 9.04 1E1D1B 0.6
3.78 1.64 -2.3 1E1D1B 0.6
3.78 1.64 -6.710001 8BB635 0.6
3.78 2.27 14.08 8BB635 0.6
-2.52 2.27 14.08 709B2B 0.6
3.78 2.27 9.67 1E1D1B 0.6
3.78 2.27 -1.67 1E1D1B 0.6
3.78 2.27 -6.710001 8BB635 0.6
3.78 2.9 14.08 8BB635 0.6
-2.52 2.9 14.08 709B2B 0.6
3.78 2.9 -6.710001 8BB635 0.6
3.78 3.53 14.08 8BB635 0.6
3.78 3.53 -6.08 96C339 0.6
3.78 4.16 14.08 E44223 0.6
3.78 4.16 -4.820001 AAD842 0.6
3.78 4.16 -4.190001 A0CE3D 0.6
3.78 4.16 -5.450001 F4CFA2 0.6
3.78 4.79 14.08 8BB635 0.6
3.78 4.79 -0.4100003 A0CE3D 0.6
3.78 4.79 0.2199998 A0CE3D 0.6
3.78 4.79 -1.04 A0CE3D 0.6
3.78 4.79 -1.67 A0CE3D 0.6
3.78 4.16 -2.3 A0CE3D 0.6
3.78 4.16 -2.93 A0CE3D 0.6
3.78 4.16 -3.56 A0CE3D 0.6
-3.15 5.42 14.71 7EA831 0.6
3.78 5.42 12.19 96C339 0.6
-3.15 5.42 14.08 7EA831 0.6
3.78 4.79 13.45 A0CE3D 0.6
3.78 4.79 12.82 96C339 0.6
3.78 5.42 0.8499999 252829 0.6
-3.15 6.05 14.71 7EA831 0.6
3.78 6.05 10.3 96C339 0.6
-3.15 6.05 14.08 7EA831 0.6
2.52 6.05 13.45 2B2E31 0.6
-3.15 6.05 12.82 7EA831 0.6
3.78 5.42 11.56 96C339 0.6
3.78 6.05 10.93 96C339 0.6
3.78 6.05 1.48 252829 0.6
3.78 6.68 14.71 A0CE3D 0.6
3.78 6.68 14.08 A0CE3D 0.6
3.78 6.68 13.45 A0CE3D 0.6
3.78 6.68 12.82 A0CE3D 0.6
3.78 6.68 9.67 96C339 0.6
3.78 6.05 2.11 96C339 0.6
3.15 1.01 14.08 1E1D1B 0.6
3.15 1.01 13.45 1E1D1B 0.6
3.15 1.01 12.82 1E1D1B 0.6
3.15 1.01 12.19 1E1D1B 0.6
3.15 1.01 11.56 1E1D1B 0.6
3.15 1.01 10.93 1E1D1B 0.6
3.15 0.3799999 10.3 1E1D1B 0.6
3.15 0.3799999 9.67 1E1D1B 0.6
3.15 0.3799999 9.04 1E1D1B 0.6
3.15 0.3799999 8.41 1E1D1B 0.6
3.15 0.3799999 7.780001 1E1D1B 0.6
3.15 0.3799999 7.15 1E1D1B 0.6
3.15 0.3799999 6.52 1E1D1B 0.6
3.15 0.3799999 5.89 1E1D1B 0.6
3.15 0.3799999 5.26 1E1D1B 0.6
3.15 0.3799999 4.63 1E1D1B 0.6
3.15 0.3799999 4 1E1D1B 0.6
3.15 0.3799999 3.37 1E1D1B 0.6
3.15 0.3799999 2.74 1E1D1B 0.6
3.15 0.3799999 2.11 1E1D1B 0.6
3.15 0.3799999 1.48 1E1D1B 0.6
3.15 0.3799999 0.8499999 1E1D1B 0.6
3.15 0.3799999 0.2199998 1E1D1B 0.6
3.15 0.3799999 -0.4100003 1E1D1B 0.6
3.15 0.3799999 -1.04 1E1D1B 0.6
3.15 0.3799999 -1.67 1E1D1B 0.6
3.15 0.3799999 -2.3 1E1D1B 0.6
3.15 0.3799999 -2.93 1E1D1B 0.6
3.15 0.3799999 -3.56 1E1D1B 0.6
3.15 0.3799999 -4.190001 1E1D1B 0.6
3.15 0.3799999 -4.820001 1E1D1B 0.6
3.15 0.3799999 -5.450001 1E1D1B 0.6
3.15 0.3799999 -6.08 1E1D1B 0.6
3.15 0.3799999 -6.710001 1E1D1B 0.6
3.15 1.01 9.67 1E1D1B 0.6
3.15 1.01 -1.67 1E1D1B 0.6
3.15 1.64 14.71 9C9894 0.6
3.15 6.05 14.08 7EA831 0.6
3.15 1.64 14.08 6B6966 0.6
3.15 1.64 10.3 1E1D1B 0.6
3.15 6.05 13.45 7EA831 0.6
3.15 1.64 13.45 6B6966 0.6
3.15 1.64 12.82 6B6966 0.6
3.15 1.64 -1.04 1E1D1B 0.6
3.15 1.64 9.04 1E1D1B 0.6
3.15 1.64 -2.3 1E1D1B 0.6
3.15 1.64 -6.710001 A0CE3D 0.6
3.15 2.27 14.08 8BB635 0.6
3.15 2.27 9.67 1E1D1B 0.6
3.15 2.27 -1.67 1E1D1B 0.6
3.15 2.27 -6.08 393937 0.6
3.15 2.9 14.08 8BB635 0.6
3.15 2.9 -6.08 393937 0.6
3.15 3.53 14.08 8BB635 0.6
3.15 3.53 -6.08 96C339 0.6
3.15 4.16 14.08 E44223 0.6
3.15 4.16 -4.190001 A0CE3D 0.6
3.15 4.16 -4.820001 8BB635 0.6
3.15 4.16 -5.450001 96C339 0.6
3.15 4.79 14.08 8BB635 0.6
3.15 4.79 -0.4100003 A0CE3D 0.6
3.15 4.79 0.2199998 A0CE3D 0.6
3.15 4.79 -1.04 A0CE3D 0.6
3.15 4.79 -1.67 A0CE3D 0.6
3.15 4.16 -2.3 A0CE3D 0.6
3.15 4.16 -2.93 A0CE3D 0.6
3.15 4.16 -3.56 A0CE3D 0.6
3.15 5.42 12.19 96C339 0.6
3.15 5.42 14.71 7EA831 0.6
3.15 5.42 14.08 7EA831 0.6
3.15 4.79 13.45 A0CE3D 0.6
3.15 4.79 12.82 96C339 0.6
3.15 5.42 0.8499999 252829 0.6
3.15 6.05 10.3 96C339 0.6
3.15 6.05 14.71 7EA831 0.6
3.15 6.05 12.82 7EA831 0.6
3.15 5.42 11.56 96C339 0.6
3.15 6.05 10.93 96C339 0.6
3.15 6.05 1.48 252829 0.6
3.15 6.68 9.04 96C339 0.6
3.15 6.68 14.08 A0CE3D 0.6
3.15 6.68 13.45 A0CE3D 0.6
3.15 6.68 9.67 96C339 0.6
3.15 6.05 2.11 252829 0.6
3.15 6.68 2.74 252829 0.6
3.15 6.68 8.41 96C339 0.6
3.15 7.31 7.780001 A0CE3D 0.6
3.15 7.31 7.15 A0CE3D 0.6
3.15 7.31 6.52 A0CE3D 0.6
3.15 7.31 5.89 A0CE3D 0.6
3.15 7.31 5.26 A0CE3D 0.6
3.15 7.31 4.63 A0CE3D 0.6
3.15 7.31 4 A0CE3D 0.6
3.15 7.31 3.37 A0CE3D 0.6
2.52 1.01 14.08 1E1D1B 0.6
2.52 1.01 13.45 1E1D1B 0.6
2.52 1.01 12.82 1E1D1B 0.6
2.52 1.01 12.19 1E1D1B 0.6
2.52 1.01 11.56 1E1D1B 0.6
2.52 1.01 10.93 1E1D1B 0.6
2.52 0.3799999 10.3 1E1D1B 0.6
2.52 0.3799999 9.67 1E1D1B 0.6
2.52 0.3799999 9.04 1E1D1B 0.6
2.52 0.3799999 8.41 1E1D1B 0.6
2.52 0.3799999 7.780001 1E1D1B 0.6
2.52 0.3799999 7.15 1E1D1B 0.6
2.52 0.3799999 6.52 1E1D1B 0.6
2.52 0.3799999 5.89 1E1D1B 0.6
2.52 0.3799999 5.26 1E1D1B 0.6
2.52 0.3799999 4.63 1E1D1B 0.6
2.52 0.3799999 4 1E1D1B 0.6
2.52 0.3799999 3.37 1E1D1B 0.6
2.52 0.3799999 2.74 1E1D1B 0.6
2.52 0.3799999 2.11 1E1D1B 0.6
2.52 0.3799999 1.48 1E1D1B 0.6
2.52 0.3799999 0.8499999 1E1D1B 0.6
2.52 0.3799999 0.2199998 1E1D1B 0.6
2.52 0.3799999 -0.4100003 1E1D1B 0.6
2.52 0.3799999 -1.04 1E1D1B 0.6
2.52 0.3799999 -1.67 1E1D1B 0.6
2.52 0.3799999 -2.3 1E1D1B 0.6
2.52 0.3799999 -2.93 1E1D1B 0.6
2.52 0.3799999 -3.56 1E1D1B 0.6
2.52 0.3799999 -4.190001 1E1D1B 0.6
2.52 0.3799999 -4.820001 1E1D1B 0.6
2.52 0.3799999 -5.450001 1E1D1B 0.6
2.52 0.3799999 -6.08 1E1D1B 0.6
2.52 0.3799999 -6.710001 1E1D1B 0.6
2.52 1.01 9.67 1E1D1B 0.6
2.52 1.01 -1.67 1E1D1B 0.6
2.52 1.01 -6.710001 393937 0.6
2.52 1.64 14.08 393937 0.6
2.52 6.05 14.08 7EA831 0.6
-2.52 1.64 14.08 6B6966 0.6
2.52 1.64 10.3 1E1D1B 0.6
-2.52 1.64 13.45 6B6966 0.6
-2.52 1.64 12.82 6B6966 0.6
2.52 1.64 -1.04 1E1D1B 0.6
2.52 1.64 9.04 1E1D1B 0.6
2.52 1.64 -2.3 1E1D1B 0.6
2.52 1.64 -6.710001 A0CE3D 0.6
2.52 2.27 14.08 8BB635 0.6
2.52 1.64 13.45 7E7976 0.6
2.52 1.64 12.82 7E7976 0.6
2.52 2.27 9.67 1E1D1B 0.6
2.52 2.27 -1.67 1E1D1B 0.6
2.52 2.27 -6.08 393937 0.6
2.52 2.9 14.08 8BB635 0.6
2.52 2.9 -6.08 393937 0.6
2.52 3.53 14.08 8BB635 0.6
2.52 3.53 -6.08 A0CE3D 0.6
2.52 3.53 -5.450001 A0CE3D 0.6
2.52 4.16 14.08 E44223 0.6
2.52 4.16 -4.190001 A0CE3D 0.6
2.52 4.16 -4.820001 A0CE3D 0.6
2.52 4.79 14.08 8BB635 0.6
-2.52 4.79 13.45 2B2E31 0.6
2.52 4.79 -0.4100003 A0CE3D 0.6
2.52 4.79 0.2199998 96C339 0.6
2.52 4.79 -1.04 A0CE3D 0.6
2.52 4.79 -1.67 A0CE3D 0.6
2.52 4.16 -2.3 A0CE3D 0.6
2.52 4.16 -2.93 A0CE3D 0.6
2.52 4.16 -3.56 A0CE3D 0.6
2.52 5.42 14.08 393C41 0.6
-2.52 5.42 13.45 2B2E31 0.6
2.52 5.42 12.19 96C339 0.6
2.52 4.79 12.82 96C339 0.6
2.52 5.42 0.8499999 252829 0.6
-2.52 6.05 13.45 2B2E31 0.6
2.52 6.05 10.3 252829 0.6
2.52 5.42 11.56 96C339 0.6
2.52 6.05 10.93 252829 0.6
2.52 6.05 1.48 252829 0.6
2.52 6.68 9.04 252829 0.6
2.52 6.68 14.08 A0CE3D 0.6
2.52 6.68 13.45 A0CE3D 0.6
2.52 6.68 9.67 252829 0.6
2.52 6.05 2.11 252829 0.6
2.52 6.68 2.74 252829 0.6
2.52 6.68 8.41 252829 0.6
2.52 7.31 7.780001 A0CE3D 0.6
2.52 7.31 7.15 A0CE3D 0.6
2.52 7.31 6.52 A0CE3D 0.6
2.52 7.31 5.89 A0CE3D 0.6
2.52 7.31 5.26 A0CE3D 0.6
2.52 7.31 4.63 A0CE3D 0.6
2.52 7.31 4 A0CE3D 0.6
2.52 7.31 3.37 A0CE3D 0.6
1.89 1.01 14.08 1E1D1B 0.6
1.89 1.01 13.45 1E1D1B 0.6
1.89 1.01 12.82 1E1D1B 0.6
1.89 1.01 12.19 1E1D1B 0.6
1.89 1.01 11.56 1E1D1B 0.6
1.89 1.01 10.93 1E1D1B 0.6
1.89 0.3799999 10.3 1E1D1B 0.6
1.89 0.3799999 9.67 1E1D1B 0.6
1.89 0.3799999 9.04 1E1D1B 0.6
1.89 0.3799999 8.41 1E1D1B 0.6
1.89 0.3799999 7.780001 1E1D1B 0.6
1.89 0.3799999 7.15 1E1D1B 0.6
1.89 0.3799999 6.52 1E1D1B 0.6
1.89 0.3799999 5.89 1E1D1B 0.6
1.89 0.3799999 5.26 1E1D1B 0.6
1.89 0.3799999 4.63 1E1D1B 0.6
1.89 0.3799999 4 1E1D1B 0.6
1.89 0.3799999 3.37 1E1D1B 0.6
1.89 0.3799999 2.74 1E1D1B 0.6
1.89 0.3799999 2.11 1E1D1B 0.6
1.89 0.3799999 1.48 1E1D1B 0.6
1.89 0.3799999 0.8499999 1E1D1B 0.6
1.89 0.3799999 0.2199998 1E1D1B 0.6
1.89 0.3799999 -0.4100003 1E1D1B 0.6
1.89 0.3799999 -1.04 1E1D1B 0.6
1.89 0.3799999 -1.67 1E1D1B 0.6
1.89 0.3799999 -2.3 1E1D1B 0.6
1.89 0.3799999 -2.93 1E1D1B 0.6
1.89 0.3799999 -3.56 1E1D1B 0.6
1.89 0.3799999 -4.190001 1E1D1B 0.6
1.89 0.3799999 -4.820001 1E1D1B 0.6
1.89 0.3799999 -5.450001 1E1D1B 0.6
1.89 0.3799999 -6.08 1E1D1B 0.6
1.89 0.3799999 -6.710001 1E1D1B 0.6
1.89 1.01 9.67 1E1D1B 0.6
1.89 1.01 -1.67 1E1D1B 0.6
1.89 1.01 -6.710001 393937 0.6
1.89 1.64 14.08 393937 0.6
1.89 3.53 14.08 658B26 0.6
1.89 1.64 10.3 1E1D1B 0.6
1.89 6.05 13.45 7EA831 0.6
1.89 1.64 -1.04 1E1D1B 0.6
1.89 1.64 9.04 1E1D1B 0.6
1.89 1.64 -2.3 1E1D1B 0.6
1.89 1.64 -6.710001 A0CE3D 0.6
1.89 2.27 14.08 7EA831 0.6
1.89 2.27 9.67 1E1D1B 0.6
1.89 2.27 -1.67 1E1D1B 0.6
1.89 2.27 -6.08 393937 0.6
1.89 2.9 14.08 7EA831 0.6
1.89 2.9 -6.08 393937 0.6
1.89 6.05 14.08 7EA831 0.6
1.89 3.53 -6.08 A0CE3D 0.6
1.89 3.53 -5.450001 A0CE3D 0.6
1.89 4.16 14.08 8BB635 0.6
1.89 4.16 -4.190001 A0CE3D 0.6
1.89 4.16 -4.820001 A0CE3D 0.6
1.89 4.79 14.08 8BB635 0.6
1.89 4.79 -0.4100003 A0CE3D 0.6
1.89 4.79 0.2199998 96C339 0.6
1.89 4.79 -1.04 A0CE3D 0.6
1.89 4.79 -1.67 A0CE3D 0.6
1.89 4.16 -2.3 A0CE3D 0.6
1.89 4.16 -2.93 A0CE3D 0.6
1.89 4.16 -3.56 A0CE3D 0.6
1.89 5.42 12.19 96C339 0.6
1.89 4.79 13.45 A0CE3D 0.6
1.89 4.79 12.82 96C339 0.6
1.89 5.42 0.8499999 252829 0.6
1.89 6.05 10.3 252829 0.6
1.89 5.42 11.56 96C339 0.6
1.89 6.05 10.93 252829 0.6
1.89 6.05 1.48 252829 0.6
1.89 6.05 2.11 252829 0.6
1.89 6.68 9.04 252829 0.6
1.89 6.68 14.08 A0CE3D 0.6
1.89 6.68 13.45 A0CE3D 0.6
1.89 6.68 9.67 252829 0.6
1.89 6.68 2.74 252829 0.6
1.89 6.68 8.41 252829 0.6
1.89 7.31 7.780001 A0CE3D 0.6
1.89 7.31 7.15 A0CE3D 0.6
1.89 7.31 6.52 A0CE3D 0.6
1.89 7.31 5.89 A0CE3D 0.6
1.89 7.31 5.26 A0CE3D 0.6
1.89 7.31 4.63 A0CE3D 0.6
1.89 7.31 4 A0CE3D 0.6
1.89 7.31 3.37 A0CE3D 0.6
1.26 1.01 14.08 1E1D1B 0.6
1.26 1.01 13.45 1E1D1B 0.6
1.26 1.01 12.82 1E1D1B 0.6
1.26 1.01 12.19 1E1D1B 0.6
1.26 1.01 11.56 1E1D1B 0.6
1.26 1.01 10.93 1E1D1B 0.6
1.26 0.3799999 10.3 1E1D1B 0.6
1.26 0.3799999 9.67 1E1D1B 0.6
1.26 0.3799999 9.04 1E1D1B 0.6
1.26 0.3799999 8.41 1E1D1B 0.6
1.26 0.3799999 7.780001 1E1D1B 0.6
1.26 0.3799999 7.15 1E1D1B 0.6
1.26 0.3799999 6.52 1E1D1B 0.6
1.26 0.3799999 5.89 1E1D1B 0.6
1.26 0.3799999 5.26 1E1D1B 0.6
1.26 0.3799999 4.63 1E1D1B 0.6
1.26 0.3799999 4 1E1D1B 0.6
1.26 0.3799999 3.37 1E1D1B 0.6
1.26 0.3799999 2.74 1E1D1B 0.6
1.26 0.3799999 2.11 1E1D1B 0.6
1.26 0.3799999 1.48 1E1D1B 0.6
1.26 0.3799999 0.8499999 1E1D1B 0.6
1.26 0.3799999 0.2199998 1E1D1B 0.6
1.26 0.3799999 -0.4100003 1E1D1B 0.6
1.26 0.3799999 -1.04 1E1D1B 0.6
1.26 0.3799999 -1.67 1E1D1B 0.6
1.26 0.3799999 -2.3 1E1D1B 0.6
1.26 0.3799999 -2.93 1E1D1B 0.6
1.26 0.3799999 -3.56 1E1D1B 0.6
1.26 0.3799999 -4.190001 1E1D1B 0.6
1.26 0.3799999 -4.820001 1E1D1B 0.6
1.26 0.3799999 -5.450001 1E1D1B 0.6
1.26 0.3799999 -6.08 1E1D1B 0.6
1.26 0.3799999 -6.710001 1E1D1B 0.6
1.26 1.01 9.67 1E1D1B 0.6
1.26 1.01 -1.67 1E1D1B 0.6
1.26 1.01 -6.710001 393937 0.6
1.26 1.64 14.08 393937 0.6
1.26 3.53 14.08 658B26 0.6
1.26 1.64 10.3 1E1D1B 0.6
1.26 6.05 13.45 7EA831 0.6
1.26 1.64 -1.04 1E1D1B 0.6
1.26 1.64 9.04 1E1D1B 0.6
1.26 1.64 -2.3 1E1D1B 0.6
1.26 1.64 -6.710001 A0CE3D 0.6
1.26 2.27 14.08 7EA831 0.6
1.26 2.27 9.67 1E1D1B 0.6
1.26 2.27 -1.67 1E1D1B 0.6
1.26 2.27 -6.08 393937 0.6
1.26 2.9 14.08 798386 0.6
1.26 2.9 -6.08 393937 0.6
1.26 6.05 14.08 7EA831 0.6
1.26 3.53 -6.08 A0CE3D 0.6
1.26 3.53 -5.450001 A0CE3D 0.6
1.26 4.16 14.08 8BB635 0.6
1.26 4.16 -4.190001 A0CE3D 0.6
1.26 4.16 -4.820001 A0CE3D 0.6
1.26 4.79 14.08 8BB635 0.6
1.26 4.79 -0.4100003 A0CE3D 0.6
1.26 4.79 0.2199998 96C339 0.6
1.26 4.79 -1.04 AAD842 0.6
-1.26 4.79 -1.67 AAD842 0.6
1.26 4.16 -2.93 393937 0.6
-1.26 4.79 -2.93 2C2B29 0.6
1.26 4.16 -3.56 A0CE3D 0.6
1.26 5.42 12.19 96C339 0.6
1.26 4.79 13.45 A0CE3D 0.6
1.26 4.79 12.82 96C339 0.6
1.26 5.42 0.8499999 252829 0.6
1.26 6.05 10.3 252829 0.6
1.26 5.42 11.56 96C339 0.6
1.26 6.05 10.93 252829 0.6
1.26 6.05 1.48 252829 0.6
1.26 6.05 2.11 252829 0.6
1.26 6.68 9.04 252829 0.6
1.26 6.68 14.08 A0CE3D 0.6
1.26 6.68 13.45 A0CE3D 0.6
1.26 6.68 9.67 252829 0.6
1.26 6.68 2.74 252829 0.6
1.26 6.68 8.41 252829 0.6
1.26 7.31 7.780001 A0CE3D 0.6
1.26 7.31 7.15 A0CE3D 0.6
1.26 7.31 6.52 A0CE3D 0.6
1.26 7.31 5.89 A0CE3D 0.6
1.26 7.31 5.26 A0CE3D 0.6
1.26 7.31 4.63 A0CE3D 0.6
1.26 7.31 4 A0CE3D 0.6
1.26 7.31 3.37 A0CE3D 0.6
0.6300001 1.01 14.08 1E1D1B 0.6
0.6300001 1.01 13.45 1E1D1B 0.6
0.6300001 1.01 12.82 1E1D1B 0.6
0.6300001 1.01 12.19 1E1D1B 0.6
0.6300001 1.01 11.56 1E1D1B 0.6
0.6300001 1.01 10.93 1E1D1B 0.6
0.6300001 0.3799999 10.3 1E1D1B 0.6
0.6300001 0.3799999 9.67 1E1D1B 0.6
0.6300001 0.3799999 9.04 1E1D1B 0.6
0.6300001 0.3799999 8.41 1E1D1B 0.6
0.6300001 0.3799999 7.780001 1E1D1B 0.6
0.6300001 0.3799999 7.15 1E1D1B 0.6
0.6300001 0.3799999 6.52 1E1D1B 0.6
0.6300001 0.3799999 5.89 1E1D1B 0.6
0.6300001 0.3799999 5.26 1E1D1B 0.6
0.6300001 0.3799999 4.63 1E1D1B 0.6
0.6300001 0.3799999 4 1E1D1B 0.6
0.6300001 0.3799999 3.37 1E1D1B 0.6
0.6300001 0.3799999 2.74 1E1D1B 0.6
0.6300001 0.3799999 2.11 1E1D1B 0.6
0.6300001 0.3799999 1.48 1E1D1B 0.6
0.6300001 0.3799999 0.8499999 1E1D1B 0.6
0.6300001 0.3799999 0.2199998 1E1D1B 0.6
0.6300001 0.3799999 -0.4100003 1E1D1B 0.6
0.6300001 0.3799999 -1.04 1E1D1B 0.6
0.6300001 0.3799999 -1.67 1E1D1B 0.6
0.6300001 0.3799999 -2.3 1E1D1B 0.6
0.6300001 0.3799999 -2.93 1E1D1B 0.6
0.6300001 0.3799999 -3.56 1E1D1B 0.6
0.6300001 0.3799999 -4.190001 1E1D1B 0.6
0.6300001 0.3799999 -4.820001 1E1D1B 0.6
0.6300001 0.3799999 -5.450001 1E1D1B 0.6
0.6300001 0.3799999 -6.08 1E1D1B 0.6
0.6300001 0.3799999 -6.710001 1E1D1B 0.6
0.6300001 1.01 9.67 1E1D1B 0.6
0.6300001 1.01 -1.67 1E1D1B 0.6
0.6300001 4.79 -2.93 2C2B29 0.6
0.6300001 1.01 -6.710001 393937 0.6
0.6300001 1.64 14.08 393937 0.6
0.6300001 3.53 14.08 658B26 0.6
0.6300001 1.64 10.3 1E1D1B 0.6
0.6300001 6.05 13.45 7EA831 0.6
0.6300001 1.64 -1.04 1E1D1B 0.6
0.6300001 1.64 9.04 1E1D1B 0.6
0.6300001 1.64 -2.3 1E1D1B 0.6
0.6300001 1.64 -6.710001 A0CE3D 0.6
0.6300001 2.27 14.08 7EA831 0.6
0.6300001 2.27 9.67 1E1D1B 0.6
0.6300001 2.27 -1.67 1E1D1B 0.6
0.6300001 2.27 -6.08 393937 0.6
0.6300001 2.9 14.08 798386 0.6
0.6300001 2.9 -6.08 494D52 0.6
0.6300001 2.9 -6.710001 808B8E 0.6
0.6300001 6.05 14.08 7EA831 0.6
0.6300001 3.53 -6.08 A0CE3D 0.6
0.6300001 3.53 -5.450001 A0CE3D 0.6
0.6300001 4.16 14.08 8BB635 0.6
0.6300001 4.16 -4.190001 A0CE3D 0.6
0.6300001 4.16 -4.820001 A0CE3D 0.6
0.6300001 4.79 14.08 8BB635 0.6
0.6300001 4.79 -1.67 AAD842 0.6
0.6300001 4.79 -0.4100003 A0CE3D 0.6
0.6300001 4.79 0.2199998 96C339 0.6
0.6300001 4.79 -1.04 AAD842 0.6
0.6300001 4.16 -2.93 393937 0.6
0.6300001 4.16 -3.56 A0CE3D 0.6
0.6300001 5.42 12.19 96C339 0.6
0.6300001 4.79 13.45 A0CE3D 0.6
0.6300001 4.79 12.82 96C339 0.6
0.6300001 5.42 0.8499999 252829 0.6
0.6300001 4.79 -2.3 AAD842 0.6
0.6300001 6.05 10.3 252829 0.6
0.6300001 5.42 11.56 96C339 0.6
0.6300001 6.05 10.93 252829 0.6
0.6300001 6.05 1.48 252829 0.6
0.6300001 6.05 2.11 252829 0.6
0.6300001 6.68 9.04 252829 0.6
0.6300001 6.68 14.08 A0CE3D 0.6
0.6300001 6.68 13.45 A0CE3D 0.6
0.6300001 6.68 9.67 252829 0.6
0.6300001 6.68 2.74 252829 0.6
0.6300001 6.68 8.41 252829 0.6
0.6300001 7.31 7.780001 A0CE3D 0.6
0.6300001 7.31 7.15 A0CE3D 0.6
0.6300001 7.31 6.52 A0CE3D 0.6
0.6300001 7.31 5.89 A0CE3D 0.6
0.6300001 7.31 5.26 A0CE3D 0.6
0.6300001 7.31 4.63 A0CE3D 0.6
0.6300001 7.31 4 A0CE3D 0.6
0.6300001 7.31 3.37 A0CE3D 0.6
0 1.01 14.08 1E1D1B 0.6
0 1.01 13.45 1E1D1B 0.6
0 1.01 12.82 1E1D1B 0.6
0 1.01 12.19 1E1D1B 0.6
0 1.01 11.56 1E1D1B 0.6
0 1.01 10.93 1E1D1B 0.6
0 0.3799999 10.3 1E1D1B 0.6
0 0.3799999 9.67 1E1D1B 0.6
0 0.3799999 9.04 1E1D1B 0.6
0 0.3799999 8.41 1E1D1B 0.6
0 0.3799999 7.780001 1E1D1B 0.6
0 0.3799999 7.15 1E1D1B 0.6
0 0.3799999 6.52 1E1D1B 0.6
0 0.3799999 5.89 1E1D1B 0.6
0 0.3799999 5.26 1E1D1B 0.6
0 0.3799999 4.63 1E1D1B 0.6
0 0.3799999 4 1E1D1B 0.6
0 0.3799999 3.37 1E1D1B 0.6
0 0.3799999 2.74 1E1D1B 0.6
0 0.3799999 2.11 1E1D1B 0.6
0 0.3799999 1.48 1E1D1B 0.6
0 0.3799999 0.8499999 1E1D1B 0.6
0 0.3799999 0.2199998 1E1D1B 0.6
0 0.3799999 -0.4100003 1E1D1B 0.6
0 0.3799999 -1.04 1E1D1B 0.6
0 0.3799999 -1.67 1E1D1B 0.6
0 0.3799999 -2.3 1E1D1B 0.6
0 0.3799999 -2.93 1E1D1B 0.6
0 0.3799999 -3.56 1E1D1B 0.6
0 0.3799999 -4.190001 1E1D1B 0.6
0 0.3799999 -4.820001 1E1D1B 0.6
0 0.3799999 -5.450001 1E1D1B 0.6
0 0.3799999 -6.08 1E1D1B 0.6
0 0.3799999 -6.710001 1E1D1B 0.6
0 1.01 9.67 1E1D1B 0.6
0 1.01 -1.67 1E1D1B 0.6
0 4.79 -2.93 2C2B29 0.6
0 1.01 -6.710001 393937 0.6
0 1.64 14.08 393937 0.6
0 3.53 14.08 658B26 0.6
0 1.64 10.3 1E1D1B 0.6
0 6.05 13.45 7EA831 0.6
0 1.64 -1.04 1E1D1B 0.6
0 1.64 9.04 1E1D1B 0.6
0 1.64 -2.3 1E1D1B 0.6
0 1.64 -6.710001 A0CE3D 0.6
0 2.27 14.08 7EA831 0.6
0 2.27 9.67 1E1D1B 0.6
0 2.27 -1.67 1E1D1B 0.6
0 2.27 -6.08 393937 0.6
0 2.9 14.08 798386 0.6
0 2.9 -6.08 494D52 0.6
0 2.9 -6.710001 808B8E 0.6
0 6.05 14.08 7EA831 0.6
0 3.53 -6.08 A0CE3D 0.6
0 3.53 -5.450001 A0CE3D 0.6
0 4.16 14.08 8BB635 0.6
0 4.16 -4.190001 A0CE3D 0.6
0 4.16 -4.820001 A0CE3D 0.6
0 4.79 14.08 8BB635 0.6
0 4.79 -1.67 AAD842 0.6
0 4.79 -0.4100003 A0CE3D 0.6
0 4.79 0.2199998 96C339 0.6
0 4.79 -1.04 AAD842 0.6
0 4.16 -2.93 393937 0.6
0 4.16 -3.56 A0CE3D 0.6
0 5.42 12.19 96C339 0.6
0 4.79 13.45 A0CE3D 0.6
0 4.79 12.82 96C339 0.6
0 5.42 0.8499999 252829 0.6
0 4.79 -2.3 AAD842 0.6
0 6.05 10.3 252829 0.6
0 5.42 11.56 96C339 0.6
0 6.05 10.93 252829 0.6
0 6.05 1.48 252829 0.6
0 6.05 2.11 252829 0.6
0 6.68 9.04 252829 0.6
0 6.68 14.08 A0CE3D 0.6
0 6.68 13.45 A0CE3D 0.6
0 6.68 9.67 252829 0.6
0 6.68 2.74 252829 0.6
0 6.68 8.41 252829 0.6
0 7.31 7.780001 A0CE3D 0.6
0 7.31 7.15 A0CE3D 0.6
0 7.31 6.52 A0CE3D 0.6
0 7.31 5.89 A0CE3D 0.6
0 7.31 5.26 A0CE3D 0.6
0 7.31 4.63 A0CE3D 0.6
0 7.31 4 A0CE3D 0.6
0 7.31 3.37 A0CE3D 0.6
-0.6300001 1.01 14.08 1E1D1B 0.6
-0.6300001 1.01 13.45 1E1D1B 0.6
-0.6300001 1.01 12.82 1E1D1B 0.6
-0.6300001 1.01 12.19 1E1D1B 0.6
-0.6300001 1.01 11.56 1E1D1B 0.6
-0.6300001 1.01 10.93 1E1D1B 0.6
-0.6300001 0.3799999 10.3 1E1D1B 0.6
-0.6300001 0.3799999 9.67 1E1D1B 0.6
-0.6300001 0.3799999 9.04 1E1D1B 0.6
-0.6300001 0.3799999 8.41 1E1D1B 0.6
-0.6300001 0.3799999 7.780001 1E1D1B 0.6
-0.6300001 0.3799999 7.15 1E1D1B 0.6
-0.6300001 0.3799999 6.52 1E1D1B 0.6
-0.6300001 0.3799999 5.89 1E1D1B 0.6
-0.6300001 0.3799999 5.26 1E1D1B 0.6
-0.6300001 0.3799999 4.63 1E1D1B 0.6
-0.6300001 0.3799999 4 1E1D1B 0.6
-0.6300001 0.3799999 3.37 1E1D1B 0.6
-0.6300001 0.3799999 2.74 1E1D1B 0.6
-0.6300001 0.3799999 2.11 1E1D1B 0.6
-0.6300001 0.3799999 1.48 1E1D1B 0.6
-0.6300001 0.3799999 0.8499999 1E1D1B 0.6
-0.6300001 0.3799999 0.2199998 1E1D1B 0.6
-0.6300001 0.3799999 -0.4100003 1E1D1B 0.6
-0.6300001 0.3799999 -1.04 1E1D1B 0.6
-0.6300001 0.3799999 -1.67 1E1D1B 0.6
-0.6300001 0.3799999 -2.3 1E1D1B 0.6
-0.6300001 0.3799999 -2.93 1E1D1B 0.6
-0.6300001 0.3799999 -3.56 1E1D1B 0.6
-0.6300001 0.3799999 -4.190001 1E1D1B 0.6
-0.6300001 0.3799999 -4.820001 1E1D1B 0.6
-0.6300001 0.3799999 -5.450001 1E1D1B 0.6
-0.6300001 0.3799999 -6.08 1E1D1B 0.6
-0.6300001 0.3799999 -6.710001 1E1D1B 0.6
-0.6300001 1.01 9.67 1E1D1B 0.6
-0.6300001 1.01 -1.67 1E1D1B 0.6
-0.6300001 4.79 -2.93 2C2B29 0.6
-0.6300001 1.01 -6.710001 393937 0.6
-0.6300001 1.64 14.08 393937 0.6
-0.6300001 3.53 14.08 658B26 0.6
-0.6300001 1.64 10.3 1E1D1B 0.6
-0.6300001 6.05 13.45 7EA831 0.6
-0.6300001 1.64 -1.04 1E1D1B 0.6
-0.6300001 1.64 9.04 1E1D1B 0.6
-0.6300001 1.64 -2.3 1E1D1B 0.6
-0.6300001 1.64 -6.710001 A0CE3D 0.6
-0.6300001 2.27 14.08 7EA831 0.6
-0.6300001 2.27 9.67 1E1D1B 0.6
-0.6300001 2.27 -1.67 1E1D1B 0.6
-0.6300001 2.27 -6.08 393937 0.6
-0.6300001 2.9 14.08 798386 0.6
-0.6300001 2.9 -6.08 494D52 0.6
-0.6300001 2.9 -6.710001 808B8E 0.6
-0.6300001 6.05 14.08 7EA831 0.6
-0.6300001 3.53 -6.08 A0CE3D 0.6
-0.6300001 3.53 -5.450001 A0CE3D 0.6
-0.6300001 4.16 14.08 8BB635 0.6
-0.6300001 4.16 -4.190001 A0CE3D 0.6
-0.6300001 4.16 -4.820001 A0CE3D 0.6
-0.6300001 4.79 14.08 8BB635 0.6
-0.6300001 4.79 -1.67 AAD842 0.6
-0.6300001 4.79 -0.4100003 A0CE3D 0.6
-0.6300001 4.79 0.2199998 96C339 0.6
-0.6300001 4.79 -1.04 AAD842 0.6
-0.6300001 4.16 -2.93 393937 0.6
-0.6300001 4.16 -3.56 A0CE3D 0.6
-0.6300001 5.42 12.19 96C339 0.6
-0.6300001 4.79 13.45 A0CE3D 0.6
-0.6300001 4.79 12.82 96C339 0.6
-0.6300001 5.42 0.8499999 252829 0.6
-0.6300001 4.79 -2.3 AAD842 0.6
-0.6300001 6.05 10.3 252829 0.6
-0.6300001 5.42 11.56 96C339 0.6
-0.6300001 6.05 10.93 252829 0.6
-0.6300001 6.05 1.48 252829 0.6
-0.6300001 6.05 2.11 252829 0.6
-0.6300001 6.68 9.04 252829 0.6
-0.6300001 6.68 14.08 A0CE3D 0.6
-0.6300001 6.68 13.45 A0CE3D 0.6
-0.6300001 6.68 9.67 252829 0.6
-0.6300001 6.68 2.74 252829 0.6
-0.6300001 6.68 8.41 252829 0.6
-0.6300001 7.31 7.780001 A0CE3D 0.6
-0.6300001 7.31 7.15 A0CE3D 0.6
-0.6300001 7.31 6.52 A0CE3D 0.6
-0.6300001 7.31 5.89 A0CE3D 0.6
-0.6300001 7.31 5.26 A0CE3D 0.6
-0.6300001 7.31 4.63 A0CE3D 0.6
-0.6300001 7.31 4 A0CE3D 0.6
-0.6300001 7.31 3.37 A0CE3D 0.6
-1.26 1.01 14.08 1E1D1B 0.6
-1.26 1.01 13.45 1E1D1B 0.6
-1.26 1.01 12.82 1E1D1B 0.6
-1.26 1.01 12.19 1E1D1B 0.6
-1.26 1.01 11.56 1E1D1B 0.6
-1.26 1.01 10.93 1E1D1B 0.6
-1.26 0.3799999 10.3 1E1D1B 0.6
-1.26 0.3799999 9.67 1E1D1B 0.6
-1.26 0.3799999 9.04 1E1D1B 0.6
-1.26 0.3799999 8.41 1E1D1B 0.6
-1.26 0.3799999 7.780001 1E1D1B 0.6
-1.26 0.3799999 7.15 1E1D1B 0.6
-1.26 0.3799999 6.52 1E1D1B 0.6
-1.26 0.3799999 5.89 1E1D1B 0.6
-1.26 0.3799999 5.26 1E1D1B 0.6
-1.26 0.3799999 4.63 1E1D1B 0.6
-1.26 0.3799999 4 1E1D1B 0.6
-1.26 0.3799999 3.37 1E1D1B 0.6
-1.26 0.3799999 2.74 1E1D1B 0.6
-1.26 0.3799999 2.11 1E1D1B 0.6
-1.26 0.3799999 1.48 1E1D1B 0.6
-1.26 0.3799999 0.8499999 1E1D1B 0.6
-1.26 0.3799999 0.2199998 1E1D1B 0.6
-1.26 0.3799999 -0.4100003 1E1D1B 0.6
-1.26 0.3799999 -1.04 1E1D1B 0.6
-1.26 0.3799999 -1.67 1E1D1B 0.6
-1.26 0.3799999 -2.3 1E1D1B 0.6
-1.26 0.3799999 -2.93 1E1D1B 0.6
-1.26 0.3799999 -3.56 1E1D1B 0.6
-1.26 0.3799999 -4.190001 1E1D1B 0.6
-1.26 0.3799999 -4.820001 1E1D1B 0.6
-1.26 0.3799999 -5.450001 1E1D1B 0.6
-1.26 0.3799999 -6.08 1E1D1B 0.6
-1.26 0.3799999 -6.710001 1E1D1B 0.6
-1.26 1.01 9.67 1E1D1B 0.6
-1.26 1.01 -1.67 1E1D1B 0.6
-1.26 1.01 -6.710001 393937 0.6
-1.26 1.64 14.08 393937 0.6
-1.26 3.53 14.08 658B26 0.6
-1.26 1.64 10.3 1E1D1B 0.6
-1.26 6.05 13.45 7EA831 0.6
-1.26 1.64 -1.04 1E1D1B 0.6
-1.26 1.64 9.04 1E1D1B 0.6
-1.26 1.64 -2.3 1E1D1B 0.6
-1.26 1.64 -6.710001 A0CE3D 0.6
-1.26 2.27 14.08 7EA831 0.6
-1.26 2.27 9.67 1E1D1B 0.6
-1.26 2.27 -1.67 1E1D1B 0.6
-1.26 2.27 -6.08 393937 0.6
-1.26 2.9 14.08 798386 0.6
-1.26 2.9 -6.08 393937 0.6
-1.26 6.05 14.08 7EA831 0.6
-1.26 3.53 -6.08 A0CE3D 0.6
-1.26 3.53 -5.450001 A0CE3D 0.6
-1.26 4.16 14.08 8BB635 0.6
-1.26 4.16 -4.190001 A0CE3D 0.6
-1.26 4.16 -4.820001 A0CE3D 0.6
-1.26 4.79 14.08 8BB635 0.6
-1.26 4.79 -0.4100003 A0CE3D 0.6
-1.26 4.79 0.2199998 96C339 0.6
-1.26 4.79 -1.04 AAD842 0.6
-1.26 4.16 -2.93 393937 0.6
-1.26 4.16 -3.56 A0CE3D 0.6
-1.26 5.42 12.19 96C339 0.6
-1.26 4.79 13.45 A0CE3D 0.6
-1.26 4.79 12.82 96C339 0.6
-1.26 5.42 0.8499999 252829 0.6
-1.26 4.79 -2.3 AAD842 0.6
-1.26 6.05 10.3 252829 0.6
-1.26 5.42 11.56 96C339 0.6
-1.26 6.05 10.93 252829 0.6
-1.26 6.05 1.48 252829 0.6
-1.26 6.05 2.11 252829 0.6
-1.26 6.68 9.04 252829 0.6
-1.26 6.68 14.08 A0CE3D 0.6
-1.26 6.68 13.45 A0CE3D 0.6
-1.26 6.68 9.67 252829 0.6
-1.26 6.68 2.74 252829 0.6
-1.26 6.68 8.41 252829 0.6
-1.26 7.31 7.780001 A0CE3D 0.6
-1.26 7.31 7.15 A0CE3D 0.6
-1.26 7.31 6.52 A0CE3D 0.6
-1.26 7.31 5.89 A0CE3D 0.6
-1.26 7.31 5.26 A0CE3D 0.6
-1.26 7.31 4.63 A0CE3D 0.6
-1.26 7.31 4 A0CE3D 0.6
-1.26 7.31 3.37 A0CE3D 0.6
-1.89 1.01 14.08 1E1D1B 0.6
-1.89 1.01 13.45 1E1D1B 0.6
-1.89 1.01 12.82 1E1D1B 0.6
-1.89 1.01 12.19 1E1D1B 0.6
-1.89 1.01 11.56 1E1D1B 0.6
-1.89 1.01 10.93 1E1D1B 0.6
-1.89 0.3799999 10.3 1E1D1B 0.6
-1.89 0.3799999 9.67 1E1D1B 0.6
-1.89 0.3799999 9.04 1E1D1B 0.6
-1.89 0.3799999 8.41 1E1D1B 0.6
-1.89 0.3799999 7.780001 1E1D1B 0.6
-1.89 0.3799999 7.15 1E1D1B 0.6
-1.89 0.3799999 6.52 1E1D1B 0.6
-1.89 0.3799999 5.89 1E1D1B 0.6
-1.89 0.3799999 5.26 1E1D1B 0.6
-1.89 0.3799999 4.63 1E1D1B 0.6
-1.89 0.3799999 4 1E1D1B 0.6
-1.89 0.3799999 3.37 1E1D1B 0.6
-1.89 0.3799999 2.74 1E1D1B 0.6
-1.89 0.3799999 2.11 1E1D1B 0.6
-1.89 0.3799999 1.48 1E1D1B 0.6
-1.89 0.3799999 0.8499999 1E1D1B 0.6
-1.89 0.3799999 0.2199998 1E1D1B 0.6
-1.89 0.3799999 -0.4100003 1E1D1B 0.6
-1.89 0.3799999 -1.04 1E1D1B 0.6
-1.89 0.3799999 -1.67 1E1D1B 0.6
-1.89 0.3799999 -2.3 1E1D1B 0.6
-1.89 0.3799999 -2.93 1E1D1B 0.6
-1.89 0.3799999 -3.56 1E1D1B 0.6
-1.89 0.3799999 -4.190001 1E1D1B 0.6
-1.89 0.3799999 -4.820001 1E1D1B 0.6
-1.89 0.3799999 -5.450001 1E1D1B 0.6
-1.89 0.3799999 -6.08 1E1D1B 0.6
-1.89 0.3799999 -6.710001 1E1D1B 0.6
-1.89 1.01 9.67 1E1D1B 0.6
-1.89 1.01 -1.67 1E1D1B 0.6
-1.89 1.01 -6.710001 393937 0.6
-1.89 1.64 14.08 393937 0.6
-1.89 3.53 14.08 658B26 0.6
-1.89 1.64 10.3 1E1D1B 0.6
-1.89 6.05 13.45 7EA831 0.6
-1.89 1.64 -1.04 1E1D1B 0.6
-1.89 1.64 9.04 1E1D1B 0.6
-1.89 1.64 -2.3 1E1D1B 0.6
-1.89 1.64 -6.710001 A0CE3D 0.6
-1.89 2.27 14.08 7EA831 0.6
-1.89 2.27 9.67 1E1D1B 0.6
-1.89 2.27 -1.67 1E1D1B 0.6
-1.89 2.27 -6.08 393937 0.6
-1.89 2.9 14.08 7EA831 0.6
-1.89 2.9 -6.08 393937 0.6
-1.89 6.05 14.08 7EA831 0.6
-1.89 3.53 -6.08 A0CE3D 0.6
-1.89 3.53 -5.450001 A0CE3D 0.6
-1.89 4.16 14.08 8BB635 0.6
-1.89 4.16 -4.190001 A0CE3D 0.6
-1.89 4.16 -4.820001 A0CE3D 0.6
-1.89 4.79 14.08 8BB635 0.6
-1.89 4.79 -0.4100003 A0CE3D 0.6
-1.89 4.79 0.2199998 96C339 0.6
-1.89 4.79 -1.04 A0CE3D 0.6
-1.89 4.79 -1.67 A0CE3D 0.6
-1.89 4.16 -2.3 A0CE3D 0.6
-1.89 4.16 -2.93 A0CE3D 0.6
-1.89 4.16 -3.56 A0CE3D 0.6
-1.89 5.42 12.19 96C339 0.6
-1.89 4.79 13.45 A0CE3D 0.6
-1.89 4.79 12.82 96C339 0.6
-1.89 5.42 0.8499999 252829 0.6
-1.89 6.05 10.3 252829 0.6
-1.89 5.42 11.56 96C339 0.6
-1.89 6.05 10.93 252829 0.6
-1.89 6.05 1.48 252829 0.6
-1.89 6.05 2.11 252829 0.6
-1.89 6.68 9.04 252829 0.6
-1.89 6.68 14.08 A0CE3D 0.6
-1.89 6.68 13.45 A0CE3D 0.6
-1.89 6.68 9.67 252829 0.6
-1.89 6.68 2.74 252829 0.6
-1.89 6.68 8.41 252829 0.6
-1.89 7.31 7.780001 A0CE3D 0.6
-1.89 7.31 7.15 A0CE3D 0.6
-1.89 7.31 6.52 A0CE3D 0.6
-1.89 7.31 5.89 A0CE3D 0.6
-1.89 7.31 5.26 A0CE3D 0.6
-1.89 7.31 4.63 A0CE3D 0.6
-1.89 7.31 4 A0CE3D 0.6
-1.89 7.31 3.37 A0CE3D 0.6
-2.52 1.01 14.08 1E1D1B 0.6
-2.52 1.01 13.45 1E1D1B 0.6
-2.52 1.01 12.82 1E1D1B 0.6
-2.52 1.01 12.19 1E1D1B 0.6
-2.52 1.01 11.56 1E1D1B 0.6
-2.52 1.01 10.93 1E1D1B 0.6
-2.52 0.3799999 10.3 1E1D1B 0.6
-2.52 0.3799999 9.67 1E1D1B 0.6
-2.52 0.3799999 9.04 1E1D1B 0.6
-2.52 0.3799999 8.41 1E1D1B 0.6
-2.52 0.3799999 7.780001 1E1D1B 0.6
-2.52 0.3799999 7.15 1E1D1B 0.6
-2.52 0.3799999 6.52 1E1D1B 0.6
-2.52 0.3799999 5.89 1E1D1B 0.6
-2.52 0.3799999 5.26 1E1D1B 0.6
-2.52 0.3799999 4.63 1E1D1B 0.6
-2.52 0.3799999 4 1E1D1B 0.6
-2.52 0.3799999 3.37 1E1D1B 0.6
-2.52 0.3799999 2.74 1E1D1B 0.6
-2.52 0.3799999 2.11 1E1D1B 0.6
-2.52 0.3799999 1.48 1E1D1B 0.6
-2.52 0.3799999 0.8499999 1E1D1B 0.6
-2.52 0.3799999 0.2199998 1E1D1B 0.6
-2.52 0.3799999 -0.4100003 1E1D1B 0.6
-2.52 0.3799999 -1.04 1E1D1B 0.6
-2.52 0.3799999 -1.67 1E1D1B 0.6
-2.52 0.3799999 -2.3 1E1D1B 0.6
-2.52 0.3799999 -2.93 1E1D1B 0.6
-2.52 0.3799999 -3.56 1E1D1B 0.6
-2.52 0.3799999 -4.190001 1E1D1B 0.6
-2.52 0.3799999 -4.820001 1E1D1B 0.6
-2.52 0.3799999 -5.450001 1E1D1B 0.6
-2.52 0.3799999 -6.08 1E1D1B 0.6
-2.52 0.3799999 -6.710001 1E1D1B 0.6
-2.52 1.01 9.67 1E1D1B 0.6
-2.52 1.01 -1.67 1E1D1B 0.6
-2.52 1.01 -6.710001 393937 0.6
-2.52 6.05 14.08 7EA831 0.6
-3.15 1.64 14.08 6B6966 0.6
-2.52 1.64 10.3 1E1D1B 0.6
-3.15 1.64 13.45 6B6966 0.6
-3.15 1.64 12.82 6B6966 0.6
-2.52 1.64 -1.04 1E1D1B 0.6
-2.52 1.64 9.04 1E1D1B 0.6
-2.52 1.64 -2.3 1E1D1B 0.6
-2.52 1.64 -6.710001 A0CE3D 0.6
-2.52 2.27 9.67 1E1D1B 0.6
-2.52 2.27 -1.67 1E1D1B 0.6
-2.52 2.27 -6.08 393937 0.6
-2.52 2.9 -6.08 393937 0.6
-2.52 3.53 14.08 8BB635 0.6
-2.52 3.53 -6.08 A0CE3D 0.6
-2.52 3.53 -5.450001 A0CE3D 0.6
-2.52 4.16 14.08 E44223 0.6
-2.52 4.16 -4.190001 A0CE3D 0.6
-2.52 4.16 -4.820001 A0CE3D 0.6
-2.52 4.79 14.08 8BB635 0.6
-2.52 4.79 -0.4100003 A0CE3D 0.6
-2.52 4.79 0.2199998 96C339 0.6
-2.52 4.79 -1.04 A0CE3D 0.6
-2.52 4.79 -1.67 A0CE3D 0.6
-2.52 4.16 -2.3 A0CE3D 0.6
-2.52 4.16 -2.93 A0CE3D 0.6
-2.52 4.16 -3.56 A0CE3D 0.6
-2.52 5.42 14.08 393C41 0.6
-2.52 5.42 12.19 96C339 0.6
-2.52 4.79 12.82 96C339 0.6
-2.52 5.42 0.8499999 252829 0.6
-3.15 6.05 13.45 7EA831 0.6
-2.52 6.05 10.3 252829 0.6
-2.52 5.42 11.56 96C339 0.6
-2.52 6.05 10.93 252829 0.6
-2.52 6.05 1.48 252829 0.6
-2.52 6.68 9.04 252829 0.6
-2.52 6.68 14.08 A0CE3D 0.6
-2.52 6.68 13.45 A0CE3D 0.6
-2.52 6.68 9.67 252829 0.6
-2.52 6.05 2.11 252829 0.6
-2.52 6.68 2.74 252829 0.6
-2.52 6.68 8.41 252829 0.6
-2.52 7.31 7.780001 A0CE3D 0.6
-2.52 7.31 7.15 A0CE3D 0.6
-2.52 7.31 6.52 A0CE3D 0.6
-2.52 7.31 5.89 A0CE3D 0.6
-2.52 7.31 5.26 A0CE3D 0.6
-2.52 7.31 4.63 A0CE3D 0.6
-2.52 7.31 4 A0CE3D 0.6
-2.52 7.31 3.37 A0CE3D 0.6
-3.15 1.01 14.08 1E1D1B 0.6
-3.15 1.01 13.45 1E1D1B 0.6
-3.15 1.01 12.82 1E1D1B 0.6
-3.15 1.01 12.19 1E1D1B 0.6
-3.15 1.01 11.56 1E1D1B 0.6
-3.15 1.01 10.93 1E1D1B 0.6
-3.15 0.3799999 10.3 1E1D1B 0.6
-3.15 0.3799999 9.67 1E1D1B 0.6
-3.15 0.3799999 9.04 1E1D1B 0.6
-3.15 0.3799999 8.41 1E1D1B 0.6
-3.15 0.3799999 7.780001 1E1D1B 0.6
-3.15 0.3799999 7.15 1E1D1B 0.6
-3.15 0.3799999 6.52 1E1D1B 0.6
-3.15 0.3799999 5.89 1E1D1B 0.6
-3.15 0.3799999 5.26 1E1D1B 0.6
-3.15 0.3799999 4.63 1E1D1B 0.6
-3.15 0.3799999 4 1E1D1B 0.6
-3.15 0.3799999 3.37 1E1D1B 0.6
-3.15 0.3799999 2.74 1E1D1B 0.6
-3.15 0.3799999 2.11 1E1D1B 0.6
-3.15 0.3799999 1.48 1E1D1B 0.6
-3.15 0.3799999 0.8499999 1E1D1B 0.6
-3.15 0.3799999 0.2199998 1E1D1B 0.6
-3.15 0.3799999 -0.4100003 1E1D1B 0.6
-3.15 0.3799999 -1.04 1E1D1B 0.6
-3.15 0.3799999 -1.67 1E1D1B 0.6
-3.15 0.3799999 -2.3 1E1D1B 0.6
-3.15 0.3799999 -2.93 1E1D1B 0.6
-3.15 0.3799999 -3.56 1E1D1B 0.6
-3.15 0.3799999 -4.190001 1E1D1B 0.6
-3.15 0.3799999 -4.820001 1E1D1B 0.6
-3.15 0.3799999 -5.450001 1E1D1B 0.6
-3.15 0.3799999 -6.08 1E1D1B 0.6
-3.15 0.3799999 -6.710001 1E1D1B 0.6
-3.15 1.01 9.67 1E1D1B 0.6
-3.15 1.01 -1.67 1E1D1B 0.6
-3.15 1.01 -6.710001 2C2B29 0.6
-3.15 1.64 14.71 9C9894 0.6
-3.15 1.64 10.3 1E1D1B 0.6
-3.15 1.64 -1.04 1E1D1B 0.6
-3.15 1.64 9.04 1E1D1B 0.6
-3.15 1.64 -2.3 1E1D1B 0.6
-3.15 1.64 -6.710001 A0CE3D 0.6
-3.15 2.27 14.08 8BB635 0.6
-3.15 2.27 9.67 1E1D1B 0.6
-3.15 2.27 -1.67 1E1D1B 0.6
-3.15 2.27 -6.08 393937 0.6
-3.15 2.9 14.08 8BB635 0.6
-3.15 2.9 -6.08 393937 0.6
-3.15 3.53 14.08 8BB635 0.6
-3.15 3.53 -6.08 96C339 0.6
-3.15 4.16 14.08 E44223 0.6
-3.15 4.16 -4.190001 A0CE3D 0.6
-3.15 4.16 -4.820001 8BB635 0.6
-3.15 4.16 -5.450001 96C339 0.6
-3.15 4.79 14.08 8BB635 0.6
-3.15 4.79 -0.4100003 A0CE3D 0.6
-3.15 4.79 0.2199998 A0CE3D 0.6
-3.15 4.79 -1.04 A0CE3D 0.6
-3.15 4.79 -1.67 A0CE3D 0.6
-3.15 4.16 -2.3 A0CE3D 0.6
-3.15 4.16 -2.93 A0CE3D 0.6
-3.15 4.16 -3.56 A0CE3D 0.6
-3.15 5.42 12.19 96C339 0.6
-3.15 4.79 13.45 A0CE3D 0.6
-3.15 4.79 12.82 96C339 0.6
-3.15 5.42 0.8499999 252829 0.6
-3.15 6.05 10.3 96C339 0.6
-3.15 5.42 11.56 96C339 0.6
-3.15 6.05 10.93 96C339 0.6
-3.15 6.05 1.48 252829 0.6
-3.15 6.68 9.04 96C339 0.6
-3.15 6.68 14.08 A0CE3D 0.6
-3.15 6.68 13.45 A0CE3D 0.6
-3.15 6.68 9.67 96C339 0.6
-3.15 6.05 2.11 252829 0.6
-3.15 6.68 2.74 252829 0.6
-3.15 6.68 8.41 96C339 0.6
-3.15 7.31 7.780001 A0CE3D 0.6
-3.15 7.31 7.15 A0CE3D 0.6
-3.15 7.31 6.52 A0CE3D 0.6
-3.15 7.31 5.89 A0CE3D 0.6
-3.15 7.31 5.26 A0CE3D 0.6
-3.15 7.31 4.63 A0CE3D 0.6
-3.15 7.31 4 A0CE3D 0.6
-3.15 7.31 3.37 A0CE3D 0.6
-3.78 5.42 14.71 7EA831 0.6
-3.78 1.01 14.08 1E1D1B 0.6
-3.78 1.01 13.45 1E1D1B 0.6
-3.78 1.01 12.82 1E1D1B 0.6
-3.78 1.01 12.19 1E1D1B 0.6
-3.78 1.01 11.56 1E1D1B 0.6
-3.78 1.01 10.93 1E1D1B 0.6
-3.78 0.3799999 10.3 1E1D1B 0.6
-3.78 0.3799999 9.67 1E1D1B 0.6
-3.78 0.3799999 9.04 1E1D1B 0.6
-3.78 0.3799999 8.41 1E1D1B 0.6
-3.78 0.3799999 7.780001 1E1D1B 0.6
-3.78 0.3799999 7.15 1E1D1B 0.6
-3.78 0.3799999 6.52 1E1D1B 0.6
-3.78 0.3799999 5.89 1E1D1B 0.6
-3.78 0.3799999 5.26 1E1D1B 0.6
-3.78 0.3799999 4.63 1E1D1B 0.6
-3.78 0.3799999 4 1E1D1B 0.6
-3.78 0.3799999 3.37 1E1D1B 0.6
-3.78 0.3799999 2.74 1E1D1B 0.6
-3.78 0.3799999 2.11 1E1D1B 0.6
-3.78 0.3799999 1.48 1E1D1B 0.6
-3.78 0.3799999 0.8499999 1E1D1B 0.6
-3.78 0.3799999 0.2199998 1E1D1B 0.6
-3.78 0.3799999 -0.4100003 1E1D1B 0.6
-3.78 0.3799999 -1.04 1E1D1B 0.6
-3.78 0.3799999 -1.67 1E1D1B 0.6
-3.78 0.3799999 -2.3 1E1D1B 0.6
-3.78 0.3799999 -2.93 1E1D1B 0.6
-3.78 0.3799999 -3.56 1E1D1B 0.6
-3.78 0.3799999 -4.190001 1E1D1B 0.6
-3.78 0.3799999 -4.820001 1E1D1B 0.6
-3.78 0.3799999 -5.450001 1E1D1B 0.6
-3.78 0.3799999 -6.08 1E1D1B 0.6
-3.78 5.42 12.82 7EA831 0.6
-3.78 1.01 9.67 1E1D1B 0.6
-3.78 1.01 -1.67 1E1D1B 0.6
-3.78 1.01 -6.710001 2C2B29 0.6
-3.78 1.64 14.08 393937 0.6
-3.78 5.42 14.08 7EA831 0.6
-3.78 1.64 10.3 1E1D1B 0.6
-3.78 5.42 13.45 7EA831 0.6
-3.78 1.64 13.45 6B6966 0.6
-3.78 1.64 12.82 6B6966 0.6
-3.78 1.64 -1.04 1E1D1B 0.6
-3.78 1.64 9.04 1E1D1B 0.6
-3.78 1.64 -2.3 1E1D1B 0.6
-3.78 1.64 -6.710001 8BB635 0.6
-3.78 2.27 14.08 8BB635 0.6
-3.78 2.27 9.67 1E1D1B 0.6
-3.78 2.27 -1.67 1E1D1B 0.6
-3.78 2.27 -6.710001 8BB635 0.6
-3.78 2.9 14.08 8BB635 0.6
-3.78 2.9 -6.710001 8BB635 0.6
-3.78 3.53 14.08 8BB635 0.6
-3.78 3.53 -6.08 96C339 0.6
-3.78 4.16 14.08 E44223 0.6
-3.78 4.16 -4.820001 AAD842 0.6
-3.78 4.16 -4.190001 A0CE3D 0.6
-3.78 4.16 -5.450001 F4CFA2 0.6
-3.78 4.79 14.08 8BB635 0.6
-3.78 4.79 -0.4100003 A0CE3D 0.6
-3.78 4.79 0.2199998 A0CE3D 0.6
-3.78 4.79 -1.04 A0CE3D 0.6
-3.78 4.79 -1.67 A0CE3D 0.6
-3.78 4.16 -2.3 A0CE3D 0.6
-3.78 4.16 -2.93 A0CE3D 0.6
-3.78 4.16 -3.56 A0CE3D 0.6
-3.78 5.42 12.19 96C339 0.6
-3.78 4.79 13.45 A0CE3D 0.6
-3.78 4.79 12.82 96C339 0.6
-3.78 5.42 0.8499999 252829 0.6
-3.78 6.05 14.71 8BB635 0.6
-3.78 6.05 10.3 96C339 0.6
-3.78 6.05 12.82 8BB635 0.6
-3.78 5.42 11.56 96C339 0.6
-3.78 6.05 10.93 96C339 0.6
-3.78 6.05 1.48 252829 0.6
-3.78 6.68 9.04 96C339 0.6
-3.78 6.68 14.71 A0CE3D 0.6
-3.78 6.68 14.08 A0CE3D 0.6
-3.78 6.68 13.45 A0CE3D 0.6
-3.78 6.68 12.82 A0CE3D 0.6
-3.78 6.68 9.67 96C339 0.6
-3.78 6.05 2.11 96C339 0.6
-3.78 6.68 2.74 96C339 0.6
-3.78 6.68 8.41 7EA831 0.6
-3.78 6.68 7.780001 7EA831 0.6
-3.78 6.68 7.15 252829 0.6
-3.78 6.68 6.52 7EA831 0.6
-3.78 6.68 5.89 252829 0.6
-3.78 6.68 5.26 252829 0.6
-3.78 6.68 4.63 252829 0.6
-3.78 6.68 4 252829 0.6
-3.78 6.68 3.37 7EA831 0.6
-4.41 1.01 13.45 1E1D1B 0.6
-4.41 1.01 12.82 1E1D1B 0.6
-4.41 1.01 12.19 1E1D1B 0.6
-4.41 1.01 11.56 1E1D1B 0.6
-4.41 1.01 10.93 1E1D1B 0.6
-4.41 0.3799999 10.3 1E1D1B 0.6
-4.41 0.3799999 9.67 1E1D1B 0.6
-4.41 0.3799999 9.04 1E1D1B 0.6
-4.41 0.3799999 8.41 1E1D1B 0.6
-4.41 0.3799999 7.780001 1E1D1B 0.6
-4.41 0.3799999 7.15 1E1D1B 0.6
-4.41 0.3799999 6.52 1E1D1B 0.6
-4.41 0.3799999 5.89 1E1D1B 0.6
-4.41 0.3799999 5.26 1E1D1B 0.6
-4.41 0.3799999 4.63 1E1D1B 0.6
-4.41 0.3799999 4 1E1D1B 0.6
-4.41 0.3799999 3.37 1E1D1B 0.6
-4.41 0.3799999 2.74 1E1D1B 0.6
-4.41 0.3799999 2.11 1E1D1B 0.6
-4.41 0.3799999 1.48 1E1D1B 0.6
-4.41 0.3799999 0.8499999 1E1D1B 0.6
-4.41 0.3799999 0.2199998 1E1D1B 0.6
-4.41 0.3799999 -0.4100003 1E1D1B 0.6
-4.41 0.3799999 -1.04 1E1D1B 0.6
-4.41 0.3799999 -1.67 1E1D1B 0.6
-4.41 0.3799999 -2.3 1E1D1B 0.6
-4.41 0.3799999 -2.93 1E1D1B 0.6
-4.41 0.3799999 -3.56 1E1D1B 0.6
-4.41 0.3799999 -4.190001 1E1D1B 0.6
-4.41 0.3799999 -4.820001 1E1D1B 0.6
-4.41 0.3799999 -5.450001 1E1D1B 0.6
-4.41 1.01 9.67 1E1D1B 0.6
-4.41 1.01 -1.67 1E1D1B 0.6
-3.78 1.01 -6.08 2C2B29 0.6
-4.41 1.01 -5.450001 2C2B29 0.6
-4.41 1.64 14.08 393937 0.6
-4.41 1.64 10.3 1E1D1B 0.6
-4.41 1.64 -1.04 1E1D1B 0.6
-4.41 1.64 9.04 1E1D1B 0.6
-4.41 1.64 -2.3 1E1D1B 0.6
-3.78 1.64 -6.08 709B2B 0.6
-4.41 1.64 -5.450001 709B2B 0.6
-4.41 2.27 14.08 709B2B 0.6
-4.41 2.27 9.67 1E1D1B 0.6
-4.41 2.27 -1.67 1E1D1B 0.6
-3.78 2.27 -6.08 709B2B 0.6
-4.41 2.27 -5.450001 709B2B 0.6
-4.41 2.9 14.08 709B2B 0.6
-3.78 2.9 -6.08 709B2B 0.6
-4.41 2.9 -5.450001 709B2B 0.6
-4.41 3.53 14.08 709B2B 0.6
-4.41 3.53 -5.450001 709B2B 0.6
-4.41 4.16 14.08 E44223 0.6
-4.41 4.16 -4.190001 A0CE3D 0.6
-4.41 4.16 -4.820001 AAD842 0.6
-4.41 4.79 14.08 709B2B 0.6
-4.41 4.79 -0.4100003 A0CE3D 0.6
-4.41 4.79 0.2199998 A0CE3D 0.6
-4.41 4.79 -1.04 A0CE3D 0.6
-4.41 4.79 -1.67 A0CE3D 0.6
-4.41 4.16 -2.3 A0CE3D 0.6
-4.41 4.16 -2.93 A0CE3D 0.6
-4.41 4.16 -3.56 A0CE3D 0.6
-4.41 5.42 12.19 96C339 0.6
-4.41 4.79 13.45 A0CE3D 0.6
-4.41 4.79 12.82 96C339 0.6
-4.41 5.42 0.8499999 252829 0.6
-3.78 6.05 14.08 7EA831 0.6
-3.78 6.05 13.45 7EA831 0.6
-4.41 5.42 11.56 96C339 0.6
-4.41 6.05 10.93 7EA831 0.6
-4.41 6.05 10.3 7EA831 0.6
-4.41 6.05 9.67 7EA831 0.6
-4.41 6.05 9.04 252829 0.6
-4.41 6.05 8.41 252829 0.6
-4.41 6.05 7.780001 252829 0.6
-4.41 6.05 7.15 252829 0.6
-4.41 6.05 6.52 7EA831 0.6
-4.41 6.05 5.89 252829 0.6
-4.41 6.05 5.26 252829 0.6
-4.41 6.05 4.63 252829 0.6
-4.41 6.05 4 252829 0.6
-4.41 6.05 3.37 252829 0.6
-4.41 6.05 2.74 252829 0.6
-4.41 6.05 2.11 7EA831 0.6
-4.41 6.05 1.48 96C339 0.6
-5.04 1.01 13.45 1E1D1B 0.6
-5.04 1.01 12.82 1E1D1B 0.6
-5.04 1.01 12.19 1E1D1B 0.6
-5.04 2.9 11.56 1E1D1B 0.6
-5.04 3.53 10.93 1E1D1B 0.6
-5.04 3.53 10.3 1E1D1B 0.6
-5.04 1.01 9.67 1E1D1B 0.6
-5.04 3.53 9.04 1E1D1B 0.6
-5.04 3.53 8.41 1E1D1B 0.6
-5.04 2.9 7.780001 1E1D1B 0.6
-5.04 0.3799999 7.15 1E1D1B 0.6
-5.04 0.3799999 6.52 1E1D1B 0.6
-5.04 0.3799999 5.89 1E1D1B 0.6
-5.04 0.3799999 5.26 1E1D1B 0.6
-5.04 0.3799999 4.63 1E1D1B 0.6
-5.04 0.3799999 4 1E1D1B 0.6
-5.04 0.3799999 3.37 1E1D1B 0.6
-5.04 0.3799999 2.74 1E1D1B 0.6
-5.04 0.3799999 2.11 1E1D1B 0.6
-5.04 0.3799999 1.48 1E1D1B 0.6
-5.04 0.3799999 0.8499999 1E1D1B 0.6
-5.04 2.9 0.2199998 1E1D1B 0.6
-5.04 3.53 -0.4100003 1E1D1B 0.6
-5.04 3.53 -1.04 1E1D1B 0.6
-5.04 1.01 -1.67 1E1D1B 0.6
-5.04 3.53 -2.3 1E1D1B 0.6
-5.04 3.53 -2.93 1E1D1B 0.6
-5.04 2.9 -3.56 1E1D1B 0.6
-5.04 1.64 -4.190001 1E1D1B 0.6
-5.04 1.01 7.15 2C2B29 0.6
-4.41 1.01 10.3 2C2B29 0.6
-4.41 1.01 9.04 2C2B29 0.6
-4.41 1.01 8.41 2C2B29 0.6
-4.41 1.01 7.780001 2C2B29 0.6
-5.04 1.01 -4.190001 2C2B29 0.6
-4.41 1.01 0.2199998 2C2B29 0.6
-5.04 1.01 0.8499999 2C2B29 0.6
-4.41 1.01 -0.4100003 2C2B29 0.6
-4.41 1.01 -1.04 2C2B29 0.6
-4.41 1.01 -2.3 2C2B29 0.6
-4.41 1.01 -2.93 2C2B29 0.6
-4.41 1.01 -3.56 2C2B29 0.6
-4.41 1.01 -4.190001 2C2B29 0.6
-5.04 1.01 -4.820001 2C2B29 0.6
-5.04 1.64 13.45 393937 0.6
-5.04 1.64 10.3 1E1D1B 0.6
-4.41 1.64 11.56 1E1D1B 0.6
-5.04 1.64 12.19 1E1D1B 0.6
-4.41 1.64 10.93 1E1D1B 0.6
-5.04 4.16 9.67 1E1D1B 0.6
-4.41 1.64 9.67 1E1D1B 0.6
-5.04 1.64 7.15 1E1D1B 0.6
-5.04 1.64 9.04 1E1D1B 0.6
-4.41 1.64 8.41 1E1D1B 0.6
-4.41 1.64 7.780001 1E1D1B 0.6
-5.04 1.64 -1.04 1E1D1B 0.6
-4.41 1.64 0.2199998 1E1D1B 0.6
-5.04 1.64 0.8499999 1E1D1B 0.6
-4.41 1.64 -0.4100003 1E1D1B 0.6
-5.04 3.53 -1.67 1E1D1B 0.6
-4.41 1.64 -1.67 1E1D1B 0.6
-5.04 1.64 -2.3 1E1D1B 0.6
-4.41 1.64 -2.93 1E1D1B 0.6
-4.41 1.64 -3.56 1E1D1B 0.6
-5.04 1.64 -4.820001 709B2B 0.6
-5.04 2.27 13.45 709B2B 0.6
-5.04 2.27 7.15 1E1D1B 0.6
-4.41 2.27 11.56 1E1D1B 0.6
-5.04 2.27 12.19 1E1D1B 0.6
-4.41 2.27 10.93 1E1D1B 0.6
-4.41 2.27 10.3 1E1D1B 0.6
-5.04 2.27 9.67 1E1D1B 0.6
-4.41 2.27 9.04 1E1D1B 0.6
-4.41 2.27 8.41 1E1D1B 0.6
-4.41 2.27 7.780001 1E1D1B 0.6
-5.04 2.27 -4.190001 1E1D1B 0.6
-4.41 2.27 0.2199998 1E1D1B 0.6
-5.04 2.27 0.2199998 1E1D1B 0.6
-4.41 2.27 -0.4100003 1E1D1B 0.6
-4.41 2.27 -1.04 1E1D1B 0.6
-5.04 2.27 -1.67 1E1D1B 0.6
-4.41 2.27 -2.3 1E1D1B 0.6
-4.41 2.27 -2.93 1E1D1B 0.6
-4.41 2.27 -3.56 1E1D1B 0.6
-5.04 2.27 -4.820001 709B2B 0.6
-5.04 2.9 13.45 709B2B 0.6
-4.41 2.9 11.56 1E1D1B 0.6
-4.41 2.9 10.93 1E1D1B 0.6
-4.41 2.9 10.3 1E1D1B 0.6
-4.41 2.9 9.67 1E1D1B 0.6
-4.41 2.9 9.04 1E1D1B 0.6
-4.41 2.9 8.41 1E1D1B 0.6
-4.41 2.9 7.780001 1E1D1B 0.6
-4.41 2.9 -0.4100003 1E1D1B 0.6
-4.41 2.9 -1.04 1E1D1B 0.6
-4.41 2.9 -1.67 1E1D1B 0.6
-4.41 2.9 -2.3 1E1D1B 0.6
-4.41 2.9 -2.93 1E1D1B 0.6
-4.41 2.9 -3.56 1E1D1B 0.6
-5.04 2.9 -4.820001 709B2B 0.6
-5.04 2.9 -4.190001 709B2B 0.6
-5.04 3.53 13.45 709B2B 0.6
-4.41 3.53 10.93 1E1D1B 0.6
-4.41 3.53 10.3 1E1D1B 0.6
-4.41 3.53 9.67 1E1D1B 0.6
-4.41 3.53 9.04 1E1D1B 0.6
-4.41 3.53 8.41 1E1D1B 0.6
-4.41 3.53 -1.04 1E1D1B 0.6
-4.41 3.53 -1.67 1E1D1B 0.6
-4.41 3.53 -2.3 1E1D1B 0.6
-4.41 3.53 -2.93 1E1D1B 0.6
-5.04 3.53 -4.820001 709B2B 0.6
-5.04 3.53 -4.190001 709B2B 0.6
-5.04 4.16 13.45 709B2B 0.6
-5.04 4.16 -4.190001 A0CE3D 0.6
-5.04 4.79 13.45 709B2B 0.6
-5.04 4.79 2.11 709B2B 0.6
-5.04 4.79 -0.4100003 A0CE3D 0.6
-5.04 4.79 0.2199998 A0CE3D 0.6
-5.04 4.79 -1.04 A0CE3D 0.6
-5.04 4.79 -1.67 A0CE3D 0.6
-5.04 4.16 -2.3 A0CE3D 0.6
-5.04 4.16 -2.93 A0CE3D 0.6
-5.04 4.16 -3.56 A0CE3D 0.6
-5.04 5.42 2.11 709B2B 0.6
-5.04 4.79 12.82 7EA831 0.6
-5.04 4.79 12.19 7EA831 0.6
-5.04 4.79 11.56 7EA831 0.6
-5.04 5.42 11.56 7EA831 0.6
-5.04 4.79 10.93 7EA831 0.6
-5.04 5.42 10.93 7EA831 0.6
-5.04 4.79 10.3 7EA831 0.6
-5.04 5.42 10.3 7EA831 0.6
-5.04 4.79 9.67 7EA831 0.6
-5.04 5.42 9.67 252829 0.6
-5.04 4.79 9.04 7EA831 0.6
-5.04 5.42 9.04 252829 0.6
-5.04 4.79 8.41 7EA831 0.6
-5.04 5.42 8.41 252829 0.6
-5.04 4.79 7.780001 7EA831 0.6
-5.04 5.42 7.780001 252829 0.6
-5.04 4.79 7.15 7EA831 0.6
-5.04 5.42 7.15 252829 0.6
-5.04 4.79 6.52 7EA831 0.6
-5.04 5.42 6.52 7EA831 0.6
-5.04 4.79 5.89 7EA831 0.6
-5.04 5.42 5.89 252829 0.6
-5.04 4.79 5.26 7EA831 0.6
-5.04 5.42 5.26 252829 0.6
-5.04 4.79 4.63 7EA831 0.6
-5.04 5.42 4.63 252829 0.6
-5.04 4.79 4 7EA831 0.6
-5.04 5.42 4 252829 0.6
-5.04 4.79 3.37 7EA831 0.6
-5.04 5.42 3.37 252829 0.6
-5.04 4.79 2.74 7EA831 0.6
-5.04 5.42 2.74 252829 0.6
-5.04 4.79 0.8499999 7EA831 0.6
-5.67 4.16 1.48 658B26 0.6
-5.04 1.01 6.52 2C2B29 0.6
-5.04 1.01 5.89 2C2B29 0.6
-5.04 1.01 5.26 2C2B29 0.6
-5.04 1.01 4.63 2C2B29 0.6
-5.04 1.01 4 2C2B29 0.6
-5.04 1.01 3.37 2C2B29 0.6
-5.04 1.01 2.74 2C2B29 0.6
-5.04 1.01 2.11 2C2B29 0.6
-5.04 1.01 1.48 2C2B29 0.6
-5.04 1.64 12.82 2C2B29 0.6
-5.04 1.64 6.52 709B2B 0.6
-5.04 1.64 5.89 709B2B 0.6
-5.04 1.64 5.26 709B2B 0.6
-5.04 1.64 4.63 709B2B 0.6
-5.04 1.64 4 709B2B 0.6
-5.04 1.64 3.37 709B2B 0.6
-5.04 1.64 2.74 709B2B 0.6
-5.04 1.64 2.11 709B2B 0.6
-5.04 1.64 1.48 709B2B 0.6
-5.04 2.27 12.82 709B2B 0.6
-5.04 2.27 6.52 709B2B 0.6
-5.04 2.27 5.89 709B2B 0.6
-5.04 2.27 5.26 709B2B 0.6
-5.04 2.27 4.63 709B2B 0.6
-5.04 2.27 4 709B2B 0.6
-5.04 2.27 3.37 709B2B 0.6
-5.04 2.27 2.74 709B2B 0.6
-5.04 2.27 2.11 709B2B 0.6
-5.04 2.27 1.48 709B2B 0.6
-5.04 2.27 0.8499999 709B2B 0.6
-5.04 2.9 12.82 709B2B 0.6
-5.04 2.9 12.19 709B2B 0.6
-5.04 2.9 7.15 709B2B 0.6
-5.04 2.9 6.52 709B2B 0.6
-5.04 2.9 5.89 709B2B 0.6
-5.04 2.9 5.26 709B2B 0.6
-5.04 2.9 4.63 709B2B 0.6
-5.04 2.9 4 709B2B 0.6
-5.04 2.9 3.37 709B2B 0.6
-5.04 2.9 2.74 709B2B 0.6
-5.04 2.9 2.11 709B2B 0.6
-5.04 2.9 1.48 709B2B 0.6
-5.04 2.9 0.8499999 709B2B 0.6
-5.04 3.53 12.82 709B2B 0.6
-5.04 3.53 12.19 709B2B 0.6
-5.04 3.53 11.56 709B2B 0.6
-5.04 3.53 7.780001 709B2B 0.6
-5.04 3.53 7.15 709B2B 0.6
-5.04 3.53 6.52 709B2B 0.6
-5.04 3.53 5.89 709B2B 0.6
-5.04 3.53 5.26 709B2B 0.6
-5.04 3.53 4.63 709B2B 0.6
-5.04 3.53 4 709B2B 0.6
-5.04 3.53 3.37 709B2B 0.6
-5.04 3.53 2.74 709B2B 0.6
-5.04 3.53 2.11 709B2B 0.6
-5.04 3.53 1.48 709B2B 0.6
-5.04 3.53 0.8499999 709B2B 0.6
-5.04 3.53 0.2199998 709B2B 0.6
-5.04 3.53 -3.56 709B2B 0.6
-5.04 4.16 12.82 709B2B 0.6
-5.04 4.16 12.19 709B2B 0.6
-5.04 4.16 11.56 709B2B 0.6
-5.04 4.16 10.93 709B2B 0.6
-5.04 4.16 10.3 709B2B 0.6
-5.04 4.16 9.04 709B2B 0.6
-5.04 4.16 8.41 709B2B 0.6
-5.04 4.16 7.780001 709B2B 0.6
-5.04 4.16 7.15 709B2B 0.6
-5.04 4.16 6.52 709B2B 0.6
-5.04 4.16 5.89 709B2B 0.6
-5.04 4.16 5.26 709B2B 0.6
-5.04 4.16 4.63 709B2B 0.6
-5.04 4.16 4 709B2B 0.6
-5.04 4.16 3.37 709B2B 0.6
-5.04 4.16 2.74 709B2B 0.6
-5.04 4.16 2.11 709B2B 0.6
-5.04 4.16 1.48 709B2B 0.6
-5.04 4.16 0.8499999 709B2B 0.6
-5.04 4.16 0.2199998 709B2B 0.6
-5.04 4.16 -0.4100003 709B2B 0.6
-5.04 4.16 -1.04 709B2B 0.6
-5.04 4.16 -1.67 709B2B 0.6
-5.67 4.79 2.11 252829 0.6
-5.67 4.79 1.48 8BB635 0.6
-5.67 5.42 2.11 252829 0.6
-5.67 5.42 1.48 8BB635 0.6
