6.3 1.2 8.15 CBCBCB 1
6.3 1.2 7.1 CBCBCB 1
6.3 1.2 6.049999 CBCBCB 1
6.3 1.2 5 CBCBCB 1
6.3 1.2 3.95 CBCBCB 1
6.3 1.2 2.9 CBCBCB 1
6.3 1.2 1.85 CBCBCB 1
4.2 1.2 -1.3 B9BAB9 1
4.2 1.2 -2.35 B9BAB9 1
3.15 1.2 -3.4 CBCBCB 1
2.1 1.2 -4.45 CBCBCB 1
1.05 2.25 14.45 494D52 1
3.15 2.25 13.4 494D52 1
3.15 2.25 12.35 494D52 1
3.15 2.25 11.3 494D52 1
3.15 2.25 10.25 494D52 1
3.15 2.25 9.199999 494D52 1
6.3 2.25 8.15 CBCBCB 1
6.3 2.25 7.1 CBCBCB 1
6.3 2.25 6.049999 CBCBCB 1
6.3 2.25 5 CBCBCB 1
6.3 2.25 3.95 CBCBCB 1
6.3 2.25 2.9 CBCBCB 1
6.3 2.25 1.85 CBCBCB 1
2.1 2.25 0.8000002 494D52 1
2.1 2.25 -0.25 494D52 1
4.2 2.25 -1.3 C67135 1
4.2 2.25 -2.35 C67135 1
3.15 2.25 -3.4 D27D39 1
1.05 3.3 14.45 494D52 1
2.1 3.3 13.4 494D52 1
2.1 3.3 12.35 4A4846 1
2.1 3.3 11.3 4A4846 1
0 3.3 0.8000002 494D52 1
1.05 3.3 -2.35 C67135 1
2.1 4.35 13.4 494D52 1
2.1 4.35 12.35 4A4846 1
2.1 4.35 11.3 4A4846 1
0 4.35 5 494D52 1
0 4.35 1.85 494D52 1
1.05 4.35 -1.3 C67135 1
2.1 5.4 12.35 4A4846 1
2.1 5.4 11.3 4A4846 1
2.1 5.4 5 4A4846 1
0 5.4 3.95 494D52 1
0 5.4 2.9 494D52 1
1.05 5.4 -0.25 C67135 1
2.1 6.45 12.35 4A4846 1
2.1 6.45 11.3 4A4846 1
2.1 6.45 3.95 4A4846 1
2.1 6.45 0.8000002 C67135 1
1.05 7.5 12.35 4A4846 1
1.05 7.5 11.3 4A4846 1
2.1 7.5 1.85 C67135 1
-5.25 1.2 8.15 CBCBCB 1
-5.25 1.2 7.1 CBCBCB 1
-5.25 1.2 6.049999 CBCBCB 1
-5.25 1.2 5 CBCBCB 1
-5.25 1.2 3.95 CBCBCB 1
-5.25 1.2 2.9 CBCBCB 1
-5.25 1.2 1.85 CBCBCB 1
3.15 2.25 8.15 494D52 1
3.15 2.25 7.1 494D52 1
3.15 2.25 6.049999 494D52 1
2.1 2.25 5 494D52 1
2.1 2.25 3.95 494D52 1
2.1 2.25 2.9 494D52 1
2.1 2.25 1.85 494D52 1
6.3 3.3 8.15 DC843C 1
6.3 3.3 7.1 DC843C 1
6.3 3.3 6.049999 DC843C 1
6.3 3.3 5 DC843C 1
6.3 3.3 3.95 DC843C 1
6.3 3.3 2.9 DC843C 1
6.3 3.3 1.85 DC843C 1
5.25 1.2 8.15 A5A6A5 1
5.25 1.2 7.1 A5A6A5 1
5.25 1.2 6.049999 A5A6A5 1
5.25 1.2 5 A5A6A5 1
5.25 1.2 3.95 A5A6A5 1
5.25 1.2 2.9 A5A6A5 1
5.25 1.2 1.85 A5A6A5 1
5.25 2.25 8.15 B9BAB9 1
5.25 2.25 1.85 B9BAB9 1
5.25 3.3 8.15 DC843C 1
5.25 3.3 7.1 DC843C 1
5.25 3.3 6.049999 DC843C 1
5.25 3.3 5 DC843C 1
5.25 3.3 3.95 DC843C 1
5.25 3.3 2.9 DC843C 1
5.25 3.3 1.85 DC843C 1
4.2 1.2 2.9 2B2E31 1
5.25 2.25 7.1 CBCBCB 1
5.25 2.25 6.049999 CBCBCB 1
5.25 2.25 5 CBCBCB 1
5.25 2.25 3.95 CBCBCB 1
4.2 2.25 2.9 5A5D63 1
5.25 2.25 2.9 CBCBCB 1
3.15 1.2 13.4 2B2E31 1
3.15 1.2 12.35 2B2E31 1
3.15 1.2 11.3 2B2E31 1
3.15 1.2 10.25 2B2E31 1
3.15 1.2 9.199999 2B2E31 1
3.15 1.2 8.15 2B2E31 1
3.15 1.2 7.1 2B2E31 1
3.15 1.2 6.049999 2B2E31 1
3.15 1.2 2.9 2B2E31 1
3.15 1.2 -1.3 A5A6A5 1
3.15 1.2 -2.35 A5A6A5 1
3.15 1.2 -0.25 CBCBCB 1
-2.1 1.2 -1.3 CBCBCB 1
2.1 1.2 -2.35 C67135 1
3.15 2.25 14.45 393C41 1
2.1 2.25 13.4 494D52 1
3.15 2.25 -0.25 D27D39 1
2.1 2.25 12.35 4A4846 1
2.1 2.25 11.3 4A4846 1
2.1 2.25 10.25 4A4846 1
2.1 2.25 9.199999 4A4846 1
2.1 2.25 8.15 4A4846 1
2.1 2.25 7.1 4A4846 1
0 2.25 6.049999 494D52 1
3.15 2.25 5 393C41 1
3.15 2.25 2.9 5A5D63 1
2.1 2.25 -1.3 494D52 1
2.1 2.25 -2.35 494D52 1
3.15 3.3 -1.3 DC843C 1
3.15 3.3 -2.35 DC843C 1
2.1 1.2 13.4 2B2E31 1
2.1 1.2 12.35 2C2B29 1
2.1 1.2 11.3 2C2B29 1
2.1 1.2 10.25 2C2B29 1
2.1 1.2 9.199999 2C2B29 1
2.1 1.2 8.15 2C2B29 1
2.1 1.2 7.1 2C2B29 1
2.1 1.2 6.049999 2B2E31 1
2.1 1.2 5 2B2E31 1
2.1 1.2 3.95 2B2E31 1
2.1 1.2 2.9 2B2E31 1
2.1 1.2 1.85 2B2E31 1
2.1 1.2 0.8000002 2B2E31 1
2.1 1.2 -0.25 2B2E31 1
2.1 1.2 -3.4 A5A6A5 1
2.1 1.2 -1.3 CBCBCB 1
2.1 2.25 14.45 393C41 1
-3.15 2.25 12.35 494D52 1
2.1 2.25 6.049999 393C41 1
-3.15 2.25 11.3 494D52 1
-3.15 2.25 10.25 494D52 1
-3.15 2.25 9.199999 494D52 1
-3.15 2.25 8.15 494D52 1
-3.15 2.25 7.1 494D52 1
-2.1 2.25 5 494D52 1
-2.1 2.25 3.95 494D52 1
-2.1 2.25 2.9 494D52 1
-2.1 2.25 1.85 494D52 1
0 2.25 -0.25 494D52 1
2.1 2.25 -4.45 DC843C 1
1.05 3.3 12.35 7F7F7F 1
2.1 3.3 -2.35 DC843C 1
2.1 2.25 -3.4 DC843C 1
1.05 4.35 12.35 7F7F7F 1
1.05 1.2 13.4 2B2E31 1
1.05 1.2 12.35 2C2B29 1
1.05 1.2 11.3 2C2B29 1
1.05 1.2 10.25 2C2B29 1
1.05 1.2 9.199999 2C2B29 1
1.05 1.2 8.15 2C2B29 1
1.05 1.2 7.1 2C2B29 1
1.05 2.25 5 494D52 1
1.05 2.25 3.95 494D52 1
1.05 1.2 2.9 2B2E31 1
1.05 2.25 1.85 494D52 1
1.05 1.2 0.8000002 2B2E31 1
1.05 2.25 -0.25 494D52 1
1.05 2.25 -1.3 494D52 1
1.05 0.15 -2.35 BA662E 1
1.05 1.2 -3.4 A5A6A5 1
1.05 1.2 -4.45 A5A6A5 1
1.05 1.2 -1.3 BA662E 1
1.05 2.25 -2.35 494D52 1
-2.1 1.2 -2.35 CBCBCB 1
1.05 1.2 -2.35 CBCBCB 1
1.05 1.2 -5.5 D27D39 1
1.05 3.3 13.4 6B6B6B 1
1.05 2.25 12.35 393937 1
1.05 2.25 0.8000002 393C41 1
1.05 2.25 7.1 393937 1
1.05 5.4 5 2C2B29 1
1.05 6.45 3.95 393937 1
1.05 2.25 2.9 5A5D63 1
1.05 7.5 1.85 BA662E 1
1.05 6.45 0.8000002 BA662E 1
1.05 4.35 -0.25 BA662E 1
1.05 3.3 -1.3 BA662E 1
-1.05 2.25 -1.3 494D52 1
-1.05 2.25 -2.35 494D52 1
1.05 2.25 -4.45 DC843C 1
1.05 4.35 13.4 6B6B6B 1
1.05 2.25 13.4 5A5D63 1
0 3.3 13.4 7F7F7F 1
0 3.3 12.35 7F7F7F 1
1.05 2.25 10.25 5A5956 1
1.05 3.3 11.3 393937 1
1.05 2.25 9.199999 5A5956 1
1.05 2.25 8.15 5A5956 1
1.05 2.25 -3.4 DC843C 1
1.05 4.35 14.45 6A6F77 1
0 4.35 12.35 7F7F7F 1
1.05 4.35 11.3 393937 1
1.05 4.35 -2.35 DC843C 1
1.05 5.4 12.35 393937 1
1.05 5.4 13.4 A5A6A5 1
1.05 5.4 11.3 393937 1
1.05 5.4 -1.3 DC843C 1
1.05 6.45 12.35 393937 1
1.05 6.45 11.3 393937 1
-1.05 6.45 3.95 4A4846 1
1.05 7.5 3.95 6B6966 1
1.05 7.5 2.9 5A5956 1
1.05 8.549999 12.35 393C41 1
1.05 8.549999 11.3 393C41 1
0 2.25 14.45 393C41 1
0 1.2 13.4 2B2E31 1
0 1.2 12.35 2C2B29 1
0 1.2 11.3 2C2B29 1
0 1.2 10.25 2C2B29 1
0 1.2 9.199999 2C2B29 1
0 1.2 8.15 2C2B29 1
0 1.2 7.1 2C2B29 1
0 2.25 5 494D52 1
0 2.25 3.95 494D52 1
0 1.2 2.9 2B2E31 1
0 2.25 1.85 494D52 1
0 1.2 0.8000002 2B2E31 1
0 2.25 -1.3 494D52 1
0 0.15 -2.35 A5A6A5 1
0 1.2 -3.4 A5A6A5 1
0 1.2 -4.45 A5A6A5 1
0 1.2 -1.3 A5A6A5 1
0 2.25 -2.35 494D52 1
0 1.2 -2.35 CBCBCB 1
0 1.2 -5.5 CBCBCB 1
0 2.25 12.35 393937 1
0 2.25 7.1 393C41 1
-2.1 2.25 6.049999 494D52 1
0 2.25 0.8000002 393C41 1
0 3.3 5 393C41 1
0 2.25 2.9 5A5D63 1
0 4.35 -0.25 A5A6A5 1
-2.1 2.25 -0.25 494D52 1
0 3.3 -1.3 A5A6A5 1
0 2.25 -4.45 DBDBDB 1
0 3.3 14.45 5A5D63 1
0 2.25 13.4 5A5D63 1
0 3.3 6.049999 393C41 1
0 2.25 10.25 5A5956 1
0 3.3 11.3 393937 1
0 2.25 9.199999 5A5956 1
0 2.25 8.15 5A5956 1
0 6.45 0.8000002 A5A6A5 1
0 2.25 -3.4 DBDBDB 1
0 3.3 -2.35 CBCBCB 1
0 4.35 14.45 6A6F77 1
0 4.35 11.3 393937 1
0 5.4 5 2C2B29 1
0 7.5 1.85 A5A6A5 1
0 4.35 -2.35 DBDBDB 1
0 5.4 12.35 393937 1
0 4.35 13.4 7B8089 1
0 5.4 11.3 393937 1
0 6.45 3.95 393C41 1
0 5.4 -0.25 A5A6A5 1
0 5.4 -1.3 DBDBDB 1
0 6.45 12.35 393937 1
0 6.45 11.3 393937 1
0 7.5 12.35 393937 1
0 7.5 3.95 6B6966 1
0 7.5 11.3 393937 1
0 7.5 2.9 5A5956 1
-1.05 2.25 14.45 393C41 1
-1.05 1.2 13.4 2B2E31 1
-1.05 1.2 12.35 2C2B29 1
-1.05 1.2 11.3 2C2B29 1
-1.05 1.2 10.25 2C2B29 1
-1.05 1.2 9.199999 2C2B29 1
-1.05 1.2 8.15 2C2B29 1
-1.05 1.2 7.1 2C2B29 1
-1.05 2.25 5 494D52 1
-1.05 2.25 3.95 494D52 1
-1.05 1.2 2.9 2B2E31 1
-1.05 2.25 1.85 494D52 1
-1.05 1.2 0.8000002 2B2E31 1
-1.05 2.25 -0.25 494D52 1
-1.05 0.15 -2.35 BA662E 1
-1.05 1.2 -3.4 A5A6A5 1
-1.05 1.2 -4.45 A5A6A5 1
-1.05 1.2 -1.3 BA662E 1
-1.05 1.2 -2.35 CBCBCB 1
-1.05 1.2 -5.5 D27D39 1
-1.05 3.3 13.4 6B6B6B 1
-1.05 2.25 12.35 393937 1
-1.05 3.3 12.35 6B6B6B 1
-1.05 2.25 0.8000002 393C41 1
-1.05 2.25 7.1 393937 1
-1.05 5.4 5 2C2B29 1
-1.05 2.25 2.9 5A5D63 1
-1.05 7.5 1.85 BA662E 1
-1.05 6.45 0.8000002 BA662E 1
-1.05 4.35 -0.25 BA662E 1
-1.05 3.3 -1.3 BA662E 1
-1.05 3.3 -2.35 C67135 1
-1.05 2.25 -4.45 DC843C 1
-1.05 3.3 14.45 5A5D63 1
-1.05 4.35 13.4 6B6B6B 1
-1.05 2.25 13.4 5A5D63 1
-1.05 2.25 10.25 5A5956 1
-1.05 3.3 11.3 393937 1
-1.05 2.25 9.199999 5A5956 1
-1.05 2.25 8.15 5A5956 1
-1.05 2.25 -3.4 DC843C 1
-1.05 4.35 14.45 6A6F77 1
-1.05 4.35 12.35 949394 1
-1.05 4.35 11.3 393937 1
-1.05 4.35 -2.35 DC843C 1
-1.05 5.4 12.35 393937 1
-1.05 5.4 13.4 A5A6A5 1
-1.05 5.4 11.3 393937 1
-1.05 5.4 -0.25 BA662E 1
-1.05 5.4 -1.3 DC843C 1
-1.05 6.45 12.35 393937 1
-1.05 6.45 11.3 393937 1
-1.05 7.5 12.35 393937 1
-1.05 7.5 3.95 6B6966 1
-1.05 7.5 11.3 393937 1
-1.05 7.5 2.9 5A5956 1
-1.05 8.549999 12.35 393C41 1
-1.05 8.549999 11.3 393C41 1
-2.1 1.2 13.4 2B2E31 1
-2.1 1.2 12.35 2C2B29 1
-2.1 1.2 11.3 2C2B29 1
-2.1 1.2 10.25 2C2B29 1
-2.1 1.2 9.199999 2C2B29 1
-2.1 1.2 8.15 2C2B29 1
-2.1 1.2 7.1 2C2B29 1
-2.1 1.2 6.049999 2B2E31 1
-2.1 1.2 5 2B2E31 1
-2.1 1.2 3.95 2B2E31 1
-2.1 1.2 2.9 2B2E31 1
-2.1 1.2 1.85 2B2E31 1
-2.1 1.2 0.8000002 2B2E31 1
-2.1 1.2 -0.25 2B2E31 1
-2.1 1.2 -3.4 A5A6A5 1
-2.1 1.2 -4.45 A5A6A5 1
-2.1 2.25 14.45 393C41 1
-2.1 2.25 13.4 494D52 1
-2.1 2.25 12.35 393937 1
-5.25 2.25 6.049999 CBCBCB 1
-2.1 2.25 0.8000002 393C41 1
-2.1 2.25 7.1 393937 1
-5.25 2.25 5 CBCBCB 1
-5.25 2.25 3.95 CBCBCB 1
-5.25 2.25 2.9 CBCBCB 1
-2.1 7.5 1.85 BA662E 1
-5.25 2.25 1.85 CBCBCB 1
-2.1 2.25 -2.35 D27D39 1
-2.1 2.25 -1.3 494D52 1
-2.1 2.25 -4.45 DC843C 1
-2.1 3.3 12.35 393937 1
-2.1 3.3 13.4 494D52 1
-2.1 2.25 10.25 5A5956 1
-2.1 3.3 11.3 393937 1
-2.1 2.25 9.199999 5A5956 1
-2.1 2.25 8.15 5A5956 1
-2.1 3.3 -2.35 DC843C 1
-2.1 2.25 -3.4 DC843C 1
-2.1 4.35 12.35 393937 1
-2.1 4.35 13.4 494D52 1
-2.1 4.35 11.3 393937 1
-1.05 4.35 -1.3 C67135 1
-2.1 5.4 12.35 4A4846 1
-2.1 5.4 11.3 4A4846 1
-2.1 6.45 12.35 4A4846 1
-2.1 6.45 11.3 4A4846 1
-2.1 6.45 0.8000002 C67135 1
-3.15 1.2 13.4 2B2E31 1
-3.15 1.2 12.35 2B2E31 1
-3.15 1.2 11.3 2B2E31 1
-3.15 1.2 10.25 2B2E31 1
-3.15 1.2 9.199999 2B2E31 1
-3.15 1.2 8.15 2B2E31 1
-3.15 1.2 7.1 2B2E31 1
-3.15 1.2 6.049999 2B2E31 1
-3.15 1.2 2.9 2B2E31 1
-3.15 1.2 -1.3 A5A6A5 1
-3.15 1.2 -2.35 A5A6A5 1
-3.15 1.2 -0.25 CBCBCB 1
-3.15 1.2 -3.4 CBCBCB 1
-3.15 2.25 14.45 393C41 1
-3.15 2.25 -0.25 D27D39 1
-2.1 2.25 11.3 4A4846 1
-5.25 2.25 8.15 CBCBCB 1
-5.25 2.25 7.1 CBCBCB 1
-3.15 2.25 5 393C41 1
-3.15 2.25 2.9 5A5D63 1
-3.15 2.25 -3.4 D27D39 1
-3.15 2.25 13.4 5A5D63 1
-3.15 2.25 6.049999 5A5D63 1
-3.15 3.3 -1.3 DC843C 1
-3.15 3.3 -2.35 DC843C 1
-4.2 1.2 2.9 2B2E31 1
-4.2 1.2 -1.3 B9BAB9 1
-4.2 1.2 -2.35 B9BAB9 1
-4.2 2.25 2.9 5A5D63 1
-4.2 2.25 -1.3 C67135 1
-4.2 2.25 -2.35 C67135 1
-5.25 3.3 8.15 DC843C 1
-5.25 3.3 7.1 DC843C 1
-5.25 3.3 6.049999 DC843C 1
-5.25 3.3 5 DC843C 1
-5.25 3.3 3.95 DC843C 1
-5.25 3.3 2.9 DC843C 1
-5.25 3.3 1.85 DC843C 1
-6.3 1.2 8.15 A5A6A5 1
-6.3 1.2 7.1 A5A6A5 1
-6.3 1.2 6.049999 A5A6A5 1
-6.3 1.2 5 A5A6A5 1
-6.3 1.2 3.95 A5A6A5 1
-6.3 1.2 2.9 A5A6A5 1
-6.3 1.2 1.85 A5A6A5 1
-6.3 2.25 8.15 B9BAB9 1
-6.3 2.25 1.85 B9BAB9 1
-6.3 3.3 8.15 DC843C 1
-6.3 3.3 7.1 DC843C 1
-6.3 3.3 6.049999 DC843C 1
-6.3 3.3 5 DC843C 1
-6.3 3.3 3.95 DC843C 1
-6.3 3.3 2.9 DC843C 1
-6.3 3.3 1.85 DC843C 1
-6.3 2.25 7.1 CBCBCB 1
-6.3 2.25 6.049999 CBCBCB 1
-6.3 2.25 5 CBCBCB 1
-6.3 2.25 3.95 CBCBCB 1
-6.3 2.25 2.9 CBCBCB 1
