3.465 0.155 13.24 343434 0.55
3.465 0.155 12.6625 343434 0.55
3.465 0.155 12.085 343434 0.55
3.465 0.155 11.5075 343434 0.55
3.465 0.155 10.93 343434 0.55
3.465 0.155 10.3525 343434 0.55
3.465 0.155 9.775 343434 0.55
3.465 0.155 9.197499 343434 0.55
4.62 0.155 8.62 2C2B29 0.55
4.62 0.155 8.0425 2C2B29 0.55
4.62 0.155 7.465001 2C2B29 0.55
4.62 0.155 6.8875 2C2B29 0.55
4.62 0.155 6.309999 2C2B29 0.55
4.62 0.155 5.7325 2C2B29 0.55
4.62 0.155 5.155 2C2B29 0.55
4.62 0.155 4.577499 2C2B29 0.55
4.62 0.155 4 2C2B29 0.55
4.62 0.155 3.4225 2C2B29 0.55
4.62 0.155 2.845 2C2B29 0.55
4.62 0.155 2.2675 2C2B29 0.55
4.62 0.155 1.69 2C2B29 0.55
4.62 0.155 1.1125 2C2B29 0.55
4.62 0.155 0.5349998 2C2B29 0.55
4.62 0.155 -0.04250002 2C2B29 0.55
3.465 0.155 -0.6199999 343434 0.55
3.465 0.155 -1.1975 343434 0.55
3.465 0.155 -1.775 343434 0.55
3.465 0.155 -2.3525 343434 0.55
3.465 0.155 -2.93 343434 0.55
3.465 0.155 -3.5075 343434 0.55
3.465 0.155 -4.085 343434 0.55
3.465 0.155 -4.6625 343434 0.55
4.62 0.155 -5.24 2C2B29 0.55
4.62 0.155 -5.8175 2C2B29 0.55
4.0425 0.7325001 16.1275 6B6966 0.55
4.0425 0.7325001 15.55 6B6966 0.55
4.0425 0.7325001 14.9725 6B6966 0.55
4.62 0.7325001 14.395 2C2B29 0.55
4.62 0.7325001 13.8175 2C2B29 0.55
3.465 0.7325001 13.24 343434 0.55
3.465 0.7325001 12.6625 343434 0.55
3.465 0.7325001 12.085 343434 0.55
3.465 0.7325001 11.5075 343434 0.55
3.465 0.7325001 10.93 343434 0.55
3.465 0.7325001 10.3525 343434 0.55
3.465 0.7325001 9.775 343434 0.55
3.465 0.7325001 9.197499 343434 0.55
4.62 0.7325001 8.62 2C2B29 0.55
4.62 0.7325001 8.0425 2C2B29 0.55
4.62 0.7325001 7.465001 2C2B29 0.55
4.62 0.7325001 6.8875 2C2B29 0.55
4.62 0.7325001 6.309999 2C2B29 0.55
4.62 0.7325001 5.7325 2C2B29 0.55
4.62 0.7325001 5.155 2C2B29 0.55
4.62 0.7325001 4.577499 2C2B29 0.55
4.62 0.7325001 4 2C2B29 0.55
4.62 0.7325001 3.4225 2C2B29 0.55
4.62 0.7325001 2.845 2C2B29 0.55
4.62 0.7325001 2.2675 2C2B29 0.55
4.62 0.7325001 1.69 2C2B29 0.55
4.62 0.7325001 1.1125 2C2B29 0.55
4.62 0.7325001 0.5349998 2C2B29 0.55
4.62 0.7325001 -0.04250002 2C2B29 0.55
3.465 0.7325001 -0.6199999 343434 0.55
3.465 0.7325001 -1.1975 343434 0.55
3.465 0.7325001 -1.775 343434 0.55
3.465 0.7325001 -2.3525 343434 0.55
3.465 0.7325001 -2.93 343434 0.55
3.465 0.7325001 -3.5075 343434 0.55
3.465 0.7325001 -4.085 343434 0.55
3.465 0.7325001 -4.6625 343434 0.55
4.62 0.7325001 -5.24 AA8A1E 0.55
4.62 0.7325001 -5.8175 AA8A1E 0.55
4.62 0.7325001 -6.395 AA8A1E 0.55
4.0425 0.7325001 -6.972501 2C2B29 0.55
4.0425 0.7325001 -7.55 2C2B29 0.55
4.0425 0.7325001 -8.1275 2C2B29 0.55
4.62 1.31 15.55 2C2B29 0.55
4.62 1.31 14.9725 2C2B29 0.55
4.62 1.31 14.395 2C2B29 0.55
4.62 1.31 13.8175 AA8A1E 0.55
3.465 1.31 13.24 343434 0.55
3.465 1.31 12.6625 343434 0.55
3.465 1.31 12.085 343434 0.55
3.465 1.31 11.5075 343434 0.55
3.465 1.31 10.93 343434 0.55
3.465 1.31 10.3525 343434 0.55
3.465 1.31 9.775 343434 0.55
3.465 1.31 9.197499 343434 0.55
4.62 1.31 8.62 AA8A1E 0.55
4.62 1.31 8.0425 AA8A1E 0.55
4.62 1.31 7.465001 AA8A1E 0.55
4.62 1.31 6.8875 AA8A1E 0.55
4.62 1.31 6.309999 AA8A1E 0.55
4.62 1.31 5.7325 AA8A1E 0.55
4.62 1.31 5.155 AA8A1E 0.55
4.62 1.31 4.577499 AA8A1E 0.55
4.62 1.31 4 AA8A1E 0.55
4.62 1.31 3.4225 AA8A1E 0.55
4.62 1.31 2.845 AA8A1E 0.55
4.62 1.31 2.2675 AA8A1E 0.55
4.62 1.31 1.69 AA8A1E 0.55
4.62 1.31 1.1125 AA8A1E 0.55
4.62 1.31 0.5349998 AA8A1E 0.55
4.62 1.31 -0.04250002 AA8A1E 0.55
3.465 1.31 -0.6199999 343434 0.55
3.465 1.31 -1.1975 343434 0.55
3.465 1.31 -1.775 343434 0.55
3.465 1.31 -2.3525 343434 0.55
3.465 1.31 -2.93 343434 0.55
3.465 1.31 -3.5075 343434 0.55
3.465 1.31 -4.085 343434 0.55
3.465 1.31 -4.6625 343434 0.55
4.62 1.31 -5.24 AA8A1E 0.55
4.62 1.31 -5.8175 AA8A1E 0.55
4.0425 1.31 -6.395 AA8A1E 0.55
4.0425 1.31 -6.972501 AA8A1E 0.55
4.0425 1.31 -7.55 AA8A1E 0.55
4.62 1.8875 15.55 2C2B29 0.55
4.62 1.8875 14.9725 AA8A1E 0.55
4.62 1.8875 14.395 AA8A1E 0.55
4.62 1.8875 13.8175 AA8A1E 0.55
3.465 1.8875 13.24 343434 0.55
3.465 1.8875 12.6625 343434 0.55
3.465 1.8875 12.085 343434 0.55
3.465 1.8875 11.5075 343434 0.55
3.465 1.8875 10.93 343434 0.55
3.465 1.8875 10.3525 343434 0.55
3.465 1.8875 9.775 343434 0.55
3.465 1.8875 9.197499 343434 0.55
4.62 1.8875 8.62 AA8A1E 0.55
4.62 1.8875 8.0425 AA8A1E 0.55
4.62 1.8875 7.465001 AA8A1E 0.55
4.0425 1.8875 6.8875 AA8A1E 0.55
4.0425 1.8875 6.309999 AA8A1E 0.55
4.0425 1.8875 5.7325 AA8A1E 0.55
4.62 1.8875 5.155 AA8A1E 0.55
4.62 1.8875 4.577499 AA8A1E 0.55
4.62 1.8875 4 AA8A1E 0.55
4.62 1.8875 3.4225 AA8A1E 0.55
4.62 1.8875 2.845 AA8A1E 0.55
4.62 1.8875 2.2675 AA8A1E 0.55
4.62 1.8875 1.69 AA8A1E 0.55
4.62 1.8875 1.1125 AA8A1E 0.55
4.62 1.8875 0.5349998 AA8A1E 0.55
4.62 1.8875 -0.04250002 AA8A1E 0.55
3.465 1.8875 -0.6199999 343434 0.55
3.465 1.8875 -1.1975 343434 0.55
3.465 1.8875 -1.775 343434 0.55
3.465 1.8875 -2.3525 343434 0.55
3.465 1.8875 -2.93 343434 0.55
3.465 1.8875 -3.5075 343434 0.55
3.465 1.8875 -4.085 343434 0.55
3.465 1.8875 -4.6625 343434 0.55
4.62 1.8875 -5.24 AA8A1E 0.55
4.62 1.8875 -5.8175 AA8A1E 0.55
4.0425 1.8875 -6.395 AA8A1E 0.55
4.0425 1.8875 -6.972501 AA8A1E 0.55
4.0425 1.8875 -7.55 AA8A1E 0.55
4.0425 1.8875 -8.1275 AA8A1E 0.55
4.62 2.465 15.55 AA8A1E 0.55
4.62 2.465 14.9725 AA8A1E 0.55
4.62 2.465 14.395 AA8A1E 0.55
4.62 2.465 13.8175 AA8A1E 0.55
4.62 2.465 13.24 AA8A1E 0.55
3.465 2.465 12.6625 343434 0.55
3.465 2.465 12.085 343434 0.55
3.465 2.465 11.5075 343434 0.55
3.465 2.465 10.93 343434 0.55
3.465 2.465 10.3525 343434 0.55
3.465 2.465 9.775 343434 0.55
4.62 2.465 9.197499 AA8A1E 0.55
4.62 2.465 8.62 AA8A1E 0.55
4.62 2.465 8.0425 AA8A1E 0.55
4.62 2.465 7.465001 AA8A1E 0.55
4.0425 2.465 6.8875 AA8A1E 0.55
4.0425 2.465 6.309999 AA8A1E 0.55
4.0425 2.465 5.7325 AA8A1E 0.55
4.0425 2.465 5.155 AA8A1E 0.55
4.62 2.465 4.577499 AA8A1E 0.55
4.62 2.465 4 AA8A1E 0.55
4.62 2.465 3.4225 AA8A1E 0.55
4.62 2.465 2.845 AA8A1E 0.55
4.62 2.465 2.2675 AA8A1E 0.55
4.62 2.465 1.69 AA8A1E 0.55
4.62 2.465 1.1125 AA8A1E 0.55
4.62 2.465 0.5349998 AA8A1E 0.55
4.62 2.465 -0.04250002 AA8A1E 0.55
4.62 2.465 -0.6199999 AA8A1E 0.55
3.465 2.465 -1.1975 343434 0.55
3.465 2.465 -1.775 343434 0.55
3.465 2.465 -2.3525 343434 0.55
3.465 2.465 -2.93 343434 0.55
3.465 2.465 -3.5075 343434 0.55
3.465 2.465 -4.085 343434 0.55
3.465 2.465 -4.6625 343434 0.55
4.62 2.465 -5.24 AA8A1E 0.55
4.62 2.465 -5.8175 AA8A1E 0.55
4.62 2.465 -6.395 AA8A1E 0.55
4.0425 2.465 -6.972501 AA8A1E 0.55
4.62 3.0425 15.55 E44223 0.55
4.62 3.0425 14.9725 E44223 0.55
4.62 3.0425 14.395 AA8A1E 0.55
4.62 3.0425 13.8175 AA8A1E 0.55
4.62 3.0425 13.24 AA8A1E 0.55
4.62 3.0425 12.6625 AA8A1E 0.55
3.465 3.0425 12.085 343434 0.55
3.465 3.0425 11.5075 343434 0.55
3.465 3.0425 10.93 343434 0.55
3.465 3.0425 10.3525 343434 0.55
4.62 3.0425 9.775 AA8A1E 0.55
4.62 3.0425 9.197499 AA8A1E 0.55
4.62 3.0425 8.62 AA8A1E 0.55
4.62 3.0425 8.0425 AA8A1E 0.55
4.62 3.0425 7.465001 AA8A1E 0.55
4.62 3.0425 6.8875 AA8A1E 0.55
4.0425 3.0425 6.309999 AA8A1E 0.55
4.0425 3.0425 5.7325 AA8A1E 0.55
4.0425 3.0425 5.155 AA8A1E 0.55
4.0425 3.0425 4.577499 AA8A1E 0.55
4.62 3.0425 4 AA8A1E 0.55
4.62 3.0425 3.4225 AA8A1E 0.55
4.62 3.0425 2.845 AA8A1E 0.55
4.62 3.0425 2.2675 AA8A1E 0.55
4.62 3.0425 1.69 AA8A1E 0.55
4.62 3.0425 1.1125 AA8A1E 0.55
4.62 3.0425 0.5349998 AA8A1E 0.55
4.62 3.0425 -0.04250002 AA8A1E 0.55
4.62 3.0425 -0.6199999 AA8A1E 0.55
4.62 3.0425 -1.1975 AA8A1E 0.55
3.465 3.0425 -1.775 343434 0.55
3.465 3.0425 -2.3525 343434 0.55
3.465 3.0425 -2.93 343434 0.55
3.465 3.0425 -3.5075 343434 0.55
3.465 3.0425 -4.085 343434 0.55
4.62 3.0425 -4.6625 AA8A1E 0.55
4.62 3.0425 -5.24 AA8A1E 0.55
4.62 3.62 14.9725 AA8A1E 0.55
4.62 3.62 14.395 AA8A1E 0.55
4.62 3.62 13.8175 AA8A1E 0.55
4.62 3.62 13.24 AA8A1E 0.55
4.62 3.62 12.6625 AA8A1E 0.55
4.62 3.62 12.085 AA8A1E 0.55
4.62 3.62 11.5075 AA8A1E 0.55
4.62 3.62 10.93 AA8A1E 0.55
4.62 3.62 10.3525 AA8A1E 0.55
4.62 3.62 9.775 AA8A1E 0.55
4.62 3.62 9.197499 AA8A1E 0.55
4.62 3.62 8.62 AA8A1E 0.55
4.62 3.62 8.0425 AA8A1E 0.55
4.62 3.62 7.465001 AA8A1E 0.55
4.62 3.62 6.8875 AA8A1E 0.55
4.62 3.62 6.309999 AA8A1E 0.55
4.62 3.62 5.7325 AA8A1E 0.55
4.62 3.62 5.155 AA8A1E 0.55
4.62 3.62 4.577499 AA8A1E 0.55
4.62 3.62 4 AA8A1E 0.55
4.62 3.62 3.4225 AA8A1E 0.55
4.62 3.62 2.845 B99621 0.55
4.62 3.62 2.2675 B99621 0.55
4.62 3.62 1.69 B99621 0.55
4.62 3.62 1.1125 B99621 0.55
4.62 3.62 0.5349998 B99621 0.55
4.62 3.62 -0.04250002 B99621 0.55
4.62 3.62 -0.6199999 B99621 0.55
6.352499 3.62 -1.1975 B99621 0.55
4.62 3.62 -1.775 AA8A1E 0.55
4.62 3.62 -2.3525 AA8A1E 0.55
4.62 3.62 -2.93 AA8A1E 0.55
4.62 3.62 -3.5075 AA8A1E 0.55
4.62 3.62 -4.085 AA8A1E 0.55
4.62 4.1975 14.9725 AA8A1E 0.55
4.62 4.1975 14.395 AA8A1E 0.55
4.62 4.1975 13.8175 AA8A1E 0.55
4.62 4.1975 13.24 AA8A1E 0.55
4.62 4.1975 12.6625 AA8A1E 0.55
4.62 4.1975 12.085 AA8A1E 0.55
4.62 4.1975 11.5075 AA8A1E 0.55
4.62 4.1975 10.93 AA8A1E 0.55
4.62 4.1975 10.3525 AA8A1E 0.55
4.62 4.1975 9.775 AA8A1E 0.55
4.62 4.1975 9.197499 AA8A1E 0.55
4.62 4.1975 8.62 B99621 0.55
4.62 4.1975 8.0425 B99621 0.55
4.62 4.1975 7.465001 B99621 0.55
4.62 4.1975 6.8875 B99621 0.55
4.62 4.1975 6.309999 B99621 0.55
4.62 4.1975 5.7325 4E5556 0.55
4.62 4.1975 5.155 252829 0.55
4.62 4.1975 4.577499 252829 0.55
4.62 4.1975 4 252829 0.55
4.62 4.1975 3.4225 252829 0.55
4.0425 4.1975 2.845 252829 0.55
4.0425 4.1975 2.2675 252829 0.55
4.0425 4.1975 1.69 252829 0.55
4.0425 4.1975 1.1125 252829 0.55
4.0425 4.1975 0.5349998 252829 0.55
4.0425 4.1975 -0.04250002 252829 0.55
4.62 4.1975 -0.6199999 252829 0.55
4.62 4.1975 -1.1975 252829 0.55
4.62 4.1975 -1.775 B99621 0.55
4.0425 4.775 14.9725 393937 0.55
4.0425 4.775 14.395 393937 0.55
2.31 4.775 10.93 2C2B29 0.55
4.62 4.775 10.3525 B99621 0.55
4.62 4.775 9.775 B99621 0.55
4.0425 4.775 9.197499 B99621 0.55
4.0425 4.775 8.62 B99621 0.55
4.0425 4.775 8.0425 B99621 0.55
4.0425 4.775 7.465001 B99621 0.55
4.0425 4.775 6.8875 B99621 0.55
4.0425 4.775 6.309999 B99621 0.55
4.0425 4.775 5.7325 B99621 0.55
4.0425 4.775 5.155 4E5556 0.55
4.0425 4.775 4.577499 252829 0.55
4.0425 4.775 4 252829 0.55
4.0425 4.775 3.4225 252829 0.55
3.465 4.775 2.845 252829 0.55
3.465 4.775 2.2675 252829 0.55
3.465 4.775 1.69 252829 0.55
3.465 4.775 1.1125 252829 0.55
4.0425 4.775 0.5349998 252829 0.55
4.0425 4.775 -0.04250002 B99621 0.55
2.31 5.3525 7.465001 2C2B29 0.55
2.31 5.3525 6.8875 2C2B29 0.55
3.465 5.3525 6.309999 B99621 0.55
3.465 5.3525 5.7325 B99621 0.55
2.8875 5.3525 5.155 B99621 0.55
2.8875 5.3525 4.577499 B99621 0.55
2.8875 5.3525 4 B99621 0.55
2.8875 5.3525 3.4225 B99621 0.55
2.8875 5.3525 2.845 B99621 0.55
2.8875 5.3525 2.2675 B99621 0.55
3.465 5.3525 1.69 B99621 0.55
6.352499 3.62 -0.6199999 252829 0.55
4.62 3.62 -1.1975 AA8A1E 0.55
6.352499 4.1975 -0.6199999 AA8A1E 0.55
6.352499 4.1975 -1.1975 DEBC2C 0.55
5.775 3.62 -1.1975 9C7A1B 0.55
5.775 3.62 -0.6199999 252829 0.55
5.775 4.1975 -0.6199999 AA8A1E 0.55
5.775 4.1975 -1.1975 DEBC2C 0.55
5.1975 3.62 -0.6199999 252829 0.55
5.1975 3.62 -1.1975 B99621 0.55
5.1975 4.1975 -0.6199999 AA8A1E 0.55
4.62 0.7325001 15.55 1E1D1B 0.55
4.62 0.7325001 14.9725 1E1D1B 0.55
4.62 0.155 13.8175 1E1D1B 0.55
4.62 3.0425 12.085 343434 0.55
4.62 0.7325001 11.5075 343434 0.55
4.62 0.7325001 10.93 343434 0.55
4.62 3.0425 10.3525 343434 0.55
4.62 3.0425 -1.775 343434 0.55
4.62 0.7325001 -2.3525 343434 0.55
4.62 0.7325001 -2.93 343434 0.55
4.62 3.0425 -3.5075 343434 0.55
4.62 3.0425 -4.085 343434 0.55
4.62 2.465 -4.6625 343434 0.55
4.62 2.465 6.8875 8B6E1B 0.55
4.62 3.0425 6.309999 8B6E1B 0.55
4.62 3.0425 5.7325 8B6E1B 0.55
4.62 3.0425 5.155 8B6E1B 0.55
4.62 3.0425 4.577499 8B6E1B 0.55
4.0425 0.7325001 14.395 6B6966 0.55
4.62 0.7325001 -0.6199999 343434 0.55
4.62 1.31 16.1275 393937 0.55
4.62 1.31 11.5075 343434 0.55
4.62 1.31 10.93 343434 0.55
4.62 1.31 9.197499 343434 0.55
4.62 1.31 -2.3525 343434 0.55
4.62 1.31 -0.6199999 343434 0.55
4.62 1.31 -2.93 343434 0.55
4.62 1.8875 16.1275 393937 0.55
4.62 1.8875 9.197499 343434 0.55
4.62 1.8875 13.24 343434 0.55
4.62 1.8875 6.8875 9C7A1B 0.55
4.62 1.8875 6.309999 9C7A1B 0.55
4.62 1.8875 5.7325 9C7A1B 0.55
4.62 1.8875 -0.6199999 343434 0.55
4.62 3.0425 -5.8175 AA8A1E 0.55
4.62 3.62 15.55 C6A625 0.55
-5.1975 3.62 -1.1975 B99621 0.55
4.62 3.62 -4.6625 DEBC2C 0.55
4.62 4.1975 15.55 C6A625 0.55
4.62 4.1975 -2.3525 D3B129 0.55
4.62 4.775 12.6625 DEBC2C 0.55
4.62 4.775 12.085 DEBC2C 0.55
4.62 4.775 11.5075 D3B129 0.55
4.62 4.775 10.93 B99621 0.55
4.0425 0.155 13.8175 1E1D1B 0.55
4.0425 2.465 13.24 343434 0.55
4.0425 3.0425 12.6625 343434 0.55
4.0425 3.0425 12.085 343434 0.55
4.0425 0.7325001 11.5075 343434 0.55
4.0425 0.7325001 10.93 343434 0.55
4.0425 3.0425 10.3525 343434 0.55
4.0425 3.0425 9.775 343434 0.55
4.0425 2.465 9.197499 343434 0.55
4.0425 0.155 8.62 1E1D1B 0.55
4.0425 0.155 8.0425 1E1D1B 0.55
4.0425 0.155 7.465001 1E1D1B 0.55
4.0425 0.155 6.8875 1E1D1B 0.55
4.0425 0.155 6.309999 1E1D1B 0.55
4.0425 0.155 5.7325 1E1D1B 0.55
4.0425 0.155 5.155 1E1D1B 0.55
4.0425 0.155 4.577499 1E1D1B 0.55
4.0425 0.155 4 1E1D1B 0.55
4.0425 0.155 3.4225 1E1D1B 0.55
4.0425 0.155 2.845 1E1D1B 0.55
4.0425 0.155 2.2675 1E1D1B 0.55
4.0425 0.155 1.69 1E1D1B 0.55
4.0425 0.155 1.1125 1E1D1B 0.55
4.0425 0.155 0.5349998 1E1D1B 0.55
4.0425 0.155 -0.04250002 1E1D1B 0.55
4.0425 2.465 -0.6199999 343434 0.55
4.0425 3.0425 -1.1975 343434 0.55
4.0425 3.0425 -1.775 343434 0.55
4.0425 0.7325001 -2.3525 343434 0.55
4.0425 0.7325001 -2.93 343434 0.55
4.0425 3.0425 -3.5075 343434 0.55
4.0425 3.0425 -4.085 343434 0.55
4.0425 2.465 -4.6625 343434 0.55
4.0425 0.155 -5.24 343434 0.55
4.0425 0.155 -5.8175 1E1D1B 0.55
4.0425 0.155 -6.395 1E1D1B 0.55
4.0425 0.155 -6.972501 1E1D1B 0.55
4.0425 0.155 -7.55 1E1D1B 0.55
4.0425 0.7325001 13.8175 343434 0.55
4.0425 3.62 11.5075 343434 0.55
4.0425 0.7325001 8.62 343434 0.55
4.0425 0.7325001 -0.6199999 343434 0.55
4.0425 3.62 -2.93 343434 0.55
4.0425 0.7325001 -5.24 343434 0.55
4.0425 1.31 16.1275 393937 0.55
4.0425 1.31 11.5075 343434 0.55
4.0425 1.31 13.8175 343434 0.55
4.0425 3.62 10.93 343434 0.55
4.0425 1.31 10.93 343434 0.55
4.0425 1.31 9.197499 343434 0.55
4.0425 1.31 -2.3525 343434 0.55
4.0425 1.31 -0.6199999 343434 0.55
4.0425 3.62 -2.3525 343434 0.55
4.0425 1.31 -5.24 343434 0.55
4.0425 1.31 -2.93 343434 0.55
4.0425 1.8875 16.1275 393937 0.55
4.0425 1.8875 9.197499 343434 0.55
4.0425 1.8875 13.24 343434 0.55
4.0425 1.8875 -5.24 343434 0.55
4.0425 1.8875 -0.6199999 343434 0.55
4.0425 2.465 15.55 C6A625 0.55
4.0425 3.0425 15.55 F4CFA2 0.55
4.0425 3.0425 -5.8175 F4CFA2 0.55
4.0425 3.0425 -6.395 DEBC2C 0.55
4.0425 3.62 15.55 C6A625 0.55
4.0425 3.62 -4.6625 DEBC2C 0.55
4.0425 3.62 -4.085 DEBC2C 0.55
4.0425 3.0425 -5.24 F4B565 0.55
4.0425 4.1975 15.55 C6A625 0.55
4.0425 4.1975 -2.3525 D3B129 0.55
4.0425 4.1975 -1.775 D3B129 0.55
4.0425 3.62 -3.5075 DEBC2C 0.55
4.0425 4.775 10.93 D3B129 0.55
4.0425 4.1975 14.9725 DEBC2C 0.55
4.0425 4.1975 14.395 DEBC2C 0.55
4.0425 4.1975 13.8175 DEBC2C 0.55
4.0425 4.1975 13.24 DEBC2C 0.55
4.0425 4.775 12.6625 DEBC2C 0.55
4.0425 4.775 12.085 DEBC2C 0.55
4.0425 4.775 11.5075 D3B129 0.55
4.0425 4.775 -0.6199999 D3B129 0.55
4.0425 4.1975 -1.1975 D3B129 0.55
4.0425 4.775 10.3525 D3B129 0.55
4.0425 4.775 9.775 D3B129 0.55
3.465 0.7325001 16.1275 5A5956 0.55
3.465 0.7325001 15.55 5A5956 0.55
3.465 0.7325001 14.9725 5A5956 0.55
3.465 0.7325001 14.395 1E1D1B 0.55
3.465 0.155 13.8175 1E1D1B 0.55
3.465 0.155 8.62 1E1D1B 0.55
3.465 0.155 8.0425 1E1D1B 0.55
3.465 0.155 7.465001 1E1D1B 0.55
3.465 0.155 6.8875 1E1D1B 0.55
3.465 0.155 6.309999 1E1D1B 0.55
3.465 0.155 5.7325 1E1D1B 0.55
3.465 0.155 5.155 1E1D1B 0.55
3.465 0.155 4.577499 1E1D1B 0.55
3.465 0.155 4 1E1D1B 0.55
3.465 0.155 3.4225 1E1D1B 0.55
3.465 0.155 2.845 1E1D1B 0.55
3.465 0.155 2.2675 1E1D1B 0.55
3.465 0.155 1.69 1E1D1B 0.55
3.465 0.155 1.1125 1E1D1B 0.55
3.465 0.155 0.5349998 1E1D1B 0.55
3.465 0.155 -0.04250002 1E1D1B 0.55
3.465 0.155 -5.24 1E1D1B 0.55
3.465 0.155 -5.8175 1E1D1B 0.55
3.465 0.155 -6.395 1E1D1B 0.55
3.465 0.155 -6.972501 1E1D1B 0.55
3.465 0.155 -7.55 1E1D1B 0.55
3.465 0.155 -8.1275 1E1D1B 0.55
2.8875 0.7325001 15.55 6B6966 0.55
2.8875 0.7325001 14.9725 6B6966 0.55
3.465 4.1975 14.395 1E1D1B 0.55
2.8875 0.7325001 14.395 6B6966 0.55
3.465 1.31 -8.1275 393937 0.55
3.465 0.7325001 -8.1275 393937 0.55
3.465 1.31 16.1275 393937 0.55
3.465 1.31 15.55 7E7976 0.55
3.465 4.775 14.9725 2C2B29 0.55
3.465 1.31 14.9725 7E7976 0.55
3.465 1.31 14.395 7E7976 0.55
-2.31 1.31 -7.55 2C2B29 0.55
3.465 1.8875 16.1275 393937 0.55
3.465 1.8875 -8.1275 393937 0.55
3.465 2.465 15.55 C6A625 0.55
3.465 2.465 -7.55 DEBC2C 0.55
3.465 2.465 -6.972501 F4CFA2 0.55
3.465 3.0425 15.55 F4CFA2 0.55
3.465 3.0425 -5.8175 F4CFA2 0.55
3.465 3.0425 -6.395 F4CFA2 0.55
3.465 3.62 15.55 C6A625 0.55
3.465 3.62 -4.6625 DEBC2C 0.55
3.465 3.62 -4.085 DEBC2C 0.55
3.465 3.0425 -5.24 F4B565 0.55
3.465 4.1975 15.55 C6A625 0.55
3.465 4.1975 -2.3525 D3B129 0.55
3.465 4.1975 -1.775 252829 0.55
3.465 3.62 -2.93 DEBC2C 0.55
3.465 3.62 -3.5075 DEBC2C 0.55
3.465 4.1975 14.9725 DEBC2C 0.55
3.465 4.775 10.93 D3B129 0.55
3.465 4.1975 13.8175 DEBC2C 0.55
3.465 4.775 13.8175 2C2B29 0.55
3.465 4.1975 13.24 DEBC2C 0.55
3.465 4.775 12.6625 DEBC2C 0.55
3.465 4.775 12.085 DEBC2C 0.55
3.465 4.775 11.5075 D3B129 0.55
3.465 4.775 -0.6199999 D3B129 0.55
3.465 4.775 -0.04250002 D3B129 0.55
3.465 4.1975 -1.1975 252829 0.55
3.465 4.775 14.395 4A4846 0.55
3.465 4.775 10.3525 D3B129 0.55
3.465 4.775 9.775 D3B129 0.55
3.465 4.775 9.197499 D3B129 0.55
3.465 5.3525 8.62 D3B129 0.55
3.465 5.3525 8.0425 D3B129 0.55
3.465 5.3525 7.465001 D3B129 0.55
3.465 5.3525 6.8875 B99621 0.55
3.465 5.3525 5.155 4E5556 0.55
3.465 4.775 4.577499 252829 0.55
3.465 4.775 4 252829 0.55
3.465 4.775 3.4225 252829 0.55
3.465 5.3525 1.1125 B99621 0.55
3.465 4.775 0.5349998 D3B129 0.55
2.8875 0.7325001 16.1275 5A5956 0.55
2.8875 0.155 13.8175 1E1D1B 0.55
2.8875 0.155 13.24 1E1D1B 0.55
2.8875 0.155 12.6625 1E1D1B 0.55
2.8875 0.155 12.085 1E1D1B 0.55
2.8875 0.155 11.5075 1E1D1B 0.55
2.8875 0.155 10.93 1E1D1B 0.55
2.8875 0.155 10.3525 1E1D1B 0.55
2.8875 0.155 9.775 1E1D1B 0.55
2.8875 0.155 9.197499 1E1D1B 0.55
2.8875 0.155 8.62 1E1D1B 0.55
2.8875 0.155 8.0425 1E1D1B 0.55
2.8875 0.155 7.465001 1E1D1B 0.55
2.8875 0.155 6.8875 1E1D1B 0.55
2.8875 0.155 6.309999 1E1D1B 0.55
2.8875 0.155 5.7325 1E1D1B 0.55
2.8875 0.155 5.155 1E1D1B 0.55
2.8875 0.155 4.577499 1E1D1B 0.55
2.8875 0.155 4 1E1D1B 0.55
2.8875 0.155 3.4225 1E1D1B 0.55
2.8875 0.155 2.845 1E1D1B 0.55
2.8875 0.155 2.2675 1E1D1B 0.55
2.8875 0.155 1.69 1E1D1B 0.55
2.8875 0.155 1.1125 1E1D1B 0.55
2.8875 0.155 0.5349998 1E1D1B 0.55
2.8875 0.155 -0.04250002 1E1D1B 0.55
2.8875 0.155 -0.6199999 1E1D1B 0.55
2.8875 0.155 -1.1975 1E1D1B 0.55
2.8875 0.155 -1.775 1E1D1B 0.55
2.8875 0.155 -2.3525 1E1D1B 0.55
2.8875 0.155 -2.93 1E1D1B 0.55
2.8875 0.155 -3.5075 1E1D1B 0.55
2.8875 0.155 -4.085 1E1D1B 0.55
2.8875 0.155 -4.6625 1E1D1B 0.55
2.8875 0.155 -5.24 1E1D1B 0.55
2.8875 0.155 -5.8175 1E1D1B 0.55
2.8875 0.155 -6.395 1E1D1B 0.55
2.8875 0.155 -6.972501 1E1D1B 0.55
2.8875 0.155 -7.55 1E1D1B 0.55
2.8875 0.155 -8.1275 1E1D1B 0.55
2.8875 0.7325001 11.5075 343434 0.55
2.8875 0.7325001 10.93 343434 0.55
2.8875 0.7325001 -2.3525 343434 0.55
2.8875 0.7325001 -2.93 343434 0.55
2.31 0.7325001 16.1275 4A4846 0.55
-2.31 0.7325001 15.55 6B6966 0.55
-2.31 0.7325001 14.9725 6B6966 0.55
2.8875 4.775 14.395 1E1D1B 0.55
-2.31 0.7325001 14.395 6B6966 0.55
2.8875 1.31 -8.1275 393937 0.55
2.8875 0.7325001 -8.1275 393937 0.55
2.8875 1.31 16.1275 393937 0.55
2.8875 1.31 15.55 7E7976 0.55
2.8875 1.31 11.5075 343434 0.55
2.8875 4.775 14.9725 2C2B29 0.55
2.8875 1.31 14.9725 7E7976 0.55
2.8875 1.31 14.395 7E7976 0.55
2.8875 1.31 10.93 343434 0.55
2.8875 1.31 -2.3525 343434 0.55
2.8875 1.31 -2.93 343434 0.55
2.8875 1.8875 16.1275 393937 0.55
2.8875 1.8875 -8.1275 393937 0.55
2.8875 2.465 15.55 C6A625 0.55
2.8875 2.465 -7.55 DEBC2C 0.55
2.8875 2.465 -6.972501 F4CFA2 0.55
2.8875 3.0425 15.55 C6A625 0.55
2.8875 3.0425 -5.8175 F4CFA2 0.55
2.8875 3.0425 -6.395 F4CFA2 0.55
2.8875 3.62 15.55 C6A625 0.55
2.8875 3.62 -4.6625 DEBC2C 0.55
2.8875 3.62 -4.085 DEBC2C 0.55
2.8875 3.0425 -5.24 F4B565 0.55
2.8875 4.1975 15.55 C6A625 0.55
2.8875 4.1975 -2.3525 D3B129 0.55
2.8875 4.1975 -1.775 252829 0.55
2.8875 3.62 -2.93 DEBC2C 0.55
2.8875 3.62 -3.5075 DEBC2C 0.55
2.8875 4.1975 14.9725 DEBC2C 0.55
2.8875 4.775 10.93 D3B129 0.55
2.8875 4.1975 14.395 DEBC2C 0.55
2.8875 4.1975 13.8175 DEBC2C 0.55
2.8875 4.775 13.8175 2C2B29 0.55
2.8875 4.1975 13.24 DEBC2C 0.55
2.8875 4.775 12.6625 DEBC2C 0.55
2.8875 4.775 12.085 DEBC2C 0.55
2.8875 4.775 11.5075 D3B129 0.55
2.8875 4.775 -0.6199999 252829 0.55
2.8875 4.775 -0.04250002 252829 0.55
2.8875 4.1975 -1.1975 252829 0.55
2.8875 5.3525 6.8875 D3B129 0.55
2.8875 4.775 10.3525 D3B129 0.55
2.8875 4.775 9.775 D3B129 0.55
2.8875 4.775 9.197499 D3B129 0.55
2.8875 5.3525 8.62 D3B129 0.55
2.8875 5.3525 8.0425 D3B129 0.55
2.8875 5.3525 7.465001 D3B129 0.55
2.8875 5.3525 1.1125 D3B129 0.55
2.8875 5.3525 1.69 D3B129 0.55
2.8875 4.775 0.5349998 252829 0.55
2.8875 5.3525 6.309999 D3B129 0.55
2.8875 5.3525 5.7325 D3B129 0.55
2.31 0.7325001 15.55 1E1D1B 0.55
2.31 0.7325001 14.9725 1E1D1B 0.55
2.31 0.7325001 14.395 1E1D1B 0.55
2.31 0.155 13.8175 1E1D1B 0.55
2.31 0.155 13.24 1E1D1B 0.55
2.31 0.155 12.6625 1E1D1B 0.55
2.31 0.155 12.085 1E1D1B 0.55
2.31 0.155 11.5075 1E1D1B 0.55
2.31 0.155 10.93 1E1D1B 0.55
2.31 0.155 10.3525 1E1D1B 0.55
2.31 0.155 9.775 1E1D1B 0.55
2.31 0.155 9.197499 1E1D1B 0.55
2.31 0.155 8.62 1E1D1B 0.55
2.31 0.155 8.0425 1E1D1B 0.55
2.31 0.155 7.465001 1E1D1B 0.55
2.31 0.155 6.8875 1E1D1B 0.55
2.31 0.155 6.309999 1E1D1B 0.55
2.31 0.155 5.7325 1E1D1B 0.55
2.31 0.155 5.155 1E1D1B 0.55
2.31 0.155 4.577499 1E1D1B 0.55
2.31 0.155 4 1E1D1B 0.55
2.31 0.155 3.4225 1E1D1B 0.55
2.31 0.155 2.845 1E1D1B 0.55
2.31 0.155 2.2675 1E1D1B 0.55
2.31 0.155 1.69 1E1D1B 0.55
2.31 0.155 1.1125 1E1D1B 0.55
2.31 0.155 0.5349998 1E1D1B 0.55
2.31 0.155 -0.04250002 1E1D1B 0.55
2.31 0.155 -0.6199999 1E1D1B 0.55
2.31 0.155 -1.1975 1E1D1B 0.55
2.31 0.155 -1.775 1E1D1B 0.55
2.31 0.155 -2.3525 1E1D1B 0.55
2.31 0.155 -2.93 1E1D1B 0.55
2.31 0.155 -3.5075 1E1D1B 0.55
2.31 0.155 -4.085 1E1D1B 0.55
2.31 0.155 -4.6625 1E1D1B 0.55
2.31 0.155 -5.24 1E1D1B 0.55
2.31 0.155 -5.8175 1E1D1B 0.55
2.31 0.155 -6.395 1E1D1B 0.55
2.31 0.155 -6.972501 1E1D1B 0.55
2.31 0.155 -7.55 1E1D1B 0.55
2.31 0.155 -8.1275 1E1D1B 0.55
2.31 0.7325001 11.5075 343434 0.55
2.31 0.7325001 10.93 343434 0.55
2.31 0.7325001 -2.3525 343434 0.55
2.31 0.7325001 -2.93 343434 0.55
-2.31 0.7325001 16.1275 6B6966 0.55
2.31 4.775 14.395 1E1D1B 0.55
2.31 1.8875 -7.55 2C2B29 0.55
2.31 1.8875 -8.1275 2C2B29 0.55
2.31 0.7325001 -8.1275 393937 0.55
2.31 1.31 16.1275 393937 0.55
2.31 1.31 11.5075 343434 0.55
2.31 4.775 14.9725 2C2B29 0.55
2.31 1.31 10.93 343434 0.55
2.31 1.31 -2.3525 343434 0.55
2.31 1.31 -2.93 343434 0.55
2.31 0.7325001 -7.55 4A4846 0.55
2.31 1.31 -7.55 2C2B29 0.55
2.31 1.31 -6.972501 1E1D1B 0.55
2.31 1.8875 16.1275 393937 0.55
2.31 2.465 15.55 C6A625 0.55
2.31 2.465 -7.55 DEBC2C 0.55
2.31 2.465 -6.972501 DEBC2C 0.55
2.31 3.0425 15.55 C6A625 0.55
2.31 3.0425 -5.8175 DEBC2C 0.55
2.31 3.0425 -6.395 DEBC2C 0.55
2.31 3.62 15.55 C6A625 0.55
2.31 3.62 -4.6625 DEBC2C 0.55
2.31 3.62 -4.085 DEBC2C 0.55
2.31 3.0425 -5.24 DEBC2C 0.55
2.31 4.1975 15.55 C6A625 0.55
2.31 4.1975 -2.3525 D3B129 0.55
2.31 4.1975 -1.775 252829 0.55
2.31 3.62 -2.93 DEBC2C 0.55
2.31 3.62 -3.5075 DEBC2C 0.55
2.31 4.1975 14.9725 DEBC2C 0.55
2.31 4.775 11.5075 2C2B29 0.55
2.31 4.1975 14.395 DEBC2C 0.55
2.31 4.1975 13.8175 DEBC2C 0.55
2.31 4.775 13.8175 2C2B29 0.55
2.31 4.1975 13.24 DEBC2C 0.55
2.31 4.775 12.6625 DEBC2C 0.55
2.31 4.775 12.085 DEBC2C 0.55
2.31 4.775 -0.6199999 252829 0.55
2.31 4.775 -0.04250002 252829 0.55
2.31 4.1975 -1.1975 252829 0.55
2.31 4.775 10.3525 4A4846 0.55
2.31 5.3525 9.775 4A4846 0.55
2.31 5.3525 9.197499 4A4846 0.55
2.31 5.3525 8.62 4A4846 0.55
2.31 5.3525 8.0425 4A4846 0.55
2.31 5.3525 1.1125 252829 0.55
2.31 5.3525 1.69 252829 0.55
2.31 4.775 0.5349998 252829 0.55
2.31 5.3525 6.309999 4A4846 0.55
2.31 5.3525 5.7325 D3B129 0.55
2.31 5.3525 5.155 DEBC2C 0.55
2.31 5.3525 4.577499 DEBC2C 0.55
2.31 5.3525 4 DEBC2C 0.55
2.31 5.3525 3.4225 DEBC2C 0.55
2.31 5.3525 2.845 DEBC2C 0.55
2.31 5.3525 2.2675 DEBC2C 0.55
1.7325 0.7325001 15.55 1E1D1B 0.55
1.7325 0.7325001 14.9725 1E1D1B 0.55
1.7325 0.7325001 14.395 1E1D1B 0.55
1.7325 0.155 13.8175 1E1D1B 0.55
1.7325 0.155 13.24 1E1D1B 0.55
1.7325 0.155 12.6625 1E1D1B 0.55
1.7325 0.155 12.085 1E1D1B 0.55
1.7325 0.155 11.5075 1E1D1B 0.55
1.7325 0.155 10.93 1E1D1B 0.55
1.7325 0.155 10.3525 1E1D1B 0.55
1.7325 0.155 9.775 1E1D1B 0.55
1.7325 0.155 9.197499 1E1D1B 0.55
1.7325 0.155 8.62 1E1D1B 0.55
1.7325 0.155 8.0425 1E1D1B 0.55
1.7325 0.155 7.465001 1E1D1B 0.55
1.7325 0.155 6.8875 1E1D1B 0.55
1.7325 0.155 6.309999 1E1D1B 0.55
1.7325 0.155 5.7325 1E1D1B 0.55
1.7325 0.155 5.155 1E1D1B 0.55
1.7325 0.155 4.577499 1E1D1B 0.55
1.7325 0.155 4 1E1D1B 0.55
1.7325 0.155 3.4225 1E1D1B 0.55
1.7325 0.155 2.845 1E1D1B 0.55
1.7325 0.155 2.2675 1E1D1B 0.55
1.7325 0.155 1.69 1E1D1B 0.55
1.7325 0.155 1.1125 1E1D1B 0.55
1.7325 0.155 0.5349998 1E1D1B 0.55
1.7325 0.155 -0.04250002 1E1D1B 0.55
1.7325 0.155 -0.6199999 1E1D1B 0.55
1.7325 0.155 -1.1975 1E1D1B 0.55
1.7325 0.155 -1.775 1E1D1B 0.55
1.7325 0.155 -2.3525 1E1D1B 0.55
1.7325 0.155 -2.93 1E1D1B 0.55
1.7325 0.155 -3.5075 1E1D1B 0.55
1.7325 0.155 -4.085 1E1D1B 0.55
1.7325 0.155 -4.6625 1E1D1B 0.55
1.7325 0.155 -5.24 1E1D1B 0.55
1.7325 0.155 -5.8175 1E1D1B 0.55
1.7325 0.155 -6.395 1E1D1B 0.55
1.7325 0.155 -6.972501 1E1D1B 0.55
1.7325 0.155 -7.55 1E1D1B 0.55
1.7325 0.155 -8.1275 1E1D1B 0.55
1.7325 0.7325001 11.5075 343434 0.55
1.7325 0.7325001 10.93 343434 0.55
1.7325 0.7325001 -2.3525 343434 0.55
1.7325 0.7325001 -2.93 343434 0.55
1.7325 4.775 14.395 1E1D1B 0.55
1.7325 1.8875 -7.55 2C2B29 0.55
1.7325 1.8875 -8.1275 2C2B29 0.55
1.7325 0.7325001 -8.1275 393937 0.55
1.7325 1.31 16.1275 262B2C 0.55
1.7325 1.31 11.5075 343434 0.55
1.7325 4.775 14.9725 2C2B29 0.55
1.7325 1.31 10.93 343434 0.55
1.7325 1.31 -2.3525 343434 0.55
1.7325 1.31 -2.93 343434 0.55
1.7325 0.7325001 -7.55 4A4846 0.55
1.7325 1.31 -6.972501 1E1D1B 0.55
1.7325 1.8875 16.1275 262B2C 0.55
1.7325 2.465 15.55 343434 0.55
1.7325 2.465 -7.55 DEBC2C 0.55
1.7325 2.465 -6.972501 DEBC2C 0.55
1.7325 3.0425 15.55 343434 0.55
1.7325 3.0425 -5.8175 DEBC2C 0.55
1.7325 3.0425 -6.395 DEBC2C 0.55
1.7325 3.62 15.55 C6A625 0.55
1.7325 3.62 -4.6625 DEBC2C 0.55
1.7325 3.62 -4.085 DEBC2C 0.55
1.7325 3.0425 -5.24 DEBC2C 0.55
1.7325 4.1975 15.55 C6A625 0.55
1.7325 4.1975 -2.3525 D3B129 0.55
1.7325 4.1975 -1.775 252829 0.55
1.7325 3.62 -2.93 DEBC2C 0.55
1.7325 3.62 -3.5075 DEBC2C 0.55
1.7325 4.1975 14.9725 DEBC2C 0.55
1.7325 4.775 11.5075 2C2B29 0.55
1.7325 4.1975 14.395 DEBC2C 0.55
1.7325 4.1975 13.8175 DEBC2C 0.55
1.7325 4.775 13.8175 2C2B29 0.55
1.7325 4.1975 13.24 DEBC2C 0.55
1.7325 4.775 12.6625 DEBC2C 0.55
1.7325 4.775 12.085 DEBC2C 0.55
1.7325 4.775 -0.6199999 252829 0.55
1.7325 4.775 -0.04250002 252829 0.55
1.7325 4.1975 -1.1975 252829 0.55
1.7325 5.3525 7.465001 2C2B29 0.55
1.7325 4.775 10.93 4A4846 0.55
1.7325 4.775 10.3525 4A4846 0.55
1.7325 5.3525 9.775 4A4846 0.55
1.7325 5.3525 9.197499 4A4846 0.55
1.7325 5.3525 8.62 4A4846 0.55
1.7325 5.3525 8.0425 4A4846 0.55
1.7325 5.3525 1.1125 252829 0.55
1.7325 5.3525 1.69 252829 0.55
1.7325 4.775 0.5349998 252829 0.55
1.7325 5.3525 6.8875 4A4846 0.55
1.7325 5.3525 6.309999 4A4846 0.55
1.7325 5.3525 5.7325 D3B129 0.55
1.7325 5.3525 5.155 DEBC2C 0.55
1.7325 5.3525 4.577499 DEBC2C 0.55
1.7325 5.3525 4 DEBC2C 0.55
1.7325 5.3525 3.4225 DEBC2C 0.55
1.7325 5.3525 2.845 DEBC2C 0.55
1.7325 5.3525 2.2675 DEBC2C 0.55
1.155 0.7325001 15.55 1E1D1B 0.55
1.155 0.7325001 14.9725 1E1D1B 0.55
1.155 0.7325001 14.395 1E1D1B 0.55
1.155 0.155 13.8175 1E1D1B 0.55
1.155 0.155 13.24 1E1D1B 0.55
1.155 0.155 12.6625 1E1D1B 0.55
1.155 0.155 12.085 1E1D1B 0.55
1.155 0.155 11.5075 1E1D1B 0.55
1.155 0.155 10.93 1E1D1B 0.55
1.155 0.155 10.3525 1E1D1B 0.55
1.155 0.155 9.775 1E1D1B 0.55
1.155 0.155 9.197499 1E1D1B 0.55
1.155 0.155 8.62 1E1D1B 0.55
1.155 0.155 8.0425 1E1D1B 0.55
1.155 0.155 7.465001 1E1D1B 0.55
1.155 0.155 6.8875 1E1D1B 0.55
1.155 0.155 6.309999 1E1D1B 0.55
1.155 0.155 5.7325 1E1D1B 0.55
1.155 0.155 5.155 1E1D1B 0.55
1.155 0.155 4.577499 1E1D1B 0.55
1.155 0.155 4 1E1D1B 0.55
1.155 0.155 3.4225 1E1D1B 0.55
1.155 0.155 2.845 1E1D1B 0.55
1.155 0.155 2.2675 1E1D1B 0.55
1.155 0.155 1.69 1E1D1B 0.55
1.155 0.155 1.1125 1E1D1B 0.55
1.155 0.155 0.5349998 1E1D1B 0.55
1.155 0.155 -0.04250002 1E1D1B 0.55
1.155 0.155 -0.6199999 1E1D1B 0.55
1.155 0.155 -1.1975 1E1D1B 0.55
1.155 0.155 -1.775 1E1D1B 0.55
1.155 0.155 -2.3525 1E1D1B 0.55
1.155 0.155 -2.93 1E1D1B 0.55
1.155 0.155 -3.5075 1E1D1B 0.55
1.155 0.155 -4.085 1E1D1B 0.55
1.155 0.155 -4.6625 1E1D1B 0.55
1.155 0.155 -5.24 1E1D1B 0.55
1.155 0.155 -5.8175 1E1D1B 0.55
1.155 0.155 -6.395 1E1D1B 0.55
1.155 0.155 -6.972501 1E1D1B 0.55
1.155 0.155 -7.55 1E1D1B 0.55
1.155 0.155 -8.1275 1E1D1B 0.55
1.155 0.7325001 11.5075 343434 0.55
1.155 0.7325001 10.93 343434 0.55
1.155 0.7325001 -2.3525 343434 0.55
1.155 0.7325001 -2.93 343434 0.55
1.155 4.775 14.395 1E1D1B 0.55
1.155 1.8875 -7.55 2C2B29 0.55
1.155 1.8875 -8.1275 2C2B29 0.55
1.155 0.7325001 -8.1275 393937 0.55
1.155 1.31 16.1275 262B2C 0.55
1.155 1.31 11.5075 343434 0.55
1.155 4.775 14.9725 2C2B29 0.55
1.155 1.31 10.93 343434 0.55
1.155 1.31 -2.3525 343434 0.55
1.155 1.31 -2.93 343434 0.55
1.155 0.7325001 -7.55 4A4846 0.55
1.155 1.31 -6.972501 1E1D1B 0.55
1.155 1.8875 16.1275 262B2C 0.55
1.155 2.465 15.55 343434 0.55
1.155 2.465 -7.55 313536 0.55
1.155 2.465 -6.972501 313536 0.55
1.155 3.0425 15.55 343434 0.55
1.155 3.0425 -5.8175 313536 0.55
1.155 3.0425 -6.395 313536 0.55
1.155 3.62 15.55 313536 0.55
1.155 3.62 -4.6625 313536 0.55
1.155 3.62 -4.085 313536 0.55
1.155 3.0425 -5.24 313536 0.55
1.155 4.1975 15.55 313536 0.55
1.155 4.1975 -2.3525 2B2F31 0.55
1.155 4.1975 -1.775 252829 0.55
1.155 3.62 -2.93 313536 0.55
1.155 3.62 -3.5075 313536 0.55
1.155 4.1975 14.9725 393C3C 0.55
1.155 4.775 11.5075 2C2B29 0.55
1.155 4.1975 14.395 393C3C 0.55
1.155 4.1975 13.8175 393C3C 0.55
1.155 4.775 13.8175 2C2B29 0.55
1.155 4.1975 13.24 393C3C 0.55
1.155 4.775 12.6625 393C3C 0.55
1.155 4.775 12.085 393C3C 0.55
1.155 4.775 -0.6199999 252829 0.55
1.155 4.775 -0.04250002 252829 0.55
1.155 4.1975 -1.1975 252829 0.55
1.155 5.3525 7.465001 2C2B29 0.55
1.155 4.775 10.93 4A4846 0.55
1.155 4.775 10.3525 4A4846 0.55
1.155 5.3525 9.775 4A4846 0.55
1.155 5.3525 9.197499 4A4846 0.55
1.155 5.3525 8.62 4A4846 0.55
1.155 5.3525 8.0425 4A4846 0.55
1.155 5.3525 1.1125 252829 0.55
1.155 5.3525 1.69 252829 0.55
1.155 4.775 0.5349998 252829 0.55
1.155 5.3525 6.8875 4A4846 0.55
1.155 5.3525 6.309999 4A4846 0.55
1.155 5.3525 5.7325 2B2F31 0.55
1.155 5.3525 5.155 313536 0.55
1.155 5.3525 4.577499 313536 0.55
1.155 5.3525 4 313536 0.55
1.155 5.3525 3.4225 313536 0.55
1.155 5.3525 2.845 313536 0.55
1.155 5.3525 2.2675 313536 0.55
0.5775001 0.7325001 15.55 1E1D1B 0.55
0.5775001 0.7325001 14.9725 1E1D1B 0.55
0.5775001 0.7325001 14.395 1E1D1B 0.55
0.5775001 0.155 13.8175 1E1D1B 0.55
0.5775001 0.155 13.24 1E1D1B 0.55
0.5775001 0.155 12.6625 1E1D1B 0.55
0.5775001 0.155 12.085 1E1D1B 0.55
0.5775001 0.155 11.5075 1E1D1B 0.55
0.5775001 0.155 10.93 1E1D1B 0.55
0.5775001 0.155 10.3525 1E1D1B 0.55
0.5775001 0.155 9.775 1E1D1B 0.55
0.5775001 0.155 9.197499 1E1D1B 0.55
0.5775001 0.155 8.62 1E1D1B 0.55
0.5775001 0.155 8.0425 1E1D1B 0.55
0.5775001 0.155 7.465001 1E1D1B 0.55
0.5775001 0.155 6.8875 1E1D1B 0.55
0.5775001 0.155 6.309999 1E1D1B 0.55
0.5775001 0.155 5.7325 1E1D1B 0.55
0.5775001 0.155 5.155 1E1D1B 0.55
0.5775001 0.155 4.577499 1E1D1B 0.55
0.5775001 0.155 4 1E1D1B 0.55
0.5775001 0.155 3.4225 1E1D1B 0.55
0.5775001 0.155 2.845 1E1D1B 0.55
0.5775001 0.155 2.2675 1E1D1B 0.55
0.5775001 0.155 1.69 1E1D1B 0.55
0.5775001 0.155 1.1125 1E1D1B 0.55
0.5775001 0.155 0.5349998 1E1D1B 0.55
0.5775001 0.155 -0.04250002 1E1D1B 0.55
0.5775001 0.155 -0.6199999 1E1D1B 0.55
0.5775001 0.155 -1.1975 1E1D1B 0.55
0.5775001 0.155 -1.775 1E1D1B 0.55
0.5775001 0.155 -2.3525 1E1D1B 0.55
0.5775001 0.155 -2.93 1E1D1B 0.55
0.5775001 0.155 -3.5075 1E1D1B 0.55
0.5775001 0.155 -4.085 1E1D1B 0.55
0.5775001 0.155 -4.6625 1E1D1B 0.55
0.5775001 0.155 -5.24 1E1D1B 0.55
0.5775001 0.155 -5.8175 1E1D1B 0.55
0.5775001 0.155 -6.395 1E1D1B 0.55
0.5775001 0.155 -6.972501 1E1D1B 0.55
0.5775001 0.155 -7.55 1E1D1B 0.55
0.5775001 0.155 -8.1275 1E1D1B 0.55
0.5775001 0.7325001 11.5075 343434 0.55
0.5775001 0.7325001 10.93 343434 0.55
0.5775001 0.7325001 -2.3525 343434 0.55
0.5775001 0.7325001 -2.93 343434 0.55
0.5775001 4.775 14.395 1E1D1B 0.55
0.5775001 1.8875 -7.55 2C2B29 0.55
0.5775001 1.8875 -8.1275 2C2B29 0.55
0.5775001 0.7325001 -8.1275 393937 0.55
0.5775001 1.31 16.1275 262B2C 0.55
0.5775001 1.31 11.5075 343434 0.55
0.5775001 4.775 14.9725 2C2B29 0.55
0.5775001 1.31 10.93 343434 0.55
0.5775001 1.31 -2.3525 343434 0.55
0.5775001 1.31 -2.93 343434 0.55
0.5775001 0.7325001 -7.55 4A4846 0.55
0.5775001 1.31 -6.972501 1E1D1B 0.55
0.5775001 1.8875 16.1275 262B2C 0.55
0.5775001 2.465 15.55 343434 0.55
0.5775001 2.465 -7.55 313536 0.55
0.5775001 2.465 -6.972501 313536 0.55
0.5775001 3.0425 15.55 343434 0.55
0.5775001 3.0425 -5.8175 313536 0.55
0.5775001 3.0425 -6.395 313536 0.55
0.5775001 3.62 15.55 313536 0.55
0.5775001 3.62 -4.6625 313536 0.55
0.5775001 3.62 -4.085 313536 0.55
0.5775001 3.0425 -5.24 313536 0.55
0.5775001 4.1975 15.55 313536 0.55
0.5775001 4.1975 -2.3525 2B2F31 0.55
0.5775001 4.1975 -1.775 252829 0.55
0.5775001 3.62 -2.93 313536 0.55
0.5775001 3.62 -3.5075 313536 0.55
0.5775001 4.1975 14.9725 393C3C 0.55
0.5775001 4.775 11.5075 2C2B29 0.55
0.5775001 4.1975 14.395 393C3C 0.55
0.5775001 4.1975 13.8175 393C3C 0.55
0.5775001 4.775 13.8175 2C2B29 0.55
0.5775001 4.1975 13.24 393C3C 0.55
0.5775001 4.775 12.6625 393C3C 0.55
0.5775001 4.775 12.085 393C3C 0.55
0.5775001 4.775 -0.6199999 252829 0.55
0.5775001 4.775 -0.04250002 252829 0.55
0.5775001 4.1975 -1.1975 252829 0.55
0.5775001 5.3525 7.465001 2C2B29 0.55
0.5775001 4.775 10.93 4A4846 0.55
0.5775001 4.775 10.3525 4A4846 0.55
0.5775001 5.3525 9.775 4A4846 0.55
0.5775001 5.3525 9.197499 4A4846 0.55
0.5775001 5.3525 8.62 4A4846 0.55
0.5775001 5.3525 8.0425 4A4846 0.55
0.5775001 5.3525 1.1125 252829 0.55
0.5775001 5.3525 1.69 252829 0.55
0.5775001 4.775 0.5349998 252829 0.55
0.5775001 5.3525 6.8875 4A4846 0.55
0.5775001 5.3525 6.309999 4A4846 0.55
0.5775001 5.3525 5.7325 2B2F31 0.55
0.5775001 5.3525 5.155 313536 0.55
0.5775001 5.3525 4.577499 313536 0.55
0.5775001 5.3525 4 313536 0.55
0.5775001 5.3525 3.4225 313536 0.55
0.5775001 5.3525 2.845 313536 0.55
0.5775001 5.3525 2.2675 313536 0.55
0 0.7325001 15.55 1E1D1B 0.55
0 0.7325001 14.9725 1E1D1B 0.55
0 0.7325001 14.395 1E1D1B 0.55
0 0.155 13.8175 1E1D1B 0.55
0 0.155 13.24 1E1D1B 0.55
0 0.155 12.6625 1E1D1B 0.55
0 0.155 12.085 1E1D1B 0.55
0 0.155 11.5075 1E1D1B 0.55
0 0.155 10.93 1E1D1B 0.55
0 0.155 10.3525 1E1D1B 0.55
0 0.155 9.775 1E1D1B 0.55
0 0.155 9.197499 1E1D1B 0.55
0 0.155 8.62 1E1D1B 0.55
0 0.155 8.0425 1E1D1B 0.55
0 0.155 7.465001 1E1D1B 0.55
0 0.155 6.8875 1E1D1B 0.55
0 0.155 6.309999 1E1D1B 0.55
0 0.155 5.7325 1E1D1B 0.55
0 0.155 5.155 1E1D1B 0.55
0 0.155 4.577499 1E1D1B 0.55
0 0.155 4 1E1D1B 0.55
0 0.155 3.4225 1E1D1B 0.55
0 0.155 2.845 1E1D1B 0.55
0 0.155 2.2675 1E1D1B 0.55
0 0.155 1.69 1E1D1B 0.55
0 0.155 1.1125 1E1D1B 0.55
0 0.155 0.5349998 1E1D1B 0.55
0 0.155 -0.04250002 1E1D1B 0.55
0 0.155 -0.6199999 1E1D1B 0.55
0 0.155 -1.1975 1E1D1B 0.55
0 0.155 -1.775 1E1D1B 0.55
0 0.155 -2.3525 1E1D1B 0.55
0 0.155 -2.93 1E1D1B 0.55
0 0.155 -3.5075 1E1D1B 0.55
0 0.155 -4.085 1E1D1B 0.55
0 0.155 -4.6625 1E1D1B 0.55
0 0.155 -5.24 1E1D1B 0.55
0 0.155 -5.8175 1E1D1B 0.55
0 0.155 -6.395 1E1D1B 0.55
0 0.155 -6.972501 1E1D1B 0.55
0 0.155 -7.55 1E1D1B 0.55
0 0.155 -8.1275 1E1D1B 0.55
0 0.7325001 11.5075 343434 0.55
0 0.7325001 10.93 343434 0.55
0 0.7325001 -2.3525 343434 0.55
0 0.7325001 -2.93 343434 0.55
0 4.775 14.395 1E1D1B 0.55
0 1.8875 -7.55 2C2B29 0.55
0 1.8875 -8.1275 2C2B29 0.55
0 0.7325001 -8.1275 393937 0.55
0 1.31 16.1275 262B2C 0.55
0 1.31 11.5075 343434 0.55
0 4.775 14.9725 2C2B29 0.55
0 1.31 10.93 343434 0.55
0 1.31 -2.3525 343434 0.55
0 1.31 -2.93 343434 0.55
0 0.7325001 -7.55 4A4846 0.55
0 1.31 -6.972501 1E1D1B 0.55
0 1.8875 16.1275 262B2C 0.55
0 2.465 15.55 343434 0.55
0 2.465 -7.55 DEBC2C 0.55
0 2.465 -6.972501 DEBC2C 0.55
0 3.0425 15.55 343434 0.55
0 3.0425 -5.8175 DEBC2C 0.55
0 3.0425 -6.395 DEBC2C 0.55
0 3.62 15.55 DEBC2C 0.55
0 3.62 -4.6625 DEBC2C 0.55
0 3.62 -4.085 DEBC2C 0.55
0 3.0425 -5.24 DEBC2C 0.55
0 4.1975 15.55 DEBC2C 0.55
0 4.1975 -2.3525 D3B129 0.55
0 4.1975 -1.775 252829 0.55
0 3.62 -2.93 DEBC2C 0.55
0 3.62 -3.5075 DEBC2C 0.55
0 4.1975 14.9725 EECF31 0.55
0 4.775 11.5075 2C2B29 0.55
0 4.1975 14.395 EECF31 0.55
0 4.1975 13.8175 EECF31 0.55
0 4.775 13.8175 2C2B29 0.55
0 4.1975 13.24 EECF31 0.55
0 4.775 12.6625 EECF31 0.55
0 4.775 12.085 EECF31 0.55
0 4.775 -0.6199999 252829 0.55
0 4.775 -0.04250002 252829 0.55
0 4.1975 -1.1975 252829 0.55
0 5.3525 7.465001 2C2B29 0.55
0 4.775 10.93 4A4846 0.55
0 4.775 10.3525 4A4846 0.55
0 5.3525 9.775 4A4846 0.55
0 5.3525 9.197499 4A4846 0.55
0 5.3525 8.62 4A4846 0.55
0 5.3525 8.0425 4A4846 0.55
0 5.3525 1.1125 252829 0.55
0 5.3525 1.69 252829 0.55
0 4.775 0.5349998 252829 0.55
0 5.3525 6.8875 4A4846 0.55
0 5.3525 6.309999 4A4846 0.55
0 5.3525 5.7325 D3B129 0.55
0 5.3525 5.155 DEBC2C 0.55
0 5.3525 4.577499 DEBC2C 0.55
0 5.3525 4 DEBC2C 0.55
0 5.3525 3.4225 DEBC2C 0.55
0 5.3525 2.845 DEBC2C 0.55
0 5.3525 2.2675 DEBC2C 0.55
-0.5775001 0.7325001 15.55 1E1D1B 0.55
-0.5775001 0.7325001 14.9725 1E1D1B 0.55
-0.5775001 0.7325001 14.395 1E1D1B 0.55
-0.5775001 0.155 13.8175 1E1D1B 0.55
-0.5775001 0.155 13.24 1E1D1B 0.55
-0.5775001 0.155 12.6625 1E1D1B 0.55
-0.5775001 0.155 12.085 1E1D1B 0.55
-0.5775001 0.155 11.5075 1E1D1B 0.55
-0.5775001 0.155 10.93 1E1D1B 0.55
-0.5775001 0.155 10.3525 1E1D1B 0.55
-0.5775001 0.155 9.775 1E1D1B 0.55
-0.5775001 0.155 9.197499 1E1D1B 0.55
-0.5775001 0.155 8.62 1E1D1B 0.55
-0.5775001 0.155 8.0425 1E1D1B 0.55
-0.5775001 0.155 7.465001 1E1D1B 0.55
-0.5775001 0.155 6.8875 1E1D1B 0.55
-0.5775001 0.155 6.309999 1E1D1B 0.55
-0.5775001 0.155 5.7325 1E1D1B 0.55
-0.5775001 0.155 5.155 1E1D1B 0.55
-0.5775001 0.155 4.577499 1E1D1B 0.55
-0.5775001 0.155 4 1E1D1B 0.55
-0.5775001 0.155 3.4225 1E1D1B 0.55
-0.5775001 0.155 2.845 1E1D1B 0.55
-0.5775001 0.155 2.2675 1E1D1B 0.55
-0.5775001 0.155 1.69 1E1D1B 0.55
-0.5775001 0.155 1.1125 1E1D1B 0.55
-0.5775001 0.155 0.5349998 1E1D1B 0.55
-0.5775001 0.155 -0.04250002 1E1D1B 0.55
-0.5775001 0.155 -0.6199999 1E1D1B 0.55
-0.5775001 0.155 -1.1975 1E1D1B 0.55
-0.5775001 0.155 -1.775 1E1D1B 0.55
-0.5775001 0.155 -2.3525 1E1D1B 0.55
-0.5775001 0.155 -2.93 1E1D1B 0.55
-0.5775001 0.155 -3.5075 1E1D1B 0.55
-0.5775001 0.155 -4.085 1E1D1B 0.55
-0.5775001 0.155 -4.6625 1E1D1B 0.55
-0.5775001 0.155 -5.24 1E1D1B 0.55
-0.5775001 0.155 -5.8175 1E1D1B 0.55
-0.5775001 0.155 -6.395 1E1D1B 0.55
-0.5775001 0.155 -6.972501 1E1D1B 0.55
-0.5775001 0.155 -7.55 1E1D1B 0.55
-0.5775001 0.155 -8.1275 1E1D1B 0.55
-0.5775001 0.7325001 11.5075 343434 0.55
-0.5775001 0.7325001 10.93 343434 0.55
-0.5775001 0.7325001 -2.3525 343434 0.55
-0.5775001 0.7325001 -2.93 343434 0.55
-0.5775001 4.775 14.395 1E1D1B 0.55
-0.5775001 1.8875 -7.55 2C2B29 0.55
-0.5775001 1.8875 -8.1275 2C2B29 0.55
-0.5775001 0.7325001 -8.1275 393937 0.55
-0.5775001 1.31 16.1275 262B2C 0.55
-0.5775001 1.31 11.5075 343434 0.55
-0.5775001 4.775 14.9725 2C2B29 0.55
-0.5775001 1.31 10.93 343434 0.55
-0.5775001 1.31 -2.3525 343434 0.55
-0.5775001 1.31 -2.93 343434 0.55
-0.5775001 0.7325001 -7.55 4A4846 0.55
-0.5775001 1.31 -6.972501 1E1D1B 0.55
-0.5775001 1.8875 16.1275 262B2C 0.55
-0.5775001 2.465 15.55 343434 0.55
-0.5775001 2.465 -7.55 313536 0.55
-0.5775001 2.465 -6.972501 313536 0.55
-0.5775001 3.0425 15.55 343434 0.55
-0.5775001 3.0425 -5.8175 313536 0.55
-0.5775001 3.0425 -6.395 313536 0.55
-0.5775001 3.62 15.55 313536 0.55
-0.5775001 3.62 -4.6625 313536 0.55
-0.5775001 3.62 -4.085 313536 0.55
-0.5775001 3.0425 -5.24 313536 0.55
-0.5775001 4.1975 15.55 313536 0.55
-0.5775001 4.1975 -2.3525 2B2F31 0.55
-0.5775001 4.1975 -1.775 252829 0.55
-0.5775001 3.62 -2.93 313536 0.55
-0.5775001 3.62 -3.5075 313536 0.55
-0.5775001 4.1975 14.9725 393C3C 0.55
-0.5775001 4.775 11.5075 2C2B29 0.55
-0.5775001 4.1975 14.395 393C3C 0.55
-0.5775001 4.1975 13.8175 393C3C 0.55
-0.5775001 4.775 13.8175 2C2B29 0.55
-0.5775001 4.1975 13.24 393C3C 0.55
-0.5775001 4.775 12.6625 393C3C 0.55
-0.5775001 4.775 12.085 393C3C 0.55
-0.5775001 4.775 -0.6199999 252829 0.55
-0.5775001 4.775 -0.04250002 252829 0.55
-0.5775001 4.1975 -1.1975 252829 0.55
-0.5775001 5.3525 7.465001 2C2B29 0.55
-0.5775001 4.775 10.93 4A4846 0.55
-0.5775001 4.775 10.3525 4A4846 0.55
-0.5775001 5.3525 9.775 4A4846 0.55
-0.5775001 5.3525 9.197499 4A4846 0.55
-0.5775001 5.3525 8.62 4A4846 0.55
-0.5775001 5.3525 8.0425 4A4846 0.55
-0.5775001 5.3525 1.1125 252829 0.55
-0.5775001 5.3525 1.69 252829 0.55
-0.5775001 4.775 0.5349998 252829 0.55
-0.5775001 5.3525 6.8875 4A4846 0.55
-0.5775001 5.3525 6.309999 4A4846 0.55
-0.5775001 5.3525 5.7325 2B2F31 0.55
-0.5775001 5.3525 5.155 313536 0.55
-0.5775001 5.3525 4.577499 313536 0.55
-0.5775001 5.3525 4 313536 0.55
-0.5775001 5.3525 3.4225 313536 0.55
-0.5775001 5.3525 2.845 313536 0.55
-0.5775001 5.3525 2.2675 313536 0.55
-1.155 0.7325001 15.55 1E1D1B 0.55
-1.155 0.7325001 14.9725 1E1D1B 0.55
-1.155 0.7325001 14.395 1E1D1B 0.55
-1.155 0.155 13.8175 1E1D1B 0.55
-1.155 0.155 13.24 1E1D1B 0.55
-1.155 0.155 12.6625 1E1D1B 0.55
-1.155 0.155 12.085 1E1D1B 0.55
-1.155 0.155 11.5075 1E1D1B 0.55
-1.155 0.155 10.93 1E1D1B 0.55
-1.155 0.155 10.3525 1E1D1B 0.55
-1.155 0.155 9.775 1E1D1B 0.55
-1.155 0.155 9.197499 1E1D1B 0.55
-1.155 0.155 8.62 1E1D1B 0.55
-1.155 0.155 8.0425 1E1D1B 0.55
-1.155 0.155 7.465001 1E1D1B 0.55
-1.155 0.155 6.8875 1E1D1B 0.55
-1.155 0.155 6.309999 1E1D1B 0.55
-1.155 0.155 5.7325 1E1D1B 0.55
-1.155 0.155 5.155 1E1D1B 0.55
-1.155 0.155 4.577499 1E1D1B 0.55
-1.155 0.155 4 1E1D1B 0.55
-1.155 0.155 3.4225 1E1D1B 0.55
-1.155 0.155 2.845 1E1D1B 0.55
-1.155 0.155 2.2675 1E1D1B 0.55
-1.155 0.155 1.69 1E1D1B 0.55
-1.155 0.155 1.1125 1E1D1B 0.55
-1.155 0.155 0.5349998 1E1D1B 0.55
-1.155 0.155 -0.04250002 1E1D1B 0.55
-1.155 0.155 -0.6199999 1E1D1B 0.55
-1.155 0.155 -1.1975 1E1D1B 0.55
-1.155 0.155 -1.775 1E1D1B 0.55
-1.155 0.155 -2.3525 1E1D1B 0.55
-1.155 0.155 -2.93 1E1D1B 0.55
-1.155 0.155 -3.5075 1E1D1B 0.55
-1.155 0.155 -4.085 1E1D1B 0.55
-1.155 0.155 -4.6625 1E1D1B 0.55
-1.155 0.155 -5.24 1E1D1B 0.55
-1.155 0.155 -5.8175 1E1D1B 0.55
-1.155 0.155 -6.395 1E1D1B 0.55
-1.155 0.155 -6.972501 1E1D1B 0.55
-1.155 0.155 -7.55 1E1D1B 0.55
-1.155 0.155 -8.1275 1E1D1B 0.55
-1.155 0.7325001 11.5075 343434 0.55
-1.155 0.7325001 10.93 343434 0.55
-1.155 0.7325001 -2.3525 343434 0.55
-1.155 0.7325001 -2.93 343434 0.55
-1.155 4.775 14.395 1E1D1B 0.55
-1.155 1.8875 -7.55 2C2B29 0.55
-1.155 1.8875 -8.1275 2C2B29 0.55
-1.155 0.7325001 -8.1275 393937 0.55
-1.155 1.31 16.1275 262B2C 0.55
-1.155 1.31 11.5075 343434 0.55
-1.155 4.775 14.9725 2C2B29 0.55
-1.155 1.31 10.93 343434 0.55
-1.155 1.31 -2.3525 343434 0.55
-1.155 1.31 -2.93 343434 0.55
-1.155 0.7325001 -7.55 4A4846 0.55
-1.155 1.31 -6.972501 1E1D1B 0.55
-1.155 1.8875 16.1275 262B2C 0.55
-1.155 2.465 15.55 343434 0.55
-1.155 2.465 -7.55 313536 0.55
-1.155 2.465 -6.972501 313536 0.55
-1.155 3.0425 15.55 343434 0.55
-1.155 3.0425 -5.8175 313536 0.55
-1.155 3.0425 -6.395 313536 0.55
-1.155 3.62 15.55 313536 0.55
-1.155 3.62 -4.6625 313536 0.55
-1.155 3.62 -4.085 313536 0.55
-1.155 3.0425 -5.24 313536 0.55
-1.155 4.1975 15.55 313536 0.55
-1.155 4.1975 -2.3525 2B2F31 0.55
-1.155 4.1975 -1.775 252829 0.55
-1.155 3.62 -2.93 313536 0.55
-1.155 3.62 -3.5075 313536 0.55
-1.155 4.1975 14.9725 393C3C 0.55
-1.155 4.775 11.5075 2C2B29 0.55
-1.155 4.1975 14.395 393C3C 0.55
-1.155 4.1975 13.8175 393C3C 0.55
-1.155 4.775 13.8175 2C2B29 0.55
-1.155 4.1975 13.24 393C3C 0.55
-1.155 4.775 12.6625 393C3C 0.55
-1.155 4.775 12.085 393C3C 0.55
-1.155 4.775 -0.6199999 252829 0.55
-1.155 4.775 -0.04250002 252829 0.55
-1.155 4.1975 -1.1975 252829 0.55
-1.155 5.3525 7.465001 2C2B29 0.55
-1.155 4.775 10.93 4A4846 0.55
-1.155 4.775 10.3525 4A4846 0.55
-1.155 5.3525 9.775 4A4846 0.55
-1.155 5.3525 9.197499 4A4846 0.55
-1.155 5.3525 8.62 4A4846 0.55
-1.155 5.3525 8.0425 4A4846 0.55
-1.155 5.3525 1.1125 252829 0.55
-1.155 5.3525 1.69 252829 0.55
-1.155 4.775 0.5349998 252829 0.55
-1.155 5.3525 6.8875 4A4846 0.55
-1.155 5.3525 6.309999 4A4846 0.55
-1.155 5.3525 5.7325 2B2F31 0.55
-1.155 5.3525 5.155 313536 0.55
-1.155 5.3525 4.577499 313536 0.55
-1.155 5.3525 4 313536 0.55
-1.155 5.3525 3.4225 313536 0.55
-1.155 5.3525 2.845 313536 0.55
-1.155 5.3525 2.2675 313536 0.55
-1.7325 0.7325001 15.55 1E1D1B 0.55
-1.7325 0.7325001 14.9725 1E1D1B 0.55
-1.7325 0.7325001 14.395 1E1D1B 0.55
-1.7325 0.155 13.8175 1E1D1B 0.55
-1.7325 0.155 13.24 1E1D1B 0.55
-1.7325 0.155 12.6625 1E1D1B 0.55
-1.7325 0.155 12.085 1E1D1B 0.55
-1.7325 0.155 11.5075 1E1D1B 0.55
-1.7325 0.155 10.93 1E1D1B 0.55
-1.7325 0.155 10.3525 1E1D1B 0.55
-1.7325 0.155 9.775 1E1D1B 0.55
-1.7325 0.155 9.197499 1E1D1B 0.55
-1.7325 0.155 8.62 1E1D1B 0.55
-1.7325 0.155 8.0425 1E1D1B 0.55
-1.7325 0.155 7.465001 1E1D1B 0.55
-1.7325 0.155 6.8875 1E1D1B 0.55
-1.7325 0.155 6.309999 1E1D1B 0.55
-1.7325 0.155 5.7325 1E1D1B 0.55
-1.7325 0.155 5.155 1E1D1B 0.55
-1.7325 0.155 4.577499 1E1D1B 0.55
-1.7325 0.155 4 1E1D1B 0.55
-1.7325 0.155 3.4225 1E1D1B 0.55
-1.7325 0.155 2.845 1E1D1B 0.55
-1.7325 0.155 2.2675 1E1D1B 0.55
-1.7325 0.155 1.69 1E1D1B 0.55
-1.7325 0.155 1.1125 1E1D1B 0.55
-1.7325 0.155 0.5349998 1E1D1B 0.55
-1.7325 0.155 -0.04250002 1E1D1B 0.55
-1.7325 0.155 -0.6199999 1E1D1B 0.55
-1.7325 0.155 -1.1975 1E1D1B 0.55
-1.7325 0.155 -1.775 1E1D1B 0.55
-1.7325 0.155 -2.3525 1E1D1B 0.55
-1.7325 0.155 -2.93 1E1D1B 0.55
-1.7325 0.155 -3.5075 1E1D1B 0.55
-1.7325 0.155 -4.085 1E1D1B 0.55
-1.7325 0.155 -4.6625 1E1D1B 0.55
-1.7325 0.155 -5.24 1E1D1B 0.55
-1.7325 0.155 -5.8175 1E1D1B 0.55
-1.7325 0.155 -6.395 1E1D1B 0.55
-1.7325 0.155 -6.972501 1E1D1B 0.55
-1.7325 0.155 -7.55 1E1D1B 0.55
-1.7325 0.155 -8.1275 1E1D1B 0.55
-1.7325 0.7325001 11.5075 343434 0.55
-1.7325 0.7325001 10.93 343434 0.55
-1.7325 0.7325001 -2.3525 343434 0.55
-1.7325 0.7325001 -2.93 343434 0.55
-1.7325 4.775 14.395 1E1D1B 0.55
-1.7325 1.8875 -7.55 2C2B29 0.55
-1.7325 1.8875 -8.1275 2C2B29 0.55
-1.7325 0.7325001 -8.1275 393937 0.55
-1.7325 1.31 16.1275 262B2C 0.55
-1.7325 1.31 11.5075 343434 0.55
-1.7325 4.775 14.9725 2C2B29 0.55
-1.7325 1.31 10.93 343434 0.55
-1.7325 1.31 -2.3525 343434 0.55
-1.7325 1.31 -2.93 343434 0.55
-1.7325 0.7325001 -7.55 4A4846 0.55
-1.7325 1.31 -6.972501 1E1D1B 0.55
-1.7325 1.8875 16.1275 262B2C 0.55
-1.7325 2.465 15.55 343434 0.55
-1.7325 2.465 -7.55 DEBC2C 0.55
-1.7325 2.465 -6.972501 DEBC2C 0.55
-1.7325 3.0425 15.55 343434 0.55
-1.7325 3.0425 -5.8175 DEBC2C 0.55
-1.7325 3.0425 -6.395 DEBC2C 0.55
-1.7325 3.62 15.55 C6A625 0.55
-1.7325 3.62 -4.6625 DEBC2C 0.55
-1.7325 3.62 -4.085 DEBC2C 0.55
-1.7325 3.0425 -5.24 DEBC2C 0.55
-1.7325 4.1975 15.55 C6A625 0.55
-1.7325 4.1975 -2.3525 D3B129 0.55
-1.7325 4.1975 -1.775 252829 0.55
-1.7325 3.62 -2.93 DEBC2C 0.55
-1.7325 3.62 -3.5075 DEBC2C 0.55
-1.7325 4.1975 14.9725 DEBC2C 0.55
-1.7325 4.775 11.5075 2C2B29 0.55
-1.7325 4.1975 14.395 DEBC2C 0.55
-1.7325 4.1975 13.8175 DEBC2C 0.55
-1.7325 4.775 13.8175 2C2B29 0.55
-1.7325 4.1975 13.24 DEBC2C 0.55
-1.7325 4.775 12.6625 DEBC2C 0.55
-1.7325 4.775 12.085 DEBC2C 0.55
-1.7325 4.775 -0.6199999 252829 0.55
-1.7325 4.775 -0.04250002 252829 0.55
-1.7325 4.1975 -1.1975 252829 0.55
-1.7325 5.3525 7.465001 2C2B29 0.55
-1.7325 4.775 10.93 4A4846 0.55
-1.7325 4.775 10.3525 4A4846 0.55
-1.7325 5.3525 9.775 4A4846 0.55
-1.7325 5.3525 9.197499 4A4846 0.55
-1.7325 5.3525 8.62 4A4846 0.55
-1.7325 5.3525 8.0425 4A4846 0.55
-1.7325 5.3525 1.1125 252829 0.55
-1.7325 5.3525 1.69 252829 0.55
-1.7325 4.775 0.5349998 252829 0.55
-1.7325 5.3525 6.8875 4A4846 0.55
-1.7325 5.3525 6.309999 4A4846 0.55
-1.7325 5.3525 5.7325 D3B129 0.55
-1.7325 5.3525 5.155 DEBC2C 0.55
-1.7325 5.3525 4.577499 DEBC2C 0.55
-1.7325 5.3525 4 DEBC2C 0.55
-1.7325 5.3525 3.4225 DEBC2C 0.55
-1.7325 5.3525 2.845 DEBC2C 0.55
-1.7325 5.3525 2.2675 DEBC2C 0.55
-2.31 0.155 13.8175 1E1D1B 0.55
-2.31 0.155 13.24 1E1D1B 0.55
-2.31 0.155 12.6625 1E1D1B 0.55
-2.31 0.155 12.085 1E1D1B 0.55
-2.31 0.155 11.5075 1E1D1B 0.55
-2.31 0.155 10.93 1E1D1B 0.55
-2.31 0.155 10.3525 1E1D1B 0.55
-2.31 0.155 9.775 1E1D1B 0.55
-2.31 0.155 9.197499 1E1D1B 0.55
-2.31 0.155 8.62 1E1D1B 0.55
-2.31 0.155 8.0425 1E1D1B 0.55
-2.31 0.155 7.465001 1E1D1B 0.55
-2.31 0.155 6.8875 1E1D1B 0.55
-2.31 0.155 6.309999 1E1D1B 0.55
-2.31 0.155 5.7325 1E1D1B 0.55
-2.31 0.155 5.155 1E1D1B 0.55
-2.31 0.155 4.577499 1E1D1B 0.55
-2.31 0.155 4 1E1D1B 0.55
-2.31 0.155 3.4225 1E1D1B 0.55
-2.31 0.155 2.845 1E1D1B 0.55
-2.31 0.155 2.2675 1E1D1B 0.55
-2.31 0.155 1.69 1E1D1B 0.55
-2.31 0.155 1.1125 1E1D1B 0.55
-2.31 0.155 0.5349998 1E1D1B 0.55
-2.31 0.155 -0.04250002 1E1D1B 0.55
-2.31 0.155 -0.6199999 1E1D1B 0.55
-2.31 0.155 -1.1975 1E1D1B 0.55
-2.31 0.155 -1.775 1E1D1B 0.55
-2.31 0.155 -2.3525 1E1D1B 0.55
-2.31 0.155 -2.93 1E1D1B 0.55
-2.31 0.155 -3.5075 1E1D1B 0.55
-2.31 0.155 -4.085 1E1D1B 0.55
-2.31 0.155 -4.6625 1E1D1B 0.55
-2.31 0.155 -5.24 1E1D1B 0.55
-2.31 0.155 -5.8175 1E1D1B 0.55
-2.31 0.155 -6.395 1E1D1B 0.55
-2.31 0.155 -6.972501 1E1D1B 0.55
-2.31 0.155 -7.55 1E1D1B 0.55
-2.31 0.155 -8.1275 1E1D1B 0.55
-2.31 0.7325001 11.5075 343434 0.55
-2.31 0.7325001 10.93 343434 0.55
-2.31 0.7325001 -2.3525 343434 0.55
-2.31 0.7325001 -2.93 343434 0.55
-2.31 4.775 14.395 1E1D1B 0.55
-2.31 1.8875 -7.55 2C2B29 0.55
-2.31 1.8875 -8.1275 2C2B29 0.55
-2.31 0.7325001 -8.1275 393937 0.55
-2.31 1.31 16.1275 393937 0.55
-2.31 1.31 11.5075 343434 0.55
-2.31 4.775 14.9725 2C2B29 0.55
-2.31 1.31 10.93 343434 0.55
-2.31 1.31 -2.3525 343434 0.55
-2.31 1.31 -2.93 343434 0.55
-2.31 0.7325001 -7.55 4A4846 0.55
-2.31 1.31 -6.972501 1E1D1B 0.55
-2.31 1.8875 16.1275 393937 0.55
-2.31 2.465 15.55 C6A625 0.55
-2.31 2.465 -7.55 DEBC2C 0.55
-2.31 2.465 -6.972501 DEBC2C 0.55
-2.31 3.0425 15.55 C6A625 0.55
-2.31 3.0425 -5.8175 DEBC2C 0.55
-2.31 3.0425 -6.395 DEBC2C 0.55
-2.31 3.62 15.55 C6A625 0.55
-2.31 3.62 -4.6625 DEBC2C 0.55
-2.31 3.62 -4.085 DEBC2C 0.55
-2.31 3.0425 -5.24 DEBC2C 0.55
-2.31 4.1975 15.55 C6A625 0.55
-2.31 4.1975 -2.3525 D3B129 0.55
-2.31 4.1975 -1.775 252829 0.55
-2.31 3.62 -2.93 DEBC2C 0.55
-2.31 3.62 -3.5075 DEBC2C 0.55
-2.31 4.1975 14.9725 DEBC2C 0.55
-2.31 4.775 11.5075 2C2B29 0.55
-2.31 4.1975 14.395 DEBC2C 0.55
-2.31 4.1975 13.8175 DEBC2C 0.55
-2.31 4.775 13.8175 2C2B29 0.55
-2.31 4.1975 13.24 DEBC2C 0.55
-2.31 4.775 12.6625 DEBC2C 0.55
-2.31 4.775 12.085 DEBC2C 0.55
-2.31 4.775 -0.6199999 252829 0.55
-2.31 4.775 -0.04250002 252829 0.55
-2.31 4.1975 -1.1975 252829 0.55
-2.31 5.3525 7.465001 2C2B29 0.55
-2.31 4.775 10.93 4A4846 0.55
-2.31 4.775 10.3525 4A4846 0.55
-2.31 5.3525 9.775 4A4846 0.55
-2.31 5.3525 9.197499 4A4846 0.55
-2.31 5.3525 8.62 4A4846 0.55
-2.31 5.3525 8.0425 4A4846 0.55
-2.31 5.3525 1.1125 252829 0.55
-2.31 5.3525 1.69 252829 0.55
-2.31 4.775 0.5349998 252829 0.55
-2.31 5.3525 6.8875 4A4846 0.55
-2.31 5.3525 6.309999 4A4846 0.55
-2.31 5.3525 5.7325 D3B129 0.55
-2.31 5.3525 5.155 DEBC2C 0.55
-2.31 5.3525 4.577499 DEBC2C 0.55
-2.31 5.3525 4 DEBC2C 0.55
-2.31 5.3525 3.4225 DEBC2C 0.55
-2.31 5.3525 2.845 DEBC2C 0.55
-2.31 5.3525 2.2675 DEBC2C 0.55
-2.8875 0.7325001 16.1275 5A5956 0.55
-2.8875 0.7325001 15.55 5A5956 0.55
-2.8875 0.7325001 14.9725 5A5956 0.55
-2.8875 0.7325001 14.395 1E1D1B 0.55
-2.8875 0.155 13.8175 1E1D1B 0.55
-2.8875 0.155 13.24 1E1D1B 0.55
-2.8875 0.155 12.6625 1E1D1B 0.55
-2.8875 0.155 12.085 1E1D1B 0.55
-2.8875 0.155 11.5075 1E1D1B 0.55
-2.8875 0.155 10.93 1E1D1B 0.55
-2.8875 0.155 10.3525 1E1D1B 0.55
-2.8875 0.155 9.775 1E1D1B 0.55
-2.8875 0.155 9.197499 1E1D1B 0.55
-2.8875 0.155 8.62 1E1D1B 0.55
-2.8875 0.155 8.0425 1E1D1B 0.55
-2.8875 0.155 7.465001 1E1D1B 0.55
-2.8875 0.155 6.8875 1E1D1B 0.55
-2.8875 0.155 6.309999 1E1D1B 0.55
-2.8875 0.155 5.7325 1E1D1B 0.55
-2.8875 0.155 5.155 1E1D1B 0.55
-2.8875 0.155 4.577499 1E1D1B 0.55
-2.8875 0.155 4 1E1D1B 0.55
-2.8875 0.155 3.4225 1E1D1B 0.55
-2.8875 0.155 2.845 1E1D1B 0.55
-2.8875 0.155 2.2675 1E1D1B 0.55
-2.8875 0.155 1.69 1E1D1B 0.55
-2.8875 0.155 1.1125 1E1D1B 0.55
-2.8875 0.155 0.5349998 1E1D1B 0.55
-2.8875 0.155 -0.04250002 1E1D1B 0.55
-2.8875 0.155 -0.6199999 1E1D1B 0.55
-2.8875 0.155 -1.1975 1E1D1B 0.55
-2.8875 0.155 -1.775 1E1D1B 0.55
-2.8875 0.155 -2.3525 1E1D1B 0.55
-2.8875 0.155 -2.93 1E1D1B 0.55
-2.8875 0.155 -3.5075 1E1D1B 0.55
-2.8875 0.155 -4.085 1E1D1B 0.55
-2.8875 0.155 -4.6625 1E1D1B 0.55
-2.8875 0.155 -5.24 1E1D1B 0.55
-2.8875 0.155 -5.8175 1E1D1B 0.55
-2.8875 0.155 -6.395 1E1D1B 0.55
-2.8875 0.155 -6.972501 1E1D1B 0.55
-2.8875 0.155 -7.55 1E1D1B 0.55
-2.8875 0.155 -8.1275 1E1D1B 0.55
-2.8875 0.7325001 11.5075 343434 0.55
-2.8875 0.7325001 10.93 343434 0.55
-2.8875 0.7325001 -2.3525 343434 0.55
-2.8875 0.7325001 -2.93 343434 0.55
-3.465 0.7325001 15.55 6B6966 0.55
-3.465 0.7325001 14.9725 6B6966 0.55
-2.8875 4.775 14.395 1E1D1B 0.55
-3.465 0.7325001 14.395 6B6966 0.55
-2.8875 1.31 -8.1275 393937 0.55
-2.8875 0.7325001 -8.1275 393937 0.55
-2.8875 1.31 16.1275 393937 0.55
-2.8875 1.31 15.55 7E7976 0.55
-2.8875 1.31 11.5075 343434 0.55
-2.8875 4.775 14.9725 2C2B29 0.55
-2.8875 1.31 14.9725 7E7976 0.55
-2.8875 1.31 14.395 7E7976 0.55
-2.8875 1.31 10.93 343434 0.55
-2.8875 1.31 -2.3525 343434 0.55
-2.8875 1.31 -2.93 343434 0.55
-2.8875 1.8875 16.1275 393937 0.55
-2.8875 1.8875 -8.1275 393937 0.55
-2.8875 2.465 15.55 C6A625 0.55
-2.8875 2.465 -7.55 DEBC2C 0.55
-2.8875 2.465 -6.972501 F4CFA2 0.55
-2.8875 3.0425 15.55 C6A625 0.55
-2.8875 3.0425 -5.8175 F4CFA2 0.55
-2.8875 3.0425 -6.395 F4CFA2 0.55
-2.8875 3.62 15.55 C6A625 0.55
-2.8875 3.62 -4.6625 DEBC2C 0.55
-2.8875 3.62 -4.085 DEBC2C 0.55
-2.8875 3.0425 -5.24 F4B565 0.55
-2.8875 4.1975 15.55 C6A625 0.55
-2.8875 4.1975 -2.3525 D3B129 0.55
-2.8875 4.1975 -1.775 252829 0.55
-2.8875 3.62 -2.93 DEBC2C 0.55
-2.8875 3.62 -3.5075 DEBC2C 0.55
-2.8875 4.1975 14.9725 DEBC2C 0.55
-2.8875 4.775 10.93 D3B129 0.55
-2.8875 4.1975 14.395 DEBC2C 0.55
-2.8875 4.1975 13.8175 DEBC2C 0.55
-2.8875 4.775 13.8175 2C2B29 0.55
-2.8875 4.1975 13.24 DEBC2C 0.55
-2.8875 4.775 12.6625 DEBC2C 0.55
-2.8875 4.775 12.085 DEBC2C 0.55
-2.8875 4.775 11.5075 D3B129 0.55
-2.8875 4.775 -0.6199999 252829 0.55
-2.8875 4.775 -0.04250002 252829 0.55
-2.8875 4.1975 -1.1975 252829 0.55
-2.8875 5.3525 6.8875 D3B129 0.55
-2.8875 4.775 10.3525 D3B129 0.55
-2.8875 4.775 9.775 D3B129 0.55
-2.8875 4.775 9.197499 D3B129 0.55
-2.8875 5.3525 8.62 D3B129 0.55
-2.8875 5.3525 8.0425 D3B129 0.55
-2.8875 5.3525 7.465001 D3B129 0.55
-2.8875 5.3525 1.1125 D3B129 0.55
-2.8875 5.3525 1.69 D3B129 0.55
-2.8875 4.775 0.5349998 252829 0.55
-2.8875 5.3525 6.309999 D3B129 0.55
-2.8875 5.3525 5.7325 D3B129 0.55
-2.8875 5.3525 5.155 DEBC2C 0.55
-2.8875 5.3525 4.577499 DEBC2C 0.55
-2.8875 5.3525 4 DEBC2C 0.55
-2.8875 5.3525 3.4225 DEBC2C 0.55
-2.8875 5.3525 2.845 DEBC2C 0.55
-2.8875 5.3525 2.2675 DEBC2C 0.55
-3.465 0.7325001 16.1275 5A5956 0.55
-3.465 0.155 13.8175 1E1D1B 0.55
-3.465 0.155 13.24 1E1D1B 0.55
-3.465 0.155 12.6625 1E1D1B 0.55
-3.465 0.155 12.085 1E1D1B 0.55
-3.465 0.155 11.5075 1E1D1B 0.55
-3.465 0.155 10.93 1E1D1B 0.55
-3.465 0.155 10.3525 1E1D1B 0.55
-3.465 0.155 9.775 1E1D1B 0.55
-3.465 0.155 9.197499 1E1D1B 0.55
-3.465 0.155 8.62 1E1D1B 0.55
-3.465 0.155 8.0425 1E1D1B 0.55
-3.465 0.155 7.465001 1E1D1B 0.55
-3.465 0.155 6.8875 1E1D1B 0.55
-3.465 0.155 6.309999 1E1D1B 0.55
-3.465 0.155 5.7325 1E1D1B 0.55
-3.465 0.155 5.155 1E1D1B 0.55
-3.465 0.155 4.577499 1E1D1B 0.55
-3.465 0.155 4 1E1D1B 0.55
-3.465 0.155 3.4225 1E1D1B 0.55
-3.465 0.155 2.845 1E1D1B 0.55
-3.465 0.155 2.2675 1E1D1B 0.55
-3.465 0.155 1.69 1E1D1B 0.55
-3.465 0.155 1.1125 1E1D1B 0.55
-3.465 0.155 0.5349998 1E1D1B 0.55
-3.465 0.155 -0.04250002 1E1D1B 0.55
-3.465 0.155 -0.6199999 1E1D1B 0.55
-3.465 0.155 -1.1975 1E1D1B 0.55
-3.465 0.155 -1.775 1E1D1B 0.55
-3.465 0.155 -2.3525 1E1D1B 0.55
-3.465 0.155 -2.93 1E1D1B 0.55
-3.465 0.155 -3.5075 1E1D1B 0.55
-3.465 0.155 -4.085 1E1D1B 0.55
-3.465 0.155 -4.6625 1E1D1B 0.55
-3.465 0.155 -5.24 1E1D1B 0.55
-3.465 0.155 -5.8175 1E1D1B 0.55
-3.465 0.155 -6.395 1E1D1B 0.55
-3.465 0.155 -6.972501 1E1D1B 0.55
-3.465 0.155 -7.55 1E1D1B 0.55
-3.465 0.155 -8.1275 1E1D1B 0.55
-3.465 0.7325001 11.5075 343434 0.55
-3.465 0.7325001 10.93 343434 0.55
-3.465 0.7325001 -2.3525 343434 0.55
-3.465 0.7325001 -2.93 343434 0.55
-4.0425 0.7325001 16.1275 4A4846 0.55
-3.465 4.1975 14.395 1E1D1B 0.55
-3.465 1.31 -8.1275 393937 0.55
-3.465 0.7325001 -8.1275 393937 0.55
-3.465 1.31 16.1275 393937 0.55
-3.465 1.31 15.55 7E7976 0.55
-3.465 1.31 11.5075 343434 0.55
-3.465 4.775 14.9725 2C2B29 0.55
-3.465 1.31 14.9725 7E7976 0.55
-3.465 1.31 14.395 7E7976 0.55
-3.465 1.31 10.93 343434 0.55
-3.465 1.31 -2.3525 343434 0.55
-3.465 1.31 -2.93 343434 0.55
-3.465 1.8875 16.1275 393937 0.55
-3.465 1.8875 -8.1275 393937 0.55
-3.465 2.465 15.55 C6A625 0.55
-3.465 2.465 -7.55 DEBC2C 0.55
-3.465 2.465 -6.972501 F4CFA2 0.55
-3.465 3.0425 15.55 F4CFA2 0.55
-3.465 3.0425 -5.8175 F4CFA2 0.55
-3.465 3.0425 -6.395 F4CFA2 0.55
-3.465 3.62 15.55 C6A625 0.55
-3.465 3.62 -4.6625 DEBC2C 0.55
-3.465 3.62 -4.085 DEBC2C 0.55
-3.465 3.0425 -5.24 F4B565 0.55
-3.465 4.1975 15.55 C6A625 0.55
-3.465 4.1975 -2.3525 D3B129 0.55
-3.465 4.1975 -1.775 252829 0.55
-3.465 3.62 -2.93 DEBC2C 0.55
-3.465 3.62 -3.5075 DEBC2C 0.55
-3.465 4.1975 14.9725 DEBC2C 0.55
-3.465 4.775 10.93 D3B129 0.55
-3.465 4.1975 13.8175 DEBC2C 0.55
-3.465 4.775 13.8175 2C2B29 0.55
-3.465 4.1975 13.24 DEBC2C 0.55
-3.465 4.775 12.6625 DEBC2C 0.55
-3.465 4.775 12.085 DEBC2C 0.55
-3.465 4.775 11.5075 D3B129 0.55
-3.465 4.775 -0.6199999 D3B129 0.55
-3.465 4.775 -0.04250002 D3B129 0.55
-3.465 4.1975 -1.1975 252829 0.55
-3.465 4.775 14.395 4A4846 0.55
-3.465 4.775 10.3525 D3B129 0.55
-3.465 4.775 9.775 D3B129 0.55
-3.465 4.775 9.197499 D3B129 0.55
-3.465 5.3525 8.62 D3B129 0.55
-3.465 5.3525 8.0425 D3B129 0.55
-3.465 5.3525 7.465001 D3B129 0.55
-3.465 5.3525 6.8875 B99621 0.55
-3.465 5.3525 6.309999 B99621 0.55
-3.465 5.3525 5.7325 B99621 0.55
-3.465 5.3525 5.155 4E5556 0.55
-3.465 4.775 4.577499 252829 0.55
-3.465 4.775 4 252829 0.55
-3.465 4.775 3.4225 252829 0.55
-3.465 4.775 2.845 252829 0.55
-3.465 4.775 2.2675 252829 0.55
-3.465 4.775 1.69 252829 0.55
-3.465 5.3525 1.69 B99621 0.55
-3.465 5.3525 1.1125 B99621 0.55
-3.465 4.775 0.5349998 D3B129 0.55
-4.0425 0.7325001 15.55 1E1D1B 0.55
-4.0425 0.7325001 14.9725 1E1D1B 0.55
-4.0425 0.7325001 14.395 1E1D1B 0.55
-4.0425 0.155 13.8175 1E1D1B 0.55
-4.0425 2.465 13.24 343434 0.55
-4.0425 3.0425 12.6625 343434 0.55
-4.0425 3.0425 12.085 343434 0.55
-4.0425 0.7325001 11.5075 343434 0.55
-4.0425 0.7325001 10.93 343434 0.55
-4.0425 3.0425 10.3525 343434 0.55
-4.0425 3.0425 9.775 343434 0.55
-4.0425 2.465 9.197499 343434 0.55
-4.0425 0.155 8.62 1E1D1B 0.55
-4.0425 0.155 8.0425 1E1D1B 0.55
-4.0425 0.155 7.465001 1E1D1B 0.55
-4.0425 0.155 6.8875 1E1D1B 0.55
-4.0425 0.155 6.309999 1E1D1B 0.55
-4.0425 0.155 5.7325 1E1D1B 0.55
-4.0425 0.155 5.155 1E1D1B 0.55
-4.0425 0.155 4.577499 1E1D1B 0.55
-4.0425 0.155 4 1E1D1B 0.55
-4.0425 0.155 3.4225 1E1D1B 0.55
-4.0425 0.155 2.845 1E1D1B 0.55
-4.0425 0.155 2.2675 1E1D1B 0.55
-4.0425 0.155 1.69 1E1D1B 0.55
-4.0425 0.155 1.1125 1E1D1B 0.55
-4.0425 0.155 0.5349998 1E1D1B 0.55
-4.0425 0.155 -0.04250002 1E1D1B 0.55
-4.0425 2.465 -0.6199999 343434 0.55
-4.0425 3.0425 -1.1975 343434 0.55
-4.0425 3.0425 -1.775 343434 0.55
-4.0425 0.7325001 -2.3525 343434 0.55
-4.0425 0.7325001 -2.93 343434 0.55
-4.0425 3.0425 -3.5075 343434 0.55
-4.0425 3.0425 -4.085 343434 0.55
-4.0425 2.465 -4.6625 343434 0.55
-4.0425 0.155 -5.24 343434 0.55
-4.0425 0.155 -5.8175 1E1D1B 0.55
-4.0425 0.155 -6.395 1E1D1B 0.55
-4.0425 0.155 -6.972501 1E1D1B 0.55
-4.0425 0.155 -7.55 1E1D1B 0.55
-3.465 0.7325001 13.24 343434 0.55
-4.0425 0.7325001 13.8175 343434 0.55
-3.465 0.7325001 12.6625 343434 0.55
-3.465 0.7325001 12.085 343434 0.55
-4.0425 3.62 11.5075 343434 0.55
-4.0425 0.7325001 8.62 343434 0.55
-3.465 0.7325001 10.3525 343434 0.55
-3.465 0.7325001 9.775 343434 0.55
-3.465 0.7325001 9.197499 343434 0.55
-3.465 0.7325001 -0.6199999 343434 0.55
-4.0425 0.7325001 -0.6199999 343434 0.55
-3.465 0.7325001 -1.1975 343434 0.55
-3.465 0.7325001 -1.775 343434 0.55
-4.0425 3.62 -2.93 343434 0.55
-4.0425 0.7325001 -5.24 343434 0.55
-3.465 0.7325001 -3.5075 343434 0.55
-3.465 0.7325001 -4.085 343434 0.55
-3.465 0.7325001 -4.6625 343434 0.55
-4.0425 0.7325001 -7.55 2C2B29 0.55
-4.0425 0.7325001 -6.972501 2C2B29 0.55
-4.0425 0.7325001 -8.1275 2C2B29 0.55
-4.0425 1.31 16.1275 393937 0.55
-4.0425 1.31 11.5075 343434 0.55
-3.465 1.31 13.24 343434 0.55
-4.0425 1.31 13.8175 343434 0.55
-3.465 1.31 12.6625 343434 0.55
-3.465 1.31 12.085 343434 0.55
-4.0425 3.62 10.93 343434 0.55
-4.0425 1.31 10.93 343434 0.55
-4.0425 1.31 9.197499 343434 0.55
-3.465 1.31 10.3525 343434 0.55
-3.465 1.31 9.775 343434 0.55
-3.465 1.31 9.197499 343434 0.55
-4.0425 1.31 -2.3525 343434 0.55
-3.465 1.31 -0.6199999 343434 0.55
-4.0425 1.31 -0.6199999 343434 0.55
-3.465 1.31 -1.1975 343434 0.55
-3.465 1.31 -1.775 343434 0.55
-4.0425 3.62 -2.3525 343434 0.55
-4.0425 1.31 -5.24 343434 0.55
-3.465 1.31 -3.5075 343434 0.55
-4.0425 1.31 -2.93 343434 0.55
-3.465 1.31 -4.085 343434 0.55
-3.465 1.31 -4.6625 343434 0.55
-4.0425 1.31 -7.55 AA8A1E 0.55
-4.0425 1.8875 16.1275 393937 0.55
-4.0425 1.8875 9.197499 343434 0.55
-3.465 1.8875 13.24 343434 0.55
-4.0425 1.8875 13.24 343434 0.55
-3.465 1.8875 12.6625 343434 0.55
-3.465 1.8875 12.085 343434 0.55
-3.465 1.8875 11.5075 343434 0.55
-3.465 1.8875 10.93 343434 0.55
-3.465 1.8875 10.3525 343434 0.55
-3.465 1.8875 9.775 343434 0.55
-3.465 1.8875 9.197499 343434 0.55
-4.0425 1.8875 -5.24 343434 0.55
-3.465 1.8875 -0.6199999 343434 0.55
-4.0425 1.8875 -0.6199999 343434 0.55
-3.465 1.8875 -1.1975 343434 0.55
-3.465 1.8875 -1.775 343434 0.55
-3.465 1.8875 -2.3525 343434 0.55
-3.465 1.8875 -2.93 343434 0.55
-3.465 1.8875 -3.5075 343434 0.55
-3.465 1.8875 -4.085 343434 0.55
-3.465 1.8875 -4.6625 343434 0.55
-4.0425 1.8875 -7.55 AA8A1E 0.55
-4.0425 1.8875 -8.1275 AA8A1E 0.55
-4.0425 2.465 15.55 C6A625 0.55
-3.465 2.465 12.6625 343434 0.55
-3.465 2.465 12.085 343434 0.55
-3.465 2.465 11.5075 343434 0.55
-3.465 2.465 10.93 343434 0.55
-3.465 2.465 10.3525 343434 0.55
-3.465 2.465 9.775 343434 0.55
-3.465 2.465 -1.1975 343434 0.55
-3.465 2.465 -1.775 343434 0.55
-3.465 2.465 -2.3525 343434 0.55
-3.465 2.465 -2.93 343434 0.55
-3.465 2.465 -3.5075 343434 0.55
-3.465 2.465 -4.085 343434 0.55
-3.465 2.465 -4.6625 343434 0.55
-4.0425 2.465 -6.972501 DEBC2C 0.55
-4.0425 3.0425 15.55 F4CFA2 0.55
-3.465 3.0425 12.085 343434 0.55
-3.465 3.0425 11.5075 343434 0.55
-3.465 3.0425 10.93 343434 0.55
-3.465 3.0425 10.3525 343434 0.55
-3.465 3.0425 -1.775 343434 0.55
-3.465 3.0425 -2.3525 343434 0.55
-3.465 3.0425 -2.93 343434 0.55
-3.465 3.0425 -3.5075 343434 0.55
-3.465 3.0425 -4.085 343434 0.55
-4.0425 3.0425 -5.8175 F4CFA2 0.55
-4.0425 3.0425 -6.395 DEBC2C 0.55
-4.0425 3.62 15.55 C6A625 0.55
-4.0425 3.62 -4.6625 DEBC2C 0.55
-4.0425 3.62 -4.085 DEBC2C 0.55
-4.0425 3.0425 -5.24 F4B565 0.55
-4.0425 4.1975 15.55 C6A625 0.55
-4.0425 4.1975 -2.3525 D3B129 0.55
-4.0425 4.1975 -1.775 D3B129 0.55
-4.0425 3.62 -3.5075 DEBC2C 0.55
-4.0425 4.775 10.93 D3B129 0.55
-4.0425 4.1975 14.9725 DEBC2C 0.55
-4.0425 4.775 14.9725 393937 0.55
-4.0425 4.1975 14.395 DEBC2C 0.55
-4.0425 4.775 14.395 393937 0.55
-4.0425 4.1975 13.8175 DEBC2C 0.55
-4.0425 4.1975 13.24 DEBC2C 0.55
-4.0425 4.775 12.6625 DEBC2C 0.55
-4.0425 4.775 12.085 DEBC2C 0.55
-4.0425 4.775 11.5075 D3B129 0.55
-4.0425 4.775 6.8875 B99621 0.55
-4.0425 4.775 7.465001 B99621 0.55
-4.0425 4.775 6.309999 B99621 0.55
-4.0425 4.775 5.7325 B99621 0.55
-4.0425 4.775 5.155 4E5556 0.55
-4.0425 4.775 4.577499 252829 0.55
-4.0425 4.1975 4 252829 0.55
-4.0425 4.1975 3.4225 252829 0.55
-4.0425 4.1975 2.845 252829 0.55
-4.0425 4.1975 2.2675 252829 0.55
-4.0425 4.1975 1.69 252829 0.55
-4.0425 4.1975 1.1125 252829 0.55
-3.465 4.775 1.1125 252829 0.55
-4.0425 4.1975 0.5349998 252829 0.55
-4.0425 4.775 0.5349998 252829 0.55
-4.0425 4.775 -0.04250002 252829 0.55
-4.0425 4.775 -0.6199999 D3B129 0.55
-4.0425 4.1975 -1.1975 D3B129 0.55
-4.0425 4.775 10.3525 D3B129 0.55
-4.0425 4.775 9.775 D3B129 0.55
-4.0425 4.775 9.197499 D3B129 0.55
-4.0425 4.775 8.62 B99621 0.55
-4.0425 4.775 8.0425 B99621 0.55
-4.62 0.7325001 15.55 1E1D1B 0.55
-4.62 0.7325001 14.9725 1E1D1B 0.55
-4.62 0.7325001 14.395 1E1D1B 0.55
-4.62 0.155 13.8175 1E1D1B 0.55
-4.62 2.465 13.24 343434 0.55
-4.62 3.0425 12.6625 343434 0.55
-4.62 3.0425 12.085 343434 0.55
-4.62 0.7325001 11.5075 343434 0.55
-4.62 0.7325001 10.93 343434 0.55
-4.62 3.0425 10.3525 343434 0.55
-4.62 3.0425 9.775 343434 0.55
-4.62 2.465 9.197499 343434 0.55
-4.62 0.155 8.62 1E1D1B 0.55
-4.62 0.155 8.0425 1E1D1B 0.55
-4.62 0.155 7.465001 1E1D1B 0.55
-4.62 0.155 6.8875 1E1D1B 0.55
-4.62 0.155 6.309999 1E1D1B 0.55
-4.62 0.155 5.7325 1E1D1B 0.55
-4.62 0.155 5.155 1E1D1B 0.55
-4.62 0.155 4.577499 1E1D1B 0.55
-4.62 0.155 4 1E1D1B 0.55
-4.62 0.155 3.4225 1E1D1B 0.55
-4.62 0.155 2.845 1E1D1B 0.55
-4.62 0.155 2.2675 1E1D1B 0.55
-4.62 0.155 1.69 1E1D1B 0.55
-4.62 0.155 1.1125 1E1D1B 0.55
-4.62 0.155 0.5349998 1E1D1B 0.55
-4.62 0.155 -0.04250002 1E1D1B 0.55
-4.62 2.465 -0.6199999 343434 0.55
-4.62 3.0425 -1.1975 343434 0.55
-4.62 3.0425 -1.775 343434 0.55
-4.62 0.7325001 -2.3525 343434 0.55
-4.62 0.7325001 -2.93 343434 0.55
-4.62 3.0425 -3.5075 343434 0.55
-4.62 3.0425 -4.085 343434 0.55
-4.62 2.465 -4.6625 343434 0.55
-4.62 0.155 -5.24 343434 0.55
-4.62 0.155 -5.8175 1E1D1B 0.55
-4.62 1.8875 7.465001 8B6E1B 0.55
-4.62 2.465 6.8875 8B6E1B 0.55
-4.62 3.0425 6.309999 8B6E1B 0.55
-4.62 3.0425 5.7325 8B6E1B 0.55
-4.62 3.0425 5.155 8B6E1B 0.55
-4.62 3.0425 4.577499 8B6E1B 0.55
-4.62 3.0425 4 8B6E1B 0.55
-4.62 3.0425 3.4225 8B6E1B 0.55
-4.62 3.0425 2.845 8B6E1B 0.55
-4.62 0.7325001 -5.8175 AA8A1E 0.55
-4.62 0.7325001 13.8175 343434 0.55
-4.62 3.62 11.5075 343434 0.55
-4.62 0.7325001 8.62 343434 0.55
-4.62 0.7325001 -0.6199999 343434 0.55
-4.62 3.62 -2.93 343434 0.55
-4.62 0.7325001 -5.24 343434 0.55
-4.62 0.7325001 -6.395 AA8A1E 0.55
-4.62 1.31 16.1275 393937 0.55
-4.62 1.31 11.5075 343434 0.55
-4.62 1.31 13.8175 343434 0.55
-4.62 3.62 10.93 343434 0.55
-4.62 1.31 10.93 343434 0.55
-4.62 1.31 9.197499 343434 0.55
-4.62 1.31 -2.3525 343434 0.55
-4.62 1.31 -0.6199999 343434 0.55
-4.62 3.62 -2.3525 343434 0.55
-4.62 1.31 -5.24 343434 0.55
-4.62 1.31 -2.93 343434 0.55
-4.62 1.31 -5.8175 AA8A1E 0.55
-4.62 1.31 -6.395 AA8A1E 0.55
-4.0425 1.31 -6.972501 AA8A1E 0.55
-4.62 1.8875 16.1275 393937 0.55
-4.62 1.8875 9.197499 343434 0.55
-4.62 1.8875 13.24 343434 0.55
-4.62 1.8875 2.845 AA8A1E 0.55
-4.62 1.8875 6.8875 9C7A1B 0.55
-4.0425 1.8875 6.8875 AA8A1E 0.55
-4.62 1.8875 6.309999 9C7A1B 0.55
-4.0425 1.8875 6.309999 AA8A1E 0.55
-4.62 1.8875 5.7325 9C7A1B 0.55
-4.0425 1.8875 5.7325 AA8A1E 0.55
-4.62 1.8875 5.155 9C7A1B 0.55
-4.62 1.8875 4.577499 9C7A1B 0.55
-4.62 1.8875 4 9C7A1B 0.55
-4.62 1.8875 3.4225 9C7A1B 0.55
-4.62 1.8875 -5.24 343434 0.55
-4.62 1.8875 -0.6199999 343434 0.55
-4.62 1.8875 -5.8175 AA8A1E 0.55
-4.62 1.8875 -6.395 AA8A1E 0.55
-4.0425 1.8875 -6.972501 AA8A1E 0.55
-4.62 2.465 15.55 C6A625 0.55
-4.62 2.465 2.845 AA8A1E 0.55
-4.0425 2.465 6.8875 AA8A1E 0.55
-4.0425 2.465 6.309999 AA8A1E 0.55
-4.0425 2.465 5.7325 AA8A1E 0.55
-4.0425 2.465 5.155 AA8A1E 0.55
-4.62 2.465 4.577499 AA8A1E 0.55
-4.62 2.465 4 AA8A1E 0.55
-4.62 2.465 3.4225 AA8A1E 0.55
-4.62 2.465 -5.8175 AA8A1E 0.55
-4.62 2.465 -6.395 AA8A1E 0.55
-4.62 3.0425 15.55 F4B565 0.55
-4.0425 3.0425 6.309999 AA8A1E 0.55
-4.0425 3.0425 5.7325 AA8A1E 0.55
-4.0425 3.0425 5.155 AA8A1E 0.55
-4.0425 3.0425 4.577499 AA8A1E 0.55
-4.62 3.0425 -5.8175 AA8A1E 0.55
-4.62 3.62 15.55 C6A625 0.55
-4.62 3.62 -4.6625 DEBC2C 0.55
-4.62 3.62 -4.085 DEBC2C 0.55
-4.62 3.0425 -5.24 DEBC2C 0.55
-4.62 4.1975 15.55 C6A625 0.55
-4.62 4.1975 6.8875 B99621 0.55
-4.62 4.1975 7.465001 B99621 0.55
-4.62 4.1975 6.309999 B99621 0.55
-4.62 4.1975 5.7325 4E5556 0.55
-4.62 4.1975 5.155 252829 0.55
-4.62 4.1975 4.577499 252829 0.55
-4.62 4.1975 4 252829 0.55
-4.62 3.62 3.4225 252829 0.55
-4.62 3.62 2.845 252829 0.55
-4.62 3.62 2.2675 252829 0.55
-4.62 3.62 1.69 252829 0.55
-4.62 3.62 1.1125 252829 0.55
-4.62 3.62 0.5349998 252829 0.55
-4.62 3.62 -0.04250002 252829 0.55
-4.0425 4.1975 -0.04250002 252829 0.55
-4.62 3.62 -0.6199999 252829 0.55
-4.62 4.1975 -0.6199999 252829 0.55
-4.62 4.1975 -1.1975 252829 0.55
-4.62 4.1975 -1.775 B99621 0.55
-4.62 4.1975 -2.3525 D3B129 0.55
-4.62 3.62 -3.5075 DEBC2C 0.55
-4.62 4.1975 14.9725 DEBC2C 0.55
-4.62 4.1975 14.395 DEBC2C 0.55
-4.62 4.1975 13.8175 DEBC2C 0.55
-4.62 4.1975 13.24 DEBC2C 0.55
-4.62 4.775 12.6625 DEBC2C 0.55
-4.62 4.775 12.085 DEBC2C 0.55
-4.62 4.775 11.5075 D3B129 0.55
-4.62 4.775 10.93 B99621 0.55
-4.62 4.775 10.3525 B99621 0.55
-4.62 4.775 9.775 B99621 0.55
-4.62 4.1975 9.197499 B99621 0.55
-4.62 4.1975 8.62 B99621 0.55
-4.62 4.1975 8.0425 B99621 0.55
-4.62 0.7325001 8.0425 2C2B29 0.55
-4.62 0.7325001 7.465001 2C2B29 0.55
-4.62 0.7325001 6.8875 2C2B29 0.55
-4.62 0.7325001 6.309999 2C2B29 0.55
-4.62 0.7325001 5.7325 2C2B29 0.55
-4.62 0.7325001 5.155 2C2B29 0.55
-4.62 0.7325001 4.577499 2C2B29 0.55
-4.62 0.7325001 4 2C2B29 0.55
-4.62 0.7325001 3.4225 2C2B29 0.55
-4.62 0.7325001 2.845 2C2B29 0.55
-4.62 0.7325001 2.2675 2C2B29 0.55
-4.62 0.7325001 1.69 2C2B29 0.55
-4.62 0.7325001 1.1125 2C2B29 0.55
-4.62 0.7325001 0.5349998 2C2B29 0.55
-4.62 0.7325001 -0.04250002 2C2B29 0.55
-4.62 1.31 15.55 2C2B29 0.55
-4.62 1.31 14.9725 2C2B29 0.55
-4.62 1.31 14.395 2C2B29 0.55
-4.62 1.31 8.62 AA8A1E 0.55
-4.62 1.31 8.0425 AA8A1E 0.55
-4.62 1.31 7.465001 AA8A1E 0.55
-4.62 1.31 6.8875 AA8A1E 0.55
-4.62 1.31 6.309999 AA8A1E 0.55
-4.62 1.31 5.7325 AA8A1E 0.55
-4.62 1.31 5.155 AA8A1E 0.55
-4.62 1.31 4.577499 AA8A1E 0.55
-4.62 1.31 4 AA8A1E 0.55
-4.62 1.31 3.4225 AA8A1E 0.55
-4.62 1.31 2.845 AA8A1E 0.55
-4.62 1.31 2.2675 AA8A1E 0.55
-4.62 1.31 1.69 AA8A1E 0.55
-4.62 1.31 1.1125 AA8A1E 0.55
-4.62 1.31 0.5349998 AA8A1E 0.55
-4.62 1.31 -0.04250002 AA8A1E 0.55
-4.62 1.8875 15.55 2C2B29 0.55
-4.62 1.8875 14.9725 AA8A1E 0.55
-4.62 1.8875 14.395 AA8A1E 0.55
-4.62 1.8875 13.8175 AA8A1E 0.55
-4.62 1.8875 8.62 AA8A1E 0.55
-4.62 1.8875 8.0425 AA8A1E 0.55
-4.62 1.8875 2.2675 AA8A1E 0.55
-4.62 1.8875 1.69 AA8A1E 0.55
-4.62 1.8875 1.1125 AA8A1E 0.55
-4.62 1.8875 0.5349998 AA8A1E 0.55
-4.62 1.8875 -0.04250002 AA8A1E 0.55
-4.62 2.465 14.9725 AA8A1E 0.55
-4.62 2.465 14.395 AA8A1E 0.55
-4.62 2.465 13.8175 AA8A1E 0.55
-4.62 2.465 8.62 AA8A1E 0.55
-4.62 2.465 8.0425 AA8A1E 0.55
-4.62 2.465 7.465001 AA8A1E 0.55
-4.62 2.465 2.2675 AA8A1E 0.55
-4.62 2.465 1.69 AA8A1E 0.55
-4.62 2.465 1.1125 AA8A1E 0.55
-4.62 2.465 0.5349998 AA8A1E 0.55
-4.62 2.465 -0.04250002 AA8A1E 0.55
-4.62 2.465 -5.24 AA8A1E 0.55
-4.62 3.0425 14.9725 E44223 0.55
-4.62 3.0425 14.395 AA8A1E 0.55
-4.62 3.0425 13.8175 AA8A1E 0.55
-4.62 3.0425 13.24 AA8A1E 0.55
-4.62 3.0425 9.197499 AA8A1E 0.55
-4.62 3.0425 8.62 AA8A1E 0.55
-4.62 3.0425 8.0425 AA8A1E 0.55
-4.62 3.0425 7.465001 AA8A1E 0.55
-4.62 3.0425 6.8875 AA8A1E 0.55
-4.62 3.0425 2.2675 AA8A1E 0.55
-4.62 3.0425 1.69 AA8A1E 0.55
-4.62 3.0425 1.1125 AA8A1E 0.55
-4.62 3.0425 0.5349998 AA8A1E 0.55
-4.62 3.0425 -0.04250002 AA8A1E 0.55
-4.62 3.0425 -0.6199999 AA8A1E 0.55
-4.62 3.0425 -4.6625 AA8A1E 0.55
-5.1975 3.62 -0.6199999 252829 0.55
-4.62 3.62 14.9725 AA8A1E 0.55
-4.62 3.62 14.395 AA8A1E 0.55
-4.62 3.62 13.8175 AA8A1E 0.55
-4.62 3.62 13.24 AA8A1E 0.55
-4.62 3.62 12.6625 AA8A1E 0.55
-4.62 3.62 12.085 AA8A1E 0.55
-4.62 3.62 10.3525 AA8A1E 0.55
-4.62 3.62 9.775 AA8A1E 0.55
-4.62 3.62 9.197499 AA8A1E 0.55
-4.62 3.62 8.62 AA8A1E 0.55
-4.62 3.62 8.0425 AA8A1E 0.55
-4.62 3.62 7.465001 AA8A1E 0.55
-4.62 3.62 6.8875 AA8A1E 0.55
-4.62 3.62 6.309999 AA8A1E 0.55
-4.62 3.62 5.7325 AA8A1E 0.55
-4.62 3.62 5.155 AA8A1E 0.55
-4.62 3.62 4.577499 AA8A1E 0.55
-4.62 3.62 4 AA8A1E 0.55
-4.62 3.62 -1.1975 AA8A1E 0.55
-4.62 3.62 -1.775 AA8A1E 0.55
-5.1975 4.1975 -0.6199999 AA8A1E 0.55
-4.62 4.1975 12.6625 AA8A1E 0.55
-4.62 4.1975 12.085 AA8A1E 0.55
-4.62 4.1975 11.5075 AA8A1E 0.55
-4.62 4.1975 10.93 AA8A1E 0.55
-4.62 4.1975 10.3525 AA8A1E 0.55
-4.62 4.1975 9.775 AA8A1E 0.55
-5.775 3.62 -1.1975 9C7A1B 0.55
-5.775 3.62 -0.6199999 252829 0.55
-5.775 4.1975 -0.6199999 AA8A1E 0.55
-5.775 4.1975 -1.1975 DEBC2C 0.55
-6.3525 3.62 -1.1975 9C7A1B 0.55
-6.3525 3.62 -0.6199999 252829 0.55
-6.3525 4.1975 -0.6199999 AA8A1E 0.55
-6.3525 4.1975 -1.1975 DEBC2C 0.55
