1.89 0.4725 11.56 1E1D1B 0.45
2.835 0.4724998 11.0875 2C2B29 0.45
3.3075 0.4724998 10.615 393937 0.45
3.3075 0.4724998 10.1425 393937 0.45
3.3075 0.4724998 9.67 393937 0.45
3.3075 0.4724998 9.1975 393937 0.45
3.3075 0.4724998 8.725 393937 0.45
3.3075 0.4724998 8.2525 393937 0.45
3.3075 0.4724998 7.78 393937 0.45
3.3075 0.4724998 7.3075 393937 0.45
3.3075 0.4724998 6.835001 393937 0.45
3.3075 0.4724998 6.3625 393937 0.45
3.3075 0.4724998 5.889999 393937 0.45
3.3075 0.4724998 5.4175 393937 0.45
3.3075 0.4724998 4.945 393937 0.45
3.3075 0.4724998 4.4725 393937 0.45
3.3075 0.4724998 4 393937 0.45
3.3075 0.4724998 3.5275 393937 0.45
3.3075 0.4724998 3.055 393937 0.45
3.3075 0.4724998 2.5825 393937 0.45
3.3075 0.4724998 2.11 393937 0.45
0.9450002 0.4724998 1.6375 2C2B29 0.45
0.9450002 0.4724998 1.165 2C2B29 0.45
0.9450002 0.4724998 0.6925001 2C2B29 0.45
0.9450002 0.4724998 0.2200003 2C2B29 0.45
0.9450002 0.4724998 -0.2524996 2C2B29 0.45
0.9450002 0.4724998 -0.7249999 2C2B29 0.45
0.4725001 0.4724998 -1.1975 2C2B29 0.45
4.2525 0.4724998 -4.0325 8BB635 0.45
4.2525 0.4724998 -4.504999 8BB635 0.45
4.2525 0.4724998 -4.9775 8BB635 0.45
4.2525 0.4724998 -5.45 8BB635 0.45
4.2525 0.4724998 -5.9225 8BB635 0.45
4.2525 0.4724998 -6.395 8BB635 0.45
1.89 0.9449999 11.56 1E1D1B 0.45
2.835 0.9449999 11.0875 2C2B29 0.45
3.3075 0.9449999 10.615 393937 0.45
3.3075 0.9449999 10.1425 393937 0.45
3.3075 0.9449999 9.67 393937 0.45
3.3075 0.9449999 9.1975 393937 0.45
3.3075 0.9449999 8.725 393937 0.45
3.3075 0.9449999 8.2525 393937 0.45
3.3075 0.9449999 7.78 393937 0.45
3.3075 0.9449999 7.3075 393937 0.45
3.3075 0.9449999 6.835001 393937 0.45
3.3075 0.9449999 6.3625 393937 0.45
3.3075 0.9449999 5.889999 393937 0.45
3.3075 0.9449999 5.4175 393937 0.45
3.3075 0.9449999 4.945 393937 0.45
3.3075 0.9449999 4.4725 393937 0.45
3.3075 0.9449999 4 393937 0.45
3.3075 0.9449999 3.5275 393937 0.45
3.3075 0.9449999 3.055 393937 0.45
3.3075 0.9449999 2.5825 393937 0.45
3.3075 0.9449999 2.11 393937 0.45
0.9450002 0.9449999 1.6375 2C2B29 0.45
0.9450002 0.9449999 1.165 2C2B29 0.45
0.9450002 0.9449999 0.6925001 2C2B29 0.45
0.9450002 0.9449999 0.2200003 2C2B29 0.45
0.9450002 0.9449999 -0.2524996 2C2B29 0.45
4.2525 0.9449999 -4.0325 8BB635 0.45
4.2525 0.9449999 -4.504999 8BB635 0.45
4.2525 0.9449999 -4.9775 8BB635 0.45
4.2525 0.9449999 -5.45 8BB635 0.45
4.2525 0.9449999 -5.9225 8BB635 0.45
4.2525 0.9449999 -6.395 8BB635 0.45
3.3075 1.4175 12.9775 4A4846 0.45
2.835 1.4175 12.505 393937 0.45
1.4175 1.4175 11.0875 313536 0.45
1.4175 1.4175 10.615 313536 0.45
1.89 1.4175 10.1425 313536 0.45
1.89 1.4175 9.67 96C339 0.45
1.89 1.4175 9.1975 96C339 0.45
2.3625 1.4175 8.725 96C339 0.45
2.3625 1.4175 8.2525 96C339 0.45
2.3625 1.4175 7.78 96C339 0.45
2.3625 1.4175 7.3075 96C339 0.45
2.835 1.4175 6.835001 313536 0.45
2.835 1.4175 6.3625 313536 0.45
2.835 1.4175 5.889999 313536 0.45
2.835 1.4175 5.4175 313536 0.45
3.3075 1.4175 4.945 313536 0.45
3.3075 1.4175 4.4725 313536 0.45
3.3075 1.4175 4 313536 0.45
0.9450002 1.4175 3.5275 2C2B29 0.45
3.3075 1.4175 -2.142499 4A4846 0.45
0.4725001 1.4175 -4.504999 393C3C 0.45
4.2525 1.4175 -5.45 8BB635 0.45
4.2525 1.4175 -5.9225 8BB635 0.45
4.2525 1.4175 -6.395 8BB635 0.45
2.3625 1.89 15.34 AAD842 0.45
2.3625 1.89 14.8675 AAD842 0.45
2.3625 1.89 14.395 AAD842 0.45
2.3625 1.89 13.9225 AAD842 0.45
2.835 1.89 12.9775 5A5956 0.45
2.3625 1.89 12.505 5A5956 0.45
1.89 1.89 12.0325 393937 0.45
0.9450002 1.89 11.56 393937 0.45
1.4175 1.89 11.0875 313536 0.45
1.4175 1.89 10.615 313536 0.45
1.89 1.89 10.1425 96C339 0.45
1.89 1.89 9.67 96C339 0.45
1.89 1.89 9.1975 96C339 0.45
2.3625 1.89 8.725 96C339 0.45
2.3625 1.89 8.2525 96C339 0.45
2.3625 1.89 7.78 96C339 0.45
2.3625 1.89 7.3075 96C339 0.45
2.835 1.89 6.835001 313536 0.45
2.835 1.89 6.3625 313536 0.45
2.835 1.89 5.889999 313536 0.45
2.835 1.89 5.4175 313536 0.45
3.3075 1.89 4.945 313536 0.45
3.3075 1.89 4.4725 313536 0.45
3.3075 1.89 4 96C339 0.45
3.3075 1.89 3.5275 96C339 0.45
2.835 1.89 3.055 393937 0.45
2.3625 1.89 2.5825 393937 0.45
1.89 1.89 2.11 393937 0.45
1.4175 1.89 1.6375 96C339 0.45
1.4175 1.89 1.165 96C339 0.45
1.4175 1.89 0.6925001 96C339 0.45
0.9450002 1.89 0.2200003 96C339 0.45
0.9450002 1.89 -0.2524996 96C339 0.45
0.9450002 1.89 -1.1975 393C3C 0.45
2.3625 1.89 -1.67 393937 0.45
2.835 1.89 -2.142499 5A5956 0.45
2.3625 1.89 -2.615 5A5956 0.45
1.89 1.89 -3.0875 393937 0.45
0.9450002 1.89 -3.559999 393937 0.45
0.4725001 1.89 -4.0325 96C339 0.45
0.4725001 1.89 -4.504999 96C339 0.45
0.4725001 1.89 -4.9775 96C339 0.45
0.4725001 1.89 -5.45 96C339 0.45
0.4725001 1.89 -5.9225 96C339 0.45
0.4725001 1.89 -6.395 96C339 0.45
0.4725001 1.89 -6.867499 96C339 0.45
2.3625 2.3625 15.34 AAD842 0.45
2.3625 2.3625 14.8675 AAD842 0.45
2.3625 2.3625 14.395 AAD842 0.45
2.3625 2.3625 13.9225 AAD842 0.45
0.4725001 2.3625 13.45 313536 0.45
1.4175 2.3625 12.9775 5A5956 0.45
0.4725001 2.3625 12.505 313536 0.45
0.9450002 2.3625 12.0325 96C339 0.45
0.9450002 2.3625 11.56 313536 0.45
1.4175 2.3625 11.0875 96C339 0.45
1.4175 2.3625 10.615 96C339 0.45
1.89 2.3625 10.1425 96C339 0.45
1.89 2.3625 9.67 96C339 0.45
1.89 2.3625 9.1975 96C339 0.45
2.3625 2.3625 8.725 96C339 0.45
2.3625 2.3625 8.2525 96C339 0.45
2.3625 2.3625 7.78 96C339 0.45
2.3625 2.3625 7.3075 96C339 0.45
2.835 2.3625 6.835001 96C339 0.45
2.835 2.3625 6.3625 96C339 0.45
2.835 2.3625 5.889999 96C339 0.45
2.835 2.3625 5.4175 96C339 0.45
3.3075 2.3625 4.945 96C339 0.45
3.3075 2.3625 4.4725 96C339 0.45
3.3075 2.3625 4 96C339 0.45
3.3075 2.3625 3.5275 96C339 0.45
2.835 2.3625 3.055 393937 0.45
1.89 2.3625 2.5825 2C2B29 0.45
1.89 2.3625 2.11 2C2B29 0.45
1.4175 2.3625 1.6375 96C339 0.45
1.4175 2.3625 1.165 96C339 0.45
0.9450002 2.3625 0.6925001 96C339 0.45
0.9450002 2.3625 0.2200003 96C339 0.45
0.9450002 2.3625 -0.2524996 96C339 0.45
0.9450002 2.3625 -0.7249999 393C3C 0.45
1.4175 2.3625 -1.1975 5A5956 0.45
0.9450002 2.3625 -1.67 393C3C 0.45
0.9450002 2.3625 -2.142499 393C3C 0.45
0.9450002 2.3625 -2.615 393C3C 0.45
0.4725001 2.3625 -3.0875 393C3C 0.45
0.4725001 2.3625 -3.559999 96C339 0.45
0.4725001 2.3625 -4.0325 96C339 0.45
0.4725001 2.3625 -4.504999 96C339 0.45
0.4725001 2.3625 -4.9775 96C339 0.45
0.4725001 2.3625 -5.45 96C339 0.45
2.3625 2.835 15.34 AAD842 0.45
2.3625 2.835 14.8675 AAD842 0.45
2.3625 2.835 14.395 AAD842 0.45
2.3625 2.835 13.9225 AAD842 0.45
2.3625 2.835 13.45 AAD842 0.45
0.4725001 2.835 12.9775 313536 0.45
0.4725001 2.835 12.505 96C339 0.45
0.9450002 2.835 12.0325 96C339 0.45
0.9450002 2.835 11.56 96C339 0.45
0.4725001 2.835 11.0875 96C339 0.45
0.4725001 2.835 10.615 96C339 0.45
0.4725001 2.835 10.1425 96C339 0.45
0.4725001 2.835 9.67 96C339 0.45
0.9450002 2.835 9.1975 96C339 0.45
2.3625 2.835 8.725 96C339 0.45
2.3625 2.835 8.2525 96C339 0.45
2.3625 2.835 7.78 96C339 0.45
2.3625 2.835 7.3075 96C339 0.45
2.835 2.835 6.835001 96C339 0.45
2.835 2.835 6.3625 96C339 0.45
2.835 2.835 5.889999 96C339 0.45
2.835 2.835 5.4175 96C339 0.45
3.3075 2.835 4.945 96C339 0.45
3.3075 2.835 4.4725 96C339 0.45
3.3075 2.835 4 96C339 0.45
3.3075 2.835 3.5275 96C339 0.45
2.835 2.835 3.055 393937 0.45
2.3625 2.835 2.5825 4A4846 0.45
1.89 2.835 2.11 4A4846 0.45
1.4175 2.835 1.6375 96C339 0.45
1.4175 2.835 1.165 96C339 0.45
0.9450002 2.835 0.6925001 96C339 0.45
0.9450002 2.835 0.2200003 96C339 0.45
0.9450002 2.835 -0.2524996 393C3C 0.45
0.9450002 2.835 -0.7249999 393C3C 0.45
0.9450002 2.835 -1.1975 393C3C 0.45
0.9450002 2.835 -1.67 393C3C 0.45
0.9450002 2.835 -2.142499 393C3C 0.45
0.4725001 2.835 -2.615 393C3C 0.45
0.4725001 2.835 -3.0875 96C339 0.45
2.3625 3.3075 15.34 393C3C 0.45
2.3625 3.3075 14.8675 393C3C 0.45
2.3625 3.3075 14.395 393C3C 0.45
2.3625 3.3075 13.9225 AAD842 0.45
2.3625 3.3075 13.45 AAD842 0.45
0 3.3075 12.0325 96C339 0.45
0 3.3075 11.56 96C339 0.45
0.4725001 3.3075 11.0875 96C339 0.45
0.4725001 3.3075 10.615 96C339 0.45
0.4725001 3.3075 10.1425 96C339 0.45
0.4725001 3.3075 9.67 96C339 0.45
0.4725001 3.3075 9.1975 393C3C 0.45
0.4725001 3.3075 8.725 393C3C 0.45
0.9450002 3.3075 8.2525 96C339 0.45
0.9450002 3.3075 7.78 96C339 0.45
0.9450002 3.3075 7.3075 96C339 0.45
0.9450002 3.3075 6.835001 96C339 0.45
2.835 3.3075 6.3625 96C339 0.45
2.835 3.3075 5.889999 96C339 0.45
2.835 3.3075 5.4175 96C339 0.45
3.3075 3.3075 4.945 96C339 0.45
3.3075 3.3075 4.4725 96C339 0.45
3.3075 3.3075 4 96C339 0.45
3.3075 3.3075 3.5275 96C339 0.45
2.3625 3.78 15.34 393C3C 0.45
2.3625 3.78 14.8675 393C3C 0.45
2.3625 3.78 14.395 393C3C 0.45
2.3625 3.78 13.9225 AAD842 0.45
2.3625 3.78 13.45 AAD842 0.45
2.3625 3.78 12.9775 AAD842 0.45
0 3.78 10.615 393C3C 0.45
0.4725001 3.78 10.1425 393C3C 0.45
0.4725001 3.78 9.67 393C3C 0.45
0.4725001 3.78 9.1975 393C3C 0.45
0.4725001 3.78 8.725 96C339 0.45
0.4725001 3.78 8.2525 393C3C 0.45
0.4725001 3.78 7.78 393C3C 0.45
0.4725001 3.78 7.3075 393C3C 0.45
0.9450002 3.78 6.835001 393C3C 0.45
0.9450002 3.78 6.3625 393C3C 0.45
0.9450002 3.78 5.889999 393C3C 0.45
0.9450002 3.78 5.4175 393C3C 0.45
0.9450002 3.78 4.945 393C3C 0.45
2.3625 4.2525 15.34 393C3C 0.45
2.3625 4.2525 14.8675 393C3C 0.45
2.3625 4.2525 14.395 393C3C 0.45
2.3625 4.2525 13.9225 AAD842 0.45
2.3625 4.2525 13.45 AAD842 0.45
2.3625 4.2525 12.9775 AAD842 0.45
0 4.2525 9.67 393C3C 0.45
0.4725001 4.2525 9.1975 96C339 0.45
0.4725001 4.2525 8.725 393C3C 0.45
0.4725001 4.2525 8.2525 96C339 0.45
0.4725001 4.2525 7.78 96C339 0.45
0.4725001 4.2525 7.3075 96C339 0.45
0.4725001 4.2525 6.835001 96C339 0.45
0.4725001 4.2525 6.3625 96C339 0.45
0.4725001 4.2525 5.889999 96C339 0.45
0.9450002 4.2525 5.4175 96C339 0.45
0.9450002 4.2525 4.945 96C339 0.45
2.3625 4.725 15.34 AAD842 0.45
2.3625 4.725 14.8675 AAD842 0.45
2.3625 4.725 14.395 AAD842 0.45
2.3625 4.725 13.9225 AAD842 0.45
2.3625 4.725 13.45 AAD842 0.45
2.3625 4.725 12.9775 AAD842 0.45
0 4.725 8.2525 96C339 0.45
0.4725001 4.725 7.78 96C339 0.45
0.4725001 4.725 7.3075 96C339 0.45
0.4725001 4.725 6.835001 96C339 0.45
0.4725001 4.725 6.3625 96C339 0.45
0.4725001 4.725 5.889999 96C339 0.45
0.4725001 4.725 5.4175 96C339 0.45
0.4725001 4.725 4.945 393937 0.45
3.78 0.4724998 -4.0325 7EA831 0.45
3.78 0.4724998 -4.504999 7EA831 0.45
3.78 0.4724998 -4.9775 7EA831 0.45
3.78 0.4724998 -5.45 7EA831 0.45
3.78 0.4724998 -5.9225 7EA831 0.45
3.78 0.4724998 -6.395 7EA831 0.45
-3.78 0.4724998 -4.0325 8BB635 0.45
-3.78 0.4724998 -4.504999 8BB635 0.45
-3.78 0.4724998 -4.9775 8BB635 0.45
-3.78 0.4724998 -5.45 8BB635 0.45
-3.78 0.4724998 -5.9225 8BB635 0.45
-3.78 0.4724998 -6.395 8BB635 0.45
3.78 0.4724998 -6.867499 96C339 0.45
3.78 0.9449999 -4.0325 96C339 0.45
-3.78 0.9449999 -4.0325 8BB635 0.45
-3.78 0.9449999 -4.504999 8BB635 0.45
-3.78 0.9449999 -4.9775 8BB635 0.45
-3.78 0.9449999 -5.45 8BB635 0.45
0.4725001 0.9449999 -5.9225 96C339 0.45
-3.78 0.9449999 -6.395 8BB635 0.45
3.78 0.9449999 -6.867499 96C339 0.45
3.78 1.4175 -4.9775 A0CE3D 0.45
3.78 1.4175 -4.504999 A0CE3D 0.45
0.4725001 1.4175 -5.45 96C339 0.45
0.4725001 1.4175 -5.9225 96C339 0.45
-3.78 1.4175 -6.395 8BB635 0.45
3.78 1.4175 -6.867499 96C339 0.45
3.78 1.4175 -5.45 A0CE3D 0.45
3.78 1.4175 -5.9225 A0CE3D 0.45
3.78 1.4175 -6.395 A0CE3D 0.45
3.3075 0.4724998 -4.504999 7EA831 0.45
3.3075 0.4724998 -4.9775 7EA831 0.45
3.3075 0.4724998 -5.45 7EA831 0.45
3.3075 0.4724998 -5.9225 7EA831 0.45
3.3075 0.4724998 -6.395 7EA831 0.45
3.3075 0.9449999 -4.504999 A0CE3D 0.45
3.78 0.9449999 -4.504999 8BB635 0.45
3.3075 0.9449999 -4.9775 A0CE3D 0.45
3.78 0.9449999 -4.9775 8BB635 0.45
3.3075 0.9449999 -5.45 A0CE3D 0.45
3.78 0.9449999 -5.45 8BB635 0.45
3.3075 0.9449999 -5.9225 2B2F31 0.45
3.78 0.9449999 -5.9225 8BB635 0.45
3.3075 0.9449999 -6.395 A0CE3D 0.45
3.78 0.9449999 -6.395 8BB635 0.45
2.835 1.4175 12.9775 2C2B29 0.45
2.835 0.4724998 10.615 1E1D1B 0.45
2.835 0.4724998 10.1425 1E1D1B 0.45
2.835 0.4724998 9.67 1E1D1B 0.45
2.835 0.4724998 9.1975 1E1D1B 0.45
2.835 0.4724998 8.725 1E1D1B 0.45
2.835 0.4724998 8.2525 1E1D1B 0.45
2.835 0.4724998 7.78 1E1D1B 0.45
2.835 0.4724998 7.3075 1E1D1B 0.45
2.835 0.4724998 6.835001 1E1D1B 0.45
2.835 0.4724998 6.3625 1E1D1B 0.45
2.835 0.4724998 5.889999 1E1D1B 0.45
2.835 0.4724998 5.4175 1E1D1B 0.45
2.835 0.4724998 4.945 1E1D1B 0.45
2.835 0.4724998 4.4725 1E1D1B 0.45
2.835 0.4724998 4 1E1D1B 0.45
2.835 0.4724998 3.5275 1E1D1B 0.45
2.835 0.4724998 3.055 1E1D1B 0.45
2.835 0.4724998 2.5825 1E1D1B 0.45
2.835 0.4724998 2.11 1E1D1B 0.45
2.835 1.4175 -2.142499 2C2B29 0.45
2.835 1.4175 -2.615 2C2B29 0.45
2.835 0.4724998 -4.504999 7EA831 0.45
2.835 0.4724998 -4.9775 7EA831 0.45
2.835 0.4724998 -5.45 7EA831 0.45
2.835 0.4724998 -5.9225 7EA831 0.45
2.835 0.4724998 -6.395 7EA831 0.45
2.835 0.9449999 4.4725 262B2C 0.45
2.835 0.9449999 4 262B2C 0.45
2.835 1.4175 3.5275 262B2C 0.45
2.835 1.4175 3.055 7EA831 0.45
0.9450002 0.4724998 3.055 2C2B29 0.45
0.9450002 0.4724998 2.5825 2C2B29 0.45
0.9450002 0.4724998 2.11 2C2B29 0.45
2.835 0.9449999 5.889999 313536 0.45
1.89 0.9449999 10.1425 313536 0.45
1.89 0.9449999 9.67 313536 0.45
1.89 0.9449999 9.1975 313536 0.45
2.3625 0.9449999 8.725 313536 0.45
2.3625 0.9449999 8.2525 313536 0.45
2.3625 0.9449999 7.78 313536 0.45
2.3625 0.9449999 7.3075 313536 0.45
2.835 0.9449999 6.835001 313536 0.45
2.835 0.9449999 6.3625 313536 0.45
0.9450002 0.9449999 4 2C2B29 0.45
0.9450002 0.9449999 3.5275 2C2B29 0.45
0.9450002 0.9449999 3.055 2C2B29 0.45
0.9450002 0.9449999 2.5825 2C2B29 0.45
0.9450002 0.9449999 2.11 2C2B29 0.45
2.835 0.9449999 2.11 1E1D1B 0.45
2.835 0.9449999 -4.504999 A0CE3D 0.45
2.835 0.9449999 -4.9775 A0CE3D 0.45
2.835 0.9449999 -5.45 A0CE3D 0.45
2.835 0.9449999 -5.9225 2B2F31 0.45
2.835 0.9449999 -6.395 A0CE3D 0.45
-2.835 1.4175 12.9775 2C2B29 0.45
-2.835 1.4175 12.505 2C2B29 0.45
2.835 0.9449999 10.615 4A4846 0.45
2.835 0.9449999 10.1425 4A4846 0.45
2.835 0.9449999 9.67 4A4846 0.45
2.835 0.9449999 9.1975 4A4846 0.45
2.835 0.9449999 8.725 4A4846 0.45
2.835 0.9449999 8.2525 4A4846 0.45
2.835 0.9449999 7.78 4A4846 0.45
2.835 0.9449999 7.3075 4A4846 0.45
2.835 0.9449999 5.4175 4A4846 0.45
2.835 0.9449999 4.945 4A4846 0.45
2.835 0.9449999 3.5275 4A4846 0.45
2.835 0.9449999 3.055 4A4846 0.45
2.835 0.9449999 2.5825 4A4846 0.45
-2.835 1.4175 -2.142499 393937 0.45
-1.4175 1.89 12.9775 2C2B29 0.45
2.835 1.89 12.505 5A5956 0.45
0.9450002 1.89 -2.142499 393C3C 0.45
2.835 1.89 -2.615 5A5956 0.45
2.835 2.3625 4 1E1D1B 0.45
1.89 2.3625 3.5275 1E1D1B 0.45
1.89 2.3625 3.055 2C2B29 0.45
-0.9449999 2.835 4 7EA831 0.45
-0.9449999 2.835 3.5275 7EA831 0.45
-0.9449999 2.835 3.055 7EA831 0.45
-0.9449999 3.3075 4 7EA831 0.45
-1.4175 3.3075 3.5275 393937 0.45
2.835 3.3075 3.055 A0CE3D 0.45
2.835 3.3075 3.5275 A0CE3D 0.45
2.835 3.78 4.945 A0CE3D 0.45
2.835 3.78 4.4725 A0CE3D 0.45
2.835 3.3075 4 393C3C 0.45
2.3625 1.4175 15.34 7EA831 0.45
2.3625 1.4175 14.8675 7EA831 0.45
2.3625 1.4175 14.395 7EA831 0.45
2.3625 1.4175 12.9775 2C2B29 0.45
2.3625 1.4175 12.505 2C2B29 0.45
2.3625 0.4724998 11.0875 1E1D1B 0.45
2.3625 0.4724998 10.615 1E1D1B 0.45
2.3625 0.4724998 10.1425 1E1D1B 0.45
2.3625 0.4724998 9.67 1E1D1B 0.45
2.3625 0.4724998 9.1975 1E1D1B 0.45
2.3625 0.4724998 8.725 1E1D1B 0.45
2.3625 0.4724998 8.2525 1E1D1B 0.45
2.3625 0.4724998 7.78 1E1D1B 0.45
2.3625 0.4724998 7.3075 1E1D1B 0.45
2.3625 0.4724998 6.835001 1E1D1B 0.45
2.3625 0.4724998 6.3625 1E1D1B 0.45
2.3625 0.4724998 5.889999 1E1D1B 0.45
2.3625 0.4724998 5.4175 1E1D1B 0.45
2.3625 0.4724998 4.945 1E1D1B 0.45
2.3625 0.4724998 4.4725 1E1D1B 0.45
2.3625 0.4724998 4 1E1D1B 0.45
2.3625 0.4724998 3.5275 1E1D1B 0.45
2.3625 1.4175 3.055 7EA831 0.45
2.3625 1.4175 -1.67 2C2B29 0.45
2.3625 1.4175 -2.142499 2C2B29 0.45
2.3625 1.4175 -2.615 2C2B29 0.45
2.3625 0.4724998 -4.504999 7EA831 0.45
2.3625 0.4724998 -4.9775 7EA831 0.45
2.3625 0.4724998 -5.45 7EA831 0.45
2.3625 0.4724998 -5.9225 7EA831 0.45
2.3625 0.4724998 -6.395 7EA831 0.45
2.3625 0.9449999 4.4725 262B2C 0.45
2.3625 0.9449999 4 262B2C 0.45
2.3625 1.4175 3.5275 262B2C 0.45
2.3625 0.4724998 3.055 1E1D1B 0.45
2.3625 0.4724998 2.5825 1E1D1B 0.45
2.3625 0.9449999 11.0875 2C2B29 0.45
2.3625 0.9449999 3.055 1E1D1B 0.45
2.3625 0.9449999 2.5825 1E1D1B 0.45
2.3625 0.9449999 -4.504999 A0CE3D 0.45
2.3625 0.9449999 -4.9775 A0CE3D 0.45
2.3625 0.9449999 -5.45 A0CE3D 0.45
2.3625 0.9449999 -5.9225 2B2F31 0.45
2.3625 0.9449999 -6.395 A0CE3D 0.45
2.3625 0.9449999 10.615 4A4846 0.45
2.3625 0.9449999 10.1425 4A4846 0.45
2.3625 0.9449999 9.67 4A4846 0.45
2.3625 0.9449999 9.1975 4A4846 0.45
2.3625 0.9449999 6.835001 4A4846 0.45
2.3625 0.9449999 6.3625 4A4846 0.45
2.3625 0.9449999 5.889999 4A4846 0.45
2.3625 0.9449999 5.4175 4A4846 0.45
2.3625 0.9449999 4.945 4A4846 0.45
2.3625 0.9449999 3.5275 4A4846 0.45
2.3625 1.89 15.8125 A0CE3D 0.45
-2.3625 1.89 15.34 8BB635 0.45
2.3625 1.89 12.9775 393937 0.45
-2.3625 1.89 14.8675 8BB635 0.45
-2.3625 1.89 14.395 8BB635 0.45
-2.3625 1.89 13.9225 8BB635 0.45
-2.3625 1.89 12.505 393937 0.45
2.3625 1.89 12.0325 393937 0.45
2.3625 2.835 3.5275 2C2B29 0.45
2.3625 2.835 3.055 2C2B29 0.45
0.9450002 1.89 -1.67 393C3C 0.45
2.3625 1.89 -2.142499 5A5956 0.45
0.9450002 1.89 -2.615 393C3C 0.45
2.3625 1.89 -3.0875 393937 0.45
2.3625 2.3625 15.8125 A0CE3D 0.45
-2.3625 2.3625 15.34 8BB635 0.45
-2.3625 2.3625 14.8675 8BB635 0.45
-2.3625 2.3625 14.395 8BB635 0.45
-2.3625 2.3625 13.9225 8BB635 0.45
2.3625 2.3625 13.45 7EA831 0.45
-2.835 2.3625 4 2C2B29 0.45
2.3625 1.89 3.5275 393937 0.45
2.835 2.3625 3.5275 2C2B29 0.45
2.3625 2.3625 3.5275 1E1D1B 0.45
2.3625 1.89 3.055 393937 0.45
2.3625 2.835 15.8125 A0CE3D 0.45
-2.3625 2.835 15.34 8BB635 0.45
-2.3625 2.835 14.8675 8BB635 0.45
-2.3625 2.835 14.395 8BB635 0.45
-2.3625 2.835 13.9225 8BB635 0.45
0.4725001 2.835 13.45 313536 0.45
-0.9449999 2.835 2.5825 7EA831 0.45
2.3625 3.3075 15.8125 A0CE3D 0.45
-2.3625 3.3075 15.34 8BB635 0.45
2.3625 3.3075 6.3625 A0CE3D 0.45
-2.3625 3.3075 14.8675 8BB635 0.45
-2.3625 3.3075 14.395 8BB635 0.45
-2.3625 3.3075 13.9225 8BB635 0.45
0.4725001 3.3075 13.45 96C339 0.45
2.3625 3.3075 12.9775 7EA831 0.45
2.3625 3.3075 7.3075 A0CE3D 0.45
2.3625 3.3075 6.835001 A0CE3D 0.45
2.3625 3.3075 3.055 A0CE3D 0.45
2.3625 3.3075 3.5275 A0CE3D 0.45
2.3625 3.78 15.8125 A0CE3D 0.45
-2.3625 3.78 15.34 8BB635 0.45
-2.3625 3.78 14.8675 8BB635 0.45
-2.3625 3.78 14.395 8BB635 0.45
-2.3625 3.78 13.9225 8BB635 0.45
0.4725001 3.78 13.45 96C339 0.45
-2.3625 3.78 12.9775 8BB635 0.45
2.3625 3.3075 5.889999 A0CE3D 0.45
2.3625 3.3075 5.4175 A0CE3D 0.45
2.3625 3.78 4.945 A0CE3D 0.45
2.3625 3.78 4.4725 A0CE3D 0.45
2.3625 3.3075 4 393C3C 0.45
2.3625 4.2525 15.8125 A0CE3D 0.45
-0.9449999 4.2525 15.34 8BB635 0.45
-0.9449999 4.2525 14.8675 8BB635 0.45
-0.4725001 4.2525 14.395 8BB635 0.45
-2.3625 4.2525 13.9225 8BB635 0.45
0.4725001 4.2525 13.45 96C339 0.45
-2.3625 4.2525 12.9775 8BB635 0.45
2.3625 4.725 15.8125 A0CE3D 0.45
-2.3625 4.725 15.34 8BB635 0.45
-2.3625 4.725 14.8675 8BB635 0.45
-2.3625 4.725 14.395 8BB635 0.45
-2.3625 4.725 13.9225 8BB635 0.45
-2.3625 4.725 13.45 8BB635 0.45
-2.3625 4.725 12.9775 8BB635 0.45
2.3625 5.1975 14.395 BDE74A 0.45
2.3625 5.1975 13.9225 BDE74A 0.45
2.3625 5.1975 13.45 BDE74A 0.45
2.3625 5.1975 12.9775 BDE74A 0.45
1.89 4.2525 15.34 7EA831 0.45
1.89 3.78 14.8675 7EA831 0.45
1.89 3.3075 14.395 7EA831 0.45
1.89 4.2525 13.9225 7EA831 0.45
1.89 4.2525 13.45 7EA831 0.45
1.89 1.4175 12.9775 2C2B29 0.45
1.89 1.4175 12.0325 2C2B29 0.45
1.89 0.4724998 11.0875 1E1D1B 0.45
1.89 0.4724998 10.615 1E1D1B 0.45
1.89 0.4724998 10.1425 1E1D1B 0.45
1.89 0.4724998 9.67 1E1D1B 0.45
1.89 0.4724998 9.1975 1E1D1B 0.45
1.89 0.4724998 8.725 1E1D1B 0.45
1.89 0.4724998 8.2525 1E1D1B 0.45
1.89 0.4724998 7.78 1E1D1B 0.45
1.89 0.4724998 7.3075 1E1D1B 0.45
1.89 0.4724998 6.835001 1E1D1B 0.45
1.89 0.4724998 6.3625 1E1D1B 0.45
1.89 0.4724998 5.889999 1E1D1B 0.45
1.89 0.4724998 5.4175 1E1D1B 0.45
1.89 0.4724998 4.945 1E1D1B 0.45
1.89 0.4724998 4.4725 1E1D1B 0.45
1.89 0.4724998 4 1E1D1B 0.45
1.89 0.4724998 3.5275 1E1D1B 0.45
1.89 1.4175 3.055 7EA831 0.45
1.89 1.4175 2.5825 7EA831 0.45
1.89 1.89 -1.67 2C2B29 0.45
1.89 1.4175 -2.142499 2C2B29 0.45
1.89 0.4724998 -4.504999 7EA831 0.45
1.89 0.4724998 -4.9775 7EA831 0.45
1.89 0.4724998 -5.45 7EA831 0.45
1.89 0.4724998 -5.9225 7EA831 0.45
1.89 0.4724998 -6.395 7EA831 0.45
1.89 0.9449999 4.4725 262B2C 0.45
1.89 0.9449999 4 262B2C 0.45
1.89 1.4175 3.5275 262B2C 0.45
1.89 0.4724998 3.055 2C2B29 0.45
1.89 0.9449999 3.055 2C2B29 0.45
1.89 0.9449999 -4.504999 A0CE3D 0.45
1.89 0.9449999 -4.9775 A0CE3D 0.45
1.89 0.9449999 -5.45 A0CE3D 0.45
1.89 0.9449999 -5.9225 2B2F31 0.45
1.89 0.9449999 -6.395 A0CE3D 0.45
1.89 1.89 12.9775 2C2B29 0.45
1.89 1.4175 12.505 393937 0.45
1.89 0.9449999 11.0875 4A4846 0.45
1.89 0.9449999 10.615 4A4846 0.45
1.89 0.9449999 8.725 4A4846 0.45
1.89 0.9449999 8.2525 4A4846 0.45
1.89 0.9449999 7.78 4A4846 0.45
1.89 0.9449999 7.3075 4A4846 0.45
1.89 0.9449999 6.835001 4A4846 0.45
1.89 0.9449999 6.3625 4A4846 0.45
1.89 0.9449999 5.889999 4A4846 0.45
1.89 0.9449999 5.4175 4A4846 0.45
1.89 0.9449999 4.945 4A4846 0.45
1.89 0.9449999 3.5275 4A4846 0.45
1.89 1.4175 -2.615 393937 0.45
1.89 4.2525 12.9775 7EA831 0.45
1.89 1.89 12.505 393937 0.45
0.9450002 1.89 12.0325 313536 0.45
1.89 1.89 -1.1975 393937 0.45
1.89 2.835 3.055 2C2B29 0.45
1.89 2.835 2.5825 2C2B29 0.45
1.89 1.89 -2.615 393937 0.45
1.89 1.89 -2.142499 5A5956 0.45
1.89 2.3625 12.9775 5A5956 0.45
-2.835 2.3625 3.5275 2C2B29 0.45
1.89 1.89 3.055 393937 0.45
1.89 1.89 2.5825 393937 0.45
1.89 2.3625 -1.67 5A5956 0.45
1.89 2.835 9.1975 A0CE3D 0.45
1.89 2.835 9.67 A0CE3D 0.45
-0.9449999 2.835 2.11 7EA831 0.45
1.89 3.3075 6.3625 A0CE3D 0.45
1.89 2.835 8.725 A0CE3D 0.45
1.89 2.835 8.2525 A0CE3D 0.45
1.89 2.835 7.78 A0CE3D 0.45
1.89 3.3075 7.3075 A0CE3D 0.45
1.89 3.3075 6.835001 A0CE3D 0.45
1.89 3.3075 3.055 A0CE3D 0.45
1.89 3.3075 3.5275 A0CE3D 0.45
1.89 3.3075 2.5825 A0CE3D 0.45
1.89 3.78 15.34 8BB635 0.45
1.89 4.2525 14.8675 7EA831 0.45
1.89 4.2525 14.395 7EA831 0.45
1.89 3.78 14.395 A0CE3D 0.45
1.89 3.3075 5.889999 A0CE3D 0.45
1.89 3.3075 5.4175 A0CE3D 0.45
1.89 3.78 4.945 A0CE3D 0.45
1.89 3.78 4.4725 A0CE3D 0.45
1.89 3.3075 4 393C3C 0.45
1.89 4.2525 15.8125 96C339 0.45
1.89 4.725 13.45 2B2F31 0.45
1.89 4.725 15.34 A0CE3D 0.45
1.89 4.725 14.8675 A0CE3D 0.45
1.89 4.725 14.395 A0CE3D 0.45
1.89 4.725 13.9225 A0CE3D 0.45
1.89 4.725 12.9775 A0CE3D 0.45
1.4175 4.2525 15.34 7EA831 0.45
1.4175 3.78 14.8675 7EA831 0.45
1.4175 3.3075 14.395 7EA831 0.45
1.4175 4.2525 13.9225 7EA831 0.45
1.4175 4.2525 13.45 7EA831 0.45
1.4175 1.4175 12.9775 2C2B29 0.45
1.4175 1.4175 12.0325 2C2B29 0.45
1.4175 0.4724998 11.56 1E1D1B 0.45
1.4175 0.4724998 11.0875 1E1D1B 0.45
1.4175 0.4724998 10.615 1E1D1B 0.45
1.4175 0.4724998 10.1425 1E1D1B 0.45
1.4175 0.4724998 9.67 1E1D1B 0.45
1.4175 0.4724998 9.1975 1E1D1B 0.45
1.4175 0.4724998 8.725 1E1D1B 0.45
1.4175 0.4724998 8.2525 1E1D1B 0.45
1.4175 0.4724998 7.78 1E1D1B 0.45
1.4175 0.4724998 7.3075 1E1D1B 0.45
1.4175 0.4724998 6.835001 1E1D1B 0.45
1.4175 0.4724998 6.3625 1E1D1B 0.45
1.4175 0.4724998 5.889999 1E1D1B 0.45
1.4175 0.4724998 5.4175 1E1D1B 0.45
1.4175 0.4724998 4.945 1E1D1B 0.45
1.4175 0.4724998 4.4725 1E1D1B 0.45
1.4175 0.4724998 4 1E1D1B 0.45
1.4175 0.4724998 3.5275 1E1D1B 0.45
1.4175 1.4175 3.055 7EA831 0.45
1.4175 1.4175 2.5825 7EA831 0.45
1.4175 1.4175 2.11 7EA831 0.45
1.4175 1.89 -1.1975 2C2B29 0.45
1.4175 1.4175 -2.142499 2C2B29 0.45
1.4175 1.4175 -3.0875 2C2B29 0.45
1.4175 0.4724998 -4.9775 7EA831 0.45
1.4175 0.4724998 -5.45 7EA831 0.45
1.4175 0.4724998 -5.9225 7EA831 0.45
1.4175 0.4724998 -6.395 7EA831 0.45
1.4175 0.9449999 10.615 262B2C 0.45
1.4175 0.9449999 10.1425 262B2C 0.45
1.4175 0.9449999 4.4725 262B2C 0.45
1.4175 0.9449999 4 262B2C 0.45
1.4175 1.4175 3.5275 262B2C 0.45
1.4175 0.4724998 3.055 2C2B29 0.45
1.4175 0.9449999 11.56 2C2B29 0.45
1.4175 0.9449999 3.055 2C2B29 0.45
1.4175 0.9449999 -4.9775 A0CE3D 0.45
1.4175 0.9449999 -5.45 A0CE3D 0.45
1.4175 0.9449999 -5.9225 2B2F31 0.45
1.4175 0.9449999 -6.395 A0CE3D 0.45
1.4175 1.89 12.9775 2C2B29 0.45
1.4175 1.4175 12.505 393937 0.45
1.4175 0.9449999 11.0875 4A4846 0.45
1.4175 0.9449999 9.67 4A4846 0.45
1.4175 0.9449999 9.1975 4A4846 0.45
1.4175 0.9449999 8.725 4A4846 0.45
1.4175 0.9449999 8.2525 4A4846 0.45
1.4175 0.9449999 7.78 4A4846 0.45
1.4175 0.9449999 7.3075 4A4846 0.45
1.4175 0.9449999 6.835001 4A4846 0.45
1.4175 0.9449999 6.3625 4A4846 0.45
1.4175 0.9449999 5.889999 4A4846 0.45
1.4175 0.9449999 5.4175 4A4846 0.45
1.4175 0.9449999 4.945 4A4846 0.45
1.4175 0.9449999 3.5275 4A4846 0.45
1.4175 1.4175 -2.615 393937 0.45
1.4175 1.89 12.0325 393937 0.45
1.4175 1.89 11.56 393937 0.45
1.4175 1.89 -3.0875 393937 0.45
1.4175 1.89 -1.67 393937 0.45
1.4175 1.89 -2.142499 5A5956 0.45
0.9450002 1.89 -3.0875 393C3C 0.45
1.4175 4.2525 12.9775 7EA831 0.45
-2.835 2.3625 3.055 2C2B29 0.45
1.4175 2.835 9.1975 A0CE3D 0.45
1.4175 2.835 10.615 A0CE3D 0.45
1.4175 2.835 10.1425 A0CE3D 0.45
1.4175 2.835 9.67 A0CE3D 0.45
1.4175 3.3075 6.3625 A0CE3D 0.45
1.4175 2.835 8.725 A0CE3D 0.45
1.4175 2.835 8.2525 A0CE3D 0.45
1.4175 2.835 7.78 A0CE3D 0.45
1.4175 3.3075 7.3075 A0CE3D 0.45
1.4175 3.3075 6.835001 A0CE3D 0.45
1.4175 3.3075 3.055 A0CE3D 0.45
1.4175 3.3075 3.5275 A0CE3D 0.45
1.4175 3.3075 2.5825 A0CE3D 0.45
1.4175 3.3075 2.11 A0CE3D 0.45
1.4175 3.78 15.34 8BB635 0.45
1.4175 4.2525 14.8675 7EA831 0.45
1.4175 4.2525 14.395 7EA831 0.45
1.4175 3.78 14.395 A0CE3D 0.45
1.4175 3.3075 5.889999 A0CE3D 0.45
1.4175 3.3075 5.4175 A0CE3D 0.45
1.4175 3.78 4.945 A0CE3D 0.45
1.4175 3.78 4.4725 A0CE3D 0.45
1.4175 3.3075 4 A0CE3D 0.45
1.4175 4.2525 15.8125 96C339 0.45
1.4175 4.725 13.45 2B2F31 0.45
1.4175 4.725 15.34 A0CE3D 0.45
1.4175 4.725 14.8675 A0CE3D 0.45
1.4175 4.725 14.395 A0CE3D 0.45
1.4175 4.725 13.9225 A0CE3D 0.45
1.4175 4.725 12.9775 A0CE3D 0.45
0.9450002 4.2525 15.34 7EA831 0.45
0.9450002 3.78 14.8675 7EA831 0.45
0.9450002 3.3075 14.395 7EA831 0.45
0.9450002 4.2525 13.9225 7EA831 0.45
0.9450002 4.2525 13.45 7EA831 0.45
0.9450002 1.4175 12.9775 2C2B29 0.45
0.9450002 0.4724998 11.56 1E1D1B 0.45
0.9450002 0.4724998 11.0875 1E1D1B 0.45
0.9450002 0.4724998 10.615 1E1D1B 0.45
0.9450002 0.4724998 10.1425 1E1D1B 0.45
0.9450002 0.4724998 9.67 1E1D1B 0.45
0.9450002 0.4724998 9.1975 1E1D1B 0.45
0.9450002 0.4724998 8.725 1E1D1B 0.45
0.9450002 0.4724998 8.2525 1E1D1B 0.45
0.9450002 0.4724998 7.78 1E1D1B 0.45
0.9450002 0.4724998 7.3075 1E1D1B 0.45
0.9450002 0.4724998 6.835001 1E1D1B 0.45
0.9450002 0.4724998 6.3625 1E1D1B 0.45
0.9450002 0.4724998 5.889999 1E1D1B 0.45
0.9450002 0.4724998 5.4175 1E1D1B 0.45
0.9450002 0.4724998 4.945 1E1D1B 0.45
0.9450002 0.4724998 4.4725 1E1D1B 0.45
0.9450002 0.4724998 4 1E1D1B 0.45
0.9450002 0.4724998 3.5275 1E1D1B 0.45
0.9450002 1.4175 1.6375 7EA831 0.45
0.9450002 1.89 1.165 7EA831 0.45
0.9450002 1.89 0.6925001 7EA831 0.45
0.9450002 1.89 -0.7249999 7EA831 0.45
0.9450002 1.4175 -2.142499 2C2B29 0.45
0.9450002 0.4724998 -5.9225 7EA831 0.45
0.9450002 0.4724998 -6.395 7EA831 0.45
0.9450002 1.4175 11.56 262B2C 0.45
0.9450002 1.4175 11.0875 262B2C 0.45
0.9450002 0.9449999 10.615 262B2C 0.45
0.9450002 0.9449999 10.1425 262B2C 0.45
0.9450002 1.4175 3.055 7EA831 0.45
-2.3625 0.4724998 3.055 1E1D1B 0.45
0.9450002 1.4175 2.5825 7EA831 0.45
-2.3625 0.4724998 2.5825 1E1D1B 0.45
0.9450002 1.4175 2.11 7EA831 0.45
-2.835 0.4724998 2.11 1E1D1B 0.45
0.9450002 0.9449999 11.56 2C2B29 0.45
-2.3625 0.9449999 3.055 1E1D1B 0.45
-2.3625 0.9449999 2.5825 1E1D1B 0.45
0.9450002 0.9449999 -5.9225 2B2F31 0.45
0.9450002 0.9449999 -6.395 A0CE3D 0.45
0.9450002 1.89 12.9775 2C2B29 0.45
0.9450002 1.4175 12.505 393937 0.45
0.9450002 0.9449999 11.0875 4A4846 0.45
0.9450002 0.9449999 9.67 4A4846 0.45
0.9450002 0.9449999 9.1975 4A4846 0.45
0.9450002 0.9449999 8.725 4A4846 0.45
0.9450002 0.9449999 8.2525 4A4846 0.45
0.9450002 0.9449999 7.78 4A4846 0.45
0.9450002 0.9449999 7.3075 4A4846 0.45
0.9450002 0.9449999 6.835001 4A4846 0.45
0.9450002 0.9449999 6.3625 4A4846 0.45
0.9450002 0.9449999 5.889999 4A4846 0.45
0.9450002 0.9449999 5.4175 4A4846 0.45
0.9450002 0.9449999 4.945 4A4846 0.45
0.9450002 0.9449999 4.4725 4A4846 0.45
0.9450002 1.4175 -2.615 393937 0.45
0 1.89 11.56 393937 0.45
0 1.89 11.0875 393937 0.45
0.9450002 2.835 3.055 7EA831 0.45
0.9450002 2.835 2.5825 7EA831 0.45
0.9450002 2.3625 13.45 393937 0.45
0.9450002 4.2525 12.9775 7EA831 0.45
0.4725001 2.3625 12.9775 313536 0.45
0.9450002 2.3625 12.9775 393937 0.45
0.4725001 2.3625 1.165 4A4846 0.45
0.4725001 2.3625 -0.7249999 393937 0.45
0.9450002 2.3625 -1.1975 393C3C 0.45
0.9450002 2.835 11.0875 A0CE3D 0.45
0.9450002 2.835 10.615 A0CE3D 0.45
0.9450002 2.835 10.1425 A0CE3D 0.45
0.9450002 2.835 9.67 A0CE3D 0.45
0.9450002 2.835 4 658B26 0.45
0.9450002 2.835 3.5275 658B26 0.45
-0.9449999 2.835 1.6375 7EA831 0.45
0.4725001 2.835 1.165 4A4846 0.45
-0.4725001 2.835 0.6925001 7EA831 0.45
0.9450002 2.835 8.725 A0CE3D 0.45
0.9450002 2.835 8.2525 A0CE3D 0.45
0.9450002 2.835 7.78 A0CE3D 0.45
0.9450002 3.3075 4 7EA831 0.45
0.9450002 3.3075 4.4725 709B2B 0.45
0.9450002 3.3075 2.11 A0CE3D 0.45
0.9450002 3.3075 1.6375 A0CE3D 0.45
0.9450002 3.3075 1.165 A0CE3D 0.45
0.9450002 3.3075 0.6925001 A0CE3D 0.45
0.9450002 3.3075 0.2200003 A0CE3D 0.45
0.9450002 3.3075 -0.2524996 393C3C 0.45
0.9450002 3.78 15.34 8BB635 0.45
0.9450002 4.2525 14.8675 7EA831 0.45
0.9450002 4.2525 14.395 7EA831 0.45
0.9450002 3.78 14.395 A0CE3D 0.45
0.9450002 3.3075 6.3625 96C339 0.45
0.9450002 3.78 4.4725 8BB635 0.45
0.9450002 4.2525 15.8125 96C339 0.45
0.9450002 4.725 13.45 2B2F31 0.45
0.9450002 4.725 15.34 A0CE3D 0.45
0.9450002 4.725 14.8675 A0CE3D 0.45
0.9450002 4.725 14.395 A0CE3D 0.45
0.9450002 4.725 13.9225 A0CE3D 0.45
0.9450002 4.725 12.9775 A0CE3D 0.45
0.4725001 3.78 14.8675 7EA831 0.45
0.4725001 3.3075 14.395 7EA831 0.45
0.4725001 4.2525 13.9225 7EA831 0.45
0.4725001 1.4175 12.9775 2C2B29 0.45
0.4725001 1.89 12.505 262B2C 0.45
0.4725001 1.89 12.0325 262B2C 0.45
0.4725001 0.4724998 11.56 1E1D1B 0.45
0.4725001 0.4724998 11.0875 1E1D1B 0.45
0.4725001 0.4724998 10.615 1E1D1B 0.45
0.4725001 0.4724998 10.1425 1E1D1B 0.45
0.4725001 0.4724998 9.67 1E1D1B 0.45
0.4725001 0.4724998 9.1975 1E1D1B 0.45
0.4725001 0.4724998 8.725 1E1D1B 0.45
0.4725001 0.4724998 8.2525 1E1D1B 0.45
0.4725001 0.4724998 7.78 1E1D1B 0.45
0.4725001 0.4724998 7.3075 1E1D1B 0.45
0.4725001 0.4724998 6.835001 1E1D1B 0.45
0.4725001 0.4724998 6.3625 1E1D1B 0.45
0.4725001 0.4724998 5.889999 1E1D1B 0.45
0.4725001 0.4724998 5.4175 1E1D1B 0.45
0.4725001 0.4724998 4.945 1E1D1B 0.45
0.4725001 0.4724998 4.4725 1E1D1B 0.45
0.4725001 0.4724998 4 1E1D1B 0.45
0.4725001 0.4724998 3.5275 1E1D1B 0.45
0.4725001 0.4724998 3.055 1E1D1B 0.45
0.4725001 0.4724998 2.5825 1E1D1B 0.45
0.4725001 0.4724998 2.11 1E1D1B 0.45
0.4725001 0.4724998 1.6375 1E1D1B 0.45
0.4725001 0.4724998 1.165 1E1D1B 0.45
0.4725001 0.4724998 0.6925001 1E1D1B 0.45
0.4725001 0.4724998 0.2200003 1E1D1B 0.45
0.4725001 0.4724998 -0.2524996 1E1D1B 0.45
0.4725001 0.4724998 -0.7249999 1E1D1B 0.45
0.4725001 1.89 -1.67 2B2F31 0.45
0.4725001 1.4175 -2.142499 2C2B29 0.45
0.4725001 1.89 -2.615 2B2F31 0.45
0.4725001 1.4175 -3.0875 2B2F31 0.45
0.4725001 1.4175 -3.559999 2B2F31 0.45
0.4725001 1.4175 -4.9775 7EA831 0.45
0.4725001 0.4724998 -5.9225 7EA831 0.45
0.4725001 0.4724998 -6.395 7EA831 0.45
0.4725001 1.4175 -6.867499 7EA831 0.45
0.4725001 1.4175 11.56 262B2C 0.45
0.4725001 1.4175 11.0875 262B2C 0.45
0.4725001 0.9449999 10.615 262B2C 0.45
0.4725001 0.9449999 10.1425 262B2C 0.45
0.4725001 1.4175 3.055 7EA831 0.45
0.4725001 1.4175 2.5825 7EA831 0.45
0.4725001 1.4175 2.11 7EA831 0.45
0.4725001 1.4175 1.6375 7EA831 0.45
0.4725001 1.89 1.165 7EA831 0.45
0.4725001 1.89 0.6925001 7EA831 0.45
0.4725001 1.89 0.2200003 7EA831 0.45
0.4725001 1.89 -0.2524996 7EA831 0.45
0.4725001 1.89 -0.7249999 7EA831 0.45
0.4725001 1.89 -1.1975 2B2F31 0.45
0.4725001 0.4724998 -1.67 1E1D1B 0.45
0.4725001 0.9449999 11.56 2C2B29 0.45
0.4725001 0.9449999 -5.45 8BB635 0.45
0.4725001 0.9449999 3.055 2C2B29 0.45
-2.835 0.9449999 2.11 1E1D1B 0.45
0.4725001 0.9449999 -0.7249999 393937 0.45
0.4725001 0.9449999 -1.1975 393937 0.45
0.4725001 1.4175 -6.395 7EA831 0.45
0.4725001 0.9449999 -6.395 A0CE3D 0.45
0.4725001 1.4175 12.505 393937 0.45
0.4725001 0.9449999 11.0875 4A4846 0.45
0.4725001 0.9449999 9.67 4A4846 0.45
0.4725001 0.9449999 9.1975 4A4846 0.45
0.4725001 0.9449999 8.725 4A4846 0.45
0.4725001 0.9449999 8.2525 4A4846 0.45
0.4725001 0.9449999 7.78 4A4846 0.45
0.4725001 0.9449999 7.3075 4A4846 0.45
0.4725001 0.9449999 6.835001 4A4846 0.45
0.4725001 0.9449999 6.3625 4A4846 0.45
0.4725001 0.9449999 5.889999 4A4846 0.45
0.4725001 0.9449999 5.4175 4A4846 0.45
0.4725001 0.9449999 4.945 4A4846 0.45
0.4725001 0.9449999 4.4725 4A4846 0.45
0.4725001 0.9449999 4 4A4846 0.45
0.4725001 0.9449999 3.5275 4A4846 0.45
0.4725001 0.9449999 2.5825 393937 0.45
0.4725001 0.9449999 2.11 393937 0.45
0.4725001 0.9449999 1.6375 393937 0.45
0.4725001 0.9449999 1.165 393937 0.45
0.4725001 0.9449999 0.6925001 393937 0.45
0.4725001 0.9449999 0.2200003 393937 0.45
0.4725001 0.9449999 -0.2524996 393937 0.45
0.4725001 1.89 -2.142499 2B2F31 0.45
0.4725001 1.4175 -2.615 393937 0.45
-3.78 1.4175 -5.45 8BB635 0.45
-3.78 1.4175 -5.9225 8BB635 0.45
0.4725001 1.89 12.9775 5A5956 0.45
-1.4175 1.89 12.0325 393937 0.45
0.4725001 1.89 11.56 393937 0.45
0.4725001 1.89 11.0875 393937 0.45
0.4725001 2.835 0.6925001 709B2B 0.45
0.4725001 1.89 -3.559999 393937 0.45
-1.4175 1.89 -1.67 393937 0.45
-2.3625 1.89 -2.142499 393937 0.45
-1.89 1.89 -2.615 393937 0.45
-0.9449999 1.89 -3.0875 393937 0.45
0 1.89 -3.559999 393937 0.45
0.4725001 4.2525 12.9775 7EA831 0.45
0.4725001 2.3625 -1.1975 393937 0.45
-0.4725001 2.3625 -1.1975 393937 0.45
0.4725001 2.3625 -5.9225 A0CE3D 0.45
0.4725001 2.835 4 658B26 0.45
0.4725001 2.835 3.5275 658B26 0.45
0.4725001 2.835 3.055 658B26 0.45
0.4725001 2.835 2.5825 658B26 0.45
0.4725001 2.835 2.11 658B26 0.45
0.9450002 2.835 2.11 7EA831 0.45
0.4725001 2.835 1.6375 658B26 0.45
0.9450002 2.835 1.6375 7EA831 0.45
0.9450002 2.835 1.165 7EA831 0.45
0.4725001 2.835 -0.7249999 5A5956 0.45
0.4725001 2.835 -3.559999 A0CE3D 0.45
0.4725001 2.835 -4.0325 A0CE3D 0.45
0.4725001 2.835 12.0325 A0CE3D 0.45
0.4725001 2.835 11.56 A0CE3D 0.45
0.4725001 3.3075 4.4725 709B2B 0.45
0.4725001 3.3075 0.6925001 A0CE3D 0.45
0.4725001 3.3075 0.2200003 A0CE3D 0.45
0.4725001 3.3075 -0.2524996 3F4444 0.45
0.4725001 3.3075 -0.7249999 3F4444 0.45
0.4725001 3.3075 -1.1975 3F4444 0.45
0.4725001 2.835 -1.67 3F4444 0.45
0.4725001 2.835 -2.142499 A0CE3D 0.45
0.4725001 3.78 15.34 8BB635 0.45
0.4725001 3.78 14.395 A0CE3D 0.45
0.4725001 3.78 4.4725 8BB635 0.45
0.4725001 4.2525 14.395 96C339 0.45
0.4725001 4.2525 4.945 8BB635 0.45
0.4725001 4.725 13.45 2B2F31 0.45
0.4725001 4.725 13.9225 A0CE3D 0.45
0.4725001 4.725 12.9775 A0CE3D 0.45
-0.4725001 4.725 4.945 2C2B29 0.45
0 3.78 14.8675 7EA831 0.45
0 3.3075 14.395 7EA831 0.45
0 4.2525 13.9225 7EA831 0.45
0 1.89 13.45 262B2C 0.45
0 1.4175 12.9775 2C2B29 0.45
0 1.89 12.505 262B2C 0.45
0 1.89 12.0325 262B2C 0.45
0 0.4724998 11.56 1E1D1B 0.45
0 0.4724998 11.0875 1E1D1B 0.45
0 0.4724998 10.615 1E1D1B 0.45
0 0.4724998 10.1425 1E1D1B 0.45
0 0.4724998 9.67 1E1D1B 0.45
0 0.4724998 9.1975 1E1D1B 0.45
0 0.4724998 8.725 1E1D1B 0.45
0 0.4724998 8.2525 1E1D1B 0.45
0 0.4724998 7.78 1E1D1B 0.45
0 0.4724998 7.3075 1E1D1B 0.45
0 0.4724998 6.835001 1E1D1B 0.45
0 0.4724998 6.3625 1E1D1B 0.45
0 0.4724998 5.889999 1E1D1B 0.45
0 0.4724998 5.4175 1E1D1B 0.45
0 0.4724998 4.945 1E1D1B 0.45
0 0.4724998 4.4725 1E1D1B 0.45
0 0.4724998 4 1E1D1B 0.45
0 0.4724998 3.5275 1E1D1B 0.45
0 0.4724998 3.055 1E1D1B 0.45
0 0.4724998 2.5825 1E1D1B 0.45
0 0.4724998 2.11 1E1D1B 0.45
0 0.4724998 1.6375 1E1D1B 0.45
0 0.4724998 1.165 1E1D1B 0.45
0 0.4724998 0.6925001 1E1D1B 0.45
0 0.4724998 0.2200003 1E1D1B 0.45
0 0.4724998 -0.2524996 1E1D1B 0.45
0 0.4724998 -0.7249999 1E1D1B 0.45
0 0.4724998 -1.1975 1E1D1B 0.45
0 1.89 -1.67 2B2F31 0.45
0 1.4175 -2.142499 2C2B29 0.45
0 1.89 -2.615 2B2F31 0.45
0 1.4175 -3.0875 2B2F31 0.45
0 1.4175 -3.559999 2B2F31 0.45
0 1.4175 -4.9775 7EA831 0.45
0 1.4175 -5.45 8BB635 0.45
0 0.4724998 -5.9225 7EA831 0.45
0 0.4724998 -6.395 7EA831 0.45
0 1.4175 -6.867499 7EA831 0.45
0 1.4175 -7.34 7EA831 0.45
0 1.4175 11.56 262B2C 0.45
0 1.4175 11.0875 262B2C 0.45
0 0.9449999 10.615 262B2C 0.45
0 0.9449999 10.1425 262B2C 0.45
0 1.4175 3.055 7EA831 0.45
0 1.4175 2.5825 7EA831 0.45
0 1.4175 2.11 7EA831 0.45
0 1.4175 1.6375 7EA831 0.45
0 1.89 1.165 7EA831 0.45
0 1.89 0.6925001 7EA831 0.45
0 1.89 0.2200003 7EA831 0.45
0 1.89 -0.2524996 7EA831 0.45
0 1.89 -0.7249999 7EA831 0.45
0 1.89 -1.1975 2B2F31 0.45
0 0.4724998 -1.67 1E1D1B 0.45
0 0.9449999 11.56 2C2B29 0.45
0 0.9449999 -5.45 8BB635 0.45
0 5.1975 5.4175 1E1D1B 0.45
0 0.9449999 3.055 2C2B29 0.45
0 0.9449999 -0.7249999 393937 0.45
0 0.9449999 -1.1975 393937 0.45
0 0.9449999 -5.9225 2B2F31 0.45
-3.78 0.9449999 -5.9225 8BB635 0.45
0 1.4175 -6.395 7EA831 0.45
0 0.9449999 -6.395 A0CE3D 0.45
0 1.89 12.9775 262B2C 0.45
0 1.4175 12.505 393937 0.45
0 0.9449999 11.0875 4A4846 0.45
0 0.9449999 9.67 4A4846 0.45
0 0.9449999 9.1975 4A4846 0.45
0 0.9449999 8.725 4A4846 0.45
0 0.9449999 8.2525 4A4846 0.45
0 0.9449999 7.78 4A4846 0.45
0 0.9449999 7.3075 4A4846 0.45
0 0.9449999 6.835001 4A4846 0.45
0 0.9449999 6.3625 4A4846 0.45
0 0.9449999 5.889999 4A4846 0.45
0 0.9449999 5.4175 4A4846 0.45
0 0.9449999 4.945 4A4846 0.45
0 0.9449999 4.4725 4A4846 0.45
0 0.9449999 4 4A4846 0.45
0 0.9449999 3.5275 4A4846 0.45
0 0.9449999 2.5825 393937 0.45
0 0.9449999 2.11 393937 0.45
0 0.9449999 1.6375 393937 0.45
0 0.9449999 1.165 393937 0.45
0 0.9449999 0.6925001 393937 0.45
0 0.9449999 0.2200003 393937 0.45
0 0.9449999 -0.2524996 393937 0.45
0 1.89 -2.142499 2B2F31 0.45
0 1.4175 -2.615 393937 0.45
0 1.4175 -4.504999 7EA831 0.45
0 2.3625 1.165 2C2B29 0.45
0 2.835 0.6925001 709B2B 0.45
0 1.89 -4.0325 393937 0.45
0 1.89 -7.34 A0CE3D 0.45
0 1.89 -6.867499 A0CE3D 0.45
0 2.3625 13.45 2B2F31 0.45
0 4.2525 13.45 7EA831 0.45
0 4.2525 12.9775 7EA831 0.45
0 2.3625 12.9775 393937 0.45
0 2.3625 11.0875 5A5956 0.45
0 3.3075 1.165 2C2B29 0.45
0 2.3625 -0.2524996 393937 0.45
0 2.3625 -0.7249999 393937 0.45
0 2.3625 -5.9225 A0CE3D 0.45
0 2.3625 -5.45 A0CE3D 0.45
0 1.89 -6.395 A0CE3D 0.45
0 2.835 13.45 2B2F31 0.45
-2.3625 2.835 13.45 8BB635 0.45
0 2.835 4 658B26 0.45
0 2.835 3.5275 658B26 0.45
0 2.835 3.055 658B26 0.45
0 2.835 2.5825 658B26 0.45
0 2.835 2.11 658B26 0.45
0 2.835 1.6375 658B26 0.45
0 2.835 1.165 658B26 0.45
-0.4725001 2.835 1.165 4A4846 0.45
0 2.835 -0.7249999 5A5956 0.45
0 2.835 -3.559999 A0CE3D 0.45
0 2.835 -3.0875 A0CE3D 0.45
0 2.835 -4.0325 A0CE3D 0.45
0 2.3625 -4.504999 A0CE3D 0.45
0 2.3625 -4.9775 A0CE3D 0.45
0 3.3075 13.45 8BB635 0.45
-2.3625 3.3075 13.45 8BB635 0.45
0 2.835 12.9775 A0CE3D 0.45
0 3.3075 12.9775 8BB635 0.45
0 3.3075 12.505 A0CE3D 0.45
0 3.3075 4.4725 709B2B 0.45
0 3.3075 0.6925001 A0CE3D 0.45
0 3.3075 0.2200003 A0CE3D 0.45
0 3.3075 -0.2524996 3F4444 0.45
0 3.3075 -0.7249999 3F4444 0.45
0 3.3075 -1.1975 3F4444 0.45
0 2.835 -1.67 3F4444 0.45
0 2.835 -2.142499 A0CE3D 0.45
0 2.835 -2.615 3F4444 0.45
0 3.78 15.34 8BB635 0.45
0 3.78 13.45 8BB635 0.45
0 3.78 14.395 A0CE3D 0.45
-2.3625 3.78 13.45 8BB635 0.45
0 3.78 11.0875 3F4444 0.45
0 3.78 12.9775 8BB635 0.45
0 3.78 4.4725 8BB635 0.45
0 4.2525 14.395 96C339 0.45
-2.3625 4.2525 13.45 8BB635 0.45
0 4.2525 10.1425 3F4444 0.45
0 4.2525 4.945 8BB635 0.45
0 4.725 13.45 2B2F31 0.45
0 4.725 13.9225 A0CE3D 0.45
0 4.725 12.9775 A0CE3D 0.45
0 4.725 8.725 A0CE3D 0.45
0 4.725 9.1975 3F4444 0.45
0 4.725 4.945 393937 0.45
0 4.725 5.4175 121110 0.45
0 5.1975 7.78 A0CE3D 0.45
0 5.1975 7.3075 A0CE3D 0.45
0 5.1975 6.835001 A0CE3D 0.45
0 5.1975 6.3625 A0CE3D 0.45
0 5.1975 5.889999 A0CE3D 0.45
-0.4725001 3.78 14.8675 7EA831 0.45
-0.4725001 3.3075 14.395 7EA831 0.45
-0.4725001 4.2525 13.9225 7EA831 0.45
-0.4725001 4.2525 13.45 7EA831 0.45
-0.4725001 1.4175 12.9775 2C2B29 0.45
-0.4725001 1.89 12.505 262B2C 0.45
-0.4725001 1.89 12.0325 262B2C 0.45
-0.4725001 0.4724998 11.56 1E1D1B 0.45
-0.4725001 0.4724998 11.0875 1E1D1B 0.45
-0.4725001 0.4724998 10.615 1E1D1B 0.45
-0.4725001 0.4724998 10.1425 1E1D1B 0.45
-0.4725001 0.4724998 9.67 1E1D1B 0.45
-0.4725001 0.4724998 9.1975 1E1D1B 0.45
-0.4725001 0.4724998 8.725 1E1D1B 0.45
-0.4725001 0.4724998 8.2525 1E1D1B 0.45
-0.4725001 0.4724998 7.78 1E1D1B 0.45
-0.4725001 0.4724998 7.3075 1E1D1B 0.45
-0.4725001 0.4724998 6.835001 1E1D1B 0.45
-0.4725001 0.4724998 6.3625 1E1D1B 0.45
-0.4725001 0.4724998 5.889999 1E1D1B 0.45
-0.4725001 0.4724998 5.4175 1E1D1B 0.45
-0.4725001 0.4724998 4.945 1E1D1B 0.45
-0.4725001 0.4724998 4.4725 1E1D1B 0.45
-0.4725001 0.4724998 4 1E1D1B 0.45
-0.4725001 0.4724998 3.5275 1E1D1B 0.45
-0.4725001 0.4724998 3.055 1E1D1B 0.45
-0.4725001 0.4724998 2.5825 1E1D1B 0.45
-0.4725001 0.4724998 2.11 1E1D1B 0.45
-0.4725001 0.4724998 1.6375 1E1D1B 0.45
-0.4725001 0.4724998 1.165 1E1D1B 0.45
-0.4725001 0.4724998 0.6925001 1E1D1B 0.45
-0.4725001 0.4724998 0.2200003 1E1D1B 0.45
-0.4725001 0.4724998 -0.2524996 1E1D1B 0.45
-0.4725001 0.4724998 -0.7249999 1E1D1B 0.45
-0.4725001 0.4724998 -1.1975 1E1D1B 0.45
-0.4725001 1.89 -1.67 2B2F31 0.45
-0.4725001 1.4175 -2.142499 2C2B29 0.45
-0.4725001 1.89 -2.615 2B2F31 0.45
-0.4725001 1.4175 -3.0875 2B2F31 0.45
-0.4725001 1.4175 -3.559999 2B2F31 0.45
-0.4725001 1.4175 -4.9775 7EA831 0.45
-0.4725001 1.4175 -5.45 8BB635 0.45
-0.4725001 0.4724998 -5.9225 7EA831 0.45
-0.4725001 0.4724998 -6.395 7EA831 0.45
-0.4725001 1.4175 -6.867499 7EA831 0.45
-0.4725001 1.4175 11.56 262B2C 0.45
-0.4725001 1.4175 11.0875 262B2C 0.45
-0.4725001 0.9449999 10.615 262B2C 0.45
-0.4725001 0.9449999 10.1425 262B2C 0.45
-0.4725001 1.4175 3.055 7EA831 0.45
-0.4725001 1.4175 2.5825 7EA831 0.45
-0.4725001 1.4175 2.11 7EA831 0.45
-0.4725001 1.4175 1.6375 7EA831 0.45
-0.4725001 1.89 1.165 7EA831 0.45
-0.4725001 1.89 0.6925001 7EA831 0.45
-0.4725001 1.89 0.2200003 7EA831 0.45
-0.4725001 1.89 -0.2524996 7EA831 0.45
-0.4725001 1.89 -0.7249999 7EA831 0.45
-0.4725001 1.89 -1.1975 2B2F31 0.45
-0.4725001 0.4724998 -1.67 1E1D1B 0.45
-0.4725001 0.9449999 11.56 2C2B29 0.45
-0.4725001 0.9449999 -5.45 8BB635 0.45
-0.4725001 0.9449999 3.055 2C2B29 0.45
-0.4725001 0.9449999 -0.7249999 393937 0.45
-0.4725001 0.9449999 -1.1975 393937 0.45
-0.4725001 0.9449999 -5.9225 2B2F31 0.45
-0.4725001 1.4175 -6.395 7EA831 0.45
-0.4725001 0.9449999 -6.395 A0CE3D 0.45
-0.4725001 2.3625 12.9775 2C2B29 0.45
-0.4725001 1.4175 12.505 393937 0.45
-0.4725001 0.9449999 11.0875 4A4846 0.45
-0.4725001 0.9449999 9.67 4A4846 0.45
-0.4725001 0.9449999 9.1975 4A4846 0.45
-0.4725001 0.9449999 8.725 4A4846 0.45
-0.4725001 0.9449999 8.2525 4A4846 0.45
-0.4725001 0.9449999 7.78 4A4846 0.45
-0.4725001 0.9449999 7.3075 4A4846 0.45
-0.4725001 0.9449999 6.835001 4A4846 0.45
-0.4725001 0.9449999 6.3625 4A4846 0.45
-0.4725001 0.9449999 5.889999 4A4846 0.45
-0.4725001 0.9449999 5.4175 4A4846 0.45
-0.4725001 0.9449999 4.945 4A4846 0.45
-0.4725001 0.9449999 4.4725 4A4846 0.45
-0.4725001 0.9449999 4 4A4846 0.45
-0.4725001 0.9449999 3.5275 4A4846 0.45
-0.4725001 0.9449999 2.5825 393937 0.45
-0.4725001 0.9449999 2.11 393937 0.45
-0.4725001 0.9449999 1.6375 393937 0.45
-0.4725001 0.9449999 1.165 393937 0.45
-0.4725001 0.9449999 0.6925001 393937 0.45
-0.4725001 0.9449999 0.2200003 393937 0.45
-0.4725001 0.9449999 -0.2524996 393937 0.45
-0.4725001 1.89 -2.142499 2B2F31 0.45
-0.4725001 1.4175 -2.615 393937 0.45
-0.4725001 1.4175 -4.504999 7EA831 0.45
-0.4725001 1.89 12.9775 5A5956 0.45
-0.4725001 1.89 11.56 393937 0.45
-0.4725001 1.89 11.0875 393937 0.45
-0.4725001 1.89 -3.559999 393937 0.45
-0.4725001 1.89 -6.867499 A0CE3D 0.45
-0.4725001 2.3625 13.45 393937 0.45
-0.4725001 4.2525 12.9775 7EA831 0.45
-0.4725001 2.3625 12.505 313536 0.45
-0.4725001 2.3625 -0.7249999 393937 0.45
-0.4725001 2.3625 1.165 4A4846 0.45
-0.4725001 2.3625 -5.9225 A0CE3D 0.45
-0.4725001 2.3625 -5.45 A0CE3D 0.45
-0.4725001 1.89 -6.395 A0CE3D 0.45
-0.4725001 2.835 12.505 313536 0.45
-0.4725001 2.835 13.45 313536 0.45
-0.4725001 2.835 12.9775 5A5956 0.45
-0.4725001 2.835 10.615 96C339 0.45
-0.4725001 2.835 11.0875 A0CE3D 0.45
-0.4725001 2.835 4 658B26 0.45
-0.4725001 2.835 3.5275 658B26 0.45
-0.4725001 2.835 3.055 658B26 0.45
-0.4725001 2.835 2.5825 658B26 0.45
-0.4725001 2.835 2.11 658B26 0.45
-0.4725001 2.835 1.6375 658B26 0.45
-0.9449999 2.835 1.165 7EA831 0.45
-0.4725001 2.835 -0.7249999 5A5956 0.45
-0.4725001 2.835 -3.559999 A0CE3D 0.45
-0.4725001 2.835 -3.0875 A0CE3D 0.45
-0.4725001 2.835 -4.0325 A0CE3D 0.45
-0.4725001 2.3625 -4.504999 A0CE3D 0.45
-0.4725001 2.3625 -4.9775 A0CE3D 0.45
-0.4725001 3.3075 9.67 96C339 0.45
-0.4725001 3.3075 13.45 96C339 0.45
-0.4725001 2.835 12.0325 A0CE3D 0.45
-0.4725001 2.835 11.56 A0CE3D 0.45
-0.4725001 3.3075 11.0875 96C339 0.45
-0.4725001 3.3075 10.615 96C339 0.45
-0.4725001 3.3075 10.1425 96C339 0.45
-0.4725001 3.3075 4.4725 709B2B 0.45
-0.4725001 3.3075 0.6925001 A0CE3D 0.45
-0.4725001 3.3075 0.2200003 A0CE3D 0.45
-0.4725001 3.3075 -0.2524996 3F4444 0.45
-0.4725001 3.3075 -0.7249999 3F4444 0.45
-0.4725001 3.3075 -1.1975 3F4444 0.45
-0.4725001 2.835 -1.67 3F4444 0.45
-0.4725001 2.835 -2.142499 A0CE3D 0.45
-0.4725001 2.835 -2.615 3F4444 0.45
-0.4725001 3.78 15.34 8BB635 0.45
-0.4725001 3.78 8.725 96C339 0.45
-0.4725001 3.78 14.395 A0CE3D 0.45
-0.4725001 3.78 13.45 96C339 0.45
-0.4725001 3.78 10.1425 393C3C 0.45
-0.4725001 3.78 9.67 393C3C 0.45
-0.4725001 3.78 9.1975 393C3C 0.45
-0.4725001 3.78 4.4725 8BB635 0.45
-0.4725001 4.2525 7.3075 96C339 0.45
-0.4725001 4.2525 9.1975 96C339 0.45
-0.4725001 4.2525 8.725 393C3C 0.45
-0.4725001 3.78 8.2525 393C3C 0.45
-0.4725001 4.2525 8.2525 96C339 0.45
-0.4725001 4.2525 7.78 96C339 0.45
-0.4725001 4.2525 4.945 8BB635 0.45
-0.4725001 4.725 13.45 2B2F31 0.45
-0.4725001 4.725 13.9225 A0CE3D 0.45
-0.4725001 4.725 12.9775 A0CE3D 0.45
-0.4725001 4.725 5.4175 96C339 0.45
-0.4725001 4.725 7.78 96C339 0.45
-0.4725001 4.725 7.3075 96C339 0.45
-0.4725001 4.725 6.835001 96C339 0.45
-0.4725001 4.725 6.3625 96C339 0.45
-0.4725001 4.725 5.889999 96C339 0.45
-0.9449999 3.78 14.8675 7EA831 0.45
-0.9449999 3.3075 14.395 7EA831 0.45
-0.9449999 4.2525 13.9225 7EA831 0.45
-0.9449999 4.2525 13.45 7EA831 0.45
-0.9449999 1.4175 12.9775 2C2B29 0.45
-0.9449999 0.4724998 11.56 1E1D1B 0.45
-0.9449999 0.4724998 11.0875 1E1D1B 0.45
-0.9449999 0.4724998 10.615 1E1D1B 0.45
-0.9449999 0.4724998 10.1425 1E1D1B 0.45
-0.9449999 0.4724998 9.67 1E1D1B 0.45
-0.9449999 0.4724998 9.1975 1E1D1B 0.45
-0.9449999 0.4724998 8.725 1E1D1B 0.45
-0.9449999 0.4724998 8.2525 1E1D1B 0.45
-0.9449999 0.4724998 7.78 1E1D1B 0.45
-0.9449999 0.4724998 7.3075 1E1D1B 0.45
-0.9449999 0.4724998 6.835001 1E1D1B 0.45
-0.9449999 0.4724998 6.3625 1E1D1B 0.45
-0.9449999 0.4724998 5.889999 1E1D1B 0.45
-0.9449999 0.4724998 5.4175 1E1D1B 0.45
-0.9449999 0.4724998 4.945 1E1D1B 0.45
-0.9449999 0.4724998 4.4725 1E1D1B 0.45
-0.9449999 0.4724998 4 1E1D1B 0.45
-0.9449999 0.4724998 3.5275 1E1D1B 0.45
-0.9449999 0.4724998 3.055 1E1D1B 0.45
-0.9449999 0.4724998 2.5825 1E1D1B 0.45
-0.9449999 0.4724998 2.11 1E1D1B 0.45
-0.9449999 1.4175 1.6375 7EA831 0.45
-0.9449999 1.89 1.165 7EA831 0.45
-0.9449999 1.89 0.6925001 7EA831 0.45
-0.9449999 1.89 0.2200003 7EA831 0.45
-0.9449999 1.89 -0.2524996 7EA831 0.45
-0.9449999 1.89 -0.7249999 7EA831 0.45
-0.9449999 1.89 -1.1975 2B2F31 0.45
-0.9449999 1.4175 -2.142499 2C2B29 0.45
-0.9449999 0.4724998 -5.9225 7EA831 0.45
-0.9449999 0.4724998 -6.395 7EA831 0.45
-0.9449999 1.4175 11.56 262B2C 0.45
-0.9449999 1.4175 11.0875 262B2C 0.45
-0.9449999 0.9449999 10.615 262B2C 0.45
-0.9449999 0.9449999 10.1425 262B2C 0.45
-0.9449999 1.4175 3.055 7EA831 0.45
-0.9449999 1.4175 2.5825 7EA831 0.45
-0.9449999 1.4175 2.11 7EA831 0.45
-0.9449999 0.4724998 1.6375 2C2B29 0.45
-0.9449999 0.4724998 1.165 2C2B29 0.45
-0.9449999 0.4724998 0.6925001 2C2B29 0.45
-0.9449999 0.4724998 0.2200003 2C2B29 0.45
-0.9449999 0.4724998 -0.2524996 2C2B29 0.45
-0.9449999 0.4724998 -0.7249999 2C2B29 0.45
-0.9449999 0.9449999 11.56 2C2B29 0.45
-0.9449999 0.9449999 3.055 2C2B29 0.45
-0.9449999 0.9449999 2.11 2C2B29 0.45
-0.9449999 0.9449999 2.5825 2C2B29 0.45
-0.9449999 0.9449999 1.6375 2C2B29 0.45
-0.9449999 0.9449999 1.165 2C2B29 0.45
-0.9449999 0.9449999 0.6925001 2C2B29 0.45
-0.9449999 0.9449999 0.2200003 2C2B29 0.45
-0.9449999 0.9449999 -0.2524996 2C2B29 0.45
-0.9449999 0.9449999 -5.9225 2B2F31 0.45
-0.9449999 0.9449999 -6.395 A0CE3D 0.45
-0.9449999 1.89 12.9775 2C2B29 0.45
-0.9449999 1.4175 12.505 393937 0.45
-0.9449999 0.9449999 11.0875 4A4846 0.45
-0.9449999 0.9449999 9.67 4A4846 0.45
-0.9449999 0.9449999 9.1975 4A4846 0.45
-0.9449999 0.9449999 8.725 4A4846 0.45
-0.9449999 0.9449999 8.2525 4A4846 0.45
-0.9449999 0.9449999 7.78 4A4846 0.45
-0.9449999 0.9449999 7.3075 4A4846 0.45
-0.9449999 0.9449999 6.835001 4A4846 0.45
-0.9449999 0.9449999 6.3625 4A4846 0.45
-0.9449999 0.9449999 5.889999 4A4846 0.45
-0.9449999 0.9449999 5.4175 4A4846 0.45
-0.9449999 0.9449999 4.945 4A4846 0.45
-0.9449999 0.9449999 4.4725 4A4846 0.45
-0.9449999 0.9449999 4 4A4846 0.45
-0.9449999 0.9449999 3.5275 4A4846 0.45
-0.9449999 1.4175 -2.615 393937 0.45
-0.4725001 1.4175 -5.9225 96C339 0.45
-0.9449999 1.89 12.0325 393937 0.45
-0.9449999 1.89 11.56 393937 0.45
-0.9449999 1.89 -1.67 393C3C 0.45
-0.9449999 1.89 -2.142499 5A5956 0.45
-0.9449999 1.89 -2.615 393C3C 0.45
-0.9449999 1.89 -3.559999 393937 0.45
-0.4725001 1.89 -4.0325 96C339 0.45
-0.4725001 1.89 -4.504999 96C339 0.45
-0.4725001 1.89 -4.9775 96C339 0.45
-0.4725001 1.89 -5.45 96C339 0.45
-0.4725001 1.89 -5.9225 96C339 0.45
-0.9449999 2.3625 13.45 393937 0.45
-0.9449999 4.2525 12.9775 7EA831 0.45
-0.9449999 2.3625 11.56 313536 0.45
-0.9449999 2.3625 12.9775 393937 0.45
-0.9449999 2.3625 12.0325 96C339 0.45
-0.9449999 2.3625 -0.7249999 393937 0.45
-0.9449999 2.3625 -1.1975 393C3C 0.45
-0.9449999 2.3625 -1.67 393C3C 0.45
-0.9449999 2.3625 -2.142499 393C3C 0.45
-0.9449999 2.3625 -2.615 393C3C 0.45
-0.4725001 2.3625 -3.559999 96C339 0.45
-0.4725001 2.3625 -4.0325 96C339 0.45
-0.9449999 2.835 11.56 96C339 0.45
-0.9449999 2.835 12.0325 96C339 0.45
-0.9449999 2.835 9.1975 A0CE3D 0.45
-0.9449999 2.835 11.0875 A0CE3D 0.45
-0.9449999 2.835 10.615 A0CE3D 0.45
-0.9449999 2.835 10.1425 A0CE3D 0.45
-0.4725001 2.835 10.1425 96C339 0.45
-0.9449999 2.835 9.67 A0CE3D 0.45
-0.4725001 2.835 9.67 96C339 0.45
-0.9449999 2.835 -0.7249999 393C3C 0.45
-0.9449999 2.835 -1.1975 393C3C 0.45
-0.9449999 2.835 -1.67 393C3C 0.45
-0.9449999 2.835 -2.142499 393C3C 0.45
-0.9449999 3.3075 6.835001 96C339 0.45
-0.4725001 3.3075 9.1975 393C3C 0.45
-0.9449999 2.835 8.725 A0CE3D 0.45
-0.4725001 3.3075 8.725 393C3C 0.45
-0.9449999 2.835 8.2525 A0CE3D 0.45
-0.9449999 3.3075 8.2525 96C339 0.45
-0.9449999 2.835 7.78 A0CE3D 0.45
-0.9449999 3.3075 7.78 96C339 0.45
-0.9449999 3.3075 7.3075 A0CE3D 0.45
-0.9449999 3.3075 4.4725 709B2B 0.45
-0.9449999 3.3075 2.11 A0CE3D 0.45
-0.9449999 3.3075 1.6375 A0CE3D 0.45
-0.9449999 3.3075 1.165 A0CE3D 0.45
-0.9449999 3.3075 0.6925001 A0CE3D 0.45
-0.9449999 3.3075 0.2200003 A0CE3D 0.45
-0.9449999 3.3075 -0.2524996 393C3C 0.45
-0.9449999 3.78 15.34 8BB635 0.45
-0.9449999 3.78 5.4175 393C3C 0.45
-0.9449999 4.2525 14.395 7EA831 0.45
-0.9449999 3.78 14.395 A0CE3D 0.45
-0.4725001 3.78 7.78 393C3C 0.45
-0.4725001 3.78 7.3075 393C3C 0.45
-0.9449999 3.78 6.835001 393C3C 0.45
-0.9449999 3.3075 6.3625 96C339 0.45
-0.9449999 3.78 6.3625 393C3C 0.45
-0.9449999 3.78 5.889999 393C3C 0.45
-0.9449999 3.78 4.4725 8BB635 0.45
-0.9449999 4.2525 15.8125 96C339 0.45
-0.4725001 4.2525 6.835001 96C339 0.45
-0.4725001 4.2525 6.3625 96C339 0.45
-0.4725001 4.2525 5.889999 96C339 0.45
-0.9449999 4.2525 5.4175 96C339 0.45
-0.9449999 3.78 4.945 393C3C 0.45
-0.9449999 4.2525 4.945 96C339 0.45
-0.9449999 4.725 13.45 2B2F31 0.45
-0.9449999 4.725 15.34 A0CE3D 0.45
-0.9449999 4.725 14.8675 A0CE3D 0.45
-0.9449999 4.725 14.395 A0CE3D 0.45
-0.9449999 4.725 13.9225 A0CE3D 0.45
-0.9449999 4.725 12.9775 A0CE3D 0.45
-1.4175 4.2525 15.34 7EA831 0.45
-1.4175 3.78 14.8675 7EA831 0.45
-1.4175 3.3075 14.395 7EA831 0.45
-1.4175 4.2525 13.9225 7EA831 0.45
-1.4175 4.2525 13.45 7EA831 0.45
-1.4175 1.4175 12.9775 2C2B29 0.45
-1.4175 1.4175 12.0325 2C2B29 0.45
-1.4175 0.4724998 11.56 1E1D1B 0.45
-1.4175 0.4724998 11.0875 1E1D1B 0.45
-1.4175 0.4724998 10.615 1E1D1B 0.45
-1.4175 0.4724998 10.1425 1E1D1B 0.45
-1.4175 0.4724998 9.67 1E1D1B 0.45
-1.4175 0.4724998 9.1975 1E1D1B 0.45
-1.4175 0.4724998 8.725 1E1D1B 0.45
-1.4175 0.4724998 8.2525 1E1D1B 0.45
-1.4175 0.4724998 7.78 1E1D1B 0.45
-1.4175 0.4724998 7.3075 1E1D1B 0.45
-1.4175 0.4724998 6.835001 1E1D1B 0.45
-1.4175 0.4724998 6.3625 1E1D1B 0.45
-1.4175 0.4724998 5.889999 1E1D1B 0.45
-1.4175 0.4724998 5.4175 1E1D1B 0.45
-1.4175 0.4724998 4.945 1E1D1B 0.45
-1.4175 0.4724998 4.4725 1E1D1B 0.45
-1.4175 0.4724998 4 1E1D1B 0.45
-1.4175 0.4724998 3.5275 1E1D1B 0.45
-1.4175 1.4175 3.055 7EA831 0.45
-1.4175 1.4175 2.5825 7EA831 0.45
-1.4175 1.4175 2.11 7EA831 0.45
-1.4175 1.89 -1.1975 2C2B29 0.45
-1.4175 1.4175 -2.142499 2C2B29 0.45
-1.4175 1.4175 -3.0875 2C2B29 0.45
-1.4175 0.4724998 -4.504999 7EA831 0.45
-1.4175 0.4724998 -4.9775 7EA831 0.45
-1.4175 0.4724998 -5.45 7EA831 0.45
-1.4175 0.4724998 -5.9225 7EA831 0.45
-1.4175 0.4724998 -6.395 7EA831 0.45
-1.4175 0.9449999 10.615 262B2C 0.45
-1.4175 0.9449999 10.1425 262B2C 0.45
-1.4175 0.9449999 4.4725 262B2C 0.45
-1.4175 0.9449999 4 262B2C 0.45
-1.4175 1.4175 3.5275 262B2C 0.45
-1.4175 0.4724998 3.055 2C2B29 0.45
-1.4175 0.9449999 11.56 2C2B29 0.45
-1.4175 0.9449999 3.055 2C2B29 0.45
-1.4175 0.9449999 -4.504999 A0CE3D 0.45
-1.4175 0.9449999 -4.9775 A0CE3D 0.45
-1.4175 0.9449999 -5.45 A0CE3D 0.45
-1.4175 0.9449999 -5.9225 2B2F31 0.45
-1.4175 0.9449999 -6.395 A0CE3D 0.45
-1.4175 1.4175 10.615 313536 0.45
-1.4175 1.4175 12.505 393937 0.45
-1.4175 0.9449999 11.0875 4A4846 0.45
-1.4175 1.4175 11.0875 313536 0.45
-1.4175 0.9449999 9.67 4A4846 0.45
-1.4175 0.9449999 9.1975 4A4846 0.45
-1.4175 0.9449999 8.725 4A4846 0.45
-1.4175 0.9449999 8.2525 4A4846 0.45
-1.4175 0.9449999 7.78 4A4846 0.45
-1.4175 0.9449999 7.3075 4A4846 0.45
-1.4175 0.9449999 6.835001 4A4846 0.45
-1.4175 0.9449999 6.3625 4A4846 0.45
-1.4175 0.9449999 5.889999 4A4846 0.45
-1.4175 0.9449999 5.4175 4A4846 0.45
-1.4175 0.9449999 4.945 4A4846 0.45
-1.4175 0.9449999 3.5275 4A4846 0.45
-0.9449999 1.4175 3.5275 2C2B29 0.45
-1.4175 1.4175 -2.615 393937 0.45
-1.4175 1.89 10.615 96C339 0.45
-1.4175 1.89 11.56 393937 0.45
-1.4175 1.89 11.0875 313536 0.45
-1.4175 1.89 -3.0875 393937 0.45
-1.4175 1.89 1.6375 96C339 0.45
-1.4175 1.89 1.165 96C339 0.45
-1.4175 1.89 0.6925001 96C339 0.45
-1.4175 1.89 -2.142499 5A5956 0.45
-1.4175 2.3625 10.615 96C339 0.45
-1.4175 4.2525 12.9775 7EA831 0.45
-1.4175 2.3625 12.9775 5A5956 0.45
-1.4175 2.3625 11.0875 96C339 0.45
-1.4175 2.3625 1.6375 96C339 0.45
-1.4175 2.3625 1.165 96C339 0.45
-1.4175 2.3625 0.6925001 96C339 0.45
-0.9449999 2.3625 0.2200003 96C339 0.45
-0.9449999 2.3625 -0.2524996 96C339 0.45
-1.4175 2.3625 -1.1975 5A5956 0.45
-1.4175 2.835 9.1975 A0CE3D 0.45
-1.4175 2.835 10.615 A0CE3D 0.45
-1.4175 2.835 10.1425 A0CE3D 0.45
-1.4175 2.835 9.67 A0CE3D 0.45
-1.4175 2.835 1.6375 96C339 0.45
-1.4175 2.835 1.165 96C339 0.45
-1.4175 2.835 0.6925001 96C339 0.45
-0.9449999 2.835 0.2200003 96C339 0.45
-0.9449999 2.835 -0.2524996 393C3C 0.45
-1.4175 3.3075 6.3625 A0CE3D 0.45
-1.4175 2.835 8.725 A0CE3D 0.45
-1.4175 2.835 8.2525 A0CE3D 0.45
-1.4175 2.835 7.78 A0CE3D 0.45
-1.4175 3.3075 7.3075 A0CE3D 0.45
-1.4175 3.3075 6.835001 A0CE3D 0.45
-1.4175 3.3075 3.055 A0CE3D 0.45
-1.4175 3.3075 2.5825 A0CE3D 0.45
-1.4175 3.3075 2.11 A0CE3D 0.45
-1.4175 3.78 15.34 8BB635 0.45
-1.4175 4.2525 14.8675 7EA831 0.45
-1.4175 4.2525 14.395 7EA831 0.45
-1.4175 3.78 14.395 A0CE3D 0.45
-1.4175 3.3075 5.889999 A0CE3D 0.45
-1.4175 3.3075 5.4175 A0CE3D 0.45
-1.4175 3.78 4.945 A0CE3D 0.45
-1.4175 3.78 4.4725 A0CE3D 0.45
-1.4175 3.3075 4 A0CE3D 0.45
-1.4175 4.2525 15.8125 96C339 0.45
-1.4175 4.725 13.45 2B2F31 0.45
-1.4175 4.725 15.34 A0CE3D 0.45
-1.4175 4.725 14.8675 A0CE3D 0.45
-1.4175 4.725 14.395 A0CE3D 0.45
-1.4175 4.725 13.9225 A0CE3D 0.45
-1.4175 4.725 12.9775 A0CE3D 0.45
-1.89 4.2525 15.34 7EA831 0.45
-1.89 3.78 14.8675 7EA831 0.45
-1.89 3.3075 14.395 7EA831 0.45
-1.89 4.2525 13.9225 7EA831 0.45
-1.89 4.2525 13.45 7EA831 0.45
-1.89 1.4175 12.9775 2C2B29 0.45
-1.89 1.4175 12.0325 2C2B29 0.45
-1.89 0.4724998 11.56 1E1D1B 0.45
-1.89 0.4724998 11.0875 1E1D1B 0.45
-1.89 0.4724998 10.615 1E1D1B 0.45
-1.89 0.4724998 10.1425 1E1D1B 0.45
-1.89 0.4724998 9.67 1E1D1B 0.45
-1.89 0.4724998 9.1975 1E1D1B 0.45
-1.89 0.4724998 8.725 1E1D1B 0.45
-1.89 0.4724998 8.2525 1E1D1B 0.45
-1.89 0.4724998 7.78 1E1D1B 0.45
-1.89 0.4724998 7.3075 1E1D1B 0.45
-1.89 0.4724998 6.835001 1E1D1B 0.45
-1.89 0.4724998 6.3625 1E1D1B 0.45
-1.89 0.4724998 5.889999 1E1D1B 0.45
-1.89 0.4724998 5.4175 1E1D1B 0.45
-1.89 0.4724998 4.945 1E1D1B 0.45
-1.89 0.4724998 4.4725 1E1D1B 0.45
-1.89 0.4724998 4 1E1D1B 0.45
-1.89 0.4724998 3.5275 1E1D1B 0.45
-1.89 1.4175 3.055 7EA831 0.45
-1.89 1.4175 2.5825 7EA831 0.45
-1.89 1.89 2.11 393937 0.45
-1.89 1.89 -1.67 2C2B29 0.45
-1.89 1.4175 -2.142499 2C2B29 0.45
-1.89 0.4724998 -4.504999 7EA831 0.45
-1.89 0.4724998 -4.9775 7EA831 0.45
-1.89 0.4724998 -5.45 7EA831 0.45
-1.89 0.4724998 -5.9225 7EA831 0.45
-1.89 0.4724998 -6.395 7EA831 0.45
-1.89 0.9449999 4.4725 262B2C 0.45
-1.89 0.9449999 4 262B2C 0.45
-1.89 1.4175 3.5275 262B2C 0.45
-1.89 0.4724998 3.055 2C2B29 0.45
-1.89 0.9449999 11.56 1E1D1B 0.45
-1.89 0.9449999 9.67 313536 0.45
-1.89 0.9449999 10.1425 313536 0.45
-1.89 0.9449999 3.055 2C2B29 0.45
-1.89 0.9449999 -4.504999 A0CE3D 0.45
-1.89 0.9449999 -4.9775 A0CE3D 0.45
-1.89 0.9449999 -5.45 A0CE3D 0.45
-1.89 0.9449999 -5.9225 2B2F31 0.45
-1.89 0.9449999 -6.395 A0CE3D 0.45
-1.89 1.89 12.9775 2C2B29 0.45
-1.89 1.4175 9.67 96C339 0.45
-1.89 1.4175 12.505 393937 0.45
-1.89 0.9449999 11.0875 4A4846 0.45
-1.89 0.9449999 10.615 4A4846 0.45
-1.89 1.4175 10.1425 313536 0.45
-1.89 0.9449999 9.1975 4A4846 0.45
-1.89 0.9449999 8.725 4A4846 0.45
-1.89 0.9449999 8.2525 4A4846 0.45
-1.89 0.9449999 7.78 4A4846 0.45
-1.89 0.9449999 7.3075 4A4846 0.45
-1.89 0.9449999 6.835001 4A4846 0.45
-1.89 0.9449999 6.3625 4A4846 0.45
-1.89 0.9449999 5.889999 4A4846 0.45
-1.89 0.9449999 5.4175 4A4846 0.45
-1.89 0.9449999 4.945 4A4846 0.45
-1.89 0.9449999 3.5275 4A4846 0.45
-1.89 1.4175 -2.615 393937 0.45
-1.89 4.2525 12.9775 7EA831 0.45
-1.89 1.89 12.505 393937 0.45
-1.89 1.89 9.67 96C339 0.45
-1.89 1.89 12.0325 393937 0.45
-1.89 1.89 10.1425 96C339 0.45
-1.89 1.89 -1.1975 393937 0.45
-1.89 2.835 3.055 2C2B29 0.45
-1.89 2.835 2.5825 2C2B29 0.45
-1.89 2.835 2.11 2C2B29 0.45
-1.89 1.89 -2.142499 5A5956 0.45
-1.89 1.89 -3.0875 393937 0.45
-1.89 2.3625 9.67 96C339 0.45
-1.89 2.3625 12.9775 5A5956 0.45
-1.89 2.3625 10.1425 96C339 0.45
-1.89 1.89 3.055 393937 0.45
-1.89 2.3625 3.055 2C2B29 0.45
-1.89 2.3625 3.5275 1E1D1B 0.45
-1.89 1.89 2.5825 393937 0.45
-1.89 2.3625 2.5825 2C2B29 0.45
-1.89 2.3625 2.11 2C2B29 0.45
-1.89 2.3625 -1.67 5A5956 0.45
-1.89 2.835 9.1975 A0CE3D 0.45
-1.89 2.835 9.67 A0CE3D 0.45
-1.89 3.3075 6.3625 A0CE3D 0.45
-1.89 2.835 8.725 A0CE3D 0.45
-1.89 2.835 8.2525 A0CE3D 0.45
-1.89 2.835 7.78 A0CE3D 0.45
-1.89 3.3075 7.3075 A0CE3D 0.45
-1.89 3.3075 6.835001 A0CE3D 0.45
-1.89 3.3075 3.055 A0CE3D 0.45
-1.89 3.3075 3.5275 A0CE3D 0.45
-1.89 3.3075 2.5825 A0CE3D 0.45
-1.89 3.78 15.34 8BB635 0.45
-1.89 4.2525 14.8675 7EA831 0.45
-1.89 4.2525 14.395 7EA831 0.45
-1.89 3.78 14.395 A0CE3D 0.45
-1.89 3.3075 5.889999 A0CE3D 0.45
-1.89 3.3075 5.4175 A0CE3D 0.45
-1.89 3.78 4.945 A0CE3D 0.45
-1.89 3.78 4.4725 A0CE3D 0.45
-1.89 3.3075 4 393C3C 0.45
-1.89 4.2525 15.8125 96C339 0.45
-1.89 4.725 13.45 2B2F31 0.45
-1.89 4.725 15.34 A0CE3D 0.45
-1.89 4.725 14.8675 A0CE3D 0.45
-1.89 4.725 14.395 A0CE3D 0.45
-1.89 4.725 13.9225 A0CE3D 0.45
-1.89 4.725 12.9775 A0CE3D 0.45
-2.3625 1.4175 15.34 7EA831 0.45
-2.3625 1.4175 14.8675 7EA831 0.45
-2.3625 1.4175 14.395 7EA831 0.45
-2.3625 1.4175 12.9775 2C2B29 0.45
-2.3625 1.4175 12.505 2C2B29 0.45
-2.3625 0.4724998 11.0875 1E1D1B 0.45
-2.3625 0.4724998 10.615 1E1D1B 0.45
-2.3625 0.4724998 10.1425 1E1D1B 0.45
-2.3625 0.4724998 9.67 1E1D1B 0.45
-2.3625 0.4724998 9.1975 1E1D1B 0.45
-2.3625 0.4724998 8.725 1E1D1B 0.45
-2.3625 0.4724998 8.2525 1E1D1B 0.45
-2.3625 0.4724998 7.78 1E1D1B 0.45
-2.3625 0.4724998 7.3075 1E1D1B 0.45
-2.3625 0.4724998 6.835001 1E1D1B 0.45
-2.3625 0.4724998 6.3625 1E1D1B 0.45
-2.3625 0.4724998 5.889999 1E1D1B 0.45
-2.3625 0.4724998 5.4175 1E1D1B 0.45
-2.3625 0.4724998 4.945 1E1D1B 0.45
-2.3625 0.4724998 4.4725 1E1D1B 0.45
-2.3625 0.4724998 4 1E1D1B 0.45
-2.3625 0.4724998 3.5275 1E1D1B 0.45
-2.3625 1.4175 3.055 7EA831 0.45
-2.3625 1.89 2.5825 393937 0.45
-2.3625 1.4175 -1.67 2C2B29 0.45
-2.3625 1.4175 -2.142499 2C2B29 0.45
-2.3625 1.4175 -2.615 2C2B29 0.45
-2.3625 0.4724998 -4.504999 7EA831 0.45
-2.3625 0.4724998 -4.9775 7EA831 0.45
-2.3625 0.4724998 -5.45 7EA831 0.45
-2.3625 0.4724998 -5.9225 7EA831 0.45
-2.3625 0.4724998 -6.395 7EA831 0.45
-2.3625 0.9449999 4.4725 262B2C 0.45
-2.3625 0.9449999 4 262B2C 0.45
-2.3625 1.4175 3.5275 262B2C 0.45
-2.3625 0.9449999 11.0875 2C2B29 0.45
-2.3625 0.9449999 7.78 313536 0.45
-2.3625 0.9449999 8.725 313536 0.45
-2.3625 0.9449999 8.2525 313536 0.45
-2.3625 0.9449999 -4.504999 A0CE3D 0.45
-2.3625 0.9449999 -4.9775 A0CE3D 0.45
-2.3625 0.9449999 -5.45 A0CE3D 0.45
-2.3625 0.9449999 -5.9225 2B2F31 0.45
-2.3625 0.9449999 -6.395 A0CE3D 0.45
-2.3625 1.4175 7.78 96C339 0.45
-2.3625 0.9449999 10.615 4A4846 0.45
-2.3625 0.9449999 10.1425 4A4846 0.45
-2.3625 0.9449999 9.67 4A4846 0.45
-2.3625 0.9449999 9.1975 4A4846 0.45
-1.89 1.4175 9.1975 96C339 0.45
-2.3625 1.4175 8.725 96C339 0.45
-2.3625 1.4175 8.2525 96C339 0.45
-2.3625 0.9449999 7.3075 4A4846 0.45
-2.3625 0.9449999 6.835001 4A4846 0.45
-2.3625 0.9449999 6.3625 4A4846 0.45
-2.3625 0.9449999 5.889999 4A4846 0.45
-2.3625 0.9449999 5.4175 4A4846 0.45
-2.3625 0.9449999 4.945 4A4846 0.45
-2.3625 0.9449999 3.5275 4A4846 0.45
-2.3625 1.89 15.8125 A0CE3D 0.45
-2.3625 1.89 12.9775 393937 0.45
-2.3625 1.89 7.78 96C339 0.45
-2.3625 1.89 12.0325 393937 0.45
-1.89 1.89 9.1975 96C339 0.45
-2.3625 1.89 8.725 96C339 0.45
-2.3625 1.89 8.2525 96C339 0.45
-2.3625 1.89 -1.67 393937 0.45
-2.3625 2.835 3.5275 2C2B29 0.45
-2.3625 2.835 3.055 2C2B29 0.45
-2.3625 2.835 2.5825 2C2B29 0.45
-2.3625 1.89 -2.615 393937 0.45
-2.3625 1.89 -3.0875 393937 0.45
-2.3625 2.3625 15.8125 A0CE3D 0.45
-2.3625 2.3625 7.78 96C339 0.45
-2.3625 2.3625 13.45 7EA831 0.45
-1.89 2.3625 9.1975 96C339 0.45
-2.3625 2.3625 8.725 96C339 0.45
-2.3625 2.3625 8.2525 96C339 0.45
-2.3625 1.89 3.5275 393937 0.45
-2.3625 2.3625 3.5275 1E1D1B 0.45
-2.3625 1.89 3.055 393937 0.45
-2.3625 2.835 15.8125 A0CE3D 0.45
-2.3625 2.835 7.78 96C339 0.45
-2.3625 2.835 8.725 96C339 0.45
-2.3625 2.835 8.2525 96C339 0.45
-2.3625 3.3075 15.8125 A0CE3D 0.45
-2.3625 3.3075 6.3625 A0CE3D 0.45
-2.3625 3.3075 12.9775 7EA831 0.45
-2.3625 3.3075 7.3075 A0CE3D 0.45
-2.3625 3.3075 6.835001 A0CE3D 0.45
-2.3625 3.3075 3.055 A0CE3D 0.45
-2.3625 3.3075 3.5275 A0CE3D 0.45
-2.3625 3.78 15.8125 A0CE3D 0.45
-2.3625 3.3075 5.889999 A0CE3D 0.45
-2.3625 3.3075 5.4175 A0CE3D 0.45
-2.3625 3.78 4.945 A0CE3D 0.45
-2.3625 3.78 4.4725 A0CE3D 0.45
-2.3625 3.3075 4 393C3C 0.45
-2.3625 4.2525 15.8125 A0CE3D 0.45
-2.3625 4.725 15.8125 A0CE3D 0.45
-2.3625 5.1975 14.395 BDE74A 0.45
-2.3625 5.1975 13.9225 BDE74A 0.45
-2.3625 5.1975 13.45 BDE74A 0.45
-2.3625 5.1975 12.9775 BDE74A 0.45
-2.835 0.4724998 10.615 1E1D1B 0.45
-2.835 0.4724998 10.1425 1E1D1B 0.45
-2.835 0.4724998 9.67 1E1D1B 0.45
-2.835 0.4724998 9.1975 1E1D1B 0.45
-2.835 0.4724998 8.725 1E1D1B 0.45
-2.835 0.4724998 8.2525 1E1D1B 0.45
-2.835 0.4724998 7.78 1E1D1B 0.45
-2.835 0.4724998 7.3075 1E1D1B 0.45
-2.835 0.4724998 6.835001 1E1D1B 0.45
-2.835 0.4724998 6.3625 1E1D1B 0.45
-2.835 0.4724998 5.889999 1E1D1B 0.45
-2.835 0.4724998 5.4175 1E1D1B 0.45
-2.835 0.4724998 4.945 1E1D1B 0.45
-2.835 0.4724998 4.4725 1E1D1B 0.45
-2.835 0.4724998 4 1E1D1B 0.45
-2.835 0.4724998 3.5275 1E1D1B 0.45
-2.835 0.4724998 3.055 1E1D1B 0.45
-2.835 0.4724998 2.5825 1E1D1B 0.45
-2.835 1.4175 -2.615 2C2B29 0.45
-2.835 0.4724998 -4.504999 7EA831 0.45
-2.835 0.4724998 -4.9775 7EA831 0.45
-2.835 0.4724998 -5.45 7EA831 0.45
-2.835 0.4724998 -5.9225 7EA831 0.45
-2.835 0.4724998 -6.395 7EA831 0.45
-2.835 0.4724998 11.0875 2C2B29 0.45
-2.835 0.9449999 4.4725 262B2C 0.45
-2.835 0.9449999 4 262B2C 0.45
-2.835 1.4175 3.5275 262B2C 0.45
-2.835 1.4175 3.055 7EA831 0.45
-2.835 0.9449999 11.0875 2C2B29 0.45
-2.835 0.9449999 5.889999 313536 0.45
-2.835 0.9449999 6.835001 313536 0.45
-2.835 0.9449999 6.3625 313536 0.45
-2.835 0.9449999 -4.504999 A0CE3D 0.45
-2.835 0.9449999 -4.9775 A0CE3D 0.45
-2.835 0.9449999 -5.45 A0CE3D 0.45
-2.835 0.9449999 -5.9225 2B2F31 0.45
-2.835 0.9449999 -6.395 A0CE3D 0.45
-2.835 1.4175 5.889999 313536 0.45
-2.835 0.9449999 10.615 4A4846 0.45
-2.835 0.9449999 10.1425 4A4846 0.45
-2.835 0.9449999 9.67 4A4846 0.45
-2.835 0.9449999 9.1975 4A4846 0.45
-2.835 0.9449999 8.725 4A4846 0.45
-2.835 0.9449999 8.2525 4A4846 0.45
-2.835 0.9449999 7.78 4A4846 0.45
-2.835 0.9449999 7.3075 4A4846 0.45
-2.3625 1.4175 7.3075 96C339 0.45
-2.835 1.4175 6.835001 313536 0.45
-2.835 1.4175 6.3625 313536 0.45
-2.835 0.9449999 5.4175 4A4846 0.45
-2.835 0.9449999 4.945 4A4846 0.45
-2.835 0.9449999 3.5275 4A4846 0.45
-2.835 0.9449999 3.055 4A4846 0.45
-2.835 0.9449999 2.5825 4A4846 0.45
-2.835 1.89 12.9775 393937 0.45
-2.835 1.89 5.889999 313536 0.45
-2.835 1.89 12.505 5A5956 0.45
-2.3625 1.89 7.3075 96C339 0.45
-2.835 1.89 6.835001 313536 0.45
-2.835 1.89 6.3625 313536 0.45
-2.835 1.89 -2.142499 393937 0.45
-2.835 1.89 3.055 393937 0.45
-2.835 1.89 -2.615 5A5956 0.45
-2.835 2.3625 5.889999 96C339 0.45
-2.3625 2.3625 7.3075 96C339 0.45
-2.835 2.3625 6.835001 96C339 0.45
-2.835 2.3625 6.3625 96C339 0.45
-2.835 2.835 5.889999 96C339 0.45
-2.3625 2.835 7.3075 96C339 0.45
-2.835 2.835 6.835001 96C339 0.45
-2.835 2.835 6.3625 96C339 0.45
-2.835 2.835 3.055 4A4846 0.45
-2.835 3.3075 5.889999 96C339 0.45
-2.835 3.3075 6.3625 96C339 0.45
-2.835 3.3075 3.055 A0CE3D 0.45
-2.835 3.3075 3.5275 A0CE3D 0.45
-2.835 3.3075 5.4175 A0CE3D 0.45
-2.835 3.78 4.945 A0CE3D 0.45
-2.835 3.78 4.4725 A0CE3D 0.45
-2.835 3.3075 4 393C3C 0.45
-2.3625 4.2525 15.34 393C3C 0.45
-2.3625 4.2525 14.8675 393C3C 0.45
-2.3625 4.2525 14.395 393C3C 0.45
-3.3075 0.4724998 -4.504999 7EA831 0.45
-3.3075 0.4724998 -4.9775 7EA831 0.45
-3.3075 0.4724998 -5.45 7EA831 0.45
-3.3075 0.4724998 -5.9225 7EA831 0.45
-3.3075 0.4724998 -6.395 7EA831 0.45
-3.3075 0.4724998 10.615 393937 0.45
-3.3075 0.4724998 10.1425 393937 0.45
-3.3075 0.4724998 9.67 393937 0.45
-3.3075 0.4724998 9.1975 393937 0.45
-3.3075 0.4724998 8.725 393937 0.45
-3.3075 0.4724998 8.2525 393937 0.45
-3.3075 0.4724998 7.78 393937 0.45
-3.3075 0.4724998 7.3075 393937 0.45
-3.3075 0.4724998 6.835001 393937 0.45
-3.3075 0.4724998 6.3625 393937 0.45
-3.3075 0.4724998 5.889999 393937 0.45
-3.3075 0.4724998 5.4175 393937 0.45
-3.3075 0.4724998 4.945 393937 0.45
-3.3075 0.4724998 4.4725 393937 0.45
-3.3075 0.4724998 4 393937 0.45
-3.3075 0.4724998 3.5275 393937 0.45
-3.3075 0.4724998 3.055 393937 0.45
-3.3075 0.4724998 2.5825 393937 0.45
-3.3075 0.4724998 2.11 393937 0.45
-3.3075 0.9449999 10.615 393937 0.45
-3.3075 0.9449999 10.1425 393937 0.45
-3.3075 0.9449999 9.67 393937 0.45
-3.3075 0.9449999 9.1975 393937 0.45
-3.3075 0.9449999 8.725 393937 0.45
-3.3075 0.9449999 8.2525 393937 0.45
-3.3075 0.9449999 7.78 393937 0.45
-3.3075 0.9449999 7.3075 393937 0.45
-3.3075 0.9449999 6.835001 393937 0.45
-3.3075 0.9449999 6.3625 393937 0.45
-3.3075 0.9449999 5.889999 393937 0.45
-3.3075 0.9449999 5.4175 393937 0.45
-3.3075 0.9449999 4.945 393937 0.45
-3.3075 0.9449999 4.4725 393937 0.45
-3.3075 0.9449999 4 393937 0.45
-3.3075 0.9449999 3.5275 393937 0.45
-3.3075 0.9449999 3.055 393937 0.45
-3.3075 0.9449999 2.5825 393937 0.45
-3.3075 0.9449999 2.11 393937 0.45
-3.3075 0.9449999 -4.504999 A0CE3D 0.45
-3.3075 0.9449999 -4.9775 A0CE3D 0.45
-3.3075 0.9449999 -5.45 A0CE3D 0.45
-3.3075 0.9449999 -5.9225 2B2F31 0.45
-3.3075 0.9449999 -6.395 A0CE3D 0.45
-3.3075 1.4175 12.9775 4A4846 0.45
-2.835 1.4175 5.4175 313536 0.45
-3.3075 1.4175 4.945 313536 0.45
-3.3075 1.4175 4.4725 313536 0.45
-3.3075 1.4175 4 313536 0.45
-3.3075 1.4175 -2.142499 4A4846 0.45
-2.835 1.89 5.4175 313536 0.45
-3.3075 1.89 4.945 313536 0.45
-3.3075 1.89 4.4725 313536 0.45
-3.3075 1.89 4 96C339 0.45
-3.3075 1.89 3.5275 96C339 0.45
-2.835 2.3625 5.4175 96C339 0.45
-3.3075 2.3625 4.945 96C339 0.45
-3.3075 2.3625 4.4725 96C339 0.45
-3.3075 2.3625 4 96C339 0.45
-3.3075 2.3625 3.5275 96C339 0.45
-2.835 2.835 5.4175 96C339 0.45
-3.3075 2.835 4.945 96C339 0.45
-3.3075 2.835 4.4725 96C339 0.45
-3.3075 2.835 4 96C339 0.45
-3.3075 2.835 3.5275 96C339 0.45
-3.3075 3.3075 4.945 96C339 0.45
-3.3075 3.3075 4.4725 96C339 0.45
-3.3075 3.3075 4 96C339 0.45
-3.3075 3.3075 3.5275 96C339 0.45
-3.78 0.4724998 -6.867499 96C339 0.45
-3.78 0.9449999 -6.867499 96C339 0.45
-3.78 1.4175 -4.9775 A0CE3D 0.45
-3.78 1.4175 -4.504999 A0CE3D 0.45
-3.78 1.4175 -6.867499 96C339 0.45
-4.2525 0.4724998 -4.0325 8BB635 0.45
-4.2525 0.4724998 -4.504999 8BB635 0.45
-4.2525 0.4724998 -4.9775 8BB635 0.45
-4.2525 0.4724998 -5.45 8BB635 0.45
-4.2525 0.4724998 -5.9225 8BB635 0.45
-4.2525 0.4724998 -6.395 8BB635 0.45
-4.2525 0.9449999 -4.0325 8BB635 0.45
-4.2525 0.9449999 -4.504999 8BB635 0.45
-4.2525 0.9449999 -4.9775 8BB635 0.45
-4.2525 0.9449999 -5.45 8BB635 0.45
-4.2525 0.9449999 -5.9225 8BB635 0.45
-4.2525 0.9449999 -6.395 8BB635 0.45
-4.2525 1.4175 -5.45 8BB635 0.45
-4.2525 1.4175 -5.9225 8BB635 0.45
-4.2525 1.4175 -6.395 8BB635 0.45
