1.89 0 0.4725 553987 0.45
1.89 0 0 553987 0.45
1.89 0 -0.4725 553987 0.45
1.89 0 -0.9449999 553987 0.45
1.89 0.4725 0.4725 553987 0.45
1.89 0.4725 0 553987 0.45
1.89 0.4725 -0.4725 553987 0.45
1.89 0.4725 -0.9449999 553987 0.45
1.89 0.9449999 0.4725 E5CA59 0.45
1.89 0.9449999 0 E5CA59 0.45
1.89 0.9449999 -0.4725 E5CA59 0.45
1.89 1.4175 0.4725 E5CA59 0.45
1.89 1.4175 0 E5CA59 0.45
1.89 1.4175 -0.4725 E5CA59 0.45
1.89 1.89 0.4725 E5CA59 0.45
1.89 1.89 0 E5CA59 0.45
1.89 1.89 -0.4725 E5CA59 0.45
1.89 2.3625 0.4725 E5CA59 0.45
1.89 2.3625 0 E5CA59 0.45
1.89 2.3625 -0.4725 E5CA59 0.45
1.89 2.835 0.4725 E5CA59 0.45
1.89 2.835 0 E5CA59 0.45
1.89 2.835 -0.4725 E5CA59 0.45
1.89 3.3075 0.4725 E6CF56 0.45
1.89 3.3075 0 E6CF56 0.45
1.89 3.3075 -0.4725 E6CF56 0.45
1.89 3.78 0.4725 E6CF56 0.45
1.89 3.78 0 E6CF56 0.45
1.89 3.78 -0.4725 E6CF56 0.45
1.89 4.2525 0.4725 E6CF56 0.45
1.89 4.2525 0 E6CF56 0.45
1.89 4.2525 -0.4725 E6CF56 0.45
1.89 4.725 0.4725 E6CF56 0.45
1.89 4.725 0 E6CF56 0.45
1.89 4.725 -0.4725 E6CF56 0.45
2.3625 5.1975 1.4175 9FDFDE 0.45
2.3625 5.1975 0.9449999 9FDFDE 0.45
2.3625 5.1975 0.4725 9FDFDE 0.45
2.3625 5.1975 0 9FDFDE 0.45
2.3625 5.1975 -0.4725 9FDFDE 0.45
2.3625 5.1975 -0.9449999 9FDFDE 0.45
2.3625 5.1975 -1.4175 9FDFDE 0.45
2.3625 5.67 1.4175 9FDFDE 0.45
2.3625 5.67 0.9449999 9FDFDE 0.45
2.3625 5.67 0.4725 9FDFDE 0.45
2.3625 5.67 0 9FDFDE 0.45
2.3625 5.67 -0.4725 9FDFDE 0.45
2.3625 5.67 -0.9449999 9FDFDE 0.45
2.3625 5.67 -1.4175 9FDFDE 0.45
2.3625 6.142499 1.4175 9FDFDE 0.45
2.3625 6.142499 0.9449999 9FDFDE 0.45
2.3625 6.142499 0.4725 9FDFDE 0.45
2.3625 6.142499 0 9FDFDE 0.45
2.3625 6.142499 -0.4725 9FDFDE 0.45
2.3625 6.142499 -0.9449999 9FDFDE 0.45
2.3625 6.142499 -1.4175 9FDFDE 0.45
2.3625 6.615 1.4175 DEC860 0.45
2.3625 6.615 0.9449999 DEC860 0.45
2.3625 6.615 0.4725 DEC860 0.45
2.3625 6.615 0 DEC860 0.45
2.3625 6.615 -0.4725 DEC860 0.45
2.3625 6.615 -0.9449999 DEC860 0.45
2.3625 6.615 -1.4175 DEC860 0.45
2.3625 7.0875 1.4175 EAE36D 0.45
2.3625 7.0875 0.9449999 EAE36D 0.45
2.3625 7.0875 0.4725 EAE36D 0.45
2.3625 7.0875 0 EAE36D 0.45
2.3625 7.0875 -0.4725 EAE36D 0.45
2.3625 7.0875 -0.9449999 EAE36D 0.45
2.3625 7.0875 -1.4175 EAE36D 0.45
2.3625 7.559999 1.4175 EAE36D 0.45
2.3625 7.559999 0.9449999 EAE36D 0.45
2.3625 7.559999 0.4725 EAE36D 0.45
2.3625 7.559999 0 EAE36D 0.45
2.3625 7.559999 -0.4725 EAE36D 0.45
2.3625 7.559999 -0.9449999 EAE36D 0.45
2.3625 7.559999 -1.4175 EAE36D 0.45
2.3625 8.0325 1.4175 EAE36D 0.45
2.3625 8.0325 0.9449999 EAE36D 0.45
2.3625 8.0325 0.4725 EAE36D 0.45
2.3625 8.0325 0 EAE36D 0.45
2.3625 8.0325 -0.4725 EAE36D 0.45
2.3625 8.0325 -0.9449999 EAE36D 0.45
2.3625 8.0325 -1.4175 EAE36D 0.45
2.3625 8.504999 1.4175 EAE36D 0.45
2.3625 8.504999 0.9449999 EAE36D 0.45
2.3625 8.504999 0.4725 EAE36D 0.45
2.3625 8.504999 0 EAE36D 0.45
2.3625 8.504999 -0.4725 EAE36D 0.45
2.3625 8.504999 -0.9449999 EAE36D 0.45
2.3625 8.504999 -1.4175 EAE36D 0.45
2.3625 8.9775 1.4175 EAE36D 0.45
2.3625 8.9775 0.9449999 EAE36D 0.45
2.3625 8.9775 0.4725 EAE36D 0.45
2.3625 8.9775 0 EAE36D 0.45
2.3625 8.9775 -0.4725 EAE36D 0.45
2.3625 8.9775 -0.9449999 EAE36D 0.45
2.3625 8.9775 -1.4175 EAE36D 0.45
2.3625 9.45 1.4175 EAE36D 0.45
2.3625 9.45 0.9449999 EAE36D 0.45
2.3625 9.45 0.4725 EAE36D 0.45
2.3625 9.45 0 EAE36D 0.45
2.3625 9.45 -0.4725 EAE36D 0.45
2.3625 9.45 -0.9449999 EAE36D 0.45
2.3625 9.45 -1.4175 EAE36D 0.45
2.3625 9.9225 1.4175 EAE36D 0.45
2.3625 9.9225 0.9449999 EAE36D 0.45
2.3625 9.9225 0.4725 EAE36D 0.45
2.3625 9.9225 0 EAE36D 0.45
2.3625 9.9225 -0.4725 EAE36D 0.45
2.3625 9.9225 -0.9449999 EAE36D 0.45
2.3625 9.9225 -1.4175 EAE36D 0.45
2.3625 10.395 1.4175 EAE36D 0.45
2.3625 10.395 0.9449999 EAE36D 0.45
5.67 10.395 0.4725 CE9073 0.45
5.67 10.395 0 CE9073 0.45
5.67 10.395 -0.4725 CE9073 0.45
2.3625 10.395 -0.9449999 EAE36D 0.45
2.3625 10.395 -1.4175 EAE36D 0.45
2.3625 10.8675 1.4175 EAE36D 0.45
2.3625 10.8675 0.9449999 EAE36D 0.45
9.45 10.8675 0.4725 D8967D 0.45
9.45 10.8675 0 D8967D 0.45
9.45 10.8675 -0.4725 D8967D 0.45
2.3625 10.8675 -0.9449999 EAE36D 0.45
2.3625 10.8675 -1.4175 EAE36D 0.45
2.3625 11.34 1.4175 EAE36D 0.45
2.3625 11.34 0.9449999 EAE36D 0.45
9.45 11.34 0.4725 D8967D 0.45
9.45 11.34 0 D8967D 0.45
9.45 11.34 -0.4725 D8967D 0.45
2.3625 11.34 -0.9449999 EAE36D 0.45
2.3625 11.34 -1.4175 EAE36D 0.45
1.89 11.8125 1.89 AE6144 0.45
1.89 11.8125 1.4175 AE6144 0.45
1.89 11.8125 0.9449999 AE6144 0.45
1.89 11.8125 0.4725 AE6144 0.45
1.89 11.8125 0 EAA388 0.45
1.89 11.8125 -0.4725 EAA388 0.45
1.89 11.8125 -0.9449999 EAA388 0.45
1.89 11.8125 -1.4175 EDAF97 0.45
1.89 11.8125 -1.89 EDAF97 0.45
1.89 12.285 1.89 AE6144 0.45
1.89 12.285 1.4175 AE6144 0.45
1.89 12.285 0.9449999 AE6144 0.45
1.89 12.285 0.4725 AE6144 0.45
1.89 12.285 0 EAA388 0.45
1.89 12.285 -0.4725 EAA388 0.45
1.89 12.285 -0.9449999 EAA388 0.45
1.89 12.285 -1.4175 EDAF97 0.45
1.89 12.285 -1.89 EDAF97 0.45
1.89 12.7575 1.89 AE6144 0.45
1.89 12.7575 1.4175 AE6144 0.45
1.89 12.7575 0.9449999 AE6144 0.45
1.89 12.7575 0.4725 AE6144 0.45
1.89 12.7575 0 EAA388 0.45
1.89 12.7575 -0.4725 D2866A 0.45
1.89 12.7575 -0.9449999 EAA388 0.45
1.89 12.7575 -1.4175 EDAF97 0.45
1.89 12.7575 -1.89 EDAF97 0.45
1.89 13.23 1.89 AE6144 0.45
1.89 13.23 1.4175 AE6144 0.45
1.89 13.23 0.9449999 AE6144 0.45
1.89 13.23 0.4725 AE6144 0.45
1.89 13.23 0 EAA388 0.45
1.89 13.23 -0.4725 D2866A 0.45
1.89 13.23 -0.9449999 EAA388 0.45
1.89 13.23 -1.4175 EAA388 0.45
1.89 13.23 -1.89 EAA388 0.45
1.89 13.7025 1.89 AE6144 0.45
1.89 13.7025 1.4175 AE6144 0.45
1.89 13.7025 0.9449999 AE6144 0.45
1.89 13.7025 0.4725 AE6144 0.45
1.89 13.7025 0 AE6144 0.45
1.89 13.7025 -0.4725 AE6144 0.45
1.89 13.7025 -0.9449999 AE6144 0.45
1.89 13.7025 -1.4175 AE6144 0.45
1.89 13.7025 -1.89 AE6144 0.45
1.89 14.175 1.89 AE6144 0.45
1.89 14.175 1.4175 AE6144 0.45
1.89 14.175 0.9449999 AE6144 0.45
1.89 14.175 0.4725 AE6144 0.45
1.89 14.175 0 AE6144 0.45
1.89 14.175 -0.4725 AE6144 0.45
1.89 14.175 -0.9449999 AE6144 0.45
1.89 14.175 -1.4175 AE6144 0.45
1.89 14.175 -1.89 AE6144 0.45
1.89 14.6475 1.89 AE6144 0.45
1.89 14.6475 1.4175 AE6144 0.45
1.89 14.6475 0.9449999 AE6144 0.45
1.89 14.6475 0.4725 AE6144 0.45
1.89 14.6475 0 AE6144 0.45
1.89 14.6475 -0.4725 AE6144 0.45
1.89 14.6475 -0.9449999 AE6144 0.45
1.89 14.6475 -1.4175 AE6144 0.45
1.89 14.6475 -1.89 AE6144 0.45
1.89 15.12 1.89 AE6144 0.45
1.89 15.12 1.4175 AE6144 0.45
1.89 15.12 0.9449999 AE6144 0.45
1.89 15.12 0.4725 AE6144 0.45
1.89 15.12 0 AE6144 0.45
1.89 15.12 -0.4725 AE6144 0.45
1.89 15.12 -0.9449999 AE6144 0.45
1.89 15.12 -1.4175 AE6144 0.45
1.89 15.12 -1.89 AE6144 0.45
1.89 15.5925 1.89 AE6144 0.45
1.89 15.5925 1.4175 AE6144 0.45
1.89 15.5925 0.9449999 AE6144 0.45
1.89 15.5925 0.4725 AE6144 0.45
1.89 15.5925 0 AE6144 0.45
1.89 15.5925 -0.4725 AE6144 0.45
1.89 15.5925 -0.9449999 AE6144 0.45
1.89 15.5925 -1.4175 AE6144 0.45
1.89 15.5925 -1.89 AE6144 0.45
9.45 10.395 0.4725 EDAF97 0.45
9.45 10.395 0 EDAF97 0.45
9.45 10.395 -0.4725 EDAF97 0.45
8.504999 10.8675 0.4725 D8967D 0.45
8.504999 10.8675 0 D8967D 0.45
8.504999 10.8675 -0.4725 D8967D 0.45
8.504999 11.34 0.4725 D8967D 0.45
8.504999 11.34 0 D8967D 0.45
8.504999 11.34 -0.4725 D8967D 0.45
8.9775 10.395 0.4725 EDAF97 0.45
8.9775 10.395 0 EDAF97 0.45
8.9775 10.395 -0.4725 EDAF97 0.45
8.9775 10.8675 0.4725 E8A991 0.45
8.9775 10.8675 -0.4725 FFCCAE 0.45
8.9775 11.34 0.4725 E8A991 0.45
8.9775 11.34 -0.4725 FFCCAE 0.45
8.9775 11.34 0 EDAF97 0.45
8.504999 10.395 0.4725 CE9073 0.45
8.504999 10.395 0 CE9073 0.45
8.504999 10.395 -0.4725 CE9073 0.45
8.504999 10.8675 0.9449999 FFCCAE 0.45
5.67 10.8675 0.4725 CE9073 0.45
5.67 10.8675 0 CE9073 0.45
5.67 10.8675 -0.4725 CE9073 0.45
8.504999 10.8675 -0.9449999 FFCCAE 0.45
8.504999 11.34 0.9449999 FFCCAE 0.45
5.67 11.34 0.4725 CE9073 0.45
5.67 11.34 0 CE9073 0.45
5.67 11.34 -0.4725 CE9073 0.45
8.504999 11.34 -0.9449999 FFCCAE 0.45
8.504999 11.8125 0.4725 EDAF97 0.45
8.504999 11.8125 0 EDAF97 0.45
8.504999 11.8125 -0.4725 EDAF97 0.45
8.0325 10.395 0.4725 CE9073 0.45
8.0325 10.395 0 CE9073 0.45
8.0325 10.395 -0.4725 CE9073 0.45
8.0325 10.8675 0.9449999 FFCCAE 0.45
8.0325 10.8675 -0.9449999 FFCCAE 0.45
8.0325 11.34 0.9449999 FFCCAE 0.45
8.0325 11.34 -0.9449999 FFCCAE 0.45
8.0325 11.8125 0.4725 EDAF97 0.45
8.0325 11.8125 0 EDAF97 0.45
8.0325 11.8125 -0.4725 EDAF97 0.45
7.559999 10.395 0.4725 CE9073 0.45
7.559999 10.395 0 CE9073 0.45
7.559999 10.395 -0.4725 CE9073 0.45
7.559999 10.8675 0.9449999 FFCCAE 0.45
7.559999 10.8675 -0.9449999 FFCCAE 0.45
7.559999 11.34 0.9449999 FFCCAE 0.45
7.559999 11.34 -0.9449999 FFCCAE 0.45
7.559999 11.8125 0.4725 EDAF97 0.45
7.559999 11.8125 0 EDAF97 0.45
7.559999 11.8125 -0.4725 EDAF97 0.45
7.0875 10.395 0.4725 CE9073 0.45
7.0875 10.395 0 CE9073 0.45
7.0875 10.395 -0.4725 CE9073 0.45
7.0875 10.8675 0.9449999 FFCCAE 0.45
7.0875 10.8675 -0.9449999 FFCCAE 0.45
7.0875 11.34 0.9449999 FFCCAE 0.45
7.0875 11.34 -0.9449999 FFCCAE 0.45
7.0875 11.8125 0.4725 EDAF97 0.45
7.0875 11.8125 0 EDAF97 0.45
7.0875 11.8125 -0.4725 EDAF97 0.45
6.615 10.395 0.4725 CE9073 0.45
6.615 10.395 0 CE9073 0.45
6.615 10.395 -0.4725 CE9073 0.45
6.615 10.8675 0.9449999 FFCCAE 0.45
6.615 10.8675 -0.9449999 FFCCAE 0.45
6.615 11.34 0.9449999 FFCCAE 0.45
6.615 11.34 -0.9449999 FFCCAE 0.45
6.615 11.8125 0.4725 EDAF97 0.45
6.615 11.8125 0 EDAF97 0.45
6.615 11.8125 -0.4725 EDAF97 0.45
6.142499 10.395 0.4725 CE9073 0.45
6.142499 10.395 0 CE9073 0.45
6.142499 10.395 -0.4725 CE9073 0.45
6.142499 10.8675 0.9449999 FFCCAE 0.45
6.142499 10.8675 -0.9449999 FFCCAE 0.45
6.142499 11.34 0.9449999 FFCCAE 0.45
6.142499 11.34 -0.9449999 FFCCAE 0.45
6.142499 11.8125 0.4725 EDAF97 0.45
6.142499 11.8125 0 EDAF97 0.45
6.142499 11.8125 -0.4725 EDAF97 0.45
5.67 10.395 0.9449999 FFF77F 0.45
2.3625 10.395 0.4725 EAE36D 0.45
2.3625 10.395 0 EAE36D 0.45
2.3625 10.395 -0.4725 EAE36D 0.45
5.67 10.395 -0.9449999 FFF77F 0.45
5.67 10.8675 0.9449999 FFF77F 0.45
2.3625 10.8675 0.4725 EAE36D 0.45
2.3625 10.8675 0 EAE36D 0.45
2.3625 10.8675 -0.4725 EAE36D 0.45
5.67 10.8675 -0.9449999 FFF77F 0.45
5.67 11.34 0.9449999 FFF77F 0.45
2.3625 11.34 0.4725 EAE36D 0.45
2.3625 11.34 0 EAE36D 0.45
2.3625 11.34 -0.4725 EAE36D 0.45
5.67 11.34 -0.9449999 FFF77F 0.45
5.67 11.8125 0.4725 EAE36D 0.45
5.67 11.8125 0 EAE36D 0.45
5.67 11.8125 -0.4725 EAE36D 0.45
5.1975 10.395 0.4725 EAE36D 0.45
5.1975 10.395 0 EAE36D 0.45
5.1975 10.395 -0.4725 EAE36D 0.45
5.1975 10.395 0.9449999 FFF77F 0.45
5.1975 10.395 -0.9449999 FFF77F 0.45
5.1975 10.8675 0.9449999 FFF77F 0.45
5.1975 10.8675 -0.9449999 FFF77F 0.45
5.1975 11.34 0.9449999 FFF77F 0.45
5.1975 11.34 -0.9449999 FFF77F 0.45
5.1975 11.8125 0.4725 EAE36D 0.45
5.1975 11.8125 0 EAE36D 0.45
5.1975 11.8125 -0.4725 EAE36D 0.45
4.725 10.395 0.4725 EAE36D 0.45
4.725 10.395 0 EAE36D 0.45
4.725 10.395 -0.4725 EAE36D 0.45
4.725 10.395 0.9449999 FFF77F 0.45
4.725 10.395 -0.9449999 FFF77F 0.45
4.725 10.8675 0.9449999 FFF77F 0.45
4.725 10.8675 -0.9449999 FFF77F 0.45
4.725 11.34 0.9449999 FFF77F 0.45
4.725 11.34 -0.9449999 FFF77F 0.45
4.725 11.8125 0.4725 EAE36D 0.45
4.725 11.8125 0 EAE36D 0.45
4.725 11.8125 -0.4725 EAE36D 0.45
4.2525 10.395 0.4725 EAE36D 0.45
4.2525 10.395 0 EAE36D 0.45
4.2525 10.395 -0.4725 EAE36D 0.45
4.2525 10.395 0.9449999 FFF77F 0.45
4.2525 10.395 -0.9449999 FFF77F 0.45
4.2525 10.8675 0.9449999 FFF77F 0.45
4.2525 10.8675 -0.9449999 FFF77F 0.45
4.2525 11.34 0.9449999 FFF77F 0.45
4.2525 11.34 -0.9449999 FFF77F 0.45
4.2525 11.8125 0.4725 EAE36D 0.45
4.2525 11.8125 0 EAE36D 0.45
4.2525 11.8125 -0.4725 EAE36D 0.45
3.78 10.395 0.4725 EAE36D 0.45
3.78 10.395 0 EAE36D 0.45
3.78 10.395 -0.4725 EAE36D 0.45
3.78 10.395 0.9449999 FFF77F 0.45
3.78 10.395 -0.9449999 FFF77F 0.45
3.78 10.8675 0.9449999 FFF77F 0.45
3.78 10.8675 -0.9449999 FFF77F 0.45
3.78 11.34 0.9449999 FFF77F 0.45
3.78 11.34 -0.9449999 FFF77F 0.45
3.78 11.8125 0.4725 EAE36D 0.45
3.78 11.8125 0 EAE36D 0.45
3.78 11.8125 -0.4725 EAE36D 0.45
3.3075 10.395 0.4725 EAE36D 0.45
3.3075 10.395 0 EAE36D 0.45
3.3075 10.395 -0.4725 EAE36D 0.45
3.3075 10.395 0.9449999 FFF77F 0.45
3.3075 10.395 -0.9449999 FFF77F 0.45
3.3075 10.8675 0.9449999 FFF77F 0.45
3.3075 10.8675 -0.9449999 FFF77F 0.45
3.3075 11.34 0.9449999 FFF77F 0.45
3.3075 11.34 -0.9449999 FFF77F 0.45
3.3075 11.8125 0.4725 EAE36D 0.45
3.3075 11.8125 0 EAE36D 0.45
3.3075 11.8125 -0.4725 EAE36D 0.45
2.835 10.395 0.4725 EAE36D 0.45
2.835 10.395 0 EAE36D 0.45
2.835 10.395 -0.4725 EAE36D 0.45
2.835 10.395 0.9449999 FFF77F 0.45
2.835 10.395 -0.9449999 FFF77F 0.45
2.835 10.8675 0.9449999 FFF77F 0.45
2.835 10.8675 -0.9449999 FFF77F 0.45
2.835 11.34 0.9449999 FFF77F 0.45
2.835 11.34 -0.9449999 FFF77F 0.45
2.835 11.8125 0.4725 EAE36D 0.45
2.835 11.8125 0 EAE36D 0.45
2.835 11.8125 -0.4725 EAE36D 0.45
-2.835 10.395 0.4725 FFF77F 0.45
-2.835 10.395 0 FFF77F 0.45
-2.835 10.395 -0.4725 FFF77F 0.45
2.835 10.8675 0.4725 FFF77F 0.45
-2.835 10.8675 0.4725 FFF77F 0.45
2.835 10.8675 0 FFF77F 0.45
-2.835 10.8675 0 FFF77F 0.45
2.835 10.8675 -0.4725 FFF77F 0.45
-2.835 10.8675 -0.4725 FFF77F 0.45
2.835 11.34 0.4725 FFF77F 0.45
-2.835 11.34 0.4725 FFF77F 0.45
2.835 11.34 0 FFF77F 0.45
-2.835 11.34 0 FFF77F 0.45
2.835 11.34 -0.4725 FFF77F 0.45
-2.835 11.34 -0.4725 FFF77F 0.45
2.3625 11.8125 1.4175 FFF892 0.45
2.3625 11.8125 0.9449999 FFF892 0.45
2.3625 11.8125 0.4725 FFF892 0.45
2.3625 11.8125 0 FFF892 0.45
2.3625 11.8125 -0.4725 FFF892 0.45
2.3625 11.8125 -0.9449999 FFF892 0.45
2.3625 11.8125 -1.4175 FFF892 0.45
1.89 11.34 1.89 CE9073 0.45
1.89 5.1975 1.4175 9FDFDE 0.45
1.89 5.1975 0.9449999 9FDFDE 0.45
1.89 5.1975 -0.9449999 9FDFDE 0.45
1.89 5.1975 -1.4175 9FDFDE 0.45
1.89 11.34 -1.89 CE9073 0.45
1.89 0.9449999 0.9449999 F7D657 0.45
1.89 0.9449999 -0.9449999 F7D657 0.45
1.89 1.4175 0.9449999 F7D657 0.45
-0.4725 1.4175 0.4725 D1BB5E 0.45
-0.4725 1.4175 0 D1BB5E 0.45
-0.4725 1.4175 -0.4725 D1BB5E 0.45
1.89 1.4175 -0.9449999 F7D657 0.45
1.89 1.89 0.9449999 F7D657 0.45
-0.4725 1.89 0.4725 D1BB5E 0.45
-0.4725 1.89 0 D1BB5E 0.45
-0.4725 1.89 -0.4725 D1BB5E 0.45
1.89 1.89 -0.9449999 F7D657 0.45
1.89 2.3625 0.9449999 F7D657 0.45
-0.4725 2.3625 0.4725 D1BB5E 0.45
-0.4725 2.3625 0 D1BB5E 0.45
-0.4725 2.3625 -0.4725 D1BB5E 0.45
1.89 2.3625 -0.9449999 F7D657 0.45
1.89 2.835 0.9449999 F7D657 0.45
-0.4725 2.835 0.4725 D1BB5E 0.45
-0.4725 2.835 0 D1BB5E 0.45
-0.4725 2.835 -0.4725 D1BB5E 0.45
1.89 2.835 -0.9449999 F7D657 0.45
1.89 3.3075 0.9449999 F7D657 0.45
1.89 5.1975 0.4725 9FDFDE 0.45
-0.4725 3.3075 0.4725 D1BB5E 0.45
1.89 5.1975 0 9FDFDE 0.45
-0.4725 3.3075 0 D1BB5E 0.45
1.89 5.1975 -0.4725 9FDFDE 0.45
-0.4725 3.3075 -0.4725 D1BB5E 0.45
1.89 3.3075 -0.9449999 F7D657 0.45
1.89 3.78 0.9449999 F7D657 0.45
-0.4725 3.78 0.4725 D1BB5E 0.45
-0.4725 3.78 0 D1BB5E 0.45
-0.4725 3.78 -0.4725 D1BB5E 0.45
1.89 3.78 -0.9449999 F7D657 0.45
1.89 4.2525 0.9449999 F7D657 0.45
-0.4725 4.2525 0.4725 D1BB5E 0.45
-0.4725 4.2525 0 D1BB5E 0.45
-0.4725 4.2525 -0.4725 D1BB5E 0.45
1.89 4.2525 -0.9449999 F7D657 0.45
1.89 4.725 0.9449999 F7D657 0.45
-0.4725 4.725 0.4725 D1BB5E 0.45
-0.4725 4.725 0 D1BB5E 0.45
-0.4725 4.725 -0.4725 D1BB5E 0.45
1.89 4.725 -0.9449999 F7D657 0.45
1.89 6.142499 1.4175 D1BB5E 0.45
1.89 6.142499 0.9449999 D1BB5E 0.45
1.89 6.142499 0.4725 D1BB5E 0.45
-0.4725 5.1975 0.4725 D1BB5E 0.45
1.89 6.142499 0 D1BB5E 0.45
-0.4725 5.1975 0 D1BB5E 0.45
1.89 6.142499 -0.4725 D1BB5E 0.45
-0.4725 5.1975 -0.4725 D1BB5E 0.45
1.89 6.142499 -0.9449999 D1BB5E 0.45
1.89 6.142499 -1.4175 D1BB5E 0.45
1.89 5.67 1.4175 BEF9F8 0.45
1.89 5.67 0.4725 D1BB5E 0.45
1.89 5.67 0 D1BB5E 0.45
1.89 5.67 -0.4725 D1BB5E 0.45
1.89 5.67 -1.4175 BEF9F8 0.45
1.89 11.34 1.4175 CE9073 0.45
1.89 11.34 0.9449999 CE9073 0.45
1.89 11.34 0.4725 CE9073 0.45
1.89 11.34 0 CE9073 0.45
1.89 11.34 -0.4725 CE9073 0.45
1.89 11.34 -0.9449999 CE9073 0.45
1.89 11.34 -1.4175 CE9073 0.45
1.89 6.615 1.4175 DEC860 0.45
1.89 6.615 -1.4175 DEC860 0.45
1.89 7.0875 1.4175 FFF77F 0.45
1.89 7.0875 -1.4175 FFF77F 0.45
1.89 7.559999 1.4175 FFF77F 0.45
1.89 7.559999 -1.4175 FFF77F 0.45
1.89 8.0325 1.4175 FFF77F 0.45
1.89 8.0325 -1.4175 FFF77F 0.45
1.89 8.504999 1.4175 FFF77F 0.45
1.89 8.504999 -1.4175 FFF77F 0.45
1.89 8.9775 1.4175 FFF77F 0.45
1.89 8.9775 -1.4175 FFF77F 0.45
1.89 9.45 1.4175 FFF77F 0.45
1.89 9.45 -1.4175 131E2D 0.45
1.89 9.9225 1.4175 FFF77F 0.45
1.89 9.9225 -1.4175 FFF77F 0.45
1.89 10.395 1.4175 FFF77F 0.45
1.89 10.395 -1.4175 FFF77F 0.45
1.89 10.8675 1.4175 FFF77F 0.45
1.89 10.8675 -1.4175 FFF77F 0.45
1.4175 11.34 1.89 CE9073 0.45
1.4175 5.1975 1.4175 9FDFDE 0.45
1.4175 5.1975 0.9449999 9FDFDE 0.45
1.4175 0 0.4725 483072 0.45
1.4175 0 0 483072 0.45
1.4175 0 -0.4725 483072 0.45
1.4175 0 -0.9449999 483072 0.45
1.4175 5.1975 -1.4175 9FDFDE 0.45
1.4175 11.34 -1.89 CE9073 0.45
-0.4725 0 0.4725 483072 0.45
-0.4725 0 0 483072 0.45
-0.4725 0 -0.4725 483072 0.45
-0.4725 0 -0.9449999 483072 0.45
1.4175 0 -1.4175 553987 0.45
1.4175 0.4725 0.4725 553987 0.45
1.4175 0.9449999 0.4725 D1BB5E 0.45
-0.4725 0.4725 0.4725 483072 0.45
1.4175 0.9449999 0 D1BB5E 0.45
-0.4725 0.4725 0 483072 0.45
1.4175 0.9449999 -0.4725 D1BB5E 0.45
-0.4725 0.4725 -0.4725 483072 0.45
1.4175 5.1975 -0.9449999 9FDFDE 0.45
-0.4725 0.4725 -0.9449999 483072 0.45
1.4175 0.4725 -1.4175 553987 0.45
1.4175 0.9449999 0.9449999 F7D657 0.45
1.4175 2.835 0.4725 D1BB5E 0.45
-0.4725 0.9449999 0.4725 D1BB5E 0.45
1.4175 2.835 0 D1BB5E 0.45
-0.4725 0.9449999 0 D1BB5E 0.45
1.4175 2.835 -0.4725 D1BB5E 0.45
-0.4725 0.9449999 -0.4725 D1BB5E 0.45
1.4175 0.9449999 -0.9449999 553987 0.45
1.4175 1.4175 0.9449999 F7D657 0.45
1.4175 1.4175 -0.9449999 F7D657 0.45
1.4175 1.89 0.9449999 F7D657 0.45
1.4175 1.89 -0.9449999 F7D657 0.45
1.4175 2.3625 0.9449999 F7D657 0.45
1.4175 2.3625 -0.9449999 F7D657 0.45
1.4175 2.835 0.9449999 F7D657 0.45
1.4175 2.835 -0.9449999 F7D657 0.45
1.4175 3.3075 0.9449999 F7D657 0.45
1.4175 5.1975 0.4725 9FDFDE 0.45
1.4175 5.1975 0 9FDFDE 0.45
1.4175 5.1975 -0.4725 9FDFDE 0.45
1.4175 3.3075 -0.9449999 F7D657 0.45
1.4175 3.78 0.9449999 F7D657 0.45
1.4175 3.3075 0.4725 D1BB5E 0.45
1.4175 3.3075 0 D1BB5E 0.45
1.4175 3.3075 -0.4725 D1BB5E 0.45
1.4175 3.78 -0.9449999 F7D657 0.45
1.4175 4.2525 0.9449999 F7D657 0.45
1.4175 4.2525 -0.9449999 F7D657 0.45
1.4175 4.725 0.9449999 F7D657 0.45
1.4175 4.725 -0.9449999 F7D657 0.45
1.4175 6.142499 1.4175 D1BB5E 0.45
1.4175 6.142499 0.9449999 D1BB5E 0.45
1.4175 6.142499 0.4725 D1BB5E 0.45
1.4175 6.142499 0 D1BB5E 0.45
1.4175 6.142499 -0.4725 D1BB5E 0.45
1.4175 6.142499 -0.9449999 D1BB5E 0.45
1.4175 6.142499 -1.4175 D1BB5E 0.45
1.4175 5.67 1.4175 BEF9F8 0.45
1.4175 5.67 0.4725 D1BB5E 0.45
1.4175 5.67 0 D1BB5E 0.45
1.4175 5.67 -0.4725 D1BB5E 0.45
1.4175 5.67 -1.4175 BEF9F8 0.45
1.4175 11.34 1.4175 CE9073 0.45
1.4175 11.34 0.9449999 CE9073 0.45
1.4175 11.34 0.4725 CE9073 0.45
1.4175 11.34 0 CE9073 0.45
1.4175 11.34 -0.4725 CE9073 0.45
1.4175 11.34 -0.9449999 CE9073 0.45
1.4175 11.34 -1.4175 CE9073 0.45
1.4175 6.615 1.4175 DEC860 0.45
1.4175 6.615 -1.4175 DEC860 0.45
1.4175 7.0875 1.4175 FFF77F 0.45
1.4175 7.0875 -1.4175 FFF77F 0.45
1.4175 7.559999 1.4175 FFF77F 0.45
1.4175 7.559999 -1.4175 FFF77F 0.45
1.4175 8.0325 1.4175 FFF77F 0.45
1.4175 8.0325 -1.4175 FFF77F 0.45
1.4175 8.504999 1.4175 FFF77F 0.45
1.4175 8.504999 -1.4175 FFF77F 0.45
1.4175 8.9775 1.4175 FFF77F 0.45
1.4175 8.9775 -1.4175 FFF77F 0.45
1.4175 9.45 1.4175 FFF77F 0.45
1.4175 9.45 -1.4175 131E2D 0.45
1.4175 9.9225 1.4175 FFF77F 0.45
1.4175 9.9225 -1.4175 FFF77F 0.45
1.4175 10.395 1.4175 FFF77F 0.45
1.4175 10.395 -1.4175 FFF77F 0.45
1.4175 10.8675 1.4175 FFF77F 0.45
1.4175 10.8675 -1.4175 FFF77F 0.45
1.4175 11.8125 1.89 AF6447 0.45
1.4175 11.8125 1.4175 FFF892 0.45
1.4175 11.8125 0.9449999 FFF892 0.45
1.4175 11.8125 0.4725 FFF892 0.45
1.4175 11.8125 0 FFF892 0.45
1.4175 11.8125 -0.4725 FFF892 0.45
1.4175 11.8125 -0.9449999 FFF892 0.45
1.4175 11.8125 -1.4175 FFF892 0.45
1.4175 11.8125 -1.89 FFCCAE 0.45
1.4175 12.285 1.89 AF6447 0.45
1.4175 12.285 -1.89 FFCCAE 0.45
1.4175 12.7575 1.89 AF6447 0.45
1.4175 12.7575 -1.89 EDAF97 0.45
1.4175 13.23 1.89 AF6447 0.45
1.4175 13.23 -1.89 EDAF97 0.45
1.4175 13.7025 1.89 AF6447 0.45
1.4175 13.7025 -1.89 AF6648 0.45
1.4175 14.175 1.89 AF6447 0.45
1.4175 14.175 -1.89 AF6648 0.45
1.4175 14.6475 1.89 AF6447 0.45
1.4175 14.6475 -1.89 AF6648 0.45
1.4175 15.12 1.89 AF6447 0.45
1.4175 15.12 -1.89 AF6648 0.45
1.4175 15.5925 1.89 AF6447 0.45
1.4175 15.5925 -1.89 AF6648 0.45
1.4175 15.5925 1.4175 B06A4B 0.45
1.4175 15.5925 0.9449999 B06A4B 0.45
1.4175 15.5925 0.4725 B06A4B 0.45
1.4175 15.5925 0 B06A4B 0.45
1.4175 15.5925 -0.4725 B06A4B 0.45
1.4175 15.5925 -0.9449999 B06A4B 0.45
1.4175 15.5925 -1.4175 B06A4B 0.45
0.9449999 11.34 1.89 CE9073 0.45
0.9449999 5.1975 1.4175 9FDFDE 0.45
0.9449999 5.1975 0.9449999 9FDFDE 0.45
0.9449999 0 0.4725 483072 0.45
0.9449999 0 0 483072 0.45
0.9449999 0 -0.4725 483072 0.45
0.9449999 0 -0.9449999 483072 0.45
0.9449999 5.1975 -1.4175 9FDFDE 0.45
0.9449999 11.34 -1.89 CE9073 0.45
0.9449999 0 -1.4175 553987 0.45
0.9449999 0.4725 0.4725 553987 0.45
0.9449999 0.9449999 0.4725 D1BB5E 0.45
0.9449999 0.9449999 0 D1BB5E 0.45
0.9449999 0.9449999 -0.4725 D1BB5E 0.45
0.9449999 5.1975 -0.9449999 9FDFDE 0.45
0.9449999 0.4725 -1.4175 553987 0.45
0.9449999 0.9449999 0.9449999 F7D657 0.45
0.9449999 2.835 0.4725 D1BB5E 0.45
0.9449999 2.835 0 D1BB5E 0.45
0.9449999 2.835 -0.4725 D1BB5E 0.45
0.9449999 0.9449999 -0.9449999 553987 0.45
0.9449999 1.4175 0.9449999 F7D657 0.45
0.9449999 1.4175 -0.9449999 F7D657 0.45
0.9449999 1.89 0.9449999 F7D657 0.45
0.9449999 1.89 -0.9449999 F7D657 0.45
0.9449999 2.3625 0.9449999 F7D657 0.45
0.9449999 2.3625 -0.9449999 F7D657 0.45
0.9449999 2.835 0.9449999 F7D657 0.45
0.9449999 2.835 -0.9449999 F7D657 0.45
0.9449999 3.3075 0.9449999 F7D657 0.45
0.9449999 5.1975 0.4725 9FDFDE 0.45
0.9449999 5.1975 0 9FDFDE 0.45
0.9449999 5.1975 -0.4725 9FDFDE 0.45
0.9449999 3.3075 -0.9449999 F7D657 0.45
0.9449999 3.78 0.9449999 F7D657 0.45
0.9449999 3.3075 0.4725 D1BB5E 0.45
0.9449999 3.3075 0 D1BB5E 0.45
0.9449999 3.3075 -0.4725 D1BB5E 0.45
0.9449999 3.78 -0.9449999 F7D657 0.45
0.9449999 4.2525 0.9449999 F7D657 0.45
0.9449999 4.2525 -0.9449999 F7D657 0.45
0.9449999 4.725 0.9449999 F7D657 0.45
0.9449999 4.725 -0.9449999 F7D657 0.45
0.9449999 6.142499 1.4175 D1BB5E 0.45
0.9449999 6.142499 0.9449999 D1BB5E 0.45
0.9449999 6.142499 0.4725 D1BB5E 0.45
0.9449999 6.142499 0 D1BB5E 0.45
0.9449999 6.142499 -0.4725 D1BB5E 0.45
0.9449999 6.142499 -0.9449999 D1BB5E 0.45
0.9449999 6.142499 -1.4175 D1BB5E 0.45
0.9449999 5.67 1.4175 BEF9F8 0.45
0.9449999 5.67 0.4725 D1BB5E 0.45
0.9449999 5.67 0 D1BB5E 0.45
0.9449999 5.67 -0.4725 D1BB5E 0.45
0.9449999 5.67 -1.4175 BEF9F8 0.45
0.9449999 11.34 1.4175 CE9073 0.45
0.9449999 11.34 0.9449999 CE9073 0.45
0.9449999 11.34 0.4725 CE9073 0.45
0.9449999 11.34 0 CE9073 0.45
0.9449999 11.34 -0.4725 CE9073 0.45
0.9449999 11.34 -0.9449999 CE9073 0.45
0.9449999 11.34 -1.4175 CE9073 0.45
0.9449999 6.615 1.4175 DEC860 0.45
0.9449999 6.615 -1.4175 DEC860 0.45
0.9449999 7.0875 1.4175 FFF77F 0.45
0.9449999 7.0875 -1.4175 FFF77F 0.45
0.9449999 7.559999 1.4175 FFF77F 0.45
0.9449999 7.559999 -1.4175 FFF77F 0.45
0.9449999 8.0325 1.4175 FFF77F 0.45
0.9449999 8.0325 -1.4175 FFF77F 0.45
0.9449999 8.504999 1.4175 FFF77F 0.45
0.9449999 8.504999 -1.4175 FFF77F 0.45
0.9449999 8.9775 1.4175 FFF77F 0.45
0.9449999 8.9775 -1.4175 FFF77F 0.45
0.9449999 9.45 1.4175 FFF77F 0.45
0.9449999 9.45 -1.4175 EAE36D 0.45
0.9449999 9.9225 1.4175 FFF77F 0.45
0.9449999 9.9225 -1.4175 FFF77F 0.45
0.9449999 10.395 1.4175 FFF77F 0.45
0.9449999 10.395 -1.4175 DEC860 0.45
0.9449999 10.8675 1.4175 FFF77F 0.45
0.9449999 10.8675 -1.4175 DEC860 0.45
0.9449999 11.8125 1.89 AF6447 0.45
0.9449999 11.8125 1.4175 FFF892 0.45
0.9449999 11.8125 0.9449999 DEC860 0.45
0.9449999 11.8125 0.4725 DEC860 0.45
0.9449999 11.8125 0 DEC860 0.45
0.9449999 11.8125 -0.4725 DEC860 0.45
0.9449999 11.8125 -0.9449999 DEC860 0.45
0.9449999 11.8125 -1.4175 DEC860 0.45
0.9449999 11.8125 -1.89 FFCCAE 0.45
0.9449999 12.285 1.89 AF6447 0.45
0.9449999 12.285 -1.89 FFCCAE 0.45
0.9449999 12.7575 1.89 AF6447 0.45
0.9449999 12.7575 -1.89 FFCCAE 0.45
0.9449999 13.23 1.89 AF6447 0.45
0.9449999 13.23 -1.89 FFCCAE 0.45
0.9449999 13.7025 1.89 AF6447 0.45
0.9449999 13.7025 -1.89 3B0E27 0.45
0.9449999 14.175 1.89 AF6447 0.45
0.9449999 14.175 -1.89 AF6648 0.45
0.9449999 14.6475 1.89 AF6447 0.45
0.9449999 14.6475 -1.89 AF6648 0.45
0.9449999 15.12 1.89 AF6447 0.45
0.9449999 15.12 -1.89 AF6648 0.45
0.9449999 15.5925 1.89 AF6447 0.45
0.9449999 15.5925 -1.89 AF6648 0.45
0.9449999 15.5925 1.4175 B06A4B 0.45
0.9449999 15.5925 0.9449999 B06A4B 0.45
0.9449999 15.5925 0.4725 B06A4B 0.45
0.9449999 15.5925 0 B06A4B 0.45
0.9449999 15.5925 -0.4725 B06A4B 0.45
0.9449999 15.5925 -0.9449999 B06A4B 0.45
0.9449999 15.5925 -1.4175 B06A4B 0.45
0.4725 11.34 1.89 CE9073 0.45
0.4725 5.1975 1.4175 9FDFDE 0.45
0.4725 5.1975 0.9449999 9FDFDE 0.45
0.4725 5.1975 0.4725 9FDFDE 0.45
0.4725 5.1975 0 9FDFDE 0.45
0.4725 5.1975 -0.4725 9FDFDE 0.45
0.4725 5.1975 -0.9449999 9FDFDE 0.45
0.4725 5.1975 -1.4175 9FDFDE 0.45
0.4725 11.34 -1.89 CE9073 0.45
0.4725 0 0.4725 483072 0.45
0.4725 0 0 483072 0.45
0.4725 0 -0.4725 483072 0.45
0.4725 0 -0.9449999 483072 0.45
0.4725 0.4725 0.4725 483072 0.45
0.4725 0.4725 0 483072 0.45
0.4725 0.4725 -0.4725 483072 0.45
0.4725 0.4725 -0.9449999 483072 0.45
0.4725 0.9449999 0.4725 D1BB5E 0.45
0.4725 0.9449999 0 D1BB5E 0.45
0.4725 0.9449999 -0.4725 D1BB5E 0.45
0.4725 1.4175 0.4725 D1BB5E 0.45
0.4725 1.4175 0 D1BB5E 0.45
0.4725 1.4175 -0.4725 D1BB5E 0.45
0.4725 1.89 0.4725 D1BB5E 0.45
0.4725 1.89 0 D1BB5E 0.45
0.4725 1.89 -0.4725 D1BB5E 0.45
0.4725 2.3625 0.4725 D1BB5E 0.45
0.4725 2.3625 0 D1BB5E 0.45
0.4725 2.3625 -0.4725 D1BB5E 0.45
0.4725 2.835 0.4725 D1BB5E 0.45
0.4725 2.835 0 D1BB5E 0.45
0.4725 2.835 -0.4725 D1BB5E 0.45
0.4725 3.3075 0.4725 D1BB5E 0.45
0.4725 3.3075 0 D1BB5E 0.45
0.4725 3.3075 -0.4725 D1BB5E 0.45
0.4725 3.78 0.4725 D1BB5E 0.45
0.4725 3.78 0 D1BB5E 0.45
0.4725 3.78 -0.4725 D1BB5E 0.45
0.4725 4.2525 0.4725 D1BB5E 0.45
0.4725 4.2525 0 D1BB5E 0.45
0.4725 4.2525 -0.4725 D1BB5E 0.45
0.4725 4.725 0.4725 D1BB5E 0.45
0.4725 4.725 0 D1BB5E 0.45
0.4725 4.725 -0.4725 D1BB5E 0.45
0.4725 6.142499 1.4175 D1BB5E 0.45
0.4725 6.142499 0.9449999 D1BB5E 0.45
0.4725 6.142499 0.4725 D1BB5E 0.45
0.4725 6.142499 0 D1BB5E 0.45
0.4725 6.142499 -0.4725 D1BB5E 0.45
0.4725 6.142499 -0.9449999 D1BB5E 0.45
0.4725 6.142499 -1.4175 D1BB5E 0.45
0.4725 5.67 1.4175 BEF9F8 0.45
0.4725 5.67 -1.4175 BEF9F8 0.45
0.4725 11.34 1.4175 CE9073 0.45
0.4725 11.34 0.9449999 CE9073 0.45
0.4725 11.34 0.4725 CE9073 0.45
0.4725 11.34 0 CE9073 0.45
0.4725 11.34 -0.4725 CE9073 0.45
0.4725 11.34 -0.9449999 CE9073 0.45
0.4725 11.34 -1.4175 CE9073 0.45
0.4725 6.615 1.4175 DEC860 0.45
0.4725 6.615 -1.4175 DEC860 0.45
0.4725 7.0875 1.4175 FFF77F 0.45
0.4725 7.0875 -1.4175 DEC860 0.45
0.4725 7.559999 1.4175 FFF77F 0.45
0.4725 7.559999 -1.4175 DEC860 0.45
0.4725 8.0325 1.4175 FFF77F 0.45
0.4725 8.0325 -1.4175 DEC860 0.45
0.4725 8.504999 1.4175 FFF77F 0.45
0.4725 8.504999 -1.4175 DEC860 0.45
0.4725 8.9775 1.4175 FFF77F 0.45
0.4725 8.9775 -1.4175 DEC860 0.45
0.4725 9.45 1.4175 FFF77F 0.45
0.4725 9.45 -1.4175 DEC860 0.45
0.4725 9.9225 1.4175 FFF77F 0.45
0.4725 9.9225 -1.4175 DEC860 0.45
0.4725 10.395 1.4175 FFF77F 0.45
0.4725 10.395 -1.4175 DEC860 0.45
0.4725 10.8675 1.4175 FFF77F 0.45
0.4725 10.8675 -1.4175 FFCCAE 0.45
0.4725 11.8125 1.89 AF6447 0.45
0.4725 11.8125 1.4175 FFF892 0.45
0.4725 11.8125 0.9449999 DEC860 0.45
0.4725 11.8125 0.4725 FFCCAE 0.45
0.4725 11.8125 0 FFCCAE 0.45
0.4725 11.8125 -0.4725 FFCCAE 0.45
0.4725 11.8125 -0.9449999 FFCCAE 0.45
0.4725 11.8125 -1.4175 FFCCAE 0.45
0.4725 11.8125 -1.89 FFCCAE 0.45
0.4725 12.285 1.89 AF6447 0.45
0.4725 12.285 -1.89 FFCCAE 0.45
0.4725 12.7575 1.89 AF6447 0.45
0.4725 12.7575 -1.89 FFCCAE 0.45
0.4725 13.23 1.89 AF6447 0.45
0.4725 13.23 -1.89 FFCCAE 0.45
0.4725 13.7025 1.89 AF6447 0.45
0.4725 13.7025 -1.89 FFCCAE 0.45
0.4725 14.175 1.89 AF6447 0.45
0.4725 14.175 -1.89 EAA388 0.45
0.4725 14.6475 1.89 AF6447 0.45
0.4725 14.6475 -1.89 AF6648 0.45
0.4725 15.12 1.89 AF6447 0.45
0.4725 15.12 -1.89 AF6648 0.45
0.4725 15.5925 1.89 AF6447 0.45
0.4725 15.5925 -1.89 AF6648 0.45
0.4725 15.5925 1.4175 B06A4B 0.45
0.4725 15.5925 0.9449999 B06A4B 0.45
0.4725 15.5925 0.4725 B06A4B 0.45
0.4725 15.5925 0 B06A4B 0.45
0.4725 15.5925 -0.4725 B06A4B 0.45
0.4725 15.5925 -0.9449999 B06A4B 0.45
0.4725 15.5925 -1.4175 B06A4B 0.45
0 11.34 1.89 CE9073 0.45
0 5.1975 1.4175 9FDFDE 0.45
0 5.1975 0.9449999 9FDFDE 0.45
0 5.1975 0.4725 9FDFDE 0.45
0 5.1975 0 9FDFDE 0.45
0 5.1975 -0.4725 9FDFDE 0.45
0 5.1975 -0.9449999 9FDFDE 0.45
0 5.1975 -1.4175 9FDFDE 0.45
0 11.34 -1.89 CE9073 0.45
0 6.142499 1.4175 D1BB5E 0.45
0 6.142499 0.9449999 D1BB5E 0.45
0 6.142499 0.4725 D1BB5E 0.45
0 6.142499 0 D1BB5E 0.45
0 6.142499 -0.4725 D1BB5E 0.45
0 6.142499 -0.9449999 D1BB5E 0.45
0 6.142499 -1.4175 D1BB5E 0.45
0 5.67 1.4175 BEF9F8 0.45
0 5.67 -1.4175 BEF9F8 0.45
0 11.34 1.4175 CE9073 0.45
0 11.34 0.9449999 CE9073 0.45
0 11.34 0.4725 CE9073 0.45
0 11.34 0 CE9073 0.45
0 11.34 -0.4725 CE9073 0.45
0 11.34 -0.9449999 CE9073 0.45
0 11.34 -1.4175 CE9073 0.45
0 6.615 1.4175 DEC860 0.45
0 6.615 -1.4175 DEC860 0.45
0 7.0875 1.4175 FFF77F 0.45
0 7.0875 -1.4175 FFF77F 0.45
0 7.559999 1.4175 FFF77F 0.45
0 7.559999 -1.4175 BF9D43 0.45
0 8.0325 1.4175 FFF77F 0.45
0 8.0325 -1.4175 BF9D43 0.45
0 8.504999 1.4175 FFF77F 0.45
0 8.504999 -1.4175 BF9D43 0.45
0 8.9775 1.4175 FFF77F 0.45
0 8.9775 -1.4175 FFF77F 0.45
0 9.45 1.4175 FFF77F 0.45
0 9.45 -1.4175 FFF77F 0.45
0 9.9225 1.4175 FFF77F 0.45
0 9.9225 -1.4175 BF9D43 0.45
0 10.395 1.4175 FFF77F 0.45
0 10.395 -1.4175 DEC860 0.45
0 10.8675 1.4175 FFF77F 0.45
0 10.8675 -1.4175 EDAF97 0.45
0 11.8125 1.89 AF6447 0.45
0 11.8125 1.4175 FFF892 0.45
0 11.8125 0.9449999 DEC860 0.45
0 11.8125 0.4725 FFCCAE 0.45
0 11.8125 0 FFCCAE 0.45
0 11.8125 -0.4725 FFCCAE 0.45
0 11.8125 -0.9449999 FFCCAE 0.45
0 11.8125 -1.4175 FFCCAE 0.45
0 11.8125 -1.89 FFCCAE 0.45
0 12.285 1.89 AF6447 0.45
0 12.285 -1.89 FE2856 0.45
0 12.7575 1.89 AF6447 0.45
0 12.7575 -1.89 FFCCAE 0.45
0 13.23 1.89 AF6447 0.45
0 13.23 -1.89 FFCCAE 0.45
0 13.7025 1.89 AF6447 0.45
0 13.7025 -1.89 FFCCAE 0.45
0 14.175 1.89 AF6447 0.45
0 14.175 -1.89 FFCCAE 0.45
0 14.6475 1.89 AF6447 0.45
0 14.6475 -1.89 EAA388 0.45
0 15.12 1.89 AF6447 0.45
0 15.12 -1.89 AF6648 0.45
0 15.5925 1.89 AF6447 0.45
0 15.5925 -1.89 AF6648 0.45
0 15.5925 1.4175 B06A4B 0.45
0 15.5925 0.9449999 B06A4B 0.45
0 15.5925 0.4725 B06A4B 0.45
0 15.5925 0 B06A4B 0.45
0 15.5925 -0.4725 B06A4B 0.45
0 15.5925 -0.9449999 B06A4B 0.45
0 15.5925 -1.4175 B06A4B 0.45
-0.4725 11.34 1.89 CE9073 0.45
-0.4725 5.1975 1.4175 9FDFDE 0.45
-0.4725 5.1975 0.9449999 9FDFDE 0.45
-0.4725 5.1975 -0.9449999 9FDFDE 0.45
-0.4725 5.1975 -1.4175 9FDFDE 0.45
-0.4725 11.34 -1.89 CE9073 0.45
-0.4725 3.3075 0.9449999 D1BB5E 0.45
-0.4725 3.78 0.9449999 D1BB5E 0.45
-0.4725 4.2525 0.9449999 D1BB5E 0.45
-0.4725 4.725 0.9449999 D1BB5E 0.45
-0.4725 6.142499 1.4175 D1BB5E 0.45
-0.4725 6.142499 0.9449999 D1BB5E 0.45
-0.4725 6.142499 0.4725 D1BB5E 0.45
-0.4725 6.142499 0 D1BB5E 0.45
-0.4725 6.142499 -0.4725 D1BB5E 0.45
-0.4725 6.142499 -0.9449999 D1BB5E 0.45
-0.4725 6.142499 -1.4175 D1BB5E 0.45
-0.4725 5.67 1.4175 BEF9F8 0.45
-0.4725 5.67 -1.4175 BEF9F8 0.45
-0.4725 11.34 1.4175 CE9073 0.45
-0.4725 11.34 0.9449999 CE9073 0.45
-0.4725 11.34 0.4725 CE9073 0.45
-0.4725 11.34 0 CE9073 0.45
-0.4725 11.34 -0.4725 CE9073 0.45
-0.4725 11.34 -0.9449999 CE9073 0.45
-0.4725 11.34 -1.4175 CE9073 0.45
-0.4725 6.615 1.4175 DEC860 0.45
-0.4725 6.615 -1.4175 DEC860 0.45
-0.4725 7.0875 1.4175 FFF77F 0.45
-0.4725 7.0875 -1.4175 FFF77F 0.45
-0.4725 7.559999 1.4175 FFF77F 0.45
-0.4725 7.559999 -1.4175 FFF77F 0.45
-0.4725 8.0325 1.4175 FFF77F 0.45
-0.4725 8.0325 -1.4175 FFF77F 0.45
-0.4725 8.504999 1.4175 FFF77F 0.45
-0.4725 8.504999 -1.4175 FFF77F 0.45
-0.4725 8.9775 1.4175 FFF77F 0.45
-0.4725 8.9775 -1.4175 FFF77F 0.45
-0.4725 9.45 1.4175 FFF77F 0.45
-0.4725 9.45 -1.4175 FFF77F 0.45
-0.4725 9.9225 1.4175 FFF77F 0.45
-0.4725 9.9225 -1.4175 FFF77F 0.45
-0.4725 10.395 1.4175 FFF77F 0.45
-0.4725 10.395 -1.4175 DEC860 0.45
-0.4725 10.8675 1.4175 FFF77F 0.45
-0.4725 10.8675 -1.4175 FFCCAE 0.45
-0.4725 11.8125 1.89 AF6447 0.45
-0.4725 11.8125 1.4175 FFF892 0.45
-0.4725 11.8125 0.9449999 DEC860 0.45
-0.4725 11.8125 0.4725 FFCCAE 0.45
-0.4725 11.8125 0 FFCCAE 0.45
-0.4725 11.8125 -0.4725 FFCCAE 0.45
-0.4725 11.8125 -0.9449999 FFCCAE 0.45
-0.4725 11.8125 -1.4175 FFCCAE 0.45
-0.4725 11.8125 -1.89 FFCCAE 0.45
-0.4725 12.285 1.89 AF6447 0.45
-0.4725 12.285 -1.89 FFCCAE 0.45
-0.4725 12.7575 1.89 AF6447 0.45
-0.4725 12.7575 -1.89 FFCCAE 0.45
-0.4725 13.23 1.89 AF6447 0.45
-0.4725 13.23 -1.89 FFCCAE 0.45
-0.4725 13.7025 1.89 AF6447 0.45
-0.4725 13.7025 -1.89 FFCCAE 0.45
-0.4725 14.175 1.89 AF6447 0.45
-0.4725 14.175 -1.89 FFCCAE 0.45
-0.4725 14.6475 1.89 AF6447 0.45
-0.4725 14.6475 -1.89 EDAF97 0.45
-0.4725 15.12 1.89 AF6447 0.45
-0.4725 15.12 -1.89 CE953C 0.45
-0.4725 15.5925 1.89 AF6447 0.45
-0.4725 15.5925 -1.89 AF6648 0.45
-0.4725 15.5925 1.4175 B06A4B 0.45
-0.4725 15.5925 0.9449999 B06A4B 0.45
-0.4725 15.5925 0.4725 B06A4B 0.45
-0.4725 15.5925 0 B06A4B 0.45
-0.4725 15.5925 -0.4725 B06A4B 0.45
-0.4725 15.5925 -0.9449999 B06A4B 0.45
-0.4725 15.5925 -1.4175 B06A4B 0.45
-0.9449999 11.34 1.89 CE9073 0.45
-0.9449999 5.1975 1.4175 9FDFDE 0.45
-0.9449999 5.1975 0.9449999 9FDFDE 0.45
-0.9449999 0 0.4725 483072 0.45
-0.9449999 0 0 483072 0.45
-0.9449999 0 -0.4725 483072 0.45
-0.9449999 0 -0.9449999 483072 0.45
-0.9449999 5.1975 -1.4175 9FDFDE 0.45
-0.9449999 11.34 -1.89 CE9073 0.45
-0.9449999 0.9449999 0.4725 D1BB5E 0.45
-0.9449999 0.9449999 0 D1BB5E 0.45
-0.9449999 0.9449999 -0.4725 D1BB5E 0.45
-0.9449999 5.1975 -0.9449999 9FDFDE 0.45
-0.9449999 0 -1.4175 483072 0.45
-0.9449999 0.4725 0.4725 553987 0.45
-0.9449999 0.4725 -1.4175 553987 0.45
-0.9449999 0.9449999 0.9449999 F7D657 0.45
-0.9449999 2.835 0.4725 D1BB5E 0.45
-0.9449999 2.835 0 D1BB5E 0.45
-0.9449999 2.835 -0.4725 D1BB5E 0.45
-0.9449999 0.9449999 -0.9449999 553987 0.45
-0.9449999 1.4175 0.9449999 F7D657 0.45
-0.9449999 1.4175 -0.9449999 F7D657 0.45
-0.9449999 1.89 0.9449999 F7D657 0.45
-0.9449999 1.89 -0.9449999 F7D657 0.45
-0.9449999 2.3625 0.9449999 F7D657 0.45
-0.9449999 2.3625 -0.9449999 F7D657 0.45
-0.9449999 2.835 0.9449999 F7D657 0.45
-0.9449999 2.835 -0.9449999 F7D657 0.45
-0.9449999 3.3075 0.9449999 F7D657 0.45
-0.9449999 5.1975 0.4725 9FDFDE 0.45
-0.9449999 5.1975 0 9FDFDE 0.45
-0.9449999 5.1975 -0.4725 9FDFDE 0.45
-0.9449999 3.3075 -0.9449999 F7D657 0.45
-0.9449999 3.78 0.9449999 F7D657 0.45
-0.9449999 3.3075 0.4725 D1BB5E 0.45
-0.9449999 3.3075 0 D1BB5E 0.45
-0.9449999 3.3075 -0.4725 D1BB5E 0.45
-0.9449999 3.78 -0.9449999 F7D657 0.45
-0.9449999 4.2525 0.9449999 F7D657 0.45
-0.9449999 4.2525 -0.9449999 F7D657 0.45
-0.9449999 4.725 0.9449999 F7D657 0.45
-0.9449999 4.725 -0.9449999 F7D657 0.45
-0.9449999 6.142499 1.4175 D1BB5E 0.45
-0.9449999 6.142499 0.9449999 D1BB5E 0.45
-0.9449999 6.142499 0.4725 D1BB5E 0.45
-0.9449999 6.142499 0 D1BB5E 0.45
-0.9449999 6.142499 -0.4725 D1BB5E 0.45
-0.9449999 6.142499 -0.9449999 D1BB5E 0.45
-0.9449999 6.142499 -1.4175 D1BB5E 0.45
-0.9449999 5.67 1.4175 BEF9F8 0.45
-0.9449999 5.67 0.4725 D1BB5E 0.45
-0.9449999 5.67 0 D1BB5E 0.45
-0.9449999 5.67 -0.4725 D1BB5E 0.45
-0.9449999 5.67 -1.4175 BEF9F8 0.45
-0.9449999 11.34 1.4175 CE9073 0.45
-0.9449999 11.34 0.9449999 CE9073 0.45
-0.9449999 11.34 0.4725 CE9073 0.45
-0.9449999 11.34 0 CE9073 0.45
-0.9449999 11.34 -0.4725 CE9073 0.45
-0.9449999 11.34 -0.9449999 CE9073 0.45
-0.9449999 11.34 -1.4175 CE9073 0.45
-0.9449999 6.615 1.4175 DEC860 0.45
-0.9449999 6.615 -1.4175 DEC860 0.45
-0.9449999 7.0875 1.4175 FFF77F 0.45
-0.9449999 7.0875 -1.4175 FFF77F 0.45
-0.9449999 7.559999 1.4175 FFF77F 0.45
-0.9449999 7.559999 -1.4175 FFF77F 0.45
-0.9449999 8.0325 1.4175 FFF77F 0.45
-0.9449999 8.0325 -1.4175 FFF77F 0.45
-0.9449999 8.504999 1.4175 FFF77F 0.45
-0.9449999 8.504999 -1.4175 FFF77F 0.45
-0.9449999 8.9775 1.4175 FFF77F 0.45
-0.9449999 8.9775 -1.4175 FFF77F 0.45
-0.9449999 9.45 1.4175 FFF77F 0.45
-0.9449999 9.45 -1.4175 FFF77F 0.45
-0.9449999 9.9225 1.4175 FFF77F 0.45
-0.9449999 9.9225 -1.4175 FFF77F 0.45
-0.9449999 10.395 1.4175 FFF77F 0.45
-0.9449999 10.395 -1.4175 DEC860 0.45
-0.9449999 10.8675 1.4175 FFF77F 0.45
-0.9449999 10.8675 -1.4175 DEC860 0.45
-0.9449999 11.8125 1.89 AF6447 0.45
-0.9449999 11.8125 1.4175 FFF892 0.45
-0.9449999 11.8125 0.9449999 DEC860 0.45
-0.9449999 11.8125 0.4725 DEC860 0.45
-0.9449999 11.8125 0 DEC860 0.45
-0.9449999 11.8125 -0.4725 DEC860 0.45
-0.9449999 11.8125 -0.9449999 DEC860 0.45
-0.9449999 11.8125 -1.4175 DEC860 0.45
-0.9449999 11.8125 -1.89 FFCCAE 0.45
-0.9449999 12.285 1.89 AF6447 0.45
-0.9449999 12.285 -1.89 FFCCAE 0.45
-0.9449999 12.7575 1.89 AF6447 0.45
-0.9449999 12.7575 -1.89 FFCCAE 0.45
-0.9449999 13.23 1.89 AF6447 0.45
-0.9449999 13.23 -1.89 FFCCAE 0.45
-0.9449999 13.7025 1.89 AF6447 0.45
-0.9449999 13.7025 -1.89 3B0E27 0.45
-0.9449999 14.175 1.89 AF6447 0.45
-0.9449999 14.175 -1.89 AF6648 0.45
-0.9449999 14.6475 1.89 AF6447 0.45
-0.9449999 14.6475 -1.89 EDAF97 0.45
-0.9449999 15.12 1.89 AF6447 0.45
-0.9449999 15.12 -1.89 AF6648 0.45
-0.9449999 15.5925 1.89 AF6447 0.45
-0.9449999 15.5925 -1.89 AF6648 0.45
-0.9449999 15.5925 1.4175 B06A4B 0.45
-0.9449999 15.5925 0.9449999 B06A4B 0.45
-0.9449999 15.5925 0.4725 B06A4B 0.45
-0.9449999 15.5925 0 B06A4B 0.45
-0.9449999 15.5925 -0.4725 B06A4B 0.45
-0.9449999 15.5925 -0.9449999 B06A4B 0.45
-0.9449999 15.5925 -1.4175 B06A4B 0.45
-1.4175 11.34 1.89 CE9073 0.45
-1.4175 5.1975 1.4175 9FDFDE 0.45
-1.4175 5.1975 0.9449999 9FDFDE 0.45
-1.4175 0 0.4725 483072 0.45
-1.4175 0 0 483072 0.45
-1.4175 0 -0.4725 483072 0.45
-1.4175 0 -0.9449999 483072 0.45
-1.4175 5.1975 -1.4175 9FDFDE 0.45
-1.4175 11.34 -1.89 CE9073 0.45
-1.4175 0.9449999 0.4725 D1BB5E 0.45
-1.4175 0.9449999 0 D1BB5E 0.45
-1.4175 0.9449999 -0.4725 D1BB5E 0.45
-1.4175 5.1975 -0.9449999 9FDFDE 0.45
-1.4175 0 -1.4175 483072 0.45
-1.4175 0.4725 0.4725 553987 0.45
-1.4175 0.4725 -1.4175 553987 0.45
-1.4175 0.9449999 0.9449999 F7D657 0.45
-1.4175 2.835 0.4725 D1BB5E 0.45
-1.4175 2.835 0 D1BB5E 0.45
-1.4175 2.835 -0.4725 D1BB5E 0.45
-1.4175 0.9449999 -0.9449999 553987 0.45
-1.4175 1.4175 0.9449999 F7D657 0.45
-1.4175 1.4175 -0.9449999 F7D657 0.45
-1.4175 1.89 0.9449999 F7D657 0.45
-1.4175 1.89 -0.9449999 F7D657 0.45
-1.4175 2.3625 0.9449999 F7D657 0.45
-1.4175 2.3625 -0.9449999 F7D657 0.45
-1.4175 2.835 0.9449999 F7D657 0.45
-1.4175 2.835 -0.9449999 F7D657 0.45
-1.4175 3.3075 0.9449999 F7D657 0.45
-1.4175 5.1975 0.4725 9FDFDE 0.45
-1.4175 5.1975 0 9FDFDE 0.45
-1.4175 5.1975 -0.4725 9FDFDE 0.45
-1.4175 3.3075 -0.9449999 F7D657 0.45
-1.4175 3.78 0.9449999 F7D657 0.45
-1.4175 3.3075 0.4725 D1BB5E 0.45
-1.4175 3.3075 0 D1BB5E 0.45
-1.4175 3.3075 -0.4725 D1BB5E 0.45
-1.4175 3.78 -0.9449999 F7D657 0.45
-1.4175 4.2525 0.9449999 F7D657 0.45
-1.4175 4.2525 -0.9449999 F7D657 0.45
-1.4175 4.725 0.9449999 F7D657 0.45
-1.4175 4.725 -0.9449999 F7D657 0.45
-1.4175 6.142499 1.4175 D1BB5E 0.45
-1.4175 6.142499 0.9449999 D1BB5E 0.45
-1.4175 6.142499 0.4725 D1BB5E 0.45
-1.4175 6.142499 0 D1BB5E 0.45
-1.4175 6.142499 -0.4725 D1BB5E 0.45
-1.4175 6.142499 -0.9449999 D1BB5E 0.45
-1.4175 6.142499 -1.4175 D1BB5E 0.45
-1.4175 5.67 1.4175 BEF9F8 0.45
-1.4175 5.67 0.4725 D1BB5E 0.45
-1.4175 5.67 0 D1BB5E 0.45
-1.4175 5.67 -0.4725 D1BB5E 0.45
-1.4175 5.67 -1.4175 BEF9F8 0.45
-1.4175 11.34 1.4175 CE9073 0.45
-1.4175 11.34 0.9449999 CE9073 0.45
-1.4175 11.34 0.4725 CE9073 0.45
-1.4175 11.34 0 CE9073 0.45
-1.4175 11.34 -0.4725 CE9073 0.45
-1.4175 11.34 -0.9449999 CE9073 0.45
-1.4175 11.34 -1.4175 CE9073 0.45
-1.4175 6.615 1.4175 DEC860 0.45
-1.4175 6.615 -1.4175 DEC860 0.45
-1.4175 7.0875 1.4175 FFF77F 0.45
-1.4175 7.0875 -1.4175 FFF77F 0.45
-1.4175 7.559999 1.4175 FFF77F 0.45
-1.4175 7.559999 -1.4175 FFF77F 0.45
-1.4175 8.0325 1.4175 FFF77F 0.45
-1.4175 8.0325 -1.4175 FFF77F 0.45
-1.4175 8.504999 1.4175 FFF77F 0.45
-1.4175 8.504999 -1.4175 FFF77F 0.45
-1.4175 8.9775 1.4175 FFF77F 0.45
-1.4175 8.9775 -1.4175 FFF77F 0.45
-1.4175 9.45 1.4175 FFF77F 0.45
-1.4175 9.45 -1.4175 FFF77F 0.45
-1.4175 9.9225 1.4175 FFF77F 0.45
-1.4175 9.9225 -1.4175 FFF77F 0.45
-1.4175 10.395 1.4175 FFF77F 0.45
-1.4175 10.395 -1.4175 FFF77F 0.45
-1.4175 10.8675 1.4175 FFF77F 0.45
-1.4175 10.8675 -1.4175 FFF77F 0.45
-1.4175 11.8125 1.89 AF6447 0.45
-1.4175 11.8125 1.4175 FFF892 0.45
-1.4175 11.8125 0.9449999 FFF892 0.45
-1.4175 11.8125 0.4725 FFF892 0.45
-1.4175 11.8125 0 FFF892 0.45
-1.4175 11.8125 -0.4725 FFF892 0.45
-1.4175 11.8125 -0.9449999 FFF892 0.45
-1.4175 11.8125 -1.4175 FFF892 0.45
-1.4175 11.8125 -1.89 FFCCAE 0.45
-1.4175 12.285 1.89 AF6447 0.45
-1.4175 12.285 -1.89 FFCCAE 0.45
-1.4175 12.7575 1.89 AF6447 0.45
-1.4175 12.7575 -1.89 EDAF97 0.45
-1.4175 13.23 1.89 AF6447 0.45
-1.4175 13.23 -1.89 EDAF97 0.45
-1.4175 13.7025 1.89 AF6447 0.45
-1.4175 13.7025 -1.89 FFCCAE 0.45
-1.4175 14.175 1.89 AF6447 0.45
-1.4175 14.175 -1.89 FFCCAE 0.45
-1.4175 14.6475 1.89 AF6447 0.45
-1.4175 14.6475 -1.89 EDAF97 0.45
-1.4175 15.12 1.89 AF6447 0.45
-1.4175 15.12 -1.89 AF6648 0.45
-1.4175 15.5925 1.89 AF6447 0.45
-1.4175 15.5925 -1.89 AF6648 0.45
-1.4175 15.5925 1.4175 B06A4B 0.45
-1.4175 15.5925 0.9449999 B06A4B 0.45
-1.4175 15.5925 0.4725 B06A4B 0.45
-1.4175 15.5925 0 B06A4B 0.45
-1.4175 15.5925 -0.4725 B06A4B 0.45
-1.4175 15.5925 -0.9449999 B06A4B 0.45
-1.4175 15.5925 -1.4175 B06A4B 0.45
-1.89 11.34 1.89 CE9073 0.45
-1.89 5.1975 1.4175 9FDFDE 0.45
-1.89 5.1975 0.9449999 9FDFDE 0.45
-1.89 0.9449999 0.4725 D1BB5E 0.45
-1.89 0.9449999 0 D1BB5E 0.45
-1.89 0.9449999 -0.4725 D1BB5E 0.45
-1.89 5.1975 -0.9449999 9FDFDE 0.45
-1.89 5.1975 -1.4175 9FDFDE 0.45
-1.89 11.34 -1.89 CE9073 0.45
-1.89 0 0.4725 553987 0.45
-1.89 0 0 553987 0.45
-1.89 0 -0.4725 553987 0.45
-1.89 0 -0.9449999 553987 0.45
-1.89 0.4725 0.4725 553987 0.45
-1.89 0.4725 0 553987 0.45
-1.89 0.4725 -0.4725 553987 0.45
-1.89 0.4725 -0.9449999 553987 0.45
-1.89 0.9449999 0.9449999 F7D657 0.45
-1.89 2.835 0.4725 D1BB5E 0.45
-1.89 2.835 0 D1BB5E 0.45
-1.89 2.835 -0.4725 D1BB5E 0.45
-1.89 0.9449999 -0.9449999 F7D657 0.45
-1.89 1.4175 0.9449999 F7D657 0.45
-1.89 1.4175 -0.9449999 F7D657 0.45
-1.89 1.89 0.9449999 F7D657 0.45
-1.89 1.89 -0.9449999 F7D657 0.45
-1.89 2.3625 0.9449999 F7D657 0.45
-1.89 2.3625 -0.9449999 F7D657 0.45
-1.89 2.835 0.9449999 F7D657 0.45
-1.89 2.835 -0.9449999 F7D657 0.45
-1.89 3.3075 0.9449999 F7D657 0.45
-1.89 5.1975 0.4725 9FDFDE 0.45
-1.89 5.1975 0 9FDFDE 0.45
-1.89 5.1975 -0.4725 9FDFDE 0.45
-1.89 3.3075 -0.9449999 F7D657 0.45
-1.89 3.78 0.9449999 F7D657 0.45
-1.89 3.3075 0.4725 D1BB5E 0.45
-1.89 3.3075 0 D1BB5E 0.45
-1.89 3.3075 -0.4725 D1BB5E 0.45
-1.89 3.78 -0.9449999 F7D657 0.45
-1.89 4.2525 0.9449999 F7D657 0.45
-1.89 4.2525 -0.9449999 F7D657 0.45
-1.89 4.725 0.9449999 F7D657 0.45
-1.89 4.725 -0.9449999 F7D657 0.45
-1.89 6.142499 1.4175 D1BB5E 0.45
-1.89 6.142499 0.9449999 D1BB5E 0.45
-1.89 6.142499 0.4725 D1BB5E 0.45
-1.89 6.142499 0 D1BB5E 0.45
-1.89 6.142499 -0.4725 D1BB5E 0.45
-1.89 6.142499 -0.9449999 D1BB5E 0.45
-1.89 6.142499 -1.4175 D1BB5E 0.45
-1.89 5.67 1.4175 BEF9F8 0.45
-1.89 5.67 0.4725 D1BB5E 0.45
-1.89 5.67 0 D1BB5E 0.45
-1.89 5.67 -1.4175 BEF9F8 0.45
-1.89 11.34 1.4175 CE9073 0.45
-1.89 11.34 0.9449999 CE9073 0.45
-1.89 11.34 0.4725 CE9073 0.45
-1.89 11.34 0 CE9073 0.45
-1.89 11.34 -0.4725 CE9073 0.45
-1.89 11.34 -0.9449999 CE9073 0.45
-1.89 11.34 -1.4175 CE9073 0.45
-1.89 6.615 1.4175 DEC860 0.45
-1.89 6.615 -1.4175 DEC860 0.45
-1.89 7.0875 1.4175 FFF77F 0.45
-1.89 7.0875 -1.4175 FFF77F 0.45
-1.89 7.559999 1.4175 FFF77F 0.45
-1.89 7.559999 -1.4175 FFF77F 0.45
-1.89 8.0325 1.4175 FFF77F 0.45
-1.89 8.0325 -1.4175 FFF77F 0.45
-1.89 8.504999 1.4175 FFF77F 0.45
-1.89 8.504999 -1.4175 DEC860 0.45
-1.89 8.9775 1.4175 FFF77F 0.45
-1.89 8.9775 -1.4175 DEC860 0.45
-1.89 9.45 1.4175 FFF77F 0.45
-1.89 9.45 -1.4175 FFF77F 0.45
-1.89 9.9225 1.4175 FFF77F 0.45
-1.89 9.9225 -1.4175 FFF77F 0.45
-1.89 10.395 1.4175 FFF77F 0.45
-1.89 10.395 -1.4175 FFF77F 0.45
-1.89 10.8675 1.4175 FFF77F 0.45
-1.89 10.8675 -1.4175 FFF77F 0.45
-1.89 11.8125 1.89 AF6447 0.45
-1.89 11.8125 1.4175 FFF892 0.45
-1.89 11.8125 0.9449999 FFF892 0.45
-1.89 11.8125 0.4725 FFF892 0.45
-1.89 11.8125 0 FFF892 0.45
-1.89 11.8125 -0.4725 FFF892 0.45
-1.89 11.8125 -0.9449999 FFF892 0.45
-1.89 11.8125 -1.4175 FFF892 0.45
-1.89 11.8125 -1.89 FFCCAE 0.45
-1.89 12.285 1.89 AF6447 0.45
-1.89 12.285 -1.89 FFCCAE 0.45
-1.89 12.7575 1.89 AF6447 0.45
-1.89 12.7575 -1.89 FFCCAE 0.45
-1.89 13.23 1.89 AF6447 0.45
-1.89 13.23 -1.89 FFCCAE 0.45
-1.89 13.7025 1.89 AF6447 0.45
-1.89 13.7025 -1.89 FFCCAE 0.45
-1.89 14.175 1.89 AF6447 0.45
-1.89 14.175 -1.89 FFCCAE 0.45
-1.89 14.6475 1.89 AF6447 0.45
-1.89 14.6475 -1.89 EDAF97 0.45
-1.89 15.12 1.89 AF6447 0.45
-1.89 15.12 -1.89 AF6648 0.45
-1.89 15.5925 1.89 AF6447 0.45
-1.89 15.5925 -1.89 AF6648 0.45
-1.89 15.5925 1.4175 B06A4B 0.45
-1.89 15.5925 0.9449999 B06A4B 0.45
-1.89 15.5925 0.4725 B06A4B 0.45
-1.89 15.5925 0 B06A4B 0.45
-1.89 15.5925 -0.4725 B06A4B 0.45
-1.89 15.5925 -0.9449999 B06A4B 0.45
-1.89 15.5925 -1.4175 B06A4B 0.45
-2.3625 6.142499 1.4175 D1BB5E 0.45
-2.3625 6.142499 0.9449999 D1BB5E 0.45
-2.3625 6.142499 0.4725 D1BB5E 0.45
-2.3625 6.142499 0 D1BB5E 0.45
-2.3625 6.142499 -0.4725 D1BB5E 0.45
-2.3625 6.142499 -0.9449999 D1BB5E 0.45
-2.3625 6.142499 -1.4175 D1BB5E 0.45
-1.89 1.4175 0.4725 E5CA59 0.45
-1.89 1.4175 0 E5CA59 0.45
-1.89 1.4175 -0.4725 E5CA59 0.45
-1.89 1.89 0.4725 E5CA59 0.45
-1.89 1.89 0 E5CA59 0.45
-1.89 1.89 -0.4725 E5CA59 0.45
-1.89 2.3625 0.4725 E5CA59 0.45
-1.89 2.3625 0 E5CA59 0.45
-1.89 2.3625 -0.4725 E5CA59 0.45
-1.89 3.78 0.4725 E6CF56 0.45
-1.89 3.78 0 E6CF56 0.45
-1.89 3.78 -0.4725 E6CF56 0.45
-1.89 4.2525 0.4725 E6CF56 0.45
-1.89 4.2525 0 E6CF56 0.45
-1.89 4.2525 -0.4725 E6CF56 0.45
-1.89 4.725 0.4725 E6CF56 0.45
-1.89 4.725 0 E6CF56 0.45
-1.89 4.725 -0.4725 E6CF56 0.45
-2.3625 5.1975 1.4175 9FDFDE 0.45
-2.3625 5.1975 0.9449999 9FDFDE 0.45
-2.3625 5.1975 0.4725 9FDFDE 0.45
-2.3625 5.1975 0 9FDFDE 0.45
-2.3625 5.1975 -0.4725 9FDFDE 0.45
-2.3625 5.1975 -0.9449999 9FDFDE 0.45
-2.3625 5.1975 -1.4175 9FDFDE 0.45
-2.3625 5.67 1.4175 9FDFDE 0.45
-2.3625 5.67 0.9449999 9FDFDE 0.45
-2.3625 5.67 0.4725 9FDFDE 0.45
-2.3625 5.67 0 9FDFDE 0.45
-2.3625 5.67 -0.4725 9FDFDE 0.45
-2.3625 5.67 -0.9449999 9FDFDE 0.45
-2.3625 5.67 -1.4175 9FDFDE 0.45
-2.3625 6.615 1.4175 DEC860 0.45
-2.3625 6.615 -1.4175 DEC860 0.45
-2.3625 7.0875 1.4175 FFF77F 0.45
-2.3625 7.0875 -1.4175 FFF77F 0.45
-2.3625 7.559999 1.4175 FFF77F 0.45
-2.3625 7.559999 -1.4175 FFF77F 0.45
-2.3625 8.0325 1.4175 FFF77F 0.45
-2.3625 8.0325 -1.4175 FFF77F 0.45
-2.3625 8.504999 1.4175 FFF77F 0.45
-2.3625 8.504999 -1.4175 FFF77F 0.45
-2.3625 8.9775 1.4175 FFF77F 0.45
-2.3625 8.9775 -1.4175 FFF77F 0.45
-2.3625 9.45 1.4175 FFF77F 0.45
-2.3625 9.45 -1.4175 FFF77F 0.45
-2.3625 9.9225 1.4175 FFF77F 0.45
-2.3625 9.9225 -1.4175 FFF77F 0.45
-2.3625 10.395 1.4175 FFF77F 0.45
-2.3625 10.395 -1.4175 FFF77F 0.45
-2.3625 10.8675 1.4175 FFF77F 0.45
-2.3625 10.8675 -1.4175 FFF77F 0.45
-2.3625 11.34 1.4175 FFF77F 0.45
-2.3625 11.34 -1.4175 FFF77F 0.45
-2.3625 11.8125 1.4175 FFF892 0.45
-2.3625 11.8125 0.9449999 FFF892 0.45
-2.3625 11.8125 0.4725 FFF892 0.45
-2.3625 11.8125 0 FFF892 0.45
-2.3625 11.8125 -0.4725 FFF892 0.45
-2.3625 11.8125 -0.9449999 FFF892 0.45
-2.3625 11.8125 -1.4175 FFF892 0.45
-1.89 12.285 1.4175 AE6144 0.45
-1.89 12.285 0.9449999 AE6144 0.45
-1.89 12.285 0.4725 AE6144 0.45
-1.89 12.285 0 EAA388 0.45
-1.89 12.285 -0.4725 EAA388 0.45
-1.89 12.285 -0.9449999 EAA388 0.45
-1.89 12.285 -1.4175 EDAF97 0.45
-1.89 12.7575 1.4175 AE6144 0.45
-1.89 12.7575 0.9449999 AE6144 0.45
-1.89 12.7575 0.4725 AE6144 0.45
-1.89 12.7575 0 EAA388 0.45
-1.89 12.7575 -0.4725 D2866A 0.45
-1.89 12.7575 -0.9449999 EAA388 0.45
-1.89 12.7575 -1.4175 EDAF97 0.45
-1.89 13.23 1.4175 AE6144 0.45
-1.89 13.23 0.9449999 AE6144 0.45
-1.89 13.23 0.4725 AE6144 0.45
-1.89 13.23 0 EAA388 0.45
-1.89 13.23 -0.4725 D2866A 0.45
-1.89 13.23 -0.9449999 EAA388 0.45
-1.89 13.23 -1.4175 EAA388 0.45
-1.89 13.7025 1.4175 AE6144 0.45
-1.89 13.7025 0.9449999 AE6144 0.45
-1.89 13.7025 0.4725 AE6144 0.45
-1.89 13.7025 0 EAA388 0.45
-1.89 13.7025 -0.4725 D2866A 0.45
-1.89 13.7025 -0.9449999 EAA388 0.45
-1.89 13.7025 -1.4175 EAA388 0.45
-1.89 14.175 1.4175 AE6144 0.45
-1.89 14.175 0.9449999 AE6144 0.45
-1.89 14.175 0.4725 AE6144 0.45
-1.89 14.175 0 AE6144 0.45
-1.89 14.175 -0.4725 EAA388 0.45
-1.89 14.175 -0.9449999 EAA388 0.45
-1.89 14.175 -1.4175 EAA388 0.45
-1.89 14.6475 1.4175 AE6144 0.45
-1.89 14.6475 0.9449999 AE6144 0.45
-1.89 14.6475 0.4725 AE6144 0.45
-1.89 14.6475 0 AE6144 0.45
-1.89 14.6475 -0.4725 AE6144 0.45
-1.89 14.6475 -0.9449999 AE6144 0.45
-1.89 14.6475 -1.4175 EAA388 0.45
-1.89 15.12 1.4175 AE6144 0.45
-1.89 15.12 0.9449999 AE6144 0.45
-1.89 15.12 0.4725 AE6144 0.45
-1.89 15.12 0 AE6144 0.45
-1.89 15.12 -0.4725 AE6144 0.45
-1.89 15.12 -0.9449999 AE6144 0.45
-1.89 15.12 -1.4175 AE6144 0.45
-2.3625 6.615 0.9449999 DEC860 0.45
-2.3625 6.615 0.4725 DEC860 0.45
-2.3625 6.615 0 DEC860 0.45
-2.3625 6.615 -0.4725 DEC860 0.45
-2.3625 6.615 -0.9449999 DEC860 0.45
-2.3625 7.0875 0.9449999 EAE36D 0.45
-2.3625 7.0875 0.4725 EAE36D 0.45
-2.3625 7.0875 0 EAE36D 0.45
-2.3625 7.0875 -0.4725 EAE36D 0.45
-2.3625 7.0875 -0.9449999 EAE36D 0.45
-2.3625 7.559999 0.9449999 EAE36D 0.45
-2.3625 7.559999 0.4725 EAE36D 0.45
-2.3625 7.559999 0 EAE36D 0.45
-2.3625 7.559999 -0.4725 EAE36D 0.45
-2.3625 7.559999 -0.9449999 EAE36D 0.45
-2.3625 8.0325 0.9449999 EAE36D 0.45
-2.3625 8.0325 0.4725 EAE36D 0.45
-2.3625 8.0325 0 EAE36D 0.45
-2.3625 8.0325 -0.4725 EAE36D 0.45
-2.3625 8.0325 -0.9449999 EAE36D 0.45
-2.3625 8.504999 0.9449999 EAE36D 0.45
-2.3625 8.504999 0.4725 EAE36D 0.45
-2.3625 8.504999 0 EAE36D 0.45
-2.3625 8.504999 -0.4725 EAE36D 0.45
-2.3625 8.504999 -0.9449999 EAE36D 0.45
-2.3625 8.9775 0.9449999 EAE36D 0.45
-2.3625 8.9775 0.4725 EAE36D 0.45
-2.3625 8.9775 0 EAE36D 0.45
-2.3625 8.9775 -0.4725 EAE36D 0.45
-2.3625 8.9775 -0.9449999 EAE36D 0.45
-2.3625 9.45 0.9449999 EAE36D 0.45
-2.3625 9.45 0.4725 EAE36D 0.45
-2.3625 9.45 0 EAE36D 0.45
-2.3625 9.45 -0.4725 EAE36D 0.45
-2.3625 9.45 -0.9449999 EAE36D 0.45
-2.3625 9.9225 0.9449999 EAE36D 0.45
-2.3625 9.9225 0.4725 EAE36D 0.45
-2.3625 9.9225 0 EAE36D 0.45
-2.3625 9.9225 -0.4725 EAE36D 0.45
-2.3625 9.9225 -0.9449999 EAE36D 0.45
-2.835 10.395 0.9449999 FFF77F 0.45
-2.3625 10.395 0.9449999 EAE36D 0.45
-2.3625 10.395 0.4725 EAE36D 0.45
-2.3625 10.395 0 EAE36D 0.45
-2.3625 10.395 -0.4725 EAE36D 0.45
-2.3625 10.395 -0.9449999 EAE36D 0.45
-2.835 10.395 -0.9449999 FFF77F 0.45
-2.835 10.8675 0.9449999 FFF77F 0.45
-2.3625 10.8675 0.9449999 EAE36D 0.45
-2.3625 10.8675 0.4725 EAE36D 0.45
-5.67 10.8675 0.4725 FFCCAE 0.45
-2.3625 10.8675 0 EAE36D 0.45
-5.67 10.8675 0 D8967D 0.45
-2.3625 10.8675 -0.4725 EAE36D 0.45
-5.67 10.8675 -0.4725 FFCCAE 0.45
-2.3625 10.8675 -0.9449999 EAE36D 0.45
-2.835 10.8675 -0.9449999 FFF77F 0.45
-2.835 11.34 0.9449999 FFF77F 0.45
-2.3625 11.34 0.9449999 EAE36D 0.45
-2.3625 11.34 0.4725 EAE36D 0.45
-5.67 11.34 0.4725 FFCCAE 0.45
-2.3625 11.34 0 EAE36D 0.45
-5.67 11.34 0 D8967D 0.45
-2.3625 11.34 -0.4725 EAE36D 0.45
-5.67 11.34 -0.4725 FFCCAE 0.45
-2.3625 11.34 -0.9449999 EAE36D 0.45
-2.835 11.34 -0.9449999 FFF77F 0.45
-2.835 11.8125 0.4725 EAE36D 0.45
-2.835 11.8125 0 EAE36D 0.45
-2.835 11.8125 -0.4725 EAE36D 0.45
-3.3075 10.395 0.4725 EAE36D 0.45
-3.3075 10.395 0 EAE36D 0.45
-3.3075 10.395 -0.4725 EAE36D 0.45
-3.3075 10.395 0.9449999 FFF77F 0.45
-3.3075 10.395 -0.9449999 FFF77F 0.45
-3.3075 10.8675 0.9449999 FFF77F 0.45
-3.3075 10.8675 -0.9449999 FFF77F 0.45
-3.3075 11.34 0.9449999 FFF77F 0.45
-3.3075 11.34 -0.9449999 FFF77F 0.45
-3.3075 11.8125 0.4725 EAE36D 0.45
-3.3075 11.8125 0 EAE36D 0.45
-3.3075 11.8125 -0.4725 EAE36D 0.45
-3.78 10.395 0.4725 EAE36D 0.45
-3.78 10.395 0 EAE36D 0.45
-3.78 10.395 -0.4725 EAE36D 0.45
-3.78 10.395 0.9449999 FFF77F 0.45
-3.78 10.395 -0.9449999 FFF77F 0.45
-3.78 10.8675 0.9449999 FFF77F 0.45
-3.78 10.8675 -0.9449999 FFF77F 0.45
-3.78 11.34 0.9449999 FFF77F 0.45
-3.78 11.34 -0.9449999 FFF77F 0.45
-3.78 11.8125 0.4725 EAE36D 0.45
-3.78 11.8125 0 EAE36D 0.45
-3.78 11.8125 -0.4725 EAE36D 0.45
-4.2525 10.395 0.4725 EAE36D 0.45
-4.2525 10.395 0 EAE36D 0.45
-4.2525 10.395 -0.4725 EAE36D 0.45
-4.2525 10.395 0.9449999 FFF77F 0.45
-4.2525 10.395 -0.9449999 FFF77F 0.45
-4.2525 10.8675 0.9449999 FFF77F 0.45
-4.2525 10.8675 -0.9449999 FFF77F 0.45
-4.2525 11.34 0.9449999 FFF77F 0.45
-4.2525 11.34 -0.9449999 FFF77F 0.45
-4.2525 11.8125 0.4725 EAE36D 0.45
-4.2525 11.8125 0 EAE36D 0.45
-4.2525 11.8125 -0.4725 EAE36D 0.45
-4.725 10.395 0.4725 EAE36D 0.45
-4.725 10.395 0 EAE36D 0.45
-4.725 10.395 -0.4725 EAE36D 0.45
-4.725 10.395 0.9449999 FFF77F 0.45
-4.725 10.395 -0.9449999 FFF77F 0.45
-4.725 10.8675 0.9449999 FFF77F 0.45
-4.725 10.8675 -0.9449999 FFF77F 0.45
-4.725 11.34 0.9449999 FFF77F 0.45
-4.725 11.34 -0.9449999 FFF77F 0.45
-4.725 11.8125 0.4725 EAE36D 0.45
-4.725 11.8125 0 EAE36D 0.45
-4.725 11.8125 -0.4725 EAE36D 0.45
-5.1975 10.395 0.4725 EAE36D 0.45
-5.1975 10.395 0 EAE36D 0.45
-5.1975 10.395 -0.4725 EAE36D 0.45
-5.1975 10.395 0.9449999 FFF77F 0.45
-5.1975 10.395 -0.9449999 FFF77F 0.45
-5.1975 10.8675 0.9449999 FFF77F 0.45
-5.1975 10.8675 -0.9449999 FFF77F 0.45
-5.1975 11.34 0.9449999 FFF77F 0.45
-5.1975 11.34 -0.9449999 FFF77F 0.45
-5.1975 11.8125 0.4725 EAE36D 0.45
-5.1975 11.8125 0 EAE36D 0.45
-5.1975 11.8125 -0.4725 EAE36D 0.45
-5.67 10.395 0.4725 EAE36D 0.45
-5.67 10.395 0 EAE36D 0.45
-5.67 10.395 -0.4725 EAE36D 0.45
-5.67 10.395 0.9449999 FFF77F 0.45
-5.67 10.395 -0.9449999 FFF77F 0.45
-5.67 10.8675 0.9449999 FFF77F 0.45
-8.504999 10.8675 0.4725 E8A991 0.45
-8.504999 10.8675 0 D8967D 0.45
-8.504999 10.8675 -0.4725 FFCCAE 0.45
-5.67 10.8675 -0.9449999 FFF77F 0.45
-5.67 11.34 0.9449999 FFF77F 0.45
-8.504999 11.34 0.4725 E8A991 0.45
-8.504999 11.34 0 D8967D 0.45
-8.504999 11.34 -0.4725 FFCCAE 0.45
-5.67 11.34 -0.9449999 FFF77F 0.45
-5.67 11.8125 0.4725 EAE36D 0.45
-5.67 11.8125 0 EAE36D 0.45
-5.67 11.8125 -0.4725 EAE36D 0.45
-6.142499 10.395 0.4725 CE9073 0.45
-6.142499 10.395 0 CE9073 0.45
-6.142499 10.395 -0.4725 CE9073 0.45
-6.142499 10.8675 0.9449999 FFCCAE 0.45
-6.142499 10.8675 -0.9449999 FFCCAE 0.45
-6.142499 11.34 0.9449999 FFCCAE 0.45
-6.142499 11.34 -0.9449999 FFCCAE 0.45
-6.142499 11.8125 0.4725 EDAF97 0.45
-6.142499 11.8125 0 EDAF97 0.45
-6.142499 11.8125 -0.4725 EDAF97 0.45
-6.615 10.395 0.4725 CE9073 0.45
-6.615 10.395 0 CE9073 0.45
-6.615 10.395 -0.4725 CE9073 0.45
-6.615 10.8675 0.9449999 FFCCAE 0.45
-6.615 10.8675 -0.9449999 FFCCAE 0.45
-6.615 11.34 0.9449999 FFCCAE 0.45
-6.615 11.34 -0.9449999 FFCCAE 0.45
-6.615 11.8125 0.4725 EDAF97 0.45
-6.615 11.8125 0 EDAF97 0.45
-6.615 11.8125 -0.4725 EDAF97 0.45
-7.0875 10.395 0.4725 CE9073 0.45
-7.0875 10.395 0 CE9073 0.45
-7.0875 10.395 -0.4725 CE9073 0.45
-7.0875 10.8675 0.9449999 FFCCAE 0.45
-7.0875 10.8675 -0.9449999 FFCCAE 0.45
-7.0875 11.34 0.9449999 FFCCAE 0.45
-7.0875 11.34 -0.9449999 FFCCAE 0.45
-7.0875 11.8125 0.4725 EDAF97 0.45
-7.0875 11.8125 0 EDAF97 0.45
-7.0875 11.8125 -0.4725 EDAF97 0.45
-7.559999 10.395 0.4725 CE9073 0.45
-7.559999 10.395 0 CE9073 0.45
-7.559999 10.395 -0.4725 CE9073 0.45
-7.559999 10.8675 0.9449999 FFCCAE 0.45
-7.559999 10.8675 -0.9449999 FFCCAE 0.45
-7.559999 11.34 0.9449999 FFCCAE 0.45
-7.559999 11.34 -0.9449999 FFCCAE 0.45
-7.559999 11.8125 0.4725 EDAF97 0.45
-7.559999 11.8125 0 EDAF97 0.45
-7.559999 11.8125 -0.4725 EDAF97 0.45
-8.0325 10.395 0.4725 CE9073 0.45
-8.0325 10.395 0 CE9073 0.45
-8.0325 10.395 -0.4725 CE9073 0.45
-8.0325 10.8675 0.9449999 FFCCAE 0.45
-8.0325 10.8675 -0.9449999 FFCCAE 0.45
-8.0325 11.34 0.9449999 FFCCAE 0.45
-8.0325 11.34 -0.9449999 FFCCAE 0.45
-8.0325 11.8125 0.4725 EDAF97 0.45
-8.0325 11.8125 0 EDAF97 0.45
-8.0325 11.8125 -0.4725 EDAF97 0.45
-8.504999 10.395 0.4725 BC9039 0.45
-8.504999 10.395 0 BC9039 0.45
-8.504999 10.395 -0.4725 BC9039 0.45
-8.504999 10.8675 0.9449999 BC9039 0.45
-8.504999 10.8675 -0.9449999 BC9039 0.45
-8.504999 11.34 0.9449999 BC9039 0.45
-8.504999 11.34 -0.9449999 BC9039 0.45
-8.504999 11.8125 0.4725 BC9039 0.45
-8.504999 11.8125 0 BC9039 0.45
-8.504999 11.8125 -0.4725 BC9039 0.45
-8.9775 10.395 0.4725 EDAF97 0.45
-8.9775 10.395 0 EDAF97 0.45
-8.9775 10.395 -0.4725 EDAF97 0.45
-8.9775 10.8675 0.4725 E8A991 0.45
-8.9775 10.8675 -0.4725 FFCCAE 0.45
-8.9775 11.34 0.4725 E8A991 0.45
-8.9775 11.34 -0.4725 FFCCAE 0.45
-8.9775 11.8125 0.4725 EDAF97 0.45
-8.9775 11.8125 0 EDAF97 0.45
-8.9775 11.8125 -0.4725 EDAF97 0.45
-9.45 10.395 0.4725 EDAF97 0.45
-9.45 10.395 0 EDAF97 0.45
-9.45 10.395 -0.4725 EDAF97 0.45
-9.45 10.8675 0.4725 E8A991 0.45
-9.45 10.8675 -0.4725 FFCCAE 0.45
-9.45 11.34 0.4725 E8A991 0.45
-9.45 11.34 -0.4725 FFCCAE 0.45
-9.45 11.8125 0.4725 EDAF97 0.45
-9.45 11.8125 0 EDAF97 0.45
-9.45 11.8125 -0.4725 EDAF97 0.45
-9.45 10.8675 0 D8967D 0.45
-9.45 11.34 0 D8967D 0.45
