2.26 0.6400001 -2.1 FF7900 0.42
1.84 0.6400001 -2.52 FF7900 0.42
1.42 0.6400001 -2.1 FF7900 0.42
2.68 1.06 -1.68 FF7900 0.42
2.26 0.6400001 -1.68 FF7900 0.42
1.84 1.06 -1.68 FF7900 0.42
1.42 0.6400001 -1.26 FF7900 0.42
1 0.6400001 -1.26 FF7900 0.42
-0.6800001 1.06 -0.4200003 FF7900 0.42
-1.1 0.6400001 -2.384186E-07 FF7900 0.42
-1.52 0.6400001 -2.384186E-07 FF7900 0.42
-1.94 0.6400001 -2.384186E-07 FF7900 0.42
-2.36 0.6400001 -4.768372E-07 FF7900 0.42
-8.660001 1.06 -0.420001 FF7900 0.42
3.52 1.48 -0.8399999 FF7900 0.42
3.1 1.48 -0.8399999 FF7900 0.42
2.68 1.48 -0.8399998 FF7900 0.42
2.26 1.48 -0.8399999 FF7900 0.42
0.58 1.48 -0.4200001 FF7900 0.42
0.16 1.48 -0.4200002 FF7900 0.42
-0.2600002 1.06 -0.4200002 FF7900 0.42
-0.6800001 1.48 -0.4200003 FF7900 0.42
-1.1 1.48 -2.384186E-07 FF7900 0.42
-1.52 1.06 -2.384186E-07 FF7900 0.42
-1.94 1.48 -2.384186E-07 FF7900 0.42
-2.36 1.48 -4.768372E-07 FF7900 0.42
-2.78 1.48 -4.768372E-07 FF7900 0.42
-7.820001 1.48 -0.420001 FF7900 0.42
-8.240002 1.48 -0.420001 FF7900 0.42
-8.660001 1.48 -0.420001 FF7900 0.42
4.780001 1.48 -0.4199994 FF7900 0.42
4.360001 1.48 -0.4199996 FF7900 0.42
3.94 1.48 -0.4199998 FF7900 0.42
3.52 1.9 -0.4199998 FF7900 0.42
3.100001 1.48 -2.1 FF7900 0.42
2.68 1.9 -2.52 FF7900 0.42
2.26 1.9 -0.42 FF7900 0.42
1.84 1.9 -0.4199999 FF7900 0.42
1.42 1.9 -0.42 FF7900 0.42
1 1.48 -0.42 FF7900 0.42
-0.2600002 1.48 -0.4200002 FF7900 0.42
-1.1 1.48 -0.4200003 FF7900 0.42
-1.52 1.48 -2.384186E-07 FF7900 0.42
-3.200001 1.48 -4.768372E-07 FF7900 0.42
-3.620001 1.48 -4.768372E-07 FF7900 0.42
-6.980001 1.48 -0.420001 FF7900 0.42
-7.400002 1.48 -0.420001 FF7900 0.42
-7.820001 1.9 -0.420001 FF7900 0.42
-8.660001 1.9 -0.420001 FF7900 0.42
5.620001 2.32 -0.4199996 FF7900 0.42
5.200001 1.9 -0.4199996 FF7900 0.42
4.780001 1.9 -0.4199994 FF7900 0.42
4.360001 2.32 -0.8399994 FF7900 0.42
3.940001 2.32 -0.8399999 FF7900 0.42
3.520001 2.32 -1.68 FF7900 0.42
3.100001 2.32 -2.1 FF7900 0.42
2.26 2.32 -0.8399999 FF7900 0.42
1.84 2.32 -0.84 FF7900 0.42
1.42 2.32 -0.84 FF7900 0.42
1 2.32 -0.42 FF7900 0.42
0.58 2.32 -0.4200001 FF7900 0.42
0.16 1.9 -0.4200002 FF7900 0.42
-0.2600002 2.32 -0.4200002 FF7900 0.42
-0.6800001 2.32 -0.4200003 FF7900 0.42
-1.1 2.32 -0.4200003 FF7900 0.42
-1.52 2.32 -2.384186E-07 FF7900 0.42
-1.94 2.32 -2.384186E-07 FF7900 0.42
-2.36 2.32 -4.768372E-07 FF7900 0.42
-2.78 2.32 -4.768372E-07 FF7900 0.42
-3.200001 2.32 -4.768372E-07 FF7900 0.42
-3.620001 2.32 -4.768372E-07 FF7900 0.42
-4.040001 2.32 -4.768372E-07 FF7900 0.42
-6.560001 2.32 -0.420001 FF7900 0.42
-6.980001 2.32 -0.420001 FF7900 0.42
-7.400002 1.9 -0.420001 FF7900 0.42
-7.820001 2.32 -0.420001 FF7900 0.42
-8.240002 2.32 -0.420001 FF7900 0.42
-8.660001 2.32 -0.420001 FF7900 0.42
6.460001 2.32 -0.4199996 FF7900 0.42
6.040001 2.74 -0.4199996 FF7900 0.42
5.620001 2.74 -0.4199996 FF7900 0.42
5.200001 2.74 -0.8399997 FF7900 0.42
4.780001 2.74 -0.8399994 FF7900 0.42
4.360001 2.32 -1.26 FF7900 0.42
3.940001 2.74 -1.68 FF7900 0.42
3.100001 2.74 -2.1 FF7900 0.42
2.68 2.74 -2.52 FF7900 0.42
2.26 2.32 -2.52 FF7900 0.42
1 2.74 -0.8400001 FF7900 0.42
0.58 2.32 -0.8400002 FF7900 0.42
0.16 2.32 -0.8400002 FF7900 0.42
-0.2600002 2.74 -0.4200002 FF7900 0.42
-1.52 2.32 -0.4200003 FF7900 0.42
-1.94 2.32 -0.4200003 FF7900 0.42
-2.78 2.74 -4.768372E-07 FF7900 0.42
-3.200001 2.74 -4.768372E-07 FF7900 0.42
-3.620001 2.74 -4.768372E-07 FF7900 0.42
-4.040001 2.74 -4.768372E-07 FF7900 0.42
-5.300001 2.74 -9.536743E-07 FF7900 0.42
-5.720001 2.32 -9.536743E-07 FF7900 0.42
-6.140001 2.74 -0.420001 FF7900 0.42
-6.560001 2.74 -0.420001 FF7900 0.42
-6.980001 2.74 -0.420001 FF7900 0.42
-7.400002 2.32 -0.420001 FF7900 0.42
-8.240002 2.74 -0.420001 FF7900 0.42
-8.660001 2.74 -0.420001 FF7900 0.42
6.880001 3.16 -0.4199996 FF7900 0.42
6.460001 3.16 -0.4199996 FF7900 0.42
6.040001 3.16 -0.4199996 FF7900 0.42
5.620001 3.16 -0.8399997 FF7900 0.42
5.200001 3.16 -0.8399997 FF7900 0.42
4.780001 3.16 -0.8399994 FF7900 0.42
4.360001 3.16 -1.26 FF7900 0.42
3.940001 3.16 -1.68 FF7900 0.42
3.520001 3.16 -1.68 FF7900 0.42
3.100001 3.16 -2.1 FF7900 0.42
2.68 3.16 -2.52 FF7900 0.42
2.26 3.16 -2.52 FF7900 0.42
1.84 3.16 -0.84 FF7900 0.42
1.42 3.16 -0.84 FF7900 0.42
1 3.16 -0.8400001 FF7900 0.42
0.58 3.16 -0.8400002 FF7900 0.42
0.16 3.16 -0.8400002 FF7900 0.42
-0.2600001 3.16 -0.8400002 FF7900 0.42
-0.6800001 3.16 -0.8400003 FF7900 0.42
-1.1 3.16 -0.4200003 FF7900 0.42
-1.52 3.16 -0.4200003 FF7900 0.42
-1.94 2.74 -0.4200003 FF7900 0.42
-2.36 3.16 -0.4200006 FF7900 0.42
-2.78 3.16 -0.4200006 FF7900 0.42
-3.200001 3.16 -4.768372E-07 FF7900 0.42
-3.620001 3.16 -4.768372E-07 FF7900 0.42
-4.040001 3.16 -4.768372E-07 FF7900 0.42
-4.460001 3.16 -4.768372E-07 FF7900 0.42
-4.880001 3.16 -4.768372E-07 FF7900 0.42
-5.300001 3.16 -9.536743E-07 FF7900 0.42
-5.720001 3.16 -9.536743E-07 FF7900 0.42
-6.140001 3.16 -0.420001 FF7900 0.42
-6.560001 3.16 -0.420001 FF7900 0.42
-6.980001 3.16 -0.420001 FF7900 0.42
-7.400002 3.16 -0.420001 FF7900 0.42
-7.820001 2.74 -0.420001 FF7900 0.42
-8.240002 3.16 -0.420001 FF7900 0.42
-8.660001 3.16 -0.420001 FF7900 0.42
7.720001 3.16 -0.4199991 FF7900 0.42
7.300001 3.16 -0.4199991 FF7900 0.42
6.880001 3.58 -0.4199996 FF7900 0.42
6.460001 3.16 -0.8399997 FF7900 0.42
6.040001 3.16 -0.8399997 FF7900 0.42
3.520001 3.16 -2.1 FF7900 0.42
1.84 3.16 -1.26 FF7900 0.42
1.42 3.16 -1.26 FF7900 0.42
1 3.16 -1.26 FF7900 0.42
0.58 3.16 -1.26 FF7900 0.42
-1.1 3.16 -0.8400004 FF7900 0.42
-1.52 3.16 -0.8400004 FF7900 0.42
-1.94 3.16 -0.4200003 FF7900 0.42
-2.36 3.58 -0.4200006 FF7900 0.42
-3.200001 3.16 -0.4200006 FF7900 0.42
-3.620001 3.16 -0.4200006 FF7900 0.42
-4.040001 3.16 -0.4200006 FF7900 0.42
-4.460001 3.16 -0.4200006 FF7900 0.42
-6.140001 3.16 -9.536743E-07 FF7900 0.42
-7.820001 3.16 -0.420001 FF7900 0.42
8.140001 4 -0.4199991 FF7900 0.42
7.720001 4 -0.4199991 FF7900 0.42
7.300001 4 -0.4199991 FF7900 0.42
6.880001 4 -0.8399997 FF7900 0.42
6.460001 4 -0.8399997 FF7900 0.42
6.040001 4 -0.8399997 FF7900 0.42
5.620001 4 -0.8399997 FF7900 0.42
5.200001 4 -1.26 FF7900 0.42
4.780001 4 -1.26 FF7900 0.42
4.360001 4 -1.26 FF7900 0.42
3.940001 4 -1.26 FF7900 0.42
3.520001 4 -2.1 FF7900 0.42
3.100001 4 -2.1 FF7900 0.42
2.68 4 -2.52 FF7900 0.42
2.26 4 -2.94 FF7900 0.42
1.84 3.58 -1.26 FF7900 0.42
1.42 4 -1.26 FF7900 0.42
1 4 -1.26 FF7900 0.42
0.58 4 -1.26 FF7900 0.42
0.16 4 -1.26 FF7900 0.42
-0.2600001 4 -1.26 FF7900 0.42
-0.6800001 4 -1.26 FF7900 0.42
-1.1 4 -0.8400004 FF7900 0.42
-1.52 4 -0.8400004 FF7900 0.42
-1.94 4 -0.8400004 FF7900 0.42
-2.36 4 -0.8400006 FF7900 0.42
-2.78 4 -0.8400006 FF7900 0.42
-3.200001 4 -0.4200006 FF7900 0.42
-3.620001 3.58 -0.4200006 FF7900 0.42
-4.040001 4 -0.4200006 FF7900 0.42
-4.460001 4 -0.4200006 FF7900 0.42
-4.880001 4 -0.4200006 FF7900 0.42
-5.300001 4 -0.420001 FF7900 0.42
-5.720001 4 -0.420001 FF7900 0.42
-6.140001 4 -0.420001 FF7900 0.42
-6.560001 4 -0.420001 FF7900 0.42
-6.980001 4 -0.420001 FF7900 0.42
-7.400002 4 -0.420001 FF7900 0.42
-7.820001 4 -0.420001 FF7900 0.42
-8.240002 4 -0.420001 FF7900 0.42
8.140001 4 -0.8399992 FF7900 0.42
7.720001 4 -0.8399992 FF7900 0.42
7.300001 4 -0.8399992 FF7900 0.42
6.880001 4.42 -0.8399997 FF7900 0.42
6.040001 4 -1.26 FF7900 0.42
5.620001 4.42 -1.26 FF7900 0.42
5.200001 4.42 -1.26 FF7900 0.42
3.940001 4 -1.68 FF7900 0.42
3.520001 4 -1.68 FF7900 0.42
2.68 4.42 -2.52 FF7900 0.42
1.84 4 -1.68 FF7900 0.42
1.42 4 -1.68 FF7900 0.42
1 4 -1.68 FF7900 0.42
0.5800002 4 -1.68 FF7900 0.42
-1.1 4 -1.26 FF7900 0.42
-1.52 4 -1.26 FF7900 0.42
-3.200001 4 -0.8400006 FF7900 0.42
-3.620001 4 -0.8400006 FF7900 0.42
-4.040001 4 -0.8400006 FF7900 0.42
8.140001 4.84 -0.4199991 FF7900 0.42
7.720001 4.84 -0.4199991 181818 0.42
7.300001 4.84 -0.8399992 FF7900 0.42
6.880001 4.84 -0.8399997 FF7900 0.42
6.460001 4.84 -0.8399997 FF7900 0.42
6.040001 4.84 -0.8399997 FF7900 0.42
5.620001 4.84 -1.26 FF7900 0.42
5.200001 4.84 -1.26 FF7900 0.42
4.780001 4.84 -1.26 FF7900 0.42
4.360001 4.84 -1.26 FF7900 0.42
3.940001 4.84 -1.26 FF7900 0.42
3.52 4.84 -1.26 FF7900 0.42
3.1 4.42 -1.26 FF7900 0.42
2.68 4.42 -1.26 FF7900 0.42
2.26 4.84 -2.94 FF7900 0.42
1.84 4.84 -2.94 FF7900 0.42
1.42 4.42 -1.26 FF7900 0.42
1 4.42 -1.26 FF7900 0.42
0.58 4.84 -1.26 FF7900 0.42
0.16 4.84 -1.26 FF7900 0.42
-0.2600001 4.42 -1.26 FF7900 0.42
-0.6800001 4.42 -1.26 FF7900 0.42
-1.1 4.42 -1.26 FF7900 0.42
-1.52 4.84 -0.8400004 FF7900 0.42
-1.94 4.42 -0.8400004 FF7900 0.42
-2.36 4.84 -0.8400006 FF7900 0.42
-2.78 4.84 -0.8400006 FF7900 0.42
-3.200001 4.84 -0.4200006 FF7900 0.42
-3.620001 4.84 -0.4200006 FF7900 0.42
-4.040001 4.84 -0.4200006 FF7900 0.42
-4.460001 4.84 -0.4200006 FF7900 0.42
-4.880001 4.84 -0.4200006 FF7900 0.42
-5.300001 4.84 -0.420001 FF7900 0.42
-5.720001 4.84 -0.420001 FF7900 0.42
-6.140001 4.84 -0.420001 FF7900 0.42
-6.560001 4.84 -0.420001 FF7900 0.42
-6.980001 4.84 -0.420001 FF7900 0.42
-7.400002 4.84 -0.420001 FF7900 0.42
-7.820001 4.84 -0.420001 FF7900 0.42
-8.240002 4.84 -0.420001 FF7900 0.42
-8.660001 4.84 -0.420001 FF7900 0.42
7.300001 4.84 -0.4199991 181818 0.42
6.880001 4.84 -0.4199996 FF7900 0.42
5.620001 4.84 -0.8399997 FF7900 0.42
5.200001 4.84 -0.8399997 FF7900 0.42
3.1 4.84 -1.26 FF7900 0.42
2.68 4.84 -1.26 FF7900 0.42
2.26 4.84 -1.26 FF7900 0.42
1.84 4.84 -1.26 FF7900 0.42
1.42 4.84 -1.26 FF7900 0.42
1 4.84 -1.26 FF7900 0.42
-0.2600001 4.84 -1.26 FF7900 0.42
-0.6800001 4.84 -0.8400003 FF7900 0.42
-1.1 4.84 -0.8400004 FF7900 0.42
-1.94 4.84 -0.8400004 FF7900 0.42
-2.36 4.84 -0.4200006 FF7900 0.42
-2.78 4.84 -0.4200006 FF7900 0.42
-3.200001 5.26 -0.4200006 FF7900 0.42
-3.620001 5.26 -4.768372E-07 FF7900 0.42
-4.040001 4.84 -4.768372E-07 FF7900 0.42
-4.460001 4.84 -4.768372E-07 FF7900 0.42
7.300001 5.68 -0.4199991 FF7900 0.42
6.880001 5.68 -0.4199996 FF7900 0.42
6.460001 5.68 -0.4199996 FF7900 0.42
6.040001 5.68 -0.8399997 FF7900 0.42
5.620001 5.68 -0.8399997 FF7900 0.42
5.200001 5.26 -0.8399997 FF7900 0.42
4.780001 5.68 -0.8399994 FF7900 0.42
4.360001 5.68 -0.8399994 FF7900 0.42
3.940001 5.68 -1.26 FF7900 0.42
3.52 5.68 -1.26 FF7900 0.42
3.1 5.68 -1.26 FF7900 0.42
2.68 5.68 -1.26 FF7900 0.42
2.26 5.68 -1.26 FF7900 0.42
1.84 5.68 -1.26 FF7900 0.42
1.42 5.68 -1.26 FF7900 0.42
1 5.68 -1.26 FF7900 0.42
0.58 5.68 -1.26 FF7900 0.42
0.16 5.68 -0.8400002 FF7900 0.42
-0.2600001 5.26 -0.8400002 FF7900 0.42
-0.6800001 5.68 -0.8400003 FF7900 0.42
-1.1 5.68 -0.8400004 FF7900 0.42
-1.52 5.68 -0.4200003 FF7900 0.42
-1.94 5.68 -0.4200003 FF7900 0.42
-2.36 5.26 -0.4200006 FF7900 0.42
-2.78 5.68 -0.4200006 FF7900 0.42
-3.200001 5.68 -4.768372E-07 FF7900 0.42
-3.620001 5.68 -4.768372E-07 FF7900 0.42
-4.040001 5.68 -4.768372E-07 FF7900 0.42
-5.720001 5.68 -9.536743E-07 FF7900 0.42
-6.140001 5.68 -0.420001 FF7900 0.42
-6.560001 5.68 -0.420001 FF7900 0.42
-6.980001 5.68 -0.420001 FF7900 0.42
-7.400002 5.68 -0.420001 FF7900 0.42
-7.820001 5.68 -0.420001 FF7900 0.42
-8.240002 5.68 -0.420001 FF7900 0.42
-8.660001 5.68 -0.420001 FF7900 0.42
6.040001 5.68 -0.4199996 FF7900 0.42
5.620001 5.68 -0.4199996 FF7900 0.42
5.200001 5.68 -0.8399997 FF7900 0.42
3.940001 5.68 -0.8399999 FF7900 0.42
3.52 5.68 -0.8399999 FF7900 0.42
3.1 5.68 -0.8399999 FF7900 0.42
2.68 5.68 -0.8399998 FF7900 0.42
2.26 5.68 -0.8399999 FF7900 0.42
1.84 6.1 -0.84 FF7900 0.42
1.42 5.68 -0.84 FF7900 0.42
1 5.68 -0.8400001 FF7900 0.42
0.58 5.68 -0.8400002 FF7900 0.42
-0.2600001 5.68 -0.8400002 FF7900 0.42
-0.6800001 5.68 -0.4200003 FF7900 0.42
-1.1 5.68 -0.4200003 FF7900 0.42
-2.36 5.68 -4.768372E-07 FF7900 0.42
-2.78 5.68 -4.768372E-07 FF7900 0.42
-3.200001 6.1 -4.768372E-07 FF7900 0.42
6.040001 6.52 -0.4199996 FF7900 0.42
5.620001 6.52 -0.4199996 FF7900 0.42
5.200001 6.1 -0.4199996 FF7900 0.42
4.780001 6.52 -0.4199994 FF7900 0.42
4.360001 6.52 -0.4199996 FF7900 0.42
3.940001 6.52 -0.8399999 FF7900 0.42
3.52 6.52 -0.8399999 FF7900 0.42
3.1 6.52 -0.8399999 FF7900 0.42
2.68 6.52 -0.8399998 FF7900 0.42
2.26 6.52 -0.8399999 FF7900 0.42
1.84 6.52 -0.84 FF7900 0.42
1.42 6.52 -0.84 FF7900 0.42
1 6.52 -0.8400001 FF7900 0.42
0.58 6.52 -0.8400002 FF7900 0.42
0.16 6.1 -0.4200002 FF7900 0.42
-0.2600002 6.1 -0.4200002 FF7900 0.42
-0.6800001 6.52 -0.4200003 FF7900 0.42
-1.1 6.52 -0.4200003 FF7900 0.42
-1.52 6.52 -2.384186E-07 FF7900 0.42
-1.94 6.52 -2.384186E-07 FF7900 0.42
-2.36 6.52 -4.768372E-07 FF7900 0.42
-2.78 6.52 -4.768372E-07 FF7900 0.42
-3.200001 6.52 -4.768372E-07 FF7900 0.42
-3.620001 6.52 -4.768372E-07 FF7900 0.42
-4.040001 6.52 -4.768372E-07 FF7900 0.42
5.200001 6.52 -0.4199996 FF7900 0.42
3.94 6.52 -0.4199998 FF7900 0.42
3.52 6.52 -0.4199998 FF7900 0.42
3.1 6.52 -0.4199998 FF7900 0.42
2.68 6.52 -0.4199997 FF7900 0.42
2.26 6.52 -0.42 FF7900 0.42
1.84 6.52 -0.4199999 FF7900 0.42
1.42 6.52 -0.42 FF7900 0.42
1 6.52 -0.42 FF7900 0.42
0.58 6.52 -0.4200001 FF7900 0.42
0.16 6.52 -0.4200002 FF7900 0.42
-0.2600002 6.52 -0.4200002 FF7900 0.42
-0.6800002 6.94 -2.384186E-07 FF7900 0.42
-1.1 6.52 -2.384186E-07 FF7900 0.42
-4.460001 6.52 -4.768372E-07 FF7900 0.42
4.360001 7.36 -0.4199996 FF7900 0.42
3.94 7.36 -0.4199998 FF7900 0.42
3.52 7.36 -0.4199998 FF7900 0.42
3.1 7.36 -0.4199998 FF7900 0.42
2.68 7.36 -0.4199997 FF7900 0.42
2.26 7.36 -0.42 FF7900 0.42
1.84 7.36 -0.4199999 FF7900 0.42
1.42 7.36 -0.42 FF7900 0.42
1 7.36 -0.42 FF7900 0.42
0.58 7.36 -0.4200001 FF7900 0.42
0.16 7.36 -0.4200002 FF7900 0.42
-0.2600002 7.36 -1.192093E-07 FF7900 0.42
-0.6800002 7.36 -2.384186E-07 FF7900 0.42
-1.1 7.36 -2.384186E-07 FF7900 0.42
-1.52 7.36 -2.384186E-07 FF7900 0.42
-1.94 7.36 -2.384186E-07 FF7900 0.42
-2.36 7.36 -4.768372E-07 FF7900 0.42
-2.78 7.36 -4.768372E-07 FF7900 0.42
-3.200001 7.36 -4.768372E-07 FF7900 0.42
-3.620001 7.36 -4.768372E-07 FF7900 0.42
-4.040001 7.36 -4.768372E-07 FF7900 0.42
3.94 7.36 2.384186E-07 FF7900 0.42
3.52 7.36 2.384186E-07 FF7900 0.42
3.1 7.78 2.384186E-07 FF7900 0.42
2.68 7.36 2.384186E-07 FF7900 0.42
2.26 7.78 1.192093E-07 000000 0.42
1.84 7.36 1.192093E-07 FF7900 0.42
1.42 7.78 -0.42 FF7900 0.42
1 7.78 -0.42 FF7900 0.42
0.5799999 7.36 -5.960464E-08 FF7900 0.42
0.1599999 7.78 -1.192093E-07 FF7900 0.42
-0.6800002 7.78 -2.384186E-07 FF7900 0.42
3.52 8.200001 2.384186E-07 FF7900 0.42
3.1 8.200001 2.384186E-07 FF7900 0.42
2.68 8.200001 2.384186E-07 FF7900 0.42
2.26 8.200001 1.192093E-07 FF7900 0.42
1.84 8.200001 1.192093E-07 FF7900 0.42
1.42 8.200001 5.960464E-08 FF7900 0.42
-0.6800002 8.200001 -2.384186E-07 FF7900 0.42
-1.1 8.200001 -2.384186E-07 FF7900 0.42
-1.52 8.200001 -2.384186E-07 FF7900 0.42
-1.94 8.200001 -2.384186E-07 FF7900 0.42
-2.36 8.200001 -4.768372E-07 FF7900 0.42
-2.78 7.78 -4.768372E-07 FF7900 0.42
2.68 9.040001 2.384186E-07 FF7900 0.42
2.26 9.040001 1.192093E-07 FF7900 0.42
1.84 4.42 -2.94 FF7900 0.42
1.84 4 -2.94 FF7900 0.42
2.68 2.32 -2.52 FF7900 0.42
2.26 1.9 -2.52 FF7900 0.42
2.26 2.74 -0.8399999 FF7900 0.42
2.26 2.74 -2.52 FF7900 0.42
2.26 3.16 -0.8399999 FF7900 0.42
2.26 3.16 -1.26 FF7900 0.42
2.26 3.58 -2.52 FF7900 0.42
2.26 4 -2.52 FF7900 0.42
2.26 4 -1.26 FF7900 0.42
2.26 4 -1.68 FF7900 0.42
2.26 4.42 -2.52 FF7900 0.42
2.26 4.84 -2.52 FF7900 0.42
2.26 4.42 -1.26 FF7900 0.42
3.100001 1.9 -2.1 FF7900 0.42
1.84 0.22 -2.1 FF7900 0.42
1.42 0.22 -2.1 FF7900 0.42
1.84 0.6400001 1.68 FF7900 0.42
1.42 0.6400001 1.68 FF7900 0.42
1.84 0.6400001 -2.1 FF7900 0.42
2.68 1.48 -2.1 FF7900 0.42
2.68 1.9 -0.4199997 FF7900 0.42
3.1 2.32 -0.8399999 FF7900 0.42
2.68 1.9 -2.1 FF7900 0.42
2.68 1.9 -0.8399998 FF7900 0.42
2.68 2.32 -2.1 FF7900 0.42
2.68 2.32 -0.8399998 FF7900 0.42
3.1 2.74 -0.8399999 FF7900 0.42
2.68 2.74 -2.1 FF7900 0.42
2.68 3.16 -0.8399998 FF7900 0.42
3.1 3.16 -1.26 FF7900 0.42
2.68 3.16 -2.1 FF7900 0.42
2.68 3.16 -1.26 FF7900 0.42
3.1 4 -1.26 FF7900 0.42
2.68 4 -2.1 FF7900 0.42
2.68 4 -1.26 FF7900 0.42
3.100001 3.58 -2.1 FF7900 0.42
3.100001 4.42 -2.1 FF7900 0.42
3.100001 4 -1.68 FF7900 0.42
2.68 4.42 -2.1 FF7900 0.42
2.68 4 -1.68 FF7900 0.42
3.520001 1.9 -1.68 FF7900 0.42
1.84 0.6400001 -1.68 FF7900 0.42
1.42 0.6400001 -1.68 FF7900 0.42
2.26 0.6400001 1.68 FF7900 0.42
3.1 1.9 -0.4199998 FF7900 0.42
3.940001 2.32 -1.68 FF7900 0.42
3.940001 1.9 -1.68 FF7900 0.42
3.52 2.32 -0.8399999 FF7900 0.42
3.52 2.74 -0.8399999 FF7900 0.42
3.520001 2.74 -1.68 FF7900 0.42
3.52 3.16 -0.8399999 FF7900 0.42
3.52 3.16 -1.26 FF7900 0.42
3.520001 3.58 -1.68 FF7900 0.42
3.52 4 -1.26 FF7900 0.42
3.940001 3.58 -1.26 FF7900 0.42
3.52 3.58 -1.26 FF7900 0.42
3.1 3.58 -1.26 FF7900 0.42
2.68 0.6400001 -1.26 FF7900 0.42
2.26 0.6400001 -1.26 FF7900 0.42
1.84 0.6400001 -1.26 FF7900 0.42
0.58 3.58 -1.26 FF7900 0.42
3.1 0.6400001 -1.26 FF7900 0.42
3.1 1.06 -1.26 FF7900 0.42
2.68 3.58 -1.26 FF7900 0.42
2.68 0.6400001 1.26 FF7900 0.42
2.26 3.58 -1.26 FF7900 0.42
2.26 0.6400001 0.8400002 FF7900 0.42
1.84 1.06 0.8400002 FF7900 0.42
1.42 3.58 -1.26 FF7900 0.42
1.42 0.6400001 0.8400002 FF7900 0.42
1 3.58 -1.26 FF7900 0.42
0.9999999 1.06 0.8400001 FF7900 0.42
1 1.06 -1.26 FF7900 0.42
2.68 1.06 -1.26 FF7900 0.42
2.26 1.06 -1.26 FF7900 0.42
1.84 1.06 -1.26 FF7900 0.42
1.42 1.06 -1.26 FF7900 0.42
4.360001 2.74 -1.26 FF7900 0.42
4.360001 3.58 -1.26 FF7900 0.42
4.360001 2.74 -0.8399994 FF7900 0.42
3.940001 2.74 -1.26 FF7900 0.42
3.940001 2.74 -0.8399999 FF7900 0.42
3.940001 2.32 -1.26 FF7900 0.42
4.360001 3.16 -0.8399994 FF7900 0.42
3.940001 3.16 -1.26 FF7900 0.42
3.940001 3.16 -0.8399999 FF7900 0.42
3.52 4 1.68 FF7900 0.42
3.1 4 2.100001 FF7900 0.42
2.68 4 2.100001 FF7900 0.42
2.26 4 2.52 FF7900 0.42
0.16 3.58 -1.26 FF7900 0.42
2.68 4.42 2.100001 FF7900 0.42
4.780001 4.42 -1.26 FF7900 0.42
2.26 4.84 2.52 FF7900 0.42
1.84 4.84 2.940001 FF7900 0.42
1.84 5.26 -1.26 FF7900 0.42
0.58 5.26 -1.26 FF7900 0.42
1.42 5.26 -1.26 FF7900 0.42
1 5.26 -1.26 FF7900 0.42
6.460001 3.58 -0.8399997 FF7900 0.42
6.040001 3.58 -0.8399997 FF7900 0.42
3.1 1.06 -0.8399999 FF7900 0.42
2.68 1.06 -0.8399998 FF7900 0.42
2.26 1.06 -0.8399999 FF7900 0.42
1.84 1.06 -0.84 FF7900 0.42
1.42 1.06 -0.84 FF7900 0.42
0.58 2.74 -0.8400002 FF7900 0.42
-1.1 3.58 -0.8400004 FF7900 0.42
-1.52 3.58 -0.8400004 FF7900 0.42
2.26 0.6400001 -0.8399999 FF7900 0.42
1.42 0.6400001 -0.84 FF7900 0.42
1 0.6400001 -0.8400001 FF7900 0.42
2.68 2.74 -0.8399998 FF7900 0.42
1.84 2.74 -0.84 FF7900 0.42
1.42 2.74 -0.84 FF7900 0.42
3.94 2.74 1.26 FF7900 0.42
3.52 2.32 1.68 FF7900 0.42
3.1 2.32 2.100001 FF7900 0.42
4.36 3.16 1.260001 FF7900 0.42
3.94 3.16 1.26 FF7900 0.42
3.52 3.16 1.68 FF7900 0.42
3.1 3.16 2.100001 FF7900 0.42
2.68 3.16 2.100001 FF7900 0.42
2.26 3.16 2.52 FF7900 0.42
0.16 2.74 -0.8400002 FF7900 0.42
-1.94 3.58 -0.8400004 FF7900 0.42
7.720001 4.42 -0.8399992 FF7900 0.42
7.300001 4.42 -0.8399992 FF7900 0.42
6.460001 4.42 -0.8399997 FF7900 0.42
-2.36 4.42 -0.8400006 FF7900 0.42
-2.78 4.42 -0.8400006 FF7900 0.42
5.620001 5.26 -0.8399997 FF7900 0.42
-0.6800001 5.26 -0.8400003 FF7900 0.42
-1.1 5.26 -0.8400004 FF7900 0.42
3.940001 6.1 -0.8399999 FF7900 0.42
3.52 6.1 -0.8399999 FF7900 0.42
3.1 6.1 -0.8399999 FF7900 0.42
2.68 6.1 -0.8399998 FF7900 0.42
2.26 6.1 -0.8399999 FF7900 0.42
1.42 6.1 -0.84 FF7900 0.42
1 6.1 -0.8400001 FF7900 0.42
0.58 6.1 -0.8400002 FF7900 0.42
7.720001 3.58 -0.4199991 FF7900 0.42
6.460001 2.74 -0.4199996 FF7900 0.42
6.040001 2.32 -0.4199996 FF7900 0.42
3.52 1.06 -0.4199998 FF7900 0.42
3.1 1.06 -0.4199998 FF7900 0.42
2.68 1.06 -0.4199997 FF7900 0.42
2.26 1.48 -0.42 FF7900 0.42
1.84 1.48 -0.4199999 FF7900 0.42
1.42 1.48 -0.42 FF7900 0.42
1 1.9 -0.42 FF7900 0.42
0.58 1.9 -0.4200001 FF7900 0.42
-1.1 2.74 -0.4200003 FF7900 0.42
-1.52 2.74 -0.4200003 FF7900 0.42
-3.200001 3.58 -0.4200006 FF7900 0.42
-4.040001 3.58 -0.4200006 FF7900 0.42
-4.460001 3.58 -0.4200006 FF7900 0.42
-4.880001 3.58 -0.4200006 FF7900 0.42
-7.400002 5.26 -0.420001 FF7900 0.42
3.52 1.48 -0.4199998 FF7900 0.42
3.1 1.48 -0.4199998 FF7900 0.42
3.1 1.48 0.4200003 FF7900 0.42
2.68 1.48 -0.4199997 FF7900 0.42
2.68 1.48 0.4200003 FF7900 0.42
2.26 1.48 0.4200002 FF7900 0.42
3.1 1.9 2.100001 FF7900 0.42
2.68 1.9 2.100001 FF7900 0.42
0.16 2.32 -0.4200002 FF7900 0.42
4.36 2.32 0.8400006 FF7900 0.42
2.68 2.32 2.100001 FF7900 0.42
2.26 2.74 2.52 FF7900 0.42
-2.78 3.58 -0.4200006 FF7900 0.42
-4.040001 4.42 -0.4200006 FF7900 0.42
6.880001 5.26 -0.4199996 FF7900 0.42
7.300001 5.26 -0.4199991 FF7900 0.42
-2.36 5.68 -0.4200006 FF7900 0.42
-2.78 5.26 -0.4200006 FF7900 0.42
-5.720001 5.26 -0.420001 FF7900 0.42
-6.140001 5.26 -0.420001 FF7900 0.42
-6.560001 5.26 -0.420001 FF7900 0.42
-1.52 6.1 -0.4200003 FF7900 0.42
6.040001 6.1 -0.4199996 FF7900 0.42
5.620001 6.1 -0.4199996 FF7900 0.42
-1.1 6.1 -0.4200003 FF7900 0.42
-0.6800001 6.1 -0.4200003 FF7900 0.42
4.360001 6.94 -0.4199996 FF7900 0.42
0.16 6.94 -0.4200002 FF7900 0.42
3.94 6.94 -0.4199998 FF7900 0.42
3.52 6.94 -0.4199998 FF7900 0.42
3.1 6.94 -0.4199998 FF7900 0.42
2.68 6.94 -0.4199997 FF7900 0.42
2.26 6.94 -0.42 FF7900 0.42
1.84 6.94 -0.4199999 FF7900 0.42
1.42 6.94 -0.42 FF7900 0.42
1 6.94 -0.42 FF7900 0.42
0.58 6.94 -0.4200001 FF7900 0.42
8.140001 3.58 9.536743E-07 FF7900 0.42
7.720001 3.16 9.536743E-07 FF7900 0.42
7.300001 3.16 9.536743E-07 FF7900 0.42
6.880001 2.74 4.768372E-07 FF7900 0.42
6.460001 2.32 4.768372E-07 FF7900 0.42
6.040001 2.32 4.768372E-07 FF7900 0.42
5.620001 1.9 4.768372E-07 FF7900 0.42
5.200001 1.9 4.768372E-07 FF7900 0.42
4.780001 1.48 4.768372E-07 FF7900 0.42
4.360001 1.48 4.768372E-07 FF7900 0.42
3.94 1.48 2.384186E-07 FF7900 0.42
3.52 1.06 2.384186E-07 FF7900 0.42
3.1 1.48 2.384186E-07 FF7900 0.42
2.68 1.48 2.384186E-07 FF7900 0.42
2.26 1.48 1.192093E-07 FF7900 0.42
1.84 1.48 1.192093E-07 FF7900 0.42
1.42 1.48 5.960464E-08 FF7900 0.42
1 1.48 0 FF7900 0.42
0.5799999 1.06 -5.960464E-08 FF7900 0.42
0.1599999 1.06 -1.192093E-07 FF7900 0.42
-0.2600002 1.06 -1.192093E-07 FF7900 0.42
-0.6800002 0.6400001 -2.384186E-07 FF7900 0.42
-2.78 1.06 -4.768372E-07 FF7900 0.42
-4.040001 1.9 -4.768372E-07 FF7900 0.42
-4.460001 2.74 -4.768372E-07 FF7900 0.42
-4.880001 2.74 -4.768372E-07 FF7900 0.42
-5.300001 2.32 -9.536743E-07 FF7900 0.42
-6.140001 1.9 -9.536743E-07 FF7900 0.42
-6.560001 1.9 -9.536743E-07 FF7900 0.42
-6.980001 1.48 -9.536743E-07 FF7900 0.42
-7.400002 1.48 -9.536743E-07 FF7900 0.42
-7.820001 1.06 -9.536743E-07 FF7900 0.42
-8.240002 1.06 -9.536743E-07 FF7900 0.42
-8.660001 0.6400001 -9.536743E-07 FF7900 0.42
-9.080002 0.6400001 -9.536743E-07 FF7900 0.42
-1.94 0.22 -2.384186E-07 FF7900 0.42
-0.6800002 1.06 -2.384186E-07 FF7900 0.42
-8.660001 1.06 -9.536743E-07 FF7900 0.42
-2.78 0.6400001 -4.768372E-07 FF7900 0.42
-8.660001 4.42 -9.536743E-07 FF7900 0.42
3.94 1.06 2.384186E-07 FF7900 0.42
3.52 1.48 2.384186E-07 FF7900 0.42
1 1.06 0 FF7900 0.42
-7.820001 1.48 -9.536743E-07 FF7900 0.42
-9.080002 1.06 -9.536743E-07 FF7900 0.42
-6.980001 1.9 -9.536743E-07 FF7900 0.42
-9.080002 1.48 -9.536743E-07 FF7900 0.42
5.620001 2.32 4.768372E-07 FF7900 0.42
-6.140001 2.32 -9.536743E-07 FF7900 0.42
-8.660001 2.32 -9.536743E-07 FF7900 0.42
-4.460001 2.32 -4.768372E-07 FF7900 0.42
-8.660001 2.74 -9.536743E-07 FF7900 0.42
-4.040001 5.26 -4.768372E-07 FF7900 0.42
-8.660001 3.16 -9.536743E-07 FF7900 0.42
8.140001 4 9.536743E-07 FF7900 0.42
-8.660001 4 -9.536743E-07 FF7900 0.42
8.560001 4.84 9.536743E-07 FF7900 0.42
-8.660001 4.84 -9.536743E-07 FF7900 0.42
8.140001 4.84 9.536743E-07 FF7900 0.42
7.720001 5.68 9.536743E-07 FF7900 0.42
7.720001 5.26 9.536743E-07 FF7900 0.42
-5.300001 5.68 -9.536743E-07 FF7900 0.42
-5.300001 5.26 -9.536743E-07 FF7900 0.42
-4.460001 5.26 -4.768372E-07 FF7900 0.42
-4.880001 5.26 -4.768372E-07 FF7900 0.42
-8.660001 5.68 -9.536743E-07 FF7900 0.42
7.300001 5.68 9.536743E-07 FF7900 0.42
-6.980001 5.68 -9.536743E-07 FF7900 0.42
-4.040001 6.1 -4.768372E-07 FF7900 0.42
-6.140001 5.68 -9.536743E-07 FF7900 0.42
-6.560001 5.68 -9.536743E-07 FF7900 0.42
6.460001 6.52 4.768372E-07 FF7900 0.42
6.460001 6.1 4.768372E-07 FF7900 0.42
6.880001 6.1 4.768372E-07 FF7900 0.42
-8.660001 6.1 -9.536743E-07 FF7900 0.42
-4.460001 6.1 -4.768372E-07 FF7900 0.42
-7.400002 6.1 -9.536743E-07 FF7900 0.42
-7.820001 6.1 -9.536743E-07 FF7900 0.42
-8.240002 6.1 -9.536743E-07 FF7900 0.42
5.620001 6.52 4.768372E-07 FF7900 0.42
6.040001 6.52 4.768372E-07 FF7900 0.42
4.780001 7.36 4.768372E-07 FF7900 0.42
5.200001 6.94 4.768372E-07 FF7900 0.42
4.780001 6.94 4.768372E-07 FF7900 0.42
-4.460001 6.94 -4.768372E-07 FF7900 0.42
-4.460001 7.36 -4.768372E-07 FF7900 0.42
4.360001 7.36 4.768372E-07 FF7900 0.42
3.94 7.78 2.384186E-07 FF7900 0.42
-3.620001 7.78 -4.768372E-07 FF7900 0.42
-0.2600002 8.200001 -1.192093E-07 FF7900 0.42
-0.2600002 7.78 -1.192093E-07 FF7900 0.42
1 7.78 0 FF7900 0.42
0.5799999 7.78 -5.960464E-08 FF7900 0.42
1.42 7.78 5.960464E-08 FF7900 0.42
-3.200001 7.78 -4.768372E-07 FF7900 0.42
-2.78 8.200001 -4.768372E-07 FF7900 0.42
3.1 9.040001 2.384186E-07 FF7900 0.42
3.1 8.620001 2.384186E-07 FF7900 0.42
1.84 8.620001 1.192093E-07 FF7900 0.42
2.26 8.620001 1.192093E-07 FF7900 0.42
8.140001 4 0.420001 FF7900 0.42
7.720001 3.58 0.420001 FF7900 0.42
7.300001 3.16 0.420001 FF7900 0.42
6.880001 3.16 0.4200006 FF7900 0.42
6.460001 2.74 0.4200006 FF7900 0.42
6.040001 2.32 0.4200006 FF7900 0.42
5.620001 2.32 0.4200006 FF7900 0.42
5.200001 1.9 0.4200006 FF7900 0.42
4.780001 1.9 0.4200006 FF7900 0.42
4.360001 1.48 0.4200006 FF7900 0.42
3.94 1.48 0.4200003 FF7900 0.42
3.52 1.06 0.4200003 FF7900 0.42
3.1 1.06 0.4200003 FF7900 0.42
2.68 1.06 0.4200003 FF7900 0.42
1.84 1.48 0.4200002 FF7900 0.42
1.42 1.48 0.4200001 FF7900 0.42
0.9999999 1.9 0.42 FF7900 0.42
0.5799999 1.9 0.42 FF7900 0.42
0.1599998 1.9 0.4199999 FF7900 0.42
-0.2600002 2.32 0.42 FF7900 0.42
-0.6800003 2.32 0.4199997 FF7900 0.42
-1.1 2.74 0.4199998 FF7900 0.42
-1.52 2.74 0.4199998 FF7900 0.42
-1.94 3.16 0.4199998 FF7900 0.42
-2.36 3.16 0.4199996 FF7900 0.42
-2.78 3.16 0.4199994 FF7900 0.42
-3.200001 3.58 0.4199996 FF7900 0.42
-3.620001 3.58 0.4199996 FF7900 0.42
-4.040001 3.58 0.4199996 FF7900 0.42
-4.460001 3.58 0.4199996 FF7900 0.42
-4.880001 4 0.4199996 FF7900 0.42
-5.300001 4 0.4199991 FF7900 0.42
-5.720001 4 0.4199991 FF7900 0.42
-6.140001 4 0.4199991 FF7900 0.42
-6.560001 4 0.4199991 FF7900 0.42
-6.980001 4 0.4199991 FF7900 0.42
-8.660001 1.06 0.4199991 FF7900 0.42
3.94 1.06 0.4200003 FF7900 0.42
3.52 1.48 0.4200003 FF7900 0.42
0.5799999 1.48 0.42 FF7900 0.42
0.1599998 1.48 0.4199999 FF7900 0.42
-0.2600002 1.06 0.42 FF7900 0.42
-0.6800003 1.48 0.4199997 FF7900 0.42
-7.820001 1.48 0.4199991 FF7900 0.42
-8.240002 1.48 0.4199991 FF7900 0.42
-8.660001 1.48 0.4199991 FF7900 0.42
4.780001 1.48 0.4200006 FF7900 0.42
0.9999999 1.48 0.42 FF7900 0.42
-0.2600002 1.48 0.42 FF7900 0.42
-6.980001 1.9 0.4199991 FF7900 0.42
-7.400002 1.48 0.4199991 FF7900 0.42
-8.240002 1.9 0.4199991 FF7900 0.42
5.200001 2.32 0.4200006 FF7900 0.42
-0.2600002 1.9 0.42 FF7900 0.42
-1.1 1.9 0.4199998 FF7900 0.42
0.1599998 2.32 0.4199999 FF7900 0.42
-6.140001 2.32 0.4199991 FF7900 0.42
-6.560001 2.32 0.4199991 FF7900 0.42
-6.980001 2.32 0.4199991 FF7900 0.42
-7.400002 2.32 0.4199991 FF7900 0.42
-7.820001 2.32 0.4199991 FF7900 0.42
-8.240002 2.32 0.4199991 FF7900 0.42
-8.660001 2.32 0.4199991 FF7900 0.42
6.040001 2.74 0.4200006 FF7900 0.42
6.460001 2.32 0.4200006 FF7900 0.42
-1.1 2.32 0.4199998 FF7900 0.42
-1.52 2.32 0.4199998 FF7900 0.42
-1.94 2.32 0.4199998 FF7900 0.42
-2.36 2.74 -4.768372E-07 FF7900 0.42
-5.720001 2.74 -9.536743E-07 FF7900 0.42
-6.140001 2.74 0.4199991 FF7900 0.42
-6.980001 2.74 0.4199991 FF7900 0.42
-8.240002 2.74 0.4199991 FF7900 0.42
-8.660001 2.74 0.4199991 FF7900 0.42
6.880001 2.74 0.4200006 FF7900 0.42
-1.94 2.74 0.4199998 FF7900 0.42
-6.560001 3.16 0.4199991 FF7900 0.42
-6.980001 3.16 0.4199991 FF7900 0.42
-7.400002 3.16 0.4199991 FF7900 0.42
-7.820001 3.16 0.4199991 FF7900 0.42
-8.240002 3.16 0.4199991 FF7900 0.42
-8.660001 3.16 0.4199991 FF7900 0.42
7.720001 3.16 0.420001 FF7900 0.42
-3.200001 3.16 0.4199996 FF7900 0.42
-3.620001 3.16 0.4199996 FF7900 0.42
-4.040001 3.16 0.4199996 FF7900 0.42
-4.460001 3.16 0.4199996 FF7900 0.42
-2.78 3.58 0.4199994 FF7900 0.42
7.720001 4 0.420001 FF7900 0.42
-7.400002 4 0.4199991 FF7900 0.42
-7.820001 4 0.4199991 FF7900 0.42
-8.240002 4 0.4199991 FF7900 0.42
8.140001 4.84 0.420001 FF7900 0.42
-4.040001 4.42 0.4199996 FF7900 0.42
-4.040001 4.84 0.4199996 FF7900 0.42
-3.620001 4.42 0.4199996 FF7900 0.42
-4.460001 4.42 0.4199996 FF7900 0.42
-4.460001 4.84 0.4199996 FF7900 0.42
-4.880001 4.42 0.4199996 FF7900 0.42
-4.880001 4.84 0.4199996 FF7900 0.42
-5.300001 4.42 0.4199991 FF7900 0.42
-5.300001 4.84 -9.536743E-07 FF7900 0.42
-5.720001 4.84 -9.536743E-07 FF7900 0.42
-6.140001 4.84 -9.536743E-07 FF7900 0.42
-6.560001 4.84 -9.536743E-07 FF7900 0.42
-6.980001 4.84 0.4199991 FF7900 0.42
-7.400002 4.84 0.4199991 FF7900 0.42
-7.820001 4.84 0.4199991 FF7900 0.42
-8.240002 4.84 0.4199991 FF7900 0.42
-8.660001 4.84 0.4199991 FF7900 0.42
7.720001 4.84 0.420001 FF7900 0.42
-3.200001 4.84 0.4199996 FF7900 0.42
-3.620001 4.84 0.4199996 FF7900 0.42
-3.620001 4.84 -4.768372E-07 FF7900 0.42
-4.880001 4.84 -4.768372E-07 FF7900 0.42
6.880001 5.68 0.4200006 FF7900 0.42
7.300001 5.26 0.420001 FF7900 0.42
7.300001 5.68 0.420001 FF7900 0.42
-2.36 5.26 0.4199996 FF7900 0.42
-2.36 5.68 0.4199996 FF7900 0.42
-2.78 5.26 0.4199994 FF7900 0.42
-6.980001 5.68 0.4199991 FF7900 0.42
-7.400002 5.26 0.4199991 FF7900 0.42
-7.820001 5.68 0.4199991 FF7900 0.42
-8.240002 5.26 0.4199991 FF7900 0.42
-8.660001 5.68 0.4199991 FF7900 0.42
6.460001 5.68 0.4200006 FF7900 0.42
-1.94 5.68 0.4199998 FF7900 0.42
-1.52 5.68 0.4199998 FF7900 0.42
-7.400002 5.68 0.4199991 FF7900 0.42
-8.240002 5.68 0.4199991 FF7900 0.42
5.200001 6.52 0.4200006 FF7900 0.42
6.040001 6.1 0.4200006 FF7900 0.42
6.040001 6.52 0.4200006 FF7900 0.42
5.620001 6.1 0.4200006 FF7900 0.42
5.620001 6.52 0.4200006 FF7900 0.42
-1.1 6.1 0.4199998 FF7900 0.42
-1.1 6.52 0.4199998 FF7900 0.42
-0.6800003 6.52 0.4199997 FF7900 0.42
-1.52 6.1 0.4199998 FF7900 0.42
-0.6800003 6.1 0.4199997 FF7900 0.42
4.360001 6.52 0.4200006 FF7900 0.42
4.780001 6.52 0.4200006 FF7900 0.42
-0.2600002 6.52 0.42 FF7900 0.42
0.1599998 6.52 0.4199999 FF7900 0.42
-0.6800002 6.52 -2.384186E-07 FF7900 0.42
4.360001 6.94 0.4200006 FF7900 0.42
4.360001 7.36 0.4200006 FF7900 0.42
3.94 6.94 0.4200003 FF7900 0.42
3.94 7.36 0.4200003 FF7900 0.42
3.52 6.94 0.4200003 FF7900 0.42
3.52 7.36 0.4200003 FF7900 0.42
3.1 6.94 0.4200003 FF7900 0.42
3.1 7.36 0.4200003 FF7900 0.42
2.68 6.94 0.4200003 FF7900 0.42
2.68 7.36 0.4200003 FF7900 0.42
2.26 6.94 0.4200002 FF7900 0.42
2.26 7.36 0.4200002 FF7900 0.42
1.84 6.94 0.4200002 FF7900 0.42
1.84 7.36 0.4200002 FF7900 0.42
1.42 6.94 0.4200001 FF7900 0.42
1.42 7.36 0.4200001 FF7900 0.42
0.9999999 6.94 0.42 FF7900 0.42
0.9999999 7.36 0.42 FF7900 0.42
0.5799999 6.94 0.42 FF7900 0.42
0.5799999 7.36 0.42 FF7900 0.42
0.1599998 6.94 0.4199999 FF7900 0.42
0.1599998 7.36 0.4199999 FF7900 0.42
-0.2600002 6.94 -1.192093E-07 FF7900 0.42
3.1 7.36 2.384186E-07 FF7900 0.42
1.42 7.78 0.4200001 FF7900 0.42
7.300001 4 0.8400011 FF7900 0.42
6.880001 4 0.8400006 FF7900 0.42
6.460001 4 0.8400006 FF7900 0.42
6.040001 3.58 0.8400006 FF7900 0.42
5.620001 3.16 0.8400006 FF7900 0.42
5.200001 3.16 0.8400006 FF7900 0.42
4.78 2.74 0.8400006 FF7900 0.42
4.36 2.74 0.8400006 FF7900 0.42
3.94 2.32 0.8400004 FF7900 0.42
3.52 2.32 0.8400004 FF7900 0.42
3.1 1.06 0.8400004 FF7900 0.42
2.68 1.06 0.8400003 FF7900 0.42
2.26 1.06 0.8400002 FF7900 0.42
1.42 1.06 0.8400002 FF7900 0.42
0.9999999 2.74 0.8400001 FF7900 0.42
0.5799998 2.74 0.84 FF7900 0.42
0.1599998 3.16 0.84 FF7900 0.42
-0.2600003 3.16 0.8399999 FF7900 0.42
-0.6800003 3.16 0.8399998 FF7900 0.42
-1.1 3.58 0.8399999 FF7900 0.42
-1.52 3.58 0.8399999 FF7900 0.42
-1.940001 4 0.8399999 FF7900 0.42
-2.360001 4 0.8399994 FF7900 0.42
-2.780001 4 0.8399994 FF7900 0.42
3.52 1.48 0.8400004 FF7900 0.42
3.1 2.32 0.8400004 FF7900 0.42
3.1 1.48 0.8400004 FF7900 0.42
2.68 2.74 0.8400003 FF7900 0.42
2.68 1.48 0.8400003 FF7900 0.42
2.26 2.74 0.8400002 FF7900 0.42
2.26 1.48 0.8400002 FF7900 0.42
1.84 2.74 0.8400002 FF7900 0.42
1.42 2.74 0.8400002 FF7900 0.42
4.780001 2.32 0.4200006 FF7900 0.42
4.360001 1.9 0.4200006 FF7900 0.42
3.52 1.9 0.8400004 FF7900 0.42
2.68 1.9 0.8400003 FF7900 0.42
2.26 1.9 0.8400002 FF7900 0.42
1.84 2.32 0.8400002 FF7900 0.42
1.42 2.32 0.4200001 FF7900 0.42
0.9999999 2.32 0.42 FF7900 0.42
3.94 2.74 0.8400004 FF7900 0.42
5.620001 2.74 0.4200006 FF7900 0.42
5.200001 2.74 0.4200006 FF7900 0.42
2.68 2.32 0.8400003 FF7900 0.42
1.42 2.32 0.8400002 FF7900 0.42
0.9999999 2.32 0.8400001 FF7900 0.42
0.5799998 2.32 0.84 FF7900 0.42
4.78 3.16 0.8400006 FF7900 0.42
6.460001 3.16 0.4200006 FF7900 0.42
6.040001 3.16 0.4200006 FF7900 0.42
-0.2600003 2.74 0.8399999 FF7900 0.42
-1.1 3.16 0.4199998 FF7900 0.42
0.1599998 2.74 0.84 FF7900 0.42
-1.52 3.16 0.4199998 FF7900 0.42
6.460001 3.16 0.8400006 FF7900 0.42
6.040001 3.16 0.8400006 FF7900 0.42
-1.1 3.16 0.8399999 FF7900 0.42
-1.52 3.16 0.8399999 FF7900 0.42
7.300001 4 0.420001 FF7900 0.42
-3.200001 4 0.4199996 FF7900 0.42
-4.040001 4 0.4199996 FF7900 0.42
-4.460001 4 0.4199996 FF7900 0.42
7.720001 4 0.8400011 FF7900 0.42
8.140001 4 0.8400011 FF7900 0.42
-3.200001 4 0.8399997 FF7900 0.42
-3.620001 4 0.8399997 FF7900 0.42
6.460001 4.84 0.8400006 FF7900 0.42
7.300001 4.42 0.8400011 FF7900 0.42
7.300001 4.84 0.8400011 FF7900 0.42
6.880001 4.42 0.8400006 FF7900 0.42
6.880001 4.84 0.8400006 FF7900 0.42
-2.360001 4.42 0.8399994 FF7900 0.42
-2.360001 4.84 0.8399994 FF7900 0.42
-2.780001 4.42 0.8399994 FF7900 0.42
-2.780001 4.84 0.8399994 FF7900 0.42
6.040001 4.84 0.8400006 FF7900 0.42
7.300001 4.84 0.420001 181818 0.42
6.880001 4.84 0.4200006 FF7900 0.42
-1.52 4.84 0.8399999 FF7900 0.42
-1.940001 4.84 0.8399999 FF7900 0.42
-2.36 4.84 0.4199996 FF7900 0.42
-2.78 4.84 0.4199994 FF7900 0.42
5.200001 5.68 0.8400006 FF7900 0.42
5.200001 5.26 0.8400006 FF7900 0.42
6.040001 5.26 0.8400006 FF7900 0.42
5.620001 5.26 0.8400006 FF7900 0.42
5.620001 5.68 0.8400006 FF7900 0.42
-0.6800003 5.26 0.8399998 FF7900 0.42
-0.6800003 5.68 0.8399998 FF7900 0.42
-1.1 5.26 0.8399999 FF7900 0.42
-1.1 5.68 0.8399999 FF7900 0.42
-1.94 5.26 0.4199998 FF7900 0.42
3.94 5.68 0.8400004 FF7900 0.42
6.040001 5.68 0.4200006 FF7900 0.42
5.620001 5.68 0.4200006 FF7900 0.42
4.78 5.68 0.8400006 FF7900 0.42
3.94 6.1 0.8400004 FF7900 0.42
4.36 5.68 0.8400006 FF7900 0.42
0.1599998 5.68 0.84 FF7900 0.42
-0.2600003 5.68 0.8399999 FF7900 0.42
-0.6800003 5.68 0.4199997 FF7900 0.42
-1.1 5.68 0.4199998 FF7900 0.42
5.200001 6.1 0.4200006 FF7900 0.42
3.94 6.52 0.8400004 FF7900 0.42
3.52 6.1 0.8400004 FF7900 0.42
3.52 6.52 0.8400004 FF7900 0.42
3.1 6.1 0.8400004 FF7900 0.42
3.1 6.52 0.8400004 FF7900 0.42
2.68 6.1 0.8400003 FF7900 0.42
2.26 6.1 0.8400002 FF7900 0.42
2.26 6.52 0.8400002 FF7900 0.42
1.84 6.1 0.8400002 FF7900 0.42
1.84 6.52 0.8400002 FF7900 0.42
1.42 6.1 0.8400002 FF7900 0.42
1.42 6.52 0.8400002 FF7900 0.42
0.9999999 6.1 0.8400001 FF7900 0.42
0.9999999 6.52 0.8400001 FF7900 0.42
0.5799998 6.1 0.84 FF7900 0.42
0.5799998 6.52 0.84 FF7900 0.42
3.94 6.52 0.4200003 FF7900 0.42
3.52 6.52 0.4200003 FF7900 0.42
3.1 6.52 0.4200003 FF7900 0.42
2.68 6.52 0.4200003 FF7900 0.42
2.26 6.52 0.4200002 FF7900 0.42
1.84 6.52 0.4200002 FF7900 0.42
1.42 6.52 0.4200001 FF7900 0.42
0.9999999 6.52 0.42 FF7900 0.42
0.5799999 6.52 0.42 FF7900 0.42
5.200001 4.42 1.260001 FF7900 0.42
4.78 4 1.260001 FF7900 0.42
4.36 2.32 1.260001 FF7900 0.42
3.94 3.58 1.26 FF7900 0.42
3.52 3.58 1.26 FF7900 0.42
3.1 3.58 1.26 FF7900 0.42
2.26 0.6400001 1.26 FF7900 0.42
1.84 0.6400001 1.26 FF7900 0.42
1.42 0.6400001 1.26 FF7900 0.42
0.9999999 0.6400001 1.26 FF7900 0.42
0.5799998 3.58 1.26 FF7900 0.42
0.1599998 4 1.26 FF7900 0.42
-0.2600003 4 1.26 FF7900 0.42
-0.6800003 4.42 1.26 FF7900 0.42
3.1 0.6400001 1.26 FF7900 0.42
3.1 1.06 1.26 FF7900 0.42
2.68 3.58 1.26 FF7900 0.42
2.26 3.58 1.26 FF7900 0.42
1.84 3.58 1.26 FF7900 0.42
1.42 3.58 1.26 FF7900 0.42
0.9999999 3.58 1.26 FF7900 0.42
0.9999999 1.06 1.26 FF7900 0.42
2.68 1.06 1.26 FF7900 0.42
2.26 1.06 1.26 FF7900 0.42
1.84 1.06 1.26 FF7900 0.42
1.42 1.06 1.26 FF7900 0.42
4.36 2.74 1.260001 FF7900 0.42
4.36 3.58 1.260001 FF7900 0.42
3.94 2.32 1.26 FF7900 0.42
4.36 3.16 0.8400006 FF7900 0.42
3.94 3.16 0.8400004 FF7900 0.42
3.52 3.16 0.8400004 FF7900 0.42
3.1 2.74 0.8400004 FF7900 0.42
2.68 3.16 0.8400003 FF7900 0.42
2.26 3.16 0.8400002 FF7900 0.42
1.84 3.16 0.8400002 FF7900 0.42
1.42 3.16 0.8400002 FF7900 0.42
0.9999999 3.16 0.8400001 FF7900 0.42
0.5799998 3.16 0.84 FF7900 0.42
3.52 3.16 1.26 FF7900 0.42
3.1 3.16 1.26 FF7900 0.42
2.68 3.16 1.26 FF7900 0.42
2.26 3.16 1.26 FF7900 0.42
1.84 3.16 1.26 FF7900 0.42
1.42 3.16 1.26 FF7900 0.42
0.9999999 3.16 1.26 FF7900 0.42
0.5799998 3.16 1.26 FF7900 0.42
6.040001 4 0.8400006 FF7900 0.42
5.620001 4 0.8400006 FF7900 0.42
5.200001 4 1.260001 FF7900 0.42
4.78 3.58 1.260001 FF7900 0.42
0.5799998 4 1.26 FF7900 0.42
-0.6800003 4 1.26 FF7900 0.42
-1.1 4 0.8399999 FF7900 0.42
-1.52 4 0.8399999 FF7900 0.42
6.460001 4.42 0.8400006 FF7900 0.42
6.040001 4 1.260001 FF7900 0.42
5.620001 4 1.260001 FF7900 0.42
-1.1 4 1.26 FF7900 0.42
-1.52 4 1.26 FF7900 0.42
4.78 4.42 1.260001 FF7900 0.42
4.78 4.84 1.260001 FF7900 0.42
5.620001 4.84 1.260001 FF7900 0.42
5.200001 4.84 1.260001 FF7900 0.42
-0.2600003 4.84 1.26 FF7900 0.42
-1.1 4.84 1.26 FF7900 0.42
-1.940001 4.42 0.8399999 FF7900 0.42
-0.2600003 4.42 1.26 FF7900 0.42
0.9999999 4.84 1.26 FF7900 0.42
5.620001 4.84 0.8400006 FF7900 0.42
5.200001 4.84 0.8400006 FF7900 0.42
4.36 4.84 1.260001 FF7900 0.42
3.94 4.84 1.26 FF7900 0.42
3.52 4.84 1.26 FF7900 0.42
3.1 4.84 1.26 FF7900 0.42
2.68 4.84 1.26 FF7900 0.42
2.26 4.84 1.26 FF7900 0.42
1.84 4.84 1.26 FF7900 0.42
1.42 4.84 1.26 FF7900 0.42
1.42 5.26 1.26 FF7900 0.42
0.1599998 4.84 1.26 FF7900 0.42
0.5799998 4.84 1.26 FF7900 0.42
-0.6800003 4.84 0.8399998 FF7900 0.42
-1.1 4.84 0.8399999 FF7900 0.42
3.52 5.68 0.8400004 FF7900 0.42
3.1 5.68 1.26 FF7900 0.42
2.68 5.68 1.26 FF7900 0.42
2.26 5.68 1.26 FF7900 0.42
1.84 5.68 1.26 FF7900 0.42
1.42 5.68 1.26 FF7900 0.42
0.9999999 5.26 1.26 FF7900 0.42
0.9999999 5.68 1.26 FF7900 0.42
0.5799998 5.26 1.26 FF7900 0.42
0.5799998 5.68 1.26 FF7900 0.42
-0.2600003 5.26 0.8399999 FF7900 0.42
3.1 5.68 0.8400004 FF7900 0.42
2.68 5.68 0.8400003 FF7900 0.42
1.84 5.68 0.8400002 FF7900 0.42
1.42 5.68 0.8400002 FF7900 0.42
0.9999999 5.68 0.8400001 FF7900 0.42
0.5799998 5.68 0.84 FF7900 0.42
3.52 1.9 1.68 FF7900 0.42
2.68 0.6400001 1.68 FF7900 0.42
1.84 1.06 1.68 FF7900 0.42
3.94 2.32 1.68 FF7900 0.42
3.94 1.9 1.68 FF7900 0.42
3.94 2.74 1.68 FF7900 0.42
3.52 2.74 1.68 FF7900 0.42
3.94 3.16 1.68 FF7900 0.42
3.94 4 1.68 FF7900 0.42
3.94 4 1.26 FF7900 0.42
3.52 3.58 1.68 FF7900 0.42
3.52 4 1.26 FF7900 0.42
3.1 4 1.26 FF7900 0.42
2.68 4 1.26 FF7900 0.42
2.26 4 1.26 FF7900 0.42
1.84 4 1.26 FF7900 0.42
1.42 4 1.26 FF7900 0.42
0.9999999 4 1.26 FF7900 0.42
4.36 4 1.260001 FF7900 0.42
3.1 4 1.68 FF7900 0.42
2.68 4 1.68 FF7900 0.42
2.26 4 1.68 FF7900 0.42
1.84 4 1.68 FF7900 0.42
1.42 4 1.68 FF7900 0.42
0.9999998 4 1.68 FF7900 0.42
0.5799997 4 1.68 FF7900 0.42
0.1599998 4.42 1.26 FF7900 0.42
1.84 0.22 2.100001 FF7900 0.42
1.42 0.22 2.1 FF7900 0.42
2.26 0.22 2.1 FF7900 0.42
2.26 0.6400001 2.1 FF7900 0.42
1.42 0.6400001 2.1 FF7900 0.42
1.84 0.6400001 2.100001 FF7900 0.42
3.1 1.48 2.100001 FF7900 0.42
2.68 1.48 2.100001 FF7900 0.42
2.68 2.74 2.100001 FF7900 0.42
3.1 2.74 2.100001 FF7900 0.42
3.52 3.16 2.100001 FF7900 0.42
3.1 3.58 2.100001 FF7900 0.42
3.52 4 2.100001 FF7900 0.42
3.1 4.42 2.100001 FF7900 0.42
2.68 1.48 2.520001 FF7900 0.42
2.26 1.9 2.52 FF7900 0.42
2.68 1.9 2.520001 FF7900 0.42
2.26 2.32 2.52 FF7900 0.42
2.68 2.32 2.520001 FF7900 0.42
2.68 3.16 2.520001 FF7900 0.42
2.68 2.74 2.520001 FF7900 0.42
2.68 4 2.520001 FF7900 0.42
2.26 3.58 2.52 FF7900 0.42
2.68 4.42 2.520001 FF7900 0.42
2.26 4.42 2.52 FF7900 0.42
1.84 4.42 2.940001 FF7900 0.42
2.26 4 2.940001 FF7900 0.42
1.84 4 2.940001 FF7900 0.42
2.26 4.84 2.940001 FF7900 0.42
