-1.575 0.5 -1.575 7F7F7F 1.5
-1.575 0.5 0 7F7F7F 1.5
-1.575 0.5 1.575 7F7F7F 1.5
-3.15 2.075 -1.575 949394 1.5
-3.15 2.075 0 949394 1.5
-3.15 2.075 1.575 949394 1.5
-3.15 3.65 -1.575 949394 1.5
-3.15 3.65 0 949394 1.5
-3.15 3.65 1.575 949394 1.5
-3.15 5.225 -1.575 949394 1.5
-3.15 5.225 0 949394 1.5
-3.15 5.225 1.575 949394 1.5
-3.15 6.8 -1.575 949394 1.5
-3.15 6.8 0 949394 1.5
-3.15 6.8 1.575 949394 1.5
-3.15 8.375 -1.575 4F75AD 1.5
-3.15 8.375 0 4F75AD 1.5
-3.15 8.375 1.575 4F75AD 1.5
-3.15 9.950001 -1.575 4F75AD 1.5
-3.15 9.950001 0 4F75AD 1.5
-3.15 9.950001 1.575 4F75AD 1.5
-3.15 11.525 -1.575 4F75AD 1.5
-3.15 11.525 0 4F75AD 1.5
-3.15 11.525 1.575 4F75AD 1.5
-3.15 13.1 -1.575 949394 1.5
-3.15 13.1 0 949394 1.5
-3.15 13.1 1.575 949394 1.5
-3.15 14.675 -1.575 949394 1.5
-3.15 14.675 0 949394 1.5
-3.15 14.675 1.575 949394 1.5
-1.575 16.25 -1.575 A5A6A5 1.5
-1.575 16.25 0 A5A6A5 1.5
-1.575 16.25 1.575 A5A6A5 1.5
-1.575 17.825 0 A5A6A5 1.5
-1.575 19.4 0 1B5E8C 1.5
-1.575 2.075 -3.15 A5A6A5 1.5
-1.575 2.075 3.15 A5A6A5 1.5
-1.575 3.65 -3.15 A5A6A5 1.5
-1.575 3.65 3.15 A5A6A5 1.5
-1.575 5.225 -3.15 A5A6A5 1.5
-1.575 5.225 3.15 A5A6A5 1.5
-1.575 6.8 -3.15 A5A6A5 1.5
-1.575 6.8 3.15 A5A6A5 1.5
-1.575 8.375 -3.15 557FB8 1.5
-1.575 8.375 3.15 557FB8 1.5
-1.575 9.950001 -3.15 557FB8 1.5
-1.575 9.950001 3.15 557FB8 1.5
-1.575 11.525 -3.15 557FB8 1.5
-1.575 11.525 3.15 557FB8 1.5
-1.575 13.1 -3.15 A5A6A5 1.5
-1.575 13.1 3.15 A5A6A5 1.5
-1.575 14.675 -3.15 A5A6A5 1.5
-1.575 14.675 3.15 A5A6A5 1.5
-1.575 17.825 -1.575 A5A6A5 1.5
-1.575 17.825 1.575 A5A6A5 1.5
0 0.5 -1.575 7F7F7F 1.5
0 0.5 0 7F7F7F 1.5
0 0.5 1.575 7F7F7F 1.5
0 2.075 -3.15 A5A6A5 1.5
0 2.075 3.15 A5A6A5 1.5
0 3.65 -3.15 A5A6A5 1.5
0 3.65 3.15 A5A6A5 1.5
0 5.225 -3.15 A5A6A5 1.5
0 5.225 3.15 A5A6A5 1.5
0 6.8 -3.15 A5A6A5 1.5
0 6.8 3.15 A5A6A5 1.5
0 8.375 -3.15 557FB8 1.5
0 8.375 3.15 557FB8 1.5
0 9.950001 -3.15 557FB8 1.5
0 9.950001 3.15 557FB8 1.5
0 11.525 -3.15 557FB8 1.5
0 11.525 3.15 557FB8 1.5
0 13.1 -3.15 A5A6A5 1.5
0 13.1 3.15 A5A6A5 1.5
0 14.675 -3.15 A5A6A5 1.5
0 14.675 3.15 A5A6A5 1.5
0 16.25 -1.575 B9BAB9 1.5
0 16.25 1.575 B9BAB9 1.5
0 17.825 -1.575 B9BAB9 1.5
0 17.825 1.575 B9BAB9 1.5
0 19.4 -1.575 1E6596 1.5
0 19.4 1.575 1E6596 1.5
0 19.4 0 1E6C9F 1.5
1.575 0.5 -1.575 7F7F7F 1.5
1.575 0.5 0 7F7F7F 1.5
1.575 0.5 1.575 7F7F7F 1.5
1.575 2.075 -3.15 A5A6A5 1.5
1.575 2.075 3.15 A5A6A5 1.5
1.575 3.65 -3.15 A5A6A5 1.5
1.575 3.65 3.15 A5A6A5 1.5
1.575 5.225 -3.15 A5A6A5 1.5
1.575 5.225 3.15 A5A6A5 1.5
1.575 6.8 -3.15 A5A6A5 1.5
1.575 6.8 3.15 A5A6A5 1.5
1.575 8.375 -3.15 557FB8 1.5
1.575 8.375 3.15 557FB8 1.5
1.575 9.950001 -3.15 557FB8 1.5
1.575 9.950001 3.15 557FB8 1.5
1.575 11.525 -3.15 557FB8 1.5
1.575 11.525 3.15 557FB8 1.5
1.575 13.1 -3.15 A5A6A5 1.5
1.575 13.1 3.15 A5A6A5 1.5
1.575 14.675 -3.15 A5A6A5 1.5
1.575 14.675 3.15 A5A6A5 1.5
1.575 16.25 -1.575 B9BAB9 1.5
1.575 16.25 1.575 B9BAB9 1.5
1.575 17.825 -1.575 B9BAB9 1.5
1.575 17.825 0 A5A6A5 1.5
1.575 17.825 1.575 B9BAB9 1.5
1.575 19.4 0 1B5E8C 1.5
3.15 2.075 -1.575 949394 1.5
3.15 2.075 0 949394 1.5
3.15 2.075 1.575 949394 1.5
3.15 3.65 -1.575 949394 1.5
3.15 3.65 0 949394 1.5
3.15 3.65 1.575 949394 1.5
3.15 5.225 -1.575 949394 1.5
3.15 5.225 0 949394 1.5
3.15 5.225 1.575 949394 1.5
3.15 6.8 -1.575 949394 1.5
3.15 6.8 0 949394 1.5
3.15 6.8 1.575 949394 1.5
3.15 8.375 -1.575 4F75AD 1.5
3.15 8.375 0 4F75AD 1.5
3.15 8.375 1.575 4F75AD 1.5
3.15 9.950001 -1.575 4F75AD 1.5
3.15 9.950001 0 4F75AD 1.5
3.15 9.950001 1.575 4F75AD 1.5
3.15 11.525 -1.575 4F75AD 1.5
3.15 11.525 0 4F75AD 1.5
3.15 11.525 1.575 4F75AD 1.5
3.15 13.1 -1.575 949394 1.5
3.15 13.1 0 949394 1.5
3.15 13.1 1.575 949394 1.5
3.15 14.675 -1.575 949394 1.5
3.15 14.675 0 949394 1.5
3.15 14.675 1.575 949394 1.5
1.575 16.25 0 A5A6A5 1.5
