-2.1 0.2 -2.1 5A5956 1
-2.1 0.2 -1.05 5A5956 1
-2.1 0.2 0 5A5956 1
-2.1 0.2 1.05 5A5956 1
-2.1 0.2 2.1 5A5956 1
-3.15 1.25 -2.1 5A5956 1
-3.15 1.25 -1.05 5A5956 1
-3.15 1.25 0 5A5956 1
-3.15 1.25 1.05 5A5956 1
-3.15 1.25 2.1 5A5956 1
-3.15 2.3 -2.1 6B6966 1
-3.15 2.3 -1.05 6B6966 1
-3.15 2.3 0 6B6966 1
-3.15 2.3 1.05 6B6966 1
-3.15 2.3 2.1 6B6966 1
-3.15 3.35 -2.1 2C2B29 1
-3.15 3.35 -1.05 2C2B29 1
-3.15 3.35 0 2C2B29 1
-3.15 3.35 1.05 2C2B29 1
-3.15 3.35 2.1 2C2B29 1
-3.15 4.4 -2.1 2C2B29 1
-3.15 4.4 -1.05 2C2B29 1
-3.15 4.4 0 2C2B29 1
-3.15 4.4 1.05 2C2B29 1
-3.15 4.4 2.1 2C2B29 1
-3.15 5.45 -2.1 2C2B29 1
-3.15 5.45 -1.05 2C2B29 1
-3.15 5.45 0 2C2B29 1
-3.15 5.45 1.05 2C2B29 1
-3.15 5.45 2.1 2C2B29 1
-3.15 6.5 -2.1 2C2B29 1
-3.15 6.5 -1.05 2C2B29 1
-3.15 6.5 0 2C2B29 1
-3.15 6.5 1.05 2C2B29 1
-3.15 6.5 2.1 2C2B29 1
-3.15 7.55 -2.1 2C2B29 1
-3.15 7.55 -1.05 2C2B29 1
-3.15 7.55 0 2C2B29 1
-3.15 7.55 1.05 2C2B29 1
-3.15 7.55 2.1 2C2B29 1
-3.15 8.599999 -2.1 2C2B29 1
-3.15 8.599999 -1.05 2C2B29 1
-3.15 8.599999 0 2C2B29 1
-3.15 8.599999 1.05 2C2B29 1
-3.15 8.599999 2.1 2C2B29 1
-3.15 9.65 -2.1 6B6966 1
-3.15 9.65 -1.05 6B6966 1
-3.15 9.65 0 6B6966 1
-3.15 9.65 1.05 6B6966 1
-3.15 9.65 2.1 6B6966 1
-2.1 10.7 -2.1 7E7976 1
-2.1 10.7 -1.05 7E7976 1
-2.1 10.7 0 7E7976 1
-2.1 10.7 1.05 7E7976 1
-2.1 10.7 2.1 7E7976 1
-2.1 11.75 -1.05 7E7976 1
-2.1 11.75 0 7E7976 1
-2.1 11.75 1.05 7E7976 1
-1.05 12.8 -1.05 7E7976 1
-1.05 12.8 0 7E7976 1
-1.05 12.8 1.05 7E7976 1
-1.05 13.85 0 6B6966 1
-1.05 14.9 0 6B6966 1
-1.05 15.95 0 6B6966 1
-1.05 17 0 6B6966 1
-1.05 18.05 0 2C2B29 1
-2.1 1.25 -3.15 6B6966 1
-2.1 1.25 3.15 6B6966 1
-2.1 2.3 -3.15 7E7976 1
-2.1 2.3 3.15 7E7976 1
-2.1 3.35 -3.15 393937 1
-2.1 3.35 3.15 393937 1
-2.1 4.4 -3.15 393937 1
-2.1 4.4 3.15 393937 1
-2.1 5.45 -3.15 393937 1
-2.1 5.45 3.15 393937 1
-2.1 6.5 -3.15 393937 1
-2.1 6.5 3.15 393937 1
-2.1 7.55 -3.15 393937 1
-2.1 7.55 3.15 393937 1
-2.1 8.599999 -3.15 393937 1
-2.1 8.599999 3.15 393937 1
-2.1 9.65 -3.15 7E7976 1
-2.1 9.65 3.15 7E7976 1
-2.1 11.75 -2.1 8C8984 1
-2.1 11.75 2.1 8C8984 1
-1.05 0.2 -2.1 7E7976 1
-1.05 0.2 -1.05 7E7976 1
-1.05 0.2 0 7E7976 1
-1.05 0.2 1.05 7E7976 1
-1.05 0.2 2.1 7E7976 1
-1.05 1.25 -3.15 6B6966 1
-1.05 1.25 3.15 6B6966 1
-1.05 2.3 -3.15 7E7976 1
-1.05 2.3 3.15 7E7976 1
-1.05 3.35 -3.15 7E7976 1
-1.05 3.35 3.15 7E7976 1
-1.05 4.4 -3.15 7E7976 1
-1.05 4.4 3.15 7E7976 1
-1.05 5.45 -3.15 7E7976 1
-1.05 5.45 3.15 7E7976 1
-1.05 6.5 -3.15 7E7976 1
-1.05 6.5 3.15 7E7976 1
-1.05 7.55 -3.15 7E7976 1
-1.05 7.55 3.15 7E7976 1
-1.05 8.599999 -3.15 7E7976 1
-1.05 8.599999 3.15 7E7976 1
-1.05 9.65 -3.15 7E7976 1
-1.05 9.65 3.15 7E7976 1
-1.05 10.7 -2.1 8C8984 1
-1.05 10.7 2.1 8C8984 1
-1.05 11.75 -2.1 8C8984 1
-1.05 11.75 2.1 8C8984 1
0 0.2 -2.1 7E7976 1
0 0.2 -1.05 7E7976 1
0 0.2 0 7E7976 1
0 0.2 1.05 7E7976 1
0 0.2 2.1 7E7976 1
0 1.25 -3.15 6B6966 1
0 1.25 3.15 6B6966 1
0 2.3 -3.15 7E7976 1
0 2.3 3.15 7E7976 1
0 3.35 -3.15 7E7976 1
0 3.35 3.15 7E7976 1
0 4.4 -3.15 7E7976 1
0 4.4 3.15 7E7976 1
0 5.45 -3.15 7E7976 1
0 5.45 3.15 7E7976 1
0 6.5 -3.15 7E7976 1
0 6.5 3.15 7E7976 1
0 7.55 -3.15 7E7976 1
0 7.55 3.15 7E7976 1
0 8.599999 -3.15 7E7976 1
0 8.599999 3.15 7E7976 1
0 9.65 -3.15 7E7976 1
0 9.65 3.15 7E7976 1
0 10.7 -2.1 8C8984 1
0 10.7 2.1 8C8984 1
0 11.75 -2.1 8C8984 1
0 11.75 2.1 8C8984 1
0 12.8 -1.05 8C8984 1
0 12.8 1.05 8C8984 1
0 13.85 -1.05 7E7976 1
0 13.85 1.05 7E7976 1
0 14.9 -1.05 7E7976 1
0 14.9 1.05 7E7976 1
0 15.95 -1.05 7E7976 1
0 15.95 1.05 7E7976 1
0 17 -1.05 7E7976 1
0 17 1.05 7E7976 1
0 18.05 -1.05 1E1D1B 1
0 18.05 1.05 1E1D1B 1
0 18.05 0 393937 1
1.05 0.2 -2.1 7E7976 1
1.05 0.2 -1.05 7E7976 1
1.05 0.2 0 7E7976 1
1.05 0.2 1.05 7E7976 1
1.05 0.2 2.1 7E7976 1
1.05 1.25 -3.15 6B6966 1
1.05 1.25 3.15 6B6966 1
1.05 2.3 -3.15 7E7976 1
1.05 2.3 3.15 7E7976 1
1.05 3.35 -3.15 7E7976 1
1.05 3.35 3.15 7E7976 1
1.05 4.4 -3.15 7E7976 1
1.05 4.4 3.15 7E7976 1
1.05 5.45 -3.15 7E7976 1
1.05 5.45 3.15 7E7976 1
1.05 6.5 -3.15 7E7976 1
1.05 6.5 3.15 7E7976 1
1.05 7.55 -3.15 7E7976 1
1.05 7.55 3.15 7E7976 1
1.05 8.599999 -3.15 7E7976 1
1.05 8.599999 3.15 7E7976 1
1.05 9.65 -3.15 7E7976 1
1.05 9.65 3.15 7E7976 1
1.05 10.7 -2.1 8C8984 1
1.05 10.7 2.1 8C8984 1
1.05 11.75 -2.1 8C8984 1
1.05 11.75 2.1 8C8984 1
1.05 12.8 -1.05 8C8984 1
1.05 12.8 1.05 8C8984 1
1.05 12.8 0 7E7976 1
1.05 13.85 0 6B6966 1
1.05 14.9 0 6B6966 1
1.05 15.95 0 6B6966 1
1.05 17 0 6B6966 1
1.05 18.05 0 2C2B29 1
2.1 0.2 -2.1 7E7976 1
2.1 0.2 -1.05 7E7976 1
2.1 0.2 0 7E7976 1
2.1 0.2 1.05 7E7976 1
2.1 0.2 2.1 7E7976 1
2.1 1.25 -3.15 6B6966 1
2.1 1.25 3.15 6B6966 1
2.1 2.3 -3.15 7E7976 1
2.1 2.3 3.15 7E7976 1
2.1 3.35 -3.15 393937 1
2.1 3.35 3.15 393937 1
2.1 4.4 -3.15 393937 1
2.1 4.4 3.15 393937 1
2.1 5.45 -3.15 393937 1
2.1 5.45 3.15 393937 1
2.1 6.5 -3.15 393937 1
2.1 6.5 3.15 393937 1
2.1 7.55 -3.15 393937 1
2.1 7.55 3.15 393937 1
2.1 8.599999 -3.15 393937 1
2.1 8.599999 3.15 393937 1
2.1 9.65 -3.15 7E7976 1
2.1 9.65 3.15 7E7976 1
2.1 10.7 -2.1 8C8984 1
2.1 10.7 2.1 8C8984 1
2.1 11.75 -2.1 8C8984 1
2.1 11.75 -1.05 7E7976 1
2.1 11.75 0 7E7976 1
2.1 11.75 1.05 7E7976 1
2.1 11.75 2.1 8C8984 1
3.15 1.25 -2.1 5A5956 1
3.15 1.25 -1.05 5A5956 1
3.15 1.25 0 5A5956 1
3.15 1.25 1.05 5A5956 1
3.15 1.25 2.1 5A5956 1
3.15 2.3 -2.1 6B6966 1
3.15 2.3 -1.05 6B6966 1
3.15 2.3 0 6B6966 1
3.15 2.3 1.05 6B6966 1
3.15 2.3 2.1 6B6966 1
3.15 3.35 -2.1 2C2B29 1
3.15 3.35 -1.05 2C2B29 1
3.15 3.35 0 2C2B29 1
3.15 3.35 1.05 2C2B29 1
3.15 3.35 2.1 2C2B29 1
3.15 4.4 -2.1 2C2B29 1
3.15 4.4 -1.05 2C2B29 1
3.15 4.4 0 2C2B29 1
3.15 4.4 1.05 2C2B29 1
3.15 4.4 2.1 2C2B29 1
3.15 5.45 -2.1 2C2B29 1
3.15 5.45 -1.05 2C2B29 1
3.15 5.45 0 2C2B29 1
3.15 5.45 1.05 2C2B29 1
3.15 5.45 2.1 2C2B29 1
3.15 6.5 -2.1 2C2B29 1
3.15 6.5 -1.05 2C2B29 1
3.15 6.5 0 2C2B29 1
3.15 6.5 1.05 2C2B29 1
3.15 6.5 2.1 2C2B29 1
3.15 7.55 -2.1 2C2B29 1
3.15 7.55 -1.05 2C2B29 1
3.15 7.55 0 2C2B29 1
3.15 7.55 1.05 2C2B29 1
3.15 7.55 2.1 2C2B29 1
3.15 8.599999 -2.1 2C2B29 1
3.15 8.599999 -1.05 2C2B29 1
3.15 8.599999 0 2C2B29 1
3.15 8.599999 1.05 2C2B29 1
3.15 8.599999 2.1 2C2B29 1
3.15 9.65 -2.1 6B6966 1
3.15 9.65 -1.05 6B6966 1
3.15 9.65 0 6B6966 1
3.15 9.65 1.05 6B6966 1
3.15 9.65 2.1 6B6966 1
2.1 10.7 -1.05 7E7976 1
2.1 10.7 0 7E7976 1
2.1 10.7 1.05 7E7976 1
