-11.34 -0.15 -5.67 B7ADAE 0.6
-11.34 -0.15 -5.04 93878D 0.6
-11.34 -0.15 -4.41 968A90 0.6
-11.34 -0.15 -3.78 9F9398 0.6
-11.34 -0.15 -1.89 B9B0B1 0.6
-11.34 -0.15 3.78 B8ADAE 0.6
-11.34 -0.15 4.41 B5ABAD 0.6
-11.34 -0.15 5.04 B9AFB0 0.6
-11.34 -0.15 5.67 BCB2B3 0.6
-6.93 0.48 -5.67 BB9489 0.6
-6.93 0.48 -5.04 C69E91 0.6
-6.93 0.48 -4.41 C49D90 0.6
-6.93 0.48 -3.78 CAA294 0.6
-11.34 -0.15 -3.15 E8E2DE 0.6
-6.93 0.48 -3.15 CBA394 0.6
-11.34 -0.15 -2.52 E8E2DE 0.6
-6.93 0.48 -2.52 C49D90 0.6
-7.56 0.48 -1.89 CABFBB 0.6
-11.34 -0.15 -1.26 8A7F87 0.6
-7.56 0.48 -1.26 CDC0BA 0.6
-11.34 -0.15 -0.63 8A8087 0.6
-7.56 0.48 -0.63 CCBEB9 0.6
-11.34 -0.15 0 8A8087 0.6
-7.56 0.48 0 CABBB6 0.6
-11.34 -0.15 0.63 897E86 0.6
-7.56 0.48 0.63 CEC0BB 0.6
-11.34 -0.15 1.26 8D838A 0.6
-7.56 0.48 1.26 D2C5BF 0.6
-11.34 -0.15 1.89 81767F 0.6
-7.56 0.48 1.89 D4C6C0 0.6
-11.34 -0.15 2.52 ECE7E3 0.6
-6.93 0.48 2.52 CFA899 0.6
-11.34 -0.15 3.15 EEE8E4 0.6
-6.93 0.48 3.15 CFA999 0.6
-6.93 0.48 3.78 D3AD9C 0.6
-6.93 0.48 4.41 D2AC9C 0.6
-6.93 0.48 5.04 D4AE9D 0.6
-6.93 0.48 5.67 CFA999 0.6
-6.93 1.11 -5.67 B7AEAF 0.6
-6.93 1.11 -5.04 BEB5B5 0.6
-6.93 1.11 -4.41 C1B8B7 0.6
-6.93 1.11 -3.78 BFB6B6 0.6
-6.93 1.11 -3.15 C4BBBB 0.6
-6.93 1.11 -2.52 C3B9B8 0.6
-7.56 1.11 -1.89 C0B6B5 0.6
-7.56 1.11 -1.26 ADA2A4 0.6
-7.56 1.11 -0.63 ADA1A3 0.6
-7.56 1.11 0 AEA2A3 0.6
-7.56 1.11 0.63 B1A5A7 0.6
-7.56 1.11 1.26 AFA4A5 0.6
-7.56 1.11 1.89 C6BCBB 0.6
-6.93 1.11 2.52 C7BEBE 0.6
-6.93 1.11 3.15 CCC5C3 0.6
-6.93 1.11 3.78 CDC5C4 0.6
-6.93 1.11 4.41 CCC5C3 0.6
-6.93 1.11 5.04 CCC4C3 0.6
-6.93 1.11 5.67 CAC2C1 0.6
-6.93 1.74 -5.67 B8AFAF 0.6
-6.93 1.74 -5.04 BAB1B1 0.6
-6.93 1.74 -4.41 C1B8B8 0.6
-6.93 1.74 -3.78 C2B8B8 0.6
-6.93 1.74 -3.15 C6BDBC 0.6
-6.93 1.74 -2.52 C0B7B7 0.6
-6.93 1.74 -1.89 C8BFBE 0.6
-6.93 1.74 -1.26 C4BCBB 0.6
-6.93 1.74 -0.63 C7BFBE 0.6
-6.93 1.74 0 C5BDBC 0.6
-6.93 1.74 0.63 C4BCBB 0.6
-6.93 1.74 1.26 C4BCBC 0.6
-6.93 1.74 1.89 C8C1C0 0.6
-6.93 1.74 2.52 C4BCBB 0.6
-6.93 1.74 3.15 C9C1C0 0.6
-6.93 1.74 3.78 CCC3C2 0.6
-6.93 1.74 4.41 CCC5C3 0.6
-6.93 1.74 5.04 CAC2C1 0.6
-6.93 1.74 5.67 C9C1C0 0.6
-6.93 2.37 -5.67 BAB1B1 0.6
-6.93 2.37 -5.04 BDB3B3 0.6
-6.93 2.37 -4.41 BEB5B5 0.6
-6.93 2.37 -3.78 C1B9B8 0.6
-6.93 2.37 -3.15 BEB5B5 0.6
-6.93 2.37 -2.52 BFB6B6 0.6
-6.93 2.37 -1.89 BEB4B4 0.6
-6.93 2.37 -1.26 BDB4B4 0.6
-6.93 2.37 -0.63 C0B7B7 0.6
-6.93 2.37 0 C2B9B9 0.6
-6.93 2.37 0.63 C2B8B8 0.6
-6.93 2.37 1.26 C2B9B9 0.6
-6.93 2.37 1.89 C7BFBE 0.6
-6.93 2.37 2.52 C7BEBD 0.6
-6.93 2.37 3.15 C7BFBE 0.6
-6.93 2.37 3.78 C8C0BF 0.6
-6.93 2.37 4.41 C9C0BF 0.6
-6.93 2.37 5.04 CCC4C3 0.6
-6.93 2.37 5.67 C9C0BF 0.6
-6.93 3 -5.67 BAB0B0 0.6
-6.93 3 -5.04 BCB3B3 0.6
-6.93 3 -4.41 BFB6B6 0.6
-6.93 3 -3.78 BDB3B3 0.6
-6.93 3 -3.15 20263C 0.6
-6.93 3 -2.52 20263D 0.6
-6.93 3 -1.89 BFB6B6 0.6
-6.93 3 -1.26 20263D 0.6
-6.93 3 -0.63 20263D 0.6
-6.93 3 0 BEB5B5 0.6
-6.93 3 0.63 20263D 0.6
-6.93 3 1.26 20263D 0.6
-6.93 3 1.89 C7BEBD 0.6
-6.93 3 2.52 20273D 0.6
-6.93 3 3.15 20273E 0.6
-6.93 3 3.78 C9C1C0 0.6
-6.93 3 4.41 C9C1C0 0.6
-6.93 3 5.04 CCC4C3 0.6
-6.93 3 5.67 CCC5C3 0.6
-6.93 3.63 -5.04 BCB3B4 0.6
-6.93 3.63 -4.41 BDB4B4 0.6
-6.93 3.63 -3.78 C1B8B8 0.6
-6.93 3.63 -3.15 C4BCBB 0.6
-6.93 3.63 -2.52 C4BBBB 0.6
-6.93 3.63 -1.89 C6BEBD 0.6
-6.93 3.63 -1.26 C4BCBB 0.6
-6.93 3.63 -0.63 C7BFBE 0.6
-6.93 3.63 0 C5BCBB 0.6
-6.93 3.63 0.63 C7BFBE 0.6
-6.93 3.63 1.26 C5BDBC 0.6
-6.93 3.63 1.89 CAC2C1 0.6
-6.93 3.63 2.52 CBC3C2 0.6
-6.93 3.63 3.15 C9C0C0 0.6
-6.93 3.63 3.78 CBC3C2 0.6
-6.93 3.63 4.41 CAC2C1 0.6
-6.93 3.63 5.04 CBC4C3 0.6
-6.93 4.26 -3.15 C2B9B9 0.6
-6.93 4.26 -2.52 C6BDBC 0.6
-6.93 4.26 -1.89 C6BEBD 0.6
-6.93 4.26 -1.26 C5BDBC 0.6
-6.93 4.26 -0.63 C5BCBC 0.6
-6.93 4.26 0 C7BFBF 0.6
-6.93 4.26 0.63 C6BDBC 0.6
-6.93 4.26 1.26 C7BFBE 0.6
-6.93 4.26 1.89 CAC3C2 0.6
-6.93 4.26 2.52 C7BFBE 0.6
-6.93 4.26 3.15 CAC2C1 0.6
-6.93 4.89 -1.26 C8C0BF 0.6
-6.93 4.89 -0.63 C9C1BF 0.6
-6.93 4.89 0 C7BEBD 0.6
-6.93 4.89 0.63 C7BFBE 0.6
-6.93 4.89 1.26 C9C1C0 0.6
-10.71 -0.15 -5.67 B8AEAF 0.6
-10.71 -0.15 5.67 C4BCBC 0.6
-10.71 -0.15 -5.04 E8E2DE 0.6
-10.71 -0.15 -4.41 E6E0DC 0.6
-10.71 -0.15 -3.78 E6E0DD 0.6
-10.71 -0.15 -3.15 E7E2DE 0.6
-10.71 -0.15 -2.52 E8E2DF 0.6
-10.71 -0.15 -1.89 7A6F7A 0.6
-10.71 -0.15 -1.26 887D85 0.6
-10.71 -0.15 -0.63 8A7F87 0.6
-10.71 -0.15 0 897F87 0.6
-10.71 -0.15 0.63 8C8189 0.6
-10.71 -0.15 1.26 8D828A 0.6
-10.71 -0.15 1.89 716773 0.6
-10.71 -0.15 2.52 EDE8E4 0.6
-10.71 -0.15 3.15 EEE8E4 0.6
-10.71 -0.15 3.78 EEE8E4 0.6
-10.71 -0.15 4.41 EFE9E5 0.6
-10.71 -0.15 5.04 F0EBE7 0.6
-10.08 -0.15 -5.67 BBB2B2 0.6
-10.08 -0.15 5.67 C4BCBB 0.6
-10.08 -0.15 -5.04 E3DDDA 0.6
-10.08 -0.15 -4.41 E4DEDB 0.6
-10.08 -0.15 -3.78 E6E0DC 0.6
-10.08 -0.15 -3.15 E5DFDB 0.6
-10.08 -0.15 -2.52 E9E3DF 0.6
-10.08 -0.15 -1.89 786E79 0.6
-10.08 -0.15 -1.26 867C84 0.6
-10.08 -0.15 -0.63 897F87 0.6
-10.08 -0.15 0 8B8188 0.6
-10.08 -0.15 0.63 897E86 0.6
-10.08 -0.15 1.26 887D85 0.6
-10.08 -0.15 1.89 706672 0.6
-10.08 -0.15 2.52 E7E2DE 0.6
-10.08 -0.15 3.15 EBE6E2 0.6
-10.08 -0.15 3.78 EDE7E3 0.6
-10.08 -0.15 4.41 EDE8E4 0.6
-10.08 -0.15 5.04 F0EBE7 0.6
-9.450001 -0.15 -5.67 B7AEAF 0.6
-9.450001 -0.15 5.67 C3BBBB 0.6
-9.450001 -0.15 -5.04 E7E1DD 0.6
-9.450001 -0.15 -4.41 E5DFDB 0.6
-9.450001 -0.15 -3.78 E4DEDB 0.6
-9.450001 -0.15 -3.15 E4DEDB 0.6
-9.450001 -0.15 -2.52 E2DCD8 0.6
-9.450001 -0.15 -1.89 746A75 0.6
-9.450001 -0.15 -1.26 857A83 0.6
-9.450001 -0.15 -0.63 837881 0.6
-9.450001 -0.15 0 877C84 0.6
-9.450001 -0.15 0.63 837881 0.6
-9.450001 -0.15 1.26 837881 0.6
-9.450001 -0.15 1.89 6D6370 0.6
-9.450001 -0.15 2.52 E6E0DD 0.6
-9.450001 -0.15 3.15 E8E2DF 0.6
-9.450001 -0.15 3.78 EAE4E0 0.6
-9.450001 -0.15 4.41 EEE8E4 0.6
-9.450001 -0.15 5.04 EFEAE6 0.6
-8.820001 -0.15 -5.67 BDB4B4 0.6
-8.820001 -0.15 5.67 C2B9BA 0.6
-8.820001 -0.15 -5.04 E3DDD9 0.6
-8.820001 -0.15 -4.41 E2DCD9 0.6
-8.820001 -0.15 -3.78 E2DCD9 0.6
-8.820001 -0.15 -3.15 E1DBD8 0.6
-8.820001 -0.15 -2.52 DED8D5 0.6
-8.820001 -0.15 -1.89 706671 0.6
-8.820001 -0.15 -1.26 82777F 0.6
-8.820001 -0.15 -0.63 81767F 0.6
-8.820001 -0.15 0 817680 0.6
-8.820001 -0.15 0.63 80757E 0.6
-8.820001 -0.15 1.26 7F757E 0.6
-8.820001 -0.15 1.89 6B616D 0.6
-8.820001 -0.15 2.52 E2DCD8 0.6
-8.820001 -0.15 3.15 E2DCD9 0.6
-8.820001 -0.15 3.78 E5DFDB 0.6
-8.820001 -0.15 4.41 E7E2DE 0.6
-8.820001 -0.15 5.04 ECE6E2 0.6
-8.190001 -0.15 -5.67 BDB5B5 0.6
-8.190001 -0.15 5.67 C3BABA 0.6
-8.190001 -0.15 -5.04 DFD8D5 0.6
-8.190001 -0.15 -4.41 DBD4D1 0.6
-8.190001 -0.15 -3.78 DDD6D3 0.6
-8.190001 -0.15 -3.15 D9D1CE 0.6
-8.190001 -0.15 -2.52 DBD4D1 0.6
-8.190001 -0.15 -1.89 726873 0.6
-8.190001 -0.15 -1.26 7F747E 0.6
-8.190001 -0.15 -0.63 81767F 0.6
-8.190001 -0.15 0 847981 0.6
-8.190001 -0.15 0.63 81767F 0.6
-8.190001 -0.15 1.26 827780 0.6
-8.190001 -0.15 1.89 6F6470 0.6
-8.190001 -0.15 2.52 DFD8D5 0.6
-8.190001 -0.15 3.15 DFD8D4 0.6
-8.190001 -0.15 3.78 E1DBD7 0.6
-8.190001 -0.15 4.41 E4DDDA 0.6
-8.190001 -0.15 5.04 E7E0DD 0.6
-7.56 -0.15 -5.67 C0B7B7 0.6
-7.56 -0.15 5.67 C5BDBD 0.6
-7.56 -0.15 -5.04 D7CECB 0.6
-7.56 -0.15 -4.41 D3C9C6 0.6
-7.56 -0.15 -3.78 D7CECA 0.6
-7.56 -0.15 -3.15 D4CAC7 0.6
-7.56 -0.15 -2.52 D1C8C6 0.6
-7.56 -0.15 -1.89 7B6F79 0.6
-7.56 -0.15 -1.26 7F727B 0.6
-7.56 -0.15 -0.63 7E717A 0.6
-7.56 -0.15 0 81747C 0.6
-7.56 -0.15 0.63 80737C 0.6
-7.56 -0.15 1.26 7D717A 0.6
-7.56 -0.15 1.89 7B6F79 0.6
-7.56 -0.15 2.52 DBD2CE 0.6
-7.56 -0.15 3.15 DAD1CD 0.6
-7.56 -0.15 3.78 DED6D2 0.6
-7.56 -0.15 4.41 DBD1CE 0.6
-7.56 -0.15 5.04 E0D7D3 0.6
-6.93 -0.15 -5.67 BDB4B5 0.6
-6.93 -0.15 -5.04 353246 0.6
-6.93 -0.15 -4.41 2C2B3F 0.6
-6.93 -0.15 -3.78 2C2B3F 0.6
-6.93 -0.15 -3.15 2B2A3E 0.6
-6.93 -0.15 -2.52 28283C 0.6
-6.93 -0.15 -1.89 202237 0.6
-6.93 -0.15 -1.26 202135 0.6
-6.93 -0.15 -0.63 202136 0.6
-6.93 -0.15 0 202135 0.6
-6.93 -0.15 0.63 202135 0.6
-6.93 -0.15 1.26 202236 0.6
-6.93 -0.15 1.89 232439 0.6
-6.93 -0.15 2.52 26273B 0.6
-6.93 -0.15 3.15 29283D 0.6
-6.93 -0.15 3.78 2E2C40 0.6
-6.93 -0.15 4.41 2D2B40 0.6
-6.93 -0.15 5.04 343145 0.6
-6.93 -0.15 5.67 6F6571 0.6
3.78 0.48 5.67 CBA596 0.6
3.78 1.11 5.67 C7BFBE 0.6
3.78 1.74 5.67 C9C2C1 0.6
3.78 2.37 5.67 C7C0BF 0.6
10.71 3 -5.67 BFB8BB 0.6
10.71 3 5.67 C4BCBE 0.6
-6.93 3.63 -5.67 F5F0EB 0.6
10.71 3.63 -5.04 C1BABD 0.6
10.71 3.63 -4.41 BFB8BB 0.6
10.71 3.63 -3.78 C4BCBF 0.6
-3.15 3.63 -3.15 4E4A69 0.6
-3.15 3.63 3.15 575270 0.6
10.71 3.63 3.78 C3BCBF 0.6
10.71 3.63 4.41 C3BCBF 0.6
10.71 3.63 5.04 C7C0C3 0.6
-6.93 3.63 5.67 F9F4EF 0.6
-6.93 4.26 -3.78 F8F3EE 0.6
-6.93 4.26 -4.41 F7F2ED 0.6
10.71 4.26 -3.15 C9C2C4 0.6
10.71 4.26 -2.52 C4BDC1 0.6
10.71 4.26 -1.89 C0B8BB 0.6
-3.15 4.26 -1.26 4E4968 0.6
-3.15 4.26 1.26 54506F 0.6
10.71 4.26 1.89 C5BEC1 0.6
10.71 4.26 2.52 C8C1C4 0.6
10.71 4.26 3.15 C8C1C4 0.6
-6.93 4.26 3.78 F9F4EF 0.6
-6.93 4.26 4.41 FBF6F1 0.6
-6.93 4.89 -1.89 F8F3EE 0.6
-6.93 4.89 -2.52 F7F2ED 0.6
10.71 4.89 -1.26 C8C1C3 0.6
10.71 4.89 -0.63 C8C1C4 0.6
10.71 4.89 0 C8C1C3 0.6
10.71 4.89 0.63 CCC5C8 0.6
10.71 4.89 1.26 CCC5C7 0.6
-6.93 4.89 1.89 FAF6F0 0.6
-6.93 4.89 2.52 FAF5F0 0.6
-6.93 5.52 -0.63 F7F2ED 0.6
-6.93 5.52 0 FBF6F1 0.6
-6.93 5.52 0.63 FAF5F0 0.6
-6.3 -0.15 -5.67 BFB6B6 0.6
-6.3 -0.15 -5.04 2C2B40 0.6
-6.3 -0.15 -4.41 202237 0.6
-6.3 -0.15 -3.78 201F34 0.6
-6.3 -0.15 -3.15 202237 0.6
-6.3 -0.15 -2.52 201F33 0.6
-6.3 -0.15 -1.89 201E33 0.6
-6.3 -0.15 -1.26 201E33 0.6
-6.3 -0.15 -0.63 201C31 0.6
-6.3 -0.15 0 201B2F 0.6
-6.3 -0.15 0.63 201E32 0.6
-6.3 -0.15 1.26 201E32 0.6
-6.3 -0.15 1.89 201F34 0.6
-6.3 -0.15 2.52 202035 0.6
-6.3 -0.15 3.15 202135 0.6
-6.3 -0.15 3.78 202237 0.6
-6.3 -0.15 4.41 222438 0.6
-6.3 -0.15 5.04 302E42 0.6
-6.3 -0.15 5.67 6B616E 0.6
-6.3 0.48 -5.67 C59E91 0.6
-6.3 0.48 5.67 C9A294 0.6
-6.3 1.11 -5.67 C1B8B8 0.6
-6.3 1.11 5.67 C4BCBC 0.6
-6.3 1.74 -5.67 C4BCBB 0.6
-6.3 1.74 5.67 C8C0BF 0.6
-6.3 2.37 -5.67 C5BDBC 0.6
-6.3 2.37 5.67 C9C1C0 0.6
-6.3 3 -5.67 7C7798 0.6
-6.3 3 5.67 7D7898 0.6
-6.3 3.63 -3.78 7A7696 0.6
-6.3 3 -5.04 797495 0.6
-6.3 3.63 -4.41 787394 0.6
-6.3 3.63 3.78 7B7696 0.6
-6.3 3.63 4.41 7A7595 0.6
-6.3 3 5.04 7B7697 0.6
-6.3 4.26 -1.89 797495 0.6
-6.3 3.63 -3.15 797495 0.6
-6.3 4.26 -2.52 7A7595 0.6
-6.3 4.26 1.89 787393 0.6
-6.3 4.26 2.52 7B7697 0.6
-6.3 3.63 3.15 7A7596 0.6
-6.3 4.26 -1.26 797595 0.6
-6.3 4.89 -0.63 7A7596 0.6
-6.3 4.89 0 7A7595 0.6
-6.3 4.89 0.63 787494 0.6
-6.3 4.26 1.26 797495 0.6
-5.67 -0.15 -5.67 BEB6B6 0.6
-5.67 -0.15 -5.04 29293E 0.6
-5.67 -0.15 -4.41 212338 0.6
-5.67 -0.15 -3.78 201F34 0.6
-5.67 -0.15 -3.15 201D32 0.6
-5.67 -0.15 -2.52 201B30 0.6
-5.67 -0.15 -1.89 201B30 0.6
-5.67 -0.15 -1.26 201E33 0.6
-5.67 -0.15 -0.63 201B30 0.6
-5.67 -0.15 0 201A2F 0.6
-5.67 -0.15 0.63 20192F 0.6
-5.67 -0.15 1.26 201B30 0.6
-5.67 -0.15 1.89 201D31 0.6
-5.67 -0.15 2.52 201E33 0.6
-5.67 -0.15 3.15 201D32 0.6
-5.67 -0.15 3.78 201F33 0.6
-5.67 -0.15 4.41 202237 0.6
-5.67 -0.15 5.04 2A2A3E 0.6
-5.67 -0.15 5.67 6D636F 0.6
-5.67 0.48 -5.67 C49E91 0.6
-5.67 0.48 5.67 CBA596 0.6
-5.67 1.11 -5.67 BFB6B6 0.6
-5.67 1.11 5.67 C6BEBD 0.6
-5.67 1.74 -5.67 C0B8B8 0.6
-5.67 1.74 5.67 CBC3C2 0.6
-5.67 2.37 -5.67 C6BEBE 0.6
-5.67 2.37 5.67 CAC2C1 0.6
-5.67 3 -5.67 807B9B 0.6
-5.67 3 5.67 8480A0 0.6
-5.67 3.63 -3.78 827E9E 0.6
-5.67 3 -5.04 817D9D 0.6
-5.67 3.63 -4.41 817D9D 0.6
-5.67 3.63 3.78 827D9E 0.6
-5.67 3.63 4.41 827E9E 0.6
-5.67 3 5.04 817D9D 0.6
-5.67 4.26 -1.89 827D9D 0.6
-5.67 3.63 -3.15 827E9E 0.6
-5.67 4.26 -2.52 817D9D 0.6
-5.67 4.26 1.89 827D9E 0.6
-5.67 4.26 2.52 827D9E 0.6
-5.67 3.63 3.15 807C9C 0.6
-5.67 4.26 -1.26 817C9D 0.6
-5.67 4.89 -0.63 827D9E 0.6
-5.67 4.89 0 837E9F 0.6
-5.67 4.89 0.63 837E9F 0.6
-5.67 4.26 1.26 837E9F 0.6
-5.04 -0.15 -5.67 BFB7B7 0.6
-5.04 -0.15 -5.04 25263B 0.6
-5.04 -0.15 -4.41 212338 0.6
-5.04 -0.15 -3.78 201D32 0.6
-5.04 -0.15 -3.15 201D31 0.6
-5.04 -0.15 -2.52 201C30 0.6
-5.04 -0.15 -1.89 201B30 0.6
-5.04 -0.15 -1.26 201A2F 0.6
-5.04 -0.15 -0.63 201C31 0.6
-5.04 -0.15 0 201B30 0.6
-5.04 -0.15 0.63 201B30 0.6
-5.04 -0.15 1.26 201C31 0.6
-5.04 -0.15 1.89 201D31 0.6
-5.04 -0.15 2.52 201A2F 0.6
-5.04 -0.15 3.15 201D32 0.6
-5.04 -0.15 3.78 201E33 0.6
-5.04 -0.15 4.41 202034 0.6
-5.04 -0.15 5.04 2A2A3F 0.6
-5.04 -0.15 5.67 695F6C 0.6
-5.04 0.48 -5.67 C6A092 0.6
-5.04 0.48 5.67 C8A294 0.6
-5.04 1.11 -5.67 C2BAB9 0.6
-5.04 1.11 5.67 C6BEBD 0.6
-5.04 1.74 -5.67 C6BDBD 0.6
-5.04 1.74 5.67 CAC2C1 0.6
-5.04 2.37 -5.67 C6BEBE 0.6
-5.04 2.37 5.67 CAC2C1 0.6
-5.04 3 -5.67 827D9D 0.6
-5.04 3 5.67 8581A1 0.6
-5.04 3.63 -3.78 827E9E 0.6
-5.04 3 -5.04 817C9D 0.6
-5.04 3.63 -4.41 827E9E 0.6
-5.04 3.63 3.78 847F9F 0.6
-5.04 3.63 4.41 8480A0 0.6
-5.04 3 5.04 8480A0 0.6
-5.04 4.26 -1.89 827D9E 0.6
-5.04 3.63 -3.15 847FA0 0.6
-5.04 4.26 -2.52 837E9F 0.6
-5.04 4.26 1.89 847F9F 0.6
-5.04 4.26 2.52 837E9E 0.6
-5.04 3.63 3.15 8580A1 0.6
-5.04 4.26 -1.26 847F9F 0.6
-5.04 4.89 -0.63 8580A1 0.6
-5.04 4.89 0 8580A1 0.6
-5.04 4.89 0.63 8580A1 0.6
-5.04 4.26 1.26 8581A1 0.6
-4.41 -0.15 -5.67 C4BBBB 0.6
-4.41 -0.15 -5.04 2B2A3F 0.6
-4.41 -0.15 -4.41 202236 0.6
-4.41 -0.15 -3.78 201F33 0.6
-4.41 -0.15 -3.15 201E32 0.6
-4.41 -0.15 -2.52 201B2F 0.6
-4.41 -0.15 -1.89 201D32 0.6
-4.41 -0.15 -1.26 201B30 0.6
-4.41 -0.15 -0.63 201A2F 0.6
-4.41 -0.15 0 201C31 0.6
-4.41 -0.15 0.63 201A2F 0.6
-4.41 -0.15 1.26 20192F 0.6
-4.41 -0.15 1.89 201A2F 0.6
-4.41 -0.15 2.52 201B30 0.6
-4.41 -0.15 3.15 201C30 0.6
-4.41 -0.15 3.78 201C30 0.6
-4.41 -0.15 4.41 202035 0.6
-4.41 -0.15 5.04 2A2A3F 0.6
-4.41 -0.15 5.67 6C626F 0.6
-4.41 0.48 -5.67 C7A093 0.6
-4.41 0.48 5.67 C59F91 0.6
-4.41 1.11 -5.67 C0B8B8 0.6
-4.41 1.11 5.67 C8C0BF 0.6
-4.41 1.74 -5.67 C3BBBB 0.6
-4.41 1.74 5.67 C8C1C0 0.6
-4.41 2.37 -5.67 C7C0BF 0.6
-4.41 2.37 5.67 CBC4C3 0.6
-4.41 3 -5.67 827D9E 0.6
-4.41 3 5.67 847FA0 0.6
-4.41 3.63 -3.78 827D9E 0.6
-4.41 3 -5.04 827D9E 0.6
-4.41 3.63 -4.41 827D9D 0.6
-4.41 3.63 3.78 8581A1 0.6
-4.41 3.63 4.41 8581A1 0.6
-4.41 3 5.04 8580A0 0.6
-4.41 4.26 -1.89 837E9E 0.6
-4.41 3.63 -3.15 847FA0 0.6
-4.41 4.26 -2.52 837F9F 0.6
-4.41 4.26 1.89 847FA0 0.6
-4.41 4.26 2.52 837E9F 0.6
-4.41 3.63 3.15 8480A0 0.6
-4.41 4.26 -1.26 837F9F 0.6
-4.41 4.89 -0.63 847F9F 0.6
-4.41 4.89 0 837E9E 0.6
-4.41 4.89 0.63 8581A1 0.6
-4.41 4.26 1.26 8480A0 0.6
-3.78 -0.15 -5.67 C2BABA 0.6
-3.78 -0.15 -5.04 28283D 0.6
-3.78 -0.15 -4.41 202237 0.6
-3.78 -0.15 -3.78 201E33 0.6
-3.78 -0.15 -3.15 201C31 0.6
-3.78 -0.15 -2.52 201D32 0.6
-3.78 -0.15 -1.89 201B2F 0.6
-3.78 -0.15 -1.26 201E33 0.6
-3.78 -0.15 -0.63 20162F 0.6
-3.78 -0.15 0 201B2F 0.6
-3.78 -0.15 0.63 20192F 0.6
-3.78 -0.15 1.26 201B30 0.6
-3.78 -0.15 1.89 20162F 0.6
-3.78 -0.15 2.52 201D32 0.6
-3.78 -0.15 3.15 201A2F 0.6
-3.78 -0.15 3.78 201D32 0.6
-3.78 -0.15 4.41 201F34 0.6
-3.78 -0.15 5.04 2C2B40 0.6
-3.78 -0.15 5.67 6B616E 0.6
-3.78 0.48 -5.67 C6A093 0.6
-3.78 0.48 5.67 C8A294 0.6
-3.78 1.11 -5.67 C3BBBA 0.6
-3.78 1.11 5.67 C7BFBE 0.6
-3.78 1.74 -5.67 C2BABA 0.6
-3.78 1.74 5.67 C5BDBD 0.6
-3.78 2.37 -5.67 C6BFBE 0.6
-3.78 2.37 5.67 C9C0BF 0.6
-3.78 3 -5.67 837F9F 0.6
-3.78 3 5.67 8581A1 0.6
-3.78 3.63 -3.15 FFFFFE 0.6
-3.78 3 -5.04 847F9F 0.6
-3.78 3.63 -4.41 827D9E 0.6
-3.78 3.63 -3.78 252D44 0.6
-3.78 3.63 3.15 CAC3C3 0.6
-3.78 3.63 3.78 252D45 0.6
-3.78 3.63 4.41 8480A1 0.6
-3.78 3 5.04 847FA0 0.6
-3.78 4.26 -1.26 262E46 0.6
-3.78 3.63 -2.52 252E45 0.6
-3.78 4.26 -1.89 262E46 0.6
-3.78 4.26 1.26 252E45 0.6
-3.78 4.26 1.89 252E45 0.6
-3.78 3.63 2.52 242C44 0.6
-3.78 4.26 -0.63 252D45 0.6
-3.78 4.89 0 FFFFFF 0.6
-3.78 4.26 0.63 262E46 0.6
-3.15 -0.15 -5.67 C2BABA 0.6
-3.15 -0.15 -5.04 25263B 0.6
-3.15 -0.15 -4.41 212338 0.6
-3.15 -0.15 -3.78 201D32 0.6
-3.15 -0.15 -3.15 201E33 0.6
-3.15 -0.15 -2.52 20192F 0.6
-3.15 -0.15 -1.89 20182F 0.6
-3.15 -0.15 -1.26 201B30 0.6
-3.15 -0.15 -0.63 201C31 0.6
-3.15 -0.15 0 20192F 0.6
-3.15 -0.15 0.63 201B30 0.6
-3.15 -0.15 1.26 201C30 0.6
-3.15 -0.15 1.89 201A2F 0.6
-3.15 -0.15 2.52 201D32 0.6
-3.15 -0.15 3.15 201A2F 0.6
-3.15 -0.15 3.78 201D32 0.6
-3.15 -0.15 4.41 201F34 0.6
-3.15 -0.15 5.04 2A293E 0.6
-3.15 -0.15 5.67 6E6471 0.6
-3.15 0.48 -5.67 C6A092 0.6
-3.15 0.48 5.67 C9A294 0.6
-3.15 1.11 -5.67 C5BDBC 0.6
-3.15 1.11 5.67 C5BDBD 0.6
-3.15 1.74 -5.67 C8C0C0 0.6
-3.15 1.74 5.67 C7BFBE 0.6
-3.15 2.37 -5.67 C6BEBD 0.6
-3.15 2.37 5.67 CAC3C2 0.6
-3.15 3 -5.67 827D9E 0.6
-3.15 3 5.67 8581A1 0.6
-3.15 3.63 -3.78 837E9E 0.6
-3.15 3 -5.04 827E9E 0.6
-3.15 3.63 -4.41 837E9F 0.6
-0.63 3.63 -3.15 504C6A 0.6
-0.63 3.63 3.15 534F6E 0.6
-3.15 3.63 3.78 827E9E 0.6
-3.15 3.63 4.41 847F9F 0.6
-3.15 3 5.04 8480A0 0.6
-3.15 4.26 -1.89 827D9E 0.6
-3.15 4.26 -2.52 847FA0 0.6
-0.63 4.26 -1.26 514D6B 0.6
-0.63 4.26 1.26 524D6C 0.6
-3.15 4.26 1.89 8581A1 0.6
-3.15 4.26 2.52 8581A1 0.6
-3.15 4.89 -0.63 847FA0 0.6
-3.15 4.89 0 8580A0 0.6
-3.15 4.89 0.63 8581A1 0.6
-2.52 -0.15 -5.67 C1B9B9 0.6
-2.52 -0.15 -5.04 2A293E 0.6
-2.52 -0.15 -4.41 202237 0.6
-2.52 -0.15 -3.78 201E33 0.6
-2.52 -0.15 -3.15 201C30 0.6
-2.52 -0.15 -2.52 201B30 0.6
-2.52 -0.15 -1.89 201A2F 0.6
-2.52 -0.15 -1.26 201B30 0.6
-2.52 -0.15 -0.63 201B30 0.6
-2.52 -0.15 0 201A2F 0.6
-2.52 -0.15 0.63 201C30 0.6
-2.52 -0.15 1.26 20192F 0.6
-2.52 -0.15 1.89 20162F 0.6
-2.52 -0.15 2.52 201D32 0.6
-2.52 -0.15 3.15 201E33 0.6
-2.52 -0.15 3.78 201D31 0.6
-2.52 -0.15 4.41 201E33 0.6
-2.52 -0.15 5.04 2A2A3E 0.6
-2.52 -0.15 5.67 6E6370 0.6
-2.52 0.48 -5.67 C9A395 0.6
-2.52 0.48 5.67 CAA395 0.6
-2.52 1.11 -5.67 C7BFBF 0.6
-2.52 1.11 5.67 C6BEBE 0.6
-2.52 1.74 -5.67 C6BEBD 0.6
-2.52 1.74 5.67 C7BFBE 0.6
-2.52 2.37 -5.67 C9C2C1 0.6
-2.52 2.37 5.67 CBC3C2 0.6
-2.52 3 -5.67 847FA0 0.6
-2.52 3 5.67 8480A0 0.6
-2.52 3.63 -3.78 837E9F 0.6
-2.52 3 -5.04 837E9F 0.6
-2.52 3.63 -4.41 837E9F 0.6
-2.52 3.63 3.78 8480A0 0.6
-2.52 3.63 4.41 8480A0 0.6
-2.52 3 5.04 8581A1 0.6
-2.52 4.26 -1.89 8580A1 0.6
-2.52 3.63 -3.15 847FA0 0.6
-2.52 4.26 -2.52 8580A1 0.6
-2.52 4.26 1.89 8480A0 0.6
-2.52 4.26 2.52 8681A1 0.6
-2.52 3.63 3.15 8581A1 0.6
-2.52 4.26 -1.26 8580A0 0.6
-2.52 4.89 -0.63 837E9E 0.6
-2.52 4.89 0 847FA0 0.6
-2.52 4.89 0.63 8782A3 0.6
-2.52 4.26 1.26 8782A3 0.6
-1.89 -0.15 -5.67 C4BCBC 0.6
-1.89 -0.15 -5.04 26263B 0.6
-1.89 -0.15 -4.41 202136 0.6
-1.89 -0.15 -3.78 201E33 0.6
-1.89 -0.15 -3.15 20182F 0.6
-1.89 -0.15 -2.52 201A2F 0.6
-1.89 -0.15 -1.89 201C30 0.6
-1.89 -0.15 -1.26 20182F 0.6
-1.89 -0.15 -0.63 201A2F 0.6
-1.89 -0.15 0 20162F 0.6
-1.89 -0.15 0.63 20162F 0.6
-1.89 -0.15 1.26 201B30 0.6
-1.89 -0.15 1.89 201C31 0.6
-1.89 -0.15 2.52 201C31 0.6
-1.89 -0.15 3.15 201C30 0.6
-1.89 -0.15 3.78 202034 0.6
-1.89 -0.15 4.41 202035 0.6
-1.89 -0.15 5.04 2B2A3F 0.6
-1.89 -0.15 5.67 6C626F 0.6
-1.89 0.48 -5.67 CAA596 0.6
-1.89 0.48 5.67 C7A093 0.6
-1.89 1.11 -5.67 C8C0BF 0.6
-1.89 1.11 5.67 C9C1C0 0.6
-1.89 1.74 -5.67 C6BEBD 0.6
-1.89 1.74 5.67 C7BEBE 0.6
-1.89 2.37 -5.67 C9C1C0 0.6
-1.89 2.37 5.67 C9C2C1 0.6
-1.89 3 -5.67 847F9F 0.6
-1.89 3 5.67 847FA0 0.6
-1.89 3.63 -3.78 847FA0 0.6
-1.89 3 -5.04 827E9E 0.6
-1.89 3.63 -4.41 837E9F 0.6
-1.89 3.63 3.78 8581A1 0.6
-1.89 3.63 4.41 8681A2 0.6
-1.89 3 5.04 837F9F 0.6
-1.89 4.26 -1.89 8480A0 0.6
-1.89 3.63 -3.15 827E9E 0.6
-1.89 4.26 -2.52 8580A0 0.6
-1.89 4.26 1.89 8581A1 0.6
-1.89 4.26 2.52 8580A1 0.6
-1.89 3.63 3.15 8682A2 0.6
-1.89 4.26 -1.26 8480A0 0.6
-1.89 4.89 -0.63 8480A0 0.6
-1.89 4.89 0 847FA0 0.6
-1.89 4.89 0.63 8480A0 0.6
-1.89 4.26 1.26 8580A0 0.6
-1.26 -0.15 -5.67 C6BEBD 0.6
-1.26 -0.15 -5.04 29293E 0.6
-1.26 -0.15 -4.41 212338 0.6
-1.26 -0.15 -3.78 201B30 0.6
-1.26 -0.15 -3.15 201D32 0.6
-1.26 -0.15 -2.52 201B30 0.6
-1.26 -0.15 -1.89 201B30 0.6
-1.26 -0.15 -1.26 201A2F 0.6
-1.26 -0.15 -0.63 201C31 0.6
-1.26 -0.15 0 201C31 0.6
-1.26 -0.15 0.63 201A2F 0.6
-1.26 -0.15 1.26 20192F 0.6
-1.26 -0.15 1.89 201B30 0.6
-1.26 -0.15 2.52 201A2F 0.6
-1.26 -0.15 3.15 201B30 0.6
-1.26 -0.15 3.78 201E33 0.6
-1.26 -0.15 4.41 201F34 0.6
-1.26 -0.15 5.04 2D2C41 0.6
-1.26 -0.15 5.67 6D636F 0.6
-1.26 0.48 -5.67 C8A294 0.6
-1.26 0.48 5.67 C8A294 0.6
-1.26 1.11 -5.67 C4BCBB 0.6
-1.26 1.11 5.67 C7BFBE 0.6
-1.26 1.74 -5.67 C6BFBE 0.6
-1.26 1.74 5.67 CBC3C2 0.6
-1.26 2.37 -5.67 C9C1C0 0.6
-1.26 2.37 5.67 CEC7C5 0.6
-1.26 3 -5.67 837E9E 0.6
-1.26 3 5.67 8682A2 0.6
-1.26 3.63 -3.15 FFFEF9 0.6
-1.26 3 -5.04 827D9D 0.6
-1.26 3.63 -4.41 837F9F 0.6
-1.26 3.63 -3.78 232B43 0.6
-1.26 3.63 3.15 B9B2B4 0.6
-1.26 3.63 3.78 232B43 0.6
-1.26 3.63 4.41 8580A1 0.6
-1.26 3 5.04 837FA0 0.6
-1.26 4.26 -1.26 232B43 0.6
-1.26 3.63 -2.52 242C44 0.6
-1.26 4.26 -1.89 242C43 0.6
-1.26 4.26 1.26 232A42 0.6
-1.26 4.26 1.89 232B42 0.6
-1.26 3.63 2.52 232B42 0.6
-1.26 4.26 -0.63 232B42 0.6
-1.26 4.89 0 FFFFFA 0.6
-1.26 4.26 0.63 222A42 0.6
-0.63 -0.15 -5.67 C6BEBD 0.6
-0.63 -0.15 -5.04 2A2A3E 0.6
-0.63 -0.15 -4.41 202136 0.6
-0.63 -0.15 -3.78 202035 0.6
-0.63 -0.15 -3.15 201B30 0.6
-0.63 -0.15 -2.52 20192F 0.6
-0.63 -0.15 -1.89 20192F 0.6
-0.63 -0.15 -1.26 20162F 0.6
-0.63 -0.15 -0.63 20162F 0.6
-0.63 -0.15 0 201B30 0.6
-0.63 -0.15 0.63 20162F 0.6
-0.63 -0.15 1.26 20192F 0.6
-0.63 -0.15 1.89 20162F 0.6
-0.63 -0.15 2.52 201A2F 0.6
-0.63 -0.15 3.15 201B30 0.6
-0.63 -0.15 3.78 201E32 0.6
-0.63 -0.15 4.41 201E33 0.6
-0.63 -0.15 5.04 2A293E 0.6
-0.63 -0.15 5.67 6B616E 0.6
-0.63 0.48 -5.67 C9A395 0.6
-0.63 0.48 5.67 C9A395 0.6
-0.63 1.11 -5.67 C5BDBC 0.6
-0.63 1.11 5.67 C7BEBD 0.6
-0.63 1.74 -5.67 C7BFBE 0.6
-0.63 1.74 5.67 C6BEBD 0.6
-0.63 2.37 -5.67 C9C1C0 0.6
-0.63 2.37 5.67 CAC2C1 0.6
-0.63 3 -5.67 8681A1 0.6
-0.63 3 5.67 8581A1 0.6
-0.63 3 -5.04 827E9E 0.6
-0.63 3.63 -4.41 837E9F 0.6
-0.63 3.63 -3.78 232B42 0.6
-0.63 3.63 3.78 232B42 0.6
-0.63 3.63 4.41 8580A1 0.6
-0.63 3 5.04 8681A1 0.6
-0.63 3.63 -2.52 232A42 0.6
-0.63 4.26 -1.89 232B42 0.6
-0.63 4.26 1.89 232B43 0.6
-0.63 3.63 2.52 232B43 0.6
-0.63 4.26 -0.63 232B43 0.6
-0.63 4.89 0 FFFFFE 0.6
-0.63 4.26 0.63 232B43 0.6
0 -0.15 -5.67 C7BFBE 0.6
0 -0.15 -5.04 29293E 0.6
0 -0.15 -4.41 202236 0.6
0 -0.15 -3.78 201C31 0.6
0 -0.15 -3.15 201C31 0.6
0 -0.15 -2.52 20162F 0.6
0 -0.15 -1.89 201D32 0.6
0 -0.15 -1.26 20162F 0.6
0 -0.15 -0.63 201F33 0.6
0 -0.15 0 20162F 0.6
0 -0.15 0.63 20162F 0.6
0 -0.15 1.26 201A2F 0.6
0 -0.15 1.89 201A2F 0.6
0 -0.15 2.52 201D32 0.6
0 -0.15 3.15 201C31 0.6
0 -0.15 3.78 202135 0.6
0 -0.15 4.41 201F34 0.6
0 -0.15 5.04 29293E 0.6
0 -0.15 5.67 6E6370 0.6
0 0.48 -5.67 C8A394 0.6
0 1.74 -5.67 C9C1C0 0.6
0 0.48 5.67 C8A294 0.6
0 1.11 -5.67 C5BDBD 0.6
0 1.11 5.67 C8C0C0 0.6
0 1.74 5.67 C6BDBD 0.6
0 2.37 -5.67 C9C2C0 0.6
0 2.37 5.67 CAC3C2 0.6
0 3 -5.67 837E9E 0.6
0 3 5.67 8783A3 0.6
0 3.63 -3.78 8681A1 0.6
0 3 -5.04 8480A0 0.6
0 3.63 -4.41 837F9F 0.6
2.52 3.63 -3.15 534E6D 0.6
2.52 3.63 3.15 55506F 0.6
0 3.63 3.78 8681A1 0.6
0 3.63 4.41 8581A1 0.6
0 3 5.04 8581A1 0.6
0 4.26 -1.89 847FA0 0.6
0 3.63 -3.15 8581A1 0.6
0 4.26 -2.52 847FA0 0.6
2.52 4.26 -1.26 4F4B6A 0.6
2.52 4.26 1.26 524D6C 0.6
0 4.26 1.89 847FA0 0.6
0 4.26 2.52 8581A1 0.6
0 3.63 3.15 8580A1 0.6
0 4.26 -1.26 847FA0 0.6
0 4.89 -0.63 8580A0 0.6
0 4.89 0 8581A1 0.6
0 4.89 0.63 8581A1 0.6
0 4.26 1.26 8782A2 0.6
0.63 -0.15 -5.67 C6BFBE 0.6
0.63 -0.15 -5.04 29293E 0.6
0.63 -0.15 -4.41 202237 0.6
0.63 -0.15 -3.78 201F34 0.6
0.63 -0.15 -3.15 201B30 0.6
0.63 -0.15 -2.52 201B30 0.6
0.63 -0.15 -1.89 20192F 0.6
0.63 -0.15 -1.26 201B30 0.6
0.63 -0.15 -0.63 20162F 0.6
0.63 -0.15 0 20162F 0.6
0.63 -0.15 0.63 20162F 0.6
0.63 -0.15 1.26 201A2F 0.6
0.63 -0.15 1.89 201B30 0.6
0.63 -0.15 2.52 201C31 0.6
0.63 -0.15 3.15 201D31 0.6
0.63 -0.15 3.78 201E32 0.6
0.63 -0.15 4.41 201E33 0.6
0.63 -0.15 5.04 2A2A3E 0.6
0.63 -0.15 5.67 6C626F 0.6
0.63 0.48 -5.67 CAA496 0.6
0.63 0.48 5.67 C8A294 0.6
0.63 1.11 -5.67 C6BEBD 0.6
0.63 1.11 5.67 C6BEBE 0.6
0.63 1.74 -5.67 C6BEBD 0.6
0.63 1.74 5.67 C7BFBE 0.6
0.63 2.37 -5.67 C9C1C0 0.6
0.63 2.37 5.67 CBC4C3 0.6
0.63 3 -5.67 827E9E 0.6
0.63 3 5.67 8681A2 0.6
0.63 3.63 -3.78 8480A0 0.6
0.63 3 -5.04 8480A0 0.6
0.63 3.63 -4.41 847FA0 0.6
0.63 3.63 3.78 8580A1 0.6
0.63 3.63 4.41 8480A0 0.6
0.63 3 5.04 8480A0 0.6
0.63 4.26 -1.89 8480A0 0.6
0.63 3.63 -3.15 847FA0 0.6
0.63 4.26 -2.52 837E9F 0.6
0.63 4.26 1.89 8681A2 0.6
0.63 4.26 2.52 8581A1 0.6
0.63 3.63 3.15 847FA0 0.6
0.63 4.26 -1.26 8480A0 0.6
0.63 4.89 -0.63 8581A1 0.6
0.63 4.89 0 8580A1 0.6
0.63 4.89 0.63 8580A1 0.6
0.63 4.26 1.26 8681A1 0.6
1.26 -0.15 -5.67 C6BEBD 0.6
1.26 -0.15 -5.04 2A2A3F 0.6
1.26 -0.15 -4.41 222338 0.6
1.26 -0.15 -3.78 201C31 0.6
1.26 -0.15 -3.15 201D31 0.6
1.26 -0.15 -2.52 20192F 0.6
1.26 -0.15 -1.89 201A2F 0.6
1.26 -0.15 -1.26 20192F 0.6
1.26 -0.15 -0.63 20162F 0.6
1.26 -0.15 0 20162F 0.6
1.26 -0.15 0.63 20162F 0.6
1.26 -0.15 1.26 201A2F 0.6
1.26 -0.15 1.89 20182F 0.6
1.26 -0.15 2.52 201A2F 0.6
1.26 -0.15 3.15 201C31 0.6
1.26 -0.15 3.78 201B30 0.6
1.26 -0.15 4.41 202135 0.6
1.26 -0.15 5.04 2A2A3F 0.6
1.26 -0.15 5.67 6B626F 0.6
1.26 0.48 -5.67 C8A294 0.6
1.26 0.48 5.67 C7A294 0.6
1.26 1.11 -5.67 C9C2C1 0.6
1.26 1.11 5.67 C8C0BF 0.6
1.26 1.74 -5.67 C8C0BF 0.6
1.26 1.74 5.67 C7BFBE 0.6
1.26 2.37 -5.67 C9C2C1 0.6
1.26 2.37 5.67 C9C2C1 0.6
1.26 3 -5.67 837F9F 0.6
1.26 3 5.67 8581A1 0.6
1.26 3.63 -3.78 847FA0 0.6
1.26 3 -5.04 847FA0 0.6
1.26 3.63 -4.41 847F9F 0.6
1.26 3.63 3.78 8681A1 0.6
1.26 3.63 4.41 847FA0 0.6
1.26 3 5.04 847FA0 0.6
1.26 4.26 -1.89 8681A1 0.6
1.26 3.63 -3.15 827D9E 0.6
1.26 4.26 -2.52 8480A0 0.6
1.26 4.26 1.89 8681A2 0.6
1.26 4.26 2.52 8580A1 0.6
1.26 3.63 3.15 8580A1 0.6
1.26 4.26 -1.26 8480A0 0.6
1.26 4.89 -0.63 8581A1 0.6
1.26 4.89 0 8681A2 0.6
1.26 4.89 0.63 8681A2 0.6
1.26 4.26 1.26 8682A2 0.6
1.89 -0.15 -5.67 C5BDBD 0.6
1.89 -0.15 -5.04 28283D 0.6
1.89 -0.15 -4.41 212338 0.6
1.89 -0.15 -3.78 201D32 0.6
1.89 -0.15 -3.15 201D32 0.6
1.89 -0.15 -2.52 201B2F 0.6
1.89 -0.15 -1.89 201B2F 0.6
1.89 -0.15 -1.26 20162F 0.6
1.89 -0.15 -0.63 20162F 0.6
1.89 -0.15 0 20162F 0.6
1.89 -0.15 0.63 20162F 0.6
1.89 -0.15 1.26 201B30 0.6
1.89 -0.15 1.89 20172F 0.6
1.89 -0.15 2.52 201B30 0.6
1.89 -0.15 3.15 201C30 0.6
1.89 -0.15 3.78 201E33 0.6
1.89 -0.15 4.41 201F33 0.6
1.89 -0.15 5.04 2C2B40 0.6
1.89 -0.15 5.67 6D626F 0.6
1.89 0.48 -5.67 C7A193 0.6
1.89 0.48 5.67 C9A395 0.6
1.89 1.11 -5.67 C6BEBD 0.6
1.89 1.11 5.67 C8C0BF 0.6
1.89 1.74 -5.67 C9C1C0 0.6
1.89 1.74 5.67 C9C2C1 0.6
1.89 2.37 -5.67 CCC5C3 0.6
1.89 2.37 5.67 C9C1C0 0.6
1.89 3 -5.67 8581A1 0.6
1.89 3 5.67 8580A1 0.6
1.89 3.63 -3.15 FFFFFE 0.6
1.89 3 -5.04 847FA0 0.6
1.89 3.63 -4.41 827E9E 0.6
1.89 3.63 -3.78 252E45 0.6
1.89 3.63 3.15 C7C1C1 0.6
1.89 3.63 3.78 252D45 0.6
1.89 3.63 4.41 8581A1 0.6
1.89 3 5.04 8480A0 0.6
1.89 4.26 -1.26 252E45 0.6
1.89 3.63 -2.52 262E45 0.6
1.89 4.26 -1.89 262E46 0.6
1.89 4.26 1.26 262E46 0.6
1.89 4.26 1.89 252D45 0.6
1.89 3.63 2.52 262E46 0.6
1.89 4.26 -0.63 252D45 0.6
1.89 4.89 0 FFFFFF 0.6
1.89 4.26 0.63 252E45 0.6
2.52 -0.15 -5.67 C3BBBB 0.6
2.52 -0.15 -5.04 29293D 0.6
2.52 -0.15 -4.41 202237 0.6
2.52 -0.15 -3.78 201E32 0.6
2.52 -0.15 -3.15 201D32 0.6
2.52 -0.15 -2.52 201A2F 0.6
2.52 -0.15 -1.89 20182F 0.6
2.52 -0.15 -1.26 201B2F 0.6
2.52 -0.15 -0.63 20162F 0.6
2.52 -0.15 0 20162F 0.6
2.52 -0.15 0.63 20162F 0.6
2.52 -0.15 1.26 20162F 0.6
2.52 -0.15 1.89 201B30 0.6
2.52 -0.15 2.52 201C31 0.6
2.52 -0.15 3.15 201A2F 0.6
2.52 -0.15 3.78 201D32 0.6
2.52 -0.15 4.41 201E33 0.6
2.52 -0.15 5.04 2A293E 0.6
2.52 -0.15 5.67 6C616E 0.6
2.52 0.48 -5.67 CCA697 0.6
2.52 0.48 5.67 CAA496 0.6
2.52 1.11 -5.67 C7BFBE 0.6
2.52 1.11 5.67 C6BFBE 0.6
2.52 1.74 -5.67 C9C2C0 0.6
2.52 1.74 5.67 C6BEBD 0.6
2.52 2.37 -5.67 C8C1C0 0.6
2.52 2.37 5.67 C9C2C1 0.6
2.52 3 -5.67 827D9E 0.6
2.52 3 5.67 8581A1 0.6
2.52 3.63 -3.78 847FA0 0.6
2.52 3 -5.04 837E9F 0.6
2.52 3.63 -4.41 8480A1 0.6
5.04 3.63 -3.15 514D6B 0.6
5.04 3.63 3.15 56516F 0.6
2.52 3.63 3.78 847FA0 0.6
2.52 3.63 4.41 837F9F 0.6
2.52 3 5.04 8580A1 0.6
2.52 4.26 -1.89 827E9E 0.6
2.52 4.26 -2.52 8681A2 0.6
5.04 4.26 -1.26 524E6D 0.6
5.04 4.26 1.26 534F6E 0.6
2.52 4.26 1.89 8682A2 0.6
2.52 4.26 2.52 8681A2 0.6
2.52 4.89 -0.63 847F9F 0.6
2.52 4.89 0 8480A0 0.6
2.52 4.89 0.63 8480A0 0.6
3.15 -0.15 -5.67 C7C0BF 0.6
3.15 -0.15 -5.04 2A293E 0.6
3.15 -0.15 -4.41 202236 0.6
3.15 -0.15 -3.78 201D32 0.6
3.15 -0.15 -3.15 201C30 0.6
3.15 -0.15 -2.52 201A2F 0.6
3.15 -0.15 -1.89 201C31 0.6
3.15 -0.15 -1.26 201A2F 0.6
3.15 -0.15 -0.63 20192F 0.6
3.15 -0.15 0 201B30 0.6
3.15 -0.15 0.63 201A2F 0.6
3.15 -0.15 1.26 201B30 0.6
3.15 -0.15 1.89 20162F 0.6
3.15 -0.15 2.52 201B30 0.6
3.15 -0.15 3.15 201B30 0.6
3.15 -0.15 3.78 201E33 0.6
3.15 -0.15 4.41 202035 0.6
3.15 -0.15 5.04 2A2A3E 0.6
3.15 -0.15 5.67 6C626F 0.6
3.15 0.48 -5.67 CBA597 0.6
3.15 0.48 5.67 CCA697 0.6
3.15 1.11 -5.67 C9C1C0 0.6
3.15 1.11 5.67 C6BEBD 0.6
3.15 1.74 -5.67 C8C1BF 0.6
3.15 1.74 5.67 C8C1C0 0.6
3.15 2.37 -5.67 CCC4C3 0.6
3.15 2.37 5.67 C7C0BF 0.6
3.15 3 -5.67 827D9D 0.6
3.15 3 5.67 8480A0 0.6
3.15 3.63 -3.78 8580A1 0.6
3.15 3 -5.04 837E9E 0.6
3.15 3.63 -4.41 847F9F 0.6
3.15 3.63 3.78 8581A1 0.6
3.15 3.63 4.41 8480A0 0.6
3.15 3 5.04 847FA0 0.6
3.15 4.26 -1.89 8480A0 0.6
3.15 3.63 -3.15 8480A0 0.6
3.15 4.26 -2.52 8480A0 0.6
3.15 4.26 1.89 8581A1 0.6
3.15 4.26 2.52 8682A2 0.6
3.15 3.63 3.15 8480A0 0.6
3.15 4.26 -1.26 8580A1 0.6
3.15 4.89 -0.63 8580A1 0.6
3.15 4.89 0 8581A1 0.6
3.15 4.89 0.63 8681A2 0.6
3.15 4.26 1.26 8480A0 0.6
3.78 -0.15 -5.67 C7BFBF 0.6
3.78 -0.15 -5.04 2B2A3F 0.6
3.78 -0.15 -4.41 202237 0.6
3.78 -0.15 -3.78 201D32 0.6
3.78 -0.15 -3.15 201B30 0.6
3.78 -0.15 -2.52 20162F 0.6
3.78 -0.15 -1.89 201B2F 0.6
3.78 -0.15 -1.26 201B30 0.6
3.78 -0.15 -0.63 201C31 0.6
3.78 -0.15 0 201A2F 0.6
3.78 -0.15 0.63 201C30 0.6
3.78 -0.15 1.26 201A2F 0.6
3.78 -0.15 1.89 201A2F 0.6
3.78 -0.15 2.52 201B30 0.6
3.78 -0.15 3.15 201C31 0.6
3.78 -0.15 3.78 201E33 0.6
3.78 -0.15 4.41 202034 0.6
3.78 -0.15 5.04 2B2B3F 0.6
3.78 -0.15 5.67 6D6370 0.6
3.78 0.48 -5.67 CAA596 0.6
3.78 1.11 -5.67 C6BFBE 0.6
3.78 1.74 -5.67 C8C1C0 0.6
3.78 2.37 -5.67 C9C1C0 0.6
3.78 3 -5.67 837F9F 0.6
3.78 3 5.67 8580A0 0.6
3.78 3.63 -3.78 847FA0 0.6
3.78 3 -5.04 8480A0 0.6
3.78 3.63 -4.41 847F9F 0.6
3.78 3.63 3.78 847F9F 0.6
3.78 3.63 4.41 8480A0 0.6
3.78 3 5.04 8580A0 0.6
3.78 4.26 -1.89 8480A0 0.6
3.78 3.63 -3.15 8480A0 0.6
3.78 4.26 -2.52 837F9F 0.6
3.78 4.26 1.89 8580A0 0.6
3.78 4.26 2.52 8681A2 0.6
3.78 3.63 3.15 8580A1 0.6
3.78 4.26 -1.26 847FA0 0.6
3.78 4.89 -0.63 8581A1 0.6
3.78 4.89 0 8581A1 0.6
3.78 4.89 0.63 8681A1 0.6
3.78 4.26 1.26 8681A2 0.6
4.41 -0.15 -5.67 C6BFBE 0.6
4.41 -0.15 -5.04 28283D 0.6
4.41 -0.15 -4.41 202035 0.6
4.41 -0.15 -3.78 201E33 0.6
4.41 -0.15 -3.15 201D32 0.6
4.41 -0.15 -2.52 201B30 0.6
4.41 -0.15 -1.89 201A2F 0.6
4.41 -0.15 -1.26 20192F 0.6
4.41 -0.15 -0.63 201A2F 0.6
4.41 -0.15 0 20162F 0.6
4.41 -0.15 0.63 20182F 0.6
4.41 -0.15 1.26 201B30 0.6
4.41 -0.15 1.89 201A2F 0.6
4.41 -0.15 2.52 201D31 0.6
4.41 -0.15 3.15 201B30 0.6
4.41 -0.15 3.78 201F34 0.6
4.41 -0.15 4.41 201E33 0.6
4.41 -0.15 5.04 2E2C41 0.6
4.41 -0.15 5.67 6B616E 0.6
4.41 0.48 -5.67 CCA697 0.6
4.41 0.48 5.67 C7A193 0.6
4.41 1.11 -5.67 C7BFBE 0.6
4.41 1.11 5.67 C7BFBF 0.6
4.41 1.74 -5.67 C9C1C0 0.6
4.41 1.74 5.67 CAC3C2 0.6
4.41 2.37 -5.67 C7C0BF 0.6
4.41 2.37 5.67 CAC2C2 0.6
4.41 3 -5.67 8580A1 0.6
4.41 3 5.67 8480A0 0.6
4.41 3.63 -3.15 FFFDF7 0.6
4.41 3 -5.04 8581A1 0.6
4.41 3.63 -4.41 847FA0 0.6
4.41 3.63 -3.78 222A41 0.6
4.41 3.63 3.15 B7AFB3 0.6
4.41 3.63 3.78 222A41 0.6
4.41 3.63 4.41 8581A1 0.6
4.41 3 5.04 8580A1 0.6
4.41 4.26 -1.26 222941 0.6
4.41 3.63 -2.52 222A41 0.6
4.41 4.26 -1.89 222A41 0.6
4.41 4.26 1.26 222941 0.6
4.41 4.26 1.89 222A41 0.6
4.41 3.63 2.52 222A41 0.6
4.41 4.26 -0.63 222A41 0.6
4.41 4.89 0 FFFFFA 0.6
4.41 4.26 0.63 222A41 0.6
5.04 -0.15 -5.67 C9C2C1 0.6
5.04 -0.15 -5.04 29293D 0.6
5.04 -0.15 -4.41 202136 0.6
5.04 -0.15 -3.78 201D31 0.6
5.04 -0.15 -3.15 201C30 0.6
5.04 -0.15 -2.52 201D32 0.6
5.04 -0.15 -1.89 201B30 0.6
5.04 -0.15 -1.26 201C31 0.6
5.04 -0.15 -0.63 201A2F 0.6
5.04 -0.15 0 201B30 0.6
5.04 -0.15 0.63 201A2F 0.6
5.04 -0.15 1.26 201B2F 0.6
5.04 -0.15 1.89 201B30 0.6
5.04 -0.15 2.52 201B30 0.6
5.04 -0.15 3.15 201B30 0.6
5.04 -0.15 3.78 201E33 0.6
5.04 -0.15 4.41 202135 0.6
5.04 -0.15 5.04 2E2C41 0.6
5.04 -0.15 5.67 6E6470 0.6
5.04 0.48 -5.67 CCA798 0.6
5.04 0.48 5.67 CAA495 0.6
5.04 1.11 -5.67 C7C0BF 0.6
5.04 1.11 5.67 C6BEBD 0.6
5.04 1.74 -5.67 C8C0BF 0.6
5.04 1.74 5.67 C6BEBD 0.6
5.04 2.37 -5.67 C8C0BF 0.6
5.04 2.37 5.67 CDC5C4 0.6
5.04 3 -5.67 837F9F 0.6
5.04 3 5.67 8580A1 0.6
5.04 3 -5.04 8580A1 0.6
5.04 3.63 -4.41 8681A2 0.6
5.04 3.63 -3.78 242C44 0.6
5.04 3.63 3.78 252D44 0.6
5.04 3.63 4.41 8480A0 0.6
5.04 3 5.04 837E9F 0.6
5.04 3.63 -2.52 242C44 0.6
5.04 4.26 -1.89 242C44 0.6
5.04 4.26 1.89 242C44 0.6
5.04 3.63 2.52 242C43 0.6
5.04 4.26 -0.63 252D44 0.6
5.04 4.89 0 FFFFFE 0.6
5.04 4.26 0.63 242C44 0.6
5.67 -0.15 -5.67 C6BEBE 0.6
5.67 -0.15 -5.04 28283D 0.6
5.67 -0.15 -4.41 212338 0.6
5.67 -0.15 -3.78 201E33 0.6
5.67 -0.15 -3.15 201A2F 0.6
5.67 -0.15 -2.52 201A2F 0.6
5.67 -0.15 -1.89 201B30 0.6
5.67 -0.15 -1.26 20192F 0.6
5.67 -0.15 -0.63 20162F 0.6
5.67 -0.15 0 20162F 0.6
5.67 -0.15 0.63 201B30 0.6
5.67 -0.15 1.26 201B30 0.6
5.67 -0.15 1.89 201B2F 0.6
5.67 -0.15 2.52 201A2F 0.6
5.67 -0.15 3.15 201D32 0.6
5.67 -0.15 3.78 201D32 0.6
5.67 -0.15 4.41 201F33 0.6
5.67 -0.15 5.04 2B2B3F 0.6
5.67 -0.15 5.67 6A606E 0.6
5.67 0.48 -5.67 CCA797 0.6
5.67 0.48 5.67 C7A093 0.6
5.67 1.11 -5.67 C7C0BF 0.6
5.67 1.11 5.67 CAC3C1 0.6
5.67 1.74 -5.67 C7BFBE 0.6
5.67 1.74 5.67 C9C2C1 0.6
5.67 2.37 -5.67 CBC4C2 0.6
5.67 2.37 5.67 C9C1C0 0.6
5.67 3 -5.67 837E9E 0.6
5.67 3 5.67 8580A1 0.6
5.67 3.63 -3.78 8480A0 0.6
5.67 3 -5.04 8480A0 0.6
5.67 3.63 -4.41 8480A0 0.6
8.190001 3.63 -3.15 514D6C 0.6
8.190001 3.63 3.15 534E6D 0.6
5.67 3.63 3.78 8480A0 0.6
5.67 3.63 4.41 8480A0 0.6
5.67 3 5.04 837F9F 0.6
5.67 4.26 -1.89 8580A1 0.6
5.67 3.63 -3.15 8581A1 0.6
5.67 4.26 -2.52 8580A1 0.6
8.190001 4.26 -1.26 534F6D 0.6
8.190001 4.26 1.26 544F6E 0.6
5.67 4.26 1.89 837E9F 0.6
5.67 4.26 2.52 837F9F 0.6
5.67 3.63 3.15 8480A0 0.6
5.67 4.26 -1.26 8580A1 0.6
5.67 4.89 -0.63 8782A2 0.6
5.67 4.89 0 8681A1 0.6
5.67 4.89 0.63 8580A1 0.6
5.67 4.26 1.26 8681A2 0.6
6.3 -0.15 -5.67 C6BEBD 0.6
6.3 -0.15 -5.04 29293D 0.6
6.3 -0.15 -4.41 212338 0.6
6.3 -0.15 -3.78 201F33 0.6
6.3 -0.15 -3.15 201A2F 0.6
6.3 -0.15 -2.52 201B30 0.6
6.3 -0.15 -1.89 201B30 0.6
6.3 -0.15 -1.26 201C31 0.6
6.3 -0.15 -0.63 20192F 0.6
6.3 -0.15 0 201B30 0.6
6.3 -0.15 0.63 201C31 0.6
6.3 -0.15 1.26 20192F 0.6
6.3 -0.15 1.89 20192F 0.6
6.3 -0.15 2.52 201E33 0.6
6.3 -0.15 3.15 201A2F 0.6
6.3 -0.15 3.78 201F33 0.6
6.3 -0.15 4.41 202136 0.6
6.3 -0.15 5.04 2B2A3F 0.6
6.3 -0.15 5.67 6D6370 0.6
6.3 0.48 -5.67 C9A395 0.6
6.3 0.48 5.67 CAA496 0.6
6.3 1.11 -5.67 CAC2C1 0.6
6.3 1.11 5.67 C8C0BF 0.6
6.3 1.74 -5.67 C8C0C0 0.6
6.3 1.74 5.67 CAC2C1 0.6
6.3 2.37 -5.67 CBC3C2 0.6
6.3 2.37 5.67 CAC2C1 0.6
6.3 3 -5.67 8580A1 0.6
6.3 3 5.67 8480A0 0.6
6.3 3.63 -3.78 847F9F 0.6
6.3 3 -5.04 8480A0 0.6
6.3 3.63 -4.41 8480A0 0.6
6.3 3.63 3.78 8681A1 0.6
6.3 3.63 4.41 8580A1 0.6
6.3 3 5.04 837E9F 0.6
6.3 4.26 -1.89 8681A1 0.6
6.3 3.63 -3.15 837F9F 0.6
6.3 4.26 -2.52 8480A0 0.6
6.3 4.26 1.89 837E9E 0.6
6.3 4.26 2.52 847FA0 0.6
6.3 3.63 3.15 8581A1 0.6
6.3 4.26 -1.26 8480A0 0.6
6.3 4.89 -0.63 8782A2 0.6
6.3 4.89 0 8681A1 0.6
6.3 4.89 0.63 8581A1 0.6
6.3 4.26 1.26 8581A1 0.6
6.93 -0.15 -5.67 C7BFBF 0.6
6.93 -0.15 -5.04 28283D 0.6
6.93 -0.15 -4.41 212338 0.6
6.93 -0.15 -3.78 202135 0.6
6.93 -0.15 -3.15 201A2F 0.6
6.93 -0.15 -2.52 201B30 0.6
6.93 -0.15 -1.89 20172F 0.6
6.93 -0.15 -1.26 201B30 0.6
6.93 -0.15 -0.63 20162F 0.6
6.93 -0.15 0 201A2F 0.6
6.93 -0.15 0.63 201A2F 0.6
6.93 -0.15 1.26 201A2F 0.6
6.93 -0.15 1.89 201C31 0.6
6.93 -0.15 2.52 201C30 0.6
6.93 -0.15 3.15 201B2F 0.6
6.93 -0.15 3.78 201D32 0.6
6.93 -0.15 4.41 202034 0.6
6.93 -0.15 5.04 2B2B3F 0.6
6.93 -0.15 5.67 6B616E 0.6
6.93 0.48 -5.67 CDA798 0.6
6.93 0.48 5.67 C9A395 0.6
6.93 1.11 -5.67 C9C2C1 0.6
6.93 1.11 5.67 C6BEBE 0.6
6.93 1.74 -5.67 C9C2C1 0.6
6.93 1.74 5.67 C8C1C0 0.6
6.93 2.37 -5.67 CAC3C2 0.6
6.93 2.37 5.67 CAC2C1 0.6
6.93 3 -5.67 8480A0 0.6
6.93 3 5.67 8480A0 0.6
6.93 3.63 -3.78 847FA0 0.6
6.93 3 -5.04 8681A2 0.6
6.93 3.63 -4.41 8681A2 0.6
6.93 3.63 3.78 8682A2 0.6
6.93 3.63 4.41 8480A0 0.6
6.93 3 5.04 8580A1 0.6
6.93 4.26 -1.89 8580A1 0.6
6.93 3.63 -3.15 8681A2 0.6
6.93 4.26 -2.52 8782A3 0.6
6.93 4.26 1.89 847FA0 0.6
6.93 4.26 2.52 847F9F 0.6
6.93 3.63 3.15 8682A2 0.6
6.93 4.26 -1.26 8480A0 0.6
6.93 4.89 -0.63 8480A0 0.6
6.93 4.89 0 847FA0 0.6
6.93 4.89 0.63 8581A1 0.6
6.93 4.26 1.26 8580A1 0.6
7.56 -0.15 -5.67 C9C2C1 0.6
7.56 -0.15 -5.04 28283C 0.6
7.56 -0.15 -4.41 202236 0.6
7.56 -0.15 -3.78 201C31 0.6
7.56 -0.15 -3.15 201D31 0.6
7.56 -0.15 -2.52 201E33 0.6
7.56 -0.15 -1.89 201B2F 0.6
7.56 -0.15 -1.26 201B30 0.6
7.56 -0.15 -0.63 201A2F 0.6
7.56 -0.15 0 201A2F 0.6
7.56 -0.15 0.63 201B30 0.6
7.56 -0.15 1.26 20192F 0.6
7.56 -0.15 1.89 20182F 0.6
7.56 -0.15 2.52 201B30 0.6
7.56 -0.15 3.15 201E32 0.6
7.56 -0.15 3.78 201E33 0.6
7.56 -0.15 4.41 202035 0.6
7.56 -0.15 5.04 2B2A3F 0.6
7.56 -0.15 5.67 695F6C 0.6
7.56 0.48 -5.67 CFA99A 0.6
7.56 0.48 5.67 CBA596 0.6
7.56 1.11 -5.67 CBC3C2 0.6
7.56 1.11 5.67 C7C0BF 0.6
7.56 1.74 -5.67 C9C0BF 0.6
7.56 1.74 5.67 C8C1C0 0.6
7.56 2.37 -5.67 CCC5C4 0.6
7.56 2.37 5.67 C9C2C1 0.6
7.56 3 -5.67 8480A0 0.6
7.56 3 5.67 837F9F 0.6
7.56 3.63 -3.15 FFFFFF 0.6
7.56 3 -5.04 8580A1 0.6
7.56 3.63 -4.41 8480A0 0.6
7.56 3.63 -3.78 262E46 0.6
7.56 3.63 3.15 C7C0C0 0.6
7.56 3.63 3.78 252E45 0.6
7.56 3.63 4.41 8480A0 0.6
7.56 3 5.04 8480A0 0.6
7.56 4.26 -1.26 262E46 0.6
7.56 3.63 -2.52 252E45 0.6
7.56 4.26 -1.89 252E45 0.6
7.56 4.26 1.26 252D45 0.6
7.56 4.26 1.89 262E46 0.6
7.56 3.63 2.52 252D45 0.6
7.56 4.26 -0.63 252D45 0.6
7.56 4.89 0 FFFFFF 0.6
7.56 4.26 0.63 262E46 0.6
8.190001 -0.15 -5.67 C6BEBE 0.6
8.190001 -0.15 -5.04 29293E 0.6
8.190001 -0.15 -4.41 202236 0.6
8.190001 -0.15 -3.78 201D32 0.6
8.190001 -0.15 -3.15 201E32 0.6
8.190001 -0.15 -2.52 201A2F 0.6
8.190001 -0.15 -1.89 201D31 0.6
8.190001 -0.15 -1.26 201B30 0.6
8.190001 -0.15 -0.63 201B30 0.6
8.190001 -0.15 0 201D32 0.6
8.190001 -0.15 0.63 201C30 0.6
8.190001 -0.15 1.26 201C31 0.6
8.190001 -0.15 1.89 201D31 0.6
8.190001 -0.15 2.52 201B30 0.6
8.190001 -0.15 3.15 201B30 0.6
8.190001 -0.15 3.78 201E33 0.6
8.190001 -0.15 4.41 202034 0.6
8.190001 -0.15 5.04 2B2B3F 0.6
8.190001 -0.15 5.67 6A606D 0.6
8.190001 0.48 -5.67 CDA798 0.6
8.190001 0.48 5.67 CBA597 0.6
8.190001 1.11 -5.67 C9C1C0 0.6
8.190001 1.11 5.67 C7BFBF 0.6
8.190001 1.74 -5.67 CBC4C3 0.6
8.190001 1.74 5.67 C3BBBB 0.6
8.190001 2.37 -5.67 C9C2C1 0.6
8.190001 2.37 5.67 C8C0BF 0.6
8.190001 3 -5.67 847FA0 0.6
8.190001 3 5.67 847FA0 0.6
8.190001 3.63 -3.78 847FA0 0.6
8.190001 3 -5.04 847FA0 0.6
8.190001 3.63 -4.41 847FA0 0.6
8.190001 3.63 3.78 8580A1 0.6
8.190001 3.63 4.41 8681A2 0.6
8.190001 3 5.04 8480A0 0.6
8.190001 4.26 -1.89 8580A1 0.6
8.190001 4.26 -2.52 8480A0 0.6
8.190001 4.26 1.89 837F9F 0.6
8.190001 4.26 2.52 837F9F 0.6
8.190001 4.89 -0.63 8580A1 0.6
8.190001 4.89 0 8480A0 0.6
8.190001 4.89 0.63 8580A1 0.6
8.820001 -0.15 -5.67 CAC2C1 0.6
8.820001 -0.15 -5.04 29293E 0.6
8.820001 -0.15 -4.41 202135 0.6
8.820001 -0.15 -3.78 202035 0.6
8.820001 -0.15 -3.15 201C31 0.6
8.820001 -0.15 -2.52 201B2F 0.6
8.820001 -0.15 -1.89 201C31 0.6
8.820001 -0.15 -1.26 201B30 0.6
8.820001 -0.15 -0.63 20192F 0.6
8.820001 -0.15 0 201C31 0.6
8.820001 -0.15 0.63 201A2F 0.6
8.820001 -0.15 1.26 201B30 0.6
8.820001 -0.15 1.89 201B2F 0.6
8.820001 -0.15 2.52 201C31 0.6
8.820001 -0.15 3.15 201C31 0.6
8.820001 -0.15 3.78 201F34 0.6
8.820001 -0.15 4.41 202034 0.6
8.820001 -0.15 5.04 2B2A3F 0.6
8.820001 -0.15 5.67 695F6D 0.6
8.820001 0.48 -5.67 CFAA9A 0.6
8.820001 0.48 5.67 CBA596 0.6
8.820001 1.11 -5.67 C9C1C0 0.6
8.820001 1.11 5.67 C3BBBB 0.6
8.820001 1.74 -5.67 CAC2C1 0.6
8.820001 1.74 5.67 C7BFBE 0.6
8.820001 2.37 -5.67 CAC2C1 0.6
8.820001 2.37 5.67 C8C0BF 0.6
8.820001 3 -5.67 847FA0 0.6
8.820001 3 5.67 847F9F 0.6
8.820001 3.63 -3.78 8480A0 0.6
8.820001 3 -5.04 8480A0 0.6
8.820001 3.63 -4.41 8480A0 0.6
8.820001 3.63 3.78 8480A0 0.6
8.820001 3.63 4.41 847FA0 0.6
8.820001 3 5.04 847FA0 0.6
8.820001 4.26 -1.89 837F9F 0.6
8.820001 3.63 -3.15 837E9F 0.6
8.820001 4.26 -2.52 837F9F 0.6
8.820001 4.26 1.89 827D9E 0.6
8.820001 4.26 2.52 827D9E 0.6
8.820001 3.63 3.15 837E9F 0.6
8.820001 4.26 -1.26 8580A0 0.6
8.820001 4.89 -0.63 8581A1 0.6
8.820001 4.89 0 837F9F 0.6
8.820001 4.89 0.63 8580A0 0.6
8.820001 4.26 1.26 837E9F 0.6
9.450001 -0.15 -5.67 C9C1C0 0.6
9.450001 -0.15 -5.04 29293D 0.6
9.450001 -0.15 -4.41 212338 0.6
9.450001 -0.15 -3.78 202136 0.6
9.450001 -0.15 -3.15 201D32 0.6
9.450001 -0.15 -2.52 201F33 0.6
9.450001 -0.15 -1.89 201C31 0.6
9.450001 -0.15 -1.26 201E32 0.6
9.450001 -0.15 -0.63 201D31 0.6
9.450001 -0.15 0 201C31 0.6
9.450001 -0.15 0.63 201D31 0.6
9.450001 -0.15 1.26 201F34 0.6
9.450001 -0.15 1.89 201D32 0.6
9.450001 -0.15 2.52 202035 0.6
9.450001 -0.15 3.15 201C31 0.6
9.450001 -0.15 3.78 201F34 0.6
9.450001 -0.15 4.41 202136 0.6
9.450001 -0.15 5.04 2A2A3E 0.6
9.450001 -0.15 5.67 6D6370 0.6
9.450001 0.48 -5.67 CBA596 0.6
9.450001 0.48 5.67 CAA495 0.6
9.450001 1.11 -5.67 CAC2C1 0.6
9.450001 1.11 5.67 C7BFBE 0.6
9.450001 1.74 -5.67 CAC2C1 0.6
9.450001 1.74 5.67 C9C1C0 0.6
9.450001 2.37 -5.67 CCC5C3 0.6
9.450001 2.37 5.67 CBC4C3 0.6
9.450001 3 -5.67 837F9F 0.6
9.450001 3 5.67 827D9D 0.6
9.450001 3.63 -3.78 817C9D 0.6
9.450001 3 -5.04 827E9E 0.6
9.450001 3.63 -4.41 827E9E 0.6
9.450001 3.63 3.78 827E9E 0.6
9.450001 3.63 4.41 827D9D 0.6
9.450001 3 5.04 837F9F 0.6
9.450001 4.26 -1.89 837F9F 0.6
9.450001 3.63 -3.15 847FA0 0.6
9.450001 4.26 -2.52 827D9E 0.6
9.450001 4.26 1.89 827D9E 0.6
9.450001 4.26 2.52 827E9E 0.6
9.450001 3.63 3.15 807B9C 0.6
9.450001 4.26 -1.26 837E9F 0.6
9.450001 4.89 -0.63 837F9F 0.6
9.450001 4.89 0 827D9D 0.6
9.450001 4.89 0.63 837E9E 0.6
9.450001 4.26 1.26 817D9D 0.6
10.08 -0.15 -5.67 C6BEBE 0.6
10.08 -0.15 -5.04 2C2B40 0.6
10.08 -0.15 -4.41 24253A 0.6
10.08 -0.15 -3.78 202136 0.6
10.08 -0.15 -3.15 202136 0.6
10.08 -0.15 -2.52 222337 0.6
10.08 -0.15 -1.89 202136 0.6
10.08 -0.15 -1.26 202236 0.6
10.08 -0.15 -0.63 202034 0.6
10.08 -0.15 0 202035 0.6
10.08 -0.15 0.63 202135 0.6
10.08 -0.15 1.26 201E33 0.6
10.08 -0.15 1.89 201F33 0.6
10.08 -0.15 2.52 201F34 0.6
10.08 -0.15 3.15 202236 0.6
10.08 -0.15 3.78 202136 0.6
10.08 -0.15 4.41 222338 0.6
10.08 -0.15 5.04 2B2B3F 0.6
10.08 -0.15 5.67 6E6470 0.6
10.08 0.48 -5.67 CDA798 0.6
10.08 0.48 5.67 CCA697 0.6
10.08 1.11 -5.67 CAC2C1 0.6
10.08 1.11 5.67 C7C0BF 0.6
10.08 1.74 -5.67 CBC4C2 0.6
10.08 1.74 5.67 C8C0BF 0.6
10.08 2.37 -5.67 CCC5C4 0.6
10.08 2.37 5.67 CCC5C4 0.6
10.08 3 -5.67 7D7999 0.6
10.08 3 5.67 807C9C 0.6
10.08 3.63 -3.78 7B7697 0.6
10.08 3 -5.04 7B7696 0.6
10.08 3.63 -4.41 7D7797 0.6
10.08 3.63 3.78 7A7596 0.6
10.08 3.63 4.41 7C7898 0.6
10.08 3 5.04 7C7798 0.6
10.08 4.26 -1.89 7B7696 0.6
10.08 3.63 -3.15 7B7696 0.6
10.08 4.26 -2.52 7B7697 0.6
10.08 4.26 1.89 7A7595 0.6
10.08 4.26 2.52 7B7697 0.6
10.08 3.63 3.15 7A7596 0.6
10.08 4.26 -1.26 787494 0.6
10.08 4.89 -0.63 7A7596 0.6
10.08 4.89 0 7A7596 0.6
10.08 4.89 0.63 7A7596 0.6
10.08 4.26 1.26 7A7595 0.6
10.71 -0.15 -5.67 C8C0BF 0.6
10.71 -0.15 -5.04 363347 0.6
10.71 -0.15 -4.41 322F43 0.6
10.71 -0.15 -3.78 2D2C40 0.6
10.71 -0.15 -3.15 2E2C41 0.6
10.71 -0.15 -2.52 2D2C40 0.6
10.71 -0.15 -1.89 2B2A3E 0.6
10.71 -0.15 -1.26 2D2B40 0.6
10.71 -0.15 -0.63 27273B 0.6
10.71 -0.15 0 29283D 0.6
10.71 -0.15 0.63 2B2A3E 0.6
10.71 -0.15 1.26 29293E 0.6
10.71 -0.15 1.89 2E2C40 0.6
10.71 -0.15 2.52 2C2A3F 0.6
10.71 -0.15 3.15 2D2C40 0.6
10.71 -0.15 3.78 2D2B40 0.6
10.71 -0.15 4.41 2F2D42 0.6
10.71 -0.15 5.04 393448 0.6
10.71 -0.15 5.67 716672 0.6
10.71 0.48 -5.67 CFA99A 0.6
10.71 0.48 5.67 CAA596 0.6
10.71 1.11 -5.67 CBC4C3 0.6
10.71 1.11 5.67 C6BEBE 0.6
10.71 1.74 -5.67 C9C2C1 0.6
10.71 1.74 5.67 C7C0BF 0.6
10.71 2.37 -5.67 CCC5C4 0.6
10.71 2.37 5.67 CCC4C3 0.6
10.71 3.63 -5.67 F9F4EF 0.6
10.71 3.63 5.67 F9F4EF 0.6
10.71 4.26 -3.78 F9F5F0 0.6
10.71 4.26 -4.41 F9F4EF 0.6
10.71 4.26 3.78 F9F4EF 0.6
10.71 4.26 4.41 FBF6F1 0.6
10.71 4.89 -1.89 FAF5F0 0.6
10.71 4.89 -2.52 FBF6F1 0.6
10.71 4.89 1.89 F8F4EF 0.6
10.71 4.89 2.52 FBF6F1 0.6
10.71 5.52 -0.63 F9F4EF 0.6
10.71 5.52 0 F9F4EF 0.6
10.71 5.52 0.63 F9F5F0 0.6
11.34 -0.15 -5.67 C7C0BF 0.6
11.34 -0.15 -5.04 A99EA1 0.6
11.34 -0.15 -4.41 9F9599 0.6
11.34 -0.15 -3.78 9F9499 0.6
11.34 -0.15 -3.15 9E9397 0.6
11.34 -0.15 -2.52 9C9196 0.6
11.34 -0.15 -1.89 9B9096 0.6
11.34 -0.15 -1.26 9B9095 0.6
11.34 -0.15 -0.63 978C92 0.6
11.34 -0.15 0 988C92 0.6
11.34 -0.15 0.63 9B9095 0.6
11.34 -0.15 1.26 998E93 0.6
11.34 -0.15 1.89 988D93 0.6
11.34 -0.15 2.52 9E9398 0.6
11.34 -0.15 3.15 9C9196 0.6
11.34 -0.15 3.78 A2979B 0.6
11.34 -0.15 4.41 A2979B 0.6
11.34 -0.15 5.04 A79CA0 0.6
11.34 -0.15 5.67 B7AEAF 0.6
10.71 0.48 -5.04 C7A192 0.6
10.71 0.48 -4.41 C69F91 0.6
10.71 0.48 -3.78 C0998D 0.6
10.71 0.48 -3.15 C29C8F 0.6
10.71 0.48 -2.52 BE978B 0.6
11.34 0.48 -1.89 C6BAB7 0.6
11.34 0.48 -1.26 CEC1BC 0.6
11.34 0.48 -0.63 CDBEB8 0.6
11.34 0.48 0 C7BBB8 0.6
11.34 0.48 0.63 CDC1BC 0.6
11.34 0.48 1.26 CFC1BB 0.6
11.34 0.48 1.89 C5B9B7 0.6
10.71 0.48 2.52 C29B8F 0.6
10.71 0.48 3.15 C09A8D 0.6
10.71 0.48 3.78 C19A8D 0.6
10.71 0.48 4.41 C8A193 0.6
10.71 0.48 5.04 CBA496 0.6
10.71 1.11 -5.04 C3BBBB 0.6
10.71 1.11 -4.41 C6BEBD 0.6
10.71 1.11 -3.78 C1B9B8 0.6
10.71 1.11 -3.15 C2B9B9 0.6
10.71 1.11 -2.52 C0B8B8 0.6
11.34 1.11 -1.89 C2B9B8 0.6
11.34 1.11 -1.26 B7ADAE 0.6
11.34 1.11 -0.63 BCB0AF 0.6
11.34 1.11 0 B7AEAE 0.6
11.34 1.11 0.63 B9AFAF 0.6
11.34 1.11 1.26 B7ACAC 0.6
11.34 1.11 1.89 C0B7B7 0.6
10.71 1.11 2.52 C1B9B9 0.6
10.71 1.11 3.15 C2BABA 0.6
10.71 1.11 3.78 C3BABA 0.6
10.71 1.11 4.41 C7BEBE 0.6
10.71 1.11 5.04 C6BEBD 0.6
10.71 1.74 -5.04 C8C1C0 0.6
10.71 1.74 -4.41 C7BFBF 0.6
10.71 1.74 -3.78 C5BDBD 0.6
10.71 1.74 -3.15 C7BFBF 0.6
10.71 1.74 -2.52 C4BCBC 0.6
10.71 1.74 -1.89 C4BCBC 0.6
10.71 1.74 -1.26 BFB7B7 0.6
10.71 1.74 -0.63 C1B8B8 0.6
10.71 1.74 0 C3BBBB 0.6
10.71 1.74 0.63 C2BAB9 0.6
10.71 1.74 1.26 C3BBBB 0.6
10.71 1.74 1.89 C5BDBC 0.6
10.71 1.74 2.52 C4BCBC 0.6
10.71 1.74 3.15 C7C0BF 0.6
10.71 1.74 3.78 C6BEBD 0.6
10.71 1.74 4.41 C8C1C0 0.6
10.71 1.74 5.04 C8C1C0 0.6
10.71 2.37 -5.04 CAC2C1 0.6
10.71 2.37 -4.41 C9C2C1 0.6
10.71 2.37 -3.78 CAC2C1 0.6
10.71 2.37 -3.15 C4BCBC 0.6
10.71 2.37 -2.52 C8C0BF 0.6
10.71 2.37 -1.89 C7BFBE 0.6
10.71 2.37 -1.26 C3BABA 0.6
10.71 2.37 -0.63 C6BEBD 0.6
10.71 2.37 0 C6BEBD 0.6
10.71 2.37 0.63 C7C0BF 0.6
10.71 2.37 1.26 C5BDBC 0.6
10.71 2.37 1.89 C2BABA 0.6
10.71 2.37 2.52 C6BEBD 0.6
10.71 2.37 3.15 C7BFBF 0.6
10.71 2.37 3.78 CDC6C5 0.6
10.71 2.37 4.41 CBC4C2 0.6
10.71 2.37 5.04 CBC3C2 0.6
10.71 3 -5.04 CCC4C3 0.6
10.71 3 -4.41 CAC3C2 0.6
10.71 3 -3.78 C8C1C0 0.6
10.71 3 -3.15 21283F 0.6
10.71 3 -2.52 20283F 0.6
10.71 3 -1.89 C6BEBE 0.6
10.71 3 -1.26 20273E 0.6
10.71 3 -0.63 20273E 0.6
10.71 3 0 C9C2C1 0.6
10.71 3 0.63 20283E 0.6
10.71 3 1.26 20273E 0.6
10.71 3 1.89 C9C2C1 0.6
10.71 3 2.52 20283F 0.6
10.71 3 3.15 20273E 0.6
10.71 3 3.78 CDC6C5 0.6
10.71 3 4.41 CDC6C5 0.6
10.71 3 5.04 D0C9C7 0.6
10.71 3.63 -3.15 D3CCCA 0.6
10.71 3.63 -2.52 CFC7C6 0.6
10.71 3.63 -1.89 CFC8C7 0.6
10.71 3.63 -1.26 D1CAC9 0.6
10.71 3.63 -0.63 CEC7C5 0.6
10.71 3.63 0 D0C9C8 0.6
10.71 3.63 0.63 CFC8C6 0.6
10.71 3.63 1.26 CFC8C7 0.6
10.71 3.63 1.89 D0C9C7 0.6
10.71 3.63 2.52 CFC8C7 0.6
10.71 3.63 3.15 D3CCCB 0.6
10.71 4.26 -1.26 D4CDCB 0.6
10.71 4.26 -0.63 D4CDCC 0.6
10.71 4.26 0 D3CCCA 0.6
10.71 4.26 0.63 D1CAC9 0.6
10.71 4.26 1.26 D2CBC9 0.6
