-9.45 5.87 -0.9449999 DBCEC2 0.9
-9.45 5.87 0 6A8197 0.9
-9.45 6.815 -0.9449999 DBCEC2 0.9
-9.45 6.815 0 6A8197 0.9
-9.45 7.759999 -0.9449999 579E2C 0.9
-9.45 7.759999 0 6A8197 0.9
-9.45 8.704999 -0.9449999 579E2C 0.9
-9.45 8.704999 0 6A8197 0.9
-9.45 9.65 -0.9449999 579E2C 0.9
-9.45 9.65 0 6A8197 0.9
-9.45 10.595 -0.9449999 579E2C 0.9
-9.45 10.595 0 6A8197 0.9
-9.45 11.54 -0.9449999 579E2C 0.9
-9.45 11.54 0 6A8197 0.9
-9.45 12.485 -0.9449999 599B25 0.9
-9.45 12.485 0 6A8197 0.9
-9.45 13.43 -0.9449999 0BF2FB 0.9
-9.45 13.43 0 6A8197 0.9
-9.45 14.375 -0.9449999 00FBFF 0.9
-9.45 14.375 0 6A8197 0.9
-9.45 15.32 -0.9449999 0AF2FB 0.9
-9.45 15.32 0 6A8197 0.9
-9.45 16.265 -0.9449999 DBCEC2 0.9
-9.45 16.265 0 6A8197 0.9
-8.504999 5.87 -0.9449999 DBCEC2 0.9
-8.504999 5.87 0 6A8197 0.9
-8.504999 6.815 -0.9449999 DBCEC2 0.9
-8.504999 6.815 0 6A8197 0.9
-8.504999 7.759999 -0.9449999 579E2C 0.9
-8.504999 7.759999 0 6A8197 0.9
-8.504999 8.704999 -0.9449999 579E2C 0.9
-8.504999 8.704999 0 6A8197 0.9
-8.504999 9.65 -0.9449999 579E2C 0.9
-8.504999 9.65 0 6A8197 0.9
-8.504999 10.595 -0.9449999 0BF2FB 0.9
-8.504999 10.595 0 6A8197 0.9
-8.504999 11.54 -0.9449999 0BF2FB 0.9
-8.504999 11.54 0 6A8197 0.9
-8.504999 12.485 -0.9449999 0BF2FB 0.9
-8.504999 12.485 0 6A8197 0.9
-8.504999 13.43 -0.9449999 0BF2FB 0.9
-8.504999 13.43 0 6A8197 0.9
-8.504999 14.375 -0.9449999 56A8AE 0.9
-8.504999 14.375 0 6A8197 0.9
-8.504999 15.32 -0.9449999 F60100 0.9
-8.504999 15.32 0 6A8197 0.9
-8.504999 16.265 -0.9449999 00F5FF 0.9
-8.504999 16.265 0 6A8197 0.9
-7.559999 0.2 0 6A8197 0.9
-7.559999 0.2 0.9449999 6A8197 0.9
-7.559999 1.145 0 6A8197 0.9
-7.559999 1.145 0.9449999 6A8197 0.9
-7.559999 2.09 0 6A8197 0.9
-7.559999 2.09 0.9449999 6A8197 0.9
-7.559999 3.035 0 6A8197 0.9
-7.559999 3.035 0.9449999 6A8197 0.9
-7.559999 3.98 0 6A8197 0.9
-7.559999 3.98 0.9449999 6A8197 0.9
-7.559999 4.925 0 6A8197 0.9
-7.559999 4.925 0.9449999 6A8197 0.9
-7.559999 5.87 -0.9449999 DBCEC2 0.9
-7.559999 5.87 0 6A8197 0.9
-7.559999 5.87 0.9449999 6A8197 0.9
-7.559999 6.815 -0.9449999 579E2C 0.9
-7.559999 6.815 0 6A8197 0.9
-7.559999 6.815 0.9449999 6A8197 0.9
-7.559999 7.759999 -0.9449999 4B8E23 0.9
-7.559999 7.759999 0 6A8197 0.9
-7.559999 7.759999 0.9449999 6A8197 0.9
-7.559999 8.704999 -0.9449999 4B8E23 0.9
-7.559999 8.704999 0 6A8197 0.9
-7.559999 8.704999 0.9449999 6A8197 0.9
-7.559999 9.65 -0.9449999 4B8E23 0.9
-7.559999 9.65 0 6A8197 0.9
-7.559999 9.65 0.9449999 6A8197 0.9
-7.559999 10.595 -0.9449999 737D32 0.9
-7.559999 10.595 0 6A8197 0.9
-7.559999 10.595 0.9449999 6A8197 0.9
-7.559999 11.54 -0.9449999 0BF2FB 0.9
-7.559999 11.54 0 6A8197 0.9
-7.559999 11.54 0.9449999 6A8197 0.9
-7.559999 12.485 -0.9449999 0BF2FB 0.9
-7.559999 12.485 0 6A8197 0.9
-7.559999 12.485 0.9449999 6A8197 0.9
-7.559999 13.43 -0.9449999 0BF2FB 0.9
-7.559999 13.43 0 6A8197 0.9
-7.559999 13.43 0.9449999 6A8197 0.9
-7.559999 14.375 -0.9449999 F90100 0.9
-7.559999 14.375 0 6A8197 0.9
-7.559999 14.375 0.9449999 6A8197 0.9
-7.559999 15.32 -0.9449999 FB0000 0.9
-7.559999 15.32 0 6A8197 0.9
-7.559999 16.265 -0.9449999 0BF2FB 0.9
-7.559999 16.265 0 6A8197 0.9
-6.615 5.87 -0.9449999 DBCEC2 0.9
-6.615 5.87 0 6A8197 0.9
-6.615 6.815 -0.9449999 736E41 0.9
-6.615 6.815 0 6A8197 0.9
-6.615 7.759999 -0.9449999 4B8E23 0.9
-6.615 7.759999 0 6A8197 0.9
-6.615 8.704999 -0.9449999 4B8E23 0.9
-6.615 8.704999 0 6A8197 0.9
-6.615 9.65 -0.9449999 488F22 0.9
-6.615 9.65 0 6A8197 0.9
-6.615 10.595 -0.9449999 8F713C 0.9
-6.615 10.595 0 6A8197 0.9
-6.615 11.54 -0.9449999 D7FEFF 0.9
-6.615 11.54 0 6A8197 0.9
-6.615 12.485 -0.9449999 0BF2FB 0.9
-6.615 12.485 0 6A8197 0.9
-6.615 13.43 -0.9449999 0BF2FB 0.9
-6.615 13.43 0 6A8197 0.9
-6.615 14.375 -0.9449999 AC4D4F 0.9
-6.615 14.375 0 6A8197 0.9
-6.615 15.32 -0.9449999 AC4D4F 0.9
-6.615 15.32 0 6A8197 0.9
-6.615 16.265 -0.9449999 0BF2FB 0.9
-6.615 16.265 0 6A8197 0.9
-5.67 5.87 -0.9449999 DBCEC2 0.9
-5.67 5.87 0 6A8197 0.9
-5.67 6.815 -0.9449999 776B44 0.9
-5.67 6.815 0 6A8197 0.9
-5.67 7.759999 -0.9449999 764907 0.9
-5.67 7.759999 0 6A8197 0.9
-5.67 8.704999 -0.9449999 754806 0.9
-5.67 8.704999 0 6A8197 0.9
-5.67 9.65 -0.9449999 8C723B 0.9
-5.67 9.65 0 6A8197 0.9
-5.67 10.595 -0.9449999 8C723B 0.9
-5.67 10.595 0 6A8197 0.9
-5.67 11.54 -0.9449999 CCFEFF 0.9
-5.67 11.54 0 6A8197 0.9
-5.67 12.485 -0.9449999 02F2FB 0.9
-5.67 12.485 0 6A8197 0.9
-5.67 13.43 -0.9449999 0BF2FB 0.9
-5.67 13.43 0 6A8197 0.9
-5.67 14.375 -0.9449999 F60100 0.9
-5.67 14.375 0 6A8197 0.9
-5.67 15.32 -0.9449999 FA0000 0.9
-5.67 15.32 0 6A8197 0.9
-5.67 16.265 -0.9449999 0BF2FB 0.9
-5.67 16.265 0 6A8197 0.9
-4.725 5.87 -0.9449999 DBCEC2 0.9
-4.725 5.87 0 6A8197 0.9
-4.725 6.815 -0.9449999 764702 0.9
-4.725 6.815 0 6A8197 0.9
-4.725 7.759999 -0.9449999 5C837D 0.9
-4.725 7.759999 0 6A8197 0.9
-4.725 8.704999 -0.9449999 764907 0.9
-4.725 8.704999 0 6A8197 0.9
-4.725 9.65 -0.9449999 86672D 0.9
-4.725 9.65 0 6A8197 0.9
-4.725 10.595 -0.9449999 8C723B 0.9
-4.725 10.595 0 6A8197 0.9
-4.725 11.54 -0.9449999 CCFEFF 0.9
-4.725 11.54 0 6A8197 0.9
-4.725 12.485 -0.9449999 CCFEFF 0.9
-4.725 12.485 0 6A8197 0.9
-4.725 13.43 -0.9449999 0BF2FB 0.9
-4.725 13.43 0 6A8197 0.9
-4.725 14.375 -0.9449999 F70000 0.9
-4.725 14.375 0 6A8197 0.9
-4.725 15.32 -0.9449999 F01B1B 0.9
-4.725 15.32 0 6A8197 0.9
-4.725 16.265 -0.9449999 0BF2FB 0.9
-4.725 16.265 0 6A8197 0.9
-3.78 5.87 -0.9449999 DBCEC2 0.9
-3.78 5.87 0 6A8197 0.9
-3.78 6.815 -0.9449999 764806 0.9
-3.78 6.815 0 6A8197 0.9
-3.78 7.759999 -0.9449999 774703 0.9
-3.78 7.759999 0 6A8197 0.9
-3.78 8.704999 -0.9449999 764907 0.9
-3.78 8.704999 0 6A8197 0.9
-3.78 9.65 -0.9449999 764907 0.9
-3.78 9.65 0 6A8197 0.9
-3.78 10.595 -0.9449999 764907 0.9
-3.78 10.595 0 6A8197 0.9
-3.78 11.54 -0.9449999 CCFEFF 0.9
-3.78 11.54 0 6A8197 0.9
-3.78 12.485 -0.9449999 CCFEFF 0.9
-3.78 12.485 0 6A8197 0.9
-3.78 13.43 -0.9449999 0BF2FB 0.9
-3.78 13.43 0 6A8197 0.9
-3.78 14.375 -0.9449999 0BF2FB 0.9
-3.78 14.375 0 6A8197 0.9
-3.78 15.32 -0.9449999 0BF2FB 0.9
-3.78 15.32 0 6A8197 0.9
-3.78 16.265 -0.9449999 0BF2FB 0.9
-3.78 16.265 0 6A8197 0.9
-2.835 5.87 -0.9449999 DBCEC2 0.9
-2.835 5.87 0 6A8197 0.9
-2.835 6.815 -0.9449999 776B43 0.9
-2.835 6.815 0 6A8197 0.9
-2.835 7.759999 -0.9449999 5C7F79 0.9
-2.835 7.759999 0 6A8197 0.9
-2.835 8.704999 -0.9449999 8C723B 0.9
-2.835 8.704999 0 6A8197 0.9
-2.835 9.65 -0.9449999 764907 0.9
-2.835 9.65 0 6A8197 0.9
-2.835 10.595 -0.9449999 886A31 0.9
-2.835 10.595 0 6A8197 0.9
-2.835 11.54 -0.9449999 CCFEFF 0.9
-2.835 11.54 0 6A8197 0.9
-2.835 12.485 -0.9449999 CFFEFF 0.9
-2.835 12.485 0 6A8197 0.9
-2.835 13.43 -0.9449999 0BF2FB 0.9
-2.835 13.43 0 6A8197 0.9
-2.835 14.375 -0.9449999 F60100 0.9
-2.835 14.375 0 6A8197 0.9
-2.835 15.32 -0.9449999 F70000 0.9
-2.835 15.32 0 6A8197 0.9
-2.835 16.265 -0.9449999 0BF2FB 0.9
-2.835 16.265 0 6A8197 0.9
-1.89 5.87 -0.9449999 DBCEC2 0.9
-1.89 5.87 0 6A8197 0.9
-1.89 6.815 -0.9449999 0B090E 0.9
-1.89 6.815 0 6A8197 0.9
-1.89 7.759999 -0.9449999 469571 0.9
-1.89 7.759999 0 6A8197 0.9
-1.89 8.704999 -0.9449999 689031 0.9
-1.89 8.704999 0 6A8197 0.9
-1.89 9.65 -0.9449999 886B32 0.9
-1.89 9.65 0 6A8197 0.9
-1.89 10.595 -0.9449999 764907 0.9
-1.89 10.595 0 6A8197 0.9
-1.89 11.54 -0.9449999 6D3700 0.9
-1.89 11.54 0 6A8197 0.9
-1.89 12.485 -0.9449999 0BF2FB 0.9
-1.89 12.485 0 6A8197 0.9
-1.89 13.43 -0.9449999 0BF2FB 0.9
-1.89 13.43 0 6A8197 0.9
-1.89 14.375 -0.9449999 8A9298 0.9
-1.89 14.375 0 6A8197 0.9
-1.89 15.32 -0.9449999 F60100 0.9
-1.89 15.32 0 6A8197 0.9
-1.89 16.265 -0.9449999 0BF2FB 0.9
-1.89 16.265 0 6A8197 0.9
-0.9449999 5.87 -0.9449999 DBCEC2 0.9
-0.9449999 5.87 0 6A8197 0.9
-0.9449999 6.815 -0.9449999 D1161C 0.9
-0.9449999 6.815 0 6A8197 0.9
-0.9449999 7.759999 -0.9449999 5B7F79 0.9
-0.9449999 7.759999 0 6A8197 0.9
-0.9449999 8.704999 -0.9449999 8C723B 0.9
-0.9449999 8.704999 0 6A8197 0.9
-0.9449999 9.65 -0.9449999 8C723B 0.9
-0.9449999 9.65 0 6A8197 0.9
-0.9449999 10.595 -0.9449999 896B31 0.9
-0.9449999 10.595 0 6A8197 0.9
-0.9449999 11.54 -0.9449999 0BF2FB 0.9
-0.9449999 11.54 0 6A8197 0.9
-0.9449999 12.485 -0.9449999 0BF2FB 0.9
-0.9449999 12.485 0 6A8197 0.9
-0.9449999 13.43 -0.9449999 0BF2FB 0.9
-0.9449999 13.43 0 6A8197 0.9
-0.9449999 14.375 -0.9449999 0BF2FB 0.9
-0.9449999 14.375 0 6A8197 0.9
-0.9449999 15.32 -0.9449999 0BF2FB 0.9
-0.9449999 15.32 0 6A8197 0.9
-0.9449999 16.265 -0.9449999 DBCEC2 0.9
-0.9449999 16.265 0 6A8197 0.9
0 5.87 -0.9449999 DBCEC2 0.9
0 5.87 0 6A8197 0.9
0 6.815 -0.9449999 D1161C 0.9
0 6.815 0 6A8197 0.9
0 7.759999 -0.9449999 E81015 0.9
0 7.759999 0 6A8197 0.9
0 8.704999 -0.9449999 579E2C 0.9
0 8.704999 0 6A8197 0.9
0 9.65 -0.9449999 579E2C 0.9
0 9.65 0 6A8197 0.9
0 10.595 -0.9449999 C4F8F1 0.9
0 10.595 0 6A8197 0.9
0 11.54 -0.9449999 0BF2FB 0.9
0 11.54 0 6A8197 0.9
0 12.485 -0.9449999 0BF2FB 0.9
0 12.485 0 6A8197 0.9
0 13.43 -0.9449999 8C723B 0.9
0 13.43 0 6A8197 0.9
0 14.375 -0.9449999 0BF2FB 0.9
0 14.375 0 6A8197 0.9
0 15.32 -0.9449999 0BF2FB 0.9
0 15.32 0 6A8197 0.9
0 16.265 -0.9449999 DBCEC2 0.9
0 16.265 0 6A8197 0.9
0.9449999 5.87 -0.9449999 DBCEC2 0.9
0.9449999 5.87 0 6A8197 0.9
0.9449999 6.815 -0.9449999 F60100 0.9
0.9449999 6.815 0 6A8197 0.9
0.9449999 7.759999 -0.9449999 D0171D 0.9
0.9449999 7.759999 0 6A8197 0.9
0.9449999 8.704999 -0.9449999 070C0F 0.9
0.9449999 8.704999 0 6A8197 0.9
0.9449999 9.65 -0.9449999 8E733B 0.9
0.9449999 9.65 0 6A8197 0.9
0.9449999 10.595 -0.9449999 0BF2FB 0.9
0.9449999 10.595 0 6A8197 0.9
0.9449999 11.54 -0.9449999 09F3FC 0.9
0.9449999 11.54 0 6A8197 0.9
0.9449999 12.485 -0.9449999 0BF2FB 0.9
0.9449999 12.485 0 6A8197 0.9
0.9449999 13.43 -0.9449999 91692E 0.9
0.9449999 13.43 0 6A8197 0.9
0.9449999 14.375 -0.9449999 0BF2FB 0.9
0.9449999 14.375 0 6A8197 0.9
0.9449999 15.32 -0.9449999 0BF2FB 0.9
0.9449999 15.32 0 6A8197 0.9
0.9449999 16.265 -0.9449999 0BF2FB 0.9
0.9449999 16.265 0 6A8197 0.9
1.89 5.87 -0.9449999 DBCEC2 0.9
1.89 5.87 0 6A8197 0.9
1.89 6.815 -0.9449999 F60100 0.9
1.89 6.815 0 6A8197 0.9
1.89 7.759999 -0.9449999 060C0F 0.9
1.89 7.759999 0 6A8197 0.9
1.89 8.704999 -0.9449999 070C0F 0.9
1.89 8.704999 0 6A8197 0.9
1.89 9.65 -0.9449999 6F6359 0.9
1.89 9.65 0 6A8197 0.9
1.89 10.595 -0.9449999 DEAB99 0.9
1.89 10.595 0 6A8197 0.9
1.89 11.54 -0.9449999 DF9B89 0.9
1.89 11.54 0 6A8197 0.9
1.89 12.485 -0.9449999 783F00 0.9
1.89 12.485 0 6A8197 0.9
1.89 13.43 -0.9449999 7E3E00 0.9
1.89 13.43 0 6A8197 0.9
1.89 14.375 -0.9449999 776B43 0.9
1.89 14.375 0 6A8197 0.9
1.89 15.32 -0.9449999 E7CC95 0.9
1.89 15.32 0 6A8197 0.9
1.89 16.265 -0.9449999 0BF2FB 0.9
1.89 16.265 0 6A8197 0.9
2.835 5.87 -0.9449999 DBCEC2 0.9
2.835 5.87 0 6A8197 0.9
2.835 6.815 -0.9449999 F80000 0.9
2.835 6.815 0 6A8197 0.9
2.835 7.759999 -0.9449999 070C0F 0.9
2.835 7.759999 0 6A8197 0.9
2.835 8.704999 -0.9449999 030C0C 0.9
2.835 8.704999 0 6A8197 0.9
2.835 9.65 -0.9449999 DDC0AE 0.9
2.835 9.65 0 6A8197 0.9
2.835 10.595 -0.9449999 DCBFAD 0.9
2.835 10.595 0 6A8197 0.9
2.835 11.54 -0.9449999 DCBFAD 0.9
2.835 11.54 0 6A8197 0.9
2.835 12.485 -0.9449999 FFC6B2 0.9
2.835 12.485 0 6A8197 0.9
2.835 13.43 -0.9449999 DC9383 0.9
2.835 13.43 0 6A8197 0.9
2.835 14.375 -0.9449999 7D6E40 0.9
2.835 14.375 0 6A8197 0.9
2.835 15.32 -0.9449999 E7CC95 0.9
2.835 15.32 0 6A8197 0.9
2.835 16.265 -0.9449999 0BF2FB 0.9
2.835 16.265 0 6A8197 0.9
3.78 5.87 -0.9449999 DBCEC2 0.9
3.78 5.87 0 6A8197 0.9
3.78 6.815 -0.9449999 D0171D 0.9
3.78 6.815 0 6A8197 0.9
3.78 7.759999 -0.9449999 070C0F 0.9
3.78 7.759999 0 6A8197 0.9
3.78 8.704999 -0.9449999 030C0C 0.9
3.78 8.704999 0 6A8197 0.9
3.78 9.65 -0.9449999 B8978B 0.9
3.78 9.65 0 6A8197 0.9
3.78 10.595 -0.9449999 FFFFFF 0.9
3.78 10.595 0 6A8197 0.9
3.78 11.54 -0.9449999 764907 0.9
3.78 11.54 0 6A8197 0.9
3.78 12.485 -0.9449999 FFC6B2 0.9
3.78 12.485 0 6A8197 0.9
3.78 13.43 -0.9449999 764907 0.9
3.78 13.43 0 6A8197 0.9
3.78 14.375 -0.9449999 8C723B 0.9
3.78 14.375 0 6A8197 0.9
3.78 15.32 -0.9449999 E7CC95 0.9
3.78 15.32 0 6A8197 0.9
3.78 16.265 -0.9449999 0BF2FB 0.9
3.78 16.265 0 6A8197 0.9
4.725 5.87 -0.9449999 DBCEC2 0.9
4.725 5.87 0 6A8197 0.9
4.725 6.815 -0.9449999 070C0F 0.9
4.725 6.815 0 6A8197 0.9
4.725 7.759999 -0.9449999 070C0F 0.9
4.725 7.759999 0 6A8197 0.9
4.725 8.704999 -0.9449999 030C0C 0.9
4.725 8.704999 0 6A8197 0.9
4.725 9.65 -0.9449999 B8978B 0.9
4.725 9.65 0 6A8197 0.9
4.725 10.595 -0.9449999 D1B6A8 0.9
4.725 10.595 0 6A8197 0.9
4.725 11.54 -0.9449999 94713E 0.9
4.725 11.54 0 6A8197 0.9
4.725 12.485 -0.9449999 F58874 0.9
4.725 12.485 0 6A8197 0.9
4.725 13.43 -0.9449999 FFC6B2 0.9
4.725 13.43 0 6A8197 0.9
4.725 14.375 -0.9449999 8C723B 0.9
4.725 14.375 0 6A8197 0.9
4.725 15.32 -0.9449999 DEC58F 0.9
4.725 15.32 0 6A8197 0.9
4.725 16.265 -0.9449999 04F3FE 0.9
4.725 16.265 0 6A8197 0.9
5.67 5.87 -0.9449999 DBCEC2 0.9
5.67 5.87 0 6A8197 0.9
5.67 6.815 -0.9449999 070C0F 0.9
5.67 6.815 0 6A8197 0.9
5.67 7.759999 -0.9449999 000002 0.9
5.67 7.759999 0 6A8197 0.9
5.67 8.704999 -0.9449999 000000 0.9
5.67 8.704999 0 6A8197 0.9
5.67 9.65 -0.9449999 C39F92 0.9
5.67 9.65 0 6A8197 0.9
5.67 10.595 -0.9449999 DCBFAD 0.9
5.67 10.595 0 6A8197 0.9
5.67 11.54 -0.9449999 FCFEFD 0.9
5.67 11.54 0 6A8197 0.9
5.67 12.485 -0.9449999 FFCDBC 0.9
5.67 12.485 0 6A8197 0.9
5.67 13.43 -0.9449999 724406 0.9
5.67 13.43 0 6A8197 0.9
5.67 14.375 -0.9449999 8C723B 0.9
5.67 14.375 0 6A8197 0.9
5.67 15.32 -0.9449999 786C43 0.9
5.67 15.32 0 6A8197 0.9
5.67 16.265 -0.9449999 EBCB93 0.9
5.67 16.265 0 6A8197 0.9
6.615 5.87 -0.9449999 DBCEC2 0.9
6.615 5.87 0 6A8197 0.9
6.615 6.815 -0.9449999 070C0F 0.9
6.615 6.815 0 6A8197 0.9
6.615 7.759999 -0.9449999 F60100 0.9
6.615 7.759999 0 6A8197 0.9
6.615 8.704999 -0.9449999 CF171D 0.9
6.615 8.704999 0 6A8197 0.9
6.615 9.65 -0.9449999 000303 0.9
6.615 9.65 0 6A8197 0.9
6.615 10.595 -0.9449999 DCBFAD 0.9
6.615 10.595 0 6A8197 0.9
6.615 11.54 -0.9449999 E2DCE2 0.9
6.615 11.54 0 6A8197 0.9
6.615 12.485 -0.9449999 E6C1AE 0.9
6.615 12.485 0 6A8197 0.9
6.615 13.43 -0.9449999 FFC6B2 0.9
6.615 13.43 0 6A8197 0.9
6.615 14.375 -0.9449999 C2886B 0.9
6.615 14.375 0 6A8197 0.9
6.615 15.32 -0.9449999 776B43 0.9
6.615 15.32 0 6A8197 0.9
6.615 16.265 -0.9449999 C2A772 0.9
6.615 16.265 0 6A8197 0.9
7.559999 0.2 0 6A8197 0.9
7.559999 0.2 0.9449999 6A8197 0.9
7.559999 1.145 0 6A8197 0.9
7.559999 1.145 0.9449999 6A8197 0.9
7.559999 2.09 0 6A8197 0.9
7.559999 2.09 0.9449999 6A8197 0.9
7.559999 3.035 0 6A8197 0.9
7.559999 3.035 0.9449999 6A8197 0.9
7.559999 3.98 0 6A8197 0.9
7.559999 3.98 0.9449999 6A8197 0.9
7.559999 4.925 0 6A8197 0.9
7.559999 4.925 0.9449999 6A8197 0.9
7.559999 5.87 -0.9449999 DBCEC2 0.9
7.559999 5.87 0 6A8197 0.9
7.559999 5.87 0.9449999 6A8197 0.9
7.559999 6.815 -0.9449999 070C0F 0.9
7.559999 6.815 0 6A8197 0.9
7.559999 6.815 0.9449999 6A8197 0.9
7.559999 7.759999 -0.9449999 F60100 0.9
7.559999 7.759999 0 6A8197 0.9
7.559999 7.759999 0.9449999 6A8197 0.9
7.559999 8.704999 -0.9449999 F60100 0.9
7.559999 8.704999 0 6A8197 0.9
7.559999 8.704999 0.9449999 6A8197 0.9
7.559999 9.65 -0.9449999 030C0C 0.9
7.559999 9.65 0 6A8197 0.9
7.559999 9.65 0.9449999 6A8197 0.9
7.559999 10.595 -0.9449999 D7B9A9 0.9
7.559999 10.595 0 6A8197 0.9
7.559999 10.595 0.9449999 6A8197 0.9
7.559999 11.54 -0.9449999 DCBFAD 0.9
7.559999 11.54 0 6A8197 0.9
7.559999 11.54 0.9449999 6A8197 0.9
7.559999 12.485 -0.9449999 DCBFAD 0.9
7.559999 12.485 0 6A8197 0.9
7.559999 12.485 0.9449999 6A8197 0.9
7.559999 13.43 -0.9449999 DD9483 0.9
7.559999 13.43 0 6A8197 0.9
7.559999 13.43 0.9449999 6A8197 0.9
7.559999 14.375 -0.9449999 764907 0.9
7.559999 14.375 0 6A8197 0.9
7.559999 14.375 0.9449999 6A8197 0.9
7.559999 15.32 -0.9449999 836B3B 0.9
7.559999 15.32 0 6A8197 0.9
7.559999 16.265 -0.9449999 07F5FF 0.9
7.559999 16.265 0 6A8197 0.9
8.504999 5.87 -0.9449999 DBCEC2 0.9
8.504999 5.87 0 6A8197 0.9
8.504999 6.815 -0.9449999 000C10 0.9
8.504999 6.815 0 6A8197 0.9
8.504999 7.759999 -0.9449999 FFD029 0.9
8.504999 7.759999 0 6A8197 0.9
8.504999 8.704999 -0.9449999 F90000 0.9
8.504999 8.704999 0 6A8197 0.9
8.504999 9.65 -0.9449999 030C0C 0.9
8.504999 9.65 0 6A8197 0.9
8.504999 10.595 -0.9449999 B8978B 0.9
8.504999 10.595 0 6A8197 0.9
8.504999 11.54 -0.9449999 B8978B 0.9
8.504999 11.54 0 6A8197 0.9
8.504999 12.485 -0.9449999 C09689 0.9
8.504999 12.485 0 6A8197 0.9
8.504999 13.43 -0.9449999 05F5FF 0.9
8.504999 13.43 0 6A8197 0.9
8.504999 14.375 -0.9449999 0BF2FB 0.9
8.504999 14.375 0 6A8197 0.9
8.504999 15.32 -0.9449999 8C723B 0.9
8.504999 15.32 0 6A8197 0.9
8.504999 16.265 -0.9449999 0BF2FB 0.9
8.504999 16.265 0 6A8197 0.9
9.45 5.87 -0.9449999 DBCEC2 0.9
9.45 5.87 0 6A8197 0.9
9.45 6.815 -0.9449999 DCD8CB 0.9
9.45 6.815 0 6A8197 0.9
9.45 7.759999 -0.9449999 F60202 0.9
9.45 7.759999 0 6A8197 0.9
9.45 8.704999 -0.9449999 CC1914 0.9
9.45 8.704999 0 6A8197 0.9
9.45 9.65 -0.9449999 010C0C 0.9
9.45 9.65 0 6A8197 0.9
9.45 10.595 -0.9449999 000808 0.9
9.45 10.595 0 6A8197 0.9
9.45 11.54 -0.9449999 5CA62D 0.9
9.45 11.54 0 6A8197 0.9
9.45 12.485 -0.9449999 569E2B 0.9
9.45 12.485 0 6A8197 0.9
9.45 13.43 -0.9449999 579E2C 0.9
9.45 13.43 0 6A8197 0.9
9.45 14.375 -0.9449999 579E2C 0.9
9.45 14.375 0 6A8197 0.9
9.45 15.32 -0.9449999 7D6437 0.9
9.45 15.32 0 6A8197 0.9
9.45 16.265 -0.9449999 0BF2FB 0.9
9.45 16.265 0 6A8197 0.9
