5.04 -0.15 15.08 B7ADAE 0.6
5.04 -0.15 14.45 B2A8A9 0.6
5.04 -0.15 13.82 B3A9AB 0.6
5.04 -0.15 13.19 ADA3A5 0.6
5.04 -0.15 12.56 B2A8AA 0.6
5.04 -0.15 11.93 A79C9F 0.6
5.04 -0.15 11.3 A5989C 0.6
5.04 -0.15 10.67 A69B9E 0.6
5.04 -0.15 10.04 A19599 0.6
5.04 -0.15 9.41 A09397 0.6
5.04 -0.15 8.780001 9C8F94 0.6
5.04 -0.15 8.15 968A8F 0.6
5.04 -0.15 7.52 97898F 0.6
5.04 -0.15 6.89 93868C 0.6
5.04 -0.15 6.26 96898E 0.6
5.04 -0.15 5.63 9A8C91 0.6
5.04 -0.15 5 93868C 0.6
5.04 -0.15 4.37 97898F 0.6
5.04 -0.15 3.74 8F8288 0.6
5.04 -0.15 3.11 96898F 0.6
5.04 -0.15 2.48 978A90 0.6
5.04 -0.15 1.85 95888D 0.6
5.04 -0.15 1.22 9E9195 0.6
5.04 -0.15 0.5899997 A19599 0.6
5.04 -0.15 -0.03999996 A5999C 0.6
5.04 -0.15 -0.6700001 A89DA0 0.6
5.04 -0.15 -1.3 A79B9E 0.6
5.04 -0.15 -1.93 A99EA1 0.6
5.04 -0.15 -2.56 AEA3A5 0.6
5.04 -0.15 -3.190001 ACA1A4 0.6
5.04 -0.15 -3.820001 B1A7A9 0.6
5.04 -0.15 -4.450001 AA9FA1 0.6
5.04 -0.15 -5.08 B1A7A9 0.6
5.04 0.48 10.67 BC9489 0.6
5.04 0.48 10.04 B89085 0.6
5.04 0.48 9.41 B28A81 0.6
5.04 0.48 8.780001 AB837C 0.6
5.04 0.48 8.15 AF877E 0.6
5.04 0.48 7.52 A8807A 0.6
5.04 0.48 6.89 A47C76 0.6
5.04 0.48 6.26 A47C77 0.6
5.04 0.48 5.63 A37B76 0.6
5.04 0.48 5 AB827B 0.6
5.04 0.48 4.37 A47C76 0.6
5.04 0.48 3.74 A57D77 0.6
5.04 0.48 3.11 A57E78 0.6
5.04 0.48 2.48 A8817A 0.6
5.04 0.48 1.85 AD857D 0.6
5.04 0.48 1.22 B18A81 0.6
5.04 0.48 0.5899997 B28A81 0.6
5.04 0.48 -0.03999996 B89086 0.6
-3.78 0.48 -1.3 543644 0.6
1.89 0.48 -1.93 B6867A 0.6
4.41 0.48 -3.820001 B18379 0.6
4.41 0.48 -4.450001 B4867B 0.6
5.04 1.11 10.67 BC9388 0.6
5.04 1.11 10.04 B89086 0.6
5.04 1.11 9.41 B78F85 0.6
5.04 1.11 8.780001 B28A81 0.6
5.04 1.11 8.15 B48C83 0.6
5.04 1.11 7.52 AE867E 0.6
5.04 1.11 6.89 AE857D 0.6
5.04 1.11 6.26 AC837C 0.6
5.04 1.11 5.63 AB837C 0.6
5.04 1.11 5 AA827B 0.6
5.04 1.11 4.37 A77F79 0.6
5.04 1.11 3.74 A8807A 0.6
5.04 1.11 3.11 AA827B 0.6
5.04 1.11 2.48 AA817B 0.6
5.04 1.11 1.85 AD857D 0.6
5.04 1.11 1.22 B38A82 0.6
5.04 1.11 0.5899997 BA9287 0.6
5.04 1.11 -0.03999996 B79085 0.6
1.26 1.11 -1.3 7A5156 0.6
4.41 1.11 -4.450001 9E9F63 0.6
5.04 1.74 10.67 BB9388 0.6
5.04 1.74 10.04 BC9488 0.6
5.04 1.74 9.41 B38B82 0.6
5.04 1.74 8.780001 B58D83 0.6
5.04 1.74 8.15 202137 0.6
5.04 1.74 7.52 202339 0.6
5.04 1.74 6.89 20233A 0.6
5.04 1.74 6.26 AD847D 0.6
5.04 1.74 5.63 AC847C 0.6
5.04 1.74 5 AC847C 0.6
5.04 1.74 4.37 AF867E 0.6
5.04 1.74 3.74 202238 0.6
5.04 1.74 3.11 20243A 0.6
5.04 1.74 2.48 202137 0.6
5.04 1.74 1.85 B28980 0.6
5.04 1.74 1.22 B08880 0.6
5.04 1.74 0.5899997 B48C83 0.6
5.04 1.74 -0.03999996 B78F85 0.6
1.26 1.74 -1.3 774E54 0.6
4.41 1.74 -4.450001 C2C879 0.6
5.04 2.37 10.67 BC9489 0.6
5.04 2.37 10.04 B99186 0.6
5.04 2.37 9.41 BA9287 0.6
5.04 2.37 8.780001 AE877F 0.6
5.04 2.37 8.15 201E33 0.6
5.04 2.37 7.52 202238 0.6
5.04 2.37 6.89 202238 0.6
5.04 2.37 6.26 AA817A 0.6
5.04 2.37 5.63 A87F79 0.6
5.04 2.37 5 A87F79 0.6
5.04 2.37 4.37 A77E78 0.6
5.04 2.37 3.74 202136 0.6
5.04 2.37 3.11 202238 0.6
5.04 2.37 2.48 201F35 0.6
5.04 2.37 1.85 AF877F 0.6
5.04 2.37 1.22 B28A81 0.6
5.04 2.37 0.5899997 B78E84 0.6
5.04 2.37 -0.03999996 B78F85 0.6
5.04 3 10.67 AB9FA2 0.6
5.04 3 10.04 AFA4A5 0.6
5.04 3 9.41 A89C9E 0.6
5.04 3 8.780001 AA9D9F 0.6
5.04 3 8.15 A29598 0.6
5.04 3 7.52 A09295 0.6
5.04 3 6.89 9E9195 0.6
5.04 3 6.26 9E9094 0.6
5.04 3 5.63 9E9195 0.6
5.04 3 5 9A8C90 0.6
5.04 3 4.37 95878C 0.6
5.04 3 3.74 9E9094 0.6
5.04 3 3.11 9D8F93 0.6
5.04 3 2.48 9D9094 0.6
5.04 3 1.85 9F9195 0.6
5.04 3 1.22 A29598 0.6
5.04 3 0.5899997 AA9EA1 0.6
5.04 3 -0.03999996 AA9FA1 0.6
5.67 3.63 10.67 B8AEAE 0.6
5.67 3.63 10.04 B7ACAD 0.6
5.67 3.63 9.41 B2A6A7 0.6
5.67 3.63 8.780001 B0A5A6 0.6
5.67 3.63 8.15 AC9FA1 0.6
5.67 3.63 7.52 AA9D9F 0.6
5.67 3.63 6.89 ACA0A1 0.6
5.67 3.63 6.26 ACA0A2 0.6
5.67 3.63 5.63 AC9FA1 0.6
5.67 3.63 5 A5989A 0.6
5.67 3.63 4.37 ADA0A2 0.6
5.67 3.63 3.74 AC9FA1 0.6
5.67 3.63 3.11 B1A5A6 0.6
5.67 3.63 2.48 A99C9E 0.6
5.67 3.63 1.85 B1A5A6 0.6
5.67 3.63 1.22 B0A4A6 0.6
5.67 3.63 0.5899997 B2A7A8 0.6
5.67 3.63 -0.03999996 B2A8A9 0.6
5.04 4.26 10.67 D0A898 0.6
5.04 4.26 10.04 CEA797 0.6
5.04 4.26 9.41 CAA293 0.6
5.04 4.26 8.780001 CEA696 0.6
5.04 4.26 8.15 20253B 0.6
5.04 4.26 7.52 20263D 0.6
5.04 4.26 6.89 20263C 0.6
5.04 4.26 6.26 C49B8D 0.6
5.04 4.26 5.63 C9A192 0.6
5.04 4.26 5 C29A8D 0.6
5.04 4.26 4.37 C69E90 0.6
5.04 4.26 3.74 20263D 0.6
5.04 4.26 3.11 20273E 0.6
5.04 4.26 2.48 20243A 0.6
5.04 4.26 1.85 CFA696 0.6
5.04 4.26 1.22 C8A092 0.6
5.04 4.26 0.5899997 C9A192 0.6
5.04 4.26 -0.03999996 CFA797 0.6
5.04 4.89 10.67 D0AA9A 0.6
5.04 4.89 10.04 CEA797 0.6
5.04 4.89 9.41 CEA697 0.6
5.04 4.89 8.780001 C89F91 0.6
5.04 4.89 8.15 20243A 0.6
5.04 4.89 7.52 20273D 0.6
5.04 4.89 6.89 20263C 0.6
5.04 4.89 6.26 C8A091 0.6
5.04 4.89 5.63 C59C8F 0.6
5.04 4.89 5 C59D8F 0.6
5.04 4.89 4.37 C59D8F 0.6
5.04 4.89 3.74 20263C 0.6
5.04 4.89 3.11 20263D 0.6
5.04 4.89 2.48 20243A 0.6
5.04 4.89 1.85 CAA293 0.6
5.04 4.89 1.22 CDA696 0.6
5.04 4.89 0.5899997 CDA697 0.6
5.04 4.89 -0.03999996 C79F91 0.6
-3.78 4.89 -0.6700001 9D909E 0.6
-3.78 4.89 -1.3 B69F6D 0.6
-3.78 4.89 -1.93 958893 0.6
5.04 5.52 10.67 D0A999 0.6
5.04 5.52 10.04 D0A999 0.6
5.04 5.52 9.41 D1AA9A 0.6
5.04 5.52 8.780001 CBA394 0.6
5.04 5.52 8.15 202237 0.6
5.04 5.52 7.52 20253C 0.6
5.04 5.52 6.89 20243A 0.6
5.04 5.52 6.26 CAA293 0.6
5.04 5.52 5.63 C49C8E 0.6
5.04 5.52 5 C9A192 0.6
5.04 5.52 4.37 C8A091 0.6
5.04 5.52 3.74 20243B 0.6
5.04 5.52 3.11 20243B 0.6
5.04 5.52 2.48 202339 0.6
5.04 5.52 1.85 C89F91 0.6
5.04 5.52 1.22 C8A092 0.6
5.04 5.52 0.5899997 C9A293 0.6
5.04 5.52 -0.03999996 CFA898 0.6
-3.78 5.52 -0.6700001 A6A0AD 0.6
-3.78 5.52 -1.3 B6A16E 0.6
-3.78 5.52 -1.93 A5A4AB 0.6
5.04 6.15 10.67 815A5E 0.6
5.04 6.15 10.04 7C555A 0.6
5.04 6.15 9.41 805A5E 0.6
5.04 6.15 8.780001 7C575C 0.6
5.04 6.15 8.15 7A555B 0.6
5.04 6.15 7.52 7E5A5E 0.6
5.04 6.15 6.89 7E585C 0.6
5.04 6.15 6.26 795359 0.6
5.04 6.15 5.63 865E60 0.6
5.04 6.15 5 765158 0.6
5.04 6.15 4.37 7D585C 0.6
5.04 6.15 3.74 7C565B 0.6
5.04 6.15 3.11 835B5E 0.6
5.04 6.15 2.48 6F4B53 0.6
5.04 6.15 1.85 7E585C 0.6
5.04 6.15 1.22 795359 0.6
5.04 6.15 0.5899997 775257 0.6
5.04 6.15 -0.03999996 7D555A 0.6
5.67 6.78 10.67 CAC2C0 0.6
5.67 6.78 10.04 C8C0BF 0.6
5.67 6.78 9.41 C5BDBC 0.6
5.67 6.78 8.780001 C7BEBD 0.6
5.67 6.78 8.15 C9C0BF 0.6
5.67 6.78 7.52 C3B9B8 0.6
5.67 6.78 6.89 C6BDBB 0.6
5.67 6.78 6.26 C0B6B6 0.6
5.67 6.78 5.63 C9C0BF 0.6
5.67 6.78 5 C5BCBB 0.6
5.67 6.78 4.37 C7BEBC 0.6
5.67 6.78 3.74 C5BCBB 0.6
5.67 6.78 3.11 C5BCBB 0.6
5.67 6.78 2.48 C6BDBC 0.6
5.67 6.78 1.85 C9C0BE 0.6
5.67 6.78 1.22 C8BFBE 0.6
5.67 6.78 0.5899997 C9C1C0 0.6
5.67 6.78 -0.03999996 C8C0BF 0.6
-5.04 -0.15 15.08 B9B1B2 0.6
5.04 0.48 15.08 E7E1DD 0.6
5.04 0.48 14.45 E5DEDA 0.6
5.04 0.48 13.82 E5DEDA 0.6
5.04 0.48 13.19 E5DEDA 0.6
5.04 0.48 12.56 E1D9D5 0.6
5.04 0.48 11.93 E0D8D5 0.6
5.04 0.48 11.3 D8CFCC 0.6
-2.52 0.48 10.67 B8938A 0.6
2.52 0.48 -0.03999996 A7817B 0.6
5.04 0.48 -0.6700001 D4CAC7 0.6
5.04 0.48 -1.3 D7CFCC 0.6
5.04 0.48 -1.93 DDD5D2 0.6
5.04 0.48 -2.56 E1DAD7 0.6
5.04 0.48 -3.190001 E1DAD7 0.6
5.04 0.48 -3.820001 DED6D2 0.6
5.04 0.48 -4.450001 E3DBD7 0.6
5.04 0.48 -5.08 E9E3DF 0.6
-2.52 1.11 10.67 B48F87 0.6
2.52 1.11 -0.03999996 A27C77 0.6
3.78 1.74 10.67 483D56 0.6
-2.52 2.37 10.67 A7807B 0.6
5.04 3 11.3 C0B7B7 0.6
5.04 3.63 -0.03999996 DDB8A5 0.6
5.04 3.63 11.3 C2BABA 0.6
5.04 3.63 -0.6700001 C7BFBD 0.6
1.89 4.26 10.67 B17C77 0.6
5.04 3.63 5 C7BAB8 0.6
5.04 3.63 4.37 C4B8B6 0.6
5.04 3.63 1.85 CABCB9 0.6
5.04 3.63 1.22 CDC0BC 0.6
5.04 3.63 0.5899997 D2C4C0 0.6
1.89 4.26 -0.03999996 9E6F6D 0.6
1.89 4.89 10.67 A97A75 0.6
1.89 4.89 -0.03999996 A97673 0.6
1.89 5.52 10.67 A37370 0.6
1.89 5.52 -0.03999996 A06F6E 0.6
5.04 6.78 11.3 C2BABA 0.6
5.04 6.78 10.67 B3AAAC 0.6
-5.04 6.78 10.67 B7AEAF 0.6
5.04 6.78 -0.03999996 B7AEB0 0.6
5.04 6.78 10.04 CDC6C6 0.6
-5.04 6.78 10.04 D4CDCB 0.6
5.04 6.78 9.41 CCC5C5 0.6
-5.04 6.78 9.41 D5CFCD 0.6
5.04 6.78 8.780001 CCC5C5 0.6
3.78 6.78 8.780001 C3BCBF 0.6
5.04 6.78 8.15 CEC7C7 0.6
-5.04 6.78 8.15 D5CFCD 0.6
5.04 6.78 7.52 D6D0CE 0.6
-5.04 6.78 7.52 D8D2D0 0.6
5.04 6.78 6.89 D5CFCD 0.6
-5.04 6.78 6.89 D8D2D0 0.6
5.04 6.78 6.26 D9D3D1 0.6
-5.04 6.78 6.26 D4CDCC 0.6
5.04 6.78 5.63 D7D1CF 0.6
-5.04 6.78 5.63 D9D2D0 0.6
5.04 6.78 5 D9D3D0 0.6
-5.04 6.78 5 D9D3D1 0.6
5.04 6.78 4.37 D9D3D1 0.6
-5.04 6.78 4.37 D6CFCD 0.6
5.04 6.78 3.74 D6D0CE 0.6
3.78 6.78 3.74 D2D8E2 0.6
5.04 6.78 3.11 D2CCCA 0.6
0 6.78 3.11 C5BEC1 0.6
5.04 6.78 2.48 D5CFCD 0.6
-5.04 6.78 2.48 D3CDCB 0.6
5.04 6.78 1.85 D7D0CE 0.6
-5.04 6.78 1.85 D7D0CE 0.6
5.04 6.78 1.22 D8D2D0 0.6
-5.04 6.78 1.22 D5CECC 0.6
5.04 6.78 0.5899997 D7D1CE 0.6
-0.63 6.78 0.5899997 D6DCE6 0.6
5.04 6.78 -0.6700001 CDC5C3 0.6
4.41 3 -0.03999996 78545A 0.6
4.41 -0.15 15.08 B9B0B1 0.6
4.41 -0.15 -5.08 BBB2B3 0.6
4.41 0.48 10.67 D9B2A1 0.6
4.41 0.48 15.08 E8E2DE 0.6
4.41 0.48 14.45 E7E1DD 0.6
4.41 0.48 13.82 E7E0DC 0.6
4.41 0.48 13.19 E0D9D5 0.6
4.41 0.48 12.56 DED5D2 0.6
4.41 0.48 11.93 D7CDCA 0.6
4.41 0.48 11.3 D8CDC9 0.6
4.41 0.48 10.04 95797C 0.6
4.41 0.48 9.41 997E80 0.6
4.41 0.48 8.780001 947B7F 0.6
4.41 0.48 8.15 94787D 0.6
4.41 0.48 7.52 8D757B 0.6
4.41 0.48 6.89 8E747A 0.6
4.41 0.48 6.26 937B80 0.6
4.41 0.48 5.63 957D82 0.6
4.41 0.48 5 90797F 0.6
4.41 0.48 4.37 927A7F 0.6
4.41 0.48 3.74 94787D 0.6
4.41 0.48 3.11 91787E 0.6
4.41 0.48 2.48 8C757B 0.6
4.41 0.48 1.85 8E757A 0.6
4.41 0.48 1.22 8D757B 0.6
4.41 0.48 0.5899997 897277 0.6
4.41 0.48 -0.03999996 BDB1B1 0.6
4.41 0.48 -0.6700001 CBC1BF 0.6
4.41 0.48 -1.3 D7CFCC 0.6
4.41 0.48 -1.93 DED6D3 0.6
4.41 0.48 -2.56 DDD6D2 0.6
4.41 0.48 -3.190001 D7CECB 0.6
-3.78 0.48 -3.820001 B28278 0.6
-3.78 0.48 -4.450001 B18278 0.6
4.41 0.48 -5.08 E4DCD8 0.6
4.41 1.11 10.67 D2AD9C 0.6
4.41 1.11 -3.820001 847E56 0.6
4.41 1.11 -0.03999996 997270 0.6
-3.78 1.11 -4.450001 9C9961 0.6
4.41 1.74 10.67 D3AE9D 0.6
4.41 1.74 -0.03999996 977170 0.6
2.52 1.74 -0.03999996 9F7975 0.6
4.41 2.37 10.67 CFA99A 0.6
4.41 2.37 -0.03999996 906A6A 0.6
2.52 2.37 -0.03999996 946E6D 0.6
4.41 3 11.3 B9B0B1 0.6
4.41 3.63 -0.03999996 E4BEAB 0.6
4.41 3.63 11.3 C3BBBA 0.6
4.41 3.63 -0.6700001 CAC0BF 0.6
4.41 4.26 10.67 D5B09F 0.6
4.41 4.26 -0.03999996 DCB5A3 0.6
4.41 4.89 10.67 D5B09F 0.6
4.41 6.15 -0.03999996 8B5D5F 0.6
4.41 4.89 -0.03999996 D9B3A1 0.6
4.41 5.52 10.67 CBA596 0.6
4.41 5.52 -0.03999996 D6B09E 0.6
4.41 6.15 10.67 8F6767 0.6
4.41 6.78 11.3 C3BBBA 0.6
4.41 6.78 -0.03999996 D3CDCB 0.6
4.41 6.78 10.67 CFC8C7 0.6
4.41 6.15 10.04 D6D0CF 0.6
4.41 6.15 9.41 DAD4D3 0.6
4.41 6.15 8.780001 D7D1D0 0.6
4.41 6.15 8.15 DFD9D7 0.6
4.41 6.15 7.52 F0EBE7 0.6
4.41 6.15 6.89 F2EDE8 0.6
4.41 6.15 6.26 F2EDE9 0.6
4.41 6.15 5.63 F3EEE9 0.6
4.41 6.15 5 EFEAE6 0.6
4.41 6.15 4.37 EFEAE6 0.6
4.41 6.15 3.74 ECE7E3 0.6
4.41 6.15 3.11 F0EBE7 0.6
4.41 6.15 2.48 F3EEE9 0.6
4.41 6.15 1.85 F0EBE7 0.6
4.41 6.15 1.22 F0EAE6 0.6
4.41 6.15 0.5899997 EFEAE6 0.6
-5.04 6.78 -0.03999996 BBB3B4 0.6
4.41 6.78 -0.6700001 CCC4C3 0.6
3.78 3 -0.03999996 71535A 0.6
3.78 -0.15 15.08 B5ABAD 0.6
3.78 -0.15 -5.08 B9AFB0 0.6
3.78 0.48 10.67 DEB8A6 0.6
3.78 0.48 15.08 EAE4E0 0.6
3.78 0.48 14.45 E8E2DE 0.6
3.78 0.48 13.82 E2DBD7 0.6
3.78 0.48 13.19 E0D9D5 0.6
3.78 0.48 12.56 D7CECA 0.6
3.78 0.48 11.93 D6CDC9 0.6
3.78 0.48 11.3 D3C7C3 0.6
3.78 0.48 -3.820001 916564 0.6
3.78 0.48 10.04 997D7E 0.6
3.78 0.48 9.41 977E81 0.6
3.78 0.48 8.780001 927A7E 0.6
3.78 0.48 8.15 8F797E 0.6
3.78 0.48 7.52 8F797E 0.6
3.78 0.48 6.89 917A7F 0.6
3.78 0.48 6.26 8F7A80 0.6
3.78 0.48 5.63 947E84 0.6
3.78 0.48 5 967E83 0.6
3.78 0.48 4.37 917D82 0.6
3.78 0.48 3.74 8F797F 0.6
3.78 0.48 3.11 8D777E 0.6
3.78 0.48 2.48 8D777D 0.6
3.78 0.48 1.85 89747B 0.6
3.78 0.48 1.22 857077 0.6
3.78 0.48 0.5899997 7D6C75 0.6
3.78 0.48 -0.03999996 AFA4A6 0.6
3.78 0.48 -0.6700001 C3B9B8 0.6
3.78 0.48 -1.3 CEC4C2 0.6
3.78 0.48 -1.93 D5CDCA 0.6
3.78 0.48 -2.56 DED6D3 0.6
3.78 0.48 -3.190001 DBD3D0 0.6
3.78 0.48 -4.450001 83615E 0.6
3.78 0.48 -5.08 E9E1DD 0.6
3.78 1.11 10.67 D9B4A2 0.6
3.78 1.11 -0.03999996 A1A1AF 0.6
3.78 1.11 -3.820001 CEA08C 0.6
3.78 1.11 -4.450001 C39480 0.6
3.78 1.74 0.5899997 20263D 0.6
3.78 1.74 -4.450001 C1C576 0.6
-3.78 1.74 -4.450001 C1C376 0.6
3.78 2.37 10.67 CFA99A 0.6
3.78 2.37 0.5899997 20253C 0.6
3.78 3 11.3 BEB5B5 0.6
3.78 3.63 -0.03999996 DCB5A3 0.6
3.78 3.63 11.3 C7BFBE 0.6
3.78 3.63 -0.6700001 C9C0BF 0.6
3.78 4.26 10.67 D6B09F 0.6
3.78 4.89 -0.03999996 D8B09F 0.6
3.78 4.26 -0.03999996 DDB7A4 0.6
3.78 4.89 10.67 D4AF9E 0.6
3.78 5.52 10.67 CCA697 0.6
3.78 6.15 -0.03999996 8F5F61 0.6
3.78 5.52 -0.03999996 D3AA9A 0.6
3.78 6.15 10.67 866063 0.6
3.78 6.78 11.3 C8C1C0 0.6
3.78 6.78 4.37 D0D6E0 0.6
3.78 6.78 10.67 CAC3C3 0.6
3.78 6.78 10.04 8D88A9 0.6
3.78 6.78 9.41 8681A2 0.6
3.78 6.78 8.15 8F8BAB 0.6
3.78 6.15 7.52 F2EDE9 0.6
3.78 6.15 6.89 F6F1ED 0.6
3.78 6.15 6.26 F4EFEA 0.6
3.78 6.15 5.63 F7F2EE 0.6
3.78 6.15 5 F5F0EC 0.6
3.78 6.15 4.37 E8E3E1 0.6
3.78 6.15 3.74 9291A0 0.6
-5.04 6.78 3.74 D6D0CE 0.6
3.78 6.78 -0.03999996 D2CBC9 0.6
3.78 6.15 3.11 F2EDE9 0.6
3.78 6.15 2.48 F6F1EC 0.6
3.78 6.15 1.85 F6F1ED 0.6
3.78 6.15 1.22 F4F0EB 0.6
3.78 6.15 0.5899997 EFE9E5 0.6
3.78 6.78 -0.6700001 CDC5C3 0.6
3.15 3 -0.03999996 825A5E 0.6
3.15 -0.15 15.08 BBB2B3 0.6
3.15 -0.15 -5.08 BCB3B3 0.6
3.15 0.48 10.67 DBB6A3 0.6
3.15 0.48 15.08 E5DFDB 0.6
3.15 0.48 14.45 E3DCD8 0.6
3.15 0.48 13.82 E1DAD7 0.6
3.15 0.48 13.19 DDD5D2 0.6
3.15 0.48 12.56 DCD4D0 0.6
3.15 0.48 11.93 D6CCC9 0.6
3.15 0.48 11.3 CFC3BF 0.6
3.15 0.48 10.04 977E80 0.6
3.15 0.48 9.41 978083 0.6
3.15 0.48 8.780001 968083 0.6
3.15 0.48 8.15 927B80 0.6
3.15 0.48 7.52 927B81 0.6
3.15 0.48 6.89 978489 0.6
3.15 0.48 6.26 927D83 0.6
3.15 0.48 5.63 978286 0.6
3.15 0.48 5 937E83 0.6
3.15 0.48 4.37 958185 0.6
3.15 0.48 3.74 958085 0.6
3.15 0.48 3.11 927D83 0.6
3.15 0.48 2.48 8C787F 0.6
3.15 0.48 1.85 8C787E 0.6
3.15 0.48 1.22 837078 0.6
3.15 0.48 0.5899997 796872 0.6
3.15 0.48 -0.03999996 AC9FA2 0.6
3.15 0.48 -0.6700001 B9ACAC 0.6
3.15 0.48 -1.3 CCC3C1 0.6
3.15 0.48 -1.93 D3C9C7 0.6
3.15 0.48 -2.56 D8D0CD 0.6
3.15 0.48 -3.190001 DFD7D3 0.6
3.15 0.48 -3.820001 DBD2CF 0.6
3.15 0.48 -4.450001 E2DBD7 0.6
3.15 0.48 -5.08 E7E0DC 0.6
3.15 1.11 10.67 D7B1A0 0.6
3.15 1.11 -0.03999996 9795A4 0.6
3.15 1.74 10.67 A37E7A 0.6
-2.52 1.74 10.67 B08A83 0.6
3.15 1.74 0.5899997 20263D 0.6
3.15 2.37 10.67 D4AE9E 0.6
3.15 2.37 0.5899997 20263C 0.6
3.15 3 11.3 BFB7B7 0.6
3.15 5.52 -0.03999996 7D5563 0.6
3.15 3.63 11.3 C6BFBE 0.6
3.15 3.63 -0.6700001 C8BEBD 0.6
3.15 4.26 10.67 D1AC9C 0.6
3.15 3.63 -0.03999996 CD9E91 0.6
3.15 4.26 -0.03999996 A1878C 0.6
3.15 4.89 10.67 D6B09F 0.6
3.15 4.89 -0.03999996 A38187 0.6
3.15 5.52 10.67 CDA797 0.6
3.15 6.15 10.67 8E6060 0.6
3.15 6.15 -0.03999996 8D5C5F 0.6
3.15 6.78 11.3 C6BEBE 0.6
3.15 6.78 9.41 BDB6BA 0.6
3.15 6.78 10.67 CBC4C4 0.6
3.15 6.78 10.04 8B87A7 0.6
3.15 6.78 8.780001 575373 0.6
-5.04 6.78 8.780001 DAD3D1 0.6
3.15 6.78 -0.03999996 D6D0CE 0.6
3.15 6.78 8.15 8F8BAB 0.6
3.15 6.15 7.52 F4EFEB 0.6
3.15 6.15 6.89 F8F3EE 0.6
3.15 6.15 6.26 F8F3EF 0.6
3.15 6.15 5.63 F6F1ED 0.6
3.15 6.15 5 F5F0EC 0.6
3.15 6.15 4.37 EFEBE8 0.6
3.15 6.15 3.74 D8D4D4 0.6
3.15 6.78 3.74 D5DBE5 0.6
3.15 6.15 3.11 F6F1ED 0.6
3.15 6.15 2.48 F6F1EC 0.6
3.15 6.15 1.85 F5F1EC 0.6
3.15 6.15 1.22 F6F1EC 0.6
3.15 6.15 0.5899997 EFEAE6 0.6
3.15 6.78 -0.6700001 CFC6C4 0.6
2.52 5.52 10.67 7F555B 0.6
2.52 3 -0.03999996 765359 0.6
2.52 -0.15 15.08 B8AFB0 0.6
2.52 -0.15 -5.08 B6ADAE 0.6
2.52 0.48 10.67 D9B2A1 0.6
2.52 0.48 15.08 E6E0DC 0.6
2.52 0.48 14.45 E4DDD9 0.6
2.52 0.48 13.82 E1DAD6 0.6
2.52 0.48 13.19 DED5D2 0.6
2.52 0.48 12.56 DAD1CD 0.6
2.52 0.48 11.93 D7CDC9 0.6
2.52 0.48 11.3 D0C3BF 0.6
2.52 0.48 10.04 9A8283 0.6
2.52 0.48 9.41 977F82 0.6
2.52 0.48 8.780001 988185 0.6
2.52 0.48 8.15 968084 0.6
2.52 0.48 7.52 937E83 0.6
2.52 0.48 6.89 9B868B 0.6
2.52 0.48 6.26 998589 0.6
2.52 0.48 5.63 968185 0.6
2.52 0.48 5 978488 0.6
2.52 0.48 4.37 968388 0.6
2.52 0.48 3.74 978387 0.6
2.52 0.48 3.11 927F85 0.6
2.52 0.48 2.48 8E7980 0.6
2.52 0.48 1.85 8B777E 0.6
2.52 0.48 1.22 88757C 0.6
2.52 0.48 0.5899997 827079 0.6
2.52 0.48 -0.6700001 AF9FA0 0.6
2.52 0.48 -1.3 BEB1B0 0.6
2.52 0.48 -1.93 D0C6C4 0.6
2.52 0.48 -2.56 D8CFCC 0.6
2.52 0.48 -3.190001 E1D9D6 0.6
2.52 0.48 -3.820001 E1D9D5 0.6
2.52 0.48 -4.450001 E6DFDB 0.6
2.52 0.48 -5.08 ECE5E1 0.6
2.52 1.11 10.67 D7B2A0 0.6
2.52 1.74 10.67 D6B09F 0.6
2.52 2.37 10.67 D0AA9A 0.6
2.52 3 11.3 BDB4B5 0.6
2.52 5.52 -0.03999996 865966 0.6
2.52 3.63 11.3 C7BFBE 0.6
2.52 3.63 -0.6700001 C8BBB9 0.6
2.52 4.26 10.67 21273E 0.6
2.52 3.63 -0.03999996 D0A294 0.6
2.52 4.26 0.5899997 21283F 0.6
2.52 4.89 10.67 20273D 0.6
2.52 4.89 0.5899997 21273E 0.6
2.52 5.52 0.5899997 20253C 0.6
2.52 6.15 10.67 8E5F60 0.6
2.52 6.15 -0.03999996 905B5E 0.6
2.52 6.78 11.3 C1B9B9 0.6
2.52 6.78 -0.03999996 D4CECC 0.6
2.52 6.78 10.67 D0CAC9 0.6
2.52 6.78 10.04 8E8AAB 0.6
2.52 6.78 9.41 8B87A7 0.6
2.52 6.78 8.780001 8B87A7 0.6
2.52 6.78 8.15 8D89AA 0.6
2.52 6.15 7.52 F4EFEA 0.6
2.52 6.15 6.89 F4F0EB 0.6
2.52 6.15 6.26 F7F2ED 0.6
2.52 6.15 5.63 F8F3EF 0.6
2.52 6.15 5 F7F2EE 0.6
2.52 6.15 4.37 F8F4EF 0.6
2.52 6.15 3.74 F7F3EE 0.6
2.52 6.15 3.11 F5F1EC 0.6
2.52 6.15 2.48 F8F3EF 0.6
2.52 6.15 1.85 F7F3EE 0.6
2.52 6.15 1.22 F6F1ED 0.6
2.52 6.15 0.5899997 F3EEEA 0.6
2.52 6.78 -0.6700001 CCC2C1 0.6
1.89 3 -0.03999996 7F283B 0.6
1.89 3 -0.6700001 9A2E41 0.6
1.89 2.37 -1.3 972E41 0.6
1.89 2.37 -1.93 9F2F42 0.6
1.89 -0.15 15.08 B5ACAD 0.6
1.89 -0.15 -5.08 BDB4B4 0.6
1.89 0.48 10.67 DCB6A3 0.6
1.89 0.48 15.08 E8E2DE 0.6
1.89 0.48 14.45 E4DDD9 0.6
1.89 0.48 13.82 DDD6D3 0.6
1.89 0.48 13.19 DED5D1 0.6
1.89 0.48 12.56 DBD2CE 0.6
1.89 0.48 11.93 D6CCC8 0.6
1.89 0.48 11.3 D1C5C2 0.6
1.89 0.48 10.04 9D8586 0.6
1.89 0.48 9.41 9F8A8C 0.6
1.89 0.48 8.780001 9B8587 0.6
1.89 0.48 8.15 9D888C 0.6
1.89 0.48 7.52 9A8589 0.6
1.89 0.48 6.89 9C888B 0.6
1.89 0.48 6.26 9A888D 0.6
1.89 0.48 5.63 9B878C 0.6
1.89 0.48 5 978388 0.6
1.89 0.48 4.37 988489 0.6
1.89 0.48 3.74 958287 0.6
1.89 0.48 3.11 937F84 0.6
1.89 0.48 2.48 978388 0.6
1.89 0.48 1.85 8F7A7F 0.6
1.89 0.48 1.22 8E7980 0.6
1.89 0.48 0.5899997 90797E 0.6
1.89 0.48 -0.03999996 A0888B 0.6
1.89 0.48 -0.6700001 A69295 0.6
1.89 0.48 -1.3 AD9C9D 0.6
1.89 0.48 -2.56 D3C8C5 0.6
1.89 0.48 -3.190001 DDD5D2 0.6
1.89 0.48 -3.820001 E3DCD8 0.6
1.89 0.48 -4.450001 E4DCD9 0.6
1.89 0.48 -5.08 E8E2DD 0.6
1.89 1.11 10.67 DBB6A4 0.6
1.89 1.11 -0.03999996 B58880 0.6
1.89 1.74 10.67 D3AD9D 0.6
1.89 1.74 -1.93 82585A 0.6
1.89 1.74 -0.03999996 A87B76 0.6
1.89 2.37 10.67 D1AB9B 0.6
1.89 2.37 -2.56 8E273A 0.6
1.89 2.37 -0.03999996 A37270 0.6
1.89 3 11.3 BEB6B6 0.6
1.89 3.63 11.3 C0B7B7 0.6
1.89 3.63 -0.6700001 D1C1C0 0.6
1.89 3.63 -0.03999996 CF9D8F 0.6
1.89 6.15 10.67 8D7175 0.6
1.89 6.15 -0.03999996 945A5D 0.6
1.89 6.78 11.3 C4BCBB 0.6
1.89 6.78 -0.03999996 D6D0CE 0.6
1.89 6.78 10.67 D8D1CF 0.6
1.89 6.15 10.04 EFEAE6 0.6
1.89 6.15 9.41 F2EDE8 0.6
1.89 6.15 8.780001 F2EDE9 0.6
1.89 6.15 8.15 F2EDE8 0.6
1.89 6.15 7.52 F5F0EB 0.6
1.89 6.15 6.89 F9F5F0 0.6
1.89 6.15 6.26 F7F2EE 0.6
1.89 6.15 5.63 F7F3EE 0.6
1.89 6.15 5 F8F4EF 0.6
1.89 6.15 4.37 F8F4EF 0.6
1.89 6.15 3.74 F6F1EC 0.6
1.89 6.15 3.11 F5F0EC 0.6
1.89 6.15 2.48 F6F1EC 0.6
1.89 6.15 1.85 F6F1EC 0.6
1.89 6.15 1.22 F6F1EC 0.6
1.89 6.15 0.5899997 EFEAE6 0.6
1.89 6.78 -0.6700001 CFC6C4 0.6
1.26 3 -0.03999996 752538 0.6
1.26 3 -0.6700001 8F2B3E 0.6
1.26 1.11 -1.93 60424C 0.6
1.26 -0.15 15.08 B8B0B1 0.6
1.26 -0.15 -5.08 BCB3B3 0.6
1.26 0.48 10.67 D9B3A1 0.6
1.26 0.48 15.08 E5DEDA 0.6
1.26 0.48 14.45 E4DDD9 0.6
1.26 0.48 13.82 E1D9D6 0.6
1.26 0.48 13.19 DBD3CF 0.6
1.26 0.48 12.56 DCD3CF 0.6
1.26 0.48 11.93 D5CAC7 0.6
1.26 0.48 11.3 D3C7C2 0.6
1.26 0.48 -1.3 784F54 0.6
1.26 0.48 10.04 9E8486 0.6
1.26 0.48 9.41 9E8789 0.6
1.26 0.48 8.780001 9E8A8C 0.6
1.26 0.48 8.15 9E8A8D 0.6
1.26 0.48 7.52 99868A 0.6
1.26 0.48 6.89 99878B 0.6
1.26 0.48 6.26 978489 0.6
1.26 0.48 5.63 99868B 0.6
1.26 0.48 5 968388 0.6
1.26 0.48 4.37 988287 0.6
1.26 0.48 3.74 948388 0.6
1.26 0.48 3.11 958287 0.6
1.26 0.48 2.48 907D83 0.6
1.26 0.48 1.85 907D83 0.6
1.26 0.48 1.22 8A767D 0.6
1.26 0.48 0.5899997 816D76 0.6
1.26 0.48 -0.03999996 8C7479 0.6
1.26 0.48 -0.6700001 917980 0.6
1.26 0.48 -1.93 8A767C 0.6
-1.89 0.48 -1.93 5F424C 0.6
1.26 0.48 -2.56 D2C7C5 0.6
1.26 0.48 -3.190001 DED5D2 0.6
1.26 0.48 -3.820001 E0D9D6 0.6
1.26 0.48 -4.450001 E8E1DD 0.6
1.26 0.48 -5.08 EAE2DF 0.6
1.26 1.11 10.67 DCB8A5 0.6
1.26 1.11 -0.03999996 A67974 0.6
1.26 2.37 -1.3 902B3E 0.6
-1.26 1.11 -1.3 543643 0.6
1.26 2.37 -1.93 922C3F 0.6
1.26 1.74 10.67 D6B1A0 0.6
1.26 1.74 -0.03999996 926264 0.6
-1.26 1.74 -1.3 9A6966 0.6
1.26 2.37 10.67 D2AC9C 0.6
1.26 2.37 -2.56 7B2336 0.6
1.26 2.37 -0.03999996 7E4B53 0.6
1.26 3 11.3 C1B9B9 0.6
1.26 6.15 -0.03999996 93575B 0.6
1.26 3.63 11.3 C4BCBB 0.6
1.26 3.63 -0.6700001 D1B9B8 0.6
1.26 4.26 10.67 D2AC9C 0.6
-0.63 4.26 10.67 B6817A 0.6
1.26 3.63 -0.03999996 D5C6C2 0.6
1.26 4.26 -0.03999996 DAB19F 0.6
1.26 4.89 10.67 D7B2A0 0.6
-0.63 4.89 10.67 AD7C77 0.6
-3.78 4.89 -0.03999996 998F9D 0.6
1.26 4.89 -0.03999996 D9B09E 0.6
1.26 5.52 10.67 CFA999 0.6
-0.63 5.52 10.67 A3716F 0.6
-3.78 5.52 -0.03999996 918997 0.6
1.26 5.52 -0.03999996 D5AA9A 0.6
1.26 6.15 10.67 937A7D 0.6
1.26 6.78 11.3 C9C2C0 0.6
1.26 6.78 -0.03999996 D5CFCD 0.6
1.26 6.78 10.67 DAD3D1 0.6
1.26 6.15 10.04 F2EDE8 0.6
1.26 6.15 9.41 F5F0EC 0.6
1.26 6.15 8.780001 F6F1EC 0.6
1.26 6.15 8.15 F5F0EC 0.6
1.26 6.15 7.52 F7F2EE 0.6
1.26 6.15 6.89 F7F3EE 0.6
1.26 6.15 6.26 F7F1ED 0.6
1.26 6.15 5.63 F9F4EF 0.6
1.26 6.15 5 F7F2ED 0.6
1.26 6.15 4.37 F8F3EE 0.6
1.26 6.15 3.74 F5F0EC 0.6
1.26 6.15 3.11 CAC3C4 0.6
1.26 6.78 2.48 908CAC 0.6
1.26 6.15 1.85 F7F2EE 0.6
1.26 6.15 1.22 F6F1EC 0.6
1.26 6.15 0.5899997 F2EDE9 0.6
1.26 6.78 -0.6700001 CCC1C0 0.6
0.63 0.48 -0.03999996 564454 0.6
0.63 3 -0.6700001 7D283C 0.6
0.63 2.37 -1.3 862A3D 0.6
0.63 2.37 -1.93 902A3D 0.6
0.63 -0.15 15.08 B7AEAF 0.6
0.63 -0.15 -5.08 BCB3B3 0.6
0.63 0.48 10.67 DDB7A4 0.6
0.63 0.48 15.08 E2DBD7 0.6
0.63 0.48 14.45 E2DBD7 0.6
0.63 0.48 13.82 E0D8D5 0.6
0.63 0.48 13.19 DDD4D0 0.6
0.63 0.48 12.56 D5CCC8 0.6
0.63 0.48 11.93 D5CBC7 0.6
0.63 0.48 11.3 D2C6C2 0.6
0.63 0.48 10.04 A28A8B 0.6
0.63 0.48 9.41 9C8588 0.6
0.63 0.48 8.780001 9C888B 0.6
0.63 0.48 8.15 A08B8D 0.6
0.63 0.48 7.52 9C888C 0.6
0.63 0.48 6.89 9B898C 0.6
0.63 0.48 6.26 98858A 0.6
0.63 0.48 5.63 9C8B8E 0.6
0.63 0.48 5 9E8A8E 0.6
0.63 0.48 4.37 99868A 0.6
0.63 0.48 3.74 927F85 0.6
0.63 0.48 3.11 958186 0.6
0.63 0.48 2.48 937E84 0.6
0.63 0.48 1.85 8B767D 0.6
0.63 0.48 1.22 87737B 0.6
0.63 0.48 0.5899997 846F77 0.6
0.63 0.48 -0.6700001 856D76 0.6
0.63 0.48 -1.3 6F5562 0.6
0.63 0.48 -1.93 978388 0.6
0.63 0.48 -2.56 C1B4B4 0.6
0.63 0.48 -3.190001 DED6D3 0.6
0.63 0.48 -3.820001 E5DCD8 0.6
0.63 0.48 -4.450001 E8E1DD 0.6
0.63 0.48 -5.08 EAE2DE 0.6
0.63 1.11 10.67 DCB7A5 0.6
0.63 3 -0.03999996 6E2437 0.6
0.63 1.11 -0.03999996 6D5362 0.6
0.63 1.74 10.67 D9B4A2 0.6
0.63 1.74 0.5899997 201F35 0.6
0.63 2.37 10.67 D3AD9D 0.6
0.63 2.37 -2.56 7A2235 0.6
0.63 2.37 0.5899997 201E33 0.6
0.63 3 11.3 C1B8B8 0.6
0.63 6.15 -0.03999996 93575B 0.6
0.63 3.63 11.3 C7BFBE 0.6
0.63 3.63 -0.6700001 D5BCBB 0.6
0.63 4.26 10.67 D2AD9C 0.6
0.63 3.63 -0.03999996 D1C1BC 0.6
0.63 4.26 -0.03999996 D94151 0.6
0.63 4.89 10.67 D1AB9B 0.6
0.63 4.89 -0.03999996 D13D4E 0.6
0.63 5.52 10.67 D1AB9B 0.6
0.63 5.52 -0.03999996 C4394B 0.6
0.63 6.15 10.67 8E7478 0.6
0.63 6.78 11.3 C4BCBB 0.6
0.63 6.78 -0.03999996 D1CBCA 0.6
0.63 6.78 10.67 D9D3D1 0.6
0.63 6.15 10.04 F4EFEB 0.6
0.63 6.15 9.41 F6F1ED 0.6
0.63 6.15 8.780001 F6F1ED 0.6
0.63 6.15 8.15 F6F1ED 0.6
0.63 6.15 7.52 F7F2ED 0.6
0.63 6.15 6.89 F7F2ED 0.6
0.63 6.15 6.26 F8F3EF 0.6
0.63 6.15 5.63 F8F4EF 0.6
0.63 6.15 5 F7F3EE 0.6
0.63 6.15 4.37 F3EEE9 0.6
0.63 6.78 3.74 8B86A7 0.6
0.63 6.78 3.11 8E8AAB 0.6
0.63 6.78 2.48 928EAF 0.6
0.63 6.15 1.85 DED8D7 0.6
0.63 6.15 1.22 F6F1ED 0.6
0.63 6.15 0.5899997 EEE9E5 0.6
0.63 6.78 -0.6700001 CEC4C2 0.6
0 5.52 10.67 82555B 0.6
0 0.48 -0.03999996 524151 0.6
0 3 -0.6700001 72263A 0.6
0 2.37 -1.3 7A273B 0.6
0 1.11 -1.93 5F3F4A 0.6
0 1.11 -2.56 7D5559 0.6
0 -0.15 15.08 B5ACAE 0.6
0 -0.15 -5.08 BCB3B4 0.6
0 0.48 10.67 DDB7A5 0.6
0 0.48 15.08 E5DEDB 0.6
0 0.48 14.45 E2DCD8 0.6
0 0.48 13.82 E0D8D4 0.6
0 0.48 13.19 DCD4D1 0.6
0 0.48 12.56 DAD1CE 0.6
0 0.48 11.93 D4CAC7 0.6
0 0.48 11.3 D2C6C2 0.6
0 0.48 10.04 A1898A 0.6
0 0.48 9.41 998284 0.6
0 0.48 8.780001 9E898B 0.6
0 0.48 8.15 9D8A8D 0.6
0 0.48 7.52 9D8A8D 0.6
0 0.48 6.89 9D8A8E 0.6
0 0.48 6.26 99878B 0.6
0 0.48 5.63 9B888D 0.6
0 0.48 5 968388 0.6
0 0.48 4.37 978489 0.6
0 0.48 3.74 968489 0.6
0 0.48 3.11 938086 0.6
0 0.48 2.48 907F85 0.6
0 0.48 1.85 8E7A81 0.6
0 0.48 1.22 8A767D 0.6
0 0.48 0.5899997 826C75 0.6
0 0.48 -0.6700001 7A626D 0.6
0 0.48 -1.3 78606B 0.6
0 0.48 -1.93 6F4951 0.6
0 0.48 -2.56 967B7C 0.6
0 0.48 -3.190001 DAD2CF 0.6
0 0.48 -3.820001 E4DCD8 0.6
0 0.48 -4.450001 E8E0DC 0.6
0 0.48 -5.08 E9E3DF 0.6
0 1.11 10.67 D9B4A2 0.6
0 3 -0.03999996 642236 0.6
0 1.11 -0.03999996 6A5060 0.6
0 1.74 10.67 D7B2A0 0.6
0 1.74 0.5899997 201F35 0.6
0 2.37 -1.93 8D293B 0.6
0 2.37 10.67 D3AD9D 0.6
0 2.37 -2.56 752235 0.6
0 2.37 0.5899997 201F34 0.6
0 3 11.3 C3BBBA 0.6
0 6.15 -0.03999996 935559 0.6
0 3.63 11.3 C2B9B9 0.6
0 3.63 -0.6700001 D0B9B8 0.6
0 4.26 10.67 21283E 0.6
0 3.63 -0.03999996 CBBBB7 0.6
0 4.26 0.5899997 21283F 0.6
0 4.89 10.67 21283F 0.6
0 4.89 0.5899997 22283F 0.6
0 5.52 0.5899997 20243B 0.6
0 6.15 10.67 8D7277 0.6
0 6.78 11.3 C5BDBC 0.6
0 6.78 10.67 DBD5D2 0.6
0 6.15 10.04 F2EDE8 0.6
0 6.15 9.41 F7F2ED 0.6
0 6.15 8.780001 F6F1EC 0.6
0 6.15 8.15 F6F2ED 0.6
0 6.15 7.52 F8F3EE 0.6
0 6.15 6.89 F5F0EC 0.6
0 6.15 6.26 F6F2ED 0.6
0 6.15 5.63 F8F4EF 0.6
0 6.15 5 F8F4EF 0.6
0 6.15 4.37 F4F0EB 0.6
0 6.78 3.74 8E8AAA 0.6
-1.89 6.78 3.11 C3BCBE 0.6
0 6.78 -0.03999996 D4CECD 0.6
0 6.78 2.48 8580A1 0.6
0 6.15 1.85 D0CACA 0.6
0 6.15 1.22 EFEAE6 0.6
0 6.15 0.5899997 EAE5E1 0.6
0 6.78 -0.6700001 CDC3C2 0.6
-0.63 0.48 -0.03999996 503F50 0.6
-0.63 3 -0.6700001 6A2538 0.6
-0.63 2.37 -1.3 7E283B 0.6
-0.63 1.11 -1.93 60404B 0.6
-0.63 1.11 -2.56 7E575A 0.6
-0.63 -0.15 15.08 BAB1B2 0.6
-0.63 -0.15 -5.08 BAB1B2 0.6
-0.63 0.48 10.67 D5AF9E 0.6
-0.63 0.48 15.08 E6E0DC 0.6
-0.63 0.48 14.45 E2DBD7 0.6
-0.63 0.48 13.82 E0D9D5 0.6
-0.63 0.48 13.19 DDD5D2 0.6
-0.63 0.48 12.56 DAD1CD 0.6
-0.63 0.48 11.93 D4CBC8 0.6
-0.63 0.48 11.3 D2C5C2 0.6
-0.63 0.48 10.04 A0888A 0.6
-0.63 0.48 9.41 9C888B 0.6
-0.63 0.48 8.780001 9D8A8D 0.6
-0.63 0.48 8.15 9C888C 0.6
-0.63 0.48 7.52 9D8A8D 0.6
-0.63 0.48 6.89 978387 0.6
-0.63 0.48 6.26 A08D90 0.6
-0.63 0.48 5.63 9D8B8F 0.6
-0.63 0.48 5 998489 0.6
-0.63 0.48 4.37 988589 0.6
-0.63 0.48 3.74 968389 0.6
-0.63 0.48 3.11 927F85 0.6
-0.63 0.48 2.48 8E7B81 0.6
-0.63 0.48 1.85 8D7A81 0.6
-0.63 0.48 1.22 857078 0.6
-0.63 0.48 0.5899997 816B74 0.6
-0.63 0.48 -0.6700001 7D646F 0.6
-0.63 0.48 -1.3 7B6570 0.6
-0.63 0.48 -1.93 907C82 0.6
-0.63 0.48 -2.56 B5A8A8 0.6
-0.63 0.48 -3.190001 D8CFCC 0.6
-0.63 0.48 -3.820001 E4DBD8 0.6
-0.63 0.48 -4.450001 E6DFDB 0.6
-0.63 0.48 -5.08 E8E1DD 0.6
-0.63 1.11 10.67 D8B2A1 0.6
-0.63 3 -0.03999996 632135 0.6
-0.63 1.11 -0.03999996 715866 0.6
-0.63 1.74 10.67 D7B2A0 0.6
-0.63 1.74 0.5899997 201F35 0.6
-0.63 2.37 -1.93 86283A 0.6
-0.63 2.37 10.67 D5B09F 0.6
-0.63 2.37 -2.56 712135 0.6
-0.63 2.37 0.5899997 201E34 0.6
-0.63 3 11.3 C6BEBD 0.6
-0.63 6.15 -0.03999996 9C565A 0.6
-0.63 3.63 11.3 CAC2C1 0.6
-0.63 3.63 -0.6700001 D3BEBC 0.6
-0.63 3.63 -0.03999996 D0BFBB 0.6
-0.63 4.26 -0.03999996 D33D4E 0.6
-0.63 4.89 -0.03999996 DA3E4E 0.6
-0.63 5.52 -0.03999996 CF3A4B 0.6
-0.63 6.15 10.67 917478 0.6
-0.63 6.78 11.3 C4BCBB 0.6
-0.63 6.78 3.11 C6C0C3 0.6
-0.63 6.78 10.67 DCD6D3 0.6
-0.63 6.15 10.04 F2EEE9 0.6
-0.63 6.15 9.41 F6F1ED 0.6
-0.63 6.15 8.780001 F7F2ED 0.6
-0.63 6.15 8.15 F7F2ED 0.6
-0.63 6.15 7.52 F8F4EF 0.6
-0.63 6.15 6.89 F7F2EE 0.6
-0.63 6.15 6.26 F6F1EC 0.6
-0.63 6.15 5.63 F9F4EF 0.6
-0.63 6.15 5 F8F4EF 0.6
-0.63 6.15 4.37 F6F1EC 0.6
-0.63 6.78 3.74 8C87A8 0.6
-0.63 6.78 1.22 CED3DE 0.6
-0.63 6.78 2.48 817D9E 0.6
-0.63 6.15 1.85 CFC8C9 0.6
-0.63 6.15 0.5899997 B2AEB4 0.6
-5.04 6.78 0.5899997 D8D1CF 0.6
-0.63 6.78 -0.03999996 D0CAC9 0.6
-0.63 6.78 -0.6700001 CEC6C4 0.6
-1.26 2.37 10.67 8E6B6C 0.6
-1.26 0.48 -0.03999996 503F50 0.6
-1.26 1.11 -1.93 5F404B 0.6
-1.26 -0.15 15.08 BBB3B3 0.6
-1.26 -0.15 -5.08 BCB4B4 0.6
-1.26 0.48 10.67 9A99A8 0.6
-1.26 0.48 15.08 E4DDDA 0.6
-1.26 0.48 14.45 E5DDDA 0.6
-1.26 0.48 13.82 E3DBD8 0.6
-1.26 0.48 13.19 DFD7D4 0.6
-1.26 0.48 12.56 D8CFCC 0.6
-1.26 0.48 11.93 D4CCC9 0.6
-1.26 0.48 11.3 CEC4C2 0.6
-1.26 0.48 10.04 9A888D 0.6
-1.26 0.48 9.41 9D898C 0.6
-1.26 0.48 8.780001 948287 0.6
-1.26 0.48 8.15 9C898D 0.6
-1.26 0.48 7.52 9F8A8D 0.6
-1.26 0.48 6.89 9A888C 0.6
-1.26 0.48 6.26 A08F92 0.6
-1.26 0.48 5.63 9D8A8E 0.6
-1.26 0.48 5 9C898C 0.6
-1.26 0.48 4.37 9A8589 0.6
-1.26 0.48 3.74 99868A 0.6
-1.26 0.48 3.11 937E84 0.6
-1.26 0.48 2.48 907B81 0.6
-1.26 0.48 1.85 8C777E 0.6
-1.26 0.48 1.22 8A737B 0.6
-1.26 0.48 0.5899997 816D76 0.6
-1.26 0.48 -0.6700001 7D646F 0.6
-1.26 0.48 -1.3 5F4656 0.6
-1.26 0.48 -1.93 8E7C82 0.6
-1.26 0.48 -2.56 C7BAB9 0.6
-1.26 0.48 -3.190001 DAD0CD 0.6
-1.26 0.48 -3.820001 E0D8D5 0.6
-1.26 0.48 -4.450001 E8E1DD 0.6
-1.26 0.48 -5.08 ECE3DE 0.6
-1.26 1.11 10.67 9997A6 0.6
-1.26 3 -0.03999996 654352 0.6
-1.26 1.11 -0.03999996 765A67 0.6
-1.26 1.74 10.67 9694A2 0.6
-1.26 1.74 -0.03999996 A33043 0.6
-1.26 2.37 -0.03999996 AD3244 0.6
-1.26 3 11.3 C2B9B9 0.6
-1.26 6.15 -0.03999996 9B5A5D 0.6
-1.26 3.63 11.3 C6BEBD 0.6
-1.26 3.63 -0.6700001 D0BABA 0.6
-1.26 4.26 10.67 D3AD9D 0.6
-3.15 4.26 10.67 B37C77 0.6
-1.26 3.63 -0.03999996 CBBDBA 0.6
-1.26 4.26 -0.03999996 D9B09E 0.6
-1.26 4.89 10.67 D2AC9C 0.6
-3.15 4.89 10.67 AE7F79 0.6
-1.26 4.89 -0.03999996 DCB19F 0.6
-1.26 5.52 10.67 CFA99A 0.6
-3.15 5.52 10.67 A77672 0.6
-1.26 5.52 -0.03999996 D8AD9C 0.6
-1.26 6.15 10.67 8F7477 0.6
-1.26 6.78 11.3 C3BBBB 0.6
-1.26 6.78 -0.03999996 CDC7C6 0.6
-1.26 6.78 10.67 D8D2D0 0.6
-1.26 6.15 10.04 EEE9E5 0.6
-1.26 6.15 9.41 F4EFEA 0.6
-1.26 6.15 8.780001 F9F5F0 0.6
-1.26 6.15 8.15 F7F2ED 0.6
-1.26 6.15 7.52 F7F2ED 0.6
-1.26 6.15 6.89 F5F0EC 0.6
-1.26 6.15 6.26 F7F2ED 0.6
-1.26 6.15 5.63 F7F2EE 0.6
-1.26 6.15 5 F7F2ED 0.6
-1.26 6.15 4.37 F6F1EC 0.6
-1.26 6.78 3.74 8C88A8 0.6
-1.26 6.78 3.11 8E8AAA 0.6
-1.26 6.78 2.48 8D89A9 0.6
-1.26 6.15 1.85 D2CCCC 0.6
-1.26 6.15 1.22 EBE6E3 0.6
-1.26 6.15 0.5899997 DFDAD8 0.6
-1.26 6.78 0.5899997 D1D7E1 0.6
-1.26 6.78 -0.6700001 CDC1C0 0.6
-1.89 2.37 10.67 916E6E 0.6
-1.89 0.48 -0.03999996 4C3C4D 0.6
-1.89 3 -0.6700001 6F2539 0.6
-1.89 2.37 -1.3 7F283B 0.6
-1.89 1.11 -1.93 69444D 0.6
-1.89 -0.15 15.08 B3AAAC 0.6
-1.89 -0.15 -5.08 BBB1B2 0.6
-1.89 0.48 10.67 A6A8B7 0.6
-1.89 0.48 15.08 E7E1DD 0.6
-1.89 0.48 14.45 E2DBD7 0.6
-1.89 0.48 13.82 E1DAD7 0.6
-1.89 0.48 13.19 DBD4D0 0.6
-1.89 0.48 12.56 D9D1CE 0.6
-1.89 0.48 11.93 D1C8C6 0.6
-1.89 0.48 11.3 CEC5C4 0.6
-1.89 0.48 10.04 94848B 0.6
-1.89 0.48 9.41 97868B 0.6
-1.89 0.48 8.780001 9B8589 0.6
-1.89 0.48 8.15 988488 0.6
-1.89 0.48 7.52 99868B 0.6
-1.89 0.48 6.89 9E8B8E 0.6
-1.89 0.48 6.26 9B878B 0.6
-1.89 0.48 5.63 98858A 0.6
-1.89 0.48 5 998488 0.6
-1.89 0.48 4.37 978086 0.6
-1.89 0.48 3.74 988489 0.6
-1.89 0.48 3.11 8E7B81 0.6
-1.89 0.48 2.48 917D83 0.6
-1.89 0.48 1.85 8E797F 0.6
-1.89 0.48 1.22 836E77 0.6
-1.89 0.48 0.5899997 806A74 0.6
-1.89 0.48 -0.6700001 765C68 0.6
-1.89 0.48 -1.3 6F5764 0.6
-1.89 0.48 -2.56 C5B8B7 0.6
-1.89 0.48 -3.190001 DDD4D0 0.6
-1.89 0.48 -3.820001 E0D9D6 0.6
-1.89 0.48 -4.450001 E8E1DD 0.6
-1.89 0.48 -5.08 E9E3DF 0.6
-1.89 1.11 10.67 A8AAB8 0.6
-1.89 3 -0.03999996 622235 0.6
-1.89 1.11 -0.03999996 705765 0.6
-4.41 1.11 -1.3 583642 0.6
-1.89 2.37 -1.93 8B2A3C 0.6
-1.89 1.74 10.67 A6A7B5 0.6
-1.89 1.74 -1.3 573644 0.6
-1.89 1.74 0.5899997 202035 0.6
-4.41 1.74 -1.3 7D4E54 0.6
-1.89 1.74 -1.93 A2716C 0.6
-1.89 2.37 -2.56 732337 0.6
-1.89 2.37 0.5899997 201F35 0.6
-1.89 3 11.3 C0B8B7 0.6
-1.89 6.15 -0.03999996 925559 0.6
-1.89 3.63 11.3 C1B9B9 0.6
-1.89 3.63 -0.6700001 D1B9B8 0.6
-1.89 4.26 10.67 D8B3A2 0.6
-1.89 3.63 -0.03999996 C9B9B6 0.6
-1.89 4.26 -0.03999996 D53F4F 0.6
-1.89 4.89 10.67 D0AA9A 0.6
-1.89 4.89 -0.03999996 CB3B4C 0.6
-1.89 5.52 10.67 D0AB9B 0.6
-1.89 5.52 -0.03999996 BF384A 0.6
-1.89 6.15 10.67 917679 0.6
-1.89 6.78 11.3 C1B9B9 0.6
-1.89 6.78 10.67 DAD4D2 0.6
-1.89 6.15 10.04 F3EEEA 0.6
-1.89 6.15 9.41 F7F2ED 0.6
-1.89 6.15 8.780001 F4F0EB 0.6
-1.89 6.15 8.15 F7F3EE 0.6
-1.89 6.15 7.52 F7F3EE 0.6
-1.89 6.15 6.89 F9F4EF 0.6
-1.89 6.15 6.26 F7F2ED 0.6
-1.89 6.15 5.63 F7F2ED 0.6
-1.89 6.15 5 F7F2ED 0.6
-1.89 6.15 4.37 F3EEE9 0.6
-1.89 6.78 3.74 8C88A8 0.6
-5.04 6.78 3.11 D6CFCD 0.6
-1.89 6.78 -0.03999996 CDC6C6 0.6
-1.89 6.78 2.48 837FA0 0.6
-1.89 6.15 1.85 D1CACB 0.6
-1.89 6.15 1.22 F3EFEA 0.6
-1.89 6.15 0.5899997 EFEAE6 0.6
-1.89 6.78 -0.6700001 CCC4C2 0.6
-2.52 0.48 -0.03999996 4E3D4E 0.6
-2.52 3 -0.6700001 71263A 0.6
-2.52 2.37 -1.3 78283B 0.6
-2.52 2.37 -1.93 8A293C 0.6
-2.52 1.11 -2.56 7D565A 0.6
-2.52 -0.15 15.08 B9B0B1 0.6
-2.52 -0.15 -5.08 BFB6B6 0.6
-2.52 0.48 15.08 E7E0DC 0.6
-2.52 0.48 14.45 E6DFDB 0.6
-2.52 0.48 13.82 E1DAD6 0.6
-2.52 0.48 13.19 E0D9D6 0.6
-2.52 0.48 12.56 D7CFCC 0.6
-2.52 0.48 11.93 D8CFCC 0.6
-2.52 0.48 11.3 D0C6C3 0.6
-2.52 0.48 10.04 9A888D 0.6
-2.52 0.48 9.41 9B8589 0.6
-2.52 0.48 8.780001 968387 0.6
-2.52 0.48 8.15 9D888B 0.6
-2.52 0.48 7.52 998488 0.6
-2.52 0.48 6.89 988387 0.6
-2.52 0.48 6.26 9B878B 0.6
-2.52 0.48 5.63 9B888C 0.6
-2.52 0.48 5 9B868A 0.6
-2.52 0.48 4.37 9B878B 0.6
-2.52 0.48 3.74 968388 0.6
-2.52 0.48 3.11 8F7C83 0.6
-2.52 0.48 2.48 8C787F 0.6
-2.52 0.48 1.85 8F7A80 0.6
-2.52 0.48 1.22 877179 0.6
-2.52 0.48 0.5899997 806972 0.6
-2.52 0.48 -0.6700001 79606C 0.6
-2.52 0.48 -1.3 7C636E 0.6
-2.52 0.48 -1.93 9A878C 0.6
-2.52 0.48 -2.56 B9AAAA 0.6
-2.52 0.48 -3.190001 D7CDCA 0.6
-2.52 0.48 -3.820001 E4DBD7 0.6
-2.52 0.48 -4.450001 E7DFDB 0.6
-2.52 0.48 -5.08 E8E1DD 0.6
-2.52 3 -0.03999996 592134 0.6
-2.52 1.11 -0.03999996 634B5B 0.6
-2.52 1.74 0.5899997 201F35 0.6
-2.52 2.37 -2.56 6C2135 0.6
-2.52 2.37 0.5899997 201D32 0.6
-2.52 3 11.3 BEB5B5 0.6
-2.52 5.52 10.67 84595E 0.6
-2.52 6.15 -0.03999996 905257 0.6
-2.52 3.63 11.3 C5BEBD 0.6
-2.52 3.63 -0.6700001 CEB5B5 0.6
-2.52 4.26 10.67 20273E 0.6
-2.52 3.63 -0.03999996 C5B4B1 0.6
-2.52 4.26 0.5899997 20273E 0.6
-2.52 4.89 10.67 20273E 0.6
-2.52 4.89 0.5899997 20263C 0.6
-2.52 5.52 0.5899997 20253B 0.6
-2.52 6.15 10.67 8A6E73 0.6
-2.52 6.78 11.3 C1B9B9 0.6
-2.52 6.78 3.11 C7C0C3 0.6
-2.52 6.78 10.67 D7D1CE 0.6
-2.52 6.15 10.04 F2EDE9 0.6
-2.52 6.15 9.41 F6F1EC 0.6
-2.52 6.15 8.780001 F7F2EE 0.6
-2.52 6.15 8.15 F5F0EB 0.6
-2.52 6.15 7.52 F7F2EE 0.6
-2.52 6.15 6.89 F7F2ED 0.6
-2.52 6.15 6.26 F5F0EC 0.6
-2.52 6.15 5.63 F7F2ED 0.6
-2.52 6.15 5 F7F3EE 0.6
-2.52 6.15 4.37 F4EFEB 0.6
-2.52 6.78 3.74 8F8BAB 0.6
-2.52 6.78 -0.03999996 D5CFCD 0.6
-2.52 6.78 2.48 817D9D 0.6
-2.52 6.15 1.85 D6D0CF 0.6
-2.52 6.15 1.22 F3EEEA 0.6
-2.52 6.15 0.5899997 EEE9E5 0.6
-2.52 6.78 -0.6700001 CDC2C0 0.6
-3.15 0.48 -0.03999996 544252 0.6
-3.15 3 -0.6700001 6D2538 0.6
-3.15 2.37 -1.3 7F283B 0.6
-3.15 1.11 -1.93 61404B 0.6
-3.15 1.11 -2.56 6E4A51 0.6
-3.15 1.11 -3.190001 855C5D 0.6
-3.15 -0.15 15.08 B8AFB0 0.6
-3.15 -0.15 -5.08 BBB2B2 0.6
-3.15 0.48 10.67 D8B2A0 0.6
-3.15 0.48 15.08 E7E1DD 0.6
-3.15 0.48 14.45 E7E1DD 0.6
-3.15 0.48 13.82 E3DCD9 0.6
-3.15 0.48 13.19 E0D9D6 0.6
-3.15 0.48 12.56 D9D0CD 0.6
-3.15 0.48 11.93 D4CAC7 0.6
-3.15 0.48 11.3 D5CAC6 0.6
-3.15 0.48 10.04 988285 0.6
-3.15 0.48 9.41 9E888B 0.6
-3.15 0.48 8.780001 9D8689 0.6
-3.15 0.48 8.15 9B8689 0.6
-3.15 0.48 7.52 9A8487 0.6
-3.15 0.48 6.89 9C878B 0.6
-3.15 0.48 6.26 958186 0.6
-3.15 0.48 5.63 9A8589 0.6
-3.15 0.48 5 998387 0.6
-3.15 0.48 4.37 968186 0.6
-3.15 0.48 3.74 957F84 0.6
-3.15 0.48 3.11 8F797F 0.6
-3.15 0.48 2.48 8F7B81 0.6
-3.15 0.48 1.85 8F7A80 0.6
-3.15 0.48 1.22 887178 0.6
-3.15 0.48 0.5899997 826B73 0.6
-3.15 0.48 -0.6700001 826B75 0.6
-3.15 0.48 -1.3 7C646F 0.6
-3.15 0.48 -1.93 78636E 0.6
-3.15 0.48 -2.56 946563 0.6
-3.15 0.48 -3.190001 CFC4C2 0.6
-3.15 0.48 -3.820001 DDD3D0 0.6
-3.15 0.48 -4.450001 DED5D1 0.6
-3.15 0.48 -5.08 E6DFDA 0.6
-3.15 1.11 10.67 D9B4A2 0.6
-3.15 3 -0.03999996 6A2436 0.6
-3.15 1.11 -0.03999996 6A4F5F 0.6
-3.15 1.74 10.67 D9B4A2 0.6
-3.15 1.74 0.5899997 201F35 0.6
-3.15 2.37 -1.93 89283B 0.6
-3.15 2.37 10.67 D2AC9C 0.6
-3.15 2.37 -2.56 782437 0.6
-3.15 2.37 0.5899997 201C31 0.6
-3.15 3 11.3 C2BABA 0.6
-3.15 6.15 -0.03999996 915258 0.6
-3.15 3.63 11.3 C4BCBC 0.6
-3.15 3.63 -0.6700001 CDB6B6 0.6
-3.15 3.63 -0.03999996 CAB9B6 0.6
-3.15 4.26 -0.03999996 D03D4D 0.6
-3.15 4.89 -0.03999996 D03B4C 0.6
-3.15 5.52 -0.03999996 CC3B4C 0.6
-3.15 6.15 10.67 8F7175 0.6
-3.15 6.78 11.3 C1B9B9 0.6
-3.15 6.78 -0.03999996 D2CCCA 0.6
-3.15 6.78 10.67 DCD6D3 0.6
-3.15 6.15 10.04 F2EDE9 0.6
-3.15 6.15 9.41 F5F0EB 0.6
-3.15 6.15 8.780001 F5F0EC 0.6
-3.15 6.15 8.15 F8F3EE 0.6
-3.15 6.15 7.52 F7F3EE 0.6
-3.15 6.15 6.89 F9F4EF 0.6
-3.15 6.15 6.26 F9F4EF 0.6
-3.15 6.15 5.63 F8F3EE 0.6
-3.15 6.15 5 F8F3EE 0.6
-3.15 6.15 4.37 F6F1EC 0.6
-3.15 6.78 3.74 8D89A9 0.6
-3.15 6.78 3.11 908CAC 0.6
-3.15 6.78 2.48 8F8BAC 0.6
-3.15 6.15 1.85 D5CECE 0.6
-3.15 6.15 1.22 F3EEEA 0.6
-3.15 6.15 0.5899997 F1ECE8 0.6
-3.15 6.78 -0.6700001 CEC4C2 0.6
-3.78 0.48 -0.03999996 554353 0.6
-3.78 3 -0.6700001 7F283B 0.6
-3.78 2.37 -1.3 83293C 0.6
-3.78 1.11 -1.93 5E3F4B 0.6
-3.78 1.11 -2.56 745055 0.6
-3.78 -0.15 15.08 B9B0B1 0.6
-3.78 -0.15 -5.08 C0B7B7 0.6
-3.78 0.48 10.67 D8B2A0 0.6
-3.78 0.48 15.08 EAE3DF 0.6
-3.78 0.48 14.45 E6DFDB 0.6
-3.78 0.48 13.82 E7E0DC 0.6
-3.78 0.48 13.19 E1DAD6 0.6
-3.78 0.48 12.56 DCD5D1 0.6
-3.78 0.48 11.93 DAD1CD 0.6
-3.78 0.48 11.3 D6C9C5 0.6
-3.78 0.48 10.04 9E8485 0.6
-3.78 0.48 9.41 9C8587 0.6
-3.78 0.48 8.780001 998184 0.6
-3.78 0.48 8.15 9A8386 0.6
-3.78 0.48 7.52 968186 0.6
-3.78 0.48 6.89 968084 0.6
-3.78 0.48 6.26 998286 0.6
-3.78 0.48 5.63 9C8689 0.6
-3.78 0.48 5 947E83 0.6
-3.78 0.48 4.37 967D82 0.6
-3.78 0.48 3.74 947E83 0.6
-3.78 0.48 3.11 957F84 0.6
-3.78 0.48 2.48 92787E 0.6
-3.78 0.48 1.85 8B757B 0.6
-3.78 0.48 1.22 897177 0.6
-3.78 0.48 0.5899997 876C74 0.6
-3.78 0.48 -0.6700001 846B75 0.6
-3.78 0.48 -1.93 8C787E 0.6
-3.78 0.48 -2.56 B3A3A3 0.6
-3.78 0.48 -3.190001 D1C7C5 0.6
-3.78 0.48 -5.08 E6DEDA 0.6
-3.78 1.11 10.67 D9B3A2 0.6
-3.78 3 -0.03999996 6A2336 0.6
-3.78 1.11 -0.03999996 735967 0.6
-3.78 1.11 -3.820001 CFA08C 0.6
-3.78 1.74 10.67 D8B3A1 0.6
-3.78 1.74 0.5899997 201D32 0.6
-3.78 2.37 -1.93 8C293B 0.6
-3.78 2.37 10.67 D4AE9D 0.6
-3.78 2.37 -2.56 7A2538 0.6
-3.78 2.37 0.5899997 201C31 0.6
-3.78 3 11.3 BFB7B7 0.6
-3.78 6.15 -0.03999996 90585B 0.6
-3.78 3.63 11.3 C6BEBE 0.6
-3.78 3.63 -0.6700001 CDB4B4 0.6
-3.78 4.26 10.67 D4AE9D 0.6
-3.78 3.63 -0.03999996 CDBDB9 0.6
-3.78 4.26 -0.03999996 CBA092 0.6
-3.78 4.89 10.67 D2AD9C 0.6
-3.78 5.52 10.67 CEA899 0.6
-3.78 6.15 10.67 8B6D71 0.6
-3.78 6.78 11.3 C3BBBB 0.6
-3.78 6.78 -0.03999996 D5CECC 0.6
-3.78 6.78 10.67 D5CECC 0.6
-3.78 6.15 10.04 EFEAE6 0.6
-3.78 6.15 9.41 F3EEE9 0.6
-3.78 6.15 8.780001 F3EFEA 0.6
-3.78 6.15 8.15 F5F1EC 0.6
-3.78 6.15 7.52 F6F1EC 0.6
-3.78 6.15 6.89 F7F3EE 0.6
-3.78 6.15 6.26 F5F0EC 0.6
-3.78 6.15 5.63 F6F1ED 0.6
-3.78 6.15 5 F5F0EB 0.6
-3.78 6.15 4.37 F5F0EB 0.6
-3.78 6.15 3.74 F2EEE9 0.6
-3.78 6.15 3.11 EEE9E6 0.6
-3.78 6.15 2.48 EEE9E5 0.6
-3.78 6.15 1.85 EFEAE6 0.6
-3.78 6.15 1.22 F4EFEB 0.6
-3.78 6.15 0.5899997 F1ECE8 0.6
-3.78 6.78 -0.6700001 CFC5C4 0.6
-4.41 3 -0.03999996 82273A 0.6
-4.41 3 -0.6700001 7D283B 0.6
-4.41 2.37 -1.93 8A293C 0.6
-4.41 -0.15 15.08 BBB2B3 0.6
-4.41 -0.15 -5.08 BBB2B3 0.6
-4.41 0.48 10.67 DAB5A3 0.6
-4.41 0.48 15.08 E5DFDB 0.6
-4.41 0.48 14.45 E5DFDB 0.6
-4.41 0.48 13.82 E8E1DD 0.6
-4.41 0.48 13.19 E5DEDA 0.6
-4.41 0.48 12.56 E1D9D5 0.6
-4.41 0.48 11.93 DCD4D0 0.6
-4.41 0.48 11.3 DDD2CE 0.6
-4.41 0.48 -1.93 684851 0.6
-4.41 0.48 10.04 A28786 0.6
-4.41 0.48 9.41 9B8283 0.6
-4.41 0.48 8.780001 A08485 0.6
-4.41 0.48 8.15 9D8284 0.6
-4.41 0.48 7.52 9D8184 0.6
-4.41 0.48 6.89 9D8083 0.6
-4.41 0.48 6.26 987F82 0.6
-4.41 0.48 5.63 9A8285 0.6
-4.41 0.48 5 997F82 0.6
-4.41 0.48 4.37 997F82 0.6
-4.41 0.48 3.74 967B7F 0.6
-4.41 0.48 3.11 95767B 0.6
-4.41 0.48 2.48 967B7F 0.6
-4.41 0.48 1.85 91787C 0.6
-4.41 0.48 1.22 91767B 0.6
-4.41 0.48 0.5899997 907478 0.6
-4.41 0.48 -0.03999996 978085 0.6
-4.41 0.48 -0.6700001 AA9799 0.6
-4.41 0.48 -1.3 97858A 0.6
-4.41 0.48 -3.820001 A1716C 0.6
-4.41 0.48 -2.56 D3C9C7 0.6
-4.41 0.48 -3.190001 D8CFCC 0.6
-4.41 0.48 -4.450001 8E6E67 0.6
-4.41 0.48 -5.08 E9E2DD 0.6
-4.41 1.11 10.67 DBB6A4 0.6
-4.41 1.11 -0.03999996 A67A75 0.6
-4.41 2.37 -1.3 85293C 0.6
-4.41 1.11 -3.820001 8A8157 0.6
-4.41 1.11 -4.450001 A9AA69 0.6
-4.41 1.74 10.67 D3AD9D 0.6
-4.41 1.74 -0.6700001 8B6060 0.6
-4.41 1.74 -0.03999996 996B6A 0.6
-4.41 1.74 -4.450001 C6CC7B 0.6
-4.41 2.37 10.67 CEA999 0.6
-4.41 2.37 -2.56 88283C 0.6
-4.41 2.37 -0.03999996 89595D 0.6
-4.41 3 11.3 C0B8B8 0.6
-4.41 6.15 -0.03999996 87585C 0.6
-4.41 3.63 11.3 C2BAB9 0.6
-4.41 3.63 -0.6700001 CBB6B6 0.6
-4.41 4.26 10.67 D6B09F 0.6
-4.41 3.63 -0.03999996 C8B9B5 0.6
-4.41 4.26 -0.03999996 CFA797 0.6
-4.41 4.89 10.67 D2AC9C 0.6
-4.41 4.89 -0.03999996 97909C 0.6
-4.41 4.89 -0.6700001 A19EAC 0.6
-4.41 4.89 -1.3 BAB077 0.6
-4.41 4.89 -1.93 898892 0.6
-4.41 5.52 10.67 D0AA9A 0.6
-4.41 5.52 -0.03999996 958D9A 0.6
-4.41 5.52 -0.6700001 AAA9B6 0.6
-4.41 5.52 -1.3 B7AD75 0.6
-4.41 5.52 -1.93 A2A4AB 0.6
-4.41 6.15 10.67 916969 0.6
-4.41 6.78 11.3 C6BEBD 0.6
-4.41 6.78 -0.03999996 D0C9C8 0.6
-4.41 6.78 10.67 D7D0CE 0.6
-4.41 6.15 10.04 EBE6E2 0.6
-4.41 6.15 9.41 EFEAE6 0.6
-4.41 6.15 8.780001 F1ECE8 0.6
-4.41 6.15 8.15 F1ECE7 0.6
-4.41 6.15 7.52 F3EEE9 0.6
-4.41 6.15 6.89 F3EEEA 0.6
-4.41 6.15 6.26 F2EDE8 0.6
-4.41 6.15 5.63 F2EDE8 0.6
-4.41 6.15 5 F2EDE8 0.6
-4.41 6.15 4.37 F3EFEA 0.6
-4.41 6.15 3.74 F2EDE9 0.6
-4.41 6.15 3.11 EFEAE6 0.6
-4.41 6.15 2.48 F1ECE8 0.6
-4.41 6.15 1.85 EFEAE5 0.6
-4.41 6.15 1.22 EFEAE5 0.6
-4.41 6.15 0.5899997 E9E4E0 0.6
-4.41 6.78 -0.6700001 CCC4C2 0.6
-5.04 3 10.67 74606A 0.6
-5.04 3 10.04 645460 0.6
-5.04 3 9.41 60515E 0.6
-5.04 3 8.780001 645360 0.6
-5.04 3 8.15 675360 0.6
-5.04 3 7.52 5D4E5D 0.6
-5.04 2.37 6.89 6D4550 0.6
-5.04 1.11 6.26 CFA99A 0.6
-5.04 1.11 5.63 CBA596 0.6
-5.04 1.11 5 CDA798 0.6
-5.04 1.11 4.37 C7A193 0.6
-5.04 1.11 3.74 CEA999 0.6
-5.04 1.11 3.11 CAA395 0.6
-5.04 1.11 2.48 CBA596 0.6
-5.04 3 1.85 635360 0.6
-5.04 3 1.22 5F505D 0.6
-5.04 6.15 0.5899997 7E565B 0.6
-5.04 3 -0.03999996 6E5460 0.6
-5.04 -0.15 5 BDB4B5 0.6
-5.04 -0.15 14.45 C2BABA 0.6
-5.04 -0.15 13.82 C0B8B8 0.6
-5.04 -0.15 13.19 C0B8B8 0.6
-5.04 -0.15 12.56 BEB5B5 0.6
-5.04 -0.15 11.93 BEB5B6 0.6
-5.04 -0.15 11.3 BFB6B6 0.6
-5.04 -0.15 10.67 C0B7B7 0.6
-5.04 -0.15 10.04 BEB6B6 0.6
-5.04 -0.15 9.41 BCB3B3 0.6
-5.04 -0.15 8.780001 B7AEAF 0.6
-5.04 -0.15 8.15 BCB4B4 0.6
-5.04 -0.15 7.52 B6ADAE 0.6
-5.04 -0.15 6.89 BCB3B4 0.6
-5.04 -0.15 6.26 BAB0B1 0.6
-5.04 -0.15 5.63 B9AFB0 0.6
-5.04 -0.15 -5.08 C1B8B8 0.6
-5.04 0.48 10.67 D5AF9E 0.6
-5.04 0.48 15.08 E9E3DF 0.6
-5.04 0.48 14.45 E8E2DE 0.6
-5.04 0.48 13.82 E8E2DE 0.6
-5.04 0.48 13.19 E7E0DD 0.6
-5.04 0.48 12.56 E5DFDB 0.6
-5.04 0.48 11.93 E5DDD9 0.6
-5.04 0.48 11.3 E1D9D5 0.6
-5.04 0.48 3.74 CDA898 0.6
-5.04 0.48 10.04 9C8080 0.6
-5.04 0.48 9.41 9B8081 0.6
-5.04 0.48 8.780001 A18382 0.6
-5.04 0.48 8.15 997A7B 0.6
-5.04 0.48 7.52 A07E7E 0.6
-5.04 0.48 6.89 937477 0.6
-5.04 0.48 6.26 9C8081 0.6
-5.04 0.48 5.63 9F8383 0.6
-5.04 0.48 5 9D8283 0.6
-5.04 0.48 4.37 977B7E 0.6
-5.04 0.48 3.11 957678 0.6
-5.04 0.48 2.48 927578 0.6
-5.04 0.48 1.85 94787A 0.6
-5.04 0.48 1.22 937779 0.6
-5.04 0.48 0.5899997 917476 0.6
-5.04 0.48 -0.03999996 BFAEAD 0.6
-5.04 0.48 -0.6700001 C9BDBB 0.6
-5.04 0.48 -1.3 CCC2BF 0.6
-5.04 0.48 -1.93 D4CAC7 0.6
-5.04 0.48 -2.56 DBD3D0 0.6
-5.04 0.48 -3.190001 DFD7D4 0.6
-5.04 0.48 -3.820001 DFD7D3 0.6
-5.04 0.48 -4.450001 DFD7D4 0.6
-5.04 0.48 -5.08 ECE5E1 0.6
-5.04 1.11 10.67 D8B3A2 0.6
-5.04 1.11 10.04 CFA999 0.6
-5.04 1.11 9.41 D3AE9E 0.6
-5.04 1.11 8.780001 CFA999 0.6
-5.04 1.11 8.15 CDA898 0.6
-5.04 1.11 7.52 CEA999 0.6
-5.04 1.11 6.89 D0AB9B 0.6
-5.04 1.11 -0.03999996 B48A81 0.6
-5.04 1.74 10.67 D2AD9D 0.6
-5.04 1.74 6.26 A47371 0.6
-5.04 1.74 10.04 D1AC9C 0.6
-5.04 1.74 9.41 CEA899 0.6
-5.04 1.74 8.780001 D0AA9B 0.6
-5.04 1.74 8.15 20253C 0.6
-5.04 1.74 7.52 21283F 0.6
-5.04 1.74 6.89 20273D 0.6
-5.04 2.37 6.26 BA9388 0.6
-5.04 1.74 2.48 CFA999 0.6
-5.04 2.37 5.63 B78F85 0.6
-5.04 2.37 5 BA9388 0.6
-5.04 2.37 4.37 B18A82 0.6
-5.04 2.37 3.74 714651 0.6
-5.04 1.74 3.74 20263D 0.6
-5.04 1.74 4.37 9E6F6E 0.6
-5.04 2.37 3.11 6C4852 0.6
-5.04 1.74 3.11 20273E 0.6
-5.04 2.37 2.48 66414D 0.6
-5.04 1.74 -0.03999996 B98D83 0.6
-5.04 1.74 -1.3 996D6A 0.6
-5.04 2.37 10.67 CEA899 0.6
-5.04 2.37 10.04 CDA798 0.6
-5.04 2.37 9.41 CEA899 0.6
-5.04 2.37 8.780001 CAA496 0.6
-5.04 2.37 8.15 202339 0.6
-5.04 2.37 7.52 20263C 0.6
-5.04 2.37 -0.03999996 BD9186 0.6
-5.04 3 11.3 C0B7B7 0.6
-5.04 6.15 10.67 7B595D 0.6
-5.04 6.15 10.04 7C555A 0.6
-5.04 6.15 9.41 7C555A 0.6
-5.04 6.15 8.780001 855B5D 0.6
-5.04 4.26 8.15 D8B3A1 0.6
-5.04 4.26 7.52 D9B3A2 0.6
-5.04 4.26 6.89 DBB6A4 0.6
-5.04 3.63 6.26 D8B19F 0.6
-5.04 3 6.26 B99288 0.6
-5.04 3.63 5.63 D8B2A0 0.6
-5.04 3 5.63 A9827C 0.6
-5.04 3.63 5 DEB7A4 0.6
-5.04 3 5 97726F 0.6
-5.04 3.63 4.37 D8B2A0 0.6
-5.04 3 4.37 71545B 0.6
-5.04 5.52 3.74 724B54 0.6
-5.04 5.52 3.11 6D4A53 0.6
-5.04 5.52 2.48 744852 0.6
-5.04 6.15 1.85 7A5459 0.6
-5.04 6.15 1.22 7B5359 0.6
-5.04 6.15 -0.03999996 88575B 0.6
-5.04 3.63 11.3 C4BCBB 0.6
-5.04 3.63 -0.6700001 C9BBBA 0.6
-5.04 4.26 10.67 D5B09F 0.6
-5.04 3.63 10.67 D4C8C4 0.6
-5.04 3.63 10.04 D3C6C2 0.6
-5.04 4.26 10.04 DCB7A5 0.6
-5.04 3.63 9.41 D1C5C1 0.6
-5.04 4.26 9.41 D9B4A2 0.6
-5.04 3.63 8.780001 D1C5C2 0.6
-5.04 4.26 8.780001 D4AF9F 0.6
-5.04 5.52 8.15 7D5158 0.6
-5.04 4.26 6.26 D5AF9E 0.6
-5.04 5.52 7.52 7B5159 0.6
-5.04 5.52 6.89 794F57 0.6
-5.04 6.15 6.26 7D555A 0.6
-5.04 4.26 2.48 B47E77 0.6
-5.04 6.15 5.63 7C565A 0.6
-5.04 6.15 5 785359 0.6
-5.04 6.15 4.37 79555A 0.6
-5.04 4.26 3.74 CC9B8E 0.6
-5.04 4.26 4.37 AE7873 0.6
-5.04 4.26 3.11 C5988C 0.6
-5.04 3.63 1.85 CEC0BD 0.6
-5.04 3.63 1.22 CFC2BE 0.6
-5.04 3.63 0.5899997 CEC1BE 0.6
-5.04 3.63 -0.03999996 D7C8C3 0.6
-5.04 4.26 -0.03999996 CFA696 0.6
-5.04 4.89 10.67 D3AE9D 0.6
-5.04 4.89 8.15 D5B09F 0.6
-5.04 4.89 10.04 D4AF9E 0.6
-5.04 4.89 9.41 D1AC9C 0.6
-5.04 4.89 8.780001 D5B09F 0.6
-5.04 4.89 6.26 D0AA9A 0.6
-5.04 4.89 7.52 21283F 0.6
-5.04 4.89 6.89 20273E 0.6
-5.04 4.89 2.48 A57572 0.6
-5.04 4.89 3.74 20273E 0.6
-5.04 4.89 4.37 A37370 0.6
-5.04 4.89 3.11 21283F 0.6
-5.04 4.89 -0.03999996 D3A999 0.6
-5.04 5.52 10.67 CDA798 0.6
-5.04 5.52 10.04 CFA999 0.6
-5.04 5.52 9.41 D0A99A 0.6
-5.04 5.52 8.780001 CEA798 0.6
-5.04 5.52 6.26 CDA697 0.6
-5.04 5.52 4.37 9C6B6B 0.6
-5.04 5.52 -0.03999996 D7AF9D 0.6
-5.04 6.15 8.15 785258 0.6
-5.04 6.15 7.52 795459 0.6
-5.04 6.15 6.89 775157 0.6
-5.04 6.15 3.74 724E56 0.6
-5.04 6.15 3.11 7A5358 0.6
-5.04 6.15 2.48 764F56 0.6
-5.04 6.78 11.3 BEB5B5 0.6
-5.04 6.78 -0.6700001 CCC5C3 0.6
-5.04 -0.15 4.37 B8AFB0 0.6
-5.04 -0.15 3.74 BBB2B3 0.6
-5.04 -0.15 3.11 B8AFB0 0.6
-5.04 -0.15 2.48 B9B0B1 0.6
-5.04 -0.15 1.85 B7AEAF 0.6
-5.04 -0.15 1.22 B9AFB0 0.6
-5.04 -0.15 0.5899997 BAB1B2 0.6
-5.04 -0.15 -0.03999996 B8AFB0 0.6
-5.04 -0.15 -0.6700001 BAB0B1 0.6
-5.04 -0.15 -1.3 BBB1B2 0.6
-5.04 -0.15 -1.93 B9B0B1 0.6
-5.04 -0.15 -2.56 BAB0B1 0.6
-5.04 -0.15 -3.190001 B8AFB0 0.6
-5.04 -0.15 -3.820001 BDB4B5 0.6
-5.04 -0.15 -4.450001 B9B0B1 0.6
-5.04 1.11 1.85 CDA798 0.6
-5.04 1.11 1.22 CEA899 0.6
-5.04 1.11 0.5899997 CDA798 0.6
-5.04 1.74 5.63 CDA797 0.6
-5.04 1.74 5 CDA798 0.6
-5.04 1.74 1.85 CEA898 0.6
-5.04 1.74 1.22 CFAA9A 0.6
-5.04 1.74 0.5899997 C49E91 0.6
-5.04 2.37 1.85 CBA596 0.6
-5.04 2.37 1.22 C6A092 0.6
-5.04 2.37 0.5899997 C7A193 0.6
-5.04 3 6.89 BBB2B2 0.6
-5.04 3 3.74 B9B0B1 0.6
-5.04 3 3.11 B3A9AB 0.6
-5.04 3 2.48 BCB2B3 0.6
-5.04 3 0.5899997 B8AFB0 0.6
-5.67 3.63 10.67 C7BFBF 0.6
-5.67 3.63 10.04 C7BFBE 0.6
-5.67 3.63 9.41 C3BBBA 0.6
-5.67 3.63 8.780001 C5BDBC 0.6
-5.67 3.63 8.15 BFB6B6 0.6
-5.67 3.63 7.52 C1B9B8 0.6
-5.67 3.63 6.89 C1B9B9 0.6
-5.67 3.63 6.26 BEB6B6 0.6
-5.67 3.63 5.63 C2BABA 0.6
-5.67 3.63 5 C1B8B8 0.6
-5.67 3.63 4.37 BFB6B6 0.6
-5.67 3.63 3.74 C1B8B8 0.6
-5.67 3.63 3.11 C1B8B8 0.6
-5.67 3.63 2.48 BFB6B6 0.6
-5.67 3.63 1.85 C0B8B7 0.6
-5.67 3.63 1.22 C0B8B7 0.6
-5.67 3.63 0.5899997 BDB5B5 0.6
-5.67 3.63 -0.03999996 BFB7B6 0.6
-5.04 4.26 5.63 D7B19F 0.6
-5.04 4.26 5 D8B2A1 0.6
-5.04 4.26 1.85 D3AD9D 0.6
-5.04 4.26 1.22 D7B1A0 0.6
-5.04 4.26 0.5899997 D7B19F 0.6
-5.04 4.89 5.63 D0AB9A 0.6
-5.04 4.89 5 D2AD9C 0.6
-5.04 4.89 1.85 D0AB9A 0.6
-5.04 4.89 1.22 D0AA9A 0.6
-5.04 4.89 0.5899997 D1AB9B 0.6
-5.04 5.52 5.63 D1AA9A 0.6
-5.04 5.52 5 CCA697 0.6
-5.04 5.52 1.85 CCA596 0.6
-5.04 5.52 1.22 CFA999 0.6
-5.04 5.52 0.5899997 CAA495 0.6
-5.67 6.78 10.67 C9C2C1 0.6
-5.67 6.78 10.04 C5BEBD 0.6
-5.67 6.78 9.41 CAC3C1 0.6
-5.67 6.78 8.780001 C8C1C0 0.6
-5.67 6.78 8.15 C6BEBD 0.6
-5.67 6.78 7.52 C7BFBE 0.6
-5.67 6.78 6.89 C7BFBE 0.6
-5.67 6.78 6.26 C6BEBD 0.6
-5.67 6.78 5.63 C6BEBD 0.6
-5.67 6.78 5 C5BDBC 0.6
-5.67 6.78 4.37 C7BFBE 0.6
-5.67 6.78 3.74 C6BDBD 0.6
-5.67 6.78 3.11 C4BCBB 0.6
-5.67 6.78 2.48 C7BFBE 0.6
-5.67 6.78 1.85 C4BCBC 0.6
-5.67 6.78 1.22 C4BBBB 0.6
-5.67 6.78 0.5899997 C1B8B8 0.6
-5.67 6.78 -0.03999996 C1B9B8 0.6
