-7.35 0.4 -2.41 585958 1.4
-7.35 0.4 -0.9399998 585958 1.4
-7.35 0.4 0.5300001 585958 1.4
-7.35 0.4 2 585958 1.4
-7.35 0.4 3.47 585958 1.4
-7.35 0.4 4.94 585958 1.4
-7.35 0.4 6.41 585958 1.4
-7.35 0.4 7.88 585958 1.4
-7.35 0.4 9.35 585958 1.4
-7.35 1.87 -2.41 961E39 1.4
-7.35 1.87 -0.9399998 961E39 1.4
-7.35 1.87 0.5300001 961E39 1.4
-7.35 1.87 2 961E39 1.4
-7.35 1.87 3.47 961E39 1.4
-7.35 1.87 4.94 961E39 1.4
-7.35 1.87 6.41 961E39 1.4
-7.35 1.87 7.88 961E39 1.4
-7.35 1.87 9.35 961E39 1.4
-7.35 3.34 -2.41 961E39 1.4
-7.35 3.34 -0.9399998 961E39 1.4
-7.35 3.34 0.5300001 961E39 1.4
-7.35 3.34 2 961E39 1.4
-7.35 3.34 3.47 961E39 1.4
-7.35 3.34 4.94 961E39 1.4
-7.35 3.34 6.41 961E39 1.4
-7.35 3.34 7.88 961E39 1.4
-7.35 3.34 9.35 961E39 1.4
-7.35 4.81 -2.41 961E39 1.4
-7.35 4.81 -0.9399998 961E39 1.4
-7.35 4.81 0.5300001 961E39 1.4
-7.35 4.81 2 961E39 1.4
-7.35 4.81 3.47 961E39 1.4
-7.35 4.81 4.94 961E39 1.4
-7.35 4.81 6.41 961E39 1.4
-7.35 4.81 7.88 961E39 1.4
-7.35 4.81 9.35 961E39 1.4
-7.35 6.28 -2.41 961E39 1.4
-7.35 6.28 -0.9399998 961E39 1.4
-7.35 6.28 0.5300001 961E39 1.4
-7.35 6.28 2 961E39 1.4
-7.35 6.28 3.47 961E39 1.4
-7.35 6.28 4.94 961E39 1.4
-7.35 6.28 6.41 961E39 1.4
-7.35 6.28 7.88 961E39 1.4
-7.35 6.28 9.35 961E39 1.4
-7.35 7.75 -5.35 949276 1.4
-7.35 7.75 -3.88 949276 1.4
-7.35 7.75 -2.41 949276 1.4
-7.35 7.75 -0.9399998 949276 1.4
-7.35 7.75 0.5300001 949276 1.4
-7.35 7.75 2 949276 1.4
-7.35 7.75 3.47 949276 1.4
-7.35 7.75 4.94 949276 1.4
-7.35 7.75 6.41 949276 1.4
-7.35 7.75 7.88 949276 1.4
-7.35 7.75 9.35 949276 1.4
-7.35 9.219999 -5.35 949276 1.4
-7.35 9.219999 -3.88 949276 1.4
-7.35 9.219999 -2.41 949276 1.4
-7.35 9.219999 -0.9399998 949276 1.4
-7.35 9.219999 0.5300001 949276 1.4
-7.35 9.219999 2 949276 1.4
-7.35 9.219999 3.47 949276 1.4
-7.35 9.219999 4.94 949276 1.4
-7.35 9.219999 6.41 949276 1.4
-7.35 9.219999 7.88 949276 1.4
-7.35 9.219999 9.35 949276 1.4
-4.41 10.69 -5.35 454545 1.4
-2.94 10.69 -3.88 454545 1.4
-7.35 10.69 -2.41 961E39 1.4
-7.35 10.69 -0.9399998 961E39 1.4
-7.35 10.69 0.5300001 961E39 1.4
-7.35 10.69 2 961E39 1.4
-7.35 10.69 3.47 961E39 1.4
-7.35 10.69 4.94 961E39 1.4
-7.35 10.69 6.41 961E39 1.4
-7.35 10.69 7.88 961E39 1.4
-7.35 10.69 9.35 961E39 1.4
-7.35 12.16 -2.41 961E39 1.4
-7.35 12.16 -0.9399998 961E39 1.4
-7.35 12.16 0.5300001 961E39 1.4
-7.35 12.16 2 961E39 1.4
-7.35 12.16 3.47 961E39 1.4
-7.35 12.16 4.94 961E39 1.4
-7.35 12.16 6.41 961E39 1.4
-7.35 12.16 7.88 961E39 1.4
-7.35 12.16 9.35 961E39 1.4
-7.35 13.63 -2.41 961E39 1.4
-7.35 13.63 -0.9399998 961E39 1.4
-7.35 13.63 0.5300001 961E39 1.4
-7.35 13.63 2 961E39 1.4
-7.35 13.63 3.47 961E39 1.4
-7.35 13.63 4.94 961E39 1.4
-7.35 13.63 6.41 961E39 1.4
-7.35 13.63 7.88 961E39 1.4
-7.35 13.63 9.35 961E39 1.4
-7.35 15.1 -2.41 961E39 1.4
-7.35 15.1 -0.9399998 961E39 1.4
-7.35 15.1 0.5300001 961E39 1.4
-7.35 15.1 2 961E39 1.4
-7.35 15.1 3.47 961E39 1.4
-7.35 15.1 4.94 961E39 1.4
-7.35 15.1 6.41 961E39 1.4
-7.35 15.1 7.88 961E39 1.4
-7.35 15.1 9.35 961E39 1.4
1.47 16.57 -0.9399998 73818E 1.4
1.47 16.57 0.5300001 282828 1.4
-7.35 0.4 -3.88 585958 1.4
-7.35 0.4 10.82 585958 1.4
1.47 1.87 -2.41 9F203F 1.4
-7.35 1.87 10.82 B12446 1.4
1.47 3.34 -2.41 9F203F 1.4
-7.35 3.34 10.82 B12446 1.4
1.47 4.81 -2.41 9F203F 1.4
-7.35 4.81 10.82 B12446 1.4
-7.35 6.28 10.82 B12446 1.4
-7.35 7.75 -6.82 A2A083 1.4
-7.35 7.75 10.82 BDBA9C 1.4
-7.35 9.219999 -6.82 A2A083 1.4
-7.35 9.219999 10.82 BDBA9C 1.4
-7.35 10.69 10.82 B12446 1.4
-7.35 12.16 10.82 B12446 1.4
-7.35 13.63 10.82 B12446 1.4
-7.35 15.1 10.82 B12446 1.4
-7.35 16.57 -2.41 B12446 1.4
-7.35 16.57 -0.9399998 B12446 1.4
-7.35 16.57 0.5300001 B12446 1.4
-7.35 16.57 2 B12446 1.4
-7.35 16.57 3.47 B12446 1.4
-7.35 16.57 4.94 B12446 1.4
-7.35 16.57 6.41 B12446 1.4
-7.35 16.57 7.88 B12446 1.4
-7.35 16.57 9.35 B12446 1.4
-5.88 7.75 -5.35 84836B 1.4
-5.88 7.75 -3.88 84836B 1.4
-5.88 0.4 -3.88 585958 1.4
-5.88 0.4 10.82 585958 1.4
-5.88 1.87 -2.41 B12446 1.4
-5.88 1.87 10.82 B12446 1.4
-5.88 3.34 -2.41 343434 1.4
-5.88 3.34 10.82 B12446 1.4
-5.88 4.81 -2.41 343434 1.4
-5.88 4.81 10.82 B12446 1.4
-5.88 6.28 -2.41 B12446 1.4
-5.88 6.28 10.82 B12446 1.4
-5.88 7.75 -6.82 A2A083 1.4
-5.88 7.75 10.82 BDBA9C 1.4
-5.88 9.219999 -6.82 A2A083 1.4
-5.88 9.219999 10.82 BDBA9C 1.4
-5.88 10.69 -2.41 343434 1.4
-5.88 9.219999 -5.35 BDBA9C 1.4
-5.88 9.219999 -3.88 BDBA9C 1.4
-5.88 10.69 10.82 B12446 1.4
-5.88 12.16 -2.41 343434 1.4
-5.88 12.16 10.82 B12446 1.4
-5.88 13.63 -2.41 B12446 1.4
-5.88 13.63 10.82 B12446 1.4
-5.88 15.1 -2.41 343434 1.4
-5.88 15.1 10.82 B12446 1.4
-5.88 15.1 -0.9399998 6B6B6B 1.4
-5.88 15.1 0.5300001 6B6B6B 1.4
-5.88 15.1 2 6B6B6B 1.4
-5.88 15.1 3.47 6B6B6B 1.4
-5.88 15.1 4.94 6B6B6B 1.4
-5.88 15.1 6.41 6B6B6B 1.4
-5.88 15.1 7.88 6B6B6B 1.4
-5.88 15.1 9.35 6B6B6B 1.4
-4.41 7.75 -5.35 84836B 1.4
-4.41 7.75 -3.88 84836B 1.4
-4.41 0.4 -3.88 585958 1.4
-4.41 0.4 10.82 585958 1.4
-4.41 1.87 -2.41 B12446 1.4
-4.41 1.87 10.82 B12446 1.4
-4.41 3.34 -2.41 343434 1.4
-4.41 3.34 10.82 B12446 1.4
-4.41 4.81 -2.41 343434 1.4
-4.41 4.81 10.82 B12446 1.4
-4.41 6.28 -2.41 B12446 1.4
-4.41 6.28 10.82 B12446 1.4
-4.41 7.75 -6.82 A2A083 1.4
-4.41 7.75 10.82 BDBA9C 1.4
-4.41 9.219999 -6.82 A2A083 1.4
-4.41 9.219999 10.82 BDBA9C 1.4
-4.41 10.69 -2.41 343434 1.4
-4.41 9.219999 -5.35 BDBA9C 1.4
-4.41 9.219999 -3.88 BDBA9C 1.4
-4.41 10.69 10.82 B12446 1.4
-4.41 12.16 -2.41 343434 1.4
-4.41 12.16 10.82 B12446 1.4
-4.41 13.63 -2.41 B12446 1.4
-4.41 13.63 10.82 B12446 1.4
-4.41 15.1 -2.41 343434 1.4
-4.41 15.1 10.82 B12446 1.4
-4.41 15.1 -0.9399998 6B6B6B 1.4
-4.41 15.1 0.5300001 6B6B6B 1.4
-4.41 15.1 2 6B6B6B 1.4
-4.41 15.1 3.47 6B6B6B 1.4
-4.41 15.1 4.94 6B6B6B 1.4
-4.41 15.1 6.41 6B6B6B 1.4
-4.41 15.1 7.88 6B6B6B 1.4
-4.41 15.1 9.35 6B6B6B 1.4
-2.94 7.75 -5.35 84836B 1.4
-2.94 7.75 -3.88 84836B 1.4
-2.94 0.4 -3.88 585958 1.4
-2.94 0.4 10.82 585958 1.4
-2.94 1.87 -2.41 B12446 1.4
-2.94 1.87 10.82 B12446 1.4
-2.94 3.34 -2.41 B12446 1.4
-2.94 3.34 10.82 B12446 1.4
-2.94 4.81 -2.41 B12446 1.4
-2.94 4.81 10.82 B12446 1.4
-2.94 6.28 -2.41 B12446 1.4
-2.94 6.28 10.82 B12446 1.4
-2.94 7.75 -6.82 A2A083 1.4
-2.94 10.69 -5.35 343434 1.4
-2.94 7.75 10.82 BDBA9C 1.4
-2.94 9.219999 -6.82 A2A083 1.4
-2.94 9.219999 10.82 BDBA9C 1.4
-2.94 9.219999 -5.35 BDBA9C 1.4
1.47 10.69 -5.35 454545 1.4
-2.94 10.69 -2.41 343434 1.4
-2.94 9.219999 -3.88 BDBA9C 1.4
-2.94 10.69 10.82 B12446 1.4
-2.94 12.16 -2.41 343434 1.4
-2.94 12.16 -5.35 6B6B6B 1.4
-2.94 12.16 10.82 B12446 1.4
-2.94 13.63 -2.41 B12446 1.4
-2.94 13.63 10.82 B12446 1.4
-2.94 15.1 -2.41 343434 1.4
-2.94 15.1 10.82 B12446 1.4
-2.94 15.1 -0.9399998 6B6B6B 1.4
-2.94 15.1 0.5300001 6B6B6B 1.4
-2.94 15.1 2 6B6B6B 1.4
-2.94 15.1 3.47 6B6B6B 1.4
-2.94 16.57 4.94 4E5556 1.4
-2.94 16.57 6.41 4E5556 1.4
-2.94 16.57 7.88 4E5556 1.4
-2.94 15.1 9.35 6B6B6B 1.4
-1.47 7.75 -5.35 84836B 1.4
-1.47 7.75 -3.88 84836B 1.4
-1.47 6.28 -2.41 8C1C36 1.4
-1.47 0.4 -3.88 585958 1.4
-1.47 0.4 10.82 585958 1.4
-1.47 1.87 -2.41 232423 1.4
-1.47 0.4 -2.41 6B6B6B 1.4
-1.47 1.87 10.82 B12446 1.4
-1.47 3.34 -2.41 232423 1.4
-1.47 3.34 10.82 B12446 1.4
-1.47 4.81 -2.41 232423 1.4
-1.47 4.81 10.82 B12446 1.4
-1.47 6.28 10.82 B12446 1.4
-1.47 7.75 -6.82 965C49 1.4
-1.47 7.75 10.82 BDBA9C 1.4
-1.47 9.219999 -6.82 984135 1.4
-1.47 9.219999 10.82 BDBA9C 1.4
-1.47 10.69 -2.41 343434 1.4
-1.47 9.219999 -5.35 BDBA9C 1.4
-1.47 10.69 -5.35 454545 1.4
-1.47 9.219999 -3.88 BDBA9C 1.4
-1.47 10.69 -3.88 454545 1.4
1.47 10.69 -3.88 454545 1.4
-1.47 10.69 10.82 B12446 1.4
-1.47 12.16 -2.41 343434 1.4
-1.47 12.16 10.82 B12446 1.4
-1.47 13.63 -2.41 B12446 1.4
-1.47 13.63 10.82 B12446 1.4
-1.47 15.1 -2.41 343434 1.4
-1.47 15.1 10.82 B12446 1.4
-1.47 15.1 -0.9399998 6B6B6B 1.4
-1.47 15.1 0.5300001 6B6B6B 1.4
-1.47 15.1 2 6B6B6B 1.4
-1.47 15.1 3.47 6B6B6B 1.4
-1.47 16.57 4.94 4E5556 1.4
-1.47 16.57 6.41 4E5556 1.4
-1.47 16.57 7.88 4E5556 1.4
-1.47 15.1 9.35 6B6B6B 1.4
0 7.75 -5.35 84836B 1.4
0 7.75 -3.88 84836B 1.4
0 6.28 -2.41 8C1C36 1.4
0 0.4 -3.88 585958 1.4
0 0.4 10.82 585958 1.4
0 1.87 -2.41 343434 1.4
0 0.4 -2.41 6B6B6B 1.4
0 1.87 10.82 B12446 1.4
0 3.34 -2.41 343434 1.4
0 3.34 10.82 B12446 1.4
0 4.81 -2.41 343434 1.4
0 4.81 10.82 B12446 1.4
0 6.28 10.82 B12446 1.4
0 7.75 -6.82 A5A284 1.4
0 7.75 10.82 BDBA9C 1.4
0 9.219999 -6.82 A5A284 1.4
0 9.219999 10.82 BDBA9C 1.4
0 10.69 -2.41 B12446 1.4
0 9.219999 -5.35 BDBA9C 1.4
0 9.219999 -3.88 BDBA9C 1.4
0 10.69 10.82 B12446 1.4
0 12.16 -2.41 B12446 1.4
0 12.16 10.82 B12446 1.4
0 13.63 -2.41 B12446 1.4
0 13.63 10.82 B12446 1.4
0 15.1 -2.41 B12446 1.4
0 15.1 10.82 B12446 1.4
0 15.1 -0.9399998 6B6B6B 1.4
0 15.1 0.5300001 6B6B6B 1.4
0 15.1 2 6B6B6B 1.4
0 15.1 3.47 6B6B6B 1.4
0 16.57 4.94 4E5556 1.4
0 16.57 6.41 4E5556 1.4
0 16.57 7.88 4E5556 1.4
0 15.1 9.35 6B6B6B 1.4
1.47 7.75 -5.35 84836B 1.4
1.47 7.75 -3.88 84836B 1.4
1.47 6.28 -2.41 8C1C36 1.4
1.47 0.4 -3.88 585958 1.4
1.47 0.4 10.82 585958 1.4
1.47 0.4 -2.41 6B6B6B 1.4
1.47 1.87 10.82 B12446 1.4
1.47 3.34 10.82 B12446 1.4
1.47 4.81 10.82 B12446 1.4
1.47 6.28 10.82 B12446 1.4
1.47 7.75 -6.82 A5A284 1.4
1.47 7.75 10.82 BDBA9C 1.4
1.47 9.219999 -6.82 A2A083 1.4
1.47 9.219999 10.82 BDBA9C 1.4
1.47 10.69 -2.41 343434 1.4
1.47 9.219999 -5.35 BDBA9C 1.4
1.47 9.219999 -3.88 BDBA9C 1.4
1.47 10.69 10.82 B12446 1.4
1.47 12.16 -2.41 343434 1.4
1.47 12.16 10.82 B12446 1.4
1.47 13.63 -2.41 B12446 1.4
1.47 13.63 10.82 B12446 1.4
1.47 15.1 -2.41 343434 1.4
1.47 15.1 10.82 B12446 1.4
1.47 15.1 -0.9399998 6B6B6B 1.4
1.47 15.1 0.5300001 6B6B6B 1.4
1.47 15.1 2 6B6B6B 1.4
1.47 15.1 3.47 6B6B6B 1.4
1.47 16.57 4.94 4E5556 1.4
1.47 16.57 6.41 4E5556 1.4
1.47 16.57 7.88 4E5556 1.4
1.47 15.1 9.35 6B6B6B 1.4
2.94 7.75 -5.35 84836B 1.4
2.94 7.75 -3.88 84836B 1.4
2.94 0.4 -3.88 585958 1.4
2.94 0.4 10.82 585958 1.4
2.94 1.87 -2.41 B12446 1.4
2.94 1.87 10.82 B12446 1.4
2.94 3.34 -2.41 B12446 1.4
2.94 3.34 10.82 B12446 1.4
2.94 4.81 -2.41 B12446 1.4
2.94 4.81 10.82 B12446 1.4
2.94 6.28 -2.41 B12446 1.4
2.94 6.28 10.82 B12446 1.4
2.94 7.75 -6.82 A2A083 1.4
2.94 10.69 -5.35 343434 1.4
2.94 7.75 10.82 BDBA9C 1.4
2.94 9.219999 -6.82 A2A083 1.4
2.94 9.219999 10.82 BDBA9C 1.4
2.94 9.219999 -5.35 BDBA9C 1.4
2.94 10.69 -2.41 343434 1.4
2.94 9.219999 -3.88 BDBA9C 1.4
2.94 10.69 -3.88 454545 1.4
2.94 10.69 10.82 B12446 1.4
2.94 12.16 -2.41 343434 1.4
2.94 12.16 -5.35 6B6B6B 1.4
2.94 12.16 10.82 B12446 1.4
2.94 13.63 -2.41 B12446 1.4
2.94 13.63 10.82 B12446 1.4
2.94 15.1 -2.41 343434 1.4
2.94 15.1 10.82 B12446 1.4
2.94 15.1 -0.9399998 6B6B6B 1.4
2.94 16.57 -0.9399998 636D6E 1.4
4.41 16.57 -0.9399998 73818E 1.4
2.94 15.1 0.5300001 6B6B6B 1.4
2.94 16.57 0.5300001 636D6E 1.4
4.41 16.57 0.5300001 282828 1.4
2.94 15.1 2 6B6B6B 1.4
2.94 15.1 3.47 6B6B6B 1.4
2.94 16.57 4.94 4E5556 1.4
2.94 16.57 6.41 4E5556 1.4
2.94 16.57 7.88 4E5556 1.4
2.94 15.1 9.35 6B6B6B 1.4
4.41 7.75 -5.35 84836B 1.4
4.41 7.75 -3.88 84836B 1.4
4.41 16.57 4.94 343434 1.4
4.41 16.57 6.41 343434 1.4
4.41 16.57 7.88 343434 1.4
4.41 0.4 -3.88 585958 1.4
4.41 0.4 10.82 585958 1.4
4.41 1.87 -2.41 B12446 1.4
4.41 1.87 10.82 B12446 1.4
4.41 3.34 -2.41 343434 1.4
4.41 3.34 10.82 B12446 1.4
4.41 4.81 -2.41 343434 1.4
4.41 4.81 10.82 B12446 1.4
4.41 6.28 -2.41 B12446 1.4
4.41 6.28 10.82 B12446 1.4
4.41 7.75 -6.82 A2A083 1.4
4.41 7.75 10.82 BDBA9C 1.4
4.41 9.219999 -6.82 A2A083 1.4
4.41 9.219999 10.82 BDBA9C 1.4
4.41 10.69 -2.41 343434 1.4
4.41 9.219999 -5.35 BDBA9C 1.4
4.41 10.69 -5.35 454545 1.4
4.41 9.219999 -3.88 BDBA9C 1.4
4.41 10.69 10.82 B12446 1.4
4.41 12.16 -2.41 343434 1.4
4.41 12.16 10.82 B12446 1.4
4.41 13.63 -2.41 B12446 1.4
4.41 13.63 10.82 B12446 1.4
4.41 15.1 -2.41 343434 1.4
4.41 15.1 10.82 B12446 1.4
4.41 15.1 -0.9399998 6B6B6B 1.4
4.41 15.1 0.5300001 6B6B6B 1.4
4.41 15.1 2 6B6B6B 1.4
4.41 15.1 3.47 6B6B6B 1.4
4.41 15.1 9.35 6B6B6B 1.4
5.88 7.75 -5.35 84836B 1.4
5.88 7.75 -3.88 84836B 1.4
5.88 0.4 -3.88 585958 1.4
5.88 0.4 10.82 585958 1.4
5.88 1.87 -2.41 B12446 1.4
5.88 1.87 10.82 B12446 1.4
5.88 3.34 -2.41 343434 1.4
5.88 3.34 10.82 B12446 1.4
5.88 4.81 -2.41 343434 1.4
5.88 4.81 10.82 B12446 1.4
5.88 6.28 -2.41 B12446 1.4
5.88 6.28 10.82 B12446 1.4
5.88 7.75 -6.82 A2A083 1.4
5.88 7.75 10.82 BDBA9C 1.4
5.88 9.219999 -6.82 A2A083 1.4
5.88 9.219999 10.82 BDBA9C 1.4
5.88 10.69 -2.41 343434 1.4
5.88 9.219999 -5.35 BDBA9C 1.4
5.88 9.219999 -3.88 BDBA9C 1.4
5.88 10.69 10.82 B12446 1.4
5.88 12.16 -2.41 343434 1.4
5.88 12.16 10.82 B12446 1.4
5.88 13.63 -2.41 B12446 1.4
5.88 13.63 10.82 B12446 1.4
5.88 15.1 -2.41 343434 1.4
5.88 15.1 10.82 B12446 1.4
5.88 15.1 -0.9399998 6B6B6B 1.4
5.88 16.57 -0.9399998 636D6E 1.4
5.88 15.1 0.5300001 6B6B6B 1.4
5.88 16.57 0.5300001 636D6E 1.4
5.88 15.1 2 6B6B6B 1.4
5.88 15.1 3.47 6B6B6B 1.4
5.88 15.1 4.94 6B6B6B 1.4
5.88 15.1 6.41 6B6B6B 1.4
5.88 15.1 7.88 6B6B6B 1.4
5.88 15.1 9.35 6B6B6B 1.4
7.35 7.75 -5.35 84836B 1.4
7.35 7.75 -3.88 84836B 1.4
7.35 0.4 -3.88 585958 1.4
7.35 0.4 10.82 585958 1.4
7.35 1.87 -2.41 B12446 1.4
7.35 1.87 10.82 B12446 1.4
7.35 3.34 -2.41 B12446 1.4
7.35 3.34 10.82 B12446 1.4
7.35 4.81 -2.41 B12446 1.4
7.35 4.81 10.82 B12446 1.4
7.35 6.28 -2.41 B12446 1.4
7.35 6.28 10.82 B12446 1.4
7.35 7.75 -6.82 A2A083 1.4
7.35 7.75 10.82 BDBA9C 1.4
7.35 9.219999 -6.82 A2A083 1.4
7.35 9.219999 10.82 BDBA9C 1.4
7.35 10.69 -2.41 B12446 1.4
7.35 9.219999 -5.35 BDBA9C 1.4
7.35 9.219999 -3.88 BDBA9C 1.4
7.35 10.69 10.82 B12446 1.4
7.35 12.16 -2.41 B12446 1.4
7.35 12.16 10.82 B12446 1.4
7.35 13.63 -2.41 B12446 1.4
7.35 13.63 10.82 B12446 1.4
7.35 15.1 -2.41 B12446 1.4
7.35 15.1 10.82 B12446 1.4
7.35 16.57 -2.41 B12446 1.4
7.35 16.57 -0.9399998 B12446 1.4
7.35 16.57 0.5300001 B12446 1.4
7.35 16.57 2 B12446 1.4
7.35 16.57 3.47 B12446 1.4
7.35 16.57 4.94 B12446 1.4
7.35 16.57 6.41 B12446 1.4
7.35 16.57 7.88 B12446 1.4
7.35 16.57 9.35 B12446 1.4
7.35 0.4 -2.41 585958 1.4
7.35 0.4 -0.9399998 585958 1.4
7.35 0.4 0.5300001 585958 1.4
7.35 0.4 2 585958 1.4
7.35 0.4 3.47 585958 1.4
7.35 0.4 4.94 585958 1.4
7.35 0.4 6.41 585958 1.4
7.35 0.4 7.88 585958 1.4
7.35 0.4 9.35 585958 1.4
7.35 1.87 -0.9399998 961E39 1.4
7.35 1.87 0.5300001 961E39 1.4
7.35 1.87 2 961E39 1.4
7.35 1.87 3.47 961E39 1.4
7.35 1.87 4.94 961E39 1.4
7.35 1.87 6.41 961E39 1.4
7.35 1.87 7.88 961E39 1.4
7.35 1.87 9.35 961E39 1.4
7.35 3.34 -0.9399998 961E39 1.4
7.35 3.34 0.5300001 961E39 1.4
7.35 3.34 2 961E39 1.4
7.35 3.34 3.47 961E39 1.4
7.35 3.34 4.94 961E39 1.4
7.35 3.34 6.41 961E39 1.4
7.35 3.34 7.88 961E39 1.4
7.35 3.34 9.35 961E39 1.4
7.35 4.81 -0.9399998 961E39 1.4
7.35 4.81 0.5300001 961E39 1.4
7.35 4.81 2 961E39 1.4
7.35 4.81 3.47 961E39 1.4
7.35 4.81 4.94 961E39 1.4
7.35 4.81 6.41 961E39 1.4
7.35 4.81 7.88 961E39 1.4
7.35 4.81 9.35 961E39 1.4
7.35 6.28 -0.9399998 961E39 1.4
7.35 6.28 0.5300001 961E39 1.4
7.35 6.28 2 961E39 1.4
7.35 6.28 3.47 961E39 1.4
7.35 6.28 4.94 961E39 1.4
7.35 6.28 6.41 961E39 1.4
7.35 6.28 7.88 961E39 1.4
7.35 6.28 9.35 961E39 1.4
7.35 7.75 -2.41 949276 1.4
7.35 7.75 -0.9399998 949276 1.4
7.35 7.75 0.5300001 949276 1.4
7.35 7.75 2 949276 1.4
7.35 7.75 3.47 949276 1.4
7.35 7.75 4.94 949276 1.4
7.35 7.75 6.41 949276 1.4
7.35 7.75 7.88 949276 1.4
7.35 7.75 9.35 949276 1.4
7.35 9.219999 -2.41 949276 1.4
7.35 9.219999 -0.9399998 949276 1.4
7.35 9.219999 0.5300001 949276 1.4
7.35 9.219999 2 949276 1.4
7.35 9.219999 3.47 949276 1.4
7.35 9.219999 4.94 949276 1.4
7.35 9.219999 6.41 949276 1.4
7.35 9.219999 7.88 949276 1.4
7.35 9.219999 9.35 949276 1.4
7.35 10.69 -0.9399998 961E39 1.4
7.35 10.69 0.5300001 961E39 1.4
7.35 10.69 2 961E39 1.4
7.35 10.69 3.47 961E39 1.4
7.35 10.69 4.94 961E39 1.4
7.35 10.69 6.41 961E39 1.4
7.35 10.69 7.88 961E39 1.4
7.35 10.69 9.35 961E39 1.4
7.35 12.16 -0.9399998 961E39 1.4
7.35 12.16 0.5300001 961E39 1.4
7.35 12.16 2 961E39 1.4
7.35 12.16 3.47 961E39 1.4
7.35 12.16 4.94 961E39 1.4
7.35 12.16 6.41 961E39 1.4
7.35 12.16 7.88 961E39 1.4
7.35 12.16 9.35 961E39 1.4
7.35 13.63 -0.9399998 961E39 1.4
7.35 13.63 0.5300001 961E39 1.4
7.35 13.63 2 961E39 1.4
7.35 13.63 3.47 961E39 1.4
7.35 13.63 4.94 961E39 1.4
7.35 13.63 6.41 961E39 1.4
7.35 13.63 7.88 961E39 1.4
7.35 13.63 9.35 961E39 1.4
7.35 15.1 -0.9399998 961E39 1.4
7.35 15.1 0.5300001 961E39 1.4
7.35 15.1 2 961E39 1.4
7.35 15.1 3.47 961E39 1.4
7.35 15.1 4.94 961E39 1.4
7.35 15.1 6.41 961E39 1.4
7.35 15.1 7.88 961E39 1.4
7.35 15.1 9.35 961E39 1.4
