-3.3 0 -0.3999996 73667F 0.55
-8.25 0 0.1499996 D6CC9F 0.55
-3.85 0 0.7000008 C0BCBB 0.55
-7.7 0 1.25 8B7F96 0.55
-6.6 0 1.799999 5D5169 0.55
-6.05 0 2.35 BAB5B4 0.55
-8.25 0 2.9 8B8196 0.55
-6.6 0 3.450001 B7B2B0 0.55
-6.6 0 4 B9B5B3 0.55
-6.6 0 4.549999 BCB8B6 0.55
-8.25 0 5.1 867B91 0.55
-6.05 0 5.65 BBB6B5 0.55
-6.6 0 6.200001 5F546C 0.55
-7.7 0 6.75 8A7F95 0.55
-3.85 0 7.299999 CAC7C5 0.55
-6.05 0 7.85 6B6078 0.55
-3.3 0 8.4 73667F 0.55
-3.3 0 8.950001 7E718A 0.55
-3.3 0.55 -0.9500008 7C6F88 0.55
-3.3 0.55 -0.3999996 746780 0.55
-8.8 0.55 0.1499996 99B37B 0.55
-4.4 0.55 0.7000008 DEDCD9 0.55
-7.15 0.55 1.25 8A7F95 0.55
-6.6 0.55 1.799999 5F546A 0.55
-9.900001 0.55 2.35 97B57B 0.55
-9.35 0.55 2.9 8BA86F 0.55
-6.6 0.55 3.450001 D3D1CB 0.55
-6.6 0.55 4 CDCBC5 0.55
-6.6 0.55 4.549999 CBC9C3 0.55
-9.900001 0.55 5.1 90AD74 0.55
-6.05 0.55 5.65 CECCC7 0.55
-6.6 0.55 6.200001 645870 0.55
-7.15 0.55 6.75 897D93 0.55
-4.4 0.55 7.299999 E0DEDB 0.55
-8.25 0.55 7.85 95B178 0.55
-3.3 0.55 8.4 786B85 0.55
-3.3 0.55 8.950001 7E718B 0.55
-3.3 1.1 -0.3999996 776A83 0.55
-8.8 1.1 0.1499996 C5E3A8 0.55
-5.5 1.1 0.7000008 5E536B 0.55
-7.15 1.1 1.25 93889E 0.55
-6.6 1.1 1.799999 61566C 0.55
-9.900001 1.1 2.35 BFDBA1 0.55
-9.900001 1.1 2.9 BDDA9E 0.55
-6.6 1.1 3.450001 D0D0C7 0.55
-7.15 1.1 4 D6D6CD 0.55
-6.6 1.1 4.549999 CAC9C1 0.55
-9.900001 1.1 5.1 BDD99F 0.55
-6.6 1.1 5.65 C7C5BF 0.55
-6.6 1.1 6.200001 5E546A 0.55
-7.15 1.1 6.75 8D8298 0.55
-5.5 1.1 7.299999 60546C 0.55
-8.8 1.1 7.85 C3E1A5 0.55
-3.3 1.1 8.4 736680 0.55
-3.3 1.65 -0.3999996 796C85 0.55
-8.8 1.65 0.1499996 C4E2A7 0.55
-5.5 1.65 0.7000008 645970 0.55
-7.15 1.65 1.25 968BA1 0.55
-6.6 1.65 1.799999 665B73 0.55
-9.900001 1.65 2.35 C1DEA3 0.55
-9.35 1.65 2.9 BEDCA0 0.55
-6.6 1.65 3.450001 272337 0.55
-6.6 1.65 4 272336 0.55
-6.6 1.65 4.549999 262235 0.55
-9.900001 1.65 5.1 C1DEA2 0.55
-6.05 1.65 5.65 282337 0.55
-6.6 1.65 6.200001 675C73 0.55
-7.15 1.65 6.75 958AA1 0.55
-5.5 1.65 7.299999 665B73 0.55
-8.25 1.65 7.85 C0DEA3 0.55
-3.3 1.65 8.4 766982 0.55
-3.3 2.2 -0.3999996 776A84 0.55
-5.5 2.2 0.1499996 9387A0 0.55
-5.5 2.2 0.7000008 695E76 0.55
-5.5 2.2 1.25 26233A 0.55
-6.6 2.2 1.799999 695D75 0.55
-6.6 2.2 2.35 262339 0.55
-7.7 2.2 2.9 9489A0 0.55
-6.6 2.2 3.450001 272235 0.55
-7.15 2.2 4 262338 0.55
-6.6 2.2 4.549999 272336 0.55
-7.7 2.2 5.1 9388A0 0.55
-6.6 2.2 5.65 262338 0.55
-6.6 2.2 6.200001 6E627A 0.55
-5.5 2.2 6.75 26233A 0.55
-5.5 2.2 7.299999 63576F 0.55
-5.5 2.2 7.85 9488A1 0.55
-3.3 2.2 8.4 7A6D87 0.55
-3.3 2.75 -0.3999996 7C6E88 0.55
-5.5 2.75 0.1499996 92859E 0.55
-5.5 2.75 0.7000008 6C6078 0.55
-5.5 2.75 1.25 26243C 0.55
-6.6 2.75 1.799999 6E627A 0.55
-6.6 2.75 2.35 28253C 0.55
-7.7 2.75 2.9 92879F 0.55
-7.15 2.75 3.450001 574C64 0.55
-7.15 2.75 4 27243B 0.55
-7.15 2.75 4.549999 584D64 0.55
-7.7 2.75 5.1 968BA2 0.55
-6.6 2.75 5.65 26233A 0.55
-6.6 2.75 6.200001 6B5E77 0.55
-5.5 2.75 6.75 28253C 0.55
-5.5 2.75 7.299999 6B5E77 0.55
-5.5 2.75 7.85 A197A9 0.55
-3.3 2.75 8.4 7B6E87 0.55
-3.3 3.3 -0.3999996 7A6D87 0.55
-3.3 3.3 0.1499996 756881 0.55
-5.5 3.3 0.7000008 73677F 0.55
-6.6 3.3 1.799999 72677F 0.55
-7.7 3.3 2.9 A69BAC 0.55
-7.15 3.3 3.450001 6B5E77 0.55
-7.15 3.3 4.549999 70637C 0.55
-7.7 3.3 5.1 91859E 0.55
-6.6 3.3 6.200001 72677F 0.55
-5.5 3.3 7.299999 766982 0.55
-3.3 3.3 7.85 796C85 0.55
-3.3 3.3 8.4 80738D 0.55
-3.3 3.85 0.1499996 746780 0.55
-5.5 3.85 0.7000008 7A6D86 0.55
-6.05 3.85 1.25 DEDDD8 0.55
-6.6 3.85 1.799999 7D6B84 0.55
-6.6 3.85 2.35 D7D6CE 0.55
-7.15 3.85 2.9 CECCC8 0.55
-7.15 3.85 3.450001 999198 0.55
-7.15 3.85 4 E0DED8 0.55
-7.15 3.85 4.549999 A39CA1 0.55
-7.15 3.85 5.1 C6C3C0 0.55
-6.6 3.85 5.65 D2D0CA 0.55
-6.6 3.85 6.200001 9388A0 0.55
-5.5 3.85 6.75 DBD9D3 0.55
-5.5 3.85 7.299999 7D708A 0.55
-3.3 3.85 7.85 6A5E76 0.55
-3.3 4.4 0.1499996 887C96 0.55
-5.5 4.4 0.7000008 837790 0.55
-4.95 4.4 1.25 81758F 0.55
-6.6 4.4 1.799999 9387A0 0.55
-6.05 4.4 2.35 796C86 0.55
-6.05 4.4 2.9 FFFFFF 0.55
-7.15 4.4 3.450001 7E718B 0.55
-6.05 4.4 4 FFFFFF 0.55
-7.15 4.4 4.549999 7F738C 0.55
-6.05 4.4 5.1 FFFFFF 0.55
-6.05 4.4 5.65 7A6D87 0.55
-6.6 4.4 6.200001 9487A0 0.55
-4.95 4.4 6.75 7E718B 0.55
-5.5 4.4 7.299999 847791 0.55
-3.3 4.4 7.85 83768F 0.55
-3.3 4.95 0.1499996 82758F 0.55
-5.5 4.95 0.7000008 92869F 0.55
-4.95 4.95 1.25 857993 0.55
-6.6 4.95 1.799999 9689A2 0.55
-6.05 4.95 2.35 7D718B 0.55
-4.4 4.95 2.9 FFFFFF 0.55
-7.15 4.95 3.450001 7F728C 0.55
-4.95 4.95 4 FFFFFF 0.55
-7.15 4.95 4.549999 81748E 0.55
-4.4 4.95 5.1 FFFFFF 0.55
-6.05 4.95 5.65 7E728C 0.55
-6.6 4.95 6.200001 9589A2 0.55
-4.95 4.95 6.75 837690 0.55
-5.5 4.95 7.299999 968AA3 0.55
-3.3 4.95 7.85 847892 0.55
-3.3 5.5 0.1499996 897C96 0.55
-4.95 5.5 0.7000008 91849D 0.55
-4.95 5.5 1.25 8D819B 0.55
-6.6 5.5 1.799999 9589A2 0.55
-6.05 5.5 2.35 8A7D97 0.55
-0.55 5.5 2.9 FFFFFF 0.55
-7.15 5.5 3.450001 877A94 0.55
-2.2 5.5 4 FFFFFF 0.55
-7.15 5.5 4.549999 8A7E97 0.55
-0.55 5.5 5.1 FFFFFF 0.55
-6.05 5.5 5.65 887C96 0.55
-6.05 5.5 6.200001 9589A2 0.55
-4.95 5.5 6.75 8D819B 0.55
-4.95 5.5 7.299999 9387A0 0.55
-3.3 5.5 7.85 887C96 0.55
-11 0 -1.5 FCFEFB 0.55
-11 0 -0.9500008 FCFEFB 0.55
-11 0 -0.3999996 FDFEFC 0.55
-11 0 0.1499996 FCFEFB 0.55
-11 0 0.7000008 FBFEF9 0.55
-11 0 1.25 FEFFFD 0.55
-11 0 1.799999 FEFFFE 0.55
-11 0 2.35 FDFEFC 0.55
-11 0 2.9 FCFEF9 0.55
-11 0 3.450001 FCFEFA 0.55
-11 0 4 FBFEF8 0.55
-11 0 4.549999 FCFEFA 0.55
-11 0 5.1 FCFEFB 0.55
-11 0 5.65 FCFEFB 0.55
-11 0 6.200001 FEFFFD 0.55
-11 0 6.75 FEFFFD 0.55
-11 0 7.299999 FFFFFF 0.55
-11 0 7.85 FDFEFC 0.55
-11 0 8.4 FFFFFF 0.55
-11 0 8.950001 FFFFFF 0.55
-11 0 9.5 FFFFFF 0.55
-10.45 0 -1.5 FFFFFF 0.55
-10.45 0 -0.9500008 FFFFFF 0.55
-10.45 0 -0.3999996 FEFFFD 0.55
-10.45 0 0.1499996 FEFFFD 0.55
-10.45 0 0.7000008 FDFEFC 0.55
-10.45 0 1.25 FCFEFA 0.55
-10.45 0 1.799999 FBFEF8 0.55
-10.45 0 2.35 FBFEF9 0.55
-10.45 0 2.9 FDFEF6 0.55
-10.45 0 3.450001 FDFEF7 0.55
-10.45 0 4 FCFEF6 0.55
-10.45 0 4.549999 FDFEF7 0.55
-10.45 0 5.1 FBFEF9 0.55
-10.45 0 5.65 FBFEF8 0.55
-10.45 0 6.200001 FDFEFC 0.55
-10.45 0 6.75 FCFEFB 0.55
-10.45 0 7.299999 FDFEFC 0.55
-10.45 0 7.85 FDFEFC 0.55
-10.45 0 8.4 FFFFFF 0.55
-10.45 0 8.950001 FCFEFB 0.55
-10.45 0 9.5 FFFFFF 0.55
-9.900001 0 -1.5 FFFFFF 0.55
-9.900001 0 -0.9500008 FFFFFF 0.55
-9.900001 0 -0.3999996 FDFEFC 0.55
-9.900001 0 0.1499996 FCFEFB 0.55
-9.900001 0 0.7000008 FDFEF6 0.55
-9.900001 0 1.25 FBFCF3 0.55
-9.900001 0 1.799999 FDFDF4 0.55
-9.900001 0 2.35 BEDFAA 0.55
-9.900001 0 2.9 ACD693 0.55
-9.900001 0 3.450001 ACD894 0.55
-9.900001 0 4 ACD894 0.55
-9.900001 0 4.549999 ABD793 0.55
-9.900001 0 5.1 AFDC96 0.55
-9.900001 0 5.65 C3E1B0 0.55
-9.900001 0 6.200001 FDFEF7 0.55
-9.900001 0 6.75 FBFEF8 0.55
-9.900001 0 7.299999 FCFEFA 0.55
-9.900001 0 7.85 FDFEFC 0.55
-9.900001 0 8.4 FEFFFE 0.55
-9.900001 0 8.950001 FEFFFD 0.55
-9.900001 0 9.5 FFFFFF 0.55
-9.35 0.55 2.35 88A46C 0.55
-9.35 1.1 2.9 8AA270 0.55
-9.35 0.55 5.1 738B5C 0.55
-9.35 0 -1.5 FFFFFF 0.55
-9.35 0 -0.9500008 FEFFFD 0.55
-9.35 0 -0.3999996 FCFEFA 0.55
-9.35 0 0.1499996 FCFDF4 0.55
-9.35 0 0.7000008 FBFCF3 0.55
-9.35 0 1.25 ACD893 0.55
-9.35 0 1.799999 A8D390 0.55
-9.35 0 2.35 A0C888 0.55
-9.35 0 2.9 A1CA89 0.55
-9.35 0 3.450001 A8D28F 0.55
-9.35 0 4 A7D28F 0.55
-9.35 0 4.549999 A1CB89 0.55
-9.35 0 5.1 9AC182 0.55
-9.35 0 5.65 9DC586 0.55
-9.35 0 6.200001 A9D591 0.55
-9.35 0 6.75 B2DF99 0.55
-9.35 0 7.299999 FCFEF6 0.55
-9.35 0 7.85 FBFEF9 0.55
-9.35 0 8.4 FCFEFB 0.55
-9.35 0 8.950001 FFFFFF 0.55
-9.35 0 9.5 FFFFFF 0.55
-6.05 0.55 2.35 CECBC7 0.55
-8.25 0.55 2.9 81778B 0.55
-8.25 0.55 5.1 83798C 0.55
-9.35 0.55 5.65 8EAC72 0.55
-9.35 1.1 2.35 B7D599 0.55
-6.6 1.1 2.35 C7C5BF 0.55
-9.35 1.1 4.549999 A7C189 0.55
-8.25 1.1 2.9 8D8398 0.55
-8.25 1.1 5.1 8B8096 0.55
-9.35 1.1 5.65 BAD89C 0.55
-9.35 1.65 2.35 BEDCA0 0.55
-6.05 1.65 2.35 272233 0.55
-9.35 1.65 5.1 ADC78F 0.55
-8.25 1.65 2.9 93889F 0.55
-8.25 1.65 5.1 958AA0 0.55
-9.35 1.65 5.65 C0DEA2 0.55
-9.35 2.2 2.35 D1EFB3 0.55
-9.35 2.2 5.1 C6E3A8 0.55
-8.8 0 -1.5 FCFEFB 0.55
-8.8 0 -0.9500008 FCFEFA 0.55
-8.8 0 -0.3999996 D9EBCD 0.55
-8.8 0 0.1499996 A9D390 0.55
-8.8 0 0.7000008 A8D28F 0.55
-8.8 0 1.25 A8D390 0.55
-8.8 0 1.799999 A8D28F 0.55
-8.8 0 2.35 A1CB8A 0.55
-8.8 0 2.9 A1CB8A 0.55
-8.8 0 3.450001 D2DFC7 0.55
-8.8 0 4 EAEAE2 0.55
-8.8 0 4.549999 CCD9C2 0.55
-8.8 0 5.1 9FC888 0.55
-8.8 0 5.65 A7D28F 0.55
-8.8 0 6.200001 A7D28F 0.55
-8.8 0 6.75 A8D390 0.55
-8.8 0 7.299999 AAD592 0.55
-8.8 0 7.85 B0DD97 0.55
-8.8 0 8.4 E4F5D8 0.55
-8.8 0 8.950001 FCFEFA 0.55
-8.8 0 9.5 FFFFFF 0.55
-8.8 1.1 5.1 93A779 0.55
-8.25 0.55 0.1499996 89A26C 0.55
-8.25 0 -1.5 FCFEFB 0.55
-8.25 0 -0.9500008 FBFCF4 0.55
-8.25 0 -0.3999996 BFDDAE 0.55
-5.5 0 0.1499996 685C74 0.55
-8.25 0 0.7000008 A4CE8C 0.55
-8.25 0 1.25 A3CD8C 0.55
-8.25 0 1.799999 DEE3D6 0.55
-8.25 0 2.35 E6E5DF 0.55
-6.05 0 2.9 B2ADAC 0.55
-8.25 0 3.450001 D3D1CD 0.55
-8.25 0 4 D6D4CF 0.55
-8.25 0 4.549999 D0CDCA 0.55
-6.05 0 5.1 BDB9B7 0.55
-8.25 0 5.65 E8E6E0 0.55
-8.25 0 6.200001 E7EADE 0.55
-8.25 0 6.75 A5CE8D 0.55
-8.25 0 7.299999 A3CC8B 0.55
-8.25 0 7.85 A5CE8B 0.55
-8.25 0 8.4 C7E2B7 0.55
-8.25 0 8.950001 FCFEFA 0.55
-8.25 0 9.5 FCFEFB 0.55
-5.5 0.55 0.1499996 6E617A 0.55
-8.25 0.55 0.7000008 789161 0.55
-8.25 0.55 7.299999 7B9462 0.55
-6.05 0.55 7.85 6B5F77 0.55
-8.25 1.1 -0.3999996 BAD59B 0.55
-5.5 1.1 0.1499996 72667D 0.55
-8.25 1.1 7.299999 9DB580 0.55
-8.25 1.1 0.7000008 92A877 0.55
-6.05 1.1 7.85 6F637A 0.55
-8.25 1.1 8.4 C3E1A6 0.55
-8.25 1.65 0.1499996 C3E0A5 0.55
-5.5 1.65 0.1499996 786C84 0.55
-8.25 1.65 7.299999 AFC991 0.55
-8.25 1.65 0.7000008 9BB180 0.55
-5.5 1.65 7.85 958AA2 0.55
-8.25 2.2 0.1499996 C8E5A9 0.55
-8.25 2.2 7.85 D5F4B8 0.55
-7.7 0 2.9 27192C 0.55
-7.7 0 5.1 4E4354 0.55
-7.7 0 -1.5 FBFEF9 0.55
-7.7 0 -0.9500008 FCFEF6 0.55
-7.7 0 -0.3999996 C1DCB1 0.55
-7.7 0 0.1499996 C5DAB7 0.55
-7.7 0 0.7000008 F1F1E9 0.55
-7.7 0 1.799999 DEDCD7 0.55
-7.7 0 2.35 CAC7C5 0.55
-7.7 0 4.549999 6B5E77 0.55
-7.7 0 3.450001 B2ADAC 0.55
-7.7 0 4 BCB9B7 0.55
-7.7 0 5.65 CCC9C7 0.55
-7.7 0 6.200001 DEDCD7 0.55
-7.7 0 7.299999 EAE9E1 0.55
-7.7 0 7.85 C9DABC 0.55
-7.7 0 8.4 CDE3C0 0.55
-7.7 0 8.950001 FEFEF6 0.55
-7.7 0 9.5 FCFEF9 0.55
-7.7 0.55 2.9 6A5F76 0.55
-6.6 0.55 2.9 CECCC6 0.55
-7.7 0.55 4.549999 6C6077 0.55
-7.7 0.55 3.450001 685D74 0.55
-6.6 0.55 5.1 CDCBC5 0.55
-7.7 0.55 5.1 6A5E76 0.55
-7.7 0.55 7.85 8EA573 0.55
-7.7 1.1 2.9 6D6279 0.55
-7.7 1.1 0.1499996 A0B784 0.55
-6.6 1.1 2.9 CCCAC4 0.55
-7.7 1.1 4.549999 6E637A 0.55
-7.7 1.1 3.450001 6A5F75 0.55
-6.6 1.1 5.1 CAC8C2 0.55
-7.7 1.1 5.1 73677F 0.55
-7.7 1.1 7.85 99AC7E 0.55
-7.7 1.65 2.9 73677E 0.55
-6.6 1.65 2.9 272234 0.55
-7.7 1.65 4.549999 6E6279 0.55
-7.7 1.65 3.450001 6F647A 0.55
-6.6 1.65 5.1 272337 0.55
-7.7 1.65 5.1 73687F 0.55
-7.7 1.65 7.85 B8D49B 0.55
-6.6 2.2 2.9 262338 0.55
-7.7 2.2 4.549999 73677F 0.55
-7.7 2.2 3.450001 6F637B 0.55
-6.6 2.2 5.1 262339 0.55
-6.6 2.75 2.9 272339 0.55
-7.7 2.75 4.549999 796C85 0.55
-7.7 2.75 3.450001 786D85 0.55
-6.6 2.75 5.1 262339 0.55
-7.7 3.3 3.450001 90859D 0.55
-7.7 3.3 4.549999 6D6179 0.55
-7.15 0 1.25 27192C 0.55
-7.15 0 6.75 27192C 0.55
-7.15 0 -1.5 FBFEF9 0.55
-7.15 0 -0.9500008 FCFDF5 0.55
-7.15 0 -0.3999996 F8F8EF 0.55
-7.15 0 0.1499996 F1F1E9 0.55
-7.15 0 0.7000008 EBEAE4 0.55
-4.95 0 1.25 BBB7B5 0.55
-7.15 0 1.799999 BBB8B6 0.55
-7.15 0 2.35 B6B2B0 0.55
-7.15 0 2.9 AFA9A8 0.55
-7.15 0 3.450001 B2ADAC 0.55
-7.15 0 4 ADA6A6 0.55
-7.15 0 4.549999 AEA8A7 0.55
-7.15 0 5.1 ABA4A4 0.55
-7.15 0 5.65 B6B0B0 0.55
-7.15 0 6.200001 BBB6B5 0.55
-4.95 0 6.75 BAB5B4 0.55
-7.15 0 7.299999 EDECE6 0.55
-7.15 0 7.85 ECECE3 0.55
-7.15 0 8.4 F7F6F0 0.55
-7.15 0 8.950001 FDFEF6 0.55
-7.15 0 9.5 FDFDF6 0.55
-5.5 0.55 1.25 D2CFCB 0.55
-5.5 0.55 6.75 D2D0CC 0.55
-5.5 1.1 1.25 D4D1CF 0.55
-7.15 1.65 2.9 645971 0.55
-7.15 1.65 4.549999 41384E 0.55
-7.15 1.65 3.450001 433A4F 0.55
-7.15 1.65 5.1 655A71 0.55
-7.15 2.2 2.9 655A72 0.55
-7.15 2.2 4.549999 645970 0.55
-7.15 2.2 3.450001 675C74 0.55
-7.15 2.2 5.1 655A72 0.55
-7.15 2.75 2.9 64586F 0.55
-7.15 3.3 4 726A71 0.55
-7.15 2.75 5.1 675C74 0.55
-7.15 3.3 2.9 766982 0.55
7.7 3.3 2.9 756881 0.55
7.7 3.3 5.1 7A6D86 0.55
-7.15 3.3 5.1 786B84 0.55
6.05 3.85 4 70696E 0.55
-7.15 4.4 2.9 7F738D 0.55
-7.15 4.4 4 FFFFFF 0.55
-7.15 4.4 5.1 7F728B 0.55
-7.15 4.95 2.9 81758E 0.55
-7.15 4.95 5.1 837690 0.55
-7.15 5.5 2.9 8E819B 0.55
-7.15 5.5 5.1 9589A2 0.55
-6.6 0 -1.5 FBFBF4 0.55
-6.6 0 1.25 635770 0.55
-6.6 0 -0.9500008 FBFBF3 0.55
-6.6 0 -0.3999996 F2F2EB 0.55
-6.6 0 0.1499996 EEEDE7 0.55
-6.6 0 0.7000008 DAD8D4 0.55
-5.5 0 1.799999 B3AEAD 0.55
-6.6 0 2.35 A7A0A0 0.55
-6.6 0 2.9 ACA6A5 0.55
-6.6 0 5.1 A9A2A2 0.55
-6.6 0 5.65 A59E9F 0.55
-5.5 0 6.200001 B6B2B0 0.55
-6.6 0 6.75 B7B1B1 0.55
-6.6 0 7.299999 D9D7D3 0.55
-6.6 0 7.85 EAE8E3 0.55
-6.6 0 8.4 F5F5ED 0.55
-6.6 0 8.950001 F8F8F0 0.55
-6.6 0 9.5 FDFDF6 0.55
-6.6 0.55 1.25 6A5D76 0.55
-6.05 0.55 1.799999 C9C7C3 0.55
4.95 0.55 3.450001 716E6C 0.55
-6.6 1.1 4 262339 0.55
4.95 0.55 4 73716B 0.55
4.95 0.55 4.549999 716E6B 0.55
-6.05 0.55 6.200001 C9C6C4 0.55
-6.6 0.55 6.75 71647D 0.55
-6.6 1.1 1.25 6A5D76 0.55
-6.05 1.1 1.799999 CAC7C3 0.55
-6.6 3.85 4 7B7377 0.55
4.95 1.1 4 7F7C77 0.55
-6.05 1.1 6.200001 C7C4C1 0.55
-6.6 1.1 6.75 73667F 0.55
-5.5 1.1 6.75 D4D2CE 0.55
-6.6 1.65 1.25 6D607A 0.55
-5.5 1.65 1.25 272235 0.55
-6.05 1.65 1.799999 272336 0.55
-6.6 3.85 3.450001 7E767A 0.55
4.95 1.65 3.450001 817E79 0.55
4.95 1.65 4 7D7A75 0.55
-6.6 3.85 4.549999 7F787C 0.55
4.95 1.65 4.549999 827F7A 0.55
-6.05 1.65 6.200001 272337 0.55
-6.6 1.65 6.75 766983 0.55
-5.5 1.65 6.75 272235 0.55
-6.6 2.2 1.25 6F637B 0.55
-6.05 2.2 1.799999 262338 0.55
-6.6 3.85 2.9 928A8C 0.55
4.95 2.2 2.9 7E7B78 0.55
4.95 2.2 3.450001 8C8884 0.55
4.95 2.2 4 8B8783 0.55
4.95 2.2 4.549999 84807C 0.55
-6.6 3.85 5.1 8B8487 0.55
4.95 2.2 5.1 84807D 0.55
-6.05 2.2 6.200001 272337 0.55
-6.6 2.2 6.75 71647E 0.55
-6.6 2.75 1.25 73667F 0.55
-6.05 2.75 1.799999 272339 0.55
-6.6 3.3 2.35 272235 0.55
4.95 2.75 2.9 908C88 0.55
4.95 2.75 3.450001 94918B 0.55
4.95 2.75 4 8F8B87 0.55
4.95 2.75 4.549999 908C88 0.55
4.95 2.75 5.1 8D8986 0.55
-6.6 3.3 5.65 332E3E 0.55
-6.05 2.75 6.200001 262338 0.55
-6.6 2.75 6.75 72657F 0.55
-6.6 3.3 1.25 766882 0.55
6.05 3.3 1.799999 6E627A 0.55
-6.6 3.3 2.9 BCB7B6 0.55
-6.6 3.3 3.450001 948C8E 0.55
6.6 3.3 3.450001 594E61 0.55
-6.6 3.3 4 958D8E 0.55
-6.6 3.3 4.549999 898184 0.55
6.6 3.3 4.549999 443B50 0.55
-6.6 3.3 5.1 C3BFBD 0.55
6.05 3.3 6.200001 71647D 0.55
-6.6 3.3 6.75 796C85 0.55
-6.05 3.85 1.799999 70647C 0.55
5.5 3.85 2.35 756E71 0.55
6.05 3.85 2.9 726C70 0.55
-6.6 4.4 3.450001 81748E 0.55
6.05 3.85 3.450001 70696E 0.55
-6.6 4.4 4.549999 7D708A 0.55
6.05 3.85 4.549999 6C656A 0.55
6.05 3.85 5.1 726B70 0.55
-6.05 3.85 5.65 5F526B 0.55
-6.05 3.85 6.200001 6B5F77 0.55
-4.95 4.4 1.799999 FFFFFF 0.55
-6.6 4.4 2.9 7A6E88 0.55
-6.6 4.4 2.35 FFFFFF 0.55
-6.05 4.4 3.450001 FFFFFF 0.55
-6.6 4.4 4 FDFEFC 0.55
-6.05 4.4 4.549999 FFFFFF 0.55
-6.6 4.4 5.1 FDFDF7 0.55
-6.6 4.4 5.65 FEFFFE 0.55
-4.95 4.4 6.200001 FFFFFF 0.55
-6.6 4.95 2.9 81748E 0.55
-4.4 4.95 3.450001 FFFFFF 0.55
-6.6 4.95 4.549999 7C6F8A 0.55
-6.6 4.95 3.450001 7A6D87 0.55
-4.4 4.95 4.549999 FFFFFF 0.55
-6.6 4.95 5.1 82758F 0.55
-6.6 5.5 2.9 897D97 0.55
6.6 5.5 3.450001 9386A0 0.55
-6.6 5.5 4.549999 867993 0.55
-6.6 5.5 3.450001 877B95 0.55
6.05 5.5 4.549999 9387A1 0.55
-6.6 5.5 5.1 887C96 0.55
-6.6 6.05 3.450001 AEA3BC 0.55
-6.6 6.05 4.549999 AFA4BD 0.55
-6.05 3.3 1.25 847B83 0.55
-6.05 0 3.450001 27192C 0.55
-6.05 0 4 27192C 0.55
-6.05 0 4.549999 27192C 0.55
-6.05 3.3 6.75 847D82 0.55
-6.05 0 -1.5 FDFEF9 0.55
-6.05 0 -0.9500008 FBFBF4 0.55
-6.05 0 -0.3999996 F1F0EA 0.55
-6.05 0 0.1499996 D3D0CE 0.55
-6.05 0 0.7000008 C4C0BF 0.55
-6.05 0 1.25 B1AAAA 0.55
-6.05 0 1.799999 A8A1A1 0.55
-6.05 3.85 2.9 736B6F 0.55
7.7 0 2.9 645770 0.55
-6.05 3.85 3.450001 6C656A 0.55
-6.05 3.85 4.549999 70696E 0.55
-6.05 3.85 5.1 7A7274 0.55
7.7 0 5.1 6A5E76 0.55
-6.05 0 6.200001 ADA6A6 0.55
-6.05 0 6.75 B2ABAB 0.55
-6.05 0 7.299999 C6C3C1 0.55
-6.05 0 8.4 F4F3ED 0.55
-6.05 0 8.950001 FAFAF3 0.55
-6.05 0 9.5 FDFDF6 0.55
-6.05 1.1 2.35 262235 0.55
4.95 0.55 2.35 676462 0.55
4.95 0.55 2.9 696664 0.55
4.95 0.55 5.1 706E6A 0.55
-6.05 1.1 5.65 272337 0.55
4.95 0.55 5.65 6E6B69 0.55
-6.05 3.85 2.35 766E73 0.55
4.95 1.1 2.35 757270 0.55
4.95 1.1 2.9 797772 0.55
4.95 1.1 3.450001 74716E 0.55
4.95 1.1 4.549999 76736F 0.55
4.95 1.1 5.1 757270 0.55
4.95 1.1 5.65 6E6C68 0.55
4.95 1.65 2.35 767371 0.55
4.95 1.65 2.9 7E7B77 0.55
4.95 1.65 5.1 817E7A 0.55
4.95 1.65 5.65 75706F 0.55
4.95 2.2 2.35 7D7976 0.55
4.95 2.2 5.65 797674 0.55
4.95 2.75 1.799999 787473 0.55
4.95 2.75 2.35 807C7A 0.55
4.95 2.75 5.65 878480 0.55
4.95 2.75 6.200001 787372 0.55
-6.05 3.3 1.799999 685C74 0.55
-6.05 3.3 2.35 8E8688 0.55
-6.05 3.3 5.65 443B51 0.55
-6.05 3.3 2.9 81797C 0.55
-6.05 3.3 3.450001 756D71 0.55
-6.05 3.3 4 756E72 0.55
-6.05 3.3 4.549999 7B7478 0.55
-6.05 3.3 5.1 787176 0.55
-6.05 3.3 6.200001 CCC8C7 0.55
4.95 3.85 1.799999 746E6E 0.55
-6.05 3.85 4 766F74 0.55
5.5 3.85 5.65 6C656A 0.55
4.95 3.85 6.200001 716B6C 0.55
-6.05 4.4 1.799999 7F728C 0.55
-5.5 4.4 2.35 FCFEFB 0.55
4.95 4.4 4 686363 0.55
-5.5 4.4 5.65 FCFBF7 0.55
-6.05 4.4 6.200001 F6F4F1 0.55
-6.05 4.95 1.799999 827690 0.55
-2.75 4.95 1.799999 FFFFFF 0.55
-3.85 4.95 2.35 FFFFFF 0.55
-6.05 4.95 4 FFFFFF 0.55
-3.85 4.95 5.65 FFFFFF 0.55
-6.05 4.95 6.200001 81758F 0.55
-2.75 4.95 6.200001 FFFFFF 0.55
-6.05 5.5 1.799999 897B95 0.55
6.05 5.5 1.799999 887A94 0.55
5.5 5.5 2.35 9B8FA9 0.55
-6.05 5.5 4.549999 978BA5 0.55
5.5 5.5 5.65 9487A1 0.55
6.05 5.5 6.200001 8C7F99 0.55
-6.05 6.05 2.35 B2A8BF 0.55
-6.05 6.05 5.65 B6ABC1 0.55
-5.5 0 2.35 27192C 0.55
-5.5 0 2.9 27192C 0.55
-5.5 0 3.450001 27192C 0.55
-5.5 0 4 27192C 0.55
-5.5 0 4.549999 27192C 0.55
-5.5 0 5.1 27192C 0.55
-5.5 0 5.65 27192C 0.55
-5.5 0 7.85 27192C 0.55
-5.5 0 -1.5 F9F8F2 0.55
-5.5 0 -0.3999996 786A84 0.55
-5.5 0 -0.9500008 F5F4EE 0.55
-2.75 0 0.1499996 26233A 0.55
-5.5 0 0.7000008 B2ACAC 0.55
-5.5 0 1.25 A7A0A1 0.55
-5.5 0.55 1.799999 282233 0.55
-5.5 3.85 2.35 70696D 0.55
-5.5 0 7.299999 5F546C 0.55
-5.5 4.4 2.9 6B6568 0.55
-5.5 4.4 3.450001 6A6467 0.55
-5.5 4.4 4 6B6466 0.55
-5.5 4.4 4.549999 6B6569 0.55
-5.5 4.4 5.1 6A6468 0.55
-5.5 3.85 5.65 6D666A 0.55
-5.5 0.55 6.200001 3A3344 0.55
-5.5 0 6.75 B0AAA9 0.55
-2.75 0 7.85 837A83 0.55
-5.5 0 8.4 E4E2DF 0.55
-5.5 0 8.950001 F9F9F2 0.55
-5.5 0 9.5 FEFEF6 0.55
-5.5 0.55 -0.3999996 796C85 0.55
-3.3 0.55 0.1499996 B9B4B3 0.55
-5.5 0.55 0.7000008 5E536B 0.55
-5.5 3.85 1.799999 847B7D 0.55
4.95 0.55 1.799999 6A6765 0.55
-5.5 0.55 7.299999 63586F 0.55
-5.5 3.85 6.200001 7E7779 0.55
4.95 0.55 6.200001 645F5F 0.55
-3.3 0.55 7.85 C2BDBC 0.55
-5.5 0.55 8.4 7D708A 0.55
-5.5 1.1 -0.3999996 746680 0.55
-3.3 1.1 0.1499996 DDDBD7 0.55
-4.95 1.1 1.25 554A59 0.55
-5.5 1.1 1.799999 272234 0.55
4.95 1.1 1.799999 726F6C 0.55
4.95 1.1 6.200001 6E6B69 0.55
-3.3 1.1 7.85 D5D3CF 0.55
-5.5 1.1 8.4 796C85 0.55
-2.75 1.65 0.1499996 282337 0.55
4.95 1.65 1.799999 6F6C6A 0.55
4.95 1.65 6.200001 736F6E 0.55
-2.75 1.65 7.85 272339 0.55
-3.3 2.2 0.1499996 60556D 0.55
4.95 2.2 1.799999 787573 0.55
4.95 2.2 6.200001 777472 0.55
-3.3 2.2 7.85 63566F 0.55
-5.5 3.85 1.25 D4D1CF 0.55
-5.5 3.3 0.1499996 9387A0 0.55
-5.5 3.3 1.25 DAD7D5 0.55
-5.5 3.3 1.799999 9C9595 0.55
-5.5 3.3 2.35 777072 0.55
-5.5 3.3 2.9 6F686C 0.55
-5.5 3.3 3.450001 6E686B 0.55
-5.5 3.3 4 6E676B 0.55
-5.5 3.3 4.549999 726B6E 0.55
-5.5 3.3 5.1 6D666A 0.55
-5.5 3.3 5.65 787174 0.55
-5.5 3.3 6.200001 999293 0.55
-5.5 3.3 6.75 D7D4D2 0.55
-5.5 3.3 7.85 9387A0 0.55
-4.95 3.85 1.25 5C5168 0.55
-4.95 3.85 6.75 5F526B 0.55
-5.5 4.4 1.25 FFFFFF 0.55
-5.5 4.4 1.799999 FFFFFF 0.55
3.85 4.4 2.35 6C6967 0.55
4.4 4.4 2.9 6F6B6A 0.55
4.4 4.4 3.450001 6B6766 0.55
4.4 4.4 4.549999 6C6767 0.55
4.4 4.4 5.1 6C6767 0.55
3.85 4.4 5.65 6F6C6A 0.55
-5.5 4.4 6.200001 FFFFFF 0.55
-5.5 4.4 6.75 FFFFFF 0.55
-5.5 4.95 2.9 FFFFFF 0.55
-5.5 4.95 3.450001 FFFFFF 0.55
-5.5 4.95 4 FFFFFF 0.55
-5.5 4.95 4.549999 FFFFFF 0.55
-5.5 4.95 5.1 FFFFFF 0.55
-5.5 5.5 2.35 978BA5 0.55
-5.5 5.5 5.65 9589A3 0.55
-4.95 2.2 0.7000008 302A3E 0.55
-4.95 0 1.799999 27192C 0.55
-4.95 0 2.35 27192C 0.55
-4.95 0 2.9 27192C 0.55
-4.95 0 3.450001 27192C 0.55
-4.95 0 4 27192C 0.55
-4.95 0 4.549999 27192C 0.55
-4.95 0 5.1 27192C 0.55
-4.95 0 5.65 27192C 0.55
-4.95 0 6.200001 27192C 0.55
-4.95 2.2 7.299999 40374C 0.55
-4.95 0 -1.5 FCFCF5 0.55
-4.95 0 -0.9500008 F4F3ED 0.55
-4.95 0 -0.3999996 E2E0DD 0.55
-4.95 0 0.1499996 C3BEBD 0.55
-4.95 0 0.7000008 B2ABAB 0.55
-4.95 0.55 1.25 756B74 0.55
-4.95 3.85 1.799999 777172 0.55
6.6 0 1.799999 473D53 0.55
-4.95 4.4 2.35 6D6869 0.55
-4.95 4.4 2.9 6B6667 0.55
-4.95 4.4 3.450001 6A6464 0.55
-4.95 4.4 4 686364 0.55
-4.95 4.4 4.549999 6B6666 0.55
-4.95 4.4 5.1 6C6667 0.55
-4.95 4.4 5.65 756E6C 0.55
-4.95 3.85 6.200001 746D6E 0.55
6.6 0 6.200001 40374D 0.55
-4.95 0.55 6.75 7C737A 0.55
-4.95 0 7.299999 B6B1B0 0.55
-4.95 0 7.85 CAC7C5 0.55
-4.95 0 8.4 E1DFDC 0.55
-4.95 0 8.950001 F2F1EB 0.55
-4.95 0 9.5 F9F9F2 0.55
6.6 0.55 1.25 6F627A 0.55
-4.95 1.1 6.75 262339 0.55
6.6 0.55 6.75 72657F 0.55
-5.5 0.55 7.85 756882 0.55
-4.95 1.1 0.7000008 B5AFAE 0.55
5.5 1.1 1.25 7F777D 0.55
5.5 1.1 6.75 797077 0.55
-4.95 1.1 7.299999 D3CFCE 0.55
-5.5 1.1 7.85 766982 0.55
-4.95 1.65 0.7000008 655871 0.55
-4.4 1.65 0.7000008 272337 0.55
-4.95 1.65 1.25 272234 0.55
6.6 1.65 1.25 72657E 0.55
-4.95 1.65 7.299999 90888C 0.55
6.6 1.65 6.75 746780 0.55
-4.4 1.65 7.299999 272338 0.55
-4.95 1.65 6.75 272235 0.55
-4.95 2.75 0.7000008 483E51 0.55
-4.4 2.2 0.7000008 272339 0.55
-4.95 2.75 7.299999 4B4154 0.55
-4.4 2.2 7.299999 272339 0.55
-3.3 2.75 0.1499996 594E66 0.55
-4.95 3.3 0.7000008 6E6374 0.55
-4.95 3.3 7.299999 695D6D 0.55
-3.3 2.75 7.85 5D526A 0.55
-4.95 3.85 0.7000008 70647C 0.55
4.95 3.3 0.7000008 786983 0.55
-4.95 3.3 6.75 3F374B 0.55
-4.95 3.3 1.25 918A8B 0.55
-4.95 3.3 1.799999 7F787A 0.55
-4.95 3.3 2.35 777072 0.55
-4.95 3.3 2.9 777072 0.55
-4.95 3.3 3.450001 6E686B 0.55
-4.95 3.3 4 686265 0.55
-4.95 3.3 4.549999 726A6D 0.55
-4.95 3.3 5.1 6A6467 0.55
-4.95 3.3 5.65 746D6F 0.55
-4.95 3.3 6.200001 7B7375 0.55
-4.95 3.85 7.299999 6E627A 0.55
4.95 3.3 7.299999 786B84 0.55
4.4 3.85 1.25 777171 0.55
4.4 3.85 6.75 777172 0.55
-4.95 4.4 0.7000008 81748D 0.55
-3.3 4.4 0.7000008 857892 0.55
-4.4 4.4 1.25 FFFFFF 0.55
-4.4 4.4 6.75 FFFFFF 0.55
-3.3 4.4 7.299999 81748E 0.55
-4.95 4.4 7.299999 877B95 0.55
-4.95 4.95 0.7000008 877A94 0.55
-3.3 4.95 0.7000008 887B95 0.55
-0.55 4.95 1.25 FFFFFF 0.55
-4.95 4.95 2.35 FFFFFF 0.55
-4.95 4.95 2.9 FFFFFF 0.55
-4.95 4.95 3.450001 FFFFFF 0.55
-4.95 4.95 4.549999 FFFFFF 0.55
-4.95 4.95 5.1 FFFFFF 0.55
-4.95 4.95 5.65 FFFFFF 0.55
-0.55 4.95 6.75 FFFFFF 0.55
-3.3 4.95 7.299999 897C96 0.55
-4.95 4.95 7.299999 897D97 0.55
-3.3 5.5 0.7000008 8E829C 0.55
4.4 5.5 1.25 8D819B 0.55
4.4 5.5 6.75 8D809A 0.55
-3.3 5.5 7.299999 8D809A 0.55
-4.95 6.05 0.7000008 AFA4BC 0.55
-4.95 6.05 1.25 B2A7BF 0.55
-4.95 6.05 6.75 B1A7BE 0.55
-4.95 6.05 7.299999 B0A6BD 0.55
-4.4 3.3 0.1499996 938C90 0.55
-4.4 0 1.25 27192C 0.55
-4.4 0 1.799999 27192C 0.55
-4.4 0 2.35 27192C 0.55
-4.4 0 2.9 27192C 0.55
-4.4 0 3.450001 27192C 0.55
-4.4 0 4 27192C 0.55
-4.4 0 4.549999 27192C 0.55
-4.4 0 5.1 27192C 0.55
-4.4 0 5.65 27192C 0.55
-4.4 0 6.200001 27192C 0.55
-4.4 0 6.75 27192C 0.55
-4.4 3.3 7.85 91898D 0.55
-4.4 0 -1.5 F6F6EE 0.55
-4.4 0 0.7000008 BAB6B5 0.55
-4.4 0 -0.9500008 F0EFE9 0.55
-4.4 0 -0.3999996 DDDBD8 0.55
-4.4 0 0.1499996 C6C2C1 0.55
-4.4 3.85 1.25 787274 0.55
6.6 0 1.25 695C75 0.55
-4.4 4.4 1.799999 6F6B6A 0.55
-4.4 4.4 2.35 6F6B6A 0.55
-4.4 4.4 2.9 706C6B 0.55
-4.4 4.95 4 6F6A69 0.55
-4.4 4.4 5.1 6C6867 0.55
-4.4 4.4 5.65 777270 0.55
-4.4 4.4 6.200001 6A6464 0.55
-4.4 3.85 6.75 777172 0.55
6.6 0 6.75 70637C 0.55
-4.4 0 7.299999 BFBAB9 0.55
-4.4 0 7.85 C5C1C0 0.55
-4.4 0 8.4 DDDBD8 0.55
-4.4 0 8.950001 EEEDE7 0.55
-4.4 0 9.5 F7F6F0 0.55
-4.4 1.1 0.7000008 81787F 0.55
-4.4 0.55 6.200001 666261 0.55
-4.4 0.55 1.799999 4A5045 0.55
-4.95 0.55 1.799999 6E6B69 0.55
-4.4 0.55 1.25 686563 0.55
-4.4 0.55 2.35 4A5045 0.55
-4.95 0.55 2.35 6B6866 0.55
-4.4 0.55 2.9 4C5347 0.55
-4.95 0.55 2.9 686563 0.55
-4.4 0.55 3.450001 4E5548 0.55
-4.95 0.55 3.450001 6E6B69 0.55
-4.4 0.55 4 4E5548 0.55
-4.95 0.55 4 706D6B 0.55
-4.4 0.55 4.549999 4B5246 0.55
-4.95 0.55 4.549999 75726E 0.55
-4.4 0.55 5.1 4A5145 0.55
-4.95 0.55 5.1 72706B 0.55
-4.4 0.55 5.65 4B5346 0.55
-4.95 0.55 5.65 676462 0.55
-4.95 0.55 6.200001 656060 0.55
-4.4 1.1 7.299999 857D82 0.55
2.2 0.55 7.299999 E4E2DD 0.55
-4.4 1.1 6.200001 6A6665 0.55
-4.95 1.1 1.799999 6F6C6A 0.55
-4.4 1.1 1.25 767170 0.55
-4.95 1.1 2.35 75726E 0.55
-4.95 1.1 2.9 75726F 0.55
-4.95 1.1 3.450001 787671 0.55
-4.95 1.1 4 7C7874 0.55
-4.95 1.1 4.549999 777471 0.55
-4.95 1.1 5.1 777471 0.55
-4.95 1.1 5.65 726F6D 0.55
-4.95 1.1 6.200001 6E6B69 0.55
-4.4 3.85 0.7000008 D5D2D0 0.55
-1.1 1.65 0.7000008 51465D 0.55
-4.4 1.65 6.200001 6E6A69 0.55
-4.95 1.65 1.799999 74716F 0.55
-4.4 1.65 1.25 716E6C 0.55
-4.95 1.65 2.35 777371 0.55
-4.95 1.65 2.9 7C7875 0.55
-4.95 1.65 3.450001 817E79 0.55
-4.95 1.65 4 84817C 0.55
-4.95 1.65 4.549999 807D78 0.55
-4.95 1.65 5.1 7D7A76 0.55
-4.95 1.65 5.65 767371 0.55
-4.95 1.65 6.200001 767170 0.55
-4.4 3.85 7.299999 DAD8D5 0.55
2.2 1.65 7.299999 272235 0.55
-1.1 2.2 0.7000008 53485F 0.55
-4.4 2.2 6.200001 746F6E 0.55
-4.95 2.2 1.799999 726E6D 0.55
-4.4 2.2 1.25 7B7675 0.55
-4.95 2.2 2.35 84807D 0.55
-4.95 2.2 2.9 817E7A 0.55
-4.95 2.2 3.450001 888480 0.55
-4.95 2.2 4 85817D 0.55
-4.95 2.2 4.549999 888480 0.55
-4.95 2.2 5.1 83807C 0.55
-4.95 2.2 5.65 7D7977 0.55
-4.95 2.2 6.200001 726E6D 0.55
2.2 2.2 7.299999 272338 0.55
-4.4 2.75 0.1499996 27253D 0.55
2.2 2.75 0.7000008 272339 0.55
-4.4 2.75 6.200001 777271 0.55
-4.95 2.75 1.799999 7B7876 0.55
-4.4 2.75 1.25 807B79 0.55
-4.95 2.75 2.35 878380 0.55
-4.95 2.75 2.9 888480 0.55
-4.95 2.75 3.450001 908D87 0.55
-4.95 2.75 4 93908A 0.55
-4.95 2.75 4.549999 908D87 0.55
-4.95 2.75 5.1 878380 0.55
-4.95 2.75 5.65 898582 0.55
-4.95 2.75 6.200001 787372 0.55
2.2 2.75 7.299999 262338 0.55
-4.4 2.75 7.299999 27253D 0.55
-4.4 3.3 0.7000008 D4D2CD 0.55
-4.4 3.3 1.25 867E7F 0.55
-4.4 3.3 6.75 8E8787 0.55
-4.4 3.3 7.299999 D1CFCB 0.55
-4.4 3.85 0.1499996 FFFFFF 0.55
2.75 3.85 0.7000008 999392 0.55
2.75 3.85 7.299999 8C8586 0.55
-4.4 3.85 7.85 FFFFFF 0.55
-4.4 4.4 0.7000008 FFFFFF 0.55
2.75 4.4 1.799999 767370 0.55
-4.4 4.4 3.450001 666161 0.55
-4.4 4.4 4.549999 6E6969 0.55
2.75 4.4 6.200001 7A7774 0.55
-4.4 4.4 7.299999 FFFFFF 0.55
-4.4 4.95 1.25 EBE8EA 0.55
-4.4 4.95 1.799999 FFFFFF 0.55
-4.4 4.95 2.35 FFFFFF 0.55
2.2 4.95 3.450001 75736F 0.55
2.75 4.95 4 72706C 0.55
2.2 4.95 4.549999 777571 0.55
-4.4 4.95 5.65 FFFFFF 0.55
-4.4 4.95 6.200001 FFFFFF 0.55
-4.4 4.95 6.75 8C7F99 0.55
-4.4 5.5 1.25 8E819B 0.55
-4.4 5.5 4 FFFFFF 0.55
-4.4 5.5 6.75 8B7E98 0.55
-3.85 2.2 0.1499996 EDEBE6 0.55
-3.85 0 1.25 27192C 0.55
-3.85 0 1.799999 27192C 0.55
-3.85 0 2.35 27192C 0.55
-3.85 0 2.9 27192C 0.55
-3.85 0 3.450001 27192C 0.55
-3.85 0 4 27192C 0.55
-3.85 0 4.549999 27192C 0.55
-3.85 0 5.1 27192C 0.55
-3.85 0 5.65 27192C 0.55
-3.85 0 6.200001 27192C 0.55
-3.85 0 6.75 27192C 0.55
-3.85 2.75 7.85 968F93 0.55
-3.85 0 -1.5 F7F6F0 0.55
-3.85 0 -0.9500008 E9E7E2 0.55
-3.85 0 -0.3999996 CFCCCA 0.55
-3.85 0 0.1499996 C6C3C1 0.55
-3.85 3.85 0.7000008 8C8486 0.55
-1.65 0 0.7000008 746B72 0.55
-3.85 4.4 1.25 756F70 0.55
-3.85 4.4 1.799999 716C6B 0.55
-3.85 4.4 2.35 706C6B 0.55
-3.85 4.95 2.9 716D6C 0.55
-3.85 4.95 3.450001 6D6A68 0.55
-3.85 4.95 4 6D6968 0.55
-3.85 4.95 4.549999 696664 0.55
-3.85 4.95 5.1 777372 0.55
-3.85 4.4 5.65 6D6968 0.55
-3.85 4.4 6.200001 706C6B 0.55
-3.85 4.4 6.75 7C7474 0.55
-3.85 3.85 7.299999 978E8E 0.55
-1.65 0 7.299999 726970 0.55
-3.85 0 7.85 C6C3C1 0.55
-3.85 0 8.4 CFCCCA 0.55
-3.85 0 8.950001 E9E8E3 0.55
-3.85 0 9.5 F7F6F0 0.55
-3.85 0.55 0.1499996 EDECE7 0.55
-3.85 0.55 6.200001 6A6765 0.55
-3.85 0.55 1.799999 484E44 0.55
-3.85 0.55 1.25 686563 0.55
-3.85 0.55 2.35 505849 0.55
-3.85 0.55 2.9 505849 0.55
-3.85 0.55 3.450001 4F5748 0.55
-3.85 0.55 4 51594A 0.55
-3.85 0.55 4.549999 505849 0.55
-3.85 0.55 5.1 4F5748 0.55
-3.85 0.55 5.65 4A5045 0.55
-3.85 0.55 7.85 EDECE7 0.55
-3.85 1.1 0.1499996 EEEDE8 0.55
-1.1 1.1 0.7000008 564B63 0.55
-3.85 1.1 6.200001 6F6C6A 0.55
-3.85 1.1 1.25 6D6968 0.55
-3.85 1.1 7.85 857D83 0.55
2.2 1.1 7.299999 E6E5DF 0.55
-3.85 1.65 0.1499996 272338 0.55
-3.85 1.65 6.200001 75726F 0.55
-3.85 1.65 1.25 787572 0.55
-3.85 1.65 7.85 272337 0.55
-3.85 2.75 0.1499996 877F85 0.55
-3.85 2.2 6.200001 827E7B 0.55
-3.85 2.2 1.25 7C7876 0.55
-3.85 2.2 7.85 27243B 0.55
-3.85 3.3 0.1499996 80777E 0.55
-3.85 2.75 6.200001 7D7977 0.55
-3.85 2.75 1.25 7D7A78 0.55
-3.85 3.3 7.85 898187 0.55
-3.85 3.3 0.7000008 B3AFAD 0.55
-3.85 3.3 1.25 8A8384 0.55
-3.85 3.3 6.75 837C7D 0.55
-3.85 3.3 7.299999 B8B4B2 0.55
-3.85 3.85 0.1499996 FFFFFF 0.55
-3.85 3.85 6.75 807878 0.55
-3.85 3.85 1.25 766F71 0.55
-3.85 3.85 7.85 FFFFFF 0.55
-3.85 4.4 0.7000008 FFFFFF 0.55
1.1 4.4 1.25 928E8B 0.55
1.1 4.4 6.75 97938F 0.55
-3.85 4.4 7.299999 FFFFFF 0.55
-3.85 4.95 1.25 FFFFFF 0.55
-3.85 4.95 1.799999 FFFFFF 0.55
1.65 4.95 2.9 7B7874 0.55
1.65 4.95 5.1 76736F 0.55
-3.85 4.95 6.200001 FFFFFF 0.55
-3.85 4.95 6.75 FFFFFF 0.55
-3.85 5.5 2.9 FFFFFF 0.55
-3.85 5.5 3.450001 FFFFFF 0.55
-3.85 5.5 4 FFFFFF 0.55
-3.85 5.5 4.549999 FFFFFF 0.55
-3.85 5.5 5.1 FFFFFF 0.55
-3.3 0 0.7000008 27192C 0.55
-3.3 0 1.25 27192C 0.55
-3.3 0 1.799999 27192C 0.55
-3.3 0 2.35 27192C 0.55
-3.3 0 2.9 27192C 0.55
-3.3 0 3.450001 27192C 0.55
-3.3 0 4 27192C 0.55
-3.3 0 4.549999 27192C 0.55
-3.3 0 5.1 27192C 0.55
-3.3 0 5.65 27192C 0.55
-3.3 0 6.200001 27192C 0.55
-3.3 0 6.75 27192C 0.55
-3.3 0 7.299999 27192C 0.55
-3.3 0 -1.5 F7F6F0 0.55
2.75 0 -0.9500008 776B83 0.55
2.75 0 -0.3999996 70637C 0.55
-3.3 0 0.1499996 C5C2C0 0.55
-3.3 3.85 0.7000008 837C7D 0.55
-3.3 4.4 1.25 7A7574 0.55
-3.3 4.4 1.799999 757270 0.55
-3.3 4.95 2.35 6F6C6A 0.55
-3.3 4.95 2.9 6E6B69 0.55
-3.3 4.95 3.450001 6C6967 0.55
-3.3 4.95 4 6D6A68 0.55
-3.3 4.95 4.549999 77726E 0.55
-3.3 4.95 5.1 6F6C6A 0.55
-3.3 4.95 5.65 706A68 0.55
-3.3 4.4 6.200001 74716F 0.55
-3.3 4.4 6.75 847D7C 0.55
-3.3 3.85 7.299999 827A7C 0.55
-3.3 0 7.85 BFBAB9 0.55
2.75 0 8.4 70637C 0.55
2.75 0 8.950001 776A84 0.55
-3.3 0 9.5 F7F6F0 0.55
2.75 0.55 -0.9500008 776A83 0.55
2.75 0.55 -0.3999996 6C5F78 0.55
-3.3 0.55 6.200001 73706D 0.55
-3.3 0.55 1.799999 4D5447 0.55
-3.3 0.55 1.25 6C6867 0.55
-3.3 0.55 2.35 4D5448 0.55
-3.3 0.55 2.9 51594A 0.55
-3.3 0.55 3.450001 515A4A 0.55
-3.3 0.55 4 56604D 0.55
-3.3 0.55 4.549999 535D4B 0.55
-3.3 0.55 5.1 51594A 0.55
-3.3 0.55 5.65 505849 0.55
2.75 0.55 8.4 746780 0.55
2.75 0.55 8.950001 7C6F88 0.55
-3.3 1.1 -0.9500008 90839C 0.55
2.75 1.1 -0.3999996 71647D 0.55
2.2 1.1 0.1499996 E0DFDA 0.55
-3.3 1.1 6.200001 797671 0.55
-3.3 1.1 1.25 76736F 0.55
2.2 1.1 7.85 E2E0DB 0.55
2.75 1.1 8.4 73667F 0.55
-3.3 1.1 8.950001 9488A1 0.55
-3.3 1.65 -0.9500008 90839C 0.55
2.75 1.65 -0.3999996 71647D 0.55
-3.3 1.65 0.1499996 272235 0.55
-3.3 1.65 6.200001 75726F 0.55
-3.3 1.65 1.25 7D7A76 0.55
-3.3 1.65 7.85 2D273C 0.55
2.75 1.65 8.4 73667F 0.55
-3.3 1.65 8.950001 9386A0 0.55
2.75 2.2 -0.3999996 72657E 0.55
-2.75 2.2 0.1499996 272339 0.55
-3.3 2.2 6.200001 7E7B78 0.55
-3.3 2.2 1.25 827F7B 0.55
-2.75 2.2 7.85 272338 0.55
2.75 2.2 8.4 756881 0.55
2.75 2.75 -0.3999996 72657E 0.55
-3.3 2.75 6.200001 797573 0.55
-3.3 2.75 1.25 817D7A 0.55
-2.75 2.75 7.85 282336 0.55
2.75 2.75 8.4 766982 0.55
2.75 3.3 -0.3999996 7B6E87 0.55
-3.3 3.3 7.299999 453B50 0.55
2.75 3.3 0.1499996 776A83 0.55
-3.3 3.3 0.7000008 9F9898 0.55
-3.3 3.3 1.25 8E8787 0.55
-3.3 3.3 6.75 8F8988 0.55
2.75 3.3 7.85 796C85 0.55
2.75 3.3 8.4 7A6D87 0.55
-3.3 3.85 -0.3999996 93859F 0.55
2.75 3.85 0.1499996 685B74 0.55
2.75 3.85 7.85 6B5F78 0.55
-3.3 3.85 8.4 90839D 0.55
-3.3 4.4 -0.3999996 91839D 0.55
2.75 4.4 0.1499996 8E829C 0.55
-2.75 4.4 0.7000008 8F8495 0.55
-3.3 4.4 5.65 75726F 0.55
-3.3 4.4 2.35 706C6B 0.55
-2.75 4.4 7.299999 F0EEEC 0.55
2.75 4.4 7.85 8B7E98 0.55
-3.3 4.4 8.4 92869F 0.55
2.75 4.95 0.1499996 90849D 0.55
2.75 4.95 0.7000008 978AA4 0.55
-3.3 4.95 1.25 FFFFFF 0.55
-3.3 4.95 1.799999 FFFFFF 0.55
6.05 4.95 2.35 9286A0 0.55
6.05 4.95 5.65 8F829C 0.55
-3.3 4.95 6.200001 FFFFFF 0.55
-3.3 4.95 6.75 FFFFFF 0.55
2.75 4.95 7.299999 9589A2 0.55
2.75 4.95 7.85 8D809A 0.55
2.75 5.5 0.1499996 91849E 0.55
2.75 5.5 0.7000008 9286A0 0.55
-3.3 5.5 2.35 FFFFFF 0.55
-3.3 5.5 2.9 FFFFFF 0.55
-3.3 5.5 3.450001 FFFFFF 0.55
-3.3 5.5 4 FFFFFF 0.55
-3.3 5.5 4.549999 FFFFFF 0.55
-3.3 5.5 5.1 FFFFFF 0.55
-3.3 5.5 5.65 FFFFFF 0.55
2.75 5.5 7.299999 9A8EA8 0.55
2.75 5.5 7.85 92869F 0.55
-3.3 6.05 0.1499996 B0A5BE 0.55
-3.3 6.05 0.7000008 B0A5BD 0.55
-3.3 6.05 7.299999 B0A5BD 0.55
-3.3 6.05 7.85 B0A5BE 0.55
-2.75 0 0.7000008 27192C 0.55
-2.75 0 1.25 27192C 0.55
-2.75 0 1.799999 27192C 0.55
-2.75 0 2.35 27192C 0.55
-2.75 0 2.9 27192C 0.55
-2.75 0 3.450001 27192C 0.55
-2.75 0 4 27192C 0.55
-2.75 0 4.549999 27192C 0.55
-2.75 0 5.1 27192C 0.55
-2.75 0 5.65 27192C 0.55
-2.75 0 6.200001 27192C 0.55
-2.75 0 6.75 27192C 0.55
-2.75 0 7.299999 27192C 0.55
-2.75 0 -1.5 F8F8F1 0.55
-2.75 0 -0.9500008 DBD8D6 0.55
-2.75 0 -0.3999996 C1BCBB 0.55
-2.75 0.55 0.1499996 847D82 0.55
-2.75 3.85 0.7000008 918A8A 0.55
-2.75 4.4 1.25 86827F 0.55
-2.75 4.4 1.799999 726F6D 0.55
-2.75 4.95 2.35 73706E 0.55
-2.75 4.95 2.9 73706E 0.55
-2.75 4.95 3.450001 706D6B 0.55
-2.75 4.95 4 75726F 0.55
-2.75 4.95 4.549999 716D6A 0.55
-2.75 4.95 5.1 75726F 0.55
-2.75 4.95 5.65 777370 0.55
-2.75 4.4 6.200001 7C7975 0.55
-2.75 4.4 6.75 86817F 0.55
-2.75 3.85 7.299999 9A9392 0.55
-2.75 0.55 7.85 837C81 0.55
-2.75 0 8.4 C3BEBD 0.55
-2.75 0 8.950001 DAD7D5 0.55
-2.75 0 9.5 F7F7F0 0.55
-2.75 0.55 -0.9500008 71657D 0.55
-2.75 0.55 -0.3999996 72667E 0.55
-2.75 1.1 0.1499996 776E76 0.55
2.2 0.55 0.1499996 E0DEDA 0.55
-2.75 0.55 6.200001 6C6A67 0.55
-2.75 0.55 1.799999 505849 0.55
-2.75 0.55 1.25 716F6A 0.55
-2.75 0.55 2.35 51594A 0.55
-2.75 0.55 2.9 555F4C 0.55
-2.75 0.55 3.450001 58634F 0.55
-2.75 0.55 4 57634F 0.55
-2.75 0.55 4.549999 56604D 0.55
-2.75 0.55 5.1 56614E 0.55
-2.75 0.55 5.65 525B4A 0.55
-2.75 1.1 7.85 7F767D 0.55
2.2 0.55 7.85 E5E4DE 0.55
-2.75 0.55 8.4 73667F 0.55
-2.75 0.55 8.950001 7A6D86 0.55
-2.75 1.1 -0.3999996 746780 0.55
-2.75 4.4 0.1499996 C4BFBE 0.55
-2.75 1.1 6.200001 74716E 0.55
-2.75 1.1 1.25 7B7874 0.55
-2.75 1.1 8.4 73667F 0.55
-2.75 1.65 -0.3999996 72657E 0.55
2.2 1.65 0.1499996 262338 0.55
-2.75 1.65 6.200001 7C7975 0.55
-2.75 1.65 1.25 807C78 0.55
-2.75 1.65 8.4 72657E 0.55
-2.75 2.2 -0.3999996 746780 0.55
2.2 2.2 0.1499996 252339 0.55
-2.75 2.2 6.200001 827E7A 0.55
-2.75 2.2 1.25 827F7B 0.55
-2.75 4.4 7.85 C2BDBD 0.55
2.2 2.2 7.85 26233A 0.55
-2.75 2.2 8.4 746880 0.55
-2.75 2.75 0.1499996 26233A 0.55
-2.75 2.75 -0.3999996 786B84 0.55
2.2 2.75 0.1499996 26243C 0.55
-2.75 2.75 6.200001 8E8B85 0.55
-2.75 2.75 1.25 83807C 0.55
2.2 2.75 7.85 27243B 0.55
-2.75 2.75 8.4 786B84 0.55
-2.75 3.3 -0.3999996 796C85 0.55
-2.75 3.3 0.1499996 E4E2DD 0.55
-2.75 3.3 0.7000008 BEBAB7 0.55
-2.75 3.3 1.25 AAA5A3 0.55
-2.75 3.3 6.75 A09A98 0.55
-2.75 3.3 7.299999 C0BDBA 0.55
-2.75 3.3 7.85 E6E5E0 0.55
-2.75 3.3 8.4 7C6F88 0.55
-2.75 3.85 0.1499996 C4BEBE 0.55
-2.75 3.85 7.85 685B74 0.55
2.2 4.4 0.7000008 F2F2EA 0.55
2.2 4.4 7.299999 EBEAE4 0.55
-2.75 4.95 0.1499996 93869F 0.55
-2.75 4.95 0.7000008 FEFFFE 0.55
-2.75 4.95 1.25 FFFFFF 0.55
-2.75 4.95 6.75 FFFFFF 0.55
-2.75 4.95 7.299999 FFFFFF 0.55
-2.75 4.95 7.85 91849E 0.55
-2.75 5.5 0.1499996 92859F 0.55
-2.75 5.5 0.7000008 978AA4 0.55
-2.75 5.5 2.35 FFFFFF 0.55
-2.75 5.5 2.9 FFFFFF 0.55
-2.75 5.5 3.450001 FFFFFF 0.55
-2.75 5.5 4 FFFFFF 0.55
-2.75 5.5 4.549999 FFFFFF 0.55
-2.75 5.5 5.1 FFFFFF 0.55
-2.75 5.5 5.65 FFFFFF 0.55
-2.75 5.5 7.299999 9387A1 0.55
-2.75 5.5 7.85 90839C 0.55
-2.2 0 0.1499996 847B7E 0.55
-2.2 0 0.7000008 4E4452 0.55
-2.2 0 1.25 27192C 0.55
-2.2 0 1.799999 27192C 0.55
-2.2 0 2.35 27192C 0.55
-2.2 0 2.9 27192C 0.55
-2.2 0 3.450001 27192C 0.55
-2.2 0 4 27192C 0.55
-2.2 0 4.549999 27192C 0.55
-2.2 0 5.1 27192C 0.55
-2.2 0 5.65 27192C 0.55
-2.2 0 6.200001 27192C 0.55
-2.2 0 6.75 27192C 0.55
-2.2 0 7.299999 766D74 0.55
-2.2 0 7.85 8F8688 0.55
-2.2 0 -1.5 F3F2EC 0.55
-2.2 0 -0.9500008 EBEAE5 0.55
-2.2 0 -0.3999996 DAD7D4 0.55
-2.2 0.55 0.1499996 958C8D 0.55
-2.2 0.55 0.7000008 665B66 0.55
-2.2 4.4 1.25 8D8986 0.55
-2.2 4.95 1.799999 7D7A77 0.55
-2.2 4.95 2.35 767370 0.55
-2.2 4.95 2.9 72706C 0.55
-2.2 4.95 3.450001 75726E 0.55
-2.2 4.95 4.549999 716F6B 0.55
-2.2 4.95 5.1 73706D 0.55
-2.2 4.95 5.65 746F6B 0.55
-2.2 4.95 6.200001 7A7774 0.55
-2.2 4.4 6.75 95908C 0.55
-2.2 0.55 7.299999 675C67 0.55
-2.2 0.55 7.85 B1ABAA 0.55
2.2 0 7.85 706670 0.55
-2.2 0 8.4 D9D7D3 0.55
-2.2 0 8.950001 EAE9E4 0.55
-2.2 0 9.5 F4F3ED 0.55
-2.2 1.1 0.1499996 A39B9B 0.55
-2.2 1.1 0.7000008 7C747A 0.55
-2.2 0.55 6.200001 75736D 0.55
-2.2 0.55 1.799999 535C4B 0.55
-2.2 0.55 1.25 74716D 0.55
-2.2 0.55 2.35 535C4B 0.55
-2.2 0.55 2.9 57614E 0.55
-2.2 0.55 3.450001 58624F 0.55
-2.2 0.55 4 5C6852 0.55
-2.2 0.55 4.549999 57614E 0.55
-2.2 0.55 5.1 57614E 0.55
-2.2 0.55 5.65 515B4A 0.55
-2.2 1.1 7.299999 81797D 0.55
-2.2 1.1 7.85 AEA8A7 0.55
-2.2 1.1 -0.3999996 F2F0EB 0.55
-2.2 2.2 0.1499996 9A9294 0.55
-2.2 2.2 0.7000008 7C747A 0.55
-2.2 1.1 6.200001 7F7E76 0.55
-2.2 1.1 1.25 7C7A73 0.55
-2.2 2.2 7.299999 847C80 0.55
-2.2 2.2 7.85 B3ADAC 0.55
-2.2 1.1 8.4 F1F0EA 0.55
-2.2 1.65 0.7000008 272337 0.55
-2.2 1.65 0.1499996 DDDBD7 0.55
-2.2 1.65 6.200001 807D78 0.55
-2.2 1.65 1.25 85827C 0.55
-2.2 1.65 7.299999 272235 0.55
-2.2 1.65 7.85 E3E2DD 0.55
2.2 1.65 7.85 272337 0.55
-2.2 2.75 0.1499996 B1AAAA 0.55
-2.2 2.75 0.7000008 797077 0.55
-2.2 2.2 6.200001 85817D 0.55
-2.2 2.2 1.25 8D8A84 0.55
-2.2 2.75 7.299999 7F787D 0.55
-2.2 2.75 7.85 BBB6B5 0.55
-2.2 3.3 0.1499996 ACA7A6 0.55
-2.2 3.3 0.7000008 7B7279 0.55
-2.2 2.75 6.200001 928F89 0.55
-2.2 2.75 1.25 94918B 0.55
-2.2 3.3 7.299999 7A7278 0.55
-2.2 3.3 7.85 B6B0AF 0.55
-2.2 4.4 0.1499996 D4D1CD 0.55
-2.2 4.4 0.7000008 A39E9C 0.55
-2.2 3.3 1.25 BDBAB5 0.55
-2.2 3.3 6.75 C1BEB8 0.55
-2.2 4.4 7.299999 9C9694 0.55
-2.2 4.4 7.85 D7D5D1 0.55
-2.2 3.85 0.1499996 D6D4D0 0.55
-2.2 3.85 7.299999 ACA7A5 0.55
-2.2 3.85 0.7000008 ABA6A4 0.55
-2.2 3.85 7.85 D3D0CE 0.55
-2.2 4.4 6.200001 85817E 0.55
-2.2 4.95 0.7000008 FFFFFF 0.55
-2.2 4.95 1.25 FFFFFF 0.55
6.05 4.95 1.799999 867892 0.55
6.05 4.95 6.200001 867993 0.55
-2.2 4.95 6.75 FFFFFF 0.55
-2.2 4.95 7.299999 FFFFFF 0.55
-2.2 5.5 1.799999 FFFFFF 0.55
-2.2 5.5 2.35 FFFFFF 0.55
-2.2 5.5 2.9 FFFFFF 0.55
-2.2 5.5 3.450001 FCFEF9 0.55
2.2 5.5 4 FFFFFF 0.55
-2.2 5.5 4.549999 FCFEFA 0.55
-2.2 5.5 5.1 FFFFFF 0.55
-2.2 5.5 5.65 FFFFFF 0.55
-2.2 5.5 6.200001 FFFFFF 0.55
-1.65 0 1.25 27192C 0.55
-1.65 0 1.799999 27192C 0.55
-1.65 0 2.35 27192C 0.55
-1.65 0 2.9 27192C 0.55
-1.65 0 3.450001 27192C 0.55
-1.65 0 4 27192C 0.55
-1.65 0 4.549999 27192C 0.55
-1.65 0 5.1 27192C 0.55
-1.65 0 5.65 27192C 0.55
-1.65 0 6.200001 27192C 0.55
-1.65 0 6.75 27192C 0.55
-1.65 0 -1.5 F6F6EE 0.55
-1.65 0 -0.9500008 EBEAE5 0.55
-1.65 0 -0.3999996 E2E0DB 0.55
-1.65 0 0.1499996 D6D4CF 0.55
1.65 0 0.1499996 859F6D 0.55
-1.65 0.55 0.7000008 685D67 0.55
0 0 0.7000008 A8A0A0 0.55
-1.65 4.4 1.25 96928E 0.55
-1.65 4.95 1.799999 86837F 0.55
-1.65 4.95 2.35 7B7874 0.55
-1.65 4.95 2.9 75726F 0.55
-1.65 4.95 5.1 74716E 0.55
-1.65 4.95 5.65 777471 0.55
-1.65 4.95 6.200001 84807C 0.55
-1.65 4.4 6.75 938F8A 0.55
0 0 7.299999 B5AFAE 0.55
-1.65 0 7.85 DAD8D3 0.55
-1.65 0 8.4 E0DEDA 0.55
-1.65 0 8.950001 EAE9E3 0.55
-1.65 0 9.5 F6F6EE 0.55
-1.65 1.1 0.7000008 9D9495 0.55
-1.65 0.55 6.200001 75736D 0.55
-1.65 0.55 1.799999 535C4B 0.55
-1.65 0.55 1.25 777570 0.55
-1.65 0.55 2.35 56604D 0.55
-1.65 0.55 2.9 596550 0.55
-1.65 0.55 3.450001 596650 0.55
-1.65 0.55 4 5B6751 0.55
-1.65 0.55 4.549999 5E6B53 0.55
-1.65 0.55 5.1 5A6650 0.55
-1.65 0.55 5.65 56604D 0.55
-1.65 0.55 7.299999 D6D3CF 0.55
-1.65 2.2 0.7000008 8F878B 0.55
-1.65 1.1 6.200001 7F7D76 0.55
-1.65 1.1 1.25 7D7B74 0.55
-1.65 1.1 7.299999 F8F8F0 0.55
-1.65 1.65 0.7000008 26233A 0.55
-1.65 1.65 6.200001 7F7C77 0.55
-1.65 1.65 1.25 8B8982 0.55
-1.65 1.65 7.299999 27243C 0.55
-1.65 2.75 0.7000008 8F878A 0.55
-1.65 2.2 6.200001 929089 0.55
-1.65 2.2 1.25 86837D 0.55
-1.65 2.2 7.299999 29263E 0.55
-1.65 3.3 0.7000008 8A8286 0.55
-1.65 2.75 6.200001 96948D 0.55
-1.65 2.75 1.25 97948E 0.55
-1.65 2.75 7.299999 28263E 0.55
-1.65 3.3 1.25 D7D7CF 0.55
-1.65 3.3 6.75 D9D7D1 0.55
-1.65 4.4 0.7000008 E3E1DA 0.55
-1.65 4.4 7.299999 E1DFDA 0.55
-1.65 4.95 1.25 FFFFFF 0.55
-1.65 4.95 6.75 FFFFFF 0.55
-1.65 5.5 1.799999 FFFFFF 0.55
-1.65 5.5 2.35 FFFFFF 0.55
-1.65 5.5 2.9 FFFFFF 0.55
-1.65 5.5 5.1 FFFFFF 0.55
-1.65 5.5 5.65 FFFFFF 0.55
-1.65 5.5 6.200001 FFFFFF 0.55
-1.1 0 0.7000008 342E3E 0.55
-1.1 0 1.25 27192C 0.55
-1.1 0 1.799999 27192C 0.55
-1.1 0 2.35 27192C 0.55
-1.1 0 2.9 27192C 0.55
-1.1 0 3.450001 27192C 0.55
-1.1 0 4 27192C 0.55
-1.1 0 4.549999 27192C 0.55
-1.1 0 5.1 27192C 0.55
-1.1 0 5.65 27192C 0.55
-1.1 0 6.200001 27192C 0.55
-1.1 0 6.75 27192C 0.55
-1.1 0 -1.5 F8F7EF 0.55
-1.1 0 0.1499996 2A2840 0.55
-1.1 0 -0.9500008 F0F0E8 0.55
-1.1 0 -0.3999996 E4E2DD 0.55
-1.1 0.55 0.7000008 695E69 0.55
-1.1 4.4 1.25 918D89 0.55
-1.1 4.95 1.799999 807D79 0.55
-1.1 4.95 2.35 7A7773 0.55
-1.1 4.95 2.9 75726F 0.55
-1.1 4.95 5.1 706D6B 0.55
-1.1 4.95 5.65 7C7975 0.55
-1.1 4.95 6.200001 817E7A 0.55
-1.1 4.4 6.75 94908D 0.55
-1.1 0 7.299999 605662 0.55
-1.1 0 7.85 E0DFDA 0.55
-1.1 0 8.4 E8E7E2 0.55
-1.1 0 8.950001 EDECE6 0.55
-1.1 0 9.5 F2F1EB 0.55
-1.1 0.55 6.200001 7B7873 0.55
-1.1 0.55 1.799999 535C4B 0.55
-1.1 0.55 1.25 7B7B72 0.55
-1.1 0.55 2.35 56604D 0.55
-1.1 0.55 2.9 5A6751 0.55
-1.1 0.55 3.450001 5B6751 0.55
-1.1 0.55 4 5E6B53 0.55
-1.1 0.55 4.549999 5F6D54 0.55
-1.1 0.55 5.1 5D6A52 0.55
-1.1 0.55 5.65 58644F 0.55
-1.1 0.55 7.299999 E6E5DF 0.55
4.4 1.1 0.7000008 837A80 0.55
-1.1 1.1 6.200001 87857E 0.55
-1.1 1.1 1.25 807E77 0.55
-1.1 1.1 7.299999 FEFEF5 0.55
2.2 1.65 0.7000008 272234 0.55
-1.1 1.65 6.200001 87857E 0.55
-1.1 1.65 1.25 88867F 0.55
-1.1 1.65 7.299999 27243C 0.55
-1.1 2.75 0.7000008 857C83 0.55
2.2 2.2 0.7000008 272339 0.55
-1.1 2.2 6.200001 918F88 0.55
-1.1 2.2 1.25 8C8A83 0.55
-1.1 2.2 7.299999 27253D 0.55
-1.1 3.3 0.7000008 7E747E 0.55
-1.1 2.75 6.200001 9A9791 0.55
-1.1 2.75 1.25 97948E 0.55
-1.1 2.75 7.299999 2A2840 0.55
-1.1 3.3 1.25 DDDBD5 0.55
-1.1 3.3 6.75 DDDBD5 0.55
-1.1 4.4 0.7000008 DDDBD6 0.55
-1.1 4.4 7.299999 E0DED9 0.55
-1.1 4.95 1.25 FFFFFF 0.55
-1.1 4.95 6.75 FFFFFF 0.55
-1.1 5.5 2.9 FFFFFF 0.55
-1.1 5.5 1.799999 FFFFFF 0.55
-1.1 5.5 2.35 FFFFFF 0.55
-1.1 5.5 4.549999 FFFFFF 0.55
-1.1 5.5 3.450001 FFFFFF 0.55
-1.1 5.5 5.1 FFFFFF 0.55
-1.1 5.5 5.65 FFFFFF 0.55
-1.1 5.5 6.200001 FFFFFF 0.55
-0.55 0 0.7000008 3C3444 0.55
-0.55 0 1.25 27192C 0.55
-0.55 0 1.799999 27192C 0.55
-0.55 0 2.35 27192C 0.55
-0.55 0 2.9 27192C 0.55
-0.55 0 3.450001 27192C 0.55
-0.55 0 4 27192C 0.55
-0.55 0 4.549999 27192C 0.55
-0.55 0 5.1 27192C 0.55
-0.55 0 5.65 27192C 0.55
-0.55 0 6.200001 27192C 0.55
-0.55 0 6.75 27192C 0.55
-0.55 0 -1.5 F6F6EE 0.55
-0.55 0 0.1499996 4D4655 0.55
-0.55 0 -0.9500008 EDEBE5 0.55
-0.55 0 -0.3999996 EAE8E2 0.55
-0.55 0.55 0.7000008 70666E 0.55
-0.55 4.4 1.25 94908B 0.55
-0.55 4.95 1.799999 85827D 0.55
-0.55 4.95 2.35 7D7975 0.55
-0.55 4.95 5.65 7D7974 0.55
-0.55 4.95 6.200001 8A8580 0.55
-0.55 4.4 6.75 9E9B95 0.55
-0.55 0 7.299999 5E5460 0.55
-0.55 0 7.85 DEDCD8 0.55
-0.55 0 8.4 E7E6E1 0.55
-0.55 0 8.950001 F0EFE9 0.55
-0.55 0 9.5 F3F3EB 0.55
-0.55 1.1 0.7000008 53485F 0.55
-0.55 0.55 6.200001 7A7772 0.55
-0.55 0.55 1.799999 555F4C 0.55
-0.55 0.55 1.25 807E77 0.55
-0.55 0.55 2.35 57634F 0.55
-0.55 0.55 2.9 5B6851 0.55
-0.55 0.55 3.450001 5F6E54 0.55
-0.55 0.55 4 606F55 0.55
-0.55 0.55 4.549999 5E6B53 0.55
-0.55 0.55 5.1 5B6751 0.55
-0.55 0.55 5.65 5A6751 0.55
-0.55 0.55 7.299999 E3E2DC 0.55
-0.55 2.2 0.7000008 968D8E 0.55
-0.55 1.1 6.200001 86847D 0.55
-0.55 1.1 1.25 84827B 0.55
-0.55 1.1 7.299999 FCFEFA 0.55
-0.55 1.65 0.7000008 ECEAE4 0.55
-0.55 1.65 6.200001 8C8A83 0.55
-0.55 1.65 1.25 898780 0.55
-0.55 1.65 7.299999 27253D 0.55
-0.55 2.75 0.7000008 9A9193 0.55
-0.55 2.2 6.200001 94928B 0.55
-0.55 2.2 1.25 96948D 0.55
-0.55 2.2 7.299999 292740 0.55
-0.55 3.3 0.7000008 7C717C 0.55
-0.55 2.75 6.200001 98958F 0.55
-0.55 2.75 1.25 9D9B94 0.55
-0.55 2.75 7.299999 292740 0.55
-0.55 3.3 1.25 E8E8E0 0.55
-0.55 3.3 6.75 E4E4DC 0.55
-0.55 4.4 0.7000008 E4E2DC 0.55
-0.55 4.4 7.299999 DCDAD6 0.55
4.4 4.95 1.25 AA9FB2 0.55
4.4 4.95 6.75 887B95 0.55
-0.55 5.5 1.799999 FFFFFF 0.55
-0.55 5.5 2.35 FFFFFF 0.55
-0.55 5.5 4.549999 FFFFFF 0.55
-0.55 5.5 3.450001 FFFFFF 0.55
-0.55 5.5 5.65 FFFFFF 0.55
-0.55 5.5 6.200001 FFFFFF 0.55
0 0 1.25 27192C 0.55
0 0 1.799999 27192C 0.55
0 0 2.35 27192C 0.55
0 0 2.9 27192C 0.55
0 0 3.450001 27192C 0.55
0 0 4 27192C 0.55
0 0 4.549999 27192C 0.55
0 0 5.1 27192C 0.55
0 0 5.65 27192C 0.55
0 0 6.200001 27192C 0.55
0 0 6.75 27192C 0.55
0 0 -1.5 F3F2EC 0.55
0 0 -0.9500008 EEEDE7 0.55
0 0 -0.3999996 E6E5DF 0.55
0 0 0.1499996 DDDBD7 0.55
0 0.55 0.7000008 91888B 0.55
0 4.95 1.25 928E8A 0.55
0 4.95 1.799999 827E7A 0.55
0 4.95 2.35 7A7771 0.55
0 5.5 2.9 7D7A76 0.55
0 5.5 5.1 777471 0.55
0 4.95 5.65 797673 0.55
0 4.95 6.200001 817D79 0.55
0 4.95 6.75 97938E 0.55
0 0 7.85 E0DFDA 0.55
0 0 8.4 E7E6E1 0.55
0 0 8.950001 EFEFE7 0.55
0 0 9.5 F8F7F1 0.55
0 1.1 0.7000008 52475E 0.55
0 0.55 6.200001 787670 0.55
0 0.55 1.799999 545F4C 0.55
0 0.55 1.25 7B7B72 0.55
0 0.55 2.35 58644F 0.55
0 0.55 2.9 58634F 0.55
0 0.55 3.450001 5E6D53 0.55
0 0.55 4 607055 0.55
0 0.55 4.549999 5C6A52 0.55
0 0.55 5.1 5C6952 0.55
0 0.55 5.65 57614E 0.55
0 0.55 7.299999 FEFEF7 0.55
0 2.2 0.7000008 9D9495 0.55
0 1.1 6.200001 84827B 0.55
0 1.1 1.25 7C7A74 0.55
0 1.1 7.299999 FBFEF9 0.55
0 1.65 0.7000008 EFEEE8 0.55
0 1.65 6.200001 898780 0.55
0 1.65 1.25 929088 0.55
0 1.65 7.299999 27243B 0.55
0 2.75 0.7000008 9F9697 0.55
0 2.2 6.200001 928F89 0.55
0 2.2 1.25 96938D 0.55
0 2.2 7.299999 292740 0.55
0 3.3 0.7000008 786E78 0.55
0 2.75 6.200001 9C9993 0.55
0 2.75 1.25 A3A199 0.55
0 2.75 7.299999 29273F 0.55
0 3.3 1.25 E8E8E0 0.55
0 3.3 6.75 E6E6DE 0.55
0 4.4 0.7000008 E0DDD9 0.55
0 4.4 6.75 9B9793 0.55
0 4.4 1.25 9C9893 0.55
0 4.4 7.299999 DCDAD5 0.55
0 5.5 2.35 FFFFFF 0.55
0 5.5 1.25 FFFFFF 0.55
0 5.5 1.799999 FFFFFF 0.55
0 5.5 4.549999 FFFFFF 0.55
0 5.5 3.450001 FFFFFF 0.55
0 5.5 5.65 FFFFFF 0.55
0 5.5 6.200001 FFFFFF 0.55
0 5.5 6.75 FFFFFF 0.55
0 6.05 2.9 FFFFFF 0.55
0 6.05 5.1 FFFFFF 0.55
0.55 0 0.7000008 393241 0.55
0.55 0 1.25 27192C 0.55
0.55 0 1.799999 27192C 0.55
0.55 0 2.35 27192C 0.55
0.55 0 2.9 27192C 0.55
0.55 0 3.450001 27192C 0.55
0.55 0 4 27192C 0.55
0.55 0 4.549999 27192C 0.55
0.55 0 5.1 27192C 0.55
0.55 0 5.65 27192C 0.55
0.55 0 6.200001 27192C 0.55
0.55 0 6.75 27192C 0.55
0.55 0 -1.5 F2F2EA 0.55
0.55 0 0.1499996 312E44 0.55
0.55 0 -0.9500008 EAE8E3 0.55
0.55 0 -0.3999996 E6E5E0 0.55
0.55 0.55 0.7000008 6E646E 0.55
2.2 0 0.7000008 282337 0.55
0.55 4.4 1.25 928E8A 0.55
0.55 4.95 1.799999 817D79 0.55
0.55 4.95 2.35 777470 0.55
0.55 5.5 2.9 777471 0.55
0.55 5.5 5.1 7C7975 0.55
0.55 4.95 5.65 7D7A76 0.55
0.55 4.95 6.200001 7D7A76 0.55
0.55 4.4 6.75 999590 0.55
0.55 0 7.299999 5D535F 0.55
2.2 0 7.299999 5E5561 0.55
0.55 0 7.85 DAD9D4 0.55
0.55 0 8.4 E6E5DF 0.55
0.55 0 8.950001 ECEBE5 0.55
0.55 0 9.5 F7F6F0 0.55
0.55 1.1 0.7000008 52475E 0.55
0.55 0.55 6.200001 7C7A74 0.55
0.55 0.55 1.799999 55604D 0.55
0.55 0.55 1.25 797770 0.55
0.55 0.55 2.35 58644F 0.55
0.55 0.55 2.9 596550 0.55
0.55 0.55 3.450001 606F55 0.55
0.55 0.55 4 606F55 0.55
0.55 0.55 4.549999 617056 0.55
0.55 0.55 5.1 5C6A52 0.55
0.55 0.55 5.65 57614E 0.55
0.55 0.55 7.299999 EDECE6 0.55
0.55 2.2 0.7000008 9C9394 0.55
0.55 1.1 6.200001 84847B 0.55
0.55 1.1 1.25 817F78 0.55
0.55 1.1 7.299999 FCFEFA 0.55
0.55 1.65 0.7000008 EDEBE6 0.55
0.55 1.65 6.200001 898680 0.55
0.55 1.65 1.25 8E8C85 0.55
0.55 1.65 7.299999 25233B 0.55
0.55 2.75 0.7000008 A19999 0.55
0.55 2.2 6.200001 999690 0.55
0.55 2.2 1.25 8E8B85 0.55
0.55 2.2 7.299999 292740 0.55
0.55 3.3 0.7000008 7A6F7B 0.55
0.55 2.75 6.200001 9F9D96 0.55
0.55 2.75 1.25 9B9892 0.55
0.55 2.75 7.299999 2A2840 0.55
0.55 3.3 1.25 E7E7DF 0.55
0.55 3.3 6.75 E6E4DE 0.55
0.55 4.4 0.7000008 E5E4DE 0.55
0.55 4.4 7.299999 E0DFDA 0.55
0.55 4.95 1.25 FFFFFF 0.55
0.55 4.95 6.75 FFFFFF 0.55
0.55 5.5 1.799999 FFFFFF 0.55
0.55 5.5 2.35 FFFFFF 0.55
0.55 5.5 4.549999 FEFFFD 0.55
0.55 5.5 3.450001 FFFFFF 0.55
0.55 5.5 5.65 FFFFFF 0.55
0.55 5.5 6.200001 FFFFFF 0.55
1.1 0 0.7000008 332D3D 0.55
1.1 0 1.25 27192C 0.55
1.1 0 1.799999 27192C 0.55
1.1 0 2.35 27192C 0.55
1.1 0 2.9 27192C 0.55
1.1 0 3.450001 27192C 0.55
1.1 0 4 27192C 0.55
1.1 0 4.549999 27192C 0.55
1.1 0 5.1 27192C 0.55
1.1 0 5.65 27192C 0.55
1.1 0 6.200001 27192C 0.55
1.1 0 6.75 27192C 0.55
1.1 0 -1.5 F6F6EF 0.55
1.1 0 0.1499996 2A2840 0.55
1.1 0 -0.9500008 F0EFE9 0.55
1.1 0 -0.3999996 E7E6E1 0.55
1.1 0.55 0.7000008 655A66 0.55
1.1 4.95 1.799999 88857F 0.55
1.1 4.95 2.35 787572 0.55
1.1 4.95 2.9 74726E 0.55
1.1 4.95 5.1 7C7974 0.55
1.1 4.95 5.65 7F7C78 0.55
1.1 4.95 6.200001 817E7A 0.55
1.1 0 7.299999 5F5561 0.55
1.1 0 7.85 DDDBD7 0.55
1.1 0 8.4 E8E6E1 0.55
1.1 0 8.950001 EEEDE7 0.55
1.1 0 9.5 F5F4EE 0.55
1.1 1.1 0.7000008 4E445A 0.55
1.1 0.55 6.200001 7E7C75 0.55
1.1 0.55 1.799999 545E4C 0.55
1.1 0.55 1.25 828178 0.55
1.1 0.55 2.35 57614E 0.55
1.1 0.55 2.9 596650 0.55
1.1 0.55 3.450001 5E6D53 0.55
1.1 0.55 4 5D6B53 0.55
1.1 0.55 4.549999 5F6E54 0.55
1.1 0.55 5.1 5C6952 0.55
1.1 0.55 5.65 5B6851 0.55
1.1 0.55 7.299999 E4E2DD 0.55
1.1 2.2 0.7000008 978F91 0.55
1.1 1.1 6.200001 84827B 0.55
1.1 1.1 1.25 7F7D76 0.55
1.1 1.1 7.299999 FDFEF8 0.55
1.1 1.65 0.7000008 ECEAE4 0.55
1.1 1.65 6.200001 8D8B84 0.55
1.1 1.65 1.25 8C8A83 0.55
1.1 1.65 7.299999 27243C 0.55
1.1 2.75 0.7000008 938A8D 0.55
1.1 2.2 6.200001 8F8D86 0.55
1.1 2.2 1.25 918E88 0.55
1.1 2.2 7.299999 28263E 0.55
1.1 3.3 0.7000008 7F757F 0.55
1.1 2.75 6.200001 97948E 0.55
1.1 2.75 1.25 9B9892 0.55
1.1 2.75 7.299999 292740 0.55
1.1 3.3 1.25 DFDDD7 0.55
1.1 3.3 6.75 E6E6DE 0.55
1.1 4.4 0.7000008 E0DDD9 0.55
4.95 4.4 1.25 80738D 0.55
4.95 4.4 6.75 80738D 0.55
1.1 4.4 7.299999 E0DFDA 0.55
1.1 4.95 1.25 FFFFFF 0.55
1.1 4.95 6.75 FFFFFF 0.55
1.1 5.5 2.9 FFFFFF 0.55
1.1 5.5 1.799999 FFFFFF 0.55
1.1 5.5 2.35 FFFFFF 0.55
1.1 5.5 4.549999 FFFFFF 0.55
1.1 5.5 3.450001 FFFFFF 0.55
1.1 5.5 5.1 FFFFFF 0.55
1.1 5.5 5.65 FFFFFF 0.55
1.1 5.5 6.200001 FFFFFF 0.55
1.65 0 0.7000008 3C3444 0.55
1.65 0 1.25 27192C 0.55
1.65 0 1.799999 27192C 0.55
1.65 0 2.35 27192C 0.55
1.65 0 2.9 27192C 0.55
1.65 0 3.450001 27192C 0.55
1.65 0 4 27192C 0.55
1.65 0 4.549999 27192C 0.55
1.65 0 5.1 27192C 0.55
1.65 0 5.65 27192C 0.55
1.65 0 6.200001 27192C 0.55
1.65 0 6.75 27192C 0.55
1.65 0 -1.5 F4F3ED 0.55
1.65 0 -0.9500008 ECEAE5 0.55
1.65 0 -0.3999996 E0DDD8 0.55
1.65 0.55 0.7000008 665A66 0.55
1.65 4.4 1.25 928E8A 0.55
1.65 4.95 1.799999 797573 0.55
1.65 4.95 2.35 787672 0.55
1.65 4.95 5.65 7A7773 0.55
1.65 4.95 6.200001 888480 0.55
1.65 4.4 6.75 999591 0.55
1.65 0 7.299999 655A65 0.55
1.65 0 7.85 D8D5D0 0.55
1.65 0 8.4 E5E3DE 0.55
1.65 0 8.950001 E7E5E0 0.55
1.65 0 9.5 F8F8F0 0.55
1.65 1.1 0.7000008 958C8F 0.55
1.65 0.55 6.200001 75736E 0.55
1.65 0.55 1.799999 545E4C 0.55
1.65 0.55 1.25 7A7B71 0.55
1.65 0.55 2.35 535D4B 0.55
1.65 0.55 2.9 596650 0.55
1.65 0.55 3.450001 5A6650 0.55
1.65 0.55 4 5C6952 0.55
1.65 0.55 4.549999 5C6952 0.55
1.65 0.55 5.1 596550 0.55
1.65 0.55 5.65 56604D 0.55
1.65 0.55 7.299999 E1E0DB 0.55
1.65 2.2 0.7000008 958E90 0.55
1.65 1.1 6.200001 83837A 0.55
1.65 1.1 1.25 7D7B74 0.55
1.65 1.1 7.299999 FAFAF2 0.55
1.65 1.65 0.7000008 262339 0.55
1.65 1.65 6.200001 828079 0.55
1.65 1.65 1.25 84817C 0.55
1.65 1.65 7.299999 26233A 0.55
1.65 2.75 0.7000008 847C80 0.55
1.65 2.2 6.200001 8E8C85 0.55
1.65 2.2 1.25 918E88 0.55
1.65 2.2 7.299999 28253C 0.55
1.65 3.3 0.7000008 8D8488 0.55
1.65 2.75 6.200001 908D88 0.55
1.65 2.75 1.25 94918B 0.55
1.65 2.75 7.299999 29263E 0.55
1.65 3.3 1.25 DADAD2 0.55
1.65 3.3 6.75 DBD9D3 0.55
1.65 4.4 0.7000008 E4E1DC 0.55
1.65 4.4 7.299999 E2E0DB 0.55
1.65 4.95 1.25 FFFFFF 0.55
1.65 4.95 6.75 FFFFFF 0.55
1.65 5.5 1.799999 FFFFFF 0.55
1.65 5.5 2.35 FFFFFF 0.55
1.65 5.5 2.9 FFFFFF 0.55
1.65 5.5 5.1 FFFFFF 0.55
1.65 5.5 5.65 FFFFFF 0.55
1.65 5.5 6.200001 FFFFFF 0.55
2.2 0 0.1499996 534856 0.55
2.2 0 1.25 27192C 0.55
2.2 0 1.799999 27192C 0.55
2.2 0 2.35 27192C 0.55
2.2 0 2.9 27192C 0.55
2.2 0 3.450001 27192C 0.55
2.2 0 4 27192C 0.55
2.2 0 4.549999 27192C 0.55
2.2 0 5.1 27192C 0.55
2.2 0 5.65 27192C 0.55
2.2 0 6.200001 27192C 0.55
2.2 0 6.75 27192C 0.55
2.2 0 -1.5 F3F2EC 0.55
2.2 0 -0.9500008 E6E4DF 0.55
2.2 0 -0.3999996 DCDAD6 0.55
2.2 0.55 0.7000008 71686F 0.55
2.2 4.4 1.25 86817F 0.55
2.2 4.95 1.799999 7A7774 0.55
2.2 4.95 2.35 7B7875 0.55
2.2 4.95 2.9 767370 0.55
2.2 4.95 5.1 787672 0.55
2.2 4.95 5.65 73706E 0.55
2.2 4.95 6.200001 7A7774 0.55
2.2 4.4 6.75 847F7D 0.55
2.2 0 8.4 D8D5D3 0.55
2.2 0 8.950001 E9E8E3 0.55
2.2 0 9.5 F5F4EE 0.55
2.2 1.1 0.7000008 786F76 0.55
2.2 0.55 6.200001 75736D 0.55
2.2 0.55 1.799999 535C4B 0.55
2.2 0.55 1.25 74716D 0.55
2.2 0.55 2.35 545E4C 0.55
2.2 0.55 2.9 545D4C 0.55
2.2 0.55 3.450001 5B6751 0.55
2.2 0.55 4 5D6B53 0.55
2.2 0.55 4.549999 57634F 0.55
2.2 0.55 5.1 58634F 0.55
2.2 0.55 5.65 58634F 0.55
5.5 0.55 7.85 756881 0.55
2.2 1.1 -0.3999996 F0EEE9 0.55
5.5 1.1 0.1499996 756982 0.55
2.2 1.1 6.200001 7B7973 0.55
2.2 1.1 1.25 807E77 0.55
4.4 1.1 7.299999 81787F 0.55
5.5 1.1 7.85 756882 0.55
2.2 1.1 8.4 F5F4EF 0.55
2.2 1.65 6.200001 7F7C77 0.55
2.2 1.65 1.25 8A8781 0.55
2.2 2.2 6.200001 8D8A84 0.55
2.2 2.2 1.25 8A8682 0.55
2.2 3.3 0.1499996 9E9697 0.55
2.2 3.3 0.7000008 797077 0.55
2.2 2.75 6.200001 8E8A86 0.55
2.2 2.75 1.25 8F8C86 0.55
2.2 3.3 7.299999 80797D 0.55
2.2 3.3 7.85 9E9697 0.55
2.2 4.4 0.1499996 D3D0CD 0.55
2.2 3.3 1.25 C3C0BB 0.55
2.2 3.3 6.75 C3C0BA 0.55
2.2 4.4 7.85 D6D4D0 0.55
2.2 3.85 0.1499996 D4D1CD 0.55
2.2 3.85 7.299999 A9A5A3 0.55
2.2 3.85 0.7000008 A9A5A3 0.55
2.2 3.85 7.85 DAD8D4 0.55
2.75 4.4 0.7000008 857892 0.55
2.2 4.4 6.200001 807C7A 0.55
2.75 4.4 7.299999 71647D 0.55
2.2 4.95 0.7000008 FFFFFF 0.55
2.2 4.95 1.25 FFFFFF 0.55
2.2 4.95 6.75 FFFFFF 0.55
2.2 4.95 7.299999 FFFFFF 0.55
2.2 5.5 1.799999 FFFFFF 0.55
2.2 5.5 2.35 FFFFFF 0.55
2.2 5.5 2.9 FFFFFF 0.55
2.2 5.5 3.450001 FDFEFC 0.55
2.2 5.5 4.549999 FDFEFC 0.55
2.2 5.5 5.1 FFFFFF 0.55
2.2 5.5 5.65 FFFFFF 0.55
2.2 5.5 6.200001 FFFFFF 0.55
2.75 0 0.1499996 271E2E 0.55
2.75 0 0.7000008 27192C 0.55
2.75 0 1.25 27192C 0.55
2.75 0 1.799999 27192C 0.55
2.75 0 2.35 27192C 0.55
2.75 0 2.9 27192C 0.55
2.75 0 3.450001 27192C 0.55
2.75 0 4 27192C 0.55
2.75 0 4.549999 27192C 0.55
2.75 0 5.1 27192C 0.55
2.75 0 5.65 27192C 0.55
2.75 0 6.200001 27192C 0.55
2.75 0 6.75 27192C 0.55
2.75 0 7.299999 27192C 0.55
2.75 0 7.85 271E2E 0.55
2.75 0 -1.5 F2F1EB 0.55
2.75 0.55 0.1499996 7E757C 0.55
5.5 0 0.1499996 766882 0.55
2.75 4.4 1.25 837E7D 0.55
2.75 4.95 2.35 6E6B69 0.55
2.75 4.95 2.9 706D6A 0.55
2.75 4.95 3.450001 777471 0.55
2.75 4.95 4.549999 73706D 0.55
2.75 4.95 5.1 726F6D 0.55
2.75 4.95 5.65 73706E 0.55
2.75 4.4 6.75 847F7D 0.55
2.75 0.55 7.85 847D82 0.55
5.5 0 7.85 72657F 0.55
2.75 0 9.5 F5F4EE 0.55
2.75 1.1 0.1499996 594E5D 0.55
5.5 0.55 0.1499996 72657E 0.55
2.75 0.55 6.200001 76736E 0.55
2.75 0.55 1.799999 4E5648 0.55
2.75 0.55 1.25 787570 0.55
2.75 0.55 2.35 535D4B 0.55
2.75 0.55 2.9 535C4B 0.55
2.75 0.55 3.450001 57614E 0.55
2.75 0.55 4 57624F 0.55
2.75 0.55 4.549999 535E4C 0.55
2.75 0.55 5.1 535D4B 0.55
2.75 0.55 5.65 535D4B 0.55
2.75 1.1 7.85 7D747C 0.55
2.75 1.1 6.200001 787671 0.55
2.75 1.1 1.25 7A7773 0.55
2.75 2.2 7.85 282336 0.55
2.75 1.65 0.1499996 282337 0.55
5.5 1.65 0.1499996 7A6D87 0.55
2.75 1.65 6.200001 807D78 0.55
4.95 1.65 0.7000008 362F44 0.55
2.75 1.65 1.25 84817C 0.55
4.95 1.65 7.299999 383146 0.55
2.75 1.65 7.85 BDB8B7 0.55
5.5 1.65 7.85 746780 0.55
2.75 2.2 0.1499996 262339 0.55
2.75 2.2 6.200001 807C79 0.55
4.95 2.2 0.7000008 5D5169 0.55
2.75 2.2 1.25 87847F 0.55
4.95 2.2 7.299999 594E66 0.55
2.75 2.75 0.1499996 27243C 0.55
2.75 2.75 6.200001 8A8682 0.55
4.95 2.75 0.7000008 574C63 0.55
2.75 2.75 1.25 8A8683 0.55
4.95 2.75 7.299999 5B4F67 0.55
2.75 2.75 7.85 3D354A 0.55
2.75 3.3 0.7000008 B9B5B2 0.55
2.75 3.3 1.25 A7A39F 0.55
2.75 3.3 6.75 9C9896 0.55
2.75 3.3 7.299999 B8B4B1 0.55
4.95 3.85 7.299999 6A5D76 0.55
6.05 4.4 1.799999 847792 0.55
6.05 4.4 6.200001 80738D 0.55
2.75 4.95 1.799999 FFFFFF 0.55
2.75 4.95 1.25 FFFFFF 0.55
6.6 4.95 3.450001 90849E 0.55
6.6 4.95 4.549999 90839D 0.55
2.75 4.95 6.200001 FFFFFF 0.55
2.75 4.95 6.75 FFFFFF 0.55
2.75 5.5 2.35 FFFFFF 0.55
2.75 5.5 2.9 FFFFFF 0.55
2.75 5.5 3.450001 FFFFFF 0.55
2.75 5.5 4 FFFFFF 0.55
2.75 5.5 4.549999 FFFFFF 0.55
2.75 5.5 5.1 FFFFFF 0.55
2.75 5.5 5.65 FFFFFF 0.55
3.3 0 -0.9500008 27192C 0.55
3.3 0 -0.3999996 27192C 0.55
3.3 1.1 0.1499996 827980 0.55
3.3 0 0.7000008 27192C 0.55
3.3 0 1.25 27192C 0.55
3.3 0 1.799999 27192C 0.55
3.3 0 2.35 27192C 0.55
3.3 0 2.9 27192C 0.55
3.3 0 3.450001 27192C 0.55
3.3 0 4 27192C 0.55
3.3 0 4.549999 27192C 0.55
3.3 0 5.1 27192C 0.55
3.3 0 5.65 27192C 0.55
3.3 0 6.200001 27192C 0.55
3.3 0 6.75 27192C 0.55
3.3 0 7.299999 27192C 0.55
3.3 1.1 7.85 7E757C 0.55
3.3 0 8.4 27192C 0.55
3.3 0 8.950001 27192C 0.55
3.3 0 -1.5 F6F5EF 0.55
3.3 0 0.1499996 AFA9A8 0.55
3.3 3.85 0.7000008 8B8485 0.55
3.3 4.4 1.25 837E7D 0.55
3.3 4.4 1.799999 706C6B 0.55
3.3 4.95 2.35 716E6C 0.55
3.3 4.95 2.9 706D6B 0.55
3.3 4.95 3.450001 6F6C6A 0.55
3.3 4.95 4 716E6C 0.55
3.3 4.95 4.549999 74716E 0.55
3.3 4.95 5.1 716E6C 0.55
3.3 4.95 5.65 726F6D 0.55
3.3 4.4 6.200001 74706F 0.55
3.3 4.4 6.75 807B7A 0.55
3.3 3.85 7.299999 888182 0.55
3.3 0 7.85 BFBBB9 0.55
3.3 0 9.5 F1F0EA 0.55
3.3 0.55 -0.9500008 8C7E96 0.55
3.3 0.55 0.1499996 C4BFBE 0.55
3.3 0.55 -0.3999996 463D53 0.55
3.3 0.55 6.200001 6A6864 0.55
3.3 0.55 1.799999 4B5246 0.55
3.3 0.55 1.25 6E6C67 0.55
3.3 0.55 2.35 4A5145 0.55
3.3 0.55 2.9 545D4C 0.55
3.3 0.55 3.450001 545E4C 0.55
3.3 0.55 4 51594A 0.55
3.3 0.55 4.549999 545E4C 0.55
3.3 0.55 5.1 535C4B 0.55
3.3 0.55 5.65 505849 0.55
3.3 0.55 8.4 453C52 0.55
3.3 0.55 7.85 B9B4B2 0.55
3.3 0.55 8.950001 8F839C 0.55
3.3 1.1 -0.9500008 8E819B 0.55
3.3 2.2 0.1499996 605462 0.55
3.3 1.1 6.200001 7A7773 0.55
3.3 1.1 1.25 74716E 0.55
3.3 2.2 7.85 605563 0.55
3.3 1.1 8.950001 91859E 0.55
3.3 1.65 -0.9500008 9486A0 0.55
3.3 1.65 0.1499996 272234 0.55
3.3 1.65 6.200001 7C7875 0.55
3.3 1.65 1.25 7C7975 0.55
3.3 1.65 7.85 2E283D 0.55
3.3 1.65 8.950001 92869F 0.55
3.3 2.2 -0.3999996 90829C 0.55
3.3 2.75 0.1499996 3E364B 0.55
5.5 2.2 0.1499996 776A83 0.55
3.3 2.2 6.200001 837F7C 0.55
3.3 2.2 1.25 817E7B 0.55
3.3 2.75 7.85 483E54 0.55
5.5 2.2 7.85 786B84 0.55
3.3 2.2 8.4 92869F 0.55
3.3 2.75 -0.3999996 91849E 0.55
3.3 3.3 0.1499996 282338 0.55
5.5 2.75 0.1499996 7A6B85 0.55
3.3 2.75 6.200001 827E7B 0.55
3.3 2.75 1.25 878380 0.55
3.3 3.3 7.85 4A4157 0.55
5.5 2.75 7.85 796C85 0.55
3.3 2.75 8.4 9386A0 0.55
3.3 3.3 -0.3999996 9387A0 0.55
3.3 3.3 7.299999 463D52 0.55
3.3 4.4 0.1499996 6B5E77 0.55
3.3 3.3 0.7000008 A19C9A 0.55
3.3 3.3 1.25 8F8988 0.55
3.3 3.3 6.75 8C8585 0.55
3.3 4.4 7.85 6D6079 0.55
3.3 3.3 8.4 9387A0 0.55
3.3 3.85 -0.3999996 93869F 0.55
3.3 3.85 0.1499996 6B5E77 0.55
3.3 4.4 0.7000008 60536C 0.55
4.95 3.85 0.7000008 6A5D77 0.55
3.3 4.4 7.299999 594E65 0.55
3.3 3.85 7.85 71647D 0.55
3.3 3.85 8.4 91859F 0.55
3.3 4.4 -0.3999996 9487A1 0.55
4.95 4.4 0.7000008 867992 0.55
3.3 4.4 5.65 706D6B 0.55
3.3 4.4 2.35 75726F 0.55
4.95 4.4 7.299999 81748E 0.55
3.3 4.4 8.4 9386A0 0.55
3.3 4.95 0.1499996 93869F 0.55
4.95 4.95 0.7000008 887A94 0.55
3.3 4.95 1.25 FFFFFF 0.55
3.3 4.95 0.7000008 9386A0 0.55
3.3 4.95 1.799999 FFFFFF 0.55
3.3 4.95 7.299999 91849E 0.55
3.3 4.95 6.200001 FFFFFF 0.55
3.3 4.95 6.75 FFFFFF 0.55
4.95 4.95 7.299999 897C96 0.55
3.3 4.95 7.85 9387A0 0.55
3.3 5.5 0.1499996 92859F 0.55
3.3 5.5 7.299999 988CA6 0.55
4.95 5.5 0.7000008 8B7E98 0.55
3.3 5.5 0.7000008 988CA6 0.55
3.3 5.5 2.35 FFFFFF 0.55
3.3 5.5 2.9 FFFFFF 0.55
3.3 5.5 3.450001 FFFFFF 0.55
3.3 5.5 4 FFFFFF 0.55
3.3 5.5 4.549999 FFFFFF 0.55
3.3 5.5 5.1 FFFFFF 0.55
3.3 5.5 5.65 FFFFFF 0.55
4.95 5.5 7.299999 8D819A 0.55
3.3 5.5 7.85 9689A2 0.55
3.3 6.05 0.1499996 B0A5BE 0.55
3.3 6.05 0.7000008 B2A8C0 0.55
3.3 6.05 7.299999 B0A5BE 0.55
3.3 6.05 7.85 ACA1BA 0.55
3.85 2.2 0.1499996 E6E5E0 0.55
3.85 0 0.7000008 27192C 0.55
3.85 0 1.25 27192C 0.55
3.85 0 1.799999 27192C 0.55
3.85 0 2.35 27192C 0.55
3.85 0 2.9 27192C 0.55
3.85 0 3.450001 27192C 0.55
3.85 0 4 27192C 0.55
3.85 0 4.549999 27192C 0.55
3.85 0 5.1 27192C 0.55
3.85 0 5.65 27192C 0.55
3.85 0 6.200001 27192C 0.55
3.85 0 6.75 27192C 0.55
3.85 0 7.299999 271A2C 0.55
3.85 2.75 7.85 9D9699 0.55
3.85 0 -1.5 F6F6F0 0.55
3.85 0 -0.9500008 E1DFDC 0.55
3.85 0 -0.3999996 D0CDCB 0.55
3.85 0 0.1499996 C1BCBB 0.55
3.85 3.85 0.7000008 8A8384 0.55
3.85 4.4 1.25 817A7A 0.55
3.85 4.4 1.799999 74716F 0.55
3.85 4.95 2.9 6C6967 0.55
3.85 4.95 3.450001 6B6766 0.55
3.85 4.95 4 6E6A69 0.55
3.85 4.95 4.549999 6D6A68 0.55
3.85 4.95 5.1 6A6665 0.55
3.85 4.4 6.200001 767170 0.55
3.85 4.4 6.75 797372 0.55
3.85 3.85 7.299999 938C8D 0.55
3.85 0 7.85 BDB8B7 0.55
3.85 0 8.4 CFCCCA 0.55
3.85 0 8.950001 E4E2DF 0.55
3.85 0 9.5 F6F5EF 0.55
3.85 0.55 0.1499996 E8E6E1 0.55
3.85 0.55 6.200001 706E6A 0.55
3.85 0.55 1.799999 484E44 0.55
3.85 0.55 1.25 696664 0.55
3.85 0.55 2.35 4E5548 0.55
3.85 0.55 2.9 505849 0.55
3.85 0.55 3.450001 4E5648 0.55
3.85 0.55 4 545F4C 0.55
3.85 0.55 4.549999 515A4A 0.55
3.85 0.55 5.1 505849 0.55
3.85 0.55 5.65 4B5246 0.55
3.85 0.55 7.85 EDEBE5 0.55
3.85 1.1 0.1499996 E4E1DD 0.55
3.3 1.1 -0.3999996 71647D 0.55
3.85 1.1 6.200001 6C6867 0.55
3.85 1.1 1.25 706D6A 0.55
3.85 1.1 7.85 8F888C 0.55
3.3 1.1 8.4 746780 0.55
3.85 1.65 0.1499996 272338 0.55
3.3 1.65 -0.3999996 73667F 0.55
3.85 1.65 6.200001 767370 0.55
3.85 1.65 1.25 6E6A69 0.55
3.85 1.65 7.85 262339 0.55
3.3 1.65 8.4 776A83 0.55
3.85 2.75 0.1499996 877E85 0.55
3.85 2.2 6.200001 7B7876 0.55
3.85 2.2 1.25 7B7876 0.55
3.85 2.2 7.85 252339 0.55
3.85 3.3 0.1499996 7F767E 0.55
3.85 2.75 6.200001 7D7977 0.55
3.85 2.75 1.25 7D7A78 0.55
3.85 3.3 7.85 827980 0.55
3.85 3.3 0.7000008 B8B4B2 0.55
3.85 3.3 1.25 898181 0.55
3.85 3.3 6.75 898282 0.55
3.85 3.3 7.299999 B9B4B3 0.55
3.85 3.85 0.1499996 FFFFFF 0.55
3.85 3.85 6.75 7B7475 0.55
3.85 3.85 1.25 736D6F 0.55
3.85 3.85 7.85 FFFFFF 0.55
3.85 4.4 0.7000008 FFFFFF 0.55
6.05 4.4 2.35 7E718B 0.55
6.05 4.4 5.65 7E718B 0.55
3.85 4.4 7.299999 FFFFFF 0.55
3.85 4.95 2.35 FFFFFF 0.55
3.85 4.95 1.25 FFFFFF 0.55
3.85 4.95 1.799999 FFFFFF 0.55
3.85 4.95 5.65 FFFFFF 0.55
3.85 4.95 6.200001 FFFFFF 0.55
3.85 4.95 6.75 FFFFFF 0.55
3.85 5.5 2.9 FFFFFF 0.55
3.85 5.5 3.450001 FFFFFF 0.55
3.85 5.5 4 FFFFFF 0.55
3.85 5.5 4.549999 FFFFFF 0.55
3.85 5.5 5.1 FFFFFF 0.55
4.4 3.3 0.1499996 8A8288 0.55
4.4 0.55 0.7000008 8A8387 0.55
4.4 0 1.25 27192C 0.55
4.4 0 1.799999 27192C 0.55
4.4 0 2.35 27192C 0.55
4.4 0 2.9 27192C 0.55
4.4 0 3.450001 27192C 0.55
4.4 0 4 27192C 0.55
4.4 0 4.549999 27192C 0.55
4.4 0 5.1 27192C 0.55
4.4 0 5.65 27192C 0.55
4.4 0 6.200001 27192C 0.55
4.4 0 6.75 27192C 0.55
4.4 0.55 7.299999 958D90 0.55
4.4 3.3 7.85 989093 0.55
4.4 0 -1.5 F8F7F1 0.55
4.4 0 0.7000008 B8B2B1 0.55
4.4 0 -0.9500008 ECEBE6 0.55
4.4 0 -0.3999996 DFDED9 0.55
4.4 0 0.1499996 C8C5C3 0.55
4.4 4.4 1.799999 6B6666 0.55
4.4 4.4 2.35 746F6F 0.55
4.4 4.95 3.450001 6D6968 0.55
4.4 4.95 4 6B6766 0.55
4.4 4.95 4.549999 726D6C 0.55
4.4 4.4 5.65 6D6968 0.55
4.4 4.4 6.200001 736E6D 0.55
4.4 0 7.299999 C0BBBA 0.55
4.4 0 7.85 C5C2C0 0.55
4.4 0 8.4 DEDCD9 0.55
4.4 0 8.950001 EEEEE8 0.55
4.4 0 9.5 F8F6F0 0.55
4.4 0.55 6.200001 676362 0.55
4.4 0.55 1.799999 474C43 0.55
4.4 0.55 1.25 615E5D 0.55
4.4 0.55 2.35 4D5448 0.55
4.4 0.55 2.9 4E5548 0.55
4.4 0.55 3.450001 4C5347 0.55
4.4 0.55 4 4E5748 0.55
4.4 0.55 4.549999 4C5347 0.55
4.4 0.55 5.1 4C5447 0.55
4.4 0.55 5.65 474C43 0.55
4.4 1.1 6.200001 6A6665 0.55
4.4 1.1 1.25 6D6968 0.55
4.4 1.65 0.7000008 272338 0.55
4.4 3.85 0.7000008 DDDAD7 0.55
4.4 1.65 6.200001 6F6B6A 0.55
4.4 1.65 1.25 726E6D 0.55
4.4 3.85 7.299999 D8D6D2 0.55
4.4 1.65 7.299999 BAB5B4 0.55
4.4 2.2 0.7000008 27243B 0.55
4.4 2.2 6.200001 7A7674 0.55
4.4 2.2 1.25 7B7675 0.55
4.4 2.2 7.299999 25233B 0.55
4.4 2.75 0.1499996 28253C 0.55
4.4 2.75 6.200001 807C7A 0.55
4.4 2.75 1.25 7D7877 0.55
4.4 2.75 7.299999 27253D 0.55
4.4 3.3 0.7000008 CFCBC8 0.55
4.4 3.3 1.25 8E8787 0.55
4.4 3.3 6.75 878081 0.55
4.4 3.3 7.299999 D4D2CE 0.55
4.4 3.85 0.1499996 FFFFFF 0.55
4.95 3.85 1.25 51465C 0.55
4.95 3.85 6.75 756979 0.55
4.4 3.85 7.85 FFFFFF 0.55
4.4 4.4 1.25 FFFFFF 0.55
4.4 4.4 0.7000008 FFFFFF 0.55
4.4 4.4 6.75 FFFFFF 0.55
4.4 4.4 7.299999 FFFFFF 0.55
4.4 4.95 1.799999 FFFFFF 0.55
4.4 4.95 2.35 FFFFFF 0.55
4.4 4.95 2.9 FFFFFF 0.55
4.4 4.95 5.1 FFFFFF 0.55
4.4 4.95 5.65 FFFFFF 0.55
4.4 4.95 6.200001 FFFFFF 0.55
4.4 5.5 4 FFFFFF 0.55
4.95 0 1.25 272231 0.55
4.95 0 1.799999 27192C 0.55
4.95 0 2.35 27192C 0.55
4.95 0 2.9 27192C 0.55
4.95 0 3.450001 27192C 0.55
4.95 0 4 27192C 0.55
4.95 0 4.549999 27192C 0.55
4.95 0 5.1 27192C 0.55
4.95 0 5.65 27192C 0.55
4.95 0 6.200001 27192C 0.55
4.95 0 6.75 261C2C 0.55
4.95 0 -1.5 F7F6F0 0.55
4.95 0 -0.9500008 F0EFE9 0.55
4.95 0 -0.3999996 DFDDDA 0.55
4.95 0 0.1499996 C0BBBB 0.55
4.95 0 0.7000008 B7B1B0 0.55
4.95 0.55 1.25 736A72 0.55
4.95 4.4 2.35 6C6767 0.55
4.95 4.4 2.9 686364 0.55
4.95 4.4 3.450001 656061 0.55
4.95 4.4 4.549999 6A6566 0.55
4.95 4.4 5.1 6B6667 0.55
4.95 4.4 5.65 6B6567 0.55
4.95 0.55 6.75 7F777C 0.55
4.95 0 7.299999 B6AFAF 0.55
4.95 0 7.85 C7C3C2 0.55
4.95 0 8.4 E4E2DE 0.55
4.95 0 8.950001 F5F4EE 0.55
4.95 0 9.5 FBFBF3 0.55
4.95 1.1 1.25 685D69 0.55
6.6 0.55 1.799999 40384E 0.55
9.35 0.55 2.35 7C9462 0.55
7.7 0.55 2.9 63586F 0.55
7.7 0.55 5.1 64596F 0.55
6.6 0.55 6.200001 42394E 0.55
4.95 1.1 6.75 262339 0.55
4.95 1.1 0.7000008 B8B0B0 0.55
5.5 1.1 0.7000008 443B51 0.55
6.05 1.1 1.799999 837B7F 0.55
6.05 1.1 2.35 797177 0.55
6.6 1.1 2.9 736A73 0.55
6.6 1.1 3.450001 797277 0.55
6.6 1.1 4 847D81 0.55
6.6 1.1 4.549999 7D767B 0.55
6.6 1.1 5.1 7A7277 0.55
6.05 1.1 5.65 7D757B 0.55
6.05 1.1 6.200001 7A7178 0.55
4.95 1.1 7.299999 DAD7D5 0.55
5.5 1.1 7.299999 453C52 0.55
4.95 1.65 1.25 272235 0.55
6.05 1.65 1.799999 393247 0.55
9.35 1.65 2.35 A7BF88 0.55
7.7 1.65 2.9 6D6178 0.55
7.7 1.65 5.1 6E627A 0.55
6.05 1.65 6.200001 3A3348 0.55
4.95 1.65 6.75 272234 0.55
6.05 2.2 1.799999 50455C 0.55
7.7 2.2 2.9 70637B 0.55
7.7 2.2 5.1 72667E 0.55
6.05 2.2 6.200001 564B62 0.55
6.05 2.75 1.799999 54485F 0.55
7.7 2.75 2.9 7A6D85 0.55
7.15 2.75 3.450001 443B4B 0.55
7.15 2.75 4.549999 292439 0.55
7.7 2.75 5.1 73677F 0.55
6.05 2.75 6.200001 534960 0.55
4.95 3.3 6.75 473D53 0.55
4.95 3.3 1.25 888183 0.55
4.95 3.3 1.799999 7D7678 0.55
4.95 3.3 2.35 716B6D 0.55
4.95 3.3 2.9 666064 0.55
4.95 3.3 3.450001 746D6F 0.55
4.95 3.3 4 6F696B 0.55
4.95 3.3 4.549999 716A6D 0.55
4.95 3.3 5.1 716A6D 0.55
4.95 3.3 5.65 6F696C 0.55
4.95 3.3 6.200001 80797B 0.55
6.05 3.85 1.799999 5C5169 0.55
6.05 3.85 6.200001 60546D 0.55
4.95 4.4 1.799999 FFFFFF 0.55
6.6 4.4 3.450001 82758F 0.55
6.6 4.4 4.549999 827690 0.55
4.95 4.4 6.200001 FFFFFF 0.55
4.95 4.95 6.75 847791 0.55
4.95 4.95 1.25 837690 0.55
4.95 4.95 2.35 FFFFFF 0.55
4.95 4.95 2.9 FFFFFF 0.55
4.95 4.95 3.450001 FFFFFF 0.55
4.95 4.95 4 FFFFFF 0.55
4.95 4.95 4.549999 FFFFFF 0.55
4.95 4.95 5.1 FFFFFF 0.55
4.95 4.95 5.65 FFFFFF 0.55
4.95 5.5 6.75 8F839D 0.55
4.95 5.5 1.25 8C7F99 0.55
4.95 6.05 0.7000008 B0A6BE 0.55
4.95 6.05 1.25 AEA4BC 0.55
4.95 6.05 6.75 AFA4BD 0.55
4.95 6.05 7.299999 AFA4BC 0.55
5.5 0 1.799999 27192C 0.55
5.5 0 2.35 27192C 0.55
5.5 0 2.9 27192C 0.55
5.5 0 3.450001 27192C 0.55
5.5 0 4 27192C 0.55
5.5 0 4.549999 27192C 0.55
5.5 0 5.1 27192C 0.55
5.5 0 5.65 27192C 0.55
5.5 0 6.200001 271A2C 0.55
5.5 1.65 6.75 D5D3CF 0.55
5.5 0 -1.5 FCFCF5 0.55
5.5 0 -0.3999996 7A6D86 0.55
5.5 0 -0.9500008 F9F9F1 0.55
8.25 0 0.1499996 BBAC89 0.55
5.5 0 0.7000008 A8A1A2 0.55
5.5 0 1.25 ACA5A5 0.55
5.5 0.55 1.799999 413A49 0.55
5.5 0 7.299999 5A4F67 0.55
5.5 4.4 2.9 6C6669 0.55
5.5 4.4 3.450001 6A6467 0.55
5.5 4.4 4 6C6668 0.55
5.5 4.4 4.549999 696367 0.55
5.5 4.4 5.1 6D676B 0.55
5.5 0.55 6.200001 6F656F 0.55
5.5 0 6.75 B4AEAD 0.55
5.5 0 8.4 E4E3DE 0.55
5.5 0 8.950001 F7F7F0 0.55
5.5 0 9.5 F9F9F2 0.55
5.5 0.55 -0.3999996 7B6E88 0.55
8.25 0.55 0.1499996 7D9164 0.55
5.5 0.55 1.25 C9C6C2 0.55
5.5 0.55 0.7000008 63576F 0.55
5.5 3.85 1.799999 7D7679 0.55
5.5 0.55 7.299999 61556D 0.55
5.5 3.85 6.200001 7F787B 0.55
5.5 0.55 6.75 CDCAC8 0.55
8.25 0.55 7.85 90A974 0.55
5.5 0.55 8.4 7B6E87 0.55
5.5 1.1 -0.3999996 766982 0.55
8.25 1.1 0.1499996 9BAF7F 0.55
5.5 2.2 1.25 7B727A 0.55
6.6 1.1 1.25 6E617A 0.55
5.5 1.1 1.799999 4D4352 0.55
6.6 1.1 6.75 746780 0.55
8.25 1.1 7.299999 9AB37E 0.55
8.25 1.1 7.85 B2CC94 0.55
5.5 1.1 8.4 7B6E88 0.55
8.25 1.65 0.1499996 9DB281 0.55
5.5 1.65 1.25 262338 0.55
5.5 1.65 0.7000008 695C75 0.55
5.5 1.65 7.299999 695D75 0.55
5.5 2.2 6.75 7A7178 0.55
8.8 1.65 7.299999 A0B883 0.55
8.25 1.65 7.85 B0CA92 0.55
5.5 2.2 0.7000008 62576E 0.55
5.5 2.75 1.25 272235 0.55
5.5 2.2 7.299999 6C6078 0.55
5.5 2.75 6.75 2B273A 0.55
5.5 2.75 0.7000008 675B73 0.55
5.5 3.85 1.25 D2CECC 0.55
5.5 2.75 7.299999 6B5F77 0.55
5.5 3.85 6.75 D7D4D1 0.55
5.5 3.3 0.1499996 91859D 0.55
5.5 3.3 0.7000008 72667E 0.55
5.5 3.3 7.299999 796C85 0.55
5.5 3.3 1.25 DBD9D5 0.55
5.5 3.3 1.799999 A29C9B 0.55
5.5 3.3 2.35 777073 0.55
5.5 3.3 2.9 756E72 0.55
5.5 3.3 3.450001 696367 0.55
5.5 3.3 4 6D676B 0.55
5.5 3.3 4.549999 6C666A 0.55
5.5 3.3 5.1 6E686C 0.55
5.5 3.3 5.65 7C7577 0.55
5.5 3.3 6.200001 A6A09F 0.55
5.5 3.3 6.75 E0DEDB 0.55
5.5 3.3 7.85 92859E 0.55
5.5 3.85 0.7000008 776A83 0.55
5.5 3.85 7.299999 7E718A 0.55
5.5 4.4 2.35 FEFFFD 0.55
5.5 4.4 0.7000008 80738D 0.55
5.5 4.4 1.25 FFFFFF 0.55
5.5 4.4 1.799999 FFFFFF 0.55
5.5 4.4 6.200001 FFFFFF 0.55
5.5 4.4 5.65 FFFFFF 0.55
5.5 4.4 6.75 FFFFFF 0.55
5.5 4.4 7.299999 837791 0.55
5.5 4.95 0.7000008 92859E 0.55
5.5 4.95 2.9 FFFFFF 0.55
5.5 4.95 3.450001 FFFFFF 0.55
5.5 4.95 4 FFFFFF 0.55
5.5 4.95 4.549999 FFFFFF 0.55
5.5 4.95 5.1 FFFFFF 0.55
5.5 4.95 7.299999 968AA3 0.55
6.05 3.3 1.25 837C81 0.55
6.05 0 2.35 413847 0.55
6.05 0 2.9 27192C 0.55
6.05 0 3.450001 27192C 0.55
6.05 0 4 27192C 0.55
6.05 0 4.549999 27192C 0.55
6.05 0 5.1 27192C 0.55
6.05 0 5.65 322C3C 0.55
6.05 3.3 6.75 847C82 0.55
6.05 0 -1.5 FDFEF9 0.55
6.05 0 -0.9500008 FAF9F3 0.55
6.05 0 -0.3999996 F2F1EB 0.55
6.05 0 0.1499996 D5D2D0 0.55
6.05 0 0.7000008 C8C3C2 0.55
6.05 0 1.25 B5AEAF 0.55
6.05 0 1.799999 B2ADAB 0.55
6.05 0.55 2.35 776E74 0.55
6.05 4.4 4 736C71 0.55
6.05 0.55 5.65 766D74 0.55
6.05 0 6.200001 AEA9A8 0.55
6.05 0 6.75 B4AEAE 0.55
6.05 0 7.299999 C7C4C2 0.55
6.05 0 7.85 D6D3D1 0.55
6.05 0 8.4 F2F2EC 0.55
6.05 0 8.950001 FBFBF4 0.55
6.05 0 9.5 FDFEF7 0.55
6.05 0.55 1.799999 C9C6C3 0.55
6.05 0.55 6.200001 D3D0CB 0.55
6.05 0.55 7.85 665A72 0.55
6.6 1.1 1.799999 453B51 0.55
6.05 3.85 2.35 746C72 0.55
6.05 3.85 5.65 746D72 0.55
6.6 1.1 6.200001 443B51 0.55
6.05 1.1 7.85 6E6279 0.55
6.05 1.65 2.35 272234 0.55
6.05 1.65 5.65 272234 0.55
6.05 3.3 2.35 8A8385 0.55
6.05 3.3 5.65 3F374C 0.55
6.05 3.3 2.9 857D80 0.55
6.05 3.3 3.450001 766E72 0.55
6.05 3.3 4 716A6F 0.55
6.05 3.3 4.549999 766F73 0.55
6.05 3.3 5.1 7B7477 0.55
6.05 3.85 1.25 D7D3CE 0.55
6.6 3.85 3.450001 51465D 0.55
6.6 3.85 4.549999 52475E 0.55
6.05 4.4 3.450001 FFFFFF 0.55
6.05 4.4 2.9 FDFEF9 0.55
6.05 4.4 4.549999 FFFFFF 0.55
6.05 4.4 5.1 FFFFFF 0.55
6.05 4.95 4 FFFFFF 0.55
6.05 5.5 5.65 8A7E98 0.55
6.05 5.5 2.35 897C96 0.55
6.05 6.05 2.35 C2BAC9 0.55
6.05 6.05 5.65 AEA3BC 0.55
6.6 2.2 2.35 DADAD1 0.55
6.6 0.55 3.450001 7A7178 0.55
6.6 0 4 CBC8C4 0.55
6.6 0.55 4.549999 5E5461 0.55
6.6 2.2 5.65 D2D0C9 0.55
6.6 0 -1.5 FDFEF7 0.55
6.6 0 -0.9500008 FCFCF4 0.55
6.6 0 -0.3999996 F2F1EB 0.55
6.6 0 0.1499996 EAE9E3 0.55
6.6 0 0.7000008 D9D7D3 0.55
6.6 0 2.35 A59E9F 0.55
6.6 0 2.9 B1AAAA 0.55
6.6 0 3.450001 B0ABA9 0.55
6.6 0.55 4 80787E 0.55
6.6 0 4.549999 ADA7A6 0.55
6.6 0 5.1 B4AFAE 0.55
6.6 0 5.65 AAA3A3 0.55
6.6 0 7.299999 DBD8D4 0.55
6.6 0 7.85 ECEBE5 0.55
6.6 0 8.4 F4F4EC 0.55
6.6 0 8.950001 F9F9F2 0.55
6.6 0 9.5 FCFEF8 0.55
6.6 0.55 2.9 CDCBC4 0.55
6.6 0.55 5.1 C7C4BF 0.55
6.6 1.1 2.35 C5C2BD 0.55
9.35 1.1 2.35 9DB47F 0.55
6.6 2.2 2.9 696069 0.55
7.7 1.1 2.9 675C72 0.55
6.6 3.85 4 7D767A 0.55
6.6 2.2 5.1 71696F 0.55
7.7 1.1 5.1 6A5E76 0.55
6.6 1.1 5.65 C8C6C1 0.55
9.900001 1.1 5.65 B6D499 0.55
6.6 1.65 3.450001 272235 0.55
6.6 1.65 1.799999 645970 0.55
6.6 1.65 2.9 BEBBB9 0.55
6.6 1.65 6.200001 5F546B 0.55
6.6 1.65 4.549999 797177 0.55
6.6 1.65 5.1 C3C0BD 0.55
6.6 2.2 1.25 70647D 0.55
6.6 2.75 2.35 766F74 0.55
6.6 2.2 1.799999 5F546B 0.55
6.6 3.85 2.9 91898C 0.55
6.6 2.2 6.200001 63576E 0.55
6.6 3.85 5.1 979091 0.55
6.6 2.75 5.65 787077 0.55
6.6 2.2 6.75 72647E 0.55
6.6 2.75 1.25 6F627B 0.55
6.6 3.3 2.35 272235 0.55
6.6 2.75 1.799999 645970 0.55
6.6 2.75 6.200001 63586F 0.55
6.6 3.3 5.65 282132 0.55
6.6 2.75 6.75 73667F 0.55
6.6 3.3 1.25 796C85 0.55
6.6 3.3 6.200001 70637C 0.55
6.6 3.85 2.35 D3D1CE 0.55
6.6 3.3 1.799999 72677F 0.55
6.6 3.3 2.9 BCB7B6 0.55
6.6 3.3 4 989091 0.55
6.6 3.3 5.1 B9B4B3 0.55
6.6 3.85 5.65 D3D1CC 0.55
6.6 3.3 6.75 756882 0.55
6.6 3.85 1.799999 978AA2 0.55
6.6 3.85 6.200001 786B85 0.55
6.6 4.4 1.799999 9387A0 0.55
6.6 4.4 2.9 7E718A 0.55
6.6 4.4 2.35 FEFFFE 0.55
6.6 4.4 4 FEFFFD 0.55
6.6 4.4 6.200001 7E718B 0.55
6.6 4.4 5.1 FCFEFB 0.55
6.6 4.4 5.65 FFFFFF 0.55
6.6 4.95 1.799999 DDD8DC 0.55
6.6 4.95 2.9 81748E 0.55
6.6 4.95 6.200001 7D708A 0.55
6.6 4.95 5.1 81758F 0.55
6.6 5.5 2.9 8D7E98 0.55
6.6 5.5 1.799999 9488A1 0.55
6.6 5.5 4.549999 847791 0.55
6.6 5.5 5.1 8A7D97 0.55
6.6 6.05 3.450001 AFA5BD 0.55
6.6 6.05 4.549999 AFA5BD 0.55
7.15 0 1.25 27192C 0.55
7.15 3.3 3.450001 655C66 0.55
7.15 2.75 4 B7B3B0 0.55
7.15 3.3 4.549999 625964 0.55
7.15 0 6.75 27192C 0.55
7.15 0 -1.5 FDFEF7 0.55
7.15 0 -0.9500008 F9F9F0 0.55
7.15 0 -0.3999996 F2F1E9 0.55
7.15 0 0.1499996 EFEEE8 0.55
7.15 0 0.7000008 E9E8E3 0.55
7.15 0 1.799999 BBB6B5 0.55
7.15 0 2.35 B6B1B0 0.55
7.15 0 2.9 AFA8A8 0.55
7.15 0 3.450001 B6B1B0 0.55
7.15 0 4 B0AAA9 0.55
7.15 0 4.549999 AEA8A7 0.55
7.15 0 5.1 B1ABAA 0.55
7.15 0 5.65 B7B2B1 0.55
7.15 0 6.200001 B7B2B1 0.55
7.15 0 7.299999 EBEAE4 0.55
7.15 0 7.85 F3F3EB 0.55
7.15 0 8.4 FBFBF2 0.55
7.15 0 8.950001 FBFBF3 0.55
7.15 0 9.5 FDFEF7 0.55
7.15 0.55 1.25 857A90 0.55
7.15 0.55 6.75 6A5F76 0.55
7.15 1.1 1.25 8A7E94 0.55
7.15 1.1 6.75 70647B 0.55
7.15 1.1 4 CFCFC6 0.55
7.15 1.65 1.25 8D8198 0.55
7.15 1.65 2.9 5F536A 0.55
7.15 1.65 4.549999 3F374C 0.55
7.15 1.65 3.450001 3F364C 0.55
6.6 1.65 4 272336 0.55
7.15 1.65 6.75 71667C 0.55
7.15 1.65 5.1 63586F 0.55
7.15 2.2 2.9 665971 0.55
6.6 2.2 3.450001 272337 0.55
7.15 2.2 4.549999 62576E 0.55
7.15 2.2 3.450001 62576E 0.55
7.15 2.2 4 262339 0.55
6.6 2.2 4.549999 272336 0.55
7.15 2.2 5.1 685C74 0.55
7.15 2.75 2.9 5F546A 0.55
6.6 2.75 2.9 262339 0.55
7.15 3.3 4 8C8688 0.55
6.6 2.75 5.1 272339 0.55
7.15 2.75 5.1 695D75 0.55
7.15 3.3 2.9 776A84 0.55
7.15 3.85 4 DCDBD5 0.55
7.15 3.3 5.1 756981 0.55
7.15 3.85 2.9 786B84 0.55
7.15 3.85 3.450001 A0989F 0.55
7.15 3.85 4.549999 796D86 0.55
7.15 3.85 5.1 CDCAC8 0.55
7.15 4.4 2.9 7C6E88 0.55
7.15 4.4 3.450001 7A6D87 0.55
7.15 4.4 4.549999 7A6D87 0.55
7.15 4.4 4 FFFFFF 0.55
7.15 4.4 5.1 7C6F89 0.55
7.15 4.95 2.9 7F718B 0.55
7.15 4.95 3.450001 7F728B 0.55
7.15 4.95 4.549999 847791 0.55
7.15 4.95 5.1 847791 0.55
7.15 5.5 2.9 9689A3 0.55
7.15 5.5 3.450001 887B95 0.55
7.15 5.5 4.549999 847791 0.55
7.15 5.5 5.1 9488A1 0.55
7.7 0 -1.5 FBFEF9 0.55
7.7 0 -0.9500008 FDFEF6 0.55
7.7 0 -0.3999996 C5E0B5 0.55
7.7 0 0.1499996 C2D9B4 0.55
7.7 0 0.7000008 EBEBE4 0.55
7.7 0 1.25 ECECE4 0.55
7.7 0 1.799999 DCDAD5 0.55
7.7 0 2.35 CDCBC7 0.55
7.7 0 4.549999 6B5F76 0.55
7.7 0 3.450001 B1AAAA 0.55
7.7 0 4 BFB9B8 0.55
7.7 0 5.65 CCC9C6 0.55
7.7 0 6.200001 DFDDD8 0.55
7.7 0 6.75 E9E9E1 0.55
7.7 0 7.299999 F1EFE9 0.55
7.7 0 7.85 C1DAB0 0.55
7.7 0 8.4 C8E3B8 0.55
7.7 0 8.950001 FEFEF6 0.55
7.7 0 9.5 FCFEFB 0.55
9.35 0.55 2.9 7D9763 0.55
7.7 0.55 4.549999 695D74 0.55
7.7 0.55 3.450001 6A5E75 0.55
9.35 0.55 5.1 758E5D 0.55
9.35 1.1 2.9 98AF7C 0.55
7.7 1.1 4.549999 6A5E75 0.55
7.7 1.1 3.450001 6D6279 0.55
9.35 1.1 5.1 93A678 0.55
9.35 1.65 2.9 AAC48C 0.55
7.7 1.65 4.549999 6D6179 0.55
7.7 1.65 3.450001 6C6178 0.55
9.35 1.65 5.1 A6BE88 0.55
7.7 2.2 4.549999 70647C 0.55
7.7 2.2 3.450001 73677E 0.55
7.7 2.75 4.549999 6F647A 0.55
7.7 2.75 3.450001 756A81 0.55
7.7 3.3 3.450001 9488A0 0.55
7.7 3.3 4.549999 7D7189 0.55
8.25 0 2.9 27192C 0.55
8.25 0 5.1 27192C 0.55
8.25 0 -1.5 FCFEF9 0.55
8.25 0 -0.9500008 FCFEF7 0.55
8.25 0 -0.3999996 BED8AC 0.55
8.25 0 0.7000008 A1CA8A 0.55
8.25 0 1.25 A5CE8D 0.55
8.25 0 1.799999 E1E7D8 0.55
8.25 0 2.35 E5E3DE 0.55
8.25 0 3.450001 CFCCC9 0.55
8.25 0 4 DBD9D4 0.55
8.25 0 4.549999 D6D4D0 0.55
8.25 0 5.65 E9E8E0 0.55
8.25 0 6.200001 E2E7D9 0.55
8.25 0 6.75 A4CE8D 0.55
8.25 0 7.299999 A7D18F 0.55
8.25 0 7.85 A2CC8A 0.55
8.25 0 8.4 C4E2B3 0.55
8.25 0 8.950001 FCFEF9 0.55
8.25 0 9.5 FCFEFB 0.55
8.25 0.55 2.9 877D90 0.55
8.25 0.55 5.1 73677D 0.55
8.25 1.1 -0.3999996 BAD69D 0.55
8.25 1.1 0.7000008 9EB781 0.55
8.25 1.1 2.9 8B8196 0.55
8.25 1.1 5.1 8B8196 0.55
8.25 1.65 -0.3999996 B6D299 0.55
8.25 1.65 7.299999 9CB281 0.55
8.25 1.65 0.7000008 9CB281 0.55
8.25 1.65 2.9 93879D 0.55
8.25 1.65 5.1 92879D 0.55
8.25 2.2 0.1499996 C5E1A7 0.55
8.8 1.1 0.1499996 A6C289 0.55
8.8 1.1 7.299999 A8C58A 0.55
8.8 0.55 7.85 9FBA82 0.55
8.8 0 -1.5 FEFFFD 0.55
8.8 0 -0.9500008 FCFEFA 0.55
8.8 0 -0.3999996 DFEDD5 0.55
8.8 0 0.1499996 A9D390 0.55
8.8 0 0.7000008 A9D390 0.55
8.8 0 1.25 A7D18F 0.55
8.8 0 1.799999 A6D08E 0.55
8.8 0 2.35 A3CC8B 0.55
8.8 0 2.9 A0C989 0.55
8.8 0 3.450001 C8D9BB 0.55
8.8 0 4 F0EEE8 0.55
8.8 0 4.549999 C8D9BB 0.55
8.8 0 5.1 A0C889 0.55
8.8 0 5.65 A4CD8C 0.55
8.8 0 6.200001 A8D390 0.55
8.8 0 6.75 A7D28F 0.55
8.8 0 7.299999 A6D08D 0.55
8.8 0 7.85 A7D28F 0.55
8.8 0 8.4 E0EDD6 0.55
8.8 0 8.950001 FCFEF7 0.55
8.8 0 9.5 FCFEFB 0.55
8.8 0.55 7.299999 8EAA71 0.55
8.8 0.55 0.1499996 8FAA72 0.55
8.8 1.1 7.85 BBD79D 0.55
8.8 1.65 0.1499996 BCDA9F 0.55
8.8 1.65 7.85 BBD79D 0.55
8.8 2.2 7.85 D4F4BA 0.55
9.35 0 -1.5 FFFFFF 0.55
9.35 0 -0.9500008 FEFFFD 0.55
9.35 0 -0.3999996 FCFEFB 0.55
9.35 0 0.1499996 FCFDF4 0.55
9.35 0 0.7000008 F9FAF2 0.55
9.35 0 1.25 AED895 0.55
9.35 0 1.799999 A7D28F 0.55
9.35 0 2.35 A0C988 0.55
9.35 0 2.9 A0C988 0.55
9.35 0 3.450001 A4CE8C 0.55
9.35 0 4 A5CF8D 0.55
9.35 0 4.549999 A7D18E 0.55
9.35 0 5.1 A1CB89 0.55
9.35 0 5.65 A4CE8C 0.55
9.35 0 6.200001 A5D08D 0.55
9.35 0 6.75 AAD592 0.55
9.35 0 7.299999 F9FAF1 0.55
9.35 0 7.85 FCFDF4 0.55
9.35 0 8.4 FCFEF6 0.55
9.35 0 8.950001 FFFFFF 0.55
9.35 0 9.5 FEFFFE 0.55
9.35 1.1 5.65 9EB682 0.55
9.900001 1.1 2.35 A7C289 0.55
9.900001 1.1 2.9 A1BD83 0.55
9.900001 0.55 5.1 8AA46E 0.55
9.900001 0 -1.5 FFFFFF 0.55
9.900001 0 -0.9500008 FEFFFD 0.55
9.900001 0 -0.3999996 FDFEFC 0.55
9.900001 0 0.1499996 FEFFFD 0.55
9.900001 0 0.7000008 FBFEF8 0.55
9.900001 0 1.25 F9FAF1 0.55
9.900001 0 1.799999 F9F9F0 0.55
9.900001 0 2.35 CFE4C0 0.55
9.900001 0 2.9 A5CF8C 0.55
9.900001 0 3.450001 A7D38F 0.55
9.900001 0 4 ABD793 0.55
9.900001 0 4.549999 A8D390 0.55
9.900001 0 5.1 A3CD8A 0.55
9.900001 0 5.65 CDE2BF 0.55
9.900001 0 6.200001 F7F8EF 0.55
9.900001 0 6.75 FCFEF8 0.55
9.900001 0 7.299999 FCFDF5 0.55
9.900001 0 7.85 FEFFFD 0.55
9.900001 0 8.4 FEFFFD 0.55
9.900001 0 8.950001 FCFEFB 0.55
9.900001 0 9.5 FEFFFE 0.55
9.900001 0.55 2.35 97AF79 0.55
9.900001 0.55 2.9 89A66E 0.55
9.900001 0.55 5.65 99B27B 0.55
9.900001 1.1 5.1 BBD89C 0.55
9.900001 1.65 2.35 C1DDA2 0.55
9.900001 1.65 2.9 C1DEA2 0.55
9.900001 1.65 5.1 BDDA9E 0.55
9.900001 1.65 5.65 C0DDA1 0.55
9.900001 2.2 5.1 D2F1B4 0.55
10.45 0 -1.5 FFFFFF 0.55
10.45 0 -0.9500008 FEFFFE 0.55
10.45 0 -0.3999996 FFFFFF 0.55
10.45 0 0.1499996 FBFEF9 0.55
10.45 0 0.7000008 FCFEFB 0.55
10.45 0 1.25 FBFEF9 0.55
10.45 0 1.799999 FCFEFA 0.55
10.45 0 2.35 FCFEF7 0.55
10.45 0 2.9 F9FBF2 0.55
10.45 0 3.450001 FCFDF4 0.55
10.45 0 4 FAFBF2 0.55
10.45 0 4.549999 FDFEF5 0.55
10.45 0 5.1 FCFDF3 0.55
10.45 0 5.65 FBFEF7 0.55
10.45 0 6.200001 FCFEFA 0.55
10.45 0 6.75 FCFEF7 0.55
10.45 0 7.299999 FBFEF9 0.55
10.45 0 7.85 FEFFFE 0.55
10.45 0 8.4 FEFFFE 0.55
10.45 0 8.950001 FFFFFF 0.55
10.45 0 9.5 FFFFFF 0.55
11 0 -1.5 FFFFFF 0.55
11 0 -0.9500008 FFFFFF 0.55
11 0 -0.3999996 FDFEFC 0.55
11 0 0.1499996 FEFFFE 0.55
11 0 0.7000008 FDFEFC 0.55
11 0 1.25 FDFEF7 0.55
11 0 1.799999 FEFFFD 0.55
11 0 2.35 FCFEFA 0.55
11 0 2.9 FCFEFB 0.55
11 0 3.450001 FBFEF9 0.55
11 0 4 FBFEF8 0.55
11 0 4.549999 F5F5ED 0.55
11 0 5.1 EFEFE7 0.55
11 0 5.65 FAFAF1 0.55
11 0 6.200001 F3F3EB 0.55
11 0 6.75 F7F7EF 0.55
11 0 7.299999 FAFAF1 0.55
11 0 7.85 FEFEF5 0.55
11 0 8.4 F4F4EC 0.55
11 0 8.950001 F5F5EE 0.55
11 0 9.5 FDFEF8 0.55
