3.150001 0.2 2.099999 585858 1
-5.25 1.25 3.150001 727272 1
-4.2 1.25 3.150001 ADADAD 1
3.150001 1.25 2.099999 585858 1
-4.2 2.3 3.150001 252729 1
-3.15 2.3 3.150001 EFBC2A 1
-2.1 2.3 3.150001 EFBC2A 1
-1.05 2.3 3.150001 EFBC2A 1
4.768372E-07 2.3 3.150001 EFBC2A 1
1.050001 2.3 3.150001 EFBC2A 1
2.100001 2.3 3.15 EFBC2A 1
3.150001 2.3 2.099999 585858 1
-4.2 3.35 3.150001 E4892F 1
-3.15 3.35 3.150001 FFFFFF 1
-2.1 3.35 3.150001 FFFFFF 1
-1.05 3.35 3.150001 FFFFFF 1
4.768372E-07 3.35 3.150001 E4892F 1
1.050001 3.35 3.150001 E4892F 1
2.100001 3.35 3.15 E4892F 1
3.150001 3.35 2.099999 585858 1
-4.2 4.4 3.150001 EFBC2A 1
-3.15 4.4 3.150001 EFBC2A 1
-2.1 4.4 3.150001 83563A 1
-1.05 4.4 3.150001 83563A 1
4.768372E-07 4.4 3.150001 83563A 1
1.050001 4.4 3.150001 83563A 1
2.100001 4.4 3.15 EFBC2A 1
3.150001 4.4 2.099999 585858 1
-4.2 5.45 3.150001 EFBC2A 1
-3.15 5.45 3.150001 D95746 1
-2.1 5.45 3.150001 B0754F 1
-1.05 5.45 3.150001 B0754F 1
4.768372E-07 5.45 3.150001 B0754F 1
1.050001 5.45 3.150001 B0754F 1
2.100001 5.45 3.15 D95746 1
3.150001 5.45 2.099999 585858 1
-4.2 6.5 3.150001 EFBC2A 1
-3.15 6.5 3.150001 EFBC2A 1
-2.1 6.5 3.150001 EFBC2A 1
-1.05 6.5 3.150001 EFBC2A 1
4.768372E-07 6.5 3.150001 EFBC2A 1
1.050001 6.5 3.150001 EFBC2A 1
2.100001 6.5 3.15 EFBC2A 1
-1.05 7.55 1.05 B8942D 1
1.05 7.55 2.1 6B6B6B 1
2.1 7.55 2.1 6B6B6B 1
1.05 8.599999 2.1 6B6B6B 1
2.1 8.599999 2.1 6B6B6B 1
-6.3 15.95 6.300002 A13E36 1
-5.25 15.95 6.300002 A13E36 1
-4.199999 15.95 6.300002 A13E36 1
-3.15 15.95 6.300002 A13E36 1
-2.099999 15.95 6.300001 A13E36 1
-1.049999 15.95 6.300001 A13E36 1
9.536743E-07 15.95 6.300001 A13E36 1
1.050001 15.95 6.300001 A13E36 1
2.100001 15.95 6.300001 A13E36 1
3.150002 15.95 6.3 A13E36 1
4.200001 15.95 6.300001 A13E36 1
5.250001 15.95 6.300001 A13E36 1
-5.25 17 5.250001 BB4B45 1
-4.2 17 5.250001 BB4B45 1
-3.15 17 5.250001 BB4B45 1
-2.1 17 5.250001 BB4B45 1
-1.05 17 5.250001 BB4B45 1
4.768372E-07 17 5.25 BB4B45 1
1.050001 17 5.25 BB4B45 1
2.100001 17 5.25 BB4B45 1
3.150001 17 5.25 BB4B45 1
4.200001 17 5.25 BB4B45 1
-4.2 18.05 4.200001 BB4B45 1
-3.15 18.05 4.200001 BB4B45 1
-2.1 18.05 4.200001 BB4B45 1
-1.05 18.05 4.2 BB4B45 1
4.768372E-07 18.05 4.2 BB4B45 1
1.050001 18.05 4.2 BB4B45 1
2.100001 18.05 4.2 BB4B45 1
3.150001 18.05 4.2 BB4B45 1
-2.1 19.1 2.1 BB4B45 1
-1.05 19.1 2.1 BB4B45 1
2.384186E-07 19.1 2.1 BB4B45 1
1.05 19.1 2.1 BB4B45 1
-7.35 15.95 6.300002 A6A6A6 1
-5.250001 15.95 -5.25 A13E36 1
-4.200001 15.95 -5.25 A13E36 1
-3.150001 15.95 -5.25 A13E36 1
-2.100001 15.95 -5.25 A13E36 1
-1.050001 15.95 -5.25 A13E36 1
-4.768372E-07 15.95 -5.25 A13E36 1
1.05 15.95 -5.250001 A13E36 1
2.1 15.95 -5.250001 A13E36 1
3.15 15.95 -5.250001 A13E36 1
4.2 15.95 -5.250001 A13E36 1
6.300002 15.95 6.3 A6A6A6 1
-6.300001 15.95 5.250001 585858 1
-5.25 15.95 5.250001 A13E36 1
-4.2 15.95 5.250001 A13E36 1
-3.15 15.95 5.250001 A13E36 1
-2.1 15.95 5.250001 A13E36 1
-1.05 15.95 5.250001 A13E36 1
4.768372E-07 15.95 5.25 A13E36 1
1.050001 15.95 5.25 A13E36 1
2.100001 15.95 5.25 A13E36 1
3.150001 15.95 5.25 A13E36 1
4.200001 15.95 5.25 A13E36 1
5.250001 15.95 5.25 585858 1
-7.35 15.95 5.250001 A6A6A6 1
6.300002 15.95 5.25 A6A6A6 1
-6.300001 17 5.250001 CBCBCB 1
-4.200001 17 -4.199999 A13E36 1
-3.150001 17 -4.2 A13E36 1
-2.100001 17 -4.2 A13E36 1
-1.050001 17 -4.2 A13E36 1
-4.768372E-07 17 -4.2 A13E36 1
1.05 17 -4.2 A13E36 1
2.1 17 -4.200001 A13E36 1
3.15 17 -4.200001 A13E36 1
5.250001 17 5.25 CBCBCB 1
-6.300001 15.95 4.200001 585858 1
-5.25 17 4.200001 585858 1
-4.2 17 4.200001 A13E36 1
-3.15 17 4.200001 A13E36 1
-2.1 17 4.200001 A13E36 1
-1.05 17 4.2 A13E36 1
4.768372E-07 17 4.2 A13E36 1
1.050001 17 4.2 A13E36 1
2.100001 17 4.2 A13E36 1
3.150001 17 4.2 A13E36 1
4.200001 17 4.199999 585858 1
5.250001 15.95 4.2 585858 1
-7.35 15.95 4.200001 A6A6A6 1
6.300002 15.95 4.199999 A6A6A6 1
-6.300001 17 4.200001 CBCBCB 1
5.250001 17 4.2 CBCBCB 1
-6.300001 15.95 3.150002 585858 1
-5.25 0.2 3.150001 191717 1
-4.2 0.2 3.150001 191717 1
-3.15 18.05 3.150001 A13E36 1
-2.1 18.05 3.150001 A13E36 1
-1.05 18.05 3.150001 A13E36 1
4.768372E-07 18.05 3.150001 A13E36 1
1.050001 18.05 3.150001 A13E36 1
2.100001 18.05 3.15 A13E36 1
3.150001 17 3.15 585858 1
4.200001 17 3.15 585858 1
5.250001 15.95 3.15 585858 1
-5.25 17 3.150001 585858 1
-5.250001 1.25 -3.15 191717 1
-4.2 17 3.150001 585858 1
-4.200001 1.25 -3.15 191717 1
-3.15 1.25 3.150001 191717 1
-5.25 2.3 3.150001 191717 1
-7.35 15.95 3.150002 A6A6A6 1
6.300002 15.95 3.15 A6A6A6 1
-6.300001 17 3.150002 CBCBCB 1
5.250001 17 3.15 CBCBCB 1
-4.2 18.05 3.150001 CBCBCB 1
-2.1 18.05 -2.1 A13E36 1
-1.05 18.05 -2.1 A13E36 1
-2.384186E-07 18.05 -2.1 A13E36 1
1.05 18.05 -2.1 A13E36 1
3.150001 18.05 3.15 CBCBCB 1
-6.300001 15.95 2.100001 585858 1
-5.25 17 2.100001 585858 1
-4.2 1.25 2.100001 B8942D 1
-3.15 1.25 2.100001 B8942D 1
-2.1 1.25 2.1 B8942D 1
-1.05 1.25 2.1 B8942D 1
2.384186E-07 1.25 2.1 B8942D 1
1.05 1.25 2.1 B8942D 1
2.1 1.25 2.1 B8942D 1
4.200001 5.45 2.1 6B6B6B 1
5.250001 5.45 2.1 6B6B6B 1
6.300001 5.45 2.099999 6B6B6B 1
3.15 0.2 -2.100001 585858 1
3.15 1.25 -2.100001 585858 1
-5.25 2.3 2.100001 F7CE2E 1
-4.2 6.5 2.100001 939393 1
-4.200001 2.3 -3.15 191717 1
-3.15 6.5 2.100001 939393 1
-2.1 6.5 2.1 939393 1
-1.05 18.05 2.1 A13E36 1
2.384186E-07 18.05 2.1 A13E36 1
1.05 6.5 2.1 939393 1
2.1 6.5 2.1 939393 1
3.15 2.3 -2.100001 585858 1
-5.25 3.35 2.100001 EF9834 1
3.15 3.35 -2.100001 585858 1
-5.25 4.4 2.100001 F7CE2E 1
3.15 4.4 -2.100001 585858 1
-5.25 5.45 2.100001 F7CE2E 1
3.150001 17 2.099999 585858 1
3.15 5.45 -2.100001 585858 1
4.200001 17 2.1 585858 1
5.250001 15.95 2.1 585858 1
-5.25 6.5 2.100001 F7CE2E 1
3.150001 6.5 2.099999 A6A6A6 1
2.384186E-07 7.55 2.1 939393 1
-4.2 17 2.100001 585858 1
-3.15 18.05 2.100001 585858 1
-2.1 18.05 2.1 A13E36 1
-1.05 6.5 2.1 A6A6A6 1
2.384186E-07 6.5 2.1 A6A6A6 1
1.05 18.05 2.1 A13E36 1
2.1 18.05 2.1 585858 1
2.384186E-07 8.599999 2.1 939393 1
1.05 9.65 2.1 B9B9B9 1
2.1 9.65 2.1 B9B9B9 1
-7.35 15.95 2.100001 A6A6A6 1
6.300001 15.95 2.099999 A6A6A6 1
-6.300001 17 2.100001 CBCBCB 1
5.250001 17 2.1 CBCBCB 1
-4.2 18.05 2.100001 CBCBCB 1
3.150001 18.05 2.099999 CBCBCB 1
-3.15 19.1 2.100001 CBCBCB 1
2.1 19.1 2.1 CBCBCB 1
-6.300001 15.95 1.050001 585858 1
-5.25 17 1.050001 585858 1
-4.2 1.25 1.050001 B8942D 1
-3.150001 1.25 1.050001 B8942D 1
-2.1 1.25 1.05 B8942D 1
-1.05 1.25 1.05 B8942D 1
1.192093E-07 1.25 1.05 B8942D 1
1.05 1.25 1.05 B8942D 1
2.1 1.25 1.05 B8942D 1
3.150001 17 1.05 585858 1
4.2 17 1.05 585858 1
5.25 15.95 1.05 585858 1
-5.25 2.3 1.050001 F7CE2E 1
-4.2 6.5 1.050001 939393 1
-3.150001 6.5 1.050001 939393 1
-2.1 6.5 1.05 939393 1
-1.05 6.5 1.05 D3B738 1
1.192093E-07 18.05 1.05 883026 1
1.05 6.5 1.05 939393 1
2.1 6.5 1.05 939393 1
3.150001 2.3 1.05 F7CE2E 1
-5.25 3.35 1.050001 EF9834 1
3.150001 3.35 1.05 EF9834 1
-5.25 4.4 1.050001 F7CE2E 1
3.150001 4.4 1.05 F7CE2E 1
-5.25 5.45 1.050001 F7CE2E 1
3.150001 5.45 1.05 F7CE2E 1
-5.25 6.5 1.050001 F7CE2E 1
3.150001 6.5 1.05 F7CE2E 1
-2.1 7.55 1.05 D3B738 1
-4.2 17 1.050001 585858 1
-3.150001 18.05 1.050001 585858 1
-2.1 18.05 1.05 883026 1
-1.05 18.05 1.05 883026 1
-1.05 7.55 1.192093E-07 B82D2D 1
1.192093E-07 7.55 1.05 939393 1
1.192093E-07 6.5 1.05 A6A6A6 1
1.05 18.05 1.05 585858 1
2.1 18.05 1.05 585858 1
2.1 7.55 1.05 9B9B9B 1
-1.05 8.599999 1.05 D3B738 1
1.192093E-07 8.599999 1.05 939393 1
2.1 8.599999 1.05 9B9B9B 1
1.05 9.65 1.05 B9B9B9 1
2.1 9.65 1.05 B9B9B9 1
-7.350001 15.95 1.050001 A6A6A6 1
6.300001 15.95 1.049999 A6A6A6 1
-6.300001 17 1.050001 CBCBCB 1
5.25 17 1.05 CBCBCB 1
-4.2 18.05 1.050001 CBCBCB 1
3.150001 18.05 1.05 CBCBCB 1
-2.1 19.1 1.05 CBCBCB 1
-3.150001 19.1 1.050001 CBCBCB 1
2.1 19.1 1.05 CBCBCB 1
1.05 19.1 1.05 CBCBCB 1
-1.05 19.1 1.05 D1564F 1
1.192093E-07 19.1 1.05 D1564F 1
-6.300001 15.95 9.536743E-07 585858 1
-5.25 17 4.768372E-07 585858 1
-4.2 1.25 4.768372E-07 B8942D 1
-3.150001 1.25 4.768372E-07 B8942D 1
-2.1 1.25 2.384186E-07 B8942D 1
-1.05 1.25 1.192093E-07 B8942D 1
0 1.25 0 B8942D 1
1.05 1.25 -1.192093E-07 B8942D 1
2.1 1.25 -2.384186E-07 B8942D 1
3.150001 17 -4.768372E-07 585858 1
4.2 17 -4.768372E-07 585858 1
5.25 15.95 -4.768372E-07 585858 1
-5.25 2.3 4.768372E-07 F7CE2E 1
-4.2 6.5 4.768372E-07 939393 1
-3.150001 6.5 4.768372E-07 939393 1
-2.1 6.5 2.384186E-07 939393 1
-1.05 6.5 1.192093E-07 D33838 1
0 18.05 0 883026 1
1.05 6.5 -1.192093E-07 939393 1
2.1 6.5 -2.384186E-07 939393 1
3.150001 2.3 -4.768372E-07 F7CE2E 1
-5.25 3.35 4.768372E-07 EF9834 1
3.150001 3.35 -4.768372E-07 EF9834 1
-5.25 4.4 4.768372E-07 F7CE2E 1
3.150001 4.4 -4.768372E-07 F7CE2E 1
-5.25 5.45 4.768372E-07 F7CE2E 1
3.150001 5.45 -4.768372E-07 F7CE2E 1
-5.25 6.5 4.768372E-07 F7CE2E 1
3.150001 6.5 -4.768372E-07 F7CE2E 1
-2.1 7.55 2.384186E-07 D33838 1
-4.2 17 4.768372E-07 585858 1
-3.150001 18.05 4.768372E-07 585858 1
-2.1 18.05 2.384186E-07 883026 1
-1.05 18.05 1.192093E-07 883026 1
-1.05 7.55 -1.05 2DB83C 1
0 6.5 0 A6A6A6 1
0 7.55 0 939393 1
1.05 18.05 -1.192093E-07 585858 1
2.1 18.05 -2.384186E-07 585858 1
2.1 7.55 -2.384186E-07 000000 1
-1.05 8.599999 1.192093E-07 D33838 1
0 8.599999 0 939393 1
2.1 8.599999 -2.384186E-07 000000 1
-1.05 9.65 1.192093E-07 6B6B6B 1
0 9.65 0 6B6B6B 1
1.05 9.65 -1.192093E-07 B9B9B9 1
2.1 9.65 -2.384186E-07 B9B9B9 1
-1.05 10.7 1.192093E-07 6B6B6B 1
0 10.7 0 6B6B6B 1
-1.05 11.75 1.192093E-07 6B6B6B 1
0 11.75 0 6B6B6B 1
-1.05 12.8 1.192093E-07 6B6B6B 1
0 12.8 0 6B6B6B 1
-1.05 13.85 1.192093E-07 6B6B6B 1
0 13.85 0 6B6B6B 1
-1.05 14.9 1.192093E-07 6B6B6B 1
0 14.9 0 6B6B6B 1
-7.350001 15.95 9.536743E-07 A6A6A6 1
-1.05 15.95 1.192093E-07 6B6B6B 1
0 15.95 0 6B6B6B 1
6.300001 15.95 -9.536743E-07 A6A6A6 1
-6.300001 17 9.536743E-07 CBCBCB 1
-1.05 17 1.192093E-07 6B6B6B 1
0 17 0 6B6B6B 1
5.25 17 -4.768372E-07 CBCBCB 1
-4.2 18.05 4.768372E-07 CBCBCB 1
3.150001 18.05 -4.768372E-07 CBCBCB 1
-2.1 19.1 2.384186E-07 CBCBCB 1
-3.150001 19.1 4.768372E-07 CBCBCB 1
2.1 19.1 -2.384186E-07 CBCBCB 1
1.05 19.1 -1.192093E-07 CBCBCB 1
-1.05 19.1 1.192093E-07 D1564F 1
0 19.1 0 D1564F 1
-6.300001 15.95 -1.049999 585858 1
-5.25 17 -1.05 585858 1
-4.2 1.25 -1.05 B8942D 1
-3.150001 1.25 -1.05 B8942D 1
-2.1 1.25 -1.05 B8942D 1
-1.05 1.25 -1.05 B8942D 1
-1.192093E-07 1.25 -1.05 B8942D 1
1.05 1.25 -1.05 B8942D 1
2.1 1.25 -1.05 B8942D 1
3.150001 17 -1.050001 585858 1
4.2 17 -1.050001 585858 1
5.25 15.95 -1.050001 585858 1
-5.25 2.3 -1.05 F7CE2E 1
-4.2 6.5 -1.05 939393 1
-3.150001 6.5 -1.05 939393 1
-2.1 6.5 -1.05 939393 1
-1.05 6.5 -1.05 38D34B 1
-1.192093E-07 18.05 -1.05 883026 1
1.05 6.5 -1.05 939393 1
2.1 6.5 -1.05 939393 1
3.150001 2.3 -1.050001 F7CE2E 1
-5.25 3.35 -1.05 EF9834 1
3.150001 3.35 -1.050001 EF9834 1
-5.25 4.4 -1.05 F7CE2E 1
3.150001 4.4 -1.050001 F7CE2E 1
-5.25 5.45 -1.05 F7CE2E 1
3.150001 5.45 -1.050001 F7CE2E 1
-5.25 6.5 -1.05 F7CE2E 1
3.150001 6.5 -1.050001 F7CE2E 1
-2.1 7.55 -1.05 38D34B 1
-4.2 17 -1.05 585858 1
-3.150001 18.05 -1.05 585858 1
-2.1 18.05 -1.05 883026 1
-1.05 18.05 -1.05 883026 1
-1.192093E-07 7.55 -1.05 939393 1
-1.192093E-07 6.5 -1.05 A6A6A6 1
1.05 18.05 -1.05 585858 1
2.1 18.05 -1.05 585858 1
2.1 7.55 -1.05 9B9B9B 1
-1.05 8.599999 -1.05 38D34B 1
-1.192093E-07 8.599999 -1.05 939393 1
2.1 8.599999 -1.05 9B9B9B 1
1.05 9.65 -1.05 B9B9B9 1
2.1 9.65 -1.05 B9B9B9 1
-7.350001 15.95 -1.049999 A6A6A6 1
6.300001 15.95 -1.050001 A6A6A6 1
-6.300001 17 -1.049999 CBCBCB 1
5.25 17 -1.050001 CBCBCB 1
-4.2 18.05 -1.05 CBCBCB 1
3.150001 18.05 -1.050001 CBCBCB 1
-2.1 19.1 -1.05 CBCBCB 1
-3.150001 19.1 -1.05 CBCBCB 1
2.1 19.1 -1.05 CBCBCB 1
1.05 19.1 -1.05 CBCBCB 1
-1.05 19.1 -1.05 D1564F 1
-1.192093E-07 19.1 -1.05 D1564F 1
-6.300001 15.95 -2.099999 585858 1
-5.250001 17 -2.1 585858 1
-4.200001 1.25 -2.1 B8942D 1
-3.150001 1.25 -2.099999 B8942D 1
-2.1 1.25 -2.1 B8942D 1
-1.05 1.25 -2.1 B8942D 1
-2.384186E-07 1.25 -2.1 B8942D 1
1.05 1.25 -2.1 B8942D 1
2.1 1.25 -2.1 B8942D 1
4.2 5.45 -2.100001 6B6B6B 1
5.25 5.45 -2.100001 6B6B6B 1
6.300001 5.45 -2.100001 6B6B6B 1
-5.250001 2.3 -2.1 F7CE2E 1
-4.200001 6.5 -2.1 939393 1
-3.150001 6.5 -2.099999 939393 1
-2.1 6.5 -2.1 939393 1
1.05 6.5 -2.1 939393 1
2.1 6.5 -2.1 939393 1
-5.250001 3.35 -2.1 EF9834 1
-5.250001 4.4 -2.1 F7CE2E 1
-5.250001 5.45 -2.1 F7CE2E 1
3.15 17 -2.100001 585858 1
4.2 17 -2.100001 585858 1
5.25 15.95 -2.100001 585858 1
-5.250001 6.5 -2.1 F7CE2E 1
3.15 6.5 -2.100001 A6A6A6 1
-2.384186E-07 7.55 -2.1 939393 1
-4.200001 17 -2.1 585858 1
-3.150001 18.05 -2.099999 585858 1
-1.05 6.5 -2.1 A6A6A6 1
-2.384186E-07 6.5 -2.1 A6A6A6 1
2.1 18.05 -2.1 585858 1
2.1 7.55 -2.1 000000 1
-2.384186E-07 8.599999 -2.1 939393 1
2.1 8.599999 -2.1 000000 1
1.05 9.65 -2.1 B9B9B9 1
2.1 9.65 -2.1 B9B9B9 1
-7.350001 15.95 -2.099999 A6A6A6 1
6.300001 15.95 -2.100001 A6A6A6 1
-6.300001 17 -2.099999 CBCBCB 1
5.25 17 -2.100001 CBCBCB 1
-4.200001 18.05 -2.1 CBCBCB 1
3.15 18.05 -2.100001 CBCBCB 1
-3.150001 19.1 -2.099999 CBCBCB 1
-2.1 19.1 -2.1 BB4B45 1
-1.05 19.1 -2.1 BB4B45 1
-2.384186E-07 19.1 -2.1 BB4B45 1
1.05 19.1 -2.1 BB4B45 1
2.1 19.1 -2.1 CBCBCB 1
-6.300002 15.95 -3.15 585858 1
-5.250001 0.2 -3.15 191717 1
-4.200001 0.2 -3.15 191717 1
-3.150001 18.05 -3.15 A13E36 1
-2.100001 18.05 -3.15 A13E36 1
-1.050001 18.05 -3.150001 A13E36 1
-4.768372E-07 18.05 -3.150001 A13E36 1
1.05 18.05 -3.150001 A13E36 1
2.1 18.05 -3.150001 A13E36 1
3.15 17 -3.150001 585858 1
4.2 17 -3.150001 585858 1
5.25 15.95 -3.150001 585858 1
-5.250001 17 -3.15 585858 1
-4.200001 17 -3.15 585858 1
-3.150001 1.25 -3.15 191717 1
-5.250001 2.3 -3.15 191717 1
-3.150001 2.3 -3.15 EFBC2A 1
-2.100001 2.3 -3.15 EFBC2A 1
-1.050001 2.3 -3.150001 EFBC2A 1
-4.768372E-07 2.3 -3.150001 EFBC2A 1
1.05 2.3 -3.150001 EFBC2A 1
2.1 2.3 -3.150001 EFBC2A 1
-4.200001 3.35 -3.15 E4892F 1
-3.150001 3.35 -3.15 E4892F 1
-2.100001 3.35 -3.15 E4892F 1
-1.050001 3.35 -3.150001 FFFFFF 1
-4.768372E-07 3.35 -3.150001 FFFFFF 1
1.05 3.35 -3.150001 FFFFFF 1
2.1 3.35 -3.150001 E4892F 1
-4.200001 4.4 -3.15 EFBC2A 1
-3.150001 4.4 -3.15 83563A 1
-2.100001 4.4 -3.15 83563A 1
-1.050001 4.4 -3.150001 83563A 1
-4.768372E-07 4.4 -3.150001 83563A 1
1.05 4.4 -3.150001 EFBC2A 1
2.1 4.4 -3.150001 EFBC2A 1
-4.200001 5.45 -3.15 D95746 1
-3.150001 5.45 -3.15 B0754F 1
-2.100001 5.45 -3.15 B0754F 1
-1.050001 5.45 -3.150001 B0754F 1
-4.768372E-07 5.45 -3.150001 B0754F 1
1.05 5.45 -3.150001 D95746 1
2.1 5.45 -3.150001 EFBC2A 1
-4.200001 6.5 -3.15 EFBC2A 1
-3.150001 6.5 -3.15 EFBC2A 1
-2.100001 6.5 -3.15 EFBC2A 1
-1.050001 6.5 -3.150001 EFBC2A 1
-4.768372E-07 6.5 -3.150001 EFBC2A 1
1.05 6.5 -3.150001 EFBC2A 1
2.1 6.5 -3.150001 EFBC2A 1
1.05 7.55 -2.1 6B6B6B 1
1.05 8.599999 -2.1 6B6B6B 1
-7.350001 15.95 -3.149999 A6A6A6 1
6.300001 15.95 -3.150002 A6A6A6 1
-6.300002 17 -3.15 CBCBCB 1
5.25 17 -3.150001 CBCBCB 1
-4.200001 18.05 -3.15 CBCBCB 1
3.15 18.05 -3.150001 CBCBCB 1
-6.300002 15.95 -4.199999 585858 1
-5.250001 17 -4.2 585858 1
4.2 17 -4.200001 585858 1
5.25 15.95 -4.200001 585858 1
-7.350001 15.95 -4.199999 A6A6A6 1
6.300001 15.95 -4.200001 A6A6A6 1
-6.300002 17 -4.199999 CBCBCB 1
5.25 17 -4.200001 CBCBCB 1
-4.200001 18.05 -4.199999 BB4B45 1
-3.150001 18.05 -4.2 BB4B45 1
-2.100001 18.05 -4.2 BB4B45 1
-1.050001 18.05 -4.2 BB4B45 1
-4.768372E-07 18.05 -4.2 BB4B45 1
1.05 18.05 -4.2 BB4B45 1
2.1 18.05 -4.200001 BB4B45 1
3.15 18.05 -4.200001 BB4B45 1
-6.300002 15.95 -5.25 585858 1
5.25 15.95 -5.250001 585858 1
-7.350001 15.95 -5.25 A6A6A6 1
6.300001 15.95 -5.250001 A6A6A6 1
-6.300002 17 -5.25 CBCBCB 1
5.25 17 -5.250001 CBCBCB 1
-5.250001 17 -5.25 BB4B45 1
-4.200001 17 -5.25 BB4B45 1
-3.150001 17 -5.25 BB4B45 1
-2.100001 17 -5.25 BB4B45 1
-1.050001 17 -5.25 BB4B45 1
-4.768372E-07 17 -5.25 BB4B45 1
1.05 17 -5.250001 BB4B45 1
2.1 17 -5.250001 BB4B45 1
3.15 17 -5.250001 BB4B45 1
4.2 17 -5.250001 BB4B45 1
-6.300002 15.95 -6.3 A13E36 1
-5.250001 15.95 -6.300001 A13E36 1
-4.200001 15.95 -6.300001 A13E36 1
-3.150002 15.95 -6.3 A13E36 1
-2.100001 15.95 -6.300001 A13E36 1
-1.050001 15.95 -6.300001 A13E36 1
-9.536743E-07 15.95 -6.300001 A13E36 1
1.049999 15.95 -6.300001 A13E36 1
2.099999 15.95 -6.300001 A13E36 1
3.15 15.95 -6.300002 A13E36 1
4.199999 15.95 -6.300002 A13E36 1
5.25 15.95 -6.300002 A13E36 1
-7.350002 15.95 -6.300001 A6A6A6 1
6.3 15.95 -6.300002 A6A6A6 1
