-2.94 0 -4.82 A7936B 1.4
-5.88 0 -3.35 A7936B 1.4
-7.35 0 -1.88 A7936B 1.4
-8.82 0 -0.4099998 A7936B 1.4
-8.82 0 1.06 A7936B 1.4
-8.82 0 2.53 A7936B 1.4
-10.29 0 4 A7936B 1.4
-8.82 0 5.47 A7936B 1.4
-8.82 0 6.94 A7936B 1.4
-8.82 0 8.41 A7936B 1.4
-7.35 0 9.879999 A7936B 1.4
-5.88 0 11.35 A7936B 1.4
-2.94 0 12.82 A7936B 1.4
-8.82 0 4 8F6C38 1.4
-7.35 0 -0.4099998 ECE7C6 1.4
-7.35 0 1.06 8F6C38 1.4
-7.35 0 2.53 8F6C38 1.4
-7.35 1.47 4 EFBC2A 1.4
-7.35 0 5.47 8F6C38 1.4
-7.35 0 6.94 8F6C38 1.4
-7.35 0 8.41 ECE7C6 1.4
-5.88 0 -1.88 8F6C38 1.4
-5.88 0 -0.4099998 8F6C38 1.4
-5.88 0 1.06 8F6C38 1.4
-5.88 0 2.53 8F6C38 1.4
-5.88 0 4 8F6C38 1.4
-5.88 1.47 5.47 98C34D 1.4
-5.88 0 6.94 8F6C38 1.4
-5.88 0 8.41 8F6C38 1.4
-5.88 0 9.879999 8F6C38 1.4
-4.41 0 -4.82 A7936B 1.4
-4.41 0 12.82 A7936B 1.4
-4.41 0 -3.35 ECE7C6 1.4
-4.41 0 -1.88 8F6C38 1.4
-4.41 1.47 -0.4099998 E87B16 1.4
-4.41 0 1.06 8F6C38 1.4
-4.41 0 2.53 8F6C38 1.4
-4.41 0 4 8F6C38 1.4
-4.41 0 5.47 8F6C38 1.4
-4.41 1.47 6.94 98C34D 1.4
-4.41 1.47 8.41 232323 1.4
-4.41 0 9.879999 8F6C38 1.4
-4.41 0 11.35 ECE7C6 1.4
-2.94 0 -3.35 8F6C38 1.4
-2.94 0 -1.88 8F6C38 1.4
-2.94 0 -0.4099998 8F6C38 1.4
-2.94 1.47 1.06 98C34D 1.4
-2.94 0 2.53 8F6C38 1.4
-2.94 0 4 8F6C38 1.4
-2.94 0 5.47 8F6C38 1.4
-2.94 0 6.94 8F6C38 1.4
-2.94 0 8.41 8F6C38 1.4
-2.94 0 9.879999 8F6C38 1.4
-2.94 0 11.35 8F6C38 1.4
-1.47 0 -4.82 A7936B 1.4
-1.47 0 12.82 A7936B 1.4
-1.47 0 -3.35 8F6C38 1.4
-1.47 0 -1.88 8F6C38 1.4
-1.47 0 -0.4099998 8F6C38 1.4
-1.47 0 1.06 8F6C38 1.4
-1.47 1.47 2.53 98C34D 1.4
-1.47 0 4 8F6C38 1.4
-1.47 0 5.47 8F6C38 1.4
-1.47 0 6.94 8F6C38 1.4
-1.47 0 8.41 8F6C38 1.4
-1.47 0 9.879999 8F6C38 1.4
-1.47 0 11.35 8F6C38 1.4
0 0 -6.29 A7936B 1.4
0 0 14.29 A7936B 1.4
0 0 -4.82 8F6C38 1.4
0 1.47 -3.35 B93636 1.4
0 0 -1.88 8F6C38 1.4
0 0 -0.4099998 8F6C38 1.4
0 0 1.06 8F6C38 1.4
0 0 2.53 8F6C38 1.4
0 1.47 4 232323 1.4
0 0 5.47 8F6C38 1.4
0 0 6.94 8F6C38 1.4
0 0 8.41 8F6C38 1.4
0 1.47 9.879999 232323 1.4
0 0 11.35 8F6C38 1.4
0 0 12.82 8F6C38 1.4
1.47 0 -4.82 A7936B 1.4
1.47 0 12.82 A7936B 1.4
1.47 0 -3.35 8F6C38 1.4
1.47 1.47 -1.88 98C34D 1.4
1.47 0 -0.4099998 8F6C38 1.4
1.47 0 1.06 8F6C38 1.4
1.47 0 2.53 8F6C38 1.4
1.47 0 4 8F6C38 1.4
1.47 0 5.47 8F6C38 1.4
1.47 0 6.94 8F6C38 1.4
1.47 0 8.41 8F6C38 1.4
1.47 0 9.879999 8F6C38 1.4
1.47 1.47 11.35 98C34D 1.4
2.94 0 -4.82 A7936B 1.4
2.94 0 12.82 A7936B 1.4
2.94 0 -3.35 8F6C38 1.4
2.94 0 -1.88 8F6C38 1.4
2.94 0 -0.4099998 8F6C38 1.4
2.94 0 1.06 8F6C38 1.4
2.94 0 2.53 8F6C38 1.4
2.94 0 4 8F6C38 1.4
2.94 0 5.47 8F6C38 1.4
2.94 1.47 6.94 98C34D 1.4
2.94 0 8.41 8F6C38 1.4
2.94 0 9.879999 8F6C38 1.4
2.94 0 11.35 8F6C38 1.4
4.41 0 -4.82 A7936B 1.4
4.41 0 12.82 A7936B 1.4
4.41 0 -3.35 ECE7C6 1.4
4.41 0 -1.88 8F6C38 1.4
4.41 1.47 -0.4099998 232323 1.4
4.41 0 1.06 8F6C38 1.4
4.41 0 2.53 8F6C38 1.4
4.41 0 4 8F6C38 1.4
4.41 0 5.47 8F6C38 1.4
4.41 0 6.94 8F6C38 1.4
4.41 1.47 8.41 EFBC2A 1.4
4.41 0 9.879999 8F6C38 1.4
4.41 0 11.35 ECE7C6 1.4
5.88 0 -3.35 A7936B 1.4
5.88 0 11.35 A7936B 1.4
5.88 0 -1.88 8F6C38 1.4
5.88 0 -0.4099998 8F6C38 1.4
5.88 0 1.06 8F6C38 1.4
5.88 1.47 2.53 98C34D 1.4
5.88 1.47 4 E87B16 1.4
5.88 0 5.47 8F6C38 1.4
5.88 0 6.94 8F6C38 1.4
5.88 0 8.41 8F6C38 1.4
5.88 0 9.879999 8F6C38 1.4
7.35 0 -1.88 A7936B 1.4
7.35 0 9.879999 A7936B 1.4
7.35 0 -0.4099998 ECE7C6 1.4
7.35 0 1.06 8F6C38 1.4
7.35 0 2.53 8F6C38 1.4
7.35 1.47 4 98C34D 1.4
7.35 0 5.47 8F6C38 1.4
7.35 0 6.94 8F6C38 1.4
7.35 0 8.41 ECE7C6 1.4
8.82 0 1.06 A7936B 1.4
8.82 0 -0.4099998 A7936B 1.4
8.82 0 6.94 A7936B 1.4
8.82 0 8.41 A7936B 1.4
8.82 0 2.53 ECE7C6 1.4
8.82 0 4 8F6C38 1.4
8.82 0 5.47 ECE7C6 1.4
10.29 0 4 A7936B 1.4
