1.89 0 0.4725 3B3B3B 0.45
1.89 0 0 3B3B3B 0.45
1.89 0 -0.4725 3B3B3B 0.45
1.89 0 -0.9449999 3B3B3B 0.45
1.89 0.4725 0.4725 3B3B3B 0.45
1.89 0.4725 0 3B3B3B 0.45
1.89 0.4725 -0.4725 3B3B3B 0.45
1.89 0.4725 -0.9449999 3B3B3B 0.45
1.89 0.9449999 0.4725 2D2E33 0.45
1.89 0.9449999 0 2D2E33 0.45
1.89 0.9449999 -0.4725 2D2E33 0.45
1.89 1.4175 0.4725 2D2E33 0.45
1.89 1.4175 0 2D2E33 0.45
1.89 1.4175 -0.4725 2D2E33 0.45
1.89 1.89 0.4725 2D2E33 0.45
1.89 1.89 0 2D2E33 0.45
1.89 1.89 -0.4725 2D2E33 0.45
1.89 2.3625 0.4725 2D2E33 0.45
1.89 2.3625 0 2D2E33 0.45
1.89 2.3625 -0.4725 2D2E33 0.45
1.89 2.835 0.4725 2D2E33 0.45
1.89 2.835 0 2D2E33 0.45
1.89 2.835 -0.4725 2D2E33 0.45
1.89 3.3075 0.4725 2D2E33 0.45
1.89 3.3075 0 2D2E33 0.45
1.89 3.3075 -0.4725 2D2E33 0.45
1.89 3.78 0.4725 030B0E 0.45
1.89 3.78 0 030B0E 0.45
1.89 3.78 -0.4725 030B0E 0.45
1.89 4.2525 0.4725 2D2E33 0.45
1.89 4.2525 0 2D2E33 0.45
1.89 4.2525 -0.4725 2D2E33 0.45
1.89 4.725 0.4725 030B0E 0.45
1.89 4.725 0 030B0E 0.45
1.89 4.725 -0.4725 030B0E 0.45
2.3625 5.1975 1.4175 2D2E33 0.45
2.3625 5.1975 0.9449999 2D2E33 0.45
2.3625 5.1975 0.4725 2D2E33 0.45
2.3625 5.1975 0 2D2E33 0.45
2.3625 5.1975 -0.4725 2D2E33 0.45
2.3625 5.1975 -0.9449999 2D2E33 0.45
2.3625 5.1975 -1.4175 2D2E33 0.45
2.3625 5.67 1.4175 030B0E 0.45
2.3625 5.67 0.9449999 030B0E 0.45
2.3625 5.67 0.4725 030B0E 0.45
2.3625 5.67 0 030B0E 0.45
2.3625 5.67 -0.4725 030B0E 0.45
2.3625 5.67 -0.9449999 030B0E 0.45
2.3625 5.67 -1.4175 030B0E 0.45
2.3625 6.142499 1.4175 040B0D 0.45
2.3625 6.142499 0.9449999 040B0D 0.45
2.3625 6.142499 0.4725 040B0D 0.45
2.3625 6.142499 0 040B0D 0.45
2.3625 6.142499 -0.4725 040B0D 0.45
2.3625 6.142499 -0.9449999 040B0D 0.45
2.3625 6.142499 -1.4175 040B0D 0.45
2.3625 6.615 1.4175 272727 0.45
2.3625 6.615 0.9449999 272727 0.45
2.3625 6.615 0.4725 272727 0.45
2.3625 6.615 0 25262B 0.45
2.3625 6.615 -0.4725 272727 0.45
2.3625 6.615 -0.9449999 272727 0.45
2.3625 6.615 -1.4175 272727 0.45
2.3625 7.0875 1.4175 272727 0.45
2.3625 7.0875 0.9449999 272727 0.45
2.3625 7.0875 0.4725 272727 0.45
2.3625 7.0875 0 25262B 0.45
2.3625 7.0875 -0.4725 272727 0.45
2.3625 7.0875 -0.9449999 272727 0.45
2.3625 7.0875 -1.4175 272727 0.45
2.3625 7.559999 1.4175 272727 0.45
2.3625 7.559999 0.9449999 272727 0.45
2.3625 7.559999 0.4725 272727 0.45
2.3625 7.559999 0 25262B 0.45
2.3625 7.559999 -0.4725 272727 0.45
2.3625 7.559999 -0.9449999 272727 0.45
2.3625 7.559999 -1.4175 272727 0.45
2.3625 8.0325 1.4175 272727 0.45
2.3625 8.0325 0.9449999 272727 0.45
2.3625 8.0325 0.4725 272727 0.45
2.3625 8.0325 0 25262B 0.45
2.3625 8.0325 -0.4725 272727 0.45
2.3625 8.0325 -0.9449999 272727 0.45
2.3625 8.0325 -1.4175 272727 0.45
2.3625 8.504999 1.4175 272727 0.45
2.3625 8.504999 0.9449999 25262B 0.45
2.3625 8.504999 0.4725 25262B 0.45
2.3625 8.504999 0 25262B 0.45
2.3625 8.504999 -0.4725 25262B 0.45
2.3625 8.504999 -0.9449999 25262B 0.45
2.3625 8.504999 -1.4175 272727 0.45
2.3625 8.9775 1.4175 272727 0.45
2.3625 8.9775 0.9449999 383940 0.45
2.3625 8.9775 0.4725 383940 0.45
2.3625 8.9775 0 383940 0.45
2.3625 8.9775 -0.4725 383940 0.45
2.3625 8.9775 -0.9449999 25262B 0.45
2.3625 8.9775 -1.4175 272727 0.45
2.3625 9.45 1.4175 030B0E 0.45
2.3625 9.45 0.9449999 030B0E 0.45
2.3625 9.45 0.4725 030B0E 0.45
2.3625 9.45 0 030B0E 0.45
2.3625 9.45 -0.4725 030B0E 0.45
2.3625 9.45 -0.9449999 030B0E 0.45
2.3625 9.45 -1.4175 030B0E 0.45
2.3625 9.9225 1.4175 272727 0.45
2.3625 9.9225 0.9449999 272727 0.45
2.3625 9.9225 0.4725 272727 0.45
2.3625 9.9225 0 272727 0.45
2.3625 9.9225 -0.4725 272727 0.45
2.3625 9.9225 -0.9449999 272727 0.45
2.3625 9.9225 -1.4175 272727 0.45
2.3625 10.395 1.4175 272727 0.45
2.3625 10.395 0.9449999 272727 0.45
5.67 10.395 0.4725 393A3F 0.45
5.67 10.395 0 393A3F 0.45
5.67 10.395 -0.4725 393A3F 0.45
2.3625 10.395 -0.9449999 272727 0.45
2.3625 10.395 -1.4175 272727 0.45
2.3625 10.8675 1.4175 272727 0.45
2.3625 10.8675 0.9449999 383940 0.45
9.45 10.8675 0.4725 D19984 0.45
9.45 10.8675 0 D19984 0.45
9.45 10.8675 -0.4725 D19984 0.45
2.3625 10.8675 -0.9449999 272727 0.45
2.3625 10.8675 -1.4175 272727 0.45
2.3625 11.34 1.4175 272727 0.45
2.3625 11.34 0.9449999 383940 0.45
9.45 11.34 0.4725 D19984 0.45
9.45 11.34 0 D19984 0.45
9.45 11.34 -0.4725 D19984 0.45
2.3625 11.34 -0.9449999 272727 0.45
2.3625 11.34 -1.4175 272727 0.45
1.89 11.8125 1.89 DEAA95 0.45
1.89 11.8125 1.4175 DEAA95 0.45
1.89 11.8125 0.9449999 DEAA95 0.45
1.89 11.8125 0.4725 DEAA95 0.45
1.89 11.8125 0 DEAA95 0.45
1.89 11.8125 -0.4725 DEAA95 0.45
1.89 11.8125 -0.9449999 DEAA95 0.45
1.89 11.8125 -1.4175 BEA296 0.45
1.89 11.8125 -1.89 BEA296 0.45
1.89 12.285 1.89 DEAA95 0.45
1.89 12.285 1.4175 DEAA95 0.45
1.89 12.285 0.9449999 DEAA95 0.45
1.89 12.285 0.4725 DEAA95 0.45
1.89 12.285 0 DEAA95 0.45
1.89 12.285 -0.4725 DEAA95 0.45
1.89 12.285 -0.9449999 DEAA95 0.45
1.89 12.285 -1.4175 BEA296 0.45
1.89 12.285 -1.89 BEA296 0.45
1.89 12.7575 1.89 3D2F2F 0.45
1.89 12.7575 1.4175 3D2F2F 0.45
1.89 12.7575 0.9449999 3D2F2F 0.45
1.89 12.7575 0.4725 3D2F2F 0.45
1.89 12.7575 0 DEAA95 0.45
1.89 12.7575 -0.4725 B5687D 0.45
1.89 12.7575 -0.9449999 E4BEC5 0.45
1.89 12.7575 -1.4175 CAB8C6 0.45
1.89 12.7575 -1.89 CAB8C6 0.45
1.89 13.23 1.89 3D2F2F 0.45
1.89 13.23 1.4175 3D2F2F 0.45
1.89 13.23 0.9449999 3D2F2F 0.45
1.89 13.23 0.4725 3D2F2F 0.45
1.89 13.23 0 DEAA95 0.45
1.89 13.23 -0.4725 B5687D 0.45
1.89 13.23 -0.9449999 E4BEC5 0.45
1.89 13.23 -1.4175 E4BEC5 0.45
1.89 13.23 -1.89 E4BEC5 0.45
1.89 13.7025 1.89 3D2F2F 0.45
1.89 13.7025 1.4175 3D2F2F 0.45
1.89 13.7025 0.9449999 3D2F2F 0.45
1.89 13.7025 0.4725 3D2F2F 0.45
1.89 13.7025 0 DEAA95 0.45
1.89 13.7025 -0.4725 B5687D 0.45
1.89 13.7025 -0.9449999 E4BEC5 0.45
1.89 13.7025 -1.4175 E4BEC5 0.45
1.89 13.7025 -1.89 E4BEC5 0.45
1.89 14.175 1.89 3D2F2F 0.45
1.89 14.175 1.4175 3D2F2F 0.45
1.89 14.175 0.9449999 3D2F2F 0.45
1.89 14.175 0.4725 3D2F2F 0.45
1.89 14.175 0 3D2F2F 0.45
1.89 14.175 -0.4725 CB818F 0.45
1.89 14.175 -0.9449999 E4BEC5 0.45
1.89 14.175 -1.4175 E4BEC5 0.45
1.89 14.175 -1.89 E4BEC5 0.45
1.89 14.6475 1.89 3D2F2F 0.45
1.89 14.6475 1.4175 3D2F2F 0.45
1.89 14.6475 0.9449999 3D2F2F 0.45
1.89 14.6475 0.4725 3D2F2F 0.45
1.89 14.6475 0 3D2F2F 0.45
1.89 14.6475 -0.4725 060624 0.45
1.89 14.6475 -0.9449999 060624 0.45
1.89 14.6475 -1.4175 CB818F 0.45
1.89 14.6475 -1.89 CB818F 0.45
1.89 15.12 1.89 3D2F2F 0.45
1.89 15.12 1.4175 3D2F2F 0.45
1.89 15.12 0.9449999 3D2F2F 0.45
1.89 15.12 0.4725 3D2F2F 0.45
1.89 15.12 0 3D2F2F 0.45
1.89 15.12 -0.4725 3D2F2F 0.45
1.89 15.12 -0.9449999 3D2F2F 0.45
1.89 15.12 -1.4175 3D2F2F 0.45
1.89 15.12 -1.89 3D2F2F 0.45
1.89 15.5925 1.89 3D2F2F 0.45
1.89 15.5925 1.4175 3D2F2F 0.45
1.89 15.5925 0.9449999 3D2F2F 0.45
1.89 15.5925 0.4725 3D2F2F 0.45
1.89 15.5925 0 3D2F2F 0.45
1.89 15.5925 -0.4725 3D2F2F 0.45
1.89 15.5925 -0.9449999 3D2F2F 0.45
1.89 15.5925 -1.4175 3D2F2F 0.45
1.89 15.5925 -1.89 3D2F2F 0.45
9.45 10.395 0.4725 E6B19D 0.45
9.45 10.395 0 E6B19D 0.45
9.45 10.395 -0.4725 E6B19D 0.45
8.504999 10.8675 0.4725 393A3F 0.45
8.504999 10.8675 0 393A3F 0.45
8.504999 10.8675 -0.4725 393A3F 0.45
8.504999 11.34 0.4725 393A3F 0.45
8.504999 11.34 0 393A3F 0.45
8.504999 11.34 -0.4725 393A3F 0.45
8.9775 10.395 0.4725 E6B19D 0.45
8.9775 10.395 0 E6B19D 0.45
8.9775 10.395 -0.4725 E6B19D 0.45
8.9775 10.8675 0.4725 F8CDB4 0.45
8.9775 10.8675 -0.4725 F8CDB4 0.45
8.9775 11.34 0.4725 F8CDB4 0.45
8.9775 11.34 -0.4725 F8CDB4 0.45
8.9775 11.34 0 E6B19D 0.45
8.504999 10.395 0.4725 393A3F 0.45
8.504999 10.395 0 393A3F 0.45
8.504999 10.395 -0.4725 393A3F 0.45
8.504999 10.8675 0.9449999 43444B 0.45
5.67 10.8675 0.4725 393A3F 0.45
5.67 10.8675 0 393A3F 0.45
5.67 10.8675 -0.4725 393A3F 0.45
8.504999 10.8675 -0.9449999 4B4D54 0.45
8.504999 11.34 0.9449999 43444B 0.45
5.67 11.34 0.4725 393A3F 0.45
5.67 11.34 0 393A3F 0.45
5.67 11.34 -0.4725 393A3F 0.45
8.504999 11.34 -0.9449999 4B4D54 0.45
8.504999 11.8125 0.4725 5D5F68 0.45
8.504999 11.8125 0 5D5F68 0.45
8.504999 11.8125 -0.4725 5D5F68 0.45
8.0325 10.395 0.4725 393A3F 0.45
8.0325 10.395 0 393A3F 0.45
8.0325 10.395 -0.4725 393A3F 0.45
8.0325 10.8675 0.9449999 43444B 0.45
8.0325 10.8675 -0.9449999 4B4D54 0.45
8.0325 11.34 0.9449999 43444B 0.45
8.0325 11.34 -0.9449999 4B4D54 0.45
8.0325 11.8125 0.4725 5D5F68 0.45
8.0325 11.8125 0 5D5F68 0.45
8.0325 11.8125 -0.4725 5D5F68 0.45
7.559999 10.395 0.4725 393A3F 0.45
7.559999 10.395 0 393A3F 0.45
7.559999 10.395 -0.4725 393A3F 0.45
7.559999 10.8675 0.9449999 43444B 0.45
7.559999 10.8675 -0.9449999 4B4D54 0.45
7.559999 11.34 0.9449999 43444B 0.45
7.559999 11.34 -0.9449999 4B4D54 0.45
7.559999 11.8125 0.4725 3C3C3C 0.45
7.559999 11.8125 0 3C3C3C 0.45
7.559999 11.8125 -0.4725 3C3C3C 0.45
7.0875 10.395 0.4725 393A3F 0.45
7.0875 10.395 0 393A3F 0.45
7.0875 10.395 -0.4725 393A3F 0.45
7.0875 10.8675 0.9449999 43444B 0.45
7.0875 10.8675 -0.9449999 4B4D54 0.45
7.0875 11.34 0.9449999 43444B 0.45
7.0875 11.34 -0.9449999 4B4D54 0.45
7.0875 11.8125 0.4725 3C3C3C 0.45
7.0875 11.8125 0 3C3C3C 0.45
7.0875 11.8125 -0.4725 3C3C3C 0.45
6.615 10.395 0.4725 393A3F 0.45
6.615 10.395 0 393A3F 0.45
6.615 10.395 -0.4725 393A3F 0.45
6.615 10.8675 0.9449999 43444B 0.45
6.615 10.8675 -0.9449999 4B4D54 0.45
6.615 11.34 0.9449999 43444B 0.45
6.615 11.34 -0.9449999 4B4D54 0.45
6.615 11.8125 0.4725 3C3C3C 0.45
6.615 11.8125 0 3C3C3C 0.45
6.615 11.8125 -0.4725 3C3C3C 0.45
6.142499 10.395 0.4725 393A3F 0.45
6.142499 10.395 0 393A3F 0.45
6.142499 10.395 -0.4725 393A3F 0.45
6.142499 10.8675 0.9449999 43444B 0.45
6.142499 10.8675 -0.9449999 4B4D54 0.45
6.142499 11.34 0.9449999 43444B 0.45
6.142499 11.34 -0.9449999 4B4D54 0.45
6.142499 11.8125 0.4725 3C3C3C 0.45
6.142499 11.8125 0 3C3C3C 0.45
6.142499 11.8125 -0.4725 3C3C3C 0.45
5.67 10.395 0.9449999 43444B 0.45
2.3625 10.395 0.4725 272727 0.45
2.3625 10.395 0 272727 0.45
2.3625 10.395 -0.4725 272727 0.45
5.67 10.395 -0.9449999 4B4D54 0.45
5.67 10.8675 0.9449999 43444B 0.45
2.3625 10.8675 0.4725 383940 0.45
2.3625 10.8675 0 383940 0.45
2.3625 10.8675 -0.4725 383940 0.45
5.67 10.8675 -0.9449999 4B4D54 0.45
5.67 11.34 0.9449999 43444B 0.45
2.3625 11.34 0.4725 383940 0.45
2.3625 11.34 0 383940 0.45
2.3625 11.34 -0.4725 383940 0.45
5.67 11.34 -0.9449999 4B4D54 0.45
5.67 11.8125 0.4725 5D5F68 0.45
5.67 11.8125 0 5D5F68 0.45
5.67 11.8125 -0.4725 5D5F68 0.45
5.1975 10.395 0.4725 393A3F 0.45
5.1975 10.395 0 393A3F 0.45
5.1975 10.395 -0.4725 393A3F 0.45
5.1975 10.395 0.9449999 43444B 0.45
5.1975 10.395 -0.9449999 4B4D54 0.45
5.1975 10.8675 0.9449999 43444B 0.45
5.1975 10.8675 -0.9449999 4B4D54 0.45
5.1975 11.34 0.9449999 43444B 0.45
5.1975 11.34 -0.9449999 4B4D54 0.45
5.1975 11.8125 0.4725 3C3C3C 0.45
5.1975 11.8125 0 3C3C3C 0.45
5.1975 11.8125 -0.4725 3C3C3C 0.45
4.725 10.395 0.4725 393A3F 0.45
4.725 10.395 0 393A3F 0.45
4.725 10.395 -0.4725 393A3F 0.45
4.725 10.395 0.9449999 43444B 0.45
4.725 10.395 -0.9449999 4B4D54 0.45
4.725 10.8675 0.9449999 43444B 0.45
4.725 10.8675 -0.9449999 4B4D54 0.45
4.725 11.34 0.9449999 43444B 0.45
4.725 11.34 -0.9449999 4B4D54 0.45
4.725 11.8125 0.4725 3C3C3C 0.45
4.725 11.8125 0 3C3C3C 0.45
4.725 11.8125 -0.4725 3C3C3C 0.45
4.2525 10.395 0.4725 030B0E 0.45
4.2525 10.395 0 030B0E 0.45
4.2525 10.395 -0.4725 030B0E 0.45
4.2525 10.395 0.9449999 030B0E 0.45
4.2525 10.395 -0.9449999 030B0E 0.45
4.2525 10.8675 0.9449999 030B0E 0.45
4.2525 10.8675 -0.9449999 030B0E 0.45
4.2525 11.34 0.9449999 030B0E 0.45
4.2525 11.34 -0.9449999 030B0E 0.45
4.2525 11.8125 0.4725 3C3C3C 0.45
4.2525 11.8125 0 3C3C3C 0.45
4.2525 11.8125 -0.4725 3C3C3C 0.45
3.78 10.395 0.4725 393A3F 0.45
3.78 10.395 0 393A3F 0.45
3.78 10.395 -0.4725 393A3F 0.45
3.78 10.395 0.9449999 43444B 0.45
3.78 10.395 -0.9449999 4B4D54 0.45
3.78 10.8675 0.9449999 43444B 0.45
3.78 10.8675 -0.9449999 4B4D54 0.45
3.78 11.34 0.9449999 43444B 0.45
3.78 11.34 -0.9449999 4B4D54 0.45
3.78 11.8125 0.4725 3C3C3C 0.45
3.78 11.8125 0 3C3C3C 0.45
3.78 11.8125 -0.4725 3C3C3C 0.45
3.3075 10.395 0.4725 393A3F 0.45
3.3075 10.395 0 393A3F 0.45
3.3075 10.395 -0.4725 393A3F 0.45
3.3075 10.395 0.9449999 43444B 0.45
3.3075 10.395 -0.9449999 4B4D54 0.45
3.3075 10.8675 0.9449999 43444B 0.45
3.3075 10.8675 -0.9449999 4B4D54 0.45
3.3075 11.34 0.9449999 43444B 0.45
3.3075 11.34 -0.9449999 4B4D54 0.45
3.3075 11.8125 0.4725 5D5F68 0.45
3.3075 11.8125 0 5D5F68 0.45
3.3075 11.8125 -0.4725 5D5F68 0.45
2.835 10.395 0.4725 393A3F 0.45
2.835 10.395 0 393A3F 0.45
2.835 10.395 -0.4725 393A3F 0.45
2.835 10.395 0.9449999 43444B 0.45
2.835 10.395 -0.9449999 4B4D54 0.45
2.835 10.8675 0.9449999 43444B 0.45
2.835 10.8675 -0.9449999 4B4D54 0.45
2.835 11.34 0.9449999 43444B 0.45
2.835 11.34 -0.9449999 4B4D54 0.45
2.835 11.8125 0.4725 5D5F68 0.45
2.835 11.8125 0 5D5F68 0.45
2.835 11.8125 -0.4725 5D5F68 0.45
-2.835 10.395 0.4725 686A73 0.45
-2.835 10.395 0 686A73 0.45
-2.835 10.395 -0.4725 686A73 0.45
2.835 10.8675 0.4725 686A73 0.45
-2.835 10.8675 0.4725 686A73 0.45
2.835 10.8675 0 686A73 0.45
-2.835 10.8675 0 686A73 0.45
2.835 10.8675 -0.4725 686A73 0.45
-2.835 10.8675 -0.4725 686A73 0.45
2.835 11.34 0.4725 686A73 0.45
-2.835 11.34 0.4725 686A73 0.45
2.835 11.34 0 686A73 0.45
-2.835 11.34 0 686A73 0.45
2.835 11.34 -0.4725 686A73 0.45
-2.835 11.34 -0.4725 686A73 0.45
2.3625 11.8125 1.4175 5D5F68 0.45
2.3625 11.8125 0.9449999 5D5F68 0.45
2.3625 11.8125 0.4725 5D5F68 0.45
2.3625 11.8125 0 5D5F68 0.45
2.3625 11.8125 -0.4725 5D5F68 0.45
2.3625 11.8125 -0.9449999 5D5F68 0.45
2.3625 11.8125 -1.4175 5D5F68 0.45
1.89 11.34 1.89 C7927A 0.45
1.89 5.1975 1.4175 25262A 0.45
1.89 5.1975 0.9449999 25262A 0.45
1.89 5.1975 -0.9449999 25262A 0.45
1.89 5.1975 -1.4175 25262A 0.45
1.89 11.34 -1.89 C7927A 0.45
1.89 0.9449999 0.9449999 38393F 0.45
1.89 0.9449999 -0.9449999 38393F 0.45
1.89 1.4175 0.9449999 38393F 0.45
-0.4725 1.4175 0.4725 030B0E 0.45
-0.4725 1.4175 0 030B0E 0.45
-0.4725 1.4175 -0.4725 030B0E 0.45
1.89 1.4175 -0.9449999 3C3C3C 0.45
1.89 1.89 0.9449999 38393F 0.45
-0.4725 1.89 0.4725 25262A 0.45
-0.4725 1.89 0 25262A 0.45
-0.4725 1.89 -0.4725 25262A 0.45
1.89 1.89 -0.9449999 3C3C3C 0.45
1.89 2.3625 0.9449999 38393F 0.45
-0.4725 2.3625 0.4725 030B0E 0.45
-0.4725 2.3625 0 030B0E 0.45
-0.4725 2.3625 -0.4725 030B0E 0.45
1.89 2.3625 -0.9449999 3C3C3C 0.45
1.89 2.835 0.9449999 38393F 0.45
-0.4725 2.835 0.4725 25262A 0.45
-0.4725 2.835 0 25262A 0.45
-0.4725 2.835 -0.4725 25262A 0.45
1.89 2.835 -0.9449999 3C3C3C 0.45
1.89 3.3075 0.9449999 38393F 0.45
1.89 5.1975 0.4725 25262A 0.45
-0.4725 3.3075 0.4725 25262A 0.45
1.89 5.1975 0 25262A 0.45
-0.4725 3.3075 0 25262A 0.45
1.89 5.1975 -0.4725 25262A 0.45
-0.4725 3.3075 -0.4725 25262A 0.45
1.89 3.3075 -0.9449999 3C3C3C 0.45
1.89 3.78 0.9449999 030B0E 0.45
-0.4725 3.78 0.4725 25262A 0.45
-0.4725 3.78 0 25262A 0.45
-0.4725 3.78 -0.4725 25262A 0.45
1.89 3.78 -0.9449999 3C3C3C 0.45
1.89 4.2525 0.9449999 38393F 0.45
-0.4725 4.2525 0.4725 25262A 0.45
-0.4725 4.2525 0 25262A 0.45
-0.4725 4.2525 -0.4725 25262A 0.45
1.89 4.2525 -0.9449999 3C3C3C 0.45
1.89 4.725 0.9449999 030B0E 0.45
-0.4725 4.725 0.4725 25262A 0.45
-0.4725 4.725 0 25262A 0.45
-0.4725 4.725 -0.4725 25262A 0.45
1.89 4.725 -0.9449999 3C3C3C 0.45
1.89 6.142499 1.4175 25262A 0.45
1.89 6.142499 0.9449999 25262A 0.45
1.89 6.142499 0.4725 25262A 0.45
-0.4725 5.1975 0.4725 25262A 0.45
1.89 6.142499 0 25262A 0.45
-0.4725 5.1975 0 25262A 0.45
1.89 6.142499 -0.4725 25262A 0.45
-0.4725 5.1975 -0.4725 25262A 0.45
1.89 6.142499 -0.9449999 25262A 0.45
1.89 6.142499 -1.4175 25262A 0.45
1.89 5.67 1.4175 030B0E 0.45
1.89 5.67 0.4725 25262A 0.45
1.89 5.67 0 25262A 0.45
1.89 5.67 -0.4725 25262A 0.45
1.89 5.67 -1.4175 030B0E 0.45
1.89 11.34 1.4175 C7927A 0.45
1.89 11.34 0.9449999 C7927A 0.45
1.89 11.34 0.4725 C7927A 0.45
1.89 11.34 0 C7927A 0.45
1.89 11.34 -0.4725 C7927A 0.45
1.89 11.34 -0.9449999 C7927A 0.45
1.89 11.34 -1.4175 C7927A 0.45
1.89 6.615 1.4175 3C3C3C 0.45
1.89 6.615 -1.4175 3C3C3C 0.45
1.89 7.0875 1.4175 3C3C3C 0.45
1.89 7.0875 -1.4175 3C3C3C 0.45
1.89 7.559999 1.4175 3C3C3C 0.45
1.89 7.559999 -1.4175 3C3C3C 0.45
1.89 8.0325 1.4175 3C3C3C 0.45
1.89 8.0325 -1.4175 3C3C3C 0.45
1.89 8.504999 1.4175 272727 0.45
1.89 8.504999 -1.4175 272727 0.45
1.89 8.9775 1.4175 3C3C3C 0.45
1.89 8.9775 -1.4175 3C3C3C 0.45
1.89 9.45 1.4175 030B0E 0.45
1.89 9.45 -1.4175 080808 0.45
1.89 9.9225 1.4175 424242 0.45
1.89 9.9225 -1.4175 3C3C3C 0.45
1.89 10.395 1.4175 434343 0.45
1.89 10.395 -1.4175 3C3C3C 0.45
1.89 10.8675 1.4175 3C3C3C 0.45
1.89 10.8675 -1.4175 3C3C3C 0.45
1.4175 11.34 1.89 C7927A 0.45
1.4175 5.1975 1.4175 25262A 0.45
1.4175 5.1975 0.9449999 25262A 0.45
1.4175 0 0.4725 262626 0.45
1.4175 0 0 262626 0.45
1.4175 0 -0.4725 262626 0.45
1.4175 0 -0.9449999 262626 0.45
1.4175 5.1975 -1.4175 25262A 0.45
1.4175 11.34 -1.89 C7927A 0.45
-0.4725 0 0.4725 262626 0.45
-0.4725 0 0 262626 0.45
-0.4725 0 -0.4725 262626 0.45
-0.4725 0 -0.9449999 262626 0.45
1.4175 0 -1.4175 3B3B3B 0.45
1.4175 0.4725 0.4725 3B3B3B 0.45
1.4175 0.9449999 0.4725 25262A 0.45
-0.4725 0.4725 0.4725 262626 0.45
1.4175 0.9449999 0 25262A 0.45
-0.4725 0.4725 0 262626 0.45
1.4175 0.9449999 -0.4725 25262A 0.45
-0.4725 0.4725 -0.4725 262626 0.45
1.4175 5.1975 -0.9449999 25262A 0.45
-0.4725 0.4725 -0.9449999 262626 0.45
1.4175 0.4725 -1.4175 3B3B3B 0.45
1.4175 0.9449999 0.9449999 38393F 0.45
1.4175 2.835 0.4725 25262A 0.45
-0.4725 0.9449999 0.4725 25262A 0.45
1.4175 2.835 0 25262A 0.45
-0.4725 0.9449999 0 25262A 0.45
1.4175 2.835 -0.4725 25262A 0.45
-0.4725 0.9449999 -0.4725 25262A 0.45
1.4175 0.9449999 -0.9449999 3B3B3B 0.45
1.4175 1.4175 0.9449999 38393F 0.45
1.4175 1.4175 -0.9449999 3C3C3C 0.45
1.4175 1.89 0.9449999 38393F 0.45
1.4175 1.89 -0.9449999 3C3C3C 0.45
1.4175 2.3625 0.9449999 38393F 0.45
1.4175 2.3625 -0.9449999 3C3C3C 0.45
1.4175 2.835 0.9449999 38393F 0.45
1.4175 2.835 -0.9449999 3C3C3C 0.45
1.4175 3.3075 0.9449999 38393F 0.45
1.4175 5.1975 0.4725 25262A 0.45
1.4175 5.1975 0 25262A 0.45
1.4175 5.1975 -0.4725 25262A 0.45
1.4175 3.3075 -0.9449999 3C3C3C 0.45
1.4175 3.78 0.9449999 030B0E 0.45
1.4175 3.3075 0.4725 25262A 0.45
1.4175 3.3075 0 25262A 0.45
1.4175 3.3075 -0.4725 25262A 0.45
1.4175 3.78 -0.9449999 3C3C3C 0.45
1.4175 4.2525 0.9449999 38393F 0.45
1.4175 4.2525 -0.9449999 3C3C3C 0.45
1.4175 4.725 0.9449999 030B0E 0.45
1.4175 4.725 -0.9449999 3C3C3C 0.45
1.4175 6.142499 1.4175 25262A 0.45
1.4175 6.142499 0.9449999 25262A 0.45
1.4175 6.142499 0.4725 25262A 0.45
1.4175 6.142499 0 25262A 0.45
1.4175 6.142499 -0.4725 25262A 0.45
1.4175 6.142499 -0.9449999 25262A 0.45
1.4175 6.142499 -1.4175 25262A 0.45
1.4175 5.67 1.4175 030B0E 0.45
1.4175 5.67 0.4725 25262A 0.45
1.4175 5.67 0 25262A 0.45
1.4175 5.67 -0.4725 25262A 0.45
1.4175 5.67 -1.4175 030B0E 0.45
1.4175 11.34 1.4175 C7927A 0.45
1.4175 11.34 0.9449999 C7927A 0.45
1.4175 11.34 0.4725 C7927A 0.45
1.4175 11.34 0 C7927A 0.45
1.4175 11.34 -0.4725 C7927A 0.45
1.4175 11.34 -0.9449999 C7927A 0.45
1.4175 11.34 -1.4175 C7927A 0.45
1.4175 6.615 1.4175 3C3C3C 0.45
1.4175 6.615 -1.4175 3C3C3C 0.45
1.4175 7.0875 1.4175 3C3C3C 0.45
1.4175 7.0875 -1.4175 3C3C3C 0.45
1.4175 7.559999 1.4175 3C3C3C 0.45
1.4175 7.559999 -1.4175 3C3C3C 0.45
1.4175 8.0325 1.4175 3C3C3C 0.45
1.4175 8.0325 -1.4175 3C3C3C 0.45
1.4175 8.504999 1.4175 272727 0.45
1.4175 8.504999 -1.4175 272727 0.45
1.4175 8.9775 1.4175 3C3C3C 0.45
1.4175 8.9775 -1.4175 3C3C3C 0.45
1.4175 9.45 1.4175 030B0E 0.45
1.4175 9.45 -1.4175 080808 0.45
1.4175 9.9225 1.4175 424242 0.45
1.4175 9.9225 -1.4175 3C3C3C 0.45
1.4175 10.395 1.4175 FFFFFF 0.45
1.4175 10.395 -1.4175 FFFFFF 0.45
1.4175 10.8675 1.4175 3C3C3C 0.45
1.4175 10.8675 -1.4175 3C3C3C 0.45
1.4175 11.8125 1.89 E6B19D 0.45
1.4175 11.8125 1.4175 5D5F68 0.45
1.4175 11.8125 0.9449999 E6B19D 0.45
1.4175 11.8125 0.4725 E6B19D 0.45
1.4175 11.8125 0 E6B19D 0.45
1.4175 11.8125 -0.4725 E6B19D 0.45
1.4175 11.8125 -0.9449999 E6B19D 0.45
1.4175 11.8125 -1.4175 E6B19D 0.45
1.4175 11.8125 -1.89 C9B3A4 0.45
1.4175 12.285 1.89 E6B19D 0.45
1.4175 12.285 -1.89 C9B3A4 0.45
1.4175 12.7575 1.89 3D2F2F 0.45
1.4175 12.7575 -1.89 D3C5CD 0.45
1.4175 13.23 1.89 3D2F2F 0.45
1.4175 13.23 -1.89 F9D9D6 0.45
1.4175 13.7025 1.89 3D2F2F 0.45
1.4175 13.7025 -1.89 F9D9D6 0.45
1.4175 14.175 1.89 3D2F2F 0.45
1.4175 14.175 -1.89 61608E 0.45
1.4175 14.6475 1.89 3D2F2F 0.45
1.4175 14.6475 -1.89 D68D98 0.45
1.4175 15.12 1.89 3D2F2F 0.45
1.4175 15.12 -1.89 3D2F2F 0.45
1.4175 15.5925 1.89 3D2F2F 0.45
1.4175 15.5925 -1.89 3D2F2F 0.45
1.4175 15.5925 1.4175 3D2F2F 0.45
1.4175 15.5925 0.9449999 3D2F2F 0.45
1.4175 15.5925 0.4725 3D2F2F 0.45
1.4175 15.5925 0 3D2F2F 0.45
1.4175 15.5925 -0.4725 3D2F2F 0.45
1.4175 15.5925 -0.9449999 3D2F2F 0.45
1.4175 15.5925 -1.4175 3D2F2F 0.45
0.9449999 11.34 1.89 C7927A 0.45
0.9449999 5.1975 1.4175 25262A 0.45
0.9449999 5.1975 0.9449999 25262A 0.45
0.9449999 0 0.4725 262626 0.45
0.9449999 0 0 262626 0.45
0.9449999 0 -0.4725 262626 0.45
0.9449999 0 -0.9449999 262626 0.45
0.9449999 5.1975 -1.4175 25262A 0.45
0.9449999 11.34 -1.89 C7927A 0.45
0.9449999 0 -1.4175 3B3B3B 0.45
0.9449999 0.4725 0.4725 3B3B3B 0.45
0.9449999 0.9449999 0.4725 25262A 0.45
0.9449999 0.9449999 0 25262A 0.45
0.9449999 0.9449999 -0.4725 25262A 0.45
0.9449999 5.1975 -0.9449999 25262A 0.45
0.9449999 0.4725 -1.4175 3B3B3B 0.45
0.9449999 0.9449999 0.9449999 38393F 0.45
0.9449999 2.835 0.4725 25262A 0.45
0.9449999 2.835 0 25262A 0.45
0.9449999 2.835 -0.4725 25262A 0.45
0.9449999 0.9449999 -0.9449999 3B3B3B 0.45
0.9449999 1.4175 0.9449999 38393F 0.45
0.9449999 1.4175 -0.9449999 3C3C3C 0.45
0.9449999 1.89 0.9449999 38393F 0.45
0.9449999 1.89 -0.9449999 3C3C3C 0.45
0.9449999 2.3625 0.9449999 38393F 0.45
0.9449999 2.3625 -0.9449999 3C3C3C 0.45
0.9449999 2.835 0.9449999 38393F 0.45
0.9449999 2.835 -0.9449999 3C3C3C 0.45
0.9449999 3.3075 0.9449999 38393F 0.45
0.9449999 5.1975 0.4725 25262A 0.45
0.9449999 5.1975 0 25262A 0.45
0.9449999 5.1975 -0.4725 25262A 0.45
0.9449999 3.3075 -0.9449999 3C3C3C 0.45
0.9449999 3.78 0.9449999 030B0E 0.45
0.9449999 3.3075 0.4725 25262A 0.45
0.9449999 3.3075 0 25262A 0.45
0.9449999 3.3075 -0.4725 25262A 0.45
0.9449999 3.78 -0.9449999 3C3C3C 0.45
0.9449999 4.2525 0.9449999 38393F 0.45
0.9449999 4.2525 -0.9449999 3C3C3C 0.45
0.9449999 4.725 0.9449999 030B0E 0.45
0.9449999 4.725 -0.9449999 3C3C3C 0.45
0.9449999 6.142499 1.4175 25262A 0.45
0.9449999 6.142499 0.9449999 25262A 0.45
0.9449999 6.142499 0.4725 25262A 0.45
0.9449999 6.142499 0 25262A 0.45
0.9449999 6.142499 -0.4725 25262A 0.45
0.9449999 6.142499 -0.9449999 25262A 0.45
0.9449999 6.142499 -1.4175 25262A 0.45
0.9449999 5.67 1.4175 030B0E 0.45
0.9449999 5.67 0.4725 25262A 0.45
0.9449999 5.67 0 25262A 0.45
0.9449999 5.67 -0.4725 25262A 0.45
0.9449999 5.67 -1.4175 030B0E 0.45
0.9449999 11.34 1.4175 C7927A 0.45
0.9449999 11.34 0.9449999 C7927A 0.45
0.9449999 11.34 0.4725 C7927A 0.45
0.9449999 11.34 0 C7927A 0.45
0.9449999 11.34 -0.4725 C7927A 0.45
0.9449999 11.34 -0.9449999 C7927A 0.45
0.9449999 11.34 -1.4175 C7927A 0.45
0.9449999 6.615 1.4175 3C3C3C 0.45
0.9449999 6.615 -1.4175 3C3C3C 0.45
0.9449999 7.0875 1.4175 3C3C3C 0.45
0.9449999 7.0875 -1.4175 3C3C3C 0.45
0.9449999 7.559999 1.4175 3C3C3C 0.45
0.9449999 7.559999 -1.4175 3C3C3C 0.45
0.9449999 8.0325 1.4175 3C3C3C 0.45
0.9449999 8.0325 -1.4175 3C3C3C 0.45
0.9449999 8.504999 1.4175 272727 0.45
0.9449999 8.504999 -1.4175 272727 0.45
0.9449999 8.9775 1.4175 3C3C3C 0.45
0.9449999 8.9775 -1.4175 3C3C3C 0.45
0.9449999 9.45 1.4175 030B0E 0.45
0.9449999 9.45 -1.4175 080808 0.45
0.9449999 9.9225 1.4175 3C3C3C 0.45
0.9449999 9.9225 -1.4175 424242 0.45
0.9449999 10.395 1.4175 FFFFFF 0.45
0.9449999 10.395 -1.4175 FFFFFF 0.45
0.9449999 10.8675 1.4175 3C3C3C 0.45
0.9449999 10.8675 -1.4175 3C3C3C 0.45
0.9449999 11.8125 1.89 E6B19D 0.45
0.9449999 11.8125 1.4175 5D5F68 0.45
0.9449999 11.8125 0.9449999 E6B19D 0.45
0.9449999 11.8125 0.4725 E6B19D 0.45
0.9449999 11.8125 0 E6B19D 0.45
0.9449999 11.8125 -0.4725 E6B19D 0.45
0.9449999 11.8125 -0.9449999 E6B19D 0.45
0.9449999 11.8125 -1.4175 E6B19D 0.45
0.9449999 11.8125 -1.89 C9B3A4 0.45
0.9449999 12.285 1.89 E6B19D 0.45
0.9449999 12.285 -1.89 C9B3A4 0.45
0.9449999 12.7575 1.89 3D2F2F 0.45
0.9449999 12.7575 -1.89 D3C5CD 0.45
0.9449999 13.23 1.89 3D2F2F 0.45
0.9449999 13.23 -1.89 F9D9D6 0.45
0.9449999 13.7025 1.89 3D2F2F 0.45
0.9449999 13.7025 -1.89 5C4A89 0.45
0.9449999 14.175 1.89 3D2F2F 0.45
0.9449999 14.175 -1.89 61608E 0.45
0.9449999 14.6475 1.89 3D2F2F 0.45
0.9449999 14.6475 -1.89 D68D98 0.45
0.9449999 15.12 1.89 3D2F2F 0.45
0.9449999 15.12 -1.89 3D2F2F 0.45
0.9449999 15.5925 1.89 3D2F2F 0.45
0.9449999 15.5925 -1.89 3D2F2F 0.45
0.9449999 15.5925 1.4175 3D2F2F 0.45
0.9449999 15.5925 0.9449999 3D2F2F 0.45
0.9449999 15.5925 0.4725 3D2F2F 0.45
0.9449999 15.5925 0 3D2F2F 0.45
0.9449999 15.5925 -0.4725 3D2F2F 0.45
0.9449999 15.5925 -0.9449999 3D2F2F 0.45
0.9449999 15.5925 -1.4175 3D2F2F 0.45
0.4725 11.34 1.89 C7927A 0.45
0.4725 5.1975 1.4175 25262A 0.45
0.4725 5.1975 0.9449999 25262A 0.45
0.4725 5.1975 0.4725 25262A 0.45
0.4725 5.1975 0 25262A 0.45
0.4725 5.1975 -0.4725 25262A 0.45
0.4725 5.1975 -0.9449999 25262A 0.45
0.4725 5.1975 -1.4175 25262A 0.45
0.4725 11.34 -1.89 C7927A 0.45
0.4725 0 0.4725 262626 0.45
0.4725 0 0 262626 0.45
0.4725 0 -0.4725 262626 0.45
0.4725 0 -0.9449999 262626 0.45
0.4725 0.4725 0.4725 262626 0.45
0.4725 0.4725 0 262626 0.45
0.4725 0.4725 -0.4725 262626 0.45
0.4725 0.4725 -0.9449999 262626 0.45
0.4725 0.9449999 0.4725 25262A 0.45
0.4725 0.9449999 0 25262A 0.45
0.4725 0.9449999 -0.4725 25262A 0.45
0.4725 1.4175 0.4725 25262A 0.45
0.4725 1.4175 0 25262A 0.45
0.4725 1.4175 -0.4725 25262A 0.45
0.4725 1.89 0.4725 25262A 0.45
0.4725 1.89 0 25262A 0.45
0.4725 1.89 -0.4725 25262A 0.45
0.4725 2.3625 0.4725 25262A 0.45
0.4725 2.3625 0 25262A 0.45
0.4725 2.3625 -0.4725 25262A 0.45
0.4725 2.835 0.4725 25262A 0.45
0.4725 2.835 0 25262A 0.45
0.4725 2.835 -0.4725 25262A 0.45
0.4725 3.3075 0.4725 25262A 0.45
0.4725 3.3075 0 25262A 0.45
0.4725 3.3075 -0.4725 25262A 0.45
0.4725 3.78 0.4725 030B0E 0.45
0.4725 3.78 0 030B0E 0.45
0.4725 3.78 -0.4725 030B0E 0.45
0.4725 4.2525 0.4725 25262A 0.45
0.4725 4.2525 0 25262A 0.45
0.4725 4.2525 -0.4725 25262A 0.45
0.4725 4.725 0.4725 030B0E 0.45
0.4725 4.725 0 030B0E 0.45
0.4725 4.725 -0.4725 030B0E 0.45
0.4725 6.142499 1.4175 25262A 0.45
0.4725 6.142499 0.9449999 25262A 0.45
0.4725 6.142499 0.4725 25262A 0.45
0.4725 6.142499 0 25262A 0.45
0.4725 6.142499 -0.4725 25262A 0.45
0.4725 6.142499 -0.9449999 25262A 0.45
0.4725 6.142499 -1.4175 25262A 0.45
0.4725 5.67 1.4175 030B0E 0.45
0.4725 5.67 -1.4175 030B0E 0.45
0.4725 11.34 1.4175 C7927A 0.45
0.4725 11.34 0.9449999 C7927A 0.45
0.4725 11.34 0.4725 C7927A 0.45
0.4725 11.34 0 C7927A 0.45
0.4725 11.34 -0.4725 C7927A 0.45
0.4725 11.34 -0.9449999 C7927A 0.45
0.4725 11.34 -1.4175 C7927A 0.45
0.4725 6.615 1.4175 3C3C3C 0.45
0.4725 6.615 -1.4175 3C3C3C 0.45
0.4725 7.0875 1.4175 3C3C3C 0.45
0.4725 7.0875 -1.4175 3C3C3C 0.45
0.4725 7.559999 1.4175 3C3C3C 0.45
0.4725 7.559999 -1.4175 3C3C3C 0.45
0.4725 8.0325 1.4175 3C3C3C 0.45
0.4725 8.0325 -1.4175 3C3C3C 0.45
0.4725 8.504999 1.4175 272727 0.45
0.4725 8.504999 -1.4175 272727 0.45
0.4725 8.9775 1.4175 3C3C3C 0.45
0.4725 8.9775 -1.4175 3C3C3C 0.45
0.4725 9.45 1.4175 030B0E 0.45
0.4725 9.45 -1.4175 080808 0.45
0.4725 9.9225 1.4175 FFFFFF 0.45
0.4725 9.9225 -1.4175 FFFFFF 0.45
0.4725 10.395 1.4175 FFFFFF 0.45
0.4725 10.395 -1.4175 FFFFFF 0.45
0.4725 10.8675 1.4175 3C3C3C 0.45
0.4725 10.8675 -1.4175 3C3C3C 0.45
0.4725 11.8125 1.89 E6B19D 0.45
0.4725 11.8125 1.4175 5D5F68 0.45
0.4725 11.8125 0.9449999 E6B19D 0.45
0.4725 11.8125 0.4725 E6B19D 0.45
0.4725 11.8125 0 E6B19D 0.45
0.4725 11.8125 -0.4725 E6B19D 0.45
0.4725 11.8125 -0.9449999 E6B19D 0.45
0.4725 11.8125 -1.4175 E6B19D 0.45
0.4725 11.8125 -1.89 C9B3A4 0.45
0.4725 12.285 1.89 E6B19D 0.45
0.4725 12.285 -1.89 C9B3A4 0.45
0.4725 12.7575 1.89 3D2F2F 0.45
0.4725 12.7575 -1.89 D3C5CD 0.45
0.4725 13.23 1.89 3D2F2F 0.45
0.4725 13.23 -1.89 F9D9D6 0.45
0.4725 13.7025 1.89 3D2F2F 0.45
0.4725 13.7025 -1.89 F9D9D6 0.45
0.4725 14.175 1.89 3D2F2F 0.45
0.4725 14.175 -1.89 F9D9D6 0.45
0.4725 14.6475 1.89 3D2F2F 0.45
0.4725 14.6475 -1.89 D68D98 0.45
0.4725 15.12 1.89 3D2F2F 0.45
0.4725 15.12 -1.89 3D2F2F 0.45
0.4725 15.5925 1.89 3D2F2F 0.45
0.4725 15.5925 -1.89 3D2F2F 0.45
0.4725 15.5925 1.4175 3D2F2F 0.45
0.4725 15.5925 0.9449999 3D2F2F 0.45
0.4725 15.5925 0.4725 3D2F2F 0.45
0.4725 15.5925 0 3D2F2F 0.45
0.4725 15.5925 -0.4725 3D2F2F 0.45
0.4725 15.5925 -0.9449999 3D2F2F 0.45
0.4725 15.5925 -1.4175 3D2F2F 0.45
0 11.34 1.89 C7927A 0.45
0 5.1975 1.4175 25262A 0.45
0 5.1975 0.9449999 25262A 0.45
0 5.1975 0.4725 25262A 0.45
0 5.1975 0 25262A 0.45
0 5.1975 -0.4725 25262A 0.45
0 5.1975 -0.9449999 25262A 0.45
0 5.1975 -1.4175 25262A 0.45
0 11.34 -1.89 C7927A 0.45
0 6.142499 1.4175 25262A 0.45
0 6.142499 0.9449999 25262A 0.45
0 6.142499 0.4725 25262A 0.45
0 6.142499 0 25262A 0.45
0 6.142499 -0.4725 25262A 0.45
0 6.142499 -0.9449999 25262A 0.45
0 6.142499 -1.4175 25262A 0.45
0 5.67 1.4175 030B0E 0.45
0 5.67 -1.4175 030B0E 0.45
0 11.34 1.4175 C7927A 0.45
0 11.34 0.9449999 C7927A 0.45
0 11.34 0.4725 C7927A 0.45
0 11.34 0 C7927A 0.45
0 11.34 -0.4725 C7927A 0.45
0 11.34 -0.9449999 C7927A 0.45
0 11.34 -1.4175 C7927A 0.45
0 6.615 1.4175 3C3C3C 0.45
0 6.615 -1.4175 3C3C3C 0.45
0 7.0875 1.4175 3C3C3C 0.45
0 7.0875 -1.4175 3C3C3C 0.45
0 7.559999 1.4175 3C3C3C 0.45
0 7.559999 -1.4175 3C3C3C 0.45
0 8.0325 1.4175 3C3C3C 0.45
0 8.0325 -1.4175 3C3C3C 0.45
0 8.504999 1.4175 272727 0.45
0 8.504999 -1.4175 6C6C6C 0.45
0 8.9775 1.4175 3C3C3C 0.45
0 8.9775 -1.4175 3C3C3C 0.45
0 9.45 1.4175 030B0E 0.45
0 9.45 -1.4175 080808 0.45
0 9.9225 1.4175 424242 0.45
0 9.9225 -1.4175 424242 0.45
0 10.395 1.4175 424242 0.45
0 10.395 -1.4175 424242 0.45
0 10.8675 1.4175 3C3C3C 0.45
0 10.8675 -1.4175 3C3C3C 0.45
0 11.8125 1.89 E6B19D 0.45
0 11.8125 1.4175 5D5F68 0.45
0 11.8125 0.9449999 E6B19D 0.45
0 11.8125 0.4725 E6B19D 0.45
0 11.8125 0 E6B19D 0.45
0 11.8125 -0.4725 E6B19D 0.45
0 11.8125 -0.9449999 E6B19D 0.45
0 11.8125 -1.4175 E6B19D 0.45
0 11.8125 -1.89 C9B3A4 0.45
0 12.285 1.89 E6B19D 0.45
0 12.285 -1.89 C9B3A4 0.45
0 12.7575 1.89 3D2F2F 0.45
0 12.7575 -1.89 D3C5CD 0.45
0 13.23 1.89 3D2F2F 0.45
0 13.23 -1.89 F9D9D6 0.45
0 13.7025 1.89 3D2F2F 0.45
0 13.7025 -1.89 F9D9D6 0.45
0 14.175 1.89 3D2F2F 0.45
0 14.175 -1.89 F9D9D6 0.45
0 14.6475 1.89 3D2F2F 0.45
0 14.6475 -1.89 D68D98 0.45
0 15.12 1.89 3D2F2F 0.45
0 15.12 -1.89 3D2F2F 0.45
0 15.5925 1.89 3D2F2F 0.45
0 15.5925 -1.89 3D2F2F 0.45
0 15.5925 1.4175 3D2F2F 0.45
0 15.5925 0.9449999 3D2F2F 0.45
0 15.5925 0.4725 3D2F2F 0.45
0 15.5925 0 3D2F2F 0.45
0 15.5925 -0.4725 3D2F2F 0.45
0 15.5925 -0.9449999 3D2F2F 0.45
0 15.5925 -1.4175 3D2F2F 0.45
-0.4725 11.34 1.89 C7927A 0.45
-0.4725 5.1975 1.4175 25262A 0.45
-0.4725 5.1975 0.9449999 25262A 0.45
-0.4725 5.1975 -0.9449999 25262A 0.45
-0.4725 5.1975 -1.4175 25262A 0.45
-0.4725 11.34 -1.89 C7927A 0.45
-0.4725 3.3075 0.9449999 25262A 0.45
-0.4725 3.78 0.9449999 25262A 0.45
-0.4725 4.2525 0.9449999 25262A 0.45
-0.4725 4.725 0.9449999 25262A 0.45
-0.4725 6.142499 1.4175 25262A 0.45
-0.4725 6.142499 0.9449999 25262A 0.45
-0.4725 6.142499 0.4725 25262A 0.45
-0.4725 6.142499 0 25262A 0.45
-0.4725 6.142499 -0.4725 25262A 0.45
-0.4725 6.142499 -0.9449999 25262A 0.45
-0.4725 6.142499 -1.4175 25262A 0.45
-0.4725 5.67 1.4175 030B0E 0.45
-0.4725 5.67 -1.4175 030B0E 0.45
-0.4725 11.34 1.4175 C7927A 0.45
-0.4725 11.34 0.9449999 C7927A 0.45
-0.4725 11.34 0.4725 C7927A 0.45
-0.4725 11.34 0 C7927A 0.45
-0.4725 11.34 -0.4725 C7927A 0.45
-0.4725 11.34 -0.9449999 C7927A 0.45
-0.4725 11.34 -1.4175 C7927A 0.45
-0.4725 6.615 1.4175 3C3C3C 0.45
-0.4725 6.615 -1.4175 3C3C3C 0.45
-0.4725 7.0875 1.4175 3C3C3C 0.45
-0.4725 7.0875 -1.4175 3C3C3C 0.45
-0.4725 7.559999 1.4175 3C3C3C 0.45
-0.4725 7.559999 -1.4175 3C3C3C 0.45
-0.4725 8.0325 1.4175 3C3C3C 0.45
-0.4725 8.0325 -1.4175 3C3C3C 0.45
-0.4725 8.504999 1.4175 272727 0.45
-0.4725 8.504999 -1.4175 6C6C6C 0.45
-0.4725 8.9775 1.4175 3C3C3C 0.45
-0.4725 8.9775 -1.4175 3C3C3C 0.45
-0.4725 9.45 1.4175 030B0E 0.45
-0.4725 9.45 -1.4175 080808 0.45
-0.4725 9.9225 1.4175 434343 0.45
-0.4725 9.9225 -1.4175 FFFFFF 0.45
-0.4725 10.395 1.4175 FFFFFF 0.45
-0.4725 10.395 -1.4175 FFFFFF 0.45
-0.4725 10.8675 1.4175 3C3C3C 0.45
-0.4725 10.8675 -1.4175 3C3C3C 0.45
-0.4725 11.8125 1.89 E6B19D 0.45
-0.4725 11.8125 1.4175 5D5F68 0.45
-0.4725 11.8125 0.9449999 E6B19D 0.45
-0.4725 11.8125 0.4725 E6B19D 0.45
-0.4725 11.8125 0 E6B19D 0.45
-0.4725 11.8125 -0.4725 E6B19D 0.45
-0.4725 11.8125 -0.9449999 E6B19D 0.45
-0.4725 11.8125 -1.4175 E6B19D 0.45
-0.4725 11.8125 -1.89 C9B3A4 0.45
-0.4725 12.285 1.89 E6B19D 0.45
-0.4725 12.285 -1.89 C9B3A4 0.45
-0.4725 12.7575 1.89 3D2F2F 0.45
-0.4725 12.7575 -1.89 D3C5CD 0.45
-0.4725 13.23 1.89 3D2F2F 0.45
-0.4725 13.23 -1.89 F9D9D6 0.45
-0.4725 13.7025 1.89 3D2F2F 0.45
-0.4725 13.7025 -1.89 F9D9D6 0.45
-0.4725 14.175 1.89 3D2F2F 0.45
-0.4725 14.175 -1.89 F9D9D6 0.45
-0.4725 14.6475 1.89 3D2F2F 0.45
-0.4725 14.6475 -1.89 D68D98 0.45
-0.4725 15.12 1.89 3D2F2F 0.45
-0.4725 15.12 -1.89 3D2F2F 0.45
-0.4725 15.5925 1.89 3D2F2F 0.45
-0.4725 15.5925 -1.89 3D2F2F 0.45
-0.4725 15.5925 1.4175 3D2F2F 0.45
-0.4725 15.5925 0.9449999 3D2F2F 0.45
-0.4725 15.5925 0.4725 3D2F2F 0.45
-0.4725 15.5925 0 3D2F2F 0.45
-0.4725 15.5925 -0.4725 3D2F2F 0.45
-0.4725 15.5925 -0.9449999 3D2F2F 0.45
-0.4725 15.5925 -1.4175 3D2F2F 0.45
-0.9449999 11.34 1.89 C7927A 0.45
-0.9449999 5.1975 1.4175 25262A 0.45
-0.9449999 5.1975 0.9449999 25262A 0.45
-0.9449999 0 0.4725 262626 0.45
-0.9449999 0 0 262626 0.45
-0.9449999 0 -0.4725 262626 0.45
-0.9449999 0 -0.9449999 262626 0.45
-0.9449999 5.1975 -1.4175 25262A 0.45
-0.9449999 11.34 -1.89 C7927A 0.45
-0.9449999 0.9449999 0.4725 25262A 0.45
-0.9449999 0.9449999 0 25262A 0.45
-0.9449999 0.9449999 -0.4725 25262A 0.45
-0.9449999 5.1975 -0.9449999 25262A 0.45
-0.9449999 0 -1.4175 262626 0.45
-0.9449999 0.4725 0.4725 3B3B3B 0.45
-0.9449999 0.4725 -1.4175 3B3B3B 0.45
-0.9449999 0.9449999 0.9449999 38393F 0.45
-0.9449999 2.835 0.4725 030B0E 0.45
-0.9449999 2.835 0 25262A 0.45
-0.9449999 2.835 -0.4725 030B0E 0.45
-0.9449999 0.9449999 -0.9449999 3B3B3B 0.45
-0.9449999 1.4175 0.9449999 030B0E 0.45
-0.9449999 1.4175 -0.9449999 3C3C3C 0.45
-0.9449999 1.89 0.9449999 38393F 0.45
-0.9449999 1.89 -0.9449999 3C3C3C 0.45
-0.9449999 2.3625 0.9449999 030B0E 0.45
-0.9449999 2.3625 -0.9449999 3C3C3C 0.45
-0.9449999 2.835 0.9449999 38393F 0.45
-0.9449999 2.835 -0.9449999 3C3C3C 0.45
-0.9449999 3.3075 0.9449999 38393F 0.45
-0.9449999 5.1975 0.4725 25262A 0.45
-0.9449999 5.1975 0 25262A 0.45
-0.9449999 5.1975 -0.4725 25262A 0.45
-0.9449999 3.3075 -0.9449999 3C3C3C 0.45
-0.9449999 3.78 0.9449999 38393F 0.45
-0.9449999 3.3075 0.4725 25262A 0.45
-0.9449999 3.3075 0 25262A 0.45
-0.9449999 3.3075 -0.4725 25262A 0.45
-0.9449999 3.78 -0.9449999 3C3C3C 0.45
-0.9449999 4.2525 0.9449999 38393F 0.45
-0.9449999 4.2525 -0.9449999 3C3C3C 0.45
-0.9449999 4.725 0.9449999 38393F 0.45
-0.9449999 4.725 -0.9449999 3C3C3C 0.45
-0.9449999 6.142499 1.4175 25262A 0.45
-0.9449999 6.142499 0.9449999 25262A 0.45
-0.9449999 6.142499 0.4725 25262A 0.45
-0.9449999 6.142499 0 25262A 0.45
-0.9449999 6.142499 -0.4725 25262A 0.45
-0.9449999 6.142499 -0.9449999 25262A 0.45
-0.9449999 6.142499 -1.4175 25262A 0.45
-0.9449999 5.67 1.4175 030B0E 0.45
-0.9449999 5.67 0.4725 25262A 0.45
-0.9449999 5.67 0 25262A 0.45
-0.9449999 5.67 -0.4725 25262A 0.45
-0.9449999 5.67 -1.4175 030B0E 0.45
-0.9449999 11.34 1.4175 C7927A 0.45
-0.9449999 11.34 0.9449999 C7927A 0.45
-0.9449999 11.34 0.4725 C7927A 0.45
-0.9449999 11.34 0 C7927A 0.45
-0.9449999 11.34 -0.4725 C7927A 0.45
-0.9449999 11.34 -0.9449999 C7927A 0.45
-0.9449999 11.34 -1.4175 C7927A 0.45
-0.9449999 6.615 1.4175 3C3C3C 0.45
-0.9449999 6.615 -1.4175 3C3C3C 0.45
-0.9449999 7.0875 1.4175 3C3C3C 0.45
-0.9449999 7.0875 -1.4175 3C3C3C 0.45
-0.9449999 7.559999 1.4175 3C3C3C 0.45
-0.9449999 7.559999 -1.4175 3C3C3C 0.45
-0.9449999 8.0325 1.4175 3C3C3C 0.45
-0.9449999 8.0325 -1.4175 3C3C3C 0.45
-0.9449999 8.504999 1.4175 272727 0.45
-0.9449999 8.504999 -1.4175 272727 0.45
-0.9449999 8.9775 1.4175 3C3C3C 0.45
-0.9449999 8.9775 -1.4175 3C3C3C 0.45
-0.9449999 9.45 1.4175 030B0E 0.45
-0.9449999 9.45 -1.4175 080808 0.45
-0.9449999 9.9225 1.4175 FFFFFF 0.45
-0.9449999 9.9225 -1.4175 424242 0.45
-0.9449999 10.395 1.4175 FFFFFF 0.45
-0.9449999 10.395 -1.4175 434343 0.45
-0.9449999 10.8675 1.4175 3C3C3C 0.45
-0.9449999 10.8675 -1.4175 3C3C3C 0.45
-0.9449999 11.8125 1.89 E6B19D 0.45
-0.9449999 11.8125 1.4175 5D5F68 0.45
-0.9449999 11.8125 0.9449999 E6B19D 0.45
-0.9449999 11.8125 0.4725 E6B19D 0.45
-0.9449999 11.8125 0 E6B19D 0.45
-0.9449999 11.8125 -0.4725 E6B19D 0.45
-0.9449999 11.8125 -0.9449999 E6B19D 0.45
-0.9449999 11.8125 -1.4175 E6B19D 0.45
-0.9449999 11.8125 -1.89 C9B3A4 0.45
-0.9449999 12.285 1.89 E6B19D 0.45
-0.9449999 12.285 -1.89 C9B3A4 0.45
-0.9449999 12.7575 1.89 3D2F2F 0.45
-0.9449999 12.7575 -1.89 D3C5CD 0.45
-0.9449999 13.23 1.89 3D2F2F 0.45
-0.9449999 13.23 -1.89 F9D9D6 0.45
-0.9449999 13.7025 1.89 3D2F2F 0.45
-0.9449999 13.7025 -1.89 5C4A89 0.45
-0.9449999 14.175 1.89 3D2F2F 0.45
-0.9449999 14.175 -1.89 61608E 0.45
-0.9449999 14.6475 1.89 3D2F2F 0.45
-0.9449999 14.6475 -1.89 D68D98 0.45
-0.9449999 15.12 1.89 3D2F2F 0.45
-0.9449999 15.12 -1.89 3D2F2F 0.45
-0.9449999 15.5925 1.89 3D2F2F 0.45
-0.9449999 15.5925 -1.89 3D2F2F 0.45
-0.9449999 15.5925 1.4175 3D2F2F 0.45
-0.9449999 15.5925 0.9449999 3D2F2F 0.45
-0.9449999 15.5925 0.4725 3D2F2F 0.45
-0.9449999 15.5925 0 3D2F2F 0.45
-0.9449999 15.5925 -0.4725 3D2F2F 0.45
-0.9449999 15.5925 -0.9449999 3D2F2F 0.45
-0.9449999 15.5925 -1.4175 3D2F2F 0.45
-1.4175 11.34 1.89 C7927A 0.45
-1.4175 5.1975 1.4175 25262A 0.45
-1.4175 5.1975 0.9449999 25262A 0.45
-1.4175 0 0.4725 262626 0.45
-1.4175 0 0 262626 0.45
-1.4175 0 -0.4725 262626 0.45
-1.4175 0 -0.9449999 262626 0.45
-1.4175 5.1975 -1.4175 25262A 0.45
-1.4175 11.34 -1.89 C7927A 0.45
-1.4175 0.9449999 0.4725 25262A 0.45
-1.4175 0.9449999 0 25262A 0.45
-1.4175 0.9449999 -0.4725 25262A 0.45
-1.4175 5.1975 -0.9449999 25262A 0.45
-1.4175 0 -1.4175 262626 0.45
-1.4175 0.4725 0.4725 3B3B3B 0.45
-1.4175 0.4725 -1.4175 3B3B3B 0.45
-1.4175 0.9449999 0.9449999 38393F 0.45
-1.4175 2.835 0.4725 030B0E 0.45
-1.4175 2.835 0 25262A 0.45
-1.4175 2.835 -0.4725 030B0E 0.45
-1.4175 0.9449999 -0.9449999 3B3B3B 0.45
-1.4175 1.4175 0.9449999 030B0E 0.45
-1.4175 1.4175 -0.9449999 3C3C3C 0.45
-1.4175 1.89 0.9449999 38393F 0.45
-1.4175 1.89 -0.9449999 3C3C3C 0.45
-1.4175 2.3625 0.9449999 030B0E 0.45
-1.4175 2.3625 -0.9449999 3C3C3C 0.45
-1.4175 2.835 0.9449999 38393F 0.45
-1.4175 2.835 -0.9449999 3C3C3C 0.45
-1.4175 3.3075 0.9449999 38393F 0.45
-1.4175 5.1975 0.4725 25262A 0.45
-1.4175 5.1975 0 25262A 0.45
-1.4175 5.1975 -0.4725 25262A 0.45
-1.4175 3.3075 -0.9449999 3C3C3C 0.45
-1.4175 3.78 0.9449999 38393F 0.45
-1.4175 3.3075 0.4725 25262A 0.45
-1.4175 3.3075 0 25262A 0.45
-1.4175 3.3075 -0.4725 25262A 0.45
-1.4175 3.78 -0.9449999 3C3C3C 0.45
-1.4175 4.2525 0.9449999 38393F 0.45
-1.4175 4.2525 -0.9449999 3C3C3C 0.45
-1.4175 4.725 0.9449999 38393F 0.45
-1.4175 4.725 -0.9449999 3C3C3C 0.45
-1.4175 6.142499 1.4175 25262A 0.45
-1.4175 6.142499 0.9449999 25262A 0.45
-1.4175 6.142499 0.4725 25262A 0.45
-1.4175 6.142499 0 25262A 0.45
-1.4175 6.142499 -0.4725 25262A 0.45
-1.4175 6.142499 -0.9449999 25262A 0.45
-1.4175 6.142499 -1.4175 25262A 0.45
-1.4175 5.67 1.4175 030B0E 0.45
-1.4175 5.67 0.4725 25262A 0.45
-1.4175 5.67 0 25262A 0.45
-1.4175 5.67 -0.4725 25262A 0.45
-1.4175 5.67 -1.4175 030B0E 0.45
-1.4175 11.34 1.4175 C7927A 0.45
-1.4175 11.34 0.9449999 C7927A 0.45
-1.4175 11.34 0.4725 C7927A 0.45
-1.4175 11.34 0 C7927A 0.45
-1.4175 11.34 -0.4725 C7927A 0.45
-1.4175 11.34 -0.9449999 C7927A 0.45
-1.4175 11.34 -1.4175 C7927A 0.45
-1.4175 6.615 1.4175 3C3C3C 0.45
-1.4175 6.615 -1.4175 3C3C3C 0.45
-1.4175 7.0875 1.4175 3C3C3C 0.45
-1.4175 7.0875 -1.4175 3C3C3C 0.45
-1.4175 7.559999 1.4175 3C3C3C 0.45
-1.4175 7.559999 -1.4175 3C3C3C 0.45
-1.4175 8.0325 1.4175 3C3C3C 0.45
-1.4175 8.0325 -1.4175 3C3C3C 0.45
-1.4175 8.504999 1.4175 272727 0.45
-1.4175 8.504999 -1.4175 272727 0.45
-1.4175 8.9775 1.4175 3C3C3C 0.45
-1.4175 8.9775 -1.4175 3C3C3C 0.45
-1.4175 9.45 1.4175 030B0E 0.45
-1.4175 9.45 -1.4175 080808 0.45
-1.4175 9.9225 1.4175 434343 0.45
-1.4175 9.9225 -1.4175 FFFFFF 0.45
-1.4175 10.395 1.4175 434343 0.45
-1.4175 10.395 -1.4175 FFFFFF 0.45
-1.4175 10.8675 1.4175 3C3C3C 0.45
-1.4175 10.8675 -1.4175 3C3C3C 0.45
-1.4175 11.8125 1.89 E6B19D 0.45
-1.4175 11.8125 1.4175 5D5F68 0.45
-1.4175 11.8125 0.9449999 E6B19D 0.45
-1.4175 11.8125 0.4725 E6B19D 0.45
-1.4175 11.8125 0 E6B19D 0.45
-1.4175 11.8125 -0.4725 E6B19D 0.45
-1.4175 11.8125 -0.9449999 E6B19D 0.45
-1.4175 11.8125 -1.4175 E6B19D 0.45
-1.4175 11.8125 -1.89 C9B3A4 0.45
-1.4175 12.285 1.89 E6B19D 0.45
-1.4175 12.285 -1.89 C9B3A4 0.45
-1.4175 12.7575 1.89 3D2F2F 0.45
-1.4175 12.7575 -1.89 D3C5CD 0.45
-1.4175 13.23 1.89 3D2F2F 0.45
-1.4175 13.23 -1.89 F9D9D6 0.45
-1.4175 13.7025 1.89 3D2F2F 0.45
-1.4175 13.7025 -1.89 F9D9D6 0.45
-1.4175 14.175 1.89 3D2F2F 0.45
-1.4175 14.175 -1.89 61608E 0.45
-1.4175 14.6475 1.89 3D2F2F 0.45
-1.4175 14.6475 -1.89 D68D98 0.45
-1.4175 15.12 1.89 3D2F2F 0.45
-1.4175 15.12 -1.89 3D2F2F 0.45
-1.4175 15.5925 1.89 3D2F2F 0.45
-1.4175 15.5925 -1.89 3D2F2F 0.45
-1.4175 15.5925 1.4175 3D2F2F 0.45
-1.4175 15.5925 0.9449999 3D2F2F 0.45
-1.4175 15.5925 0.4725 3D2F2F 0.45
-1.4175 15.5925 0 3D2F2F 0.45
-1.4175 15.5925 -0.4725 3D2F2F 0.45
-1.4175 15.5925 -0.9449999 3D2F2F 0.45
-1.4175 15.5925 -1.4175 3D2F2F 0.45
-1.89 11.34 1.89 C7927A 0.45
-1.89 5.1975 1.4175 25262A 0.45
-1.89 5.1975 0.9449999 25262A 0.45
-1.89 0.9449999 0.4725 25262A 0.45
-1.89 0.9449999 0 25262A 0.45
-1.89 0.9449999 -0.4725 25262A 0.45
-1.89 5.1975 -0.9449999 25262A 0.45
-1.89 5.1975 -1.4175 25262A 0.45
-1.89 11.34 -1.89 C7927A 0.45
-1.89 0 0.4725 3B3B3B 0.45
-1.89 0 0 3B3B3B 0.45
-1.89 0 -0.4725 3B3B3B 0.45
-1.89 0 -0.9449999 3B3B3B 0.45
-1.89 0.4725 0.4725 3B3B3B 0.45
-1.89 0.4725 0 3B3B3B 0.45
-1.89 0.4725 -0.4725 3B3B3B 0.45
-1.89 0.4725 -0.9449999 3B3B3B 0.45
-1.89 0.9449999 0.9449999 38393F 0.45
-1.89 2.835 0.4725 030B0E 0.45
-1.89 2.835 0 25262A 0.45
-1.89 2.835 -0.4725 030B0E 0.45
-1.89 0.9449999 -0.9449999 38393F 0.45
-1.89 1.4175 0.9449999 030B0E 0.45
-1.89 1.4175 -0.9449999 3C3C3C 0.45
-1.89 1.89 0.9449999 38393F 0.45
-1.89 1.89 -0.9449999 3C3C3C 0.45
-1.89 2.3625 0.9449999 030B0E 0.45
-1.89 2.3625 -0.9449999 3C3C3C 0.45
-1.89 2.835 0.9449999 38393F 0.45
-1.89 2.835 -0.9449999 3C3C3C 0.45
-1.89 3.3075 0.9449999 38393F 0.45
-1.89 5.1975 0.4725 25262A 0.45
-1.89 5.1975 0 25262A 0.45
-1.89 5.1975 -0.4725 25262A 0.45
-1.89 3.3075 -0.9449999 3C3C3C 0.45
-1.89 3.78 0.9449999 38393F 0.45
-1.89 3.3075 0.4725 25262A 0.45
-1.89 3.3075 0 25262A 0.45
-1.89 3.3075 -0.4725 25262A 0.45
-1.89 3.78 -0.9449999 3C3C3C 0.45
-1.89 4.2525 0.9449999 38393F 0.45
-1.89 4.2525 -0.9449999 3C3C3C 0.45
-1.89 4.725 0.9449999 38393F 0.45
-1.89 4.725 -0.9449999 3C3C3C 0.45
-1.89 6.142499 1.4175 25262A 0.45
-1.89 6.142499 0.9449999 25262A 0.45
-1.89 6.142499 0.4725 25262A 0.45
-1.89 6.142499 0 25262A 0.45
-1.89 6.142499 -0.4725 25262A 0.45
-1.89 6.142499 -0.9449999 25262A 0.45
-1.89 6.142499 -1.4175 25262A 0.45
-1.89 5.67 1.4175 030B0E 0.45
-1.89 5.67 0.4725 25262A 0.45
-1.89 5.67 0 25262A 0.45
-1.89 5.67 -1.4175 030B0E 0.45
-1.89 11.34 1.4175 C7927A 0.45
-1.89 11.34 0.9449999 C7927A 0.45
-1.89 11.34 0.4725 C7927A 0.45
-1.89 11.34 0 C7927A 0.45
-1.89 11.34 -0.4725 C7927A 0.45
-1.89 11.34 -0.9449999 C7927A 0.45
-1.89 11.34 -1.4175 C7927A 0.45
-1.89 6.615 1.4175 3C3C3C 0.45
-1.89 6.615 -1.4175 3C3C3C 0.45
-1.89 7.0875 1.4175 3C3C3C 0.45
-1.89 7.0875 -1.4175 3C3C3C 0.45
-1.89 7.559999 1.4175 3C3C3C 0.45
-1.89 7.559999 -1.4175 3C3C3C 0.45
-1.89 8.0325 1.4175 3C3C3C 0.45
-1.89 8.0325 -1.4175 3C3C3C 0.45
-1.89 8.504999 1.4175 272727 0.45
-1.89 8.504999 -1.4175 272727 0.45
-1.89 8.9775 1.4175 3C3C3C 0.45
-1.89 8.9775 -1.4175 3C3C3C 0.45
-1.89 9.45 1.4175 030B0E 0.45
-1.89 9.45 -1.4175 080808 0.45
-1.89 9.9225 1.4175 272727 0.45
-1.89 9.9225 -1.4175 3C3C3C 0.45
-1.89 10.395 1.4175 272727 0.45
-1.89 10.395 -1.4175 3C3C3C 0.45
-1.89 10.8675 1.4175 3C3C3C 0.45
-1.89 10.8675 -1.4175 3C3C3C 0.45
-1.89 11.8125 1.89 E6B19D 0.45
-1.89 11.8125 1.4175 5D5F68 0.45
-1.89 11.8125 0.9449999 5D5F68 0.45
-1.89 11.8125 0.4725 5D5F68 0.45
-1.89 11.8125 0 5D5F68 0.45
-1.89 11.8125 -0.4725 5D5F68 0.45
-1.89 11.8125 -0.9449999 5D5F68 0.45
-1.89 11.8125 -1.4175 5D5F68 0.45
-1.89 11.8125 -1.89 C9B3A4 0.45
-1.89 12.285 1.89 E6B19D 0.45
-1.89 12.285 -1.89 C9B3A4 0.45
-1.89 12.7575 1.89 3D2F2F 0.45
-1.89 12.7575 -1.89 D3C5CD 0.45
-1.89 13.23 1.89 3D2F2F 0.45
-1.89 13.23 -1.89 F9D9D6 0.45
-1.89 13.7025 1.89 3D2F2F 0.45
-1.89 13.7025 -1.89 F9D9D6 0.45
-1.89 14.175 1.89 3D2F2F 0.45
-1.89 14.175 -1.89 F9D9D6 0.45
-1.89 14.6475 1.89 3D2F2F 0.45
-1.89 14.6475 -1.89 D68D98 0.45
-1.89 15.12 1.89 3D2F2F 0.45
-1.89 15.12 -1.89 3D2F2F 0.45
-1.89 15.5925 1.89 3D2F2F 0.45
-1.89 15.5925 -1.89 3D2F2F 0.45
-1.89 15.5925 1.4175 3D2F2F 0.45
-1.89 15.5925 0.9449999 3D2F2F 0.45
-1.89 15.5925 0.4725 3D2F2F 0.45
-1.89 15.5925 0 3D2F2F 0.45
-1.89 15.5925 -0.4725 3D2F2F 0.45
-1.89 15.5925 -0.9449999 3D2F2F 0.45
-1.89 15.5925 -1.4175 3D2F2F 0.45
-2.3625 6.142499 1.4175 25262A 0.45
-2.3625 6.142499 0.9449999 25262A 0.45
-2.3625 6.142499 0.4725 25262A 0.45
-2.3625 6.142499 0 25262A 0.45
-2.3625 6.142499 -0.4725 25262A 0.45
-2.3625 6.142499 -0.9449999 25262A 0.45
-2.3625 6.142499 -1.4175 25262A 0.45
-1.89 1.4175 0.4725 030B0E 0.45
-1.89 1.4175 0 030B0E 0.45
-1.89 1.4175 -0.4725 030B0E 0.45
-1.89 1.89 0.4725 2D2E33 0.45
-1.89 1.89 0 2D2E33 0.45
-1.89 1.89 -0.4725 2D2E33 0.45
-1.89 2.3625 0.4725 030B0E 0.45
-1.89 2.3625 0 030B0E 0.45
-1.89 2.3625 -0.4725 030B0E 0.45
-1.89 3.78 0.4725 2D2E33 0.45
-1.89 3.78 0 2D2E33 0.45
-1.89 3.78 -0.4725 2D2E33 0.45
-1.89 4.2525 0.4725 2D2E33 0.45
-1.89 4.2525 0 2D2E33 0.45
-1.89 4.2525 -0.4725 2D2E33 0.45
-1.89 4.725 0.4725 2D2E33 0.45
-1.89 4.725 0 2D2E33 0.45
-1.89 4.725 -0.4725 2D2E33 0.45
-2.3625 5.1975 1.4175 2D2E33 0.45
-2.3625 5.1975 0.9449999 2D2E33 0.45
-2.3625 5.1975 0.4725 2D2E33 0.45
-2.3625 5.1975 0 2D2E33 0.45
-2.3625 5.1975 -0.4725 2D2E33 0.45
-2.3625 5.1975 -0.9449999 2D2E33 0.45
-2.3625 5.1975 -1.4175 2D2E33 0.45
-2.3625 5.67 1.4175 030B0E 0.45
-2.3625 5.67 0.9449999 030B0E 0.45
-2.3625 5.67 0.4725 030B0E 0.45
-2.3625 5.67 0 030B0E 0.45
-2.3625 5.67 -0.4725 030B0E 0.45
-2.3625 5.67 -0.9449999 030B0E 0.45
-2.3625 5.67 -1.4175 030B0E 0.45
-2.3625 6.615 1.4175 3C3C3C 0.45
-2.3625 6.615 -1.4175 080808 0.45
-2.3625 7.0875 1.4175 3C3C3C 0.45
-2.3625 7.0875 -1.4175 080808 0.45
-2.3625 7.559999 1.4175 3C3C3C 0.45
-2.3625 7.559999 -1.4175 080808 0.45
-2.3625 8.0325 1.4175 3C3C3C 0.45
-2.3625 8.0325 -1.4175 080808 0.45
-2.3625 8.504999 1.4175 272727 0.45
-2.3625 8.504999 -1.4175 080808 0.45
-2.3625 8.9775 1.4175 3C3C3C 0.45
-2.3625 8.9775 -1.4175 080808 0.45
-2.3625 9.45 1.4175 030B0E 0.45
-2.3625 9.45 -1.4175 080808 0.45
-2.3625 9.9225 1.4175 272727 0.45
-2.3625 9.9225 -1.4175 3C3C3C 0.45
-2.3625 10.395 1.4175 272727 0.45
-2.3625 10.395 -1.4175 3C3C3C 0.45
-2.3625 10.8675 1.4175 3C3C3C 0.45
-2.3625 10.8675 -1.4175 080808 0.45
-2.3625 11.34 1.4175 272727 0.45
-2.3625 11.34 -1.4175 080808 0.45
-2.3625 11.8125 1.4175 5D5F68 0.45
-2.3625 11.8125 0.9449999 5D5F68 0.45
-2.3625 11.8125 0.4725 5D5F68 0.45
-2.3625 11.8125 0 5D5F68 0.45
-2.3625 11.8125 -0.4725 5D5F68 0.45
-2.3625 11.8125 -0.9449999 5D5F68 0.45
-2.3625 11.8125 -1.4175 5D5F68 0.45
-1.89 12.285 1.4175 DEAA95 0.45
-1.89 12.285 0.9449999 DEAA95 0.45
-1.89 12.285 0.4725 DEAA95 0.45
-1.89 12.285 0 DEAA95 0.45
-1.89 12.285 -0.4725 DEAA95 0.45
-1.89 12.285 -0.9449999 DEAA95 0.45
-1.89 12.285 -1.4175 BEA296 0.45
-1.89 12.7575 1.4175 3D2F2F 0.45
-1.89 12.7575 0.9449999 3D2F2F 0.45
-1.89 12.7575 0.4725 3D2F2F 0.45
-1.89 12.7575 0 DEAA95 0.45
-1.89 12.7575 -0.4725 B5687D 0.45
-1.89 12.7575 -0.9449999 E4BEC5 0.45
-1.89 12.7575 -1.4175 CAB8C6 0.45
-1.89 13.23 1.4175 3D2F2F 0.45
-1.89 13.23 0.9449999 3D2F2F 0.45
-1.89 13.23 0.4725 3D2F2F 0.45
-1.89 13.23 0 DEAA95 0.45
-1.89 13.23 -0.4725 B5687D 0.45
-1.89 13.23 -0.9449999 E4BEC5 0.45
-1.89 13.23 -1.4175 E4BEC5 0.45
-1.89 13.7025 1.4175 3D2F2F 0.45
-1.89 13.7025 0.9449999 3D2F2F 0.45
-1.89 13.7025 0.4725 3D2F2F 0.45
-1.89 13.7025 0 DEAA95 0.45
-1.89 13.7025 -0.4725 B5687D 0.45
-1.89 13.7025 -0.9449999 E4BEC5 0.45
-1.89 13.7025 -1.4175 E4BEC5 0.45
-1.89 14.175 1.4175 3D2F2F 0.45
-1.89 14.175 0.9449999 3D2F2F 0.45
-1.89 14.175 0.4725 3D2F2F 0.45
-1.89 14.175 0 3D2F2F 0.45
-1.89 14.175 -0.4725 CB818F 0.45
-1.89 14.175 -0.9449999 E4BEC5 0.45
-1.89 14.175 -1.4175 E4BEC5 0.45
-1.89 14.6475 1.4175 3D2F2F 0.45
-1.89 14.6475 0.9449999 3D2F2F 0.45
-1.89 14.6475 0.4725 3D2F2F 0.45
-1.89 14.6475 0 3D2F2F 0.45
-1.89 14.6475 -0.4725 060624 0.45
-1.89 14.6475 -0.9449999 060624 0.45
-1.89 14.6475 -1.4175 CB818F 0.45
-1.89 15.12 1.4175 3D2F2F 0.45
-1.89 15.12 0.9449999 3D2F2F 0.45
-1.89 15.12 0.4725 3D2F2F 0.45
-1.89 15.12 0 3D2F2F 0.45
-1.89 15.12 -0.4725 3D2F2F 0.45
-1.89 15.12 -0.9449999 3D2F2F 0.45
-1.89 15.12 -1.4175 3D2F2F 0.45
-2.3625 6.615 0.9449999 272727 0.45
-2.3625 6.615 0.4725 272727 0.45
-2.3625 6.615 0 25262B 0.45
-2.3625 6.615 -0.4725 272727 0.45
-2.3625 6.615 -0.9449999 272727 0.45
-2.3625 7.0875 0.9449999 272727 0.45
-2.3625 7.0875 0.4725 272727 0.45
-2.3625 7.0875 0 25262B 0.45
-2.3625 7.0875 -0.4725 272727 0.45
-2.3625 7.0875 -0.9449999 272727 0.45
-2.3625 7.559999 0.9449999 272727 0.45
-2.3625 7.559999 0.4725 272727 0.45
-2.3625 7.559999 0 25262B 0.45
-2.3625 7.559999 -0.4725 272727 0.45
-2.3625 7.559999 -0.9449999 272727 0.45
-2.3625 8.0325 0.9449999 272727 0.45
-2.3625 8.0325 0.4725 272727 0.45
-2.3625 8.0325 0 25262B 0.45
-2.3625 8.0325 -0.4725 272727 0.45
-2.3625 8.0325 -0.9449999 272727 0.45
-2.3625 8.504999 0.9449999 25262B 0.45
-2.3625 8.504999 0.4725 25262B 0.45
-2.3625 8.504999 0 25262B 0.45
-2.3625 8.504999 -0.4725 25262B 0.45
-2.3625 8.504999 -0.9449999 25262B 0.45
-2.3625 8.9775 0.9449999 25262B 0.45
-2.3625 8.9775 0.4725 383940 0.45
-2.3625 8.9775 0 383940 0.45
-2.3625 8.9775 -0.4725 383940 0.45
-2.3625 8.9775 -0.9449999 383940 0.45
-2.3625 9.45 0.9449999 030B0E 0.45
-2.3625 9.45 0.4725 030B0E 0.45
-2.3625 9.45 0 030B0E 0.45
-2.3625 9.45 -0.4725 030B0E 0.45
-2.3625 9.45 -0.9449999 030B0E 0.45
-2.3625 9.9225 0.9449999 272727 0.45
-2.3625 9.9225 0.4725 272727 0.45
-2.3625 9.9225 0 272727 0.45
-2.3625 9.9225 -0.4725 272727 0.45
-2.3625 9.9225 -0.9449999 272727 0.45
-2.835 10.395 0.9449999 43444B 0.45
-2.3625 10.395 0.9449999 272727 0.45
-2.3625 10.395 0.4725 272727 0.45
-2.3625 10.395 0 272727 0.45
-2.3625 10.395 -0.4725 272727 0.45
-2.3625 10.395 -0.9449999 272727 0.45
-2.835 10.395 -0.9449999 393A3F 0.45
-2.835 10.8675 0.9449999 43444B 0.45
-2.3625 10.8675 0.9449999 25262B 0.45
-2.3625 10.8675 0.4725 383940 0.45
-5.67 10.8675 0.4725 43444B 0.45
-2.3625 10.8675 0 383940 0.45
-5.67 10.8675 0 393A3F 0.45
-2.3625 10.8675 -0.4725 383940 0.45
-5.67 10.8675 -0.4725 4B4D54 0.45
-2.3625 10.8675 -0.9449999 383940 0.45
-2.835 10.8675 -0.9449999 4B4D54 0.45
-2.835 11.34 0.9449999 43444B 0.45
-2.3625 11.34 0.9449999 25262B 0.45
-2.3625 11.34 0.4725 383940 0.45
-5.67 11.34 0.4725 43444B 0.45
-2.3625 11.34 0 383940 0.45
-5.67 11.34 0 393A3F 0.45
-2.3625 11.34 -0.4725 383940 0.45
-5.67 11.34 -0.4725 4B4D54 0.45
-2.3625 11.34 -0.9449999 383940 0.45
-2.835 11.34 -0.9449999 4B4D54 0.45
-2.835 11.8125 0.4725 5D5F68 0.45
-2.835 11.8125 0 5D5F68 0.45
-2.835 11.8125 -0.4725 5D5F68 0.45
-3.3075 10.395 0.4725 393A3F 0.45
-3.3075 10.395 0 393A3F 0.45
-3.3075 10.395 -0.4725 393A3F 0.45
-3.3075 10.395 0.9449999 43444B 0.45
-3.3075 10.395 -0.9449999 393A3F 0.45
-3.3075 10.8675 0.9449999 43444B 0.45
-3.3075 10.8675 -0.9449999 4B4D54 0.45
-3.3075 11.34 0.9449999 43444B 0.45
-3.3075 11.34 -0.9449999 4B4D54 0.45
-3.3075 11.8125 0.4725 5D5F68 0.45
-3.3075 11.8125 0 5D5F68 0.45
-3.3075 11.8125 -0.4725 5D5F68 0.45
-3.78 10.395 0.4725 393A3F 0.45
-3.78 10.395 0 393A3F 0.45
-3.78 10.395 -0.4725 393A3F 0.45
-3.78 10.395 0.9449999 43444B 0.45
-3.78 10.395 -0.9449999 393A3F 0.45
-3.78 10.8675 0.9449999 43444B 0.45
-3.78 10.8675 -0.9449999 4B4D54 0.45
-3.78 11.34 0.9449999 43444B 0.45
-3.78 11.34 -0.9449999 4B4D54 0.45
-3.78 11.8125 0.4725 3C3C3C 0.45
-3.78 11.8125 0 3C3C3C 0.45
-3.78 11.8125 -0.4725 3C3C3C 0.45
-4.2525 10.395 0.4725 393A3F 0.45
-4.2525 10.395 0 393A3F 0.45
-4.2525 10.395 -0.4725 393A3F 0.45
-4.2525 10.395 0.9449999 43444B 0.45
-4.2525 10.395 -0.9449999 393A3F 0.45
-4.2525 10.8675 0.9449999 43444B 0.45
-4.2525 10.8675 -0.9449999 4B4D54 0.45
-4.2525 11.34 0.9449999 43444B 0.45
-4.2525 11.34 -0.9449999 4B4D54 0.45
-4.2525 11.8125 0.4725 3C3C3C 0.45
-4.2525 11.8125 0 3C3C3C 0.45
-4.2525 11.8125 -0.4725 3C3C3C 0.45
-4.725 10.395 0.4725 393A3F 0.45
-4.725 10.395 0 393A3F 0.45
-4.725 10.395 -0.4725 393A3F 0.45
-4.725 10.395 0.9449999 43444B 0.45
-4.725 10.395 -0.9449999 393A3F 0.45
-4.725 10.8675 0.9449999 43444B 0.45
-4.725 10.8675 -0.9449999 4B4D54 0.45
-4.725 11.34 0.9449999 43444B 0.45
-4.725 11.34 -0.9449999 4B4D54 0.45
-4.725 11.8125 0.4725 3C3C3C 0.45
-4.725 11.8125 0 3C3C3C 0.45
-4.725 11.8125 -0.4725 3C3C3C 0.45
-5.1975 10.395 0.4725 393A3F 0.45
-5.1975 10.395 0 393A3F 0.45
-5.1975 10.395 -0.4725 393A3F 0.45
-5.1975 10.395 0.9449999 43444B 0.45
-5.1975 10.395 -0.9449999 393A3F 0.45
-5.1975 10.8675 0.9449999 43444B 0.45
-5.1975 10.8675 -0.9449999 4B4D54 0.45
-5.1975 11.34 0.9449999 43444B 0.45
-5.1975 11.34 -0.9449999 4B4D54 0.45
-5.1975 11.8125 0.4725 3C3C3C 0.45
-5.1975 11.8125 0 3C3C3C 0.45
-5.1975 11.8125 -0.4725 3C3C3C 0.45
-5.67 10.395 0.4725 393A3F 0.45
-5.67 10.395 0 393A3F 0.45
-5.67 10.395 -0.4725 393A3F 0.45
-5.67 10.395 0.9449999 43444B 0.45
-5.67 10.395 -0.9449999 393A3F 0.45
-5.67 10.8675 0.9449999 43444B 0.45
-8.504999 10.8675 0.4725 F8CDB4 0.45
-8.504999 10.8675 0 D19984 0.45
-8.504999 10.8675 -0.4725 F8CDB4 0.45
-5.67 10.8675 -0.9449999 4B4D54 0.45
-5.67 11.34 0.9449999 43444B 0.45
-8.504999 11.34 0.4725 F8CDB4 0.45
-8.504999 11.34 0 D19984 0.45
-8.504999 11.34 -0.4725 F8CDB4 0.45
-5.67 11.34 -0.9449999 4B4D54 0.45
-5.67 11.8125 0.4725 5D5F68 0.45
-5.67 11.8125 0 5D5F68 0.45
-5.67 11.8125 -0.4725 5D5F68 0.45
-6.142499 10.395 0.4725 030B0E 0.45
-6.142499 10.395 0 030B0E 0.45
-6.142499 10.395 -0.4725 030B0E 0.45
-6.142499 10.8675 0.9449999 030B0E 0.45
-6.142499 10.8675 -0.9449999 030B0E 0.45
-6.142499 11.34 0.9449999 030B0E 0.45
-6.142499 11.34 -0.9449999 030B0E 0.45
-6.142499 11.8125 0.4725 3C3C3C 0.45
-6.142499 11.8125 0 3C3C3C 0.45
-6.142499 11.8125 -0.4725 3C3C3C 0.45
-6.615 10.395 0.4725 393A3F 0.45
-6.615 10.395 0 393A3F 0.45
-6.615 10.395 -0.4725 393A3F 0.45
-6.615 10.8675 0.9449999 43444B 0.45
-6.615 10.8675 -0.9449999 4B4D54 0.45
-6.615 11.34 0.9449999 43444B 0.45
-6.615 11.34 -0.9449999 4B4D54 0.45
-6.615 11.8125 0.4725 3C3C3C 0.45
-6.615 11.8125 0 3C3C3C 0.45
-6.615 11.8125 -0.4725 3C3C3C 0.45
-7.0875 10.395 0.4725 030B0E 0.45
-7.0875 10.395 0 030B0E 0.45
-7.0875 10.395 -0.4725 030B0E 0.45
-7.0875 10.8675 0.9449999 030B0E 0.45
-7.0875 10.8675 -0.9449999 030B0E 0.45
-7.0875 11.34 0.9449999 030B0E 0.45
-7.0875 11.34 -0.9449999 030B0E 0.45
-7.0875 11.8125 0.4725 3C3C3C 0.45
-7.0875 11.8125 0 3C3C3C 0.45
-7.0875 11.8125 -0.4725 3C3C3C 0.45
-7.559999 10.395 0.4725 393A3F 0.45
-7.559999 10.395 0 393A3F 0.45
-7.559999 10.395 -0.4725 393A3F 0.45
-7.559999 10.8675 0.9449999 43444B 0.45
-7.559999 10.8675 -0.9449999 4B4D54 0.45
-7.559999 11.34 0.9449999 43444B 0.45
-7.559999 11.34 -0.9449999 4B4D54 0.45
-7.559999 11.8125 0.4725 3C3C3C 0.45
-7.559999 11.8125 0 3C3C3C 0.45
-7.559999 11.8125 -0.4725 3C3C3C 0.45
-8.0325 10.395 0.4725 393A3F 0.45
-8.0325 10.395 0 393A3F 0.45
-8.0325 10.395 -0.4725 393A3F 0.45
-8.0325 10.8675 0.9449999 43444B 0.45
-8.0325 10.8675 -0.9449999 4B4D54 0.45
-8.0325 11.34 0.9449999 43444B 0.45
-8.0325 11.34 -0.9449999 4B4D54 0.45
-8.0325 11.8125 0.4725 5D5F68 0.45
-8.0325 11.8125 0 5D5F68 0.45
-8.0325 11.8125 -0.4725 5D5F68 0.45
-8.504999 10.395 0.4725 393A3F 0.45
-8.504999 10.395 0 393A3F 0.45
-8.504999 10.395 -0.4725 393A3F 0.45
-8.504999 10.8675 0.9449999 43444B 0.45
-8.504999 10.8675 -0.9449999 4B4D54 0.45
-8.504999 11.34 0.9449999 43444B 0.45
-8.504999 11.34 -0.9449999 4B4D54 0.45
-8.504999 11.8125 0.4725 5D5F68 0.45
-8.504999 11.8125 0 5D5F68 0.45
-8.504999 11.8125 -0.4725 5D5F68 0.45
-8.9775 10.395 0.4725 E6B19D 0.45
-8.9775 10.395 0 E6B19D 0.45
-8.9775 10.395 -0.4725 E6B19D 0.45
-8.9775 10.8675 0.4725 F8CDB4 0.45
-8.9775 10.8675 -0.4725 F8CDB4 0.45
-8.9775 11.34 0.4725 F8CDB4 0.45
-8.9775 11.34 -0.4725 F8CDB4 0.45
-8.9775 11.8125 0.4725 E6B19D 0.45
-8.9775 11.8125 0 E6B19D 0.45
-8.9775 11.8125 -0.4725 E6B19D 0.45
-9.45 10.395 0.4725 E6B19D 0.45
-9.45 10.395 0 E6B19D 0.45
-9.45 10.395 -0.4725 E6B19D 0.45
-9.45 10.8675 0.4725 F8CDB4 0.45
-9.45 10.8675 -0.4725 F8CDB4 0.45
-9.45 11.34 0.4725 F8CDB4 0.45
-9.45 11.34 -0.4725 F8CDB4 0.45
-9.45 11.8125 0.4725 E6B19D 0.45
-9.45 11.8125 0 E6B19D 0.45
-9.45 11.8125 -0.4725 E6B19D 0.45
-9.45 10.8675 0 D19984 0.45
-9.45 11.34 0 D19984 0.45
