-6.3 0.8 -4.2 6D6D6D 2
-6.3 0.8 -2.1 6D6D6D 2
-6.3 0.8 0 6D6D6D 2
-6.3 0.8 2.1 6D6D6D 2
-6.3 0.8 4.2 6D6D6D 2
-4.2 2.9 -4.2 EE7E3A 2
-4.2 2.9 -2.1 EE7E3A 2
-4.2 2.9 0 EE7E3A 2
-4.2 2.9 2.1 EE7E3A 2
-4.2 2.9 4.2 EE7E3A 2
-4.2 5 -4.2 EE7E3A 2
-4.2 5 -2.1 EE7E3A 2
-4.2 5 0 EE7E3A 2
-4.2 5 2.1 EE7E3A 2
-4.2 5 4.2 EE7E3A 2
-4.2 7.1 -4.2 EE7E3A 2
-4.2 7.1 -2.1 EE7E3A 2
-4.2 7.1 0 EE7E3A 2
-4.2 7.1 2.1 EE7E3A 2
-4.2 7.1 4.2 EE7E3A 2
-4.2 9.2 -4.2 F2F2F2 2
-4.2 9.2 -2.1 F2F2F2 2
-4.2 9.2 0 F2F2F2 2
-4.2 9.2 2.1 F2F2F2 2
-4.2 9.2 4.2 F2F2F2 2
-4.2 11.3 -4.2 EE7E3A 2
-4.2 11.3 -2.1 EE7E3A 2
-4.2 11.3 0 EE7E3A 2
-4.2 11.3 2.1 EE7E3A 2
-4.2 11.3 4.2 EE7E3A 2
-4.2 13.4 -4.2 F2F2F2 2
-4.2 13.4 -2.1 F2F2F2 2
-4.2 13.4 0 F2F2F2 2
-4.2 13.4 2.1 F2F2F2 2
-4.2 13.4 4.2 F2F2F2 2
-4.2 15.5 -4.2 EE7E3A 2
-4.2 15.5 -2.1 EE7E3A 2
-4.2 15.5 0 EE7E3A 2
-4.2 15.5 2.1 EE7E3A 2
-4.2 15.5 4.2 EE7E3A 2
-4.2 17.6 -2.1 979797 2
-4.2 17.6 0 979797 2
-4.2 17.6 2.1 979797 2
-4.2 0.8 -4.2 434343 2
-4.2 0.8 -2.1 434343 2
-4.2 0.8 0 434343 2
-4.2 0.8 2.1 434343 2
-4.2 0.8 4.2 434343 2
-4.2 0.8 -6.3 434343 2
-4.2 0.8 6.3 434343 2
-2.1 0.8 -4.2 434343 2
-2.1 0.8 -2.1 434343 2
-2.1 0.8 0 434343 2
-2.1 0.8 2.1 434343 2
-2.1 0.8 4.2 434343 2
-2.1 0.8 -6.3 434343 2
-2.1 0.8 6.3 434343 2
-2.1 2.9 -4.2 D25E2B 2
-2.1 2.9 4.2 D25E2B 2
-2.1 5 -4.2 D25E2B 2
-2.1 5 4.2 D25E2B 2
-2.1 7.1 -4.2 D25E2B 2
-2.1 7.1 4.2 D25E2B 2
-2.1 9.2 -4.2 BFBFBF 2
-2.1 9.2 4.2 BFBFBF 2
-2.1 11.3 -4.2 D25E2B 2
-2.1 11.3 4.2 D25E2B 2
-2.1 13.4 -4.2 BFBFBF 2
-2.1 13.4 4.2 BFBFBF 2
-2.1 15.5 -4.2 D25E2B 2
-2.1 15.5 4.2 D25E2B 2
-2.1 17.6 -4.2 7F7F7F 2
-2.1 17.6 4.2 7F7F7F 2
-2.1 19.7 -2.1 BFBFBF 2
-2.1 19.7 0 BFBFBF 2
-2.1 19.7 2.1 BFBFBF 2
0 0.8 -4.2 434343 2
0 0.8 -2.1 434343 2
0 0.8 0 434343 2
0 0.8 2.1 434343 2
0 0.8 4.2 434343 2
0 0.8 -6.3 434343 2
0 0.8 6.3 434343 2
0 2.9 -4.2 D25E2B 2
0 2.9 4.2 D25E2B 2
0 5 -4.2 D25E2B 2
0 5 4.2 D25E2B 2
0 7.1 -4.2 D25E2B 2
0 7.1 4.2 D25E2B 2
0 9.2 -4.2 BFBFBF 2
0 9.2 4.2 BFBFBF 2
0 11.3 -4.2 D25E2B 2
0 11.3 4.2 D25E2B 2
0 13.4 -4.2 BFBFBF 2
0 13.4 4.2 BFBFBF 2
0 15.5 -4.2 D25E2B 2
0 15.5 4.2 D25E2B 2
0 17.6 -4.2 7F7F7F 2
0 17.6 4.2 7F7F7F 2
0 19.7 -2.1 BFBFBF 2
0 19.7 0 BFBFBF 2
0 19.7 2.1 BFBFBF 2
2.1 0.8 -4.2 434343 2
2.1 0.8 -2.1 434343 2
2.1 0.8 0 434343 2
2.1 0.8 2.1 434343 2
2.1 0.8 4.2 434343 2
2.1 0.8 -6.3 434343 2
2.1 0.8 6.3 434343 2
2.1 2.9 -4.2 D25E2B 2
2.1 2.9 4.2 D25E2B 2
2.1 5 -4.2 D25E2B 2
2.1 5 4.2 D25E2B 2
2.1 7.1 -4.2 D25E2B 2
2.1 7.1 4.2 D25E2B 2
2.1 9.2 -4.2 BFBFBF 2
2.1 9.2 4.2 BFBFBF 2
2.1 11.3 -4.2 D25E2B 2
2.1 11.3 4.2 D25E2B 2
2.1 13.4 -4.2 BFBFBF 2
2.1 13.4 4.2 BFBFBF 2
2.1 15.5 -4.2 D25E2B 2
2.1 15.5 4.2 D25E2B 2
2.1 17.6 -4.2 7F7F7F 2
2.1 17.6 4.2 7F7F7F 2
2.1 19.7 -2.1 BFBFBF 2
2.1 19.7 0 BFBFBF 2
2.1 19.7 2.1 BFBFBF 2
4.2 0.8 -4.2 434343 2
4.2 0.8 -2.1 434343 2
4.2 0.8 0 434343 2
4.2 0.8 2.1 434343 2
4.2 0.8 4.2 434343 2
4.2 0.8 -6.3 434343 2
4.2 0.8 6.3 434343 2
4.2 2.9 -4.2 D25E2B 2
4.2 2.9 4.2 D25E2B 2
4.2 5 -4.2 D25E2B 2
4.2 5 4.2 D25E2B 2
4.2 7.1 -4.2 D25E2B 2
4.2 7.1 4.2 D25E2B 2
4.2 9.2 -4.2 BFBFBF 2
4.2 9.2 4.2 BFBFBF 2
4.2 11.3 -4.2 D25E2B 2
4.2 11.3 4.2 D25E2B 2
4.2 13.4 -4.2 BFBFBF 2
4.2 13.4 4.2 BFBFBF 2
4.2 15.5 -4.2 D25E2B 2
4.2 15.5 4.2 D25E2B 2
4.2 15.5 -2.1 F89645 2
4.2 17.6 -2.1 979797 2
4.2 15.5 0 F89645 2
4.2 17.6 0 979797 2
4.2 15.5 2.1 F89645 2
4.2 17.6 2.1 979797 2
6.3 0.8 -4.2 6D6D6D 2
6.3 0.8 -2.1 6D6D6D 2
6.3 0.8 0 6D6D6D 2
6.3 0.8 2.1 6D6D6D 2
6.3 0.8 4.2 6D6D6D 2
4.2 2.9 -2.1 EE7E3A 2
4.2 2.9 0 EE7E3A 2
4.2 2.9 2.1 EE7E3A 2
4.2 5 -2.1 EE7E3A 2
4.2 5 0 EE7E3A 2
4.2 5 2.1 EE7E3A 2
4.2 7.1 -2.1 EE7E3A 2
4.2 7.1 0 EE7E3A 2
4.2 7.1 2.1 EE7E3A 2
4.2 9.2 -2.1 F2F2F2 2
4.2 9.2 0 F2F2F2 2
4.2 9.2 2.1 F2F2F2 2
4.2 11.3 -2.1 EE7E3A 2
4.2 11.3 0 EE7E3A 2
4.2 11.3 2.1 EE7E3A 2
4.2 13.4 -2.1 F2F2F2 2
4.2 13.4 0 F2F2F2 2
4.2 13.4 2.1 F2F2F2 2
