-8.4 0.75 0 949394 2
-8.4 0.75 2.1 949394 2
-8.4 0.75 4.2 949394 2
-8.4 0.75 6.3 949394 2
-8.4 0.75 8.4 949394 2
-8.4 2.85 0 949394 2
-8.4 2.85 2.1 949394 2
-8.4 2.85 4.2 949394 2
-8.4 2.85 6.3 949394 2
-8.4 2.85 8.4 949394 2
-8.4 4.95 0 949394 2
-8.4 4.95 2.1 949394 2
-8.4 4.95 4.2 949394 2
-8.4 4.95 6.3 949394 2
-8.4 4.95 8.4 949394 2
-8.4 7.05 0 949394 2
-8.4 7.05 2.1 949394 2
-8.4 7.05 4.2 949394 2
-8.4 7.05 6.3 949394 2
-8.4 7.05 8.4 949394 2
-8.4 9.15 0 949394 2
-8.4 9.15 2.1 949394 2
-8.4 9.15 4.2 949394 2
-8.4 9.15 6.3 949394 2
-8.4 9.15 8.4 949394 2
-8.4 11.25 0 949394 2
-8.4 11.25 2.1 949394 2
-8.4 11.25 4.2 949394 2
-8.4 11.25 6.3 949394 2
-8.4 11.25 8.4 949394 2
-8.4 13.35 0 949394 2
-8.4 13.35 2.1 949394 2
-8.4 13.35 4.2 949394 2
-8.4 13.35 6.3 949394 2
-8.4 13.35 8.4 949394 2
4.2 13.35 2.1 A5A6A5 2
4.2 13.35 4.2 A5A6A5 2
4.2 13.35 6.3 A5A6A5 2
-8.4 15.45 0 967239 2
-8.4 15.45 2.1 967239 2
-8.4 15.45 4.2 967239 2
-8.4 15.45 6.3 967239 2
-8.4 15.45 8.4 967239 2
-6.3 0.75 8.4 7F7F7F 2
-6.3 2.85 8.4 CBCBCB 2
-6.3 4.95 8.4 CBCBCB 2
-6.3 7.05 8.4 CBCBCB 2
-6.3 9.15 8.4 CBCBCB 2
-6.3 11.25 8.4 CBCBCB 2
-6.3 13.35 8.4 B9BAB9 2
-6.3 15.45 0 967239 2
-6.3 15.45 2.1 967239 2
-6.3 15.45 4.2 967239 2
-6.3 15.45 6.3 967239 2
-6.3 15.45 8.4 967239 2
-4.2 0.75 8.4 7F7F7F 2
-4.2 2.85 8.4 CBCBCB 2
-4.2 4.95 8.4 CBCBCB 2
-4.2 7.05 8.4 CBCBCB 2
-4.2 9.15 8.4 CBCBCB 2
-4.2 11.25 8.4 CBCBCB 2
-4.2 13.35 8.4 B9BAB9 2
-4.2 15.45 0 967239 2
-4.2 15.45 2.1 967239 2
-4.2 15.45 4.2 967239 2
-4.2 15.45 6.3 967239 2
-4.2 15.45 8.4 967239 2
-2.1 0.75 8.4 7F7F7F 2
-2.1 2.85 8.4 CBCBCB 2
-2.1 4.95 8.4 CBCBCB 2
-2.1 7.05 8.4 CBCBCB 2
-2.1 9.15 8.4 CBCBCB 2
-2.1 11.25 8.4 CBCBCB 2
-2.1 13.35 8.4 CBCBCB 2
-2.1 13.35 2.1 CBCBCB 2
-4.2 13.35 2.1 A5A6A5 2
-2.1 13.35 4.2 CBCBCB 2
-4.2 13.35 4.2 A5A6A5 2
-2.1 13.35 6.3 CBCBCB 2
-4.2 13.35 6.3 A5A6A5 2
-2.1 15.45 0 967239 2
-2.1 15.45 8.4 967239 2
0 0.75 8.4 7F7F7F 2
0 2.85 8.4 B9BAB9 2
0 4.95 8.4 B9BAB9 2
0 7.05 8.4 B9BAB9 2
0 9.15 8.4 B9BAB9 2
0 11.25 8.4 B9BAB9 2
0 13.35 8.4 CBCBCB 2
0 13.35 2.1 CBCBCB 2
0 11.25 4.2 CBCBCB 2
0 13.35 6.3 CBCBCB 2
0 15.45 0 967239 2
0 15.45 8.4 967239 2
2.1 0.75 8.4 7F7F7F 2
2.1 2.85 8.4 CBCBCB 2
2.1 4.95 8.4 CBCBCB 2
2.1 7.05 8.4 CBCBCB 2
2.1 9.15 8.4 CBCBCB 2
2.1 11.25 8.4 CBCBCB 2
2.1 13.35 8.4 CBCBCB 2
2.1 13.35 2.1 CBCBCB 2
2.1 13.35 4.2 CBCBCB 2
2.1 13.35 6.3 CBCBCB 2
2.1 15.45 0 967239 2
2.1 15.45 8.4 967239 2
4.2 0.75 8.4 7F7F7F 2
4.2 2.85 8.4 CBCBCB 2
4.2 4.95 8.4 CBCBCB 2
4.2 7.05 8.4 CBCBCB 2
4.2 9.15 8.4 CBCBCB 2
4.2 11.25 8.4 CBCBCB 2
4.2 13.35 8.4 B9BAB9 2
4.2 15.45 0 967239 2
4.2 15.45 2.1 967239 2
4.2 15.45 4.2 967239 2
4.2 15.45 6.3 967239 2
4.2 15.45 8.4 967239 2
6.3 0.75 8.4 7F7F7F 2
6.3 2.85 8.4 CBCBCB 2
6.3 4.95 8.4 CBCBCB 2
6.3 7.05 8.4 CBCBCB 2
6.3 9.15 8.4 CBCBCB 2
6.3 11.25 8.4 CBCBCB 2
6.3 13.35 8.4 B9BAB9 2
6.3 15.45 0 967239 2
6.3 15.45 2.1 967239 2
6.3 15.45 4.2 967239 2
6.3 15.45 6.3 967239 2
6.3 15.45 8.4 967239 2
8.4 0.75 8.4 7F7F7F 2
8.4 2.85 8.4 B9BAB9 2
8.4 4.95 8.4 B9BAB9 2
8.4 7.05 8.4 B9BAB9 2
8.4 9.15 8.4 B9BAB9 2
8.4 11.25 8.4 B9BAB9 2
8.4 13.35 8.4 B9BAB9 2
8.4 15.45 0 967239 2
8.4 15.45 2.1 967239 2
8.4 15.45 4.2 967239 2
8.4 15.45 6.3 967239 2
8.4 15.45 8.4 967239 2
8.4 0.75 0 949394 2
8.4 0.75 2.1 949394 2
8.4 0.75 4.2 949394 2
8.4 0.75 6.3 949394 2
8.4 2.85 0 949394 2
8.4 2.85 2.1 949394 2
8.4 2.85 4.2 949394 2
8.4 2.85 6.3 949394 2
8.4 4.95 0 949394 2
8.4 4.95 2.1 949394 2
8.4 4.95 4.2 949394 2
8.4 4.95 6.3 949394 2
8.4 7.05 0 949394 2
8.4 7.05 2.1 949394 2
8.4 7.05 4.2 949394 2
8.4 7.05 6.3 949394 2
8.4 9.15 0 949394 2
8.4 9.15 2.1 949394 2
8.4 9.15 4.2 949394 2
8.4 9.15 6.3 949394 2
8.4 11.25 0 949394 2
8.4 11.25 2.1 949394 2
8.4 11.25 4.2 949394 2
8.4 11.25 6.3 949394 2
8.4 13.35 0 949394 2
8.4 13.35 2.1 949394 2
8.4 13.35 4.2 949394 2
8.4 13.35 6.3 949394 2
