10.08 0.75 2 6B6B6B 1.2
10.08 0.75 0.74 6B6B6B 1.2
10.08 0.75 -0.52 6B6B6B 1.2
10.08 0.75 -1.78 6B6B6B 1.2
10.08 0.75 -3.04 6B6B6B 1.2
10.08 2.01 2 6B6B6B 1.2
10.08 2.01 0.74 6B6B6B 1.2
10.08 2.01 -0.52 6B6B6B 1.2
10.08 2.01 -1.78 6B6B6B 1.2
10.08 2.01 -3.04 7E7976 1.2
10.08 3.27 2 6B6B6B 1.2
10.08 3.27 0.74 6B6B6B 1.2
10.08 3.27 -0.52 6B6B6B 1.2
10.08 3.27 -1.78 7E7976 1.2
10.08 3.27 -3.04 7E7976 1.2
10.08 4.53 2 6B6B6B 1.2
10.08 4.53 0.74 6B6B6B 1.2
10.08 4.53 -0.52 6B6B6B 1.2
10.08 4.53 -1.78 7E7976 1.2
10.08 4.53 -3.04 7E7976 1.2
10.08 5.79 2 6B6B6B 1.2
10.08 5.79 0.74 6B6B6B 1.2
10.08 5.79 -0.52 7E7976 1.2
10.08 5.79 -1.78 7E7976 1.2
10.08 5.79 -3.04 7E7976 1.2
10.08 7.05 2 6B6B6B 1.2
10.08 7.05 0.74 7E7976 1.2
10.08 7.05 -0.52 7E7976 1.2
10.08 7.05 -1.78 7E7976 1.2
10.08 7.05 -3.04 7E7976 1.2
10.08 8.31 2 CBCBCB 1.2
10.08 8.31 0.74 CBCBCB 1.2
10.08 8.31 -0.52 CBCBCB 1.2
10.08 8.31 -1.78 CBCBCB 1.2
10.08 8.31 -3.04 CBCBCB 1.2
8.820001 0.75 2 6B6B6B 1.2
8.820001 0.75 0.74 6B6B6B 1.2
8.820001 0.75 -0.52 6B6B6B 1.2
8.820001 0.75 -1.78 6B6B6B 1.2
8.820001 0.75 -3.04 6B6B6B 1.2
8.820001 2.01 -3.04 E25752 1.2
8.820001 3.27 -3.04 E25752 1.2
8.820001 4.53 -3.04 E25752 1.2
8.820001 5.79 -3.04 E25752 1.2
8.820001 7.05 -3.04 E25752 1.2
8.820001 8.31 2 CBCBCB 1.2
8.820001 8.31 0.74 CBCBCB 1.2
8.820001 8.31 -0.52 CBCBCB 1.2
8.820001 8.31 -1.78 CBCBCB 1.2
8.820001 8.31 -3.04 CBCBCB 1.2
7.56 0.75 2 6B6B6B 1.2
7.56 0.75 0.74 6B6B6B 1.2
7.56 0.75 -0.52 6B6B6B 1.2
7.56 0.75 -1.78 6B6B6B 1.2
7.56 0.75 -3.04 6B6B6B 1.2
7.56 2.01 -3.04 E25752 1.2
7.56 3.27 -3.04 E25752 1.2
7.56 4.53 -3.04 E25752 1.2
7.56 5.79 -3.04 E25752 1.2
7.56 7.05 -3.04 E25752 1.2
7.56 8.31 2 CBCBCB 1.2
7.56 8.31 0.74 CBCBCB 1.2
7.56 8.31 -0.52 CBCBCB 1.2
7.56 8.31 -1.78 CBCBCB 1.2
7.56 8.31 -3.04 CBCBCB 1.2
6.3 0.75 2 6B6B6B 1.2
6.3 0.75 0.74 6B6B6B 1.2
6.3 0.75 -0.52 6B6B6B 1.2
6.3 0.75 -1.78 6B6B6B 1.2
6.3 0.75 -3.04 6B6B6B 1.2
6.3 2.01 -3.04 E25752 1.2
6.3 3.27 -3.04 E25752 1.2
6.3 4.53 -3.04 E25752 1.2
6.3 5.79 -3.04 E25752 1.2
6.3 7.05 -3.04 E25752 1.2
6.3 8.31 2 CBCBCB 1.2
6.3 8.31 0.74 CBCBCB 1.2
6.3 8.31 -0.52 CBCBCB 1.2
6.3 8.31 -1.78 CBCBCB 1.2
6.3 8.31 -3.04 CBCBCB 1.2
5.04 0.75 2 6B6B6B 1.2
5.04 0.75 0.74 6B6B6B 1.2
5.04 0.75 -0.52 6B6B6B 1.2
5.04 0.75 -1.78 6B6B6B 1.2
5.04 0.75 -3.04 6B6B6B 1.2
5.04 2.01 -3.04 9C9894 1.2
5.04 3.27 -3.04 9C9894 1.2
5.04 4.53 -3.04 9C9894 1.2
5.04 5.79 -3.04 9C9894 1.2
5.04 7.05 -3.04 9C9894 1.2
5.04 8.31 2 CBCBCB 1.2
5.04 8.31 0.74 CBCBCB 1.2
5.04 8.31 -0.52 CBCBCB 1.2
5.04 8.31 -1.78 CBCBCB 1.2
5.04 8.31 -3.04 CBCBCB 1.2
3.78 0.75 2 6B6B6B 1.2
3.78 0.75 0.74 6B6B6B 1.2
3.78 0.75 -0.52 6B6B6B 1.2
3.78 0.75 -1.78 6B6B6B 1.2
3.78 0.75 -3.04 6B6B6B 1.2
3.78 2.01 -3.04 E25752 1.2
3.78 3.27 -3.04 E25752 1.2
3.78 4.53 -3.04 E25752 1.2
3.78 5.79 -3.04 E25752 1.2
3.78 7.05 -3.04 E25752 1.2
3.78 8.31 2 CBCBCB 1.2
3.78 8.31 0.74 CBCBCB 1.2
3.78 8.31 -0.52 CBCBCB 1.2
3.78 8.31 -1.78 CBCBCB 1.2
3.78 8.31 -3.04 CBCBCB 1.2
2.52 0.75 2 6B6B6B 1.2
2.52 0.75 0.74 6B6B6B 1.2
2.52 0.75 -0.52 6B6B6B 1.2
2.52 0.75 -1.78 6B6B6B 1.2
2.52 0.75 -3.04 6B6B6B 1.2
2.52 2.01 -3.04 E25752 1.2
2.52 3.27 -3.04 E25752 1.2
2.52 4.53 -3.04 E25752 1.2
2.52 5.79 -3.04 E25752 1.2
2.52 7.05 -3.04 E25752 1.2
2.52 8.31 2 CBCBCB 1.2
2.52 8.31 0.74 CBCBCB 1.2
2.52 8.31 -0.52 CBCBCB 1.2
2.52 8.31 -1.78 CBCBCB 1.2
2.52 8.31 -3.04 CBCBCB 1.2
1.26 0.75 2 6B6B6B 1.2
1.26 0.75 0.74 6B6B6B 1.2
1.26 0.75 -0.52 6B6B6B 1.2
1.26 0.75 -1.78 6B6B6B 1.2
1.26 0.75 -3.04 6B6B6B 1.2
1.26 2.01 -3.04 E25752 1.2
1.26 3.27 -3.04 E25752 1.2
1.26 4.53 -3.04 E25752 1.2
1.26 5.79 -3.04 E25752 1.2
1.26 7.05 -3.04 E25752 1.2
1.26 8.31 2 CBCBCB 1.2
1.26 8.31 0.74 CBCBCB 1.2
1.26 8.31 -0.52 CBCBCB 1.2
1.26 8.31 -1.78 CBCBCB 1.2
1.26 8.31 -3.04 CBCBCB 1.2
0 0.75 2 6B6B6B 1.2
0 0.75 0.74 6B6B6B 1.2
0 0.75 -0.52 6B6B6B 1.2
0 0.75 -1.78 6B6B6B 1.2
0 0.75 -3.04 6B6B6B 1.2
0 2.01 -3.04 9C9894 1.2
0 3.27 -3.04 9C9894 1.2
0 4.53 -3.04 9C9894 1.2
0 5.79 -3.04 9C9894 1.2
0 7.05 -3.04 9C9894 1.2
0 8.31 2 CBCBCB 1.2
0 8.31 0.74 CBCBCB 1.2
0 8.31 -0.52 CBCBCB 1.2
0 8.31 -1.78 CBCBCB 1.2
0 8.31 -3.04 CBCBCB 1.2
-1.26 0.75 2 6B6B6B 1.2
-1.26 0.75 0.74 6B6B6B 1.2
-1.26 0.75 -0.52 6B6B6B 1.2
-1.26 0.75 -1.78 6B6B6B 1.2
-1.26 0.75 -3.04 6B6B6B 1.2
-1.26 2.01 -3.04 E25752 1.2
-1.26 3.27 -3.04 E25752 1.2
-1.26 4.53 -3.04 E25752 1.2
-1.26 5.79 -3.04 E25752 1.2
-1.26 7.05 -3.04 E25752 1.2
-1.26 8.31 2 CBCBCB 1.2
-1.26 8.31 0.74 CBCBCB 1.2
-1.26 8.31 -0.52 CBCBCB 1.2
-1.26 8.31 -1.78 CBCBCB 1.2
-1.26 8.31 -3.04 CBCBCB 1.2
-2.52 0.75 2 6B6B6B 1.2
-2.52 0.75 0.74 6B6B6B 1.2
-2.52 0.75 -0.52 6B6B6B 1.2
-2.52 0.75 -1.78 6B6B6B 1.2
-2.52 0.75 -3.04 6B6B6B 1.2
-2.52 2.01 -3.04 E25752 1.2
-2.52 3.27 -3.04 E25752 1.2
-2.52 4.53 -3.04 E25752 1.2
-2.52 5.79 -3.04 E25752 1.2
-2.52 7.05 -3.04 E25752 1.2
-2.52 8.31 2 CBCBCB 1.2
-2.52 8.31 0.74 CBCBCB 1.2
-2.52 8.31 -0.52 CBCBCB 1.2
-2.52 8.31 -1.78 CBCBCB 1.2
-2.52 8.31 -3.04 CBCBCB 1.2
-3.78 0.75 2 6B6B6B 1.2
-3.78 0.75 0.74 6B6B6B 1.2
-3.78 0.75 -0.52 6B6B6B 1.2
-3.78 0.75 -1.78 6B6B6B 1.2
-3.78 0.75 -3.04 6B6B6B 1.2
-3.78 2.01 -3.04 E25752 1.2
-3.78 3.27 -3.04 E25752 1.2
-3.78 4.53 -3.04 E25752 1.2
-3.78 5.79 -3.04 E25752 1.2
-3.78 7.05 -3.04 E25752 1.2
-3.78 8.31 2 CBCBCB 1.2
-3.78 8.31 0.74 CBCBCB 1.2
-3.78 8.31 -0.52 CBCBCB 1.2
-3.78 8.31 -1.78 CBCBCB 1.2
-3.78 8.31 -3.04 CBCBCB 1.2
-5.04 0.75 2 6B6B6B 1.2
-5.04 0.75 0.74 6B6B6B 1.2
-5.04 0.75 -0.52 6B6B6B 1.2
-5.04 0.75 -1.78 6B6B6B 1.2
-5.04 0.75 -3.04 6B6B6B 1.2
-5.04 2.01 -3.04 9C9894 1.2
-5.04 3.27 -3.04 9C9894 1.2
-5.04 4.53 -3.04 9C9894 1.2
-5.04 5.79 -3.04 9C9894 1.2
-5.04 7.05 -3.04 9C9894 1.2
-5.04 8.31 2 CBCBCB 1.2
-5.04 8.31 0.74 CBCBCB 1.2
-5.04 8.31 -0.52 CBCBCB 1.2
-5.04 8.31 -1.78 CBCBCB 1.2
-5.04 8.31 -3.04 CBCBCB 1.2
-6.3 0.75 2 6B6B6B 1.2
-6.3 0.75 0.74 6B6B6B 1.2
-6.3 0.75 -0.52 6B6B6B 1.2
-6.3 0.75 -1.78 6B6B6B 1.2
-6.3 0.75 -3.04 6B6B6B 1.2
-6.3 2.01 -3.04 E25752 1.2
-6.3 3.27 -3.04 E25752 1.2
-6.3 4.53 -3.04 E25752 1.2
-6.3 5.79 -3.04 E25752 1.2
-6.3 7.05 -3.04 E25752 1.2
-6.3 8.31 2 CBCBCB 1.2
-6.3 8.31 0.74 CBCBCB 1.2
-6.3 8.31 -0.52 CBCBCB 1.2
-6.3 8.31 -1.78 CBCBCB 1.2
-6.3 8.31 -3.04 CBCBCB 1.2
-7.56 0.75 2 6B6B6B 1.2
-7.56 0.75 0.74 6B6B6B 1.2
-7.56 0.75 -0.52 6B6B6B 1.2
-7.56 0.75 -1.78 6B6B6B 1.2
-7.56 0.75 -3.04 6B6B6B 1.2
-7.56 2.01 -3.04 E25752 1.2
-7.56 3.27 -3.04 E25752 1.2
-7.56 4.53 -3.04 E25752 1.2
-7.56 5.79 -3.04 E25752 1.2
-7.56 7.05 -3.04 E25752 1.2
-7.56 8.31 2 CBCBCB 1.2
-7.56 8.31 0.74 CBCBCB 1.2
-7.56 8.31 -0.52 CBCBCB 1.2
-7.56 8.31 -1.78 CBCBCB 1.2
-7.56 8.31 -3.04 CBCBCB 1.2
-8.820001 0.75 2 6B6B6B 1.2
-8.820001 0.75 0.74 6B6B6B 1.2
-8.820001 0.75 -0.52 6B6B6B 1.2
-8.820001 0.75 -1.78 6B6B6B 1.2
-8.820001 0.75 -3.04 6B6B6B 1.2
-8.820001 2.01 -3.04 E25752 1.2
-8.820001 3.27 -3.04 E25752 1.2
-8.820001 4.53 -3.04 E25752 1.2
-8.820001 5.79 -3.04 E25752 1.2
-8.820001 7.05 -3.04 E25752 1.2
-8.820001 8.31 2 CBCBCB 1.2
-8.820001 8.31 0.74 CBCBCB 1.2
-8.820001 8.31 -0.52 CBCBCB 1.2
-8.820001 8.31 -1.78 CBCBCB 1.2
-8.820001 8.31 -3.04 CBCBCB 1.2
-10.08 0.75 2 6B6B6B 1.2
-10.08 0.75 0.74 6B6B6B 1.2
-10.08 0.75 -0.52 6B6B6B 1.2
-10.08 0.75 -1.78 6B6B6B 1.2
-10.08 0.75 -3.04 6B6B6B 1.2
-10.08 2.01 -3.04 9C9894 1.2
-10.08 3.27 -3.04 9C9894 1.2
-10.08 4.53 -3.04 9C9894 1.2
-10.08 5.79 -3.04 9C9894 1.2
-10.08 7.05 -3.04 9C9894 1.2
-10.08 8.31 2 CBCBCB 1.2
-10.08 8.31 0.74 CBCBCB 1.2
-10.08 8.31 -0.52 CBCBCB 1.2
-10.08 8.31 -1.78 CBCBCB 1.2
-10.08 8.31 -3.04 CBCBCB 1.2
-10.08 2.01 2 7E7976 1.2
-10.08 2.01 0.74 7E7976 1.2
-10.08 2.01 -0.52 7E7976 1.2
-10.08 2.01 -1.78 7E7976 1.2
-10.08 3.27 2 7E7976 1.2
-10.08 3.27 0.74 7E7976 1.2
-10.08 3.27 -0.52 7E7976 1.2
-10.08 3.27 -1.78 7E7976 1.2
-10.08 4.53 2 7E7976 1.2
-10.08 4.53 0.74 7E7976 1.2
-10.08 4.53 -0.52 7E7976 1.2
-10.08 4.53 -1.78 7E7976 1.2
-10.08 5.79 2 7E7976 1.2
-10.08 5.79 0.74 7E7976 1.2
-10.08 5.79 -0.52 7E7976 1.2
-10.08 5.79 -1.78 7E7976 1.2
-10.08 7.05 2 7E7976 1.2
-10.08 7.05 0.74 7E7976 1.2
-10.08 7.05 -0.52 7E7976 1.2
-10.08 7.05 -1.78 7E7976 1.2
