6.3 0.4 2.52 6D3D26 1.2
6.3 0.4 1.26 6D3D26 1.2
6.3 0.4 0 6D3D26 1.2
6.3 0.4 -1.26 6D3D26 1.2
6.3 0.4 -2.52 6D3D26 1.2
6.3 1.66 2.52 6D3D26 1.2
6.3 1.66 1.26 6D3D26 1.2
6.3 1.66 0 6D3D26 1.2
6.3 1.66 -1.26 6D3D26 1.2
6.3 1.66 -2.52 6D3D26 1.2
6.3 2.92 1.26 6D3D26 1.2
6.3 2.92 0 6D3D26 1.2
6.3 2.92 -1.26 6D3D26 1.2
3.78 2.92 -2.52 9C7A1B 1.2
6.3 4.18 1.26 6D3D26 1.2
6.3 4.18 0 6D3D26 1.2
6.3 4.18 -1.26 6D3D26 1.2
6.3 5.44 1.26 6D3D26 1.2
6.3 5.44 0 6D3D26 1.2
6.3 5.44 -1.26 6D3D26 1.2
3.78 5.44 -2.52 9C7A1B 1.2
2.52 6.7 2.52 6D3D26 1.2
6.3 6.7 1.26 6D3D26 1.2
6.3 6.7 0 6D3D26 1.2
6.3 6.7 -1.26 6D3D26 1.2
2.52 7.960001 2.52 6D3D26 1.2
6.3 7.960001 1.26 6D3D26 1.2
6.3 7.960001 0 6D3D26 1.2
6.3 7.960001 -1.26 6D3D26 1.2
2.52 9.22 2.52 6D3D26 1.2
2.52 10.48 2.52 6D3D26 1.2
2.52 11.74 2.52 6D3D26 1.2
2.52 13 2.52 6D3D26 1.2
2.52 14.26 2.52 6D3D26 1.2
2.52 15.52 2.52 6D3D26 1.2
2.52 16.78 2.52 6D3D26 1.2
6.3 9.22 2.52 5D3421 1.2
6.3 9.22 -2.52 5D3421 1.2
6.3 2.92 2.52 7B472D 1.2
6.3 2.92 -2.52 7B472D 1.2
6.3 4.18 2.52 7B472D 1.2
6.3 4.18 -2.52 7B472D 1.2
6.3 5.44 2.52 7B472D 1.2
6.3 5.44 -2.52 7B472D 1.2
6.3 6.7 2.52 7B472D 1.2
6.3 6.7 -2.52 7B472D 1.2
6.3 7.960001 2.52 7B472D 1.2
6.3 7.960001 -2.52 7B472D 1.2
6.3 9.22 1.26 985935 1.2
6.3 9.22 0 985935 1.2
6.3 9.22 -1.26 985935 1.2
5.04 0.4 2.52 7B472D 1.2
5.04 0.4 1.26 7B472D 1.2
5.04 0.4 0 7B472D 1.2
5.04 0.4 -1.26 7B472D 1.2
5.04 0.4 -2.52 7B472D 1.2
5.04 1.66 2.52 7B472D 1.2
5.04 9.22 2.52 5D3421 1.2
5.04 9.22 -2.52 5D3421 1.2
5.04 1.66 -2.52 7B472D 1.2
5.04 2.92 2.52 7B472D 1.2
5.04 2.92 -2.52 6D3D26 1.2
5.04 4.18 2.52 7B472D 1.2
5.04 4.18 -2.52 7B472D 1.2
5.04 5.44 2.52 7B472D 1.2
5.04 5.44 -2.52 6D3D26 1.2
5.04 6.7 2.52 7B472D 1.2
5.04 6.7 -2.52 7B472D 1.2
5.04 7.960001 2.52 7B472D 1.2
5.04 7.960001 -2.52 6D3D26 1.2
5.04 9.22 1.26 985935 1.2
5.04 9.22 0 985935 1.2
5.04 9.22 -1.26 985935 1.2
3.78 0.4 2.52 7B472D 1.2
3.78 0.4 1.26 7B472D 1.2
3.78 0.4 0 7B472D 1.2
3.78 0.4 -1.26 7B472D 1.2
3.78 0.4 -2.52 7B472D 1.2
3.78 1.66 2.52 7B472D 1.2
3.78 9.22 2.52 5D3421 1.2
3.78 9.22 -2.52 5D3421 1.2
3.78 1.66 -2.52 7B472D 1.2
3.78 2.92 2.52 7B472D 1.2
-2.52 2.92 -2.52 9C7A1B 1.2
3.78 4.18 2.52 7B472D 1.2
3.78 4.18 -2.52 7B472D 1.2
3.78 5.44 2.52 7B472D 1.2
-2.52 5.44 -2.52 9C7A1B 1.2
3.78 6.7 2.52 7B472D 1.2
3.78 6.7 -2.52 7B472D 1.2
3.78 7.960001 2.52 7B472D 1.2
3.78 7.960001 -2.52 6D3D26 1.2
3.78 9.22 1.26 985935 1.2
3.78 9.22 0 985935 1.2
3.78 9.22 -1.26 985935 1.2
2.52 0.4 2.52 7B472D 1.2
2.52 0.4 1.26 7B472D 1.2
2.52 0.4 0 7B472D 1.2
2.52 0.4 -1.26 7B472D 1.2
2.52 0.4 -2.52 7B472D 1.2
2.52 1.66 2.52 7B472D 1.2
2.52 9.22 -2.52 5D3421 1.2
2.52 1.66 -2.52 7B472D 1.2
2.52 2.92 2.52 7B472D 1.2
2.52 2.92 -2.52 8B5133 1.2
2.52 4.18 2.52 7B472D 1.2
2.52 4.18 -2.52 7B472D 1.2
2.52 5.44 2.52 7B472D 1.2
2.52 5.44 -2.52 8B5133 1.2
2.52 6.7 -2.52 7B472D 1.2
2.52 7.960001 -2.52 8B5133 1.2
2.52 9.22 1.26 985935 1.2
2.52 9.22 0 985935 1.2
2.52 9.22 -1.26 985935 1.2
2.52 10.48 1.26 99A2AD 1.2
2.52 11.74 1.26 99A2AD 1.2
2.52 13 1.26 99A2AD 1.2
2.52 14.26 1.26 99A2AD 1.2
2.52 15.52 1.26 99A2AD 1.2
2.52 16.78 1.26 99A2AD 1.2
2.52 18.04 2.52 8B5133 1.2
2.52 18.04 1.26 99A2AD 1.2
1.26 0.4 2.52 7B472D 1.2
1.26 0.4 1.26 7B472D 1.2
1.26 0.4 0 7B472D 1.2
1.26 0.4 -1.26 7B472D 1.2
1.26 0.4 -2.52 7B472D 1.2
1.26 1.66 2.52 7B472D 1.2
1.26 9.22 2.52 5D3421 1.2
1.26 9.22 -2.52 5D3421 1.2
1.26 1.66 -2.52 7B472D 1.2
1.26 2.92 2.52 7B472D 1.2
1.26 2.92 -2.52 8B5133 1.2
1.26 4.18 2.52 7B472D 1.2
1.26 4.18 -2.52 7B472D 1.2
1.26 5.44 2.52 7B472D 1.2
1.26 5.44 -2.52 8B5133 1.2
1.26 6.7 2.52 7B472D 1.2
-2.52 6.7 2.52 6D3D26 1.2
1.26 6.7 -2.52 7B472D 1.2
1.26 7.960001 2.52 7B472D 1.2
-2.52 7.960001 2.52 6D3D26 1.2
1.26 7.960001 -2.52 8B5133 1.2
-2.52 9.22 2.52 6D3D26 1.2
1.26 9.22 1.26 985935 1.2
1.26 9.22 0 985935 1.2
1.26 9.22 -1.26 985935 1.2
1.26 10.48 2.52 8B5133 1.2
-2.52 10.48 2.52 6D3D26 1.2
1.26 10.48 1.26 99A2AD 1.2
1.26 11.74 2.52 8B5133 1.2
-2.52 11.74 2.52 6D3D26 1.2
1.26 11.74 1.26 99A2AD 1.2
1.26 13 2.52 8B5133 1.2
-2.52 13 2.52 6D3D26 1.2
1.26 13 1.26 99A2AD 1.2
1.26 14.26 2.52 8B5133 1.2
-2.52 14.26 2.52 6D3D26 1.2
1.26 14.26 1.26 99A2AD 1.2
1.26 15.52 2.52 8B5133 1.2
-2.52 15.52 2.52 6D3D26 1.2
1.26 15.52 1.26 99A2AD 1.2
1.26 16.78 2.52 8B5133 1.2
-2.52 16.78 2.52 6D3D26 1.2
1.26 16.78 1.26 99A2AD 1.2
1.26 18.04 2.52 8B5133 1.2
1.26 18.04 1.26 99A2AD 1.2
0 0.4 2.52 7B472D 1.2
0 0.4 1.26 7B472D 1.2
0 0.4 0 7B472D 1.2
0 0.4 -1.26 7B472D 1.2
0 0.4 -2.52 7B472D 1.2
0 1.66 2.52 7B472D 1.2
0 9.22 2.52 5D3421 1.2
0 9.22 -2.52 5D3421 1.2
0 1.66 -2.52 7B472D 1.2
0 2.92 2.52 7B472D 1.2
0 2.92 -2.52 6D3D26 1.2
0 4.18 2.52 7B472D 1.2
0 4.18 -2.52 7B472D 1.2
0 5.44 2.52 7B472D 1.2
0 5.44 -2.52 6D3D26 1.2
0 6.7 2.52 7B472D 1.2
0 6.7 -2.52 7B472D 1.2
0 7.960001 2.52 7B472D 1.2
0 7.960001 -2.52 6D3D26 1.2
0 9.22 1.26 985935 1.2
0 9.22 0 985935 1.2
0 9.22 -1.26 985935 1.2
0 10.48 2.52 8B5133 1.2
0 10.48 1.26 99A2AD 1.2
0 11.74 2.52 8B5133 1.2
0 11.74 1.26 99A2AD 1.2
0 13 2.52 8B5133 1.2
0 13 1.26 99A2AD 1.2
0 14.26 2.52 8B5133 1.2
0 14.26 1.26 99A2AD 1.2
0 15.52 2.52 8B5133 1.2
0 15.52 1.26 99A2AD 1.2
0 16.78 2.52 8B5133 1.2
0 16.78 1.26 99A2AD 1.2
0 18.04 2.52 8B5133 1.2
0 18.04 1.26 99A2AD 1.2
-1.26 0.4 2.52 7B472D 1.2
-1.26 0.4 1.26 7B472D 1.2
-1.26 0.4 0 7B472D 1.2
-1.26 0.4 -1.26 7B472D 1.2
-1.26 0.4 -2.52 7B472D 1.2
-1.26 1.66 2.52 7B472D 1.2
-1.26 9.22 2.52 5D3421 1.2
-1.26 9.22 -2.52 5D3421 1.2
-1.26 1.66 -2.52 7B472D 1.2
-1.26 2.92 2.52 7B472D 1.2
-1.26 2.92 -2.52 6D3D26 1.2
-1.26 4.18 2.52 7B472D 1.2
-1.26 4.18 -2.52 7B472D 1.2
-1.26 5.44 2.52 7B472D 1.2
-1.26 5.44 -2.52 6D3D26 1.2
-1.26 6.7 2.52 7B472D 1.2
-1.26 6.7 -2.52 7B472D 1.2
-1.26 7.960001 2.52 7B472D 1.2
-1.26 7.960001 -2.52 6D3D26 1.2
-1.26 9.22 1.26 985935 1.2
-1.26 9.22 0 985935 1.2
-1.26 9.22 -1.26 985935 1.2
-1.26 10.48 2.52 8B5133 1.2
-1.26 10.48 1.26 99A2AD 1.2
-1.26 11.74 2.52 8B5133 1.2
-1.26 11.74 1.26 99A2AD 1.2
-1.26 13 2.52 8B5133 1.2
-1.26 13 1.26 99A2AD 1.2
-1.26 14.26 2.52 8B5133 1.2
-1.26 14.26 1.26 99A2AD 1.2
-1.26 15.52 2.52 8B5133 1.2
-1.26 15.52 1.26 99A2AD 1.2
-1.26 16.78 2.52 8B5133 1.2
-1.26 16.78 1.26 99A2AD 1.2
-1.26 18.04 2.52 8B5133 1.2
-1.26 18.04 1.26 99A2AD 1.2
-2.52 0.4 2.52 7B472D 1.2
-2.52 0.4 1.26 7B472D 1.2
-2.52 0.4 0 7B472D 1.2
-2.52 0.4 -1.26 7B472D 1.2
-2.52 0.4 -2.52 7B472D 1.2
-2.52 1.66 2.52 7B472D 1.2
-2.52 9.22 -2.52 5D3421 1.2
-2.52 1.66 -2.52 7B472D 1.2
-2.52 2.92 2.52 7B472D 1.2
-2.52 4.18 2.52 7B472D 1.2
-2.52 4.18 -2.52 7B472D 1.2
-2.52 5.44 2.52 7B472D 1.2
-2.52 6.7 -2.52 7B472D 1.2
-2.52 7.960001 -2.52 6D3D26 1.2
-2.52 9.22 1.26 985935 1.2
-2.52 9.22 0 985935 1.2
-2.52 9.22 -1.26 985935 1.2
-2.52 10.48 1.26 99A2AD 1.2
-2.52 11.74 1.26 99A2AD 1.2
-2.52 13 1.26 99A2AD 1.2
-2.52 14.26 1.26 99A2AD 1.2
-2.52 15.52 1.26 99A2AD 1.2
-2.52 16.78 1.26 99A2AD 1.2
-2.52 18.04 2.52 8B5133 1.2
-2.52 18.04 1.26 99A2AD 1.2
-3.78 0.4 2.52 7B472D 1.2
-3.78 0.4 1.26 7B472D 1.2
-3.78 0.4 0 7B472D 1.2
-3.78 0.4 -1.26 7B472D 1.2
-3.78 0.4 -2.52 7B472D 1.2
-3.78 1.66 2.52 7B472D 1.2
-3.78 9.22 2.52 5D3421 1.2
-3.78 9.22 -2.52 5D3421 1.2
-3.78 1.66 -2.52 7B472D 1.2
-3.78 2.92 2.52 7B472D 1.2
-3.78 2.92 -2.52 6D3D26 1.2
-3.78 4.18 2.52 7B472D 1.2
-3.78 4.18 -2.52 7B472D 1.2
-3.78 5.44 2.52 7B472D 1.2
-3.78 5.44 -2.52 6D3D26 1.2
-3.78 6.7 2.52 7B472D 1.2
-3.78 6.7 -2.52 7B472D 1.2
-3.78 7.960001 2.52 7B472D 1.2
-3.78 7.960001 -2.52 6D3D26 1.2
-3.78 9.22 1.26 985935 1.2
-3.78 9.22 0 985935 1.2
-3.78 9.22 -1.26 985935 1.2
-5.04 0.4 2.52 7B472D 1.2
-5.04 0.4 1.26 7B472D 1.2
-5.04 0.4 0 7B472D 1.2
-5.04 0.4 -1.26 7B472D 1.2
-5.04 0.4 -2.52 7B472D 1.2
-5.04 1.66 2.52 7B472D 1.2
-5.04 9.22 2.52 5D3421 1.2
-5.04 9.22 -2.52 5D3421 1.2
-5.04 1.66 -2.52 7B472D 1.2
-5.04 2.92 2.52 7B472D 1.2
-5.04 2.92 -2.52 6D3D26 1.2
-5.04 4.18 2.52 7B472D 1.2
-5.04 4.18 -2.52 7B472D 1.2
-5.04 5.44 2.52 7B472D 1.2
-5.04 5.44 -2.52 6D3D26 1.2
-5.04 6.7 2.52 7B472D 1.2
-5.04 6.7 -2.52 7B472D 1.2
-5.04 7.960001 2.52 7B472D 1.2
-5.04 7.960001 -2.52 6D3D26 1.2
-5.04 9.22 1.26 985935 1.2
-5.04 9.22 0 985935 1.2
-5.04 9.22 -1.26 985935 1.2
-6.3 0.4 2.52 7B472D 1.2
-6.3 0.4 1.26 7B472D 1.2
-6.3 0.4 0 7B472D 1.2
-6.3 0.4 -1.26 7B472D 1.2
-6.3 0.4 -2.52 7B472D 1.2
-6.3 1.66 2.52 7B472D 1.2
-6.3 9.22 2.52 5D3421 1.2
-6.3 9.22 -2.52 5D3421 1.2
-6.3 1.66 -2.52 7B472D 1.2
-6.3 2.92 2.52 7B472D 1.2
-6.3 2.92 -2.52 7B472D 1.2
-6.3 4.18 2.52 7B472D 1.2
-6.3 4.18 -2.52 7B472D 1.2
-6.3 5.44 2.52 7B472D 1.2
-6.3 5.44 -2.52 7B472D 1.2
-6.3 6.7 2.52 7B472D 1.2
-6.3 6.7 -2.52 7B472D 1.2
-6.3 7.960001 2.52 7B472D 1.2
-6.3 7.960001 -2.52 7B472D 1.2
-6.3 9.22 1.26 985935 1.2
-6.3 9.22 0 985935 1.2
-6.3 9.22 -1.26 985935 1.2
-6.3 1.66 1.26 6D3D26 1.2
-6.3 1.66 0 6D3D26 1.2
-6.3 1.66 -1.26 6D3D26 1.2
-6.3 2.92 1.26 6D3D26 1.2
-6.3 2.92 0 6D3D26 1.2
-6.3 2.92 -1.26 6D3D26 1.2
-6.3 4.18 1.26 6D3D26 1.2
-6.3 4.18 0 6D3D26 1.2
-6.3 4.18 -1.26 6D3D26 1.2
-6.3 5.44 1.26 6D3D26 1.2
-6.3 5.44 0 6D3D26 1.2
-6.3 5.44 -1.26 6D3D26 1.2
-6.3 6.7 1.26 6D3D26 1.2
-6.3 6.7 0 6D3D26 1.2
-6.3 6.7 -1.26 6D3D26 1.2
-6.3 7.960001 1.26 6D3D26 1.2
-6.3 7.960001 0 6D3D26 1.2
-6.3 7.960001 -1.26 6D3D26 1.2
