-6.5 0.47 -1.3 2828B1 1.3
-6.5 0.47 0 2828B1 1.3
-6.5 0.47 1.3 2828B1 1.3
-6.5 1.77 -1.3 FFFFFF 1.3
-6.5 1.77 0 4A494A 1.3
-6.5 1.77 1.3 FFFFF7 1.3
-6.5 3.07 -1.3 FFFFFF 1.3
-6.5 3.07 0 4745A7 1.3
-6.5 3.07 1.3 FFFFFF 1.3
-6.5 4.37 -1.3 C0BED0 1.3
-6.5 4.37 0 E7EBEF 1.3
-6.5 4.37 1.3 CECAD6 1.3
-6.5 5.67 -1.3 A5A6BD 1.3
-6.5 5.67 0 E7EBEF 1.3
-6.5 5.67 1.3 BDBACE 1.3
-6.5 6.97 -1.3 211C39 1.3
-6.5 6.97 0 181031 1.3
-6.5 6.97 1.3 292439 1.3
-6.5 8.27 -1.3 EFEFF7 1.3
-6.5 8.27 0 EFEFF7 1.3
-6.5 8.27 1.3 C5C1D0 1.3
-6.5 9.57 -1.3 EFF3F7 1.3
-6.5 9.57 0 F7F7F7 1.3
-6.5 9.57 1.3 DEDBDE 1.3
-6.5 10.87 -1.3 FFFFFF 1.3
-6.5 10.87 0 C8C7D6 1.3
-6.5 10.87 1.3 C8CAD8 1.3
-6.5 12.17 -1.3 393894 1.3
-6.5 12.17 0 08047B 1.3
-6.5 12.17 1.3 4A49A5 1.3
-6.5 13.47 -1.3 100C73 1.3
-6.5 13.47 0 101073 1.3
-6.5 13.47 1.3 080873 1.3
-6.5 14.77 -1.3 E7EBEF 1.3
-6.5 14.77 0 DEDFE7 1.3
-6.5 14.77 1.3 EFEBEF 1.3
-6.5 16.07 -1.3 55579C 1.3
-6.5 16.07 0 9A9ABD 1.3
-6.5 16.07 1.3 575997 1.3
-6.5 17.37 -1.3 080463 1.3
-6.5 17.37 0 000063 1.3
-6.5 17.37 1.3 000063 1.3
-6.5 18.67 -1.3 00047B 1.3
-6.5 18.67 0 4C3A4C 1.3
-6.5 18.67 1.3 523758 1.3
-5.2 0.47 -1.3 2828B2 1.3
-5.2 0.47 0 2828B2 1.3
-5.2 0.47 1.3 2828B2 1.3
-5.2 0.47 -2.6 2828B2 1.3
-5.2 0.47 2.6 2828B2 1.3
-5.2 1.77 -2.6 2828B2 1.3
-5.2 1.77 2.6 C67D00 1.3
-5.2 3.07 -2.6 2625B2 1.3
-5.2 3.07 2.6 AF6F29 1.3
-5.2 4.37 -2.6 2628B2 1.3
-5.2 4.37 2.6 CE8E10 1.3
-5.2 5.67 -2.6 2625AD 1.3
-5.2 5.67 2.6 3934B5 1.3
-5.2 6.97 -2.6 2122AA 1.3
-5.2 6.97 2.6 2B2AB7 1.3
-5.2 8.27 -2.6 2120A5 1.3
-5.2 8.27 2.6 292CB5 1.3
-5.2 9.57 -2.6 1E1D9C 1.3
-5.2 9.57 2.6 4D3689 1.3
-5.2 10.87 -2.6 1E1994 1.3
-5.2 10.87 2.6 2321A5 1.3
-5.2 12.17 -2.6 181884 1.3
-5.2 12.17 2.6 1B1A96 1.3
-5.2 13.47 -2.6 101281 1.3
-5.2 13.47 2.6 080C6B 1.3
-5.2 14.77 -2.6 10117B 1.3
-5.2 14.77 2.6 100463 1.3
-5.2 16.07 -2.6 10107B 1.3
-5.2 16.07 2.6 120E78 1.3
-5.2 17.37 -2.6 10107B 1.3
-5.2 17.37 2.6 101076 1.3
-5.2 18.67 -2.6 10107B 1.3
-5.2 18.67 2.6 101076 1.3
-5.2 19.97 -1.3 101077 1.3
-5.2 19.97 0 101077 1.3
-5.2 19.97 1.3 101077 1.3
-3.9 0.47 -1.3 2828B2 1.3
-3.9 0.47 0 2828B2 1.3
-3.9 0.47 1.3 2828B2 1.3
-3.9 0.47 -2.6 2828B2 1.3
-3.9 0.47 2.6 2828B2 1.3
-3.9 1.77 -2.6 0000A5 1.3
-3.9 1.77 2.6 C67500 1.3
-3.9 3.07 -2.6 292CB5 1.3
-3.9 3.07 2.6 DEBA4A 1.3
-3.9 4.37 -2.6 1D1983 1.3
-3.9 4.37 2.6 E7D763 1.3
-3.9 5.67 -2.6 101073 1.3
-3.9 5.67 2.6 DCC59A 1.3
-3.9 6.97 -2.6 00006B 1.3
-3.9 6.97 2.6 3938BD 1.3
-3.9 8.27 -2.6 080C73 1.3
-3.9 8.27 2.6 57424A 1.3
-3.9 9.57 -2.6 52559C 1.3
-3.9 9.57 2.6 554076 1.3
-3.9 10.87 -2.6 101073 1.3
-3.9 10.87 2.6 2626AA 1.3
-3.9 12.17 -2.6 474391 1.3
-3.9 12.17 2.6 21209C 1.3
-3.9 13.47 -2.6 8684B5 1.3
-3.9 13.47 2.6 18188C 1.3
-3.9 14.77 -2.6 10117B 1.3
-3.9 14.77 2.6 0A0C7E 1.3
-3.9 16.07 -2.6 10117B 1.3
-3.9 16.07 2.6 101079 1.3
-3.9 17.37 -2.6 000084 1.3
-3.9 17.37 2.6 101076 1.3
-3.9 18.67 -2.6 10107B 1.3
-3.9 18.67 2.6 101076 1.3
-3.9 19.97 -1.3 101077 1.3
-3.9 19.97 0 101077 1.3
-3.9 19.97 1.3 101077 1.3
-2.6 0.47 -1.3 2828B2 1.3
-2.6 0.47 0 2828B2 1.3
-2.6 0.47 1.3 2828B2 1.3
-2.6 0.47 -2.6 2828B2 1.3
-2.6 0.47 2.6 2828B2 1.3
-2.6 1.77 -2.6 08009C 1.3
-2.6 1.77 2.6 DEAD3F 1.3
-2.6 3.07 -2.6 D0B54F 1.3
-2.6 3.07 2.6 E7D36B 1.3
-2.6 4.37 -2.6 0814EF 1.3
-2.6 4.37 2.6 C88F1B 1.3
-2.6 5.67 -2.6 101073 1.3
-2.6 5.67 2.6 CD9416 1.3
-2.6 6.97 -2.6 41408C 1.3
-2.6 6.97 2.6 313CE7 1.3
-2.6 8.27 -2.6 7876AA 1.3
-2.6 8.27 2.6 081039 1.3
-2.6 9.57 -2.6 44438E 1.3
-2.6 9.57 2.6 081463 1.3
-2.6 10.87 -2.6 101073 1.3
-2.6 10.87 2.6 2E2DB2 1.3
-2.6 12.17 -2.6 C6C7D6 1.3
-2.6 12.17 2.6 FFA610 1.3
-2.6 13.47 -2.6 8486B5 1.3
-2.6 13.47 2.6 18188C 1.3
-2.6 14.77 -2.6 15127B 1.3
-2.6 14.77 2.6 FFE308 1.3
-2.6 16.07 -2.6 10117B 1.3
-2.6 16.07 2.6 10107B 1.3
-2.6 17.37 -2.6 08008C 1.3
-2.6 17.37 2.6 08086B 1.3
-2.6 18.67 -2.6 10107B 1.3
-2.6 18.67 2.6 100D75 1.3
-2.6 19.97 -1.3 101077 1.3
-2.6 19.97 0 101077 1.3
-2.6 19.97 1.3 101077 1.3
-1.3 0.47 -1.3 2828B2 1.3
-1.3 0.47 0 2828B2 1.3
-1.3 0.47 1.3 2828B2 1.3
-1.3 0.47 -2.6 2828B2 1.3
-1.3 0.47 2.6 2828B2 1.3
-1.3 1.77 -2.6 08049C 1.3
-1.3 1.77 2.6 D6AF44 1.3
-1.3 3.07 -2.6 D09416 1.3
-1.3 3.07 2.6 C37529 1.3
-1.3 4.37 -2.6 E4D684 1.3
-1.3 4.37 2.6 D9B64A 1.3
-1.3 5.67 -2.6 101073 1.3
-1.3 5.67 2.6 C5640D 1.3
-1.3 6.97 -2.6 4C4A91 1.3
-1.3 6.97 2.6 6862C8 1.3
-1.3 8.27 -2.6 8482AF 1.3
-1.3 8.27 2.6 00084A 1.3
-1.3 9.57 -2.6 DEE3E7 1.3
-1.3 9.57 2.6 100839 1.3
-1.3 10.87 -2.6 101073 1.3
-1.3 10.87 2.6 2E2EBA 1.3
-1.3 12.17 -2.6 C6C3D6 1.3
-1.3 12.17 2.6 FFA608 1.3
-1.3 13.47 -2.6 8486B5 1.3
-1.3 13.47 2.6 161489 1.3
-1.3 14.77 -2.6 FF9A08 1.3
-1.3 14.77 2.6 08047B 1.3
-1.3 16.07 -2.6 AA7929 1.3
-1.3 16.07 2.6 10117B 1.3
-1.3 17.37 -2.6 08005A 1.3
-1.3 17.37 2.6 FFFFFF 1.3
-1.3 18.67 -2.6 10107B 1.3
-1.3 18.67 2.6 FFF3D6 1.3
-1.3 19.97 -1.3 101077 1.3
-1.3 19.97 0 101077 1.3
-1.3 19.97 1.3 101077 1.3
0 0.47 -1.3 2828B2 1.3
0 0.47 0 2828B2 1.3
0 0.47 1.3 2828B2 1.3
0 0.47 -2.6 2828B2 1.3
0 0.47 2.6 2828B2 1.3
0 1.77 -2.6 08049C 1.3
0 1.77 2.6 D6B64A 1.3
0 3.07 -2.6 C66D00 1.3
0 3.07 2.6 EFEFC6 1.3
0 4.37 -2.6 D19939 1.3
0 4.37 2.6 D6A51E 1.3
0 5.67 -2.6 080873 1.3
0 5.67 2.6 E7EFA5 1.3
0 6.97 -2.6 7676A7 1.3
0 6.97 2.6 5F53AC 1.3
0 8.27 -2.6 7B7DAF 1.3
0 8.27 2.6 574F62 1.3
0 9.57 -2.6 CECBDE 1.3
0 9.57 2.6 000C4A 1.3
0 10.87 -2.6 080C6B 1.3
0 10.87 2.6 312EB7 1.3
0 12.17 -2.6 ADAECE 1.3
0 12.17 2.6 08009C 1.3
0 13.47 -2.6 8486B5 1.3
0 13.47 2.6 0B0D8C 1.3
0 14.77 -2.6 08085A 1.3
0 14.77 2.6 08008C 1.3
0 16.07 -2.6 10107B 1.3
0 16.07 2.6 10117B 1.3
0 17.37 -2.6 FFDB08 1.3
0 17.37 2.6 FFFFFF 1.3
0 18.67 -2.6 10107B 1.3
0 18.67 2.6 FFF3D6 1.3
0 19.97 -1.3 101077 1.3
0 19.97 0 101077 1.3
0 19.97 1.3 101077 1.3
1.3 0.47 -1.3 2828B2 1.3
1.3 0.47 0 2828B2 1.3
1.3 0.47 1.3 2828B2 1.3
1.3 0.47 -2.6 2828B2 1.3
1.3 0.47 2.6 2828B2 1.3
1.3 1.77 -2.6 08049C 1.3
1.3 1.77 2.6 DCBA58 1.3
1.3 3.07 -2.6 730400 1.3
1.3 3.07 2.6 AD2C00 1.3
1.3 4.37 -2.6 C58F31 1.3
1.3 4.37 2.6 C67100 1.3
1.3 5.67 -2.6 080C73 1.3
1.3 5.67 2.6 E7EBEF 1.3
1.3 6.97 -2.6 807EAD 1.3
1.3 6.97 2.6 4746C8 1.3
1.3 8.27 -2.6 3F3E83 1.3
1.3 8.27 2.6 000852 1.3
1.3 9.57 -2.6 575799 1.3
1.3 9.57 2.6 00105A 1.3
1.3 10.87 -2.6 101073 1.3
1.3 10.87 2.6 312EB7 1.3
1.3 12.17 -2.6 7674AD 1.3
1.3 12.17 2.6 52387B 1.3
1.3 13.47 -2.6 8486BD 1.3
1.3 13.47 2.6 181894 1.3
1.3 14.77 -2.6 573742 1.3
1.3 14.77 2.6 554D52 1.3
1.3 16.07 -2.6 10107B 1.3
1.3 16.07 2.6 10117B 1.3
1.3 17.37 -2.6 08006B 1.3
1.3 17.37 2.6 FFFBFF 1.3
1.3 18.67 -2.6 10107B 1.3
1.3 18.67 2.6 FFF3D6 1.3
1.3 19.97 -1.3 101077 1.3
1.3 19.97 0 101077 1.3
1.3 19.97 1.3 101077 1.3
2.6 0.47 -1.3 2828B2 1.3
2.6 0.47 0 2828B2 1.3
2.6 0.47 1.3 2828B2 1.3
2.6 0.47 -2.6 2828B2 1.3
2.6 0.47 2.6 2828B2 1.3
2.6 1.77 -2.6 08009C 1.3
2.6 1.77 2.6 840C08 1.3
2.6 3.07 -2.6 CB9E31 1.3
2.6 3.07 2.6 D69A08 1.3
2.6 4.37 -2.6 4442B0 1.3
2.6 4.37 2.6 DEBE4C 1.3
2.6 5.67 -2.6 101073 1.3
2.6 5.67 2.6 D69A08 1.3
2.6 6.97 -2.6 A5AAC6 1.3
2.6 6.97 2.6 3134BD 1.3
2.6 8.27 -2.6 373B84 1.3
2.6 8.27 2.6 000842 1.3
2.6 9.57 -2.6 BDBECE 1.3
2.6 9.57 2.6 081873 1.3
2.6 10.87 -2.6 101073 1.3
2.6 10.87 2.6 2B2AAF 1.3
2.6 12.17 -2.6 4A4791 1.3
2.6 12.17 2.6 0808A5 1.3
2.6 13.47 -2.6 8486BD 1.3
2.6 13.47 2.6 181894 1.3
2.6 14.77 -2.6 080C6B 1.3
2.6 14.77 2.6 080484 1.3
2.6 16.07 -2.6 16107B 1.3
2.6 16.07 2.6 10117B 1.3
2.6 17.37 -2.6 000063 1.3
2.6 17.37 2.6 18004A 1.3
2.6 18.67 -2.6 101078 1.3
2.6 18.67 2.6 181B75 1.3
2.6 19.97 -1.3 101077 1.3
2.6 19.97 0 101077 1.3
2.6 19.97 1.3 101077 1.3
3.9 0.47 -1.3 2828B2 1.3
3.9 0.47 0 2828B2 1.3
3.9 0.47 1.3 2828B2 1.3
3.9 0.47 -2.6 2828B2 1.3
3.9 0.47 2.6 2828B2 1.3
3.9 1.77 -2.6 00009C 1.3
3.9 1.77 2.6 C08D3C 1.3
3.9 3.07 -2.6 3634A7 1.3
3.9 3.07 2.6 9C2C00 1.3
3.9 4.37 -2.6 101073 1.3
3.9 4.37 2.6 C88015 1.3
3.9 5.67 -2.6 101073 1.3
3.9 5.67 2.6 DE9608 1.3
3.9 6.97 -2.6 08086B 1.3
3.9 6.97 2.6 2E30B7 1.3
3.9 8.27 -2.6 7876AA 1.3
3.9 8.27 2.6 A76D37 1.3
3.9 9.57 -2.6 DEDFE7 1.3
3.9 9.57 2.6 9A6844 1.3
3.9 10.87 -2.6 101073 1.3
3.9 10.87 2.6 2926AA 1.3
3.9 12.17 -2.6 47468E 1.3
3.9 12.17 2.6 21209C 1.3
3.9 13.47 -2.6 8486BD 1.3
3.9 13.47 2.6 10148C 1.3
3.9 14.77 -2.6 101281 1.3
3.9 14.77 2.6 F7D700 1.3
3.9 16.07 -2.6 10117B 1.3
3.9 16.07 2.6 10107B 1.3
3.9 17.37 -2.6 FFD710 1.3
3.9 17.37 2.6 10107B 1.3
3.9 18.67 -2.6 101175 1.3
3.9 18.67 2.6 101079 1.3
3.9 19.97 -1.3 101077 1.3
3.9 19.97 0 101077 1.3
3.9 19.97 1.3 101077 1.3
5.2 0.47 -1.3 2828B2 1.3
5.2 0.47 0 2828B2 1.3
5.2 0.47 1.3 2828B2 1.3
5.2 0.47 -2.6 2828B2 1.3
5.2 0.47 2.6 2828B2 1.3
5.2 1.77 -2.6 2928B5 1.3
5.2 1.77 2.6 C89C36 1.3
5.2 3.07 -2.6 3434B8 1.3
5.2 3.07 2.6 D6CF73 1.3
5.2 4.37 -2.6 3434B8 1.3
5.2 4.37 2.6 AD4900 1.3
5.2 5.67 -2.6 3434B8 1.3
5.2 5.67 2.6 3938BD 1.3
5.2 6.97 -2.6 3434B8 1.3
5.2 6.97 2.6 292AB2 1.3
5.2 8.27 -2.6 3432B2 1.3
5.2 8.27 2.6 292AB2 1.3
5.2 9.57 -2.6 2E32B0 1.3
5.2 9.57 2.6 2625AA 1.3
5.2 10.87 -2.6 2E2FAA 1.3
5.2 10.87 2.6 2124A5 1.3
5.2 12.17 -2.6 31309F 1.3
5.2 12.17 2.6 1E1D99 1.3
5.2 13.47 -2.6 161589 1.3
5.2 13.47 2.6 18188C 1.3
5.2 14.77 -2.6 101281 1.3
5.2 14.77 2.6 000094 1.3
5.2 16.07 -2.6 10117B 1.3
5.2 16.07 2.6 10117B 1.3
5.2 17.37 -2.6 101078 1.3
5.2 17.37 2.6 10107B 1.3
5.2 18.67 -2.6 101078 1.3
5.2 18.67 2.6 10107B 1.3
5.2 19.97 -1.3 101077 1.3
5.2 19.97 0 101077 1.3
5.2 19.97 1.3 101077 1.3
6.5 0.47 -1.3 2828B2 1.3
6.5 0.47 0 2828B2 1.3
6.5 0.47 1.3 2828B2 1.3
6.5 1.77 -1.3 2828B2 1.3
6.5 1.77 0 2828B2 1.3
6.5 1.77 1.3 3934B5 1.3
6.5 3.07 -1.3 0808A5 1.3
6.5 3.07 0 4445B7 1.3
6.5 3.07 1.3 0808A5 1.3
6.5 4.37 -1.3 4747BD 1.3
6.5 4.37 0 080CA5 1.3
6.5 4.37 1.3 3F3EB8 1.3
6.5 5.67 -1.3 D6D3EF 1.3
6.5 5.67 0 4747BA 1.3
6.5 5.67 1.3 898AD3 1.3
6.5 6.97 -1.3 0808A5 1.3
6.5 6.97 0 080CA5 1.3
6.5 6.97 1.3 0004A5 1.3
6.5 8.27 -1.3 3C3CAA 1.3
6.5 8.27 0 4F4DB2 1.3
6.5 8.27 1.3 4447B2 1.3
6.5 9.57 -1.3 2E2FA7 1.3
6.5 9.57 0 3134AA 1.3
6.5 9.57 1.3 2E2EA7 1.3
6.5 10.87 -1.3 08048C 1.3
6.5 10.87 0 00048C 1.3
6.5 10.87 1.3 080894 1.3
6.5 12.17 -1.3 080884 1.3
6.5 12.17 0 080C8C 1.3
6.5 12.17 1.3 5556AF 1.3
6.5 13.47 -1.3 9A9EC8 1.3
6.5 13.47 0 D6D3E7 1.3
6.5 13.47 1.3 9190C0 1.3
6.5 14.77 -1.3 080873 1.3
6.5 14.77 0 000073 1.3
6.5 14.77 1.3 08046B 1.3
6.5 16.07 -1.3 4A4A96 1.3
6.5 16.07 0 4D4D97 1.3
6.5 16.07 1.3 080873 1.3
6.5 17.37 -1.3 4D5197 1.3
6.5 17.37 0 545399 1.3
6.5 17.37 1.3 9494C0 1.3
6.5 18.67 -1.3 10107B 1.3
6.5 18.67 0 10107B 1.3
6.5 18.67 1.3 10107B 1.3
