-9 0.28 -2 E1620A 1
-9 0.28 -1 E16208 1
-9 0.28 0 E66708 1
-9 0.28 1 E1630A 1
-9 0.28 2 E1620A 1
-9 1.28 -3 E1630A 1
-9 1.28 -2 E1620A 1
-9 1.28 -1 E1630A 1
-9 1.28 0 E36308 1
-9 1.28 1 E1620A 1
-9 1.28 2 E1630A 1
-9 1.28 3 DE650D 1
-9 2.28 -4 E1630A 1
-9 2.28 -3 E1620A 1
-9 2.28 -2 E1630A 1
-9 2.28 -1 E1630A 1
-9 2.28 0 EF6D08 1
-9 2.28 1 E1620A 1
-9 2.28 2 E1630A 1
-9 2.28 3 E1630A 1
-9 2.28 4 D8640B 1
-9 3.28 -4 E1620A 1
-9 3.28 -3 E1630A 1
-9 3.28 -2 E1620A 1
-9 3.28 -1 E1630A 1
-9 3.28 0 FF7108 1
-9 3.28 1 E1630A 1
-9 3.28 2 E1630A 1
-9 3.28 3 E1630A 1
-9 3.28 4 DE6508 1
-9 4.28 -4 E1620A 1
-9 4.28 -3 E1630A 1
-9 4.28 -2 E1630A 1
-9 4.28 -1 E1620A 1
-9 4.28 0 DE6108 1
-9 4.28 1 E1630A 1
-9 4.28 2 E1630A 1
-9 4.28 3 E1630A 1
-9 4.28 4 E1630A 1
-9 5.28 -4 E1620A 1
-9 5.28 -3 E1620A 1
-9 5.28 -2 E1620A 1
-9 5.28 -1 E1620A 1
-9 5.28 0 E1630A 1
-9 5.28 1 E1630A 1
-9 5.28 2 E16208 1
-9 5.28 3 E1630A 1
-9 5.28 4 E16108 1
-9 6.28 -4 E1630A 1
-9 6.28 -3 E1620A 1
-9 6.28 -2 E1630A 1
-9 6.28 -1 E1620A 1
-9 6.28 0 E1620A 1
-9 6.28 1 E16108 1
-9 6.28 2 E1630A 1
-9 6.28 3 E1620A 1
-9 6.28 4 E36A1B 1
-9 7.28 -4 E1630A 1
-9 7.28 -3 E1620A 1
-9 7.28 -2 E1620A 1
-9 7.28 -1 E1620A 1
-9 7.28 0 E1630A 1
-9 7.28 1 E1620A 1
-9 7.28 2 E1630A 1
-9 7.28 3 E1630A 1
-9 7.28 4 F4C3AA 1
-9 8.28 -4 E1620A 1
-9 8.28 -3 E1620A 1
-9 8.28 -2 E16108 1
-9 8.28 -1 E1630A 1
-9 8.28 0 E1620A 1
-9 8.28 1 E1630A 1
-9 8.28 2 E1630A 1
-9 8.28 3 DE6208 1
-9 8.28 4 DE5908 1
-9 9.28 -4 E46108 1
-9 9.28 -3 E1630A 1
-9 9.28 -2 E16108 1
-9 9.28 -1 E1630A 1
-9 9.28 0 DE6108 1
-9 9.28 1 E1630A 1
-9 9.28 2 E1630A 1
-9 9.28 3 E1620A 1
-9 9.28 4 DE6108 1
-9 10.28 -4 E1620A 1
-9 10.28 -3 E1630A 1
-9 10.28 -2 E1630A 1
-9 10.28 -1 E1630A 1
-9 10.28 0 DE6208 1
-9 10.28 1 E1630A 1
-9 10.28 2 E1630A 1
-9 10.28 3 E16108 1
-9 10.28 4 E1620A 1
-9 11.28 -3 E1630A 1
-9 11.28 -2 E1620A 1
-9 11.28 -1 E1620A 1
-9 11.28 0 FF7508 1
-9 11.28 1 E1620A 1
-9 11.28 2 E1620A 1
-9 11.28 3 E1620A 1
-9 12.28 -3 E1630A 1
-9 12.28 -2 E1620A 1
-9 12.28 -1 E1620A 1
-9 12.28 0 EF6908 1
-9 12.28 1 E1630A 1
-9 12.28 2 E1630A 1
-9 12.28 3 E16208 1
-8 13.28 -2 E1630A 1
-8 13.28 -1 E1620A 1
-8 13.28 0 D65508 1
-8 13.28 1 E1620A 1
-8 13.28 2 E1620A 1
-8 14.28 -2 E1630A 1
-8 14.28 -1 E1630A 1
-8 14.28 0 EF6908 1
-8 14.28 1 E1630A 1
-8 14.28 2 E1630A 1
-8 15.28 -1 E1630A 1
-8 15.28 0 E36208 1
-8 15.28 1 E1620A 1
-8 16.28 -1 E1630A 1
-8 16.28 0 E76908 1
-8 16.28 1 E1620A 1
-8 17.28 0 D85B08 1
-8 18.28 0 EF6D08 1
-8 19.28 0 DE620A 1
-8 20.28 0 C05405 1
-8 2.28 -4 E1620A 1
-8 0.28 -3 E1630A 1
-8 0.28 -2 E1620A 1
-8 0.28 -1 E16208 1
-8 0.28 0 E16208 1
-8 0.28 1 E1630A 1
-8 0.28 2 E1630A 1
-8 0.28 3 DB5908 1
-8 2.28 4 ECA528 1
-8 1.28 -3 E1620A 1
-8 1.28 3 DE911B 1
-8 3.28 -4 E1620A 1
-8 3.28 4 EFB229 1
-8 4.28 -4 E1630A 1
-8 4.28 4 DB6908 1
-8 5.28 -4 E16108 1
-8 5.28 4 F4C194 1
-8 6.28 -4 E1620A 1
-8 6.28 4 FFFFEF 1
-8 7.28 -4 E16108 1
-8 7.28 4 F7FBFF 1
-8 8.28 -4 E1620A 1
-8 8.28 4 CE4900 1
-8 9.28 -4 E1620A 1
-8 9.28 4 DE5D08 1
-8 10.28 -4 E1620A 1
-8 10.28 4 E1630A 1
-8 11.28 -4 DE6108 1
-8 11.28 4 D96923 1
-8 12.28 -3 C33705 1
-8 12.28 3 EEC584 1
-8 13.28 -3 FFD36B 1
-8 13.28 3 CE5100 1
-8 15.28 -2 E1630A 1
-8 15.28 2 E1620A 1
-8 17.28 -1 E1630A 1
-8 17.28 1 E1630A 1
-7 2.28 -4 E1630A 1
-7 0.28 -3 E16208 1
-7 0.28 -2 E1630A 1
-7 0.28 -1 DE6308 1
-7 0.28 0 DE6108 1
-7 0.28 1 DE6208 1
-7 0.28 2 DE6508 1
-7 0.28 3 D65D05 1
-7 2.28 4 CE7100 1
-7 1.28 -3 E16208 1
-7 1.28 3 E19C1B 1
-7 3.28 -4 DE6308 1
-7 3.28 4 D68200 1
-7 4.28 -4 DE6308 1
-7 4.28 4 DE7D08 1
-7 5.28 -4 DE6208 1
-7 5.28 4 DE4900 1
-7 6.28 -4 DE6308 1
-7 6.28 4 FFFBFF 1
-7 7.28 -4 DE6308 1
-7 7.28 4 DB9F0B 1
-7 8.28 -4 E16108 1
-7 8.28 4 FFFFFF 1
-7 9.28 -4 DE6308 1
-7 9.28 4 DE5508 1
-7 10.28 -4 DE6308 1
-7 10.28 4 DE6208 1
-7 11.28 -4 D96926 1
-7 11.28 4 C64900 1
-7 12.28 -3 FFFFE7 1
-7 12.28 3 FFFFE7 1
-7 13.28 -3 FFFFDE 1
-7 13.28 3 ECC99A 1
-7 14.28 -2 DE5D05 1
-7 14.28 2 DE6308 1
-7 15.28 -2 E16208 1
-7 15.28 2 DE6508 1
-7 16.28 -1 E16208 1
-7 16.28 1 DE6508 1
-7 17.28 -1 E1630A 1
-7 17.28 1 DE6508 1
-7 18.28 0 DE6308 1
-7 19.28 0 E1630A 1
-7 20.28 0 E16108 1
-7 21.28 0 EF6908 1
-6 2.28 -4 F7AA29 1
-6 0.28 -3 F7AA29 1
-6 0.28 -2 F7AA29 1
-6 0.28 -1 FF9E21 1
-6 0.28 0 FFA229 1
-6 0.28 1 F48C1B 1
-6 0.28 2 F7BE36 1
-6 0.28 3 EE8B1B 1
-6 2.28 4 AF5D02 1
-6 1.28 -3 F7AA29 1
-6 1.28 3 D68600 1
-6 3.28 -4 F4B931 1
-6 3.28 4 D67F05 1
-6 4.28 -4 F4B531 1
-6 4.28 4 DE8E18 1
-6 5.28 -4 F7B62E 1
-6 5.28 4 FFFFF7 1
-6 6.28 -4 F7B734 1
-6 6.28 4 F7F7F7 1
-6 7.28 -4 F7B326 1
-6 7.28 4 CE8A00 1
-6 8.28 -4 F7B936 1
-6 8.28 4 FFF7E7 1
-6 9.28 -4 F7BA39 1
-6 9.28 4 EF9D4F 1
-6 10.28 -4 F7BB3C 1
-6 10.28 4 FFA629 1
-6 11.28 -4 E6B73C 1
-6 11.28 4 CE5900 1
-6 12.28 -3 EFA608 1
-6 12.28 3 F1CF9A 1
-6 13.28 -3 CE7100 1
-6 13.28 3 D67100 1
-6 14.28 -2 F4A929 1
-6 14.28 2 F48C1B 1
-6 15.28 -2 E9A326 1
-6 15.28 2 F18C1B 1
-6 16.28 -1 F4B434 1
-6 16.28 1 FFA629 1
-6 17.28 -1 F7AA29 1
-6 17.28 1 F18C1B 1
-6 18.28 0 F7AA29 1
-6 19.28 0 F7AA29 1
-6 20.28 0 F7AA29 1
-6 21.28 0 FF9610 1
-5 2.28 -4 F9C65A 1
-5 0.28 -3 F7BB33 1
-5 0.28 -2 F7BA35 1
-5 0.28 -1 F7BA35 1
-5 0.28 0 F7BA33 1
-5 0.28 1 F7BA35 1
-5 0.28 2 F7BA35 1
-5 0.28 3 FCBB31 1
-5 2.28 4 D68608 1
-5 1.28 -3 EEC157 1
-5 1.28 3 A53400 1
-5 3.28 -4 E3D5AA 1
-5 3.28 4 E39013 1
-5 4.28 -4 E1E2E1 1
-5 4.28 4 FFE763 1
-5 5.28 -4 DEDDDB 1
-5 5.28 4 F7F7F7 1
-5 6.28 -4 B5B2AF 1
-5 6.28 4 DCBBAC 1
-5 7.28 -4 E3E1DE 1
-5 7.28 4 E3C5AC 1
-5 8.28 -4 7E807E 1
-5 8.28 4 FFFBEF 1
-5 9.28 -4 313439 1
-5 9.28 4 F7A600 1
-5 10.28 -4 B5B7B8 1
-5 10.28 4 F7B833 1
-5 11.28 -4 E6BB47 1
-5 11.28 4 C67100 1
-5 12.28 -3 FFFFF7 1
-5 12.28 3 FFFFE7 1
-5 13.28 -3 CE7900 1
-5 13.28 3 DEA54D 1
-5 14.28 -2 DE9718 1
-5 14.28 2 CE7D00 1
-5 15.28 -2 FFFFE7 1
-5 15.28 2 E3AD34 1
-5 16.28 -1 E9B654 1
-5 16.28 1 F7BA31 1
-5 17.28 -1 F7BA31 1
-5 17.28 1 F7BA35 1
-5 18.28 0 F7BA31 1
-5 19.28 0 F7BA35 1
-5 20.28 0 F7BA31 1
-5 21.28 0 FFCF31 1
-4 2.28 -4 555757 1
-4 0.28 -3 F7BE39 1
-4 0.28 -2 F7BA35 1
-4 0.28 -1 F7BA35 1
-4 0.28 0 F7BA35 1
-4 0.28 1 F7BA35 1
-4 0.28 2 F7BA35 1
-4 0.28 3 F7BA35 1
-4 2.28 4 DE9015 1
-4 1.28 -3 CBBD9F 1
-4 1.28 3 F4B733 1
-4 3.28 -4 EFDEAA 1
-4 3.28 4 DE8D16 1
-4 4.28 -4 FFFFFF 1
-4 4.28 4 E9B04A 1
-4 5.28 -4 DEDCD6 1
-4 5.28 4 F7F3F7 1
-4 6.28 -4 DEDAD1 1
-4 6.28 4 D39D52 1
-4 7.28 -4 D9D6CE 1
-4 7.28 4 FFFBEF 1
-4 8.28 -4 9C9897 1
-4 8.28 4 F7AE08 1
-4 9.28 -4 393831 1
-4 9.28 4 F7BA33 1
-4 10.28 -4 C8C7BB 1
-4 10.28 4 FFC339 1
-4 11.28 -4 E3A72E 1
-4 11.28 4 C66100 1
-4 12.28 -3 EED29A 1
-4 12.28 3 FFFFDE 1
-4 13.28 -3 C87316 1
-4 13.28 3 E9B34A 1
-4 14.28 -2 FFC739 1
-4 14.28 2 F1D69F 1
-4 15.28 -2 FFFFDE 1
-4 15.28 2 ECB942 1
-4 16.28 -1 E6B947 1
-4 16.28 1 F7BA35 1
-4 17.28 -1 F9B833 1
-4 17.28 1 F7BA31 1
-4 18.28 0 E7AE31 1
-4 19.28 0 F7BA35 1
-4 20.28 0 F7BA35 1
-4 21.28 0 FFCB31 1
-3 2.28 -4 4F5258 1
-3 0.28 -3 F7BA39 1
-3 0.28 -2 F7BA35 1
-3 0.28 -1 F7BA35 1
-3 0.28 0 F7B831 1
-3 0.28 1 F7BA35 1
-3 0.28 2 F7BA31 1
-3 0.28 3 F9BB36 1
-3 2.28 4 EEA426 1
-3 1.28 -3 E1B95D 1
-3 1.28 3 FCD03C 1
-3 3.28 -4 EFDEAA 1
-3 3.28 4 CE7500 1
-3 4.28 -4 FFFFF7 1
-3 4.28 4 E3971B 1
-3 5.28 -4 F7F7EF 1
-3 5.28 4 FFFFE7 1
-3 6.28 -4 F7F7EF 1
-3 6.28 4 FFFFFF 1
-3 7.28 -4 F7F7EF 1
-3 7.28 4 FFFFF7 1
-3 8.28 -4 999494 1
-3 8.28 4 E39D3C 1
-3 9.28 -4 5D5B55 1
-3 9.28 4 F4B831 1
-3 10.28 -4 FFFBE7 1
-3 10.28 4 F9BD33 1
-3 11.28 -4 E6BA42 1
-3 11.28 4 DE8E00 1
-3 12.28 -3 FFFFFF 1
-3 12.28 3 D39523 1
-3 13.28 -3 FFFFEF 1
-3 13.28 3 E9C247 1
-3 14.28 -2 FFC339 1
-3 14.28 2 FFFFE7 1
-3 15.28 -2 F4E0AD 1
-3 15.28 2 E3AD39 1
-3 16.28 -1 DEA54A 1
-3 16.28 1 F7BA34 1
-3 17.28 -1 F7BA34 1
-3 17.28 1 F7BA35 1
-3 18.28 0 F7BA35 1
-3 19.28 0 F7BA35 1
-3 20.28 0 F7BA35 1
-3 21.28 0 FFCB31 1
-2 2.28 -4 CECFC6 1
-2 0.28 -3 F7BA39 1
-2 0.28 -2 F7BA35 1
-2 0.28 -1 F7BA35 1
-2 0.28 0 F7BA31 1
-2 0.28 1 F7BA31 1
-2 0.28 2 FFC739 1
-2 0.28 3 E1A32C 1
-2 2.28 4 EEA220 1
-2 1.28 -3 D9CDAA 1
-2 1.28 3 914305 1
-2 3.28 -4 F4E1AA 1
-2 3.28 4 EFB24A 1
-2 4.28 -4 FFFBF7 1
-2 4.28 4 E79208 1
-2 5.28 -4 EFEFE7 1
-2 5.28 4 BA6C1B 1
-2 6.28 -4 E9E8DE 1
-2 6.28 4 842400 1
-2 7.28 -4 EEEFE6 1
-2 7.28 4 C26A0B 1
-2 8.28 -4 6B6563 1
-2 8.28 4 E6931E 1
-2 9.28 -4 4A4542 1
-2 9.28 4 FFC331 1
-2 10.28 -4 FFFFEF 1
-2 10.28 4 F7B731 1
-2 11.28 -4 E3A629 1
-2 11.28 4 DEA052 1
-2 12.28 -3 FCE0A4 1
-2 12.28 3 E9C752 1
-2 13.28 -3 E19D26 1
-2 13.28 3 E9C752 1
-2 14.28 -2 FFC739 1
-2 14.28 2 F1D88E 1
-2 15.28 -2 F4DC9F 1
-2 15.28 2 CE7900 1
-2 16.28 -1 E3B344 1
-2 16.28 1 F7BA31 1
-2 17.28 -1 F7BA31 1
-2 17.28 1 F7BA31 1
-2 18.28 0 F7BA35 1
-2 19.28 0 F7BA35 1
-2 20.28 0 F7BA35 1
-2 21.28 0 FFCB31 1
-1 2.28 -4 DE9E18 1
-1 0.28 -3 F7BA33 1
-1 0.28 -2 F7BA31 1
-1 0.28 -1 F7BA35 1
-1 0.28 0 F7BA35 1
-1 0.28 1 F4BC33 1
-1 0.28 2 E6A528 1
-1 0.28 3 E6A131 1
-1 2.28 4 EF9E10 1
-1 1.28 -3 EFAA10 1
-1 1.28 3 C5700B 1
-1 3.28 -4 ECDCAA 1
-1 3.28 4 B55D08 1
-1 4.28 -4 FFFBFF 1
-1 4.28 4 BD5D00 1
-1 5.28 -4 F7F7F7 1
-1 5.28 4 9C4705 1
-1 6.28 -4 EFF3F7 1
-1 6.28 4 CD7E0A 1
-1 7.28 -4 F7FBF7 1
-1 7.28 4 D98816 1
-1 8.28 -4 C3C2C2 1
-1 8.28 4 F1A32C 1
-1 9.28 -4 7E7C7E 1
-1 9.28 4 F1AD2E 1
-1 10.28 -4 FFFBEF 1
-1 10.28 4 F7BA31 1
-1 11.28 -4 E9B136 1
-1 11.28 4 FFFFF7 1
-1 12.28 -3 FFFFF7 1
-1 12.28 3 EED3A4 1
-1 13.28 -3 FFBE39 1
-1 13.28 3 CE7D00 1
-1 14.28 -2 F1B634 1
-1 14.28 2 FFFFDE 1
-1 15.28 -2 C67100 1
-1 15.28 2 D68A00 1
-1 16.28 -1 F7BA39 1
-1 16.28 1 F9BA33 1
-1 17.28 -1 F7BA35 1
-1 17.28 1 F7BA35 1
-1 18.28 0 F7BA35 1
-1 19.28 0 F7BA35 1
-1 20.28 0 F7BA35 1
-1 21.28 0 FFCF31 1
0 2.28 -4 F7BA35 1
0 0.28 -3 F7BA31 1
0 0.28 -2 F7BA31 1
0 0.28 -1 F7BA35 1
0 0.28 0 F7BA35 1
0 0.28 1 F4B933 1
0 0.28 2 F7BA52 1
0 0.28 3 E69318 1
0 2.28 4 813605 1
0 1.28 -3 F7BA35 1
0 1.28 3 D37E0D 1
0 3.28 -4 F7B631 1
0 3.28 4 FFC34A 1
0 4.28 -4 BD5508 1
0 4.28 4 D67D10 1
0 5.28 -4 C66910 1
0 5.28 4 732000 1
0 6.28 -4 CE7118 1
0 6.28 4 EFCDA2 1
0 7.28 -4 BD5D10 1
0 7.28 4 C87105 1
0 8.28 -4 FFC739 1
0 8.28 4 EFA834 1
0 9.28 -4 FFD742 1
0 9.28 4 E79E29 1
0 10.28 -4 F7BE39 1
0 10.28 4 F7BB33 1
0 11.28 -4 E3BA47 1
0 11.28 4 CE7D00 1
0 12.28 -3 FFFBF7 1
0 12.28 3 D99D42 1
0 13.28 -3 EED5AA 1
0 13.28 3 D99D42 1
0 14.28 -2 FFC339 1
0 14.28 2 E3B657 1
0 15.28 -2 ECCD78 1
0 15.28 2 D68600 1
0 16.28 -1 E6BD47 1
0 16.28 1 F7BA35 1
0 17.28 -1 F7BA34 1
0 17.28 1 F7BA35 1
0 18.28 0 F7BA35 1
0 19.28 0 F7BA31 1
0 20.28 0 F7BA35 1
0 21.28 0 FFCB31 1
1 2.28 -4 F7BA31 1
1 0.28 -3 F7BA35 1
1 0.28 -2 F7BA35 1
1 0.28 -1 F7BA35 1
1 0.28 0 F7BA33 1
1 0.28 1 F9B933 1
1 0.28 2 DE9621 1
1 0.28 3 EF9A18 1
1 2.28 4 894016 1
1 1.28 -3 F7BA35 1
1 1.28 3 D68608 1
1 3.28 -4 F9BD33 1
1 3.28 4 EFDBCE 1
1 4.28 -4 D9841D 1
1 4.28 4 E7AA4A 1
1 5.28 -4 D98920 1
1 5.28 4 9C4100 1
1 6.28 -4 D07815 1
1 6.28 4 ECD9CB 1
1 7.28 -4 C66D10 1
1 7.28 4 EFCD9C 1
1 8.28 -4 ECAE2B 1
1 8.28 4 ECA223 1
1 9.28 -4 FFD742 1
1 9.28 4 FFC339 1
1 10.28 -4 F7BE39 1
1 10.28 4 F7BA35 1
1 11.28 -4 E9AB31 1
1 11.28 4 FFFFE7 1
1 12.28 -3 D99B4F 1
1 12.28 3 BD6508 1
1 13.28 -3 FFFFE7 1
1 13.28 3 FFC339 1
1 14.28 -2 FFC339 1
1 14.28 2 BD6900 1
1 15.28 -2 D68E08 1
1 15.28 2 F1C54A 1
1 16.28 -1 E3AE4A 1
1 16.28 1 F7BA35 1
1 17.28 -1 F4BA33 1
1 17.28 1 F7BA35 1
1 18.28 0 F7BA35 1
1 19.28 0 F7BA35 1
1 20.28 0 F7BA35 1
1 21.28 0 FFCF31 1
2 2.28 -4 F7BA35 1
2 0.28 -3 F7BA35 1
2 0.28 -2 F7BA31 1
2 0.28 -1 F7BA31 1
2 0.28 0 F7BA35 1
2 0.28 1 F7BA35 1
2 0.28 2 F4B831 1
2 0.28 3 F7BE52 1
2 2.28 4 E3AB54 1
2 1.28 -3 F7BA35 1
2 1.28 3 EFB24A 1
2 3.28 -4 F9BB33 1
2 3.28 4 E9C3A1 1
2 4.28 -4 D07F1D 1
2 4.28 4 E9D1B8 1
2 5.28 -4 D37C18 1
2 5.28 4 B55100 1
2 6.28 -4 D3811B 1
2 6.28 4 F7EBE7 1
2 7.28 -4 D37F18 1
2 7.28 4 EFE7E7 1
2 8.28 -4 EEAF2E 1
2 8.28 4 EFA218 1
2 9.28 -4 FFD742 1
2 9.28 4 FFC739 1
2 10.28 -4 FFC339 1
2 10.28 4 F7BA35 1
2 11.28 -4 DEA84A 1
2 11.28 4 F4C968 1
2 12.28 -3 FFFFF7 1
2 12.28 3 FFE373 1
2 13.28 -3 FFCB42 1
2 13.28 3 ECBA4C 1
2 14.28 -2 FFCB42 1
2 14.28 2 FFFFEF 1
2 15.28 -2 F1D89F 1
2 15.28 2 ECCB62 1
2 16.28 -1 ECCD58 1
2 16.28 1 F7BA35 1
2 17.28 -1 F7BA35 1
2 17.28 1 F7BA35 1
2 18.28 0 F7BA35 1
2 19.28 0 F7BA35 1
2 20.28 0 F7BA35 1
2 21.28 0 FFCB31 1
3 2.28 -4 F7BA35 1
3 0.28 -3 F7BA35 1
3 0.28 -2 F7BA31 1
3 0.28 -1 F7BA35 1
3 0.28 0 F7B831 1
3 0.28 1 F7BA35 1
3 0.28 2 F7BA35 1
3 0.28 3 F7B631 1
3 2.28 4 E79A21 1
3 1.28 -3 F7BA35 1
3 1.28 3 A14D13 1
3 3.28 -4 F9BA33 1
3 3.28 4 EFDFD6 1
3 4.28 -4 C66110 1
3 4.28 4 E9B963 1
3 5.28 -4 EEB234 1
3 5.28 4 943400 1
3 6.28 -4 DB8823 1
3 6.28 4 F1DDD0 1
3 7.28 -4 D9851D 1
3 7.28 4 EFE3DE 1
3 8.28 -4 FFCF39 1
3 8.28 4 DE9618 1
3 9.28 -4 FFD742 1
3 9.28 4 F9B933 1
3 10.28 -4 F7C339 1
3 10.28 4 F7BA35 1
3 11.28 -4 CD934A 1
3 11.28 4 FFFFF7 1
3 12.28 -3 FFFFF7 1
3 12.28 3 EED394 1
3 13.28 -3 CB8013 1
3 13.28 3 CE7D00 1
3 14.28 -2 CE7900 1
3 14.28 2 FFFFE7 1
3 15.28 -2 F1D99C 1
3 15.28 2 CE7D00 1
3 16.28 -1 F7BA39 1
3 16.28 1 F7BA31 1
3 17.28 -1 F7B831 1
3 17.28 1 F7BA35 1
3 18.28 0 F7BA35 1
3 19.28 0 F7BA31 1
3 20.28 0 F7BA35 1
3 21.28 0 FFCB31 1
4 2.28 -4 F7BA35 1
4 0.28 -3 F7BA35 1
4 0.28 -2 F7BA35 1
4 0.28 -1 F7BA35 1
4 0.28 0 F7BA35 1
4 0.28 1 F7BA35 1
4 0.28 2 F7BA35 1
4 0.28 3 F9BF33 1
4 2.28 4 D69652 1
4 1.28 -3 F7BA35 1
4 1.28 3 D89D28 1
4 3.28 -4 F7B631 1
4 3.28 4 EFD7D6 1
4 4.28 -4 BD5D08 1
4 4.28 4 EFBA7B 1
4 5.28 -4 D9841D 1
4 5.28 4 CE7100 1
4 6.28 -4 E9A528 1
4 6.28 4 EFD8C3 1
4 7.28 -4 D9851D 1
4 7.28 4 E9B75D 1
4 8.28 -4 F1B12E 1
4 8.28 4 EEB836 1
4 9.28 -4 FFD342 1
4 9.28 4 F7BA35 1
4 10.28 -4 F7BE39 1
4 10.28 4 F7BA35 1
4 11.28 -4 CE7D00 1
4 11.28 4 D9A04D 1
4 12.28 -3 FFFFF7 1
4 12.28 3 FFFFDE 1
4 13.28 -3 E9BB42 1
4 13.28 3 E3AE4A 1
4 14.28 -2 D68200 1
4 14.28 2 FFFFDE 1
4 15.28 -2 F7E1AF 1
4 15.28 2 CE8200 1
4 16.28 -1 F7BE39 1
4 16.28 1 F4B733 1
4 17.28 -1 F7BA35 1
4 17.28 1 F7BA35 1
4 18.28 0 F7BA35 1
4 19.28 0 F7BA35 1
4 20.28 0 F7BA35 1
4 21.28 0 FFCB31 1
5 2.28 -4 F7BA31 1
5 0.28 -3 F7BA35 1
5 0.28 -2 F7BA35 1
5 0.28 -1 F7BA35 1
5 0.28 0 F7BA31 1
5 0.28 1 F7BA35 1
5 0.28 2 F7BA35 1
5 0.28 3 CE8E29 1
5 2.28 4 E9CBB5 1
5 1.28 -3 F7BA35 1
5 1.28 3 D6891B 1
5 3.28 -4 F9BD33 1
5 3.28 4 F7B218 1
5 4.28 -4 BD5908 1
5 4.28 4 F1BD4C 1
5 5.28 -4 D98720 1
5 5.28 4 EF9608 1
5 6.28 -4 CE7518 1
5 6.28 4 FFD35A 1
5 7.28 -4 CE6D18 1
5 7.28 4 EEB131 1
5 8.28 -4 EEAE2E 1
5 8.28 4 F7BA31 1
5 9.28 -4 FFC739 1
5 9.28 4 F7BA35 1
5 10.28 -4 F7BE39 1
5 10.28 4 F7BA35 1
5 11.28 -4 E9BB47 1
5 11.28 4 CE7900 1
5 12.28 -3 FFFFF7 1
5 12.28 3 FFFFD6 1
5 13.28 -3 E9BD42 1
5 13.28 3 C88B47 1
5 14.28 -2 F9BA33 1
5 14.28 2 FFFFF7 1
5 15.28 -2 EEB742 1
5 15.28 2 D68E08 1
5 16.28 -1 F4B831 1
5 16.28 1 F9BB33 1
5 17.28 -1 F7BA35 1
5 17.28 1 F7BA31 1
5 18.28 0 F7BA35 1
5 19.28 0 F7BA35 1
5 20.28 0 F7BA35 1
5 21.28 0 FFC329 1
6 2.28 -4 FF9E21 1
6 0.28 -3 FF9E21 1
6 0.28 -2 FF9E21 1
6 0.28 -1 FF9E21 1
6 0.28 0 FFA229 1
6 0.28 1 FFA229 1
6 0.28 2 FF9A21 1
6 0.28 3 E19726 1
6 2.28 4 F1CE9C 1
6 1.28 -3 FF9E21 1
6 1.28 3 D9820D 1
6 3.28 -4 FF9E21 1
6 3.28 4 E3951B 1
6 4.28 -4 FF9E21 1
6 4.28 4 ECB339 1
6 5.28 -4 FF9E21 1
6 5.28 4 F7B534 1
6 6.28 -4 FF9E21 1
6 6.28 4 F4C24A 1
6 7.28 -4 FF9E21 1
6 7.28 4 F79A21 1
6 8.28 -4 FF9E21 1
6 8.28 4 FF9A21 1
6 9.28 -4 FF9E21 1
6 9.28 4 FF9A21 1
6 10.28 -4 FF9E21 1
6 10.28 4 FF9A21 1
6 11.28 -4 ECAB42 1
6 11.28 4 CE7D00 1
6 12.28 -3 F7DDA2 1
6 12.28 3 FFFFF7 1
6 13.28 -3 EEC589 1
6 13.28 3 E3B157 1
6 14.28 -2 FF9E21 1
6 14.28 2 F7B434 1
6 15.28 -2 FF9E21 1
6 15.28 2 F7B831 1
6 16.28 -1 FF9E21 1
6 16.28 1 F7BA31 1
6 17.28 -1 FF9E21 1
6 17.28 1 F7BA31 1
6 18.28 0 FF9E21 1
6 19.28 0 FF9E21 1
6 20.28 0 FF9E21 1
6 21.28 0 FF8A10 1
7 2.28 -4 E1630A 1
7 0.28 -3 DE6308 1
7 0.28 -2 DE6308 1
7 0.28 -1 E16208 1
7 0.28 0 DE6108 1
7 0.28 1 DE6208 1
7 0.28 2 E96E0D 1
7 0.28 3 EFB242 1
7 2.28 4 E99410 1
7 1.28 -3 DE6308 1
7 1.28 3 DE8600 1
7 3.28 -4 E1630A 1
7 3.28 4 D64900 1
7 4.28 -4 E1630A 1
7 4.28 4 E36C0D 1
7 5.28 -4 E46108 1
7 5.28 4 DE4D00 1
7 6.28 -4 E16108 1
7 6.28 4 DE6508 1
7 7.28 -4 E1630A 1
7 7.28 4 E1630A 1
7 8.28 -4 E16208 1
7 8.28 4 E1630A 1
7 9.28 -4 E16208 1
7 9.28 4 E1620A 1
7 10.28 -4 E16108 1
7 10.28 4 E1620A 1
7 11.28 -4 DE6508 1
7 11.28 4 C64500 1
7 12.28 -3 CE5500 1
7 12.28 3 E6C59F 1
7 13.28 -3 D63C00 1
7 13.28 3 B55100 1
7 14.28 -2 DE6308 1
7 14.28 2 E3690D 1
7 15.28 -2 E1630A 1
7 15.28 2 E3690D 1
7 16.28 -1 E16208 1
7 16.28 1 E3690D 1
7 17.28 -1 E16208 1
7 17.28 1 E3690D 1
7 18.28 0 DE6108 1
7 19.28 0 E16208 1
7 20.28 0 E16208 1
7 21.28 0 EF6908 1
8 2.28 -4 E1630A 1
8 0.28 -3 E1620A 1
8 0.28 -2 E1630A 1
8 0.28 -1 E1620A 1
8 0.28 0 DE6108 1
8 0.28 1 E1630A 1
8 0.28 2 DE6208 1
8 0.28 3 DE4D00 1
8 2.28 4 F7D74A 1
8 1.28 -3 E1630A 1
8 1.28 3 EEA936 1
8 3.28 -4 E1630A 1
8 3.28 4 DE6508 1
8 4.28 -4 E1630A 1
8 4.28 4 E1630A 1
8 5.28 -4 E1630A 1
8 5.28 4 E1630A 1
8 6.28 -4 E1630A 1
8 6.28 4 E1630A 1
8 7.28 -4 E1630A 1
8 7.28 4 E1630A 1
8 8.28 -4 E1630A 1
8 8.28 4 E1630A 1
8 9.28 -4 E16208 1
8 9.28 4 E1630A 1
8 10.28 -4 E16108 1
8 10.28 4 E1630A 1
8 11.28 -4 E1620A 1
8 11.28 4 DE691B 1
8 12.28 -3 E1620A 1
8 12.28 3 FFFB9C 1
8 13.28 -3 E1630A 1
8 13.28 3 FFFB9C 1
8 14.28 -2 E1630A 1
8 14.28 2 E1620A 1
8 15.28 -2 E1630A 1
8 15.28 2 E1620A 1
8 16.28 -1 E1620A 1
8 16.28 1 E1630A 1
8 17.28 -1 E1620A 1
8 17.28 1 E1630A 1
8 17.28 0 EF6D08 1
8 18.28 0 EF7108 1
8 19.28 0 DE6108 1
8 20.28 0 EF6908 1
9 0.28 -2 E16208 1
9 0.28 -1 E1620A 1
9 0.28 0 D05F05 1
9 0.28 1 E16108 1
9 0.28 2 DE6208 1
9 1.28 -3 E1630A 1
9 1.28 -2 E16208 1
9 1.28 -1 E16108 1
9 1.28 0 FF7908 1
9 1.28 1 E1630A 1
9 1.28 2 E1620A 1
9 1.28 3 DE6108 1
9 2.28 -4 E1630A 1
9 2.28 -3 E16108 1
9 2.28 -2 E1630A 1
9 2.28 -1 E1630A 1
9 2.28 0 FF7908 1
9 2.28 1 E1630A 1
9 2.28 2 E16108 1
9 2.28 3 E1630A 1
9 2.28 4 DB6F18 1
9 3.28 -4 E1620A 1
9 3.28 -3 E1630A 1
9 3.28 -2 E1630A 1
9 3.28 -1 E1630A 1
9 3.28 0 EF6908 1
9 3.28 1 E1620A 1
9 3.28 2 E1630A 1
9 3.28 3 E1630A 1
9 3.28 4 E1630A 1
9 4.28 -4 E1630A 1
9 4.28 -3 E1630A 1
9 4.28 -2 E1630A 1
9 4.28 -1 E1630A 1
9 4.28 0 EF6908 1
9 4.28 1 E1620A 1
9 4.28 2 E1630A 1
9 4.28 3 E1630A 1
9 4.28 4 E1630A 1
9 5.28 -4 E1630A 1
9 5.28 -3 E1630A 1
9 5.28 -2 E1630A 1
9 5.28 -1 E1620A 1
9 5.28 0 DB6108 1
9 5.28 1 E1620A 1
9 5.28 2 E1620A 1
9 5.28 3 E1630A 1
9 5.28 4 E1630A 1
9 6.28 -4 E1630A 1
9 6.28 -3 E1630A 1
9 6.28 -2 E1630A 1
9 6.28 -1 E1630A 1
9 6.28 0 E46308 1
9 6.28 1 E1630A 1
9 6.28 2 E1630A 1
9 6.28 3 E1630A 1
9 6.28 4 E1630A 1
9 7.28 -4 E16208 1
9 7.28 -3 E1630A 1
9 7.28 -2 E1630A 1
9 7.28 -1 E1630A 1
9 7.28 0 E16208 1
9 7.28 1 E1630A 1
9 7.28 2 E1630A 1
9 7.28 3 E1630A 1
9 7.28 4 E1620A 1
9 8.28 -4 E1630A 1
9 8.28 -3 E1630A 1
9 8.28 -2 E1630A 1
9 8.28 -1 E1630A 1
9 8.28 0 D05E05 1
9 8.28 1 E1630A 1
9 8.28 2 E1630A 1
9 8.28 3 E1630A 1
9 8.28 4 E1620A 1
9 9.28 -4 E16108 1
9 9.28 -3 E16108 1
9 9.28 -2 E1630A 1
9 9.28 -1 E1630A 1
9 9.28 0 E76908 1
9 9.28 1 E1630A 1
9 9.28 2 E1630A 1
9 9.28 3 E1630A 1
9 9.28 4 E1630A 1
9 10.28 -4 E1620A 1
9 10.28 -3 E1620A 1
9 10.28 -2 E1630A 1
9 10.28 -1 E1630A 1
9 10.28 0 EF6D08 1
9 10.28 1 E1630A 1
9 10.28 2 E1630A 1
9 10.28 3 E1630A 1
9 10.28 4 E1630A 1
9 11.28 -3 E1620A 1
9 11.28 -2 E1630A 1
9 11.28 -1 E1630A 1
9 11.28 0 EF6D08 1
9 11.28 1 E1620A 1
9 11.28 2 E1630A 1
9 11.28 3 E1620A 1
9 12.28 -3 E16208 1
9 12.28 -2 E1630A 1
9 12.28 -1 E1630A 1
9 12.28 0 F77508 1
9 12.28 1 E1630A 1
9 12.28 2 E1630A 1
9 12.28 3 E1620A 1
8 13.28 -2 E1630A 1
8 13.28 -1 E1630A 1
8 13.28 0 D0600A 1
8 13.28 1 DE6208 1
8 13.28 2 E1630A 1
8 14.28 -1 E1630A 1
8 14.28 0 F77108 1
8 14.28 1 E1630A 1
8 15.28 -1 E1630A 1
8 15.28 0 FF7508 1
8 15.28 1 E1630A 1
8 16.28 0 EF6D08 1
