-1 0.56 0.29 8E8E8C 1
-2 0.56 1.29 9C9A9C 1
0 0.56 2.29 9C9EA5 1
-2 0.56 3.29 919291 1
-1 0.56 4.29 AAAEAA 1
-2 1.56 -0.71 A5A6A5 1
-3 1.56 0.29 9A9494 1
-3 1.56 1.29 808A65 1
-4 1.56 2.29 A5A2A5 1
-4 1.56 3.29 AAABA4 1
-3 1.56 4.29 A5AA9C 1
-3 1.56 5.29 ADAAA5 1
-1 2.56 -1.71 9FA3A4 1
-3 2.56 -0.71 B2AEB2 1
-4 2.56 0.29 8B9070 1
-4 2.56 1.29 6D8934 1
-4 2.56 2.29 999B7E 1
-4 2.56 3.29 B2B0AD 1
-4 2.56 4.29 BABABD 1
-3 2.56 5.29 A7A8A4 1
-1 2.56 6.29 BABAB2 1
-1 3.56 -1.71 AFAEA7 1
-3 3.56 -0.71 B5B6BD 1
-4 3.56 0.29 A5AE73 1
-4 3.56 1.29 7B9042 1
-4 3.56 2.29 BDBAB5 1
-4 3.56 3.29 BDBEBD 1
-4 3.56 4.29 BDBAB5 1
-3 3.56 5.29 BDBAC6 1
-2 3.56 6.29 526908 1
-2 4.56 -1.71 B5B2AD 1
-3 4.56 -0.71 ADACAD 1
-4 4.56 0.29 738D3C 1
-5 4.56 1.29 4A6500 1
-5 4.56 2.29 ACAF99 1
-4 4.56 3.29 C6C7C6 1
-4 4.56 4.29 C5C4C5 1
-4 4.56 5.29 788542 1
-3 4.56 6.29 65831B 1
-2 5.56 -1.71 AAAEA7 1
-3 5.56 -0.71 B2B3B5 1
-4 5.56 0.29 426500 1
-5 5.56 1.29 6B812C 1
-5 5.56 2.29 6B7D29 1
-5 5.56 3.29 C3C6C5 1
-4 5.56 4.29 C6C7C6 1
-4 5.56 5.29 8E9A5A 1
-3 5.56 6.29 4A6900 1
-2 6.56 -1.71 B5B6B5 1
-4 6.56 -0.71 ADAEA5 1
-5 6.56 0.29 68802B 1
-5 6.56 1.29 4A6900 1
-5 6.56 2.29 899952 1
-5 6.56 3.29 C6C3C6 1
-5 6.56 4.29 CBCBCD 1
-4 6.56 5.29 919F65 1
-4 6.56 6.29 657D26 1
-2 7.56 -1.71 BDBCB7 1
-4 7.56 -0.71 ADAEAD 1
-5 7.56 0.29 84964A 1
-5 7.56 1.29 657923 1
-5 7.56 2.29 869452 1
-5 7.56 3.29 C8C8CB 1
-5 7.56 4.29 D0CFD0 1
-4 7.56 5.29 899552 1
-4 7.56 6.29 9AA26E 1
-1 7.56 7.29 BDBDAF 1
-2 8.56 -1.71 C3C4C0 1
-4 8.56 -0.71 7E884A 1
-5 8.56 0.29 75893F 1
-5 8.56 1.29 6B7929 1
-5 8.56 2.29 5A7108 1
-5 8.56 3.29 C3C2BA 1
-5 8.56 4.29 CDC9C8 1
-4 8.56 5.29 818D4D 1
-4 8.56 6.29 4A6500 1
-2 8.56 7.29 B5BE9C 1
-2 9.56 -1.71 BDBEB5 1
-4 9.56 -0.71 86974F 1
-5 9.56 0.29 9CA673 1
-5 9.56 1.29 9CA263 1
-5 9.56 2.29 A7AE7E 1
-5 9.56 3.29 CECBC6 1
-5 9.56 4.29 CECBCE 1
-4 9.56 5.29 B0B581 1
-4 9.56 6.29 76853F 1
-2 9.56 7.29 86904A 1
-1 10.56 -2.71 7E9142 1
-3 10.56 -1.71 C8C9C8 1
-4 10.56 -0.71 8E9C57 1
-5 10.56 0.29 4A6500 1
-6 10.56 1.29 AAB284 1
-5 10.56 2.29 B5C394 1
-5 10.56 3.29 CECFC6 1
-5 10.56 4.29 99A66A 1
-5 10.56 5.29 97A65A 1
-4 10.56 6.29 8B974A 1
-3 10.56 7.29 818C44 1
-1 11.56 -2.71 788236 1
-4 11.56 -1.71 CECBC6 1
-4 11.56 -0.71 425900 1
-5 11.56 0.29 5F791B 1
-4 11.56 1.29 A7BE68 1
-6 11.56 2.29 9CAB60 1
-6 11.56 3.29 C2C6B0 1
-5 11.56 4.29 96A962 1
-5 11.56 5.29 899E4A 1
-4 11.56 6.29 5A7118 1
-3 11.56 7.29 546E37 1
-2 12.56 -2.71 89944F 1
-4 12.56 -1.71 99A370 1
-5 12.56 -0.71 89904C 1
-5 12.56 0.29 5A7908 1
-4 12.56 1.29 B0C570 1
-6 12.56 2.29 739620 1
-6 12.56 3.29 8EA24A 1
-6 12.56 4.29 7E9A31 1
-5 12.56 5.29 A5B673 1
-4 12.56 6.29 6E8426 1
-2 12.56 7.29 586E26 1
-3 13.56 -2.71 B7BC9F 1
-4 13.56 -1.71 89944C 1
-5 13.56 -0.71 5D702B 1
-3 13.56 0.29 8CAE39 1
-4 13.56 1.29 B2CB7E 1
-4 13.56 2.29 94B252 1
-6 13.56 3.29 739221 1
-6 13.56 4.29 9CB46B 1
-5 13.56 5.29 839844 1
2 13.56 7.29 A1BD5F 1
-2 14.56 -3.71 708229 1
-4 14.56 -2.71 6B8229 1
-5 14.56 -1.71 91A057 1
-6 14.56 -0.71 758F44 1
-2 14.56 0.29 B2CE86 1
-3 14.56 1.29 D3E9C3 1
-3 14.56 2.29 D1EBB8 1
-3 14.56 3.29 B7CE7E 1
-3 14.56 4.29 AFCF86 1
-2 14.56 5.29 C8DDA4 1
-4 15.56 -3.71 7E9433 1
-5 15.56 -2.71 86A436 1
-6 15.56 -1.71 5D7A1D 1
0 15.56 0.29 B5D794 1
-2 15.56 1.29 6B9600 1
-2 15.56 2.29 91AF3F 1
-2 15.56 3.29 A7C55D 1
-2 15.56 4.29 7B9E10 1
-4 12.56 2.29 DEF3D6 1
-4 13.56 3.29 BDCF94 1
-6 14.56 4.29 ADC76B 1
-5 15.56 -3.71 91AB49 1
-4 7.56 1.29 94AB54 1
-4 8.56 1.29 6B9200 1
-4 8.56 2.29 9CB562 1
-4 8.56 3.29 A4BD68 1
-4 9.56 1.29 CED7B5 1
-4 9.56 2.29 83A92C 1
-4 9.56 3.29 84A631 1
-3 10.56 0.29 94A955 1
-5 10.56 1.29 65781E 1
-4 10.56 1.29 CBDEAC 1
-4 10.56 2.29 CDDCAF 1
-4 10.56 3.29 CEE1AF 1
-4 10.56 4.29 CED7AD 1
-3 11.56 0.29 C0D49F 1
-5 11.56 2.29 6E852B 1
-4 11.56 2.29 A5B273 1
-5 11.56 3.29 A5B284 1
-4 11.56 3.29 C0CB96 1
-4 11.56 4.29 94A64A 1
-3 12.56 0.29 B5D394 1
-4 12.56 3.29 94A639 1
-5 12.56 4.29 9FB373 1
-4 12.56 4.29 8C9E31 1
-3 12.56 5.29 8EA236 1
-1 13.56 -0.71 D6EFC6 1
-3 13.56 4.29 CBE5AF 1
-3 13.56 5.29 ADBE6B 1
-5 13.56 6.29 6B8E29 1
-5 14.56 -0.71 91A258 1
-5 15.56 -1.71 89A041 1
-5 16.56 -3.71 849E4A 1
-4 6.56 0.29 7E9331 1
-4 6.56 4.29 C0C1BD 1
5 6.56 2.29 89905F 1
4 6.56 3.29 C0C1BD 1
4 6.56 4.29 BBBAC0 1
-3 6.56 5.29 8E9B3C 1
-4 7.56 0.29 527510 1
5 7.56 1.29 7B8C41 1
-4 7.56 4.29 C2C2BD 1
5 7.56 2.29 B8B6AA 1
5 7.56 3.29 C3C4C5 1
-3 7.56 5.29 AAB56A 1
-4 8.56 0.29 808F4C 1
5 8.56 1.29 768844 1
-4 8.56 4.29 C8C9CB 1
5 8.56 2.29 CECBCE 1
5 8.56 3.29 CECBCE 1
-3 8.56 5.29 B2C07B 1
-4 9.56 0.29 788944 1
-3 9.56 0.29 739A08 1
5 9.56 1.29 708544 1
5 9.56 2.29 D6D7C6 1
5 9.56 3.29 C6C7C6 1
-4 9.56 4.29 BABAA2 1
-3 9.56 5.29 D3E1BD 1
-2 10.56 -0.71 BACC9C 1
5 10.56 1.29 607220 1
-4 10.56 5.29 7B8E39 1
5 10.56 2.29 BDC39C 1
5 10.56 3.29 C5C5BA 1
-3 10.56 5.29 BDCD94 1
-2 11.56 -0.71 91B34C 1
5 11.56 1.29 94A26B 1
5 11.56 2.29 869347 1
5 11.56 3.29 C2C5B5 1
-4 11.56 5.29 94A357 1
-3 11.56 5.29 ADBA7B 1
-2 11.56 6.29 ADC07E 1
-4 12.56 -0.71 B2B989 1
-2 12.56 -0.71 BADA94 1
5 12.56 3.29 D3D7CD 1
0 12.56 6.29 EFFFEF 1
-4 14.56 -1.71 738A18 1
-3 14.56 -3.71 527100 1
-3 0.56 1.29 848684 1
-3 0.56 2.29 898C76 1
-3 0.56 3.29 9C9E9C 1
-3 3.56 6.29 527100 1
-3 6.56 -1.71 C0BFC0 1
-3 6.56 -0.71 788C23 1
-3 6.56 6.29 D6E7AD 1
3 6.56 5.29 788A3F 1
-3 7.56 -1.71 C8C5C8 1
-3 7.56 -0.71 89A33E 1
4 7.56 0.29 96A17B 1
4 7.56 4.29 C6C7CE 1
4 7.56 5.29 708237 1
-3 7.56 6.29 ADC363 1
-3 8.56 -1.71 C0C4C2 1
-3 8.56 -0.71 BABFB8 1
-2 8.56 -0.71 C2DEA1 1
-3 8.56 0.29 739608 1
4 8.56 0.29 526908 1
4 8.56 4.29 B5BAAD 1
4 8.56 5.29 B2B68C 1
-3 8.56 6.29 4A6500 1
-3 9.56 -1.71 C5C4C3 1
-3 9.56 -0.71 C0C1C0 1
-2 9.56 -0.71 D6EBC6 1
4 9.56 0.29 5D7526 1
4 9.56 4.29 D6D3CE 1
4 9.56 5.29 EFE3DE 1
-3 9.56 6.29 94A065 1
2 10.56 -1.71 A7B96D 1
5 10.56 4.29 9FA26B 1
4 10.56 5.29 425900 1
-2 10.56 6.29 7B9221 1
-3 10.56 6.29 D0E1B2 1
-3 11.56 -1.71 CECFD6 1
3 11.56 -1.71 819E3C 1
5 11.56 4.29 84924A 1
4 11.56 5.29 96A16A 1
-3 12.56 -2.71 CEC7C6 1
-3 12.56 -1.71 D6D3CE 1
5 12.56 1.29 7B9631 1
5 12.56 2.29 AFC180 1
5 12.56 4.29 A7B486 1
4 12.56 5.29 73853C 1
6 13.56 1.29 809247 1
6 13.56 2.29 AAC27B 1
5 13.56 3.29 B0C07E 1
5 13.56 4.29 B2BE8E 1
-3 14.56 -2.71 B2BE91 1
6 14.56 2.29 97AF60 1
6 14.56 3.29 A7BE7E 1
-3 15.56 -4.71 527510 1
-3 15.56 -3.71 7B9631 1
-3 15.56 3.29 C2DC99 1
-2 0.56 0.29 949694 1
-2 0.56 2.29 999B9F 1
-2 0.56 4.29 A4A3A2 1
-2 1.56 5.29 ADAAA5 1
-2 2.56 6.29 5A7110 1
0 0.56 3.29 9FA09F 1
-2 2.56 -0.71 B2AFB0 1
-2 3.56 -1.71 B2B0AD 1
-2 4.56 6.29 7B8C39 1
-2 5.56 7.29 BDBEA5 1
-2 6.56 6.29 8C9E5A 1
-2 6.56 -0.71 BDBAC6 1
2 6.56 6.29 89955A 1
-2 6.56 7.29 7B8F44 1
0 7.56 -1.71 7B9720 1
-2 7.56 -0.71 A5BE6B 1
3 7.56 -0.71 CECBCE 1
-2 7.56 6.29 D6D7CE 1
3 7.56 6.29 7E9342 1
-2 7.56 7.29 738631 1
1 8.56 -1.71 BDC7A5 1
3 8.56 -0.71 B5BE94 1
2 9.56 -1.71 8C964A 1
3 9.56 -0.71 949F5D 1
4 9.56 6.29 BDBA94 1
-2 9.56 6.29 BDCF9C 1
-2 10.56 -1.71 738231 1
4 10.56 -0.71 5F7429 1
-2 10.56 7.29 838C41 1
0 10.56 7.29 B5C29F 1
-2 11.56 -2.71 9CA663 1
-2 11.56 -1.71 CED3CE 1
-2 11.56 7.29 637921 1
1 11.56 7.29 B5CF9C 1
-2 12.56 6.29 CBE1B7 1
1 12.56 7.29 91B355 1
-2 13.56 -2.71 A4AB73 1
-2 13.56 -0.71 AACB76 1
5 13.56 5.29 425D08 1
-2 13.56 6.29 EFFFF7 1
6 14.56 4.29 86A042 1
5 14.56 5.29 869C52 1
-1 1.56 -0.71 969694 1
-1 0.56 1.29 9C9A9C 1
-1 0.56 2.29 94968C 1
-1 0.56 3.29 949694 1
-1 0.56 5.29 B2B2B2 1
-1 1.56 6.29 ADAEA5 1
0 3.56 -1.71 738A42 1
-1 3.56 6.29 BABBB5 1
-1 4.56 -1.71 ADAEAD 1
-1 4.56 7.29 C6C7C6 1
-1 5.56 -1.71 919778 1
-1 5.56 7.29 949E5A 1
-1 6.56 -1.71 A5AA84 1
-1 6.56 6.29 7E8C4A 1
-1 6.56 7.29 738A39 1
-1 7.56 -1.71 4A6100 1
-1 8.56 -2.71 7B8E42 1
-1 8.56 -1.71 78893C 1
-1 8.56 7.29 E7E7E7 1
-1 8.56 6.29 A7B773 1
-1 9.56 -2.71 DEDFDE 1
-1 9.56 -1.71 ADC679 1
-1 9.56 7.29 B5BA8C 1
-1 9.56 6.29 94A64A 1
-1 10.56 -0.71 B5D39C 1
-1 10.56 7.29 ADB684 1
-1 10.56 6.29 A4B870 1
1 11.56 -2.71 5A7A1B 1
-1 11.56 -0.71 6B9210 1
5 11.56 -0.71 687E3C 1
-1 11.56 7.29 A7BE78 1
-1 11.56 6.29 96AD4F 1
-1 12.56 -2.71 9CAA6B 1
-1 12.56 -0.71 91B541 1
-1 12.56 7.29 AAC07E 1
-1 12.56 6.29 DBE9C5 1
-1 13.56 -3.71 4A5908 1
-1 13.56 -2.71 869542 1
-1 13.56 7.29 94A84F 1
-1 13.56 6.29 DBE9C5 1
-1 14.56 -0.71 C5DF97 1
-1 14.56 -3.71 314216 1
-1 14.56 5.29 DEF3C2 1
-1 15.56 0.29 B8D896 1
-1 15.56 4.29 F7FFFF 1
-1 16.56 1.29 BDDBA5 1
-1 16.56 2.29 9CB562 1
-1 16.56 3.29 9CBE6B 1
0 2.56 -1.71 637D18 1
0 0.56 -0.71 9C9C9C 1
0 0.56 0.29 8C8E8C 1
0 0.56 1.29 949694 1
0 0.56 4.29 AAAEAA 1
0 0.56 5.29 B7B8B5 1
0 1.56 6.29 C6C7C6 1
0 6.56 7.29 CBCBCB 1
0 1.56 -1.71 6B7531 1
0 2.56 6.29 C6C7C6 1
0 3.56 6.29 BDBEB5 1
0 4.56 -1.71 6A812C 1
0 4.56 7.29 C0C1BD 1
0 5.56 -2.71 4A6D00 1
0 5.56 7.29 C2C3C5 1
0 6.56 -2.71 7B9A31 1
1 6.56 -1.71 D6DBB5 1
0 6.56 -1.71 4A6900 1
0 7.56 -2.71 41561B 1
1 7.56 -1.71 818C44 1
0 7.56 7.29 CECFD6 1
0 7.56 6.29 919B47 1
0 8.56 -1.71 6E9613 1
0 8.56 7.29 D6D3D6 1
0 8.56 6.29 B5C78B 1
0 9.56 -1.71 8BB23C 1
0 9.56 7.29 B2B996 1
0 9.56 6.29 AFC17E 1
0 10.56 -1.71 6B9A08 1
0 10.56 -2.71 395900 1
0 10.56 6.29 ADBA73 1
0 11.56 -1.71 ADCB7B 1
0 11.56 7.29 94AB57 1
0 11.56 6.29 8C9E29 1
0 12.56 -1.71 739A10 1
0 12.56 7.29 83A23C 1
0 12.56 8.29 9FA76D 1
0 13.56 -0.71 8CB642 1
0 13.56 7.29 94AE52 1
0 13.56 6.29 E4F5E1 1
0 13.56 8.29 7B8D3E 1
0 14.56 -0.71 AACA76 1
0 14.56 5.29 EFFFE7 1
0 15.56 5.29 E7FBDE 1
0 16.56 1.29 A4C35A 1
0 16.56 2.29 C6E3B5 1
0 16.56 3.29 9FC160 1
0 15.56 4.29 F7FFEF 1
1 10.56 -2.71 B5BE84 1
1 3.56 -1.71 899657 1
1 1.56 -0.71 AAABA7 1
1 0.56 0.29 949294 1
1 0.56 1.29 9C9A9C 1
1 0.56 2.29 9C9E9C 1
1 0.56 3.29 B2B0B2 1
1 0.56 4.29 B7B6B7 1
1 0.56 5.29 B5B2AD 1
1 2.56 6.29 C0C4C5 1
1 8.56 7.29 949A52 1
1 1.56 5.29 B5B6AD 1
1 2.56 -1.71 B2B0AF 1
1 3.56 6.29 C0C4C5 1
1 4.56 -1.71 6B8229 1
1 4.56 6.29 B8BAB0 1
1 5.56 -1.71 AFB98E 1
1 5.56 7.29 ADB28C 1
1 6.56 6.29 BDBEB5 1
1 6.56 7.29 7B8642 1
1 7.56 6.29 C8C6C5 1
1 7.56 7.29 C3C4B8 1
1 8.56 -2.71 8E9E4C 1
1 8.56 6.29 BDC896 1
1 9.56 -2.71 80974C 1
1 9.56 -1.71 739A21 1
1 9.56 7.29 BDC1AA 1
1 9.56 6.29 B5C384 1
1 10.56 -1.71 7BA51B 1
1 10.56 7.29 AFBD89 1
1 10.56 6.29 A1B565 1
1 11.56 -0.71 6B9A08 1
1 11.56 6.29 C5D2A4 1
1 12.56 -0.71 86AE33 1
1 12.56 6.29 ADBA73 1
1 13.56 -0.71 83AF31 1
1 13.56 7.29 91AC4F 1
1 13.56 6.29 D3E3B5 1
1 13.56 8.29 9CA36E 1
1 14.56 -0.71 9CC160 1
1 14.56 5.29 D6E1BA 1
1 15.56 0.29 C5E2AC 1
1 15.56 4.29 C0D794 1
1 16.56 1.29 A5C773 1
1 16.56 2.29 84A631 1
1 16.56 3.29 C2D6AA 1
2 11.56 -2.71 91AB5A 1
2 6.56 -1.71 CECBC6 1
2 1.56 -0.71 AFB2AF 1
2 0.56 0.29 969791 1
2 0.56 1.29 969694 1
2 0.56 2.29 A2A29F 1
2 0.56 3.29 A19FA1 1
2 0.56 4.29 B5B2B5 1
2 1.56 5.29 ADAEAD 1
2 3.56 6.29 CECFCE 1
2 11.56 7.29 7B8A39 1
2 2.56 -0.71 BABABA 1
2 2.56 6.29 B5B6A5 1
2 3.56 -1.71 BABFC2 1
2 4.56 -1.71 C6C3BD 1
2 4.56 6.29 7B8D41 1
2 5.56 -1.71 CECBCE 1
2 5.56 6.29 AFB694 1
2 6.56 7.29 86944F 1
2 7.56 -1.71 C2CCAF 1
2 7.56 -0.71 6B9200 1
2 7.56 6.29 B8BB9F 1
2 7.56 7.29 86944C 1
2 8.56 -1.71 A1AE73 1
2 8.56 -0.71 789618 1
2 8.56 6.29 B5C39C 1
2 8.56 7.29 AAB389 1
2 9.56 -0.71 7B9A21 1
2 9.56 6.29 AFBA89 1
2 9.56 7.29 A1AC75 1
2 10.56 -2.71 C6D3B5 1
2 10.56 -0.71 5A8A00 1
2 10.56 7.29 94A85A 1
2 10.56 6.29 C0C59C 1
2 11.56 -0.71 5A8E00 1
2 11.56 -1.71 ACC181 1
2 11.56 6.29 9CAE5A 1
2 12.56 -0.71 9CBD5D 1
2 12.56 -2.71 BDCF84 1
2 12.56 7.29 8EA957 1
2 12.56 6.29 C8D4AC 1
2 13.56 -0.71 A7CD7E 1
2 13.56 5.29 A5B66B 1
2 14.56 0.29 9ABF55 1
2 14.56 5.29 D1DAAF 1
2 15.56 1.29 C5E0A7 1
2 15.56 4.29 ADC07B 1
2 15.56 3.29 638E00 1
2 15.56 2.29 B2D48B 1
3 9.56 -1.71 C6CFB5 1
3 3.56 -0.71 C6C7C6 1
3 1.56 0.29 919383 1
3 0.56 1.29 8B9575 1
3 0.56 2.29 949494 1
3 0.56 3.29 A5A2A5 1
3 1.56 4.29 A1A79C 1
3 2.56 5.29 9C9E94 1
3 2.56 -0.71 AFB2B0 1
3 3.56 5.29 7B924A 1
3 4.56 -0.71 BABEB5 1
3 4.56 6.29 ACB18E 1
3 5.56 -0.71 BDBEB5 1
3 5.56 6.29 4A6900 1
3 6.56 -0.71 CBCCCD 1
3 6.56 6.29 3C4A18 1
3 7.56 5.29 CDD6B5 1
3 8.56 -1.71 C8CBC2 1
3 8.56 6.29 627626 1
3 8.56 5.29 A4AD65 1
3 9.56 6.29 89935A 1
3 9.56 5.29 A4AD65 1
3 9.56 7.29 7B8629 1
3 10.56 -1.71 BDC7A5 1
3 10.56 -0.71 8BAB41 1
3 10.56 5.29 CED7B5 1
3 11.56 -2.71 738E29 1
3 11.56 -0.71 8EB047 1
3 11.56 5.29 BDCF9C 1
3 12.56 -2.71 A4BE65 1
3 12.56 0.29 80A72B 1
3 12.56 5.29 ACBB75 1
3 13.56 0.29 80AB28 1
3 13.56 5.29 C0CC97 1
3 13.56 4.29 B8CB91 1
3 14.56 1.29 73A210 1
3 14.56 4.29 B5CF8C 1
3 14.56 3.29 8FAE4C 1
3 15.56 1.29 C6E3B5 1
3 15.56 2.29 94B75A 1
4 12.56 -1.71 A5B273 1
4 9.56 -0.71 B2BD89 1
4 3.56 0.29 BDC3B5 1
4 1.56 1.29 688531 1
4 2.56 2.29 7E914F 1
4 2.56 3.29 B7B6BA 1
4 4.56 4.29 BDBEBD 1
4 1.56 2.29 6D8839 1
3 1.56 3.29 A1A496 1
4 2.56 1.29 5A7918 1
4 2.56 0.29 9CA179 1
4 2.56 4.29 B7B6B7 1
4 3.56 4.29 B2AFAD 1
4 4.56 0.29 808F4D 1
4 4.56 5.29 868E52 1
4 5.56 0.29 7E8D42 1
4 5.56 5.29 818C44 1
4 5.56 4.29 ADAEA5 1
4 6.56 0.29 AAAD7E 1
4 6.56 5.29 9FA780 1
4 7.56 -0.71 8C9B58 1
4 8.56 -0.71 AAB286 1
4 8.56 3.29 BDC59A 1
4 9.56 3.29 A5B66B 1
4 10.56 0.29 799E1B 1
4 10.56 4.29 D1DABD 1
4 10.56 3.29 C3CC9F 1
4 10.56 6.29 8C965A 1
4 11.56 -1.71 D6DBC6 1
4 11.56 0.29 8BA939 1
4 11.56 -0.71 6B8E39 1
3 11.56 4.29 A5B26B 1
4 11.56 3.29 ADBA7B 1
4 11.56 6.29 89944F 1
4 12.56 0.29 8EAE3E 1
4 12.56 6.29 707E3C 1
4 12.56 3.29 B8C996 1
4 12.56 2.29 B5CA8E 1
3 12.56 4.29 B8C58E 1
4 13.56 1.29 97B652 1
4 13.56 2.29 B5C78C 1
4 13.56 3.29 D9E6C8 1
3 14.56 2.29 639200 1
5 6.56 1.29 6A812C 1
4 3.56 1.29 7B9239 1
4 3.56 2.29 B5BEAD 1
4 3.56 3.29 B5B6B5 1
5 4.56 1.29 708831 1
5 4.56 2.29 949D70 1
4 4.56 3.29 C0C1C2 1
5 5.56 1.29 5F7C23 1
5 5.56 2.29 A7AA8C 1
5 5.56 3.29 BDBEBD 1
5 6.56 3.29 BDBEBD 1
5 7.56 0.29 5F7C23 1
5 7.56 4.29 C6C7CE 1
5 8.56 0.29 7E983E 1
4 8.56 2.29 DBE5D6 1
5 8.56 4.29 C3C2C3 1
5 9.56 0.29 739A21 1
4 9.56 1.29 709710 1
4 9.56 2.29 AFB98E 1
5 9.56 4.29 CDCCCB 1
4 10.56 1.29 9CB252 1
4 10.56 2.29 91AE3F 1
4 11.56 1.29 8BAA36 1
4 11.56 2.29 91AE3F 1
5 11.56 5.29 869342 1
4 12.56 1.29 7EA31E 1
5 12.56 5.29 949E5A 1
6 11.56 1.29 849639 1
6 12.56 1.29 9CAA63 1
6 12.56 2.29 99A862 1
6 13.56 3.29 7E9439 1
6 15.56 3.29 97AC55 1
