-9.900002 0.5 3.300002 2C73AC 1.1
-8.800001 0.5 3.300002 4282B5 1.1
-7.700001 0.5 3.300002 4282B5 1.1
-6.600001 0.5 3.300002 529ED6 1.1
-5.5 0.5 3.300001 5AA2D6 1.1
-4.4 0.5 3.300001 6BAADE 1.1
-3.3 0.5 3.300001 55A3E1 1.1
-2.2 0.5 3.300001 73B6E7 1.1
-1.1 0.5 3.300001 5AAAE7 1.1
4.768372E-07 0.5 3.300001 A5D7F7 1.1
-9.900002 1.6 3.300002 005594 1.1
-8.800001 1.6 3.300002 1061A5 1.1
-7.700001 1.6 3.300002 C66D08 1.1
-6.600001 1.6 3.300002 E9CA7B 1.1
-5.5 1.6 3.300001 EFD596 1.1
-4.4 1.6 3.300001 3472AA 1.1
-3.3 1.6 3.300001 104D73 1.1
-2.2 1.6 3.300001 1873BA 1.1
-1.1 1.6 3.300001 1075C6 1.1
4.768372E-07 1.6 3.300001 788462 1.1
1.100001 1.6 3.3 5A7994 1.1
2.200001 1.6 3.300001 EFEBE1 1.1
3.300001 1.6 3.3 EFECE1 1.1
4.400001 1.6 3.3 F1EDE1 1.1
5.500001 1.6 3.300001 EEE8E1 1.1
6.600002 1.6 3.3 F1EBE1 1.1
7.700002 1.6 3.3 F1EBE1 1.1
8.800001 1.6 3.299999 E77D29 1.1
9.900002 1.6 3.299999 EFEBDE 1.1
-9.900002 2.7 3.300002 00498C 1.1
-8.800001 2.7 3.300002 D67D08 1.1
-7.700001 2.7 3.300002 DE9E29 1.1
-6.600001 2.7 3.300002 DE9E29 1.1
-5.5 2.7 3.300001 E7BE52 1.1
-4.4 2.7 3.300001 D69221 1.1
-3.3 2.7 3.300001 EFE7CE 1.1
-2.2 2.7 3.300001 086DBD 1.1
-1.1 2.7 3.300001 CEC394 1.1
4.768372E-07 2.7 3.300001 F7EFDE 1.1
1.100001 2.7 3.3 084173 1.1
2.200001 2.7 3.300001 F1EBE1 1.1
3.300001 2.7 3.3 A5A29C 1.1
4.400001 2.7 3.3 D61484 1.1
5.500001 2.7 3.300001 9C185A 1.1
6.600002 2.7 3.3 F1EBE1 1.1
7.700002 2.7 3.3 F1EBE1 1.1
8.800001 2.7 3.299999 EFEBDE 1.1
9.900002 2.7 3.299999 7BBAEF 1.1
-9.900002 3.8 3.300002 00559C 1.1
-8.800001 3.8 3.300002 EFA631 1.1
-7.700001 3.8 3.300002 E7A231 1.1
-6.600001 3.8 3.300002 DE8A10 1.1
-5.5 3.8 3.300001 E1A029 1.1
-4.4 3.8 3.300001 E9AE37 1.1
-3.3 3.8 3.300001 EFEBDE 1.1
-2.2 3.8 3.300001 F1EBE1 1.1
-1.1 3.8 3.300001 F1EBE1 1.1
4.768372E-07 3.8 3.300001 F7EFE7 1.1
1.100001 3.8 3.3 C3A1AD 1.1
2.200001 3.8 3.300001 F7FBF7 1.1
3.300001 3.8 3.3 C6147B 1.1
4.400001 3.8 3.3 F7F3F7 1.1
5.500001 3.8 3.300001 C65194 1.1
6.600002 3.8 3.3 EFEFDE 1.1
7.700002 3.8 3.3 EFE8D8 1.1
8.800001 3.8 3.299999 73B8E9 1.1
9.900002 3.8 3.299999 2982C6 1.1
-9.900002 4.9 3.300002 00559C 1.1
-8.800001 4.9 3.300002 1B72B5 1.1
-7.700001 4.9 3.300002 52A2DE 1.1
-6.600001 4.9 3.300002 F1E7D6 1.1
-5.5 4.9 3.300001 EEE9DE 1.1
-4.4 4.9 3.300001 F1EBE1 1.1
-3.3 4.9 3.300001 C0BDB5 1.1
-2.2 4.9 3.300001 DEEBDE 1.1
-1.1 4.9 3.300001 CE107B 1.1
4.768372E-07 4.9 3.300001 F7FBF7 1.1
1.100001 4.9 3.3 D61083 1.1
2.200001 4.9 3.300001 E7249C 1.1
3.300001 4.9 3.3 C03F80 1.1
4.400001 4.9 3.3 D6D7CE 1.1
5.500001 4.9 3.300001 F7EFE7 1.1
6.600002 4.9 3.3 F7E7CE 1.1
7.700002 4.9 3.3 4A9EDE 1.1
8.800001 4.9 3.299999 2986CE 1.1
9.900002 4.9 3.299999 3188CE 1.1
-9.900002 6 3.300002 00559C 1.1
-8.800001 6 3.300002 1B72B5 1.1
-7.700001 6 3.300002 52A2E7 1.1
-6.600001 6 3.300002 EFE7CE 1.1
-5.5 6 3.300001 F1ECE1 1.1
-4.4 6 3.300001 F1EBE1 1.1
-3.3 6 3.300001 BD6D94 1.1
-2.2 6 3.300001 D35197 1.1
-1.1 6 3.300001 BD437E 1.1
4.768372E-07 6 3.300001 CE0C7B 1.1
1.100001 6 3.3 D61084 1.1
2.200001 6 3.300001 E7EBDE 1.1
3.300001 6 3.3 F1ECDB 1.1
4.400001 6 3.3 EFE7CE 1.1
5.500001 6 3.300001 7BBDEE 1.1
6.600002 6 3.3 2986C6 1.1
7.700002 6 3.3 398ED1 1.1
8.800001 6 3.299999 5AA6E7 1.1
9.900002 6 3.299999 1367AA 1.1
-9.900002 7.1 3.300002 00559C 1.1
-8.800001 7.1 3.300002 1061A5 1.1
-7.700001 7.1 3.300002 2986CE 1.1
-6.600001 7.1 3.300002 84C3EF 1.1
-5.5 7.1 3.300001 EFE7CE 1.1
-4.4 7.1 3.300001 EFE7CE 1.1
-3.3 7.1 3.300001 F1E8D0 1.1
-2.2 7.1 3.300001 F4E7D0 1.1
-1.1 7.1 3.300001 F7E7CE 1.1
4.768372E-07 7.1 3.300001 EFE7CE 1.1
1.100001 7.1 3.3 BDD4DE 1.1
2.200001 7.1 3.300001 84C3F7 1.1
3.300001 7.1 3.3 52A2DE 1.1
4.400001 7.1 3.3 3179B5 1.1
5.500001 7.1 3.300001 317CB5 1.1
6.600002 7.1 3.3 3C7CB2 1.1
7.700002 7.1 3.3 235E91 1.1
8.800001 7.1 3.299999 6BAAC6 1.1
9.900002 7.1 3.299999 1061A2 1.1
-9.900002 8.200001 3.300002 00559C 1.1
-8.800001 8.200001 3.300002 1061A2 1.1
-7.700001 8.200001 3.300002 1061A5 1.1
-6.600001 8.200001 3.300002 237FC0 1.1
-5.5 8.200001 3.300001 2986C6 1.1
-4.4 8.200001 3.300001 2986C6 1.1
-3.3 8.200001 3.300001 4497D6 1.1
-2.2 8.200001 3.300001 499BDC 1.1
-1.1 8.200001 3.300001 368CCE 1.1
4.768372E-07 8.200001 3.300001 2986C6 1.1
1.100001 8.200001 3.3 2B83C8 1.1
2.200001 8.200001 3.300001 89B2D1 1.1
3.300001 8.200001 3.3 C6D3E7 1.1
4.400001 8.200001 3.3 CEE3EF 1.1
5.500001 8.200001 3.300001 84ADCB 1.1
6.600002 8.200001 3.3 9FC1D8 1.1
7.700002 8.200001 3.3 86AFCB 1.1
8.800001 8.200001 3.299999 29597B 1.1
9.900002 8.200001 3.299999 105E9F 1.1
-9.900002 9.3 3.300002 05599F 1.1
-8.800001 9.3 3.300002 10619F 1.1
-7.700001 9.3 3.300002 0A5E9F 1.1
-6.600001 9.3 3.300002 0A5B9F 1.1
-5.5 9.3 3.300001 0A5E9F 1.1
-4.4 9.3 3.300001 085D9C 1.1
-3.3 9.3 3.300001 085D9C 1.1
-2.2 9.3 3.300001 085D9C 1.1
-1.1 9.3 3.300001 085D9C 1.1
4.768372E-07 9.3 3.300001 0A5F9F 1.1
1.100001 9.3 3.3 055B9F 1.1
2.200001 9.3 3.300001 0A5B9F 1.1
3.300001 9.3 3.3 055B9F 1.1
4.400001 9.3 3.3 055B9F 1.1
5.500001 9.3 3.300001 055B9F 1.1
6.600002 9.3 3.3 0A5B9F 1.1
7.700002 9.3 3.3 0A5D9F 1.1
8.800001 9.3 3.299999 0D5FA2 1.1
9.900002 9.3 3.299999 105E9F 1.1
-9.900002 0.5 2.200001 105D9C 1.1
-8.800001 0.5 2.200001 89ABC2 1.1
-7.700001 0.5 2.200001 CED7D6 1.1
-6.600001 0.5 2.200001 FFFFE7 1.1
-5.5 0.5 2.200001 FFFFE7 1.1
-4.400001 0.5 2.200001 FFFFE7 1.1
-3.3 0.5 2.200001 00559C 1.1
-2.2 0.5 2.200001 EFE7DE 1.1
-1.1 0.5 2.2 E7E7DE 1.1
2.384186E-07 0.5 2.2 EFE7DE 1.1
1.1 0.5 2.2 EFEBDE 1.1
2.200001 0.5 2.2 EFEBDE 1.1
3.300001 0.5 2.2 EFE7DE 1.1
4.400001 0.5 2.2 EFE7DE 1.1
5.500001 0.5 2.2 EFE7DE 1.1
6.600001 0.5 2.2 E7E7DE 1.1
7.700002 0.5 2.199999 EFE7DE 1.1
8.800001 0.5 2.199999 EFE7DE 1.1
9.900002 0.5 2.199999 005194 1.1
-9.900002 1.6 2.200001 105F9F 1.1
9.900002 1.6 2.199999 1061A1 1.1
-9.900002 2.7 2.200001 105FA2 1.1
9.900002 2.7 2.199999 105FA2 1.1
-9.900002 3.8 2.200001 105F9C 1.1
9.900002 3.8 2.199999 1061A1 1.1
-9.900002 4.9 2.200001 105FA2 1.1
9.900002 4.9 2.199999 1061A1 1.1
-9.900002 6 2.200001 105F9C 1.1
9.900002 6 2.199999 1061A1 1.1
-9.900002 7.1 2.200001 105E9F 1.1
9.900002 7.1 2.199999 105FA2 1.1
-9.900002 8.200001 2.200001 105F9C 1.1
9.900002 8.200001 2.199999 105FA2 1.1
-9.900002 9.3 2.200001 085D9C 1.1
9.900002 9.3 2.199999 1061A1 1.1
-8.800001 9.3 2.200001 1B72B5 1.1
-7.700001 9.3 2.200001 52A6E7 1.1
-6.600001 9.3 2.200001 B7A494 1.1
-5.5 9.3 2.200001 C0914F 1.1
-4.400001 9.3 2.200001 EFEFDE 1.1
-3.3 9.3 2.200001 F1ECDE 1.1
-2.2 9.3 2.200001 F7F3E7 1.1
-1.1 9.3 2.2 577F9C 1.1
2.384186E-07 9.3 2.2 576E8C 1.1
1.1 9.3 2.2 F1ECE1 1.1
2.200001 9.3 2.2 EFEBE4 1.1
3.300001 9.3 2.2 F1EDE1 1.1
4.400001 9.3 2.2 EFF7E7 1.1
5.500001 9.3 2.2 F7E7CE 1.1
6.600001 9.3 2.2 7EBDF1 1.1
7.700002 9.3 2.199999 2986C6 1.1
8.800001 9.3 2.199999 2179C6 1.1
-9.900002 0.5 1.100001 10619C 1.1
-8.800001 0.5 1.100001 89A2B5 1.1
-7.700001 0.5 1.100001 E7E3DE 1.1
-6.600001 0.5 1.100001 F7EBDE 1.1
-5.5 0.5 1.100001 F7EFDE 1.1
-4.400001 0.5 1.100001 F7EFDE 1.1
-3.300001 0.5 1.100001 00559C 1.1
-2.2 0.5 1.1 C8D2D3 1.1
-1.1 0.5 1.1 D3D8D9 1.1
1.192093E-07 0.5 1.1 C8D2D6 1.1
1.1 0.5 1.1 C0CED3 1.1
2.2 0.5 1.1 A4BDCB 1.1
3.300001 0.5 1.1 F7F3E7 1.1
4.400001 0.5 1.099999 9FB9C8 1.1
5.5 0.5 1.1 CED6D6 1.1
6.600001 0.5 1.099999 BDCDD3 1.1
7.700001 0.5 1.099999 B2C5D1 1.1
8.800001 0.5 1.099999 C5D1D3 1.1
9.900002 0.5 1.099999 005194 1.1
-9.900002 1.6 1.100001 00559C 1.1
9.900002 1.6 1.099999 91BFE1 1.1
-9.900002 2.7 1.100001 105E9F 1.1
9.900002 2.7 1.099999 CB4999 1.1
-9.900002 3.8 1.100001 105D9C 1.1
9.900002 3.8 1.099999 94C4E6 1.1
-9.900002 4.9 1.100001 62AADE 1.1
9.900002 4.9 1.099999 2E88C8 1.1
-9.900002 6 1.100001 F7EFD6 1.1
9.900002 6 1.099999 1061A1 1.1
-9.900002 7.1 1.100001 D60C84 1.1
9.900002 7.1 1.099999 105E9F 1.1
-9.900002 8.200001 1.100001 EFEFDE 1.1
9.900002 8.200001 1.099999 1061A1 1.1
-9.900002 9.3 1.100001 085D9C 1.1
9.900002 9.3 1.099999 1061A1 1.1
-8.800001 9.3 1.100001 0869AD 1.1
-7.700001 9.3 1.100001 D67500 1.1
-6.600001 9.3 1.100001 DE9629 1.1
-5.5 9.3 1.100001 EED68F 1.1
-4.400001 9.3 1.100001 D99123 1.1
-3.300001 9.3 1.100001 EFEBD6 1.1
-2.2 9.3 1.1 558BB8 1.1
-1.1 9.3 1.1 5D88A7 1.1
1.192093E-07 9.3 1.1 10518C 1.1
1.1 9.3 1.1 ECE3D0 1.1
2.2 9.3 1.1 CEF3DE 1.1
3.300001 9.3 1.1 CB2F7E 1.1
4.400001 9.3 1.099999 D61084 1.1
5.5 9.3 1.1 A2AEB7 1.1
6.600001 9.3 1.099999 2881C5 1.1
7.700001 9.3 1.099999 4A9ADE 1.1
8.800001 9.3 1.099999 2075B8 1.1
-9.900002 0.5 9.536743E-07 10619C 1.1
-8.800001 0.5 9.536743E-07 A7B6C5 1.1
-7.700001 0.5 9.536743E-07 F7F3E7 1.1
-6.600001 0.5 9.536743E-07 E6E8DE 1.1
-5.5 0.5 4.768372E-07 E6E8DE 1.1
-4.400001 0.5 4.768372E-07 E6E8DE 1.1
-3.300001 0.5 4.768372E-07 00559C 1.1
-2.2 0.5 2.384186E-07 8698A5 1.1
-1.1 0.5 1.192093E-07 F1ECE1 1.1
0 0.5 0 EFE9DE 1.1
1.1 0.5 -1.192093E-07 EFE9DE 1.1
2.2 0.5 -2.384186E-07 EFE9DE 1.1
3.300001 0.5 -4.768372E-07 EFEBE1 1.1
4.400001 0.5 -4.768372E-07 EFEBE1 1.1
5.5 0.5 -4.768372E-07 EFEBDE 1.1
6.600001 0.5 -9.536743E-07 EFE9DE 1.1
7.700001 0.5 -9.536743E-07 EFE9DE 1.1
8.800001 0.5 -9.536743E-07 EFEBDE 1.1
9.900002 0.5 -9.536743E-07 005194 1.1
-9.900002 1.6 9.536743E-07 949694 1.1
9.900002 1.6 -9.536743E-07 83BDE9 1.1
-9.900002 2.7 9.536743E-07 0D61A2 1.1
9.900002 2.7 -9.536743E-07 BD2C7B 1.1
-9.900002 3.8 9.536743E-07 CE5A96 1.1
9.900002 3.8 -9.536743E-07 D3A3BD 1.1
-9.900002 4.9 9.536743E-07 BD0C63 1.1
9.900002 4.9 -9.536743E-07 C6006B 1.1
-9.900002 6 9.536743E-07 E7FBEF 1.1
9.900002 6 -9.536743E-07 C60C73 1.1
-9.900002 7.1 9.536743E-07 C85191 1.1
9.900002 7.1 -9.536743E-07 0D61A2 1.1
-9.900002 8.200001 9.536743E-07 AAB3D0 1.1
9.900002 8.200001 -9.536743E-07 AAA7AA 1.1
-9.900002 9.3 9.536743E-07 085D9C 1.1
9.900002 9.3 -9.536743E-07 1061A2 1.1
-8.800001 9.3 9.536743E-07 1061A2 1.1
-7.700001 9.3 9.536743E-07 EFAA39 1.1
-6.600001 9.3 9.536743E-07 1875CE 1.1
-5.5 9.3 4.768372E-07 E19823 1.1
-4.400001 9.3 4.768372E-07 E7AE33 1.1
-3.300001 9.3 4.768372E-07 84C3EF 1.1
-2.2 9.3 2.384186E-07 86BEE9 1.1
-1.1 9.3 1.192093E-07 99C6E4 1.1
0 9.3 0 AD146B 1.1
1.1 9.3 -1.192093E-07 D60C84 1.1
2.2 9.3 -2.384186E-07 C24F8C 1.1
3.300001 9.3 -4.768372E-07 1065AD 1.1
4.400001 9.3 -4.768372E-07 F7FFF7 1.1
5.5 9.3 -4.768372E-07 0055A5 1.1
6.600001 9.3 -9.536743E-07 1062A5 1.1
7.700001 9.3 -9.536743E-07 1061A2 1.1
8.800001 9.3 -9.536743E-07 1061A1 1.1
-9.900002 0.5 -1.099999 10619C 1.1
-8.800001 0.5 -1.099999 A5BACE 1.1
-7.700001 0.5 -1.099999 5A656D 1.1
-6.600001 0.5 -1.099999 D6D7D6 1.1
-5.5 0.5 -1.1 CED7D6 1.1
-4.400001 0.5 -1.099999 D6DBD6 1.1
-3.300001 0.5 -1.1 00559C 1.1
-2.2 0.5 -1.1 FFF3E7 1.1
-1.1 0.5 -1.1 FFF3E7 1.1
-1.192093E-07 0.5 -1.1 FFF3E7 1.1
1.1 0.5 -1.1 FFF3E7 1.1
2.2 0.5 -1.1 FFF3E7 1.1
3.300001 0.5 -1.100001 FFF3E7 1.1
4.400001 0.5 -1.100001 FFF3E7 1.1
5.5 0.5 -1.100001 FFF3E7 1.1
6.600001 0.5 -1.100001 FFF3E7 1.1
7.700001 0.5 -1.100001 F7EFDE 1.1
8.800001 0.5 -1.100001 E3E4DE 1.1
9.900002 0.5 -1.100001 005194 1.1
-9.900002 1.6 -1.099999 004D94 1.1
9.900002 1.6 -1.100001 338EA4 1.1
-9.900002 2.7 -1.099999 105FA2 1.1
9.900002 2.7 -1.100001 427FAD 1.1
-9.900002 3.8 -1.099999 2175B5 1.1
9.900002 3.8 -1.100001 4983AD 1.1
-9.900002 4.9 -1.099999 3171AD 1.1
9.900002 4.9 -1.100001 5789B5 1.1
-9.900002 6 -1.099999 4F87B7 1.1
9.900002 6 -1.100001 398DCE 1.1
-9.900002 7.1 -1.099999 296D9C 1.1
9.900002 7.1 -1.100001 1061A1 1.1
-9.900002 8.200001 -1.099999 4F83AA 1.1
9.900002 8.200001 -1.100001 AABED0 1.1
-9.900002 9.3 -1.099999 085D9C 1.1
9.900002 9.3 -1.100001 1061A0 1.1
-8.800001 9.3 -1.099999 1061A2 1.1
-7.700001 9.3 -1.099999 1061A2 1.1
-6.600001 9.3 -1.099999 1061A5 1.1
-5.5 9.3 -1.1 1869A5 1.1
-4.400001 9.3 -1.099999 186DAD 1.1
-3.300001 9.3 -1.1 1871B5 1.1
-2.2 9.3 -1.1 CE0873 1.1
-1.1 9.3 -1.1 D60C84 1.1
-1.192093E-07 9.3 -1.1 C60C73 1.1
1.1 9.3 -1.1 CE1484 1.1
2.2 9.3 -1.1 08559C 1.1
3.300001 9.3 -1.100001 085D9C 1.1
4.400001 9.3 -1.100001 004D8C 1.1
5.5 9.3 -1.100001 00518C 1.1
6.600001 9.3 -1.100001 1061A5 1.1
7.700001 9.3 -1.100001 00518C 1.1
8.800001 9.3 -1.100001 1E7CA7 1.1
-9.900002 0.5 -2.199999 10619C 1.1
-8.800001 0.5 -2.199999 F7F7E7 1.1
-7.700002 0.5 -2.199999 CBD0CE 1.1
-6.600001 0.5 -2.2 EFEBDE 1.1
-5.500001 0.5 -2.2 F7F3E7 1.1
-4.400001 0.5 -2.2 FFF7E7 1.1
-3.300001 0.5 -2.2 00559C 1.1
-2.200001 0.5 -2.2 688896 1.1
-1.1 0.5 -2.2 637D94 1.1
-2.384186E-07 0.5 -2.2 738D9C 1.1
1.1 0.5 -2.2 8EA1AF 1.1
2.2 0.5 -2.200001 EFEBDE 1.1
3.3 0.5 -2.200001 EFEBDE 1.1
4.400001 0.5 -2.200001 EFEBDE 1.1
5.5 0.5 -2.200001 EFEBDE 1.1
6.600001 0.5 -2.200001 F1ECDE 1.1
7.700001 0.5 -2.200001 EFEBDE 1.1
8.800001 0.5 -2.200001 F1E9E1 1.1
9.900002 0.5 -2.200001 005194 1.1
-9.900002 1.6 -2.199999 105D9F 1.1
9.900002 1.6 -2.200001 1061A1 1.1
-9.900002 2.7 -2.199999 105FA2 1.1
9.900002 2.7 -2.200001 1061A1 1.1
-9.900002 3.8 -2.199999 1061A1 1.1
9.900002 3.8 -2.200001 1061A1 1.1
-9.900002 4.9 -2.199999 1061A1 1.1
9.900002 4.9 -2.200001 1061A1 1.1
-9.900002 6 -2.199999 1061A2 1.1
9.900002 6 -2.200001 1061A1 1.1
-9.900002 7.1 -2.199999 1061A1 1.1
9.900002 7.1 -2.200001 1061A1 1.1
-9.900002 8.200001 -2.199999 0D5EA2 1.1
9.900002 8.200001 -2.200001 10619F 1.1
-9.900002 9.3 -2.199999 085D9C 1.1
9.900002 9.3 -2.200001 105E9F 1.1
-8.800001 9.3 -2.199999 1061A1 1.1
-7.700002 9.3 -2.199999 105FA2 1.1
-6.600001 9.3 -2.2 105FA2 1.1
-5.500001 9.3 -2.2 1061A1 1.1
-4.400001 9.3 -2.2 1061A1 1.1
-3.300001 9.3 -2.2 1061A1 1.1
-2.200001 9.3 -2.2 1061A2 1.1
-1.1 9.3 -2.2 1061A0 1.1
-2.384186E-07 9.3 -2.2 105FA2 1.1
1.1 9.3 -2.2 1061A1 1.1
2.2 9.3 -2.200001 1061A0 1.1
3.3 9.3 -2.200001 005194 1.1
4.400001 9.3 -2.200001 005194 1.1
5.5 9.3 -2.200001 005194 1.1
6.600001 9.3 -2.200001 528BBA 1.1
7.700001 9.3 -2.200001 085D9C 1.1
8.800001 9.3 -2.200001 C5D8E1 1.1
-9.900002 0.5 -3.299999 F7F3E7 1.1
-8.800001 0.5 -3.299999 F7FBDE 1.1
-7.700002 0.5 -3.3 FFFFE7 1.1
-6.600002 0.5 -3.3 FFFFEF 1.1
-5.500001 0.5 -3.300001 FFFFEF 1.1
-4.400001 0.5 -3.3 FFFFEF 1.1
-3.300001 0.5 -3.3 FFFFE7 1.1
-2.200001 0.5 -3.300001 FFFBE7 1.1
-1.100001 0.5 -3.3 FFF3DE 1.1
-4.768372E-07 0.5 -3.300001 A1C8E6 1.1
-9.900002 1.6 -3.299999 EFEBD9 1.1
-8.800001 1.6 -3.299999 EFEFE7 1.1
-7.700002 1.6 -3.3 F1EBE1 1.1
-6.600002 1.6 -3.3 F1EBE1 1.1
-5.500001 1.6 -3.300001 F7EFE7 1.1
-4.400001 1.6 -3.3 F7EFE7 1.1
-3.300001 1.6 -3.3 F1ECE1 1.1
-2.200001 1.6 -3.300001 F1EBE1 1.1
-1.100001 1.6 -3.3 F7EFDE 1.1
-4.768372E-07 1.6 -3.300001 7E855D 1.1
1.1 1.6 -3.300001 4180A4 1.1
2.2 1.6 -3.300001 0875CE 1.1
3.3 1.6 -3.300001 106DB5 1.1
4.4 1.6 -3.300001 346899 1.1
5.5 1.6 -3.300001 EFE7C6 1.1
6.600001 1.6 -3.300002 ECD9A4 1.1
7.700001 1.6 -3.300002 CE7908 1.1
8.800001 1.6 -3.300002 0861A5 1.1
9.900002 1.6 -3.300002 005194 1.1
-9.900002 2.7 -3.299999 7BBAEF 1.1
-8.800001 2.7 -3.299999 EFEBDE 1.1
-7.700002 2.7 -3.3 F1EBE1 1.1
-6.600002 2.7 -3.3 F1EBE1 1.1
-5.500001 2.7 -3.300001 DEEFDE 1.1
-4.400001 2.7 -3.3 D61084 1.1
-3.300001 2.7 -3.3 F7F7EF 1.1
-2.200001 2.7 -3.300001 F1EBE1 1.1
-1.100001 2.7 -3.3 FFF7DE 1.1
-4.768372E-07 2.7 -3.300001 FFF7E7 1.1
1.1 2.7 -3.300001 F7EFD6 1.1
2.2 2.7 -3.300001 1069B5 1.1
3.3 2.7 -3.300001 EFEBCE 1.1
4.4 2.7 -3.300001 D69221 1.1
5.5 2.7 -3.300001 EFCD6D 1.1
6.600001 2.7 -3.300002 DE9E29 1.1
7.700001 2.7 -3.300002 E7A629 1.1
8.800001 2.7 -3.300002 D87F0A 1.1
9.900002 2.7 -3.300002 00498C 1.1
-9.900002 3.8 -3.299999 2182C6 1.1
-8.800001 3.8 -3.299999 84C3EF 1.1
-7.700002 3.8 -3.3 EFE3CE 1.1
-6.600002 3.8 -3.3 F7EBDE 1.1
-5.500001 3.8 -3.300001 C62C84 1.1
-4.400001 3.8 -3.3 F7F7F7 1.1
-3.300001 3.8 -3.3 C60C73 1.1
-2.200001 3.8 -3.300001 B25783 1.1
-1.100001 3.8 -3.3 C5A8B2 1.1
-4.768372E-07 3.8 -3.300001 EFEFE7 1.1
1.1 3.8 -3.300001 EFEBE1 1.1
2.2 3.8 -3.300001 F1EBE1 1.1
3.3 3.8 -3.300001 F7FBF7 1.1
4.4 3.8 -3.300001 E6A72E 1.1
5.5 3.8 -3.300001 E7A62E 1.1
6.600001 3.8 -3.300002 DE8A10 1.1
7.700001 3.8 -3.300002 998760 1.1
8.800001 3.8 -3.300002 F79A21 1.1
9.900002 3.8 -3.300002 005194 1.1
-9.900002 4.9 -3.299999 52A2DE 1.1
-8.800001 4.9 -3.299999 4796D9 1.1
-7.700002 4.9 -3.3 5DAAE3 1.1
-6.600002 4.9 -3.3 CBD9DB 1.1
-5.500001 4.9 -3.300001 EFEFE7 1.1
-4.400001 4.9 -3.3 DB98BA 1.1
-3.300001 4.9 -3.3 C53C89 1.1
-2.200001 4.9 -3.300001 EF34A5 1.1
-1.100001 4.9 -3.3 D61186 1.1
-4.768372E-07 4.9 -3.300001 EFF7F7 1.1
1.1 4.9 -3.300001 CE0C7B 1.1
2.2 4.9 -3.300001 BD5A8E 1.1
3.3 4.9 -3.300001 AF7C91 1.1
4.4 4.9 -3.300001 F1EBE1 1.1
5.5 4.9 -3.300001 EFEBDE 1.1
6.600001 4.9 -3.300002 EFE7CE 1.1
7.700001 4.9 -3.300002 52A2DE 1.1
8.800001 4.9 -3.300002 1B72B5 1.1
9.900002 4.9 -3.300002 005194 1.1
-9.900002 6 -3.299999 105D9C 1.1
-8.800001 6 -3.299999 5AA6E7 1.1
-7.700002 6 -3.3 2982C6 1.1
-6.600002 6 -3.3 2982C6 1.1
-5.500001 6 -3.300001 4A9EDE 1.1
-4.400001 6 -3.3 BAD4DE 1.1
-3.300001 6 -3.3 F1E9D6 1.1
-2.200001 6 -3.300001 EFEFDE 1.1
-1.100001 6 -3.3 D31C86 1.1
-4.768372E-07 6 -3.300001 D11180 1.1
1.1 6 -3.300001 C04E86 1.1
2.2 6 -3.300001 DCA7C5 1.1
3.3 6 -3.300001 DEFBE7 1.1
4.4 6 -3.300001 F1EBE1 1.1
5.5 6 -3.300001 F1EBE1 1.1
6.600001 6 -3.300002 EFE5D3 1.1
7.700001 6 -3.300002 52A6E7 1.1
8.800001 6 -3.300002 1B72B5 1.1
9.900002 6 -3.300002 005194 1.1
-9.900002 7.1 -3.299999 10619F 1.1
-8.800001 7.1 -3.299999 348796 1.1
-7.700002 7.1 -3.3 477AAA 1.1
-6.600002 7.1 -3.3 235C8E 1.1
-5.500001 7.1 -3.300001 4281B2 1.1
-4.400001 7.1 -3.3 3C7DB5 1.1
-3.300001 7.1 -3.3 5D96C8 1.1
-2.200001 7.1 -3.300001 73BAEF 1.1
-1.100001 7.1 -3.3 78BCEC 1.1
-4.768372E-07 7.1 -3.300001 EFE7CE 1.1
1.1 7.1 -3.300001 F7E7CE 1.1
2.2 7.1 -3.300001 EFE7CE 1.1
3.3 7.1 -3.300001 EFE7CE 1.1
4.4 7.1 -3.300001 F7E7CE 1.1
5.5 7.1 -3.300001 94C8E9 1.1
6.600001 7.1 -3.300002 58A5DE 1.1
7.700001 7.1 -3.300002 2982C6 1.1
8.800001 7.1 -3.300002 1062A5 1.1
9.900002 7.1 -3.300002 005194 1.1
-9.900002 8.200001 -3.299999 1061A2 1.1
-8.800001 8.200001 -3.299999 104163 1.1
-7.700002 8.200001 -3.3 C6DFE7 1.1
-6.600002 8.200001 -3.3 DEEFFF 1.1
-5.500001 8.200001 -3.300001 005594 1.1
-4.400001 8.200001 -3.3 08599C 1.1
-3.300001 8.200001 -3.3 4783B5 1.1
-2.200001 8.200001 -3.300001 42759C 1.1
-1.100001 8.200001 -3.3 2681C8 1.1
-4.768372E-07 8.200001 -3.300001 2B84C8 1.1
1.1 8.200001 -3.300001 2986C6 1.1
2.2 8.200001 -3.300001 2986C6 1.1
3.3 8.200001 -3.300001 2986C6 1.1
4.4 8.200001 -3.300001 2986C6 1.1
5.5 8.200001 -3.300001 2986CE 1.1
6.600001 8.200001 -3.300002 1871B5 1.1
7.700001 8.200001 -3.300002 1062A5 1.1
8.800001 8.200001 -3.300002 1061A2 1.1
9.900002 8.200001 -3.300002 005594 1.1
-9.900002 9.3 -3.299999 0A5B9F 1.1
-8.800001 9.3 -3.299999 0A5B9F 1.1
-7.700002 9.3 -3.3 0A5B9F 1.1
-6.600002 9.3 -3.3 0A5B9F 1.1
-5.500001 9.3 -3.300001 0A5B9F 1.1
-4.400001 9.3 -3.3 0A5B9F 1.1
-3.300001 9.3 -3.3 0A5B9F 1.1
-2.200001 9.3 -3.300001 0A5D9F 1.1
-1.100001 9.3 -3.3 0A5E9F 1.1
-4.768372E-07 9.3 -3.300001 1865A5 1.1
1.1 9.3 -3.300001 216DA5 1.1
2.2 9.3 -3.300001 1869A5 1.1
3.3 9.3 -3.300001 2169A5 1.1
4.4 9.3 -3.300001 2169A5 1.1
5.5 9.3 -3.300001 216DA5 1.1
6.600001 9.3 -3.300002 216DA5 1.1
7.700001 9.3 -3.300002 2971AD 1.1
8.800001 9.3 -3.300002 2971AD 1.1
9.900002 9.3 -3.300002 1B67A7 1.1
