-1.3 0.68 -3.2 BD1C15 1.3
-3.9 0.68 -1.9 BD2418 1.3
-5.2 0.68 -0.5999999 BD2818 1.3
-5.2 0.68 0.7 B71C12 1.3
-5.2 0.68 2 BA1A12 1.3
-5.2 0.68 3.3 B21A15 1.3
-5.2 0.68 4.6 B51810 1.3
-2.6 1.98 -3.2 A51C10 1.3
-5.2 1.98 -1.9 B51810 1.3
-5.2 1.98 -0.5999999 9C1812 1.3
-6.5 1.98 0.7 941410 1.3
-6.5 1.98 2 AF2415 1.3
-6.5 1.98 3.3 9C1810 1.3
-5.2 1.98 4.6 AA1610 1.3
-5.2 1.98 5.9 C63421 1.3
-2.6 1.98 7.2 CE2C1D 1.3
-3.9 3.28 -3.2 00498C 1.3
-5.2 3.28 -1.9 00498C 1.3
-5.2 3.28 -0.5999999 00498C 1.3
-6.5 3.28 0.7 00498C 1.3
-6.5 3.28 2 00498C 1.3
-6.5 3.28 3.3 00498C 1.3
-5.2 3.28 4.6 00498C 1.3
-5.2 3.28 5.9 00498C 1.3
-3.9 3.28 7.2 00498C 1.3
-3.9 4.58 -3.2 3992BD 1.3
-5.2 4.58 -1.9 398EBD 1.3
-5.2 4.58 -0.5999999 3992BD 1.3
-6.5 4.58 0.7 398EBD 1.3
-6.5 4.58 2 3992BD 1.3
-6.5 4.58 3.3 3992BD 1.3
-5.2 4.58 4.6 3992BD 1.3
-5.2 4.58 5.9 3992BD 1.3
-3.9 4.58 7.2 C61810 1.3
-3.9 5.88 -3.2 78A0B2 1.3
-5.2 5.88 -1.9 6B9AAD 1.3
-5.2 5.88 -0.5999999 91AEBB 1.3
-6.5 5.88 0.7 FCF0DB 1.3
-6.5 5.88 2 F9EDD8 1.3
-6.5 5.88 3.3 F7EDDB 1.3
-5.2 5.88 4.6 FCF0DB 1.3
-5.2 5.88 5.9 F9EDD8 1.3
-3.9 5.88 7.2 FF9E9C 1.3
-3.9 7.18 -3.2 BDCFCE 1.3
-5.2 7.18 -1.9 ECE8D8 1.3
-5.2 7.18 -0.5999999 BDCFCE 1.3
-6.5 7.18 0.7 F9EDD8 1.3
-6.5 7.18 2 F9EDD8 1.3
-6.5 7.18 3.3 FCF0DB 1.3
-5.2 7.18 4.6 F7EFDE 1.3
-5.2 7.18 5.9 FFF3DE 1.3
-3.9 7.18 7.2 D9D181 1.3
-3.9 8.48 -3.2 BAC9CE 1.3
-5.2 8.48 -1.9 638EA5 1.3
-5.2 8.48 -0.5999999 CBD4D3 1.3
-6.5 8.48 0.7 FCF0DB 1.3
-6.5 8.48 2 F9EDD8 1.3
-6.5 8.48 3.3 FCF1DB 1.3
-5.2 8.48 4.6 FCF1DB 1.3
-5.2 8.48 5.9 F7EFDE 1.3
-3.9 8.48 7.2 FCF0DB 1.3
-3.9 9.78 -3.2 F7F3DE 1.3
-5.2 9.78 -1.9 FFF3DE 1.3
-5.2 9.78 -0.5999999 FFF3DE 1.3
-6.5 9.78 0.7 F7ECD8 1.3
-6.5 9.78 2 F7EDD8 1.3
-6.5 9.78 3.3 F9EDD8 1.3
-5.2 9.78 4.6 FCF0DB 1.3
-5.2 9.78 5.9 FCF0DB 1.3
-3.9 9.78 7.2 F9EDD8 1.3
-3.9 11.08 -3.2 00558C 1.3
-5.2 11.08 -1.9 00558C 1.3
-5.2 11.08 -0.5999999 00558C 1.3
-6.5 11.08 0.7 00558C 1.3
-6.5 11.08 2 00558C 1.3
-6.5 11.08 3.3 00558C 1.3
-5.2 11.08 4.6 00558C 1.3
-5.2 11.08 5.9 00558C 1.3
-3.9 11.08 7.2 B59FA4 1.3
-3.9 12.38 -3.2 F7F7E7 1.3
-5.2 12.38 -1.9 F7F7E7 1.3
-5.2 12.38 -0.5999999 F7F7E7 1.3
-6.5 12.38 0.7 F7F7E7 1.3
-6.5 12.38 2 F7F7E7 1.3
-6.5 12.38 3.3 F7F7DE 1.3
-5.2 12.38 4.6 F7F7E7 1.3
-5.2 12.38 5.9 F7F7E7 1.3
-3.9 12.38 7.2 EFF7E7 1.3
-2.6 13.68 -3.2 BD2421 1.3
-5.2 13.68 -1.9 C02E26 1.3
-5.2 13.68 -0.5999999 C32C1E 1.3
-6.5 13.68 0.7 B53021 1.3
-6.5 13.68 2 AA261B 1.3
-6.5 13.68 3.3 A12018 1.3
-5.2 13.68 4.6 AA1C12 1.3
-5.2 13.68 5.9 C62818 1.3
-2.6 13.68 7.2 A72015 1.3
-2.6 14.98 -1.9 C63829 1.3
-3.9 14.98 -0.5999999 B01A12 1.3
-5.2 14.98 0.7 B52C21 1.3
-5.2 14.98 2 AD211B 1.3
-5.2 14.98 3.3 B71E15 1.3
-3.9 14.98 4.6 AD1810 1.3
-2.6 14.98 5.9 AC2115 1.3
0 16.28 -3.2 DE4A3F 1.3
-3.9 16.28 -1.9 E16357 1.3
-3.9 16.28 -0.5999999 F7F7F7 1.3
-5.2 16.28 0.7 ECA79F 1.3
-5.2 16.28 2 ECACA7 1.3
-5.2 16.28 3.3 E15B4F 1.3
-3.9 16.28 4.6 E15247 1.3
-3.9 16.28 5.9 E35D55 1.3
0 16.28 7.2 F7F3F7 1.3
-1.3 0.68 0.7 C0241B 1.3
0 0.68 2 AA1510 1.3
1.3 0.68 3.3 BD2418 1.3
-3.9 0.68 -0.5999999 BD2418 1.3
-3.9 0.68 0.7 B21C12 1.3
-3.9 0.68 2 B51915 1.3
-3.9 0.68 3.3 A51810 1.3
-3.9 0.68 4.6 AD1C18 1.3
-3.9 0.68 5.9 C63021 1.3
3.9 0.68 4.6 C62A1B 1.3
-3.9 1.98 -3.2 AD1410 1.3
-3.9 1.98 7.2 C8261B 1.3
-3.9 13.68 -1.9 C02C1E 1.3
-3.9 13.68 5.9 B51D15 1.3
-3.9 14.98 -1.9 BD2821 1.3
-3.9 14.98 5.9 AD2418 1.3
-3.9 17.58 -0.5999999 E16157 1.3
-3.9 17.58 0.7 EC8E84 1.3
-3.9 17.58 2 F7CFD6 1.3
-3.9 17.58 3.3 ECA79F 1.3
-3.9 17.58 4.6 EFE7E7 1.3
-2.6 0.68 -3.2 B71C12 1.3
-2.6 0.68 -1.9 BA2015 1.3
-2.6 0.68 -0.5999999 C32415 1.3
-2.6 0.68 0.7 B7221B 1.3
-2.6 0.68 2 AF1915 1.3
-2.6 0.68 3.3 CE3021 1.3
-2.6 0.68 4.6 CB2215 1.3
-2.6 0.68 5.9 CE2818 1.3
-2.6 0.68 7.2 CB2618 1.3
-2.6 3.28 -3.2 00498C 1.3
-2.6 3.28 7.2 00498C 1.3
-2.6 4.58 -3.2 3992BD 1.3
-2.6 4.58 7.2 F72C21 1.3
-2.6 5.88 -3.2 A7BFC5 1.3
-2.6 5.88 7.2 CD3E3E 1.3
-2.6 7.18 -3.2 94B2BD 1.3
-2.6 7.18 7.2 D6D376 1.3
-2.6 8.48 -3.2 638EAD 1.3
-2.6 8.48 7.2 E6DDB2 1.3
-2.6 9.78 -3.2 FFF3DE 1.3
-2.6 9.78 7.2 FCF0DB 1.3
-2.6 11.08 -3.2 00558C 1.3
-2.6 11.08 7.2 083873 1.3
-2.6 12.38 -3.2 F7F7E7 1.3
-2.6 12.38 7.2 C0B6B7 1.3
-2.6 16.28 -1.9 D61808 1.3
-2.6 16.28 5.9 E16557 1.3
-2.6 17.58 -1.9 DE4C39 1.3
-2.6 17.58 -0.5999999 ECA39A 1.3
-2.6 17.58 0.7 F7EBE7 1.3
-2.6 17.58 2 ECA8A2 1.3
-2.6 17.58 3.3 F7EBE7 1.3
-2.6 17.58 4.6 ECAFAC 1.3
-2.6 17.58 5.9 F7EBEF 1.3
-1.3 0.68 -1.9 C62C21 1.3
-1.3 0.68 -0.5999999 BA2115 1.3
-1.3 0.68 2 B72215 1.3
-1.3 0.68 3.3 BD3021 1.3
-1.3 0.68 4.6 BD261B 1.3
-1.3 0.68 5.9 C6261B 1.3
-1.3 0.68 7.2 CB3023 1.3
-1.3 1.98 -4.5 B51E12 1.3
-1.3 1.98 8.5 BD0C08 1.3
-1.3 3.28 -4.5 00498C 1.3
-1.3 3.28 8.5 00498C 1.3
-1.3 4.58 -4.5 3992BD 1.3
-1.3 4.58 8.5 E6585A 1.3
-1.3 5.88 -4.5 C2D0CB 1.3
-1.3 5.88 8.5 D93436 1.3
-1.3 7.18 -4.5 9CBAC6 1.3
-1.3 7.18 8.5 C8A352 1.3
-1.3 8.48 -4.5 638EA5 1.3
-1.3 8.48 8.5 BDB629 1.3
-1.3 9.78 -4.5 FFF3DE 1.3
-1.3 9.78 8.5 F9EDD8 1.3
-1.3 11.08 -4.5 00558C 1.3
-1.3 11.08 8.5 00558C 1.3
-1.3 12.38 -4.5 F7F7DE 1.3
-1.3 12.38 8.5 AA524F 1.3
-1.3 13.68 -3.2 CE3426 1.3
-1.3 13.68 7.2 AF2015 1.3
-1.3 14.98 -3.2 C61010 1.3
-1.3 14.98 7.2 AA1D15 1.3
-1.3 16.28 -3.2 D62008 1.3
-1.3 16.28 7.2 D61408 1.3
-1.3 17.58 -1.9 E1695D 1.3
-1.3 17.58 -0.5999999 F7F7EF 1.3
-1.3 17.58 0.7 EC8F86 1.3
-1.3 17.58 2 EFEBE7 1.3
-1.3 17.58 3.3 EC9489 1.3
-1.3 17.58 4.6 E69C96 1.3
-1.3 17.58 5.9 E16152 1.3
0 0.68 -3.2 BA1E15 1.3
0 0.68 -1.9 BD2018 1.3
0 0.68 -0.5999999 B51410 1.3
0 0.68 0.7 BA281E 1.3
0 0.68 3.3 BA1D12 1.3
0 0.68 4.6 BD2418 1.3
0 0.68 5.9 C62418 1.3
0 0.68 7.2 CB2D1E 1.3
0 1.98 -4.5 BA1C12 1.3
0 1.98 8.5 C61810 1.3
0 3.28 -4.5 00498C 1.3
0 3.28 8.5 00498C 1.3
0 4.58 -4.5 3992BD 1.3
0 4.58 8.5 B8424A 1.3
0 5.88 -4.5 FCF5DB 1.3
0 5.88 8.5 DB7070 1.3
0 7.18 -4.5 FFF3DE 1.3
0 7.18 8.5 DE5657 1.3
0 8.48 -4.5 FCF0DB 1.3
0 8.48 8.5 DE6A68 1.3
0 9.78 -4.5 FFF3DE 1.3
0 9.78 8.5 F9EDDE 1.3
0 11.08 -4.5 00558C 1.3
0 11.08 8.5 00558C 1.3
0 12.38 -4.5 F7F7DE 1.3
0 12.38 8.5 FFF7EF 1.3
0 13.68 -4.5 CB3426 1.3
0 13.68 8.5 AF2018 1.3
0 14.98 -3.2 C62C1E 1.3
0 14.98 7.2 BD2C21 1.3
0 17.58 -1.9 ECA79F 1.3
0 17.58 -0.5999999 E14B3C 1.3
0 17.58 0.7 E6A7A4 1.3
0 17.58 2 DE5044 1.3
0 17.58 3.3 E15F4F 1.3
0 17.58 4.6 E1675D 1.3
0 17.58 5.9 E16152 1.3
1.3 0.68 -3.2 BD2418 1.3
1.3 0.68 -1.9 BD2418 1.3
1.3 0.68 -0.5999999 B71A12 1.3
1.3 0.68 0.7 BA261E 1.3
1.3 0.68 2 B51410 1.3
1.3 0.68 4.6 BD1C10 1.3
1.3 0.68 5.9 C01C12 1.3
1.3 0.68 7.2 CE4139 1.3
1.3 1.98 -4.5 C5291E 1.3
1.3 1.98 8.5 D32821 1.3
1.3 3.28 -4.5 004D8C 1.3
1.3 3.28 8.5 00498C 1.3
1.3 4.58 -4.5 398EBD 1.3
1.3 4.58 8.5 DE6060 1.3
1.3 5.88 -4.5 31556B 1.3
1.3 5.88 8.5 E96968 1.3
1.3 7.18 -4.5 F9EDD8 1.3
1.3 7.18 8.5 E14447 1.3
1.3 8.48 -4.5 FCF0DB 1.3
1.3 8.48 8.5 EC575A 1.3
1.3 9.78 -4.5 F9F0D8 1.3
1.3 9.78 8.5 F9ECD8 1.3
1.3 11.08 -4.5 00558C 1.3
1.3 11.08 8.5 00558C 1.3
1.3 12.38 -4.5 F7F7DE 1.3
1.3 12.38 8.5 D6FFFF 1.3
1.3 13.68 -3.2 B5221E 1.3
1.3 13.68 7.2 B51010 1.3
1.3 14.98 -3.2 C0211B 1.3
1.3 14.98 7.2 B51E15 1.3
1.3 16.28 -3.2 F7F7F7 1.3
1.3 16.28 7.2 D61C08 1.3
1.3 17.58 -1.9 E16255 1.3
1.3 17.58 -0.5999999 E15449 1.3
1.3 17.58 0.7 E1675A 1.3
1.3 17.58 2 E36255 1.3
1.3 17.58 3.3 E69C91 1.3
1.3 17.58 4.6 E15F4F 1.3
1.3 17.58 5.9 E6AA9F 1.3
2.6 0.68 -3.2 BD2418 1.3
2.6 0.68 -1.9 C0241B 1.3
2.6 0.68 -0.5999999 B52C21 1.3
2.6 0.68 0.7 B52818 1.3
2.6 0.68 2 BD1C10 1.3
2.6 0.68 3.3 C62018 1.3
2.6 0.68 4.6 C8241B 1.3
2.6 0.68 5.9 C61810 1.3
2.6 0.68 7.2 CE281E 1.3
2.6 14.98 -1.9 C63429 1.3
2.6 1.98 -3.2 C03126 1.3
2.6 14.98 5.9 BD2D21 1.3
2.6 1.98 7.2 D0291D 1.3
2.6 3.28 -3.2 00498C 1.3
2.6 3.28 7.2 00498C 1.3
2.6 4.58 -3.2 398EBD 1.3
2.6 4.58 7.2 AD6508 1.3
2.6 5.88 -3.2 94A6A5 1.3
2.6 5.88 7.2 425500 1.3
2.6 7.18 -3.2 839496 1.3
2.6 7.18 7.2 EF3042 1.3
2.6 8.48 -3.2 94A6AD 1.3
2.6 8.48 7.2 F7F3E7 1.3
2.6 9.78 -3.2 AAAAA2 1.3
2.6 9.78 7.2 FCF0DB 1.3
2.6 11.08 -3.2 00558C 1.3
2.6 11.08 7.2 00518C 1.3
2.6 12.38 -3.2 F7F7E7 1.3
2.6 12.38 7.2 B5AEAD 1.3
2.6 13.68 -3.2 C83326 1.3
2.6 13.68 7.2 BD1615 1.3
2.6 16.28 -1.9 F7F3F7 1.3
2.6 16.28 5.9 D61000 1.3
2.6 17.58 -1.9 DE3421 1.3
2.6 17.58 -0.5999999 DE574F 1.3
2.6 17.58 0.7 E6A29A 1.3
2.6 17.58 2 E6ACA7 1.3
2.6 17.58 3.3 ECA6A2 1.3
2.6 17.58 4.6 F7EFEF 1.3
2.6 17.58 5.9 ECB2AA 1.3
3.9 0.68 -1.9 BA241E 1.3
3.9 0.68 -0.5999999 BD2C21 1.3
3.9 0.68 0.7 BD2018 1.3
3.9 0.68 2 BD2118 1.3
3.9 0.68 3.3 CE2418 1.3
3.9 0.68 5.9 C82418 1.3
3.9 1.98 -3.2 AD2418 1.3
3.9 14.98 -0.5999999 C31E1B 1.3
3.9 14.98 4.6 C61C10 1.3
3.9 1.98 7.2 D82518 1.3
3.9 3.28 -3.2 00498C 1.3
3.9 3.28 7.2 00498C 1.3
3.9 4.58 -3.2 398EBD 1.3
3.9 4.58 7.2 BDA221 1.3
3.9 5.88 -3.2 D6E0D3 1.3
3.9 5.88 7.2 A5822E 1.3
3.9 7.18 -3.2 8C8E94 1.3
3.9 7.18 7.2 E77D5A 1.3
3.9 8.48 -3.2 D6D7C6 1.3
3.9 8.48 7.2 FFFFFF 1.3
3.9 9.78 -3.2 B2BABA 1.3
3.9 9.78 7.2 FCF0DB 1.3
3.9 11.08 -3.2 00558C 1.3
3.9 11.08 7.2 AF9B9C 1.3
3.9 12.38 -3.2 F7FBE7 1.3
3.9 12.38 7.2 EFEFDE 1.3
3.9 13.68 -1.9 CE1410 1.3
3.9 13.68 5.9 D63C29 1.3
3.9 14.98 -1.9 C81C15 1.3
3.9 14.98 5.9 C62A1E 1.3
3.9 16.28 -1.9 D61C08 1.3
3.9 16.28 5.9 E6A49F 1.3
3.9 17.58 -0.5999999 ECB3AF 1.3
3.9 17.58 0.7 F7F3EF 1.3
3.9 17.58 2 EFDBDE 1.3
3.9 17.58 3.3 F7F3F7 1.3
3.9 17.58 4.6 ECB3AC 1.3
5.2 0.68 -0.5999999 BD2418 1.3
5.2 0.68 0.7 BD1810 1.3
5.2 0.68 2 C01D15 1.3
5.2 0.68 3.3 CE2821 1.3
5.2 0.68 4.6 CE2C21 1.3
5.2 1.98 -0.5999999 B51008 1.3
5.2 1.98 -1.9 BA1A13 1.3
5.2 1.98 5.9 E7180D 1.3
5.2 1.98 4.6 E13523 1.3
5.2 3.28 -1.9 00498C 1.3
5.2 3.28 5.9 00498C 1.3
5.2 4.58 -1.9 3992BD 1.3
5.2 4.58 5.9 3992BD 1.3
5.2 5.88 -1.9 F9F0DB 1.3
5.2 5.88 5.9 FCF1DB 1.3
5.2 7.18 -1.9 F9EFD8 1.3
5.2 7.18 5.9 F9EDD8 1.3
5.2 8.48 -1.9 F9EFD8 1.3
5.2 8.48 5.9 F9F0D8 1.3
5.2 9.78 -1.9 F9F0D8 1.3
5.2 9.78 5.9 FCF0DB 1.3
5.2 11.08 -1.9 00558C 1.3
5.2 11.08 5.9 00558C 1.3
5.2 12.38 -1.9 F7F7E7 1.3
5.2 12.38 5.9 F7F7E7 1.3
5.2 13.68 -0.5999999 CE2A1D 1.3
5.2 13.68 -1.9 D01C15 1.3
5.2 13.68 5.9 D02E23 1.3
5.2 13.68 4.6 C8291D 1.3
5.2 14.98 0.7 C01D15 1.3
5.2 14.98 2 C63029 1.3
5.2 14.98 3.3 BD2C21 1.3
3.9 16.28 -0.5999999 D61808 1.3
5.2 16.28 0.7 D61800 1.3
5.2 16.28 2 DE5044 1.3
5.2 16.28 3.3 F7E7E7 1.3
3.9 16.28 4.6 DE4B39 1.3
6.5 1.98 0.7 D61008 1.3
6.5 1.98 2 D82015 1.3
6.5 1.98 3.3 D62418 1.3
5.2 3.28 -0.5999999 00498C 1.3
6.5 3.28 0.7 00498C 1.3
6.5 3.28 2 00498C 1.3
6.5 3.28 3.3 00498C 1.3
5.2 3.28 4.6 004D8C 1.3
5.2 4.58 -0.5999999 3992BD 1.3
6.5 4.58 0.7 3992BD 1.3
6.5 4.58 2 3992BD 1.3
6.5 4.58 3.3 3992BD 1.3
5.2 4.58 4.6 3992BD 1.3
5.2 5.88 -0.5999999 F9EDD8 1.3
6.5 5.88 0.7 FCF1DE 1.3
6.5 5.88 2 F7EFD6 1.3
6.5 5.88 3.3 FCF0DB 1.3
5.2 5.88 4.6 FCF0DB 1.3
5.2 7.18 -0.5999999 FCF0DB 1.3
6.5 7.18 0.7 F9F0DB 1.3
6.5 7.18 2 FCF0DB 1.3
6.5 7.18 3.3 F7EBD6 1.3
5.2 7.18 4.6 F9F0D8 1.3
5.2 8.48 -0.5999999 FCF1DB 1.3
6.5 8.48 0.7 F7EBD6 1.3
6.5 8.48 2 F9EDD8 1.3
6.5 8.48 3.3 FCF0DB 1.3
5.2 8.48 4.6 F9EDD8 1.3
5.2 9.78 -0.5999999 F7ECD8 1.3
6.5 9.78 0.7 FCF0DB 1.3
6.5 9.78 2 F9EDD8 1.3
6.5 9.78 3.3 FCF0DB 1.3
5.2 9.78 4.6 FCF0DB 1.3
5.2 11.08 -0.5999999 00558C 1.3
6.5 11.08 0.7 00558C 1.3
6.5 11.08 2 00558C 1.3
6.5 11.08 3.3 00558C 1.3
5.2 11.08 4.6 00558C 1.3
5.2 12.38 -0.5999999 F7F7DE 1.3
6.5 12.38 0.7 F7F7E7 1.3
6.5 12.38 2 F7FBE7 1.3
6.5 12.38 3.3 F7F7E7 1.3
5.2 12.38 4.6 F7F7E7 1.3
6.5 13.68 0.7 D31A12 1.3
6.5 13.68 2 D0241D 1.3
6.5 13.68 3.3 CB1E15 1.3
