-2.6 1.8 -2.6 CE360D 1.3
-3.9 1.8 -1.3 CE360D 1.3
-3.9 1.8 0 CE360D 1.3
-3.9 1.8 1.3 CE360D 1.3
-2.6 1.8 2.6 CE360D 1.3
-2.6 3.1 -2.6 FFC14A 1.3
-3.9 3.1 -1.3 FFC14A 1.3
-3.9 3.1 0 FFC14A 1.3
-3.9 3.1 1.3 FFC14A 1.3
-2.6 3.1 2.6 FFC14A 1.3
-2.6 4.4 -2.6 F7B64A 1.3
-3.9 4.4 -1.3 F7B64A 1.3
-3.9 4.4 0 DE6220 1.3
-3.9 4.4 1.3 DE6220 1.3
-2.6 4.4 2.6 DE6220 1.3
-2.6 5.7 -2.6 EEEFF3 1.3
-3.9 5.7 -1.3 EEEFF3 1.3
-3.9 5.7 0 CE360D 1.3
-3.9 5.7 1.3 CE360D 1.3
-2.6 5.7 2.6 CE360D 1.3
-2.6 7 -2.6 EEEFF3 1.3
-3.9 7 -1.3 EEEFF3 1.3
-3.9 7 0 CE360D 1.3
-3.9 7 1.3 CE360D 1.3
-2.6 7 2.6 CE360D 1.3
-2.6 8.299999 -2.6 DE928E 1.3
-3.9 8.299999 -1.3 EEEFF3 1.3
-3.9 8.299999 0 CE360D 1.3
-3.9 8.299999 1.3 CE360D 1.3
-2.6 8.299999 2.6 CE360D 1.3
-2.6 9.599999 -2.6 EFF0F1 1.3
-3.9 9.599999 -1.3 EEEFF3 1.3
-3.9 9.599999 0 CE360D 1.3
-3.9 9.599999 1.3 CE360D 1.3
-2.6 9.599999 2.6 CE360D 1.3
-2.6 10.9 -2.6 EEEFF3 1.3
-3.9 10.9 -1.3 EEEFF3 1.3
-3.9 10.9 0 CE360D 1.3
-3.9 10.9 1.3 CE360D 1.3
-2.6 10.9 2.6 CE360D 1.3
-2.6 12.2 -2.6 E78263 1.3
-3.9 12.2 -1.3 E78263 1.3
-3.9 12.2 0 DEAA84 1.3
-3.9 12.2 1.3 EF9673 1.3
-2.6 12.2 2.6 EF9673 1.3
-2.6 13.5 -2.6 FFD784 1.3
-3.9 13.5 -1.3 FFD784 1.3
-3.9 13.5 0 CEC38C 1.3
-3.9 13.5 1.3 026579 1.3
-2.6 13.5 2.6 026579 1.3
-2.6 14.8 -2.6 CE360D 1.3
-3.9 14.8 -1.3 CE360D 1.3
-3.9 14.8 0 CE360D 1.3
-3.9 14.8 1.3 CE360D 1.3
-2.6 14.8 2.6 CE360D 1.3
-1.3 16.1 -2.6 CE360D 1.3
-2.6 16.1 -1.3 CE360D 1.3
-2.6 16.1 0 CE360D 1.3
-2.6 16.1 1.3 CE360D 1.3
-1.3 16.1 2.6 CE360D 1.3
-1.3 17.4 -1.3 CE360D 1.3
-1.3 17.4 0 CE360D 1.3
-1.3 17.4 1.3 CE360D 1.3
-1.3 18.7 -1.3 CE360D 1.3
-1.3 18.7 0 CE360D 1.3
-1.3 18.7 1.3 CE360D 1.3
-1.3 20 -1.3 EEEFF3 1.3
-2.6 20 0 EEEFF3 1.3
-1.3 20 1.3 EEEFF3 1.3
-2.6 0.5 -1.3 CE360D 1.3
-2.6 0.5 0 CE360D 1.3
-2.6 0.5 1.3 CE360D 1.3
-1.3 0.5 -2.6 CE360D 1.3
-1.3 0.5 -1.3 CE360D 1.3
-1.3 0.5 0 CE360D 1.3
-1.3 0.5 1.3 CE360D 1.3
-1.3 0.5 2.6 CE360D 1.3
-1.3 1.8 -3.9 CE360D 1.3
-1.3 1.8 3.9 CE360D 1.3
-1.3 3.1 -3.9 FFC14A 1.3
-1.3 3.1 3.9 FFC14A 1.3
-1.3 4.4 -3.9 F7B64A 1.3
-1.3 4.4 3.9 DE6220 1.3
-1.3 5.7 -3.9 EEEFF3 1.3
-1.3 5.7 3.9 CE360D 1.3
-1.3 7 -3.9 EEEFF3 1.3
-1.3 7 3.9 CE360D 1.3
-1.3 8.299999 -3.9 DE0C00 1.3
-1.3 8.299999 3.9 CE360D 1.3
-1.3 9.599999 -3.9 EFF0F1 1.3
-1.3 9.599999 3.9 CE360D 1.3
-1.3 10.9 -3.9 EEEFF3 1.3
-1.3 10.9 3.9 CE360D 1.3
-1.3 12.2 -3.9 E78263 1.3
-1.3 12.2 3.9 EF9673 1.3
-1.3 13.5 -3.9 FFD784 1.3
-1.3 13.5 3.9 026579 1.3
-1.3 14.8 -3.9 CE360D 1.3
-1.3 14.8 3.9 CE360D 1.3
-1.3 21.3 -1.3 EFF0F7 1.3
-1.3 21.3 0 FFFBFF 1.3
-1.3 21.3 1.3 EFF0F1 1.3
0 0.5 -2.6 CE360D 1.3
0 0.5 -1.3 CE360D 1.3
0 0.5 0 CE360D 1.3
0 0.5 1.3 CE360D 1.3
0 0.5 2.6 CE360D 1.3
0 1.8 -3.9 CE360D 1.3
0 1.8 3.9 CE360D 1.3
0 3.1 -3.9 FFC14A 1.3
0 3.1 3.9 FFC14A 1.3
0 4.4 -3.9 F7B64A 1.3
0 4.4 3.9 DE6220 1.3
0 5.7 -3.9 EEEFF3 1.3
0 5.7 3.9 CE360D 1.3
0 7 -3.9 EEEFF3 1.3
0 7 3.9 CE360D 1.3
0 8.299999 -3.9 EEEFF3 1.3
0 8.299999 3.9 CE360D 1.3
0 9.599999 -3.9 EEEFF3 1.3
0 9.599999 3.9 CE360D 1.3
0 10.9 -3.9 EEEFF3 1.3
0 10.9 3.9 CE360D 1.3
0 12.2 -3.9 E78263 1.3
0 12.2 3.9 EF9673 1.3
0 13.5 -3.9 FFD784 1.3
0 13.5 3.9 026579 1.3
0 14.8 -3.9 CE360D 1.3
0 14.8 3.9 CE360D 1.3
0 16.1 -2.6 CE360D 1.3
0 16.1 2.6 CE360D 1.3
0 17.4 -1.3 CE360D 1.3
0 17.4 1.3 CE360D 1.3
0 18.7 -1.3 CE360D 1.3
0 18.7 1.3 CE360D 1.3
0 20 -2.6 EEEFF3 1.3
0 20 2.6 EEEFF3 1.3
0 21.3 -1.3 D65352 1.3
0 21.3 0 F15C5F 1.3
0 21.3 1.3 DECBCE 1.3
1.3 0.5 -2.6 CE360D 1.3
1.3 0.5 -1.3 CE360D 1.3
1.3 0.5 0 CE360D 1.3
1.3 0.5 1.3 CE360D 1.3
1.3 0.5 2.6 CE360D 1.3
1.3 1.8 -3.9 CE360D 1.3
1.3 18.7 -1.3 EEEFF3 1.3
1.3 18.7 1.3 EEEFF3 1.3
1.3 1.8 3.9 CE360D 1.3
1.3 3.1 -3.9 FFC14A 1.3
1.3 3.1 3.9 FFC14A 1.3
1.3 4.4 -3.9 F7B64A 1.3
1.3 4.4 3.9 DE6220 1.3
1.3 5.7 -3.9 EEEFF3 1.3
1.3 5.7 3.9 CE360D 1.3
1.3 7 -3.9 EEEFF3 1.3
1.3 7 3.9 CE360D 1.3
1.3 8.299999 -3.9 EEEFF3 1.3
1.3 8.299999 3.9 CE360D 1.3
1.3 9.599999 -3.9 EEEFF3 1.3
1.3 9.599999 3.9 CE360D 1.3
1.3 10.9 -3.9 EEEFF3 1.3
1.3 10.9 3.9 CE360D 1.3
1.3 12.2 -3.9 E78263 1.3
1.3 12.2 3.9 EF9673 1.3
1.3 13.5 -3.9 FFD784 1.3
1.3 13.5 3.9 026579 1.3
1.3 14.8 -3.9 CE360D 1.3
1.3 14.8 3.9 CE360D 1.3
1.3 16.1 -2.6 CE360D 1.3
1.3 16.1 2.6 CE360D 1.3
1.3 17.4 -1.3 CE360D 1.3
1.3 17.4 1.3 CE360D 1.3
1.3 20 -1.3 EEEFF3 1.3
1.3 20 1.3 EEEFF3 1.3
1.3 21.3 -1.3 EEEFF3 1.3
1.3 21.3 0 D68073 1.3
1.3 21.3 1.3 EEEFF3 1.3
2.6 0.5 -1.3 CE360D 1.3
2.6 0.5 0 CE360D 1.3
2.6 0.5 1.3 CE360D 1.3
2.6 1.8 -2.6 CE360D 1.3
2.6 1.8 2.6 CE360D 1.3
2.6 3.1 -2.6 FFC14A 1.3
2.6 3.1 2.6 FFC14A 1.3
2.6 4.4 -2.6 DE6220 1.3
2.6 4.4 2.6 DE6220 1.3
2.6 5.7 -2.6 CE360D 1.3
2.6 5.7 2.6 CE360D 1.3
2.6 7 -2.6 CE360D 1.3
2.6 7 2.6 CE360D 1.3
2.6 8.299999 -2.6 CE360D 1.3
2.6 8.299999 2.6 CE360D 1.3
2.6 9.599999 -2.6 CE360D 1.3
2.6 9.599999 2.6 CE360D 1.3
2.6 10.9 -2.6 CE360D 1.3
2.6 10.9 2.6 CE360D 1.3
2.6 12.2 -2.6 E7966B 1.3
2.6 12.2 2.6 E7966B 1.3
2.6 13.5 -2.6 FFD784 1.3
2.6 13.5 2.6 FFD784 1.3
2.6 14.8 -2.6 CE360D 1.3
2.6 14.8 2.6 CE360D 1.3
2.6 16.1 -1.3 CE360D 1.3
2.6 16.1 1.3 CE360D 1.3
2.6 16.1 0 CE360D 1.3
1.3 17.4 0 CE360D 1.3
1.3 18.7 0 CE360D 1.3
2.6 20 0 EEEFF3 1.3
3.9 1.8 -1.3 CE360D 1.3
3.9 1.8 0 CE360D 1.3
3.9 1.8 1.3 CE360D 1.3
3.9 3.1 -1.3 FFC14A 1.3
3.9 3.1 0 FFC14A 1.3
3.9 3.1 1.3 FFC14A 1.3
3.9 4.4 -1.3 DE6220 1.3
3.9 4.4 0 DE6220 1.3
3.9 4.4 1.3 DE6220 1.3
3.9 5.7 -1.3 CE360D 1.3
3.9 5.7 0 CE360D 1.3
3.9 5.7 1.3 CE360D 1.3
3.9 7 -1.3 CE360D 1.3
3.9 7 0 CE360D 1.3
3.9 7 1.3 CE360D 1.3
3.9 8.299999 -1.3 CE360D 1.3
3.9 8.299999 0 CE360D 1.3
3.9 8.299999 1.3 CE360D 1.3
3.9 9.599999 -1.3 CE360D 1.3
3.9 9.599999 0 CE360D 1.3
3.9 9.599999 1.3 CE360D 1.3
3.9 10.9 -1.3 CE360D 1.3
3.9 10.9 0 CE360D 1.3
3.9 10.9 1.3 CE360D 1.3
3.9 12.2 -1.3 E7966B 1.3
3.9 12.2 0 E7966B 1.3
3.9 12.2 1.3 E7966B 1.3
3.9 13.5 -1.3 FFD784 1.3
3.9 13.5 0 FFD784 1.3
3.9 13.5 1.3 FFD784 1.3
3.9 14.8 -1.3 CE360D 1.3
3.9 14.8 0 CE360D 1.3
3.9 14.8 1.3 CE360D 1.3
