-3 0.2 -1.5 39699C 0.75
-3 0.2 -0.75 4271A5 0.75
-3 0.2 0 94AABD 0.75
-3 0.2 0.75 426DA5 0.75
-3 0.2 1.5 39699C 0.75
-5.25 0.95 -4.5 5A86B5 0.75
-6.75 0.95 -3.75 5A87B7 0.75
-6.75 0.95 -3 5A88B5 0.75
-6.75 0.95 -2.25 638AB5 0.75
-6.75 0.95 -1.5 896D65 0.75
-6.75 0.95 -0.75 E7E3B5 0.75
-6.75 0.95 0 A4B2AF 0.75
-6.75 0.95 0.75 104594 0.75
-6.75 0.95 1.5 687F80 0.75
-6.75 0.95 2.25 5A8ABD 0.75
-6.75 0.95 3 5D88B7 0.75
-6.75 0.95 3.75 5A88B5 0.75
-5.25 0.95 4.5 5A84B2 0.75
-5.25 1.7 -6 EFEBE7 0.75
-8.25 1.7 -5.25 ECE9E4 0.75
-8.25 1.7 -4.5 EFEBE7 0.75
-8.25 1.7 -3.75 EFEBE7 0.75
-8.25 1.7 -3 EFEBE7 0.75
-8.25 1.7 -2.25 EFEBE7 0.75
-8.25 1.7 -1.5 E9E8E1 0.75
-8.25 1.7 -0.75 C87357 0.75
-8.25 1.7 0 BD4118 0.75
-8.25 1.7 0.75 BD4110 0.75
-8.25 1.7 1.5 BD6639 0.75
-8.25 1.7 2.25 EFEBE7 0.75
-8.25 1.7 3 EFEBE7 0.75
-8.25 1.7 3.75 EFEBE7 0.75
-7.5 1.7 4.5 639ED6 0.75
-6.75 1.7 5.25 EFEFE7 0.75
-4.5 1.7 6 ECE8E4 0.75
-3 2.45 -6.75 E9E8E1 0.75
-10.5 2.45 -6 E9E5E1 0.75
-10.5 2.45 -5.25 E9E5E1 0.75
-10.5 2.45 -4.5 E9E7E1 0.75
-10.5 2.45 -3.75 E7E7DE 0.75
-10.5 2.45 -3 ECE9DE 0.75
-10.5 2.45 -2.25 ECE9E4 0.75
-10.5 2.45 -1.5 E9E8E1 0.75
-10.5 2.45 -0.75 E9E8E1 0.75
-10.5 2.45 0 ECE8E4 0.75
-10.5 2.45 0.75 ECE8E4 0.75
-10.5 2.45 1.5 ECE9E4 0.75
-10.5 2.45 2.25 ECE7E4 0.75
-10.5 2.45 3 ECE9E4 0.75
-10.5 2.45 3.75 ECE9E4 0.75
-10.5 2.45 4.5 ECE9E4 0.75
-10.5 2.45 5.25 E9E8E1 0.75
-10.5 2.45 6 E9E8E1 0.75
-3 2.45 6.75 ECE9E4 0.75
-6.75 3.2 -6 E9E8E1 0.75
-7.5 3.2 -5.25 ECE9E4 0.75
-8.25 3.2 -4.5 ECE9E1 0.75
-8.25 3.2 -3.75 AFC5D9 0.75
-8.25 3.2 -3 F7F3E7 0.75
-8.25 3.2 -2.25 ECE9E1 0.75
-8.25 3.2 -1.5 F7F3E7 0.75
-8.25 3.2 -0.75 F7EFE7 0.75
-9 3.2 0 ECE8E1 0.75
-8.25 3.2 0.75 ECE8E1 0.75
-8.25 3.2 1.5 F7EFE7 0.75
-8.25 3.2 2.25 ECE9E1 0.75
-8.25 3.2 3 AFC3D9 0.75
-8.25 3.2 3.75 B7C6DC 0.75
-8.25 3.2 4.5 EFE9E6 0.75
-8.25 3.2 5.25 4F9C73 0.75
-6.75 3.2 6 ECE9E3 0.75
-3.75 3.95 -5.25 EFE9E4 0.75
-6.75 3.95 -4.5 F7FBF7 0.75
-6.75 3.95 -3.75 EFEFE7 0.75
-6.75 3.95 -3 ECE9E4 0.75
-6.75 3.95 -2.25 B51000 0.75
-6.75 3.95 -1.5 E6DED8 0.75
-7.5 3.95 -0.75 C37670 0.75
-7.5 3.95 0 EFF3EF 0.75
-7.5 3.95 0.75 ECE8E4 0.75
-6.75 3.95 1.5 EFF3EF 0.75
-6.75 3.95 2.25 DBA89F 0.75
-6.75 3.95 3 9C0000 0.75
-6.75 3.95 3.75 B50C00 0.75
-6.75 3.95 4.5 EFEFE7 0.75
-4.5 3.95 5.25 ECE9E4 0.75
-3 4.7 -3.75 B51400 0.75
-3 4.7 -3 A52408 0.75
-3.75 4.7 -2.25 BB613C 0.75
-3.75 4.7 -1.5 C34A1B 0.75
-4.5 4.7 -0.75 B52808 0.75
-4.5 4.7 0 B52C00 0.75
-4.5 4.7 0.75 D39789 0.75
-3.75 4.7 1.5 C34A1B 0.75
-3.75 4.7 2.25 BB573C 0.75
-3 4.7 3 BD614A 0.75
-3 4.7 3.75 B51408 0.75
-9.75 2.45 -6 ECE9E4 0.75
-9.75 2.45 -5.25 EFE8E1 0.75
-9.75 2.45 -4.5 ECE9E3 0.75
-9.75 2.45 -3.75 ECE9E4 0.75
-9.75 2.45 -3 ECE9E4 0.75
-9.75 2.45 -2.25 EFE8E1 0.75
-9.75 2.45 -1.5 ECE9E4 0.75
-9.75 2.45 -0.75 ECE9E3 0.75
-9.75 2.45 0 ECE9E4 0.75
-9.75 2.45 0.75 ECE9E4 0.75
-9.75 2.45 1.5 ECE9E4 0.75
-9.75 2.45 2.25 ECE9E4 0.75
-9.75 2.45 3 ECE9E4 0.75
-9.75 2.45 3.75 EFEBE7 0.75
-9.75 2.45 4.5 ECE9E4 0.75
-9.75 2.45 5.25 ECE9E4 0.75
-9.75 2.45 6 E9E8E1 0.75
-9.75 2.45 -6.75 ECE9E4 0.75
-9.75 2.45 6.75 ECE9E4 0.75
-9.75 3.2 -5.25 ECE9E4 0.75
-9.75 3.2 -4.5 ECE9E4 0.75
-9.75 3.2 -3.75 ECE9E4 0.75
-9.75 3.2 -3 EFE9E4 0.75
-9.75 3.2 -2.25 ECE9E4 0.75
-9.75 3.2 -1.5 ECE9E4 0.75
-9.75 3.2 -0.75 E9E8E1 0.75
-9.75 3.2 0 ECE9E4 0.75
-9.75 3.2 0.75 ECE9E4 0.75
-9.75 3.2 1.5 EFE9E4 0.75
-9.75 3.2 2.25 ECE9E4 0.75
-9.75 3.2 3 ECE9E4 0.75
-9.75 3.2 3.75 EFE9E4 0.75
-9.75 3.2 4.5 E7E3DE 0.75
-9.75 3.2 5.25 EFEBE7 0.75
-9 2.45 -6 ECE9E4 0.75
-9 2.45 -5.25 ECE9E4 0.75
-9 2.45 -4.5 ECE9E4 0.75
-9 2.45 -3.75 ECE9E4 0.75
-9 2.45 -3 ECE8E4 0.75
-9 2.45 -2.25 ECE9E4 0.75
-9 2.45 -1.5 E9E8E1 0.75
-9 2.45 -0.75 EFECE6 0.75
-9 1.7 0 E9E6E1 0.75
-9 2.45 0.75 EFE7DE 0.75
-9 2.45 1.5 EFE8E3 0.75
-9 2.45 2.25 ECE8E4 0.75
-9 2.45 3 ECE9E4 0.75
-9 2.45 3.75 ECE9E4 0.75
-9 2.45 4.5 E9E8E1 0.75
-9 2.45 5.25 EFE9E4 0.75
-9 2.45 6 E9E8E1 0.75
-9 2.45 -6.75 E9E8E1 0.75
-9 2.45 6.75 EFE9E4 0.75
-9 3.2 -6 E9E8E1 0.75
-9 3.2 -5.25 E9E8E1 0.75
-9 3.2 -4.5 E9E8E1 0.75
-9 3.2 -3.75 ECE9E4 0.75
-9 3.2 -3 ECEBE4 0.75
-9 3.2 -2.25 ECE9E4 0.75
-9 3.2 -1.5 ECE9E4 0.75
-9 3.2 -0.75 ECE8E4 0.75
-9 3.2 0.75 EFE9E4 0.75
-9 3.2 1.5 ECE9E4 0.75
-9 3.2 2.25 ECE9E4 0.75
-9 3.2 3 ECE9E4 0.75
-9 3.2 3.75 ECE9E1 0.75
-9 3.2 4.5 218652 0.75
-9 3.2 5.25 529370 0.75
-9 3.2 6 EFEBE7 0.75
-8.25 1.7 -6 ECE9E4 0.75
-8.25 1.7 4.5 EFEBE7 0.75
-8.25 2.45 5.25 ECEBE3 0.75
-8.25 2.45 6 EFEBE7 0.75
-8.25 2.45 -6.75 E9E8E1 0.75
-8.25 2.45 6.75 ECE9E3 0.75
-8.25 3.2 -6 ECE9E4 0.75
-8.25 3.2 -5.25 ECE9E4 0.75
-8.25 3.2 6 A5BEA5 0.75
-8.25 3.2 0 759DCB 0.75
-7.5 1.7 -6 ECE9E4 0.75
-7.5 1.7 -5.25 F7EFE7 0.75
-7.5 1.7 -4.5 628FC0 0.75
-7.5 1.7 -3.75 638EBD 0.75
-7.5 1.7 -3 638EBD 0.75
-7.5 1.7 -2.25 638EBD 0.75
-7.5 0.95 -1.5 C65D39 0.75
-7.5 0.95 -0.75 B5B19F 0.75
-7.5 0.95 0 E7D3AD 0.75
-7.5 0.95 0.75 6893B2 0.75
-7.5 1.7 1.5 A57942 0.75
-7.5 1.7 2.25 528EC6 0.75
-7.5 1.7 3 638EBD 0.75
-7.5 1.7 3.75 638EBD 0.75
-7.5 1.7 5.25 EFEBE7 0.75
-7.5 2.45 6 ECE9E3 0.75
-7.5 2.45 -6.75 E9E8E1 0.75
-7.5 2.45 6.75 ECEBE4 0.75
-7.5 3.2 -6 E9E8E1 0.75
-7.5 3.2 6 ECE9E4 0.75
-7.5 3.2 -4.5 ECE9E1 0.75
-7.5 3.95 -3.75 EFEFE7 0.75
-7.5 3.95 -3 EFEBE7 0.75
-7.5 3.95 -2.25 EFEBE7 0.75
-7.5 3.95 -1.5 EFEFE7 0.75
-7.5 3.95 1.5 EFEBE7 0.75
-7.5 3.95 2.25 EFEBE7 0.75
-7.5 3.95 3 EFEBE7 0.75
-7.5 3.95 3.75 EFEBE7 0.75
-7.5 3.95 4.5 ECE8E4 0.75
-7.5 3.2 5.25 EFEBE7 0.75
-6.75 1.7 -6 ECE9E4 0.75
-6.75 1.7 -5.25 F7EFE7 0.75
-6.75 0.95 -4.5 5D87B5 0.75
-6.75 0.95 4.5 608BBA 0.75
-6.75 1.7 6 ECE9E3 0.75
-6.75 2.45 -6.75 ECE9E4 0.75
-6.75 2.45 6.75 ECEBE4 0.75
-6.75 3.2 -5.25 EFEBE7 0.75
-6.75 3.95 5.25 EFF3EF 0.75
-6.75 3.95 -0.75 BD2C10 0.75
-6.75 3.95 0 BD1400 0.75
-6.75 3.95 0.75 E9E9E1 0.75
-6 1.7 -6 ECE9E4 0.75
-6 1.7 -5.25 F7EFE7 0.75
-6 0.95 -4.5 5A86B5 0.75
-6 0.95 -3.75 5A86B5 0.75
-6 0.95 -3 5A86B5 0.75
-6 0.95 -2.25 5A86B5 0.75
-6 0.95 -1.5 5A8EBD 0.75
-6 0.95 -0.75 4A8F65 0.75
-6 0.95 0 4F9B70 0.75
-6 0.95 0.75 109A6B 0.75
-6 0.95 1.5 997C6B 0.75
-6 0.95 2.25 5A87B5 0.75
-6 0.95 3 5A86B5 0.75
-6 0.95 3.75 5A86B5 0.75
-6 0.95 4.5 5A86B5 0.75
-6 1.7 5.25 EFEFE7 0.75
-6 1.7 6 ECE9E3 0.75
-6 2.45 -6.75 E9E8E1 0.75
-6 2.45 6.75 ECE9E3 0.75
-6 3.2 -6 E9E5E1 0.75
-6 3.2 6 ECE9E4 0.75
-6 3.95 -4.5 BD1400 0.75
-6 3.95 -5.25 EFEFE7 0.75
-6 3.95 5.25 EFF3EF 0.75
-6 3.95 4.5 E7E7DE 0.75
-6 3.95 -3.75 EFF3EF 0.75
-6 3.95 -3 B50C00 0.75
-6 4.7 -2.25 AD1808 0.75
-6 4.7 -1.5 EFF3EF 0.75
-6 4.7 -0.75 D6ACA7 0.75
-6 4.7 0 D65D4D 0.75
-6 4.7 0.75 D6B3AF 0.75
-6 4.7 1.5 C3564D 0.75
-6 4.7 2.25 B50C00 0.75
-6 3.95 3 E1D6D0 0.75
-6 3.95 3.75 BD1800 0.75
-5.25 0.95 -5.25 F7EFE7 0.75
-5.25 0.95 -3.75 5A83B5 0.75
-5.25 0.95 -3 5A82B5 0.75
-5.25 0.95 -2.25 5A83B5 0.75
-5.25 0.95 -1.5 5A83B5 0.75
-5.25 0.2 -0.75 5286B5 0.75
-5.25 0.2 0 4A8ABD 0.75
-5.25 0.2 0.75 63799F 0.75
-5.25 0.95 1.5 528ABD 0.75
-5.25 0.95 2.25 5A83B5 0.75
-5.25 0.95 3 5A83B5 0.75
-5.25 0.95 3.75 5A83B5 0.75
-5.25 1.7 5.25 EFEFE7 0.75
-5.25 1.7 6 ECE9E4 0.75
-5.25 2.45 -6.75 ECE9E4 0.75
-5.25 2.45 6.75 ECE9E4 0.75
-5.25 3.2 -6 E9E8E1 0.75
-5.25 3.2 6 ECE9E3 0.75
-5.25 3.95 -4.5 EFF3EF 0.75
-5.25 3.95 -5.25 EFEFE7 0.75
-5.25 3.95 5.25 E7E7DE 0.75
-5.25 4.7 -3.75 EFF3EF 0.75
-5.25 4.7 -3 EFFBF7 0.75
-5.25 4.7 -2.25 EFEFE7 0.75
-5.25 4.7 -1.5 EFF3EF 0.75
-5.25 4.7 -0.75 EFE7DE 0.75
-5.25 4.7 0 D9A89F 0.75
-5.25 4.7 0.75 EFF7EF 0.75
-5.25 4.7 1.5 BD655D 0.75
-5.25 4.7 2.25 EFEBE7 0.75
-5.25 4.7 3 AD514A 0.75
-5.25 4.7 3.75 DBAEAA 0.75
-5.25 3.95 4.5 EFF3EF 0.75
-4.5 1.7 -6 ECEBE4 0.75
-4.5 0.95 -5.25 EFEFE7 0.75
-4.5 0.95 -4.5 527DAD 0.75
-4.5 0.95 -3.75 5280B2 0.75
-4.5 0.2 -3 527EAF 0.75
-4.5 0.2 -2.25 527DAD 0.75
-4.5 0.2 -1.5 527DAD 0.75
-4.5 0.2 -0.75 527DAD 0.75
-4.5 0.2 0 5A82B5 0.75
-4.5 0.2 0.75 4A79AD 0.75
-4.5 0.2 1.5 4A79AD 0.75
-4.5 0.2 2.25 5A82B0 0.75
-4.5 0.2 3 547EAF 0.75
-4.5 0.95 3.75 5280AD 0.75
-4.5 0.95 4.5 527DAD 0.75
-4.5 0.95 5.25 EFEFE7 0.75
-4.5 2.45 -6.75 E9E8E1 0.75
-4.5 2.45 6.75 ECE8E4 0.75
-4.5 3.2 -6.75 E9E8E1 0.75
-4.5 3.2 6.75 EFEBE7 0.75
-4.5 3.95 -5.25 ECE8E4 0.75
-4.5 3.2 -6 E9E8E1 0.75
-4.5 3.2 6 ECE9E4 0.75
-4.5 3.95 -4.5 EFEBE7 0.75
-4.5 4.7 -3.75 ECE9E3 0.75
-4.5 4.7 -3 ECE9E3 0.75
-4.5 4.7 -2.25 EFFBEF 0.75
-4.5 4.7 -1.5 EFFBF7 0.75
-4.5 4.7 1.5 EFFBF7 0.75
-4.5 4.7 2.25 EFF3EF 0.75
-4.5 4.7 3 EFEBE7 0.75
-4.5 4.7 3.75 ECE8E4 0.75
-4.5 3.95 4.5 E9E8E1 0.75
-3.75 1.7 -6 E9E8E1 0.75
-3.75 0.95 -5.25 F7EFE7 0.75
-3.75 0.95 -4.5 527DAD 0.75
-3.75 0.2 -3.75 527BAD 0.75
-3.75 0.2 -3 527BAD 0.75
-3.75 0.2 -2.25 4A79AD 0.75
-3.75 0.2 -1.5 EFE3D6 0.75
-3.75 0.2 -0.75 EFE3D6 0.75
-3.75 0.2 0 E7E3D6 0.75
-3.75 0.2 0.75 E7E3D6 0.75
-3.75 0.2 1.5 E7E3D6 0.75
-3.75 0.2 2.25 819DBA 0.75
-3.75 0.2 3 527AAD 0.75
-3.75 0.2 3.75 527AAD 0.75
-3.75 0.95 4.5 4F7AAA 0.75
-3.75 0.95 5.25 EFEFE7 0.75
-3.75 1.7 6 EFEBE7 0.75
-3.75 2.45 -6.75 E9E8DE 0.75
-3.75 2.45 6.75 ECEBE4 0.75
-3.75 3.2 -6.75 ECE9E4 0.75
-3.75 3.2 6.75 ECEBE4 0.75
-3.75 3.2 -6 ECE9E4 0.75
-3.75 3.2 6 EFEBE7 0.75
-3.75 3.95 5.25 EFEBE7 0.75
-3.75 4.7 -4.5 EFE9E4 0.75
-3.75 4.7 -3.75 ECE9E4 0.75
-3.75 4.7 -3 F1EDE6 0.75
-3.75 4.7 3 F7FFF7 0.75
-3.75 4.7 3.75 E9E8E1 0.75
-3.75 4.7 4.5 EFE8E4 0.75
-3.75 4.7 -0.75 C54310 0.75
-3.75 4.7 0 D65F2B 0.75
-3.75 4.7 0.75 D3703E 0.75
-3 1.7 -6.75 EFEBE7 0.75
-3 1.7 -6 ECEBE4 0.75
-3 0.95 -5.25 F7EFE7 0.75
-3 0.2 -4.5 4A75A5 0.75
-3 0.2 -3.75 9CAEC6 0.75
-3 0.2 -3 A5B6C6 0.75
-3 0.2 -2.25 9CAEC6 0.75
-3 0.2 2.25 ADBACE 0.75
-3 0.2 3 A5B6C6 0.75
-3 0.2 3.75 B5BECE 0.75
-3 0.95 4.5 4A75A5 0.75
-3 0.95 5.25 F7EFE7 0.75
-3 1.7 6 EFEBE7 0.75
-3 1.7 6.75 ECE9E3 0.75
-3 3.2 -6.75 E9E8E1 0.75
-3 3.2 6.75 EFE9E4 0.75
-3 3.95 -5.25 EFE9E4 0.75
-3 3.2 -6 ECE9E4 0.75
-3 3.95 6 EFE9E4 0.75
-3 3.95 5.25 ECEBE4 0.75
-3 4.7 -4.5 ECECE4 0.75
-3 4.7 4.5 ECE9E4 0.75
-3 4.7 -2.25 C05C29 0.75
-3 4.7 -1.5 CE7139 0.75
-3 4.7 -0.75 D3834F 0.75
-3 4.7 0 CE7D4A 0.75
-3 4.7 0.75 D0723C 0.75
-3 4.7 1.5 CE7139 0.75
-3 4.7 2.25 C26534 0.75
-2.25 1.7 -6.75 ECE9E3 0.75
-2.25 1.7 -6 ECE9E3 0.75
-2.25 0.95 -5.25 F7EFE7 0.75
-2.25 0.2 -4.5 446E9C 0.75
-2.25 0.2 -3.75 476FA2 0.75
-2.25 0.2 -3 476FA2 0.75
-2.25 0.2 -2.25 476FA2 0.75
-2.25 0.2 -1.5 4A71A5 0.75
-2.25 0.2 -0.75 4A71A5 0.75
-2.25 0.2 0 4A71A5 0.75
-2.25 0.2 0.75 446FA2 0.75
-2.25 0.2 1.5 446FA2 0.75
-2.25 0.2 2.25 476FA2 0.75
-2.25 0.2 3 476FA2 0.75
-2.25 0.2 3.75 476FA2 0.75
-2.25 0.2 4.5 476EA2 0.75
-2.25 0.95 5.25 F7F3E7 0.75
-2.25 1.7 6 ECE9E4 0.75
-2.25 1.7 6.75 ECE9E4 0.75
-2.25 2.45 -6.75 E9E8E1 0.75
-2.25 2.45 6.75 ECE9E3 0.75
-2.25 3.2 -6.75 E9E8E1 0.75
-2.25 3.2 6.75 ECE9E4 0.75
-2.25 3.95 -5.25 ECE9E4 0.75
-2.25 3.95 -6 E9E8E1 0.75
-2.25 3.95 6 ECEBE4 0.75
-2.25 3.95 5.25 EFEBE7 0.75
-2.25 4.7 -4.5 EFFFFF 0.75
-2.25 4.7 4.5 E9E7E3 0.75
-2.25 4.7 -3.75 942000 0.75
-2.25 4.7 -3 A56D39 0.75
-2.25 4.7 -2.25 C5B296 0.75
-2.25 4.7 -1.5 6B93AF 0.75
-2.25 4.7 -0.75 6887A4 0.75
-2.25 4.7 0 C69E6B 0.75
-2.25 4.7 0.75 CDB280 0.75
-2.25 4.7 1.5 EFF7EF 0.75
-2.25 4.7 2.25 C0A686 0.75
-2.25 4.7 3 AD6D39 0.75
-2.25 4.7 3.75 B7614A 0.75
-1.5 1.7 -6.75 ECE9E4 0.75
-1.5 1.7 -6 ECE9E4 0.75
-1.5 0.95 -5.25 F7EFE7 0.75
-1.5 0.2 -4.5 426D9C 0.75
-1.5 0.2 -3.75 426D9C 0.75
-1.5 0.2 -3 426D9C 0.75
-1.5 0.2 -2.25 426D9C 0.75
-1.5 0.2 -1.5 39659C 0.75
-1.5 0.2 -0.75 39659C 0.75
-1.5 0.2 0 396594 0.75
-1.5 0.2 0.75 39659C 0.75
-1.5 0.2 1.5 39659C 0.75
-1.5 0.2 2.25 39659C 0.75
-1.5 0.2 3 426D9C 0.75
-1.5 0.2 3.75 3F6A99 0.75
-1.5 0.2 4.5 426D9C 0.75
-1.5 0.95 5.25 F7F3E7 0.75
-1.5 1.7 6 ECE9E4 0.75
-1.5 1.7 6.75 ECE9E4 0.75
-1.5 2.45 -6.75 EAE7E2 0.75
-1.5 2.45 6.75 ECE9E3 0.75
-1.5 3.2 -6.75 E9E8E1 0.75
-1.5 3.2 6.75 ECE9E3 0.75
-1.5 3.95 -5.25 E9E8E1 0.75
-1.5 3.95 -6 E9E8E1 0.75
-1.5 3.95 6 EFE9E4 0.75
-1.5 3.95 5.25 EFE8E1 0.75
-1.5 4.7 -4.5 BD6255 0.75
-1.5 4.7 4.5 EFF3EF 0.75
-1.5 4.7 -3.75 8C6A47 0.75
-1.5 4.7 -3 96804D 0.75
-1.5 4.7 -2.25 FFF3D6 0.75
-1.5 4.7 -1.5 F7F3DE 0.75
-1.5 4.7 -0.75 A7B2B0 0.75
-1.5 4.7 0 BDB284 0.75
-1.5 4.7 0.75 184D8C 0.75
-1.5 4.7 1.5 A4B6BA 0.75
-1.5 4.7 2.25 EFE3C6 0.75
-1.5 4.7 3 947542 0.75
-1.5 4.7 3.75 91694A 0.75
-0.75 1.7 -6.75 E9E5E1 0.75
-0.75 1.7 -6 ECE9E4 0.75
-0.75 0.95 -5.25 F7EFE7 0.75
-0.75 0.2 -4.5 396594 0.75
-0.75 0.2 -3.75 7E97B5 0.75
-0.75 0.2 -3 A5B2C6 0.75
-0.75 0.2 -2.25 9CB2C6 0.75
-0.75 0.2 -1.5 8399B5 0.75
-0.75 0.2 -0.75 7391AF 0.75
-0.75 0.2 0 5D80A7 0.75
-0.75 0.2 0.75 7E99B5 0.75
-0.75 0.2 1.5 6D8BAF 0.75
-0.75 0.2 2.25 A5B2C6 0.75
-0.75 0.2 3 7894AF 0.75
-0.75 0.2 3.75 839CB5 0.75
-0.75 0.2 4.5 396699 0.75
-0.75 0.95 5.25 F7F3E7 0.75
-0.75 1.7 6 ECE9E4 0.75
-0.75 1.7 6.75 ECE9E4 0.75
-0.75 2.45 -6.75 E9E8E1 0.75
-0.75 2.45 6.75 ECE9E4 0.75
-0.75 3.2 -6.75 E9E8E1 0.75
-0.75 3.2 6.75 ECE9E3 0.75
-0.75 3.95 -5.25 E9E8E1 0.75
-0.75 3.95 -6 E9E8E1 0.75
-0.75 3.95 6 ECE8E4 0.75
-0.75 3.95 5.25 ECE8E4 0.75
-0.75 4.7 -4.5 EFF7EF 0.75
-0.75 4.7 4.5 EFFBEF 0.75
-0.75 4.7 -3.75 947D5F 0.75
-0.75 4.7 -3 758C5A 0.75
-0.75 4.7 -2.25 96A8B5 0.75
-0.75 4.7 -1.5 E7E7CE 0.75
-0.75 4.7 -0.75 C0C7AC 0.75
-0.75 4.7 0 A5B684 0.75
-0.75 4.7 0.75 F7F3C6 0.75
-0.75 4.7 1.5 AAB6BA 0.75
-0.75 4.7 2.25 A7B0A4 0.75
-0.75 4.7 3 7B8E5A 0.75
-0.75 4.7 3.75 94795D 0.75
0 1.7 -6.75 ECE9E4 0.75
0 1.7 -6 ECE9E4 0.75
0 0.95 -5.25 DBE0E7 0.75
0 0.2 -4.5 396194 0.75
0 0.2 -3.75 708BAC 0.75
0 0.2 -3 708DAC 0.75
0 0.2 -2.25 6B88A7 0.75
0 0.2 -1.5 7590AC 0.75
0 0.2 -0.75 7393AC 0.75
0 0.2 0 6B89A7 0.75
0 0.2 0.75 7390AC 0.75
0 0.2 1.5 6585A7 0.75
0 0.2 2.25 52749F 0.75
0 0.2 3 6587A7 0.75
0 0.2 3.75 6B89A7 0.75
0 0.2 4.5 396594 0.75
0 0.95 5.25 F7F3EF 0.75
0 1.7 6 ECE9E3 0.75
0 1.7 6.75 ECE9E4 0.75
0 2.45 -6.75 E9E8E1 0.75
0 2.45 6.75 ECE9E4 0.75
0 3.2 -6.75 E9E8E1 0.75
0 3.2 6.75 ECE9E4 0.75
0 3.95 -5.25 E9E8E1 0.75
0 3.95 -6 ECE9E4 0.75
0 3.95 6 ECE9E4 0.75
0 3.95 5.25 ECE8E4 0.75
0 4.7 -4.5 EFF7EF 0.75
0 4.7 4.5 ECEBE3 0.75
0 4.7 -3.75 8C6D52 0.75
0 4.7 -3 5A9263 0.75
0 4.7 -2.25 DEE7BD 0.75
0 4.7 -1.5 EFF3C6 0.75
0 4.7 -0.75 526A9C 0.75
0 4.7 0 EFF3CE 0.75
0 4.7 0.75 4D5E8C 0.75
0 4.7 1.5 A4C199 0.75
0 4.7 2.25 00247B 0.75
0 4.7 3 A4AEB5 0.75
0 4.7 3.75 C6C7B5 0.75
0.75 1.7 -6.75 EFE9E4 0.75
0.75 1.7 -6 ECE9E3 0.75
0.75 0.95 -5.25 F7EFE7 0.75
0.75 0.2 -4.5 315D8C 0.75
0.75 0.2 -3.75 315D8C 0.75
0.75 0.2 -3 315D8C 0.75
0.75 0.2 -2.25 315D8E 0.75
0.75 0.2 -1.5 315A8C 0.75
0.75 0.2 -0.75 2B578C 0.75
0.75 0.2 0 2B578C 0.75
0.75 0.2 0.75 2E5A8C 0.75
0.75 0.2 1.5 2B578C 0.75
0.75 0.2 2.25 315D8C 0.75
0.75 0.2 3 315D8E 0.75
0.75 0.2 3.75 315D8E 0.75
0.75 0.2 4.5 315D94 0.75
0.75 0.95 5.25 F7F3EF 0.75
0.75 1.7 6 EFE9E4 0.75
0.75 1.7 6.75 ECE9E4 0.75
0.75 2.45 -6.75 E9E8E1 0.75
0.75 2.45 6.75 ECE9E3 0.75
0.75 3.2 -6.75 EFEBE7 0.75
0.75 3.2 6.75 ECE9E4 0.75
0.75 3.95 -5.25 ECE9E4 0.75
0.75 3.95 -6 E9E8E1 0.75
0.75 3.95 6 ECE9E4 0.75
0.75 3.95 5.25 EFEBE7 0.75
0.75 4.7 -4.5 E6DED8 0.75
0.75 4.7 4.5 ECE7E3 0.75
0.75 4.7 -3.75 AD9C8E 0.75
0.75 4.7 -3 316A41 0.75
0.75 4.7 -2.25 4A9A63 0.75
0.75 4.7 -1.5 5AA673 0.75
0.75 4.7 -0.75 73B284 0.75
0.75 4.7 0 6BAE7B 0.75
0.75 4.7 0.75 5AAA7B 0.75
0.75 4.7 1.5 5DA776 0.75
0.75 4.7 2.25 83B489 0.75
0.75 4.7 3 29754A 0.75
0.75 4.7 3.75 7B2C10 0.75
1.5 1.7 -6.75 ECEBE3 0.75
1.5 1.7 -6 ECEBE4 0.75
1.5 0.95 -5.25 DBE0E7 0.75
1.5 0.2 -4.5 31598C 0.75
1.5 0.2 -3.75 2E5789 0.75
1.5 0.2 -3 2E5789 0.75
1.5 0.2 -2.25 31598C 0.75
1.5 0.2 -1.5 31598C 0.75
1.5 0.2 -0.75 2E5789 0.75
1.5 0.2 0 31598C 0.75
1.5 0.2 0.75 31598C 0.75
1.5 0.2 1.5 2E5789 0.75
1.5 0.2 2.25 4F719C 0.75
1.5 0.2 3 29558C 0.75
1.5 0.2 3.75 57799F 0.75
1.5 0.2 4.5 2E5A89 0.75
1.5 0.95 5.25 F7F3EF 0.75
1.5 1.7 6 ECE9E4 0.75
1.5 1.7 6.75 EFE9E4 0.75
1.5 2.45 -6.75 ECE7E4 0.75
1.5 2.45 6.75 E9E8E1 0.75
1.5 3.2 -6.75 ECE9E4 0.75
1.5 3.2 6.75 ECE9E3 0.75
1.5 3.95 -5.25 ECE9E4 0.75
1.5 3.95 -6 E9E8E1 0.75
1.5 3.95 6 E9E8E1 0.75
1.5 3.95 5.25 EFEBE7 0.75
1.5 4.7 -4.5 ECE9E4 0.75
1.5 4.7 4.5 ECE9E3 0.75
1.5 4.7 -3.75 E9E8E1 0.75
1.5 4.7 -3 EFF3EF 0.75
1.5 4.7 -2.25 428565 0.75
1.5 4.7 -1.5 31966B 0.75
1.5 4.7 -0.75 269062 0.75
1.5 4.7 0 39AA73 0.75
1.5 4.7 0.75 42AA84 0.75
1.5 4.7 1.5 319A6B 0.75
1.5 4.7 2.25 4C8868 0.75
1.5 4.7 3 E7F3EF 0.75
1.5 4.7 3.75 ECE8E4 0.75
2.25 1.7 -6.75 ECE8E4 0.75
2.25 1.7 -6 EFE8E4 0.75
2.25 0.95 -5.25 F7EFE7 0.75
2.25 0.2 -4.5 295584 0.75
2.25 0.2 -3.75 ECE9E3 0.75
2.25 0.2 -3 AAAAA5 0.75
2.25 0.2 -2.25 737170 0.75
2.25 0.2 -1.5 8B8883 0.75
2.25 0.2 -0.75 211C18 0.75
2.25 0.2 0 104173 0.75
2.25 0.2 0.75 4F709A 0.75
2.25 0.2 1.5 18457B 0.75
2.25 0.2 2.25 446994 0.75
2.25 0.2 3 365D8B 0.75
2.25 0.2 3.75 6280A1 0.75
2.25 0.2 4.5 265286 0.75
2.25 0.95 5.25 F7F3EF 0.75
2.25 1.7 6 ECE9E4 0.75
2.25 1.7 6.75 EFE9E4 0.75
2.25 2.45 -6.75 ECE9E4 0.75
2.25 2.45 6.75 EFEBE7 0.75
2.25 3.2 -6.75 ECE9E4 0.75
2.25 3.2 6.75 ECE9E4 0.75
2.25 3.95 -5.25 ECE9E4 0.75
2.25 3.95 -6 E9E8E1 0.75
2.25 3.95 6 ECE9E4 0.75
2.25 3.95 5.25 ECE9E4 0.75
2.25 4.7 -4.5 ECE9E4 0.75
2.25 4.7 4.5 ECE9E4 0.75
2.25 4.7 -3.75 ECE9E4 0.75
2.25 4.7 -3 ECE9E4 0.75
2.25 4.7 -2.25 EFF3EF 0.75
2.25 4.7 -1.5 DEB2A7 0.75
2.25 4.7 -0.75 523821 0.75
2.25 4.7 0 578B6A 0.75
2.25 4.7 0.75 5A2810 0.75
2.25 4.7 1.5 EFFFF7 0.75
2.25 4.7 2.25 EFF3EF 0.75
2.25 4.7 3 EFEDE6 0.75
2.25 4.7 3.75 EFE9E4 0.75
3 1.7 -6.75 EFEBE7 0.75
3 1.7 -6 ECE9E4 0.75
3 0.95 -5.25 F7F3E7 0.75
3 0.2 -4.5 234E84 0.75
3 0.2 -3.75 F7F3EF 0.75
3 0.2 -3 AFB0AA 0.75
3 0.2 -2.25 EFEBE7 0.75
3 0.2 -1.5 EFEBE7 0.75
3 0.2 -0.75 BDBAB5 0.75
3 0.2 0 103C73 0.75
3 0.2 0.75 7590AA 0.75
3 0.2 1.5 ADB6C6 0.75
3 0.2 2.25 18497B 0.75
3 0.2 3 9CAEBD 0.75
3 0.2 3.75 8C9EB5 0.75
3 0.95 4.5 264E81 0.75
3 0.95 5.25 F7F3EF 0.75
3 1.7 6 E9E8E1 0.75
3 1.7 6.75 E9EBE1 0.75
3 2.45 -6.75 ECE9E4 0.75
3 2.45 6.75 ECE9E4 0.75
3 3.2 -6.75 E7E7DE 0.75
3 3.2 6.75 ECE9E4 0.75
3 3.95 -5.25 EFE7DE 0.75
3 3.2 -6 EFE7DE 0.75
3 3.95 6 EFEBE7 0.75
3 3.95 5.25 EFE7DE 0.75
3 4.7 -3.75 ECE9E4 0.75
3 4.7 -4.5 ECE9E3 0.75
3 4.7 4.5 E9E8E1 0.75
3 4.7 3.75 D9CC9F 0.75
3 4.7 -3 EFEFEF 0.75
3 4.7 -2.25 C3BB70 0.75
3 4.7 -1.5 F7EFF7 0.75
3 4.7 -0.75 EFEFE7 0.75
3 4.7 0 DBB7A4 0.75
3 4.7 0.75 E6D9D0 0.75
3 4.7 1.5 ECE9E4 0.75
3 4.7 2.25 EFE9E4 0.75
3 4.7 3 E7E7DE 0.75
3.75 1.7 -6 ECEBE4 0.75
3.75 0.95 -5.25 FFF3E7 0.75
3.75 0.95 -4.5 214D7B 0.75
3.75 0.2 -3.75 EFEBE7 0.75
3.75 0.2 -3 E4E4DB 0.75
3.75 0.2 -2.25 E7E3DE 0.75
3.75 0.2 -1.5 BDB9B5 0.75
3.75 0.2 -0.75 ADAAA5 0.75
3.75 0.2 0 00346B 0.75
3.75 0.2 0.75 18457B 0.75
3.75 0.2 1.5 18497B 0.75
3.75 0.2 2.25 104173 0.75
3.75 0.2 3 083873 0.75
3.75 0.2 3.75 103C73 0.75
3.75 0.95 4.5 214D7B 0.75
3.75 0.95 5.25 F7F3EF 0.75
3.75 1.7 6 ECE9E4 0.75
3.75 2.45 -6.75 ECE8E4 0.75
3.75 2.45 6.75 ECE9E4 0.75
3.75 3.2 -6.75 EFF3EF 0.75
3.75 3.2 6.75 E9E8E1 0.75
3.75 3.95 -5.25 CD1D20 0.75
3.75 3.2 -6 C51F1E 0.75
3.75 3.2 6 D60C08 0.75
3.75 3.95 5.25 D31D1D 0.75
3.75 4.7 -2.25 FFF7FF 0.75
3.75 4.7 -4.5 C35D5A 0.75
3.75 4.7 -3.75 C8A765 0.75
3.75 4.7 -3 D9D5AA 0.75
3.75 4.7 2.25 F7EFF7 0.75
3.75 4.7 3 7BA210 0.75
3.75 4.7 3.75 EFF3EF 0.75
3.75 4.7 4.5 AD1410 0.75
3.75 4.7 -1.5 EFEBF7 0.75
3.75 4.7 -0.75 F7F3F7 0.75
3.75 4.7 0 F7EFF7 0.75
3.75 4.7 0.75 F7EFEF 0.75
3.75 4.7 1.5 CDD8AA 0.75
4.5 1.7 -6 ECE9E4 0.75
4.5 0.95 -5.25 F7EFE7 0.75
4.5 0.95 -4.5 1B467B 0.75
4.5 0.95 -3.75 EFEFE7 0.75
4.5 0.2 -3 E3E3DB 0.75
4.5 0.2 -2.25 E7E7DE 0.75
4.5 0.2 -1.5 9C9A94 0.75
4.5 0.2 -0.75 B5B6B0 0.75
4.5 0.2 0 08346B 0.75
4.5 0.2 0.75 768CA7 0.75
4.5 0.2 1.5 7B94AA 0.75
4.5 0.2 2.25 768CA1 0.75
4.5 0.2 3 345783 0.75
4.5 0.95 3.75 68829F 0.75
4.5 0.95 4.5 1E4678 0.75
4.5 0.95 5.25 F7F3EF 0.75
4.5 1.7 6 ECE9E4 0.75
4.5 2.45 -6.75 E9E8E1 0.75
4.5 2.45 6.75 E9E5E1 0.75
4.5 3.2 -6.75 E9E8E1 0.75
4.5 3.2 6.75 ECE9E4 0.75
4.5 3.95 -5.25 D61E1D 0.75
4.5 3.2 -6 EFF7EF 0.75
4.5 3.95 5.25 D81D1B 0.75
4.5 3.2 6 EFEFEF 0.75
4.5 3.95 -4.5 DE1C18 0.75
4.5 4.7 -3.75 D6ABA7 0.75
4.5 4.7 -3 739A00 0.75
4.5 4.7 -2.25 C3CC86 0.75
4.5 4.7 -1.5 7B9E10 0.75
4.5 4.7 -0.75 7B9E00 0.75
4.5 4.7 0 84A210 0.75
4.5 4.7 0.75 ADC163 0.75
4.5 4.7 1.5 739A00 0.75
4.5 4.7 2.25 F7F3EF 0.75
4.5 4.7 3 EFEBEF 0.75
4.5 4.7 3.75 C35E5D 0.75
4.5 3.95 4.5 D61C18 0.75
5.25 1.7 -6 ECE9E4 0.75
5.25 0.95 -5.25 EFEFE7 0.75
5.25 0.95 -4.5 184573 0.75
5.25 0.95 -3.75 EFEFE7 0.75
5.25 0.95 -3 EFEBE7 0.75
5.25 0.95 -2.25 FFFFFF 0.75
5.25 0.95 -1.5 FFFFFF 0.75
5.25 0.2 -0.75 D6CFCE 0.75
5.25 0.2 0 003063 0.75
5.25 0.2 0.75 184573 0.75
5.25 0.95 1.5 184373 0.75
5.25 0.95 2.25 527094 0.75
5.25 0.95 3 68809F 0.75
5.25 0.95 3.75 315683 0.75
5.25 0.95 4.5 154275 0.75
5.25 1.7 5.25 F7F3EF 0.75
5.25 1.7 6 ECE9E4 0.75
5.25 2.45 -6.75 E9E8E1 0.75
5.25 2.45 6.75 ECE8E4 0.75
5.25 3.2 -6 ECEDE6 0.75
5.25 3.2 6 ECE9E3 0.75
5.25 3.95 -4.5 BD1010 0.75
5.25 3.95 -5.25 B51418 0.75
5.25 3.95 5.25 EFF3EF 0.75
5.25 4.7 -3.75 AA3312 0.75
5.25 4.7 -3 7BAE21 0.75
5.25 4.7 -2.25 869D1B 0.75
5.25 4.7 -1.5 86A31E 0.75
5.25 4.7 -0.75 86A81E 0.75
5.25 4.7 0 89AA21 0.75
5.25 4.7 0.75 86A71E 0.75
5.25 4.7 1.5 9CC739 0.75
5.25 4.7 2.25 8CAE21 0.75
5.25 4.7 3 8C9320 0.75
5.25 4.7 3.75 BD0400 0.75
5.25 3.95 4.5 C82826 0.75
6 1.7 -6 ECE9E3 0.75
6 1.7 -5.25 EFEFE7 0.75
6 0.95 -4.5 184173 0.75
6 0.95 -3.75 08346B 0.75
6 0.95 -3 08346B 0.75
6 0.95 -2.25 08346B 0.75
6 0.95 -1.5 08346B 0.75
6 0.95 -0.75 08346B 0.75
6 0.95 0 08306B 0.75
6 0.95 0.75 164173 0.75
6 0.95 1.5 184173 0.75
6 0.95 2.25 08346B 0.75
6 0.95 3 08386B 0.75
6 0.95 3.75 00346B 0.75
6 0.95 4.5 154070 0.75
6 1.7 5.25 F7F7EF 0.75
6 1.7 6 ECE9E4 0.75
6 2.45 -6.75 E9E7E1 0.75
6 2.45 6.75 EFE9E4 0.75
6 3.2 -6 ECE9E4 0.75
6 3.2 6 E9E8E1 0.75
6 3.95 -4.5 E9E8E3 0.75
6 3.95 -5.25 ECE9E4 0.75
6 3.95 5.25 ECE9E4 0.75
6 3.95 4.5 ECE8E4 0.75
6 3.95 -3.75 D81D1B 0.75
6 3.95 -3 DE7973 0.75
6 4.7 -2.25 CE0C10 0.75
6 4.7 -1.5 CE0C10 0.75
6 4.7 -0.75 BD0808 0.75
6 4.7 0 CD2D2E 0.75
6 4.7 0.75 CD2B29 0.75
6 4.7 1.5 CE1010 0.75
6 4.7 2.25 CE0810 0.75
6 3.95 3 DB4641 0.75
6 3.95 3.75 D81A1B 0.75
6.75 1.7 -6 ECEBE4 0.75
6.75 1.7 -5.25 F7EFE7 0.75
6.75 0.95 -4.5 103C6B 0.75
6.75 0.95 -3.75 103F70 0.75
6.75 0.95 -3 103F73 0.75
6.75 0.95 -2.25 103C70 0.75
6.75 0.95 -1.5 103C6D 0.75
6.75 0.95 -0.75 103C70 0.75
6.75 0.95 0 123E70 0.75
6.75 0.95 0.75 103C6D 0.75
6.75 0.95 1.5 103F70 0.75
6.75 0.95 2.25 103C6D 0.75
6.75 0.95 3 103C70 0.75
6.75 0.95 3.75 103D6D 0.75
6.75 0.95 4.5 103C73 0.75
6.75 1.7 5.25 F7F3EF 0.75
6.75 1.7 6 ECE9E3 0.75
6.75 2.45 -6.75 E9E8E1 0.75
6.75 2.45 6.75 ECE9E4 0.75
6.75 3.2 -6 ECE9E4 0.75
6.75 3.2 6 EFE9E4 0.75
6.75 3.95 -4.5 EFEFE7 0.75
6.75 3.2 -5.25 ECE9E4 0.75
6.75 3.95 5.25 ECE9E4 0.75
6.75 3.95 4.5 ECE9E4 0.75
6.75 3.95 -3.75 DE1C18 0.75
6.75 3.95 -3 D81E1D 0.75
6.75 3.95 -2.25 DB3E39 0.75
6.75 3.95 -1.5 D60808 0.75
6.75 3.95 -0.75 D60C10 0.75
6.75 3.95 0 DB4B4A 0.75
6.75 3.95 0.75 DB4949 0.75
6.75 3.95 1.5 D61818 0.75
6.75 3.95 2.25 D60C08 0.75
6.75 3.95 3 DB3634 0.75
6.75 3.95 3.75 D31B1E 0.75
7.5 1.7 -6 ECEBE4 0.75
7.5 1.7 -5.25 ECE9E3 0.75
7.5 1.7 -4.5 FFF3E7 0.75
7.5 1.7 -3.75 FFF7E7 0.75
7.5 1.7 -3 FFF3E7 0.75
7.5 1.7 -2.25 FFF7E7 0.75
7.5 0.95 -1.5 FFF3E7 0.75
7.5 0.95 -0.75 EFE7DE 0.75
7.5 0.95 0 EFE7DE 0.75
7.5 0.95 0.75 E7DFD6 0.75
7.5 1.7 1.5 EFEBDE 0.75
7.5 1.7 2.25 FFF3E7 0.75
7.5 1.7 3 FFF3E7 0.75
7.5 1.7 3.75 FFF3E7 0.75
7.5 1.7 4.5 FFF3E7 0.75
7.5 1.7 5.25 ECE9E4 0.75
7.5 2.45 6 ECE9E3 0.75
7.5 2.45 -6.75 E9E8E1 0.75
7.5 2.45 6.75 ECECE4 0.75
7.5 3.2 -5.25 ECE9E4 0.75
7.5 3.2 -6 ECE9E4 0.75
7.5 3.2 6 ECE9E4 0.75
7.5 3.2 -4.5 E9E8E1 0.75
7.5 3.95 -3.75 E9E8E3 0.75
7.5 3.95 -3 EFF3EF 0.75
7.5 3.95 -2.25 BD1010 0.75
7.5 3.95 -1.5 C60808 0.75
7.5 3.95 -0.75 C83F3F 0.75
7.5 3.95 0 CB3E3C 0.75
7.5 3.95 0.75 CE0C08 0.75
7.5 3.95 1.5 CE0C08 0.75
7.5 3.95 2.25 BD1010 0.75
7.5 3.95 3 DBA6A4 0.75
7.5 3.95 3.75 E9E8E1 0.75
7.5 3.95 4.5 ECE8E4 0.75
7.5 3.2 5.25 ECE9E4 0.75
8.25 1.7 -6 ECE9E3 0.75
8.25 1.7 -5.25 ECE9E3 0.75
8.25 1.7 -4.5 ECEBE4 0.75
8.25 1.7 -3.75 ECEBE4 0.75
8.25 1.7 -3 ECE9E4 0.75
8.25 1.7 -2.25 ECE8E4 0.75
8.25 1.7 -1.5 EFE9E4 0.75
8.25 1.7 -0.75 6B696B 0.75
8.25 1.7 0 9A9591 0.75
8.25 1.7 0.75 635D5A 0.75
8.25 1.7 1.5 CECBC6 0.75
8.25 1.7 2.25 ECE9E3 0.75
8.25 1.7 3 ECE9E3 0.75
8.25 1.7 3.75 ECE8E4 0.75
8.25 1.7 4.5 EFE9E4 0.75
8.25 2.45 5.25 ECE8E4 0.75
8.25 2.45 6 ECE9E4 0.75
8.25 2.45 -6.75 E9E8E1 0.75
8.25 2.45 6.75 ECE9E3 0.75
8.25 3.2 -4.5 E9E8E1 0.75
8.25 3.2 -6 ECE9E4 0.75
8.25 3.2 -5.25 ECE9E4 0.75
8.25 3.2 6 ECE8E4 0.75
8.25 3.2 -3.75 ECE9E4 0.75
8.25 3.2 -3 ECE9E4 0.75
8.25 3.2 -2.25 F1ECE3 0.75
8.25 3.2 -1.5 ECEFE9 0.75
8.25 3.2 -0.75 EFE7DE 0.75
8.25 3.2 0 EFE7DE 0.75
8.25 3.2 0.75 EFE7E7 0.75
8.25 3.2 1.5 EFEBE7 0.75
8.25 3.2 2.25 F1EBE3 0.75
8.25 3.2 3 EFE8E4 0.75
8.25 3.2 3.75 EFE9E4 0.75
8.25 3.2 4.5 EFE9E4 0.75
8.25 3.2 5.25 E9E5E1 0.75
9 2.45 -6 E9E8E1 0.75
9 2.45 -5.25 EFEBE7 0.75
9 2.45 -4.5 E9E8E1 0.75
9 2.45 -3.75 EFEBE4 0.75
9 2.45 -3 ECEBE4 0.75
9 2.45 -2.25 ECE9E4 0.75
9 2.45 -1.5 ECEBE4 0.75
9 2.45 -0.75 ECE9E4 0.75
9 1.7 0 E9E8E1 0.75
9 2.45 0.75 ECE9E4 0.75
9 2.45 1.5 ECE9E4 0.75
9 2.45 2.25 ECE9E4 0.75
9 2.45 3 EFE9E4 0.75
9 2.45 3.75 ECE9E4 0.75
9 2.45 4.5 ECE8E4 0.75
9 2.45 5.25 ECE9E3 0.75
9 2.45 6 EFE9E4 0.75
9 2.45 -6.75 E9E8E1 0.75
9 2.45 6.75 ECE9E4 0.75
9 3.2 -6 ECE9E4 0.75
9 3.2 -5.25 ECE9E4 0.75
9 3.2 -4.5 E9E8E1 0.75
9 3.2 -3.75 E9E8E1 0.75
9 3.2 -3 ECE9E4 0.75
9 3.2 -2.25 ECE9E4 0.75
9 3.2 -1.5 EFEBE7 0.75
9 3.2 -0.75 ECE9E3 0.75
9 3.2 0 ECE9E4 0.75
9 3.2 0.75 ECE9E4 0.75
9 3.2 1.5 ECE8E4 0.75
9 3.2 2.25 ECE9E3 0.75
9 3.2 3 ECE8E4 0.75
9 3.2 3.75 EFE8E4 0.75
9 3.2 4.5 ECE9E4 0.75
9 3.2 5.25 ECE9E4 0.75
9 3.2 6 ECEBE4 0.75
9.75 2.45 -6 EFE9E4 0.75
9.75 2.45 -5.25 ECEBE4 0.75
9.75 2.45 -4.5 EFE8E1 0.75
9.75 2.45 -3.75 EFE9E4 0.75
9.75 2.45 -3 EFE8E4 0.75
9.75 2.45 -2.25 ECE9E3 0.75
9.75 2.45 -1.5 ECE8E4 0.75
9.75 2.45 -0.75 ECE9E4 0.75
9.75 2.45 0 EEEBE4 0.75
9.75 2.45 0.75 ECEBE4 0.75
9.75 2.45 1.5 EFE8E4 0.75
9.75 2.45 2.25 EFE9E4 0.75
9.75 2.45 3 EFEBE7 0.75
9.75 2.45 3.75 ECE9E4 0.75
9.75 2.45 4.5 ECE8E4 0.75
9.75 2.45 5.25 ECE9E4 0.75
9.75 2.45 6 ECE8E4 0.75
9.75 2.45 -6.75 ECE9E4 0.75
9.75 2.45 6.75 ECE9E3 0.75
9.75 3.2 -5.25 ECE9E4 0.75
9.75 3.2 -4.5 ECE9E4 0.75
9.75 3.2 -3.75 E7E7E7 0.75
9.75 3.2 -3 B2C5DC 0.75
9.75 3.2 -2.25 F7EFE7 0.75
9.75 3.2 -1.5 EEEBE4 0.75
9.75 3.2 -0.75 97B3D6 0.75
9.75 3.2 0 B2C5DC 0.75
9.75 3.2 0.75 EFEBE7 0.75
9.75 3.2 1.5 EFEBE7 0.75
9.75 3.2 2.25 F7EFE7 0.75
9.75 3.2 3 BACCDC 0.75
9.75 3.2 3.75 EFEFE7 0.75
9.75 3.2 4.5 ECE9E4 0.75
9.75 3.2 5.25 ECEBE4 0.75
10.5 2.45 -6 ECE9E4 0.75
10.5 2.45 -5.25 E9E8E1 0.75
10.5 2.45 -4.5 ECE9E4 0.75
10.5 2.45 -3.75 EFE9E4 0.75
10.5 2.45 -3 ECE9E4 0.75
10.5 2.45 -2.25 EFE9E4 0.75
10.5 2.45 -1.5 ECE9E3 0.75
10.5 2.45 -0.75 ECE9E4 0.75
10.5 2.45 0 ECE8E4 0.75
10.5 2.45 0.75 ECE9E3 0.75
10.5 2.45 1.5 ECE9E3 0.75
10.5 2.45 2.25 ECE9E3 0.75
10.5 2.45 3 ECE9E3 0.75
10.5 2.45 3.75 ECE9E3 0.75
10.5 2.45 4.5 ECE9E3 0.75
10.5 2.45 5.25 ECE9E3 0.75
10.5 2.45 6 ECEBE4 0.75
