-6.000001 0.14 2.000001 D6B252 1
-5 0.14 2.000001 DEBE5A 1
-4 0.14 2.000001 DEBA52 1
-3 0.14 2.000001 DEBE52 1
-2 0.14 2 D8B44F 1
-0.9999999 0.14 2 DEB652 1
2.384186E-07 0.14 2 DEBA52 1
1 0.14 2 DEBE52 1
2 0.14 2 D6B652 1
3.000001 0.14 2 DEBA52 1
4.000001 0.14 2 D8B64F 1
5.000001 0.14 2 DEB652 1
6.000001 0.14 1.999999 DBB34F 1
-6 1.14 3.000001 D8B04C 1
-5 1.14 3.000001 DBB654 1
-4 1.14 3.000001 DBBA54 1
-3 1.14 3.000001 DEBE52 1
-2 1.14 3.000001 D6AE4A 1
-0.9999996 1.14 3 CEAA52 1
4.768372E-07 1.14 3 CEAE4A 1
1.000001 1.14 3 B29F65 1
2.000001 1.14 3 DBBD5A 1
3.000001 1.14 3 DEBE5A 1
4.000001 1.14 3 D8B04C 1
5.000001 1.14 3 DEB652 1
6.000001 1.14 2.999999 D8B04C 1
-6 2.14 3.000001 D6B252 1
-5 2.14 4.000001 DBB754 1
-4 2.14 4.000001 DEBA5A 1
-3 2.14 4.000001 DEBE5D 1
-2 2.14 4.000001 DBB74F 1
-0.9999996 2.14 4 C6B69C 1
4.768372E-07 2.14 4 9F9184 1
1.000001 2.14 4 4A4539 1
2.000001 2.14 4 DBBA54 1
3.000001 2.14 4 DBBA54 1
4.000001 2.14 4 DEB652 1
5.000001 2.14 4 D6AE4A 1
6.000001 2.14 2.999999 D8B04C 1
-6 3.14 4.000001 D6B252 1
-5 3.14 4.000001 D8B454 1
-4 3.14 4.000001 DEBE5A 1
-3 3.14 4.000001 DEBA54 1
-2 3.14 4.000001 DBB754 1
-0.9999996 3.14 4 C6BAA5 1
4.768372E-07 3.14 4 9F937E 1
1.000001 3.14 4 4A4539 1
2.000001 3.14 4 DBBB57 1
3.000001 3.14 4 DEBA5A 1
4.000001 3.14 4 DEB652 1
5.000001 3.14 4 D8B04C 1
6.000001 3.14 3.999999 D8B04C 1
-6 4.14 4.000001 DEB652 1
-5 4.14 4.000001 DEBA52 1
-4 4.14 4.000001 DEBA57 1
-3 4.14 4.000001 D6B252 1
-2 4.14 4.000001 DBB64F 1
-0.9999996 4.14 4 DEBA52 1
4.768372E-07 4.14 4 D8B44C 1
1.000001 4.14 4 DBB74F 1
2.000001 4.14 4 DEBA5A 1
3.000001 4.14 4 DBB34F 1
4.000001 4.14 4 D8B24F 1
5.000001 4.14 4 DEB652 1
6.000001 4.14 3.999999 DEB252 1
-6 5.14 4.000001 D8B354 1
-5 5.14 4.000001 DEB652 1
-4 5.14 4.000001 DEBE5A 1
-3 5.14 4.000001 DEBE5A 1
-2 5.14 4.000001 DBB64F 1
-0.9999996 5.14 4 DEBE52 1
4.768372E-07 5.14 4 DEBE52 1
1.000001 5.14 4 E7C75A 1
2.000001 5.14 4 D6B24A 1
3.000001 5.14 4 D6AE4A 1
4.000001 5.14 4 D8B254 1
5.000001 5.14 4 D8AE4C 1
6.000001 5.14 3.999999 D8AF4C 1
-6 6.14 4.000001 DEB652 1
-5 6.14 4.000001 A7792E 1
-4 6.14 4.000001 D0AE4D 1
-3 6.14 4.000001 A77F31 1
-2 6.14 4.000001 E7C75A 1
-0.9999996 6.14 4 DEBE5A 1
4.768372E-07 6.14 4 D0A947 1
1.000001 6.14 4 C39D44 1
2.000001 6.14 4 C0973E 1
3.000001 6.14 4 AF8234 1
4.000001 6.14 4 C09A3E 1
5.000001 6.14 4 996D23 1
6.000001 6.14 3.999999 DEB252 1
-6 7.14 4.000001 D8B24C 1
-5 7.14 4.000001 DEBE5A 1
-4 7.14 4.000001 7B5110 1
-3 7.14 4.000001 E7C75A 1
-2 7.14 4.000001 C0993E 1
-0.9999996 7.14 4 8C5D18 1
4.768372E-07 7.14 4 8C5918 1
1.000001 7.14 4 6B4108 1
2.000001 7.14 4 946D29 1
3.000001 7.14 4 7B4910 1
4.000001 7.14 4 A7792B 1
5.000001 7.14 4 9C7529 1
6.000001 7.14 3.999999 D6B252 1
-6 8.14 4.000001 DEBE5A 1
-5 8.14 4.000001 DEB652 1
-4 8.14 4.000001 DEBA52 1
-3 8.14 4.000001 DEBA52 1
-2 8.14 4.000001 D8B655 1
-0.9999996 8.14 4 DEBA52 1
4.768372E-07 8.14 4 DEBA52 1
1.000001 8.14 4 D6B652 1
2.000001 8.14 4 D3AF4C 1
3.000001 8.14 4 DEB652 1
4.000001 8.14 4 DEBE5A 1
5.000001 8.14 4 D8B24F 1
6.000001 8.14 3.999999 DEB652 1
-6 9.14 3.000001 DBB754 1
-5 9.14 3.000001 D9B64F 1
-4 9.14 4.000001 E7C763 1
-3 9.14 4.000001 DEB652 1
-2 9.14 4.000001 EFCF63 1
-0.9999996 9.14 4 D6B652 1
4.768372E-07 9.14 4 DEBA52 1
1.000001 9.14 4 DEBE5A 1
2.000001 9.14 4 E7BE5A 1
3.000001 9.14 4 DEBE5A 1
4.000001 9.14 4 DEB652 1
5.000001 9.14 3 DEB652 1
6.000001 9.14 2.999999 DBB24F 1
-6 10.14 3.000001 DBB64F 1
-5 10.14 3.000001 DEB854 1
-4 10.14 3.000001 DEB84F 1
-3 10.14 3.000001 DEBB57 1
-2 10.14 3.000001 DEB652 1
-0.9999996 10.14 3 DBB654 1
4.768372E-07 10.14 3 DBB354 1
1.000001 10.14 3 D8B454 1
2.000001 10.14 3 DBB654 1
3.000001 10.14 3 DEBA5A 1
4.000001 10.14 3 DBB757 1
5.000001 10.14 3 D0AC4C 1
6.000001 10.14 2.999999 D3AC4C 1
-6 11.14 3.000001 E3BF57 1
-5 11.14 3.000001 D9B64F 1
-4 11.14 3.000001 DEBA54 1
-3 11.14 3.000001 E1BD57 1
-2 11.14 3.000001 DBB04C 1
-0.9999996 11.14 3 CEAA4A 1
4.768372E-07 11.14 3 DBB34F 1
1.000001 11.14 3 DBB554 1
2.000001 11.14 3 D6B24F 1
3.000001 11.14 3 D6B04C 1
4.000001 11.14 3 D9B24F 1
5.000001 11.14 3 CBA447 1
6.000001 11.14 2.999999 CEA64A 1
-6 12.14 3.000001 F7DDAA 1
-5 12.14 3.000001 F7DFAD 1
-4 12.14 3.000001 734508 1
-3 12.14 3.000001 6B3C00 1
-2 12.14 3.000001 6B3C00 1
-0.9999996 12.14 3 6B3C00 1
4.768372E-07 12.14 3 9C7C4C 1
1.000001 12.14 3 9C7D4D 1
2.000001 12.14 3 946D37 1
3.000001 12.14 3 6B3C00 1
4.000001 12.14 3 946D37 1
5.000001 12.14 3 EFD3A5 1
6.000001 12.14 2.999999 EFCF9C 1
-6.000001 13.14 2.000001 F7DFAD 1
-5 13.14 2.000001 ECD29F 1
-4 13.14 2.000001 8C7142 1
-3 13.14 3.000001 D8BD8E 1
-2 13.14 3.000001 F7D7A5 1
-0.9999996 13.14 3 8C7D4A 1
4.768372E-07 13.14 3 846939 1
1.000001 13.14 3 8C754A 1
2.000001 13.14 3 AD986A 1
3.000001 13.14 3 A48D5D 1
4.000001 13.14 2 F7DFB5 1
5.000001 13.14 2 DEC094 1
6.000001 13.14 1.999999 E7C79C 1
-6.000001 14.14 2.000001 F7D9A7 1
-5 14.14 2.000001 F4D4A7 1
-4 14.14 2.000001 FFEFC6 1
-3 14.14 2.000001 897541 1
-2 14.14 2 A18857 1
-0.9999999 14.14 2 A59165 1
2.384186E-07 14.14 2 AA9365 1
1 14.14 2 A48C5A 1
2 14.14 2 A18D5F 1
3.000001 14.14 2 A1885D 1
4.000001 14.14 2 EFD3AD 1
5.000001 14.14 2 D3B284 1
6.000001 14.14 1.999999 E3C299 1
-6.000001 15.14 2.000001 F7DFAD 1
-5 15.14 2.000001 F1D3A1 1
-4 15.14 2.000001 EFD7A5 1
-3 15.14 2.000001 ECCD9F 1
-2 15.14 2 EFD3A5 1
-0.9999999 15.14 2 EFCF9C 1
2.384186E-07 15.14 2 E6C596 1
1 15.14 2 ECCCA2 1
2 15.14 2 EFCFA5 1
3.000001 15.14 2 E9C99F 1
4.000001 15.14 2 E9D0A4 1
5.000001 15.14 2 EFCFA5 1
6.000001 15.14 1.999999 ECC899 1
-6.000001 16.14 1.000001 F7E3B5 1
-5 16.14 1 EFCF9C 1
-4 16.14 1 F1D3A1 1
-3 16.14 1.000001 ECCFA1 1
-2 16.14 1 E7CB9C 1
-1 16.14 1 E9C89F 1
1.192093E-07 16.14 1 E9C99F 1
1 16.14 0.9999999 E3C79F 1
2 16.14 0.9999998 E9C799 1
3 16.14 0.9999995 E9C89C 1
4 16.14 0.9999995 E9CB9F 1
5 16.14 0.9999995 E7C394 1
6.000001 16.14 0.999999 E7C196 1
-6.000001 17.14 1.000001 F7DCAA 1
-5 17.14 1 F4D9AA 1
-4 17.14 1 F7D8AA 1
-3 17.14 1.000001 EFCB9C 1
-2 17.14 1 EFCFA5 1
-1 17.14 1 E9C99F 1
1.192093E-07 17.14 1 EFCFA5 1
1 17.14 0.9999999 E7CBA5 1
2 17.14 0.9999998 EFCB9C 1
3 17.14 0.9999995 EFCBA5 1
4 17.14 0.9999995 E9C899 1
5 17.14 0.9999995 ECC89F 1
6.000001 17.14 0.999999 E7C79C 1
-6.000001 18.14 9.536743E-07 F7D9A4 1
-5 18.14 4.768372E-07 F4D9AA 1
-4 18.14 4.768372E-07 F4D7A7 1
-3 18.14 4.768372E-07 F1D1A2 1
-2 18.14 2.384186E-07 E3C599 1
-1 18.14 1.192093E-07 E9C99F 1
0 18.14 0 E3C296 1
1 18.14 -1.192093E-07 E3C296 1
2 18.14 -2.384186E-07 EFCFA5 1
3 18.14 -4.768372E-07 E3C399 1
4 18.14 -4.768372E-07 E7C394 1
5 18.14 -4.768372E-07 ECC89F 1
6.000001 18.14 -9.536743E-07 E9C69F 1
-6.000001 19.14 9.536743E-07 F7DFB5 1
-5 19.14 4.768372E-07 F1D5A7 1
-4 19.14 4.768372E-07 F4D7A7 1
-3 19.14 4.768372E-07 E9CD9F 1
-2 19.14 2.384186E-07 DEBE94 1
-1 19.14 1.192093E-07 E9C99F 1
5 19.14 -4.768372E-07 E9C69C 1
6.000001 19.14 -9.536743E-07 E9C89F 1
-2 0.14 3.000001 D8B34C 1
-0.9999996 0.14 3 D6AA42 1
4.768372E-07 0.14 3 D8B752 1
1.000001 0.14 3 DEBA54 1
2.000001 0.14 3 DEC35A 1
-6 3.14 3.000001 D3AF4F 1
-6.000001 1.14 -2.999999 DBB757 1
6.000001 1.14 -2.000001 BD9642 1
-6.000001 2.14 -2.999999 D8B754 1
6 2.14 -3.000001 C89E44 1
-6.000001 3.14 -2.999999 D3AF4F 1
6 3.14 -3.000001 C89E47 1
6.000001 3.14 2.999999 D3AC4C 1
-6 4.14 3.000001 D8B352 1
6.000001 4.14 2.999999 D3AE4C 1
-6 5.14 3.000001 D8B04F 1
6.000001 5.14 2.999999 D3AE4C 1
-6 6.14 3.000001 D8B04C 1
6.000001 6.14 2.999999 D8B24F 1
-6 7.14 3.000001 D8B24F 1
6.000001 7.14 2.999999 D8B04F 1
-6 8.14 3.000001 DBB34F 1
6.000001 8.14 2.999999 D8AF4F 1
-6.000001 1.14 2.000001 D6AE4A 1
-6.000001 4.14 2.000001 D8B052 1
6.000001 4.14 1.999999 CBA647 1
6.000001 1.14 1.999999 D3AA4C 1
-6.000001 2.14 2.000001 D8B04C 1
6.000001 2.14 1.999999 CB9F44 1
-6.000001 3.14 2.000001 DBB34F 1
6.000001 3.14 1.999999 CEA64A 1
-6.000001 5.14 2.000001 D8B24F 1
6.000001 5.14 1.999999 C8A444 1
-6.000001 6.14 2.000001 D6B252 1
6.000001 6.14 1.999999 CEA64A 1
-6.000001 7.14 2.000001 D3AF4F 1
6.000001 7.14 1.999999 CBA347 1
-6.000001 8.14 2.000001 D3AF4F 1
6.000001 8.14 1.999999 C6A242 1
-6.000001 9.14 2.000001 D6AF4F 1
6.000001 9.14 1.999999 C6A242 1
-6.000001 10.14 2.000001 D6B24F 1
6.000001 10.14 1.999999 D0AB4A 1
-6.000001 11.14 2.000001 D8B04C 1
6.000001 11.14 1.999999 CEA239 1
-6.000001 12.14 2.000001 F4DBA7 1
6.000001 12.14 1.999999 E3C299 1
-6.000001 14.14 -0.999999 F7DFAD 1
6.000001 14.14 -2.000001 E9C599 1
-6.000001 0.14 1.000001 DEBA5A 1
-5 0.14 1 DEB854 1
-4 0.14 1 DBBA54 1
-3 0.14 1.000001 DEB652 1
-2 0.14 1 DBB64F 1
-1 0.14 1 DEB652 1
1.192093E-07 0.14 1 D6AE4A 1
1 0.14 0.9999999 D8B44F 1
2 0.14 0.9999998 DEBA52 1
3 0.14 0.9999995 DEC35A 1
4 0.14 0.9999995 D8B34F 1
5 0.14 0.9999995 D3AE4C 1
6.000001 0.14 0.999999 DBB64F 1
-6.000001 4.14 1.000001 D8C279 1
6.000001 4.14 0.999999 D6AA4A 1
-6.000001 1.14 1.000001 D6AE4A 1
6.000001 1.14 0.999999 CBA347 1
-6.000001 2.14 1.000001 AF954F 1
6.000001 2.14 0.999999 D6AE52 1
-6.000001 3.14 1.000001 DBCEA7 1
6.000001 3.14 0.999999 D6AE52 1
-6.000001 15.14 1.000001 F4DFB2 1
6.000001 15.14 0.999999 E1BE96 1
-6.000001 5.14 1.000001 D6C9AA 1
6.000001 5.14 0.999999 CEAA4A 1
-6.000001 6.14 1.000001 DEBA52 1
6.000001 6.14 0.999999 CEAA4A 1
-6.000001 7.14 1.000001 D8CAA2 1
6.000001 7.14 0.999999 CEAA4A 1
-6.000001 8.14 1.000001 9F8339 1
6.000001 8.14 0.999999 D6AA4A 1
-6.000001 9.14 1.000001 B59F5F 1
6.000001 9.14 0.999999 CEAA4A 1
-6.000001 10.14 1.000001 DBB64F 1
6.000001 10.14 0.999999 D8B24F 1
-6.000001 11.14 1.000001 D8B754 1
6.000001 11.14 0.999999 DBB64F 1
-6.000001 12.14 1.000001 F7DCAA 1
6.000001 12.14 0.999999 F1D7A1 1
-6.000001 13.14 1.000001 F7DFAD 1
6.000001 13.14 0.999999 EFD39C 1
-6.000001 14.14 1.000001 F7DFAF 1
6.000001 14.14 0.999999 F1DBAA 1
-6.000001 15.14 -0.999999 F7DBAA 1
6.000001 15.14 -1.000001 E9C89F 1
-6.000001 16.14 -0.999999 F9E0AA 1
6.000001 16.14 -1.000001 EECE9F 1
-6.000001 0.14 9.536743E-07 DEBA5A 1
-5 0.14 4.768372E-07 D8B34F 1
-4 0.14 4.768372E-07 DEB652 1
-3 0.14 4.768372E-07 DEB854 1
-2 0.14 2.384186E-07 D6AA4A 1
-1 0.14 1.192093E-07 D3AB4C 1
0 0.14 0 D8AE4C 1
1 0.14 -1.192093E-07 DEBA52 1
2 0.14 -2.384186E-07 D9B652 1
3 0.14 -4.768372E-07 DBB854 1
4 0.14 -4.768372E-07 DEBA52 1
5 0.14 -4.768372E-07 D8B24C 1
6.000001 0.14 -9.536743E-07 D8B654 1
-6.000001 4.14 9.536743E-07 E7BE63 1
6.000001 4.14 -9.536743E-07 E7BE5A 1
-6.000001 1.14 9.536743E-07 D8B04C 1
6.000001 1.14 -9.536743E-07 C69A42 1
-6.000001 2.14 9.536743E-07 DEBE5A 1
6.000001 2.14 -9.536743E-07 DEBA5A 1
-6.000001 3.14 9.536743E-07 DEBE63 1
6.000001 3.14 -9.536743E-07 E7BE5A 1
-6.000001 17.14 9.536743E-07 F1D7AA 1
6.000001 17.14 -9.536743E-07 EFCF9C 1
-6.000001 5.14 9.536743E-07 E7C763 1
6.000001 5.14 -9.536743E-07 E7BE5A 1
-6.000001 6.14 9.536743E-07 D6B65A 1
6.000001 6.14 -9.536743E-07 DEBA5A 1
-6.000001 7.14 9.536743E-07 E7C763 1
6.000001 7.14 -9.536743E-07 DEBA52 1
-6.000001 8.14 9.536743E-07 DEBA5A 1
6.000001 8.14 -9.536743E-07 DEB652 1
-6.000001 9.14 9.536743E-07 DEBA5A 1
6.000001 9.14 -9.536743E-07 DEB652 1
-6.000001 10.14 9.536743E-07 D6B24F 1
6.000001 10.14 -9.536743E-07 D6B252 1
-6.000001 11.14 9.536743E-07 D8B854 1
6.000001 11.14 -9.536743E-07 DBB64F 1
-6.000001 12.14 9.536743E-07 F4DBAA 1
6.000001 12.14 -9.536743E-07 F1D5A1 1
-6.000001 13.14 9.536743E-07 FCE3B2 1
6.000001 13.14 -9.536743E-07 F7DFAD 1
-6.000001 14.14 9.536743E-07 F7DBA5 1
6.000001 14.14 -9.536743E-07 F7D7A5 1
-6.000001 15.14 9.536743E-07 F7DFA5 1
6.000001 15.14 -9.536743E-07 F7DFAD 1
-6.000001 16.14 9.536743E-07 EFD39C 1
6.000001 16.14 -9.536743E-07 F7DBAD 1
4 19.14 -4.768372E-07 F7DBAD 1
0 19.14 0 F7DBAD 1
1 19.14 -1.192093E-07 E7CB9C 1
2 19.14 -2.384186E-07 E9CB9F 1
3 19.14 -4.768372E-07 ECCFA1 1
-6.000001 0.14 -0.999999 DBBA5D 1
-5 0.14 -0.9999995 DBB757 1
-4 0.14 -0.9999995 D8B24F 1
-3 0.14 -0.9999995 DBB34F 1
-2 0.14 -0.9999998 DEB652 1
-1 0.14 -0.9999999 D3AE4C 1
-1.192093E-07 0.14 -1 D8B04C 1
1 0.14 -1 D8B44C 1
2 0.14 -1 DEBA52 1
3 0.14 -1.000001 DEB854 1
4 0.14 -1 DBB854 1
5 0.14 -1 DEBA52 1
6.000001 0.14 -1.000001 DEBA5A 1
-6.000001 4.14 -0.999999 E7C35A 1
6.000001 4.14 -1.000001 C69E39 1
-6.000001 1.14 -0.999999 DBB34F 1
6.000001 1.14 -1.000001 CEAA4A 1
-6.000001 2.14 -0.999999 E7BE5A 1
6.000001 2.14 -1.000001 D6AE52 1
-6.000001 3.14 -0.999999 E7BE52 1
6.000001 3.14 -1.000001 BD9639 1
-6.000001 5.14 -0.999999 DEC35A 1
6.000001 5.14 -1.000001 BD9A39 1
-6.000001 6.14 -0.999999 DEBE5A 1
6.000001 6.14 -1.000001 D3AC4F 1
-6.000001 7.14 -0.999999 DEBA52 1
6.000001 7.14 -1.000001 C8A03E 1
-6.000001 8.14 -0.999999 DEBE5A 1
6.000001 8.14 -1.000001 BD9A39 1
-6.000001 9.14 -0.999999 DEBE5A 1
6.000001 9.14 -1.000001 DEB65A 1
-6.000001 10.14 -0.999999 DBB74F 1
6.000001 10.14 -1.000001 D0AB4C 1
-6.000001 11.14 -0.999999 DBBB57 1
6.000001 11.14 -1.000001 DEBA5A 1
-6.000001 12.14 -0.999999 F4DDAA 1
6.000001 12.14 -1.000001 F4D7A2 1
-6.000001 13.14 -0.999999 F7E0AF 1
6.000001 13.14 -1.000001 F1D3A1 1
6.000001 14.14 -1.000001 F4D8A7 1
-6.000001 17.14 -0.999999 F7E3B5 1
-5 16.14 -0.9999995 F7D79C 1
-5 17.14 -0.9999995 F1D8A7 1
-4 16.14 -0.9999995 F4DCA7 1
-4 17.14 -0.9999995 F7DFB5 1
-3 16.14 -0.9999995 EED5A7 1
-3 17.14 -0.9999995 F4D8A7 1
-2 16.14 -0.9999998 214529 1
-2 17.14 -0.9999998 F4DBAD 1
-1 16.14 -0.9999999 A1AA8E 1
-1 17.14 -0.9999999 FFDFAD 1
-1.192093E-07 16.14 -1 8C866B 1
-1.192093E-07 17.14 -1 EFE3B5 1
1 16.14 -1 899F86 1
1 17.14 -1 F7DFAD 1
2 16.14 -1 A7B791 1
2 17.14 -1 EFD5A4 1
3 16.14 -1.000001 F7DFAD 1
3 17.14 -1.000001 F1D7A4 1
4 16.14 -1 F1D7A7 1
4 17.14 -1 EFD3A5 1
5 16.14 -1 F1D1A2 1
5 17.14 -1 F4D7A7 1
6.000001 17.14 -1.000001 F4D5A7 1
-6.000001 0.14 -1.999999 D8B454 1
-5.000001 0.14 -2 D8B85D 1
-4.000001 0.14 -2 DBB757 1
-3.000001 0.14 -2 D6B65A 1
-2 0.14 -2 D3B357 1
-1 0.14 -2 DBB657 1
-2.384186E-07 0.14 -2 D3B24F 1
0.9999999 0.14 -2 D8B24F 1
2 0.14 -2 D0AA4F 1
3 0.14 -2.000001 D0AA4F 1
4 0.14 -2.000001 D6AE52 1
5 0.14 -2.000001 D6AE52 1
6.000001 0.14 -2.000001 C6A24A 1
-6.000001 1.14 -1.999999 DBB34F 1
-6.000001 4.14 -1.999999 DEB74F 1
6.000001 4.14 -2.000001 CEA64A 1
-6.000001 2.14 -1.999999 D8B04C 1
6.000001 2.14 -2.000001 D0A74A 1
-6.000001 3.14 -1.999999 DBB752 1
6.000001 3.14 -2.000001 CEAA4A 1
-6.000001 5.14 -1.999999 DEBA52 1
6.000001 5.14 -2.000001 D0AC4C 1
-6.000001 6.14 -1.999999 D6B652 1
6.000001 6.14 -2.000001 CEAA4A 1
-6.000001 7.14 -1.999999 DBB34F 1
6.000001 7.14 -2.000001 D0AC4C 1
-6.000001 8.14 -1.999999 DBB34F 1
6.000001 8.14 -2.000001 D3AF4F 1
-6.000001 9.14 -1.999999 D8B04C 1
6.000001 9.14 -2.000001 D0AC4C 1
-6.000001 10.14 -1.999999 D8B24C 1
6.000001 10.14 -2.000001 D3AF4F 1
-6.000001 11.14 -1.999999 DEBE5A 1
6.000001 11.14 -2.000001 D0A744 1
-6.000001 12.14 -1.999999 F7DBAD 1
6.000001 12.14 -2.000001 E6C196 1
-6.000001 13.14 -1.999999 F1D3A1 1
6.000001 13.14 -2.000001 E7C79C 1
-6.000001 14.14 -1.999999 F7DFAD 1
-6.000001 15.14 -1.999999 FCE0AF 1
-5.000001 14.14 -2 F4D9A7 1
-5.000001 15.14 -2 F9DDAC 1
-4.000001 15.14 -2 ECCD99 1
-3.000001 15.14 -2 EFDBA5 1
-2 15.14 -2 968431 1
-1 15.14 -2 895C08 1
-2.384186E-07 15.14 -2 B79618 1
0.9999999 15.14 -2 B59618 1
2 15.14 -2 968C31 1
3 15.14 -2.000001 DEDFB5 1
4 15.14 -2.000001 E3C599 1
5 14.14 -2.000001 EFCFA5 1
5 15.14 -2.000001 ECCC9F 1
6.000001 15.14 -2.000001 E9C99F 1
-5.000001 1.14 -3 D8B454 1
-4.000001 1.14 -3 DEBA5A 1
-3.000001 1.14 -3 D3B254 1
-2.000001 0.14 -3 D3B254 1
-1.000001 0.14 -3 CEAA4A 1
-4.768372E-07 0.14 -3 9C7929 1
0.9999996 0.14 -3 D6AE52 1
2 0.14 -3.000001 CEA64A 1
3 0.14 -3.000001 CBA64C 1
4 1.14 -3.000001 D0AA4F 1
5 1.14 -3.000001 D6AE4A 1
6 1.14 -3.000001 CEA64A 1
-6.000001 4.14 -2.999999 D8B454 1
6 4.14 -3.000001 C89E47 1
-6.000001 5.14 -2.999999 D8B654 1
6 5.14 -3.000001 BD9239 1
-6.000001 6.14 -2.999999 D8B754 1
6 6.14 -3.000001 C69A42 1
-6.000001 7.14 -2.999999 DBB654 1
6 7.14 -3.000001 C2973E 1
-6.000001 8.14 -2.999999 DEB652 1
6 8.14 -3.000001 C89E47 1
-6.000001 9.14 -2.999999 D6AE4C 1
6 9.14 -3.000001 CEA242 1
-6.000001 10.14 -2.999999 D8AE4C 1
6 10.14 -3.000001 CEA64A 1
-6.000001 11.14 -2.999999 D6B24A 1
6 11.14 -3.000001 CEA642 1
-6.000001 12.14 -2.999999 EFCF9C 1
-5.000001 11.14 -3 633000 1
-5.000001 12.14 -3 FFEBBD 1
-4.000001 11.14 -3 EFDBB5 1
-4.000001 12.14 -3 D8BF97 1
-3.000001 12.14 -3 633000 1
-2.000001 12.14 -3 633400 1
-1.000001 12.14 -3 633000 1
-4.768372E-07 12.14 -3 633408 1
0.9999996 12.14 -3 6B3808 1
2 12.14 -3.000001 633400 1
3 12.14 -3.000001 C09C6E 1
4 11.14 -3.000001 FFEBC6 1
4 12.14 -3.000001 9F8857 1
5 11.14 -3.000001 623205 1
5 12.14 -3.000001 AD9165 1
6 12.14 -3.000001 E7C79C 1
-5.000001 13.14 -2 D3BA8C 1
-4.000001 13.14 -2 948252 1
-3.000001 13.14 -3 D6BA8E 1
-2.000001 13.14 -3 B7A273 1
-1.000001 13.14 -3 9C8452 1
-4.768372E-07 13.14 -3 7B6531 1
0.9999996 13.14 -3 8C754A 1
2 13.14 -3.000001 947D4A 1
3 13.14 -3.000001 735D29 1
4 13.14 -3.000001 BDA67B 1
5 13.14 -2.000001 B2996B 1
-4.000001 14.14 -2 E9CB99 1
-3.000001 14.14 -2 ECCF9F 1
-2 14.14 -2 EFD3A4 1
-1 14.14 -2 817847 1
-2.384186E-07 14.14 -2 524908 1
0.9999999 14.14 -2 847D52 1
2 14.14 -2 EFCF9F 1
3 14.14 -2.000001 F7D3A5 1
4 14.14 -2.000001 E9C799 1
-2.000001 5.14 -4 BD8A21 1
-1.000001 5.14 -4 C69229 1
-4.768372E-07 5.14 -4 BD8E29 1
0.9999996 5.14 -4 754E10 1
2 5.14 -4.000001 BD8221 1
-2.000001 1.14 -3 D8B454 1
-1.000001 1.14 -3 D6B252 1
-4.768372E-07 1.14 -3 DEB652 1
0.9999996 1.14 -3 D6B252 1
2 1.14 -3.000001 D8B24F 1
3 1.14 -3.000001 AA864A 1
-5.000001 2.14 -4 D8B454 1
-4.000001 2.14 -4 D8B454 1
-3.000001 2.14 -4 CEAC4F 1
-2.000001 2.14 -4 5A2C00 1
-1.000001 2.14 -4 AD7D29 1
-4.768372E-07 2.14 -4 A57521 1
0.9999996 2.14 -4 BD8F29 1
2 2.14 -4.000001 B58D34 1
3 2.14 -4.000001 DEBA5A 1
4 2.14 -4.000001 CEAA52 1
5 2.14 -4.000001 BD9755 1
-6.000001 3.14 -3.999999 D8B454 1
-5.000001 3.14 -4 D8B454 1
-4.000001 3.14 -4 D3AB4C 1
-3.000001 3.14 -4 4A2808 1
-2.000001 3.14 -4 C69631 1
-1.000001 3.14 -4 4F2C0A 1
-4.768372E-07 3.14 -4 100C08 1
0.9999996 3.14 -4 B58E29 1
2 3.14 -4.000001 65390B 1
3 3.14 -4.000001 AD8229 1
4 3.14 -4.000001 D6AA4A 1
5 3.14 -4.000001 CBA244 1
6 3.14 -4.000001 C89F44 1
-6.000001 4.14 -3.999999 D6AE4A 1
-5.000001 4.14 -4 DEBA5A 1
-4.000001 4.14 -4 96661B 1
-3.000001 4.14 -4 623F10 1
-2.000001 4.14 -4 BD7D21 1
-1.000001 4.14 -4 C59633 1
-4.768372E-07 4.14 -4 B88726 1
0.9999996 4.14 -4 CD9B39 1
2 4.14 -4.000001 AD7921 1
3 4.14 -4.000001 B88C2E 1
4 4.14 -4.000001 AD7921 1
5 4.14 -4.000001 D6AA4A 1
6 4.14 -4.000001 CBA347 1
-6.000001 5.14 -3.999999 DBB24F 1
-5.000001 5.14 -4 DEB652 1
-4.000001 5.14 -4 B28826 1
-3.000001 5.14 -4 CB9E31 1
3 5.14 -4.000001 442C0D 1
4 5.14 -4.000001 C69631 1
5 5.14 -4.000001 CEA449 1
6 5.14 -4.000001 CBA244 1
-6.000001 6.14 -3.999999 DEB652 1
-5.000001 6.14 -4 DEB652 1
-4.000001 6.14 -4 865818 1
-3.000001 6.14 -4 AD7D18 1
-2.000001 6.14 -4 815010 1
-1.000001 6.14 -4 9F6D1B 1
-4.768372E-07 6.14 -4 522C08 1
0.9999996 6.14 -4 BD8A21 1
2 6.14 -4.000001 BD8221 1
3 6.14 -4.000001 AA7D23 1
4 6.14 -4.000001 4D2C0D 1
5 6.14 -4.000001 D6AA4A 1
6 6.14 -4.000001 CEA64A 1
-6.000001 7.14 -3.999999 DEB652 1
-5.000001 7.14 -4 D0AC4C 1
-4.000001 7.14 -4 A77F2B 1
-3.000001 7.14 -4 AA8026 1
-2.000001 7.14 -4 542F0A 1
-1.000001 7.14 -4 CE9631 1
-4.768372E-07 7.14 -4 BD8A29 1
0.9999996 7.14 -4 5A3810 1
2 7.14 -4.000001 BD8B29 1
3 7.14 -4.000001 BA8526 1
4 7.14 -4.000001 653D10 1
5 7.14 -4.000001 D6AE4A 1
6 7.14 -4.000001 CB9E44 1
-6.000001 8.14 -3.999999 D8B04C 1
-5.000001 8.14 -4 D6AA4A 1
-4.000001 8.14 -4 421C00 1
-3.000001 8.14 -4 8C5D18 1
-2.000001 8.14 -4 7B5110 1
-1.000001 8.14 -4 B57D21 1
-4.768372E-07 8.14 -4 B58E2E 1
0.9999996 8.14 -4 A56D18 1
2 8.14 -4.000001 9C711D 1
3 8.14 -4.000001 BD8F33 1
4 8.14 -4.000001 A17826 1
5 8.14 -4.000001 D0A64A 1
6 8.14 -4.000001 C89E44 1
-5.000001 9.14 -3 D8B44F 1
-4.000001 9.14 -4 D3AA4C 1
-3.000001 9.14 -4 8C5C1B 1
-2.000001 9.14 -4 AD7929 1
-1.000001 9.14 -4 976D1D 1
-4.768372E-07 9.14 -4 BD8D2E 1
0.9999996 9.14 -4 9C6918 1
2 9.14 -4.000001 B88B2B 1
3 9.14 -4.000001 C69631 1
4 9.14 -4.000001 CEA242 1
5 9.14 -3.000001 D0A647 1
-5.000001 10.14 -3 D3AE4F 1
-4.000001 10.14 -3 D3AA4C 1
-3.000001 10.14 -3 D3B054 1
-2.000001 10.14 -3 D6AA4A 1
-1.000001 10.14 -3 794C0D 1
-4.768372E-07 10.14 -3 A1731E 1
0.9999996 10.14 -3 A77926 1
2 10.14 -3.000001 D6AE52 1
3 10.14 -3.000001 D3AB4F 1
4 10.14 -3.000001 CEA64A 1
5 10.14 -3.000001 CBA44A 1
-3.000001 11.14 -3 4A1800 1
-2.000001 11.14 -3 4A1800 1
-1.000001 11.14 -3 4A1800 1
-4.768372E-07 11.14 -3 522000 1
0.9999996 11.14 -3 4A1800 1
2 11.14 -3.000001 522000 1
3 11.14 -3.000001 522000 1
