-10 1.17 -1 621E1D 1
-10 1.17 0 7B2826 1
-10 1.17 1 96433F 1
-10 2.17 -1 763434 1
-10 2.17 0 520408 1
-10 2.17 1 9C4942 1
-9 3.17 -1 5D191B 1
-10 3.17 0 520000 1
-9 3.17 1 8C4D4A 1
-9 1.17 -1 702828 1
-9 0.17 0 9C4139 1
-9 1.17 1 7E3029 1
-9 2.17 -2 863E3C 1
-9 2.17 2 A5514A 1
-9 3.17 0 630408 1
-8 0.17 -1 5A1818 1
-8 0.17 0 893833 1
-8 0.17 1 913C37 1
-8 1.17 -2 732C28 1
-8 1.17 2 8F3C39 1
-8 2.17 -2 7B3839 1
-8 2.17 2 833C3E 1
-8 3.17 -1 6D2729 1
-8 3.17 1 520408 1
-8 3.17 0 621213 1
-7 0.17 -1 732421 1
-7 0.17 0 83342C 1
-7 0.17 1 963E36 1
-7 1.17 -2 6E2629 1
-7 1.17 2 913837 1
-7 2.17 -2 833B39 1
-7 2.17 2 91403C 1
-7 3.17 -1 834444 1
-7 3.17 1 7E211E 1
-7 3.17 0 841010 1
-6 0.17 -1 7B2C2B 1
-6 0.17 0 9C4033 1
-6 0.17 1 8B362E 1
-6 1.17 -2 6E2826 1
-6 1.17 2 944539 1
-6 2.17 -2 84494A 1
-6 2.17 2 762B2C 1
-6 3.17 -1 7B3C39 1
-6 3.17 1 761510 1
-6 3.17 0 681516 1
-5 0.17 -1 702220 1
-5 0.17 0 9C4031 1
-5 0.17 1 83332E 1
-5 1.17 -2 732C29 1
-5 1.17 2 9C4741 1
-5 2.17 -2 782826 1
-5 2.17 2 6D2523 1
-5 3.17 -1 9C595A 1
-5 3.17 1 681D20 1
-5 3.17 0 570C0B 1
-4 0.17 -1 18305A 1
-4 0.17 0 182852 1
-4 0.17 1 183063 1
-4 1.17 -2 183063 1
-4 1.17 2 183463 1
-4 2.17 -2 183063 1
-4 2.17 2 183063 1
-4 3.17 -1 18386B 1
-4 3.17 1 183463 1
-4 3.17 0 2B2A54 1
-3 0.17 -1 808DB0 1
-3 0.17 0 123065 1
-3 0.17 1 7B8CAC 1
-3 1.17 -2 687EA7 1
-3 1.17 2 8090B5 1
-3 2.17 -2 8C9AB5 1
-3 2.17 2 687DA7 1
-3 3.17 -1 7084AF 1
-3 3.17 1 7B8FAC 1
-3 3.17 0 08388C 1
-2 0.17 -1 214994 1
-2 0.17 0 153873 1
-2 0.17 1 214594 1
-2 1.17 -2 204A9C 1
-2 1.17 2 214A9C 1
-2 2.17 -2 21499C 1
-2 2.17 2 214D9C 1
-2 3.17 -1 184799 1
-2 3.17 1 214D9C 1
-2 3.17 0 184194 1
-1 0.17 -1 1E4696 1
-1 0.17 0 153873 1
-1 0.17 1 214594 1
-1 1.17 -2 234C99 1
-1 1.17 2 214A9C 1
-1 2.17 -2 081C6B 1
-1 2.17 2 444D7E 1
-1 3.17 -1 D6D7CE 1
-1 3.17 1 70A3B0 1
-1 3.17 0 9FB6B7 1
0 0.17 -1 214994 1
0 0.17 0 153873 1
0 0.17 1 214594 1
0 1.17 -2 214D9C 1
0 1.17 2 214D9C 1
0 2.17 -2 4D543C 1
0 2.17 2 102000 1
0 3.17 -1 576612 1
0 3.17 1 425212 1
0 3.17 0 314110 1
1 0.17 -1 214994 1
1 0.17 0 153873 1
1 0.17 1 214996 1
1 1.17 -2 214B9F 1
1 1.17 2 21499C 1
1 2.17 -2 89949F 1
1 2.17 2 84888C 1
1 3.17 -1 848E08 1
1 3.17 1 8C9608 1
1 3.17 0 7E850A 1
2 0.17 -1 214994 1
2 0.17 0 12346B 1
2 0.17 1 214996 1
2 1.17 -2 214B9C 1
2 1.17 2 21499C 1
2 2.17 -2 214A9C 1
2 2.17 2 214A9C 1
2 3.17 -1 445689 1
2 3.17 1 4A5F7B 1
2 3.17 0 293C39 1
3 0.17 -1 3E6199 1
3 0.17 0 12326B 1
3 0.17 1 4465A1 1
3 1.17 -2 738EB5 1
3 1.17 2 8C9AB5 1
3 2.17 -2 607CAC 1
3 2.17 2 476CA4 1
3 3.17 -1 8C9AB5 1
3 3.17 1 8C9AB5 1
3 3.17 0 003494 1
4 0.17 -1 392031 1
4 0.17 0 5A2431 1
4 0.17 1 4A2439 1
4 1.17 -2 421821 1
4 1.17 2 522439 1
4 2.17 -2 421C31 1
4 2.17 2 733239 1
4 3.17 -1 4D1926 1
4 3.17 1 5F191B 1
4 3.17 0 421C29 1
5 0.17 -1 6B2421 1
5 0.17 0 7E2B23 1
5 0.17 1 802F29 1
5 1.17 -2 5A1018 1
5 1.17 2 844142 1
5 2.17 -2 621E1D 1
5 2.17 2 5D2B28 1
5 3.17 -1 631010 1
5 3.17 1 733839 1
5 3.17 0 420408 1
6 0.17 -1 6B2821 1
6 0.17 0 83332C 1
6 0.17 1 944139 1
6 1.17 -2 652220 1
6 1.17 2 863636 1
6 2.17 -2 844542 1
6 2.17 2 5F2828 1
6 3.17 -1 5F2120 1
6 3.17 1 581D1E 1
6 3.17 0 520808 1
7 0.17 -1 6B2C29 1
7 0.17 0 9C4531 1
7 0.17 1 863731 1
7 1.17 -2 732F28 1
7 1.17 2 732826 1
7 2.17 -2 733334 1
7 2.17 2 762629 1
7 3.17 -1 4D1013 1
7 3.17 1 652926 1
7 3.17 0 520400 1
8 0.17 -1 652423 1
8 0.17 0 8C3026 1
8 0.17 1 833431 1
8 1.17 -2 621E20 1
8 1.17 2 733534 1
8 2.17 -2 7B3431 1
8 2.17 2 5A1818 1
8 3.17 -1 4D1013 1
8 3.17 1 5D0D0D 1
8 3.17 0 5A0A0A 1
9 1.17 -1 602120 1
9 0.17 0 8C2C21 1
9 1.17 1 963831 1
9 2.17 -2 834039 1
9 2.17 2 8E423C 1
9 3.17 -1 4A0408 1
9 3.17 1 732829 1
9 3.17 0 734142 1
10 1.17 0 86372C 1
10 1.17 -1 5A1410 1
10 1.17 1 792526 1
10 2.17 -1 5A1D18 1
10 2.17 1 733839 1
10 3.17 0 420400 1
10 2.17 0 4A0400 1
