0 0 0 CEB347 1.4
-5.6 1.4 1.400001 D3B73F 1.4
-4.2 1.4 1.400001 DEC352 1.4
-2.8 1.4 1.4 D6BE4A 1.4
-1.4 1.4 1.4 D6BE4A 1.4
1.192093E-07 1.4 1.4 DEC44F 1.4
1.4 1.4 1.4 D6BC4F 1.4
2.8 1.4 1.4 D6BB4A 1.4
4.2 1.4 1.4 D6BB4A 1.4
5.6 1.4 1.4 D8BB4A 1.4
-8.400001 2.8 1.400001 B29A26 1.4
-7.000001 2.8 1.400001 D8BE4C 1.4
-5.6 2.8 1.400001 DEC752 1.4
-4.2 2.8 1.400001 DEC957 1.4
-2.8 2.8 1.4 DEC957 1.4
-1.4 2.8 1.4 DEC75A 1.4
1.192093E-07 2.8 1.4 DEC75A 1.4
1.4 2.8 1.4 DEC75A 1.4
2.8 2.8 1.4 DEC354 1.4
4.2 2.8 1.4 D6C34F 1.4
5.6 2.8 1.4 DEC554 1.4
7.000001 2.8 1.399999 DEC752 1.4
8.400001 2.8 1.399999 D6B63E 1.4
-8.400001 4.2 1.400001 C0AA36 1.4
-7.000001 4.2 1.400001 DEC752 1.4
-5.6 4.2 1.400001 DEC857 1.4
-4.2 4.2 4.768372E-07 DECB54 1.4
4.2 4.2 -4.768372E-07 E1CA5D 1.4
5.6 4.2 1.4 DEC757 1.4
7.000001 4.2 1.399999 DEC554 1.4
8.400001 4.2 1.399999 D8BD44 1.4
-9.800001 5.6 9.536743E-07 948621 1.4
9.800001 5.6 -9.536743E-07 C5AF41 1.4
-9.800001 4.2 9.536743E-07 8B8118 1.4
-8.400001 2.8 9.536743E-07 A58A29 1.4
-7.000001 1.4 9.536743E-07 AD9631 1.4
-5.6 1.4 4.768372E-07 CEB242 1.4
-4.2 0 4.768372E-07 CBAF3E 1.4
-2.8 0 2.384186E-07 C2AA3C 1.4
-1.4 0 1.192093E-07 CEAF44 1.4
1.4 0 -1.192093E-07 C8AE44 1.4
2.8 0 -2.384186E-07 CEB64A 1.4
4.2 0 -4.768372E-07 CDB344 1.4
5.6 1.4 -4.768372E-07 C8AA3C 1.4
7.000001 1.4 -9.536743E-07 D3B641 1.4
8.400001 2.8 -9.536743E-07 C3A637 1.4
9.800001 4.2 -9.536743E-07 AC9320 1.4
11.2 5.6 -9.536743E-07 947D21 1.4
-2.8 4.2 2.384186E-07 E1CA5D 1.4
-1.4 4.2 1.192093E-07 E1CA5D 1.4
0 4.2 0 DECB5D 1.4
1.4 4.2 -1.192093E-07 DECB5D 1.4
2.8 4.2 -2.384186E-07 DECB60 1.4
8.400001 5.6 -9.536743E-07 DEC754 1.4
-8.400001 5.6 9.536743E-07 C0AA3C 1.4
-7.000001 5.6 9.536743E-07 DEC752 1.4
-5.6 4.2 4.768372E-07 DECB5A 1.4
5.6 4.2 -4.768372E-07 DEC95A 1.4
7.000001 5.6 -9.536743E-07 DEC957 1.4
11.2 7 -9.536743E-07 5D4B1D 1.4
-7.000001 2.8 -1.399999 D6BA4A 1.4
-5.6 1.4 -1.4 D0B444 1.4
-4.2 1.4 -1.4 D8BF4C 1.4
-2.8 1.4 -1.4 D6BE4C 1.4
-1.4 1.4 -1.4 DEC75A 1.4
-1.192093E-07 1.4 -1.4 DEC754 1.4
1.4 1.4 -1.4 DBC557 1.4
2.8 1.4 -1.4 DBC34F 1.4
4.2 1.4 -1.400001 DEC34F 1.4
5.6 1.4 -1.400001 DEC34C 1.4
7.000001 2.8 -1.400001 D6BC47 1.4
-8.400001 2.8 -1.399999 BDA229 1.4
8.400001 2.8 -1.400001 D0B742 1.4
-7.000001 4.2 -1.399999 DEC752 1.4
-8.400001 4.2 -1.399999 C6AE39 1.4
7.000001 4.2 -1.400001 DEC754 1.4
-5.6 4.2 -1.4 DBC152 1.4
-4.2 2.8 -1.4 DEC452 1.4
-2.8 2.8 -1.4 DEC752 1.4
-1.4 2.8 -1.4 DEC757 1.4
-1.192093E-07 2.8 -1.4 DEC757 1.4
1.4 2.8 -1.4 DEC357 1.4
2.8 2.8 -1.4 DEC75A 1.4
4.2 2.8 -1.400001 DEC954 1.4
5.6 4.2 -1.400001 DEC352 1.4
8.400001 4.2 -1.400001 DEC34A 1.4
-5.6 2.8 -1.4 DBC14A 1.4
5.6 2.8 -1.400001 D8C354 1.4
