-8.400002 0.34 4.400002 52717B 1.2
-7.200001 0.34 6.800002 52717B 1.2
-6 0.34 8.000002 42697B 1.2
-4.8 0.34 9.200002 42697B 1.2
-3.6 0.34 10.4 52717B 1.2
-2.399999 0.34 10.4 52717B 1.2
-1.199999 0.34 10.4 52717B 1.2
9.536743E-07 0.34 11.6 52717B 1.2
1.200001 0.34 10.4 422418 1.2
2.400001 0.34 10.4 422818 1.2
3.600002 0.34 10.4 392418 1.2
4.800002 0.34 9.200001 311C10 1.2
6.000002 0.34 8 422C21 1.2
7.200002 0.34 6.8 392018 1.2
8.400002 0.34 4.4 422821 1.2
-8.400002 1.54 4.400002 391C04 1.2
-7.200001 1.54 6.800002 DE8F1B 1.2
-6 1.54 8.000002 5A5952 1.2
-4.8 1.54 9.200002 424942 1.2
-3.6 1.54 10.4 DE9016 1.2
-2.399999 1.54 10.4 DE9118 1.2
-1.199999 1.54 10.4 DE9118 1.2
9.536743E-07 1.54 11.6 DE9118 1.2
1.200001 1.54 10.4 DE9118 1.2
2.400001 1.54 10.4 DE9118 1.2
3.600002 1.54 10.4 DE9118 1.2
4.800002 1.54 9.200001 DE9118 1.2
6.000002 1.54 8 DE8F18 1.2
7.200002 1.54 6.8 DE8F18 1.2
8.400002 1.54 4.4 311800 1.2
-8.400002 2.74 4.400002 391C04 1.2
-7.200001 2.74 6.800002 F7BA31 1.2
-6 2.74 8.000002 FFC76B 1.2
-4.8 2.74 9.200002 FFC773 1.2
-3.6 2.74 10.4 EFBA29 1.2
-2.399999 2.74 10.4 EFB729 1.2
-1.199999 2.74 10.4 ECB729 1.2
9.536743E-07 2.74 11.6 EFB729 1.2
1.200001 2.74 10.4 EFB729 1.2
2.400001 2.74 10.4 EFB729 1.2
3.600002 2.74 10.4 EFB729 1.2
4.800002 2.74 9.200001 EFB629 1.2
6.000002 2.74 8 D69718 1.2
7.200002 2.74 6.8 E1A21D 1.2
8.400002 2.74 4.4 291400 1.2
-8.400002 3.94 4.400002 391A00 1.2
-7.200001 3.94 6.800002 E9AB23 1.2
-6 3.94 8.000002 C67918 1.2
-4.8 3.94 9.200002 E9B023 1.2
-3.6 3.94 10.4 EFB629 1.2
-2.399999 3.94 10.4 F7E3A5 1.2
-1.199999 3.94 10.4 FFEBB5 1.2
9.536743E-07 3.94 11.6 FFF3B5 1.2
1.200001 3.94 10.4 EFB221 1.2
2.400001 3.94 10.4 F7E3A5 1.2
3.600002 3.94 10.4 FFEFAD 1.2
4.800002 3.94 9.200001 FFE7AD 1.2
6.000002 3.94 8 F7E3AD 1.2
7.200002 3.94 6.8 F7E3A5 1.2
8.400002 3.94 4.4 291400 1.2
-8.400002 5.14 4.400002 391C00 1.2
-7.200001 5.14 6.800002 E9AA23 1.2
-6 5.14 8.000002 E7AE29 1.2
-4.8 5.14 9.200002 D89A1E 1.2
-3.6 5.14 10.4 EFB629 1.2
-2.399999 5.14 10.4 FFEFAD 1.2
-1.199999 5.14 10.4 C07F26 1.2
9.536743E-07 5.14 11.6 965C1B 1.2
1.200001 5.14 10.4 EFC34A 1.2
2.400001 5.14 10.4 843000 1.2
3.600002 5.14 10.4 843408 1.2
4.800002 5.14 9.200001 F7E3A5 1.2
6.000002 5.14 8 F7E7A5 1.2
7.200002 5.14 6.8 996934 1.2
8.400002 5.14 4.4 291400 1.2
-8.400002 6.34 4.400002 391C04 1.2
-7.200001 6.34 6.800002 B58118 1.2
-6 6.34 8.000002 C0851E 1.2
-4.8 6.34 9.200002 BD861E 1.2
-3.6 6.34 10.4 FFC329 1.2
-2.399999 6.34 10.4 FFE7A5 1.2
-1.199999 6.34 10.4 8B4512 1.2
9.536743E-07 6.34 11.6 915413 1.2
1.200001 6.34 10.4 EFC34A 1.2
2.400001 6.34 10.4 CBA66E 1.2
3.600002 6.34 10.4 F7E7A5 1.2
4.800002 6.34 9.200001 F7E0A2 1.2
6.000002 6.34 8 4A5508 1.2
7.200002 6.34 6.8 F4DB99 1.2
8.400002 6.34 4.4 291400 1.2
-8.400002 7.54 4.400002 EFAE21 1.2
-7.200001 7.54 6.800002 D1931D 1.2
-6 7.54 8.000002 E1A82B 1.2
-4.8 7.54 9.200002 C5881D 1.2
-3.6 7.54 10.4 F7CB39 1.2
-2.399999 7.54 10.4 F7C731 1.2
-1.199999 7.54 10.4 E6B52E 1.2
9.536743E-07 7.54 11.6 E6B628 1.2
1.200001 7.54 10.4 F7C731 1.2
2.400001 7.54 10.4 F7C331 1.2
3.600002 7.54 10.4 F7C731 1.2
4.800002 7.54 9.200001 F7C329 1.2
6.000002 7.54 8 F7C329 1.2
7.200002 7.54 6.8 F7C331 1.2
8.400002 7.54 4.4 EFAE21 1.2
-8.400002 8.740001 4.400002 F4C436 1.2
-7.200001 8.740001 6.800002 E6B12E 1.2
-6 8.740001 8.000002 E3B331 1.2
-4.8 8.740001 9.200002 D69E29 1.2
-3.6 8.740001 10.4 F7C739 1.2
-2.399999 8.740001 10.4 F1CA3C 1.2
-1.199999 8.740001 10.4 F7CD3C 1.2
9.536743E-07 8.740001 11.6 F1CA3C 1.2
1.200001 8.740001 10.4 F7CF39 1.2
2.400001 8.740001 10.4 F7CF39 1.2
3.600002 8.740001 10.4 F7CF39 1.2
4.800002 8.740001 9.200001 F7CF39 1.2
6.000002 8.740001 8 F7CF39 1.2
7.200002 8.740001 6.8 F7CF39 1.2
8.400002 8.740001 4.4 F4C739 1.2
-8.400002 9.940001 4.400002 F4C839 1.2
-7.200001 9.940001 6.800002 CB9429 1.2
-6 9.940001 8.000002 AD7921 1.2
-4.8 9.940001 9.200002 AD7518 1.2
-3.6 9.940001 10.4 F7CF39 1.2
-2.399999 9.940001 10.4 F1C137 1.2
-1.199999 9.940001 10.4 E1B42E 1.2
9.536743E-07 9.940001 11.6 E7BA31 1.2
1.200001 9.940001 10.4 E7BE31 1.2
2.400001 9.940001 10.4 EFBE39 1.2
3.600002 9.940001 10.4 EFC339 1.2
4.800002 9.940001 9.200001 EFC339 1.2
6.000002 9.940001 8 EFBE31 1.2
7.200002 9.940001 6.8 EFC339 1.2
8.400002 9.940001 4.4 F1C839 1.2
-8.400002 11.14 4.400002 F1C839 1.2
-7.200001 11.14 6.800002 D0AD31 1.2
-6 11.14 8.000002 EFB631 1.2
-4.8 11.14 9.200002 EFB231 1.2
-3.6 11.14 10.4 FFCF39 1.2
-2.399999 11.14 10.4 D68310 1.2
-1.199999 11.14 10.4 AC650A 1.2
9.536743E-07 11.14 11.6 DE8610 1.2
1.200001 11.14 10.4 A7620A 1.2
2.400001 11.14 10.4 9C5508 1.2
3.600002 11.14 10.4 8C4D08 1.2
4.800002 11.14 9.200001 DE8A10 1.2
6.000002 11.14 8 8C4D08 1.2
7.200002 11.14 6.8 C2730D 1.2
8.400002 11.14 4.4 F1C839 1.2
-9.600001 12.34 2.000001 412C20 1.2
-8.400002 12.34 6.800002 3F2A21 1.2
-7.2 12.34 8.000002 442A21 1.2
-6 12.34 9.200003 472E21 1.2
-4.8 12.34 10.4 442D21 1.2
-3.6 12.34 10.4 442E23 1.2
-2.399999 12.34 11.6 442D21 1.2
-1.199999 12.34 11.6 422D21 1.2
9.536743E-07 12.34 11.6 422C21 1.2
1.200001 12.34 11.6 3F2D21 1.2
2.400001 12.34 11.6 442D21 1.2
3.600002 12.34 10.4 472E21 1.2
4.800002 12.34 10.4 472D21 1.2
6.000002 12.34 9.2 422C21 1.2
7.200002 12.34 8 472E21 1.2
8.400002 12.34 6.799999 442D21 1.2
9.600001 12.34 1.999999 3F2A21 1.2
9.536743E-07 13.54 11.6 472E21 1.2
9.536743E-07 0.34 10.4 4C3126 1.2
-3.6 13.54 10.4 4A3021 1.2
-2.399999 12.34 10.4 785E29 1.2
-1.199999 12.34 10.4 F7CF39 1.2
9.536743E-07 12.34 10.4 F7CF39 1.2
1.200001 12.34 10.4 F7CF39 1.2
2.400001 12.34 10.4 785E29 1.2
3.600002 13.54 10.4 412C21 1.2
-3.6 0.34 9.200002 523429 1.2
-2.399999 0.34 9.200002 4C3123 1.2
-1.199999 0.34 9.200001 4C3126 1.2
9.536743E-07 0.34 9.200001 4C3126 1.2
1.200001 0.34 9.200001 442E23 1.2
2.400001 0.34 9.200001 472E21 1.2
3.600002 0.34 9.200001 442D21 1.2
-6 13.54 9.200003 442D21 1.2
-4.8 12.34 9.200002 F7CF39 1.2
-3.6 12.34 9.200002 F7C739 1.2
-2.399999 12.34 9.200002 F7CB39 1.2
-1.199999 12.34 9.200001 F7C839 1.2
9.536743E-07 12.34 9.200001 F7C939 1.2
1.200001 12.34 9.200001 F7C839 1.2
2.400001 12.34 9.200001 F7C839 1.2
3.600002 12.34 9.200001 F7C739 1.2
4.800002 12.34 9.200001 F7CF39 1.2
6.000002 13.54 9.2 442D21 1.2
-4.8 0.34 8.000002 523829 1.2
-3.6 0.34 8.000002 523829 1.2
-2.399999 0.34 8.000001 523829 1.2
-1.199999 0.34 8.000002 4C3126 1.2
9.536743E-07 0.34 8.000001 472E23 1.2
1.200001 0.34 8 473126 1.2
2.400001 0.34 8.000001 473126 1.2
3.600002 0.34 8.000001 442E23 1.2
4.800002 0.34 8 442D21 1.2
-7.2 13.54 8.000002 3E2A21 1.2
-6 12.34 8.000002 EFD339 1.2
-4.8 12.34 8.000002 F7C839 1.2
-3.6 12.34 8.000002 F7C839 1.2
-2.399999 12.34 8.000001 F7C839 1.2
-1.199999 12.34 8.000002 F7C839 1.2
9.536743E-07 12.34 8.000001 F1C839 1.2
1.200001 12.34 8 F7C839 1.2
2.400001 12.34 8.000001 F7C839 1.2
3.600002 12.34 8.000001 F7CB39 1.2
4.800002 12.34 8 F7CB39 1.2
6.000002 12.34 8 F7D339 1.2
7.200002 13.54 8 422D21 1.2
-6 0.34 6.800002 523829 1.2
-4.8 0.34 6.800001 523829 1.2
-3.6 0.34 6.800001 523829 1.2
-2.4 0.34 6.800001 4A3021 1.2
-1.2 0.34 6.800001 4A3021 1.2
4.768372E-07 0.34 6.800001 442D21 1.2
1.200001 0.34 6.800001 4A3021 1.2
2.400001 0.34 6.8 472E26 1.2
3.600001 0.34 6.8 442E23 1.2
4.800001 0.34 6.8 422C21 1.2
6.000001 0.34 6.8 422C21 1.2
-7.200001 12.34 6.800002 F7CF39 1.2
-6 12.34 6.800002 F7D339 1.2
-4.8 12.34 6.800001 F7CB39 1.2
-3.6 12.34 6.800001 D6AA3E 1.2
-2.4 12.34 6.800001 CBA747 1.2
-1.2 12.34 6.800001 9F7447 1.2
4.768372E-07 12.34 6.800001 8C6963 1.2
1.200001 12.34 6.800001 A47B4F 1.2
2.400001 12.34 6.8 F7CF39 1.2
3.600001 12.34 6.8 F7CF39 1.2
4.800001 12.34 6.8 D8B255 1.2
6.000001 12.34 6.8 B59252 1.2
7.200002 12.34 6.8 F7D739 1.2
-8.400002 0.34 5.600001 573A29 1.2
-7.200001 0.34 5.600001 573A29 1.2
-6 0.34 5.600001 523829 1.2
-4.8 0.34 5.600001 4F3526 1.2
-3.6 0.34 5.600001 523829 1.2
-2.4 0.34 5.600001 4F3526 1.2
-1.2 0.34 5.600001 4C3126 1.2
4.768372E-07 0.34 5.6 442D21 1.2
1.200001 0.34 5.6 472E21 1.2
2.400001 0.34 5.6 472E26 1.2
3.600001 0.34 5.6 422C21 1.2
4.800001 0.34 5.6 422C21 1.2
6.000001 0.34 5.599999 4A3421 1.2
7.200002 0.34 5.6 442E21 1.2
8.400002 0.34 5.599999 422818 1.2
-8.400002 12.34 5.600001 3C2621 1.2
8.400002 12.34 5.599999 472E21 1.2
-8.400002 1.54 5.600001 311800 1.2
8.400002 1.54 5.599999 FFA618 1.2
-8.400002 2.74 5.600001 291400 1.2
8.400002 2.74 5.599999 CE7108 1.2
-8.400002 3.94 5.600001 291400 1.2
8.400002 3.94 5.599999 CE7108 1.2
-8.400002 5.14 5.600001 291400 1.2
8.400002 5.14 5.599999 CE7508 1.2
-8.400002 6.34 5.600001 291400 1.2
8.400002 6.34 5.599999 CE7108 1.2
-8.400002 7.54 5.600001 EFAE21 1.2
8.400002 7.54 5.599999 F1BB2E 1.2
-8.400002 8.740001 5.600001 F1C233 1.2
8.400002 8.740001 5.599999 F7C739 1.2
-8.400002 9.940001 5.600001 F1C839 1.2
8.400002 9.940001 5.599999 F7C739 1.2
-8.400002 11.14 5.600001 F1C739 1.2
8.400002 11.14 5.599999 F1C93C 1.2
-8.400002 13.54 5.600001 422C21 1.2
-7.200001 12.34 5.600001 FFCF39 1.2
-6 12.34 5.600001 F7CB52 1.2
-4.8 12.34 5.600001 946152 1.2
-3.6 12.34 5.600001 EECC5D 1.2
-2.4 12.34 5.600001 E6BD5A 1.2
-1.2 12.34 5.600001 E6BB5A 1.2
4.768372E-07 12.34 5.6 DEB252 1.2
1.200001 12.34 5.6 DEB65A 1.2
2.400001 12.34 5.6 F7D763 1.2
3.600001 12.34 5.6 E9B74A 1.2
4.800001 12.34 5.6 310421 1.2
6.000001 12.34 5.599999 A1794C 1.2
7.200002 12.34 5.6 F4C733 1.2
8.400002 13.54 5.599999 4C3423 1.2
-7.200001 0.34 4.400001 573E2E 1.2
-6.000001 0.34 4.400002 523829 1.2
-4.8 0.34 4.400001 4F3526 1.2
-3.6 0.34 4.400001 4F3526 1.2
-2.4 0.34 4.400001 523429 1.2
-1.2 0.34 4.400001 472E23 1.2
2.384186E-07 0.34 4.400001 422C21 1.2
1.2 0.34 4.4 4A3421 1.2
2.400001 0.34 4.4 472E21 1.2
3.600001 0.34 4.4 442D21 1.2
4.800001 0.34 4.4 442D21 1.2
6.000001 0.34 4.4 442E21 1.2
7.200002 0.34 4.399999 422C21 1.2
-9.600001 12.34 4.400002 3C2921 1.2
9.600001 12.34 4.4 472E21 1.2
-8.400002 12.34 4.400002 F7CB31 1.2
-7.200001 12.34 4.400001 E7A618 1.2
-6.000001 12.34 4.400002 F7C739 1.2
-4.8 12.34 4.400001 DEA64A 1.2
-3.6 12.34 4.400001 F7D35A 1.2
-2.4 12.34 4.400001 F7DB73 1.2
-1.2 12.34 4.400001 EEDCB7 1.2
2.384186E-07 12.34 4.400001 ECDDBD 1.2
1.2 12.34 4.4 F7DF7B 1.2
2.400001 12.34 4.4 F7D76B 1.2
3.600001 12.34 4.4 DEAA4A 1.2
4.800001 12.34 4.4 F7CB39 1.2
6.000001 12.34 4.4 D69E21 1.2
7.200002 12.34 4.399999 F7C731 1.2
8.400002 12.34 4.4 F7C731 1.2
-8.400002 0.34 3.200001 573A2E 1.2
-7.200001 0.34 3.200001 573E2E 1.2
-6.000001 0.34 3.200001 523829 1.2
-4.800001 0.34 3.200001 523829 1.2
-3.6 0.34 3.200001 4F3526 1.2
-2.4 0.34 3.2 4C3123 1.2
-1.2 0.34 3.2 4C3123 1.2
1.192093E-07 0.34 3.2 4A3021 1.2
1.2 0.34 3.2 4A3021 1.2
2.400001 0.34 3.2 4A3021 1.2
3.600001 0.34 3.2 472E21 1.2
4.800001 0.34 3.2 472E21 1.2
6.000001 0.34 3.199999 422C21 1.2
7.200001 0.34 3.199999 422C21 1.2
8.400002 0.34 3.199999 442E23 1.2
-8.400002 1.54 3.200001 391A00 1.2
8.400002 1.54 3.199999 391C04 1.2
-8.400002 2.74 3.200001 391C00 1.2
8.400002 2.74 3.199999 391C04 1.2
-8.400002 3.94 3.200001 391C00 1.2
8.400002 3.94 3.199999 391C04 1.2
-8.400002 5.14 3.200001 391C04 1.2
8.400002 5.14 3.199999 391C04 1.2
-8.400002 6.34 3.200001 391C04 1.2
8.400002 6.34 3.199999 391C04 1.2
-8.400002 7.54 3.200001 EFAA21 1.2
8.400002 7.54 3.199999 EFAE21 1.2
-8.400002 8.740001 3.200001 F4C433 1.2
8.400002 8.740001 3.199999 F7C533 1.2
-8.400002 9.940001 3.200001 F4C739 1.2
8.400002 9.940001 3.199999 F1C839 1.2
-8.400002 11.14 3.200001 F1C839 1.2
8.400002 11.14 3.199999 F4C939 1.2
-9.600001 12.34 3.200001 422C21 1.2
9.600001 12.34 3.199999 422C21 1.2
-8.400002 12.34 3.200001 F7AA18 1.2
-7.200001 12.34 3.200001 F7BA29 1.2
-6.000001 12.34 3.200001 F7C331 1.2
-4.800001 12.34 3.200001 F7D363 1.2
-3.6 12.34 3.200001 E6CA91 1.2
-2.4 12.34 3.2 D3B991 1.2
-1.2 12.34 3.2 D0A870 1.2
1.192093E-07 12.34 3.2 D8BC8C 1.2
1.2 12.34 3.2 CE8E42 1.2
2.400001 12.34 3.2 E7DFC6 1.2
3.600001 12.34 3.2 EEBA52 1.2
4.800001 12.34 3.2 ECAF39 1.2
6.000001 12.34 3.199999 ECA523 1.2
7.200001 12.34 3.199999 F7B629 1.2
8.400002 12.34 3.199999 FFAE18 1.2
-8.400002 0.34 2.000001 573A2E 1.2
-7.200001 0.34 2.000001 523829 1.2
-6.000001 0.34 2.000001 523829 1.2
-4.800001 0.34 2 523829 1.2
-3.600001 0.34 2 4F3526 1.2
-2.4 0.34 2 4C3123 1.2
-1.2 0.34 2 422C21 1.2
0 0.34 2 442D21 1.2
1.2 0.34 2 442D21 1.2
2.4 0.34 2 472E21 1.2
3.600001 0.34 2 442D21 1.2
4.800001 0.34 2 442D21 1.2
6.000001 0.34 1.999999 442D21 1.2
7.200001 0.34 1.999999 442E23 1.2
8.400002 0.34 1.999999 473126 1.2
-9.600001 0.34 2.000001 52717B 1.2
9.600001 0.34 1.999999 422818 1.2
-9.600001 1.54 2.000001 391C04 1.2
9.600001 1.54 1.999999 391C00 1.2
-9.600001 2.74 2.000001 391C04 1.2
9.600001 2.74 1.999999 391C00 1.2
-9.600001 3.94 2.000001 391C04 1.2
9.600001 3.94 1.999999 391C00 1.2
-9.600001 5.14 2.000001 391C04 1.2
9.600001 5.14 1.999999 391C00 1.2
-9.600001 6.34 2.000001 391C04 1.2
9.600001 6.34 1.999999 391C04 1.2
-9.600001 7.54 2.000001 EFAA21 1.2
9.600001 7.54 1.999999 EFAA21 1.2
-9.600001 8.740001 2.000001 F7C433 1.2
9.600001 8.740001 1.999999 F4C131 1.2
-9.600001 9.940001 2.000001 F7C839 1.2
9.600001 9.940001 1.999999 F4C531 1.2
-9.600001 11.14 2.000001 F7CC39 1.2
9.600001 11.14 1.999999 F7CA39 1.2
-9.600001 13.54 2.000001 3F2A21 1.2
-8.400002 12.34 2.000001 291000 1.2
-7.200001 12.34 2.000001 291000 1.2
-6.000001 12.34 2.000001 291000 1.2
-4.800001 12.34 2 291000 1.2
-3.600001 12.34 2 290800 1.2
-2.4 12.34 2 C57E39 1.2
-1.2 12.34 2 C58444 1.2
0 12.34 2 C68A42 1.2
1.2 12.34 2 DCCAAD 1.2
2.4 12.34 2 D9C9B0 1.2
3.600001 12.34 2 210C00 1.2
4.800001 12.34 2 E75139 1.2
6.000001 12.34 1.999999 211400 1.2
7.200001 12.34 1.999999 291000 1.2
8.400002 12.34 1.999999 291000 1.2
9.600001 13.54 1.999999 412C21 1.2
-8.400002 0.34 0.8000011 543B2B 1.2
-7.200001 0.34 0.8000007 523929 1.2
-6.000001 0.34 0.8000007 523929 1.2
-4.800001 0.34 0.8000002 4C3223 1.2
-3.600001 0.34 0.8000004 4C3123 1.2
-2.400001 0.34 0.8 4F3226 1.2
-1.2 0.34 0.8000001 472E26 1.2
-1.192093E-07 0.34 0.7999998 442D23 1.2
1.2 0.34 0.7999997 4A3021 1.2
2.4 0.34 0.7999996 422C21 1.2
3.6 0.34 0.7999995 422C21 1.2
4.800001 0.34 0.7999992 442D21 1.2
6.000001 0.34 0.7999988 472E21 1.2
7.200001 0.34 0.7999988 4A3021 1.2
8.400002 0.34 0.7999988 4A3021 1.2
-8.400002 1.54 0.8000011 391C04 1.2
8.400002 1.54 0.7999988 391C04 1.2
-8.400002 2.74 0.8000011 391C04 1.2
8.400002 2.74 0.7999988 391C04 1.2
-8.400002 3.94 0.8000011 391C04 1.2
8.400002 3.94 0.7999988 391A00 1.2
-8.400002 5.14 0.8000011 391C04 1.2
8.400002 5.14 0.7999988 391C00 1.2
-8.400002 6.34 0.8000011 391C04 1.2
8.400002 6.34 0.7999988 391C00 1.2
-8.400002 7.54 0.8000011 EFAA21 1.2
8.400002 7.54 0.7999988 EFAA21 1.2
-8.400002 8.740001 0.8000011 F7C533 1.2
8.400002 8.740001 0.7999988 F4C431 1.2
-8.400002 9.940001 0.8000011 F7C939 1.2
8.400002 9.940001 0.7999988 F4C436 1.2
-8.400002 11.14 0.8000011 F7C939 1.2
8.400002 11.14 0.7999988 F7CB39 1.2
-9.600001 12.34 0.8000011 422C21 1.2
9.600001 12.34 0.7999992 422C21 1.2
-8.400002 12.34 0.8000011 391C00 1.2
-7.200001 12.34 0.8000007 391C04 1.2
-6.000001 12.34 0.8000007 391C04 1.2
-4.800001 12.34 0.8000002 391C00 1.2
-3.600001 12.34 0.8000004 291000 1.2
-2.400001 12.34 0.8 C0B8A4 1.2
-1.2 12.34 0.8000001 BDBEBD 1.2
-1.192093E-07 12.34 0.7999998 C6CBC6 1.2
1.2 12.34 0.7999997 CDC2B2 1.2
2.4 12.34 0.7999996 998876 1.2
3.6 12.34 0.7999995 DE4D31 1.2
4.800001 12.34 0.7999992 BD8E63 1.2
6.000001 12.34 0.7999988 C63C29 1.2
7.200001 12.34 0.7999988 391C04 1.2
8.400002 12.34 0.7999988 391800 1.2
-8.400002 0.34 -0.3999996 543B2B 1.2
-7.200002 0.34 -0.3999991 523629 1.2
-6.000001 0.34 -0.3999996 523629 1.2
-4.800001 0.34 -0.4000001 4C3023 1.2
-3.600001 0.34 -0.3999999 4F3226 1.2
-2.400001 0.34 -0.3999999 4C3123 1.2
-1.2 0.34 -0.4000001 442D23 1.2
-2.384186E-07 0.34 -0.4000003 442D23 1.2
1.2 0.34 -0.4000006 442D21 1.2
2.4 0.34 -0.4000006 422821 1.2
3.6 0.34 -0.4000008 473021 1.2
4.8 0.34 -0.4000008 473121 1.2
6.000001 0.34 -0.4000013 4A3421 1.2
7.200001 0.34 -0.400001 3E2A21 1.2
8.400002 0.34 -0.4000015 4A3021 1.2
-8.400002 1.54 -0.3999996 391C04 1.2
8.400002 1.54 -0.4000015 391C04 1.2
-8.400002 2.74 -0.3999996 391C04 1.2
8.400002 2.74 -0.4000015 391C00 1.2
-8.400002 3.94 -0.3999996 391C04 1.2
8.400002 3.94 -0.4000015 391C04 1.2
-8.400002 5.14 -0.3999996 391C04 1.2
8.400002 5.14 -0.4000015 391A00 1.2
-8.400002 6.34 -0.3999996 391C04 1.2
8.400002 6.34 -0.4000015 391C04 1.2
-8.400002 7.54 -0.3999996 EFAE21 1.2
8.400002 7.54 -0.4000015 EFAA21 1.2
-8.400002 8.740001 -0.3999996 F7C433 1.2
8.400002 8.740001 -0.4000015 F4C433 1.2
-8.400002 9.940001 -0.3999996 F4C739 1.2
8.400002 9.940001 -0.4000015 F7C739 1.2
-8.400002 11.14 -0.3999996 F7C939 1.2
8.400002 11.14 -0.4000015 F7CA39 1.2
-9.600001 12.34 -0.3999996 422C21 1.2
9.600001 12.34 -0.4000015 422C21 1.2
-8.400002 12.34 -0.3999996 391800 1.2
-7.200002 12.34 -0.3999991 391C04 1.2
-6.000001 12.34 -0.3999996 391C04 1.2
-4.800001 12.34 -0.4000001 311800 1.2
-3.600001 12.34 -0.3999999 F7F3DE 1.2
-2.400001 12.34 -0.3999999 BDB7AC 1.2
-1.2 12.34 -0.4000001 B2AEA7 1.2
-2.384186E-07 12.34 -0.4000003 B7B7AF 1.2
1.2 12.34 -0.4000006 D3CEC5 1.2
2.4 12.34 -0.4000006 F7EFDE 1.2
3.6 12.34 -0.4000008 BAA494 1.2
4.8 12.34 -0.4000008 D62C18 1.2
6.000001 12.34 -0.4000013 291800 1.2
7.200001 12.34 -0.400001 391C04 1.2
8.400002 12.34 -0.4000015 391800 1.2
-8.400002 0.34 -1.599999 523421 1.2
-7.200002 0.34 -1.6 543629 1.2
-6.000001 0.34 -1.599999 4F3526 1.2
-4.800001 0.34 -1.6 4F3526 1.2
-3.600001 0.34 -1.6 4C3123 1.2
-2.400001 0.34 -1.600001 4C3123 1.2
-1.200001 0.34 -1.6 4A3429 1.2
-4.768372E-07 0.34 -1.600001 472E23 1.2
1.2 0.34 -1.600001 4C3126 1.2
2.4 0.34 -1.600001 472D21 1.2
3.6 0.34 -1.600001 473021 1.2
4.8 0.34 -1.600001 473121 1.2
6 0.34 -1.600002 422C21 1.2
7.200001 0.34 -1.600002 422C21 1.2
8.400002 0.34 -1.600001 4F372C 1.2
-8.400002 12.34 -1.599999 422C21 1.2
8.400002 12.34 -1.600001 472E21 1.2
-8.400002 1.54 -1.599999 391C04 1.2
8.400002 1.54 -1.600001 391C00 1.2
-8.400002 2.74 -1.599999 391C04 1.2
8.400002 2.74 -1.600001 391C04 1.2
-8.400002 3.94 -1.599999 391C00 1.2
8.400002 3.94 -1.600001 391A00 1.2
-8.400002 5.14 -1.599999 391C00 1.2
8.400002 5.14 -1.600001 391C00 1.2
-8.400002 6.34 -1.599999 391C04 1.2
8.400002 6.34 -1.600001 391A00 1.2
-8.400002 7.54 -1.599999 EFAA21 1.2
8.400002 7.54 -1.600001 EFAA21 1.2
-8.400002 8.740001 -1.599999 F7C536 1.2
8.400002 8.740001 -1.600001 F7C133 1.2
-8.400002 9.940001 -1.599999 F7C839 1.2
8.400002 9.940001 -1.600001 F4C836 1.2
-8.400002 11.14 -1.599999 F4CA39 1.2
8.400002 11.14 -1.600001 F7CB39 1.2
-8.400002 13.54 -1.599999 472D23 1.2
-7.200002 12.34 -1.6 391A00 1.2
-6.000001 12.34 -1.599999 391C04 1.2
-4.800001 12.34 -1.6 311408 1.2
-3.600001 12.34 -1.6 A5A29C 1.2
-2.400001 12.34 -1.600001 8C867B 1.2
-1.200001 12.34 -1.6 B5B6AD 1.2
-4.768372E-07 12.34 -1.600001 BABAB2 1.2
1.2 12.34 -1.600001 E7DFD6 1.2
2.4 12.34 -1.600001 E7E3D6 1.2
3.6 12.34 -1.600001 F7EBCE 1.2
4.8 12.34 -1.600001 A7A08E 1.2
6 12.34 -1.600002 391C04 1.2
7.200001 12.34 -1.600002 391C00 1.2
8.400002 13.54 -1.600001 472D23 1.2
-7.200002 0.34 -2.8 543629 1.2
-6.000001 0.34 -2.8 523829 1.2
-4.800001 0.34 -2.8 4C3223 1.2
-3.600001 0.34 -2.8 442E23 1.2
-2.400001 0.34 -2.8 472E23 1.2
-1.200001 0.34 -2.800001 4C3126 1.2
-4.768372E-07 0.34 -2.800001 472E23 1.2
1.2 0.34 -2.800001 422C21 1.2
2.4 0.34 -2.800001 442A21 1.2
3.6 0.34 -2.800001 472D21 1.2
4.8 0.34 -2.800001 422C21 1.2
6 0.34 -2.800002 422C21 1.2
7.200001 0.34 -2.800002 442D23 1.2
-7.200002 1.54 -2.8 391C04 1.2
7.200001 1.54 -2.800002 391C00 1.2
-7.200002 2.74 -2.8 391C04 1.2
7.200001 2.74 -2.800002 391C04 1.2
-7.200002 3.94 -2.8 391C04 1.2
7.200001 3.94 -2.800002 391A00 1.2
-7.200002 5.14 -2.8 391C04 1.2
7.200001 5.14 -2.800002 391C00 1.2
-7.200002 6.34 -2.8 391C04 1.2
7.200001 6.34 -2.800002 391C04 1.2
-7.200002 7.54 -2.8 EFAE21 1.2
7.200001 7.54 -2.800002 EFAA21 1.2
-7.200002 8.740001 -2.8 F7C433 1.2
7.200001 8.740001 -2.800002 F4C436 1.2
-7.200002 9.940001 -2.8 F7C839 1.2
7.200001 9.940001 -2.800002 F7C839 1.2
-7.200002 11.14 -2.8 F7C839 1.2
7.200001 11.14 -2.800002 F7CB39 1.2
-8.400002 12.34 -2.799999 422C21 1.2
8.400002 12.34 -2.800002 422C21 1.2
-7.200002 12.34 -2.8 3C1C05 1.2
-6.000001 12.34 -2.8 391C04 1.2
-4.800001 12.34 -2.8 311400 1.2
-3.600001 12.34 -2.8 AAA294 1.2
-2.400001 12.34 -2.8 949284 1.2
-1.200001 12.34 -2.800001 A1A197 1.2
-4.768372E-07 12.34 -2.800001 C5C6BD 1.2
1.2 12.34 -2.800001 DEDFD6 1.2
2.4 12.34 -2.800001 D6D2CB 1.2
3.6 12.34 -2.800001 210800 1.2
4.8 12.34 -2.800001 655B4A 1.2
6 12.34 -2.800002 391C04 1.2
7.200001 12.34 -2.800002 391A05 1.2
-7.200002 12.34 -4 442D21 1.2
-6.000002 0.34 -4 523829 1.2
-4.800002 0.34 -4 4C3123 1.2
-3.600002 0.34 -4.000001 473126 1.2
-2.400001 0.34 -4.000001 4C3126 1.2
-1.200001 0.34 -4 472E23 1.2
-9.536743E-07 0.34 -4.000001 3E2A21 1.2
1.199999 0.34 -4.000001 3E2A21 1.2
2.399999 0.34 -4.000001 422C21 1.2
3.6 0.34 -4.000001 422C21 1.2
4.8 0.34 -4.000001 422C21 1.2
6 0.34 -4.000002 442D23 1.2
7.2 12.34 -4.000002 3F2A21 1.2
-6.000002 1.54 -4 391C00 1.2
6 1.54 -4.000002 391C04 1.2
-6.000002 2.74 -4 391C04 1.2
6 2.74 -4.000002 391C04 1.2
-6.000002 3.94 -4 391C04 1.2
6 3.94 -4.000002 391C00 1.2
-6.000002 5.14 -4 391C04 1.2
6 5.14 -4.000002 391C00 1.2
-6.000002 6.34 -4 391C04 1.2
6 6.34 -4.000002 391C04 1.2
-6.000002 7.54 -4 EFAA21 1.2
6 7.54 -4.000002 EFAA21 1.2
-6.000002 8.740001 -4 F7C433 1.2
6 8.740001 -4.000002 F7C433 1.2
-6.000002 9.940001 -4 F4C939 1.2
6 9.940001 -4.000002 F4C839 1.2
-6.000002 11.14 -4 F7CA39 1.2
6 11.14 -4.000002 F7CC39 1.2
-7.200002 13.54 -4 412C21 1.2
-6.000002 12.34 -4 391800 1.2
-4.800002 12.34 -4 391C04 1.2
-3.600002 12.34 -4.000001 391A00 1.2
-2.400001 12.34 -4.000001 311408 1.2
-1.200001 12.34 -4 391C08 1.2
-9.536743E-07 12.34 -4.000001 422C18 1.2
1.199999 12.34 -4.000001 290C00 1.2
2.399999 12.34 -4.000001 311400 1.2
3.6 12.34 -4.000001 391C00 1.2
4.8 12.34 -4.000001 391908 1.2
6 12.34 -4.000002 391A05 1.2
7.2 13.54 -4.000002 422C21 1.2
-6.000002 12.34 -5.2 422C21 1.2
-4.800002 0.34 -5.200001 523429 1.2
-3.600002 0.34 -5.200001 4C3123 1.2
-2.400001 0.34 -5.200001 473126 1.2
-1.200001 0.34 -5.200001 442E23 1.2
-9.536743E-07 0.34 -5.200001 442A21 1.2
1.199999 0.34 -5.200001 422C21 1.2
2.399999 0.34 -5.200002 422C21 1.2
3.6 0.34 -5.200002 3F2921 1.2
4.8 0.34 -5.200002 3F2921 1.2
6 12.34 -5.200002 3F2921 1.2
-4.800002 1.54 -5.200001 391C00 1.2
4.8 1.54 -5.200002 391C00 1.2
-4.800002 2.74 -5.200001 391C04 1.2
4.8 2.74 -5.200002 391C04 1.2
-4.800002 3.94 -5.200001 391C04 1.2
4.8 3.94 -5.200002 311800 1.2
-4.800002 5.14 -5.200001 391C04 1.2
4.8 5.14 -5.200002 E75939 1.2
-4.800002 6.34 -5.200001 391C04 1.2
4.8 6.34 -5.200002 E74531 1.2
-4.800002 7.54 -5.200001 F1B52E 1.2
4.8 7.54 -5.200002 EFAE29 1.2
-4.800002 8.740001 -5.200001 F7C742 1.2
4.8 8.740001 -5.200002 F7C739 1.2
-4.800002 9.940001 -5.200001 F7CF5A 1.2
4.8 9.940001 -5.200002 8E6747 1.2
-4.800002 11.14 -5.200001 F7C839 1.2
4.8 11.14 -5.200002 C39E65 1.2
-6.000002 13.54 -5.2 422C21 1.2
-4.800002 12.34 -5.200001 391800 1.2
-3.600002 12.34 -5.200001 391C00 1.2
-2.400001 12.34 -5.200001 391C04 1.2
-1.200001 12.34 -5.200001 391C00 1.2
-9.536743E-07 12.34 -5.200001 391C04 1.2
1.199999 12.34 -5.200001 391C00 1.2
2.399999 12.34 -5.200002 391A00 1.2
3.6 12.34 -5.200002 391C00 1.2
4.8 12.34 -5.200002 391A02 1.2
6 13.54 -5.200002 3C2921 1.2
-3.600002 0.34 -6.400002 422418 1.2
-2.400001 0.34 -6.400001 473126 1.2
-1.200001 0.34 -6.400002 442A21 1.2
-9.536743E-07 0.34 -6.400002 442A21 1.2
1.199999 0.34 -6.400002 442D21 1.2
2.399999 0.34 -6.400002 442D21 1.2
3.6 0.34 -6.400002 4F3B34 1.2
-3.600002 12.34 -6.400002 442D21 1.2
3.6 12.34 -6.400002 472E21 1.2
-2.400001 1.54 -6.400001 311000 1.2
-3.600002 1.54 -6.400002 391C00 1.2
3.6 1.54 -6.400002 391C00 1.2
2.399999 1.54 -6.400002 311400 1.2
-2.400001 2.74 -6.400001 AAA394 1.2
-3.600002 2.74 -6.400002 DEDBC6 1.2
3.6 2.74 -6.400002 A79C89 1.2
2.399999 2.74 -6.400002 8E8376 1.2
-2.400001 3.94 -6.400001 EFEBD6 1.2
-3.600002 3.94 -6.400002 948A7B 1.2
3.6 3.94 -6.400002 EFF3DE 1.2
2.399999 3.94 -6.400002 F7EFDE 1.2
-2.400001 5.14 -6.400001 311400 1.2
-3.600002 5.14 -6.400002 391A00 1.2
3.6 5.14 -6.400002 EF4529 1.2
2.399999 5.14 -6.400002 100800 1.2
-2.400001 6.34 -6.400001 F7F3E7 1.2
-3.600002 6.34 -6.400002 391C04 1.2
3.6 6.34 -6.400002 D34A31 1.2
2.399999 6.34 -6.400002 945D4A 1.2
-2.400001 7.54 -6.400001 F7DF91 1.2
-3.600002 7.54 -6.400002 F7CE58 1.2
3.6 7.54 -6.400002 F1C24A 1.2
2.399999 7.54 -6.400002 F7DF94 1.2
-2.400001 8.740001 -6.400001 F7DB6B 1.2
-3.600002 8.740001 -6.400002 F7D763 1.2
3.6 8.740001 -6.400002 F7D35A 1.2
2.399999 8.740001 -6.400002 F4D060 1.2
-2.400001 9.940001 -6.400001 F1C852 1.2
-3.600002 9.940001 -6.400002 A7794A 1.2
3.6 9.940001 -6.400002 FFCF42 1.2
2.399999 9.940001 -6.400002 E1B544 1.2
-2.400001 11.14 -6.400001 7B5542 1.2
-3.600002 11.14 -6.400002 FFE752 1.2
3.6 11.14 -6.400002 FFDB4A 1.2
2.399999 11.14 -6.400002 D6AF4A 1.2
-4.800002 12.34 -6.400002 3F2A21 1.2
4.8 12.34 -6.400002 4A3021 1.2
-3.600002 13.54 -6.400002 422C21 1.2
-2.400001 12.34 -6.400001 391800 1.2
-1.200001 12.34 -6.400002 391800 1.2
-9.536743E-07 12.34 -6.400002 391C00 1.2
1.199999 12.34 -6.400002 391800 1.2
2.399999 12.34 -6.400002 391800 1.2
3.6 13.54 -6.400002 422C21 1.2
-9.536743E-07 12.34 -7.600001 422C21 1.2
-9.536743E-07 0.34 -7.600001 180000 1.2
-1.200001 1.54 -6.400002 D0CDBD 1.2
-9.536743E-07 1.54 -7.600001 D3D0C2 1.2
1.199999 1.54 -6.400002 E1DCD1 1.2
-1.200001 2.74 -6.400002 9C998B 1.2
-9.536743E-07 2.74 -7.600001 B5B6AD 1.2
1.199999 2.74 -6.400002 D0CCC2 1.2
-1.200001 3.94 -6.400002 BAB6AA 1.2
-9.536743E-07 3.94 -7.600001 B5B2AD 1.2
1.199999 3.94 -6.400002 CECBBD 1.2
-1.200001 5.14 -6.400002 BDB5A7 1.2
-9.536743E-07 5.14 -7.600001 B7AC9F 1.2
1.199999 5.14 -6.400002 C6BEB5 1.2
-1.200001 6.34 -6.400002 C67931 1.2
-9.536743E-07 6.34 -7.600001 CE945D 1.2
1.199999 6.34 -6.400002 E7E3DE 1.2
-1.200001 7.54 -6.400002 C69E63 1.2
-9.536743E-07 7.54 -7.600001 D3BD9C 1.2
1.199999 7.54 -6.400002 BD8E52 1.2
-1.200001 8.740001 -6.400002 F7E3AA 1.2
-9.536743E-07 8.740001 -7.600001 F7E5B5 1.2
1.199999 8.740001 -6.400002 F7E3AA 1.2
-1.200001 9.940001 -6.400002 E6BA5A 1.2
-9.536743E-07 9.940001 -7.600001 ECC965 1.2
1.199999 9.940001 -6.400002 ECC662 1.2
-1.200001 11.14 -6.400002 9C7147 1.2
-9.536743E-07 11.14 -7.600001 916747 1.2
1.199999 11.14 -6.400002 734942 1.2
-2.400001 12.34 -7.600001 472E21 1.2
-1.200001 12.34 -7.600001 422C21 1.2
1.199999 12.34 -7.600001 472E21 1.2
2.399999 12.34 -7.600001 422E21 1.2
-9.536743E-07 13.54 -7.600001 422C21 1.2
