-3.200001 0.19 4.768372E-07 B2591E 0.8
-2.4 0.19 2.384186E-07 AD5115 0.8
-1.6 0.19 2.384186E-07 AC5218 0.8
-0.8000001 0.19 1.192093E-07 AA5118 0.8
0 0.19 0 A74F1B 0.8
0.8000001 0.19 -1.192093E-07 A55118 0.8
1.6 0.19 -2.384186E-07 B55A20 0.8
2.4 0.19 -2.384186E-07 A44B1B 0.8
3.200001 0.19 -4.768372E-07 B05518 0.8
-10.4 0.99 0.8000011 C27A41 0.8
-9.600001 0.99 0.8000011 BD6129 0.8
-8.800001 0.99 0.8000011 C0672B 0.8
-8.000001 0.99 0.8000011 BD6129 0.8
-7.200001 0.99 1.600001 C06626 0.8
-6.400001 0.99 1.600001 BA5E20 0.8
-5.6 0.99 1.600001 B55518 0.8
-4.8 0.99 1.600001 B7571D 0.8
-4 0.99 1.600001 B75915 0.8
-3.2 0.99 1.600001 BA5E1D 0.8
-2.4 0.99 1.600001 B55918 0.8
-1.6 0.99 1.600001 B75B1D 0.8
-0.7999999 0.99 1.6 C07434 0.8
2.384186E-07 0.99 1.6 BA6928 0.8
0.8000004 0.99 1.6 CEA273 0.8
1.600001 0.99 1.6 CB8B4C 0.8
2.400001 0.99 1.6 BD6921 0.8
3.200001 0.99 1.6 C6864A 0.8
4.000001 0.99 1.6 C07A39 0.8
4.800001 0.99 1.6 BD783F 0.8
5.6 0.99 1.6 C88C55 0.8
6.400002 0.99 1.599999 CB905D 0.8
7.200002 0.99 1.599999 D0975A 0.8
8.000001 0.99 0.7999992 CE9E6B 0.8
8.800001 0.99 0.7999992 CE8E57 0.8
9.600001 0.99 0.7999992 D6A273 0.8
10.4 0.99 0.7999992 C67D4A 0.8
-11.2 1.79 0.8000011 D3924F 0.8
-10.4 1.79 1.600001 D37C39 0.8
-9.600001 1.79 1.600001 CE7533 0.8
-8.800001 1.79 1.600001 C06729 0.8
-8.000001 1.79 1.600001 CB6F2B 0.8
-7.200001 1.79 1.600001 C86E2C 0.8
-6.400001 1.79 1.600001 CB8141 0.8
-5.6 1.79 1.600001 C36B2B 0.8
-4.8 1.79 1.600001 C36E2B 0.8
-4 1.79 1.600001 BD6521 0.8
-3.2 1.79 1.600001 BD5E23 0.8
-2.4 1.79 1.600001 BD6D29 0.8
-1.6 1.79 1.600001 C0692B 0.8
-0.7999999 1.79 1.6 BD6929 0.8
2.384186E-07 1.79 1.6 CB8341 0.8
0.8000004 1.79 1.6 C67431 0.8
1.600001 1.79 1.6 C67131 0.8
2.400001 1.79 1.6 C67D3E 0.8
3.200001 1.79 1.6 C88749 0.8
4.000001 1.79 1.6 C67531 0.8
4.800001 1.79 1.6 C67539 0.8
5.6 1.79 1.6 C69263 0.8
6.400002 1.79 1.599999 C88B52 0.8
7.200002 1.79 1.599999 CB8E4F 0.8
8.000001 1.79 1.599999 CE9760 0.8
8.800001 1.79 1.599999 CE8E5A 0.8
9.600001 1.79 1.599999 DEB284 0.8
10.4 1.79 1.599999 D39760 0.8
11.2 1.79 0.7999992 D6A273 0.8
-11.2 2.59 0.8000011 DEA66B 0.8
-10.4 2.59 0.8000011 D8904F 0.8
-9.600001 2.59 1.600001 C66929 0.8
-8.800001 2.59 1.600001 D07934 0.8
-8.000001 2.59 1.600001 D89765 0.8
-7.200001 2.59 1.600001 D69652 0.8
-6.400001 2.59 1.600001 C8712E 0.8
-5.6 2.59 1.600001 CE864A 0.8
-4.8 2.59 1.600001 C66929 0.8
-4 2.59 1.600001 C67539 0.8
-3.2 2.59 1.600001 D08C52 0.8
-2.4 2.59 1.600001 C27439 0.8
-1.6 2.59 1.600001 C36D31 0.8
-0.7999999 2.59 1.6 D68E4A 0.8
2.384186E-07 2.59 1.6 C6824A 0.8
0.8000004 2.59 1.6 C27434 0.8
1.600001 2.59 1.6 D08949 0.8
2.400001 2.59 1.6 C67A3E 0.8
3.200001 2.59 1.6 D0955F 0.8
4.000001 2.59 1.6 D08947 0.8
4.800001 2.59 1.6 CE8E52 0.8
5.6 2.59 1.6 D69F6A 0.8
6.400002 2.59 1.599999 C87A39 0.8
7.200002 2.59 1.599999 CE8E52 0.8
8.000001 2.59 1.599999 DB9F62 0.8
8.800001 2.59 1.599999 CB8C55 0.8
9.600001 2.59 1.599999 CB8B55 0.8
10.4 2.59 0.7999992 CE8C4F 0.8
11.2 2.59 0.7999992 D6A273 0.8
-9.600001 3.39 9.536743E-07 CE9663 0.8
9.600001 3.39 -9.536743E-07 D08849 0.8
-7.200001 0.19 0.8000011 BA5F26 0.8
-6.400001 0.19 0.8000011 BD6529 0.8
-5.6 0.19 0.8000007 AD5118 0.8
-4.800001 0.19 0.8000007 AD5921 0.8
-4 0.19 0.8000007 A14D13 0.8
-3.2 0.19 0.8000007 AA531B 0.8
-2.4 0.19 0.8000004 AD4910 0.8
-1.6 0.19 0.8000004 AD5118 0.8
-0.8 0.19 0.8000003 BD7539 0.8
1.192093E-07 0.19 0.8000001 AF591D 0.8
0.8000003 0.19 0.8 AA4D12 0.8
1.6 0.19 0.7999998 A54910 0.8
2.400001 0.19 0.8 AD5921 0.8
3.200001 0.19 0.7999995 AA5B23 0.8
4 0.19 0.7999997 B56931 0.8
4.800001 0.19 0.7999997 BA6E39 0.8
5.6 0.19 0.7999997 BD7B47 0.8
6.400001 0.19 0.7999992 BD7542 0.8
7.200001 0.99 0.7999988 C58952 0.8
-10.4 3.39 0.8000011 D08B4F 0.8
-9.600001 3.39 0.8000011 CE864A 0.8
-8.800001 3.39 0.8000011 D38C52 0.8
-8.000001 3.39 0.8000011 D8924C 0.8
-7.200001 3.39 0.8000011 D38347 0.8
-6.400001 3.39 0.8000011 D39258 0.8
-5.6 3.39 0.8000007 D89155 0.8
-4.800001 3.39 0.8000007 C67236 0.8
-4 3.39 0.8000007 D69762 0.8
-3.2 3.39 0.8000007 D6894C 0.8
-2.4 3.39 0.8000004 C88544 0.8
-1.6 3.39 0.8000004 D6A273 0.8
-0.8 3.39 0.8000003 C66D31 0.8
1.192093E-07 3.39 0.8000001 CB8041 0.8
0.8000003 3.39 0.8 D68A42 0.8
1.6 3.39 0.7999998 CB8447 0.8
2.400001 3.39 0.8 CB8341 0.8
3.200001 3.39 0.7999995 D8985D 0.8
4 3.39 0.7999997 C87836 0.8
4.800001 3.39 0.7999997 D6A26B 0.8
5.6 3.39 0.7999997 D89352 0.8
6.400001 3.39 0.7999992 CE8242 0.8
7.200001 3.39 0.7999988 D39F70 0.8
8.000001 3.39 0.7999992 D69252 0.8
8.800001 3.39 0.7999992 CE864A 0.8
9.600001 3.39 0.7999992 CB844C 0.8
10.4 3.39 0.7999992 D08A4D 0.8
-11.2 0.99 9.536743E-07 DE9E63 0.8
-10.4 0.99 9.536743E-07 AA6D42 0.8
-9.600001 0.19 9.536743E-07 C67542 0.8
-8.800001 0.19 9.536743E-07 A2663C 0.8
-8.000001 0.19 9.536743E-07 BD6129 0.8
-7.200001 0.19 9.536743E-07 AD5118 0.8
-6.400001 0.19 9.536743E-07 9C4B18 0.8
-5.6 0.19 4.768372E-07 B86426 0.8
-4.800001 0.19 4.768372E-07 965026 0.8
-4 0.19 4.768372E-07 B55D21 0.8
4 0.19 -4.768372E-07 AD5118 0.8
4.800001 0.19 -4.768372E-07 AD4910 0.8
5.6 0.19 -4.768372E-07 BD5518 0.8
6.400001 0.19 -9.536743E-07 B55918 0.8
7.200001 0.19 -9.536743E-07 B76126 0.8
8.000001 0.19 -9.536743E-07 C3733C 0.8
8.800001 0.19 -9.536743E-07 C06F37 0.8
9.600001 0.19 -9.536743E-07 966036 0.8
10.4 0.99 -9.536743E-07 D68239 0.8
11.2 0.99 -9.536743E-07 B5814F 0.8
-11.2 1.79 9.536743E-07 CE9A6B 0.8
11.2 1.79 -9.536743E-07 CE8A52 0.8
-11.2 2.59 9.536743E-07 DEA673 0.8
11.2 2.59 -9.536743E-07 CE8A4A 0.8
-10.4 3.39 9.536743E-07 D69E6B 0.8
-8.800001 3.39 9.536743E-07 D89655 0.8
-8.000001 3.39 9.536743E-07 DB9E5D 0.8
-7.200001 3.39 9.536743E-07 D07A36 0.8
-6.400001 3.39 9.536743E-07 DB9C60 0.8
-5.6 3.39 4.768372E-07 C8783E 0.8
-4.800001 3.39 4.768372E-07 CB8449 0.8
-4 3.39 4.768372E-07 DEA66B 0.8
-3.200001 3.39 4.768372E-07 CB8149 0.8
-2.4 3.39 2.384186E-07 C67942 0.8
-1.6 3.39 2.384186E-07 DEA26B 0.8
-0.8000001 3.39 1.192093E-07 C87D3E 0.8
0 3.39 0 CE7939 0.8
0.8000001 3.39 -1.192093E-07 D89B65 0.8
1.6 3.39 -2.384186E-07 CE8A52 0.8
2.4 3.39 -2.384186E-07 D89C62 0.8
3.200001 3.39 -4.768372E-07 CE7939 0.8
4 3.39 -4.768372E-07 CE864A 0.8
4.800001 3.39 -4.768372E-07 DEA66B 0.8
5.6 3.39 -4.768372E-07 CB7A3F 0.8
6.400001 3.39 -9.536743E-07 CB7D3C 0.8
7.200001 3.39 -9.536743E-07 DE9E63 0.8
8.000001 3.39 -9.536743E-07 D08747 0.8
8.800001 3.39 -9.536743E-07 CE8242 0.8
10.4 3.39 -9.536743E-07 D39058 0.8
-10.4 0.99 -0.7999992 D9B38E 0.8
-9.600001 0.99 -0.7999992 D09B6D 0.8
-8.800001 0.99 -0.7999992 CEA27B 0.8
-8.000001 0.99 -0.7999992 C88958 0.8
-7.200001 0.19 -0.7999988 BD7D49 0.8
-6.400001 0.19 -0.7999992 C8946B 0.8
-5.6 0.19 -0.7999997 AD6129 0.8
-4.800001 0.19 -0.7999997 BD804F 0.8
-4 0.19 -0.7999997 B56129 0.8
-3.200001 0.19 -0.7999995 B25F20 0.8
-2.400001 0.19 -0.8 AD5518 0.8
-1.6 0.19 -0.7999998 A54910 0.8
-0.8000003 0.19 -0.8 AD4D10 0.8
-1.192093E-07 0.19 -0.8000001 B75A18 0.8
0.8 0.19 -0.8000003 B56220 0.8
1.6 0.19 -0.8000004 AD4910 0.8
2.4 0.19 -0.8000004 B76528 0.8
3.2 0.19 -0.8000007 BA5E20 0.8
4 0.19 -0.8000007 B25215 0.8
4.800001 0.19 -0.8000007 AA470D 0.8
5.6 0.19 -0.8000007 B55110 0.8
6.400001 0.19 -0.8000011 BA5E1D 0.8
7.200001 0.99 -0.8000011 B55118 0.8
8.000001 0.99 -0.8000011 C06C2E 0.8
8.800001 0.99 -0.8000011 C36F33 0.8
9.600001 0.99 -0.8000011 C67539 0.8
10.4 0.99 -0.8000011 C6793E 0.8
-11.2 1.79 -0.7999992 D09565 0.8
11.2 1.79 -0.8000011 D3945D 0.8
-11.2 2.59 -0.7999992 C07A44 0.8
11.2 2.59 -0.8000011 D69663 0.8
-10.4 3.39 -0.7999992 D09C6A 0.8
-9.600001 3.39 -0.7999992 C67542 0.8
-8.800001 3.39 -0.7999992 D69252 0.8
-8.000001 3.39 -0.7999992 D39460 0.8
-7.200001 3.39 -0.7999988 D69A5A 0.8
-6.400001 3.39 -0.7999992 D89E70 0.8
-5.6 3.39 -0.7999997 D0905D 0.8
-4.800001 3.39 -0.7999997 D89049 0.8
-4 3.39 -0.7999997 C27A3E 0.8
-3.200001 3.39 -0.7999995 C27536 0.8
-2.400001 3.39 -0.8 D8924F 0.8
-1.6 3.39 -0.7999998 CB8549 0.8
-0.8000003 3.39 -0.8 CE8247 0.8
-1.192093E-07 3.39 -0.8000001 D68A42 0.8
0.8 3.39 -0.8000003 CB844C 0.8
1.6 3.39 -0.8000004 C67539 0.8
2.4 3.39 -0.8000004 DEB294 0.8
3.2 3.39 -0.8000007 C67C3C 0.8
4 3.39 -0.8000007 D8944F 0.8
4.800001 3.39 -0.8000007 C58449 0.8
5.6 3.39 -0.8000007 CE824A 0.8
6.400001 3.39 -0.8000011 DEA263 0.8
7.200001 3.39 -0.8000011 D08A55 0.8
8.000001 3.39 -0.8000011 D39254 0.8
8.800001 3.39 -0.8000011 D6965A 0.8
9.600001 3.39 -0.8000011 CE864A 0.8
10.4 3.39 -0.8000011 D08F55 0.8
-7.200002 0.99 -1.599999 CB965D 0.8
-6.400002 0.99 -1.599999 D6AE84 0.8
-5.6 0.99 -1.6 CEA26B 0.8
-4.800001 0.99 -1.6 BD7D41 0.8
-4.000001 0.99 -1.6 B56121 0.8
-3.200001 0.99 -1.6 CB9057 0.8
-2.400001 0.99 -1.6 C3783C 0.8
-1.600001 0.99 -1.6 CE965A 0.8
-0.8000004 0.99 -1.6 CD9363 0.8
-2.384186E-07 0.99 -1.6 BD6929 0.8
0.7999999 0.99 -1.6 BA6623 0.8
1.6 0.99 -1.600001 BD6529 0.8
2.4 0.99 -1.600001 C67531 0.8
3.2 0.99 -1.600001 B55510 0.8
4 0.99 -1.600001 C06523 0.8
4.8 0.99 -1.600001 BA5F1B 0.8
5.6 0.99 -1.600001 BD6926 0.8
6.400001 0.99 -1.600001 BA6223 0.8
7.200001 0.99 -1.600001 C66923 0.8
-10.4 1.79 -1.599999 D08F55 0.8
-9.600001 1.79 -1.599999 D3A26D 0.8
-8.800001 1.79 -1.599999 C68A52 0.8
-8.000001 1.79 -1.599999 D3A070 0.8
-7.200002 1.79 -1.599999 CB945D 0.8
-6.400002 1.79 -1.599999 C87E44 0.8
-5.6 1.79 -1.6 CB874C 0.8
-4.800001 1.79 -1.6 CB884C 0.8
-4.000001 1.79 -1.6 CB7C37 0.8
-3.200001 1.79 -1.6 CB7C3C 0.8
-2.400001 1.79 -1.6 CB864D 0.8
-1.600001 1.79 -1.6 C88144 0.8
-0.8000004 1.79 -1.6 D08F4F 0.8
-2.384186E-07 1.79 -1.6 C66D29 0.8
0.7999999 1.79 -1.6 C27131 0.8
1.6 1.79 -1.600001 C06C34 0.8
2.4 1.79 -1.600001 C87131 0.8
3.2 1.79 -1.600001 C67939 0.8
4 1.79 -1.600001 C36A2B 0.8
4.8 1.79 -1.600001 C67539 0.8
5.6 1.79 -1.600001 C87331 0.8
6.400001 1.79 -1.600001 C66929 0.8
7.200001 1.79 -1.600001 CE8E52 0.8
8.000001 1.79 -1.600001 CB7931 0.8
8.800001 1.79 -1.600001 C67531 0.8
9.600001 1.79 -1.600001 CB803C 0.8
10.4 1.79 -1.600001 D38B4C 0.8
-10.4 2.59 -0.7999992 CB9260 0.8
-9.600001 2.59 -1.599999 D38E55 0.8
-8.800001 2.59 -1.599999 D39768 0.8
-8.000001 2.59 -1.599999 D39762 0.8
-7.200002 2.59 -1.599999 D6985F 0.8
-6.400002 2.59 -1.599999 D6A673 0.8
-5.6 2.59 -1.6 C87C41 0.8
-4.800001 2.59 -1.6 CE9E6B 0.8
-4.000001 2.59 -1.6 CB894F 0.8
-3.200001 2.59 -1.6 CE9252 0.8
-2.400001 2.59 -1.6 CB8547 0.8
-1.600001 2.59 -1.6 C67D42 0.8
-0.8000004 2.59 -1.6 D68642 0.8
-2.384186E-07 2.59 -1.6 CE8E5A 0.8
0.7999999 2.59 -1.6 C67D42 0.8
1.6 2.59 -1.600001 D08D57 0.8
2.4 2.59 -1.600001 C67939 0.8
3.2 2.59 -1.600001 D3894F 0.8
4 2.59 -1.600001 C27839 0.8
4.8 2.59 -1.600001 C07539 0.8
5.6 2.59 -1.600001 D6965A 0.8
6.400001 2.59 -1.600001 CE8E52 0.8
7.200001 2.59 -1.600001 CE8449 0.8
8.000001 2.59 -1.600001 D08F55 0.8
8.800001 2.59 -1.600001 D8975D 0.8
9.600001 2.59 -1.600001 D08949 0.8
10.4 2.59 -0.8000011 D69E63 0.8
