-2 1.24 -6 F1EFE9 1
-2 1.24 -5 ECE9E4 1
-3 1.24 -4 E7E7DE 1
-3 1.24 -3 E7E7DE 1
-3 1.24 -2 ECE9E4 1
-3 1.24 -1 EFECE7 1
-3 1.24 0 F1EFE9 1
-4 1.24 1 F1EFE9 1
-4 1.24 2 F4F3EC 1
-4 1.24 3 F4F3EC 1
-4 1.24 4 EFEBE7 1
-4 1.24 5 E4E1DB 1
-4 1.24 6 E4E1DB 1
-3 1.24 7 E6E3DE 1
-3 1.24 8 E6E4DE 1
-3 1.24 9 E6E4DE 1
-3 1.24 10 E6E4DE 1
-3 1.24 11 E9E7E1 1
-3 1.24 12 E7E4DE 1
-1 2.24 -6 F4F1EC 1
-2 2.24 -5 F4F3EC 1
-3 2.24 -4 F4F3EC 1
-3 2.24 -3 F4F3EC 1
-3 2.24 -2 F7F0EF 1
-3 2.24 -1 F3EFEA 1
-3 2.24 0 F3EFEB 1
-3 2.24 1 F7F1EC 1
-3 2.24 2 F4F3EC 1
-4 2.24 3 F4F3EC 1
-4 2.24 4 F4F3EC 1
-2 2.24 5 E7E5E1 1
-1 2.24 6 E6E3DE 1
-2 2.24 7 E1DFD9 1
-2 2.24 8 E3E0DB 1
-2 2.24 9 E9E7E1 1
-2 2.24 10 EFECE7 1
-2 2.24 11 F7F1EF 1
-2 2.24 12 E7E7E1 1
-1 3.24 -6 EFECE7 1
-2 3.24 -5 F1EFE9 1
-3 3.24 -4 F3EFEA 1
-3 3.24 -3 F1EFE9 1
-3 3.24 -2 F3EFEA 1
-3 3.24 -1 F4F3EC 1
-3 3.24 0 F4F3EC 1
-3 3.24 1 F4F3EC 1
-3 3.24 2 F4F3EC 1
-3 3.24 3 F4F3EC 1
-3 3.24 4 F1F0E9 1
-2 3.24 5 F1F0E9 1
-1 3.24 6 F1EFE9 1
-2 3.24 7 E7E7DE 1
-2 3.24 8 E6E3DE 1
-2 3.24 9 E6E4DE 1
-2 3.24 10 E6E3DE 1
-2 3.24 11 E7E5DE 1
-2 3.24 12 E4E3DE 1
-1 4.24 -6 EFEDE7 1
-2 4.24 -5 EEEBE6 1
-2 4.24 -4 EFEFE7 1
-3 4.24 -3 F3EFEB 1
-3 4.24 -2 F4F3EC 1
-3 4.24 -1 F4F3EC 1
-3 4.24 0 F4F3EC 1
-3 4.24 1 F4F3EC 1
-3 4.24 2 F4F3EC 1
-3 4.24 3 F4F3EC 1
-3 4.24 4 EEEBE6 1
-2 4.24 5 F4F1EC 1
-1 4.24 6 F4F3EC 1
-1 4.24 7 F4F1EC 1
-2 4.24 8 EEEBE6 1
-2 4.24 9 EFEFE7 1
-2 4.24 10 EEEBE6 1
-2 4.24 11 E1E0D8 1
-1 4.24 12 E7E4DE 1
-1 5.24 -6 EFEDE7 1
-2 5.24 -5 F7F1EF 1
-2 5.24 -4 F4F3EC 1
-3 5.24 -3 F3EFEB 1
-3 5.24 -2 F4F3EC 1
-3 5.24 -1 F4F3EC 1
-3 5.24 0 F4F3EC 1
-3 5.24 1 F4F3EC 1
-3 5.24 2 F4F3EC 1
-3 5.24 3 F4F3EC 1
-3 5.24 4 F7F1EC 1
-2 5.24 5 E7E7DE 1
-1 5.24 6 EFEDE7 1
-1 5.24 7 F7F1EC 1
-1 5.24 8 F4F3EC 1
-1 5.24 9 F4F3EC 1
-1 5.24 10 F4F3EC 1
-2 5.24 11 E7E4DE 1
-1 5.24 12 E7E4DE 1
0 6.24 -6 E7E4DE 1
-2 6.24 -5 F3EFEA 1
-2 6.24 -4 F4F3EC 1
-3 6.24 -3 F4F3EC 1
-3 6.24 -2 F4F3EC 1
-3 6.24 -1 F4F3EC 1
-3 6.24 0 F4F3EC 1
-3 6.24 1 F4F3EC 1
-3 6.24 2 F4F3EC 1
-3 6.24 3 F4F3EC 1
-3 6.24 4 F4F3EC 1
-2 6.24 5 DEDFD8 1
-2 6.24 6 DEDCD6 1
-1 6.24 7 E6E3DE 1
-1 6.24 8 F1F0E9 1
-1 6.24 9 F4F3EC 1
-1 6.24 10 F4F3EC 1
-2 6.24 11 F1EFE9 1
-1 6.24 12 E9E8E1 1
-1 7.24 -6 E7E5DE 1
-2 7.24 -5 EFEDE7 1
-2 7.24 -4 EFEFE7 1
-3 7.24 -3 F4F3EC 1
-3 7.24 -2 F4F3EC 1
-3 7.24 -1 F4F3EC 1
-3 7.24 0 F4F3EC 1
-3 7.24 1 F4F3EC 1
-3 7.24 2 F4F3EC 1
-3 7.24 3 F4F3EC 1
-3 7.24 4 EFEDE7 1
-2 7.24 5 E9E8E1 1
-2 7.24 6 E1E0DE 1
-2 7.24 7 E7E0DE 1
-2 7.24 8 EBE9E2 1
-1 7.24 9 F1EFE9 1
-2 7.24 10 F4F3EC 1
-2 7.24 11 F1F0E9 1
-1 7.24 12 ECEBE4 1
-2 8.24 -6 F4F3EC 1
-3 8.24 -5 EEEBE6 1
-3 8.24 -4 EFE9E7 1
-3 8.24 -3 F3EFEA 1
-4 8.24 -2 F4F3EC 1
-4 8.24 -1 F4F3EC 1
-4 8.24 0 F4F3EC 1
-4 8.24 1 F4F3EC 1
-3 8.24 2 F4F3EC 1
-4 8.24 3 F4F3EC 1
-4 8.24 4 EFEBE7 1
-2 8.24 5 EEEBE6 1
-1 8.24 6 ECE9E7 1
-2 8.24 7 EAE7E2 1
-2 8.24 8 ECE9E4 1
-2 8.24 9 E9E7E1 1
-2 8.24 10 E7E4DE 1
-2 8.24 11 E4E1DB 1
-1 8.24 12 ECE9E4 1
-2 9.24 -7 F4F1EC 1
-3 9.24 -6 F4F3EC 1
-3 9.24 -5 EFEFE7 1
-4 9.24 -4 F3EFEA 1
-4 9.24 -3 F4F3EC 1
-4 9.24 -2 F4F3EC 1
-4 9.24 -1 F4F3EC 1
-4 9.24 0 F4F3EC 1
-4 9.24 1 F4F3EC 1
-4 9.24 2 F4F3EC 1
-4 9.24 3 F4F3EC 1
-4 9.24 4 EFECE7 1
-2 9.24 5 E7E5DE 1
-1 9.24 6 E9E7E1 1
-1 9.24 7 E1E0D8 1
-2 9.24 8 DBD5D3 1
-2 9.24 9 D6D3CD 1
-2 9.24 10 D8D4D0 1
-1 9.24 11 E4E1DC 1
-1 9.24 12 ECEBE4 1
0 10.24 -8 E7E7E1 1
-3 10.24 -7 F1EFE9 1
-3 10.24 -6 F4F3EC 1
-4 10.24 -5 F3EFEA 1
-4 10.24 -4 EFEDE7 1
-5 10.24 -3 EEEBE6 1
-5 10.24 -2 E9E8E1 1
-5 10.24 -1 E7E7E1 1
-5 10.24 0 E7E7E1 1
-5 10.24 1 ECE9E4 1
-5 10.24 2 F1F0E9 1
-5 10.24 3 F4F3EC 1
-5 10.24 4 F7F0EF 1
-5 10.24 5 EEEBE6 1
-4 10.24 6 E9E8E1 1
-3 10.24 7 E7E4DE 1
-2 10.24 8 DEDBD6 1
-2 10.24 9 DED8D6 1
-2 10.24 10 DEDCD6 1
-2 10.24 11 E4E1DC 1
-2 10.24 12 ECEBE4 1
-1 11.24 -8 E9E7E1 1
-3 11.24 -7 ECEBE4 1
-4 11.24 -6 EFEBE7 1
-4 11.24 -5 E7E7DE 1
-5 11.24 -4 E6E3DE 1
-5 11.24 -3 E6E3DE 1
-5 11.24 -2 E6E3DE 1
-5 11.24 -1 E7E4DE 1
-5 11.24 0 EAE7E2 1
-5 11.24 1 E7E7E1 1
-5 11.24 2 E9E8E1 1
-5 11.24 3 EEEBE6 1
-5 11.24 4 EFEFE7 1
-5 11.24 5 ECE9E4 1
-6 11.24 6 E6E4DE 1
-6 11.24 7 E3E1DC 1
-5 11.24 8 DEDFDE 1
-5 11.24 9 E7E3DE 1
-5 11.24 10 E6E3DE 1
-5 11.24 11 E6E3DE 1
-4 11.24 12 E9E8E1 1
-1 12.24 -8 E4E1DB 1
-3 12.24 -7 DEDBD6 1
-4 12.24 -6 DCDBD6 1
-4 12.24 -5 DBD9D3 1
-5 12.24 -4 D8D8D0 1
-5 12.24 -3 D8D8D0 1
-5 12.24 -2 DBD9D3 1
-5 12.24 -1 DEDBD6 1
-5 12.24 0 E1E0D8 1
-5 12.24 1 E1E0D8 1
-5 12.24 2 DEDCD8 1
-5 12.24 3 DEDBD6 1
-5 12.24 4 E1E0D8 1
-6 12.24 5 E1E0D8 1
-6 12.24 6 E1DFD9 1
-6 12.24 7 E2DFDA 1
-6 12.24 8 E7E7DE 1
-5 12.24 9 F3EFEA 1
-5 12.24 10 F7F1EC 1
-5 12.24 11 EFEBE7 1
-5 12.24 12 E7E5DE 1
-1 13.24 -8 BAB7B2 1
-3 13.24 -7 BAB7B2 1
-4 13.24 -6 BDBBB5 1
-4 13.24 -5 C3C0BA 1
-4 13.24 -4 C3C0BA 1
-5 13.24 -3 C3C4BA 1
-5 13.24 -2 CECBC6 1
-5 13.24 -1 CBC8C3 1
-5 13.24 0 C0BDB7 1
-5 13.24 1 C3C1BA 1
-5 13.24 2 C6C3BD 1
-5 13.24 3 B7B3AF 1
-5 13.24 4 ADAAA5 1
-5 13.24 5 A7A49F 1
-5 13.24 8 E9E7E1 1
-5 13.24 9 F1F0E9 1
-5 13.24 10 F4F3EC 1
-5 13.24 11 F7F0EF 1
-5 13.24 12 ECEBE4 1
-2 14.24 -7 D6D3CE 1
-3 14.24 -6 D6D3CE 1
-4 14.24 -5 DEDBD6 1
-4 14.24 -4 DEDBD6 1
-5 14.24 -3 D3D0CB 1
-5 14.24 -2 CBC8C3 1
-5 14.24 -1 D0CDC8 1
-5 14.24 0 DBD8D3 1
-5 14.24 1 D3D0CB 1
-5 14.24 2 CBC9C3 1
-5 14.24 3 CEC7C6 1
-5 14.24 4 D6D3CE 1
-4 14.24 5 C8C5C0 1
-5 14.24 8 ECE9E4 1
-5 14.24 9 F3EFEA 1
-5 14.24 10 F3EFEA 1
-5 14.24 11 EFECE7 1
-5 14.24 12 F1F0E9 1
-5 15.24 8 EFECE7 1
-5 15.24 9 F4F3EC 1
-5 15.24 10 F1EFE9 1
-5 15.24 11 E9E7E1 1
-5 15.24 12 EFEBE7 1
-5 16.24 8 F1EFE9 1
-5 16.24 9 F4F3EC 1
-5 16.24 10 F4F3EC 1
-5 16.24 11 EFEBE7 1
-5 16.24 12 E7E3DE 1
-5 17.24 8 F1EFE9 1
-5 17.24 9 F4F3EC 1
-5 17.24 10 F4F3EC 1
-5 17.24 11 F4F3EC 1
-5 17.24 12 F4F3EC 1
-5 18.24 8 EFEDE7 1
-5 18.24 9 F4F3EC 1
-5 18.24 10 F4F3EC 1
-5 18.24 11 F4F3EC 1
-5 18.24 12 F4F3EC 1
-5 19.24 8 E9E7E1 1
-5 19.24 9 EFECE7 1
-5 19.24 10 F3EFEA 1
-5 19.24 11 F1F0E9 1
-5 19.24 12 F1F0E9 1
-5 20.24 8 E4E1DB 1
-5 20.24 9 ECE9E4 1
-5 20.24 10 EFEFE7 1
-5 20.24 11 EEEBE6 1
-5 20.24 12 E9E8E1 1
-5 21.24 8 DEDCD6 1
-5 21.24 9 E3E1DB 1
-5 21.24 10 E1DFD9 1
-5 21.24 11 E6E3DE 1
-5 21.24 12 EFEBE7 1
-5 22.24 8 E7E4DE 1
-5 22.24 9 E6E4DE 1
-5 22.24 10 E7E4DE 1
-5 22.24 11 EFECE7 1
-5 22.24 12 EEECE7 1
-5 10.24 6 ECE7E4 1
-5 11.24 7 D6D1CE 1
-5 13.24 6 EFECE7 1
-5 13.24 7 F7F1EC 1
-5 15.24 1 E4E4DE 1
-5 15.24 2 DEDCD6 1
-5 15.24 3 DED9D6 1
-5 23.24 8 EFECE7 1
-5 23.24 9 ECE9E7 1
-5 23.24 10 E7E7E4 1
-5 23.24 11 F1EFE9 1
-4 9.24 5 E9E8E1 1
-4 10.24 7 ECE9E4 1
-4 10.24 8 E4E1DE 1
-4 10.24 9 E6E3DE 1
-4 11.24 10 ECEBE4 1
-4 11.24 11 DEDCD8 1
-4 13.24 -3 BDBAB5 1
-4 13.24 4 A5A39F 1
-4 13.24 5 A29F99 1
-4 21.24 12 D6D4CE 1
-4 12.24 12 ECE9E4 1
-4 13.24 8 ECE9E4 1
-4 13.24 -2 DEDBD6 1
-4 13.24 -1 DEDBD6 1
-4 13.24 0 E4E1DB 1
-4 13.24 1 EFEBE7 1
-4 13.24 2 E9E9E1 1
-4 13.24 3 E1DDD8 1
-4 13.24 6 E7E3DE 1
-4 13.24 7 EEEBE6 1
-4 13.24 12 F1EFE9 1
-4 14.24 8 F4F1EC 1
-4 14.24 12 F4F3EC 1
-4 15.24 8 F4F3EC 1
-4 14.24 -3 E7E7DE 1
-4 14.24 -2 ECE8E4 1
-4 14.24 -1 F1F0E9 1
-4 14.24 0 F4F3EC 1
-4 15.24 1 F7F1EF 1
-4 15.24 2 EEEBE6 1
-4 15.24 3 F3EFEA 1
-4 15.24 4 F1EFE9 1
-4 15.24 5 DBD8D3 1
-4 15.24 12 F3EFEA 1
-4 16.24 8 F4F3EC 1
-4 16.24 12 E9E8E1 1
-4 17.24 8 F4F3EC 1
-4 17.24 12 E9E8E1 1
-4 18.24 8 F4F3EC 1
-4 18.24 12 F4F1EC 1
-4 19.24 8 F4F1EC 1
-4 19.24 12 F4F3EC 1
-4 20.24 8 ECE9E4 1
-4 20.24 12 EEEBE6 1
-4 21.24 8 D3D1CE 1
-4 22.24 8 E7E5DE 1
-4 22.24 12 E7E7DE 1
-4 23.24 8 EEEBE6 1
-4 23.24 9 EFEDE7 1
-4 23.24 10 EFEFE7 1
-4 23.24 11 F3F1EB 1
-4 23.24 12 EFEFE9 1
-3 0.24 -3 DEDBD6 1
-3 0.24 -2 F1F0E9 1
-3 0.24 -1 F1F0E9 1
-3 0.24 0 ECE9E4 1
-3 0.24 1 E6E3DE 1
-3 0.24 2 E9E8E1 1
-3 0.24 3 F1EFE9 1
-3 0.24 4 F3EFEA 1
-3 0.24 5 ECE9E4 1
-3 0.24 6 EEEBE6 1
-3 0.24 7 F4F3EC 1
-3 0.24 8 F4F1EC 1
-3 0.24 9 ECE9E4 1
-3 0.24 10 E1E0D8 1
-3 0.24 11 E3E1DB 1
-3 11.24 12 E9E7E1 1
-3 9.24 5 E6E4DE 1
-3 10.24 6 E9E8E1 1
-3 10.24 8 E4E1DB 1
-3 10.24 9 E4E3DE 1
-3 10.24 10 E9E8E1 1
-3 10.24 11 E1DFD9 1
-3 1.24 5 ECE9E7 1
-3 2.24 5 E7E4DE 1
-3 1.24 6 ECE9E7 1
-3 3.24 5 EEEBE6 1
-3 4.24 5 ECEBE4 1
-3 5.24 5 E1DFD8 1
-3 6.24 5 DEDFD6 1
-3 7.24 5 EEEBE6 1
-3 8.24 5 E7E5DE 1
-3 13.24 -6 B5B2AD 1
-3 13.24 5 B2AFAA 1
-3 21.24 12 D8D7D1 1
-3 12.24 12 EFEDE7 1
-3 13.24 8 E9E7E1 1
-3 13.24 -5 DEDCD6 1
-3 13.24 -4 E9E5E1 1
-3 13.24 -3 F4F1EC 1
-3 13.24 -2 F4F3EC 1
-3 13.24 -1 F1EFE9 1
-3 13.24 0 F1F0E9 1
-3 13.24 1 F4F3EC 1
-3 13.24 2 F4F3EC 1
-3 13.24 3 F4F3EC 1
-3 13.24 4 E4E4DE 1
-3 13.24 6 E4E1DB 1
-3 13.24 7 EFE8E7 1
-3 13.24 12 F4F3EC 1
-3 14.24 -7 D3D4CB 1
-3 14.24 8 F4F1EC 1
-3 14.24 5 C6C3BD 1
-3 14.24 12 F4F3EC 1
-3 15.24 8 F4F3EC 1
-3 14.24 -5 EFEDE7 1
-3 14.24 -4 F1EFE9 1
-3 14.24 -3 F1F0E9 1
-3 14.24 -2 F4F3EC 1
-3 14.24 -1 F4F3EC 1
-3 14.24 0 F4F3EC 1
-3 15.24 1 F4F3EC 1
-3 15.24 2 F4F3EC 1
-3 15.24 3 F4F3EC 1
-3 15.24 4 F3EFEA 1
-3 15.24 5 DEDBD6 1
-3 15.24 12 F4F3EC 1
-3 16.24 8 F4F3EC 1
-3 16.24 12 F3EFEA 1
-3 17.24 8 F4F3EC 1
-3 17.24 12 F1F0E9 1
-3 18.24 8 F4F3EC 1
-3 18.24 12 F4F3EC 1
-3 19.24 8 F4F3EC 1
-3 19.24 12 F4F3EC 1
-3 20.24 8 EFEDE7 1
-3 20.24 12 EEEBE6 1
-3 21.24 8 D8D4D0 1
-3 22.24 8 E6E3DE 1
-3 22.24 12 EFEBE7 1
-3 23.24 8 E9E7E1 1
-3 23.24 9 F1EFE9 1
-3 23.24 10 F4F3EC 1
-3 23.24 11 F4F1EC 1
-3 23.24 12 F4F1EC 1
-2 0.24 -5 E6E4DE 1
-2 0.24 -4 E3E1DB 1
-2 0.24 -3 E7E5DE 1
-2 0.24 -2 F1F0E9 1
-2 0.24 -1 F4F3EC 1
-2 0.24 0 F7F1EF 1
-2 0.24 1 ECE9E4 1
-2 0.24 2 E7E4DE 1
-2 0.24 3 EBE9E2 1
-2 0.24 4 EFECE7 1
-2 0.24 5 E9E7E1 1
-2 0.24 6 ECE9E7 1
-2 0.24 7 F4F1EC 1
-2 0.24 8 F4F3EC 1
-2 0.24 9 F1F0E9 1
-2 0.24 10 E7E5DE 1
-2 0.24 11 E1DDD8 1
-2 0.24 12 E1E0D8 1
-2 1.24 12 E7E5DE 1
-2 1.24 5 E9E7E1 1
-2 1.24 6 E6E3DE 1
-2 1.24 8 E1DFD9 1
-2 1.24 9 E7E5DE 1
-2 1.24 10 F1EFE9 1
-2 1.24 11 F3EFEA 1
-2 6.24 12 EFEBE7 1
-2 9.24 6 E6E3DE 1
-2 10.24 7 DEDCD6 1
-2 8.24 6 E7E4DE 1
-2 13.24 5 A5A39F 1
-2 10.24 -7 EFECE7 1
-2 13.24 -7 CBC9C6 1
-2 11.24 -8 E9E7E1 1
-2 21.24 12 E1DFD8 1
-2 11.24 12 EEEBE6 1
-2 12.24 -8 E1E0D8 1
-2 12.24 12 F4F3EC 1
-2 13.24 -8 BAB7B2 1
-2 13.24 8 EFECE7 1
-2 13.24 -6 EFECE7 1
-2 13.24 -5 F7F1EF 1
-2 13.24 -4 F4F3EC 1
-2 13.24 -3 F4F3EC 1
-2 13.24 -2 F4F3EC 1
-2 13.24 -1 F4F3EC 1
-2 13.24 0 F4F3EC 1
-2 13.24 1 F4F3EC 1
-2 13.24 2 F4F3EC 1
-2 13.24 3 F4F3EC 1
-2 13.24 4 ECE8E4 1
-2 13.24 6 E4E1DB 1
-2 13.24 7 EEEBE6 1
-2 13.24 12 F4F3EC 1
-2 14.24 8 F4F3EC 1
-2 14.24 5 C8C5C0 1
-2 14.24 12 F4F3EC 1
-2 15.24 8 F4F3EC 1
-2 14.24 -6 F4F1EC 1
-2 14.24 -5 F4F3EC 1
-2 14.24 -4 F1F0E9 1
-2 14.24 -3 F4F3EC 1
-2 14.24 -2 F4F3EC 1
-2 14.24 -1 F4F3EC 1
-2 14.24 0 F4F3EC 1
-2 15.24 1 F4F3EC 1
-2 15.24 2 F4F3EC 1
-2 15.24 3 F4F3EC 1
-2 15.24 4 F1EFE9 1
-2 15.24 5 DEDBD6 1
-2 15.24 12 F4F3EC 1
-2 16.24 8 F4F3EC 1
-2 16.24 12 F4F3EC 1
-2 17.24 8 F4F3EC 1
-2 17.24 12 F4F3EC 1
-2 18.24 8 F4F3EC 1
-2 18.24 12 F4F3EC 1
-2 19.24 8 F4F3EC 1
-2 19.24 12 F4F3EC 1
-2 20.24 8 F1F0E9 1
-2 20.24 12 ECEBE4 1
-2 21.24 8 DEDCD6 1
-2 22.24 8 E7E7E1 1
-2 22.24 12 EFEDE7 1
-2 23.24 8 ECE9E4 1
-2 23.24 9 F4F1EC 1
-2 23.24 10 F4F3EC 1
-2 23.24 11 F3F1EB 1
-2 23.24 12 F4F3EC 1
-1 9.24 -7 F4F3EC 1
-1 0.24 -6 D6D7CE 1
-1 0.24 -5 E4E1DC 1
-1 0.24 -4 E9E7E1 1
-1 0.24 -3 E9E7E1 1
-1 0.24 -2 EEEBE6 1
-1 0.24 -1 F7F1EF 1
-1 0.24 0 F4F3EC 1
-1 0.24 1 ECEBE4 1
-1 0.24 2 E2DFDA 1
-1 0.24 3 E6E3DE 1
-1 0.24 4 EEEBE6 1
-1 0.24 5 EEEBE6 1
-1 0.24 6 EFE8E7 1
-1 0.24 7 EEEBE6 1
-1 0.24 8 F4F1EC 1
-1 0.24 9 F4F3EC 1
-1 0.24 10 E7E7DE 1
-1 0.24 11 D8D8D0 1
-1 0.24 12 D9D7D1 1
-1 1.24 -6 EFEDE7 1
-1 13.24 5 9C9794 1
-1 21.24 12 E6E4DE 1
-1 1.24 12 E9E7E1 1
-1 2.24 12 E9E7E1 1
-1 3.24 12 E7E7E1 1
-1 6.24 -6 E7E7E1 1
-1 8.24 -7 F4F3EC 1
-1 10.24 -8 E9E7E1 1
-1 10.24 12 EFEFE7 1
-1 11.24 12 F3EFEA 1
-1 12.24 12 F4F3EC 1
-1 13.24 8 F1F0E9 1
-1 13.24 -7 E7E7DE 1
-1 13.24 -6 F4F3EC 1
-1 13.24 -5 F4F3EC 1
-1 13.24 -4 F4F3EC 1
-1 13.24 -3 F4F3EC 1
-1 13.24 -2 F4F3EC 1
-1 13.24 -1 F4F3EC 1
-1 13.24 0 F4F3EC 1
-1 13.24 1 F4F3EC 1
-1 13.24 2 F4F3EC 1
-1 13.24 3 F4F3EC 1
-1 13.24 4 ECE9E4 1
-1 13.24 6 DEDBD6 1
-1 13.24 7 ECE9E4 1
-1 13.24 12 F4F3EC 1
-1 14.24 -7 E4E1DB 1
-1 14.24 -8 C8C5C0 1
-1 14.24 8 F4F3EC 1
-1 14.24 5 CBC8C3 1
-1 14.24 12 F4F3EC 1
-1 15.24 8 F4F3EC 1
-1 14.24 -6 F4F3EC 1
-1 14.24 -5 F4F3EC 1
-1 14.24 -4 F4F3EC 1
-1 14.24 -3 F4F3EC 1
-1 14.24 -2 F4F3EC 1
-1 14.24 -1 F4F3EC 1
-1 14.24 0 F4F3EC 1
-1 15.24 1 F4F3EC 1
-1 15.24 2 F4F3EC 1
-1 15.24 3 F4F3EC 1
-1 15.24 4 F1EFE9 1
-1 15.24 5 DEDCD8 1
-1 15.24 12 F4F3EC 1
-1 16.24 8 F4F3EC 1
-1 16.24 12 F4F3EC 1
-1 17.24 8 F4F3EC 1
-1 17.24 12 F4F3EC 1
-1 18.24 8 F4F3EC 1
-1 18.24 12 F4F3EC 1
-1 19.24 8 F4F3EC 1
-1 19.24 12 F4F3EC 1
-1 20.24 8 EFEBE7 1
-1 20.24 12 EEEBE6 1
-1 21.24 8 E3E1DC 1
-1 22.24 8 EEEBE6 1
-1 22.24 12 F1EFE9 1
-1 23.24 8 EFEFE7 1
-1 23.24 9 F4F3EC 1
-1 23.24 10 EFEFE9 1
-1 23.24 11 F3EFEA 1
-1 23.24 12 EFEFE7 1
0 8.24 -7 ECE8E3 1
0 0.24 -6 D6D3CE 1
0 0.24 -5 E4E1DB 1
0 0.24 -4 EEEBE6 1
0 0.24 -3 ECE8E3 1
0 0.24 -2 E7E7E1 1
0 0.24 -1 EFECE7 1
0 0.24 0 F4F3EC 1
0 0.24 1 EEEBE6 1
0 0.24 2 E4DFDE 1
0 0.24 3 E4E3DC 1
0 0.24 4 ECE9E4 1
0 0.24 5 F1EFE9 1
0 0.24 6 ECEBE4 1
0 0.24 7 E9E7E1 1
0 0.24 8 EFECE7 1
0 0.24 9 F4F3EC 1
0 0.24 10 E7E7DE 1
0 0.24 11 D8D8D0 1
0 0.24 12 D6D4CE 1
0 1.24 -7 ECE9E4 1
0 13.24 5 9C9A94 1
0 21.24 12 E6E3DE 1
0 1.24 12 EEEBE6 1
0 2.24 -7 E7E4DE 1
0 2.24 12 EEEBE6 1
0 3.24 -6 E9E7E1 1
0 3.24 12 F1EFE9 1
0 4.24 -6 F4F1EE 1
0 4.24 12 F1F0E9 1
0 5.24 -6 F1EFE9 1
0 5.24 12 EFEFE7 1
0 6.24 12 F1EFE9 1
0 7.24 -6 E7E5DE 1
0 7.24 12 F4F1EC 1
0 8.24 12 F4F3EC 1
0 9.24 -8 E9E7E1 1
0 9.24 12 F4F3EC 1
0 13.24 -8 C3BEBA 1
0 10.24 12 F7F0EF 1
0 11.24 -8 E7E3DE 1
0 11.24 12 F4F3EC 1
0 12.24 -8 E7E3DE 1
0 12.24 12 F4F3EC 1
0 13.24 8 F1EFE9 1
0 13.24 -7 E7E7DE 1
0 13.24 -6 F4F3EC 1
0 13.24 -5 F4F3EC 1
0 13.24 -4 F4F3EC 1
0 13.24 -3 F4F3EC 1
0 13.24 -2 F4F3EC 1
0 13.24 -1 F4F3EC 1
0 13.24 0 F4F3EC 1
0 13.24 1 F4F3EC 1
0 13.24 2 F4F3EC 1
0 13.24 3 F4F3EC 1
0 13.24 4 F1F0E9 1
0 13.24 6 D8D5D0 1
0 13.24 7 E7E4DE 1
0 13.24 12 F4F3EC 1
0 14.24 -7 E9E8E1 1
0 14.24 -8 CECFC6 1
0 14.24 8 F4F3EC 1
0 14.24 5 D0CDC8 1
0 14.24 12 F4F3EC 1
0 15.24 8 F4F3EC 1
0 14.24 -6 F4F3EC 1
0 14.24 -5 F4F3EC 1
0 14.24 -4 F4F3EC 1
0 14.24 -3 F4F3EC 1
0 14.24 -2 F4F3EC 1
0 14.24 -1 F4F3EC 1
0 14.24 0 F4F3EC 1
0 15.24 1 F4F3EC 1
0 15.24 2 F4F3EC 1
0 15.24 3 F4F3EC 1
0 15.24 4 F1F0E9 1
0 15.24 5 E7E4DE 1
0 15.24 12 F4F3EC 1
0 16.24 8 F4F3EC 1
0 16.24 12 F4F3EC 1
0 17.24 8 F4F3EC 1
0 17.24 12 F4F3EC 1
0 18.24 8 F4F3EC 1
0 18.24 12 F4F3EC 1
0 19.24 8 F4F3EC 1
0 19.24 12 F4F3EC 1
0 20.24 8 E9E8E1 1
0 20.24 12 EFEFE7 1
0 21.24 8 DEDCD6 1
0 22.24 8 E9E8E1 1
0 22.24 12 F1F3E9 1
0 23.24 8 EEEBE6 1
0 23.24 9 F4F3EC 1
0 23.24 10 EFECE7 1
0 23.24 11 F1F0E9 1
0 23.24 12 EFECE7 1
1 11.24 -8 E3E1DB 1
1 9.24 -7 EEEBE6 1
1 0.24 -6 D9D7D1 1
1 0.24 -5 E1DFD9 1
1 0.24 -4 ECE9E4 1
1 0.24 -3 ECE9E4 1
1 0.24 -2 E6E3DE 1
1 0.24 -1 ECE9E4 1
1 0.24 0 F4F3EC 1
1 0.24 1 EFEDE7 1
1 0.24 2 E6E4DE 1
1 0.24 3 E6E4DE 1
1 0.24 4 E9E7E1 1
1 0.24 5 EFECE7 1
1 0.24 6 EEEBE6 1
1 0.24 7 E7E5DE 1
1 0.24 8 EEEBE6 1
1 0.24 9 F4F3EC 1
1 0.24 10 EFEBE7 1
1 0.24 11 DEDDD6 1
1 0.24 12 DBD9D3 1
1 1.24 -6 EEEBE6 1
1 7.24 -6 EAE7E2 1
1 13.24 5 A7A49F 1
1 21.24 12 DEDCD6 1
1 1.24 12 EAE7E2 1
1 2.24 -6 ECE9E4 1
1 2.24 12 E7E7E1 1
1 3.24 -6 E7E4DE 1
1 3.24 12 EFECE7 1
1 4.24 -6 EEEBE6 1
1 4.24 12 F3EFEA 1
1 5.24 -6 F4F3EC 1
1 5.24 12 ECEBE4 1
1 6.24 -6 F1F0E9 1
1 6.24 12 E7E4DE 1
1 7.24 12 E7E4DE 1
1 8.24 -7 EEEBE6 1
1 8.24 12 EFEFE7 1
1 9.24 12 F4F3EC 1
1 10.24 -8 E6E4DE 1
1 10.24 12 EEEBE6 1
1 13.24 -8 C5C2BD 1
1 11.24 12 F3EFEA 1
1 12.24 -8 DBD8D3 1
1 12.24 12 F4F3EC 1
1 13.24 8 F1F0E9 1
1 13.24 -7 DEDCD6 1
1 13.24 -6 EFEFE7 1
1 13.24 -5 F4F3EC 1
1 13.24 -4 F4F3EC 1
1 13.24 -3 F4F3EC 1
1 13.24 -2 F4F3EC 1
1 13.24 -1 F4F3EC 1
1 13.24 0 F4F3EC 1
1 13.24 1 F4F3EC 1
1 13.24 2 F4F3EC 1
1 13.24 3 F4F3EC 1
1 13.24 4 F1F0E9 1
1 13.24 6 D6D4D0 1
1 13.24 7 E7E5DE 1
1 13.24 12 F4F3EC 1
1 14.24 -7 E7E3DE 1
1 14.24 -8 C8C9C8 1
1 14.24 8 F4F3EC 1
1 14.24 5 D6D1CE 1
1 14.24 12 F4F3EC 1
1 15.24 8 F4F3EC 1
1 14.24 -6 F4F3EC 1
1 14.24 -5 F4F3EC 1
1 14.24 -4 F4F3EC 1
1 14.24 -3 F4F3EC 1
1 14.24 -2 F4F3EC 1
1 14.24 -1 F4F3EC 1
1 14.24 0 F4F3EC 1
1 15.24 1 F4F3EC 1
1 15.24 2 F4F3EC 1
1 15.24 3 F4F3EC 1
1 15.24 4 F4F3EC 1
1 15.24 5 ECE9E4 1
1 15.24 12 F4F3EC 1
1 16.24 8 F4F3EC 1
1 16.24 12 F4F3EC 1
1 17.24 8 F4F3EC 1
1 17.24 12 F4F3EC 1
1 18.24 8 F4F3EC 1
1 18.24 12 F4F3EC 1
1 19.24 8 F4F3EC 1
1 19.24 12 F4F3EC 1
1 20.24 8 ECE9E4 1
1 20.24 12 F3EFEA 1
1 21.24 8 D6D5CE 1
1 22.24 8 E4E1DB 1
1 22.24 12 F3EFEB 1
1 23.24 8 ECE9E4 1
1 23.24 9 F4F3EC 1
1 23.24 10 ECE9E4 1
1 23.24 11 F1EFE9 1
1 23.24 12 EEEBE6 1
2 9.24 -7 ECEBE4 1
2 8.24 -6 F1EFE9 1
2 0.24 -5 DEDBD6 1
2 0.24 -4 DEDCD8 1
2 0.24 -3 E4DDDB 1
2 0.24 -2 DEDCD6 1
2 0.24 -1 E7E5DE 1
2 0.24 0 F1EFE9 1
2 0.24 1 F1EFE9 1
2 0.24 2 EEECE6 1
2 0.24 3 ECEBE4 1
2 0.24 4 E7E7E1 1
2 0.24 5 E9E7E1 1
2 0.24 6 E7E5DE 1
2 0.24 7 E6E3DE 1
2 0.24 8 ECE9E4 1
2 0.24 9 F4F1EC 1
2 0.24 10 EFEFE7 1
2 0.24 11 E9E8E1 1
2 0.24 12 E6E3DE 1
2 1.24 -6 E9E7E1 1
2 7.24 -5 EFEDE7 1
2 6.24 5 E4E1DC 1
2 6.24 6 E1E0D8 1
2 7.24 7 E4E1DB 1
2 2.24 8 E7E7E1 1
2 3.24 9 E4E3DE 1
2 3.24 10 E9E7E1 1
2 4.24 11 EBE9E2 1
2 10.24 12 E7E7E1 1
2 1.24 12 E9E7E1 1
2 2.24 -5 EBE9E2 1
2 2.24 7 EEECE6 1
2 1.24 5 EEECE6 1
2 2.24 5 E7E7E1 1
2 1.24 6 EFEDE7 1
1 2.24 6 EEEBE6 1
2 1.24 8 F3EFEA 1
2 1.24 9 F7F0EF 1
2 2.24 9 E6E4DE 1
2 1.24 10 F7F1EC 1
2 2.24 10 E9E8E1 1
2 1.24 11 F4F3EC 1
2 2.24 11 EFEFE7 1
2 2.24 12 E7E3DE 1
2 3.24 -5 F4F1EC 1
2 3.24 7 ECE8E3 1
2 3.24 5 ECEBE4 1
1 3.24 6 EEECE6 1
2 7.24 8 ECE9E4 1
2 8.24 9 F1EFE9 1
2 8.24 10 F1EFE9 1
2 3.24 11 EEEBE6 1
2 3.24 12 E9E7E1 1
2 4.24 -5 F4F3EC 1
2 4.24 10 ECEBE4 1
2 4.24 5 EFECE7 1
1 4.24 6 F7F1EF 1
1 4.24 7 F4F3EC 1
2 4.24 8 EEEBE6 1
2 4.24 9 EEECE6 1
2 10.24 11 E6E3DE 1
2 5.24 -5 F4F3EC 1
2 5.24 11 E6E4DE 1
2 5.24 5 E7E7E1 1
1 5.24 6 F4F1EC 1
1 5.24 7 F4F3EC 1
1 5.24 8 F4F3EC 1
1 5.24 9 F3EFEA 1
1 5.24 10 E9E8E1 1
2 6.24 -5 F1EFE9 1
2 6.24 11 E6E3DE 1
2 9.24 5 ECEBE4 1
1 6.24 7 EFECE7 1
1 6.24 8 EFEDE7 1
1 6.24 9 ECEBE4 1
1 6.24 10 E6E4DE 1
2 6.24 12 EFECE7 1
2 7.24 10 ECE9E4 1
2 9.24 6 EEECE6 1
2 10.24 7 EEEBE6 1
1 7.24 9 E9E7E1 1
2 7.24 11 F3EFEA 1
2 8.24 7 E6E3DE 1
2 8.24 5 DBD9D6 1
2 8.24 6 D6D5CE 1
1 8.24 6 E1E0D8 1
2 10.24 8 E6E3DE 1
2 10.24 9 DBD9D3 1
2 10.24 10 DEDBD6 1
2 8.24 11 F4F3EC 1
2 13.24 5 AAA8A5 1
1 9.24 6 ECEBE4 1
1 9.24 7 EEEBE6 1
2 9.24 8 EEEBE6 1
2 9.24 9 E7E4DE 1
2 9.24 10 E4E0DB 1
1 9.24 11 E4E1DB 1
2 10.24 -7 E9E7E1 1
2 13.24 -7 CDCBC6 1
2 11.24 -8 E4E1DB 1
2 21.24 12 DBD8D3 1
2 11.24 12 EEEBE6 1
2 12.24 -8 DEDBD6 1
2 12.24 12 F4F3EC 1
2 13.24 -8 C0C1BD 1
2 13.24 8 F4F3EC 1
2 13.24 -6 E7E3DE 1
2 13.24 -5 F4F3EC 1
2 13.24 -4 F4F3EC 1
2 13.24 -3 F4F3EC 1
2 13.24 -2 F4F3EC 1
2 13.24 -1 F4F3EC 1
2 13.24 0 F4F3EC 1
2 13.24 1 F4F3EC 1
2 13.24 2 F4F3EC 1
2 13.24 3 F4F3EC 1
2 13.24 4 F1EDE9 1
2 13.24 6 DBD9D3 1
2 13.24 7 EEEBE6 1
2 13.24 12 F4F3EC 1
2 14.24 -7 D8D5D0 1
2 14.24 8 F4F3EC 1
2 14.24 5 CBC8C3 1
2 14.24 12 F4F3EC 1
2 15.24 8 F4F3EC 1
2 14.24 -6 F1F0E9 1
2 14.24 -5 F4F3EC 1
2 14.24 -4 F4F3EC 1
2 14.24 -3 F4F3EC 1
2 14.24 -2 F4F3EC 1
2 14.24 -1 F4F3EC 1
2 14.24 0 F4F3EC 1
2 15.24 1 F4F3EC 1
2 15.24 2 F4F3EC 1
2 15.24 3 F4F3EC 1
2 15.24 4 F3EFEA 1
2 15.24 5 E7E4DE 1
2 15.24 12 F7F0E9 1
2 16.24 8 F4F3EC 1
2 16.24 12 F4F3EC 1
2 17.24 8 F4F3EC 1
2 17.24 12 F4F3EC 1
2 18.24 8 F4F3EC 1
2 18.24 12 F4F3EC 1
2 19.24 8 F4F3EC 1
2 19.24 12 F4F3EC 1
2 20.24 8 EFECE7 1
2 20.24 12 EFEDE7 1
2 21.24 8 D6D1CE 1
2 22.24 8 E1E0D8 1
2 22.24 12 F4F3EC 1
2 23.24 8 EEEBE6 1
2 23.24 9 F4F3EC 1
2 23.24 10 F4F3EC 1
2 23.24 11 F1EFE9 1
2 23.24 12 F1EFE9 1
3 9.24 -6 E6E4DE 1
3 9.24 -5 ECEBE4 1
3 8.24 -4 F4F3EC 1
3 0.24 -3 D6D3CE 1
3 0.24 -2 D0D0C8 1
3 0.24 -1 DEDBD6 1
3 0.24 0 E4E0DB 1
3 0.24 1 E4E4DB 1
3 0.24 2 E7E5DE 1
3 0.24 3 E7E4DE 1
3 0.24 4 E4E1DC 1
3 0.24 5 E3E1DB 1
3 0.24 6 E1DFD9 1
3 0.24 7 E3E1DB 1
3 0.24 8 EBE9E2 1
3 0.24 9 EEEBE6 1
3 0.24 10 EEEBE6 1
3 0.24 11 EFE8E7 1
3 11.24 12 E7E7E1 1
3 1.24 -3 DEDDD6 1
2 1.24 -5 E4E1DC 1
3 1.24 -4 DEDDD6 1
3 7.24 -3 F4F3EC 1
3 7.24 -2 F4F3EC 1
3 7.24 -1 F4F3EC 1
3 7.24 0 F4F3EC 1
3 9.24 5 E7E7E1 1
3 10.24 6 E7E5E1 1
3 10.24 7 E7E7E1 1
3 10.24 8 E7E5DE 1
3 10.24 9 ECE9E4 1
3 10.24 10 EFEDE7 1
3 10.24 11 ECEBE4 1
3 1.24 12 ECEBE4 1
3 1.24 11 E6E4DE 1
3 2.24 -3 EFECE7 1
3 2.24 -4 E9E8E1 1
3 1.24 5 EFEDE7 1
3 2.24 5 E9E8E1 1
3 1.24 6 EEEBE6 1
3 1.24 7 ECE9E4 1
3 1.24 8 F1EFE9 1
3 1.24 9 F4F3EC 1
3 1.24 10 F7F3EF 1
3 3.24 -2 F4F3EC 1
3 3.24 -4 F4F3EC 1
3 3.24 -3 F4F3EC 1
3 3.24 5 E7E4DE 1
2 3.24 8 E7E5DE 1
3 4.24 -2 F4F3EC 1
2 4.24 -4 F4F3EC 1
3 4.24 -3 F4F3EC 1
3 4.24 5 ECE8E3 1
3 5.24 -1 F4F3EC 1
2 5.24 -4 F4F3EC 1
3 5.24 -3 F4F3EC 1
3 5.24 -2 F4F3EC 1
3 5.24 5 E7E7E1 1
3 6.24 -1 F4F3EC 1
2 6.24 -4 F3EFEA 1
3 6.24 -3 F4F3EC 1
3 6.24 -2 F4F3EC 1
3 6.24 5 E6E3DE 1
2 7.24 -4 F4F3EC 1
3 6.24 0 F4F3EC 1
2 7.24 5 D8D7D0 1
3 7.24 5 DEDFDE 1
2 7.24 6 D6D3CE 1
3 8.24 -5 F3EFEA 1
3 8.24 5 E7E5DE 1
2 8.24 8 EEEBE6 1
3 10.24 -7 E7E7E1 1
3 13.24 -6 B5B3AF 1
3 13.24 5 AAA4A2 1
3 11.24 -7 ECE9E4 1
3 21.24 12 DBD9D3 1
3 12.24 -7 E9E7E1 1
3 12.24 12 EFEFE7 1
3 13.24 -7 BDBEB5 1
3 13.24 8 F4F3EC 1
3 13.24 -5 E1DDD8 1
3 13.24 -4 ECECE4 1
3 13.24 -3 F4F1EC 1
3 13.24 -2 F4F3EC 1
3 13.24 -1 F4F3EC 1
3 13.24 0 F4F3EC 1
3 13.24 1 F4F3EC 1
3 13.24 2 F4F3EC 1
3 13.24 3 F4F3EC 1
3 13.24 4 E7E5DE 1
3 13.24 6 E4E1DB 1
3 13.24 7 F4F3EC 1
3 13.24 12 F4F3EC 1
3 14.24 -7 D8D5D0 1
3 14.24 8 F4F3EC 1
3 14.24 5 C0BDB7 1
3 14.24 12 F4F3EC 1
3 15.24 8 F4F3EC 1
3 14.24 -6 E1DDD8 1
3 14.24 -5 E9E8E1 1
3 14.24 -4 EFEFE7 1
3 14.24 -3 F3EFEA 1
3 14.24 -2 F1EFE9 1
3 14.24 -1 F4F3EC 1
3 14.24 0 F4F3EC 1
3 15.24 1 F4F3EC 1
3 15.24 2 F4F3EC 1
3 15.24 3 F4F1EC 1
3 15.24 4 EEECE6 1
3 15.24 5 E1DDD8 1
3 15.24 12 F3EFEA 1
3 16.24 8 F4F3EC 1
3 16.24 12 F4F3EC 1
3 17.24 8 F4F3EC 1
3 17.24 12 F4F3EC 1
3 18.24 8 F4F3EC 1
3 18.24 12 F4F3EC 1
3 19.24 8 F4F3EC 1
3 19.24 12 F4F3EC 1
3 20.24 8 F1F0E9 1
3 20.24 12 EFECE7 1
3 21.24 8 D6D3CE 1
3 22.24 8 E4E1DE 1
3 22.24 12 F4F3EC 1
3 23.24 8 EFECE7 1
3 23.24 9 F4F3EC 1
3 23.24 10 F4F3EC 1
3 23.24 11 F4F3EC 1
3 23.24 12 F4F3EC 1
4 10.24 -5 E9E7E1 1
4 9.24 -4 E6E4DE 1
4 9.24 -3 EEEBE6 1
4 9.24 -2 F4F3EC 1
4 9.24 -1 F4F1EC 1
4 9.24 0 F1EFE9 1
4 9.24 1 F7F1EF 1
4 9.24 2 F4F3EC 1
4 9.24 3 F4F3EC 1
4 9.24 4 ECEBE4 1
4 9.24 5 E7E3DE 1
4 10.24 6 E1DFD9 1
4 10.24 7 E7E7E1 1
4 10.24 8 EEEBE6 1
4 10.24 9 E9E7E1 1
4 11.24 10 E6E3DE 1
4 11.24 11 E1E0D8 1
4 11.24 12 EAE7E2 1
3 1.24 -2 E7E5DE 1
3 1.24 -1 ECE9E4 1
3 1.24 0 E7E4DE 1
4 1.24 1 E7E5DE 1
4 1.24 2 EFECE7 1
4 1.24 3 EEEBE6 1
4 1.24 4 E4E1DB 1
4 1.24 5 DBD8D3 1
4 1.24 6 D8D8D0 1
3 2.24 -2 F4F3EC 1
3 2.24 -1 F4F3EC 1
3 2.24 0 F4F3EC 1
3 2.24 1 F7F0EF 1
3 2.24 2 F4F3EC 1
4 2.24 3 F3EFEA 1
4 2.24 4 E9E7E1 1
3 3.24 -1 F4F3EC 1
3 3.24 0 F4F3EC 1
3 3.24 1 F4F3EC 1
3 3.24 2 F3EFEA 1
3 3.24 3 F4F3EC 1
3 3.24 4 F1F0E9 1
3 4.24 -1 F4F3EC 1
3 4.24 0 F4F3EC 1
3 4.24 1 F4F3EC 1
3 4.24 2 F4F3EC 1
3 4.24 3 F4F3EC 1
3 4.24 4 F4F3EC 1
3 5.24 0 F4F3EC 1
3 5.24 1 F4F3EC 1
3 5.24 2 F4F3EC 1
3 5.24 3 F4F3EC 1
3 5.24 4 F4F3EC 1
3 6.24 1 F4F3EC 1
3 6.24 2 F4F3EC 1
3 6.24 3 F4F3EC 1
3 6.24 4 F7F1EF 1
3 7.24 1 F4F3EC 1
3 7.24 2 F4F3EC 1
3 7.24 3 F4F3EC 1
3 7.24 4 EFEFE7 1
3 8.24 -3 F4F3EC 1
4 8.24 -2 F4F3EC 1
4 8.24 -1 F4F3EC 1
4 8.24 0 F4F3EC 1
4 8.24 1 F4F3EC 1
3 8.24 2 F4F3EC 1
4 8.24 3 F4F3EC 1
4 8.24 4 F1EFE9 1
3 10.24 -6 E6E3DE 1
4 13.24 -4 B2ACAA 1
4 13.24 -3 BAB8B5 1
4 13.24 4 B1AEAC 1
4 13.24 5 898781 1
4 11.24 -5 EFECE7 1
4 11.24 -6 EFECE7 1
4 13.24 -5 B2B0AD 1
4 21.24 12 DBD9D3 1
4 12.24 -5 F1EFE9 1
4 12.24 -6 EFEFE7 1
4 12.24 12 E9E7E1 1
4 13.24 -6 C6C3BD 1
4 13.24 8 F4F3EC 1
4 13.24 -2 E4E0DB 1
4 13.24 -1 E7E7DE 1
4 13.24 0 E9E9E1 1
4 13.24 1 EFEFE7 1
4 13.24 2 ECE9E4 1
4 13.24 3 E1DDD8 1
4 14.24 5 B5B3B2 1
4 13.24 6 E7E4DE 1
4 13.24 7 F4F3EC 1
4 13.24 12 EFECE7 1
4 14.24 -5 DBD9D3 1
4 14.24 8 F4F3EC 1
4 14.24 12 F4F3EC 1
4 15.24 8 F4F3EC 1
4 14.24 -4 E4E0DB 1
4 14.24 -3 E7E3DE 1
4 14.24 -2 E7E3DE 1
4 14.24 -1 EFECE7 1
4 14.24 0 F4F3EC 1
4 15.24 1 F1EFE9 1
4 15.24 2 EEEBE6 1
4 15.24 3 EFECE7 1
4 15.24 4 EEEBE6 1
4 15.24 5 DBD8D3 1
4 15.24 12 F1EFE9 1
4 16.24 8 F4F3EC 1
4 16.24 12 ECEBE4 1
4 17.24 8 F4F3EC 1
4 17.24 12 EFEFE7 1
4 18.24 8 F4F3EC 1
4 18.24 12 F4F3EC 1
4 19.24 8 F4F3EC 1
4 19.24 12 F4F3EC 1
4 20.24 8 EFECE7 1
4 20.24 12 EFECE7 1
4 21.24 8 D6D4D0 1
4 22.24 8 E9E8E1 1
4 22.24 12 EEEBE6 1
4 23.24 8 F3EFEA 1
4 23.24 9 F1EFE9 1
4 23.24 10 EFEFE9 1
4 23.24 11 F4F3EC 1
4 23.24 12 F1F0E9 1
5 12.24 -2 EFEDE7 1
5 10.24 -1 EFECE7 1
5 10.24 0 E7E7E1 1
5 10.24 1 E6E3DE 1
5 10.24 2 E9E8E1 1
5 10.24 3 E7E4DE 1
5 10.24 4 E1DFD9 1
5 10.24 5 DEDCD6 1
5 10.24 6 E1DFD8 1
5 11.24 7 E1DFD9 1
5 11.24 8 E4E1DB 1
5 11.24 9 D6D4CE 1
5 11.24 10 CECCC8 1
5 11.24 11 DEDCD6 1
4 10.24 -4 E7E7E1 1
5 10.24 -3 EFECE7 1
5 10.24 -2 F1F3E9 1
5 11.24 -2 F1F0E9 1
5 11.24 -4 EFEDE7 1
5 11.24 -3 F4F3EC 1
5 13.24 -1 C0BBB7 1
5 13.24 0 B2B0AD 1
5 13.24 1 B5B2AD 1
5 13.24 2 B5B3AF 1
5 13.24 3 ADABA7 1
5 13.24 4 9C9B96 1
5 21.24 10 D3D1CB 1
5 12.24 -4 EFECE7 1
5 12.24 -3 EFECE7 1
5 21.24 11 DEDBD6 1
5 12.24 12 DEDCD6 1
5 13.24 -2 C8C8C0 1
5 13.24 -3 C3BCBA 1
5 12.24 -1 E6E3DE 1
5 13.24 8 EFEFE7 1
5 14.24 3 C3BCBA 1
5 13.24 5 D6D3CE 1
5 13.24 6 E9E7E1 1
5 13.24 7 EFEDE7 1
5 13.24 12 E9E7E1 1
5 14.24 -1 D8D5D0 1
5 14.24 -3 D3D0CB 1
5 14.24 -2 CECBC6 1
5 14.24 8 F4F3EC 1
5 14.24 4 D8D5D0 1
5 14.24 12 F1F0E9 1
5 15.24 8 F4F3EC 1
5 14.24 0 E7E4DE 1
5 15.24 1 E7E5DE 1
5 15.24 2 DEDCD6 1
5 15.24 3 E1DDD8 1
5 15.24 12 EFECE7 1
5 16.24 8 F4F3EC 1
5 16.24 12 ECE8E4 1
5 17.24 8 F3EFEA 1
5 17.24 12 EFEFE7 1
5 18.24 8 F1F0E9 1
5 18.24 12 F1EDE9 1
5 19.24 8 EFECE7 1
5 19.24 12 E7E7DE 1
5 20.24 8 E9E8E1 1
5 20.24 12 DEDFD6 1
5 21.24 8 D6D3CE 1
5 21.24 12 E7E5DE 1
5 22.24 8 E9E8E1 1
5 22.24 12 EBE9E2 1
5 23.24 8 EFECE7 1
5 23.24 9 ECE9E7 1
5 23.24 10 EBE9E2 1
5 23.24 11 F1EFE9 1
5 11.24 -1 ECEBE4 1
5 11.24 0 E4E1DE 1
5 11.24 1 DEDCD6 1
5 11.24 2 E3E1DB 1
5 11.24 3 E7E4DE 1
5 11.24 4 E7E4DE 1
5 11.24 5 E7E4DE 1
6 11.24 6 E9E8E1 1
6 11.24 7 EEEBE6 1
5 12.24 0 E1DDD8 1
5 12.24 1 DED8D6 1
5 12.24 2 DEDCD6 1
5 12.24 3 E9E7E1 1
5 12.24 4 EFEFE9 1
6 12.24 5 F3F1EB 1
6 12.24 6 F3F1EB 1
6 12.24 7 F4F3EC 1
6 12.24 8 F4F3EC 1
5 12.24 9 EFEFE7 1
5 12.24 10 ECE9E4 1
5 12.24 11 E6E3DE 1
5 13.24 9 F4F3EC 1
5 13.24 10 F4F3EC 1
5 13.24 11 F4F1EC 1
5 14.24 1 D8D5D0 1
5 14.24 2 CBCCC6 1
5 14.24 9 F4F1EC 1
5 14.24 10 F4F3EC 1
5 14.24 11 F4F3EC 1
5 15.24 9 EFECE7 1
5 15.24 10 F7F0EF 1
5 15.24 11 F1F0E9 1
5 16.24 9 F1EFE9 1
5 16.24 10 F7F1EF 1
5 16.24 11 EFEDE7 1
5 17.24 9 F1EFE9 1
5 17.24 10 F4F3EC 1
5 17.24 11 F4F1EC 1
5 18.24 9 F3EFEA 1
5 18.24 10 F7F1EF 1
5 18.24 11 F4F3EC 1
5 19.24 9 F3F1EB 1
5 19.24 10 F3EFEA 1
5 19.24 11 EFECE7 1
5 20.24 9 ECE9E4 1
5 20.24 10 E7E4DE 1
5 20.24 11 E1DFD9 1
5 21.24 9 DED9D6 1
5 22.24 9 E4E3DC 1
5 22.24 10 E7E4DE 1
5 22.24 11 ECE9E4 1
