3 1.12 4 3C2018 1
4 1.12 3 3C2018 1
5 1.12 2 392018 1
4 1.12 1 3C2015 1
4 1.12 0 3C2018 1
4 1.12 -1 3C2018 1
4 1.12 -2 3C2018 1
4 1.12 -3 3C2018 1
4 1.12 -4 3C2018 1
4 2.12 4 E9C476 1
4 2.12 3 E9C276 1
5 2.12 2 E9C476 1
4 2.12 1 E4BE73 1
4 2.12 0 E4BE73 1
4 2.12 -1 E6C073 1
5 2.12 -2 E4C073 1
4 2.12 -3 E6C073 1
4 2.12 -4 E6C073 1
4 3.12 4 F7E8A5 1
5 3.12 3 F7E8A5 1
5 3.12 2 F7E8A5 1
5 3.12 1 F7E8A5 1
4 3.12 0 F7E8A5 1
4 3.12 -1 F7E8A5 1
5 3.12 -2 F7E8A5 1
4 3.12 -3 F7E8A5 1
4 3.12 -4 F7E8A5 1
-2 4.12 5 F7EBA5 1
4 4.12 4 F7E9A4 1
5 4.12 3 F7EBA4 1
5 4.12 2 F7E9A4 1
5 4.12 1 F7EBA4 1
4 4.12 0 F7EBA4 1
4 4.12 -1 F7EBA5 1
5 4.12 -2 F7EBA5 1
5 4.12 -3 F7EBA5 1
4 4.12 -4 F7EBA4 1
2 4.12 -5 F7EBA5 1
-1 5.12 5 F7EBA7 1
5 5.12 4 F7EBAA 1
5 5.12 3 F7EBA9 1
5 5.12 2 F7EBAA 1
5 5.12 1 F7EBA7 1
4 5.12 0 F7EBA7 1
5 5.12 -1 F7EBAA 1
5 5.12 -2 F7EBAA 1
5 5.12 -3 F7EBA7 1
4 5.12 -4 F7EBAA 1
3 5.12 -5 F7EBA7 1
3 6.12 5 F7EBAC 1
5 6.12 4 F7EBAC 1
5 6.12 3 F7EBAC 1
5 6.12 2 F7EBAC 1
5 6.12 1 F7EBAC 1
4 6.12 0 F7EBAC 1
5 6.12 -1 F7EBAC 1
5 6.12 -2 F7EBAC 1
5 6.12 -3 F7EBAC 1
5 6.12 -4 F7EBAC 1
3 6.12 -5 F7EBAC 1
3 7.12 5 F7EBAC 1
5 7.12 4 F7EBAC 1
5 7.12 3 F7EBAC 1
5 7.12 2 F7EBAC 1
5 7.12 1 F7EBAD 1
5 7.12 0 F7EBAC 1
5 7.12 -1 F7EBAC 1
5 7.12 -2 F7EBAD 1
5 7.12 -3 F7EBAC 1
5 7.12 -4 F7EBAD 1
4 7.12 -5 F7EBAC 1
4 8.12 5 F7EBAC 1
5 8.12 4 F7EBAC 1
5 8.12 3 F7EBAC 1
6 8.12 2 F7EBAD 1
5 8.12 1 F7EBAC 1
5 8.12 0 F7EBAD 1
5 8.12 -1 F7EBAD 1
5 8.12 -2 F7EBAC 1
5 8.12 -3 F7EBAC 1
5 8.12 -4 F7EBAD 1
4 8.12 -5 F7EBAD 1
-5 9.12 7 F7F4EF 1
-6 9.12 6 F7F4F1 1
4 9.12 5 F7EBAD 1
5 9.12 4 F7EBAC 1
5 9.12 3 F7EBAC 1
6 9.12 2 F7EBAC 1
5 9.12 1 F7EBAC 1
5 9.12 0 F4E9AD 1
5 9.12 -1 F4E9AA 1
5 9.12 -2 F7E9AD 1
5 9.12 -3 F4E9AD 1
5 9.12 -4 F4E9AA 1
5 9.12 -5 F7E9AD 1
6 10.12 4 F7EBAD 1
6 10.12 3 F7EBAC 1
6 10.12 2 F7E9AD 1
6 10.12 1 F7EBAD 1
6 10.12 -2 EFE7AD 1
6 10.12 -3 F7E8AD 1
6 10.12 -4 BDD98B 1
5 10.12 5 F7EBAC 1
5 10.12 0 F7E9AD 1
5 10.12 -5 F4E8AA 1
5 9.12 5 F7EBAD 1
5 10.12 4 7EEBDB 1
5 10.12 3 B2F3E9 1
5 10.12 2 C36B2E 1
5 10.12 1 E3B33C 1
5 10.12 -1 AD5118 1
5 10.12 -2 A55D52 1
5 10.12 -3 7BE5D9 1
5 10.12 -4 70E5D6 1
4 10.12 6 F7EBAD 1
4 0.12 3 3C2018 1
4 0.12 2 392018 1
4 0.12 1 3C2018 1
4 0.12 -1 422018 1
4 0.12 -2 3C1D18 1
4 0.12 -3 3F1E18 1
4 10.12 -6 FFF3BD 1
4 1.12 4 3C2018 1
4 5.12 4 F7EBA9 1
4 5.12 -5 F7EBAA 1
4 6.12 5 F7EBAC 1
4 6.12 -5 F7EBAC 1
4 7.12 5 F7EBAD 1
-1 8.12 -5 F7EBAD 1
-1 9.12 -5 F7EBAD 1
4 9.12 -5 F7EBAC 1
4 10.12 5 FFFBF7 1
4 10.12 4 FFFBFF 1
4 10.12 3 7EEBDB 1
4 10.12 2 D9A34C 1
4 10.12 1 FFEB5A 1
4 10.12 0 941808 1
4 10.12 -1 DBA336 1
4 10.12 -2 E6AC39 1
4 10.12 -3 54DBC8 1
4 10.12 -4 FFFBF7 1
4 10.12 -5 FFFBF7 1
3 10.12 6 F7EBAC 1
3 0.12 4 3F2018 1
3 0.12 3 392015 1
3 0.12 2 392015 1
3 0.12 1 392015 1
3 0.12 0 392015 1
3 0.12 -1 392015 1
3 0.12 -2 392015 1
3 0.12 -3 392015 1
3 0.12 -4 3F1E18 1
3 10.12 -6 F4E9AA 1
0 1.12 4 3C2018 1
-1 1.12 -4 3C2018 1
3 1.12 -4 3C2018 1
3 2.12 4 E9C476 1
0 2.12 4 E6C276 1
0 2.12 -4 E6C176 1
3 2.12 -4 E6C173 1
3 3.12 4 F7E8A5 1
3 3.12 -5 F7E8A5 1
3 4.12 5 F7EBA5 1
3 4.12 -5 F7EBA5 1
3 5.12 5 F7EBAA 1
-2 6.12 -5 F7EBAC 1
-1 7.12 5 F7EBAC 1
-2 7.12 -5 F7EBAC 1
3 7.12 -5 F7EBAC 1
3 8.12 5 F7EBAC 1
-1 8.12 5 F7EBAC 1
3 8.12 -5 F7EBAD 1
3 9.12 5 F7EBAD 1
0 9.12 5 F7EBAC 1
3 9.12 -5 F7EBAC 1
3 10.12 5 ADEFE7 1
3 10.12 4 FFFBFF 1
3 10.12 3 6BD7CE 1
3 10.12 2 B54918 1
3 10.12 1 B77042 1
3 10.12 0 838F70 1
3 10.12 -1 CEBAB5 1
3 10.12 -2 A5DBBD 1
3 10.12 -3 42C3B5 1
3 10.12 -4 F9F9F9 1
3 10.12 -5 F9F9F9 1
2 10.12 6 F7EBAD 1
2 6.12 5 F7EBAC 1
2 0.12 4 3C1D18 1
2 0.12 3 392015 1
2 0.12 2 392015 1
2 0.12 1 392015 1
2 0.12 0 392015 1
2 0.12 -1 392015 1
2 0.12 -2 392015 1
2 0.12 -3 392015 1
2 0.12 -4 311810 1
2 10.12 -6 F4E9AA 1
2 1.12 4 3C2015 1
2 1.12 -5 3C2018 1
2 2.12 5 E6C276 1
2 2.12 -5 E6C173 1
2 3.12 5 F7E8A5 1
2 3.12 -5 F7E8A5 1
2 4.12 5 F7EBA5 1
2 5.12 5 F7EBAA 1
2 5.12 -5 F7EBA9 1
-1 6.12 5 F7EBAC 1
2 6.12 -5 F7EBAC 1
2 7.12 5 F7EBAC 1
2 7.12 -5 F7EBAC 1
2 8.12 5 F7EBAC 1
2 8.12 -6 F7EBAC 1
2 9.12 5 F7EBAD 1
2 9.12 -6 F7EBAC 1
2 10.12 5 B7F0E6 1
2 10.12 4 FFFFE7 1
2 10.12 3 FFCF31 1
2 10.12 2 C8701B 1
2 10.12 1 C36216 1
2 10.12 0 FFD74A 1
2 10.12 -1 FFE773 1
2 10.12 -2 FFDB42 1
2 10.12 -3 C37626 1
2 10.12 -4 F7DAC8 1
2 10.12 -5 FFF7F7 1
1 9.12 5 F7EBAD 1
1 0.12 4 422018 1
1 0.12 3 392015 1
1 0.12 2 392015 1
1 0.12 1 392015 1
1 0.12 0 392015 1
1 0.12 -1 392015 1
1 0.12 -2 392015 1
1 0.12 -3 392015 1
1 0.12 -4 3C1D18 1
1 7.12 -5 F7EBAD 1
1 10.12 -6 FFF3BD 1
1 1.12 4 3C2018 1
1 1.12 -4 3C2018 1
1 2.12 4 E6C276 1
1 2.12 -4 E6C173 1
1 3.12 4 F7E8A5 1
1 3.12 -5 F7E8A5 1
1 4.12 4 F7EBA5 1
1 4.12 -5 F7EBA5 1
1 5.12 5 F7EBAA 1
1 5.12 -5 F7EBAA 1
1 6.12 5 F7EBAC 1
1 6.12 -5 F7EBAC 1
1 7.12 5 F7EBAC 1
1 8.12 5 F7EBAC 1
1 8.12 -5 F7EBAC 1
1 9.12 -5 F7EBAD 1
1 10.12 5 FFFBF7 1
1 10.12 4 F7F7F7 1
1 10.12 3 F7F7F7 1
1 10.12 2 C5ABA4 1
1 10.12 1 BDAAA4 1
1 10.12 0 FFFFFF 1
1 10.12 -1 F7E7DE 1
1 10.12 -2 BD854F 1
1 10.12 -3 C37F3C 1
1 10.12 -4 EFDF29 1
1 10.12 -5 F1AB4F 1
0 10.12 5 F7EBAC 1
0 0.12 3 392015 1
0 0.12 2 392015 1
0 0.12 1 392015 1
0 0.12 0 392015 1
0 0.12 -1 392015 1
0 0.12 -2 392015 1
0 0.12 -3 392015 1
0 10.12 -5 F7EBAC 1
0 1.12 -4 3C2018 1
0 3.12 4 F7E8A5 1
0 3.12 -4 F7E8A5 1
0 4.12 4 F7EBA5 1
0 4.12 -4 F7E9A5 1
0 5.12 4 F7EBAA 1
0 5.12 -4 F7EBA9 1
0 6.12 4 F7EBAC 1
0 6.12 -4 F7EBAC 1
0 7.12 5 F7EBAC 1
0 7.12 -5 F7EBAC 1
0 8.12 5 F7EBAC 1
0 8.12 -5 F7EBAC 1
0 9.12 -5 F7EBAC 1
0 10.12 4 FFFBF7 1
0 10.12 3 FFFFFF 1
0 10.12 2 420800 1
0 10.12 1 5D1500 1
0 10.12 0 5D1500 1
0 10.12 -1 470A00 1
0 10.12 -2 290000 1
0 10.12 -3 F78E29 1
0 10.12 -4 EF7129 1
-1 10.12 6 F7EBAD 1
-1 0.12 4 3C1D18 1
-1 0.12 3 392015 1
-1 0.12 2 392015 1
-1 0.12 1 392015 1
-1 0.12 0 392015 1
-1 0.12 -1 392015 1
-1 0.12 -2 392015 1
-1 0.12 -3 392015 1
-1 0.12 -4 422018 1
-1 1.12 4 3C2018 1
-1 2.12 4 E6C276 1
-1 2.12 -4 E6C176 1
-1 3.12 5 F7E8A5 1
-1 3.12 -4 F7E8A5 1
-1 4.12 5 F7EBA5 1
-1 4.12 -4 F7E9A5 1
-1 5.12 -5 F7EBAA 1
-1 6.12 -5 F7ECAC 1
-1 7.12 -5 F7EBAD 1
-1 9.12 5 F7EBAC 1
-1 10.12 5 F7DF31 1
-1 10.12 4 390000 1
-1 10.12 3 360400 1
-1 10.12 2 5D1100 1
-1 10.12 1 681600 1
-1 10.12 0 7B2400 1
-1 10.12 -1 601600 1
-1 10.12 -2 3E0800 1
-1 10.12 -3 210000 1
-1 10.12 -4 F77521 1
-1 10.12 -5 C27E42 1
-2 10.12 6 F7EBAC 1
-2 0.12 4 442C26 1
-2 0.12 3 392015 1
-2 0.12 2 392015 1
-2 0.12 1 392015 1
-2 0.12 0 392015 1
-2 0.12 -1 392015 1
-2 0.12 -2 392015 1
-2 0.12 -3 392015 1
-2 0.12 -4 3C1D18 1
-2 10.12 -6 FFF3BD 1
-2 1.12 5 3C2018 1
-2 1.12 -4 3C2018 1
-2 2.12 5 E6C276 1
-2 2.12 -5 E6C173 1
-2 3.12 5 F7E8A5 1
-2 3.12 -5 F7E8A5 1
-2 4.12 -5 F7E9A5 1
-2 5.12 5 F7EBA9 1
-2 5.12 -5 F7EBAA 1
-2 6.12 5 F7EBAC 1
-2 7.12 5 F7EBAD 1
-2 8.12 6 F7EBAD 1
-2 8.12 -5 F7EBAC 1
-2 9.12 6 F7EBAC 1
-2 9.12 -5 F7EBAC 1
-2 10.12 5 FF7118 1
-2 10.12 4 A53800 1
-2 10.12 3 AD6A4A 1
-2 10.12 2 4A0000 1
-2 10.12 1 4A0000 1
-2 10.12 0 5A0C00 1
-2 10.12 -1 4A0C00 1
-2 10.12 -2 5A1400 1
-2 10.12 -3 682305 1
-2 10.12 -4 F77521 1
-2 10.12 -5 4A0800 1
-3 10.12 6 F7EBAC 1
-3 6.12 5 F7EBAC 1
-3 0.12 4 3F1E18 1
-3 0.12 3 392015 1
-3 0.12 2 392015 1
-3 0.12 1 392015 1
-3 0.12 0 392015 1
-3 0.12 -1 392015 1
-3 0.12 -2 392015 1
-3 0.12 -3 392015 1
-3 0.12 -4 422018 1
-3 7.12 -5 F7EBAC 1
-3 10.12 -6 F7EBAC 1
-3 1.12 4 3C2018 1
-3 1.12 -4 3C2018 1
-3 2.12 4 E6C276 1
-3 2.12 -4 E6C276 1
-3 3.12 5 F7E8A5 1
-3 3.12 -4 F7E8A5 1
-3 4.12 5 F7EBA5 1
-3 4.12 -5 F7EBA5 1
-3 5.12 5 F7EBAA 1
-3 5.12 -5 F7EBAA 1
-3 6.12 -5 F7EBAC 1
-3 7.12 5 F7EBAD 1
-3 8.12 5 F7EBAC 1
-3 8.12 -5 F7EBAC 1
-3 9.12 5 F7EBAC 1
-3 9.12 -5 F7EBAC 1
-3 10.12 5 DEE7F7 1
-3 10.12 4 E7E7FF 1
-3 10.12 3 E9A339 1
-3 10.12 2 EF9D3F 1
-3 10.12 1 EF9D3F 1
-3 10.12 0 915D4F 1
-3 10.12 -1 865B4D 1
-3 10.12 -2 915E47 1
-3 10.12 -3 DE8608 1
-3 10.12 -4 FFB24A 1
-3 10.12 -5 5D1500 1
-4 10.12 6 F7EBAD 1
-4 8.12 5 F7EBAD 1
-4 3.12 4 F7E7A5 1
-4 0.12 3 422018 1
-4 0.12 2 3C1D18 1
-4 0.12 1 422018 1
-4 2.12 0 D6A24A 1
-4 0.12 -1 3C1D18 1
-4 0.12 -2 311008 1
-4 0.12 -3 3C1D18 1
-4 3.12 -4 F7E7A5 1
-4 9.12 -5 F7EBAD 1
-4 10.12 -6 BDD98B 1
-4 1.12 3 3C2018 1
-4 1.12 4 3C2018 1
-4 1.12 0 3C2018 1
-4 1.12 1 3C2018 1
-4 1.12 -4 3C2018 1
-4 2.12 4 E6C276 1
-4 2.12 -4 E6C276 1
-4 4.12 4 F7EBA5 1
-4 4.12 -4 F7E9A4 1
-4 5.12 5 F7EBAA 1
-4 5.12 -4 F7EBAA 1
-4 6.12 5 F7EBAC 1
-4 6.12 -5 F7EBAC 1
-4 7.12 5 F7EBAC 1
-4 7.12 -5 F7EBAD 1
-4 8.12 -5 F7EBAC 1
-4 9.12 5 F7EBAD 1
-4 10.12 5 EFB15A 1
-4 10.12 4 E79210 1
-4 10.12 3 E9A339 1
-4 10.12 2 E77100 1
-4 10.12 1 F7CA7E 1
-4 10.12 0 FFFFDE 1
-4 10.12 -1 FFDFA5 1
-4 10.12 -2 F78E08 1
-4 10.12 -3 DE7D00 1
-4 10.12 -4 EF9608 1
-4 10.12 -5 FFEFBD 1
-5 10.12 6 F7F7F7 1
-5 10.12 5 F7EBAC 1
-5 9.12 4 F7EBAC 1
-5 7.12 3 F7EBAC 1
-5 6.12 2 F7EBAC 1
-5 9.12 1 F7EBAC 1
-5 10.12 0 F7EBAC 1
-5 7.12 -1 F7EBAD 1
-5 4.12 -2 F7E9A5 1
-5 6.12 -3 F7EBAC 1
-5 8.12 -4 F7EBAC 1
-5 10.12 -5 F7EBAC 1
-4 1.12 2 3C2018 1
-4 1.12 -1 3C2018 1
-5 1.12 -2 3C2018 1
-4 1.12 -3 3C2018 1
-4 2.12 3 E6C276 1
-5 2.12 2 E6C276 1
-4 2.12 1 E6C276 1
-4 2.12 -1 E6C276 1
-5 2.12 -2 E6C276 1
-4 2.12 -3 E6C276 1
-4 3.12 3 F7E8A5 1
-5 3.12 2 F7E8A5 1
-4 3.12 1 F7E8A5 1
-4 3.12 0 F7E8A5 1
-5 3.12 -1 F7E8A5 1
-5 3.12 -2 F7E8A5 1
-5 3.12 -3 F7E8A5 1
-5 4.12 3 F7EBA5 1
-5 4.12 2 F7E9A5 1
-4 4.12 1 F7EBA5 1
-4 4.12 0 F7EBA5 1
-5 4.12 -1 F7EBA5 1
-5 4.12 -3 F7EBA5 1
-5 5.12 -1 F7EBAA 1
-4 5.12 4 F7EBA9 1
-5 5.12 3 F7EBAA 1
-5 5.12 2 F7EBA9 1
-5 5.12 1 F7EBAA 1
-4 5.12 0 F7EBA7 1
-5 5.12 -3 F7EBA9 1
-5 5.12 -4 F7EBA9 1
-5 6.12 3 F7EBAC 1
-5 6.12 4 F7EBAC 1
-5 6.12 -1 F7EBAC 1
-5 6.12 1 F7EBAC 1
-4 6.12 0 F7EBAC 1
-5 6.12 -4 F7EBAC 1
-5 7.12 4 F7EBAC 1
-5 7.12 1 F7EBAD 1
-5 7.12 2 F7EBAD 1
-5 7.12 0 F7EBAC 1
-5 7.12 -4 F7EBAC 1
-5 8.12 4 F7EBAC 1
-5 8.12 -1 F7ECAD 1
-5 8.12 1 F7EBAC 1
-5 8.12 0 F7EBAD 1
-5 9.12 5 F7EBAC 1
-5 9.12 0 F7EBAC 1
-5 9.12 -5 F7EBAD 1
-5 10.12 4 F1990A 1
-5 10.12 3 E7A64F 1
-5 10.12 2 DE9857 1
-5 10.12 1 F7F3EF 1
-5 10.12 -1 E1935A 1
-5 10.12 -2 DEDFF7 1
-5 10.12 -3 DE7505 1
-5 10.12 -4 F7A608 1
-6 8.12 7 F9F8F7 1
-6 10.12 5 F7F5F3 1
-6 10.12 4 F7EFC5 1
-6 10.12 3 F7EBAC 1
-6 10.12 2 F7EBA5 1
-6 10.12 -1 FFF3BD 1
-6 10.12 -2 F7EBAC 1
-6 10.12 -3 F7EBAC 1
-6 10.12 -4 FFF7BD 1
-5 5.12 -2 F7EBAA 1
-5 6.12 -2 F7EBAC 1
-5 7.12 -2 F7EBAC 1
-5 7.12 -3 F7EBAD 1
-5 8.12 3 F7EBAC 1
-5 8.12 2 F7EBAC 1
-6 8.12 -2 F7EBAC 1
-5 8.12 -3 F7EBAD 1
-6 9.12 7 F7FBF7 1
-5 9.12 3 F7EBAD 1
-5 9.12 2 F7EBAC 1
-5 9.12 -1 F7ECAD 1
-6 9.12 -2 F7EBAD 1
-5 9.12 -3 F7EBAD 1
-5 9.12 -4 F7EBAC 1
