-1 0.54 0 C27305 1
0 1.54 -3 DB9C41 1
-2 1.54 -2 DE9A34 1
-3 1.54 -1 D69736 1
-3 1.54 0 C69242 1
-3 1.54 1 E79728 1
-2 1.54 2 E78A00 1
0 1.54 3 E19623 1
-2 2.54 -3 D68A18 1
-3 2.54 -2 DE9721 1
-3 2.54 -1 D69831 1
-4 2.54 0 E6A239 1
-3 2.54 1 EF961E 1
-3 2.54 2 E99213 1
-2 2.54 3 EFA239 1
-2 3.54 -3 DE8E08 1
-3 3.54 -2 DEA444 1
-4 3.54 -1 DE9628 1
-4 3.54 0 EF9621 1
-4 3.54 1 E79C28 1
-3 3.54 2 F7CB7B 1
-2 3.54 3 F7B552 1
-2 4.54 -3 DEB263 1
-3 4.54 -2 CE8610 1
-4 4.54 -1 DEAA5A 1
-4 4.54 0 E3A239 1
-4 4.54 1 F7AF3E 1
-3 4.54 2 F9B84F 1
-2 4.54 3 F7A326 1
-2 5.54 -3 CE8608 1
-3 5.54 -2 DBA044 1
-4 5.54 -1 D08E20 1
-4 5.54 0 DEA24A 1
-4 5.54 1 F7B652 1
-3 5.54 2 FFB33E 1
-2 5.54 3 F9A726 1
-2 6.54 -3 DBA24C 1
-3 6.54 -2 D09328 1
-3 6.54 -1 DEAA52 1
-3 6.54 0 DEA239 1
-3 6.54 1 FFB03E 1
-3 6.54 2 FFB236 1
-2 6.54 3 E99C26 1
-1 7.54 -3 DE9628 1
-2 7.54 -2 D68A08 1
-3 7.54 -1 DEAA52 1
-3 7.54 0 EFA634 1
-3 7.54 1 F9B647 1
-2 7.54 2 FFC668 1
-1 7.54 3 E7AE5A 1
-2 8.54 -2 D8A252 1
-3 8.54 -1 DB9A36 1
-3 8.54 0 FFC662 1
-3 8.54 1 F7AF3C 1
-2 8.54 2 FFB94C 1
-2 9.54 -2 DBA244 1
-3 9.54 -1 E19828 1
-3 9.54 0 E9A739 1
-3 9.54 1 FFA221 1
-2 9.54 2 FFC15F 1
-2 10.54 -2 ECA741 1
-3 10.54 -1 FFB94D 1
-3 10.54 0 FFC255 1
-3 10.54 1 FFBB54 1
-2 10.54 2 FFC268 1
-2 11.54 -2 F4BD5D 1
-3 11.54 -1 FFBE63 1
-3 11.54 0 FFC76B 1
-3 11.54 1 FFCE73 1
-2 11.54 2 FFB541 1
-2 12.54 -2 F4B85D 1
-2 12.54 -1 EFAA39 1
-3 12.54 0 FFCC6A 1
-2 12.54 1 F9B54C 1
-2 12.54 2 FFC973 1
-2 13.54 -2 DE9A31 1
-2 13.54 -1 E1AA4C 1
-3 13.54 0 F4B54D 1
-2 13.54 1 FFC15D 1
-2 13.54 2 FFCB6B 1
-2 14.54 -2 DE8A18 1
-2 14.54 -1 ECB04F 1
-3 14.54 0 F9D075 1
-2 14.54 1 FFDF8C 1
-2 14.54 2 FFB23E 1
0 15.54 -2 E79729 1
-2 15.54 -1 F7C168 1
-2 15.54 0 FFC160 1
-2 15.54 1 FFCF81 1
0 15.54 2 F4A633 1
-1 16.54 0 C5AC44 1
0 17.54 0 DEBE42 1
-2 0.54 -1 D0932E 1
-2 0.54 0 C67100 1
-2 0.54 1 D67D00 1
-1 1.54 -3 DE8E08 1
-1 0.54 -2 D69F41 1
-1 0.54 -1 C67A0D 1
-1 0.54 1 D69331 1
-1 0.54 2 DEA642 1
-1 1.54 3 DB9C36 1
-1 2.54 -3 DE9E34 1
-1 2.54 3 DEA24A 1
-1 3.54 -4 DE9B31 1
-1 3.54 4 E7B263 1
-1 4.54 -4 E19A2E 1
-1 4.54 4 EFC373 1
-1 5.54 -4 DEAA4A 1
-1 5.54 4 E7B26B 1
-1 6.54 -3 DE7D00 1
-1 6.54 3 E4A744 1
-1 8.54 -3 DB9428 1
-1 8.54 3 DEB26B 1
-1 9.54 -3 D88A20 1
-1 9.54 3 E1A64F 1
-1 10.54 -3 DE9531 1
-1 10.54 3 F7C36B 1
-1 11.54 -3 DE7D00 1
-1 11.54 3 F7AA34 1
-1 12.54 -2 DEB66B 1
-1 12.54 2 FFA621 1
-1 13.54 -2 DBA749 1
-1 13.54 2 F7B552 1
-1 14.54 -2 EFB049 1
-1 14.54 2 F7B855 1
-1 15.54 -2 E49B39 1
-1 15.54 2 F7B854 1
-1 16.54 -1 DE9D44 1
-1 16.54 1 FFA631 1
0 0.54 -2 C67100 1
0 0.54 -1 BD7108 1
0 0.54 0 A55900 1
0 0.54 1 C67500 1
0 0.54 2 CE6D00 1
0 17.54 -1 D6C462 1
0 2.54 -4 D69223 1
0 2.54 4 CE8608 1
0 3.54 -4 DEB263 1
0 3.54 4 D6A24A 1
0 4.54 -4 DE9210 1
0 4.54 4 D8A44A 1
0 5.54 -4 E7B66B 1
0 5.54 4 DEAE5A 1
0 6.54 -3 DE8E08 1
0 6.54 3 DE9E29 1
0 7.54 -3 D6A34F 1
0 7.54 3 D09634 1
0 8.54 -3 CE9E4A 1
0 8.54 3 D6A652 1
0 9.54 -3 E19021 1
0 9.54 3 DEA03C 1
0 10.54 -3 E9A031 1
0 10.54 3 ECA739 1
0 11.54 -3 E1A64C 1
0 11.54 3 DB9F47 1
0 12.54 -3 FFCB73 1
0 12.54 3 E7B663 1
0 13.54 -3 EFBE6B 1
0 13.54 3 E9A844 1
0 14.54 -3 F1AF4D 1
0 14.54 3 E79621 1
0 16.54 -1 B59621 1
0 16.54 1 F9B452 1
0 18.54 -1 D6BA42 1
0 18.54 0 E1C557 1
1 1.54 -3 D09739 1
1 0.54 -2 D09336 1
1 0.54 -1 C8892B 1
1 0.54 0 A15705 1
1 0.54 1 C2750B 1
1 0.54 2 DE9326 1
1 1.54 3 DE8E10 1
1 2.54 -3 D89F41 1
1 2.54 3 DBA03C 1
1 3.54 -4 E7BA6B 1
1 3.54 4 DE9F37 1
1 4.54 -4 F7CF84 1
1 4.54 4 DE972B 1
1 5.54 -4 E7BA73 1
1 5.54 4 D68C1E 1
1 6.54 -3 E7AB4C 1
1 6.54 3 E79618 1
1 7.54 -3 DEA041 1
1 7.54 3 D88E1E 1
1 8.54 -3 DBA452 1
1 8.54 3 DB9431 1
1 9.54 -3 E7B257 1
1 9.54 3 D6953C 1
1 10.54 -3 EFBA63 1
1 10.54 3 E78E18 1
1 11.54 -3 EFB052 1
1 11.54 3 DE8C26 1
1 12.54 -2 F9AA33 1
1 12.54 2 E7B66B 1
1 13.54 -2 F7B957 1
1 13.54 2 CE7500 1
1 14.54 -2 EFA229 1
1 14.54 2 F7C36B 1
1 15.54 -2 F9B752 1
1 15.54 2 D6A652 1
1 16.54 -1 FFAE3F 1
1 16.54 0 EFAD41 1
1 16.54 1 DEA34A 1
2 2.54 -3 E7961E 1
2 1.54 -2 DE9629 1
2 0.54 -1 D08413 1
2 0.54 0 C07D16 1
2 0.54 1 C68208 1
2 1.54 2 CE9436 1
2 2.54 3 DEB263 1
2 3.54 -3 F4A229 1
2 3.54 3 DEB66B 1
2 4.54 -3 F4A829 1
2 4.54 3 DB9D3C 1
2 5.54 -3 FCB247 1
2 5.54 3 CE7D00 1
2 6.54 -3 EC941B 1
2 6.54 3 DBA042 1
2 7.54 -2 FCB547 1
2 7.54 2 DBA84F 1
2 8.54 -2 FFC15D 1
2 8.54 2 D69E4A 1
2 9.54 -2 FFC76B 1
2 9.54 2 DEA747 1
2 10.54 -2 FFBA4C 1
2 10.54 2 EFAA3E 1
2 11.54 -2 FFB242 1
2 11.54 2 F7C773 1
2 12.54 -2 FFCC78 1
2 12.54 2 EFB255 1
2 13.54 -2 F9B652 1
2 13.54 2 E7AF57 1
2 14.54 -2 FFB647 1
2 14.54 2 E78A18 1
2 15.54 0 FFD37B 1
2 15.54 -1 FFB242 1
2 15.54 1 FFC565 1
3 2.54 -2 E7A642 1
3 1.54 -1 DB9731 1
3 1.54 0 D69A42 1
3 1.54 1 D0800D 1
3 2.54 2 DE8E18 1
3 3.54 -2 F1A223 1
3 3.54 2 D69E42 1
3 4.54 -2 F7C363 1
3 4.54 2 D69629 1
3 5.54 -2 FFA218 1
3 5.54 2 DB9620 1
3 6.54 -2 FFC165 1
3 6.54 2 D09223 1
3 7.54 -1 FFB239 1
3 7.54 1 EFA32E 1
3 8.54 -1 FFB949 1
3 8.54 0 E19F36 1
3 8.54 1 DB8C13 1
3 9.54 -1 FFA82B 1
3 9.54 0 EEAB44 1
3 9.54 1 E4A744 1
3 10.54 -1 FFBA52 1
3 10.54 0 E79621 1
3 10.54 1 E7AA4C 1
3 11.54 -1 FFD784 1
3 11.54 0 FFC363 1
3 11.54 1 E7B25A 1
2 12.54 -1 FFCB73 1
3 12.54 0 FFB642 1
2 12.54 1 F4AF49 1
2 13.54 -1 FFB642 1
3 13.54 0 EFAA39 1
2 13.54 1 F7A629 1
2 14.54 -1 FFBD52 1
3 14.54 0 F9C15D 1
2 14.54 1 FFC773 1
3 2.54 -1 DB9226 1
4 2.54 0 DE8208 1
3 2.54 1 D68C23 1
4 3.54 -1 DE8F1B 1
4 3.54 0 E79620 1
4 3.54 1 E7A242 1
4 4.54 -1 FFAA2B 1
4 4.54 0 F1AB3F 1
4 4.54 1 EFB25A 1
4 5.54 -1 FFB74D 1
4 5.54 0 EFA229 1
4 5.54 1 EFAE4A 1
3 6.54 -1 FFBC55 1
3 6.54 0 FFB64A 1
3 6.54 1 EFA229 1
3 7.54 0 F1AA39 1
