0 0.2 -5 6FD700 1
-3 0.2 -4 6FD700 1
-4 0.2 -3 6FD700 1
-5 0.2 -2 6FD700 1
-5 0.2 -1 6FD700 1
-5 0.2 0 6FD700 1
-5 0.2 1 6FD700 1
-5 0.2 2 6FD700 1
-3 1.2 -5 6FD700 1
-4 1.2 -4 6FD700 1
-5 1.2 -3 6FD700 1
-5 1.2 -2 6FD700 1
-6 1.2 -1 6FD700 1
-6 1.2 0 6FD700 1
-6 1.2 1 6FD700 1
-5 1.2 2 6FD700 1
-5 1.2 3 6FD700 1
-4 1.2 4 6FD700 1
-3 1.2 5 6FD700 1
0 2.2 -6 6FD700 1
-3 2.2 -5 6FD700 1
-4 2.2 -4 6FD700 1
-5 2.2 -3 6FD700 1
-6 2.2 -2 6FD700 1
-6 2.2 -1 6FD700 1
-6 2.2 0 6FD700 1
-6 2.2 1 6FD700 1
-6 2.2 2 6FD700 1
-5 2.2 3 6FD700 1
-4 2.2 4 6FD700 1
-3 2.2 5 6FD700 1
0 2.2 6 6FD700 1
-1 3.2 -6 6FD700 1
-4 3.2 -5 6FD700 1
-5 3.2 -4 6FD700 1
-5 3.2 -3 6FD700 1
-6 3.2 -2 6FD700 1
-6 3.2 -1 6FD700 1
-6 3.2 0 6FD700 1
-6 3.2 1 6FD700 1
-6 3.2 2 6FD700 1
-5 3.2 3 6FD700 1
-5 3.2 4 6FD700 1
-4 3.2 5 6FD700 1
-1 3.2 6 6FD700 1
-1 4.2 -6 6FD700 1
-4 4.2 -5 6FD700 1
-5 4.2 -4 6FD700 1
-6 4.2 -3 6FD700 1
-6 4.2 -2 6FD700 1
-6 4.2 -1 6FD700 1
-6 4.2 0 6FD700 1
-6 4.2 1 6FD700 1
-6 4.2 2 6FD700 1
-6 4.2 3 6FD700 1
-5 4.2 4 6FD700 1
-4 4.2 5 6FD700 1
-1 4.2 6 6FD700 1
-2 5.2 -6 6FD700 1
-4 5.2 -5 6FD700 1
-5 5.2 -4 6FD700 1
-6 5.2 -3 6FD700 1
-6 5.2 -2 6FD700 1
-6 5.2 -1 6FD700 1
-6 5.2 0 6FD700 1
-6 5.2 1 6FD700 1
-6 5.2 2 6FD700 1
-6 5.2 3 6FD700 1
-5 5.2 4 6FD700 1
-4 5.2 5 6FD700 1
-2 5.2 6 6FD700 1
-1 6.2 -6 6FD700 1
-4 6.2 -5 6FD700 1
-5 6.2 -4 6FD700 1
-5 6.2 -3 6FD700 1
-6 6.2 -2 6FD700 1
-6 6.2 -1 6FD700 1
-6 6.2 0 6FD700 1
-6 6.2 1 6FD700 1
-6 6.2 2 6FD700 1
-5 6.2 3 6FD700 1
-5 6.2 4 6FD700 1
-4 6.2 5 6FD700 1
-1 6.2 6 6FD700 1
0 7.2 -6 6FD700 1
-3 7.2 -5 6FD700 1
-4 7.2 -4 6FD700 1
-5 7.2 -3 6FD700 1
-6 7.2 -2 6FD700 1
-6 7.2 -1 6FD700 1
-6 7.2 0 6FD700 1
-6 7.2 1 6FD700 1
-6 7.2 2 6FD700 1
-5 7.2 3 6FD700 1
-4 7.2 4 6FD700 1
-3 7.2 5 6FD700 1
0 7.2 6 6FD700 1
-3 8.2 -5 6FD700 1
-4 8.2 -4 6FD700 1
-5 8.2 -3 6FD700 1
-5 8.2 -2 6FD700 1
-6 8.2 -1 6FD700 1
-6 8.2 0 6FD700 1
-6 8.2 1 6FD700 1
-5 8.2 2 6FD700 1
-5 8.2 3 6FD700 1
-4 8.2 4 6FD700 1
-3 8.2 5 6FD700 1
-3 9.2 -5 6FD700 1
-4 9.2 -4 6FD700 1
-5 9.2 -3 6FD700 1
-5 9.2 -2 6FD700 1
-5 9.2 -1 6FD700 1
-6 9.2 0 6FD700 1
-5 9.2 1 6FD700 1
-5 9.2 2 6FD700 1
-5 9.2 3 6FD700 1
-4 9.2 4 6FD700 1
-3 9.2 5 6FD700 1
-2 10.2 -5 632B10 1
-4 10.2 -4 632B10 1
-5 10.2 -3 632B10 1
-5 10.2 -2 632B10 1
-5 10.2 -1 631C10 1
-6 10.2 0 6FD700 1
-5 10.2 1 6FD700 1
-5 10.2 2 6FD700 1
-5 10.2 3 6FD700 1
-4 10.2 4 6FD700 1
-2 10.2 5 6FD700 1
-2 11.2 -5 632B10 1
-4 11.2 -4 632B10 1
-5 11.2 -3 632B10 1
-5 11.2 -2 632B10 1
-5 11.2 -1 631C10 1
-6 11.2 0 6FD700 1
-5 11.2 1 6FD700 1
-5 11.2 2 6FD700 1
-5 11.2 3 6FD700 1
-4 11.2 4 6FD700 1
-2 11.2 5 6FD700 1
-2 12.2 -5 632B10 1
-4 12.2 -4 632B10 1
-5 12.2 -3 632B10 1
-5 12.2 -2 632B10 1
-5 12.2 -1 631C10 1
-6 12.2 0 6FD700 1
-5 12.2 1 6FD700 1
-5 12.2 2 6FD700 1
-5 12.2 3 6FD700 1
-4 12.2 4 6FD700 1
-2 12.2 5 6FD700 1
-2 13.2 -5 632B10 1
-4 13.2 -4 632B10 1
-5 13.2 -3 632B10 1
-5 13.2 -2 632B10 1
-5 13.2 -1 631C10 1
-6 13.2 0 6FD700 1
-5 13.2 1 6FD700 1
-5 13.2 2 6FD700 1
-5 13.2 3 6FD700 1
-4 13.2 4 6FD700 1
-2 13.2 5 6FD700 1
-2 14.2 -5 632B10 1
-4 14.2 -4 632B10 1
-5 14.2 -3 632B10 1
-5 14.2 -2 632B10 1
-5 14.2 -1 632810 1
-6 14.2 0 6FD700 1
-5 14.2 1 6FD700 1
-5 14.2 2 6FD700 1
-5 14.2 3 6FD700 1
-4 14.2 4 6FD700 1
-2 14.2 5 6FD700 1
-2 15.2 -5 632B10 1
-4 15.2 -4 632410 1
-5 15.2 -3 632010 1
-5 15.2 -2 632010 1
-5 15.2 -1 632010 1
-6 15.2 0 6FD700 1
-5 15.2 1 6FD700 1
-5 15.2 2 6FD700 1
-5 15.2 3 6FD700 1
-4 15.2 4 6FD700 1
-2 15.2 5 6FD700 1
-2 16.2 -5 6BDB00 1
-4 16.2 -4 6FD700 1
-5 16.2 -3 6FD700 1
-5 16.2 -2 6FD700 1
-5 16.2 -1 6FD700 1
-6 16.2 0 6FD700 1
-5 16.2 1 6FD700 1
-5 16.2 2 6FD700 1
-5 16.2 3 6FD700 1
-4 16.2 4 6FD700 1
-2 16.2 5 6FD700 1
-2 17.2 -5 6FD700 1
-4 17.2 -4 6FD700 1
-5 17.2 -3 6FD700 1
-5 17.2 -2 6FD700 1
-5 17.2 -1 6FD700 1
-6 17.2 0 6FD700 1
-5 17.2 1 6FD700 1
-5 17.2 2 6FD700 1
-5 17.2 3 6FD700 1
-4 17.2 4 6FD700 1
-2 17.2 5 6FD700 1
-2 18.2 -5 6FD700 1
-4 18.2 -4 6FD700 1
-5 18.2 -3 6FD700 1
-5 18.2 -2 6FD700 1
-5 18.2 -1 6FD700 1
-6 18.2 0 6FD700 1
-5 18.2 1 6FD700 1
-5 18.2 2 6FD700 1
-5 18.2 3 6FD700 1
-4 18.2 4 6FD700 1
-2 18.2 5 6FD700 1
-2 19.2 -5 6FD700 1
-4 19.2 -4 6FD700 1
-5 19.2 -3 6FD700 1
-5 19.2 -2 6FD700 1
-5 19.2 -1 6FD700 1
-6 19.2 0 6FD700 1
-5 19.2 1 6FD700 1
-5 19.2 2 6FD700 1
-5 19.2 3 6FD700 1
-4 19.2 4 6FD700 1
-2 19.2 5 1069BD 1
-3 20.2 -5 6FD700 1
-4 20.2 -4 6FD700 1
-5 20.2 -3 6FD700 1
-5 20.2 -2 6FD700 1
-6 20.2 -1 6FD700 1
-6 20.2 0 6FD700 1
-6 20.2 1 6FD700 1
-5 20.2 2 6FD700 1
-5 20.2 3 6FD700 1
-4 20.2 4 6FD700 1
-3 20.2 5 6FD700 1
-3 21.2 -5 6FD700 1
-4 21.2 -4 6FD700 1
-5 21.2 -3 6FD700 1
-5 21.2 -2 6FD700 1
-6 21.2 -1 6FD700 1
-6 21.2 0 6FD700 1
-6 21.2 1 6FD700 1
-5 21.2 2 6FD700 1
-5 21.2 3 6FD700 1
-4 21.2 4 6FD700 1
-3 21.2 5 6FD700 1
-3 22.2 -5 6FD700 1
-4 22.2 -4 6FD700 1
-5 22.2 -3 6FD700 1
-5 22.2 -2 6FD700 1
-5 22.2 -1 6FD700 1
-6 22.2 0 6FD700 1
-5 22.2 1 6FD700 1
-5 22.2 2 6FD700 1
-5 22.2 3 6FD700 1
-4 22.2 4 6FD700 1
-3 22.2 5 6FD700 1
-3 23.2 -5 6FD700 1
-4 23.2 -4 6FD700 1
-5 23.2 -3 6FD700 1
-5 23.2 -2 6FD700 1
-5 23.2 -1 6FD700 1
-6 23.2 0 6FD700 1
-5 23.2 1 6FD700 1
-5 23.2 2 6FD700 1
-5 23.2 3 6FD700 1
-4 23.2 4 6FD700 1
-3 23.2 5 6FD700 1
-1 24.2 -5 6FD700 1
-3 24.2 -4 6FD700 1
-4 24.2 -3 6FD700 1
-5 24.2 -2 6FD700 1
-5 24.2 -1 6FD700 1
-5 24.2 0 6FD700 1
-5 24.2 1 6FD700 1
-5 24.2 2 6FD700 1
-4 24.2 3 6FD700 1
-3 24.2 4 6FD700 1
-1 24.2 5 6FD700 1
-3 25.2 -4 6FD700 1
-4 25.2 -3 6FD700 1
-4 25.2 -2 6FD700 1
-5 25.2 -1 6FD700 1
-5 25.2 0 6FD700 1
-5 25.2 1 6FD700 1
-4 25.2 2 6FD700 1
-4 25.2 3 6FD700 1
-3 25.2 4 6FD700 1
-1 26.2 -4 6FD700 1
-3 26.2 -3 6FD700 1
-4 26.2 -2 6FD700 1
-4 26.2 -1 6FD700 1
-4 26.2 0 6FD700 1
-4 26.2 1 6FD700 1
-4 26.2 2 6FD700 1
-3 26.2 3 6FD700 1
-1 26.2 4 6FD700 1
-1 27.2 -3 6FD700 1
-3 27.2 -2 6FD700 1
-3 27.2 -1 6FD700 1
-3 27.2 0 6FD700 1
-3 27.2 1 6FD700 1
-3 27.2 2 6FD700 1
-1 27.2 3 6FD700 1
0 28.2 -2 6FD700 1
-2 28.2 -1 6FD700 1
-2 28.2 0 6FD700 1
-2 28.2 1 6FD700 1
0 28.2 2 6FD700 1
-1 29.2 -1 6FD700 1
-2 29.2 0 6FD700 1
-1 29.2 1 6FD700 1
-1 30.2 -1 104D9C 1
-2 30.2 0 CD8A6B 1
-1 30.2 1 FFFFFF 1
-1 31.2 -1 FFC3AD 1
-2 31.2 0 8CCFFF 1
-1 31.2 1 FF6D21 1
0 0.2 0 6FD700 1
-4 0.2 -2 6FD700 1
-4 0.2 -1 6FD700 1
-4 0.2 0 6FD700 1
-4 0.2 1 6FD700 1
-4 0.2 2 6FD700 1
-4 0.2 3 6FD700 1
-3 0.2 -2 6FD700 1
-2 0.2 -1 6FD700 1
2 0.2 1 6FD700 1
3 0.2 2 6FD700 1
-3 0.2 -3 6FD700 1
-3 0.2 -1 6FD700 1
-3 0.2 0 6FD700 1
-3 0.2 1 6FD700 1
-3 0.2 2 6FD700 1
-3 0.2 3 6FD700 1
-3 0.2 4 6FD700 1
-3 1.2 -3 FFFFFF 1
-3 1.2 -2 FFFFFF 1
-3 3.2 -5 6FD700 1
-3 3.2 5 6FD700 1
-3 4.2 -6 6FD700 1
-3 4.2 6 6FD700 1
-3 5.2 -6 6FD700 1
-3 5.2 6 6FD700 1
-3 6.2 -5 6FD700 1
-3 6.2 5 6FD700 1
-3 10.2 -5 632B10 1
-3 10.2 5 6FD700 1
-3 11.2 -5 632B10 1
-3 11.2 5 6FD700 1
-3 12.2 -5 632B10 1
-3 12.2 5 6FD700 1
-3 13.2 -5 632B10 1
-3 13.2 5 6FD700 1
-3 14.2 -5 632B10 1
-3 14.2 5 6FD700 1
-3 15.2 -5 632010 1
-3 15.2 5 6FD700 1
-3 16.2 -5 6FD700 1
-3 16.2 5 6FD700 1
-3 17.2 -5 6FD700 1
-3 17.2 5 6FD700 1
-3 18.2 -5 6FD700 1
-3 18.2 5 6FD700 1
-3 19.2 -5 6FD700 1
-3 19.2 5 0865C6 1
-2 0.2 -5 6FD700 1
-2 0.2 -4 6FD700 1
-2 0.2 -3 6FD700 1
-2 0.2 -2 6FD700 1
-2 0.2 0 6FD700 1
-2 0.2 1 6FD700 1
-2 0.2 2 6FD700 1
-2 0.2 3 6FD700 1
-2 0.2 4 6FD700 1
-2 0.2 5 6FD700 1
-2 1.2 -4 FFFFFF 1
-2 1.2 -3 FFFFFF 1
-2 1.2 -2 FFFFFF 1
-2 1.2 -5 6FD700 1
-2 1.2 5 6FD700 1
-2 2.2 -6 6FD700 1
-2 2.2 6 6FD700 1
-2 3.2 -6 6FD700 1
-2 3.2 6 6FD700 1
-2 4.2 -6 6FD700 1
-2 4.2 6 6FD700 1
-2 6.2 -6 6FD700 1
-2 6.2 6 6FD700 1
-2 7.2 -6 6FD700 1
-2 7.2 6 6FD700 1
-2 8.2 -5 6FD700 1
-2 8.2 5 6FD700 1
-2 9.2 -5 6FD700 1
-2 9.2 5 6FD700 1
-2 20.2 -5 6FD700 1
-2 20.2 5 6FD700 1
-2 21.2 -5 6FD700 1
-2 21.2 5 6FD700 1
-2 22.2 -5 6FD700 1
-2 22.2 5 6FD700 1
-2 23.2 -5 6FD700 1
-2 23.2 5 6FD700 1
-2 24.2 -5 6FD700 1
-2 24.2 5 6FD700 1
-2 25.2 -4 6FD700 1
-2 25.2 4 6FD700 1
-2 26.2 -4 6FD700 1
-2 26.2 4 6FD700 1
-2 27.2 -3 6FD700 1
-2 27.2 3 6FD700 1
-2 27.2 -2 6FD700 1
-2 27.2 2 6FD700 1
-1 0.2 -5 6FD700 1
-1 0.2 -4 6FD700 1
-1 0.2 -3 6FD700 1
-1 0.2 -2 6FD700 1
-1 0.2 -1 6FD700 1
-1 0.2 0 6FD700 1
-1 0.2 1 6FD700 1
-1 0.2 2 6FD700 1
-1 0.2 3 6FD700 1
-1 0.2 4 6FD700 1
-1 0.2 5 6FD700 1
-1 1.2 -4 FFFFFF 1
-1 1.2 -3 FFFFFF 1
-1 1.2 -2 FFFFFF 1
-1 1.2 -1 FFFFFF 1
-1 1.2 -6 6FD700 1
-1 1.2 6 6FD700 1
-1 2.2 -6 6FD700 1
-1 2.2 6 6FD700 1
-1 5.2 -6 6FD700 1
-1 5.2 6 6FD700 1
-1 7.2 -6 6FD700 1
-1 7.2 6 6FD700 1
-1 8.2 -6 6FD700 1
-1 8.2 6 6FD700 1
-1 9.2 -5 6FD700 1
-1 9.2 5 6FD700 1
-1 10.2 -5 632B10 1
-1 10.2 5 6FD700 1
-1 11.2 -5 632B10 1
-1 11.2 5 6FD700 1
-1 12.2 -5 632B10 1
-1 12.2 5 6FD700 1
-1 13.2 -5 632B10 1
-1 13.2 5 6FD700 1
-1 14.2 -5 632B10 1
-1 14.2 5 6FD700 1
-1 15.2 -5 632B10 1
-1 15.2 5 6FD700 1
-1 16.2 -5 632810 1
-1 16.2 5 6FD700 1
-1 17.2 -5 6FD700 1
-1 17.2 5 6FD700 1
-1 18.2 -5 6FD700 1
-1 18.2 5 6FD700 1
-1 19.2 -5 6FD700 1
-1 19.2 5 1065C6 1
-1 20.2 -6 6FD700 1
-1 20.2 6 6FD700 1
-1 21.2 -6 6FD700 1
-1 21.2 6 6FD700 1
-1 22.2 -5 6FD700 1
-1 22.2 5 6FD700 1
-1 23.2 -5 6FD700 1
-1 23.2 5 6FD700 1
-1 25.2 -5 6FD700 1
-1 25.2 5 6FD700 1
-1 28.2 -2 6FD700 1
-1 28.2 2 6FD700 1
-1 32.2 -1 EFCBBD 1
-1 32.2 0 BDE7FF 1
-1 32.2 1 F18352 1
0 1.2 -6 6FD700 1
0 0.2 -4 6FD700 1
0 0.2 -3 6FD700 1
0 0.2 -2 6FD700 1
0 0.2 -1 6FD700 1
0 0.2 1 6FD700 1
0 0.2 2 6FD700 1
0 0.2 3 6FD700 1
0 0.2 4 6FD700 1
0 0.2 5 6FD700 1
0 1.2 6 6FD700 1
0 1.2 -5 FFFFFF 1
0 1.2 -4 FFFFFF 1
0 1.2 -3 FFFFFF 1
0 1.2 -2 FFFFFF 1
0 1.2 -1 FFFFFF 1
0 1.2 0 FFFFFF 1
0 3.2 -6 6FD700 1
0 3.2 6 6FD700 1
0 4.2 -6 6FD700 1
0 4.2 6 6FD700 1
0 5.2 -6 6FD700 1
0 5.2 6 6FD700 1
0 6.2 -6 6FD700 1
0 6.2 6 6FD700 1
0 8.2 -6 6FD700 1
0 8.2 6 6FD700 1
0 9.2 -6 6FD700 1
0 9.2 6 6FD700 1
0 10.2 -6 FFFFFF 1
0 10.2 6 6FD700 1
0 11.2 -6 FFFFFF 1
0 11.2 6 6FD700 1
0 12.2 -6 FFFFFF 1
0 12.2 6 6FD700 1
0 13.2 -6 FFFFFF 1
0 13.2 6 6FD700 1
0 14.2 -6 FFFFFF 1
0 14.2 6 6FD700 1
0 15.2 -6 FFFFFF 1
0 15.2 6 6FD700 1
0 16.2 -6 FFFFFF 1
0 16.2 6 6FD700 1
0 17.2 -6 FFFFFF 1
0 17.2 6 6FD700 1
0 18.2 -6 FFFFFF 1
0 18.2 6 6FD700 1
0 19.2 -6 FFFFFF 1
0 19.2 6 1065BD 1
0 20.2 -6 6FD700 1
0 20.2 6 6FD700 1
0 21.2 -6 6FD700 1
0 21.2 6 6FD700 1
0 22.2 -6 6FD700 1
0 22.2 6 6FD700 1
0 23.2 -6 6FD700 1
0 23.2 6 6FD700 1
0 24.2 -5 6FD700 1
0 24.2 5 6FD700 1
0 25.2 -5 6FD700 1
0 25.2 5 6FD700 1
0 26.2 -4 6FD700 1
0 26.2 4 6FD700 1
0 27.2 -3 6FD700 1
0 27.2 3 6FD700 1
0 29.2 -2 6FD700 1
0 29.2 2 6FD700 1
0 30.2 -2 FFFFFF 1
0 30.2 2 FFFFFF 1
0 31.2 -2 FFFFFF 1
0 31.2 2 DEEFFF 1
0 32.2 -1 FFFFFF 1
0 32.2 0 B5E7FF 1
0 32.2 1 E6C3AF 1
1 3.2 -6 6FD700 1
1 0.2 -5 6FD700 1
1 0.2 -4 6FD700 1
1 0.2 -3 6FD700 1
1 0.2 -2 6FD700 1
1 0.2 -1 6FD700 1
1 0.2 0 6FD700 1
1 0.2 1 6FD700 1
1 0.2 2 6FD700 1
1 0.2 3 6FD700 1
1 0.2 4 6FD700 1
1 0.2 5 6FD700 1
1 3.2 6 6FD700 1
1 1.2 -4 FFFFFF 1
1 1.2 -3 FFFFFF 1
1 1.2 -2 FFFFFF 1
1 1.2 -1 FFFFFF 1
1 1.2 -6 6FD700 1
1 1.2 6 6FD700 1
1 2.2 -6 6FD700 1
1 2.2 6 6FD700 1
1 4.2 -6 6FD700 1
1 4.2 6 6FD700 1
1 5.2 -6 6FD700 1
1 5.2 6 6FD700 1
1 6.2 -6 6FD700 1
1 6.2 6 6FD700 1
1 7.2 -6 6FD700 1
1 7.2 6 6FD700 1
1 8.2 -6 6FD700 1
1 8.2 6 6FD700 1
1 9.2 -5 6FD700 1
1 9.2 5 6FD700 1
1 10.2 -5 FFFFFF 1
1 10.2 5 6FD700 1
1 11.2 -5 FFFFFF 1
1 11.2 5 6FD700 1
1 12.2 -5 FFFFFF 1
1 12.2 5 6FD700 1
1 13.2 -5 FFFFFF 1
1 13.2 5 6FD700 1
1 14.2 -5 FFFFFF 1
1 14.2 5 6FD700 1
1 15.2 -5 FFFFFF 1
1 15.2 5 6FD700 1
1 16.2 -5 FFFFFF 1
1 16.2 5 6FD700 1
1 17.2 -5 FFFFFF 1
1 17.2 5 6FD700 1
1 18.2 -5 FFFFFF 1
1 18.2 5 6FD700 1
1 19.2 -5 FFFFFF 1
1 19.2 5 368386 1
1 20.2 -6 6FD700 1
1 20.2 6 6FD700 1
1 21.2 -6 6FD700 1
1 21.2 6 6FD700 1
1 22.2 -5 6FD700 1
1 22.2 5 6FD700 1
1 23.2 -5 6FD700 1
1 23.2 5 6FD700 1
1 24.2 -5 6FD700 1
1 24.2 5 6FD700 1
1 25.2 -5 6FD700 1
1 25.2 5 6FD700 1
1 26.2 -4 6FD700 1
1 26.2 4 6FD700 1
1 27.2 -3 6FD700 1
1 27.2 3 6FD700 1
1 28.2 -2 6FD700 1
1 28.2 2 6FD700 1
1 29.2 -1 6FD700 1
1 29.2 1 6FD700 1
1 30.2 -1 FFFFFF 1
1 30.2 1 FFFFFF 1
1 31.2 -1 FFFFFF 1
1 31.2 1 CEEBF7 1
1 32.2 -1 EF8865 1
1 32.2 0 EFFBFF 1
1 32.2 1 E98C52 1
2 0.2 -5 6FD700 1
2 0.2 -4 6FD700 1
2 0.2 -3 6FD700 1
2 0.2 -2 6FD700 1
2 0.2 -1 6FD700 1
2 0.2 0 6FD700 1
2 0.2 2 6FD700 1
2 0.2 3 6FD700 1
2 0.2 4 6FD700 1
2 0.2 5 6FD700 1
2 1.2 -4 FFFFFF 1
2 1.2 -3 FFFFFF 1
2 1.2 -2 FFFFFF 1
2 1.2 -5 6FD700 1
2 1.2 5 6FD700 1
2 2.2 -6 6FD700 1
2 2.2 6 6FD700 1
2 3.2 -6 6FD700 1
2 3.2 6 6FD700 1
2 4.2 -6 6FD700 1
2 4.2 6 6FD700 1
2 5.2 -6 6FD700 1
2 5.2 6 6FD700 1
2 6.2 -6 6FD700 1
2 6.2 6 6FD700 1
2 7.2 -6 6FD700 1
2 7.2 6 6FD700 1
2 8.2 -5 6FD700 1
2 8.2 5 6FD700 1
2 9.2 -5 6FD700 1
2 9.2 5 6FD700 1
2 10.2 -5 DEF3FF 1
2 10.2 5 6FD700 1
2 11.2 -5 FFFFFF 1
2 11.2 5 6FD700 1
2 12.2 -5 FFFFFF 1
2 12.2 5 6FD700 1
2 13.2 -5 FFFFFF 1
2 13.2 5 6FD700 1
2 14.2 -5 FFFFFF 1
2 14.2 5 6FD700 1
2 15.2 -5 FFFFFF 1
2 15.2 5 6FD700 1
2 16.2 -5 FFFFFF 1
2 16.2 5 6FD700 1
2 17.2 -5 FFFFFF 1
2 17.2 5 6FD700 1
2 18.2 -5 FFFFFF 1
2 18.2 5 73DF00 1
2 19.2 -5 FFFFFF 1
2 19.2 5 106ABD 1
2 20.2 -5 6FD700 1
2 20.2 5 6FD700 1
2 21.2 -5 6FD700 1
2 21.2 5 6FD700 1
2 22.2 -5 6FD700 1
2 22.2 5 6FD700 1
2 23.2 -5 6FD700 1
2 23.2 5 6FD700 1
2 24.2 -5 6FD700 1
2 24.2 5 6FD700 1
2 25.2 -4 6FD700 1
2 25.2 4 6FD700 1
2 26.2 -4 6FD700 1
2 26.2 4 6FD700 1
2 27.2 -3 6FD700 1
2 27.2 3 6FD700 1
2 28.2 0 6FD700 1
2 27.2 -2 6FD700 1
2 28.2 -1 6FD700 1
2 28.2 1 6FD700 1
2 27.2 2 6FD700 1
2 29.2 0 6FD700 1
2 30.2 0 FFFFFF 1
2 31.2 0 E7F7FF 1
3 1.2 -5 6FD700 1
3 0.2 -4 6FD700 1
3 0.2 -3 6FD700 1
3 0.2 -2 6FD700 1
3 0.2 -1 6FD700 1
3 0.2 0 6FD700 1
3 0.2 1 6FD700 1
3 0.2 3 6FD700 1
3 0.2 4 6FD700 1
3 1.2 5 6FD700 1
3 1.2 -3 FFFFFF 1
3 1.2 -2 FFFFFF 1
3 2.2 -5 6FD700 1
3 2.2 5 6FD700 1
3 3.2 -5 6FD700 1
3 3.2 5 6FD700 1
3 4.2 -6 6FD700 1
3 4.2 6 6FD700 1
3 5.2 -6 6FD700 1
3 5.2 6 6FD700 1
3 6.2 -5 6FD700 1
3 6.2 5 6FD700 1
3 7.2 -5 6FD700 1
3 7.2 5 6FD700 1
3 8.2 -5 6FD700 1
3 8.2 5 6FD700 1
3 9.2 -5 6FD700 1
3 9.2 5 6FD700 1
3 10.2 -5 C6EBEF 1
3 10.2 5 6FD700 1
3 11.2 -5 EF4D08 1
3 11.2 5 6FD700 1
3 12.2 -5 F9C2A2 1
3 12.2 5 6FD700 1
3 13.2 -5 FFFFFF 1
3 13.2 5 6FD700 1
3 14.2 -5 FFFFFF 1
3 14.2 5 6FD700 1
3 15.2 -5 FFFFFF 1
3 15.2 5 6FD700 1
3 16.2 -5 FFFFFF 1
3 16.2 5 6FD700 1
3 17.2 -5 FFFFFF 1
3 17.2 5 6BD700 1
3 18.2 -5 FFFFFF 1
3 18.2 5 DEBEC6 1
3 19.2 -5 FFFFFF 1
3 19.2 5 DEC9B8 1
3 20.2 -5 6FD700 1
3 20.2 5 6FD700 1
3 21.2 -5 6FD700 1
3 21.2 5 6FD700 1
3 22.2 -5 6FD700 1
3 22.2 5 6FD700 1
3 23.2 -5 6FD700 1
3 23.2 5 6FD700 1
3 24.2 -4 6FD700 1
3 24.2 4 6FD700 1
3 25.2 -4 6FD700 1
3 25.2 4 6FD700 1
3 26.2 -3 6FD700 1
3 26.2 3 6FD700 1
3 27.2 -1 6FD700 1
3 27.2 -2 6FD700 1
3 27.2 2 6FD700 1
3 27.2 1 6FD700 1
3 27.2 0 6FD700 1
4 1.2 -4 6FD700 1
4 0.2 -3 6FD700 1
4 0.2 -2 6FD700 1
4 0.2 -1 6FD700 1
4 0.2 0 6FD700 1
4 0.2 1 6FD700 1
4 0.2 2 6FD700 1
4 0.2 3 6FD700 1
4 1.2 4 6FD700 1
4 2.2 -4 6FD700 1
4 2.2 4 6FD700 1
4 3.2 -5 6FD700 1
4 3.2 5 6FD700 1
4 4.2 -5 6FD700 1
4 4.2 5 6FD700 1
4 5.2 -5 6FD700 1
4 5.2 5 6FD700 1
4 6.2 -5 6FD700 1
4 6.2 5 6FD700 1
4 7.2 -4 6FD700 1
4 7.2 4 6FD700 1
4 8.2 -4 6FD700 1
4 8.2 4 6FD700 1
4 9.2 -4 6FD700 1
4 9.2 4 6FD700 1
4 10.2 -4 DEF3F7 1
4 10.2 4 6FD700 1
4 11.2 -4 FFAE84 1
4 11.2 4 6FD700 1
4 12.2 -4 FFFFFF 1
4 12.2 4 6FD700 1
4 13.2 -4 FFFFFF 1
4 13.2 4 6FD700 1
4 14.2 -4 FFFFFF 1
4 14.2 4 6FD700 1
4 15.2 -4 FFFFFF 1
4 15.2 4 6BD700 1
4 16.2 -4 FFFFFF 1
4 16.2 4 B5CFEF 1
4 17.2 -4 FFFFFF 1
4 17.2 4 B1CEEA 1
4 18.2 -4 FFFFFF 1
4 18.2 4 AFCCE9 1
4 19.2 -4 FFFFFF 1
4 19.2 4 1069BD 1
4 20.2 -4 6FD700 1
4 20.2 4 6FD700 1
4 21.2 -4 6FD700 1
4 21.2 4 6FD700 1
4 22.2 -4 6FD700 1
4 22.2 4 6FD700 1
4 23.2 -4 6FD700 1
4 23.2 4 6FD700 1
4 24.2 -3 6FD700 1
4 24.2 3 6FD700 1
4 25.2 -3 6FD700 1
4 25.2 3 6FD700 1
4 26.2 -1 6FD700 1
4 26.2 -2 6FD700 1
4 26.2 2 6FD700 1
4 26.2 1 6FD700 1
4 26.2 0 6FD700 1
5 1.2 -3 6FD700 1
5 0.2 -2 6FD700 1
5 0.2 -1 6FD700 1
5 0.2 0 6FD700 1
5 0.2 1 6FD700 1
5 0.2 2 6FD700 1
5 1.2 3 6FD700 1
5 2.2 -3 6FD700 1
5 2.2 3 6FD700 1
5 3.2 -4 6FD700 1
5 3.2 4 6FD700 1
5 4.2 -4 6FD700 1
5 4.2 4 6FD700 1
5 5.2 -4 6FD700 1
5 5.2 4 6FD700 1
5 6.2 -4 6FD700 1
5 6.2 4 6FD700 1
5 7.2 -3 6FD700 1
5 7.2 3 6FD700 1
5 8.2 -3 6FD700 1
5 8.2 3 6FD700 1
5 9.2 -3 6FD700 1
5 9.2 3 6FD700 1
5 10.2 -2 FF6118 1
5 10.2 -3 A7DCFC 1
5 10.2 3 106ABD 1
5 10.2 2 2982D6 1
5 11.2 -2 65AEEF 1
5 11.2 -3 FFFFFF 1
5 11.2 3 106ABD 1
5 11.2 2 106ABD 1
5 12.2 -2 298ADE 1
5 12.2 -3 FFFFFF 1
5 12.2 3 106ABD 1
5 12.2 2 106ABD 1
5 13.2 -2 1E79D0 1
5 13.2 -3 FFFFFF 1
5 13.2 3 106ABD 1
5 13.2 2 106ABD 1
5 14.2 -2 3196EF 1
5 14.2 -3 FFFFFF 1
5 14.2 3 106ABD 1
5 14.2 2 106ABD 1
5 15.2 -2 FFFFFF 1
5 15.2 -3 FFFFFF 1
5 15.2 3 106ABD 1
5 15.2 2 106ABD 1
5 16.2 -2 FFFFFF 1
5 16.2 -3 FFFFFF 1
5 16.2 3 106ABD 1
5 16.2 2 106ABD 1
5 17.2 -2 8BC3F9 1
5 17.2 -3 FFFFFF 1
5 17.2 3 106BBD 1
5 17.2 2 106ABD 1
5 18.2 -2 4AA2F7 1
5 18.2 -3 FFFFFF 1
5 18.2 3 106ABD 1
5 18.2 2 106ABD 1
5 19.2 -2 4AA2EF 1
5 19.2 -3 FFFFFF 1
5 19.2 3 106ABD 1
5 19.2 2 106ABD 1
5 20.2 -3 6FD700 1
5 20.2 3 6FD700 1
5 21.2 -3 6FD700 1
5 21.2 3 6FD700 1
5 22.2 -3 6FD700 1
5 22.2 3 6FD700 1
5 23.2 -3 6FD700 1
5 23.2 3 6FD700 1
5 24.2 -1 6FD700 1
5 24.2 -2 6FD700 1
5 24.2 2 6FD700 1
5 24.2 1 6FD700 1
4 25.2 -2 6FD700 1
5 25.2 -1 6FD700 1
5 25.2 0 6FD700 1
5 25.2 1 6FD700 1
4 25.2 2 6FD700 1
6 3.2 -1 6FD700 1
6 1.2 0 6FD700 1
6 3.2 1 6FD700 1
5 1.2 -2 6FD700 1
6 1.2 -1 6FD700 1
6 1.2 1 6FD700 1
5 1.2 2 6FD700 1
6 2.2 0 6FD700 1
6 2.2 -2 6FD700 1
6 2.2 -1 6FD700 1
6 2.2 1 6FD700 1
6 2.2 2 6FD700 1
5 3.2 -3 6FD700 1
6 3.2 -2 6FD700 1
6 3.2 2 6FD700 1
5 3.2 3 6FD700 1
6 4.2 -1 6FD700 1
6 4.2 -3 6FD700 1
6 4.2 -2 6FD700 1
6 4.2 2 6FD700 1
6 4.2 1 6FD700 1
6 4.2 3 6FD700 1
6 5.2 -2 6FD700 1
6 5.2 -3 6FD700 1
6 5.2 2 6FD700 1
6 5.2 3 6FD700 1
6 6.2 -1 6FD700 1
5 6.2 -3 6FD700 1
6 6.2 -2 6FD700 1
6 6.2 1 6FD700 1
6 6.2 2 6FD700 1
5 6.2 3 6FD700 1
6 7.2 0 6FD700 1
6 7.2 -2 6FD700 1
6 7.2 -1 6FD700 1
6 7.2 1 6FD700 1
6 7.2 2 6FD700 1
5 8.2 -2 6FD700 1
6 8.2 -1 6FD700 1
6 8.2 0 6FD700 1
6 8.2 1 6FD700 1
5 8.2 2 6FD700 1
5 9.2 -2 6FD700 1
5 9.2 -1 6FD700 1
6 9.2 0 6FD700 1
5 9.2 1 6FD700 1
5 9.2 2 6FD700 1
5 10.2 -1 D0825D 1
6 10.2 0 FF7529 1
5 10.2 1 FF8A42 1
5 11.2 -1 1069BD 1
6 11.2 0 1069BD 1
5 11.2 1 1069BD 1
5 12.2 -1 106ABD 1
6 12.2 0 106ABD 1
5 12.2 1 106ABD 1
5 13.2 -1 106ABD 1
6 13.2 0 106ABD 1
5 13.2 1 106ABD 1
5 14.2 -1 106ABD 1
6 14.2 0 106ABD 1
5 14.2 1 106ABD 1
5 15.2 -1 0A66B7 1
6 15.2 0 106ABD 1
5 15.2 1 106ABD 1
5 16.2 -1 0D67BA 1
6 16.2 0 106ABD 1
5 16.2 1 106ABD 1
5 17.2 -1 106ABD 1
6 17.2 0 106ABD 1
5 17.2 1 106ABD 1
5 18.2 -1 106ABD 1
6 18.2 0 106ABD 1
5 18.2 1 106ABD 1
5 19.2 -1 106ABD 1
6 19.2 0 106ABD 1
5 19.2 1 106ABD 1
5 20.2 -2 6FD700 1
6 20.2 -1 6FD700 1
6 20.2 0 6FD700 1
6 20.2 1 6FD700 1
5 20.2 2 6FD700 1
5 21.2 -2 6FD700 1
6 21.2 -1 6FD700 1
6 21.2 0 6FD700 1
6 21.2 1 6FD700 1
5 21.2 2 6FD700 1
5 22.2 -2 6FD700 1
5 22.2 -1 6FD700 1
6 22.2 0 6FD700 1
5 22.2 1 6FD700 1
5 22.2 2 6FD700 1
5 23.2 -2 6FD700 1
5 23.2 -1 6FD700 1
6 23.2 0 6FD700 1
5 23.2 1 6FD700 1
5 23.2 2 6FD700 1
5 24.2 0 6FD700 1
6 3.2 0 6FD700 1
6 4.2 0 6FD700 1
6 5.2 -1 6FD700 1
6 5.2 0 6FD700 1
6 5.2 1 6FD700 1
6 6.2 0 6FD700 1
