-1 0.18 1.192093E-07 D09B52 1
0 0.18 0 CE9B4F 1
1 0.18 -1.192093E-07 CE9642 1
-4 1.18 1 D09C4F 1
-3 1.18 2.000001 C68A39 1
-2 1.18 2 D39E54 1
-0.9999999 1.18 2 D09E4F 1
2.384186E-07 1.18 2 CB9854 1
1 1.18 2 CB974F 1
2 1.18 2 CB9447 1
3.000001 1.18 2 C69349 1
4 1.18 0.9999995 BD8A42 1
-5 2.18 1 CE9A4F 1
-4 2.18 2.000001 C6924A 1
-3 2.18 3.000001 CB944F 1
-2 2.18 3.000001 C6924A 1
-0.9999996 2.18 3 CE9A52 1
4.768372E-07 2.18 3 C6924A 1
1.000001 2.18 3 C8964C 1
2.000001 2.18 3 C8964C 1
3.000001 2.18 3 C8934A 1
4.000001 2.18 2 C8904A 1
5 2.18 0.9999995 CB944A 1
-5 3.18 2.000001 CE984F 1
-4 3.18 3.000001 CE984F 1
-3 3.18 3.000001 CE9A4C 1
-2 3.18 3.000001 D09B52 1
-0.9999996 3.18 3 CE9A4F 1
4.768372E-07 3.18 3 CE984F 1
1.000001 3.18 3 CE984F 1
2.000001 3.18 3 C8934C 1
3.000001 3.18 3 C8934A 1
4.000001 3.18 3 C8934A 1
5.000001 3.18 2 C6924A 1
-5 4.18 2.000001 CE984F 1
-4 4.18 3.000001 CE9B4F 1
-3 4.18 3.000001 CE9B4F 1
-2 4.18 3.000001 CE984F 1
-0.9999996 4.18 3 CE974A 1
4.768372E-07 4.18 3 CB964F 1
1.000001 4.18 3 C8964C 1
2.000001 4.18 3 C8934C 1
3.000001 4.18 3 C6924A 1
4.000001 4.18 3 C6924A 1
5.000001 4.18 2 C38F47 1
-5 5.18 1 CE9A52 1
-4 5.18 2.000001 CB9A4F 1
-3 5.18 3.000001 CB984A 1
-2 5.18 3.000001 C8944A 1
-0.9999996 5.18 3 C8964C 1
4.768372E-07 5.18 3 C6924A 1
1.000001 5.18 3 C6904C 1
2.000001 5.18 3 C68E44 1
3.000001 5.18 3 C38C47 1
4.000001 5.18 2 BD8B44 1
5 5.18 0.9999995 BD8B44 1
-4 6.18 1 CB9749 1
-3 6.18 2.000001 C89447 1
-2 6.18 2 CB9649 1
-0.9999999 6.18 2 C6964A 1
2.384186E-07 6.18 2 C8944A 1
1 6.18 2 C6924A 1
2 6.18 2 C38E42 1
3.000001 6.18 2 BD8A42 1
4 6.18 0.9999995 BD8B3E 1
-1 7.18 1.192093E-07 CB9A4F 1
0 7.18 0 CB974C 1
1 7.18 -1.192093E-07 CB984C 1
-3 1.18 1.000001 CE9E52 1
-2 0.18 1 D39C54 1
-1 0.18 1 D3A35A 1
1.192093E-07 0.18 1 D6A25A 1
1 0.18 0.9999999 CD9A4C 1
2 0.18 0.9999998 C89444 1
3 1.18 0.9999995 C88E3E 1
-5 3.18 1 CB984F 1
5 3.18 0.9999995 C6934A 1
-5 4.18 1 CB974C 1
5 4.18 0.9999995 C3904A 1
-3 7.18 1.000001 CB9649 1
-2 7.18 1 C6964A 1
-1 7.18 1 C88F44 1
1.192093E-07 7.18 1 CE9652 1
1 7.18 0.9999999 C69444 1
2 7.18 0.9999998 C08C3E 1
3 7.18 0.9999995 BD8C44 1
-5 2.18 4.768372E-07 D39E52 1
-4 1.18 4.768372E-07 D6A65A 1
-3 0.18 4.768372E-07 D6A65A 1
-2 0.18 2.384186E-07 D0984F 1
2 0.18 -2.384186E-07 C89444 1
3 0.18 -4.768372E-07 C68C3E 1
4 1.18 -4.768372E-07 C6924A 1
5 2.18 -4.768372E-07 C69249 1
-6.000001 3.18 9.536743E-07 CE9E52 1
6.000001 3.18 -9.536743E-07 CB944A 1
-6.000001 4.18 9.536743E-07 C8974C 1
6.000001 4.18 -9.536743E-07 C6924A 1
-5 5.18 4.768372E-07 CB964C 1
5 5.18 -4.768372E-07 BD8B44 1
-4 6.18 4.768372E-07 CE9A52 1
4 6.18 -4.768372E-07 B78442 1
-2 7.18 2.384186E-07 CE9E52 1
-3 7.18 4.768372E-07 D09C52 1
2 7.18 -2.384186E-07 C39244 1
3 7.18 -4.768372E-07 BD8C44 1
-5 2.18 -0.9999995 D6A25A 1
-4 1.18 -0.9999995 D39F4F 1
-3 1.18 -0.9999995 BD7D29 1
-2 0.18 -0.9999998 CB9A4C 1
-1 0.18 -0.9999999 C89344 1
-1.192093E-07 0.18 -1 CE9A52 1
1 0.18 -1 CB9649 1
2 0.18 -1 CE9A4A 1
3 1.18 -1.000001 C38F44 1
4 1.18 -1 C69244 1
5 2.18 -1 C68F44 1
-5 3.18 -0.9999995 CE9B4F 1
5 3.18 -1 C8934C 1
-5 4.18 -0.9999995 C6924A 1
5 4.18 -1 C8904A 1
-5 5.18 -0.9999995 CE9E52 1
5 5.18 -1 BD8C47 1
-4 6.18 -0.9999995 C8974C 1
4 6.18 -1 BD8E42 1
-3 7.18 -0.9999995 C89041 1
-2 7.18 -0.9999998 D09C54 1
-1 7.18 -0.9999999 D6AA63 1
-1.192093E-07 7.18 -1 CE9B54 1
1 7.18 -1 C59344 1
2 7.18 -1 C69242 1
3 7.18 -1.000001 BD883E 1
-4.000001 2.18 -2 D69E52 1
-3.000001 1.18 -2 C89649 1
-2 1.18 -2 CB9747 1
-1 1.18 -2 BD8639 1
-2.384186E-07 1.18 -2 CE974A 1
0.9999999 1.18 -2 C89447 1
2 1.18 -2 C68E42 1
3 1.18 -2.000001 C69044 1
4 2.18 -2.000001 C3883F 1
-5.000001 3.18 -2 CE9A52 1
5 3.18 -2.000001 C68E4A 1
-5.000001 4.18 -2 C6944F 1
5 4.18 -2.000001 C8934C 1
-4.000001 5.18 -2 C6934C 1
4 5.18 -2.000001 C68F4A 1
-3.000001 6.18 -2 C68E42 1
3 6.18 -2.000001 BD8E4A 1
-2 6.18 -2 C58F49 1
-1 6.18 -2 BD7D31 1
-2.384186E-07 6.18 -2 C0873E 1
0.9999999 6.18 -2 BD8E4A 1
2 6.18 -2 B78239 1
-3.000001 3.18 -3 CE9B54 1
-2.000001 2.18 -3 CE984F 1
-1.000001 2.18 -3 C28F47 1
-4.768372E-07 2.18 -3 C8944A 1
0.9999996 2.18 -3 C08A44 1
2 2.18 -3.000001 C69047 1
3 3.18 -3.000001 C6924A 1
-3.000001 2.18 -3 CE9E52 1
3 2.18 -3.000001 C6924A 1
-4.000001 3.18 -3 CE9A52 1
4 3.18 -3.000001 C8974C 1
-3.000001 4.18 -3 CE974C 1
-4.000001 4.18 -3 C8974C 1
4 4.18 -3.000001 CB974F 1
3 4.18 -3.000001 CE984F 1
-3.000001 5.18 -3 C8974C 1
3 5.18 -3.000001 C08C44 1
-2.000001 5.18 -3 C6924A 1
-1.000001 5.18 -3 C6924A 1
-4.768372E-07 5.18 -3 C69047 1
0.9999996 5.18 -3 C68E42 1
2 5.18 -3.000001 C68E44 1
-2.000001 3.18 -3 CE9A52 1
-1.000001 3.18 -3 CB9754 1
-4.768372E-07 3.18 -3 CE984F 1
0.9999996 3.18 -3 CE964F 1
2 3.18 -3.000001 CB974F 1
-2.000001 4.18 -3 CE9A52 1
-1.000001 4.18 -3 CB984F 1
-4.768372E-07 4.18 -3 CB984F 1
0.9999996 4.18 -3 CB984F 1
2 4.18 -3.000001 CE974C 1
