-7.2 0.32 -3.3 E7E3DE 1.1
-8.3 0.32 -2.2 CECBC6 1.1
-9.400001 0.32 -1.1 D3CBC8 1.1
-9.400001 0.32 0 D8D3D3 1.1
-9.400001 0.32 1.1 CBC6C2 1.1
-8.3 0.32 2.2 D0CED0 1.1
-7.2 0.32 3.3 D0CDC5 1.1
-6.1 1.42 -3.3 D8D1D0 1.1
-8.3 1.42 -2.2 CECBC6 1.1
-9.400001 1.42 -1.1 D8D3D3 1.1
-9.400001 1.42 0 DEDBDE 1.1
-9.400001 1.42 1.1 D0CED0 1.1
-8.3 1.42 2.2 CBC2BA 1.1
-7.2 1.42 3.3 CECBC6 1.1
-6.1 2.52 -3.3 D6D4D6 1.1
-8.3 2.52 -2.2 D3D0D1 1.1
-8.3 2.52 -1.1 D3D0CE 1.1
-8.3 2.52 0 DEDBDE 1.1
-8.3 2.52 1.1 CBC2BA 1.1
-8.3 2.52 2.2 D6CABD 1.1
-6.1 2.52 3.3 DEDBDE 1.1
-6.1 3.62 -3.3 CEE3F7 1.1
-8.3 3.62 -2.2 DEE3EF 1.1
-8.3 3.62 -1.1 C6DBEF 1.1
-8.3 3.62 0 ECB286 1.1
-8.3 3.62 1.1 D6CABD 1.1
-8.3 3.62 2.2 C6DBE7 1.1
-6.1 3.62 3.3 D6CECD 1.1
-6.1 4.72 -3.3 FFFBF7 1.1
-8.3 4.72 -2.2 FFBD91 1.1
-8.3 4.72 -1.1 FFCBB5 1.1
-8.3 4.72 0 FFCBB5 1.1
-8.3 4.72 1.1 FCC194 1.1
-8.3 4.72 2.2 F9D4BD 1.1
-6.1 4.72 3.3 FFBD86 1.1
-1.7 5.82 -2.2 FFBE75 1.1
-6.1 5.82 -1.1 FFB786 1.1
-7.2 5.82 0 FFE0D1 1.1
-6.1 5.82 1.1 FFD5C0 1.1
-1.7 5.82 2.2 FFD39C 1.1
-8.3 0.32 -1.1 D6CECB 1.1
-8.3 0.32 0 DEDBDE 1.1
-8.3 0.32 1.1 DBD7D6 1.1
9.3 1.42 -1.1 FF6737 1.1
9.3 1.42 0 B27658 1.1
9.3 1.42 1.1 FF4D29 1.1
7.1 2.52 -1.1 FF9C4F 1.1
7.1 2.52 0 FF6521 1.1
7.1 2.52 1.1 FFA652 1.1
-7.2 0.32 -2.2 D8D8D9 1.1
-7.2 0.32 -1.1 D0C9C5 1.1
-7.2 0.32 0 CEBEB5 1.1
-7.2 0.32 1.1 DEDFE7 1.1
-7.2 0.32 2.2 DBD7D6 1.1
-7.2 1.42 -3.3 D3D0CE 1.1
-7.2 2.52 -3.3 DEDBDE 1.1
-7.2 2.52 3.3 CECBC6 1.1
-7.2 3.62 -3.3 C6D7E7 1.1
-7.2 3.62 3.3 F79E52 1.1
-7.2 4.72 -3.3 FFD0AA 1.1
-7.2 4.72 3.3 F7EBE7 1.1
-7.2 4.72 -2.2 FFD0AA 1.1
-7.2 5.82 -1.1 FFD1BB 1.1
-7.2 5.82 1.1 FFD5C0 1.1
-7.2 4.72 2.2 FFD5C0 1.1
-6.1 0.32 -3.3 CDCDCD 1.1
-6.1 0.32 -2.2 E1DDE1 1.1
-6.1 0.32 -1.1 D6D7DE 1.1
-6.1 0.32 0 D3CFC8 1.1
-6.1 0.32 1.1 D3D0CD 1.1
-6.1 0.32 2.2 DBD7D3 1.1
-6.1 0.32 3.3 CECBC6 1.1
-6.1 1.42 3.3 DED7D6 1.1
-6.1 5.82 -2.2 FFC59F 1.1
-6.1 5.82 2.2 FFEFDE 1.1
-6.1 5.82 0 FF7929 1.1
-5 0.32 -3.3 C6BEB5 1.1
-5 0.32 -2.2 CEC9BD 1.1
-5 0.32 -1.1 DBDBDB 1.1
-5 0.32 0 D8D4D0 1.1
-5 0.32 1.1 DEDFE7 1.1
-5 0.32 2.2 D6D5D9 1.1
-5 0.32 3.3 D6CFC6 1.1
-5 0.32 -4.4 E4DFDC 1.1
-5 0.32 4.4 C8C5C2 1.1
-5 1.42 -3.3 D3CBC2 1.1
-5 1.42 3.3 DBD5D6 1.1
-5 2.52 -3.3 DEDBDE 1.1
-5 2.52 3.3 DEDFDE 1.1
-5 3.62 -3.3 CEE3F7 1.1
-5 3.62 3.3 C6DFF7 1.1
-5 4.72 -3.3 FFD4B5 1.1
-5 4.72 3.3 FFDBBD 1.1
-5 5.82 -2.2 FFF7E7 1.1
-5 5.82 2.2 FFA96A 1.1
-5 5.82 -1.1 FFD7B5 1.1
-5 6.920001 0 FFE7DE 1.1
-5 5.82 1.1 FFA55D 1.1
-3.9 0.32 -3.3 CEC7BD 1.1
-3.9 0.32 -2.2 DED7DE 1.1
-3.9 0.32 -1.1 D3D0C8 1.1
-3.9 0.32 0 D8D1D1 1.1
-3.9 0.32 1.1 D3CCC5 1.1
-3.9 0.32 2.2 D8D7D3 1.1
-3.9 0.32 3.3 D8DBD9 1.1
-3.9 0.32 -4.4 CEC3B5 1.1
-3.9 0.32 4.4 F7F3EF 1.1
-3.9 1.42 -3.3 CEC5BD 1.1
-3.9 1.42 3.3 D8D4CE 1.1
-3.9 2.52 -3.3 D8D9DE 1.1
-3.9 2.52 3.3 D8D7D3 1.1
-3.9 3.62 -3.3 DEE3EF 1.1
-3.9 3.62 3.3 DBCABD 1.1
-3.9 4.72 -3.3 FFC281 1.1
-3.9 4.72 3.3 FFEFDE 1.1
-3.9 5.82 -2.2 FFD4AA 1.1
-3.9 5.82 2.2 FFCE9C 1.1
-3.9 5.82 -1.1 FFDDC8 1.1
-3.9 6.920001 0 FFE7DE 1.1
-3.9 5.82 1.1 FFE7DE 1.1
-2.8 0.32 -3.3 E1D9D6 1.1
-2.8 0.32 -2.2 CEC7BD 1.1
-2.8 0.32 -1.1 D3D3CD 1.1
-2.8 0.32 0 DEDBDE 1.1
-2.8 0.32 1.1 D6CFC8 1.1
-2.8 0.32 2.2 DBDDDE 1.1
-2.8 0.32 3.3 DEDBDE 1.1
-2.8 0.32 -4.4 DED3CE 1.1
-2.8 0.32 4.4 B2ABA7 1.1
-2.8 1.42 -3.3 D8D5D6 1.1
-2.8 1.42 3.3 D8D4D1 1.1
-2.8 2.52 -3.3 D8D8DE 1.1
-2.8 2.52 3.3 DEDFE7 1.1
-2.8 3.62 -3.3 D6D4D6 1.1
-2.8 3.62 3.3 CEDBDE 1.1
-2.8 4.72 -3.3 FFD9B0 1.1
-2.8 4.72 3.3 FFB670 1.1
-2.8 5.82 -2.2 FFD2AD 1.1
-2.8 5.82 2.2 FFA965 1.1
-2.8 5.82 -1.1 FF8229 1.1
-2.8 6.920001 0 FFA965 1.1
-2.8 5.82 1.1 FFA562 1.1
-1.7 0.32 -3.3 DEDBD6 1.1
-1.7 0.32 -2.2 DEDFDE 1.1
-1.7 0.32 -1.1 D6CFC6 1.1
-1.7 0.32 0 DEDFDE 1.1
-1.7 0.32 1.1 D3C9C5 1.1
-1.7 0.32 2.2 DEDBDE 1.1
-1.7 0.32 3.3 DEDBDE 1.1
-1.7 0.32 -4.4 D6CBC6 1.1
-1.7 0.32 4.4 C6BAB5 1.1
-1.7 1.42 -3.3 DEDBDE 1.1
-1.7 1.42 3.3 DBD7D6 1.1
-1.7 2.52 -3.3 CEC6C0 1.1
-1.7 2.52 3.3 DEDFDE 1.1
-1.7 3.62 -3.3 CDCECE 1.1
-1.7 3.62 3.3 DECABD 1.1
-1.7 4.72 -3.3 F9AE6D 1.1
-1.7 4.72 3.3 FF9A39 1.1
-1.7 5.82 -3.3 FC9547 1.1
-1.7 5.82 3.3 FFB675 1.1
-1.7 5.82 -1.1 FFC89A 1.1
-1.7 6.920001 0 FFB56E 1.1
-1.7 5.82 1.1 FFB162 1.1
-0.6 0.32 -3.3 E3DEDE 1.1
-0.6 0.32 -2.2 D8D5D6 1.1
-0.6 0.32 -1.1 E1E1E9 1.1
-0.6 0.32 0 D6D2CD 1.1
-0.6 0.32 1.1 C6BAAD 1.1
-0.6 0.32 2.2 D3CFCB 1.1
-0.6 0.32 3.3 DBDBDE 1.1
-0.6 0.32 -4.4 C8C6C5 1.1
-0.6 0.32 4.4 CECBBD 1.1
-0.6 1.42 -3.3 CBC1BA 1.1
-0.6 1.42 3.3 DBD7D6 1.1
-0.6 2.52 -3.3 D8DBDB 1.1
-0.6 2.52 3.3 D3CCC2 1.1
-0.6 3.62 -3.3 CDCECE 1.1
-0.6 3.62 3.3 D6E3EF 1.1
-0.6 4.72 -3.3 FFBD7E 1.1
-0.6 4.72 3.3 FFCC94 1.1
-0.6 5.82 -2.2 FFCB9C 1.1
-0.6 5.82 2.2 FFCC97 1.1
-0.6 5.82 -1.1 FFEFE7 1.1
-0.6 6.920001 0 FFEFE7 1.1
-0.6 5.82 1.1 FFEFDE 1.1
0.5 0.32 -3.3 C6C3BD 1.1
0.5 0.32 -2.2 D8D4CE 1.1
0.5 0.32 -1.1 D8DBD9 1.1
0.5 0.32 0 CEC3B5 1.1
0.5 0.32 1.1 DBDDE1 1.1
0.5 0.32 2.2 D6D0CD 1.1
0.5 0.32 3.3 D6CBC6 1.1
0.5 0.32 -4.4 D9D7D6 1.1
0.5 0.32 4.4 D9D3D3 1.1
0.5 1.42 -3.3 CEC6BD 1.1
0.5 1.42 3.3 DBD7D6 1.1
0.5 2.52 -3.3 DEE7EF 1.1
0.5 2.52 3.3 D6CDC5 1.1
0.5 3.62 -3.3 D3CED0 1.1
0.5 3.62 3.3 D6EBF7 1.1
0.5 4.72 -3.3 FFF7F7 1.1
0.5 4.72 3.3 FFE3BD 1.1
0.5 5.82 -2.2 FFA45A 1.1
0.5 5.82 2.2 FF7121 1.1
0.5 5.82 -1.1 FFA057 1.1
0.5 6.920001 0 FFA057 1.1
0.5 5.82 1.1 FF9854 1.1
1.6 0.32 -3.3 DED8D9 1.1
1.6 0.32 -2.2 CEBEB5 1.1
1.6 0.32 -1.1 D3CDC8 1.1
1.6 0.32 0 D8D5D6 1.1
1.6 0.32 1.1 D8D8DB 1.1
1.6 0.32 2.2 D6D2D3 1.1
1.6 0.32 3.3 D8D9D9 1.1
1.6 0.32 -4.4 DEDBDE 1.1
1.6 0.32 4.4 D9D2CD 1.1
1.6 1.42 -3.3 D8D4D3 1.1
1.6 1.42 3.3 D6CFC6 1.1
1.6 2.52 -3.3 D3D0D0 1.1
1.6 2.52 3.3 E7E3E7 1.1
1.6 3.62 -3.3 D6D8D8 1.1
1.6 3.62 3.3 D6E3E7 1.1
1.6 4.72 -3.3 FFAB78 1.1
1.6 4.72 3.3 FF8A39 1.1
1.6 5.82 -2.2 FFA360 1.1
1.6 5.82 2.2 FFBA6D 1.1
1.6 5.82 -1.1 FFBD86 1.1
1.6 6.920001 0 FFBD86 1.1
1.6 5.82 1.1 FFB670 1.1
2.7 0.32 -3.3 D3CFCD 1.1
2.7 0.32 -2.2 D3CFC5 1.1
2.7 0.32 -1.1 D6CFC6 1.1
2.7 0.32 0 D8D7D9 1.1
2.7 0.32 1.1 D3D0C8 1.1
2.7 0.32 2.2 DEDFDE 1.1
2.7 0.32 3.3 D3CDC8 1.1
2.7 1.42 -3.3 D6D3D6 1.1
2.7 1.42 3.3 D3D3D1 1.1
2.7 2.52 -3.3 D8D3D3 1.1
2.7 2.52 3.3 DEE3E7 1.1
2.7 3.62 -3.3 D0C9C8 1.1
2.7 3.62 3.3 D6E3E7 1.1
2.7 4.72 -3.3 F7D7CE 1.1
2.7 4.72 3.3 FFE7DE 1.1
2.7 5.82 -1.1 FFDDC8 1.1
2.7 5.82 -2.2 FFC691 1.1
2.7 5.82 2.2 FFBD7E 1.1
2.7 5.82 1.1 FFDAC8 1.1
2.7 5.82 0 FFE8DB 1.1
3.8 0.32 -3.3 FFF3E7 1.1
3.8 0.32 -2.2 D6CBBD 1.1
3.8 0.32 -1.1 D8D9D9 1.1
3.8 0.32 0 E1E0E9 1.1
3.8 0.32 1.1 DEDBDE 1.1
3.8 0.32 2.2 DBDBDE 1.1
3.8 0.32 3.3 E7EBEF 1.1
3.8 1.42 -3.3 C6BEB5 1.1
3.8 1.42 3.3 DEE3E7 1.1
3.8 2.52 -3.3 DBDFE1 1.1
3.8 2.52 3.3 E1DFE1 1.1
3.8 3.62 -3.3 D3CBC2 1.1
3.8 3.62 3.3 DEE1E1 1.1
3.8 4.72 -2.2 FFFBDE 1.1
3.8 4.72 2.2 FFF7E7 1.1
3.8 5.82 0 FF9F54 1.1
3.8 5.82 -1.1 FF9F54 1.1
3.8 5.82 1.1 FF9D57 1.1
4.900001 0.32 -2.2 C2BDB7 1.1
4.900001 0.32 -1.1 D9D7D3 1.1
4.900001 0.32 0 D6D5D3 1.1
4.900001 0.32 1.1 D8D8D9 1.1
4.900001 0.32 2.2 BDBBBA 1.1
4.900001 1.42 -2.2 D6CBC6 1.1
4.900001 4.72 -2.2 FFBD78 1.1
4.900001 4.72 2.2 FFBA70 1.1
4.900001 1.42 2.2 DBDBDC 1.1
4.900001 2.52 -2.2 D6CECB 1.1
4.900001 2.52 2.2 D8D3D0 1.1
4.900001 3.62 -2.2 CEE3EF 1.1
4.900001 3.62 2.2 E7DFBD 1.1
4.900001 4.72 -1.1 FFAA52 1.1
4.900001 4.72 1.1 FF9A47 1.1
4.900001 5.82 0 FFA24F 1.1
6 3.62 -1.1 FF7929 1.1
6 2.52 0 CDAC89 1.1
6 3.62 1.1 FFB26B 1.1
6 0.32 -1.1 EFEBE7 1.1
6 0.32 0 E9E7E1 1.1
6 0.32 1.1 D3CFC5 1.1
6 1.42 -1.1 D6D4CE 1.1
6 1.42 0 DBDBDB 1.1
6 1.42 1.1 DEDFE7 1.1
4.900001 2.52 -1.1 CEDBEF 1.1
4.900001 2.52 1.1 DBD7CB 1.1
6 3.62 0 FFE3D6 1.1
4.900001 4.72 0 FFAE65 1.1
7.1 3.62 0 FC9541 1.1
8.200001 1.42 -1.1 FF924A 1.1
8.200001 1.42 0 FF7033 1.1
8.200001 1.42 1.1 FF8441 1.1
8.200001 2.52 -1.1 FFA663 1.1
8.200001 2.52 1.1 FC904F 1.1
8.200001 2.52 0 FC914F 1.1
9.3 2.52 0 FF7C3C 1.1
10.4 1.42 0 FF4521 1.1
