-1 0.41 -1 B5B684 1
-2 0.41 0 AAAB6D 1
-1 0.41 1 A5A66B 1
-3 1.41 -4 849031 1
-4 1.41 -3 C6C3A5 1
-5 1.41 -2 738A08 1
-5 1.41 -1 94A454 1
-5 1.41 0 979E54 1
-5 1.41 1 899231 1
-4 1.41 2 919344 1
-4 1.41 3 8C9033 1
-3 1.41 4 919449 1
-3 2.41 -5 425900 1
-4 2.41 -4 738610 1
-5 2.41 -3 D6DBB5 1
-5 2.41 -2 9FAA44 1
-5 2.41 -1 869C23 1
-5 2.41 0 838F26 1
-5 2.41 1 9FA258 1
-5 2.41 2 949A39 1
-5 2.41 3 6B7900 1
-4 2.41 4 8B943E 1
-3 2.41 5 94965A 1
-4 3.41 -5 D6D3B5 1
-5 3.41 -4 395100 1
-5 3.41 -3 7B9131 1
-6 3.41 -2 899B21 1
-6 3.41 -1 AAB66D 1
-6 3.41 0 8B9731 1
-6 3.41 1 8E982E 1
-6 3.41 2 6B7D00 1
-5 3.41 3 6D7E18 1
-4 3.41 4 94954A 1
-3 3.41 5 949E5A 1
0 3.41 6 7B8A00 1
-1 4.41 -6 637900 1
-4 4.41 -5 526D08 1
-5 4.41 -4 6D8623 1
-6 4.41 -3 738D23 1
-6 4.41 -2 899E3F 1
-6 4.41 -1 94AA08 1
-6 4.41 0 8B9831 1
-6 4.41 1 919F31 1
-6 4.41 2 768512 1
-5 4.41 3 738210 1
-5 4.41 4 A5AA63 1
-3 4.41 5 68750D 1
-1 4.41 6 8B9A29 1
-1 5.41 -6 4F6313 1
-4 5.41 -5 6D8037 1
-5 5.41 -4 99A568 1
-6 5.41 -3 D6D79C 1
-6 5.41 -2 4A6900 1
-5 5.41 -1 97A647 1
-6 5.41 0 6B7D00 1
-6 5.41 1 8C9A42 1
-6 5.41 2 4A5D00 1
-5 5.41 3 657621 1
-5 5.41 4 4A5900 1
-4 5.41 5 737E23 1
-1 5.41 6 76880A 1
-4 6.41 -5 687A26 1
-5 6.41 -4 91A04C 1
-6 6.41 -3 809441 1
-6 6.41 -2 738A26 1
-5 6.41 -1 BDC394 1
-6 6.41 0 6B7D08 1
-6 6.41 1 8C9E39 1
-6 6.41 2 738621 1
-5 6.41 3 5F711E 1
-5 6.41 4 526910 1
-3 6.41 5 7E9326 1
0 6.41 6 5A720B 1
-3 7.41 -5 94A652 1
-5 7.41 -4 546C16 1
-5 7.41 -3 5D8113 1
-5 7.41 -2 4A6D00 1
-5 7.41 -1 839A31 1
-5 7.41 0 849E29 1
-6 7.41 1 949E4A 1
-5 7.41 2 627920 1
-5 7.41 3 9FAB58 1
-4 7.41 4 5D741B 1
-3 7.41 5 768D18 1
-3 8.41 -4 637900 1
-4 8.41 -3 D6D3A5 1
-4 8.41 -2 788834 1
-4 8.41 -1 9CAE5A 1
-4 8.41 0 AAB67E 1
-4 8.41 1 425918 1
-5 8.41 2 5A7418 1
-5 8.41 3 547013 1
-4 8.41 4 738920 1
-3 9.41 -3 809342 1
-3 9.41 -2 83962E 1
-3 9.41 -1 4A6108 1
-4 9.41 0 6D822E 1
-4 9.41 1 4A6110 1
-3 9.41 2 7B9231 1
-2 9.41 3 425D00 1
-1 10.41 -1 84933E 1
-1 10.41 0 A7AF73 1
-1 10.41 1 899D47 1
-5 5.41 -3 6B7521 1
5 5.41 -3 4C5E1E 1
6 5.41 -2 394910 1
6 5.41 -1 4A5910 1
6 5.41 0 688431 1
6 5.41 1 586D13 1
6 5.41 2 526110 1
5 5.41 3 314510 1
-5 6.41 -3 607523 1
-5 6.41 -2 AAB56D 1
6 6.41 -2 526918 1
6 6.41 1 395500 1
-5 6.41 2 9CB242 1
-4 6.41 3 5A7518 1
-4 7.41 -3 CECFA5 1
-5 6.41 0 7B8D36 1
-5 6.41 1 4A6118 1
-5 7.41 1 839142 1
-4 7.41 3 75882B 1
-4 1.41 -2 94A44A 1
-4 1.41 -1 7B9218 1
-4 1.41 0 849218 1
-4 1.41 1 868E21 1
-4 8.41 -4 314508 1
-4 4.41 5 6A741E 1
5 5.41 -4 576929 1
-4 5.41 4 7E8C41 1
5 5.41 4 B5BA63 1
-4 6.41 -4 738E31 1
5 6.41 -3 546A2C 1
-4 6.41 4 576B12 1
6 6.41 -1 294108 1
5 6.41 2 577020 1
5 6.41 3 4A5D00 1
-4 6.41 5 657910 1
-4 7.41 -5 526D08 1
-4 7.41 -4 394D08 1
-3 7.41 -4 6A7539 1
5 7.41 -3 294500 1
5 7.41 -2 476113 1
5 7.41 -1 476018 1
5 7.41 2 708420 1
-3 7.41 4 E7E3CE 1
-4 8.41 3 86933C 1
-4 8.41 2 7B8B47 1
-4 9.41 -2 526900 1
-4 9.41 2 869844 1
-3 0.41 -3 BDBA8C 1
-3 0.41 -2 AAAF68 1
-3 0.41 -1 A5B263 1
-3 0.41 0 C6CBA5 1
-3 0.41 1 838F16 1
-3 0.41 2 A5A273 1
-3 1.41 3 898B31 1
-3 3.41 -5 839447 1
-3 4.41 -6 5A6D00 1
-3 5.41 -6 426100 1
-3 5.41 -5 5D7226 1
4 5.41 -5 687B39 1
-3 5.41 5 737D42 1
-3 6.41 -6 B5C394 1
-3 6.41 -5 293C00 1
-2 6.41 -5 6D8231 1
5 6.41 -4 52621E 1
5 6.41 4 848E21 1
-1 6.41 5 8CA14F 1
-3 6.41 4 D6D3AD 1
3 7.41 -5 52691E 1
4 7.41 -4 445316 1
5 7.41 3 4F6420 1
0 7.41 5 4A6900 1
-3 8.41 -5 768F42 1
-2 8.41 4 A7AF6E 1
-3 8.41 4 91A25A 1
-3 9.41 3 AAB66E 1
-3 10.41 0 809441 1
-3 10.41 1 526D08 1
-2 1.41 -5 899741 1
-2 1.41 -4 6B8218 1
-2 0.41 -3 ADB273 1
-2 0.41 -2 BDBE8C 1
-2 0.41 -1 AAB073 1
-2 0.41 1 8C8E29 1
-2 0.41 2 94964A 1
-2 0.41 3 9C9A63 1
-2 1.41 4 7E8334 1
-2 2.41 5 626F16 1
-2 2.41 -5 869736 1
-2 8.41 -5 294100 1
-2 7.41 5 4F6928 1
-2 3.41 -6 5A7100 1
-2 3.41 6 5F6E05 1
-2 4.41 -6 838F4C 1
-2 4.41 6 637900 1
-2 5.41 -6 A4AE73 1
-2 5.41 5 738431 1
4 5.41 5 8C9E52 1
-2 5.41 6 B5BA8C 1
-2 6.41 -6 657D10 1
1 6.41 -5 6B8436 1
-2 6.41 5 5F7926 1
-2 6.41 6 687D16 1
-2 7.41 -6 789029 1
-2 7.41 -5 B5BA7B 1
4 7.41 4 394D08 1
-2 8.41 -4 8C9C52 1
4 8.41 -4 607626 1
-2 9.41 -3 4A5D00 1
-2 9.41 -4 637918 1
-2 10.41 -2 B8BD84 1
-2 10.41 -1 7B8F44 1
-2 10.41 0 ADBE6B 1
-2 10.41 1 6B7D29 1
-2 10.41 2 9CAA63 1
-1 1.41 -5 6B8608 1
-1 1.41 -4 8E9B42 1
-1 0.41 -3 ADB279 1
-1 0.41 -2 B5BA84 1
-1 0.41 0 AAAB6D 1
-1 0.41 2 96964A 1
-1 0.41 3 A5A26B 1
-1 1.41 4 898C3E 1
-1 1.41 5 8C9252 1
-1 2.41 -5 D6CFA5 1
-1 2.41 5 7B8639 1
-1 3.41 -6 D6D3BD 1
-1 3.41 6 919F39 1
1 4.41 -6 CED3A5 1
1 5.41 -6 A7B370 1
-1 6.41 -6 394D08 1
-1 6.41 6 4A6510 1
3 6.41 5 394D08 1
-1 7.41 -5 68861B 1
-1 7.41 5 7E9341 1
-1 8.41 -4 6A7E21 1
-1 8.41 4 7E9447 1
-1 9.41 -4 687E26 1
-1 9.41 3 424D18 1
-1 10.41 -3 4A6100 1
-1 10.41 -2 C6CF94 1
0 10.41 -1 6A7C34 1
0 10.41 1 4A6500 1
-1 10.41 2 9CAB57 1
0 4.41 -6 C6C7AD 1
0 1.41 -5 A7B065 1
0 1.41 -4 869736 1
0 0.41 -3 637900 1
0 0.41 -2 B5BA84 1
0 0.41 -1 A1A760 1
0 0.41 0 9FA462 1
0 0.41 1 9A9C52 1
0 0.41 2 9C9E57 1
0 0.41 3 999E4D 1
0 0.41 4 919B42 1
0 1.41 5 979E5A 1
0 2.41 -5 A1AB60 1
0 2.41 6 7E890D 1
0 3.41 -6 8CA31E 1
0 4.41 6 8C9C21 1
0 5.41 -6 738F18 1
0 5.41 6 314D00 1
1 5.41 6 425D10 1
0 6.41 -6 637D08 1
0 7.41 -5 E7E7D6 1
0 6.41 -5 526908 1
0 8.41 -4 70841E 1
0 8.41 5 899C4C 1
0 9.41 -3 687D21 1
0 9.41 4 8E9B5A 1
0 10.41 -2 91A152 1
0 10.41 2 687C37 1
0 10.41 3 94AA4A 1
0 10.41 0 AFB97E 1
1 1.41 -5 CECFBD 1
1 1.41 -4 C6C39C 1
1 0.41 -3 ADB57E 1
1 0.41 -2 9CA75A 1
1 0.41 -1 A7AC68 1
1 0.41 0 A5AA63 1
1 0.41 1 9C9B4F 1
1 0.41 2 9F9F57 1
1 0.41 3 969A4D 1
1 0.41 4 94964C 1
1 1.41 5 ADAA84 1
1 2.41 6 849208 1
1 2.41 -5 CECFBD 1
1 3.41 -6 94A608 1
1 3.41 6 ADAE94 1
1 4.41 6 818C26 1
1 6.41 -6 638200 1
4 6.41 -5 41570D 1
1 6.41 6 445D1B 1
1 7.41 -5 BDCB8C 1
1 7.41 5 475D13 1
3 7.41 5 39480D 1
1 7.41 6 8C9A39 1
1 8.41 -4 57681E 1
1 8.41 5 869841 1
1 9.41 -4 7E8F39 1
1 9.41 4 6A842E 1
1 10.41 -1 687937 1
1 10.41 -3 94AA42 1
1 10.41 -2 4A5D10 1
1 10.41 2 5A7100 1
1 10.41 1 70852B 1
1 10.41 3 65782E 1
1 10.41 0 80972C 1
2 4.41 -6 7B8D39 1
2 1.41 -5 5A7100 1
2 1.41 -4 849A21 1
2 0.41 -3 A1AA63 1
2 0.41 -2 B2B273 1
2 0.41 -1 ADAE6B 1
2 0.41 0 AAAF6D 1
2 0.41 1 ADAA6B 1
2 0.41 2 9C9E5A 1
2 0.41 3 9C9E6B 1
2 1.41 4 898C31 1
2 1.41 5 919347 1
2 4.41 6 526100 1
2 2.41 -5 C6CBA5 1
2 2.41 5 A5A27B 1
2 3.41 -6 89983F 1
2 3.41 6 6D7A16 1
2 5.41 -6 5D7523 1
2 5.41 6 394910 1
2 6.41 -6 738B31 1
2 6.41 6 849A42 1
2 7.41 -6 94A24A 1
2 6.41 -5 7B8D39 1
2 7.41 -5 8CA25A 1
2 7.41 5 657826 1
2 6.41 5 7E9042 1
2 7.41 6 52651B 1
2 8.41 -4 788B34 1
2 8.41 4 6A8323 1
2 9.41 -3 7B8D31 1
2 9.41 -4 899D54 1
2 9.41 4 6A842B 1
2 10.41 -2 5A7110 1
2 10.41 -1 6D833C 1
2 10.41 0 708334 1
2 10.41 1 AFBD80 1
2 10.41 2 526D00 1
2 9.41 3 738926 1
3 2.41 -5 708621 1
3 1.41 -4 808D37 1
3 0.41 -3 ADB070 1
3 0.41 -2 B5BA81 1
3 0.41 -1 9AA557 1
3 0.41 0 9CA65A 1
3 0.41 1 A5A26B 1
3 0.41 2 9C9A63 1
3 0.41 3 ADAA73 1
3 1.41 4 949A5A 1
3 2.41 5 76811E 1
3 3.41 -5 314500 1
3 3.41 6 7B8629 1
3 4.41 -6 526D00 1
3 4.41 6 65751E 1
3 5.41 -6 7B8F36 1
3 5.41 5 395508 1
3 5.41 -5 8C9739 1
3 5.41 6 425500 1
3 6.41 -6 5A7500 1
3 6.41 -5 849231 1
3 6.41 6 C6CF6B 1
3 7.41 -4 8CAA42 1
3 7.41 4 788C36 1
3 8.41 -4 526910 1
3 8.41 -5 526923 1
3 8.41 4 8CA04C 1
3 8.41 5 63791B 1
3 9.41 -3 869C4A 1
3 9.41 3 6D8226 1
3 9.41 -2 869C4A 1
3 10.41 -1 314118 1
3 9.41 0 5F7329 1
3 9.41 1 4A6500 1
3 9.41 2 6B7F2C 1
4 4.41 -5 AAB165 1
4 2.41 -4 C6C794 1
4 1.41 -3 A7AB6D 1
4 1.41 -2 738221 1
4 1.41 -1 899C3E 1
4 1.41 0 738118 1
4 1.41 1 6D7518 1
4 1.41 2 737A1E 1
4 1.41 3 737C20 1
4 2.41 4 91934F 1
4 3.41 -5 899336 1
4 3.41 5 A5A263 1
4 4.41 5 52680B 1
4 6.41 -4 788C37 1
4 6.41 5 55691B 1
4 6.41 4 6E7D2E 1
4 7.41 -5 637D23 1
4 7.41 -3 9CAA63 1
4 7.41 3 62751B 1
4 7.41 5 7B9020 1
4 8.41 -3 294500 1
4 8.41 3 899D54 1
4 8.41 2 899D54 1
4 8.41 4 94B621 1
4 9.41 -2 A1A968 1
4 9.41 -1 395500 1
4 8.41 0 52651E 1
4 8.41 1 4A6121 1
5 4.41 -4 76892E 1
5 2.41 -3 B5BE84 1
5 1.41 -2 637908 1
5 1.41 -1 637900 1
5 1.41 0 707D18 1
5 1.41 1 626D0A 1
5 2.41 2 525D00 1
5 2.41 3 949A5A 1
5 3.41 -4 AFB578 1
5 3.41 4 4A5900 1
5 3.41 3 607023 1
5 4.41 4 4A5D00 1
5 6.41 -2 86954A 1
5 6.41 1 84984C 1
5 7.41 -4 6B8621 1
5 6.41 0 4A6500 1
5 7.41 0 869C47 1
5 7.41 1 6D842B 1
5 7.41 4 5D750B 1
5 8.41 -3 849A39 1
4 8.41 -2 7E893C 1
5 8.41 -1 6E8331 1
6 4.41 -2 8CA231 1
6 4.41 -1 7E962C 1
6 4.41 0 86970B 1
5 2.41 -2 758934 1
5 2.41 -1 7B8E29 1
5 2.41 0 7B8823 1
5 2.41 1 68780D 1
5 3.41 -3 425500 1
6 3.41 -2 5A7110 1
6 3.41 -1 788D31 1
6 3.41 0 899836 1
6 3.41 1 7B8A08 1
6 3.41 2 5A7100 1
6 4.41 -3 55622C 1
6 4.41 1 94A02C 1
6 4.41 2 6B7D00 1
5 4.41 3 6B7D00 1
6 5.41 -3 8C9A4A 1
6 6.41 -3 4A6900 1
6 6.41 2 687C08 1
