-1.2 0.39 1.192093E-07 80A041 1.2
0 0.39 0 658B31 1.2
1.2 0.39 -1.192093E-07 739639 1.2
-6.000001 1.59 1.200001 91B95D 1.2
-4.8 1.59 2.400001 9CB663 1.2
-3.6 1.59 2.400001 99B557 1.2
-2.4 1.59 3.600001 9FB660 1.2
-1.2 1.59 3.600001 96AE58 1.2
4.768372E-07 1.59 3.600001 8CAA52 1.2
1.200001 1.59 3.6 789734 1.2
2.400001 1.59 3.600001 7B9642 1.2
3.600001 1.59 2.4 638621 1.2
4.800001 1.59 2.4 6D8B33 1.2
6.000001 1.59 1.199999 496D26 1.2
-7.200001 2.79 1.200001 7EAB52 1.2
-6.000001 2.79 2.400001 9CBA6B 1.2
-4.8 2.79 3.600001 73A24C 1.2
-3.6 2.79 3.600001 4A8221 1.2
-2.4 2.79 3.600001 7E9A47 1.2
-1.2 2.79 4.800001 6A9137 1.2
4.768372E-07 2.79 4.800001 4F7826 1.2
1.200001 2.79 4.800001 426921 1.2
2.400001 2.79 3.600001 395D21 1.2
3.600001 2.79 3.6 476A29 1.2
4.800001 2.79 3.6 6D8C33 1.2
6.000001 2.79 2.4 688A2E 1.2
7.200001 2.79 1.199999 6B8A39 1.2
-7.200001 3.99 2.400001 6BA242 1.2
-6 3.99 3.600002 AAC575 1.2
-4.8 3.99 4.800001 9CBE63 1.2
-3.6 3.99 4.800001 AAC46D 1.2
-2.4 3.99 4.800001 A4BA62 1.2
-1.2 3.99 4.800001 8CAA4A 1.2
4.768372E-07 3.99 4.800001 89A74C 1.2
1.200001 3.99 4.800001 5A862E 1.2
2.400001 3.99 4.8 84A242 1.2
3.600001 3.99 4.8 4A7529 1.2
4.800001 3.99 4.8 4F7526 1.2
6.000001 3.99 3.599999 4F762E 1.2
7.200002 3.99 2.399999 759244 1.2
-8.400002 5.19 1.200001 7EA652 1.2
-7.200001 5.19 3.600002 B5CF7B 1.2
-6 5.19 3.600002 639639 1.2
-4.8 5.19 4.800001 6A9B41 1.2
-3.6 5.19 4.800001 5A8F31 1.2
-2.4 5.19 4.800001 54872B 1.2
-1.2 5.19 4.800001 52812E 1.2
4.768372E-07 5.19 4.800001 4A7529 1.2
1.200001 5.19 4.800001 7B9F4C 1.2
2.400001 5.19 4.8 94AE63 1.2
3.600001 5.19 4.8 91A857 1.2
4.800001 5.19 4.8 8EA757 1.2
6.000001 5.19 3.599999 6A9044 1.2
7.200002 5.19 3.6 527931 1.2
8.400002 5.19 1.199999 708F44 1.2
-4.8 5.19 3.600001 EF562E 1.2
-3.6 5.19 3.600001 EF4129 1.2
-2.4 5.19 3.600001 EF3C29 1.2
-1.2 5.19 3.600001 EF4939 1.2
4.768372E-07 5.19 3.600001 E14131 1.2
1.200001 5.19 3.6 DE3B2B 1.2
2.400001 5.19 3.600001 E44A36 1.2
3.600001 5.19 3.6 D63C31 1.2
4.800001 5.19 3.6 D04333 1.2
-2.4 1.59 2.400001 99B358 1.2
-1.2 1.59 2.400001 91AC52 1.2
2.384186E-07 1.59 2.4 8BA64F 1.2
1.2 1.59 2.4 62882E 1.2
2.400001 1.59 2.4 739239 1.2
-7.200001 2.79 2.400001 A5BE73 1.2
7.200002 2.79 2.399999 6B8A39 1.2
-7.200001 5.19 2.400001 ADCB7B 1.2
7.200002 5.19 2.399999 527931 1.2
-6.000001 5.19 2.400001 E72818 1.2
-4.8 5.19 2.400001 F45337 1.2
-3.6 5.19 2.400001 F13D2C 1.2
-2.4 5.19 2.400001 EF4129 1.2
-1.2 5.19 2.400001 EF4637 1.2
2.384186E-07 5.19 2.4 EF3426 1.2
1.2 5.19 2.4 EF4639 1.2
2.400001 5.19 2.4 EF4333 1.2
3.600001 5.19 2.4 E74333 1.2
4.800001 5.19 2.4 DE4531 1.2
6.000001 5.19 2.4 E13D2E 1.2
-4.800001 1.59 1.200001 A1BA5F 1.2
-3.6 0.39 1.200001 608E2E 1.2
-2.4 0.39 1.2 6B9E39 1.2
-1.2 0.39 1.2 7EA033 1.2
1.192093E-07 0.39 1.2 4F7828 1.2
1.2 0.39 1.2 426321 1.2
2.400001 0.39 1.2 425D21 1.2
3.600001 0.39 1.2 4C6E26 1.2
4.800001 1.59 1.2 527529 1.2
-8.400002 3.99 1.200001 B5C986 1.2
8.400002 3.99 1.199999 446923 1.2
-7.200001 5.19 1.200001 E73018 1.2
-6.000001 5.19 1.200001 E32818 1.2
-4.800001 5.19 1.200001 D33B1E 1.2
-3.6 5.19 1.200001 FF715A 1.2
-2.4 5.19 1.2 F4573F 1.2
-1.2 5.19 1.2 F45E41 1.2
1.192093E-07 5.19 1.2 F7715A 1.2
1.2 5.19 1.2 F76B4F 1.2
2.400001 5.19 1.2 F47C5D 1.2
3.600001 5.19 1.2 EC624C 1.2
4.800001 5.19 1.2 E94836 1.2
6.000001 5.19 1.199999 E14736 1.2
7.200001 5.19 1.199999 E94926 1.2
-8.400002 3.99 9.536743E-07 A7C26E 1.2
-7.200001 2.79 9.536743E-07 91B55F 1.2
-6.000001 1.59 9.536743E-07 A4BF6B 1.2
-4.800001 0.39 4.768372E-07 659A36 1.2
-3.600001 0.39 4.768372E-07 9CBE52 1.2
-2.4 0.39 2.384186E-07 91AE4A 1.2
2.4 0.39 -2.384186E-07 446723 1.2
3.600001 0.39 -4.768372E-07 425921 1.2
4.800001 0.39 -4.768372E-07 425921 1.2
6.000001 1.59 -9.536743E-07 638231 1.2
7.200001 2.79 -9.536743E-07 587931 1.2
8.400002 3.99 -9.536743E-07 4F7531 1.2
-8.400002 5.19 9.536743E-07 89AD62 1.2
8.400002 5.19 -9.536743E-07 709347 1.2
-7.200001 5.19 9.536743E-07 E9311D 1.2
-6.000001 5.19 9.536743E-07 EF462E 1.2
-4.800001 5.19 4.768372E-07 F14936 1.2
-3.600001 5.19 4.768372E-07 EC533C 1.2
-2.4 5.19 2.384186E-07 F77C65 1.2
-1.2 5.19 1.192093E-07 F78E73 1.2
0 5.19 0 F7755A 1.2
1.2 5.19 -1.192093E-07 FF967B 1.2
2.4 5.19 -2.384186E-07 D9472B 1.2
3.600001 5.19 -4.768372E-07 8C1C08 1.2
4.800001 5.19 -4.768372E-07 F75D3E 1.2
6.000001 5.19 -9.536743E-07 EF3821 1.2
7.200001 5.19 -9.536743E-07 E72C18 1.2
-8.400002 5.19 -1.199999 739849 1.2
-7.200001 2.79 -1.199999 AAC27B 1.2
-6.000001 1.59 -1.199999 B5CB7B 1.2
-4.800001 1.59 -1.2 ADC773 1.2
-3.600001 0.39 -1.2 68983C 1.2
-2.400001 0.39 -1.2 4A8221 1.2
-1.2 0.39 -1.2 426D21 1.2
-1.192093E-07 0.39 -1.2 84A252 1.2
1.2 0.39 -1.2 4C6E26 1.2
2.4 0.39 -1.2 476526 1.2
3.6 0.39 -1.200001 4A6526 1.2
4.800001 1.59 -1.200001 445A23 1.2
6.000001 1.59 -1.200001 425921 1.2
7.200001 2.79 -1.200001 425D21 1.2
8.400002 5.19 -1.200001 547733 1.2
-8.400002 3.99 -1.199999 86B15A 1.2
8.400002 3.99 -1.200001 426529 1.2
-7.200001 5.19 -1.199999 E9351B 1.2
-6.000001 5.19 -1.199999 F45D44 1.2
-4.800001 5.19 -1.2 F1563E 1.2
-3.600001 5.19 -1.2 EF3829 1.2
-2.400001 5.19 -1.2 F74131 1.2
-1.2 5.19 -1.2 F75E44 1.2
-1.192093E-07 5.19 -1.2 F15941 1.2
1.2 5.19 -1.2 F75B44 1.2
2.4 5.19 -1.2 F1523C 1.2
3.6 5.19 -1.200001 DE3C29 1.2
4.800001 5.19 -1.200001 EF4D39 1.2
6.000001 5.19 -1.200001 EC4A37 1.2
7.200001 5.19 -1.200001 E73018 1.2
-7.200002 3.99 -2.399999 A1BE76 1.2
-6.000001 2.79 -2.4 B2C981 1.2
-4.800001 1.59 -2.4 ADC373 1.2
-3.600001 1.59 -2.4 86AA44 1.2
-2.400001 1.59 -2.4 86A847 1.2
-1.2 1.59 -2.4 7EA249 1.2
-2.384186E-07 1.59 -2.4 7B9E4A 1.2
1.2 1.59 -2.400001 658C34 1.2
2.4 1.59 -2.400001 6A8D39 1.2
3.6 1.59 -2.400001 658C33 1.2
4.8 1.59 -2.400001 658833 1.2
6.000001 2.79 -2.400001 5D8333 1.2
7.200001 3.99 -2.400001 73964A 1.2
-7.200002 2.79 -2.399999 ADC780 1.2
7.200001 2.79 -2.400001 638631 1.2
-7.200002 5.19 -2.399999 B5CB7B 1.2
7.200001 5.19 -2.400001 4A6D29 1.2
-6.000001 5.19 -2.4 E94939 1.2
-4.800001 5.19 -2.4 EF4F3C 1.2
-3.600001 5.19 -2.4 F45B49 1.2
-2.400001 5.19 -2.4 F75941 1.2
-1.2 5.19 -2.4 F74A3C 1.2
-2.384186E-07 5.19 -2.4 F75142 1.2
1.2 5.19 -2.400001 F76152 1.2
2.4 5.19 -2.400001 F75741 1.2
3.6 5.19 -2.400001 F14B34 1.2
4.8 5.19 -2.400001 EF4436 1.2
6.000001 5.19 -2.400001 DE2410 1.2
-6.000001 3.99 -3.599999 4A8629 1.2
-4.800001 2.79 -3.6 86AE5A 1.2
-3.600001 2.79 -3.6 498029 1.2
-2.400001 1.59 -3.600001 397121 1.2
-1.200001 1.59 -3.6 426921 1.2
-4.768372E-07 1.59 -3.600001 5A7F31 1.2
1.2 1.59 -3.600001 426121 1.2
2.4 1.59 -3.600001 739642 1.2
3.6 2.79 -3.600001 4A6926 1.2
4.8 2.79 -3.600001 5A7D31 1.2
6 3.99 -3.600002 425D21 1.2
-7.200002 5.19 -3.6 97BD65 1.2
7.200001 5.19 -3.600002 5A7D42 1.2
-6.000001 5.19 -3.599999 E1855F 1.2
-4.800001 5.19 -3.6 DC3E2B 1.2
-3.600001 5.19 -3.6 E3412E 1.2
-2.400001 5.19 -3.600001 E94336 1.2
-1.200001 5.19 -3.6 E74D39 1.2
-4.768372E-07 5.19 -3.600001 F75542 1.2
1.2 5.19 -3.600001 EF4E39 1.2
2.4 5.19 -3.600001 EF5942 1.2
3.6 5.19 -3.600001 DB402E 1.2
4.8 5.19 -3.600001 E94326 1.2
6 5.19 -3.600002 E47E52 1.2
-3.600001 5.19 -4.8 6E9C3C 1.2
-2.400001 3.99 -4.8 7BA64A 1.2
-1.200001 3.99 -4.800001 578231 1.2
-4.768372E-07 3.99 -4.800001 4C6B2B 1.2
1.2 3.99 -4.800001 4C652B 1.2
2.4 3.99 -4.800001 475A21 1.2
3.6 5.19 -4.800001 426521 1.2
-2.400001 2.79 -3.600001 84AA52 1.2
-1.200001 2.79 -4.800001 739C3C 1.2
-4.768372E-07 2.79 -4.800001 688F34 1.2
1.2 2.79 -4.800001 6B9239 1.2
2.4 2.79 -3.600001 638A31 1.2
-4.800001 3.99 -4.8 5A8A33 1.2
-3.600001 3.99 -4.8 5D8B3C 1.2
3.6 3.99 -4.800001 4F792B 1.2
4.8 3.99 -4.800001 52792B 1.2
-4.800001 5.19 -4.8 629141 1.2
4.8 5.19 -4.800001 476C2C 1.2
-2.400001 5.19 -4.8 C8A586 1.2
-1.200001 5.19 -4.800001 AA5C44 1.2
-4.768372E-07 5.19 -4.800001 B56649 1.2
1.2 5.19 -4.800001 B5613F 1.2
2.4 5.19 -4.800001 CEAA7B 1.2
