-3 0.79 1.500001 FFC14A 1.5
-1.5 0.79 3.000001 FFC14A 1.5
4.768372E-07 0.79 3 FFC14A 1.5
1.500001 0.79 3 FFC14A 1.5
3.000001 0.79 1.5 FFC14A 1.5
-4.5 2.29 1.500001 FFC14A 1.5
-3 2.29 3.000001 FFC14A 1.5
-1.5 2.29 3.000001 5A555A 1.5
4.768372E-07 2.29 3 767476 1.5
1.500001 2.29 3 C2C4C2 1.5
3.000001 2.29 3 FFC14A 1.5
4.500001 2.29 1.5 FFC14A 1.5
-4.5 3.79 1.500001 FFC14A 1.5
-3 3.79 3.000001 FFC14A 1.5
-1.5 3.79 3.000001 5A5552 1.5
4.768372E-07 3.79 3 7B7773 1.5
1.500001 3.79 3 C8C5C0 1.5
3.000001 3.79 3 FFC14A 1.5
4.500001 3.79 1.5 FFC14A 1.5
-4.5 5.29 1.500001 FFC14A 1.5
-3 5.29 3.000001 E7DFAD 1.5
-1.5 5.29 3.000001 DED7A5 1.5
4.768372E-07 5.29 3 DED7A5 1.5
1.500001 5.29 3 DEDBAD 1.5
3.000001 5.29 3 E7E3B5 1.5
4.500001 5.29 1.5 FFC14A 1.5
-4.5 6.79 4.768372E-07 FFC14A 1.5
-3 6.79 1.500001 ECCD81 1.5
-1.5 6.79 3.000001 FFF3B5 1.5
4.768372E-07 6.79 3 DED3A5 1.5
1.500001 6.79 3 F9EBAF 1.5
3.000001 6.79 1.5 DED3A5 1.5
4.5 6.79 -4.768372E-07 FFC14A 1.5
-3 8.29 1.500001 FFEFB5 1.5
-1.5 8.29 3.000001 FFF7BD 1.5
4.768372E-07 8.29 3 FFF7BD 1.5
1.500001 8.29 3 FFFFC6 1.5
3.000001 8.29 1.5 635942 1.5
-3 9.79 1.500001 FFF3AD 1.5
-1.5 9.79 3.000001 E3D8A4 1.5
4.768372E-07 9.79 3 E9D8A4 1.5
1.500001 9.79 3 AAA17B 1.5
3.000001 9.79 1.5 81775D 1.5
-4.5 11.29 4.768372E-07 FFC14A 1.5
-3 11.29 1.500001 AD9865 1.5
-1.5 11.29 3.000001 D8CF9C 1.5
4.768372E-07 11.29 3 DED3A5 1.5
1.500001 11.29 3 A49B75 1.5
3.000001 11.29 1.5 A79C78 1.5
4.5 11.29 -4.768372E-07 FFC14A 1.5
-4.5 12.79 4.768372E-07 FFC14A 1.5
-3 12.79 3.000001 847142 1.5
-1.5 12.79 3.000001 7B755A 1.5
4.768372E-07 12.79 3 FFF7C6 1.5
1.500001 12.79 3 5A5542 1.5
3.000001 12.79 3 736D52 1.5
4.5 12.79 -4.768372E-07 FFC14A 1.5
-4.5 14.29 4.768372E-07 FFC14A 1.5
-3 14.29 1.500001 E7E3BD 1.5
-1.5 14.29 3.000001 ECD896 1.5
4.768372E-07 14.29 3 ECD596 1.5
1.500001 14.29 3 ECD896 1.5
3.000001 14.29 1.5 EFE7BD 1.5
4.5 14.29 -4.768372E-07 FFC14A 1.5
-3 15.79 1.500001 FFC14A 1.5
-1.5 15.79 3.000001 FFC14A 1.5
4.768372E-07 15.79 3 FFC14A 1.5
1.500001 15.79 3 FFC14A 1.5
3.000001 15.79 1.5 FFC14A 1.5
-3 17.29 4.768372E-07 FFC14A 1.5
-1.5 17.29 1.5 FFC14A 1.5
2.384186E-07 17.29 1.5 FFC14A 1.5
1.5 17.29 1.5 FFC14A 1.5
3 17.29 -4.768372E-07 FFC14A 1.5
-1.5 18.79 1.5 A5E3E7 1.5
4.768372E-07 18.79 3 B8ECEF 1.5
1.5 18.79 1.5 A5EBEF 1.5
-1.5 20.29 2.384186E-07 B5EBEF 1.5
2.384186E-07 20.29 1.5 B8ECEF 1.5
1.5 20.29 -2.384186E-07 ADEBEE 1.5
2.384186E-07 21.79 1.5 B8ECEF 1.5
-1.5 0.79 1.5 91D5E1 1.5
2.384186E-07 0.79 1.5 91D5E1 1.5
1.5 0.79 1.5 91D5E1 1.5
2.384186E-07 18.79 1.5 BDF3F7 1.5
-4.5 6.79 1.500001 FFC34A 1.5
4.500001 6.79 1.5 FFC14A 1.5
-4.5 11.29 1.500001 FFC34A 1.5
4.500001 11.29 1.5 FFC24C 1.5
-4.5 12.79 1.500001 FFC34A 1.5
4.500001 12.79 1.5 FFC14A 1.5
-4.5 14.29 1.500001 FFBE4A 1.5
4.500001 14.29 1.5 FFC14F 1.5
-1.5 20.29 1.5 B5EBEF 1.5
1.5 20.29 1.5 ADEBEE 1.5
-4.5 0.79 4.768372E-07 FFC14A 1.5
-3 0.79 4.768372E-07 FFFFFF 1.5
-1.5 0.79 2.384186E-07 DEF7FF 1.5
0 0.79 0 B8ECEF 1.5
1.5 0.79 -2.384186E-07 B8ECEF 1.5
3 0.79 -4.768372E-07 B5B6B5 1.5
4.5 0.79 -4.768372E-07 FFC34A 1.5
-4.5 2.29 4.768372E-07 FFC34A 1.5
4.5 2.29 -4.768372E-07 FFC34A 1.5
-4.5 3.79 4.768372E-07 FFC34A 1.5
4.5 3.79 -4.768372E-07 FFC34A 1.5
-4.5 5.29 4.768372E-07 FFC34A 1.5
4.5 5.29 -4.768372E-07 FFC14A 1.5
-4.5 8.29 4.768372E-07 FFC14A 1.5
4.5 8.29 -4.768372E-07 FFC34A 1.5
-4.5 9.79 4.768372E-07 FFC14A 1.5
4.5 9.79 -4.768372E-07 FFC14A 1.5
-4.5 15.79 4.768372E-07 FFC14A 1.5
4.5 15.79 -4.768372E-07 FFC14A 1.5
-3 18.79 4.768372E-07 7BC7D6 1.5
3 18.79 -4.768372E-07 F7FFFF 1.5
-1.5 21.79 2.384186E-07 BAECF1 1.5
1.5 21.79 -2.384186E-07 B5EBEF 1.5
0 21.79 0 B8ECEF 1.5
-3.000001 0.79 -1.5 086173 1.5
-1.5 0.79 -1.5 00556B 1.5
-2.384186E-07 0.79 -1.5 00556B 1.5
1.5 0.79 -1.5 00556B 1.5
3 0.79 -1.500001 00556B 1.5
-1.5 18.79 -1.5 A5DFE7 1.5
-2.384186E-07 18.79 -1.5 EFFBFF 1.5
1.5 18.79 -1.5 004D63 1.5
-4.500001 2.29 -1.5 FFC14A 1.5
4.5 2.29 -1.500001 FFC14A 1.5
-4.500001 3.79 -1.5 FFC14A 1.5
4.5 3.79 -1.500001 FFC14A 1.5
-4.500001 5.29 -1.5 FFC14A 1.5
4.5 5.29 -1.500001 FFC14A 1.5
-4.500001 6.79 -1.5 FFC14A 1.5
4.5 6.79 -1.500001 FFC14A 1.5
-3.000001 8.29 -1.5 FFC14A 1.5
3 8.29 -1.500001 FFC14A 1.5
-3.000001 9.79 -1.5 FFC14A 1.5
3 9.79 -1.500001 FFC14A 1.5
-4.500001 11.29 -1.5 DE6D00 1.5
4.5 11.29 -1.500001 FFC14A 1.5
-4.500001 12.79 -1.5 F7DB94 1.5
4.5 12.79 -1.500001 86624F 1.5
-4.500001 14.29 -1.5 FFC14A 1.5
4.5 14.29 -1.500001 FFEF94 1.5
-3.000001 15.79 -1.5 FFC14A 1.5
3 15.79 -1.500001 F4BD58 1.5
-1.5 17.29 -1.5 FFC14A 1.5
1.5 17.29 -1.5 FFC14A 1.5
-2.384186E-07 20.29 -1.5 B8ECEF 1.5
-1.5 20.29 -1.5 B5E9EF 1.5
1.5 20.29 -1.5 ADEBEE 1.5
-2.384186E-07 21.79 -1.5 B8ECEF 1.5
-4.768372E-07 0.79 -3 FFC34A 1.5
-1.500001 0.79 -3 FFC14A 1.5
1.5 0.79 -3.000001 FFC14A 1.5
-1.500001 2.29 -3 D6AA7B 1.5
-3.000001 2.29 -3 FFC14A 1.5
-4.768372E-07 11.29 -3 DE7508 1.5
1.5 2.29 -3.000001 CE974C 1.5
3 2.29 -3.000001 FFC14A 1.5
-1.500001 3.79 -3 A54100 1.5
-3.000001 3.79 -3 F7E3BD 1.5
1.5 3.79 -3.000001 FFBE4A 1.5
3 3.79 -3.000001 FFC14A 1.5
-4.768372E-07 5.29 -3 F7F7DE 1.5
-3.000001 5.29 -3 B50800 1.5
-1.500001 5.29 -3 B54908 1.5
1.5 5.29 -3.000001 E19047 1.5
3 5.29 -3.000001 FFF7A5 1.5
-3.000001 6.79 -1.5 FFBE4A 1.5
-1.500001 6.79 -3 ECC691 1.5
-4.768372E-07 6.79 -3 CD7C1E 1.5
1.5 6.79 -3.000001 C56629 1.5
3 6.79 -1.500001 E9C29C 1.5
-1.500001 8.29 -3 E3A939 1.5
-4.768372E-07 8.29 -3 FFC74A 1.5
1.5 8.29 -3.000001 D3A32E 1.5
-1.500001 9.79 -3 D69E4A 1.5
-4.768372E-07 9.79 -3 CD9554 1.5
1.5 9.79 -3.000001 CE9E6B 1.5
-3.000001 11.29 -1.5 DE7100 1.5
-1.500001 11.29 -3 FFDB73 1.5
1.5 11.29 -3.000001 FFE394 1.5
3 11.29 -1.500001 FFC14A 1.5
-4.768372E-07 12.79 -3 181010 1.5
-3.000001 12.79 -3 210800 1.5
-1.500001 12.79 -3 6D5B4F 1.5
1.5 12.79 -3.000001 866F55 1.5
3 12.79 -3.000001 E77D10 1.5
-4.768372E-07 14.29 -3 D8790D 1.5
-3.000001 14.29 -1.5 FFDB84 1.5
-1.500001 14.29 -3 F9CD73 1.5
1.5 14.29 -3.000001 F7C568 1.5
3 14.29 -1.500001 421C08 1.5
-1.500001 15.79 -3 FFC14A 1.5
-4.768372E-07 15.79 -3 FFC34A 1.5
1.5 15.79 -3.000001 FFC34A 1.5
-2.384186E-07 17.29 -1.5 FFC14A 1.5
-4.768372E-07 18.79 -3 4A7A9C 1.5
-4.768372E-07 2.29 -3 DEA352 1.5
-4.768372E-07 3.79 -3 FFF3BD 1.5
