-6.000001 0.25 2.000001 E7635A 1
-5 0.25 2.000001 E6635D 1
-4 0.25 2.000001 E6635D 1
-3 0.25 2.000001 E6625A 1
-2 0.25 2 E6625A 1
-0.9999999 0.25 2 E6625A 1
2.384186E-07 0.25 2 E7625A 1
1 0.25 2 E7635D 1
2 0.25 2 E7625A 1
3.000001 0.25 2 E7625A 1
4.000001 0.25 2 E7625A 1
5.000001 0.25 2 E6625A 1
6.000001 0.25 1.999999 E6625A 1
-6 1.25 3.000001 E7625A 1
-5 1.25 4.000001 E7625A 1
-4 1.25 4.000001 E7625A 1
-3 1.25 4.000001 E7625A 1
-2 1.25 4.000001 E6625A 1
-0.9999996 1.25 4 E6635A 1
4.768372E-07 1.25 4 E7625A 1
1.000001 1.25 4 E7635A 1
2.000001 1.25 4 E7635A 1
3.000001 1.25 4 E7635A 1
4.000001 1.25 4 E6625A 1
5.000001 1.25 4 E6625A 1
6.000001 1.25 2.999999 E6625A 1
-6 2.25 4.000001 E6635D 1
-5 2.25 4.000001 E7635A 1
-4 2.25 4.000001 E7625A 1
-3 2.25 4.000001 E7635A 1
-2 2.25 4.000001 E6625A 1
-0.9999996 2.25 4 BDBEBD 1
4.768372E-07 2.25 4 9F9D9F 1
1.000001 2.25 4 949294 1
2.000001 2.25 4 E6635D 1
3.000001 2.25 4 E7635A 1
4.000001 2.25 4 E6625A 1
5.000001 2.25 4 E6625A 1
6.000001 2.25 3.999999 E6625A 1
-6 3.25 4.000001 E6635D 1
-5 3.25 4.000001 E7635D 1
-4 3.25 4.000001 E7625A 1
-3 3.25 4.000001 E7635A 1
-2 3.25 4.000001 E6625A 1
-0.9999996 3.25 4 BDBEBD 1
4.768372E-07 3.25 4 9F9D9F 1
1.000001 3.25 4 949294 1
2.000001 3.25 4 E6635D 1
3.000001 3.25 4 E7635A 1
4.000001 3.25 4 E6625A 1
5.000001 3.25 4 E6615A 1
6.000001 3.25 3.999999 E6625A 1
-6 4.25 4.000001 E6635D 1
-5 4.25 4.000001 E6635D 1
-4 4.25 4.000001 E7635A 1
-3 4.25 4.000001 E9655D 1
-2 4.25 4.000001 CE716B 1
-0.9999996 4.25 4 CE756B 1
4.768372E-07 4.25 4 CE7573 1
1.000001 4.25 4 CE716B 1
2.000001 4.25 4 CE7573 1
3.000001 4.25 4 EF5D5A 1
4.000001 4.25 4 E6635D 1
5.000001 4.25 4 E6625A 1
6.000001 4.25 3.999999 E6625A 1
-6 5.25 4.000001 E6635D 1
-5 5.25 4.000001 E6635D 1
-4 5.25 4.000001 E7635D 1
-3 5.25 4.000001 E7554A 1
-2 5.25 4.000001 FFFBFF 1
-0.9999996 5.25 4 FFFFFF 1
4.768372E-07 5.25 4 BDBEBD 1
1.000001 5.25 4 FFFBFF 1
2.000001 5.25 4 F7FBF7 1
3.000001 5.25 4 CBA3A2 1
4.000001 5.25 4 E6625A 1
5.000001 5.25 4 E6625A 1
6.000001 5.25 3.999999 E6625A 1
-6 6.25 4.000001 E6635D 1
-5 6.25 4.000001 E7635D 1
-4 6.25 4.000001 E7635A 1
-3 6.25 4.000001 E7554A 1
-2 6.25 4.000001 DEDFDE 1
-0.9999996 6.25 4 DEDFDE 1
4.768372E-07 6.25 4 CDCDCD 1
1.000001 6.25 4 DEDFDE 1
2.000001 6.25 4 D3D1D3 1
3.000001 6.25 4 C6D3D6 1
4.000001 6.25 4 E6635D 1
5.000001 6.25 4 E6625A 1
6.000001 6.25 3.999999 E6625A 1
-6 7.25 4.000001 E6635D 1
-5 7.25 4.000001 E7635A 1
-4 7.25 4.000001 E6635D 1
-3 7.25 4.000001 E7554A 1
-2 7.25 4.000001 FFFFFF 1
-0.9999996 7.25 4 FFFFFF 1
4.768372E-07 7.25 4 C5C5C5 1
1.000001 7.25 4 FFFFFF 1
2.000001 7.25 4 C5C5C5 1
3.000001 7.25 4 CECFCE 1
4.000001 7.25 4 E7625A 1
5.000001 7.25 4 E7635A 1
6.000001 7.25 3.999999 E6635D 1
-6 8.25 4.000001 E7635D 1
-5 8.25 4.000001 E7635A 1
-4 8.25 4.000001 E6635D 1
-3 8.25 4.000001 E75552 1
-2 8.25 4.000001 B7B9B7 1
-0.9999996 8.25 4 BDBABD 1
4.768372E-07 8.25 4 A19FA1 1
1.000001 8.25 4 BDBABD 1
2.000001 8.25 4 B2B2B2 1
3.000001 8.25 4 B5B2B5 1
4.000001 8.25 4 E7635A 1
5.000001 8.25 4 E6625A 1
6.000001 8.25 3.999999 E6635D 1
-6 9.25 4.000001 E6635D 1
-5 9.25 4.000001 E7635A 1
-4 9.25 4.000001 E7635A 1
-3 9.25 4.000001 E75552 1
-2 9.25 4.000001 D6DFDE 1
-0.9999996 9.25 4 D6DFDE 1
4.768372E-07 9.25 4 D6DFDE 1
1.000001 9.25 4 D6DFDE 1
2.000001 9.25 4 BDD3D6 1
3.000001 9.25 4 C6B2B5 1
4.000001 9.25 4 E7635D 1
5.000001 9.25 4 E6625A 1
6.000001 9.25 3.999999 E6625A 1
-6 10.25 4.000001 E7635D 1
-5 10.25 4.000001 E6635A 1
-4 10.25 4.000001 E7635D 1
-3 10.25 4.000001 E7635D 1
-2 10.25 4.000001 EC635A 1
-0.9999996 10.25 4 E9625A 1
4.768372E-07 10.25 4 E7615A 1
1.000001 10.25 4 E9625A 1
2.000001 10.25 4 E7615A 1
3.000001 10.25 4 D65B54 1
4.000001 10.25 4 E7625A 1
5.000001 10.25 4 E6625D 1
6.000001 10.25 3.999999 E6625A 1
-6 11.25 4.000001 E7625A 1
-5 11.25 4.000001 E6625A 1
-4 11.25 4.000001 C55752 1
-3 11.25 4.000001 E7615A 1
-2 11.25 4.000001 BA524F 1
-0.9999996 11.25 4 BD544F 1
4.768372E-07 11.25 4 C05752 1
1.000001 11.25 4 BA534F 1
2.000001 11.25 4 C35952 1
3.000001 11.25 4 B5504F 1
4.000001 11.25 4 BD5352 1
5.000001 11.25 4 E9635A 1
6.000001 11.25 3.999999 E6625A 1
-6 12.25 3.000001 E7655A 1
-5 12.25 3.000001 E7655A 1
-4 12.25 3.000001 E7655A 1
-3 12.25 3.000001 E7655A 1
-2 12.25 3.000001 E7635A 1
-0.9999996 12.25 3 E7655A 1
4.768372E-07 12.25 3 E7655A 1
1.000001 12.25 3 E7655A 1
2.000001 12.25 3 E7655A 1
3.000001 12.25 3 E7655A 1
4.000001 12.25 3 E7655A 1
5.000001 12.25 3 E7655A 1
6.000001 12.25 2.999999 E7655A 1
-6 13.25 3.000001 FFF5EC 1
-5 13.25 3.000001 AD2852 1
-4 13.25 3.000001 AD204A 1
-3 13.25 3.000001 AD204A 1
-2 13.25 3.000001 C5657B 1
-0.9999996 13.25 3 AD244A 1
4.768372E-07 13.25 3 AD244A 1
1.000001 13.25 3 AD244A 1
2.000001 13.25 3 C5627B 1
3.000001 13.25 3 C5627B 1
4.000001 13.25 3 AD204A 1
5.000001 13.25 3 A50839 1
6.000001 13.25 2.999999 FBF3EA 1
-6 14.25 3.000001 FFF4E9 1
-5 14.25 3.000001 FFF4E9 1
-4 14.25 3.000001 E3B3BD 1
-3 14.25 3.000001 FFFBF7 1
-2 14.25 3.000001 DEB1BD 1
-0.9999996 14.25 3 D995A7 1
4.768372E-07 14.25 3 FFFFEF 1
1.000001 14.25 3 FFF7EF 1
2.000001 14.25 3 FFFFF7 1
3.000001 14.25 3 FFFFF7 1
4.000001 14.25 3 FFFBF7 1
5.000001 14.25 3 FFFBEF 1
6.000001 14.25 2.999999 F9F3E9 1
-6.000001 15.25 2.000001 FFF7EC 1
-5 15.25 2.000001 FFF5EC 1
-4 15.25 2.000001 FFFBEF 1
-3 15.25 2.000001 FFF7EF 1
-2 15.25 2 FFF7EF 1
-0.9999999 15.25 2 C66D84 1
2.384186E-07 15.25 2 F9F4E9 1
1 15.25 2 FFF7EF 1
2 15.25 2 FFF7EF 1
3.000001 15.25 2 FFF7EF 1
4.000001 15.25 2 C66D84 1
5.000001 15.25 2 FCF3EC 1
6.000001 15.25 1.999999 F9F3E9 1
-6.000001 16.25 2.000001 FFF7EC 1
-5 16.25 2.000001 FFF4E9 1
-4 16.25 2.000001 FCF4EC 1
-3 16.25 2.000001 FCF4EC 1
-2 16.25 2 FCF4EC 1
-0.9999999 16.25 2 FBF3EA 1
2.384186E-07 16.25 2 F9F3E9 1
1 16.25 2 FCF5EC 1
2 16.25 2 FBF3EB 1
3.000001 16.25 2 FBF3EA 1
4.000001 16.25 2 FFF4E9 1
5.000001 16.25 2 FBF3EB 1
6.000001 16.25 1.999999 FBF3EA 1
-6.000001 17.25 1.000001 FCF7EC 1
-5 17.25 1 FFF4E9 1
-4 17.25 1 FFF5EC 1
-3 17.25 1.000001 FFF5EC 1
-2 17.25 1 FFF4E9 1
-1 17.25 1 FCF3EC 1
1.192093E-07 17.25 1 FBF3EA 1
1 17.25 0.9999999 FFF4E9 1
2 17.25 0.9999998 FBF3EA 1
3 17.25 0.9999995 FFF4E9 1
4 17.25 0.9999995 FCF4E9 1
5 17.25 0.9999995 FBF3EA 1
6.000001 17.25 0.999999 F9F4E9 1
-6.000001 18.25 1.000001 FFF5EC 1
-5 18.25 1 FCF5EC 1
-4 18.25 1 FFF5EC 1
-3 18.25 1.000001 FFF5EC 1
-2 18.25 1 FCF4E9 1
-1 18.25 1 FFF4E9 1
1.192093E-07 18.25 1 F9F4E9 1
1 18.25 0.9999999 FCF3EC 1
2 18.25 0.9999998 FCF3EC 1
3 18.25 0.9999995 FBF3EA 1
4 18.25 0.9999995 FBF3EA 1
5 18.25 0.9999995 F9F3E9 1
6.000001 18.25 0.999999 FCF3EC 1
-6.000001 19.25 9.536743E-07 FFF5EC 1
-5 19.25 4.768372E-07 FFF4E9 1
-4 19.25 4.768372E-07 FFF4E9 1
-3 19.25 4.768372E-07 FFF5EC 1
-2 19.25 2.384186E-07 FBF3EA 1
-1 19.25 1.192093E-07 FBF3EA 1
0 19.25 0 FBF3EA 1
1 19.25 -1.192093E-07 FBF3EA 1
2 19.25 -2.384186E-07 FBF3EA 1
3 19.25 -4.768372E-07 FBF3EA 1
4 19.25 -4.768372E-07 FFF4E7 1
5 19.25 -4.768372E-07 FBF3EA 1
6.000001 19.25 -9.536743E-07 F9F3E9 1
-6.000001 20.25 9.536743E-07 FFF4E9 1
-5 20.25 4.768372E-07 FFF4EF 1
-4 20.25 4.768372E-07 FFF5EC 1
-3 20.25 4.768372E-07 FCF4E9 1
-2 20.25 2.384186E-07 FFF4E9 1
-1 20.25 1.192093E-07 FBF3EA 1
0 20.25 0 F9F1E9 1
1 20.25 -1.192093E-07 F9F3E9 1
2 20.25 -2.384186E-07 FCF5EC 1
3 20.25 -4.768372E-07 FBF3EB 1
4 20.25 -4.768372E-07 F9F3E9 1
5 20.25 -4.768372E-07 FCF5EC 1
6.000001 20.25 -9.536743E-07 FCF3EC 1
-7 5.25 4.000001 E6635D 1
7.000001 5.25 3.999999 E6625A 1
-7 6.25 4.000001 E6625A 1
7.000001 6.25 3.999999 E6625A 1
-5 0.25 3.000001 E7635A 1
-4 0.25 3.000001 E7625A 1
-3 0.25 3.000001 E7635D 1
-2 0.25 3.000001 E6625A 1
-0.9999996 0.25 3 E7625A 1
4.768372E-07 0.25 3 E6635A 1
1.000001 0.25 3 E7625A 1
2.000001 0.25 3 E7625A 1
3.000001 0.25 3 E7635A 1
4.000001 0.25 3 E6625A 1
5.000001 0.25 3 E6625A 1
-7 1.25 3.000001 E6635D 1
7.000001 1.25 2.999999 E6625A 1
-6 2.25 3.000001 E6635D 1
6.000001 2.25 2.999999 E7625A 1
-6 3.25 3.000001 E7635A 1
7.000001 3.25 2.999999 E7625A 1
-6 4.25 3.000001 E6635D 1
7.000001 4.25 2.999999 E7625A 1
-7 5.25 3.000001 E6625A 1
7.000001 5.25 2.999999 E7615A 1
-7 6.25 3.000001 E7615A 1
7.000001 6.25 2.999999 E7625A 1
-7 7.25 3.000001 E7615A 1
7.000001 7.25 2.999999 E7615A 1
-7 8.25 3.000001 E7615A 1
7.000001 8.25 2.999999 E7625A 1
-7 9.25 3.000001 E6625A 1
7.000001 9.25 2.999999 E6625A 1
-7 10.25 3.000001 E7635D 1
7.000001 10.25 2.999999 E6625A 1
-7 11.25 3.000001 E6635D 1
7.000001 11.25 2.999999 E4625A 1
-7 12.25 3.000001 E7695A 1
7.000001 12.25 2.999999 E7655A 1
-6.000001 1.25 2.000001 E6625D 1
6.000001 1.25 1.999999 E6615A 1
-6.000001 2.25 2.000001 E7635D 1
6.000001 2.25 1.999999 E7615A 1
-6.000001 3.25 2.000001 E7625A 1
6.000001 3.25 1.999999 E6615A 1
-6.000001 4.25 2.000001 E7625A 1
6.000001 4.25 1.999999 E45F5A 1
-7.000001 5.25 2.000001 E6625A 1
7.000001 5.25 1.999999 E6615A 1
-7.000001 6.25 2.000001 E7625A 1
7.000001 6.25 1.999999 E6615A 1
-7.000001 7.25 2.000001 E4625A 1
7.000001 7.25 1.999999 E6615A 1
-7.000001 8.25 2.000001 E4625A 1
7.000001 8.25 1.999999 E75F5A 1
-7.000001 9.25 2.000001 E7615A 1
7.000001 9.25 1.999999 E6615A 1
-7.000001 10.25 2.000001 E6625A 1
7.000001 10.25 1.999999 E6615A 1
-7.000001 11.25 2.000001 E6625A 1
7.000001 11.25 1.999999 E6615A 1
-7.000001 12.25 2.000001 D8666B 1
7.000001 12.25 1.999999 E15954 1
-7.000001 13.25 2.000001 FFF7EF 1
7.000001 13.25 1.999999 FBF3EA 1
-7.000001 14.25 2.000001 FFF5E9 1
7.000001 14.25 1.999999 F9F3E9 1
-7.000001 15.25 2.000001 FFF5EC 1
7.000001 15.25 1.999999 FCF3EC 1
-6.000001 0.25 1.000001 E7635A 1
-5 0.25 1 E7635D 1
-4 0.25 1 E7635A 1
-3 0.25 1.000001 E6625A 1
-2 0.25 1 E6625A 1
-1 0.25 1 E6625A 1
1.192093E-07 0.25 1 E6625A 1
1 0.25 0.9999999 E6625A 1
2 0.25 0.9999998 E6625A 1
3 0.25 0.9999995 E7655A 1
4 0.25 0.9999995 E7635A 1
5 0.25 0.9999995 E6625A 1
6.000001 0.25 0.999999 E7625A 1
-7.000001 0.25 1.000001 E6625A 1
-6.000001 1.25 1.000001 E7625A 1
6.000001 1.25 0.999999 E6615A 1
7.000001 0.25 0.999999 E6615A 1
-6.000001 2.25 1.000001 CE8EA5 1
6.000001 2.25 0.999999 E7615A 1
-6.000001 3.25 1.000001 D67981 1
6.000001 3.25 0.999999 E7615A 1
-6.000001 4.25 1.000001 DE595A 1
6.000001 4.25 0.999999 E7615A 1
-7.000001 5.25 1.000001 DE595A 1
7.000001 5.25 0.999999 E7615A 1
-7.000001 6.25 1.000001 E7615A 1
7.000001 6.25 0.999999 E7615A 1
-7.000001 7.25 1.000001 C63C4A 1
7.000001 7.25 0.999999 E7615A 1
-7.000001 8.25 1.000001 D6494A 1
7.000001 8.25 0.999999 E7615A 1
-7.000001 9.25 1.000001 DE6F76 1
7.000001 9.25 0.999999 E7615A 1
-7.000001 10.25 1.000001 DE595A 1
7.000001 10.25 0.999999 E7615A 1
-7.000001 11.25 1.000001 E6635D 1
7.000001 11.25 0.999999 E7635A 1
-7.000001 12.25 1.000001 D86A6B 1
7.000001 12.25 0.999999 E45E57 1
-7.000001 13.25 1.000001 FFF5EC 1
7.000001 13.25 0.999999 FFF5EC 1
-7.000001 14.25 1.000001 FCF7EC 1
7.000001 14.25 0.999999 FFF4E9 1
-6.000001 15.25 1.000001 FFF7EF 1
6.000001 15.25 0.999999 FFF5EC 1
-6.000001 16.25 1.000001 FFF4E9 1
6.000001 16.25 0.999999 FFF3E6 1
-7.000001 17.25 1.000001 FFF8EC 1
7.000001 17.25 0.999999 FBF3EA 1
-6.000001 0.25 9.536743E-07 E7635A 1
-5 0.25 4.768372E-07 E6625A 1
-4 0.25 4.768372E-07 E7625A 1
-3 0.25 4.768372E-07 E7635A 1
-2 0.25 2.384186E-07 E6625A 1
-1 0.25 1.192093E-07 E6625A 1
0 0.25 0 E6625A 1
1 0.25 -1.192093E-07 E6625A 1
2 0.25 -2.384186E-07 E7625A 1
3 0.25 -4.768372E-07 E7635A 1
4 0.25 -4.768372E-07 E7625A 1
5 0.25 -4.768372E-07 E6625A 1
6.000001 0.25 -9.536743E-07 E6625A 1
-7.000001 0.25 9.536743E-07 E7635A 1
-6.000001 1.25 9.536743E-07 E7655A 1
6.000001 1.25 -9.536743E-07 E7615A 1
7.000001 0.25 -9.536743E-07 E6615A 1
-6.000001 2.25 9.536743E-07 E7615A 1
6.000001 2.25 -9.536743E-07 E7655A 1
-6.000001 3.25 9.536743E-07 E7615A 1
6.000001 3.25 -9.536743E-07 E7655A 1
-6.000001 4.25 9.536743E-07 E7615A 1
6.000001 4.25 -9.536743E-07 E7655A 1
-7.000001 5.25 9.536743E-07 E7615A 1
7.000001 5.25 -9.536743E-07 EF655A 1
-7.000001 6.25 9.536743E-07 E7615A 1
7.000001 6.25 -9.536743E-07 E7655A 1
-7.000001 7.25 9.536743E-07 E7615A 1
7.000001 7.25 -9.536743E-07 E7615A 1
-7.000001 8.25 9.536743E-07 E7615A 1
7.000001 8.25 -9.536743E-07 E7615A 1
-7.000001 9.25 9.536743E-07 E7615A 1
7.000001 9.25 -9.536743E-07 E7615A 1
-7.000001 10.25 9.536743E-07 E7615A 1
7.000001 10.25 -9.536743E-07 E7615A 1
-7.000001 11.25 9.536743E-07 E6625D 1
7.000001 11.25 -9.536743E-07 E6635D 1
-7.000001 12.25 9.536743E-07 DB6C73 1
7.000001 12.25 -9.536743E-07 E15D54 1
-7.000001 13.25 9.536743E-07 FFF5EC 1
7.000001 13.25 -9.536743E-07 FFF4E9 1
-7.000001 14.25 9.536743E-07 FCF7EC 1
7.000001 14.25 -9.536743E-07 FFF5EC 1
-6.000001 15.25 9.536743E-07 FCF5EC 1
6.000001 15.25 -9.536743E-07 FFF4E9 1
-6.000001 16.25 9.536743E-07 FCF4E9 1
6.000001 16.25 -9.536743E-07 FFF4E9 1
-6.000001 17.25 9.536743E-07 FFF4E9 1
6.000001 17.25 -9.536743E-07 FCF4EC 1
-6.000001 18.25 9.536743E-07 FFF5EC 1
6.000001 18.25 -9.536743E-07 FFF4E9 1
-7.000001 19.25 9.536743E-07 F9F4E9 1
7.000001 19.25 -9.536743E-07 FFF4E9 1
-7.000001 20.25 9.536743E-07 F9F4E9 1
7.000001 20.25 -9.536743E-07 FFF5EC 1
-6.000001 0.25 -0.999999 E6635D 1
-5 0.25 -0.9999995 E6625A 1
-4 0.25 -0.9999995 E7635A 1
-3 0.25 -0.9999995 E6625A 1
-2 0.25 -0.9999998 E6625A 1
-1 0.25 -0.9999999 E6625A 1
-1.192093E-07 0.25 -1 E6625A 1
1 0.25 -1 E6625A 1
2 0.25 -1 E7625A 1
3 0.25 -1.000001 E7635D 1
4 0.25 -1 E7625A 1
5 0.25 -1 E7625A 1
6.000001 0.25 -1.000001 E6635D 1
-7.000001 0.25 -0.999999 E6635D 1
-6.000001 1.25 -0.999999 E7655A 1
6.000001 1.25 -1.000001 E6615A 1
7.000001 0.25 -1.000001 E4625A 1
-6.000001 2.25 -0.999999 E7655A 1
6.000001 2.25 -1.000001 CE414A 1
-6.000001 3.25 -0.999999 E7655A 1
6.000001 3.25 -1.000001 CE3C42 1
-6.000001 4.25 -0.999999 E7655A 1
6.000001 4.25 -1.000001 D6454A 1
-7.000001 5.25 -0.999999 E7655A 1
7.000001 5.25 -1.000001 DE555A 1
-7.000001 6.25 -0.999999 E7655A 1
7.000001 6.25 -1.000001 E7615A 1
-7.000001 7.25 -0.999999 E7655A 1
7.000001 7.25 -1.000001 C86273 1
-7.000001 8.25 -0.999999 E7655A 1
7.000001 8.25 -1.000001 D6555A 1
-7.000001 9.25 -0.999999 E7655A 1
7.000001 9.25 -1.000001 CE4D52 1
-7.000001 10.25 -0.999999 E7655A 1
7.000001 10.25 -1.000001 E7615A 1
-7.000001 11.25 -0.999999 E6635D 1
7.000001 11.25 -1.000001 E4625A 1
-7.000001 12.25 -0.999999 D8656B 1
7.000001 12.25 -1.000001 E45E57 1
-7.000001 13.25 -0.999999 FFF4EF 1
7.000001 13.25 -1.000001 FFF4E9 1
-7.000001 14.25 -0.999999 FFF5EC 1
7.000001 14.25 -1.000001 FFF4E9 1
-6.000001 15.25 -0.999999 FFF4E9 1
6.000001 15.25 -1.000001 FFF4E9 1
-6.000001 16.25 -0.999999 FFF3E7 1
6.000001 16.25 -1.000001 FFF4E9 1
-7.000001 17.25 -0.999999 FFF5EC 1
7.000001 17.25 -1.000001 FFF4E9 1
-6.000001 18.25 -0.999999 FFF5EC 1
-5 18.25 -0.9999995 FFF4E9 1
-4 18.25 -0.9999995 FFF5EC 1
-3 18.25 -0.9999995 FFF7EF 1
-2 18.25 -0.9999998 628D86 1
-1 18.25 -0.9999999 A1C0C0 1
-1.192093E-07 18.25 -1 B5EFEF 1
1 18.25 -1 9FAAA4 1
2 18.25 -1 6E8B7E 1
3 18.25 -1.000001 FFF7EF 1
4 18.25 -1 FFF5EC 1
5 18.25 -1 FCF4E9 1
6.000001 18.25 -1.000001 FFF4E9 1
-6.000001 0.25 -1.999999 E7635A 1
-5.000001 0.25 -2 E6655D 1
-4.000001 0.25 -2 E7635A 1
-3.000001 0.25 -2 E6655D 1
-2 0.25 -2 E7625A 1
-1 0.25 -2 E7635A 1
-2.384186E-07 0.25 -2 E7625A 1
0.9999999 0.25 -2 E7625A 1
2 0.25 -2 E4625D 1
3 0.25 -2.000001 E4625A 1
4 0.25 -2.000001 E4625A 1
5 0.25 -2.000001 E4625A 1
6.000001 0.25 -2.000001 E4625A 1
-6.000001 1.25 -1.999999 E6635D 1
6.000001 1.25 -2.000001 E75D5A 1
-6.000001 2.25 -1.999999 E7625A 1
6.000001 2.25 -2.000001 E6615A 1
-6.000001 3.25 -1.999999 E6635D 1
6.000001 3.25 -2.000001 E45F5A 1
-6.000001 4.25 -1.999999 E7635D 1
6.000001 4.25 -2.000001 E6615A 1
-7.000001 5.25 -1.999999 E6615A 1
7.000001 5.25 -2.000001 E6615A 1
-7.000001 6.25 -1.999999 E6625A 1
7.000001 6.25 -2.000001 E4625A 1
-7.000001 7.25 -1.999999 E7615A 1
7.000001 7.25 -2.000001 E4625A 1
-7.000001 8.25 -1.999999 E6625A 1
7.000001 8.25 -2.000001 E6615A 1
-7.000001 9.25 -1.999999 E6625A 1
7.000001 9.25 -2.000001 E6625A 1
-7.000001 10.25 -1.999999 E6625A 1
7.000001 10.25 -2.000001 E6615A 1
-7.000001 11.25 -1.999999 E6625A 1
7.000001 11.25 -2.000001 E6615A 1
-7.000001 12.25 -1.999999 D8656B 1
7.000001 12.25 -2.000001 E15E5A 1
-7.000001 13.25 -1.999999 FFF4E9 1
7.000001 13.25 -2.000001 F9F3E9 1
-7.000001 14.25 -1.999999 FFF4E9 1
7.000001 14.25 -2.000001 FBF3EA 1
-7.000001 15.25 -1.999999 FFF4E9 1
7.000001 15.25 -2.000001 FCF3EC 1
-4.000001 16.25 -2 FFF5E9 1
-6.000001 16.25 -1.999999 FFF5EC 1
-5.000001 16.25 -2 FFF5EC 1
4 16.25 -2.000001 FCF5EC 1
5 16.25 -2.000001 FBF3EA 1
6.000001 16.25 -2.000001 FBF3EA 1
-6.000001 17.25 -0.999999 FFF5EC 1
-5 17.25 -0.9999995 FFF5EF 1
-4 17.25 -0.9999995 FFF7EC 1
-3.000001 16.25 -2 B2C5BA 1
-3 17.25 -0.9999995 AAC5C0 1
-2 16.25 -2 9FBC8C 1
-2 17.25 -0.9999998 AFA799 1
-1 16.25 -2 8E6E10 1
-1 17.25 -0.9999999 AD968C 1
-2.384186E-07 16.25 -2 C3AF21 1
-1.192093E-07 17.25 -1 B2AAA1 1
0.9999999 16.25 -2 B7A415 1
1 17.25 -1 AFA399 1
2 16.25 -2 738642 1
2 17.25 -1 C6E3E7 1
3 16.25 -2.000001 DEF3F7 1
3 17.25 -1.000001 C6EBEF 1
4 17.25 -1 FFF5EC 1
5 17.25 -1 FCF4EC 1
6.000001 17.25 -1.000001 FFF4E9 1
-6.000001 1.25 -2.999999 E7635A 1
-5.000001 0.25 -3 E7635A 1
-4.000001 0.25 -3 E7635A 1
-3.000001 0.25 -3 E7635A 1
-2.000001 0.25 -3 E7635A 1
-1.000001 0.25 -3 E7635A 1
-4.768372E-07 0.25 -3 E7615A 1
0.9999996 0.25 -3 E7625A 1
2 0.25 -3.000001 E4625A 1
3 0.25 -3.000001 E4625A 1
4 0.25 -3.000001 E4625A 1
5 0.25 -3.000001 E6625A 1
6 1.25 -3.000001 E4625A 1
-7.000001 1.25 -2.999999 E6635D 1
7 1.25 -3.000001 E6615A 1
-6.000001 2.25 -2.999999 E6635D 1
6 2.25 -3.000001 E6615A 1
-7.000001 3.25 -2.999999 E7625A 1
6 3.25 -3.000001 E7615A 1
-7.000001 4.25 -2.999999 E6635D 1
6 4.25 -3.000001 E7615A 1
-7.000001 5.25 -2.999999 E7615A 1
7 5.25 -3.000001 E75E5A 1
-7.000001 6.25 -2.999999 E7615A 1
7 6.25 -3.000001 E45F5A 1
-7.000001 7.25 -2.999999 E6635D 1
7 7.25 -3.000001 E7615A 1
-7.000001 8.25 -2.999999 E6635A 1
7 8.25 -3.000001 E7615A 1
-7.000001 9.25 -2.999999 E6625A 1
7 9.25 -3.000001 E6615A 1
-7.000001 10.25 -2.999999 E6635D 1
7 10.25 -3.000001 E7615A 1
-7.000001 11.25 -2.999999 E6625A 1
7 11.25 -3.000001 E6615A 1
-7.000001 12.25 -2.999999 CB5160 1
7 12.25 -3.000001 CB5160 1
-4.000001 13.25 -3 FFFBEF 1
-6.000001 13.25 -2.999999 FFF5EC 1
-5.000001 13.25 -3 E3BFC5 1
5 13.25 -3.000001 FFF7EF 1
4 13.25 -3.000001 E6C1C8 1
6 13.25 -3.000001 FFF7EF 1
-6.000001 14.25 -2.999999 FFF4E9 1
-5.000001 14.25 -3 FFF7EF 1
-4.000001 14.25 -3 E6CBD0 1
-3.000001 13.25 -3 D394A1 1
-3.000001 14.25 -3 FCF9EC 1
-2.000001 13.25 -3 E3B8C0 1
-2.000001 14.25 -3 FCF9EC 1
-1.000001 13.25 -3 CD8597 1
-1.000001 14.25 -3 FFFBEF 1
-4.768372E-07 13.25 -3 FFF7EF 1
-4.768372E-07 14.25 -3 F9F4E9 1
0.9999996 13.25 -3 F7E7E7 1
0.9999996 14.25 -3 CE8294 1
2 13.25 -3.000001 FFF7EF 1
2 14.25 -3.000001 FFF7EF 1
3 13.25 -3.000001 E9C3C8 1
3 14.25 -3.000001 FFF4E9 1
4 14.25 -3.000001 D99BA7 1
5 14.25 -3.000001 FCF7EC 1
6 14.25 -3.000001 FCF3EC 1
-6.000001 15.25 -1.999999 FFF4E9 1
-5.000001 15.25 -2 FFF4E9 1
-4.000001 15.25 -2 FFF4E9 1
-3.000001 15.25 -2 FCF4E9 1
-2 15.25 -2 FFF7EF 1
-1 15.25 -2 919570 1
-2.384186E-07 15.25 -2 636118 1
0.9999999 15.25 -2 919365 1
2 15.25 -2 FFF7EF 1
3 15.25 -2.000001 F9F4E9 1
4 15.25 -2.000001 FCF5EC 1
5 15.25 -2.000001 FBF3EA 1
6.000001 15.25 -2.000001 FBF3EA 1
-6.000001 5.25 -3.999999 E6625A 1
-5.000001 4.25 -4 E7625A 1
-4.000001 4.25 -4 C65921 1
-3.000001 3.25 -4 EFB263 1
-2.000001 3.25 -4 D68631 1
-1.000001 3.25 -4 B0591D 1
-4.768372E-07 3.25 -4 D6863C 1
0.9999996 3.25 -4 D3823C 1
2 3.25 -4.000001 AD5518 1
3 3.25 -4.000001 EFAE63 1
4 4.25 -4.000001 EFB263 1
5 4.25 -4.000001 E6615A 1
6 5.25 -4.000001 E6615A 1
-5.000001 1.25 -4 E7655A 1
-4.000001 1.25 -4 E6635D 1
-3.000001 1.25 -4 E6635D 1
-2.000001 1.25 -4 E4635D 1
-1.000001 1.25 -4 E7625A 1
-4.768372E-07 1.25 -4 E6625A 1
0.9999996 1.25 -4 E6625D 1
2 1.25 -4.000001 E6625A 1
3 1.25 -4.000001 E1625F 1
4 1.25 -4.000001 D96568 1
5 1.25 -4.000001 D66165 1
-6.000001 2.25 -3.999999 E7635A 1
-5.000001 2.25 -4 E6635D 1
-4.000001 2.25 -4 E7635A 1
-3.000001 2.25 -4 E7615A 1
-2.000001 2.25 -4 DEA24A 1
-1.000001 2.25 -4 BD7131 1
-4.768372E-07 2.25 -4 C87F39 1
0.9999996 2.25 -4 BA6A34 1
2 2.25 -4.000001 D69242 1
3 2.25 -4.000001 E7615A 1
4 2.25 -4.000001 DE5D5A 1
5 2.25 -4.000001 DE595A 1
6 2.25 -4.000001 E7615A 1
-6.000001 3.25 -3.999999 E6635D 1
-5.000001 3.25 -4 E6635D 1
-4.000001 3.25 -4 E76D52 1
4 3.25 -4.000001 D95357 1
5 3.25 -4.000001 E6615A 1
6 3.25 -4.000001 E6615A 1
-6.000001 4.25 -3.999999 E6625A 1
6 4.25 -4.000001 E6615A 1
-7.000001 5.25 -3.999999 E6625A 1
7 5.25 -4.000001 E6615A 1
-7.000001 6.25 -3.999999 E6625D 1
7 6.25 -4.000001 E6615A 1
-6.000001 7.25 -3.999999 E6625A 1
6 7.25 -4.000001 E6615A 1
-4.000001 8.25 -4 EFB663 1
-6.000001 8.25 -3.999999 E6625A 1
-5.000001 7.25 -4 E7655A 1
-5.000001 8.25 -4 E7615A 1
4 8.25 -4.000001 E7AA5A 1
5 7.25 -4.000001 E15A5A 1
5 8.25 -4.000001 E4625A 1
6 8.25 -4.000001 E6615A 1
-6.000001 9.25 -3.999999 E6625A 1
-5.000001 9.25 -4 E6625A 1
-4.000001 9.25 -4 CB5F44 1
-3.000001 8.25 -4 E1984F 1
-3.000001 9.25 -4 DE944F 1
-2.000001 8.25 -4 F1B265 1
-2.000001 9.25 -4 EFA652 1
-1.000001 8.25 -4 EFB263 1
-1.000001 9.25 -4 E9A24F 1
-4.768372E-07 8.25 -4 C56928 1
-4.768372E-07 9.25 -4 BB6028 1
0.9999996 8.25 -4 CD742E 1
0.9999996 9.25 -4 F7BA7B 1
2 8.25 -4.000001 F7BE84 1
2 9.25 -4.000001 E7AA6B 1
3 8.25 -4.000001 E1A357 1
3 9.25 -4.000001 EFAE63 1
4 9.25 -4.000001 EFA25A 1
5 9.25 -4.000001 E4625A 1
6 9.25 -4.000001 E7615A 1
-6.000001 10.25 -3.999999 E6625A 1
-5.000001 10.25 -4 E6625D 1
-4.000001 10.25 -4 E7615A 1
-3.000001 10.25 -4 E7A64A 1
-2.000001 10.25 -4 E7AA5A 1
-1.000001 10.25 -4 E9A860 1
-4.768372E-07 10.25 -4 C8712E 1
0.9999996 10.25 -4 C5722B 1
2 10.25 -4.000001 E6A45D 1
3 10.25 -4.000001 E6A760 1
4 10.25 -4.000001 E45F5A 1
5 10.25 -4.000001 E6615A 1
6 10.25 -4.000001 E6615A 1
-6.000001 11.25 -3.999999 E6625A 1
-5.000001 11.25 -4 E6625A 1
-4.000001 11.25 -4 E6625A 1
-3.000001 11.25 -4 E4625A 1
-2.000001 11.25 -4 E7615A 1
-1.000001 11.25 -4 BD3C4A 1
-4.768372E-07 11.25 -4 AD5121 1
0.9999996 11.25 -4 AD3829 1
2 11.25 -4.000001 E75963 1
3 11.25 -4.000001 E4625A 1
4 11.25 -4.000001 E6625A 1
5 11.25 -4.000001 E6615A 1
6 11.25 -4.000001 E7615A 1
-6.000001 12.25 -2.999999 CB5160 1
-5.000001 12.25 -3 AD1C4A 1
-4.000001 12.25 -3 AD1C4A 1
-3.000001 12.25 -3 AA294C 1
-2.000001 12.25 -3 BB5773 1
-1.000001 12.25 -3 B03C60 1
-4.768372E-07 12.25 -3 BD6984 1
0.9999996 12.25 -3 C68294 1
2 12.25 -3.000001 C0627E 1
3 12.25 -3.000001 C67D94 1
4 12.25 -3.000001 AD1C4A 1
5 12.25 -3.000001 AA1E47 1
6 12.25 -3.000001 C5475A 1
-3.000001 4.25 -4 E39A44 1
-2.000001 4.25 -4 F4B873 1
-1.000001 4.25 -4 CE7931 1
-4.768372E-07 4.25 -4 DE944F 1
0.9999996 4.25 -4 D67D29 1
2 4.25 -4.000001 CE6D21 1
3 4.25 -4.000001 C8742B 1
-5.000001 5.25 -4 DB655A 1
-4.000001 5.25 -4 C66118 1
-3.000001 5.25 -4 C56C2E 1
-2.000001 5.25 -4 E69C52 1
-1.000001 5.25 -4 C66118 1
-4.768372E-07 5.25 -4 AD4918 1
0.9999996 5.25 -4 C66121 1
2 5.25 -4.000001 E19C49 1
3 5.25 -4.000001 DB8F3E 1
4 5.25 -4.000001 F7BA6B 1
5 5.25 -4.000001 E7615A 1
-6.000001 6.25 -3.999999 E6625D 1
-5.000001 6.25 -4 D64D52 1
-4.000001 6.25 -4 EFB26B 1
-3.000001 6.25 -4 E3943F 1
-2.000001 6.25 -4 CB7126 1
-1.000001 6.25 -4 F7AE4A 1
-4.768372E-07 6.25 -4 C66521 1
0.9999996 6.25 -4 C8742E 1
2 6.25 -4.000001 F7BA6B 1
3 6.25 -4.000001 E7AA63 1
4 6.25 -4.000001 CD8039 1
5 6.25 -4.000001 CB4854 1
6 6.25 -4.000001 E6615A 1
-4.000001 7.25 -4 F7BA73 1
-3.000001 7.25 -4 B55118 1
-2.000001 7.25 -4 CD793C 1
-1.000001 7.25 -4 EEB16B 1
-4.768372E-07 7.25 -4 EFB26B 1
0.9999996 7.25 -4 D67D2C 1
2 7.25 -4.000001 EFBE84 1
3 7.25 -4.000001 C66921 1
4 7.25 -4.000001 BD5D18 1
