-4.8 0.65 -4.8 D0C8C2 1.2
-8.400001 0.65 -3.6 ACAAA7 1.2
-8.400001 0.65 -2.4 C6BEBD 1.2
-8.400001 0.65 -1.2 DED7CE 1.2
-8.400001 0.65 0 C6C3BD 1.2
-8.400001 0.65 1.2 C0BDC0 1.2
-8.400001 0.65 2.4 CEC7C6 1.2
-8.400001 0.65 3.6 AAABAA 1.2
-4.8 0.65 4.8 F7EFE7 1.2
-7.2 1.85 -3.6 CBC3BD 1.2
-8.400001 1.85 -2.4 C6BEBD 1.2
-8.400001 1.85 -1.2 D3D0CE 1.2
-8.400001 1.85 0 D6D3D3 1.2
-8.400001 1.85 1.2 C0BDC0 1.2
-8.400001 1.85 2.4 D3CFCB 1.2
-8.400001 1.85 3.6 D8D4D1 1.2
-7.2 3.05 -3.6 D6CFCE 1.2
-8.400001 3.05 -2.4 D0C8C3 1.2
-8.400001 3.05 -1.2 D3D0CE 1.2
-8.400001 3.05 0 DED7DE 1.2
-8.400001 3.05 1.2 DEDBDE 1.2
-8.400001 3.05 2.4 D8D7D9 1.2
-7.2 3.05 3.6 D6CFC6 1.2
-6 4.25 -3.6 C6DFF7 1.2
-8.400001 4.25 -2.4 CEDFEF 1.2
-8.400001 4.25 -1.2 ECA570 1.2
-9.6 4.25 0 FF8A31 1.2
-9.6 4.25 1.2 FF8A39 1.2
-8.400001 4.25 2.4 D6E3EF 1.2
-7.2 4.25 3.6 D6EBF7 1.2
-6 5.45 -3.6 F78D42 1.2
-8.400001 5.45 -2.4 FF9444 1.2
-9.6 5.45 -1.2 FF9449 1.2
-9.6 5.45 0 FF9E62 1.2
-9.6 5.45 1.2 FF9B5F 1.2
-8.400001 5.45 2.4 FF944F 1.2
-7.2 5.45 3.6 FF7D29 1.2
0 6.65 -2.4 FF6500 1.2
-7.2 6.65 -1.2 FF8E4A 1.2
-8.400001 6.65 0 FFA673 1.2
-7.2 6.65 1.2 FF9352 1.2
-4.8 6.65 2.4 FF8E52 1.2
-9.6 6.65 0 FF9E62 1.2
-8.400001 4.25 1.2 CEDBDE 1.2
-8.400001 6.65 -1.2 FF9449 1.2
-8.400001 6.65 1.2 FF9352 1.2
-7.2 0.65 -3.6 D6CECB 1.2
-7.2 0.65 -2.4 C6BEB5 1.2
-7.2 0.65 -1.2 D8D4D3 1.2
-7.2 0.65 0 DBD9DC 1.2
-7.2 0.65 1.2 DEDBDE 1.2
-7.2 0.65 2.4 D8D3D0 1.2
-7.2 0.65 3.6 DBD5D3 1.2
-7.2 1.85 3.6 D8D4D1 1.2
-7.2 4.25 -3.6 C6DFF7 1.2
8.400001 4.25 -2.4 CDBAAC 1.2
8.400001 4.25 2.4 D8845A 1.2
-7.2 5.45 -3.6 ECA168 1.2
-7.2 5.45 -2.4 FF8E42 1.2
-7.2 5.45 2.4 FF9755 1.2
-7.2 6.65 0 FF8A42 1.2
-6 0.65 -3.6 C6BEB5 1.2
-6 0.65 -2.4 D8D7D9 1.2
-6 0.65 -1.2 D3CCC5 1.2
-6 0.65 0 CEBEAD 1.2
-6 0.65 1.2 D6D3CE 1.2
-6 0.65 2.4 D8D1D0 1.2
-6 0.65 3.6 CEC7BD 1.2
-6 0.65 -4.8 C0BEBD 1.2
-6 0.65 4.8 CECBC6 1.2
-6 1.85 -3.6 CDC2BD 1.2
-6 1.85 4.8 DED8D6 1.2
-6 3.05 -3.6 D0C5C0 1.2
-6 3.05 3.6 D8D4D1 1.2
-6 4.25 3.6 D6EBF7 1.2
-6 5.45 3.6 FF6D08 1.2
-6 6.65 -1.2 FFA36B 1.2
-6 6.65 -2.4 FFB284 1.2
-6 6.65 2.4 FFAE7B 1.2
-6 6.65 1.2 FF8A42 1.2
-6 7.85 0 FF8A4A 1.2
-4.8 0.65 -3.6 DEDBDE 1.2
-4.8 0.65 -2.4 DEDFE7 1.2
-4.8 0.65 -1.2 C8BAA7 1.2
-4.8 0.65 0 D6CBC6 1.2
-4.8 0.65 1.2 DEDBDE 1.2
-4.8 0.65 2.4 D8D5D6 1.2
-4.8 0.65 3.6 D3CCC2 1.2
-4.8 1.85 -4.8 CBBEB8 1.2
-4.8 1.85 4.8 D6D5D3 1.2
-4.8 3.05 -4.8 D0C8C3 1.2
-4.8 3.05 4.8 DBD7D3 1.2
-4.8 4.25 -4.8 CEEBFF 1.2
-4.8 4.25 4.8 DBCEC2 1.2
-4.8 5.45 -3.6 FF7E31 1.2
-4.8 5.45 4.8 FF7623 1.2
-4.8 6.65 -2.4 FF924A 1.2
-4.8 6.65 -3.6 FF7E31 1.2
-4.8 6.65 3.6 FF8C47 1.2
-4.8 6.65 -1.2 FF8F4C 1.2
-4.8 7.85 0 FF8F4C 1.2
-4.8 6.65 1.2 FF9652 1.2
-3.6 0.65 -4.8 CECBBD 1.2
-3.6 0.65 -3.6 D8D3D3 1.2
-3.6 0.65 -2.4 CEC7BD 1.2
-3.6 0.65 -1.2 DEDFE7 1.2
-3.6 0.65 0 D8D3D0 1.2
-3.6 0.65 1.2 D3D0CD 1.2
-3.6 0.65 2.4 D6CDC5 1.2
-3.6 0.65 3.6 D8D5D3 1.2
-3.6 0.65 4.8 DBD7D9 1.2
-3.6 1.85 -4.8 D3D3D6 1.2
-3.6 1.85 4.8 D8D4CE 1.2
-3.6 3.05 -4.8 D6D3D6 1.2
-3.6 3.05 4.8 DBD7D1 1.2
-3.6 4.25 -4.8 C6E3F7 1.2
-3.6 4.25 4.8 DEDFDE 1.2
-3.6 5.45 -3.6 FF7929 1.2
-3.6 5.45 4.8 FF7A2B 1.2
-3.6 6.65 -2.4 FF8D44 1.2
-3.6 6.65 -3.6 FF7D31 1.2
-3.6 6.65 3.6 FF883E 1.2
-3.6 6.65 2.4 FF8944 1.2
-3.6 6.65 -1.2 FF7D29 1.2
-3.6 7.85 0 FFB28C 1.2
-3.6 6.65 1.2 FF9354 1.2
-2.4 0.65 -4.8 E1DFE1 1.2
-2.4 0.65 -3.6 D6CBC6 1.2
-2.4 0.65 -2.4 D6CBC6 1.2
-2.4 0.65 -1.2 D6D4D1 1.2
-2.4 0.65 0 D3D1C8 1.2
-2.4 0.65 1.2 DEE3E7 1.2
-2.4 0.65 2.4 D8D5D3 1.2
-2.4 0.65 3.6 D8D8D6 1.2
-2.4 0.65 4.8 E4E0E1 1.2
-2.4 1.85 -4.8 CEC6C0 1.2
-2.4 1.85 4.8 DED3CE 1.2
-2.4 3.05 -4.8 C6B6A5 1.2
-2.4 3.05 4.8 E7EBF7 1.2
-2.4 4.25 -4.8 CEE3F7 1.2
-2.4 4.25 4.8 DECDC0 1.2
-2.4 5.45 -3.6 FF8436 1.2
-2.4 5.45 4.8 FF6108 1.2
-2.4 6.65 -2.4 FF9F6A 1.2
-2.4 6.65 -3.6 FF6D10 1.2
-2.4 6.65 3.6 FF6108 1.2
-2.4 6.65 2.4 FF8A47 1.2
-2.4 6.65 -1.2 FF8847 1.2
-2.4 7.85 0 FF8744 1.2
-2.4 6.65 1.2 FF8A4A 1.2
-1.2 0.65 -4.8 DEE3E7 1.2
-1.2 0.65 -3.6 DEDFE7 1.2
-1.2 0.65 -2.4 DEDBDE 1.2
-1.2 0.65 -1.2 D3CAC8 1.2
-1.2 0.65 0 DEDBDE 1.2
-1.2 0.65 1.2 DEDCDE 1.2
-1.2 0.65 2.4 DEE7EF 1.2
-1.2 0.65 3.6 D6CBB5 1.2
-1.2 0.65 4.8 D6CFC6 1.2
-1.2 1.85 -4.8 C6BEAD 1.2
-1.2 1.85 4.8 D8D5D1 1.2
-1.2 3.05 -4.8 CEBEB5 1.2
-1.2 3.05 4.8 D8D6CD 1.2
-1.2 4.25 -4.8 D0D5DB 1.2
-1.2 4.25 4.8 DBD8D0 1.2
-1.2 5.45 -4.8 FF6100 1.2
-1.2 5.45 4.8 FF5900 1.2
-1.2 6.65 -2.4 FF873C 1.2
-1.2 6.65 -3.6 FF8639 1.2
-1.2 6.65 3.6 FF924A 1.2
-1.2 6.65 2.4 FF8139 1.2
-1.2 6.65 -1.2 FF8A4A 1.2
-1.2 7.85 0 FF8236 1.2
-1.2 6.65 1.2 FF8642 1.2
0 0.65 -4.8 DEE7EF 1.2
0 0.65 -3.6 D3CBC2 1.2
0 0.65 -2.4 C6BAAD 1.2
0 0.65 -1.2 DEDFE7 1.2
0 0.65 0 D3D4CD 1.2
0 0.65 1.2 D6CFC6 1.2
0 0.65 2.4 E1E1E1 1.2
0 0.65 3.6 DEE3DE 1.2
0 0.65 4.8 D9D1C8 1.2
0 1.85 -4.8 D3CCC8 1.2
0 1.85 4.8 E1DFDE 1.2
0 3.05 -4.8 DEDBDE 1.2
0 3.05 4.8 DBDCD6 1.2
0 4.25 -4.8 CEDBE7 1.2
0 4.25 4.8 DBCEC0 1.2
0 5.45 -4.8 FF6500 1.2
0 5.45 4.8 FF5D00 1.2
0 6.65 -3.6 FF7B20 1.2
0 6.65 3.6 FF8E4A 1.2
0 6.65 2.4 FF853C 1.2
0 6.65 -1.2 FF6908 1.2
0 7.85 0 FF9D68 1.2
0 6.65 1.2 FF9D6A 1.2
1.2 0.65 -4.8 DEDBDE 1.2
1.2 0.65 -3.6 D8D7D9 1.2
1.2 0.65 -2.4 D6CBBD 1.2
1.2 0.65 -1.2 DBD7D6 1.2
1.2 0.65 0 CEC7BD 1.2
1.2 0.65 1.2 D6CFC6 1.2
1.2 0.65 2.4 DEE3E7 1.2
1.2 0.65 3.6 D6CFC8 1.2
1.2 0.65 4.8 DBDBD6 1.2
1.2 1.85 -4.8 D6D1D6 1.2
1.2 1.85 4.8 E7E7EF 1.2
1.2 3.05 -4.8 CECBC6 1.2
1.2 3.05 4.8 DEDFDE 1.2
1.2 4.25 -4.8 D6EFFF 1.2
1.2 4.25 4.8 D6CBBD 1.2
1.2 5.45 -4.8 FF5D00 1.2
1.2 5.45 4.8 FF6108 1.2
1.2 6.65 -2.4 FF7D29 1.2
1.2 6.65 -3.6 FF5D00 1.2
1.2 6.65 3.6 FF8744 1.2
1.2 6.65 2.4 FFBEA5 1.2
1.2 6.65 -1.2 FF751B 1.2
1.2 7.85 0 FF8139 1.2
1.2 6.65 1.2 FF7720 1.2
2.4 0.65 -4.8 D3CAC2 1.2
2.4 0.65 -3.6 DBD7D3 1.2
2.4 0.65 -2.4 DEDFE7 1.2
2.4 0.65 -1.2 CEC5BD 1.2
2.4 0.65 0 D3CFCB 1.2
2.4 0.65 1.2 DEE0E1 1.2
2.4 0.65 2.4 DEDFDE 1.2
2.4 0.65 3.6 DBD5D0 1.2
2.4 0.65 4.8 DEDCD6 1.2
2.4 1.85 -4.8 DEDBDE 1.2
2.4 1.85 4.8 E4E0E1 1.2
2.4 3.05 -4.8 D8D9E1 1.2
2.4 3.05 4.8 DEDFDE 1.2
2.4 4.25 -4.8 D6DAE6 1.2
2.4 4.25 4.8 D6DFE7 1.2
2.4 5.45 -4.8 FF5D00 1.2
2.4 5.45 3.6 F75900 1.2
2.4 6.65 -2.4 FF7920 1.2
2.4 6.65 -3.6 FF7518 1.2
2.4 6.65 3.6 FC8136 1.2
2.4 6.65 2.4 FF8A42 1.2
2.4 6.65 -1.2 FF7D21 1.2
2.4 7.85 0 FF7D34 1.2
2.4 6.65 1.2 FF7E34 1.2
3.6 0.65 -4.8 CDC6C2 1.2
3.6 0.65 -3.6 CBC6C0 1.2
3.6 0.65 -2.4 D8D5D1 1.2
3.6 0.65 -1.2 DEE3E7 1.2
3.6 0.65 0 D8D3D0 1.2
3.6 0.65 1.2 D6CFCE 1.2
3.6 0.65 2.4 DCD9D9 1.2
3.6 0.65 3.6 E7E7EF 1.2
3.6 0.65 4.8 CEC3B5 1.2
3.6 1.85 -4.8 D8D4D9 1.2
3.6 1.85 4.8 DEDCD9 1.2
3.6 3.05 -4.8 D3D1D3 1.2
3.6 3.05 4.8 D8D5D1 1.2
3.6 4.25 -4.8 CEE7F7 1.2
3.6 4.25 4.8 DBE1E1 1.2
3.6 5.45 -4.8 F76100 1.2
3.6 5.45 3.6 F46713 1.2
3.6 6.65 -2.4 F76100 1.2
3.6 6.65 -3.6 F98037 1.2
3.6 6.65 3.6 FF7D29 1.2
3.6 6.65 2.4 FF7C31 1.2
3.6 6.65 -1.2 FF6100 1.2
3.6 7.85 0 F76108 1.2
3.6 6.65 1.2 FFB68C 1.2
4.8 0.65 -4.8 DEDFE7 1.2
4.8 0.65 -3.6 C6BAAD 1.2
4.8 0.65 -2.4 DEDFE7 1.2
4.8 0.65 -1.2 D3CDC8 1.2
4.8 0.65 0 D6D1CD 1.2
4.8 0.65 1.2 D6D1CD 1.2
4.8 0.65 2.4 E7E7EF 1.2
4.8 0.65 3.6 DBD4D0 1.2
4.8 0.65 4.8 DED5D3 1.2
4.8 1.85 -4.8 CEC7C6 1.2
4.8 1.85 4.8 DEDCD9 1.2
4.8 3.05 -4.8 D8D4D3 1.2
4.8 3.05 4.8 D6CFC6 1.2
4.8 4.25 -4.8 D0CED0 1.2
4.8 4.25 4.8 DEEBEF 1.2
4.8 5.45 -4.8 F76100 1.2
4.8 5.45 3.6 F9721E 1.2
4.8 6.65 -2.4 FFBEA5 1.2
4.8 6.65 -3.6 F76100 1.2
4.8 6.65 3.6 F9721E 1.2
4.8 6.65 2.4 FF7C31 1.2
4.8 6.65 -1.2 FF6100 1.2
4.8 7.85 0 F76108 1.2
4.8 6.65 1.2 FF7D2E 1.2
6 0.65 -3.6 D0C8C3 1.2
6 0.65 -2.4 D3D0CB 1.2
6 0.65 -1.2 CEC5BD 1.2
6 0.65 0 DBD8DC 1.2
6 0.65 1.2 DEDBDE 1.2
6 0.65 2.4 E7E7EF 1.2
6 0.65 3.6 D6CFC6 1.2
6 0.65 -4.8 D0CBC5 1.2
6 0.65 4.8 ACABAA 1.2
6 1.85 -4.8 BDB6AD 1.2
6 1.85 3.6 D8D5D3 1.2
6 3.05 -3.6 D6CDCD 1.2
6 3.05 3.6 CEC3B2 1.2
6 4.25 -3.6 D6BDAC 1.2
6 4.25 3.6 DEEBEF 1.2
6 5.45 -3.6 F75900 1.2
6 5.45 3.6 EF5100 1.2
6 6.65 -2.4 FF7921 1.2
6 6.65 2.4 F75900 1.2
6 6.65 -1.2 FF7216 1.2
6 7.85 0 FC711B 1.2
6 6.65 1.2 FF7C31 1.2
7.2 0.65 -3.6 D0C8C5 1.2
7.2 0.65 -2.4 CDCACB 1.2
7.2 0.65 -1.2 D6CCCB 1.2
7.2 0.65 0 C8BEB2 1.2
7.2 0.65 1.2 D8D8D6 1.2
7.2 0.65 2.4 D1CAC5 1.2
7.2 0.65 3.6 D8D8DC 1.2
7.2 1.85 -3.6 D8D4D3 1.2
7.2 1.85 3.6 DED7D6 1.2
7.2 3.05 -3.6 D0CECD 1.2
7.2 3.05 3.6 D8D1CD 1.2
7.2 4.25 -3.6 D3DEE6 1.2
7.2 4.25 3.6 D6E7F7 1.2
7.2 5.45 -3.6 F75908 1.2
7.2 5.45 3.6 EF5100 1.2
7.2 6.65 -1.2 F9762C 1.2
7.2 6.65 -2.4 FF7518 1.2
7.2 6.65 1.2 F75D00 1.2
7.2 6.65 2.4 F97323 1.2
7.2 6.65 0 FFAA73 1.2
8.400001 0.65 -1.2 D0CCC8 1.2
8.400001 0.65 0 D6D1D3 1.2
8.400001 0.65 1.2 D3C9C5 1.2
8.400001 0.65 -2.4 ACACAC 1.2
8.400001 0.65 -3.6 EFE3D6 1.2
8.400001 0.65 2.4 CBCAC5 1.2
8.400001 0.65 3.6 F7EBD6 1.2
8.400001 1.85 -1.2 D3B7AA 1.2
8.400001 1.85 -3.6 D3CCCB 1.2
8.400001 1.85 -2.4 CEC6C0 1.2
8.400001 4.25 1.2 D6E7E7 1.2
8.400001 1.85 2.4 CBCAC5 1.2
8.400001 1.85 1.2 D3CCC5 1.2
8.400001 3.05 -1.2 D3B7AA 1.2
8.400001 3.05 -2.4 D6D2D3 1.2
8.400001 3.05 2.4 D3BBAC 1.2
8.400001 3.05 1.2 D6B7A2 1.2
8.400001 4.25 -3.6 E96C21 1.2
8.400001 5.45 -2.4 EF5100 1.2
8.400001 5.45 2.4 EF5100 1.2
8.400001 6.65 -1.2 F75900 1.2
8.400001 6.65 0 EF5900 1.2
8.400001 6.65 1.2 EF5500 1.2
9.6 4.25 -2.4 EF5908 1.2
9.6 4.25 -1.2 EF5908 1.2
9.6 4.25 0 E75900 1.2
9.6 4.25 1.2 EF4D00 1.2
8.400001 1.85 0 DCD9DB 1.2
8.400001 3.05 0 D1C7C0 1.2
9.6 4.25 2.4 EF5500 1.2
9.6 5.45 -1.2 F76D1B 1.2
9.6 5.45 -2.4 EF5100 1.2
9.6 5.45 1.2 F97D31 1.2
9.6 5.45 0 F46918 1.2
10.8 3.05 -1.2 EF5908 1.2
10.8 3.05 0 E95F08 1.2
10.8 4.25 -1.2 F7711D 1.2
10.8 4.25 1.2 F97328 1.2
10.8 4.25 0 F7711D 1.2
