-9 0.19 3.000001 AFAE70 1
-8 0.19 3.000001 AFAE70 1
-6 0.19 3.000001 AFAE70 1
-5 0.19 3.000001 B2B275 1
-2 0.19 3.000001 B5B273 1
-0.9999996 0.19 3 B2AF70 1
-10 1.19 3.000001 B5B27B 1
-9 1.19 3.000001 A7A768 1
-8 1.19 3.000001 A5A66B 1
-6 1.19 3.000001 AAAB70 1
-5 1.19 3.000001 ADAA6B 1
-4 1.19 3.000001 B5B273 1
-3 1.19 3.000001 A7A468 1
-2 1.19 3.000001 AAAA6D 1
-0.9999996 1.19 3 A5A263 1
1.000001 1.19 3 A5A66B 1
2.000001 1.19 3 AFAE75 1
3.000001 1.19 3 A7A86D 1
4.000001 1.19 3 AAAB70 1
5.000001 1.19 3 A1A76B 1
6.000001 1.19 2.999999 ADAE73 1
8.000002 1.19 2.999999 A1A268 1
9.000002 1.19 2.999999 A19F65 1
10 1.19 2.999999 A7A46D 1
-10 2.19 4.000001 B2AF70 1
-9 2.19 4.000001 A5A66B 1
-8 2.19 4.000001 ADAA6B 1
-6 2.19 4.000001 A5A26B 1
-5 2.19 4.000001 A5A66B 1
-4 2.19 4.000001 ADAE70 1
-3 2.19 4.000001 AFAB70 1
-2 2.19 4.000001 AAA768 1
-0.9999996 2.19 4 A7A365 1
1.000001 2.19 4 AAAA6D 1
2.000001 2.19 4 AAA86D 1
3.000001 2.19 4 B5B673 1
4.000001 2.19 4 AAAA70 1
5.000001 2.19 4 AFAC70 1
6.000001 2.19 3.999999 A5A26B 1
8.000002 2.19 3.999999 ADAA73 1
9.000002 2.19 3.999999 A19F68 1
10 2.19 3.999999 A7A36B 1
-11 3.19 3.000001 398608 1
-10 3.19 4.000001 297900 1
-9 3.19 4.000001 398208 1
-8 3.19 4.000001 298200 1
-7 3.19 4.000001 317D00 1
-6 3.19 4.000001 298200 1
-5 3.19 4.000001 398608 1
-4 3.19 4.000001 398610 1
-3 3.19 4.000001 297D00 1
-2 3.19 4.000001 317D08 1
-0.9999996 3.19 4 317908 1
4.768372E-07 3.19 4 318208 1
1.000001 3.19 4 297D00 1
2.000001 3.19 4 398608 1
3.000001 3.19 4 297D00 1
4.000001 3.19 4 318608 1
5.000001 3.19 4 297D00 1
6.000001 3.19 3.999999 297D00 1
7.000001 3.19 3.999999 398610 1
8.000002 3.19 3.999999 398208 1
9.000002 3.19 3.999999 398210 1
10 3.19 3.999999 398210 1
11 3.19 2.999999 398A10 1
-10 4.19 3.000001 AFB275 1
-9 4.19 4.000001 BDB77B 1
-8 4.19 4.000001 B5B27B 1
-7 4.19 4.000001 B7B475 1
-6 4.19 4.000001 B2B075 1
-5 4.19 4.000001 AFAE6D 1
-4 4.19 4.000001 B5AE73 1
-3 4.19 4.000001 B2B475 1
-2 4.19 4.000001 B5B673 1
-0.9999996 4.19 4 B2AE6D 1
4.768372E-07 4.19 4 B7B475 1
1.000001 4.19 4 B2AF70 1
2.000001 4.19 4 B2B678 1
3.000001 4.19 4 AFAE70 1
4.000001 4.19 4 AFAE70 1
5.000001 4.19 4 AAAB6B 1
6.000001 4.19 3.999999 B2B275 1
7.000001 4.19 3.999999 B5B273 1
8.000002 4.19 3.999999 B7B475 1
9.000002 4.19 3.999999 B2B373 1
10 4.19 2.999999 B5B273 1
-10 5.19 3.000001 AFAA6D 1
-9 5.19 3.000001 B5B273 1
-8 5.19 3.000001 ADAA6B 1
-7 5.19 3.000001 AFAE70 1
-6 5.19 3.000001 B5B273 1
-5 5.19 3.000001 AFAB6D 1
-4 5.19 3.000001 AFAC6D 1
-3 5.19 3.000001 B5AE73 1
-2 5.19 3.000001 B2B070 1
-0.9999996 5.19 3 B5B673 1
4.768372E-07 5.19 3 B5B673 1
1.000001 5.19 3 AFAE70 1
2.000001 5.19 3 B5B67B 1
3.000001 5.19 3 B2AC70 1
4.000001 5.19 3 B5B67B 1
5.000001 5.19 3 ADAA6B 1
6.000001 5.19 2.999999 B5BA7B 1
7.000001 5.19 2.999999 AFAE70 1
8.000002 5.19 2.999999 AFB075 1
9.000002 5.19 2.999999 AFB075 1
10 5.19 2.999999 B2B270 1
-7 2.19 4.000001 B5B273 1
4.768372E-07 2.19 4 A5A263 1
7.000001 2.19 3.999999 AFAA68 1
-11 2.19 3.000001 B2AE70 1
-7 2.19 3.000001 ADAA6B 1
4.768372E-07 2.19 3 ADAC6D 1
1.000001 0.19 3 AFAE70 1
2.000001 0.19 3 AAAA6D 1
5.000001 0.19 3 AAAA70 1
6.000001 0.19 2.999999 AAAA70 1
7.000001 2.19 2.999999 A5A66B 1
8.000002 0.19 2.999999 ADAE73 1
9.000002 0.19 2.999999 A7A268 1
11 2.19 2.999999 AFA870 1
-10 1.19 -0.999999 ACAB70 1
-9.000001 1.19 -0.999999 AFAE70 1
-8.000001 1.19 -0.999999 A5A263 1
-7 1.19 3.000001 B5B273 1
-6.000001 1.19 -0.999999 B2B073 1
-5 1.19 -0.9999995 B5B273 1
-4 1.19 -0.9999995 B5B273 1
-3 1.19 -0.9999995 AFAC70 1
4.768372E-07 1.19 3 ADAE73 1
-2 1.19 -0.9999998 B5B273 1
-1 1.19 -0.9999999 ADA663 1
1 1.19 -1 AAA870 1
2 1.19 -1 AFAF73 1
4 1.19 -1 A5AA6B 1
7.000001 1.19 2.999999 A7A66D 1
5 1.19 -1 AAAA70 1
6.000001 1.19 -1.000001 AAAA6D 1
8.000001 1.19 -1.000001 A59E63 1
9.000001 1.19 -1.000001 AAA468 1
10 1.19 -1.000001 AAA770 1
-10 2.19 3.000001 AFAF75 1
-10 2.19 9.536743E-07 B5B273 1
-9.000001 2.19 9.536743E-07 B2B06D 1
-8.000001 2.19 9.536743E-07 B2B275 1
-6.000001 2.19 9.536743E-07 B2B475 1
-3 2.19 3.000001 AFB070 1
-5 2.19 4.768372E-07 B2B070 1
-4 2.19 4.768372E-07 AFAB6D 1
-3 2.19 4.768372E-07 AAAA6D 1
-4 2.19 3.000001 AFB070 1
-2 2.19 2.384186E-07 A5A263 1
-1 2.19 1.192093E-07 B5AE6B 1
1 2.19 -1.192093E-07 ADAA6B 1
4.000001 2.19 3 ADAE73 1
2 2.19 -2.384186E-07 AFAF73 1
3 2.19 -4.768372E-07 B5B27B 1
4 2.19 -4.768372E-07 AFAF75 1
3.000001 2.19 3 A7A768 1
5 2.19 -4.768372E-07 ACA86A 1
6.000001 2.19 -9.536743E-07 AFAE70 1
8.000001 2.19 -9.536743E-07 AAA468 1
9.000001 2.19 -9.536743E-07 AFAA6D 1
10 2.19 -9.536743E-07 AAAB70 1
10 2.19 2.999999 ADAA73 1
-10 3.19 3.000001 A5A26B 1
10 3.19 2.999999 ADAA73 1
-11 2.19 2.000001 ADAA6B 1
-10 1.19 2.000001 B2B275 1
-9.000001 0.19 2.000001 B5BA7B 1
-8.000001 0.19 2.000001 B2B270 1
-7.000001 2.19 2.000001 AFAC6D 1
-6.000001 0.19 2.000001 B2AF70 1
-5 0.19 2.000001 B2AE70 1
-4 1.19 2.000001 AFAE70 1
-3 1.19 2.000001 B5B273 1
-2 0.19 2 B5BA7B 1
-0.9999999 0.19 2 B5B273 1
2.384186E-07 2.19 2 B5B67B 1
1 0.19 2 ADAA6B 1
2 0.19 2 B2AF70 1
3.000001 1.19 2 AAAA6D 1
4.000001 1.19 2 AFAE75 1
5.000001 0.19 2 AAAB70 1
6.000001 0.19 1.999999 AAAB70 1
7.000001 2.19 1.999999 AAAA6D 1
8.000001 0.19 1.999999 AAA66D 1
9.000001 0.19 1.999999 A49F65 1
10 1.19 1.999999 B5B273 1
11 2.19 1.999999 B5B075 1
-10 0.19 2.000001 B2B275 1
-9.000001 0.19 -0.999999 AFAE70 1
-8.000001 0.19 -0.999999 AFAE6D 1
-6.000001 0.19 -0.999999 B5BA7B 1
-3 0.19 2.000001 B2B275 1
-5 0.19 -0.9999995 B2B270 1
-4 0.19 2.000001 B5B273 1
-2 0.19 -0.9999998 AFA865 1
-1 0.19 -0.9999999 AFAC6D 1
-6.000001 1.19 2.000001 B5B67B 1
-7.000001 1.19 2.000001 AFAC6D 1
2.384186E-07 1.19 2 AFAE70 1
7.000001 1.19 1.999999 AFAE6D 1
6.000001 1.19 1.999999 AFAC70 1
-10 2.19 2.000001 AAAA70 1
-3 2.19 2.000001 AFAB6D 1
-4 2.19 2.000001 AAAA6D 1
4.000001 2.19 2 B5B27B 1
3.000001 2.19 2 AFAB6D 1
10 2.19 1.999999 A5A26B 1
-11 3.19 2.000001 398610 1
-10 3.19 2.000001 AFAA70 1
10 3.19 1.999999 AAA670 1
11 3.19 1.999999 3C830D 1
-11 4.19 2.000001 B5B673 1
11 4.19 1.999999 BAB678 1
-10 5.19 2.000001 B2AE6D 1
10 5.19 1.999999 B2B070 1
-9.000001 5.19 2.000001 6D813E 1
-8.000001 5.19 2.000001 7E794F 1
-7.000001 5.19 2.000001 9C9F62 1
-6.000001 5.19 2.000001 91905D 1
-5 5.19 2.000001 428E10 1
-4 5.19 2.000001 4D8E21 1
-3 5.19 2.000001 5A9326 1
-2 5.19 2 5A9323 1
-0.9999999 5.19 2 398A10 1
2.384186E-07 5.19 2 AFB070 1
1 5.19 2 B7B77B 1
2 5.19 2 B5B67B 1
3.000001 5.19 2 B5BA7B 1
4.000001 5.19 2 B2B475 1
5.000001 5.19 2 B2B073 1
6.000001 5.19 1.999999 B7B77B 1
7.000001 5.19 1.999999 B2B475 1
8.000001 5.19 1.999999 B5B67B 1
9.000001 5.19 1.999999 B5B67B 1
-11 2.19 1.000001 ADAA6B 1
-10 1.19 1.000001 AFAC6D 1
-9.000001 0.19 1.000001 B2B070 1
-8.000001 0.19 1.000001 AFB075 1
-7.000001 2.19 1.000001 A59E5A 1
-6.000001 0.19 1.000001 B2B275 1
-5 0.19 1 B2B275 1
-4 1.19 1 AFAE70 1
-3 1.19 1.000001 AFAC6D 1
-2 0.19 1 B5AE73 1
-1 0.19 1 B5B273 1
1.192093E-07 2.19 1 A7A668 1
1 0.19 0.9999999 B5B67B 1
2 0.19 0.9999998 A5A66B 1
3 1.19 0.9999995 AAAB70 1
4 1.19 0.9999995 B5B27B 1
5 0.19 0.9999995 ADAE73 1
6.000001 0.19 0.999999 AFAC75 1
7.000001 2.19 0.999999 A7A86D 1
8.000001 0.19 0.999999 A7A46D 1
9.000001 0.19 0.999999 AFAC70 1
10 1.19 0.999999 A5A26B 1
11 2.19 0.999999 B2B47E 1
-6.000001 1.19 1.000001 AFAA70 1
-7.000001 1.19 1.000001 AFAC6D 1
1.192093E-07 1.19 1 AAAE75 1
7.000001 1.19 0.999999 A7A468 1
6.000001 1.19 0.999999 AAAB70 1
-10 2.19 1.000001 A5A263 1
-3 2.19 1.000001 ADAE73 1
-4 2.19 1 A5A26B 1
4 2.19 0.9999995 AAAF75 1
3 2.19 0.9999995 A7AC70 1
10 2.19 0.999999 AAAA73 1
-11 3.19 1.000001 318208 1
-10 3.19 1.000001 B5B273 1
10 3.19 0.999999 ADAA73 1
11 3.19 0.999999 3C8A10 1
-11 4.19 1.000001 AFAE70 1
11 4.19 0.999999 AFAE70 1
-10 5.19 1.000001 B5B67B 1
10 5.19 0.999999 B7B475 1
-9.000001 5.19 1.000001 418712 1
-8.000001 5.19 1.000001 868952 1
-7.000001 5.19 1.000001 7B904C 1
-6.000001 5.19 1.000001 3C8A0D 1
-5 5.19 1 7BA24A 1
-4 5.19 1 739B36 1
-3 5.19 1.000001 4F8F1B 1
-2 5.19 1 428A10 1
-1 5.19 1 428A10 1
1.192093E-07 5.19 1 AFAE70 1
1 5.19 0.9999999 AFB073 1
2 5.19 0.9999998 B2B475 1
3 5.19 0.9999995 BDBE84 1
4 5.19 0.9999995 B7B678 1
5 5.19 0.9999995 BABA7E 1
6.000001 5.19 0.999999 B2B375 1
7.000001 5.19 0.999999 BDBA7B 1
8.000001 5.19 0.999999 B7B778 1
9.000001 5.19 0.999999 B2AF70 1
-11 2.19 9.536743E-07 A5A26B 1
-7.000001 2.19 9.536743E-07 AFAC6D 1
0 2.19 0 AFAC6D 1
7.000001 2.19 -9.536743E-07 AAAE70 1
11 2.19 -9.536743E-07 AFAE75 1
-9.000001 1.19 1.000001 AAA76D 1
-8.000001 1.19 1.000001 AAA768 1
-5 1.19 1 AFAE70 1
-2 1.19 1 ACAA6D 1
-1 1.19 1 AFAC6D 1
1 1.19 0.9999999 AFAC75 1
2 1.19 0.9999998 AAAA70 1
5 1.19 0.9999995 AAAE73 1
8.000001 1.19 0.999999 ADAA6B 1
9.000001 1.19 0.999999 AAA76D 1
-11 3.19 9.536743E-07 398608 1
-10 3.19 9.536743E-07 B5AE73 1
10 3.19 -9.536743E-07 AAA66D 1
11 3.19 -9.536743E-07 3F8B10 1
-11 4.19 9.536743E-07 ADA66B 1
11 4.19 -9.536743E-07 B2AC70 1
-10 5.19 9.536743E-07 ADAA6B 1
10 5.19 -9.536743E-07 B2B275 1
-9.000001 5.19 9.536743E-07 AAAA65 1
-8.000001 5.19 9.536743E-07 B5AE73 1
-7.000001 5.19 9.536743E-07 A2AB65 1
-6.000001 5.19 9.536743E-07 AAAE6D 1
-5 5.19 4.768372E-07 C6B684 1
-4 5.19 4.768372E-07 A5AB65 1
-3 5.19 4.768372E-07 AAAE6D 1
-2 5.19 2.384186E-07 AAAB65 1
-1 5.19 1.192093E-07 BDB67B 1
0 5.19 0 B5B67B 1
1 5.19 -1.192093E-07 B5B478 1
2 5.19 -2.384186E-07 B2B275 1
3 5.19 -4.768372E-07 AFAE75 1
4 5.19 -4.768372E-07 BABA7E 1
5 5.19 -4.768372E-07 AFB375 1
6.000001 5.19 -9.536743E-07 B2B678 1
7.000001 5.19 -9.536743E-07 B2AF70 1
8.000001 5.19 -9.536743E-07 B2B375 1
9.000001 5.19 -9.536743E-07 ADAA6B 1
-11 2.19 -0.999999 AAAA6D 1
-7.000001 2.19 -0.999999 AAAB70 1
-1.192093E-07 2.19 -1 AFAE6D 1
1 0.19 -1 AFAE70 1
2 0.19 -1 AFAE70 1
3 1.19 -1.000001 AFB075 1
5 0.19 -1 B5B273 1
6.000001 0.19 -1.000001 AAAB70 1
7.000001 2.19 -1.000001 A59A63 1
8.000001 0.19 -1.000001 ADAA6B 1
9.000001 0.19 -1.000001 ACA76A 1
11 2.19 -1.000001 B5B27B 1
-7.000001 1.19 -0.999999 AFAE6D 1
-1.192093E-07 1.19 -1 AFAE70 1
7.000001 1.19 -1.000001 AFAB70 1
-10 2.19 -0.999999 ADA66B 1
-3 2.19 -0.9999995 B2AF70 1
-4 2.19 -0.9999995 AFAC6D 1
4 2.19 -1 AFAE70 1
3 2.19 -1.000001 AAAE75 1
10 2.19 -1.000001 B5B27B 1
-11 3.19 -0.999999 398208 1
-10 3.19 -0.999999 B2AB70 1
10 3.19 -1.000001 AFB078 1
11 3.19 -1.000001 398210 1
-11 4.19 -0.999999 AFAC6D 1
11 4.19 -1.000001 AFAA70 1
-10 5.19 -0.999999 ADA263 1
10 5.19 -1.000001 ADAA6B 1
-9.000001 5.19 -0.999999 8C9E52 1
-8.000001 5.19 -0.999999 94A652 1
-7.000001 5.19 -0.999999 8CA652 1
-6.000001 5.19 -0.999999 94A652 1
-5 5.19 -0.9999995 8CA252 1
-4 5.19 -0.9999995 8CA252 1
-3 5.19 -0.9999995 94A652 1
-2 5.19 -0.9999998 8CA252 1
-1 5.19 -0.9999999 819C47 1
-1.192093E-07 5.19 -1 869F4A 1
1 5.19 -1 869F4A 1
2 5.19 -1 8CA652 1
3 5.19 -1.000001 8CA652 1
4 5.19 -1 8CAA5A 1
5 5.19 -1 94AA5A 1
6.000001 5.19 -1.000001 86A04F 1
7.000001 5.19 -1.000001 83A04A 1
8.000001 5.19 -1.000001 83A047 1
9.000001 5.19 -1.000001 94AA5A 1
-11 2.19 -1.999999 AFAA70 1
-10 1.19 -1.999999 AFAA6D 1
-9.000001 0.19 -1.999999 B2AE6D 1
-8.000001 0.19 -1.999999 AFAA68 1
-7.000001 2.19 -1.999999 AFAB6D 1
-6.000001 0.19 -1.999999 B5B273 1
-5.000001 0.19 -2 AAA768 1
-4.000001 1.19 -2 ADAA6B 1
-3.000001 1.19 -2 AAA668 1
-2 0.19 -2 B5B273 1
-1 0.19 -2 ADAA6B 1
-2.384186E-07 2.19 -2 B5B273 1
0.9999999 0.19 -2 B2AF70 1
2 0.19 -2 B5B273 1
3 1.19 -2.000001 AFAC6D 1
4 1.19 -2.000001 AFAF73 1
5 0.19 -2.000001 B5B273 1
6.000001 0.19 -2.000001 AFAC70 1
7.000001 2.19 -2.000001 AFB075 1
8.000001 0.19 -2.000001 AAA668 1
9.000001 0.19 -2.000001 ADAA6B 1
10 1.19 -2.000001 B5B273 1
11 2.19 -2.000001 B5B27B 1
-10 0.19 -1.999999 B5B673 1
-3.000001 0.19 -2 AFAA6D 1
-4.000001 0.19 -2 ADAA6B 1
-6.000001 1.19 -1.999999 B5B273 1
-7.000001 1.19 -1.999999 B5B273 1
-2.384186E-07 1.19 -2 B5B67B 1
7.000001 1.19 -2.000001 A7AB6D 1
6.000001 1.19 -2.000001 AAA768 1
-10 2.19 -1.999999 AFAC75 1
-3.000001 2.19 -2 AAA768 1
-4.000001 2.19 -2 AAA868 1
4 2.19 -2.000001 B5B273 1
3 2.19 -2.000001 ADAA6B 1
10 2.19 -2.000001 ADAA73 1
-11 3.19 -1.999999 398210 1
-10 3.19 -1.999999 B5B27B 1
10 3.19 -2.000001 AFAE78 1
11 3.19 -2.000001 428A10 1
-11 4.19 -1.999999 B5B273 1
11 4.19 -2.000001 B5B273 1
-10 5.19 -1.999999 AFAE70 1
10 5.19 -2.000001 AFAC70 1
-9.000001 5.19 -1.999999 428610 1
-8.000001 5.19 -1.999999 428A10 1
-7.000001 5.19 -1.999999 428A10 1
-6.000001 5.19 -1.999999 428A10 1
-5.000001 5.19 -2 428A10 1
-4.000001 5.19 -2 428610 1
-3.000001 5.19 -2 428610 1
-2 5.19 -2 428610 1
-1 5.19 -2 ADA663 1
-2.384186E-07 5.19 -2 B5AA73 1
0.9999999 5.19 -2 BDB273 1
2 5.19 -2 428E10 1
3 5.19 -2.000001 428A18 1
4 5.19 -2.000001 428A10 1
5 5.19 -2.000001 899F4F 1
6.000001 5.19 -2.000001 BDB684 1
7.000001 5.19 -2.000001 ADAE73 1
8.000001 5.19 -2.000001 BDB27B 1
9.000001 5.19 -2.000001 428A10 1
-11 2.19 -2.999999 AAAA70 1
-10 1.19 -2.999999 AFAA6D 1
-9.000002 0.19 -2.999999 AAA768 1
-8.000002 0.19 -2.999999 AFAF6D 1
-7.000001 2.19 -2.999999 AFAC70 1
-6.000001 0.19 -2.999999 AFAF73 1
-5.000001 0.19 -3 B5B273 1
-4.000001 1.19 -3 B5B273 1
-3.000001 1.19 -3 AAA262 1
-2.000001 0.19 -3 ADAA6B 1
-1.000001 0.19 -3 ADA663 1
-4.768372E-07 2.19 -3 AFAA6D 1
0.9999996 0.19 -3 B5B273 1
2 0.19 -3.000001 B2B075 1
3 1.19 -3.000001 B5B673 1
4 1.19 -3.000001 AFAF78 1
5 0.19 -3.000001 B5B273 1
6 0.19 -3.000001 AAAB70 1
7 2.19 -3.000001 B2B275 1
8 0.19 -3.000001 B5B273 1
9 0.19 -3.000001 AFAB6D 1
10 1.19 -3.000001 AFB075 1
11 2.19 -3.000001 B2B27E 1
-6.000001 1.19 -2.999999 AFAC6D 1
-7.000001 1.19 -2.999999 AAA768 1
-4.768372E-07 1.19 -3 AAAB70 1
7 1.19 -3.000001 ACAC70 1
6 1.19 -3.000001 AFAE70 1
-10 2.19 -2.999999 AFAA70 1
-3.000001 2.19 -3 B5B273 1
-4.000001 2.19 -3 B2B075 1
4 2.19 -3.000001 AFB275 1
3 2.19 -3.000001 AFAF75 1
10 2.19 -3.000001 AAAA75 1
-11 3.19 -2.999999 398210 1
-10 3.19 -2.999999 AAA66D 1
10 3.19 -3.000001 A7A670 1
11 3.19 -3.000001 3C810A 1
-10 4.19 -2.999999 BDBE7B 1
10 4.19 -3.000001 B2B06D 1
-10 5.19 -2.999999 AFB073 1
10 5.19 -3.000001 ADAA6B 1
-9.000002 5.19 -2.999999 B2B075 1
-8.000002 5.19 -2.999999 BDBA73 1
-7.000001 5.19 -2.999999 B2AF70 1
-6.000001 5.19 -2.999999 B2AF70 1
-5.000001 5.19 -3 AFAC70 1
-4.000001 5.19 -3 AAA768 1
-3.000001 5.19 -3 B2AF70 1
-2.000001 5.19 -3 AFAA6A 1
-1.000001 5.19 -3 B7B373 1
-4.768372E-07 5.19 -3 AAA768 1
0.9999996 5.19 -3 ADAA6B 1
2 5.19 -3.000001 AFAE73 1
3 5.19 -3.000001 AFB273 1
4 5.19 -3.000001 B2B073 1
5 5.19 -3.000001 B5B67B 1
6 5.19 -3.000001 B5B67B 1
7 5.19 -3.000001 B5BA84 1
8 5.19 -3.000001 B5B479 1
9 5.19 -3.000001 B2B075 1
-10 2.19 -3.999999 B2AB70 1
-9.000002 2.19 -3.999999 A5A263 1
-8.000002 2.19 -3.999999 ADAA6B 1
-7.000001 2.19 -3.999999 AFAC6D 1
-6.000001 2.19 -3.999999 AAAA68 1
-5.000001 2.19 -4 ADA66B 1
-4.000001 2.19 -4 AFAE70 1
-3.000001 2.19 -4 AFAA6D 1
-2.000001 2.19 -4 ADAE73 1
-1.000001 2.19 -4 AFA868 1
-4.768372E-07 2.19 -4 AAA86D 1
0.9999996 2.19 -4 AAA668 1
2 2.19 -4.000001 ADA66B 1
3 2.19 -4.000001 B2AC6D 1
4 2.19 -4.000001 B5B273 1
5 2.19 -4.000001 B5B273 1
6 2.19 -4.000001 AAAA6D 1
7 2.19 -4.000001 AAAA70 1
8 2.19 -4.000001 A5A66B 1
9 2.19 -4.000001 AAA870 1
10 2.19 -4.000001 B2AF78 1
-9.000002 1.19 -2.999999 B5B273 1
-8.000002 1.19 -2.999999 B5AE73 1
-5.000001 1.19 -3 B2AE6D 1
-2.000001 1.19 -3 AFAA6D 1
-1.000001 1.19 -3 AAA768 1
0.9999996 1.19 -3 AFAC6D 1
2 1.19 -3.000001 AFAA6D 1
5 1.19 -3.000001 AFAE73 1
8 1.19 -3.000001 AAA86D 1
9 1.19 -3.000001 BDC38C 1
-10 3.19 -3.999999 3C830D 1
-9.000002 3.19 -3.999999 AFAF73 1
-8.000002 3.19 -3.999999 AFAC6D 1
-7.000001 3.19 -3.999999 A5A26B 1
-6.000001 3.19 -3.999999 AAA768 1
-5.000001 3.19 -4 A5A263 1
-4.000001 3.19 -4 A5A66B 1
-3.000001 3.19 -4 AFAA6D 1
-2.000001 3.19 -4 AFAE6D 1
-1.000001 3.19 -4 ADAE73 1
-4.768372E-07 3.19 -4 AFA86B 1
0.9999996 3.19 -4 ADA66B 1
2 3.19 -4.000001 AFAA6D 1
3 3.19 -4.000001 B5B273 1
4 3.19 -4.000001 ADAA6B 1
5 3.19 -4.000001 B5B67B 1
6 3.19 -4.000001 B2AE75 1
7 3.19 -4.000001 B5B273 1
8 3.19 -4.000001 AFA86D 1
9 3.19 -4.000001 AFB075 1
10 3.19 -4.000001 3C8110 1
-9.000002 4.19 -3.999999 94925A 1
-8.000002 4.19 -3.999999 A1A665 1
-7.000001 4.19 -3.999999 B5AE73 1
-6.000001 4.19 -3.999999 B5AE73 1
-5.000001 4.19 -4 ACA76A 1
-4.000001 4.19 -4 AAA868 1
-3.000001 4.19 -4 AFA765 1
-2.000001 4.19 -4 AFAC6D 1
-1.000001 4.19 -4 ADAA6B 1
-4.768372E-07 4.19 -4 AFAE70 1
0.9999996 4.19 -4 A7A668 1
2 4.19 -4.000001 B5B273 1
3 4.19 -4.000001 AFAF75 1
4 4.19 -4.000001 A5A66B 1
5 4.19 -4.000001 ACAB6D 1
6 4.19 -4.000001 B5B27B 1
7 4.19 -4.000001 B5AE73 1
8 4.19 -4.000001 B5AE73 1
9 4.19 -4.000001 BDB27B 1
