-2.85 0.42 0 57711D 1.2
-8.85 1.62 9.536743E-07 314D00 1.2
-7.650001 1.62 1.200001 415726 1.2
-6.45 1.62 1.200001 36530D 1.2
-5.25 1.62 1.2 395518 1.2
-4.05 1.62 1.2 395910 1.2
-2.85 1.62 1.2 33510D 1.2
-1.65 1.62 1.2 36550D 1.2
-0.4499993 1.62 1.2 365608 1.2
0.750001 1.62 1.2 395510 1.2
1.950001 1.62 1.2 446112 1.2
3.150001 1.62 1.199999 527121 1.2
4.350001 1.62 1.199999 4C6512 1.2
5.550002 1.62 1.199999 476515 1.2
6.750001 1.62 1.199999 294500 1.2
7.950001 1.62 1.199999 476310 1.2
9.150002 1.62 1.199998 39570D 1.2
-10.05 2.82 9.536743E-07 314812 1.2
-8.85 2.82 1.200001 213808 1.2
-7.650001 2.82 1.200001 233D08 1.2
-6.45 2.82 1.200001 263F0A 1.2
-5.25 2.82 1.2 36520D 1.2
-4.05 2.82 1.2 33510D 1.2
-2.85 2.82 1.2 314D08 1.2
-1.65 2.82 1.2 33520A 1.2
-0.4499993 2.82 1.2 395510 1.2
0.750001 2.82 1.2 395910 1.2
1.950001 2.82 1.2 395510 1.2
3.150001 2.82 1.199999 415F15 1.2
4.350001 2.82 1.199999 4A6518 1.2
5.550002 2.82 1.199999 3F5715 1.2
6.750001 2.82 1.199999 33510D 1.2
7.950001 2.82 1.199999 395518 1.2
9.150002 2.82 1.199998 425D18 1.2
-4.05 0.42 1.2 4C691E 1.2
-2.85 0.42 1.2 3E5B0D 1.2
-1.65 0.42 1.2 47651B 1.2
-6.45 4.02 1.200001 294908 1.2
-5.25 4.02 1.2 334D0A 1.2
-7.650001 1.62 4.768372E-07 4C6320 1.2
-6.450001 0.42 4.768372E-07 57711D 1.2
-5.25 0.42 2.384186E-07 657F2E 1.2
-4.05 0.42 1.192093E-07 5D751D 1.2
-1.65 0.42 -1.192093E-07 637931 1.2
-0.4499996 0.42 -2.384186E-07 6B7D39 1.2
0.7500007 0.42 -4.768372E-07 6B7D29 1.2
1.950001 0.42 -4.768372E-07 5A6D18 1.2
3.150001 0.42 -9.536743E-07 5A7121 1.2
4.350001 0.42 -9.536743E-07 637921 1.2
5.550002 0.42 -9.536743E-07 6A7F31 1.2
6.750001 0.42 -9.536743E-07 607523 1.2
7.950001 0.42 -9.536743E-07 586F1E 1.2
9.150002 1.62 -1.907349E-06 476110 1.2
10.35 1.62 -1.907349E-06 4D690D 1.2
10.35 2.82 -1.907349E-06 446318 1.2
-5.25 4.02 2.384186E-07 314D00 1.2
-8.85 4.02 9.536743E-07 395508 1.2
-7.650001 4.02 4.768372E-07 425D10 1.2
-6.450001 4.02 4.768372E-07 294900 1.2
-4.05 4.02 1.192093E-07 476115 1.2
-2.85 4.02 0 5A7126 1.2
-1.65 4.02 -1.192093E-07 425D10 1.2
-0.4499996 4.02 -2.384186E-07 4A6318 1.2
0.7500007 4.02 -4.768372E-07 4F6A1B 1.2
1.950001 4.02 -4.768372E-07 446315 1.2
3.150001 4.02 -9.536743E-07 496218 1.2
4.350001 4.02 -9.536743E-07 476515 1.2
5.550002 4.02 -9.536743E-07 4C661B 1.2
6.750001 4.02 -9.536743E-07 3C5718 1.2
7.950001 4.02 -9.536743E-07 334E15 1.2
9.150002 4.02 -1.907349E-06 314518 1.2
-7.650001 1.62 -1.2 4A6112 1.2
-6.450001 1.62 -1.2 52651D 1.2
-5.25 1.62 -1.2 546F20 1.2
-4.05 0.42 -1.2 627720 1.2
-2.85 0.42 -1.2 7B8A29 1.2
-1.65 0.42 -1.2 627D26 1.2
-0.4499998 1.62 -1.2 5D721B 1.2
0.7500005 1.62 -1.200001 637521 1.2
1.950001 1.62 -1.200001 6B8229 1.2
3.150001 1.62 -1.200001 6B7D21 1.2
4.350001 1.62 -1.200001 5D731E 1.2
5.550002 1.62 -1.200001 6B8229 1.2
6.750001 1.62 -1.200001 5A7518 1.2
7.950001 1.62 -1.200001 5D721D 1.2
9.150002 1.62 -1.200002 475E15 1.2
-7.650001 2.82 -1.2 546B0D 1.2
-8.85 2.82 -1.199999 476210 1.2
4.350001 2.82 -1.200001 5D751D 1.2
3.150001 2.82 -1.200001 5D721D 1.2
5.550002 2.82 -1.200001 5A7218 1.2
6.750001 2.82 -1.200001 526912 1.2
7.950001 2.82 -1.200001 425510 1.2
9.150002 2.82 -1.200002 2E4602 1.2
-6.450001 4.02 -1.2 4F6618 1.2
-5.25 4.02 -1.2 5A7521 1.2
-4.05 2.82 -1.2 5A7118 1.2
-2.85 2.82 -1.2 526910 1.2
-1.65 2.82 -1.2 5A6D18 1.2
-0.4499998 2.82 -1.2 5F761D 1.2
0.7500005 2.82 -1.200001 5F7623 1.2
1.950001 2.82 -1.200001 5A6D29 1.2
-4.05 1.62 -1.2 60751E 1.2
-2.85 1.62 -1.2 657920 1.2
-1.65 1.62 -1.2 627818 1.2
-6.450001 2.82 -1.2 5D7210 1.2
-5.25 2.82 -1.2 586F18 1.2
