0 0.25 0 BD7D39 1
-5 1.25 1 BD7D31 1
-4 1.25 1 AD6718 1
-3 1.25 2.000001 BD7531 1
-2 1.25 2 BA7128 1
-0.9999999 1.25 2 BD7931 1
2.384186E-07 1.25 2 BD8239 1
1 1.25 2 B26016 1
2 1.25 2 B76A15 1
3.000001 1.25 2 BD7121 1
-9.000001 2.25 9.536743E-07 B56B18 1
-8.000001 2.25 1.000001 A75D15 1
-7.000001 2.25 1.000001 B56F26 1
-6.000001 2.25 2.000001 B26D26 1
-5 2.25 2.000001 BA7531 1
-4 2.25 3.000001 B56E28 1
-3 2.25 3.000001 BA762E 1
-2 2.25 3.000001 B76A1D 1
-0.9999996 2.25 3 BA7931 1
4.768372E-07 2.25 3 C38339 1
1.000001 2.25 3 BD7A2E 1
2.000001 2.25 3 AD5D08 1
3.000001 2.25 2 B56510 1
4 2.25 0.9999995 B57121 1
-10 3.25 9.536743E-07 B56D21 1
-9.000001 3.25 1.000001 B56F23 1
-8.000001 3.25 1.000001 B57529 1
-7.000001 3.25 2.000001 B57129 1
-6.000001 3.25 2.000001 BA722B 1
-5 3.25 3.000001 BD751D 1
-4 3.25 3.000001 BD7118 1
-3 3.25 3.000001 AF671D 1
-2 3.25 3.000001 BA752B 1
-0.9999996 3.25 3 BA722B 1
4.768372E-07 3.25 3 BA752B 1
1.000001 3.25 3 BD7529 1
2.000001 3.25 3 BA7226 1
3.000001 3.25 3 BA752B 1
4.000001 3.25 2 BD762B 1
-9.000001 4.25 1.000001 BA7226 1
-8.000001 4.25 1.000001 AA661B 1
-7.000001 4.25 2.000001 B2691B 1
-6.000001 4.25 2.000001 BA7226 1
-5 4.25 2.000001 BD7529 1
-4 4.25 3.000001 BD7120 1
-3 4.25 3.000001 BD7531 1
-2 4.25 3.000001 BD7628 1
-0.9999996 4.25 3 AF691D 1
4.768372E-07 4.25 3 B56E28 1
1.000001 4.25 3 BD7A31 1
2.000001 4.25 3 BA762B 1
3.000001 4.25 2 C07931 1
4 4.25 0.9999995 C37D33 1
-7.000001 5.25 9.536743E-07 9C5508 1
-6.000001 5.25 1.000001 AF621B 1
-5 5.25 2.000001 BD7623 1
-4 5.25 2.000001 BD7326 1
-3 5.25 2.000001 BD7D31 1
-2 5.25 2 BD7929 1
-0.9999996 5.25 3 BA7620 1
4.768372E-07 5.25 3 BD711E 1
1.000001 5.25 3 C07420 1
2 5.25 2 BD6D10 1
3.000001 5.25 2 C08036 1
4 5.25 -4.768372E-07 C07C31 1
-1 6.25 1 C38034 1
2.384186E-07 6.25 2 BA7B41 1
1 6.25 0.9999999 BD7521 1
2 6.25 0.9999998 C38139 1
3 6.25 -4.768372E-07 BD792E 1
-4 1.25 2.000001 B5732B 1
4.000001 4.25 2 BD7529 1
-0.9999999 5.25 2 BA7523 1
1 6.25 2 C37D37 1
-6.000001 1.25 1.000001 B56D1B 1
-3 1.25 1.000001 A15A0D 1
-2 1.25 1 B56508 1
-1 0.25 1 BD7A2E 1
1.192093E-07 0.25 1 B77528 1
1 0.25 0.9999999 BA7520 1
2 0.25 0.9999998 B56D18 1
3 1.25 0.9999995 B26918 1
4 3.25 0.9999995 BD762B 1
-7.000001 5.25 1.000001 A55518 1
4 5.25 0.9999995 C68642 1
-5 5.25 1 BD6D10 1
-4 5.25 1 A44E12 1
-3 6.25 1.000001 BD792E 1
-2 6.25 1 C68642 1
3 6.25 0.9999995 BD7D29 1
1.192093E-07 6.25 1 B76F23 1
-8.000001 2.25 9.536743E-07 B56921 1
-7.000001 1.25 9.536743E-07 B26A23 1
-6.000001 1.25 9.536743E-07 AA5E0B 1
-5 1.25 4.768372E-07 B57531 1
-4 1.25 4.768372E-07 BD7A31 1
-3 1.25 4.768372E-07 C07D31 1
-2 0.25 2.384186E-07 C68639 1
-1 0.25 1.192093E-07 C3833C 1
1 0.25 -1.192093E-07 B76F1D 1
2 0.25 -2.384186E-07 B56D21 1
3 0.25 -4.768372E-07 B5691D 1
4 1.25 -4.768372E-07 B56D23 1
4 2.25 -4.768372E-07 AA5F23 1
5 3.25 -4.768372E-07 BD7326 1
-10 4.25 9.536743E-07 9C5A0D 1
5 4.25 -4.768372E-07 C0792E 1
-9.000001 4.25 9.536743E-07 843C08 1
-8.000001 5.25 9.536743E-07 AD6D21 1
-2 6.25 2.384186E-07 C68642 1
-6.000001 5.25 9.536743E-07 B26A20 1
-5 6.25 4.768372E-07 AD5D08 1
-4 6.25 4.768372E-07 B56F20 1
-3 6.25 4.768372E-07 BD7D39 1
-1 6.25 1.192093E-07 C68339 1
0 6.25 0 C07D28 1
1 6.25 -1.192093E-07 C3843F 1
2 6.25 -2.384186E-07 C68A4A 1
-10 3.25 -0.999999 B56D21 1
-9.000001 2.25 -0.999999 B57531 1
-8.000001 2.25 -0.999999 BA762B 1
-7.000001 1.25 -0.999999 AA5D20 1
-6.000001 1.25 -0.999999 BD7921 1
-5 1.25 -0.9999995 AD5915 1
-4 1.25 -0.9999995 BA762B 1
-3 1.25 -0.9999995 C3833C 1
-2 1.25 -0.9999998 BA7626 1
-1 0.25 -0.9999999 B56518 1
-1.192093E-07 0.25 -1 C37F34 1
1 0.25 -1 BD7531 1
2 0.25 -1 BD762B 1
3 1.25 -1.000001 B76A1D 1
4 1.25 -1 BD7623 1
4 2.25 -1 BD731D 1
5 3.25 -1 BD7529 1
-10 4.25 -0.999999 9C5512 1
4 4.25 -1 BA772B 1
-7.000001 5.25 -0.999999 AD6521 1
-9.000001 4.25 -0.999999 914D08 1
-8.000001 5.25 -0.999999 9C5908 1
4 5.25 -1 C38137 1
-1 6.25 -0.9999999 C07320 1
-6.000001 5.25 -0.999999 A75E15 1
-5 5.25 -0.9999995 B56D23 1
-4 5.25 -0.9999995 BD7529 1
-3 6.25 -0.9999995 BD752B 1
-2 6.25 -0.9999998 9F5610 1
3 6.25 -1.000001 BD7921 1
2 6.25 -1 C68231 1
-1.192093E-07 6.25 -1 C68239 1
1 6.25 -1 C07931 1
-8.000001 3.25 -1.999999 AF6315 1
-7.000001 2.25 -1.999999 B2661B 1
-6.000001 2.25 -1.999999 BD7626 1
-5.000001 2.25 -2 BD7929 1
-4.000001 2.25 -2 BD7929 1
-3.000001 2.25 -2 BD7929 1
-2 1.25 -2 BA772E 1
-1 1.25 -2 B55E08 1
-2.384186E-07 1.25 -2 BD7531 1
0.9999999 1.25 -2 B56D23 1
2 1.25 -2 B76F23 1
3 1.25 -2.000001 BA7223 1
4 3.25 -2.000001 BD7521 1
-8.000001 2.25 -1.999999 B57118 1
4 2.25 -2.000001 B2691D 1
-9.000001 3.25 -1.999999 A55D18 1
-8.000001 4.25 -1.999999 B2661B 1
-9.000001 4.25 -1.999999 914F0D 1
4 4.25 -2.000001 BD7529 1
-2 5.25 -2 B56E2E 1
-7.000001 4.25 -1.999999 AA5E18 1
-6.000001 5.25 -1.999999 A76110 1
-5.000001 5.25 -2 AF650B 1
-4.000001 5.25 -2 B76D1E 1
-3.000001 5.25 -2 BD7129 1
3 5.25 -2.000001 C68231 1
-1 5.25 -2 BA6B1E 1
-2.384186E-07 6.25 -2 C37726 1
0.9999999 6.25 -2 BD7626 1
2 6.25 -2 C37726 1
-1.000001 3.25 -3 B56718 1
-4.768372E-07 2.25 -3 B56510 1
0.9999996 2.25 -3 BD7521 1
2 2.25 -3.000001 B76915 1
3 3.25 -3.000001 BA7629 1
-2.000001 2.25 -3 B56B15 1
-1.000001 2.25 -3 BA6E1E 1
3 2.25 -3.000001 B56918 1
-7.000001 3.25 -1.999999 B56D18 1
-6.000001 3.25 -2.999999 B2691B 1
-5.000001 3.25 -3 B26A1E 1
-4.000001 3.25 -3 AD6921 1
-3.000001 3.25 -3 B2661B 1
-2.000001 3.25 -3 AF671B 1
-1.000001 4.25 -3 B56D21 1
-6.000001 4.25 -1.999999 AA5F18 1
-5.000001 4.25 -3 9F590D 1
-4.000001 4.25 -3 B56510 1
-3.000001 4.25 -3 B56D21 1
-2.000001 4.25 -3 AF6110 1
3 4.25 -3.000001 BD7529 1
-4.768372E-07 5.25 -3 B57121 1
0.9999996 5.25 -3 BD7931 1
2 5.25 -3.000001 B56921 1
-4.768372E-07 3.25 -3 BD7529 1
0.9999996 3.25 -3 B56A1B 1
2 3.25 -3.000001 B76F23 1
-4.768372E-07 4.25 -3 B56D21 1
0.9999996 4.25 -3 B56A1B 1
2 4.25 -3.000001 B56D21 1
