-1 0.29 -4 EC921E 1
-3 0.29 -3 E98A1B 1
-4 0.29 -2 E78D1E 1
-4 0.29 -1 E78E1D 1
-4 0.29 0 E7871B 1
-4 0.29 1 E78A18 1
-4 0.29 2 E7881B 1
-2 1.29 -4 EF931B 1
-4 1.29 -3 E6881B 1
-4 1.29 -2 E98D1B 1
-5 1.29 -1 E79221 1
-5 1.29 0 E78618 1
-5 1.29 1 E79221 1
-4 1.29 2 E48318 1
-4 1.29 3 E17E18 1
-2 1.29 4 DE7715 1
-3 2.29 -4 E19F57 1
-4 2.29 -3 D9C1A2 1
-4 2.29 -2 FFCB29 1
-5 2.29 -1 DE3C10 1
-5 2.29 0 E96B18 1
-5 2.29 1 FFCF29 1
-4 2.29 2 F7BA21 1
-4 2.29 3 CB773E 1
-3 2.29 4 E19C5D 1
-3 3.29 -4 A59A8C 1
-4 3.29 -3 706C63 1
-4 3.29 -2 FFD729 1
-5 3.29 -1 E14D10 1
-5 3.29 0 E14B10 1
-5 3.29 1 E45A15 1
-4 3.29 2 DE4D10 1
-4 3.29 3 E78221 1
-3 3.29 4 D3904C 1
-3 4.29 -4 E44D10 1
-4 4.29 -3 E44D10 1
-4 4.29 -2 E14D10 1
-5 4.29 -1 E44D10 1
-5 4.29 0 E45310 1
-5 4.29 1 DE4B10 1
-4 4.29 2 E97118 1
-4 4.29 3 DE4110 1
-3 4.29 4 F7B221 1
-3 5.29 -4 E44D10 1
-4 5.29 -3 E14A10 1
-4 5.29 -2 E14D10 1
-5 5.29 -1 E14D10 1
-5 5.29 0 E14B12 1
-5 5.29 1 E45E18 1
-4 5.29 2 DE4110 1
-4 5.29 3 EC8518 1
-3 5.29 4 ECA431 1
-3 6.29 -4 DE4910 1
-4 6.29 -3 E67C4F 1
-4 6.29 -2 DE3C08 1
-5 6.29 -1 E44D10 1
-5 6.29 0 E15518 1
-5 6.29 1 E75218 1
-4 6.29 2 E76D18 1
-4 6.29 3 EFBE52 1
-3 6.29 4 FFFFEF 1
-3 7.29 -4 EFC7A5 1
-4 7.29 -3 EFDFBD 1
-4 7.29 -2 EEB691 1
-5 7.29 -1 E76939 1
-5 7.29 0 E14E18 1
-5 7.29 1 E45318 1
-4 7.29 2 DE4910 1
-4 7.29 3 E76B15 1
-3 7.29 4 EC7F18 1
-3 8.29 -4 E65615 1
-4 8.29 -3 E14D10 1
-4 8.29 -2 E14D10 1
-5 8.29 -1 E44B10 1
-5 8.29 0 DE4D10 1
-5 8.29 1 E44F10 1
-4 8.29 2 E75510 1
-4 8.29 3 E75A10 1
-3 8.29 4 E96212 1
-3 9.29 -4 FFCF29 1
-4 9.29 -3 E95B13 1
-4 9.29 -2 E95D13 1
-5 9.29 -1 FFDB29 1
-5 9.29 0 FCBE26 1
-5 9.29 1 E96318 1
-4 9.29 2 DE2C08 1
-4 9.29 3 F49A1E 1
-3 9.29 4 F19A1E 1
-2 10.29 -4 E78A18 1
-4 10.29 -3 E78A18 1
-4 10.29 -2 E78A1B 1
-5 10.29 -1 E78B1E 1
-5 10.29 0 E79221 1
-5 10.29 1 E78218 1
-4 10.29 2 E78718 1
-4 10.29 3 E48015 1
-2 10.29 4 DE7918 1
-2 11.29 -3 E79221 1
-3 11.29 -2 E78A18 1
-4 11.29 -1 E79221 1
-4 11.29 0 E7821B 1
-4 11.29 1 E78A18 1
-3 11.29 2 E78118 1
-2 11.29 3 E78618 1
0 12.29 -4 E75115 1
-3 12.29 -3 E75115 1
-3 12.29 -2 E75115 1
-4 12.29 -1 E75115 1
-4 12.29 0 E75115 1
-4 12.29 1 E75115 1
-3 12.29 2 E75115 1
-3 12.29 3 E75115 1
0 12.29 4 E75115 1
-1 0.29 -1 EC901B 1
0 0.29 0 EF9621 1
1 0.29 1 E7871B 1
-3 0.29 -2 E78D1E 1
-3 0.29 -1 E78E1E 1
-3 0.29 0 E78E21 1
-3 0.29 1 E78E1E 1
-3 0.29 2 E78218 1
-3 0.29 3 E78118 1
3 0.29 2 E78418 1
-3 1.29 -4 EC921E 1
-3 1.29 4 E17A12 1
-3 10.29 -3 E7861B 1
-3 10.29 3 E17D18 1
-3 11.29 -3 E77918 1
-3 11.29 3 E47F15 1
-3 13.29 -2 E75115 1
-3 13.29 -1 E75115 1
-3 13.29 0 E75115 1
-3 13.29 1 E75115 1
-3 13.29 2 E75115 1
-2 0.29 -4 EC921E 1
-2 0.29 -3 E78A1B 1
-2 0.29 -2 E98D1E 1
-2 0.29 -1 E79221 1
-2 0.29 0 E4831B 1
-2 0.29 1 E78618 1
-2 0.29 2 E7841B 1
-2 0.29 3 E78C1E 1
-2 0.29 4 E78A18 1
-2 2.29 -4 F7BE29 1
-2 2.29 4 EFA263 1
-2 3.29 -4 E75518 1
-2 3.29 4 FFC37B 1
-2 4.29 -4 E44D10 1
-2 4.29 4 E98B1B 1
-2 5.29 -4 E44D10 1
-2 5.29 4 EEA736 1
-2 6.29 -4 EFA684 1
-2 6.29 4 FFFBF7 1
-2 7.29 -4 E9A27B 1
-2 7.29 4 DE5100 1
-2 8.29 -4 E74D10 1
-2 8.29 4 EF6118 1
-2 9.29 -4 F4981E 1
-2 9.29 4 E34A13 1
-2 12.29 -3 E75115 1
-2 12.29 3 E75115 1
-2 13.29 -3 E75115 1
-2 13.29 -2 E75115 1
-2 13.29 -1 E75115 1
-2 13.29 0 E75115 1
-2 13.29 1 E75115 1
-2 13.29 2 E75115 1
-2 13.29 3 E75115 1
-1 0.29 -3 E78A18 1
-1 0.29 -2 E78B1B 1
-1 0.29 0 E78A18 1
-1 0.29 1 E78C1E 1
-1 0.29 2 E7821B 1
-1 0.29 3 E7871B 1
-1 0.29 4 E17E18 1
-1 1.29 -5 EF9621 1
-1 1.29 5 E47F18 1
-1 2.29 -5 FFE729 1
-1 2.29 5 E7A66B 1
-1 3.29 -5 E44B10 1
-1 3.29 5 DB9F5A 1
-1 4.29 -5 E44D10 1
-1 4.29 5 F7AE6B 1
-1 5.29 -5 E44D10 1
-1 5.29 5 E15923 1
-1 6.29 -5 E44B10 1
-1 6.29 5 E3A55A 1
-1 7.29 -5 F7F7DE 1
-1 7.29 5 E1844A 1
-1 8.29 -5 E44D10 1
-1 8.29 5 DE4D00 1
-1 9.29 -5 DE3810 1
-1 9.29 5 E15210 1
-1 10.29 -4 E78618 1
-1 10.29 4 DE7112 1
-1 11.29 -4 E48818 1
-1 11.29 4 DE7A18 1
-1 12.29 -4 E75115 1
-1 12.29 4 E75115 1
-1 13.29 -3 E75115 1
-1 13.29 -2 E75115 1
-1 13.29 -1 E75115 1
-1 13.29 0 E75115 1
-1 13.29 1 E75115 1
-1 13.29 2 E75115 1
-1 13.29 3 E75115 1
0 0.29 -4 EC921E 1
0 0.29 -3 E98515 1
0 0.29 -2 E79221 1
0 0.29 -1 E98B1B 1
0 0.29 1 E7931E 1
0 0.29 2 E78F1E 1
0 0.29 3 E48318 1
0 0.29 4 E48315 1
0 1.29 -5 F79E21 1
0 1.29 5 E78A18 1
0 2.29 -5 DE3C10 1
0 2.29 5 E79E63 1
0 3.29 -5 E74D10 1
0 3.29 5 ECB576 1
0 4.29 -5 E74D10 1
0 4.29 5 E79E5A 1
0 5.29 -5 DE4D10 1
0 5.29 5 DE4500 1
0 6.29 -5 E44D12 1
0 6.29 5 D64500 1
0 7.29 -5 E74D10 1
0 7.29 5 D63808 1
0 8.29 -5 E44D12 1
0 8.29 5 E45310 1
0 9.29 -5 DE3810 1
0 9.29 5 F49420 1
0 10.29 -5 E17D15 1
0 10.29 5 DB6D10 1
0 11.29 -4 E17D18 1
0 11.29 4 DE7312 1
0 13.29 -3 E75115 1
0 13.29 -2 E75115 1
0 13.29 -1 E75115 1
0 13.29 0 E75115 1
0 13.29 1 E75115 1
0 13.29 2 E75115 1
0 13.29 3 E75115 1
1 0.29 -4 EF9621 1
1 0.29 -3 E98A1B 1
1 0.29 -2 EC8D1B 1
1 0.29 -1 E98A1B 1
1 0.29 0 E78115 1
1 0.29 2 E78E1E 1
1 0.29 3 E78718 1
1 0.29 4 E78618 1
1 1.29 -5 E98315 1
1 1.29 5 E48718 1
1 2.29 -5 DE4510 1
1 2.29 5 CB8141 1
1 3.29 -5 525552 1
1 3.29 5 F7BE7B 1
1 4.29 -5 DBD5CB 1
1 4.29 5 DE9A42 1
1 5.29 -5 5A5952 1
1 5.29 5 E15223 1
1 6.29 -5 E1E1D6 1
1 6.29 5 EECAAC 1
1 7.29 -5 969E9A 1
1 7.29 5 CE3000 1
1 8.29 -5 DE4910 1
1 8.29 5 EF7D21 1
1 9.29 -5 DE3810 1
1 9.29 5 F49C20 1
1 10.29 -4 E47D18 1
1 10.29 4 DB6F10 1
1 11.29 -4 E78618 1
1 11.29 4 DE7C15 1
1 12.29 -4 E75115 1
1 12.29 4 E75115 1
1 13.29 -3 E75115 1
1 13.29 -2 E75115 1
1 13.29 -1 E75115 1
1 13.29 0 E75115 1
1 13.29 1 E75115 1
1 13.29 2 E75115 1
1 13.29 3 E75115 1
2 0.29 -4 EC931E 1
2 0.29 -3 E9921B 1
2 0.29 -2 EC8D1B 1
2 0.29 -1 EF9E21 1
2 0.29 0 E78F1E 1
2 0.29 1 E98B1B 1
2 0.29 2 E78A18 1
2 0.29 3 E48A18 1
2 0.29 4 E78A18 1
2 11.29 -3 E17E18 1
2 1.29 -4 EC8C1B 1
2 11.29 3 CD7215 1
2 1.29 4 E48518 1
2 2.29 -4 DE3410 1
2 2.29 4 C37A3C 1
2 3.29 -4 B2AB9C 1
2 3.29 4 D3863F 1
2 4.29 -4 D8D5C6 1
2 4.29 4 E35612 1
2 5.29 -4 9F978C 1
2 5.29 4 EEA931 1
2 6.29 -4 E3DED0 1
2 6.29 4 FFFBF7 1
2 7.29 -4 A1A499 1
2 7.29 4 DE5500 1
2 8.29 -4 E14D12 1
2 8.29 4 E14E26 1
2 9.29 -4 DE2008 1
2 9.29 4 DE3410 1
2 10.29 -4 DE7D18 1
2 10.29 4 DE7515 1
2 12.29 -3 E75115 1
2 12.29 3 E75115 1
2 13.29 -3 E75115 1
2 13.29 -2 E75115 1
2 13.29 -1 E75115 1
2 13.29 0 E75115 1
2 13.29 1 E75115 1
2 13.29 2 E75115 1
2 13.29 3 E75115 1
3 0.29 -3 EC901E 1
3 0.29 -2 EF9621 1
3 0.29 -1 E78C1E 1
3 0.29 0 E78D1E 1
3 0.29 1 DE7D18 1
3 0.29 3 E48418 1
3 1.29 -4 EF961B 1
3 11.29 -2 E47F15 1
3 11.29 2 DE7118 1
3 1.29 4 E4881E 1
3 2.29 -4 F9B721 1
3 2.29 4 B56121 1
3 3.29 -4 FFF7E7 1
3 3.29 4 C36E33 1
3 4.29 -4 C6BEAD 1
3 4.29 4 EE971B 1
3 5.29 -4 FFFFEF 1
3 5.29 4 D62000 1
3 6.29 -4 D3CAB7 1
3 6.29 4 EFBB65 1
3 7.29 -4 AAABA7 1
3 7.29 4 E97818 1
3 8.29 -4 E34E15 1
3 8.29 4 E76115 1
3 9.29 -4 F9B923 1
3 9.29 4 DE3008 1
3 10.29 -3 E17915 1
3 10.29 3 DE7112 1
3 11.29 -3 E47B15 1
3 11.29 3 DE7215 1
3 12.29 -3 E75115 1
3 12.29 3 E75115 1
3 13.29 -2 E75115 1
3 13.29 -1 E75115 1
3 13.29 0 E75115 1
3 13.29 1 E75115 1
3 13.29 2 E75115 1
4 0.29 -2 E98C18 1
4 0.29 -1 EF9621 1
4 0.29 0 E79221 1
4 0.29 1 E48818 1
4 0.29 2 E78018 1
4 1.29 -2 C28218 1
4 1.29 -3 EC901E 1
4 1.29 3 E98A1B 1
4 1.29 2 EC8E1E 1
4 2.29 -3 F7B721 1
4 2.29 3 F4921B 1
4 3.29 -3 F4C252 1
4 3.29 3 DE4110 1
4 4.29 -3 D86F4F 1
4 4.29 3 E97E18 1
4 5.29 -3 D36B4D 1
4 5.29 3 E45612 1
4 6.29 -3 D86B4A 1
4 6.29 3 E79E29 1
4 7.29 -3 C2927E 1
4 7.29 3 E76D18 1
4 8.29 -3 DE4B10 1
4 8.29 3 E74E10 1
4 9.29 -3 F18C1E 1
4 9.29 3 E96618 1
4 10.29 -2 DE7212 1
4 10.29 -3 DE7D18 1
4 10.29 3 DE7112 1
4 10.29 2 DE6D10 1
4 11.29 -1 DE7918 1
4 11.29 0 DE7518 1
4 11.29 1 DE7918 1
3 12.29 -2 E75115 1
4 12.29 -1 E75115 1
4 12.29 0 E75115 1
4 12.29 1 E75115 1
3 12.29 2 E75115 1
5 1.29 -1 E98B1B 1
5 1.29 0 E78E18 1
5 1.29 1 DE7518 1
4 2.29 -2 E74D10 1
5 2.29 -1 E44A10 1
5 2.29 0 E95913 1
5 2.29 1 DE4910 1
4 2.29 2 E76110 1
4 3.29 -2 DE3810 1
5 3.29 -1 E14A10 1
5 3.29 0 E75210 1
5 3.29 1 DE4510 1
4 3.29 2 E96113 1
4 4.29 -2 E14D12 1
5 4.29 -1 E44D10 1
5 4.29 0 E14D10 1
5 4.29 1 E75D12 1
4 4.29 2 E44C10 1
4 5.29 -2 E44E10 1
5 5.29 -1 E44D10 1
5 5.29 0 E75110 1
5 5.29 1 DE4D10 1
4 5.29 2 EC7518 1
4 6.29 -2 E74B10 1
5 6.29 -1 DE4D10 1
5 6.29 0 E14D10 1
5 6.29 1 E75710 1
4 6.29 2 DE4110 1
4 7.29 -2 E44D12 1
5 7.29 -1 E74D10 1
5 7.29 0 E44F10 1
5 7.29 1 E75510 1
4 7.29 2 E44A10 1
4 8.29 -2 E14D10 1
5 8.29 -1 E14D10 1
5 8.29 0 E14D10 1
5 8.29 1 E14D10 1
4 8.29 2 E44C10 1
4 9.29 -2 DE2808 1
5 9.29 -1 E74D10 1
5 9.29 0 DE2808 1
5 9.29 1 FFC729 1
4 9.29 2 F7AD20 1
5 10.29 -1 DE7615 1
5 10.29 0 DE7515 1
5 10.29 1 DE7515 1
