-1.2 0.47 1.192093E-07 80A041 1.2
0 0.47 0 658B31 1.2
1.2 0.47 -1.192093E-07 739639 1.2
-6.000001 1.67 1.200001 91B95D 1.2
-4.8 1.67 2.400001 9CB663 1.2
-3.6 1.67 2.400001 99B557 1.2
-2.4 1.67 3.600001 9FB660 1.2
-1.2 1.67 3.600001 96AE58 1.2
4.768372E-07 1.67 3.600001 8CAA52 1.2
1.200001 1.67 3.6 789734 1.2
2.400001 1.67 3.600001 7B9642 1.2
3.600001 1.67 2.4 638621 1.2
4.800001 1.67 2.4 6D8B33 1.2
6.000001 1.67 1.199999 496D26 1.2
-7.200001 2.87 1.200001 7EAB52 1.2
-6.000001 2.87 2.400001 9CBA6B 1.2
-4.8 2.87 3.600001 73A24C 1.2
-3.6 2.87 3.600001 4A8221 1.2
-2.4 2.87 3.600001 7E9A47 1.2
-1.2 2.87 4.800001 6A9137 1.2
4.768372E-07 2.87 4.800001 4F7826 1.2
1.200001 2.87 4.800001 426921 1.2
2.400001 2.87 3.600001 395D21 1.2
3.600001 2.87 3.6 476A29 1.2
4.800001 2.87 3.6 6D8C33 1.2
6.000001 2.87 2.4 688A2E 1.2
7.200001 2.87 1.199999 6B8A39 1.2
-7.200001 4.07 2.400001 6BA242 1.2
-6 4.07 3.600002 AAC575 1.2
-4.8 4.07 4.800001 9CBE63 1.2
-3.6 4.07 4.800001 AAC46D 1.2
-2.4 4.07 4.800001 A4BA62 1.2
-1.2 4.07 4.800001 8CAA4A 1.2
4.768372E-07 4.07 4.800001 89A74C 1.2
1.200001 4.07 4.800001 5A862E 1.2
2.400001 4.07 4.8 84A242 1.2
3.600001 4.07 4.8 4A7529 1.2
4.800001 4.07 4.8 4F7526 1.2
6.000001 4.07 3.599999 4F762E 1.2
7.200002 4.07 2.399999 759244 1.2
-8.400002 5.27 1.200001 7EA652 1.2
-7.200001 5.27 3.600002 B5CF7B 1.2
-6 5.27 3.600002 639639 1.2
-4.8 5.27 4.800001 6A9B41 1.2
-3.6 5.27 4.800001 5A8F31 1.2
-2.4 5.27 4.800001 54872B 1.2
-1.2 5.27 4.800001 52812E 1.2
4.768372E-07 5.27 4.800001 4A7529 1.2
1.200001 5.27 4.800001 7B9F4C 1.2
2.400001 5.27 4.8 94AE63 1.2
3.600001 5.27 4.8 91A857 1.2
4.800001 5.27 4.8 8EA757 1.2
6.000001 5.27 3.599999 6A9044 1.2
7.200002 5.27 3.6 527931 1.2
8.400002 5.27 1.199999 708F44 1.2
-8.400002 6.47 1.200001 B5CF84 1.2
-7.200001 6.47 2.400001 BDCF84 1.2
-6 6.47 3.600002 97BA5F 1.2
-4.8 6.47 4.800001 5A8E31 1.2
-3.6 6.47 4.800001 8EB252 1.2
-2.4 6.47 4.800001 97B458 1.2
-1.2 6.47 4.800001 8BAC4F 1.2
4.768372E-07 6.47 4.800001 83A347 1.2
1.200001 6.47 4.800001 83A241 1.2
2.400001 6.47 4.8 789B44 1.2
3.600001 6.47 4.8 8CA652 1.2
4.800001 6.47 4.8 86A354 1.2
6.000001 6.47 3.599999 5D8039 1.2
7.200002 6.47 2.399999 527833 1.2
8.400002 6.47 1.199999 4A712E 1.2
-7.200001 7.67 2.400001 B0C87E 1.2
-6 7.67 3.600002 97B76E 1.2
-4.8 7.67 3.600001 8CB252 1.2
-3.6 7.67 4.800001 ACC573 1.2
-2.4 7.67 4.800001 97B35A 1.2
-1.2 7.67 4.800001 638A29 1.2
4.768372E-07 7.67 4.800001 8EAE52 1.2
1.200001 7.67 4.800001 8CAA4A 1.2
2.400001 7.67 4.8 4C752B 1.2
3.600001 7.67 4.8 416926 1.2
4.800001 7.67 3.6 4A7126 1.2
6.000001 7.67 3.599999 628437 1.2
7.200002 7.67 2.399999 6D8E3E 1.2
-6.000001 8.870001 2.400001 ADC77B 1.2
-4.8 8.870001 3.600001 ADC77B 1.2
-3.6 8.870001 3.600001 ADC36B 1.2
-2.4 8.870001 3.600001 A2B865 1.2
-1.2 8.870001 3.600001 6B9629 1.2
4.768372E-07 8.870001 3.600001 396921 1.2
1.200001 8.870001 3.6 5A842C 1.2
2.400001 8.870001 3.600001 84A242 1.2
3.600001 8.870001 3.6 7B964A 1.2
4.800001 8.870001 3.6 6A8C37 1.2
6.000001 8.870001 2.4 6B8E39 1.2
-4.800001 10.07 1.200001 9CBC5D 1.2
-3.6 10.07 2.400001 A5BE6B 1.2
-2.4 10.07 2.400001 91AE4D 1.2
-1.2 10.07 2.400001 8EAB4F 1.2
2.384186E-07 10.07 2.4 89A74C 1.2
1.2 10.07 2.4 638A21 1.2
2.400001 10.07 2.4 638621 1.2
3.600001 10.07 2.4 6D8C33 1.2
4.800001 10.07 1.2 658431 1.2
-2.4 1.67 2.400001 99B358 1.2
-1.2 1.67 2.400001 91AC52 1.2
2.384186E-07 1.67 2.4 8BA64F 1.2
1.2 1.67 2.4 62882E 1.2
2.400001 1.67 2.4 739239 1.2
-7.200001 2.87 2.400001 A5BE73 1.2
7.200002 2.87 2.399999 6B8A39 1.2
-7.200001 5.27 2.400001 ADCB7B 1.2
7.200002 5.27 2.399999 527931 1.2
-4.8 8.870001 2.400001 ADC773 1.2
4.800001 8.870001 2.4 739239 1.2
-4.800001 1.67 1.200001 A1BA5F 1.2
-3.6 0.47 1.200001 608E2E 1.2
-2.4 0.47 1.2 6B9E39 1.2
-1.2 0.47 1.2 7EA033 1.2
1.192093E-07 0.47 1.2 4F7828 1.2
1.2 0.47 1.2 426321 1.2
2.400001 0.47 1.2 425D21 1.2
3.600001 0.47 1.2 4C6E26 1.2
4.800001 1.67 1.2 527529 1.2
-8.400002 4.07 1.200001 B5C986 1.2
8.400002 4.07 1.199999 446923 1.2
-8.400002 7.67 1.200001 B5CB84 1.2
8.400002 7.67 1.199999 6B8E39 1.2
-7.200001 8.870001 1.200001 8BB262 1.2
7.200001 8.870001 1.199999 425921 1.2
-6.000001 8.870001 1.200001 9CB663 1.2
6.000001 8.870001 1.199999 5D792B 1.2
-3.6 10.07 1.200001 7BA239 1.2
-2.4 10.07 1.2 528629 1.2
-1.2 10.07 1.2 7BA23C 1.2
1.192093E-07 10.07 1.2 86A647 1.2
1.2 10.07 1.2 476C23 1.2
2.400001 10.07 1.2 527029 1.2
3.600001 10.07 1.2 476D26 1.2
-8.400002 4.07 9.536743E-07 A7C26E 1.2
-7.200001 2.87 9.536743E-07 91B55F 1.2
-6.000001 1.67 9.536743E-07 A4BF6B 1.2
-4.800001 0.47 4.768372E-07 659A36 1.2
-3.600001 0.47 4.768372E-07 9CBE52 1.2
-2.4 0.47 2.384186E-07 91AE4A 1.2
2.4 0.47 -2.384186E-07 446723 1.2
3.600001 0.47 -4.768372E-07 425921 1.2
4.800001 0.47 -4.768372E-07 425921 1.2
6.000001 1.67 -9.536743E-07 638231 1.2
7.200001 2.87 -9.536743E-07 587931 1.2
8.400002 4.07 -9.536743E-07 4F7531 1.2
-8.400002 5.27 9.536743E-07 89AD62 1.2
8.400002 5.27 -9.536743E-07 709347 1.2
-8.400002 6.47 9.536743E-07 BDD38C 1.2
8.400002 6.47 -9.536743E-07 426521 1.2
-8.400002 7.67 9.536743E-07 A4C473 1.2
8.400002 7.67 -9.536743E-07 476526 1.2
-7.200001 8.870001 9.536743E-07 7BA652 1.2
7.200001 8.870001 -9.536743E-07 476526 1.2
-4.800001 10.07 4.768372E-07 659636 1.2
-6.000001 10.07 9.536743E-07 ACC873 1.2
6.000001 10.07 -9.536743E-07 426121 1.2
4.800001 10.07 -4.768372E-07 4A5D29 1.2
-3.600001 10.07 4.768372E-07 7BA642 1.2
-2.4 10.07 2.384186E-07 8CAA42 1.2
-1.2 11.27 1.192093E-07 739B31 1.2
0 11.27 0 83A347 1.2
1.2 11.27 -1.192093E-07 426921 1.2
2.4 10.07 -2.384186E-07 587B31 1.2
3.600001 10.07 -4.768372E-07 446123 1.2
-8.400002 5.27 -1.199999 739849 1.2
-7.200001 2.87 -1.199999 AAC27B 1.2
-6.000001 1.67 -1.199999 B5CB7B 1.2
-4.800001 1.67 -1.2 ADC773 1.2
-3.600001 0.47 -1.2 68983C 1.2
-2.400001 0.47 -1.2 4A8221 1.2
-1.2 0.47 -1.2 426D21 1.2
-1.192093E-07 0.47 -1.2 84A252 1.2
1.2 0.47 -1.2 4C6E26 1.2
2.4 0.47 -1.2 476526 1.2
3.6 0.47 -1.200001 4A6526 1.2
4.800001 1.67 -1.200001 445A23 1.2
6.000001 1.67 -1.200001 425921 1.2
7.200001 2.87 -1.200001 425D21 1.2
8.400002 5.27 -1.200001 547733 1.2
-8.400002 4.07 -1.199999 86B15A 1.2
8.400002 4.07 -1.200001 426529 1.2
-8.400002 6.47 -1.199999 9ABB68 1.2
8.400002 6.47 -1.200001 527531 1.2
-8.400002 7.67 -1.199999 ACC97E 1.2
8.400002 7.67 -1.200001 476B2B 1.2
-7.200001 8.870001 -1.199999 B5CF8C 1.2
7.200001 8.870001 -1.200001 445A23 1.2
-4.800001 10.07 -1.2 ADC76B 1.2
-6.000001 8.870001 -1.199999 B5CB7B 1.2
4.800001 10.07 -1.200001 446326 1.2
6.000001 8.870001 -1.200001 445923 1.2
-3.600001 10.07 -1.2 4A8629 1.2
-2.400001 10.07 -1.2 397121 1.2
-1.2 10.07 -1.2 426D21 1.2
-1.192093E-07 10.07 -1.2 476A23 1.2
1.2 10.07 -1.2 496F26 1.2
2.4 10.07 -1.2 445F23 1.2
3.6 10.07 -1.200001 425921 1.2
-7.200002 4.07 -2.399999 A1BE76 1.2
-6.000001 2.87 -2.4 B2C981 1.2
-4.800001 1.67 -2.4 ADC373 1.2
-3.600001 1.67 -2.4 86AA44 1.2
-2.400001 1.67 -2.4 86A847 1.2
-1.2 1.67 -2.4 7EA249 1.2
-2.384186E-07 1.67 -2.4 7B9E4A 1.2
1.2 1.67 -2.400001 658C34 1.2
2.4 1.67 -2.400001 6A8D39 1.2
3.6 1.67 -2.400001 658C33 1.2
4.8 1.67 -2.400001 658833 1.2
6.000001 2.87 -2.400001 5D8333 1.2
7.200001 4.07 -2.400001 73964A 1.2
-7.200002 2.87 -2.399999 ADC780 1.2
7.200001 2.87 -2.400001 638631 1.2
-7.200002 5.27 -2.399999 B5CB7B 1.2
7.200001 5.27 -2.400001 4A6D29 1.2
-7.200002 6.47 -2.399999 ADCF7B 1.2
7.200001 6.47 -2.400001 557834 1.2
-7.200002 7.67 -2.399999 A7C578 1.2
7.200001 7.67 -2.400001 65853C 1.2
-6.000001 8.870001 -2.4 B5CB86 1.2
6.000001 8.870001 -2.400001 52712B 1.2
-4.800001 8.870001 -2.4 ADC373 1.2
-3.600001 10.07 -2.4 9CBC65 1.2
-2.400001 10.07 -2.4 9CBA6B 1.2
-1.2 10.07 -2.4 94B263 1.2
-2.384186E-07 10.07 -2.4 83A24C 1.2
1.2 10.07 -2.400001 7B9A4A 1.2
2.4 10.07 -2.400001 476C23 1.2
3.6 10.07 -2.400001 5D7F2B 1.2
4.8 8.870001 -2.400001 5D802E 1.2
-6.000001 4.07 -3.599999 4A8629 1.2
-4.800001 2.87 -3.6 86AE5A 1.2
-3.600001 2.87 -3.6 498029 1.2
-2.400001 1.67 -3.600001 397121 1.2
-1.200001 1.67 -3.6 426921 1.2
-4.768372E-07 1.67 -3.600001 5A7F31 1.2
1.2 1.67 -3.600001 426121 1.2
2.4 1.67 -3.600001 739642 1.2
3.6 2.87 -3.600001 4A6926 1.2
4.8 2.87 -3.600001 5A7D31 1.2
6 4.07 -3.600002 425D21 1.2
-7.200002 5.27 -3.6 97BD65 1.2
7.200001 5.27 -3.600002 5A7D42 1.2
-6.000001 6.47 -3.599999 94B965 1.2
6 6.47 -3.600002 577634 1.2
-6.000001 7.67 -3.599999 8CB25A 1.2
6 7.67 -3.600002 5A7F33 1.2
-3.600001 8.870001 -3.6 5A8C33 1.2
-4.800001 8.870001 -3.6 528A31 1.2
3.6 8.870001 -3.600001 607F31 1.2
4.8 8.870001 -3.600001 54792B 1.2
-2.400001 8.870001 -3.600001 9CB663 1.2
-1.200001 8.870001 -3.6 527C2B 1.2
-4.768372E-07 8.870001 -3.600001 799B47 1.2
1.2 8.870001 -3.600001 6A8E39 1.2
2.4 8.870001 -3.600001 658A3C 1.2
-3.600001 5.27 -4.8 6E9C3C 1.2
-2.400001 4.07 -4.8 7BA64A 1.2
-1.200001 4.07 -4.800001 578231 1.2
-4.768372E-07 4.07 -4.800001 4C6B2B 1.2
1.2 4.07 -4.800001 4C652B 1.2
2.4 4.07 -4.800001 475A21 1.2
3.6 5.27 -4.800001 426521 1.2
-2.400001 2.87 -3.600001 84AA52 1.2
-1.200001 2.87 -4.800001 739C3C 1.2
-4.768372E-07 2.87 -4.800001 688F34 1.2
1.2 2.87 -4.800001 6B9239 1.2
2.4 2.87 -3.600001 638A31 1.2
-4.800001 4.07 -4.8 5A8A33 1.2
-3.600001 4.07 -4.8 5D8B3C 1.2
3.6 4.07 -4.800001 4F792B 1.2
4.8 4.07 -4.800001 52792B 1.2
-6.000001 5.27 -3.599999 99B865 1.2
-4.800001 5.27 -4.8 629141 1.2
4.8 5.27 -4.800001 476C2C 1.2
6 5.27 -3.600002 5A8242 1.2
-2.400001 6.47 -4.8 709C44 1.2
-4.800001 6.47 -4.8 91B45F 1.2
-3.600001 6.47 -4.8 769F44 1.2
3.6 6.47 -4.800001 425521 1.2
2.4 6.47 -4.800001 425521 1.2
4.8 6.47 -4.800001 5A7D33 1.2
-4.800001 7.67 -3.6 81A84F 1.2
-3.600001 7.67 -4.8 9CB968 1.2
-2.400001 7.67 -4.8 8CB25A 1.2
-1.200001 7.67 -4.800001 395921 1.2
-4.768372E-07 7.67 -4.800001 475E26 1.2
1.2 7.67 -4.800001 425521 1.2
2.4 7.67 -4.800001 577D2B 1.2
3.6 7.67 -4.800001 527129 1.2
4.8 7.67 -3.600001 4A6226 1.2
-2.400001 5.27 -4.8 659439 1.2
-1.200001 5.27 -4.800001 426521 1.2
-4.768372E-07 5.27 -4.800001 5A842B 1.2
1.2 5.27 -4.800001 527D29 1.2
2.4 5.27 -4.800001 4C7129 1.2
-1.200001 6.47 -4.800001 658F39 1.2
-4.768372E-07 6.47 -4.800001 628A31 1.2
1.2 6.47 -4.800001 547F2B 1.2
