0 0.88 -3 CECBAD 2
-2 0.88 -1 C5C3AA 2
-2 0.88 1 BDBDA1 2
-4 0.88 3 B5B2A5 2
-4 0.88 5 D6CFB0 2
-6 0.88 7 CEC7A5 2
-6 0.88 9 B5BAAD 2
0 2.88 -3 B0B2A1 2
-2 2.88 -1 C0C2A7 2
-2 2.88 1 B5B7A4 2
-4 2.88 3 C0BEA2 2
-4 2.88 5 C8C1A1 2
-6 2.88 7 C6C3A5 2
-6 2.88 9 B5BAAD 2
0 4.88 -3 B2B299 2
-2 4.88 -1 A7AA8F 2
-2 4.88 1 A5AE9C 2
-4 4.88 3 B2B49C 2
-4 4.88 5 B7B699 2
-6 4.88 7 C6C3AD 2
-6 4.88 9 A5AA9C 2
-4 0.88 7 D6CBAD 2
-4 0.88 9 CDC19F 2
-4 2.88 9 C0C2AD 2
-4 4.88 9 A5AE9C 2
-4 6.88 5 A7B0A1 2
-4 6.88 7 B5BEAD 2
-4 6.88 9 B5BEAD 2
-2 0.88 3 CBC7AF 2
-2 0.88 5 C6C3A5 2
-2 0.88 7 CBC8AA 2
-2 0.88 9 CEC7A5 2
-2 2.88 11 B8BEAA 2
-2 4.88 11 B5B8A4 2
-2 6.88 1 949C91 2
-2 6.88 3 B5BAAD 2
-2 6.88 5 BABBA1 2
-2 6.88 7 B8BDAA 2
-2 6.88 9 869686 2
0 0.88 -1 C0C1A7 2
0 0.88 1 CECBB5 2
0 0.88 3 B2B8A7 2
0 0.88 5 949E8C 2
0 0.88 7 B5B6A5 2
0 0.88 9 ACAA89 2
0 0.88 -5 ADB09F 2
0 0.88 11 C3C1AA 2
0 2.88 -5 BABAA1 2
0 2.88 11 BDC3B5 2
0 4.88 -5 9FA691 2
0 4.88 11 C6C7B5 2
0 6.88 -3 C3C1AF 2
0 6.88 -1 B2B7A1 2
0 6.88 1 C5C1A7 2
0 6.88 3 AAAF99 2
0 6.88 5 C5C8AF 2
0 6.88 7 C8CDBD 2
0 6.88 9 A7AE9C 2
2 0.88 1 BDC2B5 2
2 0.88 3 8C928C 2
2 0.88 5 ADB6A5 2
2 0.88 7 C6C7B5 2
2 0.88 9 C0C4AA 2
2 0.88 -1 AAB19F 2
2 2.88 -1 9CA79C 2
2 2.88 11 AAAFA1 2
2 4.88 -1 AAAE9F 2
2 4.88 11 AFB8AA 2
2 6.88 1 C5C1A7 2
2 6.88 3 BDBEA5 2
2 6.88 5 B5B5A1 2
2 6.88 7 D6D0B2 2
2 6.88 9 D6D3BD 2
4 0.88 5 AAB29F 2
4 0.88 7 BDC3AD 2
4 0.88 9 AFB3A2 2
4 0.88 3 C6C7B5 2
4 2.88 3 8C9684 2
2 2.88 1 C5CCBD 2
4 2.88 9 8C9A94 2
4 4.88 3 BDC3AD 2
2 4.88 1 C6CBBD 2
4 4.88 9 A4AE9C 2
4 6.88 5 ACB4AA 2
4 6.88 7 B5B9AA 2
4 6.88 9 D0D8CD 2
6 0.88 9 AAAE9F 2
6 0.88 7 ADAE9C 2
6 2.88 7 C0BDA7 2
4 2.88 5 707968 2
6 2.88 9 A5AA9C 2
6 4.88 7 BABAA2 2
4 4.88 5 8B9789 2
6 4.88 9 9CAA9C 2
