-3.2 0 -5 471A08 0.8
-3.2 0 -4.2 4F1C08 0.8
-3.2 0 -3.4 521D05 0.8
-3.2 0 -2.6 541D08 0.8
-3.2 0 -1.8 521C08 0.8
-3.2 0 -1 571E08 0.8
-3.2 0 -0.2 571E08 0.8
-3.2 0 0.5999999 582008 0.8
-3.2 0 1.4 5A2008 0.8
-3.2 0 2.2 582008 0.8
-3.2 0 3 582008 0.8
-2.4 0.8 -6.6 4D1A0B 0.8
-3.2 0.8 -5.8 4F1A05 0.8
-3.2 0.8 -5 4F1C08 0.8
-3.2 0.8 -4.2 521C08 0.8
-3.2 0.8 -3.4 521E05 0.8
-3.2 0.8 -2.6 521E08 0.8
-3.2 0.8 -1.8 541D08 0.8
-3.2 0.8 -1 572008 0.8
-3.2 0.8 -0.2 5A2008 0.8
-3.2 0.8 0.5999999 5A2008 0.8
-3.2 0.8 1.4 5A2008 0.8
-3.2 0.8 2.2 5A2108 0.8
-3.2 0.8 3 5A2108 0.8
-3.2 0.8 3.8 5A2108 0.8
-3.2 0.8 4.6 5A2108 0.8
-3.2 0.8 5.4 5A2108 0.8
-3.2 0.8 6.2 542008 0.8
-3.2 0.8 7 521C08 0.8
-3.2 0.8 7.8 521E05 0.8
-3.2 0.8 8.6 F75521 0.8
-3.2 0.8 9.4 F75521 0.8
-3.2 0.8 10.2 4F1C08 0.8
-3.2 0.8 11 521D08 0.8
-3.2 0.8 11.8 521C08 0.8
-2.4 0.8 12.6 521C08 0.8
-2.4 1.6 -8.2 893600 0.8
-2.4 1.6 -7.400001 833905 0.8
-3.2 1.6 -6.6 521C08 0.8
-3.2 1.6 -5.8 521C08 0.8
-3.2 1.6 -5 521C08 0.8
-3.2 1.6 -4.2 521C08 0.8
-3.2 1.6 -3.4 521C08 0.8
-3.2 1.6 -2.6 541E05 0.8
-3.2 1.6 -1.8 562008 0.8
-3.2 1.6 -1 571E08 0.8
-3.2 1.6 -0.2 5A2008 0.8
-3.2 1.6 0.5999999 5A2008 0.8
-3.2 1.6 1.4 5A2108 0.8
-3.2 1.6 2.2 5A2108 0.8
-3.2 1.6 3 5A2208 0.8
-3.2 1.6 3.8 5A2108 0.8
-3.2 1.6 4.6 5A2108 0.8
-3.2 1.6 5.4 5A2108 0.8
-3.2 1.6 6.2 521C08 0.8
-3.2 1.6 7 D64D18 0.8
-3.2 1.6 7.8 F75921 0.8
-3.2 1.6 8.6 F9571E 0.8
-3.2 1.6 9.4 F75521 0.8
-3.2 1.6 10.2 521C08 0.8
-3.2 1.6 11 521E08 0.8
-3.2 1.6 11.8 521C08 0.8
-3.2 1.6 12.6 521C08 0.8
-2.4 1.6 13.4 8C3C08 0.8
-2.4 1.6 14.2 963D00 0.8
-2.4 2.4 -6.6 5A2008 0.8
-3.2 2.4 -5.8 521C08 0.8
-3.2 2.4 -5 4F1C08 0.8
-3.2 2.4 -4.2 4C1C08 0.8
-3.2 2.4 -3.4 5A2008 0.8
-3.2 2.4 -2.6 541D08 0.8
-3.2 2.4 -1.8 571E08 0.8
-3.2 2.4 -1 571E08 0.8
-3.2 2.4 -0.2 571E08 0.8
-3.2 2.4 0.5999999 5A2008 0.8
-3.2 2.4 1.4 5A2108 0.8
-3.2 2.4 2.2 5A2108 0.8
-3.2 2.4 3 5A2208 0.8
-3.2 2.4 3.8 542008 0.8
-3.2 2.4 4.6 5A2108 0.8
-3.2 2.4 5.4 5A2008 0.8
-3.2 2.4 6.2 BD4316 0.8
-3.2 2.4 7 F4571B 0.8
-3.2 2.4 7.8 F95A1E 0.8
-3.2 2.4 8.6 421800 0.8
-3.2 2.4 9.4 F4561E 0.8
-3.2 2.4 10.2 311400 0.8
-3.2 2.4 11 571E08 0.8
-3.2 2.4 11.8 4F1C08 0.8
-2.4 2.4 12.6 521C08 0.8
-3.2 3.2 -5.8 521C08 0.8
-3.2 3.2 -5 521C08 0.8
-3.2 3.2 -4.2 541C08 0.8
-3.2 3.2 -3.4 571E08 0.8
-3.2 3.2 -2.6 571E08 0.8
-3.2 3.2 -1.8 541D08 0.8
-3.2 3.2 -1 5A2008 0.8
-3.2 3.2 -0.2 582008 0.8
-3.2 3.2 0.5999999 5A2008 0.8
-3.2 3.2 1.4 5A2008 0.8
-3.2 3.2 2.2 5A2208 0.8
-3.2 3.2 3 5A2208 0.8
-3.2 3.2 3.8 5A2108 0.8
-3.2 3.2 4.6 5A2108 0.8
-3.2 3.2 5.4 521C00 0.8
-3.2 3.2 6.2 F15A21 0.8
-3.2 3.2 7 AD3F10 0.8
-3.2 3.2 7.8 FF6121 0.8
-3.2 3.2 8.6 521E08 0.8
-3.2 3.2 9.4 521C08 0.8
-3.2 3.2 10.2 F75521 0.8
-3.2 3.2 11 571E08 0.8
-3.2 3.2 11.8 571E08 0.8
-2.4 0 -5.8 5A2008 0.8
-2.4 0 -5 5A2008 0.8
-2.4 0 -4.2 5A2108 0.8
-2.4 0 -3.4 5A2208 0.8
-2.4 0 -2.6 5A2008 0.8
-2.4 0 -1.8 5A2008 0.8
-2.4 0 -1 5A2108 0.8
-2.4 0 -0.2 5A2408 0.8
-2.4 0 0.5999999 5A2008 0.8
-2.4 0 1.4 5A2208 0.8
-2.4 0 2.2 5A2108 0.8
-2.4 0 3 5A2208 0.8
-2.4 0 3.8 5A2408 0.8
-2.4 0 4.6 5A2208 0.8
-2.4 0 5.4 5A2208 0.8
-2.4 0 6.2 5A2108 0.8
-2.4 0 7 5A2008 0.8
-2.4 0 7.8 5A2108 0.8
-2.4 0 8.6 571E08 0.8
-2.4 0 9.4 542008 0.8
-2.4 0 10.2 4F1D08 0.8
-2.4 0 11 521C08 0.8
-2.4 0 11.8 4F1C08 0.8
-2.4 2.4 -8.2 913B00 0.8
-2.4 2.4 -7.400001 913B00 0.8
-2.4 2.4 13.4 943D00 0.8
-2.4 2.4 14.2 993F00 0.8
-2.4 3.2 -6.6 391408 0.8
-2.4 3.2 12.6 4F1C08 0.8
-2.4 3.2 -5.8 521C08 0.8
-2.4 3.2 -5 521C08 0.8
-2.4 3.2 -4.2 521C08 0.8
-2.4 3.2 -3.4 572008 0.8
-2.4 3.2 -2.6 5A2008 0.8
-2.4 3.2 -1.8 572008 0.8
-2.4 3.2 -1 5A2008 0.8
-2.4 3.2 -0.2 310400 0.8
-2.4 3.2 0.5999999 5A1000 0.8
-2.4 3.2 1.4 5A2008 0.8
-2.4 3.2 2.2 5A2108 0.8
-2.4 3.2 3 5A2208 0.8
-2.4 3.2 3.8 5A2008 0.8
-2.4 3.2 4.6 5A2008 0.8
-2.4 3.2 5.4 FFFFF7 0.8
-2.4 3.2 6.2 FF6121 0.8
-2.4 3.2 7 F75921 0.8
-2.4 3.2 7.8 4C1A05 0.8
-2.4 3.2 8.6 471602 0.8
-2.4 3.2 9.4 421408 0.8
-2.4 3.2 10.2 F75521 0.8
-2.4 3.2 11 541D08 0.8
-2.4 3.2 11.8 4F1D08 0.8
-1.6 1.6 -8.2 9F4000 0.8
-1.6 1.6 -7.400001 A54500 0.8
-1.6 0.8 -6.6 9C4508 0.8
-1.6 0 -5.8 542008 0.8
-1.6 0 -5 521C08 0.8
-1.6 0 -4.2 4A1C08 0.8
-1.6 0 -3.4 521C08 0.8
-1.6 0 -2.6 5A1400 0.8
-1.6 0 -1.8 732400 0.8
-1.6 0 -1 7B2C00 0.8
-1.6 0 -0.2 AA7152 0.8
-1.6 0 0.5999999 7B2C00 0.8
-1.6 0 1.4 522008 0.8
-1.6 0 2.2 521C08 0.8
-1.6 0 3 522008 0.8
-1.6 0 3.8 5A2208 0.8
-1.6 0 4.6 5A2108 0.8
-1.6 0 5.4 5A2108 0.8
-1.6 0 6.2 5A2008 0.8
-1.6 0 7 5A2008 0.8
-1.6 0 7.8 5A2008 0.8
-1.6 0 8.6 571E08 0.8
-1.6 0 9.4 571E08 0.8
-1.6 0 10.2 4A1C08 0.8
-1.6 0 11 541E08 0.8
-1.6 0 11.8 521C08 0.8
-1.6 0.8 12.6 8C3C08 0.8
-1.6 1.6 13.4 943D00 0.8
-1.6 1.6 14.2 8E3600 0.8
-1.6 2.4 -6.6 943C00 0.8
-1.6 2.4 -8.2 943C00 0.8
-1.6 2.4 -7.400001 963D00 0.8
-1.6 2.4 13.4 9C4100 0.8
-1.6 2.4 12.6 993F00 0.8
-1.6 2.4 14.2 963D00 0.8
-1.6 3.2 -6.6 944100 0.8
-1.6 3.2 12.6 944108 0.8
-1.6 3.2 -5.8 4C1A08 0.8
-1.6 3.2 -5 521C08 0.8
-1.6 3.2 -4.2 571E08 0.8
-1.6 3.2 -3.4 5A2008 0.8
-1.6 3.2 -2.6 582008 0.8
-1.6 3.2 -1.8 582008 0.8
-1.6 3.2 -1 FFFFF7 0.8
-1.6 3.2 -0.2 FFEFD6 0.8
-1.6 3.2 0.5999999 FFFBEF 0.8
-1.6 3.2 1.4 5A2008 0.8
-1.6 3.2 2.2 5A2108 0.8
-1.6 3.2 3 5A2108 0.8
-1.6 3.2 3.8 5A2208 0.8
-1.6 3.2 4.6 521800 0.8
-1.6 3.2 5.4 FFF7E7 0.8
-1.6 3.2 6.2 521C08 0.8
-1.6 3.2 7 F45B1E 0.8
-1.6 3.2 7.8 F15A21 0.8
-1.6 3.2 8.6 C04416 0.8
-1.6 3.2 9.4 F75921 0.8
-1.6 3.2 10.2 F75921 0.8
-1.6 3.2 11 521D08 0.8
-1.6 3.2 11.8 4F1C08 0.8
-0.8 1.6 -8.2 9F4200 0.8
-0.8 1.6 -7.400001 A54500 0.8
-0.8 0.8 -6.6 944508 0.8
-0.8 0 -5.8 571E08 0.8
-0.8 0 -5 5A2008 0.8
-0.8 0 -4.2 6B2400 0.8
-0.8 0 -3.4 732800 0.8
-0.8 0 -2.6 732800 0.8
-0.8 0 -1.8 8B4C29 0.8
-0.8 0 -1 894C26 0.8
-0.8 0 -0.2 894B26 0.8
-0.8 0 0.5999999 8B4C29 0.8
-0.8 0 1.4 6B2400 0.8
-0.8 0 2.2 8E522E 0.8
-0.8 0 3 732D05 0.8
-0.8 0 3.8 5A2208 0.8
-0.8 0 4.6 5A2008 0.8
-0.8 0 5.4 5A2008 0.8
-0.8 0 6.2 572008 0.8
-0.8 0 7 521C08 0.8
-0.8 0 7.8 571E08 0.8
-0.8 0 8.6 571E08 0.8
-0.8 0 9.4 4F1D08 0.8
-0.8 0 10.2 521D05 0.8
-0.8 0 11 521C08 0.8
-0.8 0 11.8 4F1C05 0.8
-0.8 0.8 12.6 4F1E08 0.8
-0.8 1.6 13.4 963F00 0.8
-0.8 1.6 14.2 943B00 0.8
-0.8 2.4 -6.6 963D00 0.8
-0.8 2.4 -8.2 993F00 0.8
-0.8 2.4 -7.400001 993F00 0.8
-0.8 2.4 13.4 993F00 0.8
-0.8 2.4 12.6 943C00 0.8
-0.8 2.4 14.2 9C4100 0.8
-0.8 3.2 -6.6 8C3D05 0.8
-0.8 3.2 12.6 944108 0.8
-0.8 3.2 -5.8 391408 0.8
-0.8 3.2 -5 541D08 0.8
-0.8 3.2 -4.2 571E08 0.8
-0.8 3.2 -3.4 5A2008 0.8
-0.8 3.2 -2.6 5A2108 0.8
-0.8 3.2 -1.8 5A1400 0.8
-0.8 3.2 -1 FFFBF7 0.8
-0.8 3.2 -0.2 4A0C00 0.8
-0.8 3.2 0.5999999 FFFFF7 0.8
-0.8 3.2 1.4 FFFFF7 0.8
-0.8 3.2 2.2 5A1000 0.8
-0.8 3.2 3 AD6A55 0.8
-0.8 3.2 3.8 FFFBEF 0.8
-0.8 3.2 4.6 8B5F4D 0.8
-0.8 3.2 5.4 FFFFFF 0.8
-0.8 3.2 6.2 FFFBF7 0.8
-0.8 3.2 7 86594A 0.8
-0.8 3.2 7.8 4A0C00 0.8
-0.8 3.2 8.6 421000 0.8
-0.8 3.2 9.4 F75721 0.8
-0.8 3.2 10.2 4A1C08 0.8
-0.8 3.2 11 572008 0.8
-0.8 3.2 11.8 5A2008 0.8
0 1.6 -8.2 9C4100 0.8
0 1.6 -7.400001 9C4500 0.8
0 0.8 -6.6 9C4100 0.8
0 0 -5.8 5A2008 0.8
0 0 -5 522008 0.8
0 0 -4.2 6B2800 0.8
0 0 -3.4 894F2B 0.8
0 0 -2.6 9C654A 0.8
0 0 -1.8 6B2400 0.8
0 0 -1 803F16 0.8
0 0 -0.2 945931 0.8
0 0 0.5999999 945939 0.8
0 0 1.4 6B2800 0.8
0 0 2.2 732808 0.8
0 0 3 732D05 0.8
0 0 3.8 5A2208 0.8
0 0 4.6 5A2108 0.8
0 0 5.4 5A2008 0.8
0 0 6.2 5A2108 0.8
0 0 7 571E08 0.8
0 0 7.8 5A2008 0.8
0 0 8.6 571E08 0.8
0 0 9.4 521E05 0.8
0 0 10.2 521C08 0.8
0 0 11 4C1C08 0.8
0 0 11.8 4F1C08 0.8
0 0.8 12.6 863802 0.8
0 1.6 13.4 943D00 0.8
0 1.6 14.2 8E3900 0.8
0 2.4 -6.6 993F00 0.8
0 2.4 -8.2 913B00 0.8
0 2.4 -7.400001 963D00 0.8
0 2.4 13.4 893905 0.8
0 2.4 12.6 391408 0.8
0 2.4 14.2 963F00 0.8
0 3.2 -6.6 944508 0.8
0 3.2 12.6 542008 0.8
0 3.2 -5.8 944108 0.8
0 3.2 -5 541D08 0.8
0 3.2 -4.2 571E08 0.8
0 3.2 -3.4 5A2008 0.8
0 3.2 -2.6 5A2008 0.8
0 3.2 -1.8 FFFFFF 0.8
0 3.2 -1 5A2008 0.8
0 3.2 -0.2 915F52 0.8
0 3.2 0.5999999 FFFFEF 0.8
0 3.2 1.4 420C00 0.8
0 3.2 2.2 FFFFFF 0.8
0 3.2 3 FFFBEF 0.8
0 3.2 3.8 4A1000 0.8
0 3.2 4.6 FFFFFF 0.8
0 3.2 5.4 5A2408 0.8
0 3.2 6.2 630C00 0.8
0 3.2 7 F79A6B 0.8
0 3.2 7.8 FFFBF7 0.8
0 3.2 8.6 D64100 0.8
0 3.2 9.4 FF5921 0.8
0 3.2 10.2 521C08 0.8
0 3.2 11 571E08 0.8
0 3.2 11.8 521E08 0.8
0.8 1.6 -8.2 994000 0.8
0.8 1.6 -7.400001 9C4100 0.8
0.8 0.8 -6.6 521E08 0.8
0.8 0 -5.8 571E08 0.8
0.8 0 -5 521C08 0.8
0.8 0 -4.2 6B2800 0.8
0.8 0 -3.4 6B2400 0.8
0.8 0 -2.6 783413 0.8
0.8 0 -1.8 7B3C18 0.8
0.8 0 -1 6B2800 0.8
0.8 0 -0.2 6B2400 0.8
0.8 0 0.5999999 702805 0.8
0.8 0 1.4 702A05 0.8
0.8 0 2.2 732C08 0.8
0.8 0 3 732D05 0.8
0.8 0 3.8 5A2208 0.8
0.8 0 4.6 5A2208 0.8
0.8 0 5.4 572108 0.8
0.8 0 6.2 5A2108 0.8
0.8 0 7 5A2108 0.8
0.8 0 7.8 5A2008 0.8
0.8 0 8.6 571E08 0.8
0.8 0 9.4 521C08 0.8
0.8 0 10.2 521C08 0.8
0.8 0 11 521C08 0.8
0.8 0 11.8 4A1C08 0.8
0.8 0.8 12.6 4C1E08 0.8
0.8 1.6 13.4 943C00 0.8
0.8 1.6 14.2 913800 0.8
0.8 2.4 -6.6 913B00 0.8
0.8 2.4 -8.2 963F00 0.8
0.8 2.4 -7.400001 913B00 0.8
0.8 2.4 13.4 993F00 0.8
0.8 2.4 12.6 9C4100 0.8
0.8 2.4 14.2 963D00 0.8
0.8 3.2 -6.6 5A2008 0.8
0.8 3.2 12.6 944100 0.8
0.8 3.2 -5.8 632408 0.8
0.8 3.2 -5 541D08 0.8
0.8 3.2 -4.2 5A2008 0.8
0.8 3.2 -3.4 572008 0.8
0.8 3.2 -2.6 521C08 0.8
0.8 3.2 -1.8 5A0800 0.8
0.8 3.2 -1 A56442 0.8
0.8 3.2 -0.2 6B1400 0.8
0.8 3.2 0.5999999 FFFFFF 0.8
0.8 3.2 1.4 FFFBEF 0.8
0.8 3.2 2.2 C8B0A4 0.8
0.8 3.2 3 FFFFF7 0.8
0.8 3.2 3.8 CE5118 0.8
0.8 3.2 4.6 FFFBF7 0.8
0.8 3.2 5.4 FFFFF7 0.8
0.8 3.2 6.2 FFFFF7 0.8
0.8 3.2 7 F4C1A4 0.8
0.8 3.2 7.8 E98D65 0.8
0.8 3.2 8.6 E75110 0.8
0.8 3.2 9.4 732808 0.8
0.8 3.2 10.2 5A2008 0.8
0.8 3.2 11 541D08 0.8
0.8 3.2 11.8 541D08 0.8
1.6 1.6 -8.2 843800 0.8
1.6 1.6 -7.400001 994100 0.8
1.6 0.8 -6.6 632808 0.8
1.6 0 -5.8 541E08 0.8
1.6 0 -5 521C08 0.8
1.6 0 -4.2 6B2808 0.8
1.6 0 -3.4 682805 0.8
1.6 0 -2.6 702905 0.8
1.6 0 -1.8 702905 0.8
1.6 0 -1 702905 0.8
1.6 0 -0.2 702A05 0.8
1.6 0 0.5999999 752D05 0.8
1.6 0 1.4 6D2602 0.8
1.6 0 2.2 752D08 0.8
1.6 0 3 752D08 0.8
1.6 0 3.8 5A2108 0.8
1.6 0 4.6 5A2108 0.8
1.6 0 5.4 5A2108 0.8
1.6 0 6.2 5A2108 0.8
1.6 0 7 5A2008 0.8
1.6 0 7.8 571E08 0.8
1.6 0 8.6 5A2008 0.8
1.6 0 9.4 541E08 0.8
1.6 0 10.2 521C08 0.8
1.6 0 11 4C1C08 0.8
1.6 0 11.8 4F1C08 0.8
1.6 0.8 12.6 391408 0.8
1.6 1.6 13.4 963D00 0.8
1.6 1.6 14.2 963A00 0.8
1.6 2.4 -6.6 994100 0.8
1.6 2.4 -8.2 9C4100 0.8
1.6 2.4 -7.400001 993F00 0.8
1.6 2.4 13.4 963D00 0.8
1.6 2.4 12.6 9C4100 0.8
1.6 2.4 14.2 963D00 0.8
1.6 3.2 -6.6 8E3A00 0.8
1.6 3.2 12.6 542108 0.8
1.6 3.2 -5.8 4C1C08 0.8
1.6 3.2 -5 571E08 0.8
1.6 3.2 -4.2 571E08 0.8
1.6 3.2 -3.4 FF6121 0.8
1.6 3.2 -2.6 B24216 0.8
1.6 3.2 -1.8 F75D21 0.8
1.6 3.2 -1 915A4D 0.8
1.6 3.2 -0.2 A53408 0.8
1.6 3.2 0.5999999 84C7D6 0.8
1.6 3.2 1.4 9CDFEF 0.8
1.6 3.2 2.2 ADE7F7 0.8
1.6 3.2 3 A7BBB7 0.8
1.6 3.2 3.8 A7B5B2 0.8
1.6 3.2 4.6 F77931 0.8
1.6 3.2 5.4 73C3DE 0.8
1.6 3.2 6.2 9CF3FF 0.8
1.6 3.2 7 EF5110 0.8
1.6 3.2 7.8 A5E3F7 0.8
1.6 3.2 8.6 311808 0.8
1.6 3.2 9.4 541D08 0.8
1.6 3.2 10.2 5A2008 0.8
1.6 3.2 11 572008 0.8
1.6 3.2 11.8 541D08 0.8
2.4 1.6 -8.2 943C00 0.8
2.4 1.6 -7.400001 944100 0.8
2.4 0.8 -6.6 732C10 0.8
2.4 0 -5.8 521C08 0.8
2.4 0 -5 4F1C08 0.8
2.4 0 -4.2 4F1C08 0.8
2.4 0 -3.4 521C08 0.8
2.4 0 -2.6 521C08 0.8
2.4 0 -1.8 541D08 0.8
2.4 0 -1 572008 0.8
2.4 0 -0.2 572008 0.8
2.4 0 0.5999999 542008 0.8
2.4 0 1.4 5A2008 0.8
2.4 0 2.2 5A2108 0.8
2.4 0 3 572008 0.8
2.4 0 3.8 5A2108 0.8
2.4 0 4.6 5A2108 0.8
2.4 0 5.4 5A2008 0.8
2.4 0 6.2 571E08 0.8
2.4 0 7 5A2008 0.8
2.4 0 7.8 541D08 0.8
2.4 0 8.6 571E08 0.8
2.4 0 9.4 521E05 0.8
2.4 0 10.2 521C08 0.8
2.4 0 11 521C08 0.8
2.4 0 11.8 4C1C08 0.8
2.4 0.8 12.6 60240A 0.8
2.4 1.6 13.4 963D00 0.8
2.4 1.6 14.2 913900 0.8
2.4 2.4 -6.6 783302 0.8
2.4 2.4 -8.2 963D00 0.8
2.4 2.4 -7.400001 993F00 0.8
2.4 2.4 13.4 963E00 0.8
2.4 2.4 12.6 944108 0.8
2.4 2.4 14.2 943C00 0.8
2.4 3.2 -6.6 391408 0.8
2.4 3.2 12.6 391408 0.8
2.4 3.2 -5.8 4C1A08 0.8
2.4 3.2 -5 4F1D08 0.8
2.4 3.2 -4.2 541D08 0.8
2.4 3.2 -3.4 C04616 0.8
2.4 3.2 -2.6 F45A1B 0.8
2.4 3.2 -1.8 F75D21 0.8
2.4 3.2 -1 FF5D21 0.8
2.4 3.2 -0.2 F75D21 0.8
2.4 3.2 0.5999999 F75D21 0.8
2.4 3.2 1.4 FF6121 0.8
2.4 3.2 2.2 FF6929 0.8
2.4 3.2 3 F17233 0.8
2.4 3.2 3.8 F1762E 0.8
2.4 3.2 4.6 F77131 0.8
2.4 3.2 5.4 F75D21 0.8
2.4 3.2 6.2 682405 0.8
2.4 3.2 7 522008 0.8
2.4 3.2 7.8 522008 0.8
2.4 3.2 8.6 541E05 0.8
2.4 3.2 9.4 5A2008 0.8
2.4 3.2 10.2 5A2008 0.8
2.4 3.2 11 521C08 0.8
2.4 3.2 11.8 521C08 0.8
3.2 0.8 -5.8 571E08 0.8
3.2 0.8 -5 5A2108 0.8
3.2 0.8 -4.2 571E08 0.8
3.2 0.8 -3.4 5A2008 0.8
3.2 0.8 -2.6 5A2208 0.8
3.2 0.8 -1.8 5A2108 0.8
3.2 0.8 -1 5A2108 0.8
3.2 0.8 -0.2 5A2208 0.8
3.2 0.8 0.5999999 5A2108 0.8
3.2 0.8 1.4 5A2108 0.8
3.2 0.8 2.2 5A2208 0.8
3.2 0.8 3 542008 0.8
3.2 0.8 3.8 5A2208 0.8
3.2 0.8 4.6 5A2208 0.8
3.2 0.8 5.4 5A2208 0.8
3.2 0.8 6.2 5A2208 0.8
3.2 0.8 7 5A2208 0.8
3.2 0.8 7.8 5A2008 0.8
3.2 0.8 8.6 5A2008 0.8
3.2 0.8 9.4 571E08 0.8
3.2 0.8 10.2 541D08 0.8
3.2 0.8 11 541D08 0.8
3.2 0.8 11.8 521E05 0.8
3.2 0 -5 521C08 0.8
3.2 0 -4.2 582108 0.8
3.2 0 -3.4 5A2108 0.8
3.2 0 -2.6 5A2208 0.8
3.2 0 -1.8 5A2208 0.8
3.2 0 -1 5A2208 0.8
3.2 0 -0.2 5A2108 0.8
3.2 0 0.5999999 5A2108 0.8
3.2 0 1.4 5A2208 0.8
3.2 0 2.2 5A2208 0.8
3.2 0 3 5A2008 0.8
3.2 1.6 -5.8 541D08 0.8
3.2 1.6 -6.6 552008 0.8
3.2 1.6 12.6 521C08 0.8
3.2 1.6 11.8 521E05 0.8
3.2 2.4 -5.8 571E08 0.8
3.2 2.4 11.8 521D05 0.8
3.2 3.2 -5.8 521C08 0.8
3.2 3.2 -5 522008 0.8
3.2 3.2 -4.2 521C08 0.8
3.2 3.2 -3.4 BA4416 0.8
3.2 3.2 -2.6 F75D21 0.8
3.2 3.2 -1.8 541E05 0.8
3.2 3.2 -1 4A1C08 0.8
3.2 3.2 -0.2 521C08 0.8
3.2 3.2 0.5999999 521E08 0.8
3.2 3.2 1.4 521C08 0.8
3.2 3.2 2.2 4A1800 0.8
3.2 3.2 3 BA4616 0.8
3.2 3.2 3.8 521C08 0.8
3.2 3.2 4.6 572008 0.8
3.2 3.2 5.4 572008 0.8
3.2 3.2 6.2 5A2008 0.8
3.2 3.2 7 5A2108 0.8
3.2 3.2 7.8 572008 0.8
3.2 3.2 8.6 572008 0.8
3.2 3.2 9.4 5A2108 0.8
3.2 3.2 10.2 5A2008 0.8
3.2 3.2 11 571E08 0.8
3.2 3.2 11.8 521E05 0.8
3.2 1.6 -5 5A2008 0.8
3.2 1.6 -4.2 C54718 0.8
3.2 1.6 -3.4 521C08 0.8
3.2 1.6 -2.6 5A2108 0.8
3.2 1.6 -1.8 5A2108 0.8
3.2 1.6 -1 5A2108 0.8
3.2 1.6 -0.2 5A2108 0.8
3.2 1.6 0.5999999 5A2108 0.8
3.2 1.6 1.4 542008 0.8
3.2 1.6 2.2 5A2008 0.8
3.2 1.6 3 542008 0.8
3.2 1.6 3.8 5A2208 0.8
3.2 1.6 4.6 5A2208 0.8
3.2 1.6 5.4 5A2108 0.8
3.2 1.6 6.2 5A2008 0.8
3.2 1.6 7 5A2008 0.8
3.2 1.6 7.8 5A2208 0.8
3.2 1.6 8.6 5A2008 0.8
3.2 1.6 9.4 542008 0.8
3.2 1.6 10.2 541D08 0.8
3.2 1.6 11 571E08 0.8
3.2 2.4 -5 5A2008 0.8
3.2 2.4 -4.2 4A1C08 0.8
3.2 2.4 -3.4 F75D21 0.8
3.2 2.4 -2.6 5A2008 0.8
3.2 2.4 -1.8 571E08 0.8
3.2 2.4 -1 572008 0.8
3.2 2.4 -0.2 542008 0.8
3.2 2.4 0.5999999 541E08 0.8
3.2 2.4 1.4 572008 0.8
3.2 2.4 2.2 542008 0.8
3.2 2.4 3 542005 0.8
3.2 2.4 3.8 572008 0.8
3.2 2.4 4.6 5A2208 0.8
3.2 2.4 5.4 5A2208 0.8
3.2 2.4 6.2 5A2008 0.8
3.2 2.4 7 5A2108 0.8
3.2 2.4 7.8 5A2108 0.8
3.2 2.4 8.6 572008 0.8
3.2 2.4 9.4 5A2008 0.8
3.2 2.4 10.2 542008 0.8
3.2 2.4 11 572008 0.8
