-3.6 0.45 1.200001 5F300A 1.2
-2.4 0.45 2.400001 5F300A 1.2
-1.2 0.45 2.400001 5F300A 1.2
2.384186E-07 0.45 2.4 5F300A 1.2
1.2 0.45 2.4 5F300A 1.2
2.400001 0.45 2.4 5F300A 1.2
3.600001 0.45 1.2 5F300A 1.2
-4.800001 1.65 4.768372E-07 5F300A 1.2
-3.6 1.65 2.400001 5F300A 1.2
-2.4 1.65 2.400001 5F300A 1.2
-1.2 1.65 2.400001 5A3008 1.2
4.768372E-07 1.65 3.600001 522C00 1.2
1.2 1.65 2.4 5A2C08 1.2
2.400001 1.65 2.4 5F300A 1.2
3.600001 1.65 2.4 5F300A 1.2
4.800001 1.65 -4.768372E-07 5F300A 1.2
-4.800001 2.85 1.200001 5F300A 1.2
-3.6 2.85 2.400001 5F300A 1.2
-2.4 2.85 2.400001 522808 1.2
-1.2 2.85 3.600001 310008 1.2
4.768372E-07 2.85 3.600001 420410 1.2
1.200001 2.85 3.6 390008 1.2
2.400001 2.85 2.4 F7498C 1.2
3.600001 2.85 2.4 5F300A 1.2
4.800001 2.85 1.2 5F300A 1.2
-4.800001 4.05 1.200001 5F300A 1.2
-3.6 4.05 2.400001 633008 1.2
-2.4 4.05 2.400001 210000 1.2
-1.2 4.05 3.600001 704F55 1.2
4.768372E-07 4.05 3.600001 CED7D6 1.2
1.200001 4.05 3.6 CED7D6 1.2
2.400001 4.05 2.4 440412 1.2
3.600001 4.05 2.4 5A2C08 1.2
4.800001 4.05 1.2 5F300A 1.2
-4.800001 5.25 1.200001 5F300A 1.2
-3.6 5.25 2.400001 522800 1.2
-2.4 5.25 2.400001 420010 1.2
-1.2 5.25 3.600001 FFFFFF 1.2
4.768372E-07 5.25 3.600001 E7E7E7 1.2
1.200001 5.25 3.6 CBCFCB 1.2
2.400001 5.25 2.4 BDBEBD 1.2
3.600001 5.25 2.4 B73060 1.2
4.800001 5.25 1.2 5F300A 1.2
-4.800001 6.45 1.200001 5F300A 1.2
-3.6 6.45 2.400001 753023 1.2
-2.4 6.45 2.400001 4A0010 1.2
-1.2 6.45 2.400001 C8C6C8 1.2
4.768372E-07 6.45 3.600001 E7E3E7 1.2
1.2 6.45 2.4 F7FBF7 1.2
2.400001 6.45 2.4 CBC7CB 1.2
3.600001 6.45 2.4 631226 1.2
4.800001 6.45 1.2 5F300A 1.2
-4.800001 7.65 1.200001 5F300A 1.2
-3.6 7.65 2.400001 FF4594 1.2
-2.4 7.65 2.400001 4A0010 1.2
-1.2 7.65 2.400001 E9E8E9 1.2
2.384186E-07 7.65 2.4 B5BAB5 1.2
1.2 7.65 2.4 F7F3F7 1.2
2.400001 7.65 2.4 E3E2E3 1.2
3.600001 7.65 2.4 4A1810 1.2
4.800001 7.65 1.2 5F300A 1.2
-4.800001 8.85 4.768372E-07 5F300A 1.2
-3.6 8.85 1.200001 C23C65 1.2
-2.4 8.85 2.400001 4A0418 1.2
-1.2 8.85 2.400001 4A0010 1.2
2.384186E-07 8.85 2.4 4A0010 1.2
1.2 8.85 2.4 4A0010 1.2
2.400001 8.85 2.4 4A0010 1.2
3.600001 8.85 1.2 310C00 1.2
4.800001 8.85 -4.768372E-07 5F300A 1.2
-3.6 10.05 1.200001 5A2C08 1.2
-2.4 10.05 2.400001 631F2E 1.2
-1.2 10.05 2.400001 631F31 1.2
2.384186E-07 10.05 2.4 652131 1.2
1.2 10.05 2.4 682331 1.2
2.400001 10.05 2.4 682434 1.2
3.600001 10.05 1.2 893031 1.2
-3.6 11.25 1.200001 633008 1.2
-2.4 11.25 2.400001 390010 1.2
-1.2 11.25 2.400001 4A0010 1.2
2.384186E-07 11.25 2.4 4A0010 1.2
1.2 11.25 2.4 4A0010 1.2
2.400001 11.25 2.4 6B2033 1.2
3.600001 11.25 1.2 5A2C08 1.2
-3.6 12.45 1.200001 5F300A 1.2
-2.4 12.45 2.400001 410515 1.2
-1.2 12.45 2.400001 552F3F 1.2
2.384186E-07 12.45 2.4 290008 1.2
1.2 12.45 2.4 290008 1.2
2.400001 12.45 2.4 210000 1.2
3.600001 12.45 1.2 603008 1.2
-3.6 13.65 1.200001 5F300A 1.2
-2.4 13.65 2.400001 F74584 1.2
-1.2 13.65 2.400001 632431 1.2
2.384186E-07 13.65 2.4 632439 1.2
1.2 13.65 2.4 4F1A28 1.2
2.400001 13.65 2.4 180000 1.2
3.600001 13.65 1.2 633008 1.2
-3.6 14.85 1.200001 5F300A 1.2
-2.4 14.85 1.2 5F300A 1.2
-1.2 14.85 2.400001 8E3334 1.2
2.384186E-07 14.85 2.4 310008 1.2
1.2 14.85 2.4 FF498C 1.2
2.400001 14.85 1.2 5A3008 1.2
3.600001 14.85 1.2 5F300A 1.2
-2.4 16.05 1.2 5F300A 1.2
-1.2 16.05 1.2 5F300A 1.2
1.192093E-07 16.05 1.2 5F300A 1.2
1.2 16.05 1.2 5F300A 1.2
2.400001 16.05 1.2 5F300A 1.2
-1.2 17.25 1.2 5F300A 1.2
1.192093E-07 17.25 1.2 5F300A 1.2
1.2 17.25 1.2 5F300A 1.2
-1.2 18.45 1.2 3C1D05 1.2
1.192093E-07 18.45 1.2 391C08 1.2
1.2 18.45 1.2 3C1D05 1.2
-1.2 19.65 1.192093E-07 3C1D05 1.2
1.192093E-07 19.65 1.2 3C1D05 1.2
1.2 19.65 -1.192093E-07 3C1D05 1.2
-1.2 0.45 -1.2 5F300A 1.2
-1.192093E-07 0.45 -1.2 5F300A 1.2
1.2 0.45 -1.2 5F300A 1.2
-2.4 0.45 1.2 5F300A 1.2
-1.2 0.45 1.2 5F300A 1.2
1.192093E-07 0.45 1.2 5F300A 1.2
1.2 0.45 1.2 5F300A 1.2
2.400001 0.45 1.2 5F300A 1.2
-4.800001 1.65 1.200001 5F300A 1.2
4.800001 1.65 1.2 5F300A 1.2
-4.800001 8.85 1.200001 5F300A 1.2
4.800001 8.85 1.2 633008 1.2
-3.600001 0.45 4.768372E-07 5F300A 1.2
-2.4 0.45 2.384186E-07 5F300A 1.2
-1.2 0.45 1.192093E-07 5F300A 1.2
0 0.45 0 5F300A 1.2
1.2 0.45 -1.192093E-07 5F300A 1.2
2.4 0.45 -2.384186E-07 5F300A 1.2
3.600001 0.45 -4.768372E-07 5A3008 1.2
-4.800001 2.85 4.768372E-07 521C00 1.2
4.800001 2.85 -4.768372E-07 633008 1.2
-4.800001 4.05 4.768372E-07 602E08 1.2
4.800001 4.05 -4.768372E-07 602E08 1.2
-6.000001 5.25 9.536743E-07 522000 1.2
6.000001 5.25 -9.536743E-07 5F300A 1.2
-6.000001 6.45 9.536743E-07 602D05 1.2
6.000001 6.45 -9.536743E-07 5F300A 1.2
-4.800001 7.65 4.768372E-07 5D2E0A 1.2
4.800001 7.65 -4.768372E-07 633008 1.2
-4.800001 10.05 4.768372E-07 602E08 1.2
4.800001 10.05 -4.768372E-07 633008 1.2
-4.800001 11.25 4.768372E-07 5D2D05 1.2
4.800001 11.25 -4.768372E-07 633008 1.2
-4.800001 12.45 4.768372E-07 5A2C08 1.2
4.800001 12.45 -4.768372E-07 5A2800 1.2
-4.800001 13.65 4.768372E-07 5F300A 1.2
4.800001 13.65 -4.768372E-07 633008 1.2
-3.600001 14.85 4.768372E-07 5F300A 1.2
3.600001 14.85 -4.768372E-07 633008 1.2
-2.4 16.05 2.384186E-07 522408 1.2
2.4 16.05 -2.384186E-07 5F300A 1.2
-1.2 17.25 1.192093E-07 5A2C08 1.2
1.2 17.25 -1.192093E-07 5A2808 1.2
-1.2 18.45 1.192093E-07 3C1D05 1.2
1.2 18.45 -1.192093E-07 3C1D05 1.2
0 20.85 0 3C1D05 1.2
-4.800001 2.85 -1.2 5F300A 1.2
-3.600001 0.45 -1.2 633008 1.2
-2.400001 0.45 -1.2 5F300A 1.2
2.4 0.45 -1.2 5F300A 1.2
3.6 0.45 -1.200001 5F300A 1.2
4.800001 2.85 -1.200001 5F300A 1.2
-4.800001 1.65 -1.2 5F300A 1.2
-1.192093E-07 18.45 -1.2 3C1E02 1.2
4.800001 1.65 -1.200001 5F300A 1.2
-4.800001 4.05 -1.2 5F300A 1.2
4.800001 4.05 -1.200001 5F300A 1.2
-4.800001 5.25 -1.2 5F300A 1.2
4.800001 5.25 -1.200001 5F300A 1.2
-4.800001 6.45 -1.2 5F300A 1.2
4.800001 6.45 -1.200001 5F300A 1.2
-4.800001 7.65 -1.2 5F300A 1.2
4.800001 7.65 -1.200001 5F300A 1.2
-4.800001 8.85 -1.2 633008 1.2
4.800001 8.85 -1.200001 5F300A 1.2
-3.600001 10.05 -1.2 5F300A 1.2
3.6 10.05 -1.200001 5F300A 1.2
-3.600001 11.25 -1.2 5F300A 1.2
3.6 11.25 -1.200001 5F300A 1.2
-3.600001 12.45 -1.2 5F300A 1.2
3.6 12.45 -1.200001 5F300A 1.2
-3.600001 13.65 -1.2 5F300A 1.2
3.6 13.65 -1.200001 5F300A 1.2
-3.600001 14.85 -1.2 5F300A 1.2
3.6 14.85 -1.200001 5F300A 1.2
-2.400001 16.05 -1.2 5F300A 1.2
2.4 16.05 -1.2 5F300A 1.2
1.2 16.05 -1.2 5F300A 1.2
-1.2 16.05 -1.2 5F300A 1.2
-1.2 17.25 -1.2 5F300A 1.2
-1.192093E-07 17.25 -1.2 5F300A 1.2
1.2 17.25 -1.2 5F300A 1.2
-1.2 18.45 -1.2 3C1D05 1.2
1.2 18.45 -1.2 3C1D05 1.2
-1.192093E-07 19.65 -1.2 3C1D05 1.2
-2.400001 0.45 -2.4 5E3008 1.2
-1.2 0.45 -2.4 522808 1.2
-2.384186E-07 0.45 -2.4 5A3008 1.2
1.2 0.45 -2.400001 5A2808 1.2
2.4 0.45 -2.400001 5F300A 1.2
-1.2 11.25 -2.4 BD9391 1.2
1.2 11.25 -2.400001 D6AEAD 1.2
-2.400001 1.65 -2.4 5F300A 1.2
-3.600001 1.65 -2.4 5F300A 1.2
3.6 1.65 -2.400001 5F300A 1.2
2.4 1.65 -2.400001 5F300A 1.2
-3.600001 2.85 -2.4 5F300A 1.2
3.6 2.85 -2.400001 5F300A 1.2
-3.600001 4.05 -2.4 5A2C08 1.2
3.6 4.05 -2.400001 5D3010 1.2
-3.600001 5.25 -2.4 FF4994 1.2
3.6 5.25 -2.400001 422000 1.2
-3.600001 6.45 -2.4 3C0413 1.2
3.6 6.45 -2.400001 9C324A 1.2
-2.400001 7.65 -2.4 4A1A26 1.2
-3.600001 7.65 -2.4 311008 1.2
3.6 7.65 -2.400001 FF4594 1.2
2.4 7.65 -2.400001 471A26 1.2
-2.400001 8.85 -2.4 703747 1.2
-3.600001 8.85 -1.2 DE4173 1.2
2.4 8.85 -2.400001 FFB2DE 1.2
3.6 8.85 -1.200001 913536 1.2
-2.384186E-07 10.05 -2.4 4A1C00 1.2
-2.400001 10.05 -2.4 390000 1.2
-1.2 8.85 -2.4 420418 1.2
-1.2 10.05 -2.4 5D1D1E 1.2
1.2 8.85 -2.400001 390418 1.2
1.2 10.05 -2.400001 4A0408 1.2
2.4 10.05 -2.400001 83484C 1.2
-2.400001 11.25 -2.4 FFEFDE 1.2
2.4 11.25 -2.400001 D6AAAD 1.2
-1.2 12.45 -2.4 840000 1.2
-2.400001 12.45 -2.4 4A0810 1.2
1.2 12.45 -2.400001 A7726E 1.2
2.4 12.45 -2.400001 390008 1.2
-1.2 13.65 -2.4 4C2518 1.2
-2.400001 13.65 -2.4 F7498C 1.2
1.2 13.65 -2.400001 420410 1.2
2.4 13.65 -2.400001 68192E 1.2
-2.400001 14.85 -1.2 5F300A 1.2
-1.2 14.85 -2.4 651D2E 1.2
-2.384186E-07 14.85 -2.4 3E0110 1.2
1.2 14.85 -2.400001 5A3008 1.2
2.4 14.85 -1.2 5F300A 1.2
-1.192093E-07 16.05 -1.2 5F300A 1.2
-1.2 1.65 -2.4 8E3434 1.2
-4.768372E-07 1.65 -3.600001 F7418C 1.2
1.2 1.65 -2.400001 5A2C08 1.2
-2.400001 2.85 -2.4 210000 1.2
-1.200001 2.85 -3.6 290000 1.2
-4.768372E-07 2.85 -3.600001 6BBA21 1.2
1.2 2.85 -3.600001 390010 1.2
2.4 2.85 -2.400001 F7458C 1.2
-2.400001 4.05 -2.4 210408 1.2
-1.200001 4.05 -3.6 8C9E29 1.2
-4.768372E-07 4.05 -3.600001 6A2D0A 1.2
1.2 4.05 -3.600001 734910 1.2
2.4 4.05 -2.400001 3C020A 1.2
-2.400001 5.25 -2.4 AA4868 1.2
-1.200001 5.25 -3.6 E74984 1.2
-4.768372E-07 5.25 -3.600001 731C2E 1.2
1.2 5.25 -3.600001 F7558C 1.2
2.4 5.25 -2.400001 A44765 1.2
-2.400001 6.45 -2.4 4A0215 1.2
-1.2 6.45 -2.4 4F0618 1.2
-4.768372E-07 6.45 -3.600001 4A0010 1.2
1.2 6.45 -2.400001 4A0418 1.2
2.4 6.45 -2.400001 4A0215 1.2
-1.2 7.65 -2.4 84284A 1.2
-2.384186E-07 7.65 -2.4 7B284A 1.2
1.2 7.65 -2.400001 6D2536 1.2
-2.384186E-07 8.85 -2.4 6B0421 1.2
-2.384186E-07 11.25 -2.4 D6AEAD 1.2
-2.384186E-07 12.45 -2.4 520410 1.2
-2.384186E-07 13.65 -2.4 4A0918 1.2
