-6.38 0.27 0 636531 1.2
-8.780001 1.47 2.400001 4A5521 1.2
-7.58 1.47 2.400001 4F5A1B 1.2
-6.38 1.47 2.4 5A6518 1.2
-5.18 1.47 2.4 6B7118 1.2
-3.98 1.47 2.4 657110 1.2
-2.779999 1.47 2.4 5F6D1B 1.2
-1.579999 1.47 2.4 5A6D10 1.2
-0.3799992 1.47 2.4 6B7508 1.2
0.8200011 1.47 1.199999 6B7918 1.2
2.020001 1.47 1.199999 6A7926 1.2
3.220001 1.47 1.199999 7B9231 1.2
4.420001 1.47 1.199999 9CAA39 1.2
5.620002 1.47 1.199998 B2B444 1.2
6.820003 1.47 1.199998 BABA47 1.2
8.020002 1.47 1.199998 BABB47 1.2
9.220002 1.47 -1.907349E-06 F7FB6B 1.2
-9.98 2.67 1.200001 7B7129 1.2
-8.780001 2.67 2.400001 4A5121 1.2
-7.58 2.67 2.400001 3E4620 1.2
-6.38 2.67 2.4 4A5121 1.2
-5.18 2.67 2.4 4F5926 1.2
-3.98 2.67 2.4 5F5F26 1.2
-2.779999 2.67 2.4 5F6326 1.2
-1.579999 2.67 2.4 636521 1.2
-0.3799992 2.67 2.4 5D6520 1.2
0.8200016 2.67 2.399999 687028 1.2
2.020001 2.67 2.4 7B8639 1.2
3.220001 2.67 2.4 656A2C 1.2
4.420001 2.67 2.4 ADB242 1.2
5.620002 2.67 2.399999 AFAC42 1.2
6.820003 2.67 1.199998 EECE2B 1.2
8.020002 2.67 1.199998 E9BD29 1.2
-9.98 3.87 4.768372E-07 7B7131 1.2
-8.780001 3.87 1.2 DEA200 1.2
-7.58 3.87 2.400001 E9C137 1.2
-6.38 3.87 2.4 EEC834 1.2
-5.18 3.87 2.4 F1CD20 1.2
-3.98 3.87 2.4 E9C120 1.2
-2.779999 3.87 2.4 F7DB21 1.2
-1.579999 3.87 2.4 F9DB33 1.2
-0.3799992 3.87 2.4 F4D528 1.2
0.8200016 3.87 2.399999 DEAA10 1.2
2.020001 3.87 1.199999 E9C11B 1.2
3.220001 3.87 1.199999 F1CD29 1.2
4.420001 3.87 1.199999 F4D747 1.2
5.620002 3.87 1.199998 E9C928 1.2
6.820003 3.87 1.199998 EFCB2E 1.2
8.020002 3.87 -1.907349E-06 F4D834 1.2
-8.780001 5.07 2.384186E-07 F4D233 1.2
-7.58 5.07 1.2 F7E35A 1.2
-6.38 5.07 1.2 F9E16A 1.2
-5.18 5.07 1.2 F7C718 1.2
-3.98 5.07 1.2 F7CB08 1.2
-2.779999 5.07 1.2 FFE954 1.2
-1.579999 5.07 1.2 F9C61E 1.2
-0.3799992 5.07 -9.536743E-07 F9D62C 1.2
0.8200011 5.07 -9.536743E-07 EFAF10 1.2
2.020001 5.07 -9.536743E-07 F7D339 1.2
3.220001 5.07 -9.536743E-07 FFFB84 1.2
4.420001 5.07 -9.536743E-07 F1BA18 1.2
-8.780001 1.47 1.2 525D29 1.2
-7.58 0.27 1.2 5A631B 1.2
-6.38 0.27 1.2 525D10 1.2
-5.18 0.27 1.2 687328 1.2
-3.98 0.27 1.2 68712B 1.2
-2.779999 0.27 1.2 7B8231 1.2
-1.579999 0.27 1.2 6E752B 1.2
-0.3799992 1.47 1.199999 687329 1.2
9.220002 1.47 1.199999 AAAA42 1.2
-8.780001 1.47 -1.2 4A5521 1.2
-7.58 1.47 1.2 4A5521 1.2
-7.58 1.47 -2.4 4F5726 1.2
-6.38 1.47 -2.4 525D21 1.2
-5.18 1.47 -2.400001 545A21 1.2
-3.98 1.47 1.2 5D6529 1.2
-3.98 1.47 -2.400001 636D21 1.2
-2.779999 1.47 1.2 737939 1.2
-2.78 1.47 -2.400001 6D7323 1.2
-1.579999 1.47 1.2 626A2E 1.2
-1.58 1.47 -2.400001 707526 1.2
-0.3799992 1.47 -2.400001 75792B 1.2
0.8200011 1.47 -1.200001 6D7623 1.2
2.020001 1.47 -1.200001 6B7129 1.2
3.220001 1.47 -1.200001 6B7129 1.2
8.020002 1.47 -1.200002 B5B642 1.2
-8.780001 5.07 1.2 ECCA39 1.2
-0.3799992 5.07 1.199999 F4C826 1.2
0.8200011 5.07 1.199999 F4C118 1.2
2.020001 5.07 1.199999 E6A610 1.2
3.220001 5.07 1.199999 F4D32E 1.2
4.420001 5.07 1.199999 F9D52E 1.2
-9.98 1.47 4.768372E-07 574612 1.2
-8.780001 0.27 2.384186E-07 4C571B 1.2
-7.58 0.27 1.192093E-07 636D39 1.2
-5.18 0.27 -1.192093E-07 5D661B 1.2
-3.98 0.27 -2.384186E-07 6B7121 1.2
-2.779999 0.27 -4.768372E-07 737929 1.2
-1.579999 0.27 -4.768372E-07 707923 1.2
-0.3799992 0.27 -9.536743E-07 6B7129 1.2
0.8200011 0.27 -9.536743E-07 70722B 1.2
2.020001 0.27 -9.536743E-07 737129 1.2
3.220001 0.27 -9.536743E-07 787D2B 1.2
4.420001 0.27 -9.536743E-07 898F33 1.2
5.620002 0.27 -1.907349E-06 9CA239 1.2
6.820003 1.47 -1.907349E-06 EFAA10 1.2
8.020002 1.47 -1.907349E-06 EFAE00 1.2
4.420001 1.47 -9.536743E-07 839029 1.2
4.420001 1.47 -1.200001 848E29 1.2
5.620002 1.47 -1.907349E-06 B5B642 1.2
5.620002 1.47 -1.200002 AAAB39 1.2
6.820003 1.47 -1.200002 AFAC3C 1.2
-9.98 2.67 4.768372E-07 736121 1.2
8.020002 2.67 -1.907349E-06 F4CD28 1.2
5.620002 5.07 -1.907349E-06 FFD729 1.2
6.820003 5.07 -1.907349E-06 FFF352 1.2
-7.58 5.07 1.192093E-07 ECAD20 1.2
-6.38 5.07 0 F7C631 1.2
-5.18 5.07 -1.192093E-07 EFB113 1.2
-3.98 5.07 -2.384186E-07 F1C923 1.2
-2.779999 5.07 -4.768372E-07 E79610 1.2
-1.579999 5.07 -4.768372E-07 F1C02C 1.2
-8.780001 0.27 -1.2 5A6521 1.2
-7.58 0.27 -1.2 60661B 1.2
-6.38 0.27 -1.2 636910 1.2
-5.18 0.27 -1.2 636E1B 1.2
-3.98 0.27 -1.2 5A6A18 1.2
-2.78 0.27 -1.200001 737921 1.2
-1.579999 0.27 -1.200001 637121 1.2
-0.3799992 0.27 -1.200001 636D21 1.2
9.220002 1.47 -1.200002 BDBA4A 1.2
-9.980001 1.47 -1.2 4A5518 1.2
-7.58 1.47 -1.2 525B21 1.2
-3.98 1.47 -1.2 5A6518 1.2
-2.78 1.47 -1.200001 576512 1.2
-1.579999 1.47 -1.200001 526110 1.2
-0.3799992 1.47 -1.200001 5A6510 1.2
8.020002 2.67 -1.200002 E9BA1D 1.2
-9.980001 2.67 -1.2 424826 1.2
-9.980001 3.87 -1.2 C6A629 1.2
8.020002 3.87 -1.200002 FFEF63 1.2
-7.58 5.07 -1.2 EFAA18 1.2
-8.780001 5.07 -1.2 E9C034 1.2
-3.98 5.07 -1.2 F1C623 1.2
-2.78 5.07 -1.200001 DE7D18 1.2
-1.579999 5.07 -1.200001 F1BD1B 1.2
-0.3799992 5.07 -1.200001 ECA213 1.2
0.8200011 5.07 -1.200001 F1C226 1.2
2.020001 5.07 -1.200001 F4C226 1.2
3.220001 5.07 -1.200001 F9CE26 1.2
4.420001 5.07 -1.200001 F7C721 1.2
5.620002 5.07 -1.200002 EFB30D 1.2
6.820003 3.87 -1.200002 F7CF00 1.2
-6.38 5.07 -1.2 EFAA18 1.2
-5.18 5.07 -1.2 F7CC2B 1.2
-8.780001 2.67 -2.4 5A5D31 1.2
-7.58 2.67 -2.4 5A5D31 1.2
-2.78 2.67 -2.400001 65672E 1.2
-1.58 2.67 -2.400001 636931 1.2
-0.3799992 2.67 -2.400001 636931 1.2
0.8200006 2.67 -2.400001 5F662E 1.2
-8.780001 1.47 -2.4 5A6131 1.2
0.8200006 1.47 -2.400001 6B7931 1.2
2.020001 1.47 -2.400002 68712B 1.2
3.220001 1.47 -2.400002 6B7531 1.2
-6.38 2.67 -2.4 474D1B 1.2
-5.18 2.67 -2.400001 4F551E 1.2
-3.98 2.67 -2.400001 F1D139 1.2
2.020001 2.67 -2.400002 FFFFAD 1.2
3.220001 2.67 -2.400002 E9BE23 1.2
4.420001 2.67 -2.400002 E6B31B 1.2
5.620002 2.67 -2.400002 D69608 1.2
6.820003 2.67 -2.400002 EEC82B 1.2
-8.780001 3.87 -2.4 DBA118 1.2
-7.58 3.87 -2.4 F7E752 1.2
-6.38 3.87 -2.4 ECC526 1.2
-5.18 3.87 -2.400001 FFE74A 1.2
-3.98 3.87 -2.400001 EFBE18 1.2
-2.78 3.87 -2.400001 F7D310 1.2
-1.58 3.87 -2.400001 FFEF84 1.2
-0.3799992 3.87 -2.400001 FCEF94 1.2
0.8200006 3.87 -2.400001 F7D310 1.2
2.020001 3.87 -2.400002 F7D718 1.2
3.220001 3.87 -2.400002 F7D729 1.2
4.420001 3.87 -2.400002 F7DF29 1.2
5.620002 3.87 -2.400002 F4D329 1.2
