0 0.88 3 634529 2
0 2.88 -3 6A4A31 2
-4 2.88 -1 65442C 2
-4 2.88 1 6B4931 2
-4 2.88 3 65432C 2
-4 2.88 5 785037 2
-4 2.88 7 7B5337 2
-2 2.88 9 764C37 2
-4 4.88 -3 6A492E 2
-6 4.88 -1 6B4531 2
-6 4.88 1 815B41 2
-6 4.88 3 845D42 2
-6 4.88 5 704731 2
-6 4.88 7 653F29 2
-4 4.88 9 523018 2
0 4.88 11 734931 2
-2 6.88 -5 6D4C34 2
-4 6.88 -3 421C08 2
-6 6.88 -1 6B4531 2
-6 6.88 1 7E5841 2
-6 6.88 3 845942 2
-6 6.88 5 79563F 2
-6 6.88 7 6A4936 2
-6 6.88 9 6A472E 2
-2 6.88 11 4A2C18 2
-2 8.88 -5 73523C 2
-4 8.88 -3 735139 2
-6 8.88 -1 5A3821 2
-6 8.88 1 7B5942 2
-6 8.88 3 704E39 2
-6 8.88 5 704C33 2
-6 8.88 7 845942 2
-6 8.88 9 845D42 2
-4 8.88 11 6E4931 2
-4 10.88 -3 6D4E39 2
-6 10.88 -1 734F37 2
-6 10.88 1 764E34 2
-6 10.88 3 523018 2
-6 10.88 5 6D4831 2
-6 10.88 7 684A31 2
-4 10.88 9 734F3C 2
-2 10.88 11 624028 2
0 12.88 -3 6E4A2E 2
-4 12.88 -1 62402C 2
-4 12.88 1 311408 2
-4 12.88 3 5F3B29 2
-4 12.88 5 6D4A37 2
-4 12.88 7 4A2418 2
-2 12.88 9 6A4831 2
0 14.88 3 735139 2
-4 6.88 11 653F28 2
-2 2.88 -3 845D4A 2
-2 2.88 -1 6E4931 2
-2 0.88 1 845D42 2
-2 0.88 3 76533C 2
-2 0.88 5 7E563C 2
-2 2.88 7 603D26 2
-2 4.88 11 785039 2
-2 4.88 -5 6B4731 2
-2 8.88 11 7B5237 2
-2 10.88 -5 7B5539 2
-2 12.88 -3 765239 2
-2 12.88 -1 734C37 2
-2 14.88 1 7B5539 2
-2 14.88 3 6A472E 2
-2 14.88 5 734D39 2
-2 12.88 7 734C39 2
0 4.88 -5 523C29 2
0 0.88 -1 735139 2
0 0.88 1 523420 2
0 0.88 5 7B5539 2
0 0.88 7 6B4531 2
0 2.88 9 5A3A20 2
0 6.88 -7 523829 2
0 6.88 13 684631 2
0 8.88 -7 704B34 2
0 8.88 13 7B5139 2
0 10.88 -5 754F39 2
0 10.88 11 634129 2
0 12.88 9 633821 2
0 14.88 1 573523 2
0 14.88 -1 4A2C18 2
0 14.88 5 624029 2
0 14.88 7 5D3D29 2
2 6.88 -5 422418 2
2 2.88 -3 422818 2
2 2.88 -1 422818 2
2 0.88 1 422818 2
2 0.88 3 4A301D 2
2 0.88 5 573926 2
2 2.88 7 603E2B 2
2 2.88 9 52311D 2
2 4.88 11 65412E 2
2 4.88 -5 523829 2
2 6.88 11 392018 2
2 8.88 -5 7B5542 2
2 8.88 11 5F3E26 2
2 10.88 -5 735139 2
2 10.88 11 522C18 2
2 12.88 -3 654531 2
2 12.88 9 623F28 2
2 12.88 -1 523421 2
2 14.88 1 5F3D2C 2
2 14.88 3 7B5539 2
2 14.88 5 6D4A33 2
2 12.88 7 65442E 2
4 4.88 -3 5A3B26 2
4 2.88 -1 543826 2
4 2.88 1 6B4931 2
4 2.88 3 44291B 2
4 2.88 5 523421 2
4 2.88 7 573826 2
4 4.88 9 5A3B28 2
4 6.88 -3 4F311E 2
4 6.88 11 6A472E 2
4 8.88 -3 624131 2
4 8.88 11 5F3923 2
4 10.88 -3 68442E 2
4 10.88 9 623D29 2
4 12.88 -1 5F3D2C 2
4 12.88 7 65442E 2
4 12.88 1 623F2B 2
4 12.88 3 553520 2
4 12.88 5 633C29 2
6 6.88 -1 60422E 2
6 4.88 1 4F3420 2
6 4.88 3 4F3020 2
6 4.88 5 603F28 2
6 6.88 7 62422B 2
6 4.88 -1 523421 2
6 4.88 7 422418 2
6 6.88 9 653F2B 2
6 8.88 -1 5F402C 2
6 8.88 9 633C29 2
6 8.88 7 573B29 2
6 10.88 1 5D3D29 2
6 10.88 -1 4A2C21 2
6 10.88 7 734D31 2
6 10.88 5 5A3B26 2
6 10.88 3 62402B 2
6 6.88 1 62422B 2
6 6.88 3 623F2E 2
6 6.88 5 5A3826 2
6 8.88 1 735539 2
6 8.88 3 603E2B 2
6 8.88 5 523421 2
