-9.450001 0 0.6300001 EFBC2A 0.63
9.450001 0 5.04 BA4D3D 0.63
-7.56 0 6.93 AA3A2A 0.63
-7.56 0.63 -6.3 585858 0.63
-9.450001 0.63 0.6300001 EFBC2A 0.63
9.450001 0.63 5.04 BA4D3D 0.63
-7.56 0.63 6.93 AA3A2A 0.63
-7.56 1.26 -6.93 185D98 0.63
-7.56 1.26 -6.3 185D98 0.63
-7.56 1.26 -5.67 185D98 0.63
-7.56 1.26 -5.04 185D98 0.63
-7.56 1.26 -4.41 185D98 0.63
-7.56 1.26 -3.78 185D98 0.63
-9.450001 1.26 0.6300001 EFBC2A 0.63
9.450001 1.26 5.04 BA4D3D 0.63
-7.56 1.26 6.93 AA3A2A 0.63
-7.56 1.89 -3.78 185D98 0.63
-7.56 1.89 -3.15 185D98 0.63
-9.450001 1.89 0.6300001 EFBC2A 0.63
9.450001 1.89 5.04 BA4D3D 0.63
-7.56 1.89 6.93 AA3A2A 0.63
-7.56 2.52 -3.15 185D98 0.63
-7.56 2.52 -2.52 185D98 0.63
-9.450001 2.52 0.6300001 EFBC2A 0.63
9.450001 2.52 3.15 BA4D3D 0.63
9.450001 2.52 3.78 BA4D3D 0.63
9.450001 2.52 4.41 BA4D3D 0.63
9.450001 2.52 5.04 BA4D3D 0.63
-7.56 2.52 6.93 AA3A2A 0.63
-7.56 3.15 -2.52 185D98 0.63
-7.56 3.15 -1.89 185D98 0.63
-9.450001 3.15 0.6300001 EFBC2A 0.63
9.450001 3.15 5.04 BA4D3D 0.63
-7.56 3.15 6.93 AA3A2A 0.63
-7.56 3.78 -1.89 185D98 0.63
-7.56 3.78 -1.26 185D98 0.63
-9.450001 3.78 0.6300001 EFBC2A 0.63
9.450001 3.78 5.04 BA4D3D 0.63
-7.56 3.78 6.93 AA3A2A 0.63
-7.56 4.41 -1.26 185D98 0.63
-7.56 4.41 -0.6300001 185D98 0.63
-9.450001 4.41 0.6300001 EFBC2A 0.63
9.450001 4.41 5.04 BA4D3D 0.63
-7.56 4.41 6.93 AA3A2A 0.63
-7.56 5.04 -0.6300001 185D98 0.63
-7.56 5.04 0 185D98 0.63
-9.450001 5.04 0.6300001 EFBC2A 0.63
-8.820001 5.04 1.26 8F6B3D 0.63
-8.820001 5.04 1.89 8F6B3D 0.63
-8.820001 5.04 2.52 8F6B3D 0.63
-8.820001 5.04 3.15 8F6B3D 0.63
-8.820001 5.04 3.78 8F6B3D 0.63
-8.820001 5.04 4.41 8F6B3D 0.63
-8.820001 5.04 5.04 8F6B3D 0.63
-8.820001 5.04 5.67 8F6B3D 0.63
-8.820001 5.04 6.299999 8F6B3D 0.63
-7.56 5.04 6.93 AA3A2A 0.63
-9.450001 5.67 0.6300001 EFBC2A 0.63
-3.15 5.67 2.52 3285D6 0.63
-3.15 5.67 3.15 3285D6 0.63
-9.450001 5.67 3.78 AA3A2A 0.63
-9.450001 5.67 4.41 AA3A2A 0.63
-3.15 5.67 5.04 3285D6 0.63
-7.56 5.67 6.93 AA3A2A 0.63
-9.450001 6.3 0.6300001 EFBC2A 0.63
-3.15 6.3 2.52 343434 0.63
-3.15 6.3 3.15 343434 0.63
-9.450001 6.3 3.78 AA3A2A 0.63
-9.450001 6.3 4.41 AA3A2A 0.63
-3.15 6.3 5.04 3285D6 0.63
-9.450001 6.93 0.6300001 EFBC2A 0.63
-3.15 6.93 2.52 343434 0.63
-3.15 6.93 3.15 343434 0.63
-9.450001 6.93 3.78 AA3A2A 0.63
-9.450001 6.93 4.41 AA3A2A 0.63
-3.15 6.93 5.04 3285D6 0.63
-9.450001 7.56 0.6300001 EFBC2A 0.63
-9.450001 7.56 1.26 AA3A2A 0.63
-9.450001 7.56 1.89 AA3A2A 0.63
-9.450001 7.56 2.52 AA3A2A 0.63
-9.450001 7.56 3.15 AA3A2A 0.63
-9.450001 7.56 3.78 AA3A2A 0.63
-9.450001 7.56 4.41 AA3A2A 0.63
-9.450001 7.56 5.04 AA3A2A 0.63
-9.450001 7.56 5.67 AA3A2A 0.63
-9.450001 7.56 6.299999 AA3A2A 0.63
-9.450001 8.190001 0.6300001 EFBC2A 0.63
-3.15 8.190001 2.52 343434 0.63
-3.15 8.190001 3.15 343434 0.63
-3.15 8.190001 3.78 343434 0.63
-3.15 8.190001 4.41 343434 0.63
-3.15 8.190001 5.04 3285D6 0.63
-9.450001 8.820001 0.6300001 EFBC2A 0.63
-3.15 8.820001 2.52 3285D6 0.63
-3.15 8.820001 3.15 3285D6 0.63
-3.15 8.820001 3.78 3285D6 0.63
-3.15 8.820001 4.41 3285D6 0.63
-3.15 8.820001 5.04 3285D6 0.63
-9.450001 9.450001 0.6300001 EFBC2A 0.63
-10.08 10.08 0.6300001 AA3A2A 0.63
-10.08 10.08 1.26 AA3A2A 0.63
-10.08 10.08 1.89 AA3A2A 0.63
-10.08 10.08 2.52 AA3A2A 0.63
-10.08 10.08 3.15 AA3A2A 0.63
-10.08 10.08 3.78 AA3A2A 0.63
-10.08 10.08 4.41 AA3A2A 0.63
-10.08 10.08 5.04 AA3A2A 0.63
-10.08 10.08 5.67 AA3A2A 0.63
-10.08 10.08 6.299999 AA3A2A 0.63
-10.08 10.08 6.93 AA3A2A 0.63
-9.450001 10.71 0.6300001 D25947 0.63
-9.450001 10.71 1.26 D25947 0.63
-9.450001 10.71 1.89 D25947 0.63
-9.450001 10.71 2.52 D25947 0.63
-9.450001 10.71 3.15 D25947 0.63
-9.450001 10.71 3.78 D25947 0.63
-9.450001 10.71 4.41 D25947 0.63
-9.450001 10.71 5.04 D25947 0.63
-9.450001 10.71 5.67 D25947 0.63
-9.450001 10.71 6.299999 D25947 0.63
-9.450001 10.71 6.93 AA3A2A 0.63
-8.820001 11.34 0.6300001 D25947 0.63
-8.820001 11.34 1.26 D25947 0.63
-8.820001 11.34 1.89 D25947 0.63
-8.820001 11.34 2.52 D25947 0.63
-8.820001 11.34 3.15 D25947 0.63
-8.820001 11.34 3.78 D25947 0.63
-8.820001 11.34 4.41 D25947 0.63
-8.820001 11.34 5.04 D25947 0.63
-8.820001 11.34 5.67 D25947 0.63
-8.820001 11.34 6.299999 D25947 0.63
-8.820001 11.34 6.93 AA3A2A 0.63
-8.190001 11.97 0.6300001 D25947 0.63
-8.190001 11.97 1.26 D25947 0.63
-8.190001 11.97 1.89 D25947 0.63
-8.190001 11.97 2.52 D25947 0.63
-8.190001 11.97 3.15 D25947 0.63
-8.190001 11.97 3.78 D25947 0.63
-8.190001 11.97 4.41 D25947 0.63
-8.190001 11.97 5.04 D25947 0.63
-8.190001 11.97 5.67 D25947 0.63
-8.190001 11.97 6.299999 D25947 0.63
-8.190001 11.97 6.93 AA3A2A 0.63
-7.56 12.6 0.6300001 D25947 0.63
-7.56 12.6 1.26 D25947 0.63
-7.56 12.6 1.89 D25947 0.63
-7.56 12.6 2.52 D25947 0.63
-7.56 12.6 3.15 D25947 0.63
-7.56 12.6 3.78 D25947 0.63
-7.56 12.6 4.41 D25947 0.63
-7.56 12.6 5.04 D25947 0.63
-7.56 12.6 5.67 D25947 0.63
-7.56 12.6 6.299999 D25947 0.63
-7.56 12.6 6.93 AA3A2A 0.63
-6.3 13.23 0.6300001 D25947 0.63
-6.3 13.23 1.26 D25947 0.63
-6.3 13.23 1.89 D25947 0.63
-6.3 13.23 2.52 D25947 0.63
-6.3 13.23 3.15 D25947 0.63
-6.3 13.23 3.78 D25947 0.63
-6.3 13.23 4.41 D25947 0.63
-6.3 13.23 5.04 D25947 0.63
-6.3 13.23 5.67 D25947 0.63
-6.3 13.23 6.299999 D25947 0.63
-6.3 13.23 6.93 AA3A2A 0.63
-10.08 10.08 0 BA4D3D 0.63
-9.450001 10.08 0.6300001 EFBC2A 0.63
-2.52 10.08 1.26 933224 0.63
-2.52 10.08 1.89 933224 0.63
-2.52 10.08 2.52 933224 0.63
-2.52 10.08 3.15 933224 0.63
-2.52 10.08 3.78 933224 0.63
-2.52 10.08 4.41 933224 0.63
-2.52 10.08 5.04 933224 0.63
-2.52 10.08 5.67 933224 0.63
-2.52 10.08 6.299999 933224 0.63
-2.52 10.08 6.93 933224 0.63
-10.08 10.08 7.559999 BA4D3D 0.63
-9.450001 5.04 1.26 8F6B3D 0.63
-9.450001 5.04 1.89 8F6B3D 0.63
-9.450001 5.04 2.52 8F6B3D 0.63
-9.450001 5.04 3.15 8F6B3D 0.63
-9.450001 5.04 3.78 8F6B3D 0.63
-9.450001 5.04 4.41 8F6B3D 0.63
-9.450001 5.04 5.04 8F6B3D 0.63
-9.450001 5.04 5.67 8F6B3D 0.63
-9.450001 5.04 6.299999 8F6B3D 0.63
-3.78 0 0.6300001 EFBC2A 0.63
-9.450001 0 6.299999 FFC600 0.63
-9.450001 0 1.26 FFC600 0.63
-9.450001 0 6.93 FFC600 0.63
-3.78 0.63 0.6300001 EFBC2A 0.63
-9.450001 0.63 6.299999 FFC600 0.63
-9.450001 0.63 1.26 FFC600 0.63
-9.450001 0.63 6.93 FFC600 0.63
-3.78 1.26 0.6300001 EFBC2A 0.63
-9.450001 1.26 6.299999 FFC601 0.63
-9.450001 1.26 1.26 FFC600 0.63
-9.450001 1.26 6.93 FFC600 0.63
-3.78 1.89 0.6300001 EFBC2A 0.63
-9.450001 1.89 6.299999 FFC601 0.63
-9.450001 1.89 1.26 FFC600 0.63
-9.450001 1.89 6.93 FFC600 0.63
-3.78 2.52 0.6300001 EFBC2A 0.63
-9.450001 2.52 6.299999 FFC601 0.63
-9.450001 2.52 1.26 FFC600 0.63
-9.450001 2.52 6.93 FFC600 0.63
-3.78 3.15 0.6300001 EFBC2A 0.63
-9.450001 3.15 6.299999 FFC601 0.63
-9.450001 3.15 1.26 FFC600 0.63
-9.450001 3.15 6.93 FFC600 0.63
-3.78 3.78 0.6300001 EFBC2A 0.63
-9.450001 3.78 6.299999 FFC601 0.63
-9.450001 3.78 1.26 FFC600 0.63
-9.450001 3.78 6.93 FFC600 0.63
-3.78 4.41 0.6300001 EFBC2A 0.63
-9.450001 4.41 6.299999 FFC601 0.63
-9.450001 4.41 1.26 FFC600 0.63
-9.450001 4.41 6.93 FFC600 0.63
-3.78 5.04 0.6300001 EFBC2A 0.63
-9.450001 5.04 6.93 FFC600 0.63
-3.78 5.67 0.6300001 EFBC2A 0.63
-9.450001 5.67 6.299999 FFC601 0.63
-9.450001 5.67 1.26 B78A45 0.63
-9.450001 5.67 1.89 B78A45 0.63
-9.450001 5.67 2.52 B78A45 0.63
-9.450001 5.67 3.15 B78A45 0.63
-9.450001 5.67 5.04 B78A45 0.63
-9.450001 5.67 5.67 B78A45 0.63
-9.450001 5.67 6.93 FFC600 0.63
-3.78 6.3 0.6300001 EFBC2A 0.63
-9.450001 6.3 6.299999 FFC601 0.63
-9.450001 6.3 1.26 FFC600 0.63
-9.450001 6.3 6.93 FFC600 0.63
-3.78 6.93 0.6300001 EFBC2A 0.63
-9.450001 6.93 6.299999 FFC601 0.63
-9.450001 6.93 1.26 FFC600 0.63
-9.450001 6.93 6.93 FFC600 0.63
-3.78 7.56 0.6300001 EFBC2A 0.63
-9.450001 7.56 6.93 FFC600 0.63
-3.78 8.190001 0.6300001 EFBC2A 0.63
-9.450001 8.190001 6.299999 FFC601 0.63
-9.450001 8.190001 1.26 FFC600 0.63
-9.450001 8.190001 6.93 FFC600 0.63
-3.78 8.820001 0.6300001 EFBC2A 0.63
-9.450001 8.820001 6.299999 FFC601 0.63
-9.450001 8.820001 1.26 FFC600 0.63
-9.450001 8.820001 6.93 FFC600 0.63
-3.78 9.450001 0.6300001 EFBC2A 0.63
-9.450001 9.450001 6.299999 FFC601 0.63
-9.450001 9.450001 1.26 FFC600 0.63
-9.450001 9.450001 6.93 FFC600 0.63
-3.78 10.08 0.6300001 EFBC2A 0.63
-9.450001 10.08 6.299999 FFC601 0.63
-9.450001 10.08 1.26 FFC601 0.63
-9.450001 10.08 6.93 FFC601 0.63
-9.450001 10.71 0 BA4D3D 0.63
-3.78 10.71 0.6300001 EFBC2A 0.63
-3.78 10.71 1.26 933224 0.63
-3.78 10.71 1.89 933224 0.63
-3.78 10.71 2.52 933224 0.63
-3.78 10.71 3.15 933224 0.63
-3.78 10.71 3.78 933224 0.63
-3.78 10.71 4.41 933224 0.63
-3.78 10.71 5.04 933224 0.63
-3.78 10.71 5.67 933224 0.63
-3.78 10.71 6.299999 933224 0.63
-3.78 10.71 6.93 933224 0.63
-9.450001 10.71 7.559999 BA4D3D 0.63
-8.820001 5.04 0.6300001 8F6B3D 0.63
-8.820001 4.41 1.26 8F6B3D 0.63
-8.820001 4.41 1.89 8F6B3D 0.63
-8.820001 4.41 2.52 8F6B3D 0.63
-8.820001 4.41 3.15 8F6B3D 0.63
-8.820001 4.41 3.78 8F6B3D 0.63
-8.820001 4.41 4.41 8F6B3D 0.63
-8.820001 4.41 5.04 8F6B3D 0.63
-8.820001 4.41 5.67 8F6B3D 0.63
-8.820001 4.41 6.299999 8F6B3D 0.63
-8.820001 10.71 6.93 933224 0.63
-8.820001 0 0.6300001 EFBC2A 0.63
-8.820001 0.63 0.6300001 EFBC2A 0.63
-8.820001 1.26 0.6300001 EFBC2A 0.63
-8.820001 1.89 0.6300001 EFBC2A 0.63
-8.820001 2.52 0.6300001 EFBC2A 0.63
-8.820001 3.15 0.6300001 EFBC2A 0.63
-8.820001 3.78 0.6300001 EFBC2A 0.63
-8.820001 4.41 0.6300001 EFBC2A 0.63
3.78 5.04 1.26 8F6B3D 0.63
3.78 5.04 1.89 8F6B3D 0.63
3.78 5.04 2.52 8F6B3D 0.63
3.78 5.04 3.15 8F6B3D 0.63
3.78 5.04 3.78 8F6B3D 0.63
3.78 5.04 4.41 8F6B3D 0.63
3.78 5.04 5.04 8F6B3D 0.63
3.78 5.04 5.67 8F6B3D 0.63
3.78 5.04 6.299999 8F6B3D 0.63
-8.820001 10.71 0.6300001 933224 0.63
-8.820001 5.67 0.6300001 B78A45 0.63
-8.820001 10.71 1.26 933224 0.63
-8.820001 5.67 1.26 B78A45 0.63
-8.820001 10.71 1.89 933224 0.63
-8.820001 5.67 1.89 B78A45 0.63
-8.820001 10.71 2.52 933224 0.63
-8.820001 5.67 2.52 B78A45 0.63
-8.820001 10.71 3.15 933224 0.63
-8.820001 5.67 3.15 B78A45 0.63
-8.820001 10.71 3.78 933224 0.63
-8.820001 5.67 3.78 B78A45 0.63
-3.15 5.67 3.78 3285D6 0.63
-8.820001 10.71 4.41 933224 0.63
-8.820001 5.67 4.41 B78A45 0.63
-3.15 5.67 4.41 3285D6 0.63
-8.820001 10.71 5.04 933224 0.63
-8.820001 5.67 5.04 B78A45 0.63
-8.820001 10.71 5.67 933224 0.63
-8.820001 5.67 5.67 B78A45 0.63
-8.820001 10.71 6.299999 933224 0.63
-8.820001 5.67 6.299999 B78A45 0.63
-8.820001 6.3 0.6300001 EFBC2A 0.63
-3.15 6.3 3.78 343434 0.63
-3.15 6.3 4.41 343434 0.63
-8.820001 6.93 0.6300001 EFBC2A 0.63
-3.15 6.93 3.78 343434 0.63
-3.15 6.93 4.41 343434 0.63
-8.820001 7.56 0.6300001 BA4D3D 0.63
-8.820001 7.56 1.26 AA3A2A 0.63
-3.78 7.56 1.26 AA3A2A 0.63
-8.820001 7.56 6.299999 BA4D3D 0.63
-8.820001 7.56 1.89 AA3A2A 0.63
-3.78 7.56 1.89 AA3A2A 0.63
-8.820001 7.56 2.52 AA3A2A 0.63
-3.15 7.56 2.52 343434 0.63
-8.820001 7.56 3.15 AA3A2A 0.63
-3.15 7.56 3.15 343434 0.63
-8.820001 7.56 3.78 AA3A2A 0.63
-3.15 7.56 3.78 343434 0.63
-8.820001 7.56 4.41 AA3A2A 0.63
-3.15 7.56 4.41 343434 0.63
-8.820001 7.56 5.04 AA3A2A 0.63
-3.78 7.56 5.04 AA3A2A 0.63
-8.820001 7.56 5.67 AA3A2A 0.63
-3.78 7.56 5.67 AA3A2A 0.63
-3.78 7.56 6.299999 AA3A2A 0.63
-8.820001 7.56 6.93 BA4D3D 0.63
-8.820001 8.190001 0.6300001 EFBC2A 0.63
-8.820001 8.820001 0.6300001 EFBC2A 0.63
-8.820001 9.450001 0.6300001 EFBC2A 0.63
-8.820001 10.08 0.6300001 EFBC2A 0.63
-8.820001 11.34 0 BA4D3D 0.63
-4.41 11.34 0.6300001 933224 0.63
-4.41 11.34 1.26 933224 0.63
-4.41 11.34 1.89 933224 0.63
-4.41 11.34 2.52 933224 0.63
-4.41 11.34 3.15 933224 0.63
-4.41 11.34 3.78 933224 0.63
-4.41 11.34 4.41 933224 0.63
-4.41 11.34 5.04 933224 0.63
-4.41 11.34 5.67 933224 0.63
-4.41 11.34 6.299999 933224 0.63
-4.41 11.34 6.93 933224 0.63
-8.820001 11.34 7.559999 BA4D3D 0.63
-8.190001 5.04 0.6300001 8F6B3D 0.63
-8.190001 4.41 1.26 8F6B3D 0.63
-8.190001 4.41 1.89 8F6B3D 0.63
-8.190001 4.41 2.52 8F6B3D 0.63
-8.190001 4.41 3.15 8F6B3D 0.63
-8.190001 4.41 3.78 8F6B3D 0.63
-8.190001 4.41 4.41 8F6B3D 0.63
-8.190001 4.41 5.04 8F6B3D 0.63
-8.190001 4.41 5.67 8F6B3D 0.63
-8.190001 4.41 6.299999 8F6B3D 0.63
-8.190001 11.34 6.93 933224 0.63
-8.190001 5.04 1.26 A98143 0.63
-8.190001 5.04 1.89 8F6B3D 0.63
-8.190001 5.04 2.52 8F6B3D 0.63
-8.190001 5.04 3.15 8F6B3D 0.63
-8.190001 5.04 3.78 8F6B3D 0.63
-8.190001 5.04 4.41 8F6B3D 0.63
-8.190001 5.04 5.04 8F6B3D 0.63
-8.190001 5.04 5.67 8F6B3D 0.63
-8.190001 5.04 6.299999 8F6B3D 0.63
-8.190001 11.34 0.6300001 933224 0.63
-8.190001 5.67 0.6300001 B78A45 0.63
-8.190001 11.34 1.26 933224 0.63
-8.190001 5.67 1.26 B78A45 0.63
-8.190001 11.34 1.89 933224 0.63
-8.190001 5.67 1.89 B78A45 0.63
-8.190001 11.34 2.52 933224 0.63
-8.190001 5.67 2.52 B78A45 0.63
-8.190001 11.34 3.15 933224 0.63
-8.190001 5.67 3.15 B78A45 0.63
-8.190001 11.34 3.78 933224 0.63
-8.190001 5.67 3.78 B78A45 0.63
-8.190001 11.34 4.41 933224 0.63
-8.190001 5.67 4.41 B78A45 0.63
-8.190001 11.34 5.04 933224 0.63
-8.190001 5.67 5.04 B78A45 0.63
-8.190001 11.34 5.67 933224 0.63
-8.190001 5.67 5.67 B78A45 0.63
-8.190001 11.34 6.299999 933224 0.63
-8.190001 5.67 6.299999 B78A45 0.63
-8.190001 7.56 0.6300001 BA4D3D 0.63
-8.190001 7.56 6.299999 BA4D3D 0.63
-8.190001 7.56 1.26 BA4D3D 0.63
-8.190001 7.56 6.93 BA4D3D 0.63
-7.56 0.63 -6.93 185D98 0.63
-7.56 0.63 -5.67 185D98 0.63
-7.56 0.63 -5.04 185D98 0.63
-7.56 0.63 -4.41 185D98 0.63
-7.56 2.52 -1.89 185D98 0.63
-7.56 3.15 -1.26 185D98 0.63
-7.56 3.78 -0.6300001 185D98 0.63
-7.56 4.41 0 185D98 0.63
-7.56 5.04 0.6300001 8F6B3D 0.63
-7.56 4.41 1.26 8F6B3D 0.63
-7.56 4.41 1.89 8F6B3D 0.63
-7.56 4.41 2.52 8F6B3D 0.63
-7.56 4.41 3.15 8F6B3D 0.63
-7.56 4.41 3.78 8F6B3D 0.63
-7.56 4.41 4.41 8F6B3D 0.63
-7.56 4.41 5.04 8F6B3D 0.63
-7.56 4.41 5.67 8F6B3D 0.63
-7.56 4.41 6.299999 8F6B3D 0.63
-5.04 0 -6.3 585858 0.63
-7.56 11.97 6.93 933224 0.63
-5.04 0 6.93 AA3A2A 0.63
-7.56 0 7.559999 BA4D3D 0.63
-5.04 0.63 -6.3 585858 0.63
-5.04 0.63 6.93 AA3A2A 0.63
-7.56 0.63 7.559999 BA4D3D 0.63
-7.56 1.26 -7.56 2E7AC6 0.63
-5.04 1.26 -6.93 1D72B7 0.63
-5.04 1.26 -6.3 1D72B7 0.63
-5.04 1.26 -5.67 1D72B7 0.63
-5.04 1.26 -5.04 1D72B7 0.63
-5.04 1.26 6.93 AA3A2A 0.63
-7.56 1.26 7.559999 BA4D3D 0.63
-7.56 1.89 -4.41 3996E1 0.63
-5.04 1.89 -3.78 1D72B7 0.63
-5.04 1.89 6.93 AA3A2A 0.63
-7.56 1.89 7.559999 BA4D3D 0.63
-7.56 2.52 -3.78 3996E1 0.63
-5.04 2.52 -3.15 1D72B7 0.63
-5.04 2.52 6.93 AA3A2A 0.63
-7.56 2.52 7.559999 BA4D3D 0.63
-7.56 3.15 -3.15 3996E1 0.63
-5.04 3.15 -2.52 1D72B7 0.63
-5.04 3.15 6.93 AA3A2A 0.63
-7.56 3.15 7.559999 BA4D3D 0.63
-5.04 3.78 -1.89 1D72B7 0.63
-5.04 3.78 6.93 AA3A2A 0.63
-7.56 3.78 7.559999 BA4D3D 0.63
-5.04 4.41 -1.26 1D72B7 0.63
-5.04 4.41 6.93 AA3A2A 0.63
-7.56 4.41 7.559999 BA4D3D 0.63
-5.04 5.04 -0.6300001 1D72B7 0.63
-7.56 5.04 1.26 A98143 0.63
-7.56 5.04 1.89 8F6B3D 0.63
-7.56 5.04 2.52 8F6B3D 0.63
-7.56 5.04 3.15 8F6B3D 0.63
-7.56 5.04 3.78 8F6B3D 0.63
-7.56 5.04 4.41 8F6B3D 0.63
-7.56 5.04 5.04 8F6B3D 0.63
-7.56 5.04 5.67 8F6B3D 0.63
-7.56 5.04 6.299999 8F6B3D 0.63
-5.04 5.04 6.93 AA3A2A 0.63
-7.56 5.04 7.559999 BA4D3D 0.63
-7.56 5.67 0 3996E1 0.63
-7.56 11.97 0.6300001 933224 0.63
-7.56 5.67 0.6300001 B78A45 0.63
-7.56 11.97 1.26 933224 0.63
-7.56 5.67 1.26 B78A45 0.63
-7.56 11.97 1.89 933224 0.63
-7.56 5.67 1.89 B78A45 0.63
-7.56 11.97 2.52 933224 0.63
-7.56 5.67 2.52 B78A45 0.63
-7.56 11.97 3.15 933224 0.63
-7.56 5.67 3.15 B78A45 0.63
-7.56 11.97 3.78 933224 0.63
-7.56 5.67 3.78 B78A45 0.63
-7.56 11.97 4.41 933224 0.63
-7.56 5.67 4.41 B78A45 0.63
-7.56 11.97 5.04 933224 0.63
-7.56 5.67 5.04 B78A45 0.63
-7.56 11.97 5.67 933224 0.63
-7.56 5.67 5.67 B78A45 0.63
-7.56 11.97 6.299999 933224 0.63
-7.56 5.67 6.299999 B78A45 0.63
-5.04 5.67 6.93 AA3A2A 0.63
-7.56 5.67 7.559999 BA4D3D 0.63
-7.56 6.3 6.93 D25947 0.63
-7.56 11.34 0.6300001 BA4D3D 0.63
-7.56 11.34 6.299999 BA4D3D 0.63
-7.56 11.34 1.26 BA4D3D 0.63
-7.56 11.34 6.93 BA4D3D 0.63
-5.04 11.97 0.6300001 933224 0.63
-5.04 11.97 1.26 933224 0.63
-5.04 11.97 1.89 933224 0.63
-5.04 11.97 2.52 933224 0.63
-5.04 11.97 3.15 933224 0.63
-5.04 11.97 3.78 933224 0.63
-5.04 11.97 4.41 933224 0.63
-5.04 11.97 5.04 933224 0.63
-5.04 11.97 5.67 933224 0.63
-5.04 11.97 6.299999 933224 0.63
-5.04 11.97 6.93 933224 0.63
-6.93 0.63 -6.93 185D98 0.63
-6.93 0.63 -6.3 185D98 0.63
-6.93 0.63 -5.67 185D98 0.63
-6.93 0.63 -5.04 185D98 0.63
-6.93 0.63 -4.41 185D98 0.63
-6.93 1.26 -3.78 185D98 0.63
-6.93 1.89 -3.15 185D98 0.63
-6.93 2.52 -2.52 185D98 0.63
-6.93 2.52 -1.89 185D98 0.63
-6.93 3.15 -1.26 185D98 0.63
-6.93 3.78 -0.6300001 185D98 0.63
-6.93 4.41 0 185D98 0.63
-6.93 5.04 0.6300001 8F6B3D 0.63
-6.93 4.41 1.26 8F6B3D 0.63
-6.93 4.41 1.89 8F6B3D 0.63
-6.93 4.41 2.52 8F6B3D 0.63
-6.93 4.41 3.15 8F6B3D 0.63
-6.93 4.41 3.78 8F6B3D 0.63
-6.93 4.41 4.41 8F6B3D 0.63
-6.93 4.41 5.04 8F6B3D 0.63
-6.93 4.41 5.67 8F6B3D 0.63
-6.93 4.41 6.299999 8F6B3D 0.63
-6.93 12.6 6.93 933224 0.63
-6.93 1.26 -4.41 3996E1 0.63
-6.93 1.26 -6.93 3EA4EC 0.63
-6.93 1.26 -6.3 3EA4EC 0.63
-6.93 1.26 -5.67 3EA4EC 0.63
-6.93 1.26 -5.04 3EA4EC 0.63
-6.93 1.89 -3.78 3996E1 0.63
-6.93 2.52 -3.15 3996E1 0.63
-6.93 2.52 6.93 BA4D3D 0.63
-6.93 3.15 -2.52 3996E1 0.63
-6.93 3.78 -1.26 3996E1 0.63
-6.93 3.78 -1.89 3996E1 0.63
-6.93 4.41 -0.6300001 3996E1 0.63
-6.93 5.04 0 3996E1 0.63
-6.93 5.04 1.26 A98143 0.63
-6.93 5.04 1.89 8F6B3D 0.63
-6.93 5.04 2.52 8F6B3D 0.63
-6.93 5.04 3.15 8F6B3D 0.63
-6.93 5.04 3.78 8F6B3D 0.63
-6.93 5.04 4.41 8F6B3D 0.63
-6.93 5.04 5.04 8F6B3D 0.63
-6.93 5.04 5.67 8F6B3D 0.63
-6.93 5.04 6.299999 8F6B3D 0.63
-6.93 12.6 0.6300001 933224 0.63
-6.93 5.67 0.6300001 B78A45 0.63
-6.93 12.6 1.26 933224 0.63
-6.93 5.67 1.26 B78A45 0.63
-6.93 12.6 1.89 933224 0.63
-6.93 5.67 1.89 B78A45 0.63
-6.93 12.6 2.52 933224 0.63
-6.93 5.67 2.52 B78A45 0.63
-6.93 12.6 3.15 933224 0.63
-6.93 5.67 3.15 B78A45 0.63
-6.93 12.6 3.78 933224 0.63
-6.93 5.67 3.78 B78A45 0.63
-6.93 12.6 4.41 933224 0.63
-6.93 5.67 4.41 B78A45 0.63
-6.93 12.6 5.04 933224 0.63
-6.93 5.67 5.04 B78A45 0.63
-6.93 12.6 5.67 933224 0.63
-6.93 5.67 5.67 B78A45 0.63
-6.93 12.6 6.299999 933224 0.63
-6.93 5.67 6.299999 B78A45 0.63
-6.93 11.34 0.6300001 BA4D3D 0.63
-6.93 11.34 6.299999 BA4D3D 0.63
-6.93 11.34 1.26 BA4D3D 0.63
-6.93 11.34 6.93 BA4D3D 0.63
-6.93 12.6 0 BA4D3D 0.63
-5.67 12.6 0.6300001 933224 0.63
-5.67 12.6 1.26 933224 0.63
-5.67 12.6 1.89 933224 0.63
-5.67 12.6 2.52 933224 0.63
-5.67 12.6 3.15 933224 0.63
-5.67 12.6 3.78 933224 0.63
-5.67 12.6 4.41 933224 0.63
-5.67 12.6 5.04 933224 0.63
-5.67 12.6 5.67 933224 0.63
-5.67 12.6 6.299999 933224 0.63
-5.67 12.6 6.93 933224 0.63
-6.93 12.6 7.559999 BA4D3D 0.63
-6.3 0.63 -6.93 185D98 0.63
-6.3 0.63 -6.3 185D98 0.63
-6.3 0.63 -5.67 185D98 0.63
-6.3 0.63 -5.04 185D98 0.63
-6.3 0.63 -4.41 185D98 0.63
-6.3 1.26 -3.78 185D98 0.63
-6.3 1.89 -3.15 185D98 0.63
-6.3 2.52 -2.52 185D98 0.63
-6.3 2.52 -1.89 185D98 0.63
-6.3 3.15 -1.26 185D98 0.63
-6.3 3.78 -0.6300001 185D98 0.63
-6.3 4.41 0 185D98 0.63
-6.3 5.04 0.6300001 8F6B3D 0.63
-6.3 4.41 1.26 8F6B3D 0.63
-6.3 4.41 1.89 8F6B3D 0.63
-6.3 4.41 2.52 8F6B3D 0.63
-6.3 4.41 3.15 8F6B3D 0.63
-6.3 4.41 3.78 8F6B3D 0.63
-6.3 4.41 4.41 8F6B3D 0.63
-6.3 4.41 5.04 8F6B3D 0.63
-6.3 4.41 5.67 8F6B3D 0.63
-6.3 4.41 6.299999 8F6B3D 0.63
-6.3 1.26 -4.41 3996E1 0.63
-6.3 1.26 -6.93 3EA4EC 0.63
-6.3 1.26 -6.3 3EA4EC 0.63
-6.3 1.26 -5.67 3EA4EC 0.63
-6.3 1.26 -5.04 3EA4EC 0.63
-6.3 1.89 -3.78 3996E1 0.63
-6.3 2.52 -3.15 3996E1 0.63
-6.3 2.52 6.93 BA4D3D 0.63
-6.3 3.15 -2.52 3996E1 0.63
-6.3 3.78 -1.26 3996E1 0.63
-6.3 3.78 -1.89 3996E1 0.63
-6.3 4.41 -0.6300001 3996E1 0.63
-6.3 5.04 0 3996E1 0.63
-6.3 5.04 1.26 A98143 0.63
-6.3 5.04 1.89 8F6B3D 0.63
-6.3 5.04 2.52 8F6B3D 0.63
-6.3 5.04 3.15 8F6B3D 0.63
-6.3 5.04 3.78 8F6B3D 0.63
-6.3 5.04 4.41 8F6B3D 0.63
-6.3 5.04 5.04 8F6B3D 0.63
-6.3 5.04 5.67 8F6B3D 0.63
-6.3 5.04 6.299999 8F6B3D 0.63
-6.3 5.67 0.6300001 B78A45 0.63
-6.3 5.67 1.26 B78A45 0.63
-6.3 5.67 1.89 B78A45 0.63
-6.3 5.67 2.52 B78A45 0.63
-6.3 5.67 3.15 B78A45 0.63
-6.3 5.67 3.78 B78A45 0.63
-6.3 5.67 4.41 B78A45 0.63
-6.3 5.67 5.04 B78A45 0.63
-6.3 5.67 5.67 B78A45 0.63
-6.3 5.67 6.299999 B78A45 0.63
-6.3 11.34 0.6300001 BA4D3D 0.63
-6.3 11.34 6.299999 BA4D3D 0.63
-6.3 11.34 1.26 BA4D3D 0.63
-6.3 11.34 6.93 BA4D3D 0.63
-6.3 11.97 0.6300001 D25947 0.63
-6.3 11.97 6.299999 D25947 0.63
-6.3 11.97 6.93 D25947 0.63
-6.3 12.6 0.6300001 D25947 0.63
-6.3 12.6 6.299999 D25947 0.63
-6.3 12.6 6.93 D25947 0.63
-6.3 13.23 0 BA4D3D 0.63
6.3 13.23 0.6300001 D25947 0.63
6.3 13.23 1.26 D25947 0.63
6.3 13.23 1.89 D25947 0.63
6.3 13.23 2.52 D25947 0.63
6.3 13.23 3.15 D25947 0.63
6.3 13.23 3.78 D25947 0.63
6.3 13.23 4.41 D25947 0.63
6.3 13.23 5.04 D25947 0.63
6.3 13.23 5.67 D25947 0.63
6.3 13.23 6.299999 D25947 0.63
6.3 13.23 6.93 AA3A2A 0.63
-6.3 13.23 7.559999 BA4D3D 0.63
-5.67 0.63 -6.93 185D98 0.63
-5.67 0.63 -6.3 185D98 0.63
-5.67 0.63 -5.67 185D98 0.63
-5.67 0.63 -5.04 185D98 0.63
-5.67 0.63 -4.41 185D98 0.63
-5.67 1.26 -3.78 185D98 0.63
-5.67 1.89 -3.15 185D98 0.63
-5.67 2.52 -2.52 185D98 0.63
-5.67 2.52 -1.89 185D98 0.63
-5.67 3.15 -1.26 185D98 0.63
-5.67 3.78 -0.6300001 185D98 0.63
-5.67 4.41 0 185D98 0.63
-5.67 5.04 0.6300001 8F6B3D 0.63
-5.67 4.41 1.26 8F6B3D 0.63
-5.67 4.41 1.89 8F6B3D 0.63
-5.67 4.41 2.52 8F6B3D 0.63
-5.67 4.41 3.15 8F6B3D 0.63
-5.67 4.41 3.78 8F6B3D 0.63
-5.67 4.41 4.41 8F6B3D 0.63
-5.67 4.41 5.04 8F6B3D 0.63
-5.67 4.41 5.67 8F6B3D 0.63
-5.67 4.41 6.299999 8F6B3D 0.63
-5.67 1.26 -4.41 3996E1 0.63
-5.67 1.26 -6.93 3EA4EC 0.63
-5.67 1.26 -6.3 3EA4EC 0.63
-5.67 1.26 -5.67 3EA4EC 0.63
-5.67 1.26 -5.04 3EA4EC 0.63
-5.67 1.89 -3.78 3996E1 0.63
-5.67 2.52 -3.15 3996E1 0.63
-5.67 2.52 6.93 BA4D3D 0.63
-5.67 3.15 -2.52 3996E1 0.63
-5.67 3.78 -1.26 3996E1 0.63
-5.67 3.78 -1.89 3996E1 0.63
-5.67 4.41 -0.6300001 3996E1 0.63
-5.67 5.04 0 3996E1 0.63
-5.67 5.04 1.26 A98143 0.63
-5.67 5.04 1.89 8F6B3D 0.63
-5.67 5.04 2.52 8F6B3D 0.63
-5.67 5.04 3.15 8F6B3D 0.63
-5.67 5.04 3.78 8F6B3D 0.63
-5.67 5.04 4.41 8F6B3D 0.63
-5.67 5.04 5.04 8F6B3D 0.63
-5.67 5.04 5.67 8F6B3D 0.63
-5.67 5.04 6.299999 8F6B3D 0.63
-5.67 5.67 0.6300001 B78A45 0.63
-5.67 5.67 1.26 B78A45 0.63
-5.67 5.67 1.89 B78A45 0.63
-5.67 5.67 2.52 B78A45 0.63
-5.67 5.67 3.15 B78A45 0.63
-5.67 5.67 3.78 B78A45 0.63
-5.67 5.67 4.41 B78A45 0.63
-5.67 5.67 5.04 B78A45 0.63
-5.67 5.67 5.67 B78A45 0.63
-5.67 5.67 6.299999 B78A45 0.63
-5.67 11.34 0.6300001 BA4D3D 0.63
-5.67 11.34 6.299999 BA4D3D 0.63
-5.67 11.34 1.26 BA4D3D 0.63
-5.67 11.34 6.93 BA4D3D 0.63
-5.67 12.6 0 BA4D3D 0.63
5.67 12.6 0.6300001 D25947 0.63
5.67 12.6 1.26 D25947 0.63
5.67 12.6 1.89 D25947 0.63
5.67 12.6 2.52 D25947 0.63
5.67 12.6 3.15 D25947 0.63
5.67 12.6 3.78 D25947 0.63
5.67 12.6 4.41 D25947 0.63
5.67 12.6 5.04 D25947 0.63
5.67 12.6 5.67 D25947 0.63
5.67 12.6 6.299999 D25947 0.63
5.67 12.6 6.93 AA3A2A 0.63
-5.67 12.6 7.559999 BA4D3D 0.63
-5.04 0.63 -6.93 185D98 0.63
-5.04 0.63 -5.67 185D98 0.63
-5.04 0.63 -5.04 185D98 0.63
-5.04 0.63 -4.41 185D98 0.63
-5.04 1.26 -3.78 185D98 0.63
-5.04 1.89 -3.15 185D98 0.63
-5.04 2.52 -2.52 185D98 0.63
-5.04 2.52 -1.89 185D98 0.63
-5.04 3.15 -1.26 185D98 0.63
-5.04 3.78 -0.6300001 185D98 0.63
-5.04 4.41 0 185D98 0.63
-5.04 5.04 0.6300001 8F6B3D 0.63
-5.04 4.41 1.26 8F6B3D 0.63
-5.04 4.41 1.89 8F6B3D 0.63
-5.04 4.41 2.52 8F6B3D 0.63
-5.04 4.41 3.15 8F6B3D 0.63
-5.04 4.41 3.78 8F6B3D 0.63
-5.04 4.41 4.41 8F6B3D 0.63
-5.04 4.41 5.04 8F6B3D 0.63
-5.04 4.41 5.67 8F6B3D 0.63
-5.04 4.41 6.299999 8F6B3D 0.63
5.04 0 6.93 AA3A2A 0.63
-5.04 0 7.559999 BA4D3D 0.63
5.04 0.63 6.93 AA3A2A 0.63
-5.04 0.63 7.559999 BA4D3D 0.63
-5.04 1.26 -7.56 2E7AC6 0.63
5.04 1.26 6.93 AA3A2A 0.63
-5.04 1.26 7.559999 BA4D3D 0.63
-5.04 1.89 -4.41 3996E1 0.63
5.04 1.89 6.93 AA3A2A 0.63
-5.04 1.89 7.559999 BA4D3D 0.63
-5.04 2.52 -3.78 3996E1 0.63
5.04 2.52 6.93 AA3A2A 0.63
-5.04 2.52 7.559999 BA4D3D 0.63
-5.04 3.15 -3.15 3996E1 0.63
5.04 3.15 6.93 AA3A2A 0.63
-5.04 3.15 7.559999 BA4D3D 0.63
5.04 3.78 6.93 AA3A2A 0.63
-5.04 3.78 7.559999 BA4D3D 0.63
5.04 4.41 6.93 AA3A2A 0.63
-5.04 4.41 7.559999 BA4D3D 0.63
-5.04 5.04 1.26 A98143 0.63
-5.04 5.04 1.89 8F6B3D 0.63
-5.04 5.04 2.52 8F6B3D 0.63
-5.04 5.04 3.15 8F6B3D 0.63
-5.04 5.04 3.78 8F6B3D 0.63
-5.04 5.04 4.41 8F6B3D 0.63
-5.04 5.04 5.04 8F6B3D 0.63
-5.04 5.04 5.67 8F6B3D 0.63
-5.04 5.04 6.299999 8F6B3D 0.63
5.04 5.04 6.93 AA3A2A 0.63
-5.04 5.04 7.559999 BA4D3D 0.63
-5.04 5.67 0 3996E1 0.63
-5.04 5.67 0.6300001 B78A45 0.63
-5.04 5.67 1.26 B78A45 0.63
-5.04 5.67 1.89 B78A45 0.63
-5.04 5.67 2.52 B78A45 0.63
-5.04 5.67 3.15 B78A45 0.63
-5.04 5.67 3.78 B78A45 0.63
-5.04 5.67 4.41 B78A45 0.63
-5.04 5.67 5.04 B78A45 0.63
-5.04 5.67 5.67 B78A45 0.63
-5.04 5.67 6.299999 B78A45 0.63
5.04 5.67 6.93 AA3A2A 0.63
-5.04 5.67 7.559999 BA4D3D 0.63
-5.04 6.3 6.93 D25947 0.63
-5.04 7.56 0.6300001 BA4D3D 0.63
-5.04 7.56 6.299999 BA4D3D 0.63
-5.04 7.56 1.26 BA4D3D 0.63
-5.04 7.56 6.93 BA4D3D 0.63
-5.04 11.34 0.6300001 BA4D3D 0.63
-5.04 11.34 6.299999 BA4D3D 0.63
-5.04 11.34 1.26 BA4D3D 0.63
-5.04 11.34 6.93 BA4D3D 0.63
-5.04 11.97 0 BA4D3D 0.63
4.41 11.97 0.6300001 D25947 0.63
4.41 11.97 1.26 D25947 0.63
4.41 11.97 1.89 D25947 0.63
4.41 11.97 2.52 D25947 0.63
4.41 11.97 3.15 D25947 0.63
4.41 11.97 3.78 D25947 0.63
4.41 11.97 4.41 D25947 0.63
4.41 11.97 5.04 D25947 0.63
4.41 11.97 5.67 D25947 0.63
4.41 11.97 6.299999 D25947 0.63
4.41 11.97 6.93 AA3A2A 0.63
-5.04 11.97 7.559999 BA4D3D 0.63
-5.04 12.6 0.6300001 BA4D3D 0.63
-5.04 12.6 1.26 BA4D3D 0.63
-5.04 12.6 1.89 BA4D3D 0.63
-5.04 12.6 2.52 BA4D3D 0.63
-5.04 12.6 3.15 BA4D3D 0.63
-5.04 12.6 3.78 BA4D3D 0.63
-5.04 12.6 4.41 BA4D3D 0.63
-5.04 12.6 5.04 BA4D3D 0.63
-5.04 12.6 5.67 BA4D3D 0.63
-5.04 12.6 6.299999 BA4D3D 0.63
-5.04 12.6 6.93 AA3A2A 0.63
-4.41 5.04 0.6300001 8F6B3D 0.63
-4.41 4.41 1.26 8F6B3D 0.63
-4.41 4.41 1.89 8F6B3D 0.63
-4.41 4.41 2.52 8F6B3D 0.63
-4.41 4.41 3.15 8F6B3D 0.63
-4.41 4.41 3.78 8F6B3D 0.63
-4.41 4.41 4.41 8F6B3D 0.63
-4.41 4.41 5.04 8F6B3D 0.63
-4.41 4.41 5.67 8F6B3D 0.63
-4.41 4.41 6.299999 8F6B3D 0.63
-5.04 1.26 -4.41 185D98 0.63
-5.04 3.15 -1.89 185D98 0.63
-5.04 3.78 -1.26 185D98 0.63
-5.04 4.41 -0.6300001 185D98 0.63
-4.41 5.04 1.26 A98143 0.63
-5.04 5.04 0 185D98 0.63
-4.41 5.04 1.89 8F6B3D 0.63
-4.41 5.04 2.52 8F6B3D 0.63
-4.41 5.04 3.15 8F6B3D 0.63
-4.41 5.04 3.78 8F6B3D 0.63
-4.41 5.04 4.41 8F6B3D 0.63
-4.41 5.04 5.04 8F6B3D 0.63
-4.41 5.04 5.67 8F6B3D 0.63
-4.41 5.04 6.299999 8F6B3D 0.63
-4.41 5.67 0.6300001 B78A45 0.63
-4.41 5.67 1.26 B78A45 0.63
-4.41 5.67 1.89 B78A45 0.63
-4.41 5.67 2.52 B78A45 0.63
-4.41 5.67 3.15 B78A45 0.63
-4.41 5.67 3.78 B78A45 0.63
-4.41 5.67 4.41 B78A45 0.63
-4.41 5.67 5.04 B78A45 0.63
-4.41 5.67 5.67 B78A45 0.63
-4.41 5.67 6.299999 B78A45 0.63
-4.41 7.56 0.6300001 BA4D3D 0.63
-4.41 7.56 6.299999 BA4D3D 0.63
-4.41 7.56 1.26 BA4D3D 0.63
-4.41 7.56 6.93 BA4D3D 0.63
-4.41 11.97 0.6300001 BA4D3D 0.63
-4.41 11.97 1.26 BA4D3D 0.63
-4.41 11.97 1.89 BA4D3D 0.63
-4.41 11.97 2.52 BA4D3D 0.63
-4.41 11.97 3.15 BA4D3D 0.63
-4.41 11.97 3.78 BA4D3D 0.63
-4.41 11.97 4.41 BA4D3D 0.63
-4.41 11.97 5.04 BA4D3D 0.63
-4.41 11.97 5.67 BA4D3D 0.63
-4.41 11.97 6.299999 BA4D3D 0.63
-4.41 11.97 6.93 AA3A2A 0.63
-3.78 4.41 1.26 8F6B3D 0.63
-3.78 4.41 1.89 8F6B3D 0.63
-3.78 4.41 2.52 8F6B3D 0.63
-3.78 4.41 3.15 8F6B3D 0.63
-3.78 4.41 3.78 8F6B3D 0.63
-3.78 4.41 4.41 8F6B3D 0.63
-3.78 4.41 5.04 8F6B3D 0.63
-3.78 4.41 5.67 8F6B3D 0.63
-3.78 4.41 6.299999 8F6B3D 0.63
-3.78 5.04 1.26 A98143 0.63
-3.78 5.04 1.89 8F6B3D 0.63
-3.78 5.04 2.52 8F6B3D 0.63
-3.78 5.04 3.15 8F6B3D 0.63
-3.78 5.04 3.78 8F6B3D 0.63
-3.78 5.04 4.41 8F6B3D 0.63
-3.78 5.04 5.04 8F6B3D 0.63
-3.78 5.04 5.67 8F6B3D 0.63
-3.78 5.04 6.299999 8F6B3D 0.63
-3.78 5.67 1.26 B78A45 0.63
-3.78 5.67 1.89 B78A45 0.63
-3.78 5.67 2.52 B78A45 0.63
-3.78 5.67 3.15 B78A45 0.63
-3.78 5.67 3.78 B78A45 0.63
-3.78 5.67 4.41 B78A45 0.63
-3.78 5.67 5.04 B78A45 0.63
-3.78 5.67 5.67 B78A45 0.63
-3.78 5.67 6.299999 B78A45 0.63
-3.78 7.56 6.93 BA4D3D 0.63
-3.78 11.34 0.6300001 BA4D3D 0.63
3.78 11.34 0.6300001 D25947 0.63
-3.78 11.34 1.26 BA4D3D 0.63
3.78 11.34 1.26 D25947 0.63
-3.78 11.34 1.89 BA4D3D 0.63
3.78 11.34 1.89 D25947 0.63
-3.78 11.34 2.52 BA4D3D 0.63
3.78 11.34 2.52 D25947 0.63
-3.78 11.34 3.15 BA4D3D 0.63
3.78 11.34 3.15 D25947 0.63
-3.78 11.34 3.78 BA4D3D 0.63
3.78 11.34 3.78 D25947 0.63
-3.78 11.34 4.41 BA4D3D 0.63
3.78 11.34 4.41 D25947 0.63
-3.78 11.34 5.04 BA4D3D 0.63
3.78 11.34 5.04 D25947 0.63
-3.78 11.34 5.67 BA4D3D 0.63
3.78 11.34 5.67 D25947 0.63
-3.78 11.34 6.299999 BA4D3D 0.63
3.78 11.34 6.299999 D25947 0.63
-3.78 11.34 6.93 AA3A2A 0.63
3.78 11.34 6.93 AA3A2A 0.63
-3.15 5.04 0.6300001 8F6B3D 0.63
-3.15 5.04 1.26 8F6B3D 0.63
-3.15 5.04 1.89 8F6B3D 0.63
-3.15 5.04 2.52 8F6B3D 0.63
-3.15 5.04 3.15 8F6B3D 0.63
-3.15 5.04 3.78 8F6B3D 0.63
-3.15 5.04 4.41 8F6B3D 0.63
-3.15 5.04 5.04 8F6B3D 0.63
-3.15 5.04 5.67 8F6B3D 0.63
-3.15 5.04 6.299999 8F6B3D 0.63
-3.15 10.08 6.93 933224 0.63
-3.15 0 0.6300001 EFBC2A 0.63
3.15 0 0.6300001 EFBC2A 0.63
-3.15 0.63 0.6300001 EFBC2A 0.63
3.15 0.63 0.6300001 EFBC2A 0.63
-3.15 1.26 0.6300001 EFBC2A 0.63
3.15 1.26 0.6300001 EFBC2A 0.63
-3.15 1.89 0.6300001 EFBC2A 0.63
3.15 1.89 0.6300001 EFBC2A 0.63
-3.15 2.52 0.6300001 EFBC2A 0.63
3.15 2.52 0.6300001 EFBC2A 0.63
-3.15 3.15 0.6300001 EFBC2A 0.63
3.15 3.15 0.6300001 EFBC2A 0.63
-3.15 3.78 0.6300001 EFBC2A 0.63
3.15 3.78 0.6300001 EFBC2A 0.63
-3.15 4.41 0.6300001 EFBC2A 0.63
3.15 4.41 0.6300001 EFBC2A 0.63
3.15 5.04 0.6300001 EFBC2A 0.63
-3.15 10.08 0.6300001 933224 0.63
-3.15 5.67 0.6300001 B78A45 0.63
3.15 5.67 0.6300001 EFBC2A 0.63
-3.15 10.08 1.26 933224 0.63
-3.15 5.67 1.26 B78A45 0.63
-3.15 10.08 1.89 933224 0.63
-3.15 5.67 1.89 B78A45 0.63
-3.15 10.08 2.52 933224 0.63
-3.15 10.08 3.15 933224 0.63
-3.15 10.08 3.78 933224 0.63
-3.15 10.08 4.41 933224 0.63
-3.15 10.08 5.04 933224 0.63
-3.15 10.08 5.67 933224 0.63
-3.15 5.67 5.67 B78A45 0.63
-3.15 10.08 6.299999 933224 0.63
-3.15 5.67 6.299999 B78A45 0.63
-3.15 6.3 0.6300001 EFBC2A 0.63
3.15 6.3 0.6300001 EFBC2A 0.63
-3.15 6.93 0.6300001 EFBC2A 0.63
3.15 6.93 0.6300001 EFBC2A 0.63
-3.15 7.56 0.6300001 EFBC2A 0.63
3.15 7.56 0.6300001 EFBC2A 0.63
-3.15 7.56 1.26 AA3A2A 0.63
3.15 7.56 1.26 AA3A2A 0.63
-3.15 7.56 1.89 AA3A2A 0.63
3.15 7.56 1.89 AA3A2A 0.63
-3.15 7.56 5.04 AA3A2A 0.63
-3.15 7.56 5.67 AA3A2A 0.63
3.15 7.56 5.67 AA3A2A 0.63
-3.15 7.56 6.299999 AA3A2A 0.63
3.15 7.56 6.299999 AA3A2A 0.63
-3.15 8.190001 0.6300001 EFBC2A 0.63
3.15 8.190001 0.6300001 EFBC2A 0.63
-3.15 8.820001 0.6300001 EFBC2A 0.63
3.15 8.820001 0.6300001 EFBC2A 0.63
-3.15 9.450001 0.6300001 EFBC2A 0.63
3.15 9.450001 0.6300001 EFBC2A 0.63
-2.52 10.08 0.6300001 933224 0.63
-3.15 10.71 0 BA4D3D 0.63
3.15 10.71 0.6300001 D25947 0.63
3.15 10.71 1.26 D25947 0.63
3.15 10.71 1.89 D25947 0.63
3.15 10.71 2.52 D25947 0.63
3.15 10.71 3.15 D25947 0.63
3.15 10.71 3.78 D25947 0.63
3.15 10.71 4.41 D25947 0.63
3.15 10.71 5.04 D25947 0.63
3.15 10.71 5.67 D25947 0.63
3.15 10.71 6.299999 D25947 0.63
3.15 10.71 6.93 AA3A2A 0.63
-3.15 10.71 7.559999 BA4D3D 0.63
-3.15 10.71 0.6300001 BA4D3D 0.63
-3.15 10.71 1.26 BA4D3D 0.63
-3.15 10.71 1.89 BA4D3D 0.63
-3.15 10.71 2.52 BA4D3D 0.63
-3.15 10.71 3.15 BA4D3D 0.63
-3.15 10.71 3.78 BA4D3D 0.63
-3.15 10.71 4.41 BA4D3D 0.63
-3.15 10.71 5.04 BA4D3D 0.63
-3.15 10.71 5.67 BA4D3D 0.63
-3.15 10.71 6.299999 BA4D3D 0.63
-3.15 10.71 6.93 AA3A2A 0.63
-2.52 6.3 3.15 185D98 0.63
-2.52 6.3 3.78 185D98 0.63
-2.52 6.3 4.41 185D98 0.63
-2.52 5.67 2.52 185D98 0.63
2.52 5.67 2.52 185D98 0.63
-2.52 5.67 3.15 185D98 0.63
2.52 5.67 3.15 185D98 0.63
-2.52 5.67 3.78 185D98 0.63
2.52 5.67 3.78 185D98 0.63
-2.52 5.67 4.41 185D98 0.63
2.52 5.67 4.41 185D98 0.63
-2.52 5.67 5.04 185D98 0.63
2.52 5.67 5.04 185D98 0.63
-2.52 6.3 2.52 1D72B7 0.63
2.52 6.3 2.52 185D98 0.63
-2.52 6.3 5.04 185D98 0.63
2.52 6.3 5.04 185D98 0.63
-2.52 6.93 2.52 1D72B7 0.63
2.52 6.93 2.52 185D98 0.63
-2.52 6.93 5.04 185D98 0.63
2.52 6.93 5.04 185D98 0.63
-2.52 7.56 2.52 1D72B7 0.63
2.52 7.56 2.52 185D98 0.63
-2.52 7.56 5.04 185D98 0.63
2.52 7.56 5.04 185D98 0.63
-2.52 8.190001 2.52 1D72B7 0.63
2.52 8.190001 2.52 185D98 0.63
-2.52 8.190001 5.04 185D98 0.63
2.52 8.190001 5.04 185D98 0.63
-2.52 8.820001 2.52 185D98 0.63
2.52 8.820001 2.52 185D98 0.63
-2.52 8.190001 3.15 3EA4EC 0.63
-2.52 8.820001 3.15 185D98 0.63
2.52 8.820001 3.15 185D98 0.63
-2.52 8.190001 3.78 3EA4EC 0.63
-2.52 8.820001 3.78 185D98 0.63
2.52 8.820001 3.78 185D98 0.63
-2.52 8.190001 4.41 3EA4EC 0.63
-2.52 8.820001 4.41 185D98 0.63
2.52 8.820001 4.41 185D98 0.63
-2.52 8.820001 5.04 185D98 0.63
2.52 8.820001 5.04 185D98 0.63
-2.52 10.08 0 BA4D3D 0.63
2.52 10.08 0.6300001 AA3A2A 0.63
2.52 10.08 1.26 AA3A2A 0.63
2.52 10.08 1.89 AA3A2A 0.63
2.52 10.08 2.52 AA3A2A 0.63
2.52 10.08 3.15 AA3A2A 0.63
2.52 10.08 3.78 AA3A2A 0.63
2.52 10.08 4.41 AA3A2A 0.63
2.52 10.08 5.04 AA3A2A 0.63
2.52 10.08 5.67 AA3A2A 0.63
2.52 10.08 6.299999 AA3A2A 0.63
2.52 10.08 6.93 AA3A2A 0.63
-2.52 10.08 7.559999 BA4D3D 0.63
-1.89 6.3 3.15 185D98 0.63
-1.89 6.3 3.78 185D98 0.63
-1.89 6.3 4.41 185D98 0.63
-1.89 6.3 2.52 1D72B7 0.63
-1.89 6.3 5.04 1D72B7 0.63
-1.89 6.93 2.52 1D72B7 0.63
-1.89 6.93 5.04 1D72B7 0.63
-1.89 7.56 2.52 1D72B7 0.63
-1.89 7.56 5.04 1D72B7 0.63
-1.89 8.190001 2.52 1D72B7 0.63
-1.89 8.190001 5.04 1D72B7 0.63
-1.89 8.190001 3.15 3EA4EC 0.63
-1.89 8.190001 3.78 3EA4EC 0.63
-1.89 8.190001 4.41 3EA4EC 0.63
-1.26 6.3 3.15 185D98 0.63
-1.26 6.3 3.78 185D98 0.63
-1.26 6.3 4.41 185D98 0.63
-1.26 6.3 2.52 1D72B7 0.63
-1.26 6.3 5.04 1D72B7 0.63
-1.26 6.93 2.52 1D72B7 0.63
-1.26 6.93 5.04 1D72B7 0.63
-1.26 7.56 2.52 1D72B7 0.63
-1.26 7.56 5.04 1D72B7 0.63
-1.26 8.190001 2.52 1D72B7 0.63
-1.26 8.190001 5.04 1D72B7 0.63
-1.26 8.190001 3.15 3EA4EC 0.63
-1.26 8.190001 3.78 3EA4EC 0.63
-1.26 8.190001 4.41 3EA4EC 0.63
-0.63 6.3 3.15 185D98 0.63
-0.63 6.3 3.78 185D98 0.63
-0.63 6.3 4.41 185D98 0.63
-0.63 6.3 2.52 1D72B7 0.63
-0.63 6.3 5.04 1D72B7 0.63
-0.63 6.93 2.52 1D72B7 0.63
-0.63 6.93 5.04 1D72B7 0.63
-0.63 7.56 2.52 1D72B7 0.63
-0.63 7.56 5.04 1D72B7 0.63
-0.63 8.190001 2.52 1D72B7 0.63
-0.63 8.190001 5.04 1D72B7 0.63
-0.63 8.190001 3.15 3EA4EC 0.63
-0.63 8.190001 3.78 3EA4EC 0.63
-0.63 8.190001 4.41 3EA4EC 0.63
0 6.3 3.15 185D98 0.63
0 6.3 3.78 185D98 0.63
0 6.3 4.41 185D98 0.63
0 6.3 2.52 1D72B7 0.63
0 6.3 5.04 1D72B7 0.63
0 6.93 2.52 1D72B7 0.63
0 6.93 5.04 1D72B7 0.63
0 7.56 2.52 1D72B7 0.63
0 7.56 5.04 1D72B7 0.63
0 8.190001 2.52 1D72B7 0.63
0 8.190001 5.04 1D72B7 0.63
0 8.190001 3.15 3EA4EC 0.63
0 8.190001 3.78 3EA4EC 0.63
0 8.190001 4.41 3EA4EC 0.63
0.63 6.3 3.15 185D98 0.63
0.63 6.3 3.78 185D98 0.63
0.63 6.3 4.41 185D98 0.63
0.63 6.3 2.52 1D72B7 0.63
0.63 6.3 5.04 1D72B7 0.63
0.63 6.93 2.52 1D72B7 0.63
0.63 6.93 5.04 1D72B7 0.63
0.63 7.56 2.52 1D72B7 0.63
0.63 7.56 5.04 1D72B7 0.63
0.63 8.190001 2.52 1D72B7 0.63
0.63 8.190001 5.04 1D72B7 0.63
0.63 8.190001 3.15 3EA4EC 0.63
0.63 8.190001 3.78 3EA4EC 0.63
0.63 8.190001 4.41 3EA4EC 0.63
1.26 6.3 3.15 185D98 0.63
1.26 6.3 3.78 185D98 0.63
1.26 6.3 4.41 185D98 0.63
1.26 6.3 2.52 1D72B7 0.63
1.26 6.3 5.04 1D72B7 0.63
1.26 6.93 2.52 1D72B7 0.63
1.26 6.93 5.04 1D72B7 0.63
1.26 7.56 2.52 1D72B7 0.63
1.26 7.56 5.04 1D72B7 0.63
1.26 8.190001 2.52 1D72B7 0.63
1.26 8.190001 5.04 1D72B7 0.63
1.26 8.190001 3.15 3EA4EC 0.63
1.26 8.190001 3.78 3EA4EC 0.63
1.26 8.190001 4.41 3EA4EC 0.63
1.89 6.3 3.15 185D98 0.63
1.89 6.3 3.78 185D98 0.63
1.89 6.3 4.41 185D98 0.63
1.89 6.3 2.52 1D72B7 0.63
1.89 6.3 5.04 1D72B7 0.63
1.89 6.93 2.52 1D72B7 0.63
1.89 6.93 5.04 1D72B7 0.63
1.89 7.56 2.52 1D72B7 0.63
1.89 7.56 5.04 1D72B7 0.63
1.89 8.190001 2.52 1D72B7 0.63
1.89 8.190001 5.04 1D72B7 0.63
1.89 8.190001 3.15 3EA4EC 0.63
1.89 8.190001 3.78 3EA4EC 0.63
1.89 8.190001 4.41 3EA4EC 0.63
2.52 6.3 3.15 185D98 0.63
2.52 6.3 3.78 185D98 0.63
2.52 6.3 4.41 185D98 0.63
2.52 8.190001 3.15 3EA4EC 0.63
2.52 8.190001 3.78 3EA4EC 0.63
2.52 8.190001 4.41 3EA4EC 0.63
2.52 10.08 0 BA4D3D 0.63
3.15 10.08 0.6300001 EFBC2A 0.63
10.08 10.08 1.26 933224 0.63
10.08 10.08 1.89 933224 0.63
10.08 10.08 2.52 933224 0.63
10.08 10.08 3.15 933224 0.63
10.08 10.08 3.78 933224 0.63
10.08 10.08 4.41 933224 0.63
10.08 10.08 5.04 933224 0.63
10.08 10.08 5.67 933224 0.63
10.08 10.08 6.299999 933224 0.63
10.08 10.08 6.93 933224 0.63
2.52 10.08 7.559999 BA4D3D 0.63
3.15 5.04 1.26 8F6B3D 0.63
3.15 5.04 1.89 8F6B3D 0.63
3.15 5.04 2.52 8F6B3D 0.63
3.15 5.04 3.15 8F6B3D 0.63
3.15 5.04 3.78 8F6B3D 0.63
3.15 5.04 4.41 8F6B3D 0.63
3.15 5.04 5.04 8F6B3D 0.63
3.15 5.04 5.67 8F6B3D 0.63
3.15 5.04 6.299999 8F6B3D 0.63
3.15 10.08 6.93 933224 0.63
3.15 5.67 1.89 1D72B7 0.63
3.15 10.08 1.26 933224 0.63
3.15 5.67 1.26 B78A45 0.63
3.15 10.08 1.89 933224 0.63
3.15 10.08 2.52 933224 0.63
3.15 5.67 2.52 B78A45 0.63
3.15 10.08 3.15 933224 0.63
3.15 5.67 3.15 B78A45 0.63
3.15 10.08 3.78 933224 0.63
3.15 5.67 3.78 B78A45 0.63
3.15 10.08 4.41 933224 0.63
3.15 5.67 4.41 B78A45 0.63
3.15 10.08 5.04 933224 0.63
3.15 5.67 5.04 B78A45 0.63
9.450001 5.67 5.04 BA4D3D 0.63
3.15 10.08 5.67 933224 0.63
3.15 5.67 5.67 B78A45 0.63
3.15 10.08 6.299999 933224 0.63
3.15 5.67 6.299999 B78A45 0.63
3.15 6.3 1.89 1D72B7 0.63
3.15 6.3 5.04 1D72B7 0.63
3.15 6.93 1.89 1D72B7 0.63
3.15 6.93 5.04 1D72B7 0.63
3.15 7.56 5.04 AA3A2A 0.63
3.15 8.190001 1.89 1D72B7 0.63
3.15 8.190001 5.04 1D72B7 0.63
3.15 8.820001 1.89 1D72B7 0.63
3.15 8.820001 5.04 1D72B7 0.63
3.15 8.820001 2.52 3EA4EC 0.63
3.15 8.820001 3.15 3EA4EC 0.63
3.15 8.820001 3.78 3EA4EC 0.63
3.15 8.820001 4.41 3EA4EC 0.63
3.15 10.71 0 BA4D3D 0.63
8.820001 10.71 0.6300001 EFBC2A 0.63
8.820001 10.71 1.26 933224 0.63
8.820001 10.71 1.89 933224 0.63
8.820001 10.71 2.52 933224 0.63
8.820001 10.71 3.15 933224 0.63
8.820001 10.71 3.78 933224 0.63
8.820001 10.71 4.41 933224 0.63
8.820001 10.71 5.04 933224 0.63
8.820001 10.71 5.67 933224 0.63
8.820001 10.71 6.299999 933224 0.63
8.820001 10.71 6.93 933224 0.63
3.15 10.71 7.559999 BA4D3D 0.63
3.78 5.04 0.6300001 8F6B3D 0.63
3.78 4.41 1.26 8F6B3D 0.63
3.78 4.41 1.89 8F6B3D 0.63
3.78 4.41 2.52 8F6B3D 0.63
3.78 4.41 3.15 8F6B3D 0.63
3.78 4.41 3.78 8F6B3D 0.63
3.78 4.41 4.41 8F6B3D 0.63
3.78 4.41 5.04 8F6B3D 0.63
3.78 4.41 5.67 8F6B3D 0.63
3.78 4.41 6.299999 8F6B3D 0.63
3.78 10.71 6.93 933224 0.63
3.78 0 0.6300001 EFBC2A 0.63
8.820001 0 0.6300001 EFBC2A 0.63
3.78 0.63 0.6300001 EFBC2A 0.63
8.820001 0.63 0.6300001 EFBC2A 0.63
3.78 1.26 0.6300001 EFBC2A 0.63
8.820001 1.26 0.6300001 EFBC2A 0.63
3.78 1.89 0.6300001 EFBC2A 0.63
8.820001 1.89 0.6300001 EFBC2A 0.63
3.78 2.52 0.6300001 EFBC2A 0.63
8.820001 2.52 0.6300001 EFBC2A 0.63
3.78 3.15 0.6300001 EFBC2A 0.63
8.820001 3.15 0.6300001 EFBC2A 0.63
3.78 3.78 0.6300001 EFBC2A 0.63
8.820001 3.78 0.6300001 EFBC2A 0.63
3.78 4.41 0.6300001 EFBC2A 0.63
8.820001 4.41 0.6300001 EFBC2A 0.63
8.820001 5.04 0.6300001 EFBC2A 0.63
9.450001 5.04 5.04 BA4D3D 0.63
3.78 10.71 0.6300001 933224 0.63
3.78 5.67 0.6300001 B78A45 0.63
8.820001 5.67 0.6300001 EFBC2A 0.63
3.78 10.71 1.26 933224 0.63
3.78 5.67 1.26 B78A45 0.63
3.78 10.71 1.89 933224 0.63
3.78 5.67 1.89 B78A45 0.63
3.78 10.71 2.52 933224 0.63
3.78 5.67 2.52 B78A45 0.63
3.78 10.71 3.15 933224 0.63
3.78 5.67 3.15 B78A45 0.63
3.78 10.71 3.78 933224 0.63
3.78 5.67 3.78 B78A45 0.63
3.78 10.71 4.41 933224 0.63
3.78 5.67 4.41 B78A45 0.63
3.78 10.71 5.04 933224 0.63
3.78 5.67 5.04 B78A45 0.63
3.78 10.71 5.67 933224 0.63
3.78 5.67 5.67 B78A45 0.63
3.78 10.71 6.299999 933224 0.63
3.78 5.67 6.299999 B78A45 0.63
3.78 6.3 0.6300001 EFBC2A 0.63
8.820001 6.3 0.6300001 EFBC2A 0.63
3.15 6.3 2.52 343434 0.63
3.15 6.3 3.15 343434 0.63
3.15 6.3 3.78 343434 0.63
3.15 6.3 4.41 343434 0.63
3.78 6.93 0.6300001 EFBC2A 0.63
8.820001 6.93 0.6300001 EFBC2A 0.63
3.15 6.93 2.52 343434 0.63
3.15 6.93 3.15 343434 0.63
3.15 6.93 3.78 343434 0.63
3.15 6.93 4.41 343434 0.63
3.78 7.56 0.6300001 BA4D3D 0.63
8.820001 7.56 0.6300001 EFBC2A 0.63
3.78 7.56 1.26 AA3A2A 0.63
3.78 7.56 6.299999 BA4D3D 0.63
3.78 7.56 1.89 AA3A2A 0.63
3.15 7.56 2.52 343434 0.63
3.15 7.56 3.15 343434 0.63
3.15 7.56 3.78 343434 0.63
3.15 7.56 4.41 343434 0.63
3.78 7.56 5.04 AA3A2A 0.63
3.78 7.56 5.67 AA3A2A 0.63
3.78 7.56 6.93 BA4D3D 0.63
3.78 8.190001 0.6300001 EFBC2A 0.63
8.820001 8.190001 0.6300001 EFBC2A 0.63
3.15 8.190001 2.52 343434 0.63
3.15 8.190001 3.15 343434 0.63
3.15 8.190001 3.78 343434 0.63
3.15 8.190001 4.41 343434 0.63
3.78 8.820001 0.6300001 EFBC2A 0.63
8.820001 8.820001 0.6300001 EFBC2A 0.63
3.78 9.450001 0.6300001 EFBC2A 0.63
8.820001 9.450001 0.6300001 EFBC2A 0.63
3.78 10.08 0.6300001 EFBC2A 0.63
8.820001 10.08 0.6300001 EFBC2A 0.63
4.41 5.04 0.6300001 8F6B3D 0.63
4.41 4.41 1.26 8F6B3D 0.63
4.41 4.41 1.89 8F6B3D 0.63
4.41 4.41 2.52 8F6B3D 0.63
4.41 4.41 3.15 8F6B3D 0.63
4.41 4.41 3.78 8F6B3D 0.63
4.41 4.41 4.41 8F6B3D 0.63
4.41 4.41 5.04 8F6B3D 0.63
4.41 4.41 5.67 8F6B3D 0.63
4.41 4.41 6.299999 8F6B3D 0.63
4.41 11.34 6.93 933224 0.63
4.41 5.04 1.26 A98143 0.63
4.41 5.04 1.89 8F6B3D 0.63
4.41 5.04 2.52 8F6B3D 0.63
4.41 5.04 3.15 8F6B3D 0.63
4.41 5.04 3.78 8F6B3D 0.63
4.41 5.04 4.41 8F6B3D 0.63
4.41 5.04 5.04 8F6B3D 0.63
4.41 5.04 5.67 8F6B3D 0.63
4.41 5.04 6.299999 8F6B3D 0.63
4.41 11.34 0.6300001 933224 0.63
4.41 5.67 0.6300001 B78A45 0.63
4.41 11.34 1.26 933224 0.63
4.41 5.67 1.26 B78A45 0.63
4.41 11.34 1.89 933224 0.63
4.41 5.67 1.89 B78A45 0.63
4.41 11.34 2.52 933224 0.63
4.41 5.67 2.52 B78A45 0.63
4.41 11.34 3.15 933224 0.63
4.41 5.67 3.15 B78A45 0.63
4.41 11.34 3.78 933224 0.63
4.41 5.67 3.78 B78A45 0.63
4.41 11.34 4.41 933224 0.63
4.41 5.67 4.41 B78A45 0.63
4.41 11.34 5.04 933224 0.63
4.41 5.67 5.04 B78A45 0.63
4.41 11.34 5.67 933224 0.63
4.41 5.67 5.67 B78A45 0.63
4.41 11.34 6.299999 933224 0.63
4.41 5.67 6.299999 B78A45 0.63
4.41 7.56 0.6300001 BA4D3D 0.63
4.41 7.56 6.299999 BA4D3D 0.63
4.41 7.56 1.26 BA4D3D 0.63
4.41 7.56 6.93 BA4D3D 0.63
8.190001 11.34 0.6300001 933224 0.63
8.190001 11.34 1.26 933224 0.63
8.190001 11.34 1.89 933224 0.63
8.190001 11.34 2.52 933224 0.63
8.190001 11.34 3.15 933224 0.63
8.190001 11.34 3.78 933224 0.63
8.190001 11.34 4.41 933224 0.63
8.190001 11.34 5.04 933224 0.63
8.190001 11.34 5.67 933224 0.63
8.190001 11.34 6.299999 933224 0.63
8.190001 11.34 6.93 933224 0.63
5.04 5.04 0.6300001 8F6B3D 0.63
5.04 4.41 1.26 8F6B3D 0.63
5.04 4.41 1.89 8F6B3D 0.63
5.04 4.41 2.52 8F6B3D 0.63
5.04 4.41 3.15 8F6B3D 0.63
5.04 4.41 3.78 8F6B3D 0.63
5.04 4.41 4.41 8F6B3D 0.63
5.04 4.41 5.04 8F6B3D 0.63
5.04 4.41 5.67 8F6B3D 0.63
5.04 4.41 6.299999 8F6B3D 0.63
5.04 11.97 6.93 933224 0.63
7.56 0 6.93 AA3A2A 0.63
5.04 0 7.559999 BA4D3D 0.63
5.04 0.63 0 A98143 0.63
5.04 0.63 0.6300001 A98143 0.63
7.56 0.63 6.93 AA3A2A 0.63
5.04 0.63 7.559999 BA4D3D 0.63
5.04 1.26 0 A98143 0.63
5.04 1.26 0.6300001 A98143 0.63
7.56 1.26 6.93 AA3A2A 0.63
5.04 1.26 7.559999 BA4D3D 0.63
5.04 1.89 0 A98143 0.63
5.04 1.89 0.6300001 A98143 0.63
7.56 1.89 6.93 AA3A2A 0.63
5.04 1.89 7.559999 BA4D3D 0.63
5.04 2.52 0 A98143 0.63
5.04 2.52 0.6300001 A98143 0.63
7.56 2.52 6.93 AA3A2A 0.63
5.04 2.52 7.559999 BA4D3D 0.63
5.04 3.15 0 A98143 0.63
5.04 3.15 0.6300001 A98143 0.63
7.56 3.15 6.93 AA3A2A 0.63
5.04 3.15 7.559999 BA4D3D 0.63
5.04 3.78 0 A98143 0.63
5.04 3.78 0.6300001 A98143 0.63
7.56 3.78 6.93 AA3A2A 0.63
5.04 3.78 7.559999 BA4D3D 0.63
5.04 4.41 0 A98143 0.63
5.04 4.41 0.6300001 A98143 0.63
7.56 4.41 6.93 AA3A2A 0.63
5.04 4.41 7.559999 BA4D3D 0.63
5.04 5.04 0 A98143 0.63
5.04 5.04 1.26 A98143 0.63
5.04 5.04 1.89 8F6B3D 0.63
5.04 5.04 2.52 8F6B3D 0.63
5.04 5.04 3.15 8F6B3D 0.63
5.04 5.04 3.78 8F6B3D 0.63
5.04 5.04 4.41 8F6B3D 0.63
5.04 5.04 5.04 8F6B3D 0.63
5.04 5.04 5.67 8F6B3D 0.63
5.04 5.04 6.299999 8F6B3D 0.63
7.56 5.04 6.93 AA3A2A 0.63
5.04 5.04 7.559999 BA4D3D 0.63
5.04 5.67 0 A98143 0.63
5.04 11.97 0.6300001 933224 0.63
5.04 5.67 0.6300001 B78A45 0.63
5.04 11.97 1.26 933224 0.63
5.04 5.67 1.26 B78A45 0.63
5.04 11.97 1.89 933224 0.63
5.04 5.67 1.89 B78A45 0.63
5.04 11.97 2.52 933224 0.63
5.04 5.67 2.52 B78A45 0.63
5.04 11.97 3.15 933224 0.63
5.04 5.67 3.15 B78A45 0.63
5.04 11.97 3.78 933224 0.63
5.04 5.67 3.78 B78A45 0.63
5.04 11.97 4.41 933224 0.63
5.04 5.67 4.41 B78A45 0.63
5.04 11.97 5.04 933224 0.63
5.04 5.67 5.04 B78A45 0.63
5.04 11.97 5.67 933224 0.63
5.04 5.67 5.67 B78A45 0.63
5.04 11.97 6.299999 933224 0.63
5.04 5.67 6.299999 B78A45 0.63
7.56 5.67 6.93 AA3A2A 0.63
5.04 5.67 7.559999 BA4D3D 0.63
5.04 6.3 6.93 D25947 0.63
5.04 7.56 6.299999 BA4D3D 0.63
5.04 7.56 6.93 BA4D3D 0.63
5.04 11.34 0.6300001 BA4D3D 0.63
5.04 11.34 6.299999 BA4D3D 0.63
5.04 11.34 1.26 BA4D3D 0.63
5.04 11.34 6.93 BA4D3D 0.63
5.04 11.97 0 BA4D3D 0.63
7.56 11.97 0.6300001 933224 0.63
7.56 11.97 1.26 933224 0.63
7.56 11.97 1.89 933224 0.63
7.56 11.97 2.52 933224 0.63
7.56 11.97 3.15 933224 0.63
7.56 11.97 3.78 933224 0.63
7.56 11.97 4.41 933224 0.63
7.56 11.97 5.04 933224 0.63
7.56 11.97 5.67 933224 0.63
7.56 11.97 6.299999 933224 0.63
7.56 11.97 6.93 933224 0.63
5.04 11.97 7.559999 BA4D3D 0.63
5.04 12.6 0.6300001 D25947 0.63
5.04 12.6 1.26 D25947 0.63
5.04 12.6 1.89 D25947 0.63
5.04 12.6 2.52 D25947 0.63
5.04 12.6 3.15 D25947 0.63
5.04 12.6 3.78 D25947 0.63
5.04 12.6 4.41 D25947 0.63
5.04 12.6 5.04 D25947 0.63
5.04 12.6 5.67 D25947 0.63
5.04 12.6 6.299999 D25947 0.63
5.04 12.6 6.93 AA3A2A 0.63
5.67 5.04 0.6300001 8F6B3D 0.63
5.67 4.41 1.26 8F6B3D 0.63
5.67 4.41 1.89 8F6B3D 0.63
5.67 4.41 2.52 8F6B3D 0.63
5.67 4.41 3.15 8F6B3D 0.63
5.67 4.41 3.78 8F6B3D 0.63
5.67 4.41 4.41 8F6B3D 0.63
5.67 4.41 5.04 8F6B3D 0.63
5.67 4.41 5.67 8F6B3D 0.63
5.67 4.41 6.299999 8F6B3D 0.63
5.67 0.63 0 A98143 0.63
5.67 0.63 0.6300001 A98143 0.63
5.67 1.26 0 FFC600 0.63
5.67 1.26 0.6300001 A98143 0.63
5.67 1.89 0 A98143 0.63
5.67 1.89 0.6300001 A98143 0.63
5.67 2.52 0 BA4D3D 0.63
5.67 2.52 6.93 BA4D3D 0.63
5.67 2.52 0.6300001 A98143 0.63
5.67 3.15 0 A98143 0.63
5.67 3.15 0.6300001 A98143 0.63
5.67 3.78 0 1D72B7 0.63
5.67 3.78 0.6300001 A98143 0.63
5.67 4.41 0 A98143 0.63
5.67 4.41 0.6300001 A98143 0.63
5.67 5.04 0 BA4D3D 0.63
5.67 5.04 1.26 A98143 0.63
5.67 5.04 1.89 8F6B3D 0.63
5.67 5.04 2.52 8F6B3D 0.63
5.67 5.04 3.15 8F6B3D 0.63
5.67 5.04 3.78 8F6B3D 0.63
5.67 5.04 4.41 8F6B3D 0.63
5.67 5.04 5.04 8F6B3D 0.63
5.67 5.04 5.67 8F6B3D 0.63
5.67 5.04 6.299999 8F6B3D 0.63
5.67 5.67 0 A98143 0.63
5.67 5.67 0.6300001 B78A45 0.63
5.67 5.67 1.26 B78A45 0.63
5.67 5.67 1.89 B78A45 0.63
5.67 5.67 2.52 B78A45 0.63
5.67 5.67 3.15 B78A45 0.63
5.67 5.67 3.78 B78A45 0.63
5.67 5.67 4.41 B78A45 0.63
5.67 5.67 5.04 B78A45 0.63
5.67 5.67 5.67 B78A45 0.63
5.67 5.67 6.299999 B78A45 0.63
5.67 7.56 6.299999 BA4D3D 0.63
5.67 7.56 6.93 BA4D3D 0.63
5.67 11.34 0.6300001 BA4D3D 0.63
5.67 11.34 6.299999 BA4D3D 0.63
5.67 11.34 1.26 BA4D3D 0.63
5.67 11.34 6.93 BA4D3D 0.63
5.67 12.6 0 BA4D3D 0.63
6.93 12.6 0.6300001 933224 0.63
6.93 12.6 1.26 933224 0.63
6.93 12.6 1.89 933224 0.63
6.93 12.6 2.52 933224 0.63
6.93 12.6 3.15 933224 0.63
6.93 12.6 3.78 933224 0.63
6.93 12.6 4.41 933224 0.63
6.93 12.6 5.04 933224 0.63
6.93 12.6 5.67 933224 0.63
6.93 12.6 6.299999 933224 0.63
6.93 12.6 6.93 933224 0.63
5.67 12.6 7.559999 BA4D3D 0.63
6.3 5.04 0.6300001 8F6B3D 0.63
6.3 4.41 1.26 8F6B3D 0.63
6.3 4.41 1.89 8F6B3D 0.63
6.3 4.41 2.52 8F6B3D 0.63
6.3 4.41 3.15 8F6B3D 0.63
6.3 4.41 3.78 8F6B3D 0.63
6.3 4.41 4.41 8F6B3D 0.63
6.3 4.41 5.04 8F6B3D 0.63
6.3 4.41 5.67 8F6B3D 0.63
6.3 4.41 6.299999 8F6B3D 0.63
6.3 0.63 0 A98143 0.63
6.3 0.63 0.6300001 A98143 0.63
6.3 1.26 0 A98143 0.63
6.3 1.26 0.6300001 A98143 0.63
6.3 1.89 0 A98143 0.63
6.3 1.89 0.6300001 A98143 0.63
6.3 2.52 0 A98143 0.63
6.3 2.52 6.93 BA4D3D 0.63
6.3 2.52 0.6300001 A98143 0.63
6.3 3.15 0 A98143 0.63
6.3 3.15 0.6300001 A98143 0.63
6.3 3.78 0 A98143 0.63
6.3 3.78 0.6300001 A98143 0.63
6.3 4.41 0 A98143 0.63
6.3 4.41 0.6300001 A98143 0.63
6.3 5.04 0 A98143 0.63
6.3 5.04 1.26 A98143 0.63
6.3 5.04 1.89 8F6B3D 0.63
6.3 5.04 2.52 8F6B3D 0.63
6.3 5.04 3.15 8F6B3D 0.63
6.3 5.04 3.78 8F6B3D 0.63
6.3 5.04 4.41 8F6B3D 0.63
6.3 5.04 5.04 8F6B3D 0.63
6.3 5.04 5.67 8F6B3D 0.63
6.3 5.04 6.299999 8F6B3D 0.63
6.3 5.67 0 A98143 0.63
6.3 5.67 0.6300001 B78A45 0.63
6.3 5.67 6.299999 BA4D3D 0.63
6.3 5.67 1.26 B78A45 0.63
6.3 5.67 1.89 B78A45 0.63
6.3 5.67 2.52 B78A45 0.63
6.3 5.67 3.15 B78A45 0.63
6.3 5.67 3.78 B78A45 0.63
6.3 5.67 4.41 B78A45 0.63
6.3 5.67 5.04 B78A45 0.63
6.3 5.67 5.67 B78A45 0.63
6.3 5.67 6.93 BA4D3D 0.63
6.3 6.3 6.299999 BA4D3D 0.63
6.3 6.3 6.93 BA4D3D 0.63
6.3 6.93 6.299999 BA4D3D 0.63
6.3 6.93 6.93 BA4D3D 0.63
6.3 7.56 6.299999 BA4D3D 0.63
6.3 7.56 6.93 BA4D3D 0.63
6.3 11.34 0.6300001 BA4D3D 0.63
6.3 11.34 6.299999 BA4D3D 0.63
6.3 11.34 1.26 BA4D3D 0.63
6.3 11.34 6.93 BA4D3D 0.63
6.3 11.97 0.6300001 D25947 0.63
6.3 11.97 6.299999 D25947 0.63
6.3 11.97 6.93 D25947 0.63
6.3 12.6 0.6300001 D25947 0.63
6.3 12.6 6.299999 D25947 0.63
6.3 12.6 6.93 D25947 0.63
6.3 13.23 0 BA4D3D 0.63
6.3 13.23 7.559999 BA4D3D 0.63
6.93 5.04 0.6300001 8F6B3D 0.63
6.93 4.41 1.26 8F6B3D 0.63
6.93 4.41 1.89 8F6B3D 0.63
6.93 4.41 2.52 8F6B3D 0.63
6.93 4.41 3.15 8F6B3D 0.63
6.93 4.41 3.78 8F6B3D 0.63
6.93 4.41 4.41 8F6B3D 0.63
6.93 4.41 5.04 8F6B3D 0.63
6.93 4.41 5.67 8F6B3D 0.63
6.93 4.41 6.299999 8F6B3D 0.63
6.93 0.63 0 A98143 0.63
6.93 0.63 0.6300001 A98143 0.63
6.93 1.26 0 A98143 0.63
6.93 1.26 0.6300001 A98143 0.63
6.93 1.89 0 A98143 0.63
6.93 1.89 0.6300001 A98143 0.63
6.93 2.52 0 A98143 0.63
6.93 2.52 6.93 BA4D3D 0.63
6.93 2.52 0.6300001 A98143 0.63
6.93 3.15 0 A98143 0.63
6.93 3.15 0.6300001 A98143 0.63
6.93 3.78 0 A98143 0.63
6.93 3.78 0.6300001 A98143 0.63
6.93 4.41 0 A98143 0.63
6.93 4.41 0.6300001 A98143 0.63
6.93 5.04 0 A98143 0.63
6.93 5.04 1.26 A98143 0.63
6.93 5.04 1.89 8F6B3D 0.63
6.93 5.04 2.52 8F6B3D 0.63
6.93 5.04 3.15 8F6B3D 0.63
6.93 5.04 3.78 8F6B3D 0.63
6.93 5.04 4.41 8F6B3D 0.63
6.93 5.04 5.04 8F6B3D 0.63
6.93 5.04 5.67 8F6B3D 0.63
6.93 5.04 6.299999 8F6B3D 0.63
6.93 5.67 0 A98143 0.63
6.93 5.67 0.6300001 B78A45 0.63
6.93 5.67 1.26 B78A45 0.63
6.93 5.67 1.89 B78A45 0.63
6.93 5.67 2.52 B78A45 0.63
6.93 5.67 3.15 B78A45 0.63
6.93 5.67 3.78 B78A45 0.63
6.93 5.67 4.41 B78A45 0.63
6.93 5.67 5.04 B78A45 0.63
6.93 5.67 5.67 B78A45 0.63
6.93 5.67 6.299999 B78A45 0.63
6.93 7.56 6.299999 BA4D3D 0.63
6.93 7.56 6.93 BA4D3D 0.63
6.93 11.34 0.6300001 BA4D3D 0.63
6.93 11.34 6.299999 BA4D3D 0.63
6.93 11.34 1.26 BA4D3D 0.63
6.93 11.34 6.93 BA4D3D 0.63
6.93 12.6 0 BA4D3D 0.63
6.93 12.6 7.559999 BA4D3D 0.63
7.56 5.04 0.6300001 8F6B3D 0.63
7.56 4.41 1.26 8F6B3D 0.63
7.56 4.41 1.89 8F6B3D 0.63
7.56 4.41 2.52 8F6B3D 0.63
7.56 4.41 3.15 8F6B3D 0.63
7.56 4.41 3.78 8F6B3D 0.63
7.56 4.41 4.41 8F6B3D 0.63
7.56 4.41 5.04 8F6B3D 0.63
7.56 4.41 5.67 8F6B3D 0.63
7.56 4.41 6.299999 8F6B3D 0.63
7.56 0 7.559999 BA4D3D 0.63
7.56 0.63 0 A98143 0.63
7.56 0.63 0.6300001 A98143 0.63
7.56 0.63 7.559999 BA4D3D 0.63
7.56 1.26 0 A98143 0.63
7.56 1.26 0.6300001 A98143 0.63
7.56 1.26 7.559999 BA4D3D 0.63
7.56 1.89 0 BA4D3D 0.63
7.56 1.89 0.6300001 A98143 0.63
7.56 1.89 7.559999 BA4D3D 0.63
7.56 2.52 0 A98143 0.63
7.56 2.52 0.6300001 A98143 0.63
7.56 2.52 7.559999 BA4D3D 0.63
7.56 3.15 0 A98143 0.63
7.56 3.15 0.6300001 A98143 0.63
7.56 3.15 7.559999 BA4D3D 0.63
7.56 3.78 0 A98143 0.63
7.56 3.78 0.6300001 A98143 0.63
7.56 3.78 7.559999 BA4D3D 0.63
7.56 4.41 0 FFC600 0.63
7.56 4.41 0.6300001 A98143 0.63
7.56 4.41 7.559999 BA4D3D 0.63
7.56 5.04 0 A98143 0.63
7.56 5.04 1.26 A98143 0.63
7.56 5.04 1.89 8F6B3D 0.63
7.56 5.04 2.52 8F6B3D 0.63
7.56 5.04 3.15 8F6B3D 0.63
7.56 5.04 3.78 8F6B3D 0.63
7.56 5.04 4.41 8F6B3D 0.63
7.56 5.04 5.04 8F6B3D 0.63
7.56 5.04 5.67 8F6B3D 0.63
7.56 5.04 6.299999 8F6B3D 0.63
7.56 5.04 7.559999 BA4D3D 0.63
7.56 5.67 0 A98143 0.63
7.56 5.67 0.6300001 B78A45 0.63
7.56 5.67 1.26 B78A45 0.63
7.56 5.67 1.89 B78A45 0.63
7.56 5.67 2.52 B78A45 0.63
7.56 5.67 3.15 B78A45 0.63
7.56 5.67 3.78 B78A45 0.63
7.56 5.67 4.41 B78A45 0.63
7.56 5.67 5.04 B78A45 0.63
7.56 5.67 5.67 B78A45 0.63
7.56 5.67 6.299999 B78A45 0.63
7.56 5.67 7.559999 BA4D3D 0.63
7.56 6.3 6.93 D25947 0.63
7.56 7.56 6.299999 BA4D3D 0.63
7.56 7.56 6.93 BA4D3D 0.63
7.56 11.34 0.6300001 BA4D3D 0.63
7.56 11.34 6.299999 BA4D3D 0.63
7.56 11.34 1.26 BA4D3D 0.63
7.56 11.34 6.93 BA4D3D 0.63
7.56 12.6 0.6300001 BA4D3D 0.63
7.56 12.6 1.26 BA4D3D 0.63
7.56 12.6 1.89 BA4D3D 0.63
7.56 12.6 2.52 BA4D3D 0.63
7.56 12.6 3.15 BA4D3D 0.63
7.56 12.6 3.78 BA4D3D 0.63
7.56 12.6 4.41 BA4D3D 0.63
7.56 12.6 5.04 BA4D3D 0.63
7.56 12.6 5.67 BA4D3D 0.63
7.56 12.6 6.299999 BA4D3D 0.63
7.56 12.6 6.93 AA3A2A 0.63
8.190001 5.04 0.6300001 8F6B3D 0.63
8.190001 4.41 1.26 8F6B3D 0.63
8.190001 4.41 1.89 8F6B3D 0.63
8.190001 4.41 2.52 8F6B3D 0.63
8.190001 4.41 3.15 8F6B3D 0.63
8.190001 4.41 3.78 8F6B3D 0.63
8.190001 4.41 4.41 8F6B3D 0.63
8.190001 4.41 5.04 8F6B3D 0.63
8.190001 4.41 5.67 8F6B3D 0.63
8.190001 4.41 6.299999 8F6B3D 0.63
8.190001 0.63 0 A98143 0.63
8.190001 0.63 0.6300001 A98143 0.63
8.190001 1.26 0 A98143 0.63
8.190001 1.26 0.6300001 A98143 0.63
8.190001 1.89 0 A98143 0.63
8.190001 1.89 0.6300001 A98143 0.63
8.190001 2.52 0 A98143 0.63
8.190001 2.52 0.6300001 A98143 0.63
8.190001 3.15 0 A98143 0.63
8.190001 3.15 0.6300001 A98143 0.63
8.190001 3.78 0 A98143 0.63
8.190001 3.78 0.6300001 A98143 0.63
8.190001 4.41 0 A98143 0.63
8.190001 4.41 0.6300001 A98143 0.63
8.190001 5.04 0 A98143 0.63
8.190001 5.04 1.26 A98143 0.63
8.190001 5.04 1.89 8F6B3D 0.63
8.190001 5.04 2.52 8F6B3D 0.63
8.190001 5.04 3.15 8F6B3D 0.63
8.190001 5.04 3.78 8F6B3D 0.63
8.190001 5.04 4.41 8F6B3D 0.63
8.190001 5.04 5.04 8F6B3D 0.63
8.190001 5.04 5.67 8F6B3D 0.63
8.190001 5.04 6.299999 8F6B3D 0.63
8.190001 5.67 0 A98143 0.63
8.190001 5.67 0.6300001 B78A45 0.63
8.190001 5.67 1.26 B78A45 0.63
8.190001 5.67 1.89 B78A45 0.63
8.190001 5.67 2.52 B78A45 0.63
8.190001 5.67 3.15 B78A45 0.63
8.190001 5.67 3.78 B78A45 0.63
8.190001 5.67 4.41 B78A45 0.63
8.190001 5.67 5.04 B78A45 0.63
8.190001 5.67 5.67 B78A45 0.63
8.190001 5.67 6.299999 B78A45 0.63
8.190001 7.56 0.6300001 BA4D3D 0.63
8.190001 7.56 6.299999 BA4D3D 0.63
8.190001 7.56 1.26 BA4D3D 0.63
8.190001 7.56 6.93 BA4D3D 0.63
8.190001 11.97 0.6300001 BA4D3D 0.63
8.190001 11.97 1.26 BA4D3D 0.63
8.190001 11.97 1.89 BA4D3D 0.63
8.190001 11.97 2.52 BA4D3D 0.63
8.190001 11.97 3.15 BA4D3D 0.63
8.190001 11.97 3.78 BA4D3D 0.63
8.190001 11.97 4.41 BA4D3D 0.63
8.190001 11.97 5.04 BA4D3D 0.63
8.190001 11.97 5.67 BA4D3D 0.63
8.190001 11.97 6.299999 BA4D3D 0.63
8.190001 11.97 6.93 AA3A2A 0.63
8.820001 4.41 1.26 8F6B3D 0.63
8.820001 4.41 1.89 8F6B3D 0.63
8.820001 4.41 2.52 8F6B3D 0.63
8.820001 4.41 3.15 8F6B3D 0.63
8.820001 4.41 3.78 8F6B3D 0.63
8.820001 4.41 4.41 8F6B3D 0.63
8.820001 4.41 5.04 8F6B3D 0.63
8.820001 4.41 5.67 8F6B3D 0.63
8.820001 4.41 6.299999 8F6B3D 0.63
8.820001 5.04 1.26 A98143 0.63
8.820001 5.04 1.89 8F6B3D 0.63
8.820001 5.04 2.52 8F6B3D 0.63
8.820001 5.04 3.15 8F6B3D 0.63
8.820001 5.04 3.78 8F6B3D 0.63
8.820001 5.04 4.41 8F6B3D 0.63
8.820001 5.04 5.04 8F6B3D 0.63
8.820001 5.04 5.67 8F6B3D 0.63
8.820001 5.04 6.299999 8F6B3D 0.63
8.820001 5.67 1.26 B78A45 0.63
8.820001 5.67 1.89 B78A45 0.63
8.820001 5.67 2.52 B78A45 0.63
8.820001 5.67 3.15 B78A45 0.63
8.820001 5.67 3.78 B78A45 0.63
8.820001 5.67 4.41 B78A45 0.63
8.820001 5.67 5.04 B78A45 0.63
8.820001 5.67 5.67 B78A45 0.63
8.820001 5.67 6.299999 B78A45 0.63
8.820001 7.56 6.299999 BA4D3D 0.63
8.820001 7.56 1.26 BA4D3D 0.63
8.820001 7.56 6.93 BA4D3D 0.63
8.820001 11.34 0 BA4D3D 0.63
8.820001 11.34 7.559999 BA4D3D 0.63
8.820001 11.34 0.6300001 BA4D3D 0.63
8.820001 11.34 1.26 BA4D3D 0.63
8.820001 11.34 1.89 BA4D3D 0.63
8.820001 11.34 2.52 BA4D3D 0.63
8.820001 11.34 3.15 BA4D3D 0.63
8.820001 11.34 3.78 BA4D3D 0.63
8.820001 11.34 4.41 BA4D3D 0.63
8.820001 11.34 5.04 BA4D3D 0.63
8.820001 11.34 5.67 BA4D3D 0.63
8.820001 11.34 6.299999 BA4D3D 0.63
8.820001 11.34 6.93 AA3A2A 0.63
9.450001 0 0.6300001 FFC600 0.63
9.450001 5.04 1.26 8F6B3D 0.63
9.450001 5.04 1.89 8F6B3D 0.63
9.450001 5.04 2.52 8F6B3D 0.63
9.450001 5.04 3.15 8F6B3D 0.63
9.450001 5.04 3.78 8F6B3D 0.63
9.450001 5.04 4.41 8F6B3D 0.63
9.450001 5.04 5.67 8F6B3D 0.63
9.450001 5.04 6.299999 8F6B3D 0.63
9.450001 10.71 6.93 933224 0.63
9.450001 5.04 0.6300001 8F6B3D 0.63
9.450001 0 6.299999 FFC600 0.63
9.450001 0 1.26 FFC600 0.63
9.450001 0 6.93 FFC600 0.63
9.450001 0.63 0.6300001 FFC600 0.63
9.450001 0.63 6.299999 FFC600 0.63
9.450001 0.63 1.26 FFC600 0.63
9.450001 0.63 6.93 FFC600 0.63
9.450001 1.26 0.6300001 FFC601 0.63
9.450001 1.26 6.299999 FFC601 0.63
9.450001 1.26 1.26 FFC600 0.63
9.450001 1.26 6.93 FFC600 0.63
9.450001 1.89 0.6300001 FFC601 0.63
9.450001 1.89 6.299999 FFC601 0.63
9.450001 1.89 1.26 FFC600 0.63
9.450001 1.89 6.93 FFC600 0.63
9.450001 2.52 0.6300001 FFC601 0.63
9.450001 2.52 6.299999 FFC601 0.63
9.450001 2.52 1.26 FFC600 0.63
9.450001 2.52 6.93 FFC600 0.63
9.450001 3.15 0.6300001 FFC601 0.63
9.450001 3.15 6.299999 FFC601 0.63
9.450001 3.15 1.26 FFC600 0.63
9.450001 3.15 6.93 FFC600 0.63
9.450001 3.78 0.6300001 FFC601 0.63
9.450001 3.78 6.299999 FFC601 0.63
9.450001 3.78 1.26 FFC600 0.63
9.450001 3.78 6.93 FFC600 0.63
9.450001 4.41 0.6300001 FFC601 0.63
9.450001 4.41 6.299999 FFC601 0.63
9.450001 4.41 1.26 FFC600 0.63
9.450001 4.41 6.93 FFC600 0.63
9.450001 5.04 6.93 FFC600 0.63
9.450001 5.67 0.6300001 FFC601 0.63
9.450001 10.71 0.6300001 933224 0.63
9.450001 5.67 6.299999 FFC601 0.63
9.450001 10.71 1.26 933224 0.63
9.450001 5.67 1.26 B78A45 0.63
9.450001 10.71 1.89 933224 0.63
9.450001 5.67 1.89 B78A45 0.63
9.450001 10.71 2.52 933224 0.63
9.450001 5.67 2.52 B78A45 0.63
9.450001 10.71 3.15 933224 0.63
9.450001 5.67 3.15 B78A45 0.63
9.450001 10.71 3.78 933224 0.63
9.450001 5.67 3.78 B78A45 0.63
9.450001 10.71 4.41 933224 0.63
9.450001 5.67 4.41 B78A45 0.63
9.450001 10.71 5.04 933224 0.63
9.450001 10.71 5.67 933224 0.63
9.450001 5.67 5.67 B78A45 0.63
9.450001 10.71 6.299999 933224 0.63
9.450001 5.67 6.93 FFC600 0.63
9.450001 6.3 0.6300001 FFC601 0.63
9.450001 6.3 6.299999 FFC601 0.63
9.450001 6.3 1.26 FFC600 0.63
9.450001 6.3 6.93 FFC600 0.63
9.450001 6.93 0.6300001 FFC601 0.63
9.450001 6.93 6.299999 FFC601 0.63
9.450001 6.93 1.26 FFC600 0.63
9.450001 6.93 6.93 FFC600 0.63
9.450001 7.56 0.6300001 FFC601 0.63
9.450001 7.56 6.299999 FFC601 0.63
9.450001 7.56 1.26 FFC600 0.63
9.450001 7.56 6.93 FFC600 0.63
9.450001 8.190001 0.6300001 FFC601 0.63
9.450001 8.190001 6.299999 FFC601 0.63
9.450001 8.190001 1.26 FFC600 0.63
9.450001 8.190001 6.93 FFC600 0.63
9.450001 8.820001 0.6300001 FFC601 0.63
9.450001 8.820001 6.299999 FFC601 0.63
9.450001 8.820001 1.26 FFC600 0.63
9.450001 8.820001 6.93 FFC600 0.63
9.450001 9.450001 0.6300001 FFC601 0.63
9.450001 9.450001 6.299999 FFC601 0.63
9.450001 9.450001 1.26 FFC600 0.63
9.450001 9.450001 6.93 FFC600 0.63
9.450001 10.08 0.6300001 FFC601 0.63
10.08 10.08 0.6300001 933224 0.63
9.450001 10.08 6.299999 FFC601 0.63
9.450001 10.08 1.26 FFC601 0.63
9.450001 10.08 6.93 FFC601 0.63
9.450001 10.71 0 BA4D3D 0.63
9.450001 10.71 7.559999 BA4D3D 0.63
10.08 0 5.04 BA4D3D 0.63
10.08 0.63 5.04 BA4D3D 0.63
10.08 1.26 5.04 BA4D3D 0.63
10.08 1.89 5.04 BA4D3D 0.63
10.08 2.52 3.15 BA4D3D 0.63
10.08 2.52 3.78 BA4D3D 0.63
10.08 2.52 4.41 BA4D3D 0.63
10.08 2.52 5.04 BA4D3D 0.63
10.08 3.15 5.04 BA4D3D 0.63
10.08 3.78 5.04 BA4D3D 0.63
10.08 4.41 5.04 BA4D3D 0.63
10.08 5.04 5.04 BA4D3D 0.63
10.08 5.67 5.04 BA4D3D 0.63
10.08 10.08 0 BA4D3D 0.63
10.08 10.08 7.559999 BA4D3D 0.63
