10.5 0 -6.499999 C9C2C1 1
9.450002 0 -6.5 CEC6C5 1
8.400002 0 -6.500001 CEC7C6 1
7.350002 0 -6.5 CEC7C5 1
6.300002 0 -6.5 CEC6C5 1
5.250001 0 -6.5 CEC7C5 1
4.200001 0 -6.5 CCC5C4 1
3.150002 0 -6.500001 CFC8C6 1
2.100001 0 -6.5 CDC6C5 1
1.050001 0 -6.500001 CFC8C7 1
9.536743E-07 0 -6.500001 CCC5C4 1
-1.049999 0 -6.500001 CCC5C3 1
-2.099999 0 -6.500002 CEC7C5 1
-3.15 0 -6.500002 CDC5C4 1
-4.199999 0 -6.500002 CAC3C2 1
-5.25 0 -6.500002 CCC4C3 1
-6.3 0 -6.500002 CDC6C5 1
-7.35 0 -6.500002 CEC7C6 1
-8.4 0 -6.500002 CEC7C5 1
-9.45 0 -6.500002 CAC2C1 1
-10.5 0 -6.500002 CEC7C5 1
10.5 1.05 -6.499999 F1EBE6 1
10.5 1.05 -0.1999998 CCC3C0 1
9.450002 1.05 -6.5 F1EBE6 1
9.450002 1.05 -3.35 CD9E8C 1
8.400002 1.05 -6.500001 EEE7E1 1
8.400002 1.05 -3.349999 C79988 1
7.350002 1.05 -6.5 ECE4DE 1
7.350002 1.05 -3.35 CEA08D 1
6.300002 1.05 -6.5 EBE4DF 1
6.300002 1.05 -3.35 CD9F8D 1
5.250001 1.05 -6.5 E9E2DD 1
5.250001 1.05 -3.35 CC9E8C 1
4.200001 1.05 -6.5 E9E2DC 1
4.200001 1.05 -3.350001 CEA08D 1
3.150002 1.05 -6.500001 E8E1DB 1
3.150001 1.05 -0.1999998 71636D 1
2.100001 1.05 -6.5 E6DED8 1
2.100001 1.05 -3.35 CB9D8B 1
1.050001 1.05 -6.500001 E7DFD9 1
1.050001 1.05 -3.35 CFA18E 1
9.536743E-07 1.05 -6.500001 E5DED8 1
9.536743E-07 1.05 -3.350001 CD9F8D 1
-1.049999 1.05 -6.500001 E7E0DA 1
-1.049999 1.05 -3.350001 CEA08E 1
-2.099999 1.05 -6.500002 E7DFD9 1
-2.099999 1.05 -3.350001 CC9E8C 1
-3.15 1.05 -6.500002 E7DED9 1
-3.15 1.05 -3.350001 CB9D8B 1
-4.199999 1.05 -6.500002 E9E1DC 1
-4.2 1.05 -1.250001 C79E8F 1
-5.25 1.05 -6.500002 E6DFDB 1
-5.25 1.05 -0.2000008 5E5877 1
-6.3 1.05 -6.500002 E8E0DC 1
-6.300001 1.05 -0.2000012 5D5876 1
-7.35 1.05 -6.500002 E8E1DC 1
-7.35 1.05 -0.2000012 9B8A8D 1
-8.4 1.05 -6.500002 E7E1DD 1
-8.4 1.05 -4.400002 D9AD98 1
-9.45 1.05 -6.500002 EDE6E1 1
-9.45 1.05 -4.400002 DBAE99 1
-10.5 1.05 -6.500002 F3ECE7 1
10.5 2.1 -0.1999998 CBC2BE 1
9.450001 2.1 -0.1999989 B0A4A4 1
8.400002 2.1 -3.349999 B4B36C 1
7.350002 2.1 -3.35 B7B76E 1
6.300002 2.1 -3.35 B7B76E 1
5.250001 2.1 -3.35 B7B66D 1
4.200001 2.1 -3.350001 B5B56D 1
3.150001 2.1 -0.1999998 7C6E75 1
2.100001 2.1 -3.35 B9B86E 1
1.050001 2.1 -3.35 B8B86E 1
9.536743E-07 2.1 -3.350001 B6B56D 1
-1.049999 2.1 -3.350001 B6B66D 1
-2.099999 2.1 -3.350001 B4B36B 1
-3.15 2.1 -0.2000008 A99B9D 1
-4.2 2.1 -1.250001 CDA695 1
-5.25 2.1 -0.2000008 212940 1
-6.300001 2.1 -0.2000012 20273E 1
-7.35 2.1 -0.2000012 A69394 1
-8.4 2.1 -4.400002 242C44 1
-9.45 2.1 -4.400002 242C43 1
10.5 3.15 -0.1999998 CAC1BD 1
9.450001 3.15 -0.1999989 BAAEAB 1
8.400002 3.15 -3.349999 B6BA71 1
7.350002 3.15 -3.35 B5B970 1
6.300002 3.15 -3.35 B5BA71 1
5.250001 3.15 -3.35 B8BD72 1
4.200001 3.15 -3.350001 B8BC72 1
3.150001 3.15 -0.1999998 3D3852 1
2.100001 3.15 -3.35 B6BA71 1
1.050001 3.15 -3.35 B5B970 1
9.536743E-07 3.15 -3.350001 B8BC72 1
-1.049999 3.15 -3.350001 B4B86F 1
-2.099999 3.15 -3.350001 B6BA71 1
-3.15 3.15 -1.250001 B68F84 1
-4.2 3.15 -1.250001 D2AB99 1
-5.25 3.15 -0.2000008 66607E 1
-6.300001 3.15 -0.2000012 655F7D 1
-7.35 3.15 -0.2000012 AF9D9D 1
-8.4 3.15 -3.350002 242C44 1
-9.45 3.15 -3.350002 252C44 1
10.5 4.2 -0.1999998 D2CAC6 1
9.450001 4.2 -0.1999989 C9C0BB 1
8.400002 4.2 -1.249999 B68C7E 1
7.350001 4.2 -0.1999993 201F34 1
6.300002 4.2 -0.1999989 202136 1
5.250001 4.2 -0.2000003 202137 1
4.200001 4.2 -0.1999993 202136 1
3.150001 4.2 -0.1999998 202136 1
2.100001 4.2 -0.1999998 202036 1
1.050001 4.2 -0.1999998 202035 1
4.768372E-07 4.2 -0.2000003 202036 1
-1.05 4.2 -0.2000003 202036 1
-2.1 4.2 -0.2000008 202035 1
-3.15 4.2 -1.250001 BD9487 1
-4.2 4.2 -1.250001 D2AB99 1
-5.25 4.2 -0.2000008 212940 1
-6.300001 4.2 -0.2000012 21283F 1
-7.35 4.2 -0.2000012 BAAAA9 1
-8.4 4.2 -3.350002 232B42 1
-9.45 4.2 -3.350002 232B42 1
10.5 5.25 -0.1999998 D0C9C5 1
9.450001 5.25 -0.1999989 C5BAB6 1
8.400002 5.25 -3.349999 F8B865 1
7.350002 5.25 -3.35 F9B966 1
6.300002 5.25 -3.35 FABA66 1
5.250001 5.25 -3.35 F8B866 1
4.200001 5.25 -3.350001 F6B665 1
3.150002 5.25 -3.35 FBBB67 1
2.100001 5.25 -3.35 F9B966 1
1.050001 5.25 -3.35 F9B966 1
9.536743E-07 5.25 -3.350001 F8B865 1
-1.049999 5.25 -3.350001 FBBB67 1
-2.099999 5.25 -3.350001 FABA67 1
-3.15 5.25 -3.350001 F8B765 1
-4.2 5.25 -1.250001 D2AA99 1
-5.25 5.25 -1.250001 DAB5A2 1
-6.300001 5.25 -1.250001 DEBAA7 1
-7.35 5.25 -0.2000012 C5B7B4 1
-8.4 5.25 -0.2000012 D5CDCA 1
-9.450001 5.25 -0.2000012 D7D0CD 1
10.5 6.3 -0.1999998 D2CAC7 1
9.450001 6.3 -0.1999989 D2C8C4 1
8.400002 6.3 -1.249999 F4AC5F 1
7.350001 6.3 -1.25 FBB060 1
6.300002 6.3 -1.25 F7AC5F 1
5.250001 6.3 -1.25 FBB161 1
4.200001 6.3 -1.25 F5AC5F 1
3.150001 6.3 -1.25 F9AF60 1
2.100001 6.3 -1.25 F9AF60 1
1.050001 6.3 -1.25 F8AD5F 1
4.768372E-07 6.3 -1.25 FFB261 1
-1.05 6.3 -1.250001 F7AB5E 1
-2.1 6.3 -1.250001 F3AA5F 1
-3.15 6.3 -1.250001 F4AB5F 1
-4.2 6.3 -0.2000008 D4CAC7 1
-5.25 6.3 -0.2000008 D2C8C4 1
-6.300001 6.3 -0.2000012 D1C8C5 1
-7.35 6.3 -0.2000012 D1C9C6 1
-8.4 6.3 -0.2000012 CCC4C2 1
-9.450001 6.3 -0.2000012 D0C7C5 1
10.5 7.35 -1.249999 E1BCA8 1
9.450001 7.35 -1.25 E3BCA8 1
8.400002 7.35 -1.249999 E7BEA7 1
7.350001 7.35 -1.25 ECC0A6 1
6.300002 7.35 -1.25 E8BDA5 1
5.250001 7.35 -1.25 EEC1A8 1
4.200001 7.35 -1.25 EEC2A9 1
3.150001 7.35 -1.25 ECC0A7 1
2.100001 7.35 -1.25 EDC2A9 1
1.050001 7.35 -1.25 EEC2A8 1
4.768372E-07 7.35 -1.25 EDC1A9 1
-1.05 7.35 -1.250001 EBBFA6 1
-2.1 7.35 -1.250001 ECC1A8 1
-3.15 7.35 -1.250001 E9C0A9 1
-4.2 7.35 -1.250001 E5C0AB 1
-5.25 7.35 -1.250001 E2BDA9 1
-6.300001 7.35 -1.250001 E3BEAB 1
-7.35 7.35 -1.250001 E2BEAB 1
-8.4 7.35 -1.250001 E1BDAA 1
-9.450001 7.35 -1.250001 DFBBA8 1
-10.5 7.35 -1.250001 DDB9A7 1
9.450001 8.4 -0.1999989 FFBD65 1
8.400002 8.4 -0.1999998 FFBC65 1
7.350001 8.4 -0.1999993 FFBA64 1
6.300002 8.4 -0.1999989 FFBB64 1
5.250001 8.4 -0.2000003 FFB863 1
4.200001 8.4 -0.1999993 FDAF5F 1
3.150001 8.4 -0.1999998 FDAE5F 1
2.100001 8.4 -0.1999998 FAAC5F 1
1.050001 8.4 -0.1999998 FDAD5E 1
4.768372E-07 8.4 -0.2000003 FDAD5F 1
-1.05 8.4 -0.2000003 FCAD5F 1
-2.1 8.4 -0.2000008 FDAE5F 1
-3.15 8.4 -0.2000008 FAAC5E 1
-4.2 8.4 -0.2000008 FBAE5F 1
-5.25 8.4 -0.2000008 FFB763 1
-6.300001 8.4 -0.2000012 FFBB65 1
-7.35 8.4 -0.2000012 FFBA64 1
-8.4 8.4 -0.2000012 FFBE65 1
-9.450001 8.4 -0.2000012 FFBA65 1
9.450001 9.45 -0.1999989 F9B664 1
8.400002 9.45 -0.1999998 FCBA66 1
7.350001 9.45 -0.1999993 FDBA65 1
6.300002 9.45 -0.1999989 FBB563 1
5.250001 9.45 -0.2000003 F39C57 1
4.200001 9.45 -1.25 FDB965 1
3.150001 9.45 -1.25 FBB764 1
2.100001 9.45 -1.25 FEBB66 1
1.050001 9.45 -1.25 FCB965 1
4.768372E-07 9.45 -1.25 F9B664 1
-1.05 9.45 -1.250001 FEBC67 1
-2.1 9.45 -1.250001 FBB965 1
-3.15 9.45 -1.250001 F9B865 1
-4.2 9.45 -1.250001 F9B765 1
-5.25 9.45 -0.2000008 ED9252 1
-6.300001 9.45 -0.2000012 FBB764 1
-7.35 9.45 -0.2000012 FBB965 1
-8.4 9.45 -0.2000012 FBB865 1
-9.450001 9.45 -0.2000012 FDBA66 1
9.450001 10.5 -0.1999989 FBB966 1
8.400002 10.5 -0.1999998 F9B664 1
7.350001 10.5 -0.1999993 FCB965 1
6.300002 10.5 -0.1999989 FEB965 1
5.250001 10.5 -0.2000003 F39A55 1
4.200001 10.5 -0.1999993 EDD8CB 1
3.150001 10.5 -0.1999998 F3E7DF 1
2.100001 10.5 -0.1999998 F6EAE1 1
1.050001 10.5 -0.1999998 F0E5DD 1
4.768372E-07 10.5 -0.2000003 F4E9E1 1
-1.05 10.5 -0.2000003 F3E8E0 1
-2.1 10.5 -0.2000008 F2E7DF 1
-3.15 10.5 -0.2000008 F3E7DF 1
-4.2 10.5 -0.2000008 EEDDD3 1
-5.25 10.5 -0.2000008 F19854 1
-6.300001 10.5 -0.2000012 FAB664 1
-7.35 10.5 -0.2000012 F9B765 1
-8.4 10.5 -0.2000012 F9B865 1
-9.450001 10.5 -0.2000012 F7B664 1
9.450001 11.55 -0.1999989 F8B865 1
8.400002 11.55 -0.1999998 FCBA66 1
7.350001 11.55 -0.1999993 F9B765 1
6.300002 11.55 -0.1999989 FAB563 1
5.250001 11.55 -0.2000003 EC9955 1
4.200001 11.55 -0.1999993 E6D3C8 1
3.150001 11.55 -0.1999998 ECE3DD 1
2.100001 11.55 -0.1999998 EAE2DD 1
1.050001 11.55 -0.1999998 EDE6E1 1
4.768372E-07 11.55 -0.2000003 EFE7E2 1
-1.05 11.55 -0.2000003 EDE6E1 1
-2.1 11.55 -0.2000008 F1E9E3 1
-3.15 11.55 -0.2000008 ECE3DD 1
-4.2 11.55 -0.2000008 E6D6CE 1
-5.25 11.55 -0.2000008 EF9553 1
-6.300001 11.55 -0.2000012 F8B664 1
-7.35 11.55 -0.2000012 FCBB67 1
-8.4 11.55 -0.2000012 FBBA66 1
-9.450001 11.55 -0.2000012 F9B966 1
4.200001 12.6 -1.25 FAB966 1
3.150001 12.6 -0.1999998 E6DAD3 1
2.100001 12.6 -0.1999998 EBE3DE 1
1.050001 12.6 -0.1999998 ECE5DF 1
4.768372E-07 12.6 -0.2000003 ECE5E0 1
-1.05 12.6 -0.2000003 ECE5E0 1
-2.1 12.6 -0.2000008 EAE2DD 1
-3.15 12.6 -0.2000008 E7DDD7 1
-4.2 12.6 -1.250001 F8B96A 1
3.150001 13.65 -1.25 F9B866 1
2.100001 13.65 -0.1999998 E1D6D0 1
1.050001 13.65 -0.1999998 E9E0DB 1
4.768372E-07 13.65 -0.2000003 EBE2DD 1
-1.05 13.65 -0.2000003 EAE2DD 1
-2.1 13.65 -0.2000008 E4DAD4 1
-3.15 13.65 -1.250001 FBBA67 1
2.100001 14.7 -1.25 F9B865 1
1.050001 14.7 -1.25 FAB966 1
4.768372E-07 14.7 -1.25 FBBA67 1
-1.05 14.7 -1.250001 F5B564 1
-2.1 14.7 -1.250001 F7B765 1
10.5 0 -5.45 C6BEBD 1
-10.5 0 -5.450002 C5BCBC 1
10.5 1.05 -5.45 F1EBE5 1
9.450002 1.05 -5.450001 EBE5E0 1
8.400002 1.05 -5.45 EAE2DC 1
7.350002 1.05 -5.450001 E8E1DB 1
6.300002 1.05 -5.45 E6E0D8 1
5.250001 1.05 -5.450001 E3DBD5 1
4.200001 1.05 -5.450001 E2DAD4 1
3.150002 1.05 -5.45 E1D9D3 1
2.100001 1.05 -5.450001 E4DDD7 1
1.050001 1.05 -5.450001 E4DDD7 1
9.536743E-07 1.05 -5.450001 E4DCD5 1
-1.049999 1.05 -5.450001 E2DBD4 1
-2.099999 1.05 -5.450001 E3DCD5 1
-3.15 1.05 -5.450001 E3DCD7 1
-4.199999 1.05 -5.450001 E4DCD7 1
-5.25 1.05 -5.450001 E0D9D5 1
-6.3 1.05 -5.450002 E1D9D5 1
-7.35 1.05 -5.450002 E5DEDB 1
-8.4 1.05 -5.450002 E4DDD8 1
-9.45 1.05 -5.450002 E9E1DD 1
-10.5 1.05 -5.450002 EDE7E2 1
10.5 0 -4.400001 C8C1C0 1
-10.5 0 -4.400002 BFB6B6 1
-7.35 1.05 -4.400002 8C6565 1
10.5 1.05 -4.400001 EFE9E4 1
9.450002 1.05 -4.4 E9E1DC 1
8.400002 1.05 -4.399999 E2DAD4 1
7.350002 1.05 -4.4 DCD4CE 1
6.300002 1.05 -4.4 DED5CF 1
5.250001 1.05 -4.4 DDD4CD 1
4.200001 1.05 -4.4 DDD4CE 1
3.150002 1.05 -4.400001 D8CFCA 1
2.100001 1.05 -4.4 DED4CE 1
1.050001 1.05 -4.400001 DCD3CD 1
9.536743E-07 1.05 -4.400001 DDD4CE 1
-1.049999 1.05 -4.400001 DCD2CD 1
-2.099999 1.05 -4.400001 DED4CE 1
-3.15 1.05 -4.400002 DDD4CF 1
-4.199999 1.05 -4.400002 DCD3CE 1
-5.25 1.05 -4.400002 DAD2CE 1
-6.3 1.05 -4.400002 DBD2CE 1
-8.4 1.05 -2.300002 795459 1
-9.45 1.05 -2.300002 795559 1
-10.5 1.05 -4.400002 E2DAD6 1
10.5 0 -3.349999 C7BFBF 1
-10.5 0 -3.350002 C1B9B9 1
10.5 1.05 -3.349999 E6DED9 1
9.450001 1.05 -0.1999989 A5989A 1
3.150002 1.05 -3.35 8C6261 1
8.400002 1.05 -0.1999998 6F616B 1
7.350001 1.05 -0.1999993 544856 1
6.300002 1.05 -0.1999989 443B4B 1
5.250001 1.05 -0.2000003 3E3445 1
4.200001 1.05 -0.1999993 473B4A 1
2.100001 1.05 -0.1999998 423747 1
1.050001 1.05 -0.1999998 3A3142 1
4.768372E-07 1.05 -0.2000003 3D3547 1
-1.05 1.05 -0.2000003 463B4C 1
-2.1 1.05 -0.2000008 5B4E5D 1
-3.15 1.05 -0.2000008 9B8E92 1
-4.199999 1.05 -3.350001 D4CAC6 1
-5.25 1.05 -3.350001 D4CAC7 1
-6.3 1.05 -3.350002 D1C7C4 1
-7.35 1.05 -3.350002 BDB1AF 1
-8.4 1.05 -3.350002 9E8D90 1
-9.45 1.05 -3.350002 B2A2A2 1
-10.5 1.05 -3.350002 D6CECB 1
9.450002 2.1 -3.35 D6A992 1
-3.15 2.1 -3.350001 C69884 1
-8.4 2.1 -2.300002 8A6061 1
-9.45 2.1 -2.300002 875E5F 1
-8.4 3.15 -2.300002 775056 1
-9.45 3.15 -2.300002 775156 1
-7.35 4.2 -3.350002 A87971 1
8.400002 5.25 -1.249999 9A716B 1
7.350001 5.25 -1.25 734F51 1
6.300002 5.25 -1.25 65444B 1
5.250001 5.25 -1.25 5F3E46 1
4.200001 5.25 -1.25 634349 1
3.150001 5.25 -1.25 674449 1
2.100001 5.25 -1.25 624249 1
1.050001 5.25 -1.25 624047 1
4.768372E-07 5.25 -1.25 624148 1
-1.05 5.25 -1.250001 69464C 1
-2.1 5.25 -1.250001 7F5657 1
-3.15 5.25 -1.250001 AA7E75 1
8.400002 6.3 -2.3 915942 1
7.350002 6.3 -2.300001 7C4C3E 1
6.300002 6.3 -2.3 76493D 1
5.250001 6.3 -2.300001 75473C 1
4.200001 6.3 -2.300001 78493E 1
3.150002 6.3 -2.3 76473D 1
2.100001 6.3 -2.300001 70453C 1
1.050001 6.3 -2.300001 70443B 1
9.536743E-07 6.3 -2.300001 72453C 1
-1.049999 6.3 -2.300001 77483D 1
-2.099999 6.3 -2.300001 85503F 1
-3.15 6.3 -2.300002 965A43 1
10.5 0 -2.3 C8C0C0 1
-10.5 0 -2.300002 C1B8B8 1
9.450002 1.05 -2.3 C79888 1
10.5 1.05 -2.3 DFD7D2 1
3.150002 1.05 -2.3 5D404A 1
8.400002 1.05 -2.3 6C5B52 1
7.350002 1.05 -2.300001 6B5A50 1
6.300002 1.05 -2.3 66564E 1
5.250001 1.05 -2.300001 5E4F4B 1
4.200001 1.05 -2.300001 5C4A4A 1
2.100001 1.05 -2.300001 594748 1
1.050001 1.05 -2.300001 5D4D4A 1
9.536743E-07 1.05 -2.300001 5F514B 1
-1.049999 1.05 -2.300001 61514C 1
-2.099999 1.05 -2.300001 6A574F 1
-3.15 1.05 -2.300002 6E5354 1
-4.199999 1.05 -2.300002 C2B5B2 1
-5.25 1.05 -2.300002 C2B7B5 1
-6.3 1.05 -2.300002 C4B9B8 1
-7.35 1.05 -2.300002 B5A8A7 1
-10.5 1.05 -2.300002 D5CCC9 1
9.450002 2.1 -2.3 ADAB68 1
8.400002 2.1 -0.1999998 796A70 1
2.100001 2.1 -2.300001 645E48 1
7.350001 2.1 -0.1999993 534753 1
6.300002 2.1 -0.1999989 433947 1
5.250001 2.1 -0.2000003 413746 1
4.200001 2.1 -0.1999993 6A5C67 1
4.200001 2.1 -2.300001 655E48 1
2.100001 2.1 -0.1999998 655964 1
1.050001 2.1 -0.1999998 3F3645 1
4.768372E-07 2.1 -0.2000003 3A3142 1
-1.05 2.1 -0.2000003 483D4C 1
-2.1 2.1 -0.2000008 6F6069 1
-3.15 2.1 -2.300002 A87A6E 1
9.450002 3.15 -2.3 ADB16C 1
8.400002 3.15 -1.249999 82605D 1
2.100001 3.15 -2.300001 69644A 1
7.350001 3.15 -0.1999993 302D44 1
6.300002 3.15 -0.1999989 343048 1
5.250001 3.15 -0.2000003 333048 1
4.200001 3.15 -0.1999993 3A354F 1
4.200001 3.15 -2.300001 656149 1
2.100001 3.15 -0.1999998 38334D 1
-7.35 3.15 -2.300002 5A404B 1
1.050001 3.15 -0.1999998 322F47 1
4.768372E-07 3.15 -0.2000003 322E47 1
-1.05 3.15 -0.2000003 34314A 1
-2.1 3.15 -0.2000008 333048 1
-3.15 3.15 -2.300002 94935E 1
-8.4 3.15 -0.2000012 BDB3B3 1
-9.450001 3.15 -0.2000012 BDB3B3 1
8.400002 4.2 -2.3 97905B 1
7.350002 4.2 -2.300001 756A4C 1
6.300002 4.2 -2.3 695D47 1
5.250001 4.2 -2.300001 615544 1
4.200001 4.2 -2.300001 675D48 1
2.100001 4.2 -2.300001 554840 1
1.050001 4.2 -2.300001 564940 1
9.536743E-07 4.2 -2.300001 554A41 1
-1.049999 4.2 -2.300001 5C5043 1
-2.099999 4.2 -2.300001 6A5D47 1
-8.4 4.2 -0.2000012 CFC7C4 1
-9.450001 4.2 -0.2000012 CFC8C6 1
10.5 0 -1.249999 C8C0BF 1
-10.5 0 -1.250001 C1B8B8 1
10.5 1.05 -1.249999 D5CDCA 1
9.450001 1.05 -1.25 A19294 1
8.400002 1.05 -1.249999 73646E 1
7.350001 1.05 -1.25 5E4F5C 1
6.300002 1.05 -1.25 4C404F 1
5.250001 1.05 -1.25 473B4B 1
4.200001 1.05 -1.25 453A4A 1
3.150001 1.05 -1.25 6A5B65 1
2.100001 1.05 -1.25 413647 1
1.050001 1.05 -1.25 413546 1
4.768372E-07 1.05 -1.25 423747 1
-1.05 1.05 -1.250001 4B3E4E 1
-2.1 1.05 -1.250001 584958 1
-3.15 1.05 -1.250001 8A7A80 1
-5.25 1.05 -1.250001 B6AAAA 1
-6.300001 1.05 -1.250001 B8ACAC 1
-7.35 1.05 -1.250001 C0B2B0 1
-8.4 1.05 -1.250001 ACA0A1 1
-8.4 1.05 -0.2000012 AB9FA1 1
-9.450001 1.05 -1.250001 B4A8A9 1
-9.450001 1.05 -0.2000012 AFA4A5 1
-10.5 1.05 -1.250001 D6CECB 1
8.400002 2.1 -2.3 544B42 1
7.350002 2.1 -2.300001 3E383B 1
6.300002 2.1 -2.3 332F37 1
5.250001 2.1 -2.300001 302D36 1
1.050001 2.1 -2.300001 292733 1
9.536743E-07 2.1 -2.300001 292733 1
-1.049999 2.1 -2.300001 2E2A35 1
-2.099999 2.1 -2.300001 3B3439 1
-8.4 2.1 -0.2000012 B1A6A7 1
-9.450001 2.1 -0.2000012 B3A8A9 1
8.400002 3.15 -2.3 5A5345 1
7.350002 3.15 -2.300001 413C3C 1
6.300002 3.15 -2.3 333038 1
5.250001 3.15 -2.300001 2F2D36 1
1.050001 3.15 -2.300001 2B2934 1
9.536743E-07 3.15 -2.300001 2B2934 1
-1.049999 3.15 -2.300001 2E2B35 1
-2.099999 3.15 -2.300001 413A3B 1
11.55 7.35 -1.25 DCB7A5 1
-11.55 7.35 -1.250001 DFBAA7 1
10.5 8.4 -1.249999 FFDAC1 1
9.450001 8.4 -1.25 F0C4AA 1
8.400002 8.4 -1.249999 FCCCAF 1
7.350001 8.4 -1.25 FBCCB0 1
6.300002 8.4 -1.25 F7C6A9 1
5.250001 8.4 -1.25 F6C3A7 1
4.200001 8.4 -1.25 F0BDA2 1
3.150001 8.4 -1.25 ECBCA4 1
2.100001 8.4 -1.25 EDB99F 1
1.050001 8.4 -1.25 EDBBA2 1
4.768372E-07 8.4 -1.25 EEBAA1 1
-1.05 8.4 -1.250001 EAB59B 1
-2.1 8.4 -1.250001 EEBA9F 1
-3.15 8.4 -1.250001 EBB99F 1
-4.2 8.4 -1.250001 EBB9A0 1
-5.25 8.4 -1.250001 EFC0A6 1
-6.300001 8.4 -1.250001 F1C0A4 1
-7.35 8.4 -1.250001 F1C2A6 1
-8.4 8.4 -1.250001 F0C2A7 1
-9.450001 8.4 -1.250001 F4C9B1 1
-10.5 8.4 -1.250001 F8D1B9 1
7.350001 5.25 -0.1999993 3B3343 1
6.300002 5.25 -0.1999989 383241 1
5.250001 5.25 -0.2000003 3B3344 1
4.200001 5.25 -0.1999993 3C3445 1
3.150001 5.25 -0.1999998 403848 1
2.100001 5.25 -0.1999998 3C3445 1
1.050001 5.25 -0.1999998 373142 1
4.768372E-07 5.25 -0.2000003 3A3344 1
-1.05 5.25 -0.2000003 3A3345 1
-2.1 5.25 -0.2000008 3B3445 1
-10.5 7.35 -0.2000012 77585E 1
10.5 0 -0.1999998 C5BDBD 1
-10.5 0 -0.2000012 BDB4B4 1
-4.2 1.05 -0.2000008 937777 1
-10.5 1.05 -0.2000012 A59292 1
-10.5 2.1 -0.2000012 CFC8C6 1
10.5 3.15 6.100001 A9A0A3 1
-3.15 3.15 -0.2000008 493C4C 1
8.400002 3.15 -0.1999998 453948 1
-10.5 3.15 -0.2000012 D2CAC8 1
10.5 4.2 6.100001 A1979C 1
-3.15 4.2 -0.2000008 4A3F50 1
8.400002 4.2 -0.1999998 524654 1
-10.5 4.2 -0.2000012 D4CDCB 1
-10.5 5.25 -0.2000012 D3CBC9 1
-10.5 6.3 -0.2000012 CDC5C4 1
11.55 7.35 -0.1999989 DCB8A6 1
-11.55 7.35 -0.2000012 DEBAA7 1
10.5 8.4 -0.1999998 FFBB64 1
6.300001 8.4 5.050001 8D7C83 1
5.25 8.4 5.050001 3C3750 1
4.2 8.4 5.050001 8B7A81 1
3.150001 8.4 5.050001 8D7B82 1
-1.05 8.4 1.9 4B3B4E 1
-2.1 8.4 1.9 493B51 1
-3.15 8.4 1.899999 4D3E53 1
-4.2 8.4 1.899999 504055 1
-5.25 8.4 4 63505A 1
-6.300001 8.4 3.999999 65505A 1
-7.350001 8.4 3.999999 654F59 1
-8.400001 8.4 3.999999 624C55 1
-10.5 8.4 -0.2000012 FBC9AA 1
10.5 9.45 -0.1999998 F8B664 1
6.300001 9.45 5.050001 B4A09E 1
5.25 9.45 5.050001 AE9896 1
4.2 9.45 5.050001 AE9794 1
3.150001 9.45 5.050001 B19A95 1
-2.1 9.45 2.95 8F6961 1
-10.5 9.45 -0.2000012 F9B765 1
10.5 10.5 -0.1999998 F1B163 1
-10.5 10.5 -0.2000012 F9B865 1
10.5 11.55 -0.1999998 F8B765 1
-10.5 11.55 -0.2000012 FBBB67 1
5.250001 12.6 -0.2000003 FFD976 1
9.450001 12.6 -0.1999989 FFE47D 1
8.400002 12.6 -0.1999998 FFE47D 1
7.350001 12.6 -0.1999993 FFE47C 1
6.300002 12.6 -0.1999989 FFE47D 1
-5.25 12.6 -0.2000008 FFDC76 1
-6.300001 12.6 -0.2000012 FFE37C 1
-7.35 12.6 -0.2000012 FFE37C 1
-8.4 12.6 -0.2000012 FFE47C 1
-9.450001 12.6 -0.2000012 FFE47D 1
4.200001 13.65 -0.1999993 FFD876 1
-4.2 13.65 -0.2000008 FFD875 1
3.150001 14.7 -0.1999998 FFD875 1
-3.15 14.7 -0.2000008 FFDC78 1
2.100001 15.75 -0.1999998 FFE57D 1
1.050001 15.75 -0.1999998 FFE67E 1
4.768372E-07 15.75 -0.2000003 FFE57D 1
-1.05 15.75 -0.2000003 FFE47D 1
-2.1 15.75 -0.2000008 FFE57D 1
-10.5 7.35 0.8499985 7A5A5F 1
10.5 0 0.8500004 CAC3C2 1
-10.5 0 0.8499985 BDB4B4 1
10.5 1.05 0.8500004 D8D2CF 1
9.450001 1.05 0.8500004 988181 1
8.400002 1.05 0.8500004 927878 1
7.350001 1.05 0.8500009 937573 1
6.300002 1.05 0.8500004 907576 1
5.250001 1.05 0.8499999 927675 1
4.200001 1.05 0.8499999 8E7474 1
3.150001 1.05 0.8499999 917473 1
2.100001 1.05 0.8499997 8F7475 1
1.050001 1.05 0.8499994 8C7375 1
4.768372E-07 1.05 0.8499994 887174 1
-1.05 1.05 0.8499994 8E7475 1
-2.1 1.05 0.8499992 8F7677 1
-3.15 1.05 0.849999 977C7A 1
-4.2 1.05 0.849999 997D7B 1
-5.25 1.05 0.849999 977A78 1
-6.300001 1.05 0.8499985 9A7E7B 1
-7.35 1.05 0.8499985 9C817F 1
-8.4 1.05 0.8499985 A28683 1
-9.450001 1.05 0.8499985 A48D8B 1
-10.5 1.05 0.8499985 A89493 1
10.5 2.1 0.8500004 D7D0CE 1
-10.5 2.1 0.8499985 CEC7C5 1
10.5 3.15 0.8500004 D7D0CE 1
-10.5 3.15 0.8499985 D1CAC8 1
10.5 4.2 0.8500004 D7D0CE 1
-10.5 4.2 0.8499985 D3CCCA 1
10.5 5.25 0.8500004 D6CFCD 1
-10.5 5.25 0.8499985 D3CCCA 1
10.5 6.3 0.8500004 CEC6C4 1
-10.5 6.3 0.8499985 CBC3C1 1
11.55 7.35 0.8500004 DEB9A7 1
-11.55 7.35 0.8499985 DDB8A6 1
10.5 8.4 0.8500004 FFBC65 1
5.250001 8.4 0.8499999 564150 1
-10.5 8.4 0.8499985 FAC8AA 1
10.5 9.45 0.8500004 FAB664 1
-10.5 9.45 0.8499985 FCB965 1
10.5 10.5 0.8500004 F5B464 1
-10.5 10.5 0.8499985 FBBA66 1
10.5 11.55 0.8500004 F8B765 1
-10.5 11.55 0.8499985 FAB966 1
5.250001 12.6 0.8499999 FFDA93 1
9.450001 12.6 0.8500004 FFDE78 1
8.400002 12.6 0.8500004 FFDD8A 1
7.350001 12.6 0.8500009 FFE294 1
6.300002 12.6 0.8500004 FFE09D 1
-5.25 12.6 0.849999 FFDF78 1
-6.300001 12.6 0.8499985 FFE47C 1
-7.35 12.6 0.8499985 FFE57D 1
-8.4 12.6 0.8499985 FFDE8D 1
-9.450001 12.6 0.8499985 FFD975 1
4.200001 13.65 0.8499999 FFDC93 1
-4.2 13.65 0.849999 FFDC93 1
3.150001 14.7 0.8499999 FFD890 1
-3.15 14.7 0.849999 FFDB94 1
2.100001 15.75 0.8499997 FFE1A2 1
1.050001 15.75 0.8499994 FFE39A 1
4.768372E-07 15.75 0.8499994 FFE49A 1
-1.05 15.75 0.8499994 FFE396 1
-2.1 15.75 0.8499992 FFE3A0 1
10.5 5.25 1.900001 675B68 1
-10.5 7.35 1.899999 77575D 1
10.5 0 1.900001 CAC2C2 1
-10.5 0 1.899999 BCB2B3 1
10.5 1.05 1.900001 D5CECC 1
9.450001 1.05 1.900001 9B8484 1
8.400001 1.05 1.900001 977C7B 1
7.350001 1.05 1.900001 977B7A 1
6.300001 1.05 1.900001 977977 1
5.250001 1.05 1.9 9A7D7B 1
4.200001 1.05 1.9 937A7B 1
3.150001 1.05 1.900001 967C7C 1
2.1 1.05 1.9 967B7B 1
1.05 1.05 1.9 987E7E 1
2.384186E-07 1.05 1.9 987D7C 1
-1.05 1.05 1.9 9A7F7E 1
-2.1 1.05 1.9 9A807F 1
-3.15 1.05 1.899999 997D7B 1
-4.2 1.05 1.899999 9D8382 1
-5.25 1.05 1.899999 A08583 1
-6.300001 1.05 1.899999 A18481 1
-7.35 1.05 1.899999 9F8583 1
-8.400001 1.05 1.899999 9C8382 1
-9.450001 1.05 1.899999 A48D8B 1
-10.5 1.05 1.899999 A59292 1
10.5 2.1 1.900001 D6D0CD 1
-10.5 2.1 1.899999 CFC7C6 1
9.450001 3.15 1.900001 20243B 1
10.5 3.15 1.900001 A79DA1 1
-10.5 3.15 1.899999 D1CAC8 1
9.450001 4.2 1.900001 20233A 1
10.5 4.2 1.900001 A3999D 1
-10.5 4.2 1.899999 D0C9C7 1
-10.5 5.25 1.899999 D3CBC9 1
10.5 6.3 1.900001 CEC7C5 1
-10.5 6.3 1.899999 CCC4C2 1
11.55 7.35 1.900001 DCB8A6 1
-11.55 7.35 1.899999 DCB6A4 1
10.5 8.4 1.900001 FFBE66 1
5.250001 8.4 1.9 4D435D 1
-10.5 8.4 1.899999 FCC7A8 1
9.450001 9.45 1.900001 FFD06E 1
9.450001 9.45 0.8500004 FFBB60 1
8.400001 8.4 1.900001 F1D6C7 1
8.400002 9.45 0.8500004 FFBD65 1
7.350001 8.4 1.900001 F4E1D4 1
7.350001 9.45 0.8500009 FFC067 1
6.300001 8.4 1.900001 F1DFD3 1
6.300002 9.45 0.8500004 FFC068 1
5.250001 9.45 0.8499999 FEBA66 1
4.200001 8.4 1.9 EFDED2 1
4.200001 9.45 0.8499999 FFBD67 1
3.150001 8.4 1.900001 F6E0D1 1
3.150001 9.45 0.8499999 FFC068 1
2.1 8.4 1.9 F3E0D2 1
2.100001 9.45 0.8499997 FFBD66 1
1.05 8.4 1.9 F6E3D6 1
1.050001 9.45 0.8499994 FFC269 1
2.384186E-07 8.4 1.9 F0DDD0 1
4.768372E-07 9.45 0.8499994 FFBD67 1
-1.05 9.45 0.8499994 FAB664 1
-2.1 9.45 0.8499992 F8B463 1
-3.15 9.45 0.849999 FBB563 1
-4.2 9.45 0.849999 FCB764 1
-5.25 8.4 1.899999 F7E5D8 1
-5.25 9.45 0.849999 FFBF67 1
-6.300001 8.4 1.899999 F9E5D6 1
-6.300001 9.45 0.8499985 FFC268 1
-7.35 8.4 1.899999 F7E2D4 1
-7.35 9.45 0.8499985 FFC168 1
-8.400001 8.4 1.899999 F1D5C3 1
-8.4 9.45 0.8499985 FFC067 1
-9.450001 9.45 1.899999 FFD26F 1
-9.450001 9.45 0.8499985 FFBB61 1
9.450001 10.5 0.8500004 FFBF65 1
8.400002 10.5 0.8500004 FFC067 1
7.350001 10.5 0.8500009 FFBC66 1
6.300002 10.5 0.8500004 FFC068 1
5.250001 10.5 0.8499999 FFC068 1
4.200001 10.5 0.8499999 FFBE68 1
3.150001 10.5 0.8499999 FFBF68 1
2.100001 10.5 0.8499997 FFC269 1
1.050001 10.5 0.8499994 FFC068 1
4.768372E-07 10.5 0.8499994 FFBF68 1
-1.05 10.5 0.8499994 FFBD67 1
-2.1 10.5 0.8499992 FEBB66 1
-3.15 10.5 0.849999 FEBA65 1
-4.2 10.5 0.849999 FFBC66 1
-5.25 10.5 0.849999 FFBF68 1
-6.300001 10.5 0.8499985 FFC168 1
-7.35 10.5 0.8499985 FFBF67 1
-8.4 10.5 0.8499985 FFC267 1
-9.450001 10.5 0.8499985 FFBF65 1
9.450001 11.55 0.8500004 FFBD66 1
8.400002 11.55 0.8500004 FFBB65 1
7.350001 11.55 0.8500009 FFBC66 1
6.300002 11.55 0.8500004 FFBE67 1
5.250001 11.55 0.8499999 FFBE67 1
4.200001 11.55 0.8499999 FFC068 1
3.150001 11.55 0.8499999 FFBD67 1
2.100001 11.55 0.8499997 FFBF68 1
1.050001 11.55 0.8499994 FFC068 1
4.768372E-07 11.55 0.8499994 FFC068 1
-1.05 11.55 0.8499994 FFC168 1
-2.1 11.55 0.8499992 FFC169 1
-3.15 11.55 0.849999 FFBE68 1
-4.2 11.55 0.849999 FFBF68 1
-5.25 11.55 0.849999 FFC269 1
-6.300001 11.55 0.8499985 FFC268 1
-7.35 11.55 0.8499985 FFBE66 1
-8.4 11.55 0.8499985 FFC268 1
-9.450001 11.55 0.8499985 FFBC65 1
4.200001 12.6 0.8499999 FFBF68 1
3.150001 12.6 0.8499999 FFC269 1
2.100001 12.6 0.8499997 FFC068 1
1.050001 12.6 0.8499994 FFC169 1
4.768372E-07 12.6 0.8499994 FFBE67 1
-1.05 12.6 0.8499994 FFC168 1
-2.1 12.6 0.8499992 FFBC66 1
-3.15 12.6 0.849999 FFBF68 1
-4.2 12.6 0.849999 FFC169 1
3.150001 13.65 0.8499999 FFBF68 1
2.100001 13.65 0.8499997 FFBF68 1
1.050001 13.65 0.8499994 FFBE67 1
4.768372E-07 13.65 0.8499994 FFC068 1
-1.05 13.65 0.8499994 FFBF67 1
-2.1 13.65 0.8499992 FFBD67 1
-3.15 13.65 0.849999 FFBF68 1
2.100001 14.7 0.8499997 FFC168 1
1.050001 14.7 0.8499994 FFC068 1
4.768372E-07 14.7 0.8499994 FFBD67 1
-1.05 14.7 0.8499994 FFC068 1
-2.1 14.7 0.8499992 FFBF68 1
10.5 5.25 2.950001 635969 1
-10.5 7.35 2.949999 72545B 1
10.5 0 2.950001 C9C2C1 1
-10.5 0 2.949999 BAB1B2 1
10.5 1.05 2.950001 D5CECC 1
9.450001 1.05 2.950001 9E8A8B 1
8.400001 1.05 2.950001 967B7A 1
7.350001 1.05 2.950001 957A79 1
6.300001 1.05 2.950001 967D7D 1
5.25 1.05 2.95 9B8281 1
4.2 1.05 2.95 9A7F7E 1
3.150001 1.05 2.95 9E827F 1
2.1 1.05 2.95 9B8484 1
1.05 1.05 2.95 A08786 1
1.192093E-07 1.05 2.95 9E8584 1
-1.05 1.05 2.95 9C8281 1
-2.1 1.05 2.95 A18684 1
-3.150001 1.05 2.949999 A58B88 1
-4.2 1.05 2.949999 A18784 1
-5.25 1.05 2.949999 A18987 1
-6.300001 1.05 2.949999 A58884 1
-7.350001 1.05 2.949999 A28886 1
-8.400001 1.05 2.949999 9F8684 1
-9.450001 1.05 2.949999 A18B8B 1
-10.5 1.05 2.949999 A09194 1
10.5 2.1 2.950001 D8D0CE 1
-10.5 2.1 2.949999 CFC8C6 1
9.450001 3.15 2.950001 212840 1
-9.450001 3.15 2.949999 20263D 1
9.450001 4.2 2.950001 20273E 1
-9.450001 4.2 2.949999 20263D 1
-10.5 5.25 2.949999 D3CBC9 1
10.5 6.3 2.950001 D0C8C6 1
-10.5 6.3 2.949999 CDC5C3 1
11.55 7.35 2.950001 DDB8A6 1
-11.55 7.35 2.949999 DEB9A7 1
10.5 8.4 2.950001 FFBB65 1
5.25 8.4 2.95 4D435E 1
1.192093E-07 8.4 2.95 4C435D 1
-4.2 8.4 4 353046 1
-4.2 8.4 2.949999 504661 1
-10.5 8.4 2.949999 FAC6A7 1
9.450001 9.45 2.950001 FFDA75 1
8.400001 8.4 2.950001 F1DBCD 1
7.350001 8.4 2.950001 F7E7DD 1
6.300001 8.4 2.950001 F5E6DC 1
4.2 8.4 2.95 F2E3D9 1
3.150001 8.4 2.95 F7E7DC 1
2.1 8.4 2.95 F7E7DB 1
1.05 8.4 2.95 F6E7DC 1
-1.05 8.4 2.95 7E728C 1
-2.1 8.4 2.95 695970 1
-3.150001 8.4 2.949999 786A83 1
-5.25 8.4 2.949999 F9EADF 1
-6.300001 8.4 2.949999 FBEEE4 1
-7.350001 8.4 2.949999 F7E9DE 1
-8.400001 8.4 2.949999 F4DFD2 1
-9.450001 9.45 2.949999 FFDA75 1
10.5 5.25 4.000001 625968 1
-10.5 7.35 3.999999 76575D 1
10.5 0 4.000001 C6BEBD 1
-10.5 0 3.999999 BCB4B4 1
10.5 1.05 4.000001 D6CFCD 1
9.450001 1.05 4.000001 998587 1
8.400001 1.05 4.000001 977D7C 1
7.350001 1.05 4.000001 9D817F 1
6.300001 1.05 4.000001 9B8080 1
5.25 1.05 4 9F8482 1
4.2 1.05 4 A08887 1
3.150001 1.05 4 A08786 1
2.1 1.05 4 A28988 1
1.05 1.05 4 9E8787 1
0 1.05 4 A18988 1
-1.05 1.05 4 A28A89 1
-2.1 1.05 4 A18988 1
-3.150001 1.05 4 A48B89 1
-4.2 1.05 4 A98E8A 1
-5.25 1.05 4 A58D8C 1
-6.300001 1.05 3.999999 A48C8A 1
-7.350001 1.05 3.999999 A58A87 1
-8.400001 1.05 3.999999 A08685 1
-9.450001 1.05 3.999999 A48C8A 1
-10.5 1.05 3.999999 9F9194 1
10.5 2.1 4.000001 D5CECC 1
-10.5 2.1 3.999999 CFC8C6 1
9.450001 3.15 4.000001 20283F 1
-9.450001 3.15 3.999999 20273E 1
9.450001 4.2 4.000001 20273E 1
-9.450001 4.2 3.999999 20263D 1
-10.5 5.25 3.999999 D1CAC8 1
10.5 6.3 4.000001 D0C9C7 1
-10.5 6.3 3.999999 CAC1C0 1
11.55 7.35 4.000001 DDB9A7 1
-11.55 7.35 3.999999 DDB9A6 1
10.5 8.4 4.000001 FFBD65 1
5.25 8.4 4 4B435E 1
0 8.4 4 514965 1
-10.5 8.4 3.999999 FEC9A8 1
-2.1 9.45 4 A098A4 1
9.450001 9.45 4.000001 FFDE78 1
8.400001 8.4 4.000001 F1E0D4 1
7.350001 8.4 4.000001 F7EAE2 1
6.300001 8.4 4.000001 EEE1D9 1
4.2 8.4 4 EBDDD5 1
3.150001 8.4 4 F3E6DC 1
2.1 8.4 4 F8EBE1 1
1.05 8.4 4 F9EDE4 1
-1.05 8.4 4 827794 1
-2.1 8.4 4 434162 1
-3.150001 8.4 4 776F8E 1
-3.150001 9.45 4 A6A0AC 1
-9.450001 9.45 3.999999 FFDF79 1
-2.1 10.5 4 D2D2D9 1
10.5 5.25 5.050001 645A69 1
-10.5 7.35 5.049999 75565C 1
10.5 0 5.050001 C9C1C0 1
-10.5 0 5.049999 BCB2B3 1
10.5 1.05 5.050001 D5CFCC 1
9.450001 1.05 5.050001 9A8485 1
8.400001 1.05 5.050001 9C817F 1
7.350001 1.05 5.050001 9D817E 1
6.300001 1.05 5.050001 9D8382 1
5.25 1.05 5.050001 A18785 1
4.2 1.05 5.050001 A08887 1
3.150001 1.05 5.050001 A58E8C 1
2.1 1.05 5.05 A58E8D 1
1.05 1.05 5.05 A78F8D 1
-1.192093E-07 1.05 5.05 A6908F 1
-1.05 1.05 5.05 AA918E 1
-2.1 1.05 5.05 A8908D 1
-3.150001 1.05 5.05 AB928E 1
-4.2 1.05 5.05 AA928F 1
-5.25 1.05 5.05 A9918E 1
-6.300001 1.05 5.049999 A88E8A 1
-7.350001 1.05 5.049999 A68C88 1
-8.400001 1.05 5.049999 A38885 1
-9.450001 1.05 5.049999 A18987 1
-10.5 1.05 5.049999 9F9194 1
10.5 2.1 5.050001 D4CECC 1
-10.5 2.1 5.049999 CFC7C6 1
9.450001 3.15 5.050001 20283F 1
-9.450001 3.15 5.049999 21283F 1
9.450001 4.2 5.050001 20273E 1
-9.450001 4.2 5.049999 20273E 1
-10.5 5.25 5.049999 D1CAC8 1
10.5 6.3 5.050001 D0C9C7 1
-10.5 6.3 5.049999 CCC3C2 1
11.55 7.35 5.050001 DEBAA8 1
-11.55 7.35 5.049999 DBB6A4 1
10.5 8.4 5.050001 FFBB65 1
7.350001 8.4 5.050001 99919C 1
-1.192093E-07 8.4 5.05 4F4864 1
-4.2 8.4 5.05 534B68 1
-10.5 8.4 5.049999 FCC8A9 1
7.350001 9.45 5.050001 C4BDC3 1
9.450001 9.45 5.050001 FFE079 1
8.400001 8.4 5.050001 F2E1D6 1
2.1 8.4 5.05 F6EBE3 1
1.05 8.4 5.05 FBF0E7 1
-1.05 8.4 5.05 8A819F 1
-2.1 8.4 5.05 8580A1 1
-3.150001 8.4 5.05 8882A1 1
-5.25 8.4 5.05 FCF3EB 1
-6.300001 8.4 5.049999 FFF7EF 1
-7.350001 8.4 5.049999 FFF7EF 1
-8.400001 8.4 5.049999 F6E6DB 1
-9.450001 9.45 5.049999 FFDF79 1
-10.5 7.35 6.099999 71535A 1
10.5 0 6.100001 C7C0BF 1
-10.5 0 6.099999 BFB6B6 1
10.5 1.05 6.100001 D5CECC 1
9.450001 1.05 6.100001 A18988 1
8.400001 1.05 6.100001 9F8482 1
7.35 1.05 6.100001 A1837F 1
6.300001 1.05 6.100001 A08683 1
5.25 1.05 6.1 A58C89 1
4.2 1.05 6.1 A58C8A 1
3.15 1.05 6.1 A68E8B 1
2.1 1.05 6.1 A88F8D 1
1.05 1.05 6.1 AA9390 1
-2.384186E-07 1.05 6.1 A99290 1
-1.05 1.05 6.1 AA9392 1
-2.1 1.05 6.099999 AD9491 1
-3.150001 1.05 6.099999 AC9592 1
-4.200001 1.05 6.1 AA928F 1
-5.250001 1.05 6.1 AC9491 1
-6.300001 1.05 6.099999 AE948F 1
-7.350001 1.05 6.099999 A98F8B 1
-8.400001 1.05 6.099999 A78C89 1
-9.450001 1.05 6.099999 A28988 1
-10.5 1.05 6.099999 A19295 1
10.5 2.1 6.100001 D4CDCB 1
-10.5 2.1 6.099999 CCC4C3 1
10.5 3.15 11.35 ACA3A6 1
-9.450001 3.15 6.099999 212940 1
10.5 4.2 11.35 A3999D 1
-9.450001 4.2 6.099999 20263D 1
10.5 5.25 6.100001 D3CCCA 1
-10.5 5.25 6.099999 CEC6C5 1
10.5 6.3 6.100001 CFC7C5 1
-10.5 6.3 6.099999 CAC2C0 1
11.55 7.35 6.100001 DBB7A5 1
-11.55 7.35 6.099999 D8B3A2 1
10.5 8.4 6.100001 FFBA65 1
7.35 8.4 6.100001 97929E 1
3.15 8.4 6.1 9E9AA6 1
-10.5 8.4 6.099999 FBC6A7 1
7.35 9.45 6.100001 C0BBC1 1
9.450001 9.45 6.100001 FFE07A 1
8.400001 8.4 6.100001 F0E2D8 1
6.300001 8.4 6.100001 9A97A4 1
5.25 8.4 6.1 8B8596 1
4.2 8.4 6.1 928E9E 1
2.1 8.4 6.1 F3EBE5 1
3.15 9.45 6.1 C1BEC5 1
1.05 8.4 6.1 FDF4ED 1
-2.384186E-07 8.4 6.1 FDF5EF 1
-1.05 8.4 6.1 FDF6F0 1
-2.1 8.4 6.099999 FEF8F2 1
-3.150001 8.4 6.099999 FBF5EF 1
-4.200001 8.4 6.1 FFFAF4 1
-5.250001 8.4 6.1 FFFBF4 1
-6.300001 8.4 6.099999 FFFAF2 1
-7.350001 8.4 6.099999 FFF6EF 1
-8.400001 8.4 6.099999 FAEBDF 1
-9.450001 9.45 6.099999 FFE07A 1
6.300001 9.45 6.100001 D3D8E1 1
5.25 10.5 6.1 8F89A9 1
4.2 10.5 6.1 958FAC 1
10.5 5.25 7.150002 69606E 1
-10.5 7.35 7.15 72545A 1
10.5 0 7.150002 CAC2C1 1
-10.5 0 7.15 B9B0B1 1
10.5 1.05 7.150002 D5CECC 1
9.450001 1.05 7.150002 A28D8D 1
8.4 1.05 7.150002 A08481 1
7.35 1.05 7.150002 A48986 1
6.300001 1.05 7.150002 A58A87 1
5.25 1.05 7.150001 AA908C 1
4.2 1.05 7.150001 A98E8A 1
3.15 1.05 7.150001 AC9390 1
2.1 1.05 7.150001 A8908E 1
1.05 1.05 7.150001 AE9490 1
-4.768372E-07 1.05 7.150001 AC9491 1
-1.050001 1.05 7.150001 AF9793 1
-2.100001 1.05 7.150001 B19B98 1
-3.150001 1.05 7.15 B19994 1
-4.200001 1.05 7.15 B09792 1
-5.250001 1.05 7.15 B09691 1
-6.300002 1.05 7.15 AC9491 1
-7.350001 1.05 7.149999 A58C8A 1
-8.400002 1.05 7.15 A78D89 1
-9.450001 1.05 7.15 A6908E 1
-10.5 1.05 7.15 A89797 1
10.5 2.1 7.150002 D4CECB 1
-10.5 2.1 7.15 CFC7C6 1
9.450001 3.15 7.150002 20253B 1
10.5 3.15 7.150002 A39A9E 1
-9.450001 3.15 7.15 20263D 1
9.450001 4.2 7.150002 20243A 1
10.5 4.2 7.150002 9D9397 1
-9.450001 4.2 7.15 20263C 1
-10.5 5.25 7.15 D0C9C7 1
10.5 6.3 7.150002 CEC6C4 1
-10.5 6.3 7.15 CAC1C0 1
11.55 7.35 7.150002 D9B5A3 1
-11.55 7.35 7.15 DBB7A5 1
10.5 8.4 7.150002 FFBC65 1
7.35 8.4 7.150002 99939F 1
3.15 8.4 7.150001 9D9BA9 1
-10.5 8.4 7.15 F7C5A7 1
7.35 9.45 7.150002 C1BCC2 1
9.450001 9.45 7.150002 FFE57D 1
8.4 8.4 7.150002 F1E4DB 1
6.300001 8.4 7.150002 9996A5 1
5.25 8.4 7.150001 928FA1 1
4.2 8.4 7.150001 9795A5 1
2.1 8.4 7.150001 F5EDE7 1
3.15 9.45 7.150001 C5C3CB 1
1.05 8.4 7.150001 FFF9F2 1
-4.768372E-07 8.4 7.150001 FFF7EF 1
-1.050001 8.4 7.150001 FFF9F3 1
-2.100001 8.4 7.150001 FFF9F2 1
-3.150001 8.4 7.15 FFFCF4 1
-4.200001 8.4 7.15 FFFBF4 1
-5.250001 8.4 7.15 FFFCF4 1
-6.300002 8.4 7.15 FFFCF5 1
-7.350001 8.4 7.149999 FFFAF3 1
-8.400002 8.4 7.15 FBEDE3 1
-9.450001 9.45 7.15 FFE37B 1
6.300001 9.45 7.150002 D3D8E2 1
5.25 10.5 7.150001 8E89A9 1
4.2 10.5 7.150001 9C9AB4 1
10.5 5.25 8.200001 645B6A 1
-10.5 7.35 8.2 6F525A 1
10.5 0 8.200001 C9C2C1 1
-10.5 0 8.2 BBB2B3 1
10.5 1.05 8.200001 D5CECC 1
9.450001 1.05 8.200001 A48C8A 1
8.4 1.05 8.200001 A28683 1
7.35 1.05 8.200001 A18786 1
6.300001 1.05 8.200001 A58B88 1
5.25 1.05 8.200001 A88F8C 1
4.2 1.05 8.200001 AC928E 1
3.15 1.05 8.200001 AA9391 1
2.1 1.05 8.200001 AA9391 1
1.05 1.05 8.200001 AD9592 1
-4.768372E-07 1.05 8.200001 AD9896 1
-1.050001 1.05 8.2 B19A95 1
-2.100001 1.05 8.2 B19A95 1
-3.150001 1.05 8.2 B29C98 1
-4.200001 1.05 8.199999 AC9693 1
-5.250001 1.05 8.200001 B39A93 1
-6.300002 1.05 8.199999 B19791 1
-7.350001 1.05 8.199999 AA928E 1
-8.400002 1.05 8.2 AC918B 1
-9.450001 1.05 8.199999 AA938F 1
-10.5 1.05 8.2 AC9896 1
10.5 2.1 8.200001 D6CFCD 1
-10.5 2.1 8.2 C9C2C0 1
9.450001 3.15 8.200001 21283F 1
-10.5 3.15 8.2 CFC7C6 1
9.450001 4.2 8.200001 20283F 1
-10.5 4.2 8.2 CEC6C5 1
-10.5 5.25 8.2 CEC6C4 1
10.5 6.3 8.200001 CFC8C7 1
-10.5 6.3 8.2 CAC2C0 1
11.55 7.35 8.200001 DDB9A7 1
-11.55 7.35 8.199999 DCB7A5 1
10.5 8.4 8.200001 FFBC65 1
7.35 8.4 8.200001 9B939D 1
3.15 8.4 8.200001 9E9CA9 1
-10.5 8.4 8.2 FCC8A9 1
7.35 9.45 8.200001 C4BEC3 1
9.450001 9.45 8.200001 FFE37C 1
8.4 8.4 8.200001 F6E9E0 1
6.300001 8.4 8.200001 9B99A6 1
5.25 8.4 8.200001 9795A5 1
4.2 8.4 8.200001 9897A6 1
2.1 8.4 8.200001 FBF4EE 1
3.15 9.45 8.200001 C0BFC7 1
1.05 8.4 8.200001 FFFDF6 1
-4.768372E-07 8.4 8.200001 FFFBF5 1
-1.050001 8.4 8.2 FFFCF5 1
-2.100001 8.4 8.2 FFFDF6 1
-3.150001 8.4 8.2 FFFEF7 1
-4.200001 8.4 8.199999 FFFEF7 1
-5.250001 8.4 8.200001 FFFDF7 1
-6.300002 8.4 8.199999 FFFFF7 1
-7.350001 8.4 8.199999 FFFAF3 1
-8.400002 8.4 8.2 FCEDE3 1
-9.450001 9.45 8.199999 FFE57D 1
6.300001 9.45 8.200001 DCE2EB 1
5.25 9.45 8.200001 DCE2EC 1
4.2 9.45 8.200001 D9DEE7 1
10.5 5.25 9.250002 655C6A 1
-10.5 7.35 9.249999 72545B 1
10.5 0 9.250002 C7BEBD 1
-10.5 0 9.249999 BDB4B5 1
10.5 1.05 9.250002 D5CECC 1
9.450001 1.05 9.250002 A28B89 1
8.4 1.05 9.250002 9E8686 1
7.35 1.05 9.250002 A58A86 1
6.300001 1.05 9.250002 A88D89 1
5.25 1.05 9.250001 AA8F8B 1
4.2 1.05 9.250001 A8908D 1
3.15 1.05 9.250001 B19893 1
2.1 1.05 9.250001 B19994 1
1.05 1.05 9.250001 B09A98 1
-4.768372E-07 1.05 9.25 AE9996 1
-1.050001 1.05 9.25 B39C97 1
-2.100001 1.05 9.25 B39C98 1
-3.150001 1.05 9.25 B19A96 1
-4.200001 1.05 9.25 B29B97 1
-5.250001 1.05 9.25 B19893 1
-6.300002 1.05 9.25 AF9691 1
-7.350001 1.05 9.25 B19690 1
-8.400002 1.05 9.249999 AE9590 1
-9.450001 1.05 9.25 AC9693 1
-10.5 1.05 9.249999 AE9996 1
10.5 2.1 9.250002 D5CFCC 1
-10.5 2.1 9.249999 CCC4C3 1
9.450001 3.15 9.250002 212940 1
-10.5 3.15 9.249999 CFC7C5 1
9.450001 4.2 9.250002 20283F 1
-10.5 4.2 9.249999 D0C8C7 1
-10.5 5.25 9.249999 D1C9C8 1
10.5 6.3 9.250002 D2CAC8 1
-10.5 6.3 9.249999 CAC1C0 1
11.55 7.35 9.250002 DAB6A4 1
-11.55 7.35 9.25 DBB6A4 1
10.5 8.4 9.250002 FFBC65 1
-10.5 8.4 9.249999 FFCBAB 1
9.450001 9.45 9.250002 FFE27B 1
8.4 8.4 9.250002 F8EAE0 1
7.35 8.4 9.250002 FCF5EE 1
6.300001 8.4 9.250002 FDF8F2 1
5.25 8.4 9.250001 F8F3EE 1
4.2 8.4 9.250001 FBF6F2 1
3.15 8.4 9.250001 FDF8F2 1
2.1 8.4 9.250001 FFFAF4 1
1.05 8.4 9.250001 FFFCF5 1
-4.768372E-07 8.4 9.25 FFFCF5 1
-1.050001 8.4 9.25 FFFDF6 1
-2.100001 8.4 9.25 FFFEF6 1
-3.150001 8.4 9.25 FFFDF6 1
-4.200001 8.4 9.25 FFFEF7 1
-5.250001 8.4 9.25 FFFFF8 1
-6.300002 8.4 9.25 FFFCF5 1
-7.350001 8.4 9.25 FFFBF3 1
-8.400002 8.4 9.249999 FFF0E4 1
-9.450001 9.45 9.25 FFE47C 1
10.5 5.25 10.3 655C6B 1
-10.5 7.35 10.3 72545B 1
10.5 0 10.3 C9C1C0 1
-10.5 0 10.3 BBB2B2 1
10.5 1.05 10.3 D4CECB 1
9.45 1.05 10.3 A48F8E 1
8.4 1.05 10.3 A58B88 1
7.35 1.05 10.3 A38886 1
6.3 1.05 10.3 A78D89 1
5.25 1.05 10.3 AA8E8A 1
4.199999 1.05 10.3 AB928E 1
3.15 1.05 10.3 AE9591 1
2.099999 1.05 10.3 B29892 1
1.049999 1.05 10.3 B19892 1
-9.536743E-07 1.05 10.3 AF9793 1
-1.050001 1.05 10.3 B09995 1
-2.100001 1.05 10.3 B39C97 1
-3.150002 1.05 10.3 B29993 1
-4.200001 1.05 10.3 AE9693 1
-5.250001 1.05 10.3 B39B95 1
-6.300002 1.05 10.3 B0958F 1
-7.350002 1.05 10.3 B19893 1
-8.400002 1.05 10.3 AD9591 1
-9.450002 1.05 10.3 B19A95 1
-10.5 1.05 10.3 B09A95 1
10.5 2.1 10.3 D6D0CD 1
-10.5 2.1 10.3 CBC3C2 1
9.45 3.15 10.3 21283F 1
-10.5 3.15 10.3 D2CBC9 1
9.45 4.2 10.3 20273E 1
-10.5 4.2 10.3 CFC7C6 1
-10.5 5.25 10.3 D2CAC8 1
10.5 6.3 10.3 CEC6C4 1
-10.5 6.3 10.3 CAC1C0 1
11.55 7.35 10.3 DCB8A6 1
-11.55 7.35 10.3 DAB5A4 1
10.5 8.4 10.3 FFBE65 1
-10.5 8.4 10.3 FAC7A9 1
9.45 9.45 10.3 FFE27B 1
8.4 8.4 10.3 F8ECE3 1
7.35 8.4 10.3 FFFAF3 1
6.3 8.4 10.3 FFFCF5 1
5.25 8.4 10.3 FFFAF4 1
4.199999 8.4 10.3 FFFAF4 1
3.15 8.4 10.3 FFFCF5 1
2.099999 8.4 10.3 FFFCF5 1
1.049999 8.4 10.3 FFFCF5 1
-9.536743E-07 8.4 10.3 FFFBF3 1
-1.050001 8.4 10.3 FFFDF6 1
-2.100001 8.4 10.3 FFFCF5 1
-3.150002 8.4 10.3 FFFDF6 1
-4.200001 8.4 10.3 FFFEF6 1
-5.250001 8.4 10.3 FFFDF5 1
-6.300002 8.4 10.3 FFFCF5 1
-7.350002 8.4 10.3 FFF9F2 1
-8.400002 8.4 10.3 FCEDE1 1
-9.450002 9.45 10.3 FFE37C 1
10.5 5.25 11.35 6F6471 1
-10.5 7.35 11.35 76575D 1
10.5 0 11.35 C6BEBD 1
-10.5 0 11.35 BEB5B6 1
10.5 1.05 11.35 D4CECC 1
9.45 1.05 11.35 A48E8D 1
8.4 1.05 11.35 A88D89 1
7.35 1.05 11.35 A48A87 1
6.3 1.05 11.35 A38885 1
5.25 1.05 11.35 A98D88 1
4.199999 1.05 11.35 AD938E 1
3.15 1.05 11.35 AE9591 1
2.099999 1.05 11.35 B29994 1
1.049999 1.05 11.35 B29993 1
-9.536743E-07 1.05 11.35 B29C98 1
-1.050001 1.05 11.35 B29891 1
-2.100001 1.05 11.35 B39C97 1
-3.150002 1.05 11.35 B69B93 1
-4.200001 1.05 11.35 B59B94 1
-5.250001 1.05 11.35 B1948D 1
-6.300002 1.05 11.35 AC928D 1
-7.350002 1.05 11.35 B0948D 1
-8.400002 1.05 11.35 AE9692 1
-9.450002 1.05 11.35 A9908C 1
-10.5 1.05 11.35 AB9694 1
10.5 2.1 11.35 D3CCCA 1
-10.5 2.1 11.35 CCC4C2 1
9.45 3.15 11.35 585372 1
-10.5 3.15 11.35 CFC8C6 1
9.45 4.2 11.35 55506F 1
-10.5 4.2 11.35 D2CBC9 1
-10.5 5.25 11.35 D1CAC8 1
10.5 6.3 11.35 CDC5C4 1
-10.5 6.3 11.35 C8BFBE 1
11.55 7.35 11.35 DCB8A6 1
-11.55 7.35 11.35 DDB8A5 1
10.5 8.4 11.35 FFBF66 1
-10.5 8.4 11.35 FBC7A9 1
9.45 9.45 11.35 FFE47D 1
8.4 8.4 11.35 F8E4D7 1
7.35 8.4 11.35 FEF1E7 1
6.3 8.4 11.35 FEF4EC 1
5.25 8.4 11.35 FBF1E9 1
4.199999 8.4 11.35 FEF3EA 1
3.15 8.4 11.35 FDF3EB 1
2.099999 8.4 11.35 FCF1E9 1
1.049999 8.4 11.35 FFF3EA 1
-9.536743E-07 8.4 11.35 FDF3EB 1
-1.050001 8.4 11.35 FEF2EA 1
-2.100001 8.4 11.35 FFF4EA 1
-3.150002 8.4 11.35 FFF3E9 1
-4.200001 8.4 11.35 FDF2E9 1
-5.250001 8.4 11.35 FFF3EA 1
-6.300002 8.4 11.35 FBF0E8 1
-7.350002 8.4 11.35 FEF1E7 1
-8.400002 8.4 11.35 F8E4D6 1
-9.450002 9.45 11.35 FFE57D 1
-10.5 7.35 12.4 74565C 1
10.5 0 12.4 C8BFBF 1
-10.5 0 12.4 BBB2B3 1
10.5 1.05 12.4 D6CFCD 1
9.45 1.05 12.4 A6908F 1
8.4 1.05 12.4 A28A89 1
7.35 1.05 12.4 9F8786 1
6.3 1.05 12.4 9F8584 1
5.25 1.05 12.4 A28A89 1
4.199999 1.05 12.4 A48C89 1
3.15 1.05 12.4 B19A95 1
2.099999 1.05 12.4 AF9894 1
1.049999 1.05 12.4 B09995 1
-9.536743E-07 1.05 12.4 B29C98 1
-1.050001 1.05 12.4 B39C97 1
-2.100001 1.05 12.4 B09995 1
-3.150002 1.05 12.4 AF9894 1
-4.200001 1.05 12.4 B39891 1
-5.250001 1.05 12.4 AF938C 1
-6.300002 1.05 12.4 AB908A 1
-7.350002 1.05 12.4 AD948F 1
-8.400002 1.05 12.4 A9908D 1
-9.450002 1.05 12.4 A9908C 1
-10.5 1.05 12.4 B09A96 1
10.5 2.1 12.4 D4CECC 1
-10.5 2.1 12.4 CCC4C3 1
10.5 3.15 12.4 D7D0CE 1
-10.5 3.15 12.4 CFC7C6 1
10.5 4.2 12.4 D6D0CD 1
-10.5 4.2 12.4 CFC8C6 1
10.5 5.25 12.4 D5CECC 1
-10.5 5.25 12.4 D0C9C7 1
10.5 6.3 12.4 CFC7C6 1
-10.5 6.3 12.4 CAC1C0 1
11.55 7.35 12.4 DDB9A7 1
-11.55 7.35 12.4 DBB6A4 1
10.5 8.4 12.4 FFBD65 1
-10.5 8.4 12.4 FBC7A9 1
9.45 9.45 12.4 FFE37C 1
8.4 9.45 12.4 FFE47C 1
7.35 9.45 12.4 FFE37C 1
6.3 9.45 12.4 FFE37C 1
5.25 9.45 12.4 FFE47C 1
4.199999 9.45 12.4 FFE47C 1
3.15 9.45 12.4 FFE37C 1
2.099999 9.45 12.4 FFE47C 1
1.049999 9.45 12.4 FFE47C 1
-9.536743E-07 9.45 12.4 FFE47C 1
-1.050001 9.45 12.4 FFE47D 1
-2.100001 9.45 12.4 FFE37C 1
-3.150002 9.45 12.4 FFE47C 1
-4.200001 9.45 12.4 FFE47C 1
-5.250001 9.45 12.4 FFE57D 1
-6.300002 9.45 12.4 FFE47C 1
-7.350002 9.45 12.4 FFE37C 1
-8.400002 9.45 12.4 FFE37C 1
-9.450002 9.45 12.4 FFE47D 1
6.3 3.15 13.45 32314D 1
5.25 3.15 13.45 32314E 1
-5.250001 2.1 13.45 EAA95F 1
-6.300002 2.1 13.45 EBA95F 1
-7.350002 6.3 13.45 3B3651 1
-8.400002 3.15 13.45 34314C 1
-10.5 7.35 13.45 74555B 1
10.5 0 13.45 C8C0C0 1
-10.5 0 13.45 BCB3B3 1
10.5 1.05 13.45 D5CECC 1
9.45 1.05 13.45 AA9693 1
8.4 1.05 13.45 AA9694 1
7.35 1.05 13.45 957F82 1
6.3 1.05 13.45 846F77 1
5.25 1.05 13.45 867179 1
4.199999 1.05 13.45 A38C8A 1
3.15 1.05 13.45 AF9A96 1
2.099999 1.05 13.45 AF9995 1
1.049999 1.05 13.45 B29C98 1
-9.536743E-07 1.05 13.45 B59E99 1
-1.050001 1.05 13.45 B29E9A 1
-2.100001 1.05 13.45 B39D99 1
-3.150002 1.05 13.45 B39D98 1
-4.200001 1.05 13.45 B4A09B 1
-5.250001 1.05 13.45 AE9894 1
-6.300002 1.05 13.45 AB9694 1
-7.350002 1.05 13.45 AC9591 1
-8.400002 1.05 13.45 AB9592 1
-9.450002 1.05 13.45 AA9593 1
-10.5 1.05 13.45 AF9C99 1
10.5 2.1 13.45 D8D2CF 1
5.25 2.1 13.45 4E4968 1
6.3 2.1 13.45 635E7D 1
7.35 2.1 13.45 4D4866 1
-10.5 2.1 13.45 CCC4C3 1
10.5 3.15 13.45 D8D1CF 1
-5.250001 3.15 13.45 EEAD61 1
6.3 5.25 13.45 302F4B 1
5.25 5.25 13.45 302F4B 1
-5.250001 6.3 13.45 413B56 1
-6.300002 6.3 13.45 3E3751 1
-7.350002 3.15 13.45 EAA85F 1
-10.5 3.15 13.45 CDC5C4 1
10.5 4.2 13.45 D6D0CE 1
5.25 4.2 13.45 494462 1
6.3 4.2 13.45 605B7A 1
7.35 4.2 13.45 474361 1
-5.250001 4.2 13.45 ECAA60 1
-8.400002 4.2 13.45 4C4560 1
-7.350002 4.2 13.45 EDAC61 1
-10.5 4.2 13.45 D3CBC9 1
10.5 5.25 13.45 D7D1CF 1
-8.400002 5.25 13.45 4B435E 1
-5.250001 5.25 13.45 ECAA60 1
-6.300002 5.25 13.45 EBAA60 1
-10.5 5.25 13.45 D3CCCA 1
10.5 6.3 13.45 D2CAC8 1
-8.400002 6.3 13.45 5C495D 1
-10.5 6.3 13.45 CBC3C2 1
11.55 7.35 13.45 DDB8A6 1
-5.250001 7.35 13.45 554356 1
-11.55 7.35 13.45 D7B2A1 1
10.5 8.4 13.45 FFBE66 1
-10.5 8.4 13.45 FFCFB2 1
9.45 9.45 13.45 FFE47D 1
8.4 9.45 13.45 FFE47D 1
7.35 9.45 13.45 FFE57D 1
6.3 9.45 13.45 FFE47C 1
5.25 9.45 13.45 FFE37C 1
4.199999 9.45 13.45 FFE37C 1
3.15 9.45 13.45 FFE47D 1
2.099999 9.45 13.45 FFE47D 1
1.049999 9.45 13.45 FFE47D 1
-9.536743E-07 9.45 13.45 FFE47C 1
-1.050001 9.45 13.45 FFE37C 1
-2.100001 9.45 13.45 FFE37C 1
-3.150002 9.45 13.45 FFE67D 1
-4.200001 9.45 13.45 FFE47D 1
-5.250001 9.45 13.45 FFE37C 1
-6.300002 9.45 13.45 FFE37C 1
-7.350002 9.45 13.45 FFE47D 1
-8.400002 9.45 13.45 FFE27C 1
-9.450002 9.45 13.45 FFE47C 1
10.5 0 14.5 CCC4C3 1
-10.5 0 14.5 BDB5B5 1
10.5 1.05 14.5 E8E2DF 1
9.45 1.05 14.5 DED8D5 1
8.4 1.05 14.5 D9D2D0 1
7.35 1.05 14.5 D6CFCE 1
6.3 1.05 14.5 D0C9C9 1
5.25 1.05 14.5 CCC5C5 1
4.199999 1.05 14.5 D6D0CE 1
3.15 1.05 14.5 D5CDCB 1
2.099999 1.05 14.5 D6CFCD 1
1.049999 1.05 14.5 D7CFCD 1
-9.536743E-07 1.05 14.5 D7CFCC 1
-1.050001 1.05 14.5 D6CFCD 1
-2.100001 1.05 14.5 D7D0CD 1
-3.150002 1.05 14.5 D5CDCB 1
-4.200001 1.05 14.5 D9D1CD 1
-5.250001 1.05 14.5 D8CEC9 1
-6.300002 1.05 14.5 D7CDC9 1
-7.350002 1.05 14.5 D4CCC9 1
-8.400002 1.05 14.5 D4CCC9 1
-9.450002 1.05 14.5 D9D2D0 1
-10.5 1.05 14.5 E3DDD9 1
9.45 2.1 13.45 D6CECB 1
8.4 2.1 13.45 D2CBC9 1
4.199999 2.1 13.45 BAB2B3 1
3.15 2.1 13.45 D4CCCA 1
2.099999 2.1 13.45 D2CBC9 1
1.049999 2.1 13.45 D1C9C7 1
-9.536743E-07 2.1 13.45 D3CAC8 1
-1.050001 2.1 13.45 D2CAC8 1
-2.100001 2.1 13.45 D1CAC8 1
-3.150002 2.1 13.45 CFC7C5 1
-4.200001 2.1 13.45 CFC7C4 1
-7.350002 2.1 13.45 CBC3C2 1
-8.400002 2.1 13.45 645E7D 1
-9.450002 2.1 13.45 C7BFBE 1
9.45 3.15 13.45 D4CCCA 1
8.4 3.15 13.45 CEC6C4 1
7.35 3.15 13.45 AAADBB 1
4.199999 3.15 13.45 B9B2B4 1
3.15 3.15 13.45 D1C9C7 1
2.099999 3.15 13.45 D0C8C6 1
1.049999 3.15 13.45 D2C9C7 1
-9.536743E-07 3.15 13.45 D0C8C6 1
-1.050001 3.15 13.45 D2CBC9 1
-2.100001 3.15 13.45 D2CAC8 1
-3.150002 3.15 13.45 D0C8C6 1
-4.200001 3.15 13.45 CEC5C3 1
-6.300002 3.15 13.45 EEAC61 1
-9.450002 3.15 13.45 C7BDBD 1
9.45 4.2 13.45 D2CBC9 1
8.4 4.2 13.45 D1C9C7 1
4.199999 4.2 13.45 BFB7B8 1
3.15 4.2 13.45 CEC6C4 1
2.099999 4.2 13.45 D3CBC9 1
1.049999 4.2 13.45 D2CAC8 1
-9.536743E-07 4.2 13.45 D3CBC9 1
-1.050001 4.2 13.45 CFC7C5 1
-2.100001 4.2 13.45 D2C9C7 1
-3.150002 4.2 13.45 D4CCC9 1
-4.200001 4.2 13.45 CEC6C4 1
-6.300002 4.2 13.45 EBAA60 1
-9.450002 4.2 13.45 D1C9C6 1
9.45 5.25 13.45 CFC7C5 1
8.4 5.25 13.45 CFC7C5 1
7.35 5.25 13.45 ADAFBC 1
4.199999 5.25 13.45 BCB3B4 1
3.15 5.25 13.45 D1C9C7 1
2.099999 5.25 13.45 D2CBC9 1
1.049999 5.25 13.45 D1C8C6 1
-9.536743E-07 5.25 13.45 D1C9C7 1
-1.050001 5.25 13.45 CEC6C4 1
-2.100001 5.25 13.45 D1C8C6 1
-3.150002 5.25 13.45 D0C7C5 1
-4.200001 5.25 13.45 CDC5C3 1
-7.350002 5.25 13.45 CEC5C3 1
-9.450002 5.25 13.45 D0C7C5 1
9.45 6.3 13.45 C9C0BE 1
8.4 6.3 13.45 C8BFBD 1
7.35 6.3 13.45 C9C0BF 1
6.3 6.3 13.45 CAC2C1 1
5.25 6.3 13.45 CAC1C0 1
4.199999 6.3 13.45 CBC2C1 1
3.15 6.3 13.45 CAC1BF 1
2.099999 6.3 13.45 CAC1BF 1
1.049999 6.3 13.45 C9BFBE 1
-9.536743E-07 6.3 13.45 CBC2C0 1
-1.050001 6.3 13.45 C9C0BE 1
-2.100001 6.3 13.45 C6BDBB 1
-3.150002 6.3 13.45 C7BEBC 1
-4.200001 6.3 13.45 C9C0BF 1
-9.450002 6.3 13.45 C8BFBE 1
10.5 7.35 14.5 DBB6A4 1
9.45 7.35 14.5 DBB6A4 1
8.4 7.35 14.5 DCB7A5 1
7.35 7.35 14.5 DEBAA7 1
6.3 7.35 14.5 DAB5A3 1
5.25 7.35 14.5 DBB7A4 1
4.199999 7.35 14.5 DBB5A3 1
3.15 7.35 14.5 DAB4A2 1
2.099999 7.35 14.5 DAB5A3 1
1.049999 7.35 14.5 DCB6A4 1
-9.536743E-07 7.35 14.5 DAB4A2 1
-1.050001 7.35 14.5 DBB5A3 1
-2.100001 7.35 14.5 DBB5A3 1
-3.150002 7.35 14.5 DDB9A6 1
-4.200001 7.35 14.5 DCB7A4 1
-5.250001 7.35 14.5 DCB7A5 1
-6.300002 7.35 14.5 D9B3A1 1
-7.350002 7.35 14.5 DAB4A2 1
-8.400002 7.35 14.5 DCB7A5 1
-9.450002 7.35 14.5 DAB6A4 1
-10.5 7.35 14.5 D9B3A2 1
9.45 8.4 13.45 FFBB65 1
8.4 8.4 13.45 FFBC65 1
7.35 8.4 13.45 FFBA64 1
6.3 8.4 13.45 FFB963 1
5.25 8.4 13.45 FFBA64 1
4.199999 8.4 13.45 FFBB64 1
3.15 8.4 13.45 FFBB65 1
2.099999 8.4 13.45 FFBA64 1
1.049999 8.4 13.45 FFB964 1
-9.536743E-07 8.4 13.45 FFBA64 1
-1.050001 8.4 13.45 FFBC65 1
-2.100001 8.4 13.45 FFBD66 1
-3.150002 8.4 13.45 FFB763 1
-4.200001 8.4 13.45 FFBA64 1
-5.250001 8.4 13.45 FFBC65 1
-6.300002 8.4 13.45 FFBB64 1
-7.350002 8.4 13.45 FFBC65 1
-8.400002 8.4 13.45 FFB863 1
-9.450002 8.4 13.45 FFBB65 1
9.45 0 14.5 C2B9B9 1
8.4 0 14.5 C0B7B6 1
7.35 0 14.5 C5BCBB 1
6.3 0 14.5 C1B8B7 1
5.25 0 14.5 BFB5B5 1
4.199999 0 14.5 BDB5B5 1
3.15 0 14.5 BDB4B4 1
2.099999 0 14.5 BEB5B4 1
1.049999 0 14.5 BFB6B6 1
-9.536743E-07 0 14.5 BDB3B4 1
-1.050001 0 14.5 C1B7B7 1
-2.100001 0 14.5 BEB4B4 1
-3.150002 0 14.5 BFB6B6 1
-4.200001 0 14.5 BCB3B3 1
-5.250001 0 14.5 C0B7B7 1
-6.300002 0 14.5 BFB5B6 1
-7.350002 0 14.5 BDB4B4 1
-8.400002 0 14.5 BEB5B5 1
-9.450002 0 14.5 BEB5B5 1
