10.5 0 -6.499999 C0B7B6 1
9.450002 0 -6.5 C0B7B7 1
8.400002 0 -6.500001 BCB3B3 1
7.350002 0 -6.5 BDB4B4 1
6.300002 0 -6.5 BEB5B5 1
5.250001 0 -6.5 BBB2B2 1
4.200001 0 -6.5 BDB3B3 1
3.150002 0 -6.500001 BEB5B5 1
2.100001 0 -6.5 BAB0B1 1
1.050001 0 -6.500001 BDB4B4 1
9.536743E-07 0 -6.500001 BFB6B6 1
-1.049999 0 -6.500001 BDB4B5 1
-2.099999 0 -6.500002 BBB2B3 1
-3.15 0 -6.500002 BEB5B4 1
-4.199999 0 -6.500002 BFB6B6 1
-5.25 0 -6.500002 BEB5B5 1
-6.3 0 -6.500002 C0B7B7 1
-7.35 0 -6.500002 BEB4B4 1
-8.4 0 -6.500002 BEB5B6 1
-9.45 0 -6.500002 BFB6B6 1
-10.5 0 -6.500002 BFB7B7 1
10.5 1.05 -1.249999 E3BEAA 1
9.450001 1.05 -1.25 DDB6A4 1
8.400002 1.05 -1.249999 DBB4A2 1
7.350001 1.05 -1.25 DAB4A2 1
6.300002 1.05 -1.25 DEB7A4 1
5.250001 1.05 -1.25 D7B19F 1
4.200001 1.05 -1.25 D8B19F 1
3.150001 1.05 -0.1999998 DBB4A2 1
2.1 1.05 1.9 9E9EAD 1
1.05 1.05 1.9 9FA0AE 1
1.192093E-07 1.05 2.95 8C8999 1
-1.05 1.05 2.95 C69D8F 1
-2.1 1.05 4 B78C81 1
-3.15 1.05 0.849999 C69787 1
-4.2 1.05 0.849999 C39484 1
-5.25 1.05 4 B1887E 1
-6.300001 1.05 3.999999 BD9386 1
-7.350001 1.05 3.999999 B3887E 1
-8.4 1.05 0.8499985 C49585 1
-9.450001 1.05 0.8499985 C59585 1
-10.5 1.05 3.999999 CBA393 1
10.5 2.1 -1.249999 E1BCA9 1
9.450001 2.1 -1.25 E5C0AC 1
8.400002 2.1 -1.249999 E2BEAB 1
7.350001 2.1 -1.25 E3BEAA 1
6.300002 2.1 -1.25 E3BEAB 1
5.250001 2.1 -1.25 E0BBA8 1
4.200001 2.1 -1.25 E1BCA9 1
3.150001 2.1 -0.1999998 E2BDA9 1
2.1 2.1 1.9 20263D 1
1.05 2.1 2.95 20273E 1
1.192093E-07 2.1 2.95 9592A0 1
-1.05 2.1 2.95 D0A997 1
-2.1 2.1 4 C49A8C 1
-3.150001 2.1 4 C09688 1
-4.2 2.1 0.849999 B4B16A 1
-5.25 2.1 4 C09789 1
-6.300001 2.1 3.999999 C9A090 1
-7.350001 2.1 3.999999 C69C8C 1
-8.4 2.1 0.8499985 ACAB68 1
-9.450001 2.1 3.999999 C59B8C 1
-10.5 2.1 3.999999 CEA695 1
10.5 3.15 -1.249999 CEC7C5 1
9.450001 3.15 -1.25 CEC6C4 1
8.400002 3.15 -0.1999998 A9ACBA 1
7.350001 3.15 -0.1999993 ACAFBD 1
6.300002 3.15 -0.1999989 ABAEBB 1
5.250001 3.15 -0.2000003 9394A4 1
4.200001 3.15 -1.25 D2CAC8 1
3.150001 3.15 -0.1999998 D1C8C5 1
2.1 3.15 1.9 20283F 1
1.05 3.15 2.95 212940 1
1.192093E-07 3.15 2.95 9494A3 1
-1.05 3.15 2.95 C4BBB9 1
-2.1 3.15 4 BEB3B0 1
-3.150001 3.15 4 BBB0AF 1
-4.2 3.15 0.849999 B3B76F 1
-5.25 3.15 5.05 A4A7B4 1
-6.300001 3.15 5.049999 A5A8B5 1
-7.350001 3.15 5.049999 A3A5B3 1
-8.4 3.15 0.8499985 B2B76F 1
-9.450001 3.15 3.999999 BFB5B2 1
10.5 4.2 -1.249999 CBC2C1 1
9.450001 4.2 -1.25 CFC7C5 1
8.400002 4.2 -0.1999998 21283F 1
7.350001 4.2 -0.1999993 212940 1
6.300002 4.2 -0.1999989 222940 1
5.250001 4.2 -0.2000003 9495A4 1
4.200001 4.2 -1.25 D0C8C6 1
3.150001 4.2 -0.1999998 CDC5C3 1
2.1 4.2 1.9 21283F 1
1.05 4.2 2.95 212940 1
1.192093E-07 4.2 2.95 9797A7 1
-1.05 4.2 2.95 CAC1BD 1
-2.1 4.2 4 C7BEBA 1
-3.150001 4.2 4 C6BDBA 1
-4.2 4.2 5.05 9293A1 1
-5.25 4.2 5.05 21293F 1
-6.300001 4.2 5.049999 222940 1
-7.350001 4.2 5.049999 21283F 1
-8.400001 4.2 5.049999 20263D 1
-9.450001 4.2 3.999999 CAC1BD 1
10.5 5.25 -1.249999 CBC3C1 1
9.450001 5.25 -1.25 CDC5C4 1
8.400002 5.25 -0.1999998 20253C 1
7.350001 5.25 -0.1999993 20253B 1
6.300002 5.25 -0.1999989 20253C 1
5.250001 5.25 -0.2000003 848495 1
4.200001 5.25 -1.25 CDC4C2 1
3.150001 5.25 -0.1999998 CFC6C3 1
2.1 5.25 1.9 20263C 1
1.05 5.25 2.95 20273E 1
1.192093E-07 5.25 2.95 8C8C9C 1
-1.05 5.25 2.95 C7BFBD 1
-2.1 5.25 4 C5BBB9 1
-3.150001 5.25 4 C8BFBD 1
-4.2 5.25 5.05 828191 1
-5.25 5.25 5.05 20253C 1
-6.300001 5.25 5.049999 20253B 1
-7.350001 5.25 5.049999 20253B 1
-8.400001 5.25 5.049999 20243A 1
-9.450001 5.25 3.999999 C9C0BE 1
10.5 6.3 -1.249999 C8BFBE 1
9.450001 6.3 -1.25 C5BCBB 1
8.400002 6.3 -1.249999 C6BDBC 1
7.350001 6.3 -1.25 C9C1C0 1
6.300002 6.3 -1.25 C7BEBC 1
5.250001 6.3 -1.25 C6BDBC 1
4.200001 6.3 -1.25 CBC3C1 1
3.150001 6.3 -0.1999998 C6BCBB 1
2.100001 6.3 0.8499997 C9BFBE 1
1.050001 6.3 0.8499994 C5BCBA 1
2.384186E-07 6.3 1.9 C7BEBC 1
-1.05 6.3 2.95 C4BBBA 1
-2.1 6.3 4 C2B9B7 1
-3.150001 6.3 4 C4BAB8 1
-4.2 6.3 4 C3BAB8 1
-5.25 6.3 4 C5BBB9 1
-6.300001 6.3 3.999999 C7BEBC 1
-7.350001 6.3 3.999999 C7BEBB 1
-8.400001 6.3 3.999999 C4BCBA 1
-9.450001 6.3 3.999999 C9C0BE 1
10.5 7.35 -1.249999 7D727B 1
9.450001 7.35 -1.25 7E737C 1
8.400002 7.35 -1.249999 7F747D 1
7.350001 7.35 -1.25 82767E 1
6.300002 7.35 -1.25 83777F 1
5.250001 7.35 -1.25 847881 1
4.200001 7.35 -1.25 837780 1
3.150001 7.35 -0.1999998 887C83 1
2.100001 7.35 0.8499997 857880 1
1.050001 7.35 0.8499994 897C83 1
2.384186E-07 7.35 1.9 84787F 1
-1.05 7.35 2.95 847880 1
-2.1 7.35 4 82767D 1
-3.150001 7.35 4 84787F 1
-4.2 7.35 4 83777F 1
-5.25 7.35 4 857981 1
-6.300001 7.35 3.999999 80747C 1
-7.350001 7.35 3.999999 7E737B 1
-8.400001 7.35 3.999999 81757D 1
-9.450001 7.35 3.999999 80747C 1
10.5 8.4 -1.249999 CCC3C1 1
9.450001 8.4 -1.25 CDC5C3 1
8.400002 8.4 -1.249999 CEC6C4 1
7.350001 8.4 -1.25 D2CAC8 1
6.300002 8.4 -1.25 CFC7C6 1
5.250001 8.4 -1.25 CFC7C4 1
4.200001 8.4 -1.25 CFC7C4 1
3.150001 8.4 -1.25 D2CAC8 1
2.100001 8.4 -0.1999998 D2CAC7 1
1.050001 8.4 0.8499994 D0C8C5 1
4.768372E-07 8.4 0.8499994 CEC6C3 1
-1.05 8.4 1.9 D0C8C6 1
-2.1 8.4 2.95 D0C8C5 1
-3.150001 8.4 2.949999 CEC6C4 1
-4.2 8.4 2.949999 D2C9C6 1
-5.25 8.4 2.949999 D2CAC7 1
-6.300001 8.4 2.949999 D1C9C6 1
-7.350001 8.4 2.949999 D4CCC9 1
-8.400001 8.4 2.949999 D4CCC9 1
-9.450001 8.4 2.949999 D1CAC7 1
-10.5 8.4 3.999999 D2C9C7 1
9.450001 9.45 -0.1999989 F4B162 1
8.400002 9.45 -0.1999998 F0AD60 1
7.350001 9.45 -0.1999993 EEAA5F 1
6.300002 9.45 -0.1999989 EEAB5F 1
5.250001 9.45 -0.2000003 EFAB5F 1
4.200001 9.45 -0.1999993 EBA55D 1
3.150001 9.45 0.8499999 EFAC60 1
2.1 9.45 1.9 E9A45D 1
1.05 9.45 1.9 EBA75E 1
1.192093E-07 9.45 2.95 E9A65E 1
-1.05 9.45 4 E8A35D 1
-2.1 9.45 4 E59F5A 1
-3.150001 9.45 5.05 E7A05B 1
-4.2 9.45 5.05 ECA55C 1
-5.25 9.45 5.05 EDA85E 1
-6.300001 9.45 5.049999 EFAA5F 1
-7.350001 9.45 5.049999 F1AC5F 1
-8.400001 9.45 5.049999 EFAD60 1
-9.450001 9.45 5.049999 EEAC60 1
10.5 10.5 -1.249999 D0C8C6 1
9.450001 10.5 -1.25 D0C8C6 1
8.400002 10.5 -1.249999 D1C9C7 1
7.350001 10.5 -1.25 D0C8C5 1
6.300002 10.5 -1.25 D1C8C5 1
5.250001 10.5 -1.25 D2C9C7 1
4.200001 10.5 -1.25 D0C7C5 1
3.150001 10.5 -0.1999998 D3CBC9 1
2.100001 10.5 0.8499997 D2CAC8 1
1.050001 10.5 0.8499994 D2CAC8 1
2.384186E-07 10.5 1.9 D4CCC9 1
-1.05 10.5 2.95 D3CBC9 1
-2.1 10.5 4 D2C9C6 1
-3.150001 10.5 4 D2C9C6 1
-4.2 10.5 4 D5CDCA 1
-5.25 10.5 4 D3CBC7 1
-6.300001 10.5 3.999999 D0C8C5 1
-7.350001 10.5 3.999999 D3CAC7 1
-8.400001 10.5 3.999999 D2CAC8 1
-9.450001 10.5 3.999999 D2CAC8 1
-10.5 10.5 3.999999 D1C9C7 1
4.2 11.55 7.150001 B2B6C3 1
3.15 11.55 7.150001 B1B5C2 1
2.1 11.55 7.150001 B2B5C2 1
-6.300002 11.55 10.3 878CA4 1
4.2 12.6 7.150001 B5B8C4 1
3.15 12.6 7.150001 B5B8C5 1
2.1 12.6 7.150001 B5B8C4 1
4.2 13.65 9.250001 716D8F 1
3.15 13.65 8.200001 736F91 1
10.5 1.05 -6.499999 F2ECE8 1
9.450002 1.05 -6.5 EEE8E4 1
8.400002 1.05 -6.500001 EEE8E4 1
7.350002 1.05 -6.5 EFE9E5 1
6.300002 1.05 -6.5 EDE7E3 1
5.250001 1.05 -6.5 EBE6E2 1
4.200001 1.05 -6.5 EEE9E4 1
3.150002 1.05 -6.500001 EBE6E2 1
2.100001 1.05 -6.5 EEE8E4 1
1.050001 1.05 -6.500001 EDE7E3 1
9.536743E-07 1.05 -6.500001 EBE5E0 1
-1.049999 1.05 -6.500001 EEE8E4 1
-2.099999 1.05 -6.500002 EEE9E4 1
-3.15 1.05 -6.500002 EFE9E5 1
-4.199999 1.05 -6.500002 EDE7E3 1
-5.25 1.05 -6.500002 EEE9E5 1
-6.3 1.05 -6.500002 EFEAE5 1
-7.35 1.05 -6.500002 F0EBE6 1
-8.4 1.05 -6.500002 F0EAE6 1
-9.45 1.05 -6.500002 F2EDE8 1
-10.5 1.05 -6.500002 F2ECE8 1
10.5 0 -5.45 C5BDBC 1
-10.5 0 -5.450002 BCB3B3 1
10.5 1.05 -5.45 F0EAE6 1
9.450002 1.05 -5.450001 EFEAE5 1
8.400002 1.05 -5.45 EBE5E1 1
7.350002 1.05 -5.450001 EDE7E2 1
6.300002 1.05 -5.45 E9E3DF 1
5.250001 1.05 -5.450001 E9E2DF 1
4.200001 1.05 -5.450001 E6E0DD 1
3.150002 1.05 -5.45 EAE4E0 1
2.100001 1.05 -5.450001 E9E3E0 1
1.050001 1.05 -5.450001 EAE4E0 1
9.536743E-07 1.05 -5.450001 EAE4E0 1
-1.049999 1.05 -5.450001 EBE5E0 1
-2.099999 1.05 -5.450001 E7E1DD 1
-3.15 1.05 -5.450001 EBE5E1 1
-4.199999 1.05 -5.450001 EBE5E1 1
-5.25 1.05 -5.450001 ECE6E2 1
-6.3 1.05 -5.450002 EFEAE6 1
-7.35 1.05 -5.450002 F0EBE6 1
-8.4 1.05 -5.450002 EEE8E3 1
-9.45 1.05 -5.450002 F1ECE7 1
-10.5 1.05 -5.450002 F1EBE7 1
10.5 0 -4.400001 C9C1C0 1
-10.5 0 -4.400002 BDB3B4 1
10.5 1.05 -4.400001 EDE7E3 1
9.450002 1.05 -4.4 EEE8E4 1
8.400002 1.05 -4.399999 E9E3DF 1
7.350002 1.05 -4.4 E5E0DC 1
6.300002 1.05 -4.4 E6DFDB 1
5.250001 1.05 -4.4 E8E3DF 1
4.200001 1.05 -4.4 E5DFDB 1
3.150002 1.05 -4.400001 E6E0DC 1
2.100001 1.05 -4.4 E7E1DD 1
1.050001 1.05 -4.400001 E7E1DD 1
9.536743E-07 1.05 -4.400001 E5DFDB 1
-1.049999 1.05 -4.400001 E6E0DC 1
-2.099999 1.05 -4.400001 E8E3DF 1
-3.15 1.05 -4.400002 EAE4E0 1
-4.199999 1.05 -4.400002 EAE4E0 1
-5.25 1.05 -4.400002 EDE7E3 1
-6.3 1.05 -4.400002 ECE6E2 1
-7.35 1.05 -4.400002 EDE7E3 1
-8.4 1.05 -4.400002 EFE9E5 1
-9.45 1.05 -4.400002 EEE9E4 1
-10.5 1.05 -4.400002 EDE7E2 1
10.5 0 -3.349999 CAC2C1 1
-10.5 0 -3.350002 BAB0B1 1
10.5 1.05 -3.349999 EBE4E1 1
9.450002 1.05 -3.35 EBE5E1 1
8.400002 1.05 -3.349999 E6DFDB 1
7.350002 1.05 -3.35 E3DCD8 1
6.300002 1.05 -3.35 E4DDDA 1
5.250001 1.05 -3.35 E4DDD9 1
4.200001 1.05 -3.350001 E4DDDA 1
3.150002 1.05 -3.35 E4DEDA 1
2.100001 1.05 -3.35 E3DCD8 1
1.050001 1.05 -3.35 E4DEDB 1
9.536743E-07 1.05 -3.350001 E4DEDB 1
-1.049999 1.05 -3.350001 E7E1DD 1
-2.099999 1.05 -3.350001 E8E2DE 1
-3.15 1.05 -3.350001 E7E1DD 1
-4.199999 1.05 -3.350001 EAE4E0 1
-5.25 1.05 -3.350001 E7E1DD 1
-6.3 1.05 -3.350002 EBE5E1 1
-7.35 1.05 -3.350002 EAE4E0 1
-8.4 1.05 -3.350002 EFE9E5 1
-9.45 1.05 -3.350002 EFEAE5 1
-10.5 1.05 -3.350002 EFE9E4 1
10.5 0 -2.3 C7C0BF 1
-10.5 0 -2.300002 B6ACAE 1
10.5 1.05 -2.3 E9E2DE 1
9.450002 1.05 -2.3 E5DEDA 1
8.400002 1.05 -2.3 E2DBD7 1
7.350002 1.05 -2.300001 DFD7D4 1
6.300002 1.05 -2.3 DCD3CF 1
5.250001 1.05 -2.300001 DFD7D3 1
4.200001 1.05 -2.300001 DDD5D2 1
3.150002 1.05 -2.3 E0D9D5 1
2.100001 1.05 -2.300001 E1DAD6 1
1.050001 1.05 -2.300001 E1DBD7 1
9.536743E-07 1.05 -2.300001 E1DBD8 1
-1.049999 1.05 -2.300001 E3DDDA 1
-2.099999 1.05 -2.300001 E3DDD9 1
-3.15 1.05 -2.300002 E4DEDA 1
-4.199999 1.05 -2.300002 E5DEDA 1
-5.25 1.05 -2.300002 E7E1DD 1
-6.3 1.05 -2.300002 E6E0DC 1
-7.35 1.05 -2.300002 E9E3DE 1
-8.4 1.05 -2.300002 E9E3DF 1
-9.45 1.05 -2.300002 EDE7E3 1
-10.5 1.05 -2.300002 EDE6E2 1
10.5 0 -1.249999 C8C0BF 1
-10.5 0 -1.250001 BAAFB0 1
3.150001 1.05 -1.25 DFD6D1 1
2.100001 1.05 -1.25 DBD3D0 1
1.050001 1.05 -1.25 DDD6D3 1
4.768372E-07 1.05 -1.25 DBD4D1 1
-1.05 1.05 -1.250001 DDD6D3 1
-2.1 1.05 -1.250001 E0DAD6 1
-3.15 1.05 -1.250001 E1DBD7 1
-4.2 1.05 -1.250001 E3DDD9 1
-5.25 1.05 -1.250001 E2DBD7 1
-6.300001 1.05 -1.250001 E3DDD9 1
-7.35 1.05 -1.250001 E7E0DC 1
-8.4 1.05 -1.250001 E8E2DE 1
-9.450001 1.05 -1.250001 E9E3DF 1
-10.5 1.05 -1.250001 EBE5E1 1
10.5 10.5 -0.1999998 957D7C 1
5.250001 10.5 -0.2000003 916F6C 1
4.200001 10.5 -0.1999993 927472 1
2.100001 7.35 -0.1999998 91858B 1
10.5 0 -0.1999998 C7BFBF 1
-10.5 0 -0.2000012 B8ADAF 1
10.5 1.05 -0.1999998 D9B5A3 1
9.450001 1.05 -0.1999989 977C7E 1
8.400002 1.05 -0.1999998 957D7F 1
7.350001 1.05 -0.1999993 907779 1
6.300002 1.05 -0.1999989 967D7E 1
5.250001 1.05 -0.2000003 977E7F 1
4.200001 1.05 -0.1999993 967C7D 1
2.100001 1.05 -0.1999998 D4CBC8 1
1.050001 1.05 -0.1999998 D2CAC8 1
4.768372E-07 1.05 -0.2000003 D3CCCA 1
-1.05 1.05 -0.2000003 D7D0CD 1
-2.1 1.05 -0.2000008 DAD3D0 1
-3.15 1.05 -0.2000008 DDD6D2 1
-4.2 1.05 -0.2000008 DCD4D0 1
-5.25 1.05 -0.2000008 DFD8D4 1
-6.300001 1.05 -0.2000012 E0D9D5 1
-7.35 1.05 -0.2000012 E0D9D5 1
-8.4 1.05 -0.2000012 E3DCD7 1
-9.450001 1.05 -0.2000012 EAE3DE 1
-10.5 1.05 -0.2000012 EBE6E1 1
10.5 2.1 -0.1999998 D8B3A2 1
10.5 3.15 -0.1999998 C7C0BF 1
10.5 4.2 -0.1999998 CAC2C1 1
9.450001 4.2 -0.1999989 737386 1
10.5 5.25 -0.1999998 CBC4C3 1
9.450001 5.25 -0.1999989 636176 1
10.5 6.3 -0.1999998 C7BFBE 1
6.300002 10.5 -0.1999989 9A7D7A 1
10.5 7.35 -0.1999998 6D636F 1
10.5 8.4 -0.1999998 CEC6C4 1
6.300002 8.4 -0.1999989 D5B8A8 1
5.250001 8.4 -0.2000003 D3B8A9 1
4.200001 8.4 -0.1999993 D7C1B4 1
3.150001 8.4 -0.1999998 DDCEC7 1
8.4 10.5 13.45 B6ABAB 1
7.35 10.5 13.45 B9AFAF 1
6.3 10.5 13.45 B7ACAD 1
5.25 10.5 13.45 B2A8AA 1
4.2 10.5 7.150001 A7AAB8 1
10.5 11.55 -0.1999998 FAF5F0 1
9.450001 11.55 -0.1999989 FAF5F0 1
8.400002 11.55 -0.1999998 FAF6F1 1
7.350001 11.55 -0.1999993 FBF6F1 1
6.300002 11.55 -0.1999989 FBF6F1 1
5.250001 11.55 -0.2000003 F9F4EF 1
4.200001 11.55 -0.1999993 FBF6F1 1
10.5 10.5 0.8500004 967772 1
10.5 0 0.8500004 C8C1C0 1
-10.5 0 0.8499985 BBB1B2 1
10.5 1.05 0.8500004 D7B2A1 1
9.450001 1.05 0.8500004 90797C 1
8.400002 1.05 0.8500004 8F7A7E 1
7.350001 1.05 0.8500009 8C777B 1
6.300002 1.05 0.8500004 8D7A7F 1
5.250001 1.05 0.8499999 8B767A 1
4.200001 1.05 0.8499999 8B767A 1
3.150001 1.05 0.8499999 8A7175 1
2.100001 1.05 0.8499997 B7ACAC 1
1.050001 1.05 0.8499994 C3BBBA 1
4.768372E-07 1.05 0.8499994 CAC3C1 1
-1.05 1.05 0.8499994 CDC5C3 1
-2.1 1.05 0.8499992 CFC7C5 1
-5.25 1.05 0.849999 D6CDC9 1
-6.300001 1.05 0.8499985 D6CFCB 1
-7.35 1.05 0.8499985 D5CCC8 1
-10.5 1.05 0.8499985 E7E0DB 1
10.5 2.1 0.8500004 D8B3A1 1
3.150001 2.1 0.8499999 9F7A77 1
10.5 3.15 0.8500004 C9C1C0 1
3.150001 3.15 0.8499999 90868E 1
10.5 4.2 0.8500004 C8C1C0 1
3.150001 4.2 0.8499999 8C8189 1
10.5 5.25 0.8500004 C8C0BF 1
3.150001 5.25 0.8499999 857A83 1
10.5 6.3 0.8500004 C5BDBC 1
10.5 7.35 0.8500004 726773 1
10.5 8.4 0.8500004 CBC4C3 1
9.450001 9.45 0.8500004 EFAC60 1
2.100001 8.4 0.8499997 CFBCB3 1
3.150001 10.5 0.8499999 BEB4B3 1
8.400002 10.5 0.8500004 8D8289 1
8.400002 10.5 -0.1999998 BBB0AF 1
9.450001 10.5 0.8500004 B3A6A6 1
7.350001 10.5 0.8500009 93898F 1
7.350001 10.5 -0.1999993 C2B9B8 1
6.300002 10.5 0.8500004 968C92 1
5.250001 10.5 0.8499999 948990 1
4.200001 10.5 0.8499999 8A8088 1
3.15 10.5 7.150001 A3A5B3 1
2.1 10.5 7.150001 A4A6B4 1
10.5 11.55 0.8500004 FBF6F1 1
9.450001 11.55 0.8500004 FBF6F1 1
3.150001 11.55 0.8499999 F8F3EF 1
2.100001 11.55 0.8499997 FBF6F1 1
10.5 10.5 1.900001 9B7971 1
1.05 6.3 1.9 756C78 1
10.5 0 1.900001 C3BABA 1
-10.5 0 1.899999 BBB1B2 1
10.5 1.05 1.900001 DBB7A5 1
-3.15 1.05 1.899999 936764 1
9.450001 1.05 1.900001 917A7D 1
8.400001 1.05 1.900001 897376 1
7.350001 1.05 1.900001 8B797E 1
6.300001 1.05 1.900001 897479 1
5.250001 1.05 1.9 887378 1
4.200001 1.05 1.9 847178 1
3.150001 1.05 1.900001 806E75 1
2.384186E-07 1.05 1.9 BEB6B6 1
-1.05 1.05 1.9 C4BAB8 1
-2.1 1.05 1.9 C0B4B2 1
-3.150001 1.05 4 AE837A 1
-7.35 1.05 1.899999 9A6D68 1
-4.2 1.05 1.899999 735B55 1
-4.2 1.05 4 936B69 1
-5.25 1.05 1.899999 B4A3A2 1
-6.300001 1.05 1.899999 CAC0BC 1
-8.400001 1.05 1.899999 7A5F58 1
-8.400001 1.05 3.999999 A37873 1
-9.450001 1.05 1.899999 82635D 1
-9.450001 1.05 3.999999 AB817A 1
-10.5 1.05 1.899999 DED5D0 1
10.5 2.1 1.900001 DBB6A4 1
-3.15 2.1 1.899999 827A53 1
-4.2 2.1 4 B68B80 1
-8.400001 2.1 1.899999 857E54 1
-5.25 2.1 1.899999 8E8758 1
-8.400001 2.1 3.999999 BB9285 1
-9.450001 2.1 1.899999 BF927E 1
10.5 3.15 1.900001 C9C1C0 1
-3.15 3.15 1.899999 8C8A5A 1
-4.2 3.15 5.05 848393 1
-8.400001 3.15 1.899999 8F8E5C 1
-5.25 3.15 1.899999 96965F 1
-8.400001 3.15 5.049999 999BA9 1
-9.450001 3.15 1.899999 A2A366 1
10.5 4.2 1.900001 CBC2C0 1
-4.2 4.2 1.899999 BCC275 1
-8.400001 4.2 1.899999 B2B66E 1
10.5 5.25 1.900001 CCC4C3 1
10.5 6.3 1.900001 C2B9B9 1
1.05 10.5 1.9 9A7872 1
10.5 7.35 1.900001 6B616D 1
10.5 8.4 1.900001 CBC3C2 1
9.450001 9.45 1.900001 EDAB60 1
1.05 8.4 1.9 CFB6A9 1
2.384186E-07 8.4 1.9 D6C8C1 1
2.1 10.5 1.9 C2BABA 1
8.400001 10.5 1.900001 988D93 1
9.450001 10.5 1.900001 BEB4B3 1
7.350001 10.5 1.900001 9E9498 1
6.300001 10.5 1.900001 9F9599 1
5.250001 10.5 1.9 A0969A 1
4.200001 10.5 1.9 9B9196 1
3.150001 10.5 1.900001 948A90 1
1.049999 10.5 13.45 B1A7A9 1
10.5 11.55 1.900001 F9F4EF 1
9.450001 11.55 1.900001 F9F5F0 1
1.05 11.55 1.9 F9F4EF 1
10.5 10.5 2.950001 9B7971 1
1.192093E-07 6.3 2.95 6D6472 1
-2.1 7.35 2.95 897C82 1
10.5 0 2.950001 C8C0C0 1
-10.5 0 2.949999 B7ADAF 1
10.5 1.05 2.950001 D4AF9E 1
9.450001 1.05 2.950001 93797A 1
8.400001 1.05 2.950001 8A7478 1
7.350001 1.05 2.950001 8B797D 1
6.300001 1.05 2.950001 867378 1
5.25 1.05 2.95 877479 1
4.2 1.05 2.95 816F76 1
3.150001 1.05 2.95 7D6C74 1
2.1 1.05 2.95 72636D 1
1.05 1.05 2.95 70626E 1
-3.150001 1.05 2.949999 8E6363 1
-2.1 1.05 2.95 BFAFAC 1
-7.350001 1.05 2.949999 8E6464 1
-4.2 1.05 2.949999 684F55 1
-5.25 1.05 2.949999 AD9C9B 1
-6.300001 1.05 2.949999 C4B5B1 1
-8.400001 1.05 2.949999 71565A 1
-9.450001 1.05 2.949999 7C5F62 1
-10.5 1.05 2.949999 DCD2CE 1
10.5 2.1 2.950001 DBB5A4 1
-3.150001 2.1 2.949999 AC7F75 1
-4.2 2.1 2.949999 855F5E 1
-8.400001 2.1 2.949999 9B7069 1
-9.450001 2.1 2.949999 B88A7D 1
10.5 3.15 2.950001 F3B363 1
-4.2 3.15 2.949999 665E49 1
-8.400001 3.15 2.949999 635B48 1
10.5 4.2 2.950001 F5B564 1
10.5 5.25 2.950001 F1B163 1
10.5 6.3 2.950001 C3BBBB 1
10.5 7.35 2.950001 685E6B 1
10.5 8.4 2.950001 CEC7C6 1
9.450001 9.45 2.950001 E7A55D 1
-1.05 8.4 2.95 D4BFB5 1
1.05 10.5 2.95 BFB6B6 1
8.400001 10.5 2.950001 9A9095 1
9.450001 10.5 2.950001 C2B8B7 1
7.350001 10.5 2.950001 A1979B 1
6.300001 10.5 2.950001 A0969A 1
5.25 10.5 2.95 A0969A 1
4.2 10.5 2.95 9F959A 1
3.150001 10.5 2.95 9F959A 1
2.1 10.5 2.95 978C92 1
-9.536743E-07 10.5 13.45 B8AFB0 1
-1.050001 10.5 13.45 BFB5B5 1
10.5 11.55 2.950001 FAF5F0 1
9.450001 11.55 2.950001 FAF5F0 1
1.192093E-07 11.55 2.95 FAF6F1 1
-1.05 11.55 2.95 FAF5F0 1
10.5 10.5 4.000001 9D7A73 1
-10.5 7.35 3.999999 6B606C 1
10.5 0 4.000001 C7BFBF 1
-10.5 0 3.999999 B9AFB0 1
10.5 1.05 4.000001 D8B3A2 1
9.450001 1.05 4.000001 8F7678 1
8.400001 1.05 4.000001 8D777B 1
7.350001 1.05 4.000001 87757A 1
6.300001 1.05 4.000001 8B787D 1
5.25 1.05 4 837279 1
4.2 1.05 4 7F6E75 1
3.150001 1.05 4 7E6D74 1
2.1 1.05 4 796972 1
1.05 1.05 4 796870 1
0 1.05 4 7D6A71 1
-1.05 1.05 4 846D71 1
10.5 2.1 4.000001 DAB5A3 1
10.5 3.15 4.000001 F1B062 1
-4.2 3.15 4 AAA1A3 1
-5.25 3.15 4 B4ABAC 1
-6.300001 3.15 3.999999 B2A9AB 1
-7.350001 3.15 3.999999 B3AAAB 1
-8.400001 3.15 3.999999 B5ADAD 1
-10.5 3.15 3.999999 C2B8B8 1
10.5 4.2 4.000001 F1B162 1
-4.2 4.2 4 ADA2A3 1
-10.5 4.2 3.999999 C2B8B8 1
10.5 5.25 4.000001 EFAE62 1
-4.2 5.25 4 AA9F9F 1
-10.5 5.25 3.999999 C5BBBB 1
10.5 6.3 4.000001 C7BFBE 1
-10.5 6.3 3.999999 C1B8B7 1
10.5 7.35 4.000001 6B606D 1
10.5 8.4 4.000001 C8C0BF 1
9.450001 9.45 4.000001 F0AD61 1
-2.1 8.4 4 CBB2A6 1
-3.150001 8.4 4 D0BBB2 1
-4.2 8.4 4 D6C3BA 1
-5.25 8.4 4 D9C7BE 1
-6.300001 8.4 3.999999 D9C7BD 1
-7.350001 8.4 3.999999 D9C8BF 1
-8.400001 8.4 3.999999 DDCCC2 1
-9.450001 8.4 3.999999 DBCEC7 1
-1.05 10.5 4 BDB4B4 1
8.400001 10.5 4.000001 988E93 1
9.450001 10.5 4.000001 BDB3B3 1
7.350001 10.5 4.000001 A0969A 1
6.300001 10.5 4.000001 A2989C 1
5.25 10.5 4 A3999D 1
4.2 10.5 4 A0969B 1
3.150001 10.5 4 9F9599 1
2.1 10.5 4 9C9297 1
1.05 10.5 4 9C9297 1
0 10.5 4 90868D 1
1.192093E-07 10.5 2.95 BAB0B1 1
-2.100001 10.5 13.45 BCB3B3 1
10.5 11.55 4.000001 F9F4EF 1
9.450001 11.55 4.000001 F9F5F0 1
-1.05 11.55 4 F9F4F0 1
-2.1 11.55 4 F9F5F0 1
-3.150001 11.55 4 F9F4EF 1
-4.2 11.55 4 F9F5F0 1
-5.25 11.55 4 FBF6F1 1
-6.300001 11.55 3.999999 FAF6F1 1
-7.350001 11.55 3.999999 FBF6F1 1
-8.400001 11.55 3.999999 FAF6F1 1
-9.450001 11.55 3.999999 FAF6F1 1
-10.5 11.55 3.999999 F9F5F0 1
10.5 10.5 5.050001 96756F 1
-10.5 7.35 5.049999 5E5463 1
10.5 0 5.050001 C7BFBF 1
-10.5 0 5.049999 B8ADAE 1
10.5 1.05 5.050001 D9B4A2 1
9.450001 1.05 5.050001 8D767B 1
8.400001 1.05 5.050001 8C787D 1
7.350001 1.05 5.050001 8B7A7F 1
6.300001 1.05 5.050001 857277 1
5.25 1.05 5.050001 89777D 1
4.2 1.05 5.050001 847177 1
3.150001 1.05 5.050001 7F6E75 1
2.1 1.05 5.05 827076 1
1.05 1.05 5.05 837076 1
-1.192093E-07 1.05 5.05 816C72 1
-1.05 1.05 5.05 7E6C74 1
-2.1 1.05 5.05 826F75 1
-3.150001 1.05 5.05 7F6B72 1
-4.2 1.05 5.05 846E74 1
-5.25 1.05 5.05 826D73 1
-6.300001 1.05 5.049999 846F75 1
-7.350001 1.05 5.049999 836F75 1
-8.400001 1.05 5.049999 867176 1
-9.450001 1.05 5.049999 8C7478 1
-10.5 1.05 5.049999 8C7073 1
10.5 2.1 5.050001 D9B3A1 1
-10.5 2.1 5.049999 D1AB9B 1
10.5 3.15 5.050001 578CBD 1
-10.5 3.15 5.049999 C1B6B6 1
10.5 4.2 5.050001 5990C0 1
-10.5 4.2 5.049999 C3BAB9 1
10.5 5.25 5.050001 598FBF 1
-10.5 5.25 5.049999 C4BABA 1
10.5 6.3 5.050001 C4BBBB 1
-10.5 6.3 5.049999 BDB2B3 1
10.5 7.35 5.050001 716671 1
10.5 8.4 5.050001 CBC4C3 1
-10.5 8.4 5.049999 C8BEBD 1
9.450001 9.45 5.050001 F1B062 1
-2.1 10.5 5.05 BCB2B3 1
8.400001 10.5 5.050001 9B9196 1
9.450001 10.5 5.050001 C0B7B6 1
7.350001 10.5 5.050001 A1979B 1
6.300001 10.5 5.050001 A1979C 1
5.25 10.5 5.050001 A0979B 1
4.2 10.5 5.050001 9C9297 1
3.150001 10.5 5.050001 9B9197 1
2.1 10.5 5.05 9D9398 1
1.05 10.5 5.05 A1989C 1
-1.192093E-07 10.5 5.05 9A9096 1
-1.05 10.5 5.05 978D93 1
-3.150002 10.5 13.45 BEB5B5 1
-4.200001 10.5 9.25 4E4864 1
-5.250001 10.5 9.25 4E4763 1
-6.300002 10.5 9.25 504863 1
-7.350001 10.5 9.25 4D4662 1
-8.400002 10.5 13.45 B4A8A8 1
-10.5 10.5 5.049999 CDC4C3 1
10.5 11.55 5.050001 FBF6F1 1
9.450001 11.55 5.050001 FAF5F0 1
-3.150001 11.55 5.05 FAF5F0 1
-4.2 11.55 5.05 FCF7F2 1
-5.25 11.55 5.05 FAF6F1 1
-6.300001 11.55 5.049999 FBF7F1 1
-7.350001 11.55 5.049999 F8F4EF 1
-8.400001 11.55 5.049999 F9F4EF 1
-9.450001 11.55 5.049999 FAF6F1 1
10.5 10.5 6.100001 987771 1
-10.5 7.35 6.099999 5D5362 1
10.5 0 6.100001 C6BDBC 1
-10.5 0 6.099999 B7ABAD 1
10.5 1.05 6.100001 D7B2A1 1
9.450001 1.05 6.100001 8D787C 1
8.400001 1.05 6.100001 89787D 1
7.35 1.05 6.100001 8A7578 1
6.300001 1.05 6.100001 867277 1
5.25 1.05 6.1 837278 1
4.2 1.05 6.1 806E75 1
3.15 1.05 6.1 857379 1
2.1 1.05 6.1 847176 1
1.05 1.05 6.1 826F76 1
-2.384186E-07 1.05 6.1 847379 1
-1.05 1.05 6.1 846F74 1
-2.1 1.05 6.099999 847279 1
-3.150001 1.05 6.099999 87757A 1
-4.200001 1.05 6.1 806E75 1
-5.250001 1.05 6.1 816D73 1
-6.300001 1.05 6.099999 7F6D75 1
-7.350001 1.05 6.099999 7E6D75 1
-8.400001 1.05 6.099999 877479 1
-9.450001 1.05 6.099999 89757A 1
-10.5 1.05 6.099999 8C7174 1
10.5 2.1 6.100001 D9B5A3 1
-10.5 2.1 6.099999 CCA496 1
10.5 3.15 6.100001 598FBF 1
-10.5 3.15 6.099999 BFB5B5 1
10.5 4.2 6.100001 578CBD 1
-10.5 4.2 6.099999 C1B8B7 1
10.5 5.25 6.100001 598FBF 1
-10.5 5.25 6.099999 C3B9B9 1
10.5 6.3 6.100001 C4BCBC 1
-10.5 6.3 6.099999 BEB3B3 1
10.5 7.35 6.100001 6C616E 1
10.5 8.4 6.100001 CEC7C5 1
-10.5 8.4 6.099999 CBC3C1 1
9.450001 9.45 6.100001 EEAB60 1
-9.450001 9.45 6.099999 F0AC60 1
-9.450001 10.5 6.099999 B9AEAD 1
8.400001 10.5 6.100001 9A9095 1
9.450001 10.5 6.100001 BCB3B4 1
7.35 10.5 6.100001 9E9499 1
6.300001 10.5 6.100001 9D9499 1
5.25 10.5 6.1 9D9398 1
4.2 10.5 6.1 958B92 1
3.15 10.5 6.1 938A91 1
2.1 10.5 6.1 958B92 1
1.05 10.5 6.1 9C9398 1
-2.384186E-07 10.5 6.1 9F959A 1
-1.05 10.5 6.1 A0969A 1
-2.1 10.5 6.099999 A0969A 1
-3.150001 10.5 6.099999 9C9297 1
-3.150001 10.5 5.05 C3BAB9 1
-4.200001 10.5 6.1 9E9498 1
-4.2 10.5 5.05 C0B7B7 1
-5.250001 10.5 6.1 9C9297 1
-5.25 10.5 5.05 C2B9B8 1
-6.300001 10.5 6.099999 9E9498 1
-6.300001 10.5 5.049999 C1B7B6 1
-7.350001 10.5 6.099999 988E93 1
-7.350001 10.5 5.049999 C0B6B5 1
-8.400001 10.5 6.099999 958B91 1
-8.400001 10.5 5.049999 BBAFAE 1
-10.5 10.5 6.099999 CDC3C2 1
10.5 11.55 6.100001 FAF5F0 1
9.450001 11.55 6.100001 FAF5F0 1
-9.450001 11.55 6.099999 FBF6F1 1
10.5 10.5 7.150002 9C7870 1
-10.5 7.35 7.15 635766 1
10.5 0 7.150002 C8C0C0 1
-10.5 0 7.15 B8AEB0 1
10.5 1.05 7.150002 DAB5A3 1
9.450001 1.05 7.150002 917C80 1
8.4 1.05 7.150002 8B787D 1
7.35 1.05 7.150002 8B7A80 1
6.300001 1.05 7.150002 897579 1
5.25 1.05 7.150001 8B777A 1
4.2 1.05 7.150001 86767C 1
3.15 1.05 7.150001 88757A 1
2.1 1.05 7.150001 847076 1
1.05 1.05 7.150001 837379 1
-4.768372E-07 1.05 7.150001 816E75 1
-1.050001 1.05 7.150001 867379 1
-2.100001 1.05 7.150001 7F6D74 1
-3.150001 1.05 7.15 837075 1
-4.200001 1.05 7.15 806E75 1
-5.250001 1.05 7.15 826E74 1
-6.300002 1.05 7.15 816E75 1
-7.350001 1.05 7.149999 7F6D75 1
-8.400002 1.05 7.15 877378 1
-9.450001 1.05 7.15 897478 1
-10.5 1.05 7.15 876D71 1
10.5 2.1 7.150002 D7B2A1 1
-10.5 2.1 7.15 CEA899 1
10.5 3.15 7.150002 C8C1C0 1
-10.5 3.15 7.15 C0B6B6 1
10.5 4.2 7.150002 CAC3C1 1
-10.5 4.2 7.15 C1B7B7 1
10.5 5.25 7.150002 C9C1C0 1
-10.5 5.25 7.15 C3BABA 1
10.5 6.3 7.150002 C7BFBE 1
-10.5 6.3 7.15 BFB5B5 1
10.5 7.35 7.150002 695F6C 1
10.5 8.4 7.150002 CCC5C3 1
-10.5 8.4 7.15 C9C0BF 1
9.450001 9.45 7.150002 EAA85F 1
-9.450001 9.45 7.15 EEAB60 1
-9.450001 10.5 7.15 BDB3B2 1
8.4 10.5 7.150002 968C92 1
9.450001 10.5 7.150002 BBB3B3 1
7.35 10.5 7.150002 9F959A 1
6.300001 10.5 7.150002 9B9196 1
5.25 10.5 7.150001 948A91 1
1.05 10.5 7.150001 968C93 1
-4.768372E-07 10.5 7.150001 9C9297 1
-1.050001 10.5 7.150001 9E9599 1
-2.100001 10.5 7.150001 9E9498 1
-3.150001 10.5 7.15 A1979B 1
-4.200001 10.5 7.15 A2989C 1
-5.250001 10.5 7.15 A0969A 1
-6.300002 10.5 7.15 A0969A 1
-7.350001 10.5 7.149999 A0969A 1
-8.400002 10.5 7.15 9C9297 1
-10.5 10.5 7.15 CDC4C3 1
10.5 11.55 7.150002 F9F5F0 1
9.450001 11.55 7.150002 F9F4EF 1
-9.450001 11.55 7.15 F9F5F0 1
10.5 10.5 8.200001 9A7972 1
-10.5 7.35 8.2 5F5463 1
10.5 0 8.200001 C8C0BF 1
-10.5 0 8.2 BAAFB0 1
10.5 1.05 8.200001 D8B3A1 1
9.450001 1.05 8.200001 958082 1
8.4 1.05 8.200001 8E7B7E 1
7.35 1.05 8.200001 8A787D 1
6.300001 1.05 8.200001 89777C 1
5.25 1.05 8.200001 86757B 1
4.2 1.05 8.200001 8B767A 1
3.15 1.05 8.200001 88757A 1
2.1 1.05 8.200001 856F73 1
1.05 1.05 8.200001 857176 1
-4.768372E-07 1.05 8.200001 857379 1
-1.050001 1.05 8.2 836F74 1
-2.100001 1.05 8.2 827076 1
-3.150001 1.05 8.2 826F75 1
-4.200001 1.05 8.199999 837075 1
-5.250001 1.05 8.200001 826F76 1
-6.300002 1.05 8.199999 88757A 1
-7.350001 1.05 8.199999 857177 1
-8.400002 1.05 8.2 857278 1
-9.450001 1.05 8.199999 897479 1
-10.5 1.05 8.2 8E7375 1
10.5 2.1 8.200001 D9B4A2 1
-10.5 2.1 8.2 CEA798 1
10.5 3.15 8.200001 C8C1C0 1
-10.5 3.15 8.2 C0B6B6 1
10.5 4.2 8.200001 C8C1C0 1
-10.5 4.2 8.2 C0B7B7 1
10.5 5.25 8.200001 C9C1C0 1
-10.5 5.25 8.2 C4BBBA 1
10.5 6.3 8.200001 C2B9B9 1
-10.5 6.3 8.2 C1B7B7 1
10.5 7.35 8.200001 6C616E 1
10.5 8.4 8.200001 CBC4C2 1
-10.5 8.4 8.2 C9C0BF 1
9.450001 9.45 8.200001 EFAD60 1
-9.450001 9.45 8.199999 EAA65E 1
5.25 10.5 8.200001 A4A5B3 1
8.4 10.5 8.200001 998F94 1
9.450001 10.5 8.200001 BBB2B2 1
7.35 10.5 8.200001 9B9297 1
6.300001 10.5 8.200001 948A91 1
4.2 10.5 8.200001 4D4B62 1
4.199999 10.5 13.45 A89EA2 1
-9.450001 10.5 8.199999 BDB4B4 1
3.15 10.5 8.200001 4D4B61 1
3.15 10.5 13.45 736773 1
2.1 10.5 8.200001 4F4D63 1
2.099999 10.5 13.45 A89EA2 1
1.05 10.5 8.200001 827983 1
-4.768372E-07 10.5 8.200001 978E94 1
-1.050001 10.5 8.2 9C9398 1
-2.100001 10.5 8.2 A0969A 1
-3.150001 10.5 8.2 A1979C 1
-4.200001 10.5 8.199999 A1979B 1
-5.250001 10.5 8.200001 A2989C 1
-6.300002 10.5 8.199999 9E9599 1
-7.350001 10.5 8.199999 A0969A 1
-8.400002 10.5 8.2 998F95 1
-10.5 10.5 8.2 CFC7C5 1
5.25 11.55 8.200001 AEB2BF 1
10.5 11.55 8.200001 FBF6F1 1
9.450001 11.55 8.200001 F9F5F0 1
1.05 11.55 8.200001 B4B8C5 1
-9.450001 11.55 8.199999 FAF5F0 1
5.25 12.6 8.200001 B2B5C2 1
1.05 12.6 8.200001 B5B8C5 1
4.2 13.65 8.200001 D3DAE4 1
2.1 13.65 8.200001 D3D9E3 1
10.5 10.5 9.250002 9B7971 1
-10.5 7.35 9.249999 5F5564 1
10.5 0 9.250002 CAC2C1 1
-10.5 0 9.249999 B8AEAF 1
10.5 1.05 9.250002 D8B3A1 1
9.450001 1.05 9.250002 968082 1
8.4 1.05 9.250002 8F7A7D 1
7.35 1.05 9.250002 8D7A7E 1
6.300001 1.05 9.250002 8B777C 1
5.25 1.05 9.250001 8A787C 1
4.2 1.05 9.250001 89767B 1
3.15 1.05 9.250001 837177 1
2.1 1.05 9.250001 847379 1
1.05 1.05 9.250001 88747A 1
-4.768372E-07 1.05 9.25 867379 1
-1.050001 1.05 9.25 847075 1
-2.100001 1.05 9.25 847177 1
-3.150001 1.05 9.25 857176 1
-4.200001 1.05 9.25 827178 1
-5.250001 1.05 9.25 87757A 1
-6.300002 1.05 9.25 877479 1
-7.350001 1.05 9.25 857379 1
-8.400002 1.05 9.249999 8B777B 1
-9.450001 1.05 9.25 8A777C 1
-10.5 1.05 9.249999 8D7174 1
10.5 2.1 9.250002 D9B4A2 1
-10.5 2.1 9.249999 CEA798 1
10.5 3.15 9.250002 CAC2C1 1
-10.5 3.15 9.249999 C0B6B6 1
10.5 4.2 9.250002 CAC3C2 1
-10.5 4.2 9.249999 C3B9B9 1
10.5 5.25 9.250002 C7BFBE 1
-10.5 5.25 9.249999 C3B9B9 1
10.5 6.3 9.250002 C4BCBB 1
-10.5 6.3 9.249999 C1B7B7 1
10.5 7.35 9.250002 685E6B 1
10.5 8.4 9.250002 CBC4C3 1
-10.5 8.4 9.249999 CAC1C0 1
9.450001 9.45 9.250002 F2AF61 1
-9.450001 9.45 9.25 F0AD60 1
5.25 10.5 9.250001 A6A7B5 1
8.4 10.5 9.250002 9A9095 1
9.450001 10.5 9.250002 BAB0B1 1
7.35 10.5 9.250002 998F95 1
6.300001 10.5 9.250002 948A91 1
4.2 10.5 9.250001 4B4A60 1
-9.450001 10.5 9.25 BCB2B2 1
3.15 10.5 9.250001 4D4B62 1
2.1 10.5 9.250001 504E65 1
1.05 10.5 9.250001 827984 1
-4.768372E-07 10.5 9.25 948B92 1
-1.050001 10.5 9.25 9C9398 1
-2.100001 10.5 9.25 A2989C 1
-3.150001 10.5 9.25 A1979B 1
-8.400002 10.5 9.249999 978D93 1
-10.5 10.5 9.249999 CCC3C2 1
5.25 11.55 9.250001 B4B9C6 1
10.5 11.55 9.250002 FBF6F1 1
9.450001 11.55 9.250002 F9F5F0 1
1.05 11.55 9.250001 B0B4C2 1
-9.450001 11.55 9.25 FAF6F1 1
5.25 12.6 9.250001 B2B5C2 1
1.05 12.6 9.250001 B4B7C5 1
2.1 13.65 9.250001 C0C6D4 1
3.15 13.65 9.250001 908CAC 1
10.5 10.5 10.3 9B7972 1
-10.5 7.35 10.3 5D5363 1
10.5 0 10.3 CBC3C2 1
-10.5 0 10.3 BBB1B2 1
10.5 1.05 10.3 D8B3A2 1
9.45 1.05 10.3 927C7F 1
8.4 1.05 10.3 927D80 1
7.35 1.05 10.3 8C7A7E 1
6.3 1.05 10.3 8F7D81 1
5.25 1.05 10.3 88777C 1
4.199999 1.05 10.3 837279 1
3.15 1.05 10.3 887277 1
2.099999 1.05 10.3 88767B 1
1.049999 1.05 10.3 85747A 1
-9.536743E-07 1.05 10.3 857379 1
-1.050001 1.05 10.3 7F6E75 1
-2.100001 1.05 10.3 837076 1
-3.150002 1.05 10.3 7F6D75 1
-4.200001 1.05 10.3 847279 1
-5.250001 1.05 10.3 817077 1
-6.300002 1.05 10.3 887277 1
-7.350002 1.05 10.3 89767B 1
-8.400002 1.05 10.3 89767B 1
-9.450002 1.05 10.3 8C777A 1
-10.5 1.05 10.3 8C7275 1
10.5 2.1 10.3 DAB5A3 1
-10.5 2.1 10.3 D0AA9A 1
10.5 3.15 10.3 CAC2C1 1
-10.5 3.15 10.3 BFB5B5 1
10.5 4.2 10.3 C8C0BF 1
-10.5 4.2 10.3 C0B7B7 1
10.5 5.25 10.3 C9C1C0 1
-10.5 5.25 10.3 C2B9B8 1
10.5 6.3 10.3 C3BBBA 1
-10.5 6.3 10.3 C0B5B5 1
10.5 7.35 10.3 6E6470 1
10.5 8.4 10.3 CBC3C2 1
-10.5 8.4 10.3 CAC2C1 1
9.45 9.45 10.3 EEAB5F 1
-9.450002 9.45 10.3 EEAC60 1
5.25 10.5 10.3 A5A7B4 1
8.4 10.5 10.3 978D93 1
9.45 10.5 10.3 B5ABAC 1
7.35 10.5 10.3 9B9196 1
6.3 10.5 10.3 968D93 1
4.199999 10.5 10.3 4E4C63 1
-4.200001 10.5 10.3 4F4865 1
3.15 10.5 10.3 4D4B62 1
2.099999 10.5 10.3 4D4B61 1
1.049999 10.5 10.3 837A84 1
-9.536743E-07 10.5 10.3 958C92 1
-1.050001 10.5 10.3 9E9499 1
-2.100001 10.5 10.3 A1979B 1
-3.150002 10.5 10.3 9F959A 1
-4.200001 10.5 13.45 B5ABAD 1
-9.450002 10.5 10.3 B6ABAC 1
-5.250001 10.5 10.3 363551 1
-5.250001 10.5 13.45 A49A9E 1
-6.300002 10.5 10.3 33324D 1
-6.300002 10.5 13.45 A79CA0 1
-7.350002 10.5 10.3 393753 1
-7.350002 10.5 13.45 AA9EA0 1
-8.400002 10.5 10.3 93898F 1
-10.5 10.5 10.3 CDC5C3 1
5.25 11.55 10.3 AFB2BF 1
10.5 11.55 10.3 FAF5F0 1
9.45 11.55 10.3 FAF6F1 1
1.049999 11.55 10.3 B1B5C2 1
-9.450002 11.55 10.3 FAF5F0 1
5.25 12.6 10.3 B3B6C3 1
1.049999 12.6 10.3 B7BAC7 1
-5.250001 11.55 10.3 CFD4DF 1
4.199999 13.65 10.3 DBE2EB 1
3.15 13.65 10.3 CED4DF 1
2.099999 13.65 10.3 D8DEE8 1
10.5 10.5 11.35 977670 1
-10.5 7.35 11.35 635866 1
10.5 0 11.35 C6BEBD 1
-10.5 0 11.35 BDB4B4 1
10.5 1.05 11.35 DCB7A5 1
9.45 1.05 11.35 957F82 1
8.4 1.05 11.35 907B7D 1
7.35 1.05 11.35 8F7E83 1
6.3 1.05 11.35 8D797D 1
5.25 1.05 11.35 89777C 1
4.199999 1.05 11.35 89787D 1
3.15 1.05 11.35 88757B 1
2.099999 1.05 11.35 89767B 1
1.049999 1.05 11.35 857277 1
-9.536743E-07 1.05 11.35 88757B 1
-1.050001 1.05 11.35 827077 1
-2.100001 1.05 11.35 7D6B72 1
-3.150002 1.05 11.35 816E76 1
-4.200001 1.05 11.35 826F76 1
-5.250001 1.05 11.35 86747B 1
-6.300002 1.05 11.35 877479 1
-7.350002 1.05 11.35 8B787D 1
-8.400002 1.05 11.35 83737A 1
-9.450002 1.05 11.35 8D777B 1
-10.5 1.05 11.35 8F7577 1
10.5 2.1 11.35 DBB6A4 1
-10.5 2.1 11.35 D0A99A 1
10.5 3.15 11.35 C5BDBC 1
-10.5 3.15 11.35 C1B8B8 1
10.5 4.2 11.35 CCC5C3 1
-10.5 4.2 11.35 C2B9B8 1
10.5 5.25 11.35 C6BFBE 1
-10.5 5.25 11.35 C1B7B7 1
10.5 6.3 11.35 C4BBBB 1
-10.5 6.3 11.35 C1B7B7 1
10.5 7.35 11.35 6D636F 1
10.5 8.4 11.35 CAC3C1 1
-10.5 8.4 11.35 CAC1C0 1
9.45 9.45 11.35 EBA85F 1
-9.450002 9.45 11.35 ECA95F 1
3.15 10.5 11.35 A2999F 1
8.4 10.5 11.35 998F95 1
9.45 10.5 11.35 BCB1B1 1
7.35 10.5 11.35 9B9197 1
6.3 10.5 11.35 998F95 1
5.25 10.5 11.35 958B92 1
4.199999 10.5 11.35 877E87 1
-4.200001 10.5 11.35 4E4763 1
2.099999 10.5 11.35 867D86 1
1.049999 10.5 11.35 938A91 1
-9.536743E-07 10.5 11.35 9A9096 1
-1.050001 10.5 11.35 9D9398 1
-2.100001 10.5 11.35 A0979B 1
-3.150002 10.5 11.35 9A9095 1
-9.450002 10.5 11.35 B5AAAA 1
-5.250001 10.5 11.35 2E2F4A 1
-6.300002 10.5 11.35 252842 1
-7.350002 10.5 11.35 373652 1
-8.400002 10.5 11.35 948990 1
-10.5 10.5 11.35 CEC5C4 1
-5.250001 11.55 11.35 7D829C 1
10.5 11.55 11.35 F9F4EF 1
9.45 11.55 11.35 F9F5F0 1
4.199999 11.55 10.3 B0B4C1 1
3.15 11.55 10.3 B2B6C3 1
2.099999 11.55 10.3 B0B4C1 1
-6.300002 11.55 11.35 888EA6 1
-9.450002 11.55 11.35 FBF6F1 1
4.199999 12.6 10.3 B5B9C5 1
3.15 12.6 10.3 B3B6C2 1
2.099999 12.6 10.3 B6B9C5 1
10.5 10.5 12.4 9A7972 1
-10.5 7.35 12.4 625866 1
10.5 0 12.4 C5BDBC 1
-10.5 0 12.4 BCB2B3 1
10.5 1.05 12.4 D8B3A1 1
9.45 1.05 12.4 937D7F 1
8.4 1.05 12.4 8F7B7E 1
7.35 1.05 12.4 8E7B7F 1
6.3 1.05 12.4 8F7C7F 1
5.25 1.05 12.4 8C797D 1
4.199999 1.05 12.4 8B787D 1
3.15 1.05 12.4 8C777A 1
2.099999 1.05 12.4 89767C 1
1.049999 1.05 12.4 877378 1
-9.536743E-07 1.05 12.4 867278 1
-1.050001 1.05 12.4 847279 1
-2.100001 1.05 12.4 786771 1
-3.150002 1.05 12.4 7A6871 1
-4.200001 1.05 12.4 7D6971 1
-5.250001 1.05 12.4 857177 1
-6.300002 1.05 12.4 837177 1
-7.350002 1.05 12.4 877379 1
-8.400002 1.05 12.4 89777D 1
-9.450002 1.05 12.4 8B767A 1
-10.5 1.05 12.4 8E7174 1
10.5 2.1 12.4 D8B3A2 1
-10.5 2.1 12.4 D0AA9A 1
10.5 3.15 12.4 CCC4C3 1
-10.5 3.15 12.4 C2B9B8 1
10.5 4.2 12.4 C9C1BF 1
-10.5 4.2 12.4 C2BAB9 1
10.5 5.25 12.4 CAC3C1 1
-10.5 5.25 12.4 C4BBBA 1
10.5 6.3 12.4 C0B8B8 1
-10.5 6.3 12.4 C1B8B8 1
10.5 7.35 12.4 6C616D 1
10.5 8.4 12.4 C9C1C0 1
-10.5 8.4 12.4 C9C1C0 1
9.45 9.45 12.4 EFAB5F 1
-9.450002 9.45 12.4 EEAC60 1
3.15 10.5 12.4 ABA2A5 1
8.4 10.5 12.4 948A90 1
9.45 10.5 12.4 B3A8A9 1
7.35 10.5 12.4 988E93 1
6.3 10.5 12.4 958B91 1
5.25 10.5 12.4 93898F 1
4.199999 10.5 12.4 91888F 1
-4.200001 10.5 12.4 4C4662 1
2.099999 10.5 12.4 8F868D 1
1.049999 10.5 12.4 968C92 1
-9.536743E-07 10.5 12.4 9B9196 1
-1.050001 10.5 12.4 9B9196 1
-2.100001 10.5 12.4 988E94 1
-3.150002 10.5 12.4 9A9096 1
-9.450002 10.5 12.4 AFA3A5 1
-5.250001 10.5 12.4 31314C 1
-6.300002 10.5 12.4 31304B 1
-7.350002 10.5 12.4 32314C 1
-8.400002 10.5 12.4 91868D 1
-10.5 10.5 12.4 CFC7C6 1
10.5 11.55 12.4 FAF5F0 1
9.45 11.55 12.4 FBF6F1 1
-9.450002 11.55 12.4 FAF6F1 1
10.5 10.5 13.45 987B77 1
-10.5 7.35 13.45 5F5564 1
10.5 0 13.45 C7BFBE 1
-10.5 0 13.45 BCB3B3 1
10.5 1.05 13.45 D6B1A1 1
9.45 1.05 13.45 977E7F 1
8.4 1.05 13.45 927C7E 1
7.35 1.05 13.45 947D7F 1
6.3 1.05 13.45 937D7F 1
5.25 1.05 13.45 8F787B 1
4.199999 1.05 13.45 8E787C 1
3.15 1.05 13.45 8C777B 1
2.099999 1.05 13.45 8C767A 1
1.049999 1.05 13.45 8C777B 1
-9.536743E-07 1.05 13.45 8B7478 1
-1.050001 1.05 13.45 7A666D 1
-2.100001 1.05 13.45 6E5F6E 1
-3.150002 1.05 13.45 6C5F6F 1
-4.200001 1.05 13.45 7A6771 1
-5.250001 1.05 13.45 877176 1
-6.300002 1.05 13.45 867176 1
-7.350002 1.05 13.45 887479 1
-8.400002 1.05 13.45 847076 1
-9.450002 1.05 13.45 91797C 1
-10.5 1.05 13.45 8E7275 1
10.5 2.1 13.45 DBB6A4 1
-10.5 2.1 13.45 D2AD9C 1
10.5 3.15 13.45 C6BEBD 1
-10.5 3.15 13.45 C1B7B7 1
10.5 4.2 13.45 CAC2C1 1
-10.5 4.2 13.45 C3BAB9 1
10.5 5.25 13.45 CAC2C1 1
-10.5 5.25 13.45 C3BABA 1
10.5 6.3 13.45 C1B9B8 1
-10.5 6.3 13.45 C2B8B8 1
10.5 7.35 13.45 6E6470 1
10.5 8.4 13.45 C9C1C0 1
-10.5 8.4 13.45 CBC2C1 1
9.45 9.45 13.45 EFAC60 1
-9.450002 9.45 13.45 F2AE61 1
-10.5 10.5 13.45 CFC6C4 1
10.5 11.55 13.45 FAF5F0 1
9.45 11.55 13.45 F9F5F0 1
8.4 11.55 13.45 F9F4F0 1
7.35 11.55 13.45 F9F4EF 1
6.3 11.55 13.45 F8F4EF 1
5.25 11.55 13.45 F8F3EE 1
4.199999 11.55 13.45 F8F4EF 1
3.15 11.55 13.45 F8F3EE 1
2.099999 11.55 13.45 F7F2EE 1
1.049999 11.55 13.45 F9F4EF 1
-9.536743E-07 11.55 13.45 F7F3EE 1
-1.050001 11.55 13.45 F9F5F0 1
-2.100001 11.55 13.45 FAF5F0 1
-3.150002 11.55 13.45 F9F4EF 1
-4.200001 11.55 13.45 FAF6F1 1
-5.250001 11.55 13.45 FAF6F1 1
-6.300002 11.55 13.45 FAF6F0 1
-7.350002 11.55 13.45 F9F5F0 1
-8.400002 11.55 13.45 FAF5F0 1
-9.450002 11.55 13.45 FCF7F2 1
10.5 7.35 14.5 645A68 1
9.45 7.35 14.5 625866 1
8.4 7.35 14.5 645866 1
7.35 7.35 14.5 635967 1
6.3 7.35 14.5 615765 1
5.25 7.35 14.5 625664 1
4.199999 7.35 14.5 615765 1
3.15 7.35 14.5 615665 1
2.099999 7.35 14.5 625866 1
1.049999 7.35 14.5 605665 1
-9.536743E-07 7.35 14.5 5F5463 1
-1.050001 7.35 14.5 5F5463 1
-2.100001 6.3 14.5 5B5264 1
-3.150002 6.3 14.5 5D5467 1
-4.200001 6.3 14.5 5F5666 1
-5.250001 6.3 14.5 35334F 1
-6.300002 6.3 14.5 373550 1
-7.350002 6.3 14.5 373550 1
-8.400002 2.1 14.5 322D46 1
-9.450002 7.35 14.5 625866 1
-10.5 7.35 14.5 645967 1
10.5 0 14.5 CAC2C1 1
-10.5 0 14.5 C0B7B7 1
10.5 1.05 14.5 D9B4A2 1
-4.200001 1.05 14.5 BA9389 1
9.45 1.05 14.5 987B7B 1
8.4 1.05 14.5 937879 1
7.35 1.05 14.5 937879 1
6.3 1.05 14.5 907678 1
5.25 1.05 14.5 8E7476 1
4.199999 1.05 14.5 937778 1
3.15 1.05 14.5 927779 1
2.099999 1.05 14.5 937778 1
1.049999 1.05 14.5 8E7375 1
-9.536743E-07 1.05 14.5 917475 1
-1.050001 1.05 14.5 8B6E70 1
-2.100001 1.05 14.5 C6BDBE 1
-3.150002 1.05 14.5 C1B9B9 1
-5.250001 1.05 14.5 907475 1
-6.300002 1.05 14.5 907476 1
-7.350002 1.05 14.5 957878 1
-8.400002 1.05 14.5 8F7476 1
-9.450002 1.05 14.5 907375 1
-10.5 1.05 14.5 977877 1
10.5 2.1 14.5 D8B3A2 1
-4.200001 2.1 14.5 907177 1
-2.100001 2.1 13.45 5B5473 1
-1.050001 2.1 14.5 C09A8E 1
-3.150002 2.1 13.45 605A79 1
-4.200001 2.1 13.45 554C68 1
-7.350002 2.1 14.5 4A405A 1
-8.400002 3.15 14.5 262743 1
-10.5 2.1 14.5 D3AD9D 1
10.5 3.15 14.5 C9C2C0 1
-4.200001 3.15 14.5 837885 1
-2.100001 3.15 13.45 5C5776 1
-1.050001 3.15 14.5 AFA5A8 1
-3.150002 3.15 13.45 5E5877 1
-4.200001 3.15 13.45 56506E 1
-7.350002 3.15 14.5 443F5C 1
-10.5 3.15 14.5 C3BABA 1
10.5 4.2 14.5 C6BFBE 1
-4.200001 4.2 14.5 978C93 1
-2.100001 4.2 13.45 595473 1
-1.050001 4.2 14.5 968C93 1
-3.150002 4.2 13.45 5E5977 1
-4.200001 4.2 13.45 55506E 1
-8.400002 4.2 14.5 504B6A 1
-8.400002 7.35 14.5 625766 1
-10.5 4.2 14.5 C6BDBD 1
10.5 5.25 14.5 C9C0BF 1
-4.200001 5.25 14.5 8E838C 1
-2.100001 5.25 13.45 534E6C 1
-1.050001 5.25 14.5 948991 1
-3.150002 5.25 13.45 585271 1
-4.200001 5.25 13.45 4E4966 1
-8.400002 5.25 14.5 4E4A68 1
-10.5 5.25 14.5 C8BFBE 1
10.5 6.3 14.5 C6BEBD 1
-2.100001 7.35 14.5 5D5463 1
-3.150002 7.35 14.5 615564 1
-4.200001 7.35 14.5 615766 1
-5.250001 7.35 14.5 292A43 1
-6.300002 7.35 14.5 5E5464 1
-7.350002 7.35 14.5 605666 1
-8.400002 6.3 14.5 595473 1
-10.5 6.3 14.5 C2B9B8 1
10.5 8.4 14.5 CBC4C2 1
10.5 10.5 14.5 917B7C 1
9.45 10.5 14.5 9C7B75 1
8.4 10.5 14.5 9C776F 1
7.35 10.5 14.5 967671 1
6.3 10.5 14.5 9E7A72 1
5.25 10.5 14.5 9C7971 1
4.199999 10.5 14.5 97756F 1
3.15 10.5 14.5 9A7770 1
2.099999 10.5 14.5 94726D 1
1.049999 10.5 14.5 9B7870 1
-9.536743E-07 10.5 14.5 9C7B73 1
-1.050001 10.5 14.5 9C7870 1
-2.100001 10.5 14.5 9A766E 1
-3.150002 10.5 14.5 9D7870 1
-4.200001 10.5 14.5 9D786F 1
-5.250001 10.5 14.5 9E7A72 1
-6.300002 10.5 14.5 977671 1
-7.350002 10.5 14.5 9A776F 1
-8.400002 10.5 14.5 E3D7D0 1
-9.450002 10.5 14.5 E7DCD6 1
-10.5 10.5 14.5 E1D8D2 1
-10.5 8.4 14.5 CCC3C2 1
9.45 8.4 14.5 E0D1C9 1
8.4 8.4 14.5 DDCCC1 1
8.4 9.45 13.45 F2AF61 1
7.35 8.4 14.5 D9C9C0 1
7.35 9.45 13.45 EFAB60 1
6.3 8.4 14.5 D9C8BF 1
6.3 9.45 13.45 F1AD60 1
5.25 8.4 14.5 DBC9BF 1
5.25 9.45 13.45 EEAA5F 1
4.199999 8.4 14.5 DAC8BF 1
4.199999 9.45 13.45 F1AE61 1
3.15 8.4 14.5 DAC9BF 1
3.15 9.45 13.45 EFAC60 1
2.099999 8.4 14.5 D8C7BE 1
2.099999 9.45 13.45 EFAB5F 1
1.049999 8.4 14.5 DBC8BE 1
1.049999 9.45 13.45 F2AD60 1
-9.536743E-07 8.4 14.5 DCC9BE 1
-9.536743E-07 9.45 13.45 EEAA5F 1
-1.050001 8.4 14.5 DDCBC0 1
-1.050001 9.45 13.45 F1AD60 1
-2.100001 8.4 14.5 DBC8BE 1
-2.100001 9.45 13.45 EEAB60 1
-3.150002 8.4 14.5 DAC8BE 1
-3.150002 9.45 13.45 ECA95F 1
-4.200001 8.4 14.5 D9C7BE 1
-4.200001 9.45 13.45 EDAB60 1
-5.250001 8.4 14.5 DBCAC0 1
-5.250001 9.45 13.45 EFAC60 1
-6.300002 8.4 14.5 D9C9BF 1
-6.300002 9.45 13.45 EFAB60 1
-7.350002 8.4 14.5 D9C8BF 1
-7.350002 9.45 13.45 EDAB60 1
-8.400002 8.4 14.5 D9C8C0 1
-8.400002 9.45 13.45 EEAB60 1
-9.450002 8.4 14.5 DFD0C8 1
10.5 11.55 14.5 F9F4EF 1
9.45 11.55 14.5 FAF5F0 1
8.4 11.55 14.5 FAF5F0 1
7.35 11.55 14.5 FAF5F0 1
6.3 11.55 14.5 FAF6F1 1
5.25 11.55 14.5 FAF5F0 1
4.199999 11.55 14.5 F9F4EF 1
3.15 11.55 14.5 F9F4EF 1
2.099999 11.55 14.5 F9F4EF 1
1.049999 11.55 14.5 F8F3EF 1
-9.536743E-07 11.55 14.5 F9F5F0 1
-1.050001 11.55 14.5 FAF5F0 1
-2.100001 11.55 14.5 FAF6F1 1
-3.150002 11.55 14.5 FAF6F0 1
-4.200001 11.55 14.5 FAF5F0 1
-5.250001 11.55 14.5 FAF6F1 1
-6.300002 11.55 14.5 F9F5F0 1
-7.350002 11.55 14.5 FCF7F2 1
-8.400002 11.55 14.5 EBE2DC 1
-9.450002 11.55 14.5 F0E9E3 1
-10.5 11.55 14.5 F3EDE8 1
9.45 0 14.5 C3BABA 1
8.4 0 14.5 C4BCBB 1
7.35 0 14.5 C0B6B6 1
6.3 0 14.5 C4BCBB 1
5.25 0 14.5 C2B9B9 1
4.199999 0 14.5 C4BBBB 1
3.15 0 14.5 C4BBBA 1
2.099999 0 14.5 C3BAB9 1
1.049999 0 14.5 C3B9B9 1
-9.536743E-07 0 14.5 C4BCBB 1
-1.050001 0 14.5 C3BABA 1
-2.100001 0 14.5 C4BCBB 1
-3.150002 0 14.5 C1B8B7 1
-4.200001 0 14.5 C2B8B8 1
-5.250001 0 14.5 C0B6B6 1
-6.300002 0 14.5 C1B8B8 1
-7.350002 0 14.5 C1B9B9 1
-8.400002 0 14.5 C2B9B9 1
-9.450002 0 14.5 C3BBBA 1
9.45 2.1 14.5 D7B1A0 1
8.4 2.1 14.5 D7B1A0 1
7.35 2.1 14.5 D2AC9C 1
6.3 2.1 14.5 D8B3A2 1
5.25 2.1 14.5 D8B2A0 1
4.199999 2.1 14.5 D5AF9E 1
3.15 2.1 14.5 D4AF9E 1
2.099999 2.1 14.5 D7B2A1 1
1.049999 2.1 14.5 D6B09F 1
-9.536743E-07 2.1 14.5 D7B2A0 1
-5.250001 2.1 14.5 D7B1A0 1
-6.300002 2.1 14.5 D8B3A2 1
-9.450002 2.1 14.5 CFA999 1
9.45 3.15 14.5 C7BEBC 1
8.4 3.15 14.5 C6BEBD 1
7.35 3.15 14.5 C8BFBE 1
6.3 3.15 14.5 C8BFBE 1
5.25 3.15 14.5 C5BCBB 1
4.199999 3.15 14.5 C7BEBD 1
3.15 3.15 14.5 C5BDBC 1
2.099999 3.15 14.5 CAC1BF 1
1.049999 3.15 14.5 C6BEBD 1
-9.536743E-07 3.15 14.5 C6BEBC 1
-5.250001 3.15 14.5 C6BEBD 1
-6.300002 3.15 14.5 C5BCBB 1
-9.450002 3.15 14.5 C3BABA 1
9.45 4.2 14.5 C7BFBE 1
8.4 4.2 14.5 C8C0BE 1
7.35 4.2 14.5 C9C0BE 1
6.3 4.2 14.5 C8BFBE 1
5.25 4.2 14.5 C6BDBC 1
4.199999 4.2 14.5 C6BEBD 1
3.15 4.2 14.5 C6BDBC 1
2.099999 4.2 14.5 C6BDBC 1
1.049999 4.2 14.5 C4BCBA 1
-9.536743E-07 4.2 14.5 C5BDBB 1
-5.250001 4.2 14.5 C5BCBB 1
-6.300002 4.2 14.5 C7BDBC 1
-7.350002 4.2 14.5 C8BFBE 1
-9.450002 4.2 14.5 C9C0BF 1
9.45 5.25 14.5 C7BFBE 1
8.4 5.25 14.5 C8C0BF 1
7.35 5.25 14.5 C8BFBE 1
6.3 5.25 14.5 C6BEBD 1
5.25 5.25 14.5 C8BFBE 1
4.199999 5.25 14.5 CAC2C1 1
3.15 5.25 14.5 C6BEBD 1
2.099999 5.25 14.5 C4BAB9 1
1.049999 5.25 14.5 C6BEBD 1
-9.536743E-07 5.25 14.5 C7BEBC 1
-5.250001 5.25 14.5 C8C0BF 1
-6.300002 5.25 14.5 C7BEBD 1
-7.350002 5.25 14.5 C6BEBD 1
-9.450002 5.25 14.5 C7BFBE 1
9.45 6.3 14.5 C3BBB9 1
8.4 6.3 14.5 C4BCBB 1
7.35 6.3 14.5 C2B9B8 1
6.3 6.3 14.5 C5BCBB 1
5.25 6.3 14.5 C3BAB9 1
4.199999 6.3 14.5 C5BBBA 1
3.15 6.3 14.5 C2B9B8 1
2.099999 6.3 14.5 C4BBBA 1
1.049999 6.3 14.5 C3B9B8 1
-9.536743E-07 6.3 14.5 C2B9B8 1
-1.050001 6.3 14.5 C3BBBA 1
-9.450002 6.3 14.5 C5BCBB 1
