-11.193 -0.138 1.911 080800 0.273
-6.006 0.135 -7.917 080800 0.273
-6.006 0.135 -7.644 080800 0.273
-10.647 0.135 1.911 080800 0.273
-5.733 0.4080001 -7.371 080800 0.273
-5.733 0.4080001 -7.098 080800 0.273
-10.374 0.4080001 1.911 080800 0.273
-8.19 0.4080001 7.098 080800 0.273
-5.46 0.681 -7.098 080800 0.273
-5.46 0.681 -6.825 080800 0.273
-5.46 0.681 -6.552 080800 0.273
-9.827999 0.681 -2.184 080800 0.273
0 0.681 0 080800 0.273
-0.5459999 0.681 0.273 080800 0.273
-0.5459999 0.681 0.5459999 080800 0.273
-0.819 0.681 0.819 080800 0.273
-0.819 0.681 1.092 080800 0.273
-0.5459999 0.681 1.365 080800 0.273
-9.554999 0.681 1.638 080800 0.273
-9.827999 0.681 1.911 080800 0.273
-0.5459999 0.681 2.184 080800 0.273
-0.5459999 0.681 2.457 080800 0.273
-0.819 0.681 2.73 080800 0.273
-0.819 0.681 3.003 080800 0.273
-0.819 0.681 3.276 080800 0.273
-1.092 0.681 3.549 080800 0.273
-1.092 0.681 3.822 080800 0.273
-0.819 0.681 4.095 080800 0.273
-0.5459999 0.681 4.368 080800 0.273
-0.273 0.681 4.641 080800 0.273
-0.273 0.681 4.914 080800 0.273
-7.917 0.681 6.825 080800 0.273
-5.46 0.9540001 -6.825 080800 0.273
-5.46 0.9540001 -6.552 080800 0.273
-5.187 0.9540001 -6.279 F76D08 0.273
-9.554999 0.9540001 -2.184 080800 0.273
-0.819 0.9540001 -1.638 080800 0.273
-0.819 0.9540001 -1.365 080800 0.273
-1.092 0.9540001 -1.092 080800 0.273
-1.092 0.9540001 -0.819 080800 0.273
-1.365 0.9540001 -0.5459999 080800 0.273
-1.092 0.9540001 -0.273 080800 0.273
-0.819 0.9540001 0 080800 0.273
-1.092 0.9540001 0.273 080800 0.273
-1.092 0.9540001 0.5459999 080800 0.273
-1.092 0.9540001 0.819 080800 0.273
-1.092 0.9540001 1.092 080800 0.273
-0.819 0.9540001 1.365 080800 0.273
-9.282 0.9540001 1.638 080800 0.273
-9.282 0.9540001 1.911 080800 0.273
-1.092 0.9540001 2.184 080800 0.273
-1.365 0.9540001 2.457 080800 0.273
-1.365 0.9540001 2.73 080800 0.273
-1.638 0.9540001 3.003 080800 0.273
-1.638 0.9540001 3.276 080800 0.273
-1.638 0.9540001 3.549 080800 0.273
-1.638 0.9540001 3.822 080800 0.273
-1.638 0.9540001 4.095 080800 0.273
-1.365 0.9540001 4.368 080800 0.273
-1.365 0.9540001 4.641 080800 0.273
-1.365 0.9540001 4.914 080800 0.273
-0.819 0.9540001 5.187 080800 0.273
-0.273 0.9540001 5.46 080800 0.273
-7.371 0.9540001 6.279 080800 0.273
-7.644 0.9540001 6.552 080800 0.273
-5.187 1.227 -6.279 F76D08 0.273
-4.914 1.227 -6.006 F76D08 0.273
-4.914 1.227 -5.733 F76D08 0.273
-9.282 1.227 -1.911 080800 0.273
-1.638 1.227 -1.092 080800 0.273
-1.638 1.227 -0.819 080800 0.273
-1.638 1.227 -0.5459999 080800 0.273
-1.638 1.227 -0.273 080800 0.273
-1.911 1.227 0 080800 0.273
-1.638 1.227 0.273 080800 0.273
-1.365 1.227 0.5459999 080800 0.273
-1.911 1.227 0.819 080800 0.273
-1.911 1.227 1.092 080800 0.273
-1.638 1.227 1.365 080800 0.273
-8.735999 1.227 1.638 F76D08 0.273
-1.911 1.227 1.911 080800 0.273
-1.638 1.227 2.184 080800 0.273
-1.911 1.227 2.457 080800 0.273
-1.911 1.227 2.73 080800 0.273
-1.911 1.227 3.003 080800 0.273
-2.184 1.227 3.276 080800 0.273
-2.184 1.227 3.549 080800 0.273
-2.184 1.227 3.822 080800 0.273
-2.184 1.227 4.095 080800 0.273
-1.911 1.227 4.368 080800 0.273
-1.638 1.227 4.641 080800 0.273
-1.638 1.227 4.914 080800 0.273
-1.365 1.227 5.187 080800 0.273
-1.092 1.227 5.46 080800 0.273
-0.819 1.227 5.733 080800 0.273
-6.825 1.227 6.006 080800 0.273
-7.098 1.227 6.279 080800 0.273
-4.914 1.5 -6.006 F76D08 0.273
-4.914 1.5 -5.733 F76D08 0.273
-4.641 1.5 -5.46 F76D08 0.273
-4.368 1.5 -5.187 F76D08 0.273
-8.735999 1.5 -1.911 080800 0.273
-8.462999 1.5 -1.638 080800 0.273
-1.911 1.5 -1.365 080800 0.273
-1.911 1.5 -1.092 080800 0.273
-1.638 1.5 -0.819 080800 0.273
-1.638 1.5 -0.5459999 080800 0.273
-2.184 1.5 -0.273 080800 0.273
-2.184 1.5 0 080800 0.273
-1.911 1.5 0.273 080800 0.273
-0.819 1.5 0.5459999 080800 0.273
-2.457 1.5 0.819 080800 0.273
-2.457 1.5 1.092 080800 0.273
-1.638 1.5 1.365 080800 0.273
-8.462999 1.5 1.638 F76D08 0.273
-2.184 1.5 1.911 080800 0.273
-2.184 1.5 2.184 080800 0.273
-1.911 1.5 2.457 080800 0.273
-1.911 1.5 2.73 080800 0.273
-2.184 1.5 3.003 080800 0.273
-2.184 1.5 3.276 080800 0.273
-2.184 1.5 3.549 080800 0.273
-2.457 1.5 3.822 080800 0.273
-2.184 1.5 4.095 080800 0.273
-2.184 1.5 4.368 080800 0.273
-1.911 1.5 4.641 080800 0.273
-1.911 1.5 4.914 080800 0.273
-1.638 1.5 5.187 080800 0.273
-1.365 1.5 5.46 080800 0.273
-6.552 1.5 5.733 F76D08 0.273
-6.825 1.5 6.006 F76D08 0.273
-0.273 1.5 6.279 080800 0.273
-4.641 1.773 -5.46 F76D08 0.273
-4.641 1.773 -5.187 F76D08 0.273
-4.368 1.773 -4.914 F76D08 0.273
-3.822 1.773 -4.641 F76D08 0.273
-8.19 1.773 -1.911 080800 0.273
-8.19 1.773 -1.638 080800 0.273
-2.184 1.773 -1.365 080800 0.273
-1.911 1.773 -1.092 080800 0.273
-2.73 1.773 -0.273 080800 0.273
-2.73 1.773 0 080800 0.273
-0.819 1.773 0.273 080800 0.273
-0.819 1.773 0.5459999 080800 0.273
-2.73 1.773 0.819 080800 0.273
-3.003 1.773 1.092 080800 0.273
-7.644 1.773 1.365 F76D08 0.273
-7.917 1.773 1.638 F76D08 0.273
-2.184 1.773 1.911 080800 0.273
-2.457 1.773 2.184 080800 0.273
-2.457 1.773 2.457 080800 0.273
-1.911 1.773 2.73 080800 0.273
-2.184 1.773 3.003 080800 0.273
-2.184 1.773 3.276 080800 0.273
-2.184 1.773 3.549 080800 0.273
-2.457 1.773 3.822 080800 0.273
-2.184 1.773 4.095 080800 0.273
-2.184 1.773 4.368 080800 0.273
-2.184 1.773 4.641 080800 0.273
-1.911 1.773 4.914 080800 0.273
-6.006 1.773 5.187 F76D08 0.273
-6.279 1.773 5.46 F76D08 0.273
-6.552 1.773 5.733 F76D08 0.273
-1.365 1.773 6.006 080800 0.273
-1.092 1.773 6.279 080800 0.273
-0.273 1.773 6.552 080800 0.273
-4.368 2.046 -5.187 F76D08 0.273
-4.368 2.046 -4.914 F76D08 0.273
-4.095 2.046 -4.641 F76D08 0.273
-4.095 2.046 -4.368 F76D08 0.273
-2.457 2.046 -2.184 080800 0.273
-2.457 2.046 -1.911 080800 0.273
-7.917 2.046 -1.638 F76D08 0.273
-7.644 2.046 -1.365 F76D08 0.273
-3.003 2.046 -0.5459999 080800 0.273
-3.276 2.046 -0.273 080800 0.273
-2.73 2.046 0 080800 0.273
-0.5459999 2.046 0.273 080800 0.273
-0.5459999 2.046 0.5459999 080800 0.273
-3.003 2.046 0.819 080800 0.273
-3.822 2.046 1.092 080800 0.273
-7.371 2.046 1.365 F76D08 0.273
-7.371 2.046 1.638 F76D08 0.273
-1.092 2.046 1.911 080800 0.273
-2.457 2.046 2.184 080800 0.273
-2.73 2.046 2.457 080800 0.273
-3.003 2.046 2.73 080800 0.273
-2.184 2.046 3.003 080800 0.273
-2.184 2.046 3.276 080800 0.273
-2.184 2.046 3.549 080800 0.273
-2.457 2.046 3.822 080800 0.273
-2.184 2.046 4.095 080800 0.273
-2.184 2.046 4.368 080800 0.273
-2.184 2.046 4.641 080800 0.273
-5.733 2.046 4.914 F76D08 0.273
-6.006 2.046 5.187 F76D08 0.273
-6.006 2.046 5.46 F76D08 0.273
-1.365 2.046 5.733 080800 0.273
-1.365 2.046 6.006 080800 0.273
-1.092 2.046 6.279 080800 0.273
-0.819 2.046 6.552 080800 0.273
-0.5459999 2.046 6.825 080800 0.273
-4.095 2.319 -4.641 F76D08 0.273
-4.095 2.319 -4.368 F76D08 0.273
-3.822 2.319 -4.095 F76D08 0.273
-3.276 2.319 -3.822 F76D08 0.273
-2.73 2.319 -2.73 080800 0.273
-2.73 2.319 -2.457 080800 0.273
-2.457 2.319 -2.184 080800 0.273
-2.184 2.319 -1.911 080800 0.273
-7.371 2.319 -1.638 F76D08 0.273
-7.371 2.319 -1.365 F76D08 0.273
-3.822 2.319 -0.5459999 080800 0.273
-3.549 2.319 -0.273 080800 0.273
-4.368 2.319 1.092 080800 0.273
-7.098 2.319 1.365 F76D08 0.273
-7.098 2.319 1.638 F76D08 0.273
-1.092 2.319 1.911 080800 0.273
-1.365 2.319 2.184 080800 0.273
-1.911 2.319 2.457 080800 0.273
-3.003 2.319 2.73 080800 0.273
-3.276 2.319 3.003 080800 0.273
-3.276 2.319 3.276 080800 0.273
-2.184 2.319 3.549 080800 0.273
-2.457 2.319 3.822 080800 0.273
-2.184 2.319 4.095 080800 0.273
-2.184 2.319 4.368 080800 0.273
-5.46 2.319 4.641 F76D08 0.273
-5.733 2.319 4.914 F76D08 0.273
-5.733 2.319 5.187 F76D08 0.273
-1.638 2.319 5.46 080800 0.273
-1.365 2.319 5.733 080800 0.273
-1.365 2.319 6.006 080800 0.273
-1.092 2.319 6.279 080800 0.273
-0.819 2.319 6.552 080800 0.273
-0.273 2.319 6.825 080800 0.273
-3.822 2.592 -4.368 F76D08 0.273
-3.822 2.592 -4.095 F76D08 0.273
-3.822 2.592 -3.822 F76D08 0.273
-3.549 2.592 -3.549 F76D08 0.273
-3.003 2.592 -3.276 080800 0.273
-3.003 2.592 -3.003 080800 0.273
-3.003 2.592 -2.73 080800 0.273
-2.457 2.592 -2.457 080800 0.273
-7.098 2.592 -1.365 F76D08 0.273
-6.552 2.592 -1.092 F76D08 0.273
-4.095 2.592 -0.819 080800 0.273
-4.368 2.592 -0.5459999 080800 0.273
-3.549 2.592 -0.273 080800 0.273
-6.006 2.592 1.092 F76D08 0.273
-6.552 2.592 1.365 F76D08 0.273
-6.552 2.592 1.638 F76D08 0.273
-0.819 2.592 1.911 080800 0.273
-1.365 2.592 2.184 080800 0.273
-1.638 2.592 2.457 080800 0.273
-1.911 2.592 2.73 080800 0.273
-3.276 2.592 3.003 080800 0.273
-3.822 2.592 3.276 080800 0.273
-3.822 2.592 3.549 080800 0.273
-2.184 2.592 3.822 080800 0.273
-2.184 2.592 4.095 080800 0.273
-5.187 2.592 4.368 F76D08 0.273
-5.46 2.592 4.641 F76D08 0.273
-5.46 2.592 4.914 F76D08 0.273
-1.911 2.592 5.187 080800 0.273
-1.638 2.592 5.46 080800 0.273
-1.365 2.592 5.733 080800 0.273
-1.092 2.592 6.006 080800 0.273
-1.092 2.592 6.279 080800 0.273
-0.273 2.592 6.552 080800 0.273
-3.549 2.865 -3.822 F76D08 0.273
-3.549 2.865 -3.549 F76D08 0.273
-3.276 2.865 -3.276 080800 0.273
-3.003 2.865 -3.003 080800 0.273
-6.552 2.865 -1.365 F76D08 0.273
-6.552 2.865 -1.092 F76D08 0.273
-4.914 2.865 -0.819 080800 0.273
-4.641 2.865 -0.5459999 080800 0.273
-6.006 2.865 1.092 F76D08 0.273
-6.279 2.865 1.365 F76D08 0.273
-6.006 2.865 1.638 F76D08 0.273
-1.092 2.865 2.184 080800 0.273
-1.365 2.865 2.457 080800 0.273
-1.638 2.865 2.73 080800 0.273
-1.638 2.865 3.003 080800 0.273
-1.911 2.865 3.276 080800 0.273
-4.095 2.865 3.549 080800 0.273
-4.641 2.865 3.822 F76D08 0.273
-4.914 2.865 4.095 F76D08 0.273
-4.914 2.865 4.368 F76D08 0.273
-4.914 2.865 4.641 F76D08 0.273
-1.638 2.865 4.914 080800 0.273
-1.638 2.865 5.187 080800 0.273
-1.365 2.865 5.46 080800 0.273
-1.365 2.865 5.733 080800 0.273
-1.092 2.865 6.006 080800 0.273
-0.819 2.865 6.279 080800 0.273
-3.276 3.138 -3.549 F76D08 0.273
-6.006 3.138 -1.365 F76D08 0.273
-6.006 3.138 -1.092 F76D08 0.273
-5.733 3.138 -0.819 F76D08 0.273
-0.273 3.138 2.184 080800 0.273
-1.365 3.138 2.457 080800 0.273
-1.365 3.138 2.73 080800 0.273
-1.638 3.138 3.003 080800 0.273
-1.638 3.138 3.276 080800 0.273
-1.911 3.138 3.549 080800 0.273
-4.368 3.138 3.822 080800 0.273
-4.641 3.138 4.095 F76D08 0.273
-4.641 3.138 4.368 F76D08 0.273
-1.638 3.138 4.641 080800 0.273
-1.638 3.138 4.914 080800 0.273
-1.638 3.138 5.187 080800 0.273
-1.365 3.138 5.46 080800 0.273
-1.092 3.138 5.733 080800 0.273
-1.092 3.138 6.006 080800 0.273
-0.273 3.138 6.279 080800 0.273
-5.733 3.411 -1.092 F76D08 0.273
-5.46 3.411 -0.819 F76D08 0.273
-0.5459999 3.411 2.457 080800 0.273
-1.092 3.411 2.73 080800 0.273
-1.365 3.411 3.003 080800 0.273
-1.365 3.411 3.276 080800 0.273
-1.638 3.411 3.549 080800 0.273
-1.638 3.411 3.822 080800 0.273
-1.638 3.411 4.095 080800 0.273
-1.638 3.411 4.368 080800 0.273
-1.365 3.411 4.641 080800 0.273
-1.365 3.411 4.914 080800 0.273
-1.365 3.411 5.187 080800 0.273
-1.092 3.411 5.46 080800 0.273
-0.819 3.411 5.733 080800 0.273
-0.5459999 3.684 3.003 080800 0.273
-1.092 3.684 3.276 080800 0.273
-1.365 3.684 3.549 080800 0.273
-1.365 3.684 3.822 080800 0.273
-1.365 3.684 4.095 080800 0.273
-1.365 3.684 4.368 080800 0.273
-1.365 3.684 4.641 080800 0.273
-1.365 3.684 4.914 080800 0.273
-1.092 3.684 5.187 080800 0.273
-0.5459999 3.684 5.46 080800 0.273
-0.273 3.957 3.549 080800 0.273
-0.819 3.957 3.822 080800 0.273
-0.819 3.957 4.095 080800 0.273
-0.5459999 3.957 4.368 080800 0.273
-0.273 3.957 4.641 080800 0.273
-0.273 3.957 4.914 080800 0.273
-10.92 -0.138 1.911 080800 0.273
10.92 -0.138 1.911 080800 0.273
-10.92 0.135 1.911 080800 0.273
10.374 0.135 1.911 080800 0.273
-10.647 0.4080001 1.911 080800 0.273
-10.374 0.135 1.911 080800 0.273
-10.101 0.4080001 1.911 080800 0.273
-10.101 0.4080001 1.638 080800 0.273
9.827999 0.4080001 1.911 080800 0.273
-10.101 0.681 1.911 080800 0.273
-9.827999 0.4080001 1.911 080800 0.273
-9.827999 0.4080001 1.638 080800 0.273
9.827999 0.681 -2.184 080800 0.273
-9.827999 0.681 1.638 080800 0.273
-9.827999 0.9540001 -2.184 080800 0.273
-9.554999 0.681 1.911 080800 0.273
-0.273 0.681 1.638 080800 0.273
-0.5459999 0.681 1.911 080800 0.273
9.282 0.9540001 -2.184 080800 0.273
-9.554999 0.9540001 1.638 080800 0.273
-9.554999 0.9540001 1.911 080800 0.273
-9.554999 1.227 -2.184 080800 0.273
-9.282 0.9540001 -2.184 080800 0.273
-9.282 0.681 1.638 080800 0.273
-9.282 0.681 1.911 080800 0.273
-9.282 0.9540001 -1.911 080800 0.273
-0.819 0.9540001 1.638 080800 0.273
-1.092 0.9540001 1.911 080800 0.273
-9.282 1.227 -2.184 080800 0.273
-9.282 1.227 1.638 080800 0.273
-9.009 1.227 -1.911 080800 0.273
-9.009 0.9540001 1.638 080800 0.273
-9.009 0.9540001 1.911 080800 0.273
-9.009 1.227 -2.184 080800 0.273
8.462999 1.227 -1.911 080800 0.273
-9.009 1.227 1.638 080800 0.273
-9.009 1.227 1.911 080800 0.273
-9.009 1.5 -1.911 080800 0.273
-8.735999 1.227 -1.911 080800 0.273
-8.735999 0.9540001 1.638 080800 0.273
-8.735999 0.9540001 1.911 080800 0.273
-8.735999 1.227 -2.184 080800 0.273
-8.735999 1.227 -1.638 080800 0.273
-1.638 1.227 1.638 080800 0.273
-8.735999 1.227 1.911 F76D08 0.273
8.19 1.5 -1.911 080800 0.273
-8.735999 1.5 -1.638 080800 0.273
-8.735999 1.5 1.638 F76D08 0.273
-8.735999 1.773 -1.911 080800 0.273
-8.462999 1.227 -1.911 080800 0.273
-8.462999 1.227 1.638 F76D08 0.273
-8.462999 0.135 7.371 080800 0.273
-8.462999 1.227 1.365 F76D08 0.273
-8.462999 1.227 1.911 F76D08 0.273
-8.462999 1.5 -2.184 080800 0.273
8.19 1.5 -1.638 080800 0.273
-8.462999 1.773 -1.911 080800 0.273
-8.462999 1.773 -1.638 080800 0.273
-8.19 1.5 -1.911 080800 0.273
-8.19 1.5 -1.638 080800 0.273
-8.19 1.227 1.638 F76D08 0.273
-8.19 1.227 1.911 F76D08 0.273
-8.19 1.5 1.365 F76D08 0.273
-1.911 1.5 1.638 080800 0.273
-8.19 1.5 1.911 F76D08 0.273
-2.184 1.773 -1.911 080800 0.273
-2.184 1.773 -1.638 080800 0.273
-8.19 1.773 1.638 F76D08 0.273
-8.19 2.046 -1.638 F76D08 0.273
-7.917 1.773 -1.638 F76D08 0.273
-7.917 1.5 1.638 F76D08 0.273
-7.917 0.4080001 7.098 080800 0.273
7.917 0.4080001 7.098 080800 0.273
-7.917 0.681 7.098 080800 0.273
-7.917 1.227 1.638 F76D08 0.273
-7.917 1.5 1.365 F76D08 0.273
-7.917 1.5 1.911 F76D08 0.273
-7.917 1.773 -1.911 F76D08 0.273
-7.917 1.773 -1.365 F76D08 0.273
-0.819 1.773 1.638 080800 0.273
-7.917 2.046 1.638 F76D08 0.273
-7.644 1.773 -1.638 F76D08 0.273
-7.644 1.5 1.638 F76D08 0.273
-7.644 0.681 6.825 080800 0.273
-7.644 0.681 6.552 080800 0.273
7.371 0.681 6.825 080800 0.273
-7.644 0.681 7.098 080800 0.273
-7.644 0.9540001 6.825 080800 0.273
-7.644 1.5 1.365 F76D08 0.273
-7.644 1.773 -1.911 F76D08 0.273
-7.644 1.773 -1.365 F76D08 0.273
-0.819 1.773 1.365 080800 0.273
-7.644 1.773 1.911 F76D08 0.273
-7.644 2.046 -1.911 F76D08 0.273
-2.184 2.046 -1.638 080800 0.273
-7.644 2.046 1.365 F76D08 0.273
-7.644 2.046 1.638 F76D08 0.273
-7.644 2.319 -1.638 F76D08 0.273
-7.371 2.046 -1.638 F76D08 0.273
-7.371 2.046 -1.365 F76D08 0.273
-7.371 1.773 1.365 F76D08 0.273
-7.371 1.773 1.638 F76D08 0.273
-7.371 0.681 6.552 080800 0.273
-7.371 0.681 6.825 080800 0.273
7.098 0.9540001 6.552 080800 0.273
-7.371 0.9540001 6.825 080800 0.273
-7.371 1.227 6.552 080800 0.273
-7.371 1.773 1.911 F76D08 0.273
-1.911 2.046 -1.365 080800 0.273
-0.5459999 2.046 1.365 080800 0.273
-0.819 2.046 1.638 080800 0.273
6.825 2.319 -1.638 F76D08 0.273
-7.371 2.319 1.638 F76D08 0.273
-7.098 2.046 -1.638 F76D08 0.273
-7.098 2.046 -1.365 F76D08 0.273
-7.098 1.773 1.365 F76D08 0.273
-7.098 1.773 1.638 F76D08 0.273
-7.098 0.9540001 6.279 080800 0.273
-7.098 0.9540001 6.552 080800 0.273
6.825 0.9540001 6.279 080800 0.273
-7.098 1.227 6.006 080800 0.273
6.552 1.227 6.279 080800 0.273
-7.098 1.227 6.552 080800 0.273
-7.098 1.5 6.279 080800 0.273
-7.098 2.046 1.365 F76D08 0.273
-7.098 2.046 1.911 F76D08 0.273
-7.098 2.319 -1.638 F76D08 0.273
6.552 2.319 -1.365 F76D08 0.273
-7.098 2.319 -1.365 F76D08 0.273
-7.098 2.592 -1.638 F76D08 0.273
-6.825 2.319 -1.638 F76D08 0.273
-6.825 2.319 -1.365 F76D08 0.273
-6.825 2.046 1.365 F76D08 0.273
-6.825 2.046 1.638 F76D08 0.273
-6.825 0.9540001 6.279 080800 0.273
6.552 1.227 6.006 F76D08 0.273
-6.825 1.227 6.552 080800 0.273
-6.825 1.5 6.279 080800 0.273
-6.825 2.046 1.092 F76D08 0.273
-6.825 2.319 1.092 F76D08 0.273
-6.825 2.319 -1.092 F76D08 0.273
-4.368 2.319 1.365 080800 0.273
-0.5459999 2.319 1.638 080800 0.273
-6.825 2.319 1.638 F76D08 0.273
-6.825 2.592 -1.638 F76D08 0.273
6.006 2.592 -1.365 F76D08 0.273
-6.825 2.592 -1.092 F76D08 0.273
-6.825 2.592 1.365 F76D08 0.273
-6.825 2.592 1.638 F76D08 0.273
-6.825 2.865 -1.365 F76D08 0.273
-6.552 2.319 -1.365 F76D08 0.273
-6.552 2.046 1.365 F76D08 0.273
-6.552 2.046 1.638 F76D08 0.273
-6.552 1.227 6.006 F76D08 0.273
-6.552 1.227 6.279 080800 0.273
-1.365 1.5 5.733 080800 0.273
-1.092 1.5 6.006 080800 0.273
-6.552 1.5 6.279 F76D08 0.273
-6.552 1.773 6.006 F76D08 0.273
-6.552 2.319 -1.638 F76D08 0.273
-6.552 2.319 1.092 F76D08 0.273
-6.552 2.319 -1.092 F76D08 0.273
-6.552 2.319 1.638 F76D08 0.273
-6.552 2.592 -1.638 F76D08 0.273
6.006 2.592 -1.092 F76D08 0.273
-5.187 2.592 1.365 080800 0.273
5.733 2.865 -1.365 F76D08 0.273
-6.279 2.592 -1.365 F76D08 0.273
-6.279 2.592 -1.092 F76D08 0.273
-6.279 2.319 1.365 F76D08 0.273
-6.279 2.319 1.638 F76D08 0.273
-6.279 1.5 5.733 F76D08 0.273
-6.279 1.5 5.46 F76D08 0.273
-6.279 1.5 6.006 F76D08 0.273
-1.638 1.773 5.46 080800 0.273
-1.638 1.773 5.733 080800 0.273
-6.279 1.773 5.733 F76D08 0.273
-6.279 2.046 5.46 F76D08 0.273
-6.279 2.046 5.733 F76D08 0.273
-6.279 2.319 1.092 F76D08 0.273
-6.279 2.592 -1.638 F76D08 0.273
-6.279 2.592 1.092 F76D08 0.273
5.733 2.592 1.638 F76D08 0.273
-6.279 2.592 1.638 F76D08 0.273
-6.279 2.865 -1.638 F76D08 0.273
5.46 2.865 -1.092 F76D08 0.273
-6.279 2.865 -1.092 F76D08 0.273
-6.279 2.865 1.638 F76D08 0.273
-6.279 3.138 -1.365 F76D08 0.273
-6.279 3.138 -1.092 F76D08 0.273
-6.006 2.865 -1.365 F76D08 0.273
-6.006 2.592 -1.092 F76D08 0.273
-6.006 2.319 1.365 F76D08 0.273
-6.006 2.592 1.638 F76D08 0.273
-6.006 1.773 5.46 F76D08 0.273
-6.006 1.773 5.733 F76D08 0.273
-6.006 -0.138 -7.9534 080800 0.273
6.006 -0.138 -7.9716 080800 0.273
6.006 0.135 -7.917 080800 0.273
-6.006 1.5 5.733 F76D08 0.273
-1.911 1.773 5.187 080800 0.273
-1.911 2.046 5.187 080800 0.273
-1.638 2.046 5.46 080800 0.273
-6.006 2.046 5.733 F76D08 0.273
-6.006 2.319 1.638 F76D08 0.273
-6.006 2.319 5.46 F76D08 0.273
-6.006 2.592 -1.365 F76D08 0.273
-5.187 2.592 1.092 080800 0.273
-6.006 2.865 -0.819 F76D08 0.273
5.187 2.865 1.365 080800 0.273
-5.187 3.138 -1.092 080800 0.273
-6.006 3.138 1.365 F76D08 0.273
-6.006 3.411 -1.092 F76D08 0.273
-5.733 0.135 -7.644 080800 0.273
-5.733 2.865 -1.365 F76D08 0.273
-5.733 2.865 -1.092 F76D08 0.273
-5.733 2.592 1.092 F76D08 0.273
-5.733 2.592 1.365 F76D08 0.273
-5.733 2.592 1.638 F76D08 0.273
-5.733 1.773 5.187 F76D08 0.273
-5.733 1.773 5.46 F76D08 0.273
5.733 0.135 -7.644 080800 0.273
-5.733 0.135 -7.371 080800 0.273
-5.733 0.4080001 -7.644 080800 0.273
5.46 0.4080001 -7.371 080800 0.273
-5.733 0.681 -7.371 080800 0.273
-5.733 2.046 5.46 F76D08 0.273
-5.733 2.319 1.365 F76D08 0.273
-5.733 2.319 5.46 F76D08 0.273
-5.733 2.865 1.092 F76D08 0.273
-5.733 2.865 -0.819 F76D08 0.273
5.733 2.865 1.092 F76D08 0.273
5.733 2.865 1.638 F76D08 0.273
-5.733 2.865 1.638 F76D08 0.273
-5.733 3.138 -1.365 F76D08 0.273
5.46 3.138 -1.365 F76D08 0.273
-5.187 3.138 -0.819 080800 0.273
-5.733 3.138 1.092 F76D08 0.273
-5.733 3.138 1.365 F76D08 0.273
-5.733 3.138 1.638 F76D08 0.273
-5.733 3.411 -1.365 F76D08 0.273
-5.733 3.411 -0.819 F76D08 0.273
-5.46 0.4080001 -7.371 080800 0.273
-5.46 0.4080001 -7.098 080800 0.273
-5.46 3.138 -1.365 F76D08 0.273
-5.46 2.865 -1.092 F76D08 0.273
-5.46 3.138 -0.819 F76D08 0.273
-5.46 2.865 1.365 080800 0.273
-5.46 2.046 4.914 F76D08 0.273
-5.46 2.046 5.187 F76D08 0.273
5.46 0.4080001 -7.098 080800 0.273
-5.46 0.4080001 -6.825 080800 0.273
-5.46 0.681 -7.371 080800 0.273
5.187 0.681 -7.098 080800 0.273
4.914 0.681 -6.825 080800 0.273
-5.46 0.9540001 -7.098 080800 0.273
-1.911 2.046 4.914 080800 0.273
-5.46 2.046 5.46 F76D08 0.273
-1.911 2.319 4.914 080800 0.273
-1.911 2.319 5.187 080800 0.273
-5.46 2.319 5.187 F76D08 0.273
-5.46 2.592 1.365 F76D08 0.273
-5.46 2.592 5.187 F76D08 0.273
-5.46 2.865 1.092 080800 0.273
-5.46 2.865 1.638 080800 0.273
-5.46 3.138 1.365 080800 0.273
-5.46 3.411 -1.365 F76D08 0.273
5.187 3.411 -1.092 080800 0.273
5.46 3.411 -0.819 F76D08 0.273
-5.46 3.684 -1.092 F76D08 0.273
-5.46 3.684 -0.819 F76D08 0.273
-5.187 0.681 -6.825 080800 0.273
-5.187 0.681 -6.552 080800 0.273
-5.187 2.319 4.641 F76D08 0.273
-5.187 2.046 4.914 F76D08 0.273
-5.187 0.681 -7.098 080800 0.273
4.914 0.681 -6.552 080800 0.273
-5.187 0.9540001 -6.825 080800 0.273
4.914 0.9540001 -6.825 080800 0.273
4.914 0.9540001 -6.552 F76D08 0.273
4.641 0.9540001 -6.279 F76D08 0.273
-5.187 1.227 -6.552 080800 0.273
-5.187 2.046 5.187 F76D08 0.273
-5.187 2.319 4.368 F76D08 0.273
-1.911 2.319 4.641 080800 0.273
-5.187 2.319 5.187 F76D08 0.273
4.368 2.592 1.365 080800 0.273
-1.911 2.592 4.641 080800 0.273
-1.911 2.592 4.914 080800 0.273
-5.187 2.592 4.914 F76D08 0.273
-5.187 2.865 1.365 080800 0.273
-5.187 2.865 4.641 F76D08 0.273
4.914 3.138 -1.092 080800 0.273
4.641 3.138 -0.819 080800 0.273
-5.187 3.411 -1.092 080800 0.273
-5.187 3.411 -0.819 080800 0.273
-4.914 0.9540001 -6.552 080800 0.273
-4.914 0.9540001 -6.279 F76D08 0.273
-4.914 0.9540001 -6.006 F76D08 0.273
-4.914 3.138 -0.819 080800 0.273
-4.914 2.592 1.092 080800 0.273
-4.914 2.592 1.365 080800 0.273
-4.914 2.592 4.368 F76D08 0.273
-4.914 2.319 4.641 F76D08 0.273
-4.914 0.681 -6.825 080800 0.273
-4.914 0.681 -6.552 080800 0.273
-4.914 0.9540001 -6.825 080800 0.273
-4.914 1.227 -6.279 F76D08 0.273
-4.914 1.227 -6.552 F76D08 0.273
4.641 1.227 -6.279 F76D08 0.273
4.641 1.227 -6.006 F76D08 0.273
-4.914 1.5 -6.279 F76D08 0.273
-4.914 2.319 4.368 F76D08 0.273
-4.914 2.319 4.914 F76D08 0.273
4.095 2.592 1.092 080800 0.273
-4.914 2.592 4.095 F76D08 0.273
-2.184 2.592 4.368 080800 0.273
-4.914 2.592 4.914 F76D08 0.273
-4.914 2.865 1.092 080800 0.273
-4.914 2.865 1.365 080800 0.273
-1.911 2.865 4.368 080800 0.273
-1.911 2.865 4.641 080800 0.273
-4.914 3.138 -1.092 080800 0.273
-4.914 3.138 -0.5459999 080800 0.273
-4.914 3.138 4.368 F76D08 0.273
-4.914 3.411 -0.819 080800 0.273
-4.641 1.227 -6.006 F76D08 0.273
-4.641 1.227 -5.733 F76D08 0.273
-4.641 2.865 -0.819 080800 0.273
-4.641 2.592 1.092 080800 0.273
-4.641 2.592 1.365 080800 0.273
-4.641 2.865 4.095 F76D08 0.273
-4.641 2.592 4.368 F76D08 0.273
-4.641 2.592 4.641 F76D08 0.273
-4.641 0.9540001 -6.279 F76D08 0.273
-4.641 1.227 -6.279 F76D08 0.273
4.368 1.227 -5.733 F76D08 0.273
-4.641 1.5 -6.006 F76D08 0.273
4.641 1.5 -6.006 F76D08 0.273
4.368 1.5 -5.733 F76D08 0.273
4.095 1.5 -5.46 F76D08 0.273
-4.641 1.773 -5.733 F76D08 0.273
-4.641 2.592 4.095 F76D08 0.273
-4.641 2.865 -1.092 080800 0.273
4.095 2.865 -0.819 080800 0.273
-4.641 2.865 1.092 080800 0.273
-4.641 2.865 1.365 080800 0.273
-1.911 2.865 4.095 080800 0.273
-4.641 2.865 4.641 F76D08 0.273
-4.641 3.138 -0.819 080800 0.273
-4.641 3.138 3.822 F76D08 0.273
-1.911 3.138 4.095 080800 0.273
-4.641 3.411 -0.819 080800 0.273
-4.368 1.5 -5.733 F76D08 0.273
-4.368 1.5 -5.46 F76D08 0.273
-4.368 2.865 -0.819 080800 0.273
-4.368 2.865 -0.5459999 080800 0.273
-4.368 2.865 4.095 F76D08 0.273
-4.368 2.865 4.368 F76D08 0.273
-4.368 1.227 -5.733 F76D08 0.273
4.095 1.5 -5.187 F76D08 0.273
-4.368 1.773 -5.46 F76D08 0.273
-4.368 1.773 -5.733 F76D08 0.273
4.095 1.773 -5.46 F76D08 0.273
3.822 1.773 -5.187 F76D08 0.273
3.822 1.773 -4.914 F76D08 0.273
-4.368 2.046 -5.46 F76D08 0.273
3.003 2.319 1.092 080800 0.273
-4.368 2.592 1.092 080800 0.273
-4.368 2.592 1.365 080800 0.273
-4.368 2.865 3.822 F76D08 0.273
4.095 2.865 -0.5459999 080800 0.273
-4.095 2.865 3.822 080800 0.273
-4.368 3.138 -0.819 080800 0.273
-4.368 3.138 -0.5459999 080800 0.273
-1.638 3.138 4.368 080800 0.273
-4.368 3.138 4.368 F76D08 0.273
-4.368 3.411 4.095 F76D08 0.273
-4.095 1.773 -5.187 F76D08 0.273
-4.095 1.773 -4.914 F76D08 0.273
-4.095 1.773 -4.641 F76D08 0.273
-4.095 2.592 -0.5459999 080800 0.273
-4.095 2.319 1.092 080800 0.273
-4.095 2.319 1.365 080800 0.273
-4.095 3.138 4.095 080800 0.273
-4.095 1.5 -5.46 F76D08 0.273
-4.095 1.5 -5.187 F76D08 0.273
-4.095 1.773 -5.46 F76D08 0.273
-4.095 2.046 -5.187 F76D08 0.273
4.095 2.046 -5.187 F76D08 0.273
3.822 2.046 -4.914 F76D08 0.273
3.549 2.046 -4.641 F76D08 0.273
-4.095 2.319 0.819 080800 0.273
-4.095 2.319 -4.914 F76D08 0.273
3.549 2.319 1.365 080800 0.273
3.822 2.592 -0.819 080800 0.273
-4.095 2.592 1.092 080800 0.273
3.276 2.592 -0.5459999 080800 0.273
-4.095 2.592 1.365 080800 0.273
-4.095 2.865 -0.819 080800 0.273
-4.095 2.865 -0.5459999 080800 0.273
-2.184 2.865 3.822 080800 0.273
-4.095 2.865 4.095 F76D08 0.273
-4.095 3.138 3.822 080800 0.273
-1.911 3.138 3.822 080800 0.273
-4.095 3.138 4.368 F76D08 0.273
-3.822 1.773 -4.914 F76D08 0.273
-3.822 2.046 -4.641 F76D08 0.273
-3.822 2.046 -4.368 F76D08 0.273
-3.822 2.319 1.365 080800 0.273
-3.822 2.865 3.822 080800 0.273
-3.822 1.773 -5.187 F76D08 0.273
3.822 1.773 -4.641 F76D08 0.273
-3.822 2.046 -4.914 F76D08 0.273
3.549 2.046 -4.368 F76D08 0.273
-3.822 2.319 -4.914 F76D08 0.273
3.549 2.319 -4.641 F76D08 0.273
3.276 2.319 -4.368 F76D08 0.273
3.276 2.319 -4.095 F76D08 0.273
3.003 2.319 -0.5459999 080800 0.273
-3.822 2.319 0.819 080800 0.273
-3.822 2.592 -4.641 F76D08 0.273
-3.822 2.592 -0.819 080800 0.273
-3.822 2.592 -0.273 080800 0.273
-3.822 2.592 1.092 080800 0.273
-3.822 2.592 1.365 080800 0.273
-3.822 2.865 3.276 080800 0.273
-3.822 2.865 -0.5459999 080800 0.273
-1.911 2.865 3.549 080800 0.273
-3.822 3.138 3.549 080800 0.273
-3.822 3.138 3.822 080800 0.273
-3.549 2.046 -4.368 F76D08 0.273
-3.549 2.319 -4.095 F76D08 0.273
-3.549 2.319 -3.822 F76D08 0.273
-3.549 2.319 -0.5459999 080800 0.273
-3.549 2.046 1.092 080800 0.273
-3.549 2.592 3.276 080800 0.273
-3.549 2.592 3.549 080800 0.273
-3.549 2.046 0.819 080800 0.273
-3.549 2.046 -4.641 F76D08 0.273
-0.5459999 2.046 1.092 080800 0.273
-3.549 2.046 1.365 080800 0.273
-3.549 2.319 -4.641 F76D08 0.273
-3.549 2.319 -0.819 080800 0.273
-3.549 2.319 0.819 080800 0.273
2.73 2.319 -0.273 080800 0.273
-3.549 2.319 1.365 080800 0.273
-3.549 2.592 -4.368 F76D08 0.273
3.276 2.592 -4.368 F76D08 0.273
-3.549 2.592 -0.819 080800 0.273
3.276 2.592 -4.095 F76D08 0.273
3.003 2.592 -3.822 F76D08 0.273
-3.549 2.592 3.003 080800 0.273
3.549 2.592 -0.273 080800 0.273
-3.549 2.592 1.092 080800 0.273
-2.184 2.592 3.276 080800 0.273
-2.184 2.592 3.549 080800 0.273
-3.549 2.865 -4.095 F76D08 0.273
-3.549 2.865 3.276 080800 0.273
-3.549 2.865 -0.5459999 080800 0.273
-3.549 2.865 3.549 080800 0.273
-3.276 2.319 -4.095 F76D08 0.273
-3.276 2.592 -3.822 F76D08 0.273
-3.276 2.592 -3.549 F76D08 0.273
-3.276 2.319 -0.5459999 080800 0.273
-3.276 2.046 1.092 080800 0.273
-3.276 2.046 -0.5459999 080800 0.273
-3.276 2.046 0.819 080800 0.273
-3.276 2.046 1.365 080800 0.273
-3.276 2.319 -4.368 F76D08 0.273
3.276 2.319 -3.822 F76D08 0.273
-3.276 2.319 0.819 080800 0.273
-3.276 2.319 -0.273 080800 0.273
-3.276 2.319 1.365 080800 0.273
-2.184 2.319 3.003 080800 0.273
-2.184 2.319 3.276 080800 0.273
-3.276 2.592 -4.368 F76D08 0.273
-3.276 2.592 -0.5459999 080800 0.273
3.003 2.592 -3.549 F76D08 0.273
-3.276 2.592 -0.273 080800 0.273
-3.276 2.592 1.092 080800 0.273
-1.911 2.592 3.003 080800 0.273
-3.276 2.592 3.549 080800 0.273
-3.276 2.865 -4.095 F76D08 0.273
3.003 2.865 -3.822 F76D08 0.273
3.003 2.865 -3.549 F76D08 0.273
-3.276 2.865 3.276 080800 0.273
-3.276 3.138 -3.822 F76D08 0.273
-3.003 2.592 -3.822 F76D08 0.273
-3.003 2.592 -3.549 F76D08 0.273
-3.003 2.046 -0.273 080800 0.273
-3.003 2.046 3.003 080800 0.273
2.73 2.046 -0.5459999 080800 0.273
2.184 2.046 -0.273 080800 0.273
-3.003 2.046 0 080800 0.273
-0.5459999 2.046 0.819 080800 0.273
-3.003 2.046 1.365 080800 0.273
-3.003 2.319 -0.5459999 080800 0.273
-3.003 2.319 1.092 080800 0.273
-3.003 2.319 0 080800 0.273
-3.003 2.319 0.819 080800 0.273
-1.911 2.319 2.73 080800 0.273
-3.003 2.319 3.276 080800 0.273
-3.276 2.592 -4.095 F76D08 0.273
2.457 2.592 -3.003 080800 0.273
-3.003 2.592 3.003 080800 0.273
-3.003 2.592 -0.5459999 080800 0.273
-3.003 2.592 -0.273 080800 0.273
-3.003 2.592 2.73 080800 0.273
-3.003 2.592 3.276 080800 0.273
-3.003 2.865 -3.822 F76D08 0.273
2.73 2.865 -3.276 080800 0.273
-3.003 3.138 -3.822 F76D08 0.273
-3.003 3.138 -3.549 F76D08 0.273
3.003 3.138 -3.549 F76D08 0.273
-3.003 3.138 -3.276 080800 0.273
-2.73 2.592 -3.003 080800 0.273
-2.73 1.773 1.092 080800 0.273
-2.73 2.046 2.73 080800 0.273
-2.73 2.046 3.003 080800 0.273
-0.5459999 1.773 -0.273 080800 0.273
-0.819 1.773 0.819 080800 0.273
-0.819 1.773 1.092 080800 0.273
-2.73 1.773 1.365 080800 0.273
-2.73 2.046 -0.5459999 080800 0.273
-2.73 2.046 0.819 080800 0.273
0 2.046 0 080800 0.273
-2.73 2.046 1.365 080800 0.273
-1.911 2.046 2.457 080800 0.273
-1.911 2.046 2.73 080800 0.273
2.457 2.319 -2.73 080800 0.273
-2.73 2.319 -0.273 080800 0.273
2.184 2.319 -2.457 080800 0.273
-2.73 2.319 2.457 080800 0.273
-2.73 2.319 0 080800 0.273
-2.73 2.319 0.819 080800 0.273
-2.73 2.319 1.092 080800 0.273
-2.73 2.319 3.003 080800 0.273
-2.73 2.592 -3.276 080800 0.273
3.003 2.592 -3.276 080800 0.273
2.457 2.592 -2.73 080800 0.273
-2.73 2.592 -2.457 080800 0.273
-2.73 2.592 2.73 080800 0.273
-2.73 2.592 3.003 080800 0.273
-3.003 2.865 -3.549 F76D08 0.273
-2.73 2.865 -3.276 080800 0.273
-2.73 2.865 -3.003 080800 0.273
2.73 2.865 -3.003 080800 0.273
-2.73 2.865 -2.73 080800 0.273
-2.457 2.319 -2.73 080800 0.273
-2.457 2.046 -2.457 080800 0.273
-2.457 1.773 -0.273 080800 0.273
-2.457 1.773 0 080800 0.273
-2.457 1.773 0.819 080800 0.273
-2.457 2.046 2.73 080800 0.273
-2.457 1.773 -0.5459999 080800 0.273
-0.5459999 1.773 0 080800 0.273
-2.457 1.773 1.365 080800 0.273
-1.365 1.773 2.184 080800 0.273
-1.911 1.773 2.457 080800 0.273
-2.457 1.773 2.73 080800 0.273
1.911 2.046 -2.184 080800 0.273
-2.457 2.046 -0.5459999 080800 0.273
-2.457 2.046 0.819 080800 0.273
-2.457 2.046 0 080800 0.273
-2.457 2.046 1.092 080800 0.273
-2.457 2.319 2.457 080800 0.273
2.184 2.319 -2.184 080800 0.273
-2.457 2.319 -1.911 080800 0.273
-2.457 2.319 -0.273 080800 0.273
-2.457 2.319 0 080800 0.273
-2.457 2.319 1.092 080800 0.273
-2.457 2.319 2.73 080800 0.273
-2.457 2.592 -3.003 080800 0.273
2.457 2.592 -2.457 080800 0.273
-2.457 2.592 -2.184 080800 0.273
-2.457 2.592 -2.73 080800 0.273
-2.184 2.319 -2.457 080800 0.273
-2.184 2.046 -2.184 080800 0.273
-2.184 1.5 0.819 080800 0.273
-2.184 1.5 1.092 080800 0.273
-2.184 1.773 2.457 080800 0.273
-0.819 1.5 0 080800 0.273
-2.184 1.5 0.5459999 080800 0.273
-0.819 1.5 0.819 080800 0.273
-0.819 1.5 1.092 080800 0.273
-2.184 1.5 1.365 080800 0.273
1.911 1.773 -1.911 080800 0.273
-2.184 1.773 -0.273 080800 0.273
1.638 1.773 -1.638 080800 0.273
-2.184 1.773 0.5459999 080800 0.273
-2.184 1.773 0.273 080800 0.273
-2.184 1.773 1.365 080800 0.273
-2.184 1.773 2.73 080800 0.273
-2.184 2.046 -2.457 080800 0.273
-2.184 2.046 -0.273 080800 0.273
1.911 2.046 -1.911 080800 0.273
1.638 2.046 -1.638 080800 0.273
-2.184 2.046 0 080800 0.273
-2.184 2.046 1.092 080800 0.273
-2.184 2.046 0.819 080800 0.273
-2.184 2.046 2.184 080800 0.273
-1.365 2.046 2.184 080800 0.273
-2.184 2.046 2.73 080800 0.273
-2.184 2.319 -1.638 080800 0.273
-2.184 2.319 2.184 080800 0.273
-2.184 2.319 2.457 080800 0.273
-2.184 2.592 -2.457 080800 0.273
-2.184 2.592 -2.184 080800 0.273
3.276 2.592 3.549 080800 0.273
-2.184 2.865 4.095 080800 0.273
-1.911 1.773 -1.911 080800 0.273
-1.911 1.5 -1.638 080800 0.273
-1.911 1.5 -0.273 080800 0.273
-1.911 1.5 1.911 080800 0.273
-1.911 1.5 2.184 080800 0.273
-1.911 1.227 3.276 080800 0.273
-1.911 1.227 3.549 080800 0.273
-1.911 1.227 3.822 080800 0.273
-1.911 1.227 4.095 080800 0.273
-1.092 1.227 0.819 080800 0.273
1.365 1.5 -1.365 080800 0.273
-0.5459999 1.5 -0.273 080800 0.273
-1.911 1.5 0.5459999 080800 0.273
-1.911 1.5 1.365 080800 0.273
-1.092 1.5 1.911 080800 0.273
-1.638 1.5 2.184 080800 0.273
-1.911 1.773 -0.273 080800 0.273
1.365 1.773 -1.365 080800 0.273
-1.911 1.773 0.819 080800 0.273
-1.911 1.773 0.273 080800 0.273
-1.911 1.773 1.638 080800 0.273
-1.911 1.773 1.092 080800 0.273
-1.092 1.773 1.911 080800 0.273
-1.911 2.046 -2.184 080800 0.273
-1.911 2.046 -0.273 080800 0.273
-1.911 2.046 0 080800 0.273
-1.911 2.046 0.819 080800 0.273
-1.911 2.046 1.092 080800 0.273
-1.911 2.046 1.911 080800 0.273
-1.911 2.046 2.184 080800 0.273
2.184 2.046 2.73 080800 0.273
5.187 2.046 4.914 F76D08 0.273
-2.184 2.319 -2.184 080800 0.273
-1.911 2.319 -1.911 080800 0.273
2.184 2.319 -1.911 080800 0.273
-1.911 2.319 -1.638 080800 0.273
2.457 2.319 2.73 080800 0.273
2.73 2.319 3.003 080800 0.273
3.003 2.319 3.276 080800 0.273
4.914 2.319 4.641 F76D08 0.273
4.914 2.319 4.914 F76D08 0.273
3.003 2.592 3.003 080800 0.273
3.003 2.592 3.276 080800 0.273
4.641 2.592 4.368 F76D08 0.273
4.641 2.592 4.641 F76D08 0.273
4.914 2.592 4.914 F76D08 0.273
3.549 2.865 3.549 080800 0.273
3.822 2.865 3.822 080800 0.273
4.095 2.865 4.095 F76D08 0.273
4.368 2.865 4.368 F76D08 0.273
-1.911 2.865 4.914 080800 0.273
-1.911 3.138 4.368 080800 0.273
-1.638 1.773 -1.638 080800 0.273
-1.638 1.5 -1.365 080800 0.273
-1.638 1.227 0 080800 0.273
-1.638 1.227 0.819 080800 0.273
-1.638 1.227 1.092 080800 0.273
-1.638 1.227 1.911 080800 0.273
-1.638 1.227 2.457 080800 0.273
-1.638 1.227 2.73 080800 0.273
-1.638 1.227 3.003 080800 0.273
-1.638 1.227 3.276 080800 0.273
-1.638 1.227 4.368 080800 0.273
-1.638 1.5 4.914 080800 0.273
-1.092 1.227 0 080800 0.273
-1.638 1.227 0.5459999 080800 0.273
-0.819 1.227 0.273 080800 0.273
-1.092 1.227 1.092 080800 0.273
-0.819 1.227 1.638 080800 0.273
-1.365 1.227 1.911 080800 0.273
-1.638 1.5 -1.638 080800 0.273
-1.638 1.5 -0.273 080800 0.273
1.092 1.5 -1.092 080800 0.273
-0.273 1.5 -0.819 080800 0.273
-1.638 1.5 0.5459999 080800 0.273
-0.819 1.5 0.273 080800 0.273
-1.638 1.5 0.273 080800 0.273
-1.638 1.5 1.092 080800 0.273
-0.819 1.5 1.638 080800 0.273
-1.638 1.773 0 080800 0.273
1.365 1.773 -1.092 080800 0.273
-1.638 1.773 -0.819 080800 0.273
-1.638 1.773 -0.273 080800 0.273
-1.638 1.773 0.819 080800 0.273
-1.638 1.773 0.273 080800 0.273
-1.638 1.773 1.092 080800 0.273
-1.638 1.773 1.638 080800 0.273
-1.638 1.773 2.184 080800 0.273
1.911 1.773 2.457 080800 0.273
5.733 1.773 5.187 F76D08 0.273
5.733 1.773 5.46 F76D08 0.273
-1.638 2.046 2.457 080800 0.273
-1.911 2.046 -1.911 080800 0.273
-1.638 2.046 -1.638 080800 0.273
-1.638 2.046 -1.365 080800 0.273
1.638 2.046 -1.365 080800 0.273
-1.638 2.046 -1.092 080800 0.273
-1.638 2.046 0 080800 0.273
-1.638 2.046 1.911 080800 0.273
1.911 2.046 2.457 080800 0.273
5.187 2.046 5.187 F76D08 0.273
5.733 2.046 5.46 F76D08 0.273
-1.638 2.319 2.457 080800 0.273
5.187 2.319 5.187 F76D08 0.273
4.641 2.865 4.641 F76D08 0.273
4.095 3.138 3.822 080800 0.273
4.095 3.138 4.095 080800 0.273
4.095 3.138 4.368 F76D08 0.273
-1.638 3.684 3.822 080800 0.273
-1.365 1.227 -1.092 080800 0.273
-1.365 0.9540001 -0.819 080800 0.273
-1.365 1.227 -0.5459999 080800 0.273
-1.365 1.227 -0.273 080800 0.273
-1.365 1.227 0 080800 0.273
-1.365 1.227 0.273 080800 0.273
-1.365 0.9540001 0.819 080800 0.273
-1.365 1.227 1.092 080800 0.273
-1.365 1.227 1.365 080800 0.273
-1.365 1.227 1.638 080800 0.273
-1.365 1.227 2.184 080800 0.273
-1.365 0.9540001 3.003 080800 0.273
-1.365 0.9540001 3.276 080800 0.273
-1.365 0.9540001 3.549 080800 0.273
-1.365 0.9540001 3.822 080800 0.273
-1.365 0.9540001 4.095 080800 0.273
-1.365 1.227 4.914 080800 0.273
-1.365 1.773 5.733 080800 0.273
-1.092 1.227 -1.092 080800 0.273
-0.819 1.227 -0.819 080800 0.273
-0.819 1.227 -0.5459999 080800 0.273
-0.819 1.227 1.365 080800 0.273
-1.365 1.5 -1.365 080800 0.273
-1.365 1.5 -0.273 080800 0.273
-0.5459999 1.5 -0.5459999 080800 0.273
-1.365 1.5 0.5459999 080800 0.273
-1.365 1.5 0.273 080800 0.273
-1.365 1.5 1.365 080800 0.273
-0.819 1.5 1.365 080800 0.273
-1.365 1.5 2.184 080800 0.273
-1.365 1.5 1.092 080800 0.273
1.638 1.5 2.184 080800 0.273
-1.365 1.5 1.911 080800 0.273
-1.365 1.773 -1.365 080800 0.273
-1.365 1.773 -1.092 080800 0.273
-1.365 1.773 -0.819 080800 0.273
-1.365 1.773 -0.5459999 080800 0.273
-1.365 1.773 0 080800 0.273
-1.365 1.773 0.273 080800 0.273
-1.365 1.773 0.819 080800 0.273
-1.365 1.773 1.365 080800 0.273
-1.365 1.773 1.638 080800 0.273
-1.365 1.773 1.911 080800 0.273
-1.638 1.773 1.911 080800 0.273
1.638 1.773 2.184 080800 0.273
6.006 1.773 5.733 F76D08 0.273
1.911 2.046 2.184 080800 0.273
-1.365 3.411 2.73 080800 0.273
-1.365 3.684 3.276 080800 0.273
-1.365 3.957 3.822 080800 0.273
-1.365 3.957 4.095 080800 0.273
-1.092 1.227 -0.819 080800 0.273
-1.092 0.9540001 -0.5459999 080800 0.273
-1.092 1.227 0.273 080800 0.273
-1.092 1.227 0.5459999 080800 0.273
-1.092 0.9540001 1.365 080800 0.273
-1.092 1.227 1.638 080800 0.273
-1.092 1.227 1.911 080800 0.273
-1.092 0.9540001 2.457 080800 0.273
-1.092 0.9540001 2.73 080800 0.273
-1.092 0.9540001 3.003 080800 0.273
-1.092 0.9540001 3.276 080800 0.273
-1.092 0.9540001 4.095 080800 0.273
-1.092 0.9540001 4.368 080800 0.273
-1.092 0.9540001 4.641 080800 0.273
-1.092 0.9540001 4.914 080800 0.273
-1.092 1.227 5.187 080800 0.273
-1.092 1.5 5.733 080800 0.273
-1.092 1.773 6.006 080800 0.273
-0.819 0.9540001 -0.5459999 080800 0.273
-0.819 0.9540001 -0.273 080800 0.273
-1.092 0.9540001 5.187 080800 0.273
-0.819 1.227 -0.273 080800 0.273
1.365 1.227 1.911 080800 0.273
-1.092 1.5 -1.092 080800 0.273
-1.092 1.5 0 080800 0.273
-1.092 1.5 -0.273 080800 0.273
-1.092 1.5 0.273 080800 0.273
-1.092 1.5 0.819 080800 0.273
-1.092 1.5 0.5459999 080800 0.273
-1.092 1.5 1.365 080800 0.273
-1.092 1.5 1.638 080800 0.273
1.365 1.5 1.911 080800 0.273
6.006 1.5 5.733 F76D08 0.273
-1.092 1.5 -0.819 080800 0.273
-1.092 1.5 -0.5459999 080800 0.273
1.638 1.773 1.911 080800 0.273
-1.092 2.592 2.184 080800 0.273
-1.092 3.138 2.184 080800 0.273
-1.092 3.411 2.457 080800 0.273
-1.092 3.411 5.733 080800 0.273
-1.092 3.684 3.003 080800 0.273
-1.092 3.684 5.46 080800 0.273
-1.092 3.957 3.549 080800 0.273
-1.092 3.957 3.822 080800 0.273
-1.092 3.957 4.095 080800 0.273
-1.092 3.957 4.368 080800 0.273
-1.092 3.957 4.641 080800 0.273
-1.092 3.957 4.914 080800 0.273
-0.819 0.9540001 -1.092 080800 0.273
-0.819 0.9540001 -0.819 080800 0.273
-0.819 0.9540001 0.273 080800 0.273
-0.819 0.9540001 0.5459999 080800 0.273
-0.819 0.9540001 0.819 080800 0.273
-0.819 0.9540001 1.092 080800 0.273
-0.819 0.9540001 1.911 080800 0.273
-0.819 0.9540001 2.184 080800 0.273
-0.819 0.9540001 2.457 080800 0.273
-0.819 0.681 3.549 080800 0.273
-0.819 0.681 3.822 080800 0.273
-0.819 0.9540001 4.368 080800 0.273
-0.819 0.9540001 4.641 080800 0.273
-0.819 0.9540001 4.914 080800 0.273
-0.819 1.227 5.46 080800 0.273
-0.819 1.5 6.006 080800 0.273
-0.819 1.773 6.279 080800 0.273
0.5459999 0.9540001 -1.365 080800 0.273
-0.273 0.9540001 -1.092 080800 0.273
-0.273 0.9540001 -0.819 080800 0.273
0.819 0.9540001 -0.5459999 080800 0.273
0.819 0.9540001 -0.273 080800 0.273
-0.819 1.227 0.5459999 080800 0.273
-0.819 1.227 0.819 080800 0.273
8.735999 0.9540001 1.638 F76D08 0.273
8.735999 0.9540001 1.911 080800 0.273
-0.819 1.227 -1.092 080800 0.273
-0.819 1.227 -1.365 080800 0.273
-0.273 1.227 -1.092 080800 0.273
-0.5459999 1.227 -0.819 080800 0.273
0.819 1.227 -0.5459999 080800 0.273
-0.819 1.227 0 080800 0.273
-0.819 1.227 1.092 080800 0.273
0.5459999 1.227 0.819 080800 0.273
1.365 1.227 1.092 080800 0.273
0.819 1.227 1.365 080800 0.273
1.092 1.227 1.638 080800 0.273
-0.819 1.5 -0.819 080800 0.273
-0.819 1.5 -0.5459999 080800 0.273
-0.819 1.5 -0.273 080800 0.273
1.092 1.5 0.819 080800 0.273
1.365 1.5 1.092 080800 0.273
1.092 1.5 1.365 080800 0.273
1.092 1.5 1.638 080800 0.273
6.279 1.5 6.006 F76D08 0.273
-0.819 1.5 6.279 080800 0.273
1.911 1.773 1.092 080800 0.273
-0.819 2.319 1.638 080800 0.273
-0.819 2.592 6.279 080800 0.273
-0.819 2.865 1.911 080800 0.273
-0.819 3.138 2.184 080800 0.273
-0.819 3.138 6.279 080800 0.273
-0.819 3.411 2.457 080800 0.273
-0.819 3.411 6.006 080800 0.273
-0.819 3.684 3.276 080800 0.273
-0.819 3.684 2.73 080800 0.273
-0.819 3.684 3.003 080800 0.273
-0.819 3.684 5.46 080800 0.273
-0.819 3.957 3.549 080800 0.273
-0.819 3.957 4.368 080800 0.273
-0.819 3.957 4.641 080800 0.273
-0.819 3.957 4.914 080800 0.273
-0.819 3.957 5.187 080800 0.273
-0.5459999 0.9540001 -0.819 080800 0.273
-0.5459999 0.9540001 -0.5459999 080800 0.273
-0.5459999 0.9540001 -0.273 080800 0.273
-0.5459999 0.9540001 0 080800 0.273
-0.5459999 0.681 0.819 080800 0.273
-0.5459999 0.681 1.092 080800 0.273
-0.5459999 0.681 1.638 080800 0.273
-0.5459999 0.681 2.73 080800 0.273
-0.5459999 0.681 3.003 080800 0.273
-0.5459999 0.681 3.276 080800 0.273
-0.5459999 0.681 3.549 080800 0.273
-0.5459999 0.681 3.822 080800 0.273
-0.5459999 0.681 4.095 080800 0.273
-0.5459999 0.9540001 4.641 080800 0.273
-0.5459999 0.9540001 4.914 080800 0.273
-0.5459999 0.9540001 5.187 080800 0.273
-0.5459999 1.227 5.46 080800 0.273
-0.5459999 1.227 5.733 080800 0.273
-0.5459999 1.5 6.006 080800 0.273
-0.5459999 1.773 6.279 080800 0.273
-0.5459999 2.046 6.552 080800 0.273
-0.5459999 0.9540001 -1.638 080800 0.273
0.5459999 0.9540001 -1.638 080800 0.273
-0.5459999 0.9540001 -1.365 080800 0.273
-0.5459999 1.227 0 080800 0.273
0.5459999 0.9540001 0 080800 0.273
-0.5459999 0.9540001 0.273 080800 0.273
-0.5459999 0.9540001 5.46 080800 0.273
-0.5459999 1.227 -0.273 080800 0.273
0.5459999 1.227 -0.273 080800 0.273
0.5459999 1.227 0 080800 0.273
-0.5459999 1.227 0.273 080800 0.273
-0.5459999 1.227 0.819 080800 0.273
-0.5459999 1.5 -0.819 080800 0.273
1.638 1.5 -0.273 080800 0.273
1.092 1.5 0 080800 0.273
1.092 1.5 0.273 080800 0.273
-0.5459999 1.5 6.279 080800 0.273
1.638 1.773 0 080800 0.273
1.638 1.773 0.819 080800 0.273
7.098 1.773 1.365 F76D08 0.273
7.098 1.773 1.638 F76D08 0.273
-0.5459999 1.773 6.552 080800 0.273
-0.5459999 2.046 0 080800 0.273
2.457 2.046 0.819 080800 0.273
2.457 2.046 1.092 080800 0.273
6.552 2.046 1.638 F76D08 0.273
-0.5459999 2.319 0.5459999 080800 0.273
-0.5459999 2.319 0.819 080800 0.273
-0.5459999 2.319 1.092 080800 0.273
6.006 2.319 1.638 F76D08 0.273
-0.5459999 2.319 6.552 080800 0.273
-0.5459999 2.592 1.911 080800 0.273
-0.5459999 2.592 1.638 080800 0.273
-0.5459999 2.592 6.552 080800 0.273
-0.5459999 2.865 1.911 080800 0.273
-0.5459999 2.865 6.279 080800 0.273
-0.5459999 3.138 2.184 080800 0.273
-0.5459999 3.138 6.279 080800 0.273
-0.5459999 3.411 6.006 080800 0.273
-0.5459999 3.411 5.733 080800 0.273
-0.5459999 3.684 2.73 080800 0.273
-0.5459999 3.684 5.733 080800 0.273
-0.5459999 3.957 3.549 080800 0.273
-0.5459999 3.957 3.276 080800 0.273
-0.5459999 3.957 4.641 080800 0.273
-0.5459999 3.957 4.914 080800 0.273
-0.5459999 3.957 5.187 080800 0.273
-0.5459999 4.23 3.822 080800 0.273
-0.5459999 4.23 4.095 080800 0.273
-0.273 0.9540001 -0.5459999 080800 0.273
-0.273 0.9540001 -0.273 080800 0.273
-0.273 0.681 0 080800 0.273
-0.273 0.681 0.273 080800 0.273
-0.273 0.681 0.5459999 080800 0.273
-0.273 0.681 0.819 080800 0.273
-0.273 0.681 1.092 080800 0.273
-0.273 0.681 1.365 080800 0.273
-0.273 0.681 1.911 080800 0.273
-0.273 0.681 2.184 080800 0.273
-0.273 0.681 2.457 080800 0.273
-0.273 0.681 2.73 080800 0.273
-0.273 0.681 3.003 080800 0.273
-0.273 0.681 3.276 080800 0.273
-0.273 0.681 3.549 080800 0.273
-0.273 0.681 3.822 080800 0.273
-0.273 0.681 4.095 080800 0.273
-0.273 0.681 4.368 080800 0.273
-0.273 0.9540001 5.187 080800 0.273
-0.273 1.227 5.733 080800 0.273
-0.273 1.5 6.006 080800 0.273
-0.273 1.773 6.279 080800 0.273
-0.273 2.046 6.825 080800 0.273
9.282 0.681 1.638 080800 0.273
9.282 0.681 1.911 080800 0.273
0.5459999 0.9540001 -0.819 080800 0.273
0.5459999 1.227 -0.819 080800 0.273
1.092 1.5 -0.5459999 080800 0.273
-0.273 1.773 -0.5459999 080800 0.273
-0.273 1.773 -0.819 181818 0.273
1.911 1.773 -0.273 080800 0.273
-0.273 2.046 0 080800 0.273
-0.273 2.046 -0.273 080800 0.273
6.552 2.046 1.365 F76D08 0.273
-0.273 2.319 1.638 080800 0.273
-0.273 2.319 0.273 080800 0.273
-0.273 2.319 0.5459999 080800 0.273
-0.273 2.319 0.819 080800 0.273
-0.273 2.319 1.092 080800 0.273
-0.273 2.319 1.365 080800 0.273
-0.273 2.592 1.638 080800 0.273
-0.273 2.865 1.911 080800 0.273
-0.273 2.865 6.552 080800 0.273
-0.273 2.865 6.279 080800 0.273
-0.273 3.411 2.457 080800 0.273
-0.273 3.411 6.006 080800 0.273
-0.273 3.684 3.003 080800 0.273
-0.273 3.684 2.457 080800 0.273
-0.273 3.684 2.73 080800 0.273
-0.273 3.684 5.733 080800 0.273
-0.273 3.684 5.46 080800 0.273
-0.273 3.957 3.003 080800 0.273
-0.273 3.957 3.276 080800 0.273
-0.273 3.957 5.187 080800 0.273
-0.273 3.957 5.46 080800 0.273
-0.273 4.23 3.822 080800 0.273
-0.273 4.23 4.095 080800 0.273
-0.273 4.23 4.368 080800 0.273
0 0.9540001 -1.092 080800 0.273
0 0.9540001 -0.819 080800 0.273
0 0.9540001 -0.5459999 080800 0.273
0 0.9540001 -0.273 080800 0.273
0 0.681 0.273 080800 0.273
0 0.681 0.5459999 080800 0.273
0 0.681 0.819 080800 0.273
0 0.681 1.092 080800 0.273
0 0.681 1.365 080800 0.273
0 0.681 1.638 080800 0.273
0 0.681 1.911 080800 0.273
0 0.681 2.184 080800 0.273
0 0.681 2.457 080800 0.273
0 0.681 2.73 080800 0.273
0 0.681 3.003 080800 0.273
0 0.681 3.276 080800 0.273
0 0.4080001 3.549 080800 0.273
0 0.4080001 3.822 080800 0.273
0 0.681 4.095 080800 0.273
0 0.681 4.368 080800 0.273
0 0.681 4.641 080800 0.273
0 0.681 4.914 080800 0.273
0 0.9540001 5.187 080800 0.273
0 0.9540001 5.46 080800 0.273
0 1.227 5.733 080800 0.273
0 1.227 6.006 080800 0.273
0 1.5 6.279 080800 0.273
0 1.773 6.552 080800 0.273
0 2.046 6.825 080800 0.273
0 2.319 7.098 080800 0.273
0 0.681 5.187 080800 0.273
0 0.9540001 -1.365 080800 0.273
0.819 0.9540001 -1.092 080800 0.273
0 1.227 -1.092 080800 0.273
0.819 1.227 -1.092 080800 0.273
0 1.5 -0.819 080800 0.273
0 1.5 -1.092 080800 0.273
1.092 1.5 -0.819 080800 0.273
0 1.773 -0.5459999 080800 0.273
0 1.773 -0.819 181818 0.273
0 2.046 -0.273 080800 0.273
2.184 2.046 0 080800 0.273
0 2.046 7.098 080800 0.273
0 2.319 1.638 080800 0.273
0 2.319 0.273 080800 0.273
0 2.319 0.5459999 080800 0.273
0 2.319 0.819 080800 0.273
0 2.319 1.092 080800 0.273
0 2.319 1.365 080800 0.273
0 2.592 1.638 080800 0.273
0 2.592 6.825 080800 0.273
0 2.865 1.911 080800 0.273
0 2.865 6.552 080800 0.273
0 3.138 2.184 080800 0.273
0 3.138 6.279 080800 0.273
0 3.411 2.457 080800 0.273
0 3.411 6.006 080800 0.273
0 3.684 2.73 080800 0.273
0 3.684 2.457 080800 0.273
0 3.684 5.733 080800 0.273
0 3.957 3.276 080800 0.273
0 3.957 3.003 080800 0.273
0 3.957 5.187 080800 0.273
0 3.957 5.46 080800 0.273
0 4.23 3.549 080800 0.273
0 4.23 3.822 080800 0.273
0 4.23 4.095 080800 0.273
0 4.23 4.368 080800 0.273
0 4.23 4.641 080800 0.273
0 4.23 4.914 080800 0.273
0.273 0.9540001 -0.819 080800 0.273
0.273 0.9540001 -0.5459999 080800 0.273
0.273 0.9540001 -0.273 080800 0.273
0.273 0.681 0 080800 0.273
0.273 0.681 0.273 080800 0.273
0.273 0.681 0.5459999 080800 0.273
0.273 0.681 0.819 080800 0.273
0.273 0.681 1.092 080800 0.273
0.273 0.681 1.365 080800 0.273
0.273 0.681 1.638 080800 0.273
0.273 0.681 1.911 080800 0.273
0.273 0.681 2.184 080800 0.273
0.273 0.681 2.457 080800 0.273
0.273 0.681 2.73 080800 0.273
0.273 0.681 3.003 080800 0.273
0.273 0.681 3.276 080800 0.273
0.273 0.681 3.549 080800 0.273
0.273 0.681 3.822 080800 0.273
0.273 0.681 4.095 080800 0.273
0.273 0.681 4.368 080800 0.273
0.273 0.681 4.641 080800 0.273
0.273 0.681 4.914 080800 0.273
0.273 0.9540001 5.187 080800 0.273
0.273 0.9540001 5.46 080800 0.273
0.273 1.227 5.733 080800 0.273
0.273 1.5 6.006 080800 0.273
0.273 1.773 6.279 080800 0.273
0.273 1.773 6.552 080800 0.273
0.273 2.046 6.825 080800 0.273
0.273 0.9540001 -1.092 080800 0.273
0.273 1.227 -1.092 080800 0.273
0.273 1.5 -0.819 181818 0.273
0.273 1.5 6.279 080800 0.273
0.273 1.773 -0.5459999 080800 0.273
0.273 1.773 -0.819 181818 0.273
0.273 2.046 0 080800 0.273
0.273 2.046 -0.273 080800 0.273
0.273 2.319 1.638 080800 0.273
0.273 2.319 0.273 080800 0.273
0.273 2.319 0.5459999 080800 0.273
0.273 2.319 0.819 080800 0.273
0.273 2.319 1.092 080800 0.273
0.273 2.319 1.365 080800 0.273
0.273 2.319 6.825 080800 0.273
0.273 2.592 1.638 080800 0.273
0.273 2.592 6.552 080800 0.273
0.273 2.865 1.911 080800 0.273
0.273 2.865 6.552 080800 0.273
0.273 2.865 6.279 080800 0.273
0.273 3.138 2.184 080800 0.273
0.273 3.138 6.279 080800 0.273
0.273 3.411 2.457 080800 0.273
0.273 3.411 6.006 080800 0.273
0.273 3.684 3.003 080800 0.273
0.273 3.684 2.457 080800 0.273
0.273 3.684 2.73 080800 0.273
0.273 3.684 5.733 080800 0.273
0.273 3.684 5.46 080800 0.273
0.273 3.957 3.549 080800 0.273
0.273 3.957 3.003 080800 0.273
0.273 3.957 3.276 080800 0.273
0.273 3.957 4.914 080800 0.273
0.273 3.957 5.187 080800 0.273
0.273 3.957 5.46 080800 0.273
0.273 4.23 3.822 080800 0.273
0.273 4.23 4.095 080800 0.273
0.273 4.23 4.368 080800 0.273
0.273 3.957 4.641 080800 0.273
0.5459999 0.9540001 -0.5459999 080800 0.273
0.5459999 0.9540001 -0.273 080800 0.273
0.5459999 0.681 0.273 080800 0.273
0.5459999 0.681 0.5459999 080800 0.273
0.5459999 0.681 0.819 080800 0.273
0.5459999 0.681 1.092 080800 0.273
0.5459999 0.681 1.365 080800 0.273
0.5459999 0.681 1.638 080800 0.273
0.5459999 0.681 1.911 080800 0.273
0.5459999 0.681 2.184 080800 0.273
0.5459999 0.681 2.457 080800 0.273
0.5459999 0.681 2.73 080800 0.273
0.5459999 0.681 3.003 080800 0.273
0.5459999 0.681 3.276 080800 0.273
0.5459999 0.681 3.549 080800 0.273
0.5459999 0.681 3.822 080800 0.273
0.5459999 0.681 4.095 080800 0.273
0.5459999 0.681 4.368 080800 0.273
0.5459999 0.9540001 4.641 080800 0.273
0.5459999 0.9540001 4.914 080800 0.273
0.5459999 0.9540001 5.187 080800 0.273
0.5459999 1.227 5.46 080800 0.273
0.5459999 1.227 5.733 080800 0.273
0.5459999 1.5 6.006 080800 0.273
0.5459999 1.773 6.279 080800 0.273
0.5459999 2.046 6.552 080800 0.273
0.5459999 0.9540001 0.273 080800 0.273
0.5459999 0.9540001 5.46 080800 0.273
1.092 1.227 -0.819 080800 0.273
0.819 1.227 0 080800 0.273
0.5459999 1.227 0.273 080800 0.273
0.5459999 1.5 -0.5459999 080800 0.273
0.5459999 1.5 -0.819 080800 0.273
0.5459999 1.5 6.279 080800 0.273
0.5459999 1.773 -0.273 080800 0.273
0.5459999 1.773 6.552 080800 0.273
0.5459999 2.046 0.273 080800 0.273
0.5459999 2.046 0 080800 0.273
0.5459999 2.046 1.365 080800 0.273
0.5459999 2.046 6.825 080800 0.273
0.5459999 2.319 1.638 080800 0.273
0.5459999 2.319 0.5459999 080800 0.273
0.5459999 2.319 0.819 080800 0.273
0.5459999 2.319 1.092 080800 0.273
0.5459999 2.319 6.552 080800 0.273
0.5459999 2.592 1.911 080800 0.273
0.5459999 2.592 1.638 080800 0.273
0.5459999 2.592 6.552 080800 0.273
0.5459999 2.865 1.911 080800 0.273
0.5459999 2.865 6.279 080800 0.273
0.5459999 3.138 2.184 080800 0.273
0.5459999 3.138 6.279 080800 0.273
0.5459999 3.411 2.457 080800 0.273
0.5459999 3.411 6.006 080800 0.273
0.5459999 3.411 5.733 080800 0.273
0.5459999 3.684 3.003 080800 0.273
0.5459999 3.684 2.73 080800 0.273
0.5459999 3.684 5.46 080800 0.273
0.5459999 3.684 5.733 080800 0.273
0.5459999 3.957 3.549 080800 0.273
0.5459999 3.957 3.276 080800 0.273
0.5459999 3.957 4.641 080800 0.273
0.5459999 3.957 4.368 080800 0.273
0.5459999 3.957 4.914 080800 0.273
0.5459999 3.957 5.187 080800 0.273
0.5459999 4.23 3.822 080800 0.273
0.5459999 4.23 4.095 080800 0.273
0.819 0.9540001 -1.365 080800 0.273
0.819 0.9540001 -0.819 080800 0.273
0.819 0.9540001 0 080800 0.273
0.819 0.9540001 0.273 080800 0.273
0.819 0.9540001 0.5459999 080800 0.273
0.819 0.9540001 0.819 080800 0.273
0.819 0.9540001 1.092 080800 0.273
0.819 0.9540001 1.365 080800 0.273
0.819 0.9540001 1.638 080800 0.273
0.819 0.9540001 1.911 080800 0.273
0.819 0.9540001 2.184 080800 0.273
0.819 0.681 2.457 080800 0.273
0.819 0.681 2.73 080800 0.273
0.819 0.681 3.003 080800 0.273
0.819 0.681 3.276 080800 0.273
0.819 0.681 3.549 080800 0.273
0.819 0.681 3.822 080800 0.273
0.819 0.681 4.095 080800 0.273
0.819 0.9540001 4.368 080800 0.273
0.819 0.9540001 4.641 080800 0.273
0.819 0.9540001 4.914 080800 0.273
0.819 0.9540001 5.187 080800 0.273
0.819 1.227 5.46 080800 0.273
0.819 1.227 5.733 080800 0.273
0.819 1.5 6.006 080800 0.273
0.819 1.773 6.279 080800 0.273
0.819 0.681 0.819 080800 0.273
0.819 0.681 1.092 080800 0.273
0.819 0.9540001 -1.638 080800 0.273
0.819 1.227 0.273 080800 0.273
0.819 1.227 0.5459999 080800 0.273
0.819 1.227 0.819 080800 0.273
0.819 1.227 -1.365 080800 0.273
0.819 1.227 -0.273 080800 0.273
1.365 1.227 -0.273 080800 0.273
0.819 1.227 1.092 080800 0.273
0.819 1.5 0.273 080800 0.273
0.819 1.5 -0.819 080800 0.273
0.819 1.5 -0.5459999 080800 0.273
0.819 1.5 -0.273 080800 0.273
0.5459999 1.5 -0.273 080800 0.273
0.819 1.5 0 080800 0.273
0.819 1.5 0.5459999 080800 0.273
0.819 1.5 1.638 080800 0.273
0.819 1.5 0.819 080800 0.273
0.819 1.5 1.092 080800 0.273
0.819 1.5 1.365 080800 0.273
0.819 1.5 6.279 080800 0.273
0.819 1.773 0.819 080800 0.273
0.5459999 1.773 0 080800 0.273
0.819 1.773 0.273 080800 0.273
0.819 1.773 0.5459999 080800 0.273
0.819 1.773 1.638 080800 0.273
0.819 1.773 1.365 080800 0.273
0.819 1.773 1.092 080800 0.273
0.819 2.046 1.638 080800 0.273
0.5459999 2.046 0.5459999 080800 0.273
0.5459999 2.046 0.819 080800 0.273
0.5459999 2.046 1.092 080800 0.273
0.819 2.046 6.552 080800 0.273
0.819 2.319 1.638 080800 0.273
0.819 2.319 6.552 080800 0.273
0.819 2.592 1.911 080800 0.273
0.819 2.592 6.279 080800 0.273
0.819 2.865 1.911 080800 0.273
0.819 2.865 6.279 080800 0.273
0.819 3.138 2.184 080800 0.273
0.819 3.138 6.279 080800 0.273
0.819 3.411 2.457 080800 0.273
0.819 3.411 6.006 080800 0.273
0.819 3.411 5.733 080800 0.273
0.819 3.684 3.276 080800 0.273
0.819 3.684 2.73 080800 0.273
0.819 3.684 3.003 080800 0.273
0.819 3.684 5.46 080800 0.273
0.819 3.957 3.822 080800 0.273
0.819 3.957 3.276 080800 0.273
0.819 3.957 3.549 080800 0.273
0.819 3.957 4.095 080800 0.273
0.819 3.957 4.368 080800 0.273
0.819 3.957 4.641 080800 0.273
0.819 3.957 4.914 080800 0.273
0.819 3.957 5.187 080800 0.273
1.092 0.9540001 -0.5459999 080800 0.273
1.092 0.9540001 -0.273 080800 0.273
1.092 1.227 0 080800 0.273
1.092 1.227 0.273 080800 0.273
1.092 1.227 0.5459999 080800 0.273
1.092 0.9540001 0.819 080800 0.273
1.092 0.9540001 1.092 080800 0.273
1.092 0.9540001 1.365 080800 0.273
1.092 1.227 1.911 080800 0.273
1.092 0.9540001 2.184 080800 0.273
1.092 0.9540001 2.457 080800 0.273
1.092 0.9540001 2.73 080800 0.273
1.092 0.9540001 3.003 080800 0.273
1.092 0.681 3.276 080800 0.273
1.092 0.681 3.549 080800 0.273
1.092 0.681 3.822 080800 0.273
1.092 0.9540001 4.095 080800 0.273
1.092 0.9540001 4.368 080800 0.273
1.092 0.9540001 4.641 080800 0.273
1.092 0.9540001 4.914 080800 0.273
1.092 1.227 5.187 080800 0.273
1.092 1.227 5.46 080800 0.273
1.092 1.5 5.733 080800 0.273
1.092 1.773 6.006 080800 0.273
1.092 1.773 6.279 080800 0.273
1.092 0.9540001 -0.819 080800 0.273
1.092 0.9540001 -1.092 080800 0.273
1.092 0.9540001 0.273 080800 0.273
1.092 0.9540001 0.5459999 080800 0.273
1.092 0.9540001 1.911 080800 0.273
1.092 0.9540001 5.187 080800 0.273
1.092 1.227 -1.092 080800 0.273
0.819 1.227 -0.819 080800 0.273
1.092 1.227 1.092 080800 0.273
1.092 1.227 0.819 080800 0.273
0.819 1.227 1.638 080800 0.273
7.917 1.227 1.638 F76D08 0.273
1.092 1.5 -0.273 080800 0.273
1.092 1.5 0.5459999 080800 0.273
1.092 1.5 1.911 080800 0.273
1.092 1.5 6.006 080800 0.273
1.092 1.773 1.911 080800 0.273
1.092 2.046 1.911 080800 0.273
1.092 2.046 6.279 080800 0.273
1.092 2.319 1.911 080800 0.273
1.092 2.319 6.279 080800 0.273
1.092 2.592 2.184 080800 0.273
1.092 2.592 6.279 080800 0.273
1.092 2.592 6.006 080800 0.273
1.092 2.865 2.184 080800 0.273
1.092 2.865 6.006 080800 0.273
1.092 3.138 2.184 080800 0.273
1.092 3.138 6.006 080800 0.273
1.092 3.138 5.733 080800 0.273
1.092 3.411 2.73 080800 0.273
1.092 3.411 2.457 080800 0.273
1.092 3.411 5.733 080800 0.273
1.092 3.684 3.276 080800 0.273
1.092 3.684 3.003 080800 0.273
1.092 3.684 5.187 080800 0.273
1.092 3.684 5.46 080800 0.273
1.092 3.957 3.549 080800 0.273
1.092 3.957 3.822 080800 0.273
1.092 3.957 4.095 080800 0.273
1.092 3.957 4.368 080800 0.273
1.092 3.957 4.641 080800 0.273
1.092 3.957 4.914 080800 0.273
1.365 1.227 -1.092 080800 0.273
1.365 0.9540001 -0.819 080800 0.273
1.365 1.227 -0.5459999 080800 0.273
1.365 1.227 0 080800 0.273
1.365 1.227 0.273 080800 0.273
1.365 0.9540001 0.819 080800 0.273
1.365 1.227 1.365 080800 0.273
1.365 1.227 1.638 080800 0.273
1.365 1.227 2.184 080800 0.273
1.365 0.9540001 2.457 080800 0.273
1.365 0.9540001 2.73 080800 0.273
1.365 0.9540001 3.003 080800 0.273
1.365 0.9540001 3.276 080800 0.273
1.365 0.9540001 3.549 080800 0.273
1.365 0.9540001 3.822 080800 0.273
1.365 0.9540001 4.095 080800 0.273
1.365 0.9540001 4.368 080800 0.273
1.365 0.9540001 4.641 080800 0.273
1.365 1.227 4.914 080800 0.273
1.365 1.227 5.187 080800 0.273
1.365 1.5 5.46 080800 0.273
1.365 1.773 5.733 080800 0.273
1.365 0.9540001 -0.5459999 080800 0.273
1.365 0.9540001 4.914 080800 0.273
1.365 1.227 0.5459999 080800 0.273
1.365 1.5 -0.273 080800 0.273
1.365 1.5 0.5459999 080800 0.273
1.365 1.5 0.273 080800 0.273
1.365 1.5 1.365 080800 0.273
1.365 1.5 2.184 080800 0.273
7.644 1.5 1.638 F76D08 0.273
1.365 1.5 5.733 080800 0.273
1.365 1.773 2.184 080800 0.273
1.365 1.773 -0.819 080800 0.273
1.365 1.773 -0.5459999 080800 0.273
1.365 1.773 0 080800 0.273
1.365 1.773 0.273 080800 0.273
1.365 1.773 0.819 080800 0.273
1.365 1.773 1.365 080800 0.273
1.365 1.773 1.638 080800 0.273
1.365 1.773 1.911 080800 0.273
1.365 1.773 6.006 080800 0.273
1.365 2.046 2.184 080800 0.273
1.365 2.046 6.006 080800 0.273
1.365 2.319 2.184 080800 0.273
1.365 2.319 6.006 080800 0.273
1.365 2.592 2.184 080800 0.273
1.365 2.592 5.733 080800 0.273
1.365 2.865 2.457 080800 0.273
1.365 2.865 5.733 080800 0.273
1.365 2.865 5.46 080800 0.273
1.365 3.138 2.73 080800 0.273
1.365 3.138 2.457 080800 0.273
1.365 3.138 5.46 080800 0.273
1.365 3.411 3.003 080800 0.273
1.365 3.411 2.73 080800 0.273
1.365 3.411 5.187 080800 0.273
1.092 3.411 5.46 080800 0.273
1.365 3.684 3.549 080800 0.273
1.365 3.684 3.276 080800 0.273
1.365 3.684 4.368 080800 0.273
1.365 3.684 4.095 080800 0.273
1.365 3.684 4.641 080800 0.273
1.365 3.684 4.914 080800 0.273
1.365 3.957 3.822 080800 0.273
1.638 1.5 -1.365 080800 0.273
1.638 1.227 -1.092 080800 0.273
1.638 1.227 -0.819 080800 0.273
1.638 1.227 -0.273 080800 0.273
1.638 1.227 0 080800 0.273
1.638 1.227 0.273 080800 0.273
1.638 1.227 0.819 080800 0.273
1.638 1.227 1.092 080800 0.273
1.638 1.227 1.638 080800 0.273
1.638 1.227 1.911 080800 0.273
1.638 1.227 2.457 080800 0.273
1.638 1.227 2.73 080800 0.273
1.638 1.227 3.003 080800 0.273
1.638 0.9540001 3.276 080800 0.273
1.638 0.9540001 3.549 080800 0.273
1.638 0.9540001 3.822 080800 0.273
1.638 0.9540001 4.095 080800 0.273
1.638 1.227 4.368 080800 0.273
1.638 1.227 4.641 080800 0.273
1.638 1.5 4.914 080800 0.273
1.638 1.5 5.187 080800 0.273
1.638 1.773 5.46 080800 0.273
1.638 0.9540001 3.003 080800 0.273
1.638 1.227 -0.5459999 080800 0.273
1.638 1.227 0.5459999 080800 0.273
1.638 1.227 1.365 080800 0.273
1.638 1.227 2.184 080800 0.273
1.638 1.227 4.914 080800 0.273
1.638 1.5 -1.638 080800 0.273
1.638 1.5 -0.5459999 080800 0.273
1.638 1.5 -0.819 080800 0.273
1.638 1.5 0.5459999 080800 0.273
1.638 1.5 0.273 080800 0.273
1.638 1.5 1.365 080800 0.273
1.638 1.5 1.092 080800 0.273
7.644 1.773 -1.638 F76D08 0.273
1.638 1.773 -0.819 080800 0.273
1.638 1.773 -0.273 080800 0.273
1.638 1.773 0.273 080800 0.273
1.638 1.773 1.092 080800 0.273
1.638 1.773 1.638 080800 0.273
1.638 1.773 5.733 080800 0.273
1.638 2.046 2.457 080800 0.273
1.638 2.046 -1.092 080800 0.273
1.638 2.046 0 080800 0.273
1.638 2.046 1.911 080800 0.273
1.365 2.046 5.733 080800 0.273
1.638 2.046 5.46 080800 0.273
1.638 2.319 2.457 080800 0.273
1.365 2.319 5.733 080800 0.273
1.638 2.319 5.46 080800 0.273
1.638 2.592 2.457 080800 0.273
1.638 2.592 5.46 080800 0.273
1.638 2.865 2.73 080800 0.273
1.638 2.865 5.187 080800 0.273
1.638 3.138 3.276 080800 0.273
1.638 3.138 3.003 080800 0.273
1.638 3.138 4.641 080800 0.273
1.638 3.138 4.914 080800 0.273
1.638 3.138 5.187 080800 0.273
1.638 3.411 3.822 080800 0.273
1.365 3.411 3.276 080800 0.273
1.638 3.411 3.549 080800 0.273
1.638 3.411 4.095 080800 0.273
1.638 3.411 4.368 080800 0.273
1.365 3.411 4.368 080800 0.273
1.365 3.411 4.641 080800 0.273
1.365 3.411 4.914 080800 0.273
1.638 3.684 3.822 080800 0.273
1.365 3.684 3.822 080800 0.273
1.911 1.5 -1.638 080800 0.273
1.911 1.5 -1.365 080800 0.273
1.911 1.5 -1.092 080800 0.273
1.911 1.5 -0.273 080800 0.273
1.911 1.227 0 080800 0.273
1.911 1.227 0.819 080800 0.273
1.911 1.227 1.092 080800 0.273
1.911 1.5 1.638 080800 0.273
1.911 1.5 1.911 080800 0.273
1.911 1.5 2.184 080800 0.273
1.911 1.5 2.457 080800 0.273
1.911 1.227 2.73 080800 0.273
1.911 1.227 3.003 080800 0.273
1.911 1.227 3.276 080800 0.273
1.911 1.227 3.549 080800 0.273
1.911 1.227 3.822 080800 0.273
1.911 1.227 4.095 080800 0.273
1.911 1.227 4.368 080800 0.273
1.911 1.5 4.641 080800 0.273
1.911 1.773 4.914 080800 0.273
1.911 1.227 1.911 080800 0.273
1.911 1.227 2.457 080800 0.273
1.911 1.5 0.5459999 080800 0.273
1.911 1.5 0.273 080800 0.273
1.911 1.5 1.365 080800 0.273
1.911 1.5 4.914 080800 0.273
8.19 1.773 -1.911 F76D08 0.273
1.911 1.773 -1.092 080800 0.273
1.911 1.773 0.819 080800 0.273
1.911 1.773 0.273 080800 0.273
1.911 1.773 1.638 080800 0.273
1.911 1.773 5.187 080800 0.273
7.098 2.046 -1.638 F76D08 0.273
1.911 2.046 -1.365 080800 0.273
7.098 2.046 -1.365 F76D08 0.273
1.911 2.046 -0.273 080800 0.273
1.911 2.046 0 080800 0.273
1.911 2.046 0.819 080800 0.273
1.911 2.046 1.092 080800 0.273
1.911 2.046 1.911 080800 0.273
1.911 2.046 5.187 080800 0.273
1.911 2.319 2.457 080800 0.273
1.911 2.319 -1.911 080800 0.273
1.911 2.319 -1.638 080800 0.273
1.911 2.319 5.187 080800 0.273
1.911 2.319 4.914 080800 0.273
1.911 2.592 3.003 080800 0.273
1.911 2.592 2.73 080800 0.273
1.911 2.592 5.187 080800 0.273
1.911 2.592 4.914 080800 0.273
1.911 2.865 3.276 080800 0.273
1.638 2.865 3.003 080800 0.273
1.911 2.865 4.641 080800 0.273
1.911 2.865 4.368 080800 0.273
1.911 2.865 4.914 080800 0.273
1.638 2.865 4.914 080800 0.273
1.911 3.138 3.549 080800 0.273
1.911 3.138 3.822 080800 0.273
1.911 3.138 4.095 080800 0.273
1.638 3.138 4.368 080800 0.273
2.184 2.046 -2.184 080800 0.273
2.184 1.773 -1.911 080800 0.273
2.184 1.773 -1.638 080800 0.273
2.184 1.5 -0.273 080800 0.273
2.184 1.5 0 080800 0.273
2.184 1.5 0.819 080800 0.273
2.184 1.5 1.092 080800 0.273
2.184 1.773 1.911 080800 0.273
2.184 1.5 2.184 080800 0.273
2.184 1.773 2.457 080800 0.273
2.184 1.5 3.276 080800 0.273
2.184 1.227 3.549 080800 0.273
2.184 1.227 3.822 080800 0.273
2.184 1.5 4.095 080800 0.273
2.184 1.5 4.368 080800 0.273
2.184 1.227 3.276 080800 0.273
2.184 1.227 4.095 080800 0.273
2.184 1.5 0.5459999 080800 0.273
2.184 1.5 1.365 080800 0.273
2.184 1.5 1.911 080800 0.273
1.911 1.5 2.73 080800 0.273
2.184 1.5 3.003 080800 0.273
2.184 1.773 -0.273 080800 0.273
2.184 1.773 -1.365 080800 0.273
2.184 1.773 0.5459999 080800 0.273
2.184 1.773 0.273 080800 0.273
2.184 1.773 1.365 080800 0.273
2.184 1.773 3.276 080800 0.273
1.911 1.773 2.73 080800 0.273
2.184 1.773 2.73 080800 0.273
2.184 1.773 3.003 080800 0.273
2.184 1.773 4.368 080800 0.273
2.184 1.773 4.641 080800 0.273
2.184 2.046 -2.457 080800 0.273
2.184 2.046 -1.638 080800 0.273
2.184 2.046 1.092 080800 0.273
2.184 2.046 0.819 080800 0.273
2.184 2.046 2.184 080800 0.273
2.184 2.046 3.276 080800 0.273
1.911 2.046 2.73 080800 0.273
2.184 2.046 3.003 080800 0.273
2.184 2.046 4.368 080800 0.273
2.184 2.046 4.641 080800 0.273
1.911 2.046 4.914 080800 0.273
2.184 2.319 3.276 080800 0.273
2.184 2.319 -1.638 080800 0.273
2.184 2.319 2.184 080800 0.273
2.184 2.319 2.457 080800 0.273
1.911 2.319 2.73 080800 0.273
2.184 2.319 3.003 080800 0.273
2.184 2.319 4.368 080800 0.273
1.911 2.319 4.641 080800 0.273
2.184 2.592 3.549 080800 0.273
2.184 2.592 -2.457 080800 0.273
2.184 2.592 -2.184 080800 0.273
2.184 2.592 3.276 080800 0.273
2.184 2.592 4.368 080800 0.273
2.184 2.592 4.095 080800 0.273
1.911 2.592 4.641 080800 0.273
1.911 2.865 3.549 080800 0.273
2.184 2.865 3.822 080800 0.273
2.184 2.865 4.095 080800 0.273
1.911 2.865 4.095 080800 0.273
2.457 2.046 -2.457 080800 0.273
2.457 2.046 -2.184 080800 0.273
2.457 1.773 -0.273 080800 0.273
2.457 1.773 0 080800 0.273
2.457 1.773 0.819 080800 0.273
2.457 1.5 1.092 080800 0.273
2.457 1.773 2.184 080800 0.273
2.457 1.773 2.457 080800 0.273
2.457 2.046 2.73 080800 0.273
2.457 1.5 0.819 080800 0.273
2.184 1.5 3.549 080800 0.273
2.457 1.5 3.822 080800 0.273
2.457 1.773 -0.5459999 080800 0.273
2.457 1.773 1.365 080800 0.273
2.457 1.773 2.73 080800 0.273
2.184 1.773 3.549 080800 0.273
2.457 1.773 3.822 080800 0.273
2.184 1.773 4.095 080800 0.273
2.457 2.046 -0.5459999 080800 0.273
2.457 2.046 -1.911 080800 0.273
2.457 2.046 0 080800 0.273
2.457 2.046 2.184 080800 0.273
2.184 2.046 3.549 080800 0.273
2.457 2.046 3.822 080800 0.273
2.184 2.046 4.095 080800 0.273
2.457 2.319 2.457 080800 0.273
2.457 2.319 -1.911 080800 0.273
2.457 2.319 -0.273 080800 0.273
2.457 2.319 0 080800 0.273
2.457 2.319 1.092 080800 0.273
2.184 2.319 3.549 080800 0.273
2.457 2.319 3.822 080800 0.273
2.184 2.319 4.095 080800 0.273
2.457 2.592 -2.184 080800 0.273
2.184 2.592 3.822 080800 0.273
2.73 2.592 -3.003 080800 0.273
2.73 2.319 -2.73 080800 0.273
2.73 2.319 -2.457 080800 0.273
2.73 1.773 -0.273 080800 0.273
2.73 2.046 0 080800 0.273
2.73 1.773 0.819 080800 0.273
2.73 1.773 1.092 080800 0.273
2.73 2.046 2.457 080800 0.273
2.73 2.046 2.73 080800 0.273
2.73 2.046 3.003 080800 0.273
2.73 1.773 0 080800 0.273
2.73 1.773 1.365 080800 0.273
2.73 2.046 0.819 080800 0.273
2.73 2.046 1.365 080800 0.273
2.457 2.319 -2.184 080800 0.273
2.73 2.319 2.457 080800 0.273
2.73 2.319 0 080800 0.273
2.73 2.319 0.819 080800 0.273
2.73 2.319 1.092 080800 0.273
2.73 2.592 -3.276 080800 0.273
2.73 2.592 -2.457 080800 0.273
2.73 2.592 2.73 080800 0.273
2.73 2.592 3.003 080800 0.273
2.73 2.865 -2.73 080800 0.273
3.003 2.592 -3.003 080800 0.273
3.003 2.046 -0.5459999 080800 0.273
3.003 2.046 -0.273 080800 0.273
3.003 2.046 0.819 080800 0.273
3.003 1.773 1.092 080800 0.273
3.003 2.319 2.73 080800 0.273
3.003 2.046 3.003 080800 0.273
3.003 2.046 0 080800 0.273
3.003 2.046 1.365 080800 0.273
3.003 2.046 2.73 080800 0.273
3.003 2.319 0 080800 0.273
3.003 2.319 0.819 080800 0.273
3.003 2.592 -2.73 080800 0.273
3.003 2.592 -0.5459999 080800 0.273
3.003 2.592 -0.273 080800 0.273
3.003 2.592 2.73 080800 0.273
3.003 2.865 -3.003 080800 0.273
3.003 3.138 -3.822 F76D08 0.273
3.003 3.138 -3.276 080800 0.273
3.276 2.592 -3.822 F76D08 0.273
3.276 2.592 -3.549 F76D08 0.273
3.276 2.319 -0.5459999 080800 0.273
3.276 2.046 -0.273 080800 0.273
3.276 2.046 1.092 080800 0.273
3.276 2.319 3.003 080800 0.273
3.276 2.319 3.276 080800 0.273
3.276 2.046 -0.5459999 080800 0.273
3.276 2.046 0.819 080800 0.273
3.276 2.046 1.365 080800 0.273
3.276 2.319 0.819 080800 0.273
3.276 2.319 -0.273 080800 0.273
3.276 2.319 1.365 080800 0.273
3.276 2.592 -0.273 080800 0.273
3.276 2.592 3.003 080800 0.273
3.276 2.592 1.092 080800 0.273
3.276 2.865 -4.095 F76D08 0.273
3.276 2.865 -3.276 080800 0.273
3.276 2.865 3.276 080800 0.273
3.276 3.138 -3.822 F76D08 0.273
3.276 3.138 -3.549 F76D08 0.273
3.549 2.319 -4.095 F76D08 0.273
3.549 2.319 -3.822 F76D08 0.273
3.549 2.319 -0.5459999 080800 0.273
3.549 2.319 -0.273 080800 0.273
3.549 2.046 1.092 080800 0.273
3.549 2.592 3.276 080800 0.273
3.549 2.592 3.549 080800 0.273
3.549 2.046 0.819 080800 0.273
3.549 2.046 1.365 080800 0.273
3.549 2.319 -0.819 080800 0.273
3.549 2.319 0.819 080800 0.273
3.549 2.592 -4.368 F76D08 0.273
3.549 2.592 -0.819 080800 0.273
3.549 2.592 -3.549 F76D08 0.273
3.549 2.592 3.003 080800 0.273
3.549 2.592 1.092 080800 0.273
3.549 2.865 -3.822 F76D08 0.273
3.549 2.865 -4.095 F76D08 0.273
3.549 2.865 -3.549 F76D08 0.273
3.549 2.865 3.276 080800 0.273
3.549 2.865 -0.5459999 080800 0.273
3.822 2.046 -4.641 F76D08 0.273
3.822 2.046 -4.368 F76D08 0.273
3.822 2.319 -4.095 F76D08 0.273
3.822 2.319 -0.5459999 080800 0.273
3.822 2.046 1.092 080800 0.273
3.822 2.319 1.365 080800 0.273
3.822 2.592 3.549 080800 0.273
3.822 2.319 -4.914 F76D08 0.273
3.822 2.319 0.819 080800 0.273
5.733 2.319 1.365 F76D08 0.273
3.822 2.592 -4.095 F76D08 0.273
3.822 2.592 -4.641 F76D08 0.273
3.822 2.592 -4.368 F76D08 0.273
3.822 2.592 -3.822 F76D08 0.273
3.822 2.592 -0.273 080800 0.273
3.822 2.592 1.092 080800 0.273
3.822 2.592 1.365 080800 0.273
3.822 2.592 3.276 080800 0.273
3.822 2.865 3.276 080800 0.273
3.822 2.865 -0.5459999 080800 0.273
4.368 2.865 3.822 F76D08 0.273
3.822 3.138 3.549 080800 0.273
3.822 3.138 3.822 080800 0.273
4.095 1.773 -5.187 F76D08 0.273
4.095 1.773 -4.914 F76D08 0.273
4.095 1.773 -4.641 F76D08 0.273
4.095 2.592 -0.819 080800 0.273
4.095 2.592 -0.5459999 080800 0.273
4.095 2.319 1.092 080800 0.273
4.095 2.319 1.365 080800 0.273
4.095 2.865 3.822 080800 0.273
4.095 2.046 -4.368 F76D08 0.273
4.095 2.319 0.819 080800 0.273
4.095 2.319 -4.914 F76D08 0.273
4.095 2.319 -4.641 F76D08 0.273
4.095 2.319 -4.368 F76D08 0.273
4.095 2.592 1.365 080800 0.273
4.095 2.865 3.549 080800 0.273
4.368 1.5 -5.46 F76D08 0.273
4.368 1.5 -5.187 F76D08 0.273
4.368 1.773 -4.914 F76D08 0.273
4.368 2.865 -0.819 080800 0.273
4.368 2.865 -0.5459999 080800 0.273
4.368 2.319 1.092 080800 0.273
4.368 2.319 1.365 080800 0.273
4.368 2.865 4.095 F76D08 0.273
4.368 1.773 -5.46 F76D08 0.273
4.368 1.773 -5.733 F76D08 0.273
4.368 2.046 -5.46 F76D08 0.273
4.368 2.046 -5.187 F76D08 0.273
4.368 2.046 -4.914 F76D08 0.273
4.095 2.046 -4.641 F76D08 0.273
4.368 2.592 1.092 080800 0.273
4.368 2.592 -0.5459999 080800 0.273
5.733 2.592 1.092 F76D08 0.273
5.46 2.592 1.365 F76D08 0.273
4.368 3.138 3.822 080800 0.273
4.368 3.138 -0.819 080800 0.273
4.368 3.138 -0.5459999 080800 0.273
4.368 3.138 4.368 F76D08 0.273
4.368 3.411 4.095 F76D08 0.273
4.641 1.227 -5.733 F76D08 0.273
4.641 1.5 -5.46 F76D08 0.273
4.641 2.865 -0.819 080800 0.273
4.641 2.592 1.092 080800 0.273
4.641 2.592 1.365 080800 0.273
4.641 2.865 4.095 F76D08 0.273
4.641 1.773 -5.733 F76D08 0.273
4.641 1.773 -5.46 F76D08 0.273
4.641 1.773 -5.187 F76D08 0.273
4.641 2.592 4.095 F76D08 0.273
4.641 2.865 -1.092 080800 0.273
4.641 2.865 3.822 F76D08 0.273
4.641 2.865 -0.5459999 080800 0.273
4.641 2.865 1.092 080800 0.273
4.641 2.865 1.365 080800 0.273
5.46 3.138 -0.819 F76D08 0.273
4.641 3.138 3.822 F76D08 0.273
4.641 3.138 4.368 F76D08 0.273
4.641 3.411 -0.819 080800 0.273
4.641 3.138 4.095 F76D08 0.273
4.914 0.9540001 -6.279 F76D08 0.273
4.914 0.9540001 -6.006 F76D08 0.273
4.914 3.138 -0.819 080800 0.273
4.914 2.592 1.092 080800 0.273
4.914 2.592 1.365 080800 0.273
4.914 2.592 4.368 F76D08 0.273
4.914 1.227 -6.279 F76D08 0.273
4.914 1.227 -6.552 F76D08 0.273
4.914 1.227 -5.733 F76D08 0.273
4.914 1.5 -6.279 F76D08 0.273
4.914 1.5 -6.006 F76D08 0.273
4.914 1.5 -5.733 F76D08 0.273
4.914 2.319 4.368 F76D08 0.273
4.914 2.592 4.095 F76D08 0.273
4.914 2.865 4.095 F76D08 0.273
4.914 2.865 -0.819 080800 0.273
4.914 2.865 1.092 080800 0.273
4.914 2.865 1.365 080800 0.273
4.914 2.865 4.641 F76D08 0.273
4.914 3.138 -0.5459999 080800 0.273
4.914 3.138 4.368 F76D08 0.273
4.914 3.411 -0.819 080800 0.273
5.187 0.681 -6.825 080800 0.273
5.187 0.681 -6.552 080800 0.273
5.187 0.9540001 -6.279 F76D08 0.273
5.187 3.138 -1.092 080800 0.273
5.187 3.138 -0.819 080800 0.273
5.187 2.592 1.365 080800 0.273
5.187 2.319 4.641 F76D08 0.273
5.187 0.9540001 -6.825 080800 0.273
5.187 1.227 -6.552 080800 0.273
5.187 1.227 -6.279 F76D08 0.273
4.914 1.227 -6.006 F76D08 0.273
5.187 2.319 4.368 F76D08 0.273
5.187 2.592 1.092 080800 0.273
5.187 2.592 4.368 F76D08 0.273
5.187 2.592 4.914 F76D08 0.273
4.914 2.865 4.368 F76D08 0.273
5.187 2.865 4.641 F76D08 0.273
5.187 3.411 -0.819 080800 0.273
5.46 0.681 -6.825 080800 0.273
5.46 2.865 1.365 080800 0.273
5.46 2.046 4.914 F76D08 0.273
5.46 2.046 5.187 F76D08 0.273
5.46 0.4080001 -6.825 080800 0.273
5.46 0.681 -7.098 080800 0.273
5.46 0.681 -7.371 080800 0.273
5.46 0.681 -6.552 080800 0.273
5.46 0.9540001 -7.098 080800 0.273
5.46 0.9540001 -6.825 080800 0.273
5.46 0.9540001 -6.552 080800 0.273
5.46 2.046 5.46 F76D08 0.273
5.46 2.319 4.641 F76D08 0.273
5.46 2.319 5.187 F76D08 0.273
5.46 2.592 4.641 F76D08 0.273
5.46 2.592 4.914 F76D08 0.273
5.46 2.592 5.187 F76D08 0.273
5.46 2.865 1.092 080800 0.273
5.46 2.865 1.638 080800 0.273
5.46 3.138 1.365 080800 0.273
5.46 3.411 -1.365 F76D08 0.273
5.46 3.684 -1.092 F76D08 0.273
5.46 3.684 -0.819 F76D08 0.273
5.733 0.4080001 -7.371 080800 0.273
5.733 2.865 -1.092 F76D08 0.273
5.733 3.138 -0.819 F76D08 0.273
5.733 2.592 1.365 F76D08 0.273
5.733 0.135 -7.371 080800 0.273
5.733 0.4080001 -7.644 080800 0.273
5.733 0.4080001 -7.098 080800 0.273
5.733 0.681 -7.371 080800 0.273
5.733 2.046 4.914 F76D08 0.273
5.733 2.319 4.914 F76D08 0.273
5.733 2.319 5.187 F76D08 0.273
5.733 2.319 5.46 F76D08 0.273
5.733 2.865 -0.819 F76D08 0.273
5.733 3.138 -1.365 F76D08 0.273
5.733 3.138 1.092 F76D08 0.273
5.733 3.138 1.365 F76D08 0.273
5.733 3.138 1.638 F76D08 0.273
5.733 3.411 -1.365 F76D08 0.273
5.733 3.411 -1.092 F76D08 0.273
5.733 3.411 -0.819 F76D08 0.273
6.006 2.865 -1.365 F76D08 0.273
6.006 2.592 1.092 F76D08 0.273
6.006 2.319 1.365 F76D08 0.273
6.006 2.592 1.638 F76D08 0.273
6.006 1.773 5.187 F76D08 0.273
6.006 1.773 5.46 F76D08 0.273
6.006 0.135 -7.644 080800 0.273
6.006 2.046 5.187 F76D08 0.273
6.006 2.046 5.733 F76D08 0.273
6.006 2.046 5.46 F76D08 0.273
6.006 2.319 5.46 F76D08 0.273
6.006 2.865 1.092 F76D08 0.273
6.006 2.865 -0.819 F76D08 0.273
6.006 2.865 1.638 F76D08 0.273
6.006 3.138 -1.365 F76D08 0.273
6.006 3.138 -1.092 F76D08 0.273
6.006 3.138 1.365 F76D08 0.273
6.006 3.411 -1.092 F76D08 0.273
6.279 2.592 -1.365 F76D08 0.273
6.279 2.592 -1.092 F76D08 0.273
6.279 2.319 1.365 F76D08 0.273
6.279 2.319 1.638 F76D08 0.273
6.279 1.773 5.46 F76D08 0.273
6.279 1.5 5.733 F76D08 0.273
6.279 1.5 5.46 F76D08 0.273
6.279 1.773 5.733 F76D08 0.273
6.279 2.046 5.46 F76D08 0.273
6.279 2.046 5.733 F76D08 0.273
6.279 2.319 1.092 F76D08 0.273
6.279 2.592 -1.638 F76D08 0.273
6.279 2.592 1.092 F76D08 0.273
6.279 2.592 1.638 F76D08 0.273
6.279 2.865 -1.638 F76D08 0.273
6.279 2.865 -1.092 F76D08 0.273
6.279 2.865 1.365 F76D08 0.273
6.279 2.865 1.638 F76D08 0.273
6.279 3.138 -1.365 F76D08 0.273
6.279 3.138 -1.092 F76D08 0.273
6.552 2.592 -1.092 F76D08 0.273
6.552 1.5 5.733 F76D08 0.273
6.552 1.5 6.279 F76D08 0.273
6.552 1.773 5.733 F76D08 0.273
6.552 1.773 6.006 F76D08 0.273
6.552 2.319 -1.638 F76D08 0.273
6.552 2.319 1.092 F76D08 0.273
6.552 2.319 -1.092 F76D08 0.273
6.552 2.319 1.638 F76D08 0.273
6.552 2.592 -1.638 F76D08 0.273
6.552 2.592 1.365 F76D08 0.273
6.552 2.592 1.638 F76D08 0.273
6.552 2.865 -1.365 F76D08 0.273
6.552 2.865 -1.092 F76D08 0.273
6.825 2.319 -1.365 F76D08 0.273
6.825 2.046 1.365 F76D08 0.273
6.825 2.046 1.638 F76D08 0.273
6.825 1.227 6.006 080800 0.273
6.825 1.227 6.552 080800 0.273
6.825 1.5 6.006 F76D08 0.273
6.825 1.5 6.279 080800 0.273
6.825 2.046 1.092 F76D08 0.273
6.825 2.319 1.092 F76D08 0.273
6.825 2.319 -1.092 F76D08 0.273
6.825 2.319 1.638 F76D08 0.273
6.825 2.592 -1.638 F76D08 0.273
6.825 2.592 -1.092 F76D08 0.273
6.825 2.592 1.365 F76D08 0.273
6.825 2.592 1.638 F76D08 0.273
6.825 2.865 -1.365 F76D08 0.273
7.098 0.9540001 6.279 080800 0.273
7.098 1.227 6.006 080800 0.273
7.098 1.227 6.552 080800 0.273
7.098 1.5 6.279 080800 0.273
7.098 2.046 1.365 F76D08 0.273
7.098 2.046 1.911 F76D08 0.273
7.098 2.319 -1.638 F76D08 0.273
7.098 2.319 1.638 F76D08 0.273
7.098 2.319 -1.365 F76D08 0.273
7.098 2.319 1.365 F76D08 0.273
7.098 2.592 -1.638 F76D08 0.273
7.098 2.592 -1.365 F76D08 0.273
7.371 2.046 -1.638 F76D08 0.273
7.371 2.046 -1.365 F76D08 0.273
7.371 1.773 1.365 F76D08 0.273
7.371 1.773 1.638 F76D08 0.273
7.371 0.681 6.552 080800 0.273
7.371 0.9540001 6.279 080800 0.273
7.371 0.9540001 6.825 080800 0.273
7.098 1.227 6.279 080800 0.273
7.371 1.227 6.552 080800 0.273
7.371 1.773 1.911 F76D08 0.273
7.371 2.046 1.365 F76D08 0.273
7.371 2.046 1.638 F76D08 0.273
7.371 2.319 -1.638 F76D08 0.273
7.371 2.319 -1.365 F76D08 0.273
7.371 2.319 1.638 F76D08 0.273
7.644 1.773 1.365 F76D08 0.273
7.644 0.681 6.825 080800 0.273
7.644 0.681 6.552 080800 0.273
7.644 0.681 7.098 080800 0.273
7.644 0.9540001 6.552 080800 0.273
7.644 0.9540001 6.825 080800 0.273
7.644 1.5 1.365 F76D08 0.273
7.644 1.773 -1.911 F76D08 0.273
7.644 1.773 -1.365 F76D08 0.273
7.644 1.773 1.911 F76D08 0.273
7.644 2.046 -1.911 F76D08 0.273
7.644 2.046 -1.365 F76D08 0.273
7.644 2.046 1.365 F76D08 0.273
7.644 2.046 1.638 F76D08 0.273
7.644 2.319 -1.638 F76D08 0.273
7.917 1.773 -1.638 F76D08 0.273
7.917 1.5 1.638 F76D08 0.273
7.917 0.681 6.825 080800 0.273
7.917 0.681 7.098 080800 0.273
7.917 1.5 1.365 F76D08 0.273
7.917 1.5 1.911 F76D08 0.273
7.917 1.773 -1.911 F76D08 0.273
7.917 1.773 1.638 F76D08 0.273
7.917 1.773 -1.365 F76D08 0.273
7.917 2.046 -1.638 F76D08 0.273
7.917 2.046 1.638 F76D08 0.273
8.19 1.227 1.638 F76D08 0.273
8.19 0.4080001 7.098 080800 0.273
8.19 1.227 1.911 F76D08 0.273
8.19 1.5 1.365 F76D08 0.273
8.19 1.5 1.911 F76D08 0.273
8.19 1.773 -1.638 F76D08 0.273
8.19 1.773 1.638 F76D08 0.273
8.19 2.046 -1.638 F76D08 0.273
8.462999 1.5 -1.638 080800 0.273
8.462999 1.227 1.638 F76D08 0.273
8.462999 0.135 7.371 080800 0.273
8.462999 1.227 1.365 F76D08 0.273
8.462999 1.227 1.911 F76D08 0.273
8.462999 1.5 -2.184 080800 0.273
8.462999 1.5 1.638 F76D08 0.273
8.462999 1.773 -1.911 080800 0.273
8.462999 1.773 -1.638 080800 0.273
8.735999 1.227 -1.911 080800 0.273
8.735999 1.227 -2.184 080800 0.273
8.735999 1.227 1.638 F76D08 0.273
8.735999 1.227 -1.638 080800 0.273
8.735999 1.227 1.911 F76D08 0.273
8.735999 1.5 -1.911 080800 0.273
8.735999 1.5 -1.638 080800 0.273
8.735999 1.5 1.638 F76D08 0.273
8.735999 1.773 -1.911 080800 0.273
9.009 1.227 -1.911 080800 0.273
9.009 0.9540001 1.638 080800 0.273
9.009 0.9540001 1.911 080800 0.273
9.009 1.227 -2.184 080800 0.273
9.009 1.227 1.638 080800 0.273
9.009 1.227 1.911 080800 0.273
9.009 1.5 -1.911 080800 0.273
9.282 0.9540001 1.638 080800 0.273
9.282 0.9540001 -1.911 080800 0.273
9.282 0.9540001 1.911 080800 0.273
9.282 1.227 -2.184 080800 0.273
9.282 1.227 -1.911 080800 0.273
9.282 1.227 1.638 080800 0.273
9.554999 0.9540001 -2.184 080800 0.273
9.554999 0.681 1.638 080800 0.273
9.554999 0.681 1.911 080800 0.273
9.554999 0.9540001 1.638 080800 0.273
9.554999 0.9540001 1.911 080800 0.273
9.554999 1.227 -2.184 080800 0.273
9.827999 0.4080001 1.638 080800 0.273
9.827999 0.681 1.638 080800 0.273
9.827999 0.681 1.911 080800 0.273
9.827999 0.9540001 -2.184 080800 0.273
10.101 0.4080001 1.911 080800 0.273
10.101 0.4080001 1.638 080800 0.273
10.101 0.681 1.911 080800 0.273
10.374 0.4080001 1.911 080800 0.273
10.647 0.135 1.911 080800 0.273
10.647 0.4080001 1.911 080800 0.273
10.92 0.135 1.911 080800 0.273
11.193 -0.138 1.911 080800 0.273
