10.5 0 -6.499999 928287 1
9.450002 0 -6.5 BEB5B5 1
8.400002 0 -6.500001 BFB6B6 1
7.350002 0 -6.5 BBB2B3 1
6.300002 0 -6.5 C4BCBC 1
5.250001 0 -6.5 C2BABA 1
4.200001 0 -6.5 C3BBBA 1
3.150002 0 -6.500001 C4BCBC 1
2.100001 0 -6.5 C2BABA 1
1.050001 0 -6.500001 C4BCBC 1
9.536743E-07 0 -6.500001 C3BBBB 1
-1.049999 0 -6.500001 C5BEBD 1
-2.099999 0 -6.500002 C7BFBE 1
-3.15 0 -6.500002 C2BAB9 1
-4.199999 0 -6.500002 C3BBBB 1
-5.25 0 -6.500002 BFB6B6 1
-6.3 0 -6.500002 BDB5B5 1
-7.35 0 -6.500002 BFB8B8 1
-8.4 0 -6.500002 B6ADAE 1
-9.45 0 -6.500002 B9B1B1 1
-10.5 0 -6.500002 BEB5B6 1
10.5 1.05 -6.499999 E2DAD6 1
9.450002 1.05 -6.5 E5DFDB 1
9.450002 1.05 -3.35 BF9183 1
8.400002 1.05 -6.500001 E4DEDA 1
8.400002 1.05 -3.349999 BC8D80 1
7.350002 1.05 -6.5 DCD6D3 1
7.350001 1.05 -0.1999993 9F8D8F 1
6.300002 1.05 -6.5 E2DCD8 1
6.300002 1.05 -0.1999989 5E5877 1
5.250001 1.05 -6.5 E1DBD8 1
5.250001 1.05 -0.2000003 645F7F 1
4.200001 1.05 -6.5 E2DCD8 1
4.200001 1.05 -1.25 D8B2A0 1
3.150002 1.05 -6.500001 DFDAD7 1
3.150001 1.05 -0.1999998 C7C0C0 1
2.100001 1.05 -6.5 DBD5D3 1
2.100001 1.05 -0.1999998 C2BABB 1
1.050001 1.05 -6.500001 E0DBD9 1
1.050001 1.05 -0.1999998 C4BDBC 1
9.536743E-07 1.05 -6.500001 DFDAD7 1
4.768372E-07 1.05 -0.2000003 BDB4B5 1
-1.049999 1.05 -6.500001 DDD7D6 1
-1.05 1.05 -0.2000003 BEB5B6 1
-2.099999 1.05 -6.500002 DDD8D6 1
-2.1 1.05 -0.2000008 C1B9B9 1
-3.15 1.05 -6.500002 DCD6D4 1
-3.15 1.05 -0.2000008 C4BDBD 1
-4.199999 1.05 -6.500002 DDD7D5 1
-4.2 1.05 -0.2000008 BAB2B3 1
-5.25 1.05 -6.500002 E0DAD7 1
-5.25 1.05 -0.2000008 B4ABAC 1
-6.3 1.05 -6.500002 DCD7D5 1
-6.300001 1.05 -0.2000012 AFA5A6 1
-7.35 1.05 -6.500002 E2DDDA 1
-7.35 1.05 -0.2000012 A69B9F 1
-8.4 1.05 -6.500002 E7E2DE 1
-8.4 1.05 -0.2000012 A2969A 1
-9.45 1.05 -6.500002 E3DEDB 1
-9.45 1.05 -4.400002 BB8D80 1
-10.5 1.05 -6.500002 E6E1DE 1
-10.5 1.05 -0.2000012 BCB3B3 1
9.450002 2.1 -3.35 B0AE69 1
8.400002 2.1 -3.349999 AEAC68 1
7.350001 2.1 -0.1999993 9F8C8B 1
6.300002 2.1 -0.1999989 222940 1
5.250001 2.1 -0.2000003 21283F 1
4.200001 2.1 -1.25 D6B1A0 1
3.150001 2.1 -0.1999998 C5BDBD 1
2.100001 2.1 -0.1999998 C3BABA 1
1.050001 2.1 -0.1999998 C8C0BF 1
4.768372E-07 2.1 -0.2000003 C1B8B8 1
-1.05 2.1 -0.2000003 B2A8AA 1
-2.1 2.1 -0.2000008 B9B0B2 1
-3.15 2.1 -0.2000008 BAB0B1 1
-4.2 2.1 -0.2000008 B6ADAE 1
-5.25 2.1 -0.2000008 B5ABAC 1
-6.300001 2.1 -0.2000012 B0A5A6 1
-7.35 2.1 -0.2000012 9F9296 1
-8.4 2.1 -0.2000012 A19397 1
-9.450001 2.1 -0.2000012 ABA1A3 1
-10.5 2.1 -0.2000012 BCB2B2 1
9.450002 3.15 -3.35 ACB06C 1
8.400002 3.15 -3.349999 AEB26D 1
7.350001 3.15 -0.1999993 AB9996 1
6.300002 3.15 -0.1999989 686180 1
5.250001 3.15 -0.2000003 666080 1
4.200001 3.15 -1.25 D0AB9B 1
3.150001 3.15 -1.25 C9A496 1
2.100001 3.15 -0.1999998 484462 1
1.050001 3.15 -0.1999998 4C4968 1
4.768372E-07 3.15 -0.2000003 454260 1
-1.05 3.15 -0.2000003 474462 1
-2.1 3.15 -0.2000008 454160 1
-3.15 3.15 -0.2000008 484563 1
-4.2 3.15 -0.2000008 433F5D 1
-5.25 3.15 -0.2000008 423E5C 1
-6.300001 3.15 -0.2000012 433F5D 1
-7.35 3.15 -4.400002 BB8E81 1
-8.4 3.15 -1.250001 9D7774 1
-9.450001 3.15 -0.2000012 B1A6A8 1
-10.5 3.15 -0.2000012 BAB1B2 1
9.450001 4.2 -0.1999989 D1C9C5 1
8.400002 4.2 -0.1999998 CBC2BF 1
7.350001 4.2 -0.1999993 BDACA6 1
6.300002 4.2 -0.1999989 20273E 1
5.250001 4.2 -0.2000003 20273D 1
4.200001 4.2 -1.25 CCA697 1
3.150001 4.2 -1.25 C29C90 1
2.100001 4.2 -0.1999998 202137 1
1.050001 4.2 -0.1999998 202137 1
4.768372E-07 4.2 -0.2000003 202138 1
-1.05 4.2 -0.2000003 202138 1
-2.1 4.2 -0.2000008 202035 1
-3.15 4.2 -0.2000008 202238 1
-4.2 4.2 -0.2000008 202238 1
-5.25 4.2 -0.2000008 202137 1
-6.300001 4.2 -0.2000012 202036 1
-7.35 4.2 -0.2000012 201F35 1
-8.4 4.2 -4.400002 B78A7E 1
-9.450001 4.2 -0.2000012 ACA1A4 1
-10.5 4.2 -0.2000012 C3BBBB 1
9.450001 5.25 -0.1999989 D0C8C5 1
8.400002 5.25 -0.1999998 D0C7C3 1
7.350001 5.25 -0.1999993 BBABA7 1
6.300002 5.25 -1.25 D5B09F 1
5.250001 5.25 -1.25 DAB5A3 1
4.200001 5.25 -1.25 CCA798 1
3.150002 5.25 -3.35 588DBD 1
2.100001 5.25 -3.35 568ABA 1
1.050001 5.25 -3.35 5990C0 1
9.536743E-07 5.25 -3.350001 5990C0 1
-1.049999 5.25 -3.350001 588DBE 1
-2.099999 5.25 -3.350001 5990C0 1
-3.15 5.25 -3.350001 5588B9 1
-4.199999 5.25 -3.350001 5384B4 1
-5.25 5.25 -3.350001 5488BA 1
-6.3 5.25 -3.350002 588DBE 1
-7.35 5.25 -3.350002 588CBC 1
-8.4 5.25 -3.350002 5689B8 1
-9.450001 5.25 -0.2000012 B1A8AA 1
-10.5 5.25 -0.2000012 C0B9BB 1
9.450001 6.3 -0.1999989 C7BDBB 1
8.400002 6.3 -0.1999998 C6BCBA 1
7.350001 6.3 -0.1999993 C9C0BE 1
6.300002 6.3 -0.1999989 CFC5C3 1
5.250001 6.3 -0.2000003 D1C7C4 1
4.200001 6.3 -0.1999993 C7BEBD 1
3.150001 6.3 -1.25 5485B5 1
2.100001 6.3 -1.25 5183B6 1
1.050001 6.3 -1.25 5285B7 1
4.768372E-07 6.3 -1.25 4D7AAA 1
-1.05 6.3 -1.250001 5184B7 1
-2.1 6.3 -1.250001 5182B3 1
-3.15 6.3 -1.250001 4F7EAF 1
-4.2 6.3 -1.250001 4E7EB0 1
-5.25 6.3 -1.250001 5487B9 1
-6.300001 6.3 -1.250001 5081B4 1
-7.35 6.3 -1.250001 5081B3 1
-8.4 6.3 -1.250001 5080B1 1
-9.450001 6.3 -0.2000012 C5BEBE 1
-10.5 6.3 -0.2000012 C2BABA 1
10.5 7.35 -1.249999 DCB7A5 1
9.450001 7.35 -1.25 DCB8A6 1
8.400002 7.35 -1.249999 DAB5A3 1
7.350001 7.35 -1.25 DDB8A6 1
6.300002 7.35 -1.25 DEBBA8 1
5.250001 7.35 -1.25 D8B4A2 1
4.200001 7.35 -1.25 D7B2A1 1
3.150001 7.35 -1.25 D6B3A4 1
2.100001 7.35 -1.25 DAB9AA 1
1.050001 7.35 -1.25 DCB9A9 1
4.768372E-07 7.35 -1.25 D5B4A6 1
-1.05 7.35 -1.250001 D5B5A8 1
-2.1 7.35 -1.250001 DBBBAD 1
-3.15 7.35 -1.250001 D5B4A6 1
-4.2 7.35 -1.250001 D4B3A7 1
-5.25 7.35 -1.250001 D7B6A8 1
-6.300001 7.35 -1.250001 D8B7A8 1
-7.35 7.35 -1.250001 D7B6A9 1
-8.4 7.35 -1.250001 D1AEA0 1
-9.450001 7.35 -1.250001 D6B3A4 1
-10.5 7.35 -1.250001 D9B6A5 1
9.450001 8.4 -0.1999989 6095C3 1
8.400002 8.4 -0.1999998 5F93C1 1
7.350001 8.4 -0.1999993 5E93C1 1
6.300002 8.4 -0.1999989 5D91BF 1
5.250001 8.4 -0.2000003 5889B8 1
4.200001 8.4 -0.1999993 5483B1 1
3.150001 8.4 -0.1999998 517EAD 1
2.100001 8.4 -0.1999998 5484B4 1
1.050001 8.4 -0.1999998 5383B3 1
4.768372E-07 8.4 -0.2000003 5383B3 1
-1.05 8.4 -0.2000003 5383B2 1
-2.1 8.4 -0.2000008 5383B2 1
-3.15 8.4 -0.2000008 598CBB 1
-4.2 8.4 -0.2000008 5282B3 1
-5.25 8.4 -0.2000008 5585B4 1
-6.300001 8.4 -0.2000012 5C8FBD 1
-7.35 8.4 -0.2000012 5C90BF 1
-8.4 8.4 -0.2000012 5E94C3 1
-9.450001 8.4 -0.2000012 598AB9 1
9.450001 9.45 -0.1999989 5A90C0 1
8.400002 9.45 -0.1999998 598CBC 1
7.350001 9.45 -0.1999993 5C93C3 1
6.300002 9.45 -0.1999989 588CBC 1
5.250001 9.45 -0.2000003 3E6091 1
4.200001 9.45 -1.25 5C95C6 1
3.150001 9.45 -1.25 5A92C3 1
2.100001 9.45 -1.25 5B93C4 1
1.050001 9.45 -1.25 5B94C5 1
4.768372E-07 9.45 -1.25 578EC0 1
-1.05 9.45 -1.250001 578CBE 1
-2.1 9.45 -1.250001 578CBF 1
-3.15 9.45 -1.250001 568DC0 1
-4.2 9.45 -1.250001 578CBD 1
-5.25 9.45 -0.2000008 4570A5 1
-6.300001 9.45 -0.2000012 5385B5 1
-7.35 9.45 -0.2000012 588DBD 1
-8.4 9.45 -0.2000012 588EBE 1
-9.450001 9.45 -0.2000012 5A8FBF 1
9.450001 10.5 -0.1999989 5A90BF 1
8.400002 10.5 -0.1999998 5B92C2 1
7.350001 10.5 -0.1999993 588EBF 1
6.300002 10.5 -0.1999989 578DBF 1
5.250001 10.5 -0.2000003 4672AA 1
4.200001 10.5 -0.1999993 D1D0D4 1
3.150001 10.5 -0.1999998 E2DFE0 1
2.100001 10.5 -0.1999998 E5E3E3 1
1.050001 10.5 -0.1999998 E6E5E6 1
4.768372E-07 10.5 -0.2000003 E7E5E5 1
-1.05 10.5 -0.2000003 E7E4E3 1
-2.1 10.5 -0.2000008 E3E0DF 1
-3.15 10.5 -0.2000008 E0DCDB 1
-4.2 10.5 -0.2000008 D5D6DC 1
-5.25 10.5 -0.2000008 4672A8 1
-6.300001 10.5 -0.2000012 578EBF 1
-7.35 10.5 -0.2000012 5A90C1 1
-8.4 10.5 -0.2000012 578DBE 1
-9.450001 10.5 -0.2000012 5B93C4 1
9.450001 11.55 -0.1999989 5B93C3 1
8.400002 11.55 -0.1999998 5A90C0 1
7.350001 11.55 -0.1999993 598FBF 1
6.300002 11.55 -0.1999989 568BBC 1
5.250001 11.55 -0.2000003 426AA3 1
4.200001 11.55 -0.1999993 D6D4D7 1
3.150001 11.55 -0.1999998 E3DFDD 1
2.100001 11.55 -0.1999998 E7E2DF 1
1.050001 11.55 -0.1999998 EAE6E2 1
4.768372E-07 11.55 -0.2000003 E9E4E2 1
-1.05 11.55 -0.2000003 E6E1DF 1
-2.1 11.55 -0.2000008 E7E3E0 1
-3.15 11.55 -0.2000008 E4E1E1 1
-4.2 11.55 -0.2000008 CDCACD 1
-5.25 11.55 -0.2000008 4471A9 1
-6.300001 11.55 -0.2000012 5A94C6 1
-7.35 11.55 -0.2000012 588EBF 1
-8.4 11.55 -0.2000012 588EC0 1
-9.450001 11.55 -0.2000012 5B93C4 1
4.200001 12.6 -1.25 6392BF 1
3.150001 12.6 -0.1999998 E0DCDA 1
2.100001 12.6 -0.1999998 E1DDDB 1
1.050001 12.6 -0.1999998 E6E0DD 1
4.768372E-07 12.6 -0.2000003 E7E2DF 1
-1.05 12.6 -0.2000003 E4DEDC 1
-2.1 12.6 -0.2000008 E9E4E0 1
-3.15 12.6 -0.2000008 DBD8D9 1
-4.2 12.6 -1.250001 5990C0 1
3.150001 13.65 -1.25 5B92C3 1
2.100001 13.65 -0.1999998 DED9D9 1
1.050001 13.65 -0.1999998 E2DEDC 1
4.768372E-07 13.65 -0.2000003 DFDAD8 1
-1.05 13.65 -0.2000003 E3DDDB 1
-2.1 13.65 -0.2000008 D5D1D1 1
-3.15 13.65 -1.250001 5C95C5 1
2.100001 14.7 -1.25 5A91C2 1
1.050001 14.7 -1.25 5A91C2 1
4.768372E-07 14.7 -1.25 5A91C1 1
-1.05 14.7 -1.250001 5A92C2 1
-2.1 14.7 -1.250001 5E98C9 1
10.5 0 -5.45 998A8E 1
-10.5 0 -5.450002 B7AFB1 1
10.5 1.05 -5.45 E2DCD9 1
9.450002 1.05 -5.450001 E6DFDA 1
8.400002 1.05 -5.45 DCD5D1 1
7.350002 1.05 -5.450001 DED6D2 1
6.300002 1.05 -5.45 DBD5D2 1
5.250001 1.05 -5.450001 E0DAD6 1
4.200001 1.05 -5.450001 E1DBD8 1
3.150002 1.05 -5.45 DAD3D1 1
2.100001 1.05 -5.450001 D5CFCE 1
1.050001 1.05 -5.450001 D7D1CF 1
9.536743E-07 1.05 -5.450001 D9D3D0 1
-1.049999 1.05 -5.450001 D2CCCA 1
-2.099999 1.05 -5.450001 D4CECD 1
-3.15 1.05 -5.450001 D3CDCC 1
-4.199999 1.05 -5.450001 D7D2D0 1
-5.25 1.05 -5.450001 D9D3D1 1
-6.3 1.05 -5.450002 D7D0CE 1
-7.35 1.05 -5.450002 DBD3D0 1
-8.4 1.05 -5.450002 DBD5D3 1
-9.45 1.05 -5.450002 E5E0DD 1
-10.5 1.05 -5.450002 E1DBD9 1
10.5 0 -4.400001 95878C 1
-10.5 0 -4.400002 B7AFB0 1
10.5 1.05 -4.400001 E3DDD9 1
9.450002 1.05 -4.4 DCD4D1 1
8.400002 1.05 -4.399999 DCD3D0 1
7.350002 1.05 -4.4 D0C8C5 1
6.300002 1.05 -4.4 D3CBC8 1
5.250001 1.05 -4.4 D9D2D0 1
4.200001 1.05 -4.4 D7D1CF 1
3.150002 1.05 -4.400001 D4CDCB 1
2.100001 1.05 -4.4 D1C9C8 1
1.050001 1.05 -4.400001 CFC8C7 1
9.536743E-07 1.05 -4.400001 C7C0C0 1
-1.049999 1.05 -4.400001 D0C9C9 1
-2.099999 1.05 -4.400001 D0C9C9 1
-3.15 1.05 -4.400002 C9C2C2 1
-4.199999 1.05 -4.400002 D0C9C8 1
-5.25 1.05 -4.400002 C6BFBF 1
-6.3 1.05 -4.400002 C7BEBE 1
-7.35 1.05 -4.400002 C7BDBB 1
-8.4 1.05 -4.400002 C6BDBC 1
-10.5 1.05 -4.400002 E3DEDA 1
-7.35 3.15 -3.350002 63444D 1
-8.4 3.15 -3.350002 593C48 1
-9.45 1.05 -3.350002 503B49 1
10.5 0 -3.349999 94858A 1
-10.5 0 -3.350002 B5ADAE 1
10.5 1.05 -3.349999 A0716B 1
9.450001 1.05 -0.1999989 8E8086 1
-6.3 1.05 -3.350002 9F746E 1
8.400002 1.05 -0.1999998 95868A 1
7.350002 1.05 -3.35 CCC2C0 1
6.300002 1.05 -3.35 CDC6C4 1
5.250001 1.05 -3.35 CCC4C2 1
4.200001 1.05 -3.350001 C5BDBD 1
3.150002 1.05 -3.35 CAC2C1 1
2.100001 1.05 -3.35 CBC3C1 1
1.050001 1.05 -3.35 C2BABA 1
9.536743E-07 1.05 -3.350001 C3BBBB 1
-1.049999 1.05 -3.350001 BEB5B6 1
-2.099999 1.05 -3.350001 BAB3B5 1
-3.15 1.05 -3.350001 B7AEB1 1
-4.199999 1.05 -3.350001 B7AFB0 1
-5.25 1.05 -3.350001 B4ABAE 1
-7.35 1.05 -3.350002 7F6F78 1
-8.4 1.05 -3.350002 8C7C82 1
-9.450001 1.05 -0.2000012 B7ACAD 1
-10.5 1.05 -3.350002 D7D0CD 1
-7.35 2.1 -3.350002 20253C 1
-8.4 2.1 -3.350002 6E4C53 1
-9.45 2.1 -3.350002 222A41 1
-7.35 3.15 -0.2000012 3B3855 1
-7.35 4.2 -3.350002 20233A 1
-8.4 4.2 -3.350002 4F3C4C 1
-8.4 4.2 -2.300002 674A52 1
3.150001 5.25 -1.25 9F7D7A 1
2.100001 5.25 -1.25 6E5761 1
1.050001 5.25 -1.25 68535E 1
4.768372E-07 5.25 -1.25 64515F 1
-1.05 5.25 -1.250001 644E59 1
-2.1 5.25 -1.250001 69535F 1
-3.15 5.25 -1.250001 634D59 1
-4.2 5.25 -1.250001 5D4A59 1
-5.25 5.25 -1.250001 5E4C59 1
-6.300001 5.25 -1.250001 594655 1
-7.35 5.25 -1.250001 664F5A 1
-8.4 5.25 -1.250001 795D63 1
3.150002 6.3 -2.3 395279 1
2.100001 6.3 -2.300001 334970 1
1.050001 6.3 -2.300001 364F77 1
9.536743E-07 6.3 -2.300001 344C74 1
-1.049999 6.3 -2.300001 31466D 1
-2.099999 6.3 -2.300001 31466C 1
-3.15 6.3 -2.300002 2D4268 1
-4.199999 6.3 -2.300002 2F4369 1
-5.25 6.3 -2.300002 2E4368 1
-6.3 6.3 -2.300002 2E4166 1
-7.35 3.15 -2.300002 725056 1
-8.4 3.15 -2.300002 553C48 1
-9.45 1.05 -2.300002 5A4653 1
10.5 0 -2.3 A09194 1
-10.5 0 -2.300002 BAB2B3 1
10.5 1.05 -2.3 9A6C67 1
9.450002 1.05 -2.3 745D56 1
-6.3 1.05 -2.300002 956C6A 1
8.400002 1.05 -2.3 685152 1
7.350002 1.05 -2.300001 BAB0B0 1
6.300002 1.05 -2.3 C1B7B6 1
5.250001 1.05 -2.300001 C6BDBD 1
4.200001 1.05 -2.300001 BDB4B5 1
3.150002 1.05 -2.3 BDB4B5 1
2.100001 1.05 -2.300001 BDB4B5 1
1.050001 1.05 -2.300001 BAB1B2 1
9.536743E-07 1.05 -2.300001 B7ADAF 1
-1.049999 1.05 -2.300001 B1A7AA 1
-2.099999 1.05 -2.300001 A49BA0 1
-3.15 1.05 -2.300002 A9A0A4 1
-4.199999 1.05 -2.300002 A99FA3 1
-5.25 1.05 -2.300002 9B9197 1
-7.35 1.05 -2.300002 7F6F78 1
-8.4 1.05 -2.300002 8D7B82 1
-10.5 1.05 -2.300002 D3CCCB 1
9.450002 2.1 -2.3 898156 1
9.450001 2.1 -0.1999989 AA9D9C 1
-6.3 2.1 -2.300002 8A6364 1
8.400002 2.1 -0.1999998 A69797 1
8.400002 2.1 -2.3 837C54 1
-8.4 2.1 -2.300002 61444E 1
-7.35 2.1 -2.300002 6A4B53 1
-9.45 2.1 -2.300002 BA9890 1
9.450002 3.15 -2.3 898659 1
9.450001 3.15 -0.1999989 B8ADAA 1
8.400002 3.15 -0.1999998 BFB5B0 1
8.400002 3.15 -2.3 8B8B5B 1
-7.35 6.3 -2.300002 2D3E60 1
-7.35 4.2 -2.300002 624752 1
9.450002 4.2 -2.3 ADAE6A 1
8.400002 4.2 -2.3 A9AC6A 1
-8.4 6.3 -2.300002 344B72 1
-8.4 4.2 -1.250001 957271 1
10.5 0 -1.249999 98898D 1
-10.5 0 -1.250001 BDB5B6 1
10.5 1.05 -1.249999 CCC2C0 1
9.450001 1.05 -1.25 928287 1
8.400002 1.05 -1.249999 85767D 1
7.350001 1.05 -1.25 B8ABAB 1
6.300002 1.05 -1.25 B7ACAC 1
5.250001 1.05 -1.25 B8AEAF 1
3.150001 1.05 -1.25 BCB2B3 1
2.100001 1.05 -1.25 B1A8AA 1
1.050001 1.05 -1.25 ACA2A5 1
4.768372E-07 1.05 -1.25 ABA1A5 1
-1.05 1.05 -1.250001 A3999E 1
-2.1 1.05 -1.250001 A1979C 1
-3.15 1.05 -1.250001 998F96 1
-4.2 1.05 -1.250001 A0959A 1
-5.25 1.05 -1.250001 9E9499 1
-6.300001 1.05 -1.250001 9A8E93 1
-7.35 1.05 -1.250001 958A90 1
-8.4 1.05 -1.250001 9B8F95 1
-9.450001 1.05 -1.250001 B9B0B1 1
-10.5 1.05 -1.250001 D2CBCA 1
11.55 7.35 -1.25 C69B8D 1
-11.55 7.35 -1.250001 D7B3A1 1
10.5 8.4 -1.249999 DABCAF 1
9.450001 8.4 -1.25 D4B5A8 1
8.400002 8.4 -1.249999 C5A8A0 1
7.350001 8.4 -1.25 CEB6AE 1
6.300002 8.4 -1.25 CDB5AD 1
5.250001 8.4 -1.25 CCB3AB 1
4.200001 8.4 -1.25 C5ADA7 1
3.150001 8.4 -1.25 B9A9B2 1
2.100001 8.4 -1.25 B6AAB7 1
1.050001 8.4 -1.25 B5AAB6 1
4.768372E-07 8.4 -1.25 D1B3A9 1
-1.05 8.4 -1.250001 D5B7AB 1
-2.1 8.4 -1.250001 D8B5A6 1
-3.15 8.4 -1.250001 D7B6A8 1
-4.2 8.4 -1.250001 D9B8A9 1
-5.25 8.4 -1.250001 D8BAAE 1
-6.300001 8.4 -1.250001 E0C4B8 1
-7.35 8.4 -1.250001 E0C1B3 1
-8.4 8.4 -1.250001 E8C9BA 1
-9.450001 8.4 -1.250001 E9CABB 1
-10.5 8.4 -1.250001 FAD9C7 1
10.5 7.35 -0.1999998 664B55 1
2.100001 5.25 -0.1999998 595162 1
1.050001 5.25 -0.1999998 5A5262 1
4.768372E-07 5.25 -0.2000003 5D5464 1
-1.05 5.25 -0.2000003 5E5463 1
-2.1 5.25 -0.2000008 595161 1
-3.15 5.25 -0.2000008 5B5364 1
-4.2 5.25 -0.2000008 554C5E 1
-5.25 5.25 -0.2000008 554C5D 1
-6.300001 5.25 -0.2000012 504658 1
-7.35 5.25 -0.2000012 504758 1
10.5 0 -0.1999998 A19295 1
-10.5 0 -0.2000012 BAB2B3 1
10.5 1.05 -0.1999998 A8999B 1
4.200001 1.05 -0.1999993 807785 1
10.5 2.1 -0.1999998 B6A9A9 1
10.5 3.15 -0.1999998 B8AAA9 1
-8.4 3.15 -0.2000012 534C5E 1
3.150001 3.15 -0.1999998 554D60 1
-10.5 3.15 6.099999 958B92 1
10.5 4.2 -0.1999998 B6A7A7 1
-8.4 4.2 -0.2000012 544B5D 1
3.150001 4.2 -0.1999998 564E60 1
-10.5 4.2 6.099999 968D93 1
10.5 5.25 -0.1999998 BEB0AF 1
10.5 6.3 -0.1999998 AD9C9D 1
11.55 7.35 -0.1999989 C9A091 1
-11.55 7.35 -0.2000012 DBB7A5 1
10.5 8.4 -0.1999998 5582AF 1
8.400001 8.4 5.050001 434264 1
7.350001 8.4 5.050001 444263 1
6.300001 8.4 5.050001 4B496B 1
5.25 8.4 5.050001 484668 1
4.2 8.4 4 3D3E62 1
3.150001 8.4 4 3F3F61 1
2.1 8.4 4 3D3E63 1
1.05 8.4 4 3A3D62 1
-4.2 8.4 5.05 6A6B85 1
-5.25 8.4 5.05 63657E 1
-6.300001 8.4 5.049999 67677F 1
-7.350001 8.4 5.049999 686A84 1
-10.5 8.4 -0.2000012 DEC1B5 1
10.5 9.45 -0.1999998 5687B5 1
3.150001 9.45 5.050001 54658F 1
-4.2 9.45 5.05 8A97B5 1
-5.25 9.45 5.05 8895B2 1
-6.300001 9.45 5.049999 8C98B4 1
-7.350001 9.45 5.049999 8995B0 1
-10.5 9.45 -0.2000012 588DBD 1
10.5 10.5 -0.1999998 598CBB 1
-10.5 10.5 -0.2000012 5B93C4 1
10.5 11.55 -0.1999998 5688B7 1
-10.5 11.55 -0.2000012 5A92C3 1
5.250001 12.6 -0.2000003 6FB4E4 1
9.450001 12.6 -0.1999989 73B8E6 1
8.400002 12.6 -0.1999998 76BDEA 1
7.350001 12.6 -0.1999993 76BEEC 1
6.300002 12.6 -0.1999989 76BEEC 1
-5.25 12.6 -0.2000008 72B9E9 1
-6.300001 12.6 -0.2000012 75BDEB 1
-7.35 12.6 -0.2000012 78C0EE 1
-8.4 12.6 -0.2000012 77BFEC 1
-9.450001 12.6 -0.2000012 7AC3F0 1
4.200001 13.65 -0.1999993 6FB3E2 1
-4.2 13.65 -0.2000008 70B6E5 1
3.150001 14.7 -0.1999998 71B5E3 1
-3.15 14.7 -0.2000008 6CB0DF 1
2.100001 15.75 -0.1999998 76BCEA 1
1.050001 15.75 -0.1999998 79C1EF 1
4.768372E-07 15.75 -0.2000003 79C1EF 1
-1.05 15.75 -0.2000003 79C1EF 1
-2.1 15.75 -0.2000008 76BDEB 1
10.5 7.35 0.8500004 674D56 1
10.5 0 0.8500004 97888D 1
-10.5 0 0.8499985 C0B8B8 1
10.5 1.05 0.8500004 AC9E9F 1
9.450001 1.05 0.8500004 857B86 1
8.400002 1.05 0.8500004 857F8D 1
7.350001 1.05 0.8500009 7A7383 1
6.300002 1.05 0.8500004 787485 1
5.250001 1.05 0.8499999 787485 1
4.200001 1.05 0.8499999 7E7888 1
3.150001 1.05 0.8499999 8C8591 1
2.100001 1.05 0.8499997 898390 1
1.050001 1.05 0.8499994 807885 1
4.768372E-07 1.05 0.8499994 847F8D 1
-1.05 1.05 0.8499994 797586 1
-2.1 1.05 0.8499992 7A7383 1
-3.15 1.05 0.849999 7F7988 1
-4.2 1.05 0.849999 797384 1
-5.25 1.05 0.849999 787383 1
-6.300001 1.05 0.8499985 7F7886 1
-7.35 1.05 0.8499985 7A7687 1
-8.4 1.05 0.8499985 7E7A8A 1
-9.450001 1.05 0.8499985 847D89 1
-10.5 1.05 0.8499985 8B828D 1
10.5 2.1 0.8500004 AD9FA0 1
-10.5 2.1 0.8499985 C9C2C1 1
10.5 3.15 0.8500004 B4A6A6 1
-10.5 3.15 0.8499985 D4CECC 1
10.5 4.2 0.8500004 B2A4A4 1
-10.5 4.2 0.8499985 CCC5C4 1
10.5 5.25 0.8500004 BFB2B0 1
-10.5 5.25 0.8499985 D3CDCB 1
10.5 6.3 0.8500004 B8AAA9 1
-10.5 6.3 0.8499985 C9C2C1 1
11.55 7.35 0.8500004 CCA192 1
-11.55 7.35 0.8499985 DFBBA9 1
10.5 8.4 0.8500004 5786B3 1
-10.5 8.4 0.8499985 E2C5B7 1
10.5 9.45 0.8500004 588AB9 1
-10.5 9.45 0.8499985 598FC0 1
10.5 10.5 0.8500004 5788B7 1
-10.5 10.5 0.8499985 5A91C2 1
10.5 11.55 0.8500004 5B91C1 1
-10.5 11.55 0.8499985 5A91C3 1
5.250001 12.6 0.8499999 8BBBE2 1
9.450001 12.6 0.8500004 74BAEA 1
8.400002 12.6 0.8500004 83C0E9 1
7.350001 12.6 0.8500009 7ABFEB 1
6.300002 12.6 0.8500004 7CC2F0 1
-5.25 12.6 0.849999 83BFEA 1
-6.300001 12.6 0.8499985 8CC3EB 1
-7.35 12.6 0.8499985 82C1EC 1
-8.4 12.6 0.8499985 8AC3EB 1
-9.450001 12.6 0.8499985 74BCEB 1
4.200001 13.65 0.8499999 8ABCE3 1
-4.2 13.65 0.849999 7FB5DF 1
3.150001 14.7 0.8499999 83BCE5 1
-3.15 14.7 0.849999 87BCE4 1
2.100001 15.75 0.8499997 82C3EE 1
1.050001 15.75 0.8499994 7EC2EE 1
4.768372E-07 15.75 0.8499994 82C0EB 1
-1.05 15.75 0.8499994 8CC7EF 1
-2.1 15.75 0.8499992 89C5EE 1
10.5 7.35 1.900001 654C56 1
-10.5 5.25 1.899999 70606B 1
10.5 0 1.900001 998B8F 1
-10.5 0 1.899999 BCB3B4 1
10.5 1.05 1.900001 AD9FA0 1
9.450001 1.05 1.900001 857E8B 1
8.400001 1.05 1.900001 85808E 1
7.350001 1.05 1.900001 807A89 1
6.300001 1.05 1.900001 837C89 1
5.250001 1.05 1.9 88808B 1
4.200001 1.05 1.9 8C838E 1
3.150001 1.05 1.900001 89838F 1
2.1 1.05 1.9 877F8C 1
1.05 1.05 1.9 86808D 1
2.384186E-07 1.05 1.9 827E8E 1
-1.05 1.05 1.9 84808F 1
-2.1 1.05 1.9 8C838E 1
-3.15 1.05 1.899999 827C8A 1
-4.2 1.05 1.899999 847E8C 1
-5.25 1.05 1.899999 817A88 1
-6.300001 1.05 1.899999 7E7887 1
-7.35 1.05 1.899999 7D7887 1
-8.400001 1.05 1.899999 787282 1
-9.450001 1.05 1.899999 827D8B 1
-10.5 1.05 1.899999 898089 1
10.5 2.1 1.900001 B7ACAB 1
-10.5 2.1 1.899999 CCC5C4 1
10.5 3.15 1.900001 B9ABAB 1
-10.5 3.15 1.899999 AEA5A7 1
-9.450001 3.15 1.899999 20243A 1
10.5 4.2 1.900001 BDAFAE 1
-10.5 4.2 1.899999 B0A7AA 1
-9.450001 4.2 1.899999 20253C 1
10.5 5.25 1.900001 BDB0AF 1
10.5 6.3 1.900001 B7A9A9 1
-10.5 6.3 1.899999 C4BDBB 1
11.55 7.35 1.900001 CDA394 1
-11.55 7.35 1.899999 D5B0A0 1
10.5 8.4 1.900001 5884B0 1
-10.5 8.4 1.899999 D9BBAE 1
9.450001 9.45 1.900001 65A7DB 1
9.450001 9.45 0.8500004 548EC7 1
8.400001 8.4 1.900001 D0D2DA 1
8.400002 9.45 0.8500004 5B95CA 1
7.350001 8.4 1.900001 DEE0E5 1
7.350001 9.45 0.8500009 5F9CCF 1
6.300001 8.4 1.900001 E3E3E7 1
6.300002 9.45 0.8500004 5E99CD 1
5.250001 8.4 1.9 E1E1E5 1
5.250001 9.45 0.8499999 619ED0 1
4.200001 8.4 1.9 E0E1E6 1
4.200001 9.45 0.8499999 5C95C8 1
3.150001 8.4 1.900001 DCDCE0 1
3.150001 9.45 0.8499999 5B95C7 1
2.1 8.4 1.9 DCDCDF 1
2.100001 9.45 0.8499997 5E9BCE 1
1.05 8.4 1.9 D9D8DC 1
1.050001 9.45 0.8499994 5B96CA 1
2.384186E-07 8.4 1.9 DDDDE1 1
4.768372E-07 9.45 0.8499994 5F9BCE 1
-1.05 8.4 1.9 DEE0E5 1
-1.05 9.45 0.8499994 5F9BCD 1
-2.1 8.4 1.9 DEDFE3 1
-2.1 9.45 0.8499992 609DD0 1
-3.15 8.4 1.899999 DFDEE1 1
-3.15 9.45 0.849999 5E99CC 1
-4.2 8.4 1.899999 DFDFE3 1
-4.2 9.45 0.849999 5D99CC 1
-5.25 8.4 1.899999 D6D7DC 1
-5.25 9.45 0.849999 5C96CA 1
-6.300001 8.4 1.899999 D5D5DA 1
-6.300001 9.45 0.8499985 5F9BCE 1
-7.35 8.4 1.899999 D9D9DE 1
-7.35 9.45 0.8499985 5993C8 1
-8.400001 8.4 1.899999 CCCDD5 1
-8.4 9.45 0.8499985 5890C6 1
-9.450001 9.45 1.899999 65A7DA 1
-9.450001 9.45 0.8499985 538CC9 1
9.450001 10.5 0.8500004 5C97CC 1
8.400002 10.5 0.8500004 5A96CB 1
7.350001 10.5 0.8500009 5C96C9 1
6.300002 10.5 0.8500004 609DD0 1
5.250001 10.5 0.8499999 5F9BCE 1
4.200001 10.5 0.8499999 5B94C6 1
3.150001 10.5 0.8499999 5E99CB 1
2.100001 10.5 0.8499997 5D99CB 1
1.050001 10.5 0.8499994 5C95C9 1
4.768372E-07 10.5 0.8499994 5B94C8 1
-1.05 10.5 0.8499994 5D98CC 1
-2.1 10.5 0.8499992 62A0D2 1
-3.15 10.5 0.849999 5F9BCE 1
-4.2 10.5 0.849999 5D97CA 1
-5.25 10.5 0.849999 5B95C8 1
-6.300001 10.5 0.8499985 609DCF 1
-7.35 10.5 0.8499985 5D9ACD 1
-8.4 10.5 0.8499985 5C98CD 1
-9.450001 10.5 0.8499985 5891C5 1
9.450001 11.55 0.8500004 5C97CB 1
8.400002 11.55 0.8500004 5D98CC 1
7.350001 11.55 0.8500009 5E9ACD 1
6.300002 11.55 0.8500004 5E99CC 1
5.250001 11.55 0.8499999 5E99CC 1
4.200001 11.55 0.8499999 609CCE 1
3.150001 11.55 0.8499999 5E99CB 1
2.100001 11.55 0.8499997 609CCE 1
1.050001 11.55 0.8499994 5E99CB 1
4.768372E-07 11.55 0.8499994 5F9BCE 1
-1.05 11.55 0.8499994 63A1D3 1
-2.1 11.55 0.8499992 5E99CC 1
-3.15 11.55 0.849999 5D97C9 1
-4.2 11.55 0.849999 5B94C6 1
-5.25 11.55 0.849999 5B96C9 1
-6.300001 11.55 0.8499985 5C98CD 1
-7.35 11.55 0.8499985 5E9ACD 1
-8.4 11.55 0.8499985 5C97CB 1
-9.450001 11.55 0.8499985 5B94C7 1
4.200001 12.6 0.8499999 5D99CC 1
3.150001 12.6 0.8499999 64A2D4 1
2.100001 12.6 0.8499997 5C96C8 1
1.050001 12.6 0.8499994 5F9BCC 1
4.768372E-07 12.6 0.8499994 5C97CA 1
-1.05 12.6 0.8499994 5C96C9 1
-2.1 12.6 0.8499992 609DD0 1
-3.15 12.6 0.849999 5C97CA 1
-4.2 12.6 0.849999 5D97CA 1
3.150001 13.65 0.8499999 609CCE 1
2.100001 13.65 0.8499997 5C96C9 1
1.050001 13.65 0.8499994 5E98C9 1
4.768372E-07 13.65 0.8499994 609DD0 1
-1.05 13.65 0.8499994 5E98CB 1
-2.1 13.65 0.8499992 5C96CA 1
-3.15 13.65 0.849999 5F9CD0 1
2.100001 14.7 0.8499997 609BCD 1
1.050001 14.7 0.8499994 5A92C5 1
4.768372E-07 14.7 0.8499994 5D98CB 1
-1.05 14.7 0.8499994 5E9ACD 1
-2.1 14.7 0.8499992 5C96CA 1
10.5 7.35 2.950001 5F4652 1
-10.5 5.25 2.949999 655360 1
10.5 0 2.950001 9B8D91 1
-10.5 0 2.949999 C1B9B9 1
10.5 1.05 2.950001 AC9D9F 1
9.450001 1.05 2.950001 88808C 1
8.400001 1.05 2.950001 858191 1
7.350001 1.05 2.950001 837C8A 1
6.300001 1.05 2.950001 847D8B 1
5.25 1.05 2.95 8A8290 1
4.2 1.05 2.95 8C8591 1
3.150001 1.05 2.95 908690 1
2.1 1.05 2.95 938993 1
1.05 1.05 2.95 8B838E 1
1.192093E-07 1.05 2.95 8A828E 1
-1.05 1.05 2.95 8D8591 1
-2.1 1.05 2.95 8A8490 1
-3.150001 1.05 2.949999 8A8491 1
-4.2 1.05 2.949999 817C8C 1
-5.25 1.05 2.949999 827B89 1
-6.300001 1.05 2.949999 877F8C 1
-7.350001 1.05 2.949999 837C8B 1
-8.400001 1.05 2.949999 797383 1
-9.450001 1.05 2.949999 847E8B 1
-10.5 1.05 2.949999 90868D 1
10.5 2.1 2.950001 B2A4A4 1
-10.5 2.1 2.949999 CBC4C3 1
9.450001 3.15 2.950001 202339 1
-9.450001 3.15 2.949999 20273E 1
9.450001 4.2 2.950001 20233A 1
-9.450001 4.2 2.949999 20263D 1
10.5 5.25 2.950001 BFB3B2 1
10.5 6.3 2.950001 B8ABAB 1
-10.5 6.3 2.949999 C8C1C1 1
11.55 7.35 2.950001 D0A797 1
-11.55 7.35 2.949999 D6B1A0 1
10.5 8.4 2.950001 598AB8 1
-10.5 8.4 2.949999 DFC1B4 1
9.450001 9.45 2.950001 6BAFE1 1
8.400001 8.4 2.950001 DFDEE2 1
7.350001 8.4 2.950001 EAE8E8 1
6.300001 8.4 2.950001 EBE9E9 1
5.25 8.4 2.95 EBE9E9 1
4.2 8.4 2.95 E2E0E1 1
3.150001 8.4 2.95 E3E1E2 1
2.1 8.4 2.95 E1E0E3 1
1.05 8.4 2.95 E3E2E3 1
1.192093E-07 8.4 2.95 E9E8E9 1
-1.05 8.4 2.95 E8E7E9 1
-2.1 8.4 2.95 EAE8E9 1
-3.150001 8.4 2.949999 EAE9EB 1
-4.2 8.4 2.949999 E3E2E3 1
-5.25 8.4 2.949999 E6E5E7 1
-6.300001 8.4 2.949999 E3E2E3 1
-7.350001 8.4 2.949999 E0DFE1 1
-8.400001 8.4 2.949999 D1D0D6 1
-9.450001 9.45 2.949999 6EB4E5 1
10.5 7.35 4.000001 644954 1
-10.5 5.25 3.999999 635562 1
10.5 0 4.000001 9D8F93 1
-10.5 0 3.999999 BDB5B5 1
10.5 1.05 4.000001 AFA1A2 1
9.450001 1.05 4.000001 857E8B 1
8.400001 1.05 4.000001 888594 1
7.350001 1.05 4.000001 888391 1
6.300001 1.05 4.000001 8F8690 1
5.25 1.05 4 8B8591 1
4.2 1.05 4 938B95 1
3.150001 1.05 4 968D96 1
2.1 1.05 4 908994 1
1.05 1.05 4 908792 1
0 1.05 4 918A95 1
-1.05 1.05 4 938B96 1
-2.1 1.05 4 8D8794 1
-3.150001 1.05 4 888290 1
-4.2 1.05 4 89828E 1
-5.25 1.05 4 827D8C 1
-6.300001 1.05 3.999999 817A89 1
-7.350001 1.05 3.999999 767285 1
-8.400001 1.05 3.999999 7F7887 1
-9.450001 1.05 3.999999 847D8B 1
-10.5 1.05 3.999999 918890 1
10.5 2.1 4.000001 BAAEAE 1
-10.5 2.1 3.999999 D1CBC9 1
9.450001 3.15 4.000001 20253C 1
-9.450001 3.15 3.999999 20283F 1
9.450001 4.2 4.000001 20243A 1
-9.450001 4.2 3.999999 20263C 1
10.5 5.25 4.000001 B7A9A8 1
10.5 6.3 4.000001 BAAEAE 1
-10.5 6.3 3.999999 C9C2C1 1
11.55 7.35 4.000001 D5AD9C 1
-11.55 7.35 3.999999 D9B5A4 1
10.5 8.4 4.000001 5A8BB9 1
5.25 8.4 4 514E6F 1
-10.5 8.4 3.999999 DDBFB2 1
9.450001 9.45 4.000001 71B8E7 1
8.400001 8.4 4.000001 E2E1E2 1
7.350001 8.4 4.000001 F2F0EF 1
6.300001 8.4 4.000001 EFEDEC 1
0 8.4 4 E8E6E7 1
-1.05 8.4 4 EEECEC 1
-2.1 8.4 4 EFEDED 1
-3.150001 8.4 4 EFEDEC 1
-4.2 8.4 4 E3E1E3 1
-5.25 8.4 4 D5D3D6 1
-6.300001 8.4 3.999999 D5D4D9 1
-7.350001 8.4 3.999999 D9D7DA 1
-8.400001 8.4 3.999999 D8D7DB 1
-9.450001 9.45 3.999999 70B6E6 1
10.5 7.35 5.050001 664C55 1
-10.5 5.25 5.049999 665866 1
10.5 0 5.050001 A69A9C 1
-10.5 0 5.049999 C6BFBE 1
10.5 1.05 5.050001 B4A7A7 1
9.450001 1.05 5.050001 8A838F 1
8.400001 1.05 5.050001 89828E 1
7.350001 1.05 5.050001 8E8691 1
6.300001 1.05 5.050001 928A94 1
5.25 1.05 5.050001 918B97 1
4.2 1.05 5.050001 8C8693 1
3.150001 1.05 5.050001 999099 1
2.1 1.05 5.05 938C97 1
1.05 1.05 5.05 9A9098 1
-1.192093E-07 1.05 5.05 8B8693 1
-1.05 1.05 5.05 948D98 1
-2.1 1.05 5.05 8B828E 1
-3.150001 1.05 5.05 8B8592 1
-4.2 1.05 5.05 938B95 1
-5.25 1.05 5.05 807B8B 1
-6.300001 1.05 5.049999 858190 1
-7.350001 1.05 5.049999 868190 1
-8.400001 1.05 5.049999 787688 1
-9.450001 1.05 5.049999 837C89 1
-10.5 1.05 5.049999 8E848D 1
10.5 2.1 5.050001 B7ABAB 1
-10.5 2.1 5.049999 D4CECC 1
9.450001 3.15 5.050001 20263C 1
-9.450001 3.15 5.049999 212940 1
9.450001 4.2 5.050001 20243A 1
-9.450001 4.2 5.049999 20253C 1
10.5 5.25 5.050001 BDB1B1 1
10.5 6.3 5.050001 B8AAA9 1
-10.5 6.3 5.049999 C6BFBE 1
11.55 7.35 5.050001 CFA696 1
-11.55 7.35 5.049999 D9B5A4 1
10.5 8.4 5.050001 5785B2 1
1.05 8.4 5.05 545274 1
-10.5 8.4 5.049999 E0C1B4 1
9.450001 9.45 5.050001 73B9E9 1
4.2 8.4 5.050001 7B789B 1
3.150001 8.4 5.050001 3A3D63 1
2.1 8.4 5.05 666488 1
2.1 9.45 5.05 98A0B8 1
-1.192093E-07 8.4 5.05 F2EFEE 1
-1.05 8.4 5.05 F0EEED 1
-2.1 8.4 5.05 F2F0EE 1
-3.150001 8.4 5.05 E5E3E4 1
-8.400001 8.4 5.049999 C8C8CE 1
-9.450001 9.45 5.049999 74BBEA 1
3.150001 10.5 5.050001 C1CADA 1
10.5 7.35 6.100001 5E4551 1
10.5 0 6.100001 A09396 1
-10.5 0 6.099999 C4BDBC 1
10.5 1.05 6.100001 B5A9A9 1
9.450001 1.05 6.100001 898390 1
8.400001 1.05 6.100001 878290 1
7.35 1.05 6.100001 8C8793 1
6.300001 1.05 6.100001 8E8794 1
5.25 1.05 6.1 928D99 1
4.2 1.05 6.1 98919B 1
3.15 1.05 6.1 8C8692 1
2.1 1.05 6.1 968E98 1
1.05 1.05 6.1 958E98 1
-2.384186E-07 1.05 6.1 97909A 1
-1.05 1.05 6.1 958F9A 1
-2.1 1.05 6.099999 968F98 1
-3.150001 1.05 6.099999 8D8591 1
-4.200001 1.05 6.1 908894 1
-5.250001 1.05 6.1 868291 1
-6.300001 1.05 6.099999 847F8E 1
-7.350001 1.05 6.099999 857E8B 1
-8.400001 1.05 6.099999 7D7785 1
-9.450001 1.05 6.099999 86808E 1
-10.5 1.05 6.099999 8B828C 1
10.5 2.1 6.100001 B6AAAB 1
-10.5 2.1 6.099999 D2CBC9 1
9.450001 3.15 6.100001 20273E 1
-10.5 3.15 11.35 B5ACAE 1
9.450001 4.2 6.100001 20253B 1
-10.5 4.2 11.35 9A9096 1
10.5 5.25 6.100001 C0B3B2 1
-10.5 5.25 6.099999 D6CFCD 1
10.5 6.3 6.100001 B8AAAA 1
-10.5 6.3 6.099999 CBC4C2 1
11.55 7.35 6.100001 CEA595 1
-11.55 7.35 6.099999 D7B2A1 1
10.5 8.4 6.100001 5C8FBC 1
5.25 8.4 6.1 555273 1
-4.200001 8.4 6.1 838499 1
1.05 8.4 6.1 595576 1
-7.350001 8.4 6.099999 717087 1
-10.5 8.4 6.099999 E2C3B4 1
-4.200001 9.45 6.1 B1B9C9 1
9.450001 9.45 6.100001 72B9E8 1
8.400001 8.4 6.100001 ECEAE9 1
7.35 8.4 6.100001 FBF8F5 1
6.300001 8.4 6.100001 F9F5F2 1
4.2 8.4 6.1 8783A5 1
3.15 8.4 6.1 747092 1
3.15 9.45 6.1 A9B0C3 1
2.1 8.4 6.1 78769A 1
-2.384186E-07 8.4 6.1 F8F5F3 1
-1.05 8.4 6.1 F9F6F3 1
-2.1 8.4 6.099999 F3F1EF 1
-3.150001 8.4 6.099999 E4E2E2 1
-5.250001 8.4 6.1 8A8CA2 1
-6.300001 8.4 6.099999 8D8FA3 1
-8.400001 8.4 6.099999 CAC9CF 1
-7.350001 9.45 6.099999 ABB2C5 1
-9.450001 9.45 6.099999 78C1EF 1
2.1 9.45 6.1 CED6E3 1
-5.250001 10.5 6.1 8884A6 1
-6.300001 10.5 6.099999 8F8BAB 1
10.5 7.35 7.150002 694F58 1
-10.5 5.25 7.15 695965 1
10.5 0 7.150002 A99D9F 1
-10.5 0 7.15 C3BBBA 1
10.5 1.05 7.150002 B6ABAB 1
9.450001 1.05 7.150002 88808D 1
8.4 1.05 7.150002 918B96 1
7.35 1.05 7.150002 928B95 1
6.300001 1.05 7.150002 938E9A 1
5.25 1.05 7.150001 928C97 1
4.2 1.05 7.150001 978E98 1
3.15 1.05 7.150001 958F9A 1
2.1 1.05 7.150001 9A9199 1
1.05 1.05 7.150001 948D98 1
-4.768372E-07 1.05 7.150001 9A939C 1
-1.050001 1.05 7.150001 918C99 1
-2.100001 1.05 7.150001 9C929B 1
-3.150001 1.05 7.15 918994 1
-4.200001 1.05 7.15 938A94 1
-5.250001 1.05 7.15 928B96 1
-6.300002 1.05 7.15 868393 1
-7.350001 1.05 7.149999 837E8C 1
-8.400002 1.05 7.15 7B7787 1
-9.450001 1.05 7.15 88818E 1
-10.5 1.05 7.15 9D969F 1
10.5 2.1 7.150002 BAAEAD 1
-10.5 2.1 7.15 D7D1CE 1
9.450001 3.15 7.150002 20243B 1
-10.5 3.15 7.15 A79DA1 1
-9.450001 3.15 7.15 20253B 1
9.450001 4.2 7.150002 202339 1
-10.5 4.2 7.15 A1979B 1
-9.450001 4.2 7.15 20233A 1
10.5 5.25 7.150002 C9BFBD 1
10.5 6.3 7.150002 B6AAAA 1
-10.5 6.3 7.15 D0C9C7 1
11.55 7.35 7.150002 D2AA99 1
-11.55 7.35 7.15 DCB8A6 1
10.5 8.4 7.150002 5B8DBB 1
-4.200001 8.4 7.15 7C7D92 1
4.2 8.4 7.150001 5F5A7B 1
3.15 8.4 7.150001 5B5676 1
2.1 8.4 7.150001 635F80 1
1.05 8.4 7.150001 676384 1
-7.350001 8.4 7.149999 737187 1
-10.5 8.4 7.15 E3C5B7 1
-4.200001 9.45 7.15 B5BCCC 1
9.450001 9.45 7.150002 75BCEB 1
8.4 8.4 7.150002 EFEDED 1
7.35 8.4 7.150002 F9F6F3 1
6.300001 8.4 7.150002 FFFEFA 1
5.25 8.4 7.150001 FEFAF5 1
-4.768372E-07 8.4 7.150001 FFFBF6 1
-1.050001 8.4 7.150001 F9F6F2 1
-2.100001 8.4 7.150001 FBF8F4 1
-3.150001 8.4 7.15 ECE9E8 1
-5.250001 8.4 7.15 8A8CA1 1
-6.300002 8.4 7.15 8E8FA3 1
-8.400002 8.4 7.15 CFCFD5 1
-7.350001 9.45 7.149999 AFB6C7 1
-9.450001 9.45 7.15 75BCEA 1
-5.250001 9.45 7.15 A7AABA 1
-6.300002 10.5 7.15 9391AF 1
10.5 7.35 8.200001 6A515A 1
-10.5 5.25 8.2 685966 1
10.5 0 8.200001 A5999C 1
-10.5 0 8.2 C7BFBE 1
10.5 1.05 8.200001 B5A9AA 1
9.450001 1.05 8.200001 928C97 1
8.4 1.05 8.200001 8D8896 1
7.35 1.05 8.200001 958F99 1
6.300001 1.05 8.200001 938A94 1
5.25 1.05 8.200001 928C99 1
4.2 1.05 8.200001 9A929B 1
3.15 1.05 8.200001 A0969D 1
2.1 1.05 8.200001 9E949C 1
1.05 1.05 8.200001 9A939D 1
-4.768372E-07 1.05 8.200001 9E969F 1
-1.050001 1.05 8.2 9F98A1 1
-2.100001 1.05 8.2 908A95 1
-3.150001 1.05 8.2 908A95 1
-4.200001 1.05 8.199999 918C99 1
-5.250001 1.05 8.200001 908894 1
-6.300002 1.05 8.199999 8C8591 1
-7.350001 1.05 8.199999 858090 1
-8.400002 1.05 8.2 7F7C8C 1
-9.450001 1.05 8.199999 88828F 1
-10.5 1.05 8.2 928991 1
10.5 2.1 8.200001 B7ABAB 1
-10.5 2.1 8.2 D1CAC7 1
10.5 3.15 8.200001 C0B4B3 1
-9.450001 3.15 8.199999 20273E 1
10.5 4.2 8.200001 BDB1B1 1
-9.450001 4.2 8.199999 222941 1
10.5 5.25 8.200001 C5BAB9 1
10.5 6.3 8.200001 C2B7B6 1
-10.5 6.3 8.2 CAC2C0 1
11.55 7.35 8.200001 D3AB9A 1
-11.55 7.35 8.199999 DEBAA7 1
10.5 8.4 8.200001 6095C2 1
-5.250001 8.4 8.200001 423F5E 1
-4.200001 8.4 8.199999 8C8EA1 1
-6.300002 8.4 8.199999 6F6E84 1
-7.350001 8.4 8.199999 898B9D 1
-10.5 8.4 8.2 E0C4B8 1
9.450001 9.45 8.200001 76BDEB 1
8.4 8.4 8.200001 EAE6E5 1
7.35 8.4 8.200001 FFFCF8 1
6.300001 8.4 8.200001 FEFBF7 1
5.25 8.4 8.200001 FFFDF8 1
4.2 8.4 8.200001 FFFCF8 1
3.15 8.4 8.200001 FBF8F5 1
2.1 8.4 8.200001 FBF7F4 1
1.05 8.4 8.200001 FEFBF6 1
-4.768372E-07 8.4 8.200001 FAF7F3 1
-1.050001 8.4 8.2 FDFAF6 1
-2.100001 8.4 8.2 FCF9F5 1
-3.150001 8.4 8.2 F9F6F2 1
-4.200001 9.45 8.199999 BDC3D1 1
-5.250001 9.45 8.200001 BBC2D2 1
-6.300002 9.45 8.199999 BAC1CF 1
-7.350001 9.45 8.199999 B2B8C7 1
-8.400002 8.4 8.2 E4E2E3 1
-9.450001 9.45 8.199999 74BBE9 1
10.5 7.35 9.250002 6C515A 1
-10.5 5.25 9.249999 6E5D69 1
10.5 0 9.250002 A79B9E 1
-10.5 0 9.249999 C7C0BF 1
10.5 1.05 9.250002 BAAEAD 1
9.450001 1.05 9.250002 918A94 1
8.4 1.05 9.250002 928A95 1
7.35 1.05 9.250002 948F9A 1
6.300001 1.05 9.250002 9A929A 1
5.25 1.05 9.250001 99929C 1
4.2 1.05 9.250001 928E9C 1
3.15 1.05 9.250001 9F98A1 1
2.1 1.05 9.250001 9D97A1 1
1.05 1.05 9.250001 96929D 1
-4.768372E-07 1.05 9.25 9D939A 1
-1.050001 1.05 9.25 96909C 1
-2.100001 1.05 9.25 94909C 1
-3.150001 1.05 9.25 98909A 1
-4.200001 1.05 9.25 8E8996 1
-5.250001 1.05 9.25 948E9A 1
-6.300002 1.05 9.25 898391 1
-7.350001 1.05 9.25 828091 1
-8.400002 1.05 9.249999 857F8D 1
-9.450001 1.05 9.25 8C848E 1
-10.5 1.05 9.249999 999096 1
10.5 2.1 9.250002 BFB4B4 1
-10.5 2.1 9.249999 D4CECC 1
10.5 3.15 9.250002 C3BAB9 1
-9.450001 3.15 9.25 21283F 1
10.5 4.2 9.250002 C2B8B6 1
-9.450001 4.2 9.25 20273E 1
10.5 5.25 9.250002 C5BBBA 1
10.5 6.3 9.250002 BFB3B2 1
-10.5 6.3 9.249999 C9C1C0 1
11.55 7.35 9.250002 D6AE9D 1
-11.55 7.35 9.25 DCB7A5 1
10.5 8.4 9.250002 5F92BF 1
-5.250001 8.4 9.25 4F4A69 1
-6.300002 8.4 9.25 4C4866 1
-10.5 8.4 9.249999 E0C3B5 1
9.450001 9.45 9.250002 77BFED 1
8.4 8.4 9.250002 F5F2F0 1
7.35 8.4 9.250002 FEFBF7 1
6.300001 8.4 9.250002 FEFBF7 1
5.25 8.4 9.250001 FFFFFB 1
4.2 8.4 9.250001 FFFDF8 1
3.15 8.4 9.250001 FEFBF7 1
2.1 8.4 9.250001 FFFEF9 1
1.05 8.4 9.250001 FFFCF8 1
-4.768372E-07 8.4 9.25 FFFDF8 1
-1.050001 8.4 9.25 FFFEF9 1
-2.100001 8.4 9.25 FFFDF8 1
-3.150001 8.4 9.25 FFFEF9 1
-4.200001 8.4 9.25 FEFBF7 1
-7.350001 8.4 9.25 FAF7F4 1
-8.400002 8.4 9.249999 ECEAE9 1
-9.450001 9.45 9.25 76BDEB 1
10.5 7.35 10.3 6C535C 1
-10.5 5.25 10.3 695864 1
10.5 0 10.3 B1A5A6 1
-10.5 0 10.3 CCC5C4 1
10.5 1.05 10.3 BCB2B2 1
9.45 1.05 10.3 8E8691 1
8.4 1.05 10.3 9D949B 1
7.35 1.05 10.3 908C9A 1
6.3 1.05 10.3 9C949C 1
5.25 1.05 10.3 9C949D 1
4.199999 1.05 10.3 9E969D 1
3.15 1.05 10.3 A0969E 1
2.099999 1.05 10.3 9E98A2 1
1.049999 1.05 10.3 A39DA5 1
-9.536743E-07 1.05 10.3 9793A0 1
-1.050001 1.05 10.3 97929D 1
-2.100001 1.05 10.3 948E9A 1
-3.150002 1.05 10.3 928C97 1
-4.200001 1.05 10.3 928B95 1
-5.250001 1.05 10.3 8E8997 1
-6.300002 1.05 10.3 827F90 1
-7.350002 1.05 10.3 898390 1
-8.400002 1.05 10.3 807E8F 1
-9.450002 1.05 10.3 8C8793 1
-10.5 1.05 10.3 989097 1
10.5 2.1 10.3 C2B9B8 1
-10.5 2.1 10.3 D5CFCD 1
10.5 3.15 10.3 C5BCBB 1
-9.450002 3.15 10.3 20273E 1
10.5 4.2 10.3 C9C0BE 1
-9.450002 4.2 10.3 20273D 1
10.5 5.25 10.3 C6BDBC 1
10.5 6.3 10.3 C0B4B3 1
-10.5 6.3 10.3 CCC5C3 1
11.55 7.35 10.3 D3AB9A 1
-11.55 7.35 10.3 DBB6A4 1
10.5 8.4 10.3 5D90BD 1
-5.250001 8.4 10.3 575271 1
-6.300002 8.4 10.3 575170 1
-10.5 8.4 10.3 DCC1B6 1
9.45 9.45 10.3 76BDEA 1
8.4 8.4 10.3 F3F3F3 1
7.35 8.4 10.3 FCF9F5 1
6.3 8.4 10.3 FEFAF6 1
5.25 8.4 10.3 FEFCF8 1
4.199999 8.4 10.3 FFFEF9 1
3.15 8.4 10.3 FFFCF8 1
2.099999 8.4 10.3 FFFCF8 1
1.049999 8.4 10.3 FDF9F5 1
-9.536743E-07 8.4 10.3 FCF8F5 1
-1.050001 8.4 10.3 FFFCF8 1
-2.100001 8.4 10.3 FAF6F3 1
-3.150002 8.4 10.3 FCF9F5 1
-4.200001 8.4 10.3 FDFAF6 1
-7.350002 8.4 10.3 FEFAF5 1
-8.400002 8.4 10.3 E8E5E5 1
-9.450002 9.45 10.3 78C0EE 1
10.5 7.35 11.35 71555C 1
-10.5 5.25 11.35 867981 1
10.5 0 11.35 ACA2A4 1
-10.5 0 11.35 C7BFBE 1
10.5 1.05 11.35 BDB3B3 1
9.45 1.05 11.35 948F9B 1
8.4 1.05 11.35 918B97 1
7.35 1.05 11.35 8D8794 1
6.3 1.05 11.35 9794A0 1
5.25 1.05 11.35 9C949C 1
4.199999 1.05 11.35 97929E 1
3.15 1.05 11.35 9995A0 1
2.099999 1.05 11.35 9A95A0 1
1.049999 1.05 11.35 A2979D 1
-9.536743E-07 1.05 11.35 99939D 1
-1.050001 1.05 11.35 9F98A1 1
-2.100001 1.05 11.35 9A939D 1
-3.150002 1.05 11.35 9C959E 1
-4.200001 1.05 11.35 8B8794 1
-5.250001 1.05 11.35 918A94 1
-6.300002 1.05 11.35 89828F 1
-7.350002 1.05 11.35 8C8492 1
-8.400002 1.05 11.35 837E8C 1
-9.450002 1.05 11.35 8F8994 1
-10.5 1.05 11.35 978E96 1
10.5 2.1 11.35 C1B7B6 1
-10.5 2.1 11.35 CFC8C6 1
10.5 3.15 11.35 CBC2C0 1
-9.450002 3.15 11.35 585372 1
10.5 4.2 11.35 C4BAB8 1
-9.450002 4.2 11.35 524E6E 1
10.5 5.25 11.35 C8BEBC 1
10.5 6.3 11.35 C8BEBC 1
-10.5 6.3 11.35 D0C8C6 1
11.55 7.35 11.35 D1AA9A 1
-11.55 7.35 11.35 DBB7A5 1
10.5 8.4 11.35 5C8FBC 1
-5.250001 8.4 11.35 4B4767 1
-6.300002 8.4 11.35 484564 1
-10.5 8.4 11.35 E4C7BA 1
9.45 9.45 11.35 7DC7F4 1
8.4 8.4 11.35 E2E1E4 1
7.35 8.4 11.35 F0EDEC 1
6.3 8.4 11.35 F5F3F2 1
5.25 8.4 11.35 F4F1EF 1
4.199999 8.4 11.35 F0EEED 1
3.15 8.4 11.35 F4F2F0 1
2.099999 8.4 11.35 F2F0EE 1
1.049999 8.4 11.35 F1EFEE 1
-9.536743E-07 8.4 11.35 F4F2EF 1
-1.050001 8.4 11.35 F2EFEC 1
-2.100001 8.4 11.35 F3F0EE 1
-3.150002 8.4 11.35 F7F4F1 1
-4.200001 8.4 11.35 F0EEED 1
-7.350002 8.4 11.35 EEEBEA 1
-8.400002 8.4 11.35 E0E1E5 1
-9.450002 9.45 11.35 78C0ED 1
10.5 7.35 12.4 694F59 1
10.5 0 12.4 AFA4A6 1
-10.5 0 12.4 CAC3C3 1
10.5 1.05 12.4 BFB5B4 1
9.45 1.05 12.4 99939D 1
8.4 1.05 12.4 9A929B 1
7.35 1.05 12.4 9A929B 1
6.3 1.05 12.4 9894A0 1
5.25 1.05 12.4 9B959F 1
4.199999 1.05 12.4 9C97A2 1
3.15 1.05 12.4 98929B 1
2.099999 1.05 12.4 A09BA3 1
1.049999 1.05 12.4 9F9AA3 1
-9.536743E-07 1.05 12.4 928E9A 1
-1.050001 1.05 12.4 95909C 1
-2.100001 1.05 12.4 928C97 1
-3.150002 1.05 12.4 96929F 1
-4.200001 1.05 12.4 847F8E 1
-5.250001 1.05 12.4 817C8D 1
-6.300002 1.05 12.4 7F7988 1
-7.350002 1.05 12.4 87818F 1
-8.400002 1.05 12.4 86818F 1
-9.450002 1.05 12.4 87818D 1
-10.5 1.05 12.4 8D8690 1
10.5 2.1 12.4 C4BBBA 1
-10.5 2.1 12.4 D8D2D0 1
10.5 3.15 12.4 C3B9B8 1
-10.5 3.15 12.4 D8D2D0 1
10.5 4.2 12.4 C8BFBD 1
-10.5 4.2 12.4 D6D0CE 1
10.5 5.25 12.4 CAC0BE 1
-10.5 5.25 12.4 D6CFCD 1
10.5 6.3 12.4 C3B9B7 1
-10.5 6.3 12.4 D1CAC8 1
11.55 7.35 12.4 D7B19F 1
-11.55 7.35 12.4 D6B2A1 1
10.5 8.4 12.4 5C8FBD 1
-10.5 8.4 12.4 E1C5B8 1
9.45 9.45 12.4 78C0EE 1
8.4 9.45 12.4 77BFEC 1
7.35 9.45 12.4 76BDEB 1
6.3 9.45 12.4 78C1EF 1
5.25 9.45 12.4 7AC3F0 1
4.199999 9.45 12.4 78C0ED 1
3.15 9.45 12.4 73B9E7 1
2.099999 9.45 12.4 76BDEB 1
1.049999 9.45 12.4 76BDEB 1
-9.536743E-07 9.45 12.4 7AC2EF 1
-1.050001 9.45 12.4 77BFED 1
-2.100001 9.45 12.4 75BCEA 1
-3.150002 9.45 12.4 79C2EF 1
-4.200001 9.45 12.4 76BDEC 1
-5.250001 9.45 12.4 77BFEC 1
-6.300002 9.45 12.4 76BDEB 1
-7.350002 9.45 12.4 78BFED 1
-8.400002 9.45 12.4 79C1EF 1
-9.450002 9.45 12.4 79C1EE 1
10.5 7.35 13.45 74575F 1
-5.250001 3.15 13.45 2D2D49 1
-6.300002 3.15 13.45 32324E 1
-7.350002 6.3 13.45 373654 1
-8.400002 3.15 13.45 2C2C49 1
10.5 0 13.45 AFA4A5 1
-10.5 0 13.45 C9C1C0 1
10.5 1.05 13.45 C5BCBB 1
9.45 1.05 13.45 9C969F 1
8.4 1.05 13.45 948F9A 1
7.35 1.05 13.45 97919B 1
6.3 1.05 13.45 A7A1A9 1
5.25 1.05 13.45 9A949E 1
4.199999 1.05 13.45 9F98A0 1
3.15 1.05 13.45 A19AA3 1
2.099999 1.05 13.45 97929D 1
1.049999 1.05 13.45 A79FA5 1
-9.536743E-07 1.05 13.45 9E99A2 1
-1.050001 1.05 13.45 9B96A0 1
-2.100001 1.05 13.45 A19BA3 1
-3.150002 1.05 13.45 9A95A0 1
-4.200001 1.05 13.45 878697 1
-5.250001 1.05 13.45 6E6B81 1
-6.300002 1.05 13.45 6E6A7F 1
-7.350002 1.05 13.45 807E90 1
-8.400002 1.05 13.45 857E8B 1
-9.450002 1.05 13.45 8E8894 1
-10.5 1.05 13.45 908993 1
10.5 2.1 13.45 C3BABA 1
-7.350002 2.1 13.45 474462 1
-5.250001 2.1 13.45 20283F 1
-6.300002 2.1 13.45 21283F 1
-10.5 2.1 13.45 D7D0CE 1
10.5 3.15 13.45 C9C1BF 1
-5.250001 5.25 13.45 353F62 1
-6.300002 5.25 13.45 2B2C48 1
-10.5 3.15 13.45 D5CFCC 1
10.5 4.2 13.45 C1B6B5 1
-7.350002 4.2 13.45 444261 1
-5.250001 4.2 13.45 20263D 1
-6.300002 4.2 13.45 212940 1
-8.400002 4.2 13.45 403E5E 1
-10.5 4.2 13.45 D7D1CF 1
10.5 5.25 13.45 CCC3C1 1
-8.400002 5.25 13.45 454261 1
-5.250001 6.3 13.45 3B3A59 1
-6.300002 6.3 13.45 383755 1
-10.5 5.25 13.45 D6CFCD 1
10.5 6.3 13.45 C7BEBC 1
-8.400002 6.3 13.45 43456A 1
-10.5 6.3 13.45 D1CAC9 1
11.55 7.35 13.45 D3AD9D 1
-5.250001 7.35 13.45 3E3A59 1
-11.55 7.35 13.45 D9B5A4 1
10.5 8.4 13.45 6196C4 1
-10.5 8.4 13.45 EDCFBF 1
9.45 9.45 13.45 78C0ED 1
8.4 9.45 13.45 7AC2F0 1
7.35 9.45 13.45 70B5E3 1
6.3 9.45 13.45 78C0ED 1
5.25 9.45 13.45 76BEEC 1
4.199999 9.45 13.45 76BDEB 1
3.15 9.45 13.45 75BCE9 1
2.099999 9.45 13.45 77BEEB 1
1.049999 9.45 13.45 7BC3F1 1
-9.536743E-07 9.45 13.45 78C0EE 1
-1.050001 9.45 13.45 77BFEC 1
-2.100001 9.45 13.45 78BFED 1
-3.150002 9.45 13.45 77BEEC 1
-4.200001 9.45 13.45 75BCEA 1
-5.250001 9.45 13.45 7DC7F4 1
-6.300002 9.45 13.45 75BCE9 1
-7.350002 9.45 13.45 77BFEC 1
-8.400002 9.45 13.45 78BFED 1
-9.450002 9.45 13.45 77BFEC 1
10.5 0 14.5 BAB0B0 1
-10.5 0 14.5 C8C1C0 1
10.5 1.05 14.5 E6E0DC 1
9.45 1.05 14.5 DCD6D4 1
8.4 1.05 14.5 DBD5D2 1
7.35 1.05 14.5 D8D2CF 1
6.3 1.05 14.5 DFD9D6 1
5.25 1.05 14.5 D8D2CF 1
4.199999 1.05 14.5 D6D0CD 1
3.15 1.05 14.5 D0C9C8 1
2.099999 1.05 14.5 DAD4D1 1
1.049999 1.05 14.5 D8D1CF 1
-9.536743E-07 1.05 14.5 DCD6D3 1
-1.050001 1.05 14.5 D7D0CE 1
-2.100001 1.05 14.5 D8D1CF 1
-3.150002 1.05 14.5 D4CDCB 1
-4.200001 1.05 14.5 D5D0D0 1
-5.250001 1.05 14.5 CEC8C8 1
-6.300002 1.05 14.5 CBC4C3 1
-7.350002 1.05 14.5 D9D3D2 1
-8.400002 1.05 14.5 CEC8C8 1
-9.450002 1.05 14.5 DFD9D7 1
-10.5 1.05 14.5 E1DBD9 1
9.45 2.1 13.45 D6CFCD 1
8.4 2.1 13.45 D2CBC9 1
7.35 2.1 13.45 D8D2CF 1
6.3 2.1 13.45 D2CCCA 1
5.25 2.1 13.45 D5CECC 1
4.199999 2.1 13.45 D4CECC 1
3.15 2.1 13.45 D2CCCA 1
2.099999 2.1 13.45 D1CAC8 1
1.049999 2.1 13.45 D3CDCC 1
-9.536743E-07 2.1 13.45 D0C9C7 1
-1.050001 2.1 13.45 D7D0CE 1
-2.100001 2.1 13.45 D1CAC9 1
-3.150002 2.1 13.45 D7D1CE 1
-4.200001 2.1 13.45 BEBAC0 1
-8.400002 2.1 13.45 666181 1
-9.450002 2.1 13.45 CEC6C5 1
9.45 3.15 13.45 D3CCCB 1
8.4 3.15 13.45 D0C9C8 1
7.35 3.15 13.45 D4CDCB 1
6.3 3.15 13.45 D0C9C7 1
5.25 3.15 13.45 CFC8C6 1
4.199999 3.15 13.45 D1CAC9 1
3.15 3.15 13.45 D5CFCD 1
2.099999 3.15 13.45 D1CAC8 1
1.049999 3.15 13.45 D2CBC9 1
-9.536743E-07 3.15 13.45 D3CDCC 1
-1.050001 3.15 13.45 D2CBCA 1
-2.100001 3.15 13.45 D4CECC 1
-3.150002 3.15 13.45 D2CBCA 1
-4.200001 3.15 13.45 BCB7BB 1
-7.350002 3.15 13.45 B3C3D7 1
-9.450002 3.15 13.45 CDC6C5 1
9.45 4.2 13.45 CFC8C7 1
8.4 4.2 13.45 CFC8C6 1
7.35 4.2 13.45 D6CFCD 1
6.3 4.2 13.45 D2CCCA 1
5.25 4.2 13.45 D0CAC8 1
4.199999 4.2 13.45 CFC9C7 1
3.15 4.2 13.45 D0C9C7 1
2.099999 4.2 13.45 D2CBC9 1
1.049999 4.2 13.45 D5CECB 1
-9.536743E-07 4.2 13.45 D0C9C6 1
-1.050001 4.2 13.45 D5CECC 1
-2.100001 4.2 13.45 D3CDCB 1
-3.150002 4.2 13.45 CEC7C6 1
-4.200001 4.2 13.45 BCB6BA 1
-9.450002 4.2 13.45 D4CDCB 1
9.45 5.25 13.45 D2CBC9 1
8.4 5.25 13.45 D3CDCB 1
7.35 5.25 13.45 D1CAC8 1
6.3 5.25 13.45 CDC6C6 1
5.25 5.25 13.45 D4CDCB 1
4.199999 5.25 13.45 CEC7C6 1
3.15 5.25 13.45 D1C9C7 1
2.099999 5.25 13.45 D3CCCA 1
1.049999 5.25 13.45 D1CAC8 1
-9.536743E-07 5.25 13.45 D6CFCD 1
-1.050001 5.25 13.45 D0C8C7 1
-2.100001 5.25 13.45 D4CECC 1
-3.150002 5.25 13.45 CDC7C6 1
-4.200001 5.25 13.45 BDB8BC 1
-7.350002 5.25 13.45 B3C3D7 1
-9.450002 5.25 13.45 D0C9C8 1
9.45 6.3 13.45 C5BDBD 1
8.4 6.3 13.45 CAC2C0 1
7.35 6.3 13.45 C8C0BF 1
6.3 6.3 13.45 C6BEBD 1
5.25 6.3 13.45 C4BCBB 1
4.199999 6.3 13.45 C7BFBE 1
3.15 6.3 13.45 CAC2C1 1
2.099999 6.3 13.45 C8C0BF 1
1.049999 6.3 13.45 C5BCBB 1
-9.536743E-07 6.3 13.45 C3BAB9 1
-1.050001 6.3 13.45 C6BDBC 1
-2.100001 6.3 13.45 CEC7C5 1
-3.150002 6.3 13.45 C3BBBA 1
-4.200001 6.3 13.45 C7C0BF 1
-9.450002 6.3 13.45 C6BEBE 1
10.5 7.35 14.5 DFBCAA 1
9.45 7.35 14.5 DBB6A4 1
8.4 7.35 14.5 D9B5A4 1
7.35 7.35 14.5 DEBAA7 1
6.3 7.35 14.5 DDBAA8 1
5.25 7.35 14.5 DBB8A6 1
4.199999 7.35 14.5 D7B3A1 1
3.15 7.35 14.5 DEBAA7 1
2.099999 7.35 14.5 DAB6A5 1
1.049999 7.35 14.5 DCB7A5 1
-9.536743E-07 7.35 14.5 DAB6A5 1
-1.050001 7.35 14.5 D5B1A0 1
-2.100001 7.35 14.5 DFBAA7 1
-3.150002 7.35 14.5 D8B3A2 1
-4.200001 7.35 14.5 DDB8A6 1
-5.250001 7.35 14.5 DFBBA8 1
-6.300002 7.35 14.5 DBB6A4 1
-7.350002 7.35 14.5 DAB6A4 1
-8.400002 7.35 14.5 D9B5A3 1
-9.450002 7.35 14.5 DBB6A4 1
-10.5 7.35 14.5 D7B2A0 1
9.45 8.4 13.45 6095C3 1
8.4 8.4 13.45 5F95C3 1
7.35 8.4 13.45 659ECC 1
6.3 8.4 13.45 6299C6 1
5.25 8.4 13.45 6196C4 1
4.199999 8.4 13.45 5E92BF 1
3.15 8.4 13.45 649BC9 1
2.099999 8.4 13.45 5F92C0 1
1.049999 8.4 13.45 5F94C2 1
-9.536743E-07 8.4 13.45 6197C5 1
-1.050001 8.4 13.45 6197C5 1
-2.100001 8.4 13.45 6096C4 1
-3.150002 8.4 13.45 5E94C2 1
-4.200001 8.4 13.45 5F94C3 1
-5.250001 8.4 13.45 6198C5 1
-6.300002 8.4 13.45 5D90BE 1
-7.350002 8.4 13.45 6096C5 1
-8.400002 8.4 13.45 5E94C2 1
-9.450002 8.4 13.45 6094C2 1
9.45 0 14.5 C2BABA 1
8.4 0 14.5 C0B8B8 1
7.35 0 14.5 C1B9B9 1
6.3 0 14.5 C1B9BA 1
5.25 0 14.5 C0B9B8 1
4.199999 0 14.5 C1B9B9 1
3.15 0 14.5 BDB5B5 1
2.099999 0 14.5 BEB5B6 1
1.049999 0 14.5 C5BDBD 1
-9.536743E-07 0 14.5 BFB6B7 1
-1.050001 0 14.5 BFB8B8 1
-2.100001 0 14.5 C1B9B9 1
-3.150002 0 14.5 BFB7B7 1
-4.200001 0 14.5 C0B8B9 1
-5.250001 0 14.5 C0B8B8 1
-6.300002 0 14.5 C0B8B8 1
-7.350002 0 14.5 C5BDBD 1
-8.400002 0 14.5 C4BCBB 1
-9.450002 0 14.5 C4BCBC 1
