-3.15 0.15 -5.875 B9BAB9 0.5
-3.675 0.15 -5.35 B9BAB9 0.5
-3.675 0.15 -4.825 B9BAB9 0.5
-3.675 0.15 -4.3 A5A6A5 0.5
-3.675 0.15 -3.775 A5A6A5 0.5
-3.675 0.15 -3.25 A5A6A5 0.5
-3.675 0.15 -2.725 A5A6A5 0.5
-10.5 0.15 -2.2 949394 0.5
-10.5 0.15 -1.675 949394 0.5
-10.5 0.15 -1.15 949394 0.5
-10.5 0.15 -0.625 949394 0.5
-10.5 0.15 -0.0999999 949394 0.5
-10.5 0.15 0.425 949394 0.5
-10.5 0.15 0.95 949394 0.5
-10.5 0.15 1.475 949394 0.5
-10.5 0.15 2 949394 0.5
-10.5 0.15 2.525 949394 0.5
-10.5 0.15 3.05 949394 0.5
-10.5 0.15 3.575 949394 0.5
-10.5 0.15 4.1 949394 0.5
-10.5 0.15 4.625 949394 0.5
-10.5 0.15 5.15 949394 0.5
-3.675 0.15 5.675 949394 0.5
-3.675 0.15 6.2 A5A6A5 0.5
-3.675 0.15 6.725 A5A6A5 0.5
-3.675 0.15 7.25 A5A6A5 0.5
-3.675 0.15 7.775 A5A6A5 0.5
-3.675 0.15 8.3 A5A6A5 0.5
-3.675 0.15 8.825 A5A6A5 0.5
-3.675 0.15 9.35 A5A6A5 0.5
-3.675 0.15 9.875 A5A6A5 0.5
-3.675 0.15 10.4 A5A6A5 0.5
-2.625 0.675 -5.875 B9BAB9 0.5
-3.15 0.675 -5.35 B9BAB9 0.5
-3.15 0.675 -4.825 B9BAB9 0.5
-3.675 0.675 -4.3 B9BAB9 0.5
-3.675 0.675 -3.775 A5A6A5 0.5
-3.675 0.675 -3.25 A5A6A5 0.5
-3.675 0.675 -2.725 A5A6A5 0.5
-10.5 0.675 -2.2 949394 0.5
-10.5 0.675 -1.675 949394 0.5
-10.5 0.675 -1.15 949394 0.5
-10.5 0.675 -0.625 949394 0.5
-10.5 0.675 -0.0999999 949394 0.5
-10.5 0.675 0.425 949394 0.5
-10.5 0.675 0.95 949394 0.5
-10.5 0.675 1.475 949394 0.5
-10.5 0.675 2 949394 0.5
-10.5 0.675 2.525 949394 0.5
-10.5 0.675 3.05 949394 0.5
-10.5 0.675 3.575 949394 0.5
-10.5 0.675 4.1 949394 0.5
-10.5 0.675 4.625 949394 0.5
-10.5 0.675 5.15 949394 0.5
-3.675 0.675 5.675 949394 0.5
-3.675 0.675 6.2 A5A6A5 0.5
-3.675 0.675 6.725 A5A6A5 0.5
-3.675 0.675 7.25 A5A6A5 0.5
-3.675 0.675 7.775 A5A6A5 0.5
-3.675 0.675 8.3 A5A6A5 0.5
-3.675 0.675 8.825 A5A6A5 0.5
-3.675 0.675 9.35 A5A6A5 0.5
-3.675 0.675 9.875 A5A6A5 0.5
-1.575 1.2 -5.875 B9BAB9 0.5
-2.625 1.2 -5.35 B9BAB9 0.5
-2.625 1.2 -4.825 B9BAB9 0.5
-3.15 1.2 -4.3 B9BAB9 0.5
-3.675 1.2 -3.775 A5A6A5 0.5
-3.675 1.2 -3.25 A5A6A5 0.5
-3.675 1.2 -2.725 A5A6A5 0.5
-10.5 1.2 -2.2 949394 0.5
-10.5 1.2 -1.675 949394 0.5
-10.5 1.2 -1.15 949394 0.5
-10.5 1.2 -0.625 949394 0.5
-10.5 1.2 -0.0999999 949394 0.5
-10.5 1.2 0.425 949394 0.5
-10.5 1.2 0.95 949394 0.5
-10.5 1.2 1.475 949394 0.5
-10.5 1.2 2 949394 0.5
-10.5 1.2 2.525 949394 0.5
-10.5 1.2 3.05 949394 0.5
-10.5 1.2 3.575 949394 0.5
-10.5 1.2 4.1 949394 0.5
-10.5 1.2 4.625 949394 0.5
-10.5 1.2 5.15 949394 0.5
-3.675 1.2 5.675 949394 0.5
-3.675 1.2 6.2 A5A6A5 0.5
-3.675 1.2 6.725 A5A6A5 0.5
-3.675 1.2 7.25 A5A6A5 0.5
-3.675 1.2 7.775 A5A6A5 0.5
-3.675 1.2 8.3 A5A6A5 0.5
-3.675 1.2 8.825 A5A6A5 0.5
-3.675 1.2 9.35 A5A6A5 0.5
0 1.725 -5.875 B9BAB9 0.5
-2.1 1.725 -5.35 B9BAB9 0.5
-3.15 1.725 -3.775 B9BAB9 0.5
-0.525 1.725 -2.725 7F7F7F 0.5
-10.5 1.725 -2.2 949394 0.5
-10.5 1.725 -1.675 949394 0.5
-10.5 1.725 -1.15 414041 0.5
-10.5 1.725 -0.625 414041 0.5
-10.5 1.725 -0.0999999 949394 0.5
-10.5 1.725 0.425 949394 0.5
-10.5 1.725 0.95 414041 0.5
-10.5 1.725 1.475 414041 0.5
-10.5 1.725 2 949394 0.5
-10.5 1.725 2.525 949394 0.5
-10.5 1.725 3.05 414041 0.5
-10.5 1.725 3.575 414041 0.5
-10.5 1.725 4.1 949394 0.5
-10.5 1.725 4.625 949394 0.5
-10.5 1.725 5.15 949394 0.5
-3.675 1.725 5.675 949394 0.5
-3.15 1.725 7.25 B9BAB9 0.5
-3.15 1.725 9.35 B9BAB9 0.5
0 2.25 -5.875 A5A6A5 0.5
-2.1 2.25 -5.35 A5A6A5 0.5
-3.15 2.25 -3.775 A5A6A5 0.5
-0.525 2.25 -2.725 7F7F7F 0.5
-10.5 2.25 -2.2 949394 0.5
-10.5 2.25 -1.675 949394 0.5
-10.5 2.25 -1.15 414041 0.5
-10.5 2.25 -0.625 414041 0.5
-10.5 2.25 -0.0999999 949394 0.5
-10.5 2.25 0.425 949394 0.5
-10.5 2.25 0.95 414041 0.5
-10.5 2.25 1.475 414041 0.5
-10.5 2.25 2 949394 0.5
-10.5 2.25 2.525 949394 0.5
-10.5 2.25 3.05 414041 0.5
-10.5 2.25 3.575 414041 0.5
-10.5 2.25 4.1 949394 0.5
-10.5 2.25 4.625 949394 0.5
-10.5 2.25 5.15 949394 0.5
-3.675 2.25 5.675 949394 0.5
-3.15 2.25 9.35 A5A6A5 0.5
0 2.775 -5.875 A5A6A5 0.5
-2.1 2.775 -5.35 A5A6A5 0.5
-3.15 2.775 -3.775 A5A6A5 0.5
-0.525 2.775 -2.725 7F7F7F 0.5
-10.5 2.775 -2.2 949394 0.5
-10.5 2.775 -1.675 949394 0.5
-10.5 2.775 -1.15 949394 0.5
-10.5 2.775 -0.625 949394 0.5
-10.5 2.775 -0.0999999 949394 0.5
-10.5 2.775 0.425 949394 0.5
-10.5 2.775 0.95 949394 0.5
-10.5 2.775 1.475 949394 0.5
-10.5 2.775 2 949394 0.5
-10.5 2.775 2.525 949394 0.5
-10.5 2.775 3.05 949394 0.5
-10.5 2.775 3.575 949394 0.5
-10.5 2.775 4.1 949394 0.5
-10.5 2.775 4.625 949394 0.5
-10.5 2.775 5.15 949394 0.5
-3.675 2.775 5.675 949394 0.5
-3.15 2.775 9.35 A5A6A5 0.5
0 3.3 -5.875 A5A6A5 0.5
-2.1 3.3 -5.35 A5A6A5 0.5
-3.15 3.3 -3.775 A5A6A5 0.5
-10.5 3.3 -2.2 949394 0.5
-10.5 3.3 -1.675 949394 0.5
-10.5 3.3 -1.15 414041 0.5
-10.5 3.3 -0.625 414041 0.5
-10.5 3.3 -0.0999999 949394 0.5
-10.5 3.3 0.425 949394 0.5
-10.5 3.3 0.95 414041 0.5
-10.5 3.3 1.475 414041 0.5
-10.5 3.3 2 949394 0.5
-10.5 3.3 2.525 949394 0.5
-10.5 3.3 3.05 414041 0.5
-10.5 3.3 3.575 414041 0.5
-10.5 3.3 4.1 949394 0.5
-10.5 3.3 4.625 949394 0.5
-10.5 3.3 5.15 949394 0.5
-3.675 3.3 5.675 949394 0.5
-3.15 3.3 9.35 A5A6A5 0.5
0 3.825 -5.875 A5A6A5 0.5
-2.1 3.825 -5.35 A5A6A5 0.5
-3.15 3.825 -3.775 A5A6A5 0.5
-10.5 3.825 -2.2 949394 0.5
-10.5 3.825 -1.675 949394 0.5
-10.5 3.825 -1.15 414041 0.5
-10.5 3.825 -0.625 414041 0.5
-10.5 3.825 -0.0999999 949394 0.5
-10.5 3.825 0.425 949394 0.5
-10.5 3.825 0.95 414041 0.5
-10.5 3.825 1.475 414041 0.5
-10.5 3.825 2 949394 0.5
-10.5 3.825 2.525 949394 0.5
-10.5 3.825 3.05 414041 0.5
-10.5 3.825 3.575 414041 0.5
-10.5 3.825 4.1 949394 0.5
-10.5 3.825 4.625 949394 0.5
-10.5 3.825 5.15 949394 0.5
-3.675 3.825 5.675 949394 0.5
-3.15 3.825 9.35 A5A6A5 0.5
0 4.35 -5.875 A5A6A5 0.5
-2.1 4.35 -5.35 A5A6A5 0.5
-3.15 4.35 -3.775 A5A6A5 0.5
-10.5 4.35 -2.2 949394 0.5
-10.5 4.35 -1.675 949394 0.5
-10.5 4.35 -1.15 414041 0.5
-10.5 4.35 -0.625 414041 0.5
-10.5 4.35 -0.0999999 949394 0.5
-10.5 4.35 0.425 949394 0.5
-10.5 4.35 0.95 414041 0.5
-10.5 4.35 1.475 414041 0.5
-10.5 4.35 2 949394 0.5
-10.5 4.35 2.525 949394 0.5
-10.5 4.35 3.05 414041 0.5
-10.5 4.35 3.575 414041 0.5
-10.5 4.35 4.1 949394 0.5
-10.5 4.35 4.625 949394 0.5
-10.5 4.35 5.15 949394 0.5
-3.675 4.35 5.675 949394 0.5
-3.15 4.35 9.35 A5A6A5 0.5
-1.575 4.875 -5.875 B9BAB9 0.5
-2.625 4.875 -5.35 B9BAB9 0.5
-2.625 4.875 -4.825 B9BAB9 0.5
-3.15 4.875 -4.3 B9BAB9 0.5
-3.675 4.875 -3.775 A5A6A5 0.5
-3.675 4.875 -3.25 A5A6A5 0.5
-3.675 4.875 -2.725 A5A6A5 0.5
-10.5 4.875 -2.2 949394 0.5
-10.5 4.875 -1.675 949394 0.5
-10.5 4.875 -1.15 949394 0.5
-10.5 4.875 -0.625 949394 0.5
-10.5 4.875 -0.0999999 949394 0.5
-10.5 4.875 0.425 949394 0.5
-10.5 4.875 0.95 949394 0.5
-10.5 4.875 1.475 949394 0.5
-10.5 4.875 2 949394 0.5
-10.5 4.875 2.525 949394 0.5
-10.5 4.875 3.05 949394 0.5
-10.5 4.875 3.575 949394 0.5
-10.5 4.875 4.1 949394 0.5
-10.5 4.875 4.625 949394 0.5
-10.5 4.875 5.15 949394 0.5
-3.675 4.875 5.675 949394 0.5
-3.15 4.875 9.35 A5A6A5 0.5
-0.525 5.4 -6.4 B9BAB9 0.5
-2.1 5.4 -5.875 B9BAB9 0.5
-2.625 5.4 -5.35 B9BAB9 0.5
-3.15 5.4 -4.825 B9BAB9 0.5
-3.675 5.4 -4.3 B9BAB9 0.5
-3.675 5.4 -3.775 A5A6A5 0.5
-3.675 5.4 -3.25 A5A6A5 0.5
-10.5 5.4 -2.725 A5A6A5 0.5
-10.5 5.4 -2.2 A5A6A5 0.5
-10.5 5.4 -1.675 A5A6A5 0.5
-10.5 5.4 -1.15 A5A6A5 0.5
-10.5 5.4 -0.625 A5A6A5 0.5
-10.5 5.4 -0.0999999 A5A6A5 0.5
-10.5 5.4 0.425 A5A6A5 0.5
-10.5 5.4 0.95 A5A6A5 0.5
-10.5 5.4 1.475 A5A6A5 0.5
-10.5 5.4 2 A5A6A5 0.5
-10.5 5.4 2.525 A5A6A5 0.5
-10.5 5.4 3.05 A5A6A5 0.5
-10.5 5.4 3.575 A5A6A5 0.5
-10.5 5.4 4.1 A5A6A5 0.5
-10.5 5.4 4.625 A5A6A5 0.5
-10.5 5.4 5.15 A5A6A5 0.5
-3.675 5.4 5.675 A5A6A5 0.5
-3.675 5.4 6.2 A5A6A5 0.5
-3.675 5.4 6.725 A5A6A5 0.5
-3.675 5.4 7.25 A5A6A5 0.5
-3.675 5.4 7.775 A5A6A5 0.5
-3.675 5.4 8.3 A5A6A5 0.5
-3.675 5.4 8.825 A5A6A5 0.5
-3.675 5.4 9.35 A5A6A5 0.5
-0.525 5.925 -6.4 B9BAB9 0.5
-2.1 5.925 -5.875 B9BAB9 0.5
-2.625 5.925 -5.35 B9BAB9 0.5
-3.15 5.925 -4.825 B9BAB9 0.5
-3.675 5.925 -4.3 B9BAB9 0.5
-3.675 5.925 -3.775 A5A6A5 0.5
-3.675 5.925 -3.25 A5A6A5 0.5
-10.5 5.925 -2.725 A5A6A5 0.5
-10.5 5.925 -2.2 A5A6A5 0.5
-10.5 5.925 -1.675 A5A6A5 0.5
-10.5 5.925 -1.15 A5A6A5 0.5
-10.5 5.925 -0.625 A5A6A5 0.5
-10.5 5.925 -0.0999999 A5A6A5 0.5
-10.5 5.925 0.425 A5A6A5 0.5
-10.5 5.925 0.95 A5A6A5 0.5
-10.5 5.925 1.475 A5A6A5 0.5
-10.5 5.925 2 A5A6A5 0.5
-10.5 5.925 2.525 A5A6A5 0.5
-10.5 5.925 3.05 A5A6A5 0.5
-10.5 5.925 3.575 A5A6A5 0.5
-10.5 5.925 4.1 A5A6A5 0.5
-10.5 5.925 4.625 A5A6A5 0.5
-10.5 5.925 5.15 A5A6A5 0.5
-3.675 5.925 5.675 A5A6A5 0.5
-3.675 5.925 6.2 A5A6A5 0.5
-3.675 5.925 6.725 A5A6A5 0.5
-3.675 5.925 7.25 A5A6A5 0.5
-3.675 5.925 7.775 A5A6A5 0.5
-3.675 5.925 8.3 A5A6A5 0.5
-3.675 5.925 8.825 A5A6A5 0.5
-3.675 5.925 9.35 A5A6A5 0.5
-0.525 6.45 -5.875 A5A6A5 0.5
-2.1 6.45 -5.35 A5A6A5 0.5
-2.625 6.45 -4.825 A5A6A5 0.5
-2.625 6.45 -4.3 A5A6A5 0.5
-3.15 6.45 -3.775 A5A6A5 0.5
-3.15 6.45 -3.25 A5A6A5 0.5
-9.975 6.45 -2.2 A5A6A5 0.5
-9.975 6.45 -1.675 A5A6A5 0.5
-9.975 6.45 -1.15 A5A6A5 0.5
-9.975 6.45 -0.625 A5A6A5 0.5
-9.975 6.45 -0.0999999 A5A6A5 0.5
-9.975 6.45 0.425 A5A6A5 0.5
-9.975 6.45 0.95 A5A6A5 0.5
-9.975 6.45 1.475 A5A6A5 0.5
-9.975 6.45 2 A5A6A5 0.5
-9.975 6.45 2.525 A5A6A5 0.5
-9.975 6.45 3.05 A5A6A5 0.5
-9.975 6.45 3.575 A5A6A5 0.5
-9.975 6.45 4.1 A5A6A5 0.5
-9.975 6.45 4.625 A5A6A5 0.5
-2.1 6.45 5.15 7B8089 0.5
-2.1 6.45 5.675 8B929C 0.5
-2.1 6.45 6.2 8B929C 0.5
-2.1 6.45 6.725 8B929C 0.5
-2.1 6.45 7.25 8B929C 0.5
-2.1 6.45 7.775 8B929C 0.5
-2.1 6.45 8.3 8B929C 0.5
-2.1 6.45 8.825 8B929C 0.5
-2.1 6.45 9.35 8B929C 0.5
-9.45 6.975 -1.15 6A6F77 0.5
-9.975 6.975 -0.625 949394 0.5
-9.975 6.975 -0.0999999 949394 0.5
-9.45 6.975 0.425 6A6F77 0.5
-9.45 6.975 0.95 6A6F77 0.5
-9.45 6.975 1.475 6A6F77 0.5
-9.45 6.975 2 6A6F77 0.5
-9.45 6.975 2.525 6A6F77 0.5
-9.975 6.975 3.05 949394 0.5
-9.45 6.975 3.575 6A6F77 0.5
-9.45 6.975 4.1 6A6F77 0.5
-3.675 6.975 4.625 A5A6A5 0.5
-0.525 6.975 5.15 7B8089 0.5
-0.525 6.975 5.675 8B929C 0.5
-0.525 6.975 6.2 8B929C 0.5
-0.525 6.975 6.725 8B929C 0.5
-0.525 6.975 7.25 8B929C 0.5
-0.525 6.975 7.775 8B929C 0.5
-0.525 6.975 8.3 8B929C 0.5
-0.525 6.975 8.825 8B929C 0.5
-0.525 6.975 9.35 8B929C 0.5
-9.975 7.5 -0.625 949394 0.5
-9.975 7.5 -0.0999999 949394 0.5
-8.925 7.5 0.425 6A6F77 0.5
-8.925 7.5 0.95 6A6F77 0.5
-8.925 7.5 1.475 6A6F77 0.5
-8.925 7.5 2 6A6F77 0.5
-8.925 7.5 2.525 6A6F77 0.5
-9.975 7.5 3.05 949394 0.5
-5.775 7.5 3.575 949394 0.5
-5.775 8.025 -0.625 949394 0.5
-5.775 8.025 3.575 949394 0.5
-10.5 0.15 -2.725 A5A6A5 0.5
-10.5 0.675 -2.725 A5A6A5 0.5
-10.5 1.2 -2.725 A5A6A5 0.5
-10.5 1.725 -2.725 A5A6A5 0.5
-8.4 1.725 5.15 7F7F7F 0.5
-10.5 2.25 -2.725 A5A6A5 0.5
-8.4 2.25 5.15 7F7F7F 0.5
-10.5 2.775 -2.725 A5A6A5 0.5
-8.4 2.775 5.15 7F7F7F 0.5
-10.5 3.3 -2.725 A5A6A5 0.5
-8.4 3.3 5.15 7F7F7F 0.5
-10.5 3.825 -2.725 A5A6A5 0.5
-8.4 3.825 5.15 7F7F7F 0.5
-10.5 4.35 -2.725 A5A6A5 0.5
-8.4 4.35 5.15 7F7F7F 0.5
-10.5 4.875 -2.725 A5A6A5 0.5
-10.5 5.4 5.675 B9BAB9 0.5
-10.5 5.925 5.675 B9BAB9 0.5
-9.975 5.4 -2.725 949394 0.5
-9.975 0.15 -2.725 A5A6A5 0.5
-9.975 0.15 5.15 A5A6A5 0.5
-9.975 0.675 -2.725 A5A6A5 0.5
-9.975 0.675 5.15 A5A6A5 0.5
-9.975 1.2 -2.725 A5A6A5 0.5
-9.975 1.2 5.15 A5A6A5 0.5
-9.975 1.725 -2.725 A5A6A5 0.5
-9.975 1.725 5.15 A5A6A5 0.5
-9.975 2.25 -2.725 A5A6A5 0.5
-9.975 2.25 5.15 A5A6A5 0.5
-9.975 2.775 -2.725 A5A6A5 0.5
-9.975 2.775 5.15 A5A6A5 0.5
-9.975 3.3 -2.725 A5A6A5 0.5
-9.975 3.3 5.15 A5A6A5 0.5
-9.975 3.825 -2.725 A5A6A5 0.5
-9.975 3.825 5.15 A5A6A5 0.5
-9.975 4.35 -2.725 A5A6A5 0.5
-9.975 4.35 5.15 A5A6A5 0.5
-9.975 4.875 -2.725 A5A6A5 0.5
-9.975 4.875 5.15 A5A6A5 0.5
-9.975 5.4 5.675 B9BAB9 0.5
-9.975 5.925 -2.725 B9BAB9 0.5
-9.975 5.925 5.675 B9BAB9 0.5
9.975 6.45 -1.675 A5A6A5 0.5
-9.45 6.45 -1.15 949394 0.5
-9.45 6.45 -0.625 949394 0.5
-9.45 6.45 -0.0999999 949394 0.5
-9.45 6.45 0.425 949394 0.5
-9.45 6.45 0.95 949394 0.5
-9.45 6.45 1.475 949394 0.5
-9.45 6.45 2 949394 0.5
-9.45 6.45 2.525 949394 0.5
-9.45 6.45 3.05 949394 0.5
-9.45 6.45 3.575 949394 0.5
9.975 6.45 4.1 A5A6A5 0.5
-9.975 5.925 5.15 B9BAB9 0.5
-9.975 6.45 5.15 B9BAB9 0.5
-9.45 6.975 -0.625 6A6F77 0.5
-9.975 6.975 2.525 A5A6A5 0.5
-9.45 6.975 -0.0999999 6A6F77 0.5
-9.45 6.975 3.05 6A6F77 0.5
-5.775 7.5 -0.625 949394 0.5
-9.975 7.5 2.525 A5A6A5 0.5
-8.925 7.5 -0.0999999 6A6F77 0.5
-8.925 7.5 3.05 6A6F77 0.5
-9.975 7.5 3.575 A5A6A5 0.5
-9.45 5.4 -2.725 949394 0.5
-9.45 2.775 5.15 7F7F7F 0.5
-9.45 0.15 -2.725 A5A6A5 0.5
-9.45 0.15 5.15 A5A6A5 0.5
-9.45 0.675 -2.725 A5A6A5 0.5
-9.45 0.675 5.15 A5A6A5 0.5
-9.45 1.2 -2.725 A5A6A5 0.5
-9.45 1.2 5.15 A5A6A5 0.5
-9.45 1.725 -2.2 414041 0.5
-9.45 1.725 5.15 7F7F7F 0.5
-9.45 2.25 -2.2 414041 0.5
-9.45 2.25 5.15 7F7F7F 0.5
-9.45 2.775 -2.725 A5A6A5 0.5
-9.45 3.3 -2.2 414041 0.5
-9.45 4.35 5.15 7F7F7F 0.5
-9.45 3.3 5.15 B9BAB9 0.5
-9.45 3.825 -2.2 414041 0.5
-9.45 3.825 5.15 7F7F7F 0.5
-9.45 4.35 -2.2 414041 0.5
-9.45 4.875 -2.725 A5A6A5 0.5
-9.45 4.875 5.15 A5A6A5 0.5
-9.45 5.4 5.675 B9BAB9 0.5
-9.45 5.925 -2.725 B9BAB9 0.5
-9.45 5.925 5.675 B9BAB9 0.5
-9.45 6.45 -2.2 B9BAB9 0.5
-9.45 6.45 4.625 B9BAB9 0.5
-9.45 5.925 -1.675 B9BAB9 0.5
-9.45 6.45 -1.675 B9BAB9 0.5
-9.45 5.925 -1.15 B9BAB9 0.5
-9.45 5.925 -0.625 B9BAB9 0.5
-9.45 5.925 -0.0999999 B9BAB9 0.5
-9.45 5.925 0.425 B9BAB9 0.5
-9.45 5.925 0.95 B9BAB9 0.5
-9.45 5.925 1.475 B9BAB9 0.5
-9.45 5.925 2 B9BAB9 0.5
-9.45 5.925 2.525 B9BAB9 0.5
-9.45 5.925 3.05 B9BAB9 0.5
-9.45 5.925 3.575 B9BAB9 0.5
-9.45 5.925 4.1 B9BAB9 0.5
-9.45 5.925 5.15 B9BAB9 0.5
-9.45 6.45 5.15 B9BAB9 0.5
-9.45 6.975 -1.675 7B8089 0.5
9.45 6.975 -0.625 949394 0.5
9.45 6.975 -0.0999999 949394 0.5
9.45 6.975 3.05 949394 0.5
-9.45 7.5 -0.625 949394 0.5
-9.45 7.5 -0.0999999 949394 0.5
-9.45 7.5 3.05 949394 0.5
-8.925 5.4 -2.725 949394 0.5
-8.925 6.975 4.1 5A5D63 0.5
-8.925 2.775 5.15 7F7F7F 0.5
-8.925 0.15 -2.725 A5A6A5 0.5
-8.925 0.15 5.15 A5A6A5 0.5
-8.925 0.675 -2.725 A5A6A5 0.5
-8.925 0.675 5.15 A5A6A5 0.5
-8.925 1.2 -2.725 A5A6A5 0.5
-8.925 1.2 5.15 A5A6A5 0.5
-8.925 1.725 -2.2 414041 0.5
-8.925 1.725 5.15 414041 0.5
-8.925 2.25 -2.2 414041 0.5
-8.925 2.25 5.15 414041 0.5
-8.925 2.775 -2.725 A5A6A5 0.5
-8.925 3.3 -2.2 414041 0.5
-8.925 4.35 5.15 7F7F7F 0.5
-8.925 3.3 5.15 B9BAB9 0.5
-8.925 3.825 -2.2 414041 0.5
-8.925 3.825 5.15 414041 0.5
-8.925 4.35 -2.2 414041 0.5
-8.925 4.875 -2.725 A5A6A5 0.5
-8.925 4.875 5.15 A5A6A5 0.5
-8.925 5.4 5.675 B9BAB9 0.5
-8.925 5.925 -2.725 B9BAB9 0.5
-8.925 5.925 5.675 B9BAB9 0.5
-8.925 6.45 -2.2 B9BAB9 0.5
-8.925 6.45 -1.15 A5A6A5 0.5
-8.925 5.925 -1.675 B9BAB9 0.5
-8.925 6.45 -1.675 B9BAB9 0.5
9.975 6.45 -1.15 A5A6A5 0.5
-8.925 6.45 4.625 B9BAB9 0.5
9.45 6.45 -0.625 949394 0.5
9.45 6.45 -0.0999999 949394 0.5
9.975 6.45 0.425 A5A6A5 0.5
9.975 6.45 0.95 A5A6A5 0.5
9.975 6.45 1.475 A5A6A5 0.5
9.975 6.45 2 A5A6A5 0.5
9.975 6.45 2.525 A5A6A5 0.5
9.45 6.45 3.05 949394 0.5
9.975 6.45 3.575 A5A6A5 0.5
-8.925 5.925 4.1 B9BAB9 0.5
-8.925 6.45 4.1 A5A6A5 0.5
-8.925 5.925 5.15 B9BAB9 0.5
-8.925 6.45 5.15 B9BAB9 0.5
-8.925 6.975 -1.675 7B8089 0.5
-8.925 6.975 -1.15 7B8089 0.5
-8.925 7.5 -0.625 6A6F77 0.5
-8.925 7.5 3.575 7B8089 0.5
-8.4 5.4 -2.725 949394 0.5
-8.4 6.975 4.1 5A5D63 0.5
-8.4 0.15 -2.725 A5A6A5 0.5
-8.4 0.15 5.15 A5A6A5 0.5
-8.4 0.675 -2.725 A5A6A5 0.5
-8.4 0.675 5.15 A5A6A5 0.5
-8.4 1.2 -2.725 A5A6A5 0.5
-8.4 1.2 5.15 A5A6A5 0.5
-8.4 1.725 -2.725 A5A6A5 0.5
-6.3 1.725 5.15 7F7F7F 0.5
-8.4 2.25 -2.725 A5A6A5 0.5
-6.3 2.25 5.15 7F7F7F 0.5
-8.4 2.775 -2.725 A5A6A5 0.5
-6.3 2.775 5.15 7F7F7F 0.5
-8.4 3.3 -2.725 A5A6A5 0.5
-6.3 3.3 5.15 7F7F7F 0.5
-8.4 3.825 -2.725 A5A6A5 0.5
-6.3 3.825 5.15 7F7F7F 0.5
-8.4 4.35 -2.725 A5A6A5 0.5
-6.3 4.35 5.15 7F7F7F 0.5
-8.4 4.875 -2.725 A5A6A5 0.5
-8.4 4.875 5.15 A5A6A5 0.5
-8.4 5.4 5.675 B9BAB9 0.5
-8.4 5.925 -2.725 B9BAB9 0.5
-8.4 5.925 5.675 B9BAB9 0.5
-8.4 6.45 -2.2 B9BAB9 0.5
-8.4 6.45 -1.15 A5A6A5 0.5
-8.4 5.925 -1.675 B9BAB9 0.5
-8.4 6.45 -1.675 B9BAB9 0.5
-8.4 6.45 4.625 B9BAB9 0.5
-8.4 5.925 4.1 B9BAB9 0.5
-8.4 6.45 4.1 A5A6A5 0.5
-8.4 5.925 5.15 B9BAB9 0.5
-8.4 6.45 5.15 B9BAB9 0.5
-8.4 6.975 -1.675 7B8089 0.5
-8.4 7.5 -0.625 7B8089 0.5
-8.4 6.975 -1.15 7B8089 0.5
9.45 7.5 -0.0999999 949394 0.5
9.45 7.5 3.05 949394 0.5
-8.4 7.5 3.575 7B8089 0.5
-8.4 7.5 3.05 7B8089 0.5
-8.4 7.5 -0.0999999 7B8089 0.5
-8.4 7.5 0.425 6A6F77 0.5
-8.4 7.5 0.95 6A6F77 0.5
-8.4 7.5 1.475 6A6F77 0.5
-8.4 7.5 2 6A6F77 0.5
-8.4 7.5 2.525 6A6F77 0.5
-7.875 5.4 -2.725 949394 0.5
-7.875 6.975 4.1 5A5D63 0.5
-7.875 0.15 -2.725 A5A6A5 0.5
-7.875 0.15 5.15 A5A6A5 0.5
-7.875 0.675 -2.725 A5A6A5 0.5
-7.875 0.675 5.15 A5A6A5 0.5
-7.875 1.2 -2.725 A5A6A5 0.5
-7.875 1.2 5.15 A5A6A5 0.5
-7.875 1.725 -2.725 A5A6A5 0.5
-7.875 1.725 5.15 A5A6A5 0.5
-7.875 2.25 -2.725 A5A6A5 0.5
-7.875 2.25 5.15 A5A6A5 0.5
-7.875 2.775 -2.725 A5A6A5 0.5
-7.875 2.775 5.15 A5A6A5 0.5
-7.875 3.3 -2.725 A5A6A5 0.5
-7.875 3.3 5.15 A5A6A5 0.5
-7.875 3.825 -2.725 A5A6A5 0.5
-7.875 3.825 5.15 A5A6A5 0.5
-7.875 4.35 -2.725 A5A6A5 0.5
-7.875 4.35 5.15 A5A6A5 0.5
-7.875 4.875 -2.725 A5A6A5 0.5
-7.875 4.875 5.15 A5A6A5 0.5
-7.875 5.4 5.675 B9BAB9 0.5
-7.875 5.925 -2.725 B9BAB9 0.5
-7.875 5.925 5.675 B9BAB9 0.5
-7.875 6.45 -2.2 B9BAB9 0.5
-7.875 6.45 -1.15 A5A6A5 0.5
-7.875 5.925 -1.675 B9BAB9 0.5
-7.875 6.45 -1.675 B9BAB9 0.5
-7.875 6.45 4.625 B9BAB9 0.5
-7.875 5.925 4.1 B9BAB9 0.5
-7.875 6.45 4.1 A5A6A5 0.5
-7.875 5.925 5.15 B9BAB9 0.5
-7.875 6.45 5.15 B9BAB9 0.5
-7.875 6.975 -1.675 7B8089 0.5
-7.875 7.5 -0.625 7B8089 0.5
-7.875 6.975 -1.15 7B8089 0.5
-7.875 7.5 3.575 7B8089 0.5
-7.875 7.5 3.05 7B8089 0.5
-7.875 7.5 -0.0999999 7B8089 0.5
-7.875 8.025 0.425 7B8089 0.5
-7.875 8.025 0.95 8B929C 0.5
-7.875 8.025 1.475 8B929C 0.5
-7.875 8.025 2 8B929C 0.5
-7.875 8.025 2.525 7B8089 0.5
-7.35 5.4 -2.725 949394 0.5
-7.35 6.975 4.1 5A5D63 0.5
-7.35 2.775 5.15 7F7F7F 0.5
-7.35 0.15 -2.725 A5A6A5 0.5
-7.35 0.15 5.15 A5A6A5 0.5
-7.35 0.675 -2.725 A5A6A5 0.5
-7.35 0.675 5.15 A5A6A5 0.5
-7.35 1.2 -2.725 A5A6A5 0.5
-7.35 1.2 5.15 A5A6A5 0.5
-7.35 1.725 -2.2 414041 0.5
-7.35 1.725 5.15 7F7F7F 0.5
-7.35 2.25 -2.2 414041 0.5
-7.35 2.25 5.15 7F7F7F 0.5
-7.35 2.775 -2.725 A5A6A5 0.5
-7.35 3.3 -2.2 414041 0.5
-7.35 4.35 5.15 7F7F7F 0.5
-7.35 3.3 5.15 B9BAB9 0.5
-7.35 3.825 -2.2 414041 0.5
-7.35 3.825 5.15 7F7F7F 0.5
-7.35 4.35 -2.2 414041 0.5
-7.35 4.875 -2.725 A5A6A5 0.5
-7.35 4.875 5.15 A5A6A5 0.5
-7.35 5.4 5.675 B9BAB9 0.5
-7.35 5.925 -2.725 B9BAB9 0.5
-7.35 5.925 5.675 B9BAB9 0.5
-7.35 6.45 -2.2 B9BAB9 0.5
-7.35 6.45 -1.15 A5A6A5 0.5
-7.35 5.925 -1.675 B9BAB9 0.5
-7.35 6.45 -1.675 B9BAB9 0.5
-7.35 6.45 4.625 B9BAB9 0.5
-7.35 5.925 4.1 B9BAB9 0.5
-7.35 6.45 4.1 A5A6A5 0.5
-7.35 5.925 5.15 B9BAB9 0.5
-7.35 6.45 5.15 B9BAB9 0.5
-7.35 6.975 -1.675 7B8089 0.5
-7.35 7.5 -0.625 7B8089 0.5
-7.35 6.975 -1.15 7B8089 0.5
-7.35 7.5 3.575 7B8089 0.5
-7.35 7.5 3.05 7B8089 0.5
-7.35 7.5 -0.0999999 7B8089 0.5
-7.35 8.025 0.425 7B8089 0.5
-7.35 8.025 0.95 8B929C 0.5
-7.35 8.025 1.475 8B929C 0.5
-7.35 8.025 2 8B929C 0.5
-7.35 8.025 2.525 7B8089 0.5
-6.825 5.4 -2.725 949394 0.5
-6.825 6.975 4.1 5A5D63 0.5
-6.825 2.775 5.15 7F7F7F 0.5
-6.825 0.15 -2.725 A5A6A5 0.5
-6.825 0.15 5.15 A5A6A5 0.5
-6.825 0.675 -2.725 A5A6A5 0.5
-6.825 0.675 5.15 A5A6A5 0.5
-6.825 1.2 -2.725 A5A6A5 0.5
-6.825 1.2 5.15 A5A6A5 0.5
-6.825 1.725 -2.2 414041 0.5
-6.825 1.725 5.15 414041 0.5
-6.825 2.25 -2.2 414041 0.5
-6.825 2.25 5.15 414041 0.5
-6.825 2.775 -2.725 A5A6A5 0.5
-6.825 3.3 -2.2 414041 0.5
-6.825 4.35 5.15 7F7F7F 0.5
-6.825 3.3 5.15 B9BAB9 0.5
-6.825 3.825 -2.2 414041 0.5
-6.825 3.825 5.15 414041 0.5
-6.825 4.35 -2.2 414041 0.5
-6.825 4.875 -2.725 A5A6A5 0.5
-6.825 4.875 5.15 A5A6A5 0.5
-6.825 5.4 5.675 B9BAB9 0.5
-6.825 5.925 -2.725 B9BAB9 0.5
-6.825 5.925 5.675 B9BAB9 0.5
-6.825 6.45 -2.2 B9BAB9 0.5
-6.825 6.45 -1.15 A5A6A5 0.5
-6.825 5.925 -1.675 B9BAB9 0.5
-6.825 6.45 -1.675 B9BAB9 0.5
-6.825 6.45 4.625 B9BAB9 0.5
-6.825 5.925 4.1 B9BAB9 0.5
-6.825 6.45 4.1 A5A6A5 0.5
-6.825 5.925 5.15 B9BAB9 0.5
-6.825 6.45 5.15 B9BAB9 0.5
-6.825 6.975 -1.675 7B8089 0.5
-6.825 7.5 -0.625 7B8089 0.5
-6.825 6.975 -1.15 7B8089 0.5
-6.825 7.5 3.575 7B8089 0.5
-6.825 7.5 3.05 7B8089 0.5
-6.825 7.5 -0.0999999 7B8089 0.5
-6.825 8.025 0.425 7B8089 0.5
-6.825 8.025 0.95 8B929C 0.5
-6.825 8.025 1.475 8B929C 0.5
-6.825 8.025 2 8B929C 0.5
-6.825 8.025 2.525 7B8089 0.5
-6.3 5.4 -2.725 949394 0.5
-6.3 6.975 4.1 5A5D63 0.5
-6.3 0.15 -2.725 A5A6A5 0.5
-6.3 0.15 5.15 A5A6A5 0.5
-6.3 0.675 -2.725 A5A6A5 0.5
-6.3 0.675 5.15 A5A6A5 0.5
-6.3 1.2 -2.725 A5A6A5 0.5
-6.3 1.2 5.15 A5A6A5 0.5
-6.3 1.725 -2.725 A5A6A5 0.5
-4.2 1.725 5.15 7F7F7F 0.5
-6.3 2.25 -2.725 A5A6A5 0.5
-4.2 2.25 5.15 7F7F7F 0.5
-6.3 2.775 -2.725 A5A6A5 0.5
-4.2 2.775 5.15 7F7F7F 0.5
-6.3 3.3 -2.725 A5A6A5 0.5
-4.2 3.3 5.15 7F7F7F 0.5
-6.3 3.825 -2.725 A5A6A5 0.5
-4.2 3.825 5.15 7F7F7F 0.5
-6.3 4.35 -2.725 A5A6A5 0.5
-4.2 4.35 5.15 7F7F7F 0.5
-6.3 4.875 -2.725 A5A6A5 0.5
-6.3 4.875 5.15 A5A6A5 0.5
-6.3 5.4 5.675 B9BAB9 0.5
-6.3 5.925 -2.725 B9BAB9 0.5
-6.3 5.925 5.675 B9BAB9 0.5
-6.3 6.45 -2.2 B9BAB9 0.5
-6.3 6.45 -1.15 A5A6A5 0.5
-6.3 5.925 -1.675 B9BAB9 0.5
-6.3 6.45 -1.675 B9BAB9 0.5
-6.3 6.45 4.625 B9BAB9 0.5
-6.3 5.925 4.1 B9BAB9 0.5
-6.3 6.45 4.1 A5A6A5 0.5
-6.3 5.925 5.15 B9BAB9 0.5
-6.3 6.45 5.15 B9BAB9 0.5
-6.3 6.975 -1.675 7B8089 0.5
-6.3 7.5 -0.625 7B8089 0.5
-6.3 6.975 -1.15 7B8089 0.5
-6.3 7.5 3.575 7B8089 0.5
-6.3 7.5 3.05 7B8089 0.5
-6.3 7.5 -0.0999999 7B8089 0.5
-6.3 8.025 0.425 7B8089 0.5
-6.3 8.025 0.95 8B929C 0.5
-6.3 8.025 1.475 8B929C 0.5
-6.3 8.025 2 8B929C 0.5
-6.3 8.025 2.525 7B8089 0.5
-5.775 5.4 -2.725 949394 0.5
-5.775 6.975 4.1 5A5D63 0.5
-5.775 0.15 -2.725 A5A6A5 0.5
-5.775 0.15 5.15 A5A6A5 0.5
-5.775 0.675 -2.725 A5A6A5 0.5
-5.775 0.675 5.15 A5A6A5 0.5
-5.775 1.2 -2.725 A5A6A5 0.5
-5.775 1.2 5.15 A5A6A5 0.5
-5.775 1.725 -2.725 A5A6A5 0.5
-5.775 1.725 5.15 A5A6A5 0.5
-5.775 2.25 -2.725 A5A6A5 0.5
-5.775 2.25 5.15 A5A6A5 0.5
-5.775 2.775 -2.725 A5A6A5 0.5
-5.775 2.775 5.15 A5A6A5 0.5
-5.775 3.3 -2.725 A5A6A5 0.5
-5.775 3.3 5.15 A5A6A5 0.5
-5.775 3.825 -2.725 A5A6A5 0.5
-5.775 3.825 5.15 A5A6A5 0.5
-5.775 4.35 -2.725 A5A6A5 0.5
-5.775 4.35 5.15 A5A6A5 0.5
-5.775 4.875 -2.725 A5A6A5 0.5
-5.775 4.875 5.15 A5A6A5 0.5
-5.775 5.4 5.675 B9BAB9 0.5
-5.775 5.925 -2.725 B9BAB9 0.5
-5.775 5.925 5.675 B9BAB9 0.5
-5.775 6.45 -2.2 B9BAB9 0.5
-5.775 6.45 -1.15 A5A6A5 0.5
-5.775 5.925 -1.675 B9BAB9 0.5
-5.775 6.45 -1.675 B9BAB9 0.5
-5.775 6.45 4.625 B9BAB9 0.5
-5.775 5.925 4.1 B9BAB9 0.5
-5.775 6.45 4.1 A5A6A5 0.5
-5.775 5.925 5.15 B9BAB9 0.5
-5.775 6.45 5.15 B9BAB9 0.5
-5.775 6.975 -1.675 7B8089 0.5
-5.775 6.975 -1.15 7B8089 0.5
-5.775 7.5 3.05 7B8089 0.5
-5.775 7.5 -0.0999999 7B8089 0.5
-5.775 8.025 0.425 7B8089 0.5
-5.775 8.025 0.95 8B929C 0.5
-5.775 8.025 1.475 8B929C 0.5
-5.775 8.025 2 8B929C 0.5
-5.775 8.025 2.525 7B8089 0.5
-5.25 5.4 -2.725 949394 0.5
-5.25 6.975 4.1 5A5D63 0.5
-5.25 2.775 5.15 7F7F7F 0.5
-5.25 0.15 -2.725 A5A6A5 0.5
-5.25 0.15 5.15 A5A6A5 0.5
-5.25 0.675 -2.725 A5A6A5 0.5
-5.25 0.675 5.15 A5A6A5 0.5
-5.25 1.2 -2.725 A5A6A5 0.5
-5.25 1.2 5.15 A5A6A5 0.5
-5.25 1.725 -2.2 414041 0.5
-5.25 1.725 5.15 7F7F7F 0.5
-5.25 2.25 -2.2 414041 0.5
-5.25 2.25 5.15 7F7F7F 0.5
-5.25 2.775 -2.725 A5A6A5 0.5
-5.25 3.3 -2.2 414041 0.5
-5.25 4.35 5.15 7F7F7F 0.5
-5.25 3.3 5.15 B9BAB9 0.5
-5.25 3.825 -2.2 414041 0.5
-5.25 3.825 5.15 7F7F7F 0.5
-5.25 4.35 -2.2 414041 0.5
-5.25 4.875 -2.725 A5A6A5 0.5
-5.25 4.875 5.15 A5A6A5 0.5
-5.25 5.4 5.675 B9BAB9 0.5
-5.25 5.925 -2.725 B9BAB9 0.5
-5.25 5.925 5.675 B9BAB9 0.5
-5.25 6.45 -2.2 B9BAB9 0.5
-5.25 6.45 -1.15 A5A6A5 0.5
-5.25 5.925 -1.675 B9BAB9 0.5
-5.25 6.45 -1.675 B9BAB9 0.5
-5.25 6.45 4.625 B9BAB9 0.5
-5.25 5.925 4.1 B9BAB9 0.5
-5.25 6.45 4.1 A5A6A5 0.5
-5.25 5.925 5.15 B9BAB9 0.5
-5.25 6.45 5.15 B9BAB9 0.5
-5.25 6.975 -1.675 7B8089 0.5
-5.25 7.5 -1.15 A5A6A5 0.5
-5.25 6.975 -1.15 7B8089 0.5
-5.25 7.5 -0.625 7B8089 0.5
-2.1 7.5 -0.625 949394 0.5
-5.25 7.5 3.05 A5A6A5 0.5
-5.25 7.5 3.575 7B8089 0.5
-2.1 7.5 3.575 949394 0.5
-5.25 8.025 -1.15 A5A6A5 0.5
-2.1 8.025 -0.625 949394 0.5
-5.25 8.025 3.05 A5A6A5 0.5
-5.25 7.5 -0.0999999 7B8089 0.5
-5.25 8.025 -0.625 A5A6A5 0.5
-5.25 8.025 0.425 7B8089 0.5
-5.25 8.025 0.95 8B929C 0.5
-5.25 8.025 1.475 8B929C 0.5
-5.25 8.025 2 8B929C 0.5
-5.25 8.025 2.525 7B8089 0.5
-2.1 8.025 3.575 949394 0.5
-5.25 8.025 3.575 A5A6A5 0.5
-4.725 5.4 -2.725 949394 0.5
-4.725 6.975 4.1 5A5D63 0.5
-4.725 2.775 5.15 7F7F7F 0.5
-4.725 0.15 -2.725 A5A6A5 0.5
-4.725 0.15 5.15 A5A6A5 0.5
-4.725 0.675 -2.725 A5A6A5 0.5
-4.725 0.675 5.15 A5A6A5 0.5
-4.725 1.2 -2.725 A5A6A5 0.5
-4.725 1.2 5.15 A5A6A5 0.5
-4.725 1.725 -2.2 414041 0.5
-4.725 1.725 5.15 414041 0.5
-4.725 2.25 -2.2 414041 0.5
-4.725 2.25 5.15 414041 0.5
-4.725 2.775 -2.725 A5A6A5 0.5
-4.725 3.3 -2.2 414041 0.5
-4.725 4.35 5.15 7F7F7F 0.5
-4.725 3.3 5.15 B9BAB9 0.5
-4.725 3.825 -2.2 414041 0.5
-4.725 3.825 5.15 414041 0.5
-4.725 4.35 -2.2 414041 0.5
-4.725 4.875 -2.725 A5A6A5 0.5
-4.725 4.875 5.15 A5A6A5 0.5
-4.725 5.4 5.675 B9BAB9 0.5
-4.725 5.925 -2.725 B9BAB9 0.5
-4.725 5.925 5.675 B9BAB9 0.5
-4.725 6.45 -2.2 B9BAB9 0.5
-4.725 6.45 -1.15 A5A6A5 0.5
-4.725 5.925 -1.675 B9BAB9 0.5
-4.725 6.45 -1.675 B9BAB9 0.5
-4.725 6.45 4.625 B9BAB9 0.5
-4.725 5.925 4.1 B9BAB9 0.5
-4.725 6.45 4.1 A5A6A5 0.5
-4.725 5.925 5.15 B9BAB9 0.5
-4.725 6.45 5.15 B9BAB9 0.5
-4.725 6.975 -1.675 7B8089 0.5
-4.725 7.5 -0.625 7B8089 0.5
-4.725 6.975 -1.15 7B8089 0.5
-4.725 7.5 3.575 7B8089 0.5
-4.725 7.5 3.05 7B8089 0.5
-4.725 8.025 -0.625 949394 0.5
-4.725 7.5 -0.0999999 7B8089 0.5
-4.725 8.025 0.425 7B8089 0.5
-4.725 8.025 0.95 8B929C 0.5
-4.725 8.025 1.475 8B929C 0.5
-4.725 8.025 2 8B929C 0.5
-4.725 8.025 2.525 7B8089 0.5
-4.725 8.025 3.575 949394 0.5
-4.2 5.4 -2.725 949394 0.5
-4.2 6.975 4.1 5A5D63 0.5
-4.2 0.15 -2.725 A5A6A5 0.5
-4.2 0.15 5.15 A5A6A5 0.5
-4.2 0.675 -2.725 A5A6A5 0.5
-4.2 0.675 5.15 A5A6A5 0.5
-4.2 1.2 -2.725 A5A6A5 0.5
-4.2 1.2 5.15 A5A6A5 0.5
-4.2 1.725 -2.725 A5A6A5 0.5
5.25 1.725 5.15 7F7F7F 0.5
-4.2 2.25 -2.725 A5A6A5 0.5
5.25 2.25 5.15 7F7F7F 0.5
-4.2 2.775 -2.725 A5A6A5 0.5
5.25 2.775 5.15 7F7F7F 0.5
-4.2 3.3 -2.725 A5A6A5 0.5
5.25 3.3 5.15 7F7F7F 0.5
-4.2 3.825 -2.725 A5A6A5 0.5
5.25 3.825 5.15 7F7F7F 0.5
-4.2 4.35 -2.725 A5A6A5 0.5
5.25 4.35 5.15 7F7F7F 0.5
-4.2 4.875 -2.725 A5A6A5 0.5
-4.2 4.875 5.15 A5A6A5 0.5
-4.2 5.4 5.675 B9BAB9 0.5
-4.2 5.925 -2.725 B9BAB9 0.5
-4.2 5.925 5.675 B9BAB9 0.5
-4.2 6.45 -2.2 B9BAB9 0.5
-4.2 6.45 -1.15 A5A6A5 0.5
-4.2 5.925 -1.675 B9BAB9 0.5
-4.2 6.45 -1.675 B9BAB9 0.5
-4.2 6.45 4.625 B9BAB9 0.5
-4.2 5.925 4.1 B9BAB9 0.5
-4.2 6.45 4.1 A5A6A5 0.5
-4.2 5.925 5.15 B9BAB9 0.5
-4.2 6.45 5.15 B9BAB9 0.5
-4.2 6.975 -1.675 7B8089 0.5
-4.2 7.5 -0.625 7B8089 0.5
-4.2 6.975 -1.15 7B8089 0.5
-4.2 7.5 3.575 7B8089 0.5
-4.2 7.5 3.05 7B8089 0.5
-4.2 7.5 -0.0999999 7B8089 0.5
-4.2 8.025 0.425 7B8089 0.5
-4.2 8.025 0.95 8B929C 0.5
-4.2 8.025 1.475 8B929C 0.5
-4.2 8.025 2 8B929C 0.5
-4.2 8.025 2.525 7B8089 0.5
-3.675 5.4 -2.725 949394 0.5
-3.675 6.975 4.1 5A5D63 0.5
-3.675 0.15 5.15 A5A6A5 0.5
-3.675 0.675 5.15 A5A6A5 0.5
-3.675 1.2 5.15 A5A6A5 0.5
-3.675 1.725 -2.725 A5A6A5 0.5
-3.675 1.725 5.15 A5A6A5 0.5
-3.675 2.25 -2.725 A5A6A5 0.5
-3.675 2.25 5.15 A5A6A5 0.5
-3.675 2.775 -2.725 A5A6A5 0.5
-3.675 2.775 5.15 A5A6A5 0.5
-3.675 3.3 -2.725 A5A6A5 0.5
-3.675 3.3 5.15 A5A6A5 0.5
-3.675 3.825 -2.725 A5A6A5 0.5
-3.675 3.825 5.15 A5A6A5 0.5
-3.675 4.35 -2.725 A5A6A5 0.5
-3.675 4.35 5.15 A5A6A5 0.5
-3.675 4.875 5.15 A5A6A5 0.5
-3.675 5.925 -2.725 B9BAB9 0.5
-3.675 6.45 -2.2 B9BAB9 0.5
-3.675 6.45 -1.15 A5A6A5 0.5
-3.675 5.925 -1.675 B9BAB9 0.5
-3.675 6.45 -1.675 B9BAB9 0.5
-3.675 6.45 4.625 B9BAB9 0.5
-3.675 5.925 4.1 B9BAB9 0.5
-3.675 6.45 4.1 A5A6A5 0.5
-3.675 5.925 5.15 B9BAB9 0.5
-3.675 6.45 5.15 B9BAB9 0.5
-3.675 6.975 -1.675 7B8089 0.5
-3.675 7.5 -0.625 7B8089 0.5
-3.675 6.975 -1.15 7B8089 0.5
-3.675 7.5 3.575 7B8089 0.5
-3.675 7.5 3.05 7B8089 0.5
-3.675 7.5 -0.0999999 7B8089 0.5
-3.675 8.025 0.425 7B8089 0.5
-3.675 8.025 0.95 8B929C 0.5
-3.675 8.025 1.475 8B929C 0.5
-3.675 8.025 2 8B929C 0.5
-3.675 8.025 2.525 7B8089 0.5
-3.15 4.35 -4.3 949394 0.5
-3.15 4.35 -3.25 949394 0.5
-3.15 4.35 -2.725 949394 0.5
-3.15 6.975 4.1 5A5D63 0.5
-3.15 0.15 6.2 B9BAB9 0.5
-3.15 0.15 6.725 B9BAB9 0.5
-3.15 0.15 7.25 B9BAB9 0.5
-3.15 0.15 7.775 B9BAB9 0.5
-3.15 0.15 8.3 B9BAB9 0.5
-3.15 0.15 8.825 B9BAB9 0.5
-3.15 0.15 9.35 B9BAB9 0.5
-3.15 0.15 -5.35 B9BAB9 0.5
-3.15 0.15 -4.825 B9BAB9 0.5
-3.15 0.15 9.875 B9BAB9 0.5
-3.15 0.15 10.4 B9BAB9 0.5
-3.15 5.4 6.2 949394 0.5
-3.15 5.4 6.725 949394 0.5
-3.15 4.875 7.25 A5A6A5 0.5
-3.15 5.4 7.775 949394 0.5
-3.15 5.4 8.3 949394 0.5
-3.15 5.4 8.825 949394 0.5
-3.15 5.4 9.35 949394 0.5
-3.15 0.675 9.875 B9BAB9 0.5
-3.15 1.2 9.875 B9BAB9 0.5
-3.15 1.2 -3.775 CBCBCB 0.5
3.15 1.725 -3.775 B9BAB9 0.5
-3.15 1.725 -2.725 A5A6A5 0.5
-3.15 1.2 -3.25 CBCBCB 0.5
-3.15 1.725 -3.25 CBCBCB 0.5
-3.15 1.2 -2.725 CBCBCB 0.5
-3.15 1.2 6.2 CBCBCB 0.5
-3.15 1.725 5.675 A5A6A5 0.5
-3.15 1.2 6.725 CBCBCB 0.5
-3.15 1.2 7.25 CBCBCB 0.5
3.15 1.725 7.25 B9BAB9 0.5
-3.15 1.725 8.825 CBCBCB 0.5
-3.15 1.2 7.775 CBCBCB 0.5
-3.15 1.725 7.775 CBCBCB 0.5
-3.15 1.2 8.3 CBCBCB 0.5
-3.15 1.2 8.825 CBCBCB 0.5
-3.15 1.2 9.35 CBCBCB 0.5
-1.575 1.725 9.35 B9BAB9 0.5
3.15 2.25 -3.775 A5A6A5 0.5
-3.15 2.25 -2.725 A5A6A5 0.5
-3.15 2.25 -3.25 B9BAB9 0.5
-3.15 2.25 7.25 B9BAB9 0.5
-3.15 2.25 5.675 A5A6A5 0.5
-3.15 2.25 8.825 B9BAB9 0.5
-3.15 2.25 7.775 B9BAB9 0.5
-1.575 2.25 9.35 A5A6A5 0.5
3.15 2.775 -3.775 A5A6A5 0.5
-3.15 2.775 -2.725 A5A6A5 0.5
-3.15 2.775 -3.25 B9BAB9 0.5
-3.15 2.775 7.25 B9BAB9 0.5
-3.15 2.775 5.675 A5A6A5 0.5
-3.15 2.775 8.825 B9BAB9 0.5
-3.15 2.775 7.775 B9BAB9 0.5
-1.575 2.775 9.35 A5A6A5 0.5
3.15 3.3 -3.775 A5A6A5 0.5
-3.15 3.3 -2.725 A5A6A5 0.5
-3.15 3.3 -3.25 B9BAB9 0.5
-3.15 3.3 7.25 B9BAB9 0.5
-1.575 3.3 5.675 7F7F7F 0.5
-3.15 3.3 5.675 A5A6A5 0.5
-3.15 3.3 8.825 B9BAB9 0.5
-3.15 3.3 7.775 B9BAB9 0.5
-1.575 3.3 9.35 A5A6A5 0.5
3.15 3.825 -3.775 A5A6A5 0.5
-3.15 3.825 -2.725 A5A6A5 0.5
-3.15 3.825 -3.25 B9BAB9 0.5
-3.15 3.825 7.25 B9BAB9 0.5
-1.575 3.825 5.675 7F7F7F 0.5
-3.15 3.825 5.675 A5A6A5 0.5
-3.15 3.825 8.825 B9BAB9 0.5
-3.15 3.825 7.775 B9BAB9 0.5
-1.575 3.825 9.35 A5A6A5 0.5
3.15 4.35 -3.775 A5A6A5 0.5
-3.15 4.35 7.25 B9BAB9 0.5
-1.575 4.35 5.675 7F7F7F 0.5
-3.15 4.35 5.675 A5A6A5 0.5
-3.15 4.35 8.825 B9BAB9 0.5
-3.15 4.35 7.775 B9BAB9 0.5
-1.575 4.35 9.35 A5A6A5 0.5
-3.15 4.875 -3.775 B9BAB9 0.5
3.15 4.875 -3.775 A5A6A5 0.5
-3.15 4.875 -3.25 B9BAB9 0.5
-3.15 6.45 -2.725 5A5D63 0.5
-3.15 4.875 5.675 A5A6A5 0.5
-3.15 4.875 8.825 B9BAB9 0.5
-3.15 4.875 7.775 B9BAB9 0.5
-1.575 4.875 9.35 A5A6A5 0.5
-3.15 5.4 9.875 B9BAB9 0.5
-3.15 5.925 9.875 B9BAB9 0.5
-3.15 6.45 -2.2 B9BAB9 0.5
-3.15 5.925 -4.3 B9BAB9 0.5
-3.15 5.925 -3.775 B9BAB9 0.5
-3.15 5.925 -3.25 B9BAB9 0.5
-3.15 5.925 -2.725 B9BAB9 0.5
-3.15 6.45 -1.15 A5A6A5 0.5
-3.15 5.925 -1.675 B9BAB9 0.5
-3.15 6.45 -1.675 B9BAB9 0.5
-3.15 6.45 4.625 B9BAB9 0.5
-3.15 5.925 4.1 B9BAB9 0.5
-3.15 6.45 4.1 A5A6A5 0.5
-3.15 6.45 5.15 7B8089 0.5
-3.15 6.45 5.675 8B929C 0.5
-3.15 6.45 6.2 8B929C 0.5
-3.15 6.45 6.725 8B929C 0.5
-3.15 6.45 7.25 8B929C 0.5
-3.15 6.45 7.775 8B929C 0.5
-3.15 6.45 8.3 8B929C 0.5
-3.15 6.45 8.825 8B929C 0.5
-3.15 6.45 9.35 8B929C 0.5
-3.15 6.975 -1.675 7B8089 0.5
-3.15 6.975 -3.775 7B8089 0.5
-3.15 6.975 -3.25 7B8089 0.5
-3.15 6.975 -2.725 7B8089 0.5
-3.15 6.975 4.625 CBCBCB 0.5
-3.15 6.975 5.15 B9BAB9 0.5
-3.15 7.5 -0.625 7B8089 0.5
-3.15 6.975 -1.15 7B8089 0.5
-3.15 7.5 3.575 7B8089 0.5
-3.15 7.5 3.05 7B8089 0.5
-3.15 7.5 4.625 CBCBCB 0.5
-3.15 7.5 -0.0999999 7B8089 0.5
-3.15 8.025 0.425 7B8089 0.5
-3.15 8.025 0.95 8B929C 0.5
-3.15 8.025 1.475 8B929C 0.5
-3.15 8.025 2 8B929C 0.5
-3.15 8.025 2.525 7B8089 0.5
-2.625 4.35 -4.825 949394 0.5
-2.625 4.35 -4.3 949394 0.5
-2.625 4.35 -3.775 949394 0.5
-2.625 4.35 -3.25 949394 0.5
-2.625 4.35 -2.725 949394 0.5
-2.625 6.975 4.1 5A5D63 0.5
-2.625 0.15 6.2 B9BAB9 0.5
-2.625 0.15 6.725 B9BAB9 0.5
-2.625 0.15 7.25 B9BAB9 0.5
-2.625 0.15 7.775 B9BAB9 0.5
-2.625 0.15 8.3 B9BAB9 0.5
-2.625 0.15 8.825 B9BAB9 0.5
-2.625 0.15 9.35 B9BAB9 0.5
-2.625 0.15 -5.875 A5A6A5 0.5
-2.625 0.15 -5.35 B9BAB9 0.5
-2.625 0.15 9.875 B9BAB9 0.5
-2.625 0.15 10.4 B9BAB9 0.5
-2.625 0.675 -5.35 B9BAB9 0.5
-2.625 5.4 6.2 949394 0.5
-2.625 5.4 6.725 949394 0.5
-2.625 5.4 7.25 949394 0.5
-2.625 5.4 7.775 949394 0.5
-2.625 5.4 8.3 949394 0.5
-2.625 5.4 8.825 949394 0.5
-2.625 5.4 9.35 949394 0.5
-2.625 0.675 9.875 B9BAB9 0.5
-2.625 1.2 9.875 B9BAB9 0.5
-2.625 1.725 -2.725 A5A6A5 0.5
-2.625 1.2 -4.3 CBCBCB 0.5
-2.625 1.2 -3.775 CBCBCB 0.5
-2.625 1.2 -3.25 CBCBCB 0.5
-2.625 1.2 -2.725 CBCBCB 0.5
-2.625 1.2 6.2 CBCBCB 0.5
-2.625 1.725 5.675 A5A6A5 0.5
-2.625 1.2 6.725 CBCBCB 0.5
-2.625 1.2 7.25 CBCBCB 0.5
-2.625 1.2 7.775 CBCBCB 0.5
-2.625 1.2 8.3 CBCBCB 0.5
-2.625 1.2 8.825 CBCBCB 0.5
-2.625 1.2 9.35 CBCBCB 0.5
-2.625 2.25 -2.725 A5A6A5 0.5
-2.625 2.25 5.675 A5A6A5 0.5
-2.625 2.775 -2.725 A5A6A5 0.5
-2.625 2.775 5.675 A5A6A5 0.5
-2.625 3.3 -2.725 A5A6A5 0.5
-2.625 3.3 5.675 A5A6A5 0.5
-2.625 3.825 -2.725 A5A6A5 0.5
-2.625 3.825 5.675 A5A6A5 0.5
-2.625 4.35 5.675 A5A6A5 0.5
-2.625 6.45 -2.725 5A5D63 0.5
-2.625 4.875 5.675 A5A6A5 0.5
-2.625 6.45 9.35 494D52 0.5
-2.625 5.4 9.875 B9BAB9 0.5
-2.625 5.925 9.875 B9BAB9 0.5
-2.625 5.925 -4.825 B9BAB9 0.5
-2.625 6.45 -2.2 B9BAB9 0.5
-2.625 5.925 -2.725 B9BAB9 0.5
-2.625 6.45 -1.15 A5A6A5 0.5
-2.625 5.925 -1.675 B9BAB9 0.5
-2.625 6.45 -1.675 B9BAB9 0.5
-2.625 6.45 4.625 B9BAB9 0.5
-2.625 5.925 4.1 B9BAB9 0.5
-2.625 6.45 4.1 A5A6A5 0.5
-2.625 6.45 5.15 7B8089 0.5
-2.625 6.45 5.675 8B929C 0.5
-2.625 6.45 6.2 8B929C 0.5
-2.625 6.45 6.725 8B929C 0.5
-2.625 6.45 7.25 8B929C 0.5
-2.625 6.45 7.775 8B929C 0.5
-2.625 6.45 8.3 8B929C 0.5
-2.625 6.45 8.825 8B929C 0.5
-2.625 6.975 -1.675 7B8089 0.5
-2.625 6.975 -4.3 7B8089 0.5
-2.625 6.975 -3.775 7B8089 0.5
-2.625 6.975 -3.25 7B8089 0.5
-2.625 6.975 -2.725 7B8089 0.5
-2.625 6.975 4.625 CBCBCB 0.5
-2.625 6.975 5.15 B9BAB9 0.5
-2.625 7.5 -0.625 7B8089 0.5
-2.625 6.975 -1.15 7B8089 0.5
-2.625 7.5 3.575 7B8089 0.5
-2.625 7.5 3.05 7B8089 0.5
-2.625 7.5 4.625 CBCBCB 0.5
-2.625 7.5 -0.0999999 7B8089 0.5
-2.625 8.025 0.425 7B8089 0.5
-2.625 8.025 0.95 8B929C 0.5
-2.625 8.025 1.475 8B929C 0.5
-2.625 8.025 2 8B929C 0.5
-2.625 8.025 2.525 7B8089 0.5
-2.1 4.35 -4.825 949394 0.5
-2.1 4.35 -4.3 949394 0.5
-2.1 4.35 -3.775 949394 0.5
-2.1 4.35 -3.25 949394 0.5
-2.1 4.35 -2.725 949394 0.5
-2.1 6.975 4.1 5A5D63 0.5
-2.1 4.35 5.675 7F7F7F 0.5
-2.1 0.15 6.2 B9BAB9 0.5
-2.1 0.15 6.725 B9BAB9 0.5
-2.1 0.15 7.25 B9BAB9 0.5
-2.1 0.15 7.775 B9BAB9 0.5
-2.1 0.15 8.3 B9BAB9 0.5
-2.1 0.15 8.825 B9BAB9 0.5
-2.1 0.15 9.35 B9BAB9 0.5
-2.1 0.15 -5.875 B9BAB9 0.5
-1.575 0.15 -5.875 B9BAB9 0.5
-2.1 0.15 9.875 B9BAB9 0.5
-2.1 0.15 10.4 B9BAB9 0.5
-2.1 0.675 -5.875 B9BAB9 0.5
-1.575 0.675 -5.875 B9BAB9 0.5
-2.1 5.4 6.2 949394 0.5
-2.1 5.4 6.725 949394 0.5
-2.1 5.4 7.25 949394 0.5
-2.1 5.4 7.775 949394 0.5
-2.1 5.4 8.3 949394 0.5
-2.1 5.4 8.825 949394 0.5
-2.1 5.4 9.35 949394 0.5
-2.1 0.675 9.875 B9BAB9 0.5
-2.1 1.2 -5.875 B9BAB9 0.5
-2.1 1.2 9.875 B9BAB9 0.5
-2.1 1.725 -2.725 A5A6A5 0.5
-2.1 1.2 -5.35 CBCBCB 0.5
-2.1 1.2 -4.825 CBCBCB 0.5
-2.1 1.2 -4.3 CBCBCB 0.5
-2.1 1.2 -3.775 CBCBCB 0.5
-2.1 1.2 -3.25 CBCBCB 0.5
-2.1 1.2 -2.725 CBCBCB 0.5
-2.1 1.2 6.2 CBCBCB 0.5
-2.1 1.725 5.675 A5A6A5 0.5
-2.1 1.2 6.725 CBCBCB 0.5
-2.1 1.2 7.25 CBCBCB 0.5
-2.1 1.2 7.775 CBCBCB 0.5
-2.1 1.2 8.3 CBCBCB 0.5
-2.1 1.2 8.825 CBCBCB 0.5
-2.1 1.2 9.35 CBCBCB 0.5
-2.1 2.25 -2.725 A5A6A5 0.5
-2.1 2.25 5.675 A5A6A5 0.5
-2.1 2.775 -2.725 A5A6A5 0.5
-2.1 2.775 5.675 A5A6A5 0.5
-2.1 3.3 -2.725 A5A6A5 0.5
-2.1 3.3 5.675 CBCBCB 0.5
-2.1 3.825 -2.725 A5A6A5 0.5
-2.1 3.825 5.675 414041 0.5
-2.1 4.875 -5.875 B9BAB9 0.5
-2.1 4.875 -5.35 A5A6A5 0.5
-2.1 6.45 -2.725 5A5D63 0.5
-2.1 4.875 5.675 A5A6A5 0.5
-2.1 5.4 9.875 B9BAB9 0.5
-2.1 5.925 9.875 B9BAB9 0.5
-2.1 5.925 -5.35 B9BAB9 0.5
-2.1 6.45 -2.2 B9BAB9 0.5
-2.1 5.925 -2.725 B9BAB9 0.5
-2.1 6.45 -1.15 A5A6A5 0.5
-2.1 5.925 -1.675 B9BAB9 0.5
-2.1 6.45 -1.675 B9BAB9 0.5
-2.1 6.45 4.625 B9BAB9 0.5
-2.1 5.925 4.1 B9BAB9 0.5
-2.1 6.45 4.1 A5A6A5 0.5
-2.1 5.925 9.35 7B8089 0.5
1.575 6.45 9.35 494D52 0.5
-2.1 6.975 -1.675 7B8089 0.5
-2.1 6.975 -5.35 7B8089 0.5
-2.1 6.975 -4.825 7B8089 0.5
-2.1 6.975 -4.3 7B8089 0.5
-2.1 6.975 -3.775 7B8089 0.5
-2.1 6.975 -3.25 7B8089 0.5
-2.1 6.975 -2.725 7B8089 0.5
-2.1 6.975 4.625 CBCBCB 0.5
-2.1 6.975 5.15 B9BAB9 0.5
-2.1 6.975 -1.15 7B8089 0.5
-2.1 7.5 3.05 7B8089 0.5
-2.1 7.5 4.625 CBCBCB 0.5
-2.1 7.5 -0.0999999 7B8089 0.5
-2.1 8.025 0.425 7B8089 0.5
-2.1 8.025 0.95 8B929C 0.5
-2.1 8.025 1.475 8B929C 0.5
-2.1 8.025 2 8B929C 0.5
-2.1 8.025 2.525 7B8089 0.5
-1.575 5.4 -5.875 949394 0.5
-1.575 4.35 -5.35 949394 0.5
-1.575 4.35 -4.825 949394 0.5
-1.575 4.35 -4.3 949394 0.5
-1.575 4.35 -3.775 949394 0.5
-1.575 4.35 -3.25 949394 0.5
-1.575 4.35 -2.725 949394 0.5
-1.575 6.975 4.1 5A5D63 0.5
-1.575 0.15 6.2 B9BAB9 0.5
-1.575 0.15 6.725 B9BAB9 0.5
-1.575 0.15 7.25 B9BAB9 0.5
-1.575 0.15 7.775 B9BAB9 0.5
-1.575 0.15 8.3 B9BAB9 0.5
-1.575 0.15 8.825 B9BAB9 0.5
-1.575 0.15 9.35 B9BAB9 0.5
-1.575 0.15 9.875 B9BAB9 0.5
-1.575 0.15 10.4 B9BAB9 0.5
-1.575 5.4 6.2 949394 0.5
-1.575 5.4 6.725 949394 0.5
-1.575 5.4 7.25 949394 0.5
-1.575 5.4 7.775 949394 0.5
-1.575 5.4 8.3 949394 0.5
-1.575 5.4 8.825 949394 0.5
-1.575 5.4 9.35 949394 0.5
-1.575 0.675 9.875 B9BAB9 0.5
-1.575 1.2 9.875 B9BAB9 0.5
-1.575 1.725 -2.725 A5A6A5 0.5
-1.575 1.725 -5.35 B9BAB9 0.5
1.575 1.725 -5.35 B9BAB9 0.5
-1.575 1.2 -4.825 CBCBCB 0.5
-1.575 1.2 -4.3 CBCBCB 0.5
-1.575 1.2 -3.775 CBCBCB 0.5
-1.575 1.2 -3.25 CBCBCB 0.5
-1.575 1.2 -2.725 CBCBCB 0.5
-1.575 1.2 6.2 CBCBCB 0.5
-1.575 1.725 5.675 A5A6A5 0.5
-1.575 1.2 6.725 CBCBCB 0.5
-1.575 1.2 7.25 CBCBCB 0.5
-1.575 1.2 7.775 CBCBCB 0.5
-1.575 1.2 8.3 CBCBCB 0.5
-1.575 1.2 8.825 CBCBCB 0.5
-1.575 1.2 9.35 CBCBCB 0.5
-1.575 2.25 -2.725 A5A6A5 0.5
-1.575 2.25 -5.35 A5A6A5 0.5
1.575 2.25 -5.35 A5A6A5 0.5
-1.575 2.25 5.675 A5A6A5 0.5
-1.575 2.775 -2.725 A5A6A5 0.5
-1.575 2.775 -5.35 A5A6A5 0.5
1.575 2.775 -5.35 A5A6A5 0.5
-1.575 2.775 5.675 A5A6A5 0.5
-1.575 3.3 -2.725 A5A6A5 0.5
-1.575 3.3 -5.35 A5A6A5 0.5
1.575 3.3 -5.35 A5A6A5 0.5
-1.575 3.825 -2.725 A5A6A5 0.5
-1.575 3.825 -5.35 A5A6A5 0.5
1.575 3.825 -5.35 A5A6A5 0.5
1.575 4.35 -5.35 A5A6A5 0.5
-1.575 4.875 -5.35 949394 0.5
1.575 4.875 -5.35 A5A6A5 0.5
-1.575 6.45 -2.725 5A5D63 0.5
-1.575 4.875 5.675 A5A6A5 0.5
-1.575 6.45 9.35 494D52 0.5
-1.575 5.4 9.875 B9BAB9 0.5
-1.575 5.925 -5.875 B9BAB9 0.5
-1.575 5.925 9.875 B9BAB9 0.5
-1.575 6.45 -5.875 A5A6A5 0.5
-1.575 6.45 -2.2 B9BAB9 0.5
-1.575 5.925 -2.725 B9BAB9 0.5
-1.575 6.45 -1.15 A5A6A5 0.5
-1.575 5.925 -1.675 B9BAB9 0.5
-1.575 6.45 -1.675 B9BAB9 0.5
-1.575 6.45 4.625 B9BAB9 0.5
-1.575 5.925 4.1 B9BAB9 0.5
-1.575 6.45 4.1 A5A6A5 0.5
-1.575 5.925 9.35 7B8089 0.5
-1.575 6.975 -1.675 7B8089 0.5
-1.575 6.975 -5.35 7B8089 0.5
-1.575 6.975 -4.825 7B8089 0.5
-1.575 6.975 -4.3 7B8089 0.5
-1.575 6.975 -3.775 7B8089 0.5
-1.575 6.975 -3.25 7B8089 0.5
-1.575 6.975 -2.725 7B8089 0.5
-1.575 6.975 4.625 CBCBCB 0.5
-1.575 6.45 5.15 7B8089 0.5
-1.575 6.975 5.15 B9BAB9 0.5
-1.575 6.45 5.675 8B929C 0.5
-1.575 6.45 6.2 8B929C 0.5
-1.575 6.45 6.725 8B929C 0.5
-1.575 6.45 7.25 8B929C 0.5
-1.575 6.45 7.775 8B929C 0.5
-1.575 6.45 8.3 8B929C 0.5
-1.575 6.45 8.825 8B929C 0.5
-1.575 7.5 -1.15 A5A6A5 0.5
-1.575 6.975 -1.15 7B8089 0.5
-1.575 7.5 -0.625 7B8089 0.5
1.575 7.5 -0.625 949394 0.5
-1.575 7.5 3.05 A5A6A5 0.5
-1.575 7.5 3.575 7B8089 0.5
1.575 7.5 3.575 949394 0.5
-1.575 7.5 4.625 CBCBCB 0.5
-1.575 8.025 -1.15 A5A6A5 0.5
1.575 8.025 -0.625 949394 0.5
-1.575 8.025 3.05 A5A6A5 0.5
-1.575 7.5 -0.0999999 7B8089 0.5
-1.575 8.025 -0.625 A5A6A5 0.5
-1.575 8.025 0.425 7B8089 0.5
-1.575 8.025 0.95 8B929C 0.5
-1.575 8.025 1.475 8B929C 0.5
-1.575 8.025 2 8B929C 0.5
-1.575 8.025 2.525 7B8089 0.5
1.575 8.025 3.575 949394 0.5
-1.575 8.025 3.575 A5A6A5 0.5
-1.05 4.35 -5.875 949394 0.5
-1.05 4.35 -5.35 949394 0.5
-1.05 4.35 -4.825 949394 0.5
-1.05 4.35 -4.3 949394 0.5
-1.05 4.35 -3.775 949394 0.5
-1.05 4.35 -3.25 949394 0.5
-1.05 4.35 -2.725 949394 0.5
-1.05 6.975 4.1 5A5D63 0.5
-1.05 0.15 6.2 B9BAB9 0.5
-1.05 0.15 6.725 B9BAB9 0.5
-1.05 0.15 7.25 B9BAB9 0.5
-1.05 0.15 7.775 B9BAB9 0.5
-1.05 0.15 8.3 B9BAB9 0.5
-1.05 0.15 8.825 B9BAB9 0.5
-1.05 0.15 9.35 B9BAB9 0.5
-1.05 0.15 -5.875 B9BAB9 0.5
2.1 0.15 -5.875 A5A6A5 0.5
-1.05 0.15 9.875 B9BAB9 0.5
-1.05 0.15 10.4 B9BAB9 0.5
-1.05 0.675 -5.875 B9BAB9 0.5
2.1 0.675 -5.875 A5A6A5 0.5
-1.05 5.4 6.2 949394 0.5
-1.05 5.4 6.725 949394 0.5
-1.05 5.4 7.25 949394 0.5
-1.05 5.4 7.775 949394 0.5
-1.05 5.4 8.3 949394 0.5
-1.05 5.4 8.825 949394 0.5
-1.05 5.4 9.35 949394 0.5
-1.05 0.675 9.875 B9BAB9 0.5
-1.05 1.2 -5.875 B9BAB9 0.5
-1.05 1.2 9.875 B9BAB9 0.5
-1.05 1.725 -2.725 A5A6A5 0.5
-1.05 1.2 -5.35 CBCBCB 0.5
-1.05 1.2 -4.825 CBCBCB 0.5
-1.05 1.2 -4.3 CBCBCB 0.5
-1.05 1.2 -3.775 CBCBCB 0.5
-1.05 1.2 -3.25 CBCBCB 0.5
-1.05 1.2 -2.725 CBCBCB 0.5
-1.05 1.725 8.825 CBCBCB 0.5
-1.05 1.2 6.2 CBCBCB 0.5
-1.05 1.725 5.675 A5A6A5 0.5
-1.05 1.2 6.725 CBCBCB 0.5
-1.05 1.2 7.25 CBCBCB 0.5
-1.05 1.2 7.775 CBCBCB 0.5
-1.05 1.2 8.3 CBCBCB 0.5
-1.05 1.2 8.825 CBCBCB 0.5
-1.05 1.2 9.35 CBCBCB 0.5
1.05 1.725 9.35 B9BAB9 0.5
-1.05 1.725 9.35 CBCBCB 0.5
-1.05 2.25 -2.725 A5A6A5 0.5
-1.05 2.25 8.825 B9BAB9 0.5
-1.05 2.25 5.675 A5A6A5 0.5
1.05 2.25 9.35 A5A6A5 0.5
-1.05 2.25 9.35 B9BAB9 0.5
-1.05 2.775 -2.725 A5A6A5 0.5
-1.05 2.775 8.825 B9BAB9 0.5
-1.05 2.775 5.675 A5A6A5 0.5
1.05 2.775 9.35 A5A6A5 0.5
-1.05 2.775 9.35 B9BAB9 0.5
-1.05 3.3 -2.725 A5A6A5 0.5
-1.05 3.3 8.825 B9BAB9 0.5
2.625 3.3 5.675 7F7F7F 0.5
-1.05 3.3 5.675 A5A6A5 0.5
1.05 3.3 9.35 A5A6A5 0.5
-1.05 3.3 9.35 B9BAB9 0.5
-1.05 3.825 -2.725 A5A6A5 0.5
-1.05 3.825 8.825 B9BAB9 0.5
2.625 3.825 5.675 7F7F7F 0.5
-1.05 3.825 5.675 A5A6A5 0.5
1.05 3.825 9.35 A5A6A5 0.5
-1.05 3.825 9.35 B9BAB9 0.5
-1.05 4.35 8.825 B9BAB9 0.5
2.625 4.35 5.675 7F7F7F 0.5
-1.05 4.35 5.675 A5A6A5 0.5
1.05 4.35 9.35 A5A6A5 0.5
-1.05 4.35 9.35 B9BAB9 0.5
-1.05 4.875 -5.875 B9BAB9 0.5
0 4.875 -5.875 A5A6A5 0.5
-1.05 4.875 8.825 B9BAB9 0.5
-1.05 6.45 -2.725 5A5D63 0.5
-1.05 4.875 5.675 A5A6A5 0.5
1.05 4.875 9.35 A5A6A5 0.5
-1.05 4.875 9.35 B9BAB9 0.5
-1.05 5.4 -6.4 B9BAB9 0.5
-1.05 6.45 9.35 494D52 0.5
-1.05 5.4 9.875 B9BAB9 0.5
-1.05 5.925 -6.4 B9BAB9 0.5
-1.05 5.925 9.875 B9BAB9 0.5
-1.05 6.45 -5.875 A5A6A5 0.5
-1.05 5.925 -5.875 B9BAB9 0.5
-1.05 6.45 -2.2 B9BAB9 0.5
-1.05 5.925 -2.725 B9BAB9 0.5
-1.05 6.45 -1.15 A5A6A5 0.5
-1.05 5.925 -1.675 B9BAB9 0.5
-1.05 6.45 -1.675 B9BAB9 0.5
-1.05 6.45 4.625 B9BAB9 0.5
-1.05 5.925 4.1 B9BAB9 0.5
-1.05 6.45 4.1 A5A6A5 0.5
-1.05 5.925 9.35 7B8089 0.5
-1.05 6.975 -1.675 7B8089 0.5
-1.05 6.975 -5.35 7B8089 0.5
-1.05 6.975 -4.825 7B8089 0.5
-1.05 6.975 -4.3 7B8089 0.5
-1.05 6.975 -3.775 7B8089 0.5
-1.05 6.975 -3.25 7B8089 0.5
-1.05 6.975 -2.725 7B8089 0.5
-1.05 6.975 4.625 CBCBCB 0.5
-1.05 6.975 5.15 7B8089 0.5
-1.05 6.975 5.675 8B929C 0.5
-1.05 6.975 6.2 8B929C 0.5
-1.05 6.975 6.725 8B929C 0.5
-1.05 6.975 7.25 8B929C 0.5
-1.05 6.975 7.775 8B929C 0.5
-1.05 6.975 8.3 8B929C 0.5
-1.05 6.975 8.825 8B929C 0.5
-1.05 6.975 9.35 8B929C 0.5
-1.05 7.5 -0.625 7B8089 0.5
-1.05 6.975 -1.15 7B8089 0.5
-1.05 7.5 3.575 7B8089 0.5
-1.05 7.5 3.05 7B8089 0.5
-1.05 7.5 4.625 CBCBCB 0.5
-1.05 7.5 -0.0999999 7B8089 0.5
-1.05 8.025 0.425 7B8089 0.5
-1.05 8.025 0.95 8B929C 0.5
-1.05 8.025 1.475 8B929C 0.5
-1.05 8.025 2 8B929C 0.5
-1.05 8.025 2.525 7B8089 0.5
-1.05 11.175 1.475 B9BAB9 0.5
-0.525 4.35 -5.875 949394 0.5
-0.525 4.35 -5.35 949394 0.5
-0.525 4.35 -4.825 949394 0.5
-0.525 4.35 -4.3 949394 0.5
-0.525 4.35 -3.775 949394 0.5
-0.525 4.35 -3.25 949394 0.5
-0.525 3.3 -2.725 6B6B6B 0.5
-0.525 6.975 4.1 5A5D63 0.5
-0.525 0.15 6.2 B9BAB9 0.5
-0.525 0.15 6.725 B9BAB9 0.5
-0.525 0.15 7.25 B9BAB9 0.5
-0.525 0.15 7.775 B9BAB9 0.5
-0.525 0.15 8.3 B9BAB9 0.5
-0.525 0.15 8.825 B9BAB9 0.5
-0.525 0.15 9.35 B9BAB9 0.5
-0.525 0.15 -6.4 B9BAB9 0.5
-0.525 0.15 9.875 B9BAB9 0.5
-0.525 0.15 10.4 B9BAB9 0.5
-0.525 0.675 -6.4 B9BAB9 0.5
-0.525 5.4 6.2 949394 0.5
-0.525 5.4 6.725 949394 0.5
-0.525 5.4 7.25 949394 0.5
-0.525 5.4 7.775 949394 0.5
-0.525 5.4 8.3 949394 0.5
-0.525 5.4 8.825 949394 0.5
-0.525 5.4 9.35 949394 0.5
-0.525 0.675 9.875 B9BAB9 0.5
-0.525 1.2 -6.4 B9BAB9 0.5
-0.525 1.2 9.875 B9BAB9 0.5
-0.525 1.2 -5.875 CBCBCB 0.5
-0.525 1.2 -5.35 CBCBCB 0.5
-0.525 1.2 -4.825 CBCBCB 0.5
-0.525 1.2 -4.3 CBCBCB 0.5
-0.525 1.2 -3.775 CBCBCB 0.5
-0.525 1.2 -3.25 CBCBCB 0.5
-0.525 1.2 -2.725 CBCBCB 0.5
0.525 1.725 -2.725 6B6B6B 0.5
-0.525 1.2 6.2 CBCBCB 0.5
-0.525 1.725 6.2 B9BAB9 0.5
-0.525 1.2 6.725 CBCBCB 0.5
-0.525 1.2 7.25 CBCBCB 0.5
-0.525 1.2 7.775 CBCBCB 0.5
-0.525 1.2 8.3 CBCBCB 0.5
-0.525 1.2 8.825 CBCBCB 0.5
-0.525 1.2 9.35 CBCBCB 0.5
0.525 2.25 -2.725 6B6B6B 0.5
-0.525 2.25 6.2 B9BAB9 0.5
0.525 2.775 -2.725 6B6B6B 0.5
-0.525 2.775 6.2 B9BAB9 0.5
-0.525 4.35 -2.725 949394 0.5
-0.525 3.3 5.675 A5A6A5 0.5
-0.525 3.825 -2.725 A5A6A5 0.5
-0.525 3.825 5.675 A5A6A5 0.5
-0.525 4.35 5.675 A5A6A5 0.5
-0.525 4.875 -6.4 B9BAB9 0.5
-0.525 6.45 -2.725 5A5D63 0.5
-0.525 4.875 5.675 A5A6A5 0.5
-0.525 5.4 9.875 B9BAB9 0.5
-0.525 5.925 9.875 B9BAB9 0.5
-0.525 6.45 -2.2 B9BAB9 0.5
-0.525 5.925 -2.725 B9BAB9 0.5
-0.525 6.45 -1.15 A5A6A5 0.5
-0.525 5.925 -1.675 B9BAB9 0.5
-0.525 6.45 -1.675 B9BAB9 0.5
-0.525 6.45 4.625 B9BAB9 0.5
-0.525 5.925 4.1 B9BAB9 0.5
-0.525 6.45 4.1 A5A6A5 0.5
-0.525 5.925 9.35 7B8089 0.5
-0.525 6.45 9.35 949394 0.5
-0.525 6.975 -1.675 7B8089 0.5
-0.525 6.975 -5.875 7B8089 0.5
-0.525 6.975 -5.35 7B8089 0.5
-0.525 6.975 -4.825 7B8089 0.5
-0.525 6.975 -4.3 7B8089 0.5
-0.525 6.975 -3.775 7B8089 0.5
-0.525 6.975 -3.25 7B8089 0.5
-0.525 6.975 -2.725 7B8089 0.5
-0.525 6.975 4.625 CBCBCB 0.5
0 6.975 9.35 494D52 0.5
-0.525 7.5 -0.625 7B8089 0.5
-0.525 6.975 -1.15 7B8089 0.5
-0.525 7.5 3.575 7B8089 0.5
-0.525 7.5 3.05 7B8089 0.5
-0.525 7.5 4.625 CBCBCB 0.5
-0.525 7.5 -0.0999999 7B8089 0.5
-0.525 8.025 0.425 7B8089 0.5
-0.525 8.025 0.95 8B929C 0.5
-0.525 8.025 1.475 8B929C 0.5
-0.525 8.025 2 8B929C 0.5
-0.525 8.025 2.525 7B8089 0.5
-0.525 11.175 1.475 B9BAB9 0.5
0 5.4 -6.4 949394 0.5
0 4.35 -5.35 949394 0.5
0 4.35 -4.825 949394 0.5
0 4.35 -4.3 949394 0.5
0 4.35 -3.775 949394 0.5
0 4.35 -3.25 949394 0.5
0 3.3 -2.725 6B6B6B 0.5
0 6.975 4.1 5A5D63 0.5
0 0.15 6.2 B9BAB9 0.5
0 0.15 6.725 B9BAB9 0.5
0 0.15 7.25 B9BAB9 0.5
0 0.15 7.775 B9BAB9 0.5
0 0.15 8.3 B9BAB9 0.5
0 0.15 8.825 B9BAB9 0.5
0 0.15 9.35 B9BAB9 0.5
0 0.15 -6.4 B9BAB9 0.5
0 0.15 9.875 B9BAB9 0.5
0 0.15 10.4 B9BAB9 0.5
0 0.675 -6.4 B9BAB9 0.5
0 5.4 6.2 949394 0.5
0 5.4 6.725 949394 0.5
0 5.4 7.25 949394 0.5
0 5.4 7.775 949394 0.5
0 5.4 8.3 949394 0.5
0 5.4 8.825 949394 0.5
0 5.4 9.35 949394 0.5
0 0.675 9.875 B9BAB9 0.5
0 1.2 -6.4 B9BAB9 0.5
0 1.2 9.875 B9BAB9 0.5
0 1.2 -5.875 CBCBCB 0.5
0 1.725 -2.725 B9BAB9 0.5
0 1.2 -5.35 CBCBCB 0.5
0 1.725 -5.35 CBCBCB 0.5
0 1.2 -4.825 CBCBCB 0.5
0 1.2 -4.3 CBCBCB 0.5
0 1.2 -3.775 CBCBCB 0.5
0 1.2 -3.25 CBCBCB 0.5
0 1.2 -2.725 CBCBCB 0.5
0 1.2 6.2 CBCBCB 0.5
0 1.725 6.2 B9BAB9 0.5
0 1.2 6.725 CBCBCB 0.5
0 1.2 7.25 CBCBCB 0.5
0 1.2 7.775 CBCBCB 0.5
0 1.2 8.3 CBCBCB 0.5
0 1.2 8.825 CBCBCB 0.5
0 1.2 9.35 CBCBCB 0.5
0 2.25 -2.725 B9BAB9 0.5
0 2.25 -5.35 B9BAB9 0.5
0 2.25 6.2 B9BAB9 0.5
0 2.775 -2.725 B9BAB9 0.5
0 2.775 -5.35 B9BAB9 0.5
0 2.775 6.2 B9BAB9 0.5
0 3.3 -5.35 B9BAB9 0.5
0 4.35 -2.725 949394 0.5
0 3.3 5.675 A5A6A5 0.5
0 3.825 -2.725 A5A6A5 0.5
0 3.825 -5.35 B9BAB9 0.5
0 3.825 5.675 A5A6A5 0.5
0 4.35 5.675 A5A6A5 0.5
0 4.875 -6.4 B9BAB9 0.5
0 4.875 -5.35 B9BAB9 0.5
0 6.45 -2.725 5A5D63 0.5
0 4.875 5.675 A5A6A5 0.5
0 5.4 9.875 B9BAB9 0.5
0 5.925 -6.4 B9BAB9 0.5
0 5.925 9.875 B9BAB9 0.5
0 6.45 -5.875 A5A6A5 0.5
0 6.45 -2.2 B9BAB9 0.5
0 5.925 -2.725 B9BAB9 0.5
0 6.45 -1.15 A5A6A5 0.5
0 5.925 -1.675 B9BAB9 0.5
0 6.45 -1.675 B9BAB9 0.5
0 6.45 4.625 B9BAB9 0.5
0 5.925 4.1 B9BAB9 0.5
0 6.45 4.1 A5A6A5 0.5
0 5.925 9.35 7B8089 0.5
0 6.45 9.35 949394 0.5
0 6.975 -1.675 7B8089 0.5
0 6.975 -5.875 7B8089 0.5
0 6.975 -5.35 7B8089 0.5
0 6.975 -4.825 7B8089 0.5
0 6.975 -4.3 7B8089 0.5
0 6.975 -3.775 7B8089 0.5
0 6.975 -3.25 7B8089 0.5
0 6.975 -2.725 7B8089 0.5
0 6.975 4.625 CBCBCB 0.5
0 7.5 -0.625 7B8089 0.5
0 6.975 -1.15 7B8089 0.5
0 7.5 3.575 7B8089 0.5
0 7.5 3.05 7B8089 0.5
0 7.5 4.625 CBCBCB 0.5
0 6.975 5.15 7B8089 0.5
0 6.975 5.675 8B929C 0.5
0 6.975 6.2 8B929C 0.5
0 6.975 6.725 8B929C 0.5
0 6.975 7.25 8B929C 0.5
0 6.975 7.775 8B929C 0.5
0 6.975 8.3 8B929C 0.5
0 6.975 8.825 8B929C 0.5
0 8.025 0.95 7B8089 0.5
0 7.5 -0.0999999 7B8089 0.5
0 8.025 0.425 7B8089 0.5
0 8.025 1.475 8B929C 0.5
0 8.025 2 8B929C 0.5
0 8.025 2.525 7B8089 0.5
0 8.549999 1.475 7B8089 0.5
0 9.075 1.475 7B8089 0.5
0 9.599999 1.475 7B8089 0.5
0 10.125 1.475 7B8089 0.5
0 10.65 1.475 7B8089 0.5
0 11.175 1.475 7B8089 0.5
0 11.7 1.475 7B8089 0.5
0.525 4.35 -5.875 949394 0.5
0.525 4.35 -5.35 949394 0.5
0.525 4.35 -4.825 949394 0.5
0.525 4.35 -4.3 949394 0.5
0.525 4.35 -3.775 949394 0.5
0.525 4.35 -3.25 949394 0.5
0.525 3.3 -2.725 6B6B6B 0.5
0.525 6.975 4.1 5A5D63 0.5
0.525 0.15 6.2 B9BAB9 0.5
0.525 0.15 6.725 B9BAB9 0.5
0.525 0.15 7.25 B9BAB9 0.5
0.525 0.15 7.775 B9BAB9 0.5
0.525 0.15 8.3 B9BAB9 0.5
0.525 0.15 8.825 B9BAB9 0.5
0.525 0.15 9.35 B9BAB9 0.5
0.525 0.15 -6.4 B9BAB9 0.5
0.525 0.15 9.875 B9BAB9 0.5
0.525 0.15 10.4 B9BAB9 0.5
0.525 0.675 -6.4 B9BAB9 0.5
0.525 5.4 6.2 949394 0.5
0.525 5.4 6.725 949394 0.5
0.525 5.4 7.25 949394 0.5
0.525 5.4 7.775 949394 0.5
0.525 5.4 8.3 949394 0.5
0.525 5.4 8.825 949394 0.5
0.525 5.4 9.35 949394 0.5
0.525 0.675 9.875 B9BAB9 0.5
0.525 1.2 -6.4 B9BAB9 0.5
0.525 1.2 9.875 B9BAB9 0.5
0.525 1.2 -5.875 CBCBCB 0.5
0.525 1.2 -5.35 CBCBCB 0.5
0.525 1.2 -4.825 CBCBCB 0.5
0.525 1.2 -4.3 CBCBCB 0.5
0.525 1.2 -3.775 CBCBCB 0.5
0.525 1.2 -3.25 CBCBCB 0.5
0.525 1.2 -2.725 CBCBCB 0.5
0.525 1.2 6.2 CBCBCB 0.5
0.525 1.725 6.2 B9BAB9 0.5
0.525 1.2 6.725 CBCBCB 0.5
0.525 1.2 7.25 CBCBCB 0.5
0.525 1.2 7.775 CBCBCB 0.5
0.525 1.2 8.3 CBCBCB 0.5
0.525 1.2 8.825 CBCBCB 0.5
0.525 1.2 9.35 CBCBCB 0.5
0.525 2.25 6.2 B9BAB9 0.5
0.525 2.775 6.2 B9BAB9 0.5
0.525 4.35 -2.725 949394 0.5
0.525 3.3 5.675 A5A6A5 0.5
0.525 3.825 -2.725 A5A6A5 0.5
0.525 3.825 5.675 A5A6A5 0.5
0.525 4.35 5.675 A5A6A5 0.5
0.525 4.875 -6.4 B9BAB9 0.5
0.525 6.45 -2.725 5A5D63 0.5
0.525 4.875 5.675 A5A6A5 0.5
0.525 5.4 -6.4 B9BAB9 0.5
0.525 6.975 9.35 494D52 0.5
0.525 5.4 9.875 B9BAB9 0.5
0.525 5.925 -6.4 B9BAB9 0.5
0.525 5.925 9.875 B9BAB9 0.5
0.525 6.45 -5.875 A5A6A5 0.5
0.525 6.45 -2.2 B9BAB9 0.5
0.525 5.925 -2.725 B9BAB9 0.5
0.525 6.45 -1.15 A5A6A5 0.5
0.525 5.925 -1.675 B9BAB9 0.5
0.525 6.45 -1.675 B9BAB9 0.5
0.525 6.45 4.625 B9BAB9 0.5
0.525 5.925 4.1 B9BAB9 0.5
0.525 6.45 4.1 A5A6A5 0.5
0.525 5.925 9.35 7B8089 0.5
0.525 6.45 9.35 949394 0.5
0.525 6.975 -1.675 7B8089 0.5
0.525 6.975 -5.875 7B8089 0.5
0.525 6.975 -5.35 7B8089 0.5
0.525 6.975 -4.825 7B8089 0.5
0.525 6.975 -4.3 7B8089 0.5
0.525 6.975 -3.775 7B8089 0.5
0.525 6.975 -3.25 7B8089 0.5
0.525 6.975 -2.725 7B8089 0.5
0.525 6.975 4.625 CBCBCB 0.5
0.525 7.5 -0.625 7B8089 0.5
0.525 6.975 -1.15 7B8089 0.5
0.525 7.5 3.575 7B8089 0.5
0.525 7.5 3.05 7B8089 0.5
0.525 7.5 4.625 CBCBCB 0.5
0.525 6.975 5.15 7B8089 0.5
0.525 6.975 5.675 7B8089 0.5
0.525 6.975 6.2 7B8089 0.5
0.525 6.975 6.725 7B8089 0.5
0.525 6.975 7.25 7B8089 0.5
0.525 6.975 7.775 7B8089 0.5
0.525 6.975 8.3 7B8089 0.5
0.525 6.975 8.825 7B8089 0.5
0.525 7.5 -0.0999999 7B8089 0.5
0.525 8.025 0.425 7B8089 0.5
0.525 8.025 0.95 8B929C 0.5
0.525 8.025 1.475 8B929C 0.5
0.525 8.025 2 8B929C 0.5
0.525 8.025 2.525 7B8089 0.5
1.05 4.35 -5.875 949394 0.5
1.05 4.35 -5.35 949394 0.5
1.05 4.35 -4.825 949394 0.5
1.05 4.35 -4.3 949394 0.5
1.05 4.35 -3.775 949394 0.5
1.05 4.35 -3.25 949394 0.5
1.05 4.35 -2.725 949394 0.5
1.05 6.975 4.1 5A5D63 0.5
1.05 0.15 6.2 B9BAB9 0.5
1.05 0.15 6.725 B9BAB9 0.5
1.05 0.15 7.25 B9BAB9 0.5
1.05 0.15 7.775 B9BAB9 0.5
1.05 0.15 8.3 B9BAB9 0.5
1.05 0.15 8.825 B9BAB9 0.5
1.05 0.15 9.35 B9BAB9 0.5
1.05 0.15 -5.875 B9BAB9 0.5
1.05 0.15 9.875 B9BAB9 0.5
1.05 0.15 10.4 B9BAB9 0.5
1.05 0.675 -5.875 B9BAB9 0.5
1.05 5.4 6.2 949394 0.5
1.05 5.4 6.725 949394 0.5
1.05 5.4 7.25 949394 0.5
1.05 5.4 7.775 949394 0.5
1.05 5.4 8.3 949394 0.5
1.05 5.4 8.825 949394 0.5
1.05 5.4 9.35 949394 0.5
1.05 0.675 9.875 B9BAB9 0.5
1.05 1.2 -5.875 B9BAB9 0.5
1.05 1.2 9.875 B9BAB9 0.5
1.05 1.725 -2.725 A5A6A5 0.5
1.05 1.2 -5.35 CBCBCB 0.5
1.05 1.2 -4.825 CBCBCB 0.5
1.05 1.2 -4.3 CBCBCB 0.5
1.05 1.2 -3.775 CBCBCB 0.5
1.05 1.2 -3.25 CBCBCB 0.5
1.05 1.2 -2.725 CBCBCB 0.5
1.05 1.725 8.825 CBCBCB 0.5
1.05 1.2 6.2 CBCBCB 0.5
1.05 1.725 5.675 A5A6A5 0.5
1.05 1.2 6.725 CBCBCB 0.5
1.05 1.2 7.25 CBCBCB 0.5
1.05 1.2 7.775 CBCBCB 0.5
1.05 1.2 8.3 CBCBCB 0.5
1.05 1.2 8.825 CBCBCB 0.5
1.05 1.2 9.35 CBCBCB 0.5
3.15 1.725 9.35 B9BAB9 0.5
1.05 2.25 -2.725 A5A6A5 0.5
1.05 2.25 8.825 B9BAB9 0.5
1.05 2.25 5.675 A5A6A5 0.5
3.15 2.25 9.35 A5A6A5 0.5
1.05 2.775 -2.725 A5A6A5 0.5
1.05 2.775 8.825 B9BAB9 0.5
1.05 2.775 5.675 A5A6A5 0.5
3.15 2.775 9.35 A5A6A5 0.5
1.05 3.3 -2.725 A5A6A5 0.5
1.05 3.3 8.825 B9BAB9 0.5
1.05 3.3 5.675 A5A6A5 0.5
3.15 3.3 9.35 A5A6A5 0.5
1.05 3.825 -2.725 A5A6A5 0.5
1.05 3.825 8.825 B9BAB9 0.5
1.05 3.825 5.675 A5A6A5 0.5
3.15 3.825 9.35 A5A6A5 0.5
1.05 4.35 8.825 B9BAB9 0.5
1.05 4.35 5.675 A5A6A5 0.5
3.15 4.35 9.35 A5A6A5 0.5
1.05 4.875 -5.875 B9BAB9 0.5
1.05 4.875 8.825 B9BAB9 0.5
1.05 6.45 -2.725 5A5D63 0.5
1.05 4.875 5.675 A5A6A5 0.5
3.15 4.875 9.35 A5A6A5 0.5
1.05 5.4 -6.4 B9BAB9 0.5
1.05 6.45 9.35 494D52 0.5
1.05 5.4 9.875 B9BAB9 0.5
1.05 5.925 -6.4 B9BAB9 0.5
1.05 5.925 9.875 B9BAB9 0.5
1.05 6.45 -5.875 A5A6A5 0.5
1.05 5.925 -5.875 B9BAB9 0.5
1.05 6.45 -2.2 B9BAB9 0.5
1.05 5.925 -2.725 B9BAB9 0.5
1.05 6.45 -1.15 A5A6A5 0.5
1.05 5.925 -1.675 B9BAB9 0.5
1.05 6.45 -1.675 B9BAB9 0.5
1.05 6.45 4.625 B9BAB9 0.5
1.05 5.925 4.1 B9BAB9 0.5
1.05 6.45 4.1 A5A6A5 0.5
1.05 5.925 9.35 7B8089 0.5
1.05 6.975 -1.675 7B8089 0.5
1.05 6.975 -5.35 7B8089 0.5
1.05 6.975 -4.825 7B8089 0.5
1.05 6.975 -4.3 7B8089 0.5
1.05 6.975 -3.775 7B8089 0.5
1.05 6.975 -3.25 7B8089 0.5
1.05 6.975 -2.725 7B8089 0.5
1.05 6.975 4.625 CBCBCB 0.5
1.05 6.975 5.15 7B8089 0.5
1.05 6.975 5.675 7B8089 0.5
1.05 6.975 6.2 7B8089 0.5
1.05 6.975 6.725 7B8089 0.5
1.05 6.975 7.25 7B8089 0.5
1.05 6.975 7.775 7B8089 0.5
1.05 6.975 8.3 7B8089 0.5
1.05 6.975 8.825 7B8089 0.5
1.05 6.975 9.35 7B8089 0.5
1.05 7.5 -0.625 7B8089 0.5
1.05 6.975 -1.15 7B8089 0.5
1.05 7.5 3.575 7B8089 0.5
1.05 7.5 3.05 7B8089 0.5
1.05 7.5 4.625 CBCBCB 0.5
1.05 7.5 -0.0999999 7B8089 0.5
1.05 8.025 0.425 7B8089 0.5
1.05 8.025 0.95 8B929C 0.5
1.05 8.025 1.475 8B929C 0.5
1.05 8.025 2 8B929C 0.5
1.05 8.025 2.525 7B8089 0.5
1.575 5.4 -5.875 949394 0.5
1.575 4.35 -4.825 949394 0.5
1.575 4.35 -4.3 949394 0.5
1.575 4.35 -3.775 949394 0.5
1.575 4.35 -3.25 949394 0.5
1.575 4.35 -2.725 949394 0.5
1.575 6.975 4.1 5A5D63 0.5
1.575 4.35 5.675 7F7F7F 0.5
1.575 0.15 6.2 B9BAB9 0.5
1.575 0.15 6.725 B9BAB9 0.5
1.575 0.15 7.25 B9BAB9 0.5
1.575 0.15 7.775 B9BAB9 0.5
1.575 0.15 8.3 B9BAB9 0.5
1.575 0.15 8.825 B9BAB9 0.5
1.575 0.15 9.35 B9BAB9 0.5
1.575 0.15 -5.875 B9BAB9 0.5
1.575 0.15 9.875 B9BAB9 0.5
1.575 0.15 10.4 B9BAB9 0.5
1.575 0.675 -5.875 B9BAB9 0.5
1.575 5.4 6.2 949394 0.5
1.575 5.4 6.725 949394 0.5
1.575 5.4 7.25 949394 0.5
1.575 5.4 7.775 949394 0.5
1.575 5.4 8.3 949394 0.5
1.575 5.4 8.825 949394 0.5
1.575 5.4 9.35 949394 0.5
1.575 0.675 9.875 B9BAB9 0.5
1.575 1.2 -5.875 B9BAB9 0.5
1.575 1.2 9.875 B9BAB9 0.5
1.575 1.725 -2.725 A5A6A5 0.5
1.575 1.2 -4.825 CBCBCB 0.5
1.575 1.2 -4.3 CBCBCB 0.5
1.575 1.2 -3.775 CBCBCB 0.5
1.575 1.2 -3.25 CBCBCB 0.5
1.575 1.2 -2.725 CBCBCB 0.5
1.575 1.2 6.2 CBCBCB 0.5
1.575 1.725 5.675 A5A6A5 0.5
1.575 1.2 6.725 CBCBCB 0.5
1.575 1.2 7.25 CBCBCB 0.5
1.575 1.2 7.775 CBCBCB 0.5
1.575 1.2 8.3 CBCBCB 0.5
1.575 1.2 8.825 CBCBCB 0.5
1.575 1.2 9.35 CBCBCB 0.5
1.575 1.725 9.35 B9BAB9 0.5
1.575 2.25 -2.725 A5A6A5 0.5
1.575 2.25 5.675 A5A6A5 0.5
1.575 2.25 9.35 A5A6A5 0.5
1.575 2.775 -2.725 A5A6A5 0.5
1.575 2.775 5.675 A5A6A5 0.5
1.575 2.775 9.35 A5A6A5 0.5
1.575 3.3 -2.725 A5A6A5 0.5
1.575 3.3 5.675 CBCBCB 0.5
1.575 3.3 9.35 A5A6A5 0.5
1.575 3.825 -2.725 A5A6A5 0.5
1.575 3.825 5.675 7F7F7F 0.5
1.575 3.825 9.35 A5A6A5 0.5
1.575 4.35 9.35 A5A6A5 0.5
1.575 4.875 -5.875 B9BAB9 0.5
1.575 6.45 -2.725 5A5D63 0.5
1.575 4.875 5.675 A5A6A5 0.5
1.575 4.875 9.35 A5A6A5 0.5
1.575 5.4 9.875 B9BAB9 0.5
1.575 5.925 -5.875 B9BAB9 0.5
1.575 5.925 9.875 B9BAB9 0.5
1.575 6.45 -5.875 A5A6A5 0.5
1.575 6.45 -2.2 B9BAB9 0.5
1.575 5.925 -2.725 B9BAB9 0.5
1.575 6.45 -1.15 A5A6A5 0.5
1.575 5.925 -1.675 B9BAB9 0.5
1.575 6.45 -1.675 B9BAB9 0.5
1.575 6.45 4.625 B9BAB9 0.5
1.575 5.925 4.1 B9BAB9 0.5
1.575 6.45 4.1 A5A6A5 0.5
1.575 5.925 9.35 7B8089 0.5
1.575 6.975 -1.675 7B8089 0.5
1.575 6.975 -5.35 7B8089 0.5
1.575 6.975 -4.825 7B8089 0.5
1.575 6.975 -4.3 7B8089 0.5
1.575 6.975 -3.775 7B8089 0.5
1.575 6.975 -3.25 7B8089 0.5
1.575 6.975 -2.725 7B8089 0.5
1.575 6.975 4.625 CBCBCB 0.5
1.575 6.45 5.15 7B8089 0.5
1.575 6.975 5.15 B9BAB9 0.5
1.575 6.45 5.675 7B8089 0.5
1.575 6.45 6.2 7B8089 0.5
1.575 6.45 6.725 7B8089 0.5
1.575 6.45 7.25 7B8089 0.5
1.575 6.45 7.775 7B8089 0.5
1.575 6.45 8.3 7B8089 0.5
1.575 6.45 8.825 7B8089 0.5
1.575 7.5 -1.15 A5A6A5 0.5
1.575 6.975 -1.15 7B8089 0.5
4.725 7.5 -0.625 949394 0.5
1.575 7.5 3.05 A5A6A5 0.5
4.725 7.5 3.575 949394 0.5
1.575 7.5 4.625 CBCBCB 0.5
1.575 8.025 -1.15 A5A6A5 0.5
4.725 8.025 -0.625 949394 0.5
1.575 8.025 3.05 A5A6A5 0.5
1.575 7.5 -0.0999999 7B8089 0.5
1.575 8.025 0.425 7B8089 0.5
1.575 8.025 0.95 8B929C 0.5
1.575 8.025 1.475 8B929C 0.5
1.575 8.025 2 8B929C 0.5
1.575 8.025 2.525 7B8089 0.5
4.725 8.025 3.575 949394 0.5
2.1 5.4 -5.875 949394 0.5
2.1 4.35 -5.35 949394 0.5
2.1 4.35 -4.825 949394 0.5
2.1 4.35 -4.3 949394 0.5
2.1 4.35 -3.775 949394 0.5
2.1 4.35 -3.25 949394 0.5
2.1 4.35 -2.725 949394 0.5
2.1 8.025 -0.625 7F7F7F 0.5
2.1 8.025 3.575 7F7F7F 0.5
2.1 6.975 4.1 5A5D63 0.5
2.1 4.35 5.675 7F7F7F 0.5
2.1 0.15 6.2 B9BAB9 0.5
2.1 0.15 6.725 B9BAB9 0.5
2.1 0.15 7.25 B9BAB9 0.5
2.1 0.15 7.775 B9BAB9 0.5
2.1 0.15 8.3 B9BAB9 0.5
2.1 0.15 8.825 B9BAB9 0.5
2.1 0.15 9.35 B9BAB9 0.5
2.1 0.15 9.875 B9BAB9 0.5
2.1 0.15 10.4 B9BAB9 0.5
2.1 5.4 6.2 949394 0.5
2.1 5.4 6.725 949394 0.5
2.1 5.4 7.25 949394 0.5
2.1 5.4 7.775 949394 0.5
2.1 5.4 8.3 949394 0.5
2.1 5.4 8.825 949394 0.5
2.1 5.4 9.35 949394 0.5
2.1 0.675 9.875 B9BAB9 0.5
2.1 1.2 -5.875 B9BAB9 0.5
2.1 1.2 9.875 B9BAB9 0.5
2.1 1.725 -2.725 A5A6A5 0.5
2.1 1.2 -5.35 CBCBCB 0.5
2.1 1.725 -5.35 B9BAB9 0.5
2.1 1.2 -4.825 CBCBCB 0.5
2.1 1.2 -4.3 CBCBCB 0.5
2.1 1.2 -3.775 CBCBCB 0.5
2.1 1.2 -3.25 CBCBCB 0.5
2.1 1.2 -2.725 CBCBCB 0.5
2.1 1.2 6.2 CBCBCB 0.5
2.1 1.725 5.675 A5A6A5 0.5
2.1 1.2 6.725 CBCBCB 0.5
2.1 1.2 7.25 CBCBCB 0.5
2.1 1.2 7.775 CBCBCB 0.5
2.1 1.2 8.3 CBCBCB 0.5
2.1 1.2 8.825 CBCBCB 0.5
2.1 1.2 9.35 CBCBCB 0.5
2.1 2.25 -2.725 A5A6A5 0.5
2.1 2.25 -5.35 A5A6A5 0.5
2.1 2.25 5.675 A5A6A5 0.5
2.1 2.775 -2.725 A5A6A5 0.5
2.1 2.775 -5.35 A5A6A5 0.5
2.1 2.775 5.675 A5A6A5 0.5
2.1 3.3 -2.725 A5A6A5 0.5
2.1 3.3 -5.35 A5A6A5 0.5
2.1 3.3 5.675 CBCBCB 0.5
2.1 3.825 -2.725 A5A6A5 0.5
2.1 3.825 -5.35 A5A6A5 0.5
2.1 3.825 5.675 414041 0.5
2.1 4.875 -5.875 B9BAB9 0.5
2.1 6.45 -5.35 5A5D63 0.5
2.1 4.875 -5.35 A5A6A5 0.5
2.1 6.45 -2.725 5A5D63 0.5
2.1 4.875 5.675 A5A6A5 0.5
2.1 6.45 9.35 494D52 0.5
2.1 5.4 9.875 B9BAB9 0.5
2.1 5.925 -5.875 B9BAB9 0.5
2.1 5.925 9.875 B9BAB9 0.5
2.1 5.925 -5.35 B9BAB9 0.5
2.1 6.45 -2.2 B9BAB9 0.5
2.1 5.925 -2.725 B9BAB9 0.5
2.1 6.45 -1.15 A5A6A5 0.5
2.1 5.925 -1.675 B9BAB9 0.5
2.1 6.45 -1.675 B9BAB9 0.5
2.1 6.45 4.625 B9BAB9 0.5
2.1 5.925 4.1 B9BAB9 0.5
2.1 6.45 4.1 A5A6A5 0.5
2.1 5.925 9.35 7B8089 0.5
2.1 6.975 -1.675 7B8089 0.5
2.1 6.975 -5.35 7B8089 0.5
2.1 6.975 -4.825 7B8089 0.5
2.1 6.975 -4.3 7B8089 0.5
2.1 6.975 -3.775 7B8089 0.5
2.1 6.975 -3.25 7B8089 0.5
2.1 6.975 -2.725 7B8089 0.5
2.1 6.975 4.625 CBCBCB 0.5
2.1 6.45 5.15 7B8089 0.5
2.1 6.975 5.15 B9BAB9 0.5
2.1 6.45 5.675 7B8089 0.5
2.1 6.45 6.2 7B8089 0.5
2.1 6.45 6.725 7B8089 0.5
2.1 6.45 7.25 7B8089 0.5
2.1 6.45 7.775 7B8089 0.5
2.1 6.45 8.3 7B8089 0.5
2.1 6.45 8.825 7B8089 0.5
2.1 7.5 -0.625 7B8089 0.5
2.1 6.975 -1.15 7B8089 0.5
2.1 7.5 3.575 7B8089 0.5
2.1 7.5 3.05 7B8089 0.5
2.1 7.5 4.625 CBCBCB 0.5
2.1 7.5 -0.0999999 7B8089 0.5
2.1 8.025 0.425 7B8089 0.5
2.1 8.025 0.95 8B929C 0.5
2.1 8.025 1.475 8B929C 0.5
2.1 8.025 2 8B929C 0.5
2.1 8.025 2.525 7B8089 0.5
2.625 5.4 -5.35 949394 0.5
2.625 4.35 -4.825 949394 0.5
2.625 4.35 -4.3 949394 0.5
2.625 4.35 -3.775 949394 0.5
2.625 4.35 -3.25 949394 0.5
2.625 4.35 -2.725 949394 0.5
2.625 6.975 4.1 5A5D63 0.5
2.625 0.15 6.2 B9BAB9 0.5
2.625 0.15 6.725 B9BAB9 0.5
2.625 0.15 7.25 B9BAB9 0.5
2.625 0.15 7.775 B9BAB9 0.5
2.625 0.15 8.3 B9BAB9 0.5
2.625 0.15 8.825 B9BAB9 0.5
2.625 0.15 9.35 B9BAB9 0.5
2.625 0.15 -5.875 A5A6A5 0.5
2.625 0.15 -5.35 B9BAB9 0.5
2.625 0.15 9.875 B9BAB9 0.5
2.625 0.15 10.4 B9BAB9 0.5
2.625 0.675 -5.875 B9BAB9 0.5
2.625 0.675 -5.35 B9BAB9 0.5
2.625 5.4 6.2 949394 0.5
2.625 5.4 6.725 949394 0.5
2.625 5.4 7.25 949394 0.5
2.625 5.4 7.775 949394 0.5
2.625 5.4 8.3 949394 0.5
2.625 5.4 8.825 949394 0.5
2.625 5.4 9.35 949394 0.5
2.625 0.675 9.875 B9BAB9 0.5
2.625 1.2 -5.35 B9BAB9 0.5
2.625 1.2 9.875 B9BAB9 0.5
2.625 1.725 -2.725 A5A6A5 0.5
2.625 1.2 -4.825 CBCBCB 0.5
2.625 1.2 -4.3 CBCBCB 0.5
2.625 1.2 -3.775 CBCBCB 0.5
2.625 1.2 -3.25 CBCBCB 0.5
2.625 1.2 -2.725 CBCBCB 0.5
2.625 1.2 6.2 CBCBCB 0.5
2.625 1.725 5.675 A5A6A5 0.5
2.625 1.2 6.725 CBCBCB 0.5
2.625 1.2 7.25 CBCBCB 0.5
2.625 1.2 7.775 CBCBCB 0.5
2.625 1.2 8.3 CBCBCB 0.5
2.625 1.2 8.825 CBCBCB 0.5
2.625 1.2 9.35 CBCBCB 0.5
2.625 2.25 -2.725 A5A6A5 0.5
2.625 2.25 5.675 A5A6A5 0.5
2.625 2.775 -2.725 A5A6A5 0.5
2.625 2.775 5.675 A5A6A5 0.5
2.625 3.3 -2.725 A5A6A5 0.5
2.625 3.825 -2.725 A5A6A5 0.5
2.625 4.875 -5.35 B9BAB9 0.5
2.625 6.45 -2.725 5A5D63 0.5
2.625 4.875 5.675 A5A6A5 0.5
2.625 6.45 9.35 494D52 0.5
2.625 5.4 9.875 B9BAB9 0.5
2.625 5.925 -5.35 B9BAB9 0.5
2.625 5.925 9.875 B9BAB9 0.5
2.625 6.45 -4.825 A5A6A5 0.5
2.625 5.925 -4.825 B9BAB9 0.5
2.625 6.45 -2.2 B9BAB9 0.5
2.625 5.925 -2.725 B9BAB9 0.5
2.625 6.45 -1.15 A5A6A5 0.5
2.625 5.925 -1.675 B9BAB9 0.5
2.625 6.45 -1.675 B9BAB9 0.5
2.625 6.45 4.625 B9BAB9 0.5
2.625 5.925 4.1 B9BAB9 0.5
2.625 6.45 4.1 A5A6A5 0.5
2.625 6.45 5.15 7B8089 0.5
2.625 6.45 5.675 7B8089 0.5
2.625 6.45 6.2 7B8089 0.5
2.625 6.45 6.725 7B8089 0.5
2.625 6.45 7.25 7B8089 0.5
2.625 6.45 7.775 7B8089 0.5
2.625 6.45 8.3 7B8089 0.5
2.625 6.45 8.825 7B8089 0.5
2.625 6.975 -1.675 7B8089 0.5
2.625 6.975 -4.3 7B8089 0.5
2.625 6.975 -3.775 7B8089 0.5
2.625 6.975 -3.25 7B8089 0.5
2.625 6.975 -2.725 7B8089 0.5
2.625 6.975 4.625 CBCBCB 0.5
2.625 6.975 5.15 B9BAB9 0.5
2.625 7.5 -0.625 7B8089 0.5
2.625 6.975 -1.15 7B8089 0.5
2.625 7.5 3.575 7B8089 0.5
2.625 7.5 3.05 7B8089 0.5
2.625 7.5 4.625 CBCBCB 0.5
2.625 7.5 -0.0999999 7B8089 0.5
2.625 8.025 0.425 7B8089 0.5
2.625 8.025 0.95 8B929C 0.5
2.625 8.025 1.475 8B929C 0.5
2.625 8.025 2 8B929C 0.5
2.625 8.025 2.525 7B8089 0.5
3.15 4.35 -4.3 949394 0.5
3.15 4.35 -3.25 949394 0.5
3.15 4.35 -2.725 949394 0.5
3.15 6.975 4.1 5A5D63 0.5
3.15 0.15 6.2 B9BAB9 0.5
3.15 0.15 6.725 B9BAB9 0.5
3.15 0.15 7.25 B9BAB9 0.5
3.15 0.15 7.775 B9BAB9 0.5
3.15 0.15 8.3 B9BAB9 0.5
3.15 0.15 8.825 B9BAB9 0.5
3.15 0.15 9.35 B9BAB9 0.5
3.15 0.15 -5.875 B9BAB9 0.5
3.15 0.15 -5.35 B9BAB9 0.5
3.15 0.15 -4.825 B9BAB9 0.5
3.15 0.15 9.875 B9BAB9 0.5
3.15 0.15 10.4 B9BAB9 0.5
3.15 0.675 -5.35 B9BAB9 0.5
3.15 0.675 -4.825 B9BAB9 0.5
3.15 5.4 6.2 949394 0.5
3.15 5.4 6.725 949394 0.5
3.15 4.875 7.25 A5A6A5 0.5
3.15 5.4 7.775 949394 0.5
3.15 5.4 8.3 949394 0.5
3.15 5.4 8.825 949394 0.5
3.15 5.4 9.35 949394 0.5
3.15 0.675 9.875 B9BAB9 0.5
3.15 1.2 -4.3 B9BAB9 0.5
3.15 1.2 9.875 B9BAB9 0.5
3.15 1.2 -3.775 CBCBCB 0.5
3.15 1.725 -2.725 A5A6A5 0.5
3.15 1.2 -3.25 CBCBCB 0.5
3.15 1.725 -3.25 CBCBCB 0.5
3.15 1.2 -2.725 CBCBCB 0.5
3.15 1.2 6.2 CBCBCB 0.5
3.15 1.725 5.675 A5A6A5 0.5
3.15 1.2 6.725 CBCBCB 0.5
3.15 1.2 7.25 CBCBCB 0.5
3.15 1.725 8.825 CBCBCB 0.5
3.15 1.2 7.775 CBCBCB 0.5
3.15 1.725 7.775 CBCBCB 0.5
3.15 1.2 8.3 CBCBCB 0.5
3.15 1.2 8.825 CBCBCB 0.5
3.15 1.2 9.35 CBCBCB 0.5
3.15 2.25 -2.725 A5A6A5 0.5
3.15 2.25 -3.25 B9BAB9 0.5
3.15 2.25 7.25 B9BAB9 0.5
3.15 2.25 5.675 A5A6A5 0.5
3.15 2.25 8.825 B9BAB9 0.5
3.15 2.25 7.775 B9BAB9 0.5
3.15 2.775 -2.725 A5A6A5 0.5
3.15 2.775 -3.25 B9BAB9 0.5
3.15 2.775 7.25 B9BAB9 0.5
3.15 2.775 5.675 A5A6A5 0.5
3.15 2.775 8.825 B9BAB9 0.5
3.15 2.775 7.775 B9BAB9 0.5
3.15 3.3 -2.725 A5A6A5 0.5
3.15 3.3 -3.25 B9BAB9 0.5
3.15 3.3 7.25 B9BAB9 0.5
3.15 3.3 5.675 A5A6A5 0.5
3.15 3.3 8.825 B9BAB9 0.5
3.15 3.3 7.775 B9BAB9 0.5
3.15 3.825 -2.725 A5A6A5 0.5
3.15 3.825 -3.25 B9BAB9 0.5
3.15 3.825 7.25 B9BAB9 0.5
3.15 3.825 5.675 A5A6A5 0.5
3.15 3.825 8.825 B9BAB9 0.5
3.15 3.825 7.775 B9BAB9 0.5
3.15 4.35 7.25 B9BAB9 0.5
3.15 4.35 5.675 A5A6A5 0.5
3.15 4.35 8.825 B9BAB9 0.5
3.15 4.35 7.775 B9BAB9 0.5
3.15 4.875 -4.3 B9BAB9 0.5
2.625 4.875 -4.825 B9BAB9 0.5
3.15 6.45 -3.775 5A5D63 0.5
3.15 6.45 -3.25 5A5D63 0.5
3.15 4.875 -3.25 B9BAB9 0.5
3.15 6.45 -2.725 5A5D63 0.5
3.15 4.875 5.675 A5A6A5 0.5
3.15 4.875 8.825 B9BAB9 0.5
3.15 4.875 7.775 B9BAB9 0.5
3.15 5.4 -4.825 B9BAB9 0.5
3.15 5.4 9.875 B9BAB9 0.5
3.15 5.925 -4.825 B9BAB9 0.5
3.15 5.925 9.875 B9BAB9 0.5
3.15 6.45 -2.2 B9BAB9 0.5
3.15 5.925 -4.3 B9BAB9 0.5
2.625 6.45 -4.3 A5A6A5 0.5
3.15 5.925 -3.775 B9BAB9 0.5
3.15 5.925 -3.25 B9BAB9 0.5
3.15 5.925 -2.725 B9BAB9 0.5
3.15 6.45 -1.15 A5A6A5 0.5
3.15 5.925 -1.675 B9BAB9 0.5
3.15 6.45 -1.675 B9BAB9 0.5
3.15 6.45 4.625 B9BAB9 0.5
3.15 5.925 4.1 B9BAB9 0.5
3.15 6.45 4.1 A5A6A5 0.5
3.15 6.45 5.15 7B8089 0.5
3.15 6.45 5.675 7B8089 0.5
3.15 6.45 6.2 7B8089 0.5
3.15 6.45 6.725 7B8089 0.5
3.15 6.45 7.25 7B8089 0.5
3.15 6.45 7.775 7B8089 0.5
3.15 6.45 8.3 7B8089 0.5
3.15 6.45 8.825 7B8089 0.5
3.15 6.45 9.35 7B8089 0.5
3.15 6.975 -1.675 7B8089 0.5
3.15 6.975 -3.775 7B8089 0.5
3.15 6.975 -3.25 7B8089 0.5
3.15 6.975 -2.725 7B8089 0.5
3.15 6.975 4.625 CBCBCB 0.5
3.15 6.975 5.15 B9BAB9 0.5
3.15 7.5 -0.625 7B8089 0.5
3.15 6.975 -1.15 7B8089 0.5
3.15 7.5 3.575 7B8089 0.5
3.15 7.5 3.05 7B8089 0.5
3.15 7.5 4.625 CBCBCB 0.5
3.15 7.5 -0.0999999 7B8089 0.5
3.15 8.025 0.425 7B8089 0.5
3.15 8.025 0.95 8B929C 0.5
3.15 8.025 1.475 8B929C 0.5
3.15 8.025 2 8B929C 0.5
3.15 8.025 2.525 7B8089 0.5
3.675 5.4 -2.725 949394 0.5
3.675 6.975 4.1 5A5D63 0.5
3.675 0.15 -5.35 B9BAB9 0.5
3.675 0.15 -4.825 B9BAB9 0.5
3.675 0.15 -4.3 B9BAB9 0.5
3.675 0.15 -2.725 A5A6A5 0.5
3.675 0.15 -3.775 A5A6A5 0.5
3.675 0.15 -3.25 A5A6A5 0.5
3.675 0.15 5.675 949394 0.5
3.675 0.15 5.15 A5A6A5 0.5
3.675 0.15 6.2 A5A6A5 0.5
3.675 0.15 6.725 A5A6A5 0.5
3.675 0.15 7.25 A5A6A5 0.5
3.675 0.15 7.775 A5A6A5 0.5
3.675 0.15 8.3 A5A6A5 0.5
3.675 0.15 8.825 A5A6A5 0.5
3.675 0.15 9.35 A5A6A5 0.5
3.675 0.15 9.875 A5A6A5 0.5
3.675 0.15 10.4 A5A6A5 0.5
3.675 0.675 -4.3 B9BAB9 0.5
3.675 0.675 -2.725 A5A6A5 0.5
3.675 0.675 -3.775 A5A6A5 0.5
3.675 0.675 -3.25 A5A6A5 0.5
3.675 0.675 5.675 949394 0.5
3.675 0.675 5.15 A5A6A5 0.5
3.675 0.675 6.2 A5A6A5 0.5
3.675 0.675 6.725 A5A6A5 0.5
3.675 0.675 7.25 A5A6A5 0.5
3.675 0.675 7.775 A5A6A5 0.5
3.675 0.675 8.3 A5A6A5 0.5
3.675 0.675 8.825 A5A6A5 0.5
3.675 0.675 9.35 A5A6A5 0.5
3.675 0.675 9.875 A5A6A5 0.5
3.675 1.2 -2.725 A5A6A5 0.5
3.675 1.2 -3.775 A5A6A5 0.5
3.675 1.2 -3.25 A5A6A5 0.5
3.675 1.2 5.675 949394 0.5
3.675 1.2 5.15 A5A6A5 0.5
3.675 1.2 6.2 A5A6A5 0.5
3.675 1.2 6.725 A5A6A5 0.5
3.675 1.2 7.25 A5A6A5 0.5
3.675 1.2 7.775 A5A6A5 0.5
3.675 1.2 8.3 A5A6A5 0.5
3.675 1.2 8.825 A5A6A5 0.5
3.675 1.2 9.35 A5A6A5 0.5
3.675 1.725 -2.725 A5A6A5 0.5
3.675 1.725 5.675 949394 0.5
3.675 1.725 5.15 A5A6A5 0.5
3.675 2.25 -2.725 A5A6A5 0.5
3.675 2.25 5.675 949394 0.5
3.675 2.25 5.15 A5A6A5 0.5
3.675 2.775 -2.725 A5A6A5 0.5
3.675 2.775 5.675 949394 0.5
3.675 2.775 5.15 A5A6A5 0.5
3.675 3.3 -2.725 A5A6A5 0.5
3.675 3.3 5.675 949394 0.5
3.675 3.3 5.15 A5A6A5 0.5
3.675 3.825 -2.725 A5A6A5 0.5
3.675 3.825 5.675 949394 0.5
3.675 3.825 5.15 A5A6A5 0.5
3.675 4.35 -2.725 A5A6A5 0.5
3.675 4.35 5.675 949394 0.5
3.675 4.35 5.15 A5A6A5 0.5
3.675 4.875 -2.725 A5A6A5 0.5
3.675 4.875 -3.775 A5A6A5 0.5
3.675 4.875 -3.25 A5A6A5 0.5
3.675 4.875 5.675 949394 0.5
3.675 4.875 5.15 A5A6A5 0.5
3.675 5.4 -4.3 B9BAB9 0.5
3.675 5.4 -3.775 A5A6A5 0.5
3.675 5.4 -3.25 A5A6A5 0.5
3.675 5.4 5.675 A5A6A5 0.5
3.675 5.4 6.2 A5A6A5 0.5
3.675 5.4 6.725 A5A6A5 0.5
3.675 5.4 7.25 A5A6A5 0.5
3.675 5.4 7.775 A5A6A5 0.5
3.675 5.4 8.3 A5A6A5 0.5
3.675 5.4 8.825 A5A6A5 0.5
3.675 5.4 9.35 A5A6A5 0.5
3.675 5.925 -2.725 B9BAB9 0.5
3.675 5.925 -4.3 B9BAB9 0.5
3.675 5.925 -3.775 A5A6A5 0.5
3.675 5.925 -3.25 A5A6A5 0.5
3.675 5.925 5.675 A5A6A5 0.5
3.675 5.925 6.2 A5A6A5 0.5
3.675 5.925 6.725 A5A6A5 0.5
3.675 5.925 7.25 A5A6A5 0.5
3.675 5.925 7.775 A5A6A5 0.5
3.675 5.925 8.3 A5A6A5 0.5
3.675 5.925 8.825 A5A6A5 0.5
3.675 5.925 9.35 A5A6A5 0.5
3.675 6.45 -2.2 B9BAB9 0.5
3.675 6.45 -1.15 A5A6A5 0.5
3.675 5.925 -1.675 B9BAB9 0.5
3.675 6.45 -1.675 B9BAB9 0.5
3.675 6.45 4.625 B9BAB9 0.5
3.675 5.925 4.1 B9BAB9 0.5
3.675 6.45 4.1 A5A6A5 0.5
3.675 5.925 5.15 B9BAB9 0.5
3.675 6.45 5.15 B9BAB9 0.5
3.675 6.975 -1.675 7B8089 0.5
3.675 6.975 4.625 A5A6A5 0.5
3.675 7.5 -0.625 7B8089 0.5
3.675 6.975 -1.15 7B8089 0.5
3.675 7.5 3.575 7B8089 0.5
3.675 7.5 3.05 7B8089 0.5
3.675 7.5 -0.0999999 7B8089 0.5
3.675 8.025 0.425 7B8089 0.5
3.675 8.025 0.95 8B929C 0.5
3.675 8.025 1.475 8B929C 0.5
3.675 8.025 2 8B929C 0.5
3.675 8.025 2.525 7B8089 0.5
4.2 5.4 -2.725 949394 0.5
4.2 6.975 4.1 5A5D63 0.5
4.2 0.15 -2.725 A5A6A5 0.5
4.2 0.15 5.15 A5A6A5 0.5
4.2 0.675 -2.725 A5A6A5 0.5
4.2 0.675 5.15 A5A6A5 0.5
4.2 1.2 -2.725 A5A6A5 0.5
4.2 1.2 5.15 A5A6A5 0.5
4.2 1.725 -2.725 A5A6A5 0.5
4.2 1.725 5.15 A5A6A5 0.5
4.2 2.25 -2.725 A5A6A5 0.5
4.2 2.25 5.15 A5A6A5 0.5
4.2 2.775 -2.725 A5A6A5 0.5
4.2 2.775 5.15 A5A6A5 0.5
4.2 3.3 -2.725 A5A6A5 0.5
4.2 3.3 5.15 A5A6A5 0.5
4.2 3.825 -2.725 A5A6A5 0.5
4.2 3.825 5.15 A5A6A5 0.5
4.2 4.35 -2.725 A5A6A5 0.5
4.2 4.35 5.15 A5A6A5 0.5
4.2 4.875 -2.725 A5A6A5 0.5
4.2 4.875 5.15 A5A6A5 0.5
4.2 5.4 5.675 B9BAB9 0.5
4.2 5.925 -2.725 B9BAB9 0.5
4.2 5.925 5.675 B9BAB9 0.5
4.2 6.45 -2.2 B9BAB9 0.5
4.2 6.45 -1.15 A5A6A5 0.5
4.2 5.925 -1.675 B9BAB9 0.5
4.2 6.45 -1.675 B9BAB9 0.5
4.2 6.45 4.625 B9BAB9 0.5
4.2 5.925 4.1 B9BAB9 0.5
4.2 6.45 4.1 A5A6A5 0.5
4.2 5.925 5.15 B9BAB9 0.5
4.2 6.45 5.15 B9BAB9 0.5
4.2 6.975 -1.675 7B8089 0.5
4.2 7.5 -0.625 7B8089 0.5
4.2 6.975 -1.15 7B8089 0.5
4.2 7.5 3.575 7B8089 0.5
4.2 7.5 3.05 7B8089 0.5
4.2 7.5 -0.0999999 7B8089 0.5
4.2 8.025 0.425 7B8089 0.5
4.2 8.025 0.95 8B929C 0.5
4.2 8.025 1.475 8B929C 0.5
4.2 8.025 2 8B929C 0.5
4.2 8.025 2.525 7B8089 0.5
4.725 5.4 -2.725 949394 0.5
4.725 6.975 4.1 5A5D63 0.5
4.725 2.775 5.15 7F7F7F 0.5
4.725 0.15 -2.725 A5A6A5 0.5
4.725 0.15 5.15 A5A6A5 0.5
4.725 0.675 -2.725 A5A6A5 0.5
4.725 0.675 5.15 A5A6A5 0.5
4.725 1.2 -2.725 A5A6A5 0.5
4.725 1.2 5.15 A5A6A5 0.5
4.725 1.725 -2.2 414041 0.5
4.725 1.725 5.15 414041 0.5
4.725 2.25 -2.2 414041 0.5
4.725 2.25 5.15 414041 0.5
4.725 2.775 -2.725 A5A6A5 0.5
4.725 3.3 -2.2 414041 0.5
4.725 4.35 5.15 7F7F7F 0.5
4.725 3.3 5.15 B9BAB9 0.5
4.725 3.825 -2.2 414041 0.5
4.725 3.825 5.15 414041 0.5
4.725 4.35 -2.2 414041 0.5
4.725 4.875 -2.725 A5A6A5 0.5
4.725 4.875 5.15 A5A6A5 0.5
4.725 5.4 5.675 B9BAB9 0.5
4.725 5.925 -2.725 B9BAB9 0.5
4.725 5.925 5.675 B9BAB9 0.5
4.725 6.45 -2.2 B9BAB9 0.5
4.725 6.45 -1.15 A5A6A5 0.5
4.725 5.925 -1.675 B9BAB9 0.5
4.725 6.45 -1.675 B9BAB9 0.5
4.725 6.45 4.625 B9BAB9 0.5
4.725 5.925 4.1 B9BAB9 0.5
4.725 6.45 4.1 A5A6A5 0.5
4.725 5.925 5.15 B9BAB9 0.5
4.725 6.45 5.15 B9BAB9 0.5
4.725 6.975 -1.675 7B8089 0.5
4.725 6.975 -1.15 7B8089 0.5
4.725 7.5 3.05 7B8089 0.5
4.725 7.5 -0.0999999 7B8089 0.5
4.725 8.025 0.425 7B8089 0.5
4.725 8.025 0.95 8B929C 0.5
4.725 8.025 1.475 8B929C 0.5
4.725 8.025 2 8B929C 0.5
4.725 8.025 2.525 7B8089 0.5
5.25 5.4 -2.725 949394 0.5
5.25 6.975 4.1 5A5D63 0.5
5.25 0.15 -2.725 A5A6A5 0.5
5.25 0.15 5.15 A5A6A5 0.5
5.25 0.675 -2.725 A5A6A5 0.5
5.25 0.675 5.15 A5A6A5 0.5
5.25 1.2 -2.725 A5A6A5 0.5
5.25 1.2 5.15 A5A6A5 0.5
5.25 1.725 -2.2 414041 0.5
5.25 2.25 -2.2 414041 0.5
5.25 2.775 -2.725 A5A6A5 0.5
5.25 3.3 -2.2 414041 0.5
5.25 3.825 -2.2 414041 0.5
5.25 4.35 -2.2 414041 0.5
5.25 4.875 -2.725 A5A6A5 0.5
5.25 4.875 5.15 A5A6A5 0.5
5.25 5.4 5.675 B9BAB9 0.5
5.25 5.925 -2.725 B9BAB9 0.5
5.25 5.925 5.675 B9BAB9 0.5
5.25 6.45 -2.2 B9BAB9 0.5
5.25 6.45 -1.15 A5A6A5 0.5
5.25 5.925 -1.675 B9BAB9 0.5
5.25 6.45 -1.675 B9BAB9 0.5
5.25 6.45 4.625 B9BAB9 0.5
5.25 5.925 4.1 B9BAB9 0.5
5.25 6.45 4.1 A5A6A5 0.5
5.25 5.925 5.15 B9BAB9 0.5
5.25 6.45 5.15 B9BAB9 0.5
5.25 6.975 -1.675 7B8089 0.5
5.25 7.5 -1.15 A5A6A5 0.5
5.25 6.975 -1.15 7B8089 0.5
5.25 7.5 -0.625 7B8089 0.5
9.45 7.5 -0.625 949394 0.5
5.25 7.5 3.05 A5A6A5 0.5
5.25 7.5 3.575 7B8089 0.5
5.25 8.025 -1.15 A5A6A5 0.5
5.25 8.025 3.05 A5A6A5 0.5
5.25 7.5 -0.0999999 7B8089 0.5
5.25 8.025 -0.625 A5A6A5 0.5
5.25 8.025 0.425 7B8089 0.5
5.25 8.025 0.95 8B929C 0.5
5.25 8.025 1.475 8B929C 0.5
5.25 8.025 2 8B929C 0.5
5.25 8.025 2.525 7B8089 0.5
5.25 8.025 3.575 A5A6A5 0.5
5.775 5.4 -2.725 949394 0.5
5.775 6.975 4.1 5A5D63 0.5
5.775 0.15 -2.725 A5A6A5 0.5
5.775 0.15 5.15 A5A6A5 0.5
5.775 0.675 -2.725 A5A6A5 0.5
5.775 0.675 5.15 A5A6A5 0.5
5.775 1.2 -2.725 A5A6A5 0.5
5.775 1.2 5.15 A5A6A5 0.5
5.775 1.725 -2.725 A5A6A5 0.5
7.35 1.725 5.15 7F7F7F 0.5
5.775 1.725 5.15 A5A6A5 0.5
5.775 2.25 -2.725 A5A6A5 0.5
7.35 2.25 5.15 7F7F7F 0.5
5.775 2.25 5.15 A5A6A5 0.5
5.775 2.775 -2.725 A5A6A5 0.5
7.35 2.775 5.15 7F7F7F 0.5
5.775 2.775 5.15 A5A6A5 0.5
5.775 3.3 -2.725 A5A6A5 0.5
7.35 3.3 5.15 7F7F7F 0.5
5.775 3.3 5.15 A5A6A5 0.5
5.775 3.825 -2.725 A5A6A5 0.5
7.35 3.825 5.15 7F7F7F 0.5
5.775 3.825 5.15 A5A6A5 0.5
5.775 4.35 -2.725 A5A6A5 0.5
7.35 4.35 5.15 7F7F7F 0.5
5.775 4.35 5.15 A5A6A5 0.5
5.775 4.875 -2.725 A5A6A5 0.5
5.775 4.875 5.15 A5A6A5 0.5
5.775 5.4 5.675 B9BAB9 0.5
5.775 5.925 -2.725 B9BAB9 0.5
5.775 5.925 5.675 B9BAB9 0.5
5.775 6.45 -2.2 B9BAB9 0.5
5.775 6.45 -1.15 A5A6A5 0.5
5.775 5.925 -1.675 B9BAB9 0.5
5.775 6.45 -1.675 B9BAB9 0.5
5.775 6.45 4.625 B9BAB9 0.5
5.775 5.925 4.1 B9BAB9 0.5
5.775 6.45 4.1 A5A6A5 0.5
5.775 5.925 5.15 B9BAB9 0.5
5.775 6.45 5.15 B9BAB9 0.5
5.775 6.975 -1.675 7B8089 0.5
5.775 7.5 -0.625 7B8089 0.5
5.775 6.975 -1.15 7B8089 0.5
5.775 7.5 3.575 7B8089 0.5
5.775 7.5 3.05 7B8089 0.5
5.775 8.025 -0.625 949394 0.5
5.775 7.5 -0.0999999 7B8089 0.5
5.775 8.025 0.425 7B8089 0.5
5.775 8.025 0.95 8B929C 0.5
5.775 8.025 1.475 8B929C 0.5
5.775 8.025 2 8B929C 0.5
5.775 8.025 2.525 7B8089 0.5
5.775 8.025 3.575 949394 0.5
6.3 5.4 -2.725 949394 0.5
6.3 6.975 4.1 5A5D63 0.5
6.3 0.15 -2.725 A5A6A5 0.5
6.3 0.15 5.15 A5A6A5 0.5
6.3 0.675 -2.725 A5A6A5 0.5
6.3 0.675 5.15 A5A6A5 0.5
6.3 1.2 -2.725 A5A6A5 0.5
6.3 1.2 5.15 A5A6A5 0.5
6.3 1.725 -2.725 A5A6A5 0.5
6.3 1.725 5.15 A5A6A5 0.5
6.3 2.25 -2.725 A5A6A5 0.5
6.3 2.25 5.15 A5A6A5 0.5
6.3 2.775 -2.725 A5A6A5 0.5
6.3 2.775 5.15 A5A6A5 0.5
6.3 3.3 -2.725 A5A6A5 0.5
6.3 3.3 5.15 A5A6A5 0.5
6.3 3.825 -2.725 A5A6A5 0.5
6.3 3.825 5.15 A5A6A5 0.5
6.3 4.35 -2.725 A5A6A5 0.5
6.3 4.35 5.15 A5A6A5 0.5
6.3 4.875 -2.725 A5A6A5 0.5
6.3 4.875 5.15 A5A6A5 0.5
6.3 5.4 5.675 B9BAB9 0.5
6.3 5.925 -2.725 B9BAB9 0.5
6.3 5.925 5.675 B9BAB9 0.5
6.3 6.45 -2.2 B9BAB9 0.5
6.3 6.45 -1.15 A5A6A5 0.5
6.3 5.925 -1.675 B9BAB9 0.5
6.3 6.45 -1.675 B9BAB9 0.5
6.3 6.45 4.625 B9BAB9 0.5
6.3 5.925 4.1 B9BAB9 0.5
6.3 6.45 4.1 A5A6A5 0.5
6.3 5.925 5.15 B9BAB9 0.5
6.3 6.45 5.15 B9BAB9 0.5
6.3 6.975 -1.675 7B8089 0.5
6.3 7.5 -0.625 7B8089 0.5
6.3 6.975 -1.15 7B8089 0.5
6.3 7.5 3.575 7B8089 0.5
6.3 7.5 3.05 7B8089 0.5
6.3 7.5 -0.0999999 7B8089 0.5
6.3 8.025 0.425 7B8089 0.5
6.3 8.025 0.95 8B929C 0.5
6.3 8.025 1.475 8B929C 0.5
6.3 8.025 2 8B929C 0.5
6.3 8.025 2.525 7B8089 0.5
6.825 5.4 -2.725 949394 0.5
6.825 6.975 4.1 5A5D63 0.5
6.825 2.775 5.15 7F7F7F 0.5
6.825 0.15 -2.725 A5A6A5 0.5
6.825 0.15 5.15 A5A6A5 0.5
6.825 0.675 -2.725 A5A6A5 0.5
6.825 0.675 5.15 A5A6A5 0.5
6.825 1.2 -2.725 A5A6A5 0.5
6.825 1.2 5.15 A5A6A5 0.5
6.825 1.725 -2.2 414041 0.5
6.825 1.725 5.15 414041 0.5
6.825 2.25 -2.2 414041 0.5
6.825 2.25 5.15 414041 0.5
6.825 2.775 -2.725 A5A6A5 0.5
6.825 3.3 -2.2 414041 0.5
6.825 4.35 5.15 7F7F7F 0.5
6.825 3.3 5.15 B9BAB9 0.5
6.825 3.825 -2.2 414041 0.5
6.825 3.825 5.15 414041 0.5
6.825 4.35 -2.2 414041 0.5
6.825 4.875 -2.725 A5A6A5 0.5
6.825 4.875 5.15 A5A6A5 0.5
6.825 5.4 5.675 B9BAB9 0.5
6.825 5.925 -2.725 B9BAB9 0.5
6.825 5.925 5.675 B9BAB9 0.5
6.825 6.45 -2.2 B9BAB9 0.5
6.825 6.45 -1.15 A5A6A5 0.5
6.825 5.925 -1.675 B9BAB9 0.5
6.825 6.45 -1.675 B9BAB9 0.5
6.825 6.45 4.625 B9BAB9 0.5
6.825 5.925 4.1 B9BAB9 0.5
6.825 6.45 4.1 A5A6A5 0.5
6.825 5.925 5.15 B9BAB9 0.5
6.825 6.45 5.15 B9BAB9 0.5
6.825 6.975 -1.675 7B8089 0.5
6.825 7.5 -0.625 7B8089 0.5
6.825 6.975 -1.15 7B8089 0.5
6.825 7.5 3.575 7B8089 0.5
6.825 7.5 3.05 7B8089 0.5
6.825 7.5 -0.0999999 7B8089 0.5
6.825 8.025 0.425 7B8089 0.5
6.825 8.025 0.95 8B929C 0.5
6.825 8.025 1.475 8B929C 0.5
6.825 8.025 2 8B929C 0.5
6.825 8.025 2.525 7B8089 0.5
7.35 5.4 -2.725 949394 0.5
7.35 6.975 4.1 5A5D63 0.5
7.35 0.15 -2.725 A5A6A5 0.5
7.35 0.15 5.15 A5A6A5 0.5
7.35 0.675 -2.725 A5A6A5 0.5
7.35 0.675 5.15 A5A6A5 0.5
7.35 1.2 -2.725 A5A6A5 0.5
7.35 1.2 5.15 A5A6A5 0.5
7.35 1.725 -2.2 414041 0.5
7.35 2.25 -2.2 414041 0.5
7.35 2.775 -2.725 A5A6A5 0.5
7.35 3.3 -2.2 414041 0.5
7.35 3.825 -2.2 414041 0.5
7.35 4.35 -2.2 414041 0.5
7.35 4.875 -2.725 A5A6A5 0.5
7.35 4.875 5.15 A5A6A5 0.5
7.35 5.4 5.675 B9BAB9 0.5
7.35 5.925 -2.725 B9BAB9 0.5
7.35 5.925 5.675 B9BAB9 0.5
7.35 6.45 -2.2 B9BAB9 0.5
7.35 6.45 -1.15 A5A6A5 0.5
7.35 5.925 -1.675 B9BAB9 0.5
7.35 6.45 -1.675 B9BAB9 0.5
7.35 6.45 4.625 B9BAB9 0.5
7.35 5.925 4.1 B9BAB9 0.5
7.35 6.45 4.1 A5A6A5 0.5
7.35 5.925 5.15 B9BAB9 0.5
7.35 6.45 5.15 B9BAB9 0.5
7.35 6.975 -1.675 7B8089 0.5
7.35 7.5 -0.625 7B8089 0.5
7.35 6.975 -1.15 7B8089 0.5
7.35 7.5 3.575 7B8089 0.5
7.35 7.5 3.05 7B8089 0.5
7.35 7.5 -0.0999999 7B8089 0.5
7.35 8.025 0.425 7B8089 0.5
7.35 8.025 0.95 8B929C 0.5
7.35 8.025 1.475 8B929C 0.5
7.35 8.025 2 8B929C 0.5
7.35 8.025 2.525 7B8089 0.5
7.875 5.4 -2.725 949394 0.5
7.875 6.975 4.1 5A5D63 0.5
7.875 0.15 -2.725 A5A6A5 0.5
7.875 0.15 5.15 A5A6A5 0.5
7.875 0.675 -2.725 A5A6A5 0.5
7.875 0.675 5.15 A5A6A5 0.5
7.875 1.2 -2.725 A5A6A5 0.5
7.875 1.2 5.15 A5A6A5 0.5
7.875 1.725 -2.725 A5A6A5 0.5
9.45 1.725 5.15 7F7F7F 0.5
7.875 1.725 5.15 A5A6A5 0.5
7.875 2.25 -2.725 A5A6A5 0.5
9.45 2.25 5.15 7F7F7F 0.5
7.875 2.25 5.15 A5A6A5 0.5
7.875 2.775 -2.725 A5A6A5 0.5
9.45 2.775 5.15 7F7F7F 0.5
7.875 2.775 5.15 A5A6A5 0.5
7.875 3.3 -2.725 A5A6A5 0.5
9.45 3.3 5.15 7F7F7F 0.5
7.875 3.3 5.15 A5A6A5 0.5
7.875 3.825 -2.725 A5A6A5 0.5
9.45 3.825 5.15 7F7F7F 0.5
7.875 3.825 5.15 A5A6A5 0.5
7.875 4.35 -2.725 A5A6A5 0.5
9.45 4.35 5.15 7F7F7F 0.5
7.875 4.35 5.15 A5A6A5 0.5
7.875 4.875 -2.725 A5A6A5 0.5
7.875 4.875 5.15 A5A6A5 0.5
7.875 5.4 5.675 B9BAB9 0.5
7.875 5.925 -2.725 B9BAB9 0.5
7.875 5.925 5.675 B9BAB9 0.5
7.875 6.45 -2.2 B9BAB9 0.5
7.875 6.45 -1.15 A5A6A5 0.5
7.875 5.925 -1.675 B9BAB9 0.5
7.875 6.45 -1.675 B9BAB9 0.5
7.875 6.45 4.625 B9BAB9 0.5
7.875 5.925 4.1 B9BAB9 0.5
7.875 6.45 4.1 A5A6A5 0.5
7.875 5.925 5.15 B9BAB9 0.5
7.875 6.45 5.15 B9BAB9 0.5
7.875 6.975 -1.675 7B8089 0.5
7.875 7.5 -0.625 7B8089 0.5
7.875 6.975 -1.15 7B8089 0.5
7.875 7.5 3.575 7B8089 0.5
7.875 7.5 3.05 7B8089 0.5
7.875 7.5 -0.0999999 7B8089 0.5
7.875 8.025 0.425 7B8089 0.5
7.875 8.025 0.95 8B929C 0.5
7.875 8.025 1.475 8B929C 0.5
7.875 8.025 2 8B929C 0.5
7.875 8.025 2.525 7B8089 0.5
8.4 5.4 -2.725 949394 0.5
8.4 6.975 4.1 5A5D63 0.5
8.4 0.15 -2.725 A5A6A5 0.5
8.4 0.15 5.15 A5A6A5 0.5
8.4 0.675 -2.725 A5A6A5 0.5
8.4 0.675 5.15 A5A6A5 0.5
8.4 1.2 -2.725 A5A6A5 0.5
8.4 1.2 5.15 A5A6A5 0.5
8.4 1.725 -2.725 A5A6A5 0.5
8.4 1.725 5.15 A5A6A5 0.5
8.4 2.25 -2.725 A5A6A5 0.5
8.4 2.25 5.15 A5A6A5 0.5
8.4 2.775 -2.725 A5A6A5 0.5
8.4 2.775 5.15 A5A6A5 0.5
8.4 3.3 -2.725 A5A6A5 0.5
8.4 3.3 5.15 A5A6A5 0.5
8.4 3.825 -2.725 A5A6A5 0.5
8.4 3.825 5.15 A5A6A5 0.5
8.4 4.35 -2.725 A5A6A5 0.5
8.4 4.35 5.15 A5A6A5 0.5
8.4 4.875 -2.725 A5A6A5 0.5
8.4 4.875 5.15 A5A6A5 0.5
8.4 5.4 5.675 B9BAB9 0.5
8.4 5.925 -2.725 B9BAB9 0.5
8.4 5.925 5.675 B9BAB9 0.5
8.4 6.45 -2.2 B9BAB9 0.5
8.4 6.45 -1.15 A5A6A5 0.5
8.4 5.925 -1.675 B9BAB9 0.5
8.4 6.45 -1.675 B9BAB9 0.5
8.4 6.45 4.625 B9BAB9 0.5
8.4 5.925 4.1 B9BAB9 0.5
8.4 6.45 4.1 A5A6A5 0.5
8.4 5.925 5.15 B9BAB9 0.5
8.4 6.45 5.15 B9BAB9 0.5
8.4 6.975 -1.675 7B8089 0.5
8.4 7.5 -0.625 7B8089 0.5
8.4 6.975 -1.15 7B8089 0.5
8.4 7.5 3.575 7B8089 0.5
8.4 7.5 3.05 7B8089 0.5
8.4 7.5 -0.0999999 7B8089 0.5
8.4 7.5 0.425 6A6F77 0.5
8.4 7.5 0.95 6A6F77 0.5
8.4 7.5 1.475 6A6F77 0.5
8.4 7.5 2 6A6F77 0.5
8.4 7.5 2.525 6A6F77 0.5
8.925 5.4 -2.725 949394 0.5
8.925 6.975 4.1 5A5D63 0.5
8.925 2.775 5.15 7F7F7F 0.5
8.925 0.15 -2.725 A5A6A5 0.5
8.925 0.15 5.15 A5A6A5 0.5
8.925 0.675 -2.725 A5A6A5 0.5
8.925 0.675 5.15 A5A6A5 0.5
8.925 1.2 -2.725 A5A6A5 0.5
8.925 1.2 5.15 A5A6A5 0.5
8.925 1.725 -2.2 414041 0.5
8.925 1.725 5.15 414041 0.5
8.925 2.25 -2.2 414041 0.5
8.925 2.25 5.15 414041 0.5
8.925 2.775 -2.725 A5A6A5 0.5
8.925 3.3 -2.2 414041 0.5
8.925 4.35 5.15 7F7F7F 0.5
8.925 3.3 5.15 B9BAB9 0.5
8.925 3.825 -2.2 414041 0.5
8.925 3.825 5.15 414041 0.5
8.925 4.35 -2.2 414041 0.5
8.925 4.875 -2.725 A5A6A5 0.5
8.925 4.875 5.15 A5A6A5 0.5
8.925 5.4 5.675 B9BAB9 0.5
8.925 5.925 -2.725 B9BAB9 0.5
8.925 5.925 5.675 B9BAB9 0.5
8.925 6.45 -2.2 B9BAB9 0.5
8.925 6.45 -1.15 A5A6A5 0.5
8.925 5.925 -1.675 B9BAB9 0.5
8.925 6.45 -1.675 B9BAB9 0.5
8.925 6.45 4.625 B9BAB9 0.5
8.925 5.925 4.1 B9BAB9 0.5
8.925 6.45 4.1 A5A6A5 0.5
8.925 5.925 5.15 B9BAB9 0.5
8.925 6.45 5.15 B9BAB9 0.5
8.925 6.975 -1.675 7B8089 0.5
8.925 6.975 -1.15 7B8089 0.5
8.925 7.5 -0.625 6A6F77 0.5
8.925 7.5 -0.0999999 6A6F77 0.5
8.925 7.5 0.425 6A6F77 0.5
8.925 7.5 0.95 6A6F77 0.5
8.925 7.5 1.475 6A6F77 0.5
8.925 7.5 2 6A6F77 0.5
8.925 7.5 2.525 6A6F77 0.5
8.925 7.5 3.05 6A6F77 0.5
8.925 7.5 3.575 7B8089 0.5
9.45 5.4 -2.725 949394 0.5
9.45 6.975 -1.15 5A5D63 0.5
9.45 6.975 0.425 5A5D63 0.5
9.45 6.975 0.95 5A5D63 0.5
9.45 6.975 1.475 5A5D63 0.5
9.45 6.975 2 5A5D63 0.5
9.45 6.975 2.525 5A5D63 0.5
9.45 6.975 3.575 5A5D63 0.5
9.45 6.975 4.1 5A5D63 0.5
9.45 0.15 -2.725 A5A6A5 0.5
9.45 0.15 5.15 A5A6A5 0.5
9.45 0.675 -2.725 A5A6A5 0.5
9.45 0.675 5.15 A5A6A5 0.5
9.45 1.2 -2.725 A5A6A5 0.5
9.45 1.2 5.15 A5A6A5 0.5
9.45 1.725 -2.2 414041 0.5
9.45 2.25 -2.2 414041 0.5
9.45 2.775 -2.725 A5A6A5 0.5
9.45 3.3 -2.2 414041 0.5
9.45 3.825 -2.2 414041 0.5
9.45 4.35 -2.2 414041 0.5
9.45 4.875 -2.725 A5A6A5 0.5
9.45 4.875 5.15 A5A6A5 0.5
9.45 5.4 5.675 B9BAB9 0.5
9.45 5.925 -2.725 B9BAB9 0.5
9.45 5.925 5.675 B9BAB9 0.5
9.45 6.45 -2.2 B9BAB9 0.5
9.45 6.45 4.625 B9BAB9 0.5
9.45 5.925 -1.675 B9BAB9 0.5
9.45 6.45 -1.675 B9BAB9 0.5
9.45 5.925 -1.15 B9BAB9 0.5
9.45 6.45 -1.15 949394 0.5
9.45 5.925 -0.625 B9BAB9 0.5
9.45 5.925 -0.0999999 B9BAB9 0.5
9.45 5.925 0.425 B9BAB9 0.5
9.45 6.45 0.425 949394 0.5
9.45 5.925 0.95 B9BAB9 0.5
9.45 6.45 0.95 949394 0.5
9.45 5.925 1.475 B9BAB9 0.5
9.45 6.45 1.475 949394 0.5
9.45 5.925 2 B9BAB9 0.5
9.45 6.45 2 949394 0.5
9.45 5.925 2.525 B9BAB9 0.5
9.45 6.45 2.525 949394 0.5
9.45 5.925 3.05 B9BAB9 0.5
9.45 5.925 3.575 B9BAB9 0.5
9.45 6.45 3.575 949394 0.5
9.45 5.925 4.1 B9BAB9 0.5
9.45 5.925 5.15 B9BAB9 0.5
9.45 6.45 5.15 B9BAB9 0.5
9.45 6.975 -1.675 7B8089 0.5
9.975 5.4 -2.725 949394 0.5
9.975 0.15 -2.725 A5A6A5 0.5
9.975 0.15 5.15 A5A6A5 0.5
9.975 0.675 -2.725 A5A6A5 0.5
9.975 0.675 5.15 A5A6A5 0.5
9.975 1.2 -2.725 A5A6A5 0.5
9.975 1.2 5.15 A5A6A5 0.5
9.975 1.725 -2.725 A5A6A5 0.5
9.975 1.725 5.15 A5A6A5 0.5
9.975 2.25 -2.725 A5A6A5 0.5
9.975 2.25 5.15 A5A6A5 0.5
9.975 2.775 -2.725 A5A6A5 0.5
9.975 2.775 5.15 A5A6A5 0.5
9.975 3.3 -2.725 A5A6A5 0.5
9.975 3.3 5.15 A5A6A5 0.5
9.975 3.825 -2.725 A5A6A5 0.5
9.975 3.825 5.15 A5A6A5 0.5
9.975 4.35 -2.725 A5A6A5 0.5
9.975 4.35 5.15 A5A6A5 0.5
9.975 4.875 -2.725 A5A6A5 0.5
9.975 4.875 5.15 A5A6A5 0.5
9.975 5.4 5.675 B9BAB9 0.5
9.975 5.925 -2.725 B9BAB9 0.5
9.975 5.925 5.675 B9BAB9 0.5
9.975 6.45 -2.2 B9BAB9 0.5
9.975 6.45 -0.625 A5A6A5 0.5
9.975 6.45 -0.0999999 A5A6A5 0.5
9.975 6.45 3.05 A5A6A5 0.5
9.975 5.925 5.15 B9BAB9 0.5
9.975 6.45 5.15 B9BAB9 0.5
9.975 6.975 -0.625 A5A6A5 0.5
9.975 6.975 2.525 A5A6A5 0.5
9.975 6.975 -0.0999999 A5A6A5 0.5
9.975 6.975 3.05 A5A6A5 0.5
9.975 6.45 4.625 CBCBCB 0.5
9.975 7.5 -0.625 A5A6A5 0.5
9.975 7.5 2.525 A5A6A5 0.5
9.975 7.5 -0.0999999 A5A6A5 0.5
9.975 7.5 3.575 A5A6A5 0.5
9.975 7.5 3.05 B9BAB9 0.5
10.5 5.4 -2.725 949394 0.5
10.5 2.775 -1.15 6B6B6B 0.5
10.5 2.775 -0.625 6B6B6B 0.5
10.5 2.775 0.95 6B6B6B 0.5
10.5 2.775 1.475 6B6B6B 0.5
10.5 2.775 3.05 6B6B6B 0.5
10.5 2.775 3.575 6B6B6B 0.5
10.5 0.15 -2.725 A5A6A5 0.5
10.5 0.15 5.15 A5A6A5 0.5
10.5 0.675 -2.725 A5A6A5 0.5
10.5 0.675 5.15 A5A6A5 0.5
10.5 1.2 -2.725 A5A6A5 0.5
10.5 1.2 5.15 A5A6A5 0.5
10.5 1.725 -2.725 A5A6A5 0.5
10.5 1.725 -0.0999999 6B6B6B 0.5
10.5 1.2 -1.15 B9BAB9 0.5
10.5 1.725 -1.15 414041 0.5
10.5 1.725 -1.675 6B6B6B 0.5
10.5 1.2 -0.625 B9BAB9 0.5
10.5 1.725 -0.625 414041 0.5
10.5 1.725 2 6B6B6B 0.5
10.5 1.2 0.95 B9BAB9 0.5
10.5 1.725 0.95 414041 0.5
10.5 1.2 1.475 B9BAB9 0.5
10.5 1.725 1.475 414041 0.5
10.5 1.725 4.1 6B6B6B 0.5
10.5 1.2 3.05 B9BAB9 0.5
10.5 1.725 3.05 414041 0.5
10.5 1.2 3.575 B9BAB9 0.5
10.5 1.725 3.575 414041 0.5
10.5 1.725 5.15 A5A6A5 0.5
10.5 2.25 -2.725 A5A6A5 0.5
10.5 2.25 -0.0999999 6B6B6B 0.5
10.5 2.25 -1.15 414041 0.5
10.5 2.25 -1.675 6B6B6B 0.5
10.5 2.25 -0.625 414041 0.5
10.5 2.25 2 6B6B6B 0.5
10.5 2.25 0.95 414041 0.5
10.5 2.25 1.475 414041 0.5
10.5 2.25 4.1 6B6B6B 0.5
10.5 2.25 3.05 414041 0.5
10.5 2.25 3.575 414041 0.5
10.5 2.25 5.15 A5A6A5 0.5
10.5 2.775 -2.725 A5A6A5 0.5
10.5 4.35 -1.15 6B6B6B 0.5
10.5 4.35 -0.625 6B6B6B 0.5
10.5 4.35 0.95 6B6B6B 0.5
10.5 4.35 1.475 6B6B6B 0.5
10.5 4.35 3.05 6B6B6B 0.5
10.5 4.35 3.575 6B6B6B 0.5
10.5 2.775 5.15 A5A6A5 0.5
10.5 3.3 -2.725 A5A6A5 0.5
10.5 3.3 -0.0999999 6B6B6B 0.5
10.5 3.3 -1.15 B9BAB9 0.5
10.5 3.3 -1.675 6B6B6B 0.5
10.5 3.3 -0.625 B9BAB9 0.5
10.5 3.3 2 6B6B6B 0.5
10.5 3.3 0.95 B9BAB9 0.5
10.5 3.3 1.475 B9BAB9 0.5
10.5 3.3 4.1 6B6B6B 0.5
10.5 3.3 3.05 B9BAB9 0.5
10.5 3.3 3.575 B9BAB9 0.5
10.5 3.3 5.15 A5A6A5 0.5
10.5 3.825 -2.725 A5A6A5 0.5
10.5 3.825 -0.0999999 6B6B6B 0.5
10.5 3.825 -1.15 414041 0.5
10.5 3.825 -1.675 6B6B6B 0.5
10.5 3.825 -0.625 414041 0.5
10.5 3.825 2 6B6B6B 0.5
10.5 3.825 0.95 414041 0.5
10.5 3.825 1.475 414041 0.5
10.5 3.825 4.1 6B6B6B 0.5
10.5 3.825 3.05 414041 0.5
10.5 3.825 3.575 414041 0.5
10.5 3.825 5.15 A5A6A5 0.5
10.5 4.35 -2.725 A5A6A5 0.5
10.5 4.35 -0.0999999 6B6B6B 0.5
10.5 4.35 -1.675 6B6B6B 0.5
10.5 4.35 2 6B6B6B 0.5
10.5 4.35 4.1 6B6B6B 0.5
10.5 4.35 5.15 A5A6A5 0.5
10.5 4.875 -2.725 A5A6A5 0.5
10.5 4.875 5.15 A5A6A5 0.5
10.5 5.4 5.675 B9BAB9 0.5
10.5 5.925 -2.725 B9BAB9 0.5
10.5 5.925 5.675 B9BAB9 0.5
10.5 5.925 -2.2 B9BAB9 0.5
10.5 5.925 -1.675 B9BAB9 0.5
10.5 5.925 -1.15 B9BAB9 0.5
10.5 5.925 -0.625 B9BAB9 0.5
10.5 5.925 -0.0999999 B9BAB9 0.5
10.5 5.925 0.425 B9BAB9 0.5
10.5 5.925 0.95 B9BAB9 0.5
10.5 5.925 1.475 B9BAB9 0.5
10.5 5.925 2 B9BAB9 0.5
10.5 5.925 2.525 B9BAB9 0.5
10.5 5.925 3.05 B9BAB9 0.5
10.5 5.925 3.575 B9BAB9 0.5
10.5 5.925 4.1 B9BAB9 0.5
10.5 5.925 4.625 B9BAB9 0.5
10.5 5.925 5.15 B9BAB9 0.5
10.5 0.15 -2.2 949394 0.5
10.5 0.15 -1.675 949394 0.5
10.5 0.15 -1.15 949394 0.5
10.5 0.15 -0.625 949394 0.5
10.5 0.15 -0.0999999 949394 0.5
10.5 0.15 0.425 949394 0.5
10.5 0.15 0.95 949394 0.5
10.5 0.15 1.475 949394 0.5
10.5 0.15 2 949394 0.5
10.5 0.15 2.525 949394 0.5
10.5 0.15 3.05 949394 0.5
10.5 0.15 3.575 949394 0.5
10.5 0.15 4.1 949394 0.5
10.5 0.15 4.625 949394 0.5
10.5 0.675 -2.2 949394 0.5
10.5 0.675 -1.675 949394 0.5
10.5 0.675 -1.15 949394 0.5
10.5 0.675 -0.625 949394 0.5
10.5 0.675 -0.0999999 949394 0.5
10.5 0.675 0.425 949394 0.5
10.5 0.675 0.95 949394 0.5
10.5 0.675 1.475 949394 0.5
10.5 0.675 2 949394 0.5
10.5 0.675 2.525 949394 0.5
10.5 0.675 3.05 949394 0.5
10.5 0.675 3.575 949394 0.5
10.5 0.675 4.1 949394 0.5
10.5 0.675 4.625 949394 0.5
10.5 1.2 -2.2 949394 0.5
10.5 1.2 -1.675 949394 0.5
10.5 1.2 -0.0999999 949394 0.5
10.5 1.2 0.425 949394 0.5
10.5 1.2 2 949394 0.5
10.5 1.2 2.525 949394 0.5
10.5 1.2 4.1 949394 0.5
10.5 1.2 4.625 949394 0.5
10.5 1.725 -2.2 949394 0.5
10.5 1.725 0.425 949394 0.5
10.5 1.725 2.525 949394 0.5
10.5 1.725 4.625 949394 0.5
10.5 2.25 -2.2 949394 0.5
10.5 2.25 0.425 949394 0.5
10.5 2.25 2.525 949394 0.5
10.5 2.25 4.625 949394 0.5
10.5 2.775 -2.2 949394 0.5
10.5 2.775 -1.675 949394 0.5
10.5 2.775 -0.0999999 949394 0.5
10.5 2.775 0.425 949394 0.5
10.5 2.775 2 949394 0.5
10.5 2.775 2.525 949394 0.5
10.5 2.775 4.1 949394 0.5
10.5 2.775 4.625 949394 0.5
10.5 3.3 -2.2 949394 0.5
10.5 3.3 0.425 949394 0.5
10.5 3.3 2.525 949394 0.5
10.5 3.3 4.625 949394 0.5
10.5 3.825 -2.2 949394 0.5
10.5 3.825 0.425 949394 0.5
10.5 3.825 2.525 949394 0.5
10.5 3.825 4.625 949394 0.5
10.5 4.35 -2.2 949394 0.5
10.5 4.35 0.425 949394 0.5
10.5 4.35 2.525 949394 0.5
10.5 4.35 4.625 949394 0.5
10.5 4.875 -2.2 949394 0.5
10.5 4.875 -1.675 949394 0.5
10.5 4.875 -1.15 949394 0.5
10.5 4.875 -0.625 949394 0.5
10.5 4.875 -0.0999999 949394 0.5
10.5 4.875 0.425 949394 0.5
10.5 4.875 0.95 949394 0.5
10.5 4.875 1.475 949394 0.5
10.5 4.875 2 949394 0.5
10.5 4.875 2.525 949394 0.5
10.5 4.875 3.05 949394 0.5
10.5 4.875 3.575 949394 0.5
10.5 4.875 4.1 949394 0.5
10.5 4.875 4.625 949394 0.5
10.5 5.4 -2.2 A5A6A5 0.5
10.5 5.4 -1.675 A5A6A5 0.5
10.5 5.4 -1.15 A5A6A5 0.5
10.5 5.4 -0.625 A5A6A5 0.5
10.5 5.4 -0.0999999 A5A6A5 0.5
10.5 5.4 0.425 A5A6A5 0.5
10.5 5.4 0.95 A5A6A5 0.5
10.5 5.4 1.475 A5A6A5 0.5
10.5 5.4 2 A5A6A5 0.5
10.5 5.4 2.525 A5A6A5 0.5
10.5 5.4 3.05 A5A6A5 0.5
10.5 5.4 3.575 A5A6A5 0.5
10.5 5.4 4.1 A5A6A5 0.5
10.5 5.4 4.625 A5A6A5 0.5
10.5 5.4 5.15 A5A6A5 0.5
