7.560001 0.9449999 3.495002 232A42 0.95
6.615002 0.9449999 3.495001 232A42 0.95
5.670002 0.9449999 3.495001 20273E 0.95
4.725002 0.9449999 -1.230001 273048 0.95
3.780002 0.9449999 -1.230001 283149 0.95
2.835002 0.9449999 -1.230002 272F47 0.95
1.890002 0.9449999 -1.23 242C43 0.95
0.945002 0.9449999 -1.230001 252D44 0.95
1.907349E-06 0.9449999 -1.230001 252D44 0.95
-0.9449981 0.9449999 -1.230001 262F47 0.95
-1.889998 0.9449999 -1.230002 272F47 0.95
-2.834998 0.9449999 -1.230001 252D44 0.95
-3.779998 0.9449999 -1.230001 262F47 0.95
-4.724998 0.9449999 -1.230001 242C43 0.95
-5.67 0.9449999 3.494999 20273E 0.95
-6.615 0.9449999 3.494999 232A42 0.95
-7.559999 0.9449999 3.494999 232B43 0.95
-8.504999 0.9449999 3.494999 242C44 0.95
-9.45 0.9449999 3.494999 232A41 0.95
8.505001 1.89 3.495002 20273E 0.95
7.560001 1.89 3.495002 20263D 0.95
6.615002 1.89 3.495001 20253C 0.95
5.670002 1.89 3.495001 202339 0.95
4.725002 1.89 -1.230001 21283F 0.95
3.780002 1.89 -1.230001 21283F 0.95
2.835002 1.89 -1.230002 20273E 0.95
1.890002 1.89 -1.23 21283F 0.95
0.945002 1.89 -1.230001 20273D 0.95
1.907349E-06 1.89 -1.230001 202339 0.95
-0.9449981 1.89 -1.230001 21283F 0.95
-1.889998 1.89 -1.230002 212940 0.95
-2.834998 1.89 -1.230001 20263D 0.95
-3.779998 1.89 -1.230001 20263D 0.95
-4.724998 1.89 -1.230001 20253B 0.95
-5.67 1.89 3.494999 20233A 0.95
-6.615 1.89 3.494999 20263D 0.95
-7.559999 1.89 3.494999 20273E 0.95
-8.504999 1.89 3.494999 20273E 0.95
-9.45 1.89 3.494999 212940 0.95
9.450002 2.835 3.495001 FFFBF5 0.95
8.505001 2.835 3.495002 FBF6F1 0.95
7.560001 2.835 3.495002 F4F0EB 0.95
6.615002 2.835 3.495001 F2EDE9 0.95
5.670002 2.835 3.495001 F3EFEA 0.95
4.725002 2.835 -2.175001 FFFDF7 0.95
3.780002 2.835 -2.175001 FFFFFA 0.95
2.835002 2.835 -2.175002 FFFFFA 0.95
1.890002 2.835 -2.175 FFFFF9 0.95
0.945002 2.835 -2.175001 FFFFFA 0.95
1.907349E-06 2.835 -2.175001 FEF9F4 0.95
-0.9449981 2.835 -2.175001 FCF8F2 0.95
-1.889998 2.835 -2.175002 FDF9F3 0.95
-2.834998 2.835 -2.175001 FFFFFB 0.95
-3.779998 2.835 -2.175001 FFFFFE 0.95
-4.724998 2.835 -2.175001 FFFFFC 0.95
-5.67 2.835 3.494999 F5F0EC 0.95
-6.615 2.835 3.494999 F6F1EC 0.95
-7.559999 2.835 3.494999 FBF6F1 0.95
-8.504999 2.835 3.494999 F5F0EB 0.95
-9.45 2.835 3.494999 F7F2ED 0.95
8.505001 3.78 3.495002 222A41 0.95
7.560001 3.78 3.495002 212940 0.95
6.615002 3.78 3.495001 232A42 0.95
5.670002 3.78 3.495001 20263D 0.95
4.725002 3.78 -1.230001 242C43 0.95
3.780002 3.78 -1.230001 262E46 0.95
2.835002 3.78 -1.230002 262E46 0.95
1.890002 3.78 -1.23 232B43 0.95
0.945002 3.78 -1.230001 222A41 0.95
1.907349E-06 3.78 -1.230001 242B43 0.95
-0.9449981 3.78 -1.230001 252D45 0.95
-1.889998 3.78 -1.230002 252D45 0.95
-2.834998 3.78 -1.230001 222941 0.95
-3.779998 3.78 -1.230001 232B42 0.95
-4.724998 3.78 -1.230001 232B42 0.95
-5.67 3.78 3.494999 20263C 0.95
-6.615 3.78 3.494999 20273E 0.95
-7.559999 3.78 3.494999 232B42 0.95
-8.504999 3.78 3.494999 21283F 0.95
-9.45 3.78 3.494999 232A42 0.95
9.450002 4.725 3.495001 F5F0EB 0.95
8.505001 4.725 3.495002 F1ECE7 0.95
7.560001 4.725 3.495002 F5F0EB 0.95
6.615002 4.725 3.495001 EFEBE7 0.95
5.670002 4.725 3.495001 F0EBE7 0.95
4.725002 4.725 -2.175001 FFFBF6 0.95
3.780002 4.725 -2.175001 FFFDF7 0.95
2.835002 4.725 -2.175002 FFFEF8 0.95
1.890002 4.725 -2.175 FBF6F1 0.95
0.945002 4.725 -2.175001 FCF7F2 0.95
1.907349E-06 4.725 -2.175001 FFFFFF 0.95
-0.9449981 4.725 -2.175001 FFFFF9 0.95
-1.889998 4.725 -2.175002 FFFEF9 0.95
-2.834998 4.725 -2.175001 FFFBF5 0.95
-3.779998 4.725 -2.175001 FFFFF9 0.95
-4.724998 4.725 -2.175001 FCF7F2 0.95
-5.67 4.725 3.494999 EFE9E5 0.95
-6.615 4.725 3.494999 EDE6E3 0.95
-7.559999 4.725 3.494999 F8F3EE 0.95
-8.504999 4.725 3.494999 F9F4EF 0.95
-9.45 4.725 3.494999 F6F1ED 0.95
8.505001 5.67 3.495002 232B42 0.95
7.560001 5.67 3.495002 232A42 0.95
6.615002 5.67 3.495001 232A42 0.95
5.670002 5.67 3.495001 20273E 0.95
4.725002 5.67 -1.230001 262F47 0.95
3.780002 5.67 -1.230001 262E46 0.95
2.835002 5.67 -1.230002 272F47 0.95
1.890002 5.67 -1.23 262E46 0.95
0.945002 5.67 -1.230001 273048 0.95
1.907349E-06 5.67 -1.230001 262E46 0.95
-0.9449981 5.67 -1.230001 242C44 0.95
-1.889998 5.67 -1.230002 252D45 0.95
-2.834998 5.67 -1.230001 252D45 0.95
-3.779998 5.67 -1.230001 252D44 0.95
-4.724998 5.67 -1.230001 273048 0.95
-5.67 5.67 3.494999 20263C 0.95
-6.615 5.67 3.494999 222940 0.95
-7.559999 5.67 3.494999 242C43 0.95
-8.504999 5.67 3.494999 232B42 0.95
-9.45 5.67 3.494999 232B42 0.95
8.505001 6.615 3.495002 20243B 0.95
7.560001 6.615 3.495002 20273E 0.95
6.615002 6.615 3.495001 202036 0.95
5.670002 6.615 3.495001 202036 0.95
4.725002 6.615 -1.230001 20243A 0.95
3.780002 6.615 -1.230001 202239 0.95
2.835002 6.615 -1.230002 202239 0.95
1.890002 6.615 -1.23 20253B 0.95
0.945002 6.615 -1.230001 20263C 0.95
1.907349E-06 6.615 -1.230001 20243B 0.95
-0.9449981 6.615 -1.230001 202137 0.95
-1.889998 6.615 -1.230002 20243A 0.95
-2.834998 6.615 -1.230001 202137 0.95
-3.779998 6.615 -1.230001 202238 0.95
-4.724998 6.615 -1.230001 20253B 0.95
-5.67 6.615 3.494999 201F35 0.95
-6.615 6.615 3.494999 202238 0.95
-7.559999 6.615 3.494999 201F34 0.95
-8.504999 6.615 3.494999 202339 0.95
-9.45 6.615 3.494999 202036 0.95
9.450002 7.559999 3.495001 FDF9F3 0.95
8.505001 7.559999 3.495002 F3EFEA 0.95
7.560001 7.559999 3.495002 ECE7E3 0.95
6.615002 7.559999 3.495001 E6E1DD 0.95
5.670002 7.559999 3.495001 FBF7F2 0.95
4.725002 7.559999 -2.175001 FFFCF7 0.95
3.780002 7.559999 -2.175001 FDF8F3 0.95
2.835002 7.559999 -2.175002 FEFAF4 0.95
1.890002 7.559999 -2.175 FFFDF7 0.95
0.945002 7.559999 -2.175001 FBF6F1 0.95
1.907349E-06 7.559999 -2.175001 FFFCF7 0.95
-0.9449981 7.559999 -2.175001 FFFBF6 0.95
-1.889998 7.559999 -2.175002 FFFFFA 0.95
-2.834998 7.559999 -2.175001 FFFDF8 0.95
-3.779998 7.559999 -2.175001 FFFDF8 0.95
-4.724998 7.559999 -2.175001 FFFFFB 0.95
-5.67 7.559999 3.494999 EBE6E2 0.95
-6.615 7.559999 3.494999 ECE7E3 0.95
-7.559999 7.559999 3.494999 F7F1EC 0.95
-8.504999 7.559999 3.494999 F3EEE9 0.95
-9.45 7.559999 3.494999 F8F3EE 0.95
8.505001 8.504999 3.495002 232A42 0.95
7.560001 8.504999 3.495002 20283F 0.95
6.615002 8.504999 3.495001 20283F 0.95
5.670002 8.504999 3.495001 20273E 0.95
4.725002 8.504999 -1.230001 242C44 0.95
3.780002 8.504999 -1.230001 242C44 0.95
2.835002 8.504999 -1.230002 21283F 0.95
1.890002 8.504999 -1.23 232A42 0.95
0.945002 8.504999 -1.230001 222A41 0.95
1.907349E-06 8.504999 -1.230001 222A41 0.95
-0.9449981 8.504999 -1.230001 222941 0.95
-1.889998 8.504999 -1.230002 252D44 0.95
-2.834998 8.504999 -1.230001 212840 0.95
-3.779998 8.504999 -1.230001 242C44 0.95
-4.724998 8.504999 -1.230001 232A42 0.95
-5.67 8.504999 3.494999 20253B 0.95
-6.615 8.504999 3.494999 20243A 0.95
-7.559999 8.504999 3.494999 232B42 0.95
-8.504999 8.504999 3.494999 212940 0.95
-9.45 8.504999 3.494999 222A41 0.95
9.450002 9.45 3.495001 EFEAE5 0.95
8.505001 9.45 3.495002 F5F0EC 0.95
7.560001 9.45 3.495002 F5F0EB 0.95
6.615002 9.45 3.495001 EDE8E4 0.95
5.670002 9.45 3.495001 EDE7E3 0.95
4.725002 9.45 -2.175001 FDF8F3 0.95
3.780002 9.45 -2.175001 FFFEF8 0.95
2.835002 9.45 -2.175002 FFFEF8 0.95
1.890002 9.45 -2.175 FFFFFB 0.95
0.945002 9.45 -2.175001 FFFBF5 0.95
1.907349E-06 9.45 -2.175001 FFFFFA 0.95
-0.9449981 9.45 -2.175001 FFFFFE 0.95
-1.889998 9.45 -2.175002 FFFFFC 0.95
-2.834998 9.45 -2.175001 FFFEF9 0.95
-3.779998 9.45 -2.175001 FDF8F3 0.95
-4.724998 9.45 -2.175001 FFFFF9 0.95
-5.67 9.45 3.494999 F6F1EC 0.95
-6.615 9.45 3.494999 F7F2ED 0.95
-7.559999 9.45 3.494999 F1ECE8 0.95
-8.504999 9.45 3.494999 F8F3EE 0.95
-9.45 9.45 3.494999 F9F2ED 0.95
8.505001 10.395 3.495002 20253C 0.95
7.560001 10.395 3.495002 242C43 0.95
6.615002 10.395 3.495001 242C44 0.95
5.670002 10.395 3.495001 20273E 0.95
4.725002 10.395 -1.230001 252E45 0.95
3.780002 10.395 -1.230001 262F46 0.95
2.835002 10.395 -1.230002 262E46 0.95
1.890002 10.395 -1.23 272F47 0.95
0.945002 10.395 -1.230001 242C44 0.95
1.907349E-06 10.395 -1.230001 262E46 0.95
-0.9449981 10.395 -1.230001 242C43 0.95
-1.889998 10.395 -1.230002 262E46 0.95
-2.834998 10.395 -1.230001 262E46 0.95
-3.779998 10.395 -1.230001 242C43 0.95
-4.724998 10.395 -1.230001 262E46 0.95
-5.67 10.395 3.494999 20273E 0.95
-6.615 10.395 3.494999 222A41 0.95
-7.559999 10.395 3.494999 222941 0.95
-8.504999 10.395 3.494999 232B42 0.95
-9.45 10.395 3.494999 262E46 0.95
9.450002 11.34 3.495001 F8F3EE 0.95
8.505001 11.34 3.495002 F2EDE9 0.95
7.560001 11.34 3.495002 F4EFEA 0.95
6.615002 11.34 3.495001 F1ECE7 0.95
5.670002 11.34 3.495001 EDE8E4 0.95
4.725002 11.34 -2.175001 FFFCF6 0.95
3.780002 11.34 -2.175001 FFFFFB 0.95
2.835002 11.34 -2.175002 F9F4EF 0.95
1.890002 11.34 -2.175 FFFCF6 0.95
0.945002 11.34 -2.175001 FFFCF6 0.95
1.907349E-06 11.34 -2.175001 FFFFFB 0.95
-0.9449981 11.34 -2.175001 FEF9F4 0.95
-1.889998 11.34 -2.175002 FFFFFA 0.95
-2.834998 11.34 -2.175001 FEFAF4 0.95
-3.779998 11.34 -2.175001 FFFEF9 0.95
-4.724998 11.34 -2.175001 FBF7F1 0.95
-5.67 11.34 3.494999 ECE7E3 0.95
-6.615 11.34 3.494999 EDE7E3 0.95
-7.559999 11.34 3.494999 F0EBE6 0.95
-8.504999 11.34 3.494999 F5F0EB 0.95
-9.45 11.34 3.494999 F0EBE7 0.95
8.505001 12.285 3.495002 232B42 0.95
7.560001 12.285 3.495002 232B42 0.95
6.615002 12.285 3.495001 20273E 0.95
5.670002 12.285 3.495001 222940 0.95
4.725002 12.285 -1.230001 262E46 0.95
3.780002 12.285 -1.230001 262E46 0.95
2.835002 12.285 -1.230002 262E46 0.95
1.890002 12.285 -1.23 272F47 0.95
0.945002 12.285 -1.230001 252D45 0.95
1.907349E-06 12.285 -1.230001 262E46 0.95
-0.9449981 12.285 -1.230001 272F47 0.95
-1.889998 12.285 -1.230002 252D45 0.95
-2.834998 12.285 -1.230001 272F47 0.95
-3.779998 12.285 -1.230001 262E46 0.95
-4.724998 12.285 -1.230001 242C44 0.95
-5.67 12.285 3.494999 20263C 0.95
-6.615 12.285 3.494999 20283F 0.95
-7.559999 12.285 3.494999 20283F 0.95
-8.504999 12.285 3.494999 242C43 0.95
-9.45 12.285 3.494999 262E46 0.95
8.505001 13.23 3.495002 20243A 0.95
7.560001 13.23 3.495002 20263D 0.95
6.615002 13.23 3.495001 20253C 0.95
5.670002 13.23 3.495001 202136 0.95
4.725002 13.23 -1.230001 21283F 0.95
3.780002 13.23 -1.230001 20273E 0.95
2.835002 13.23 -1.230002 20273E 0.95
1.890002 13.23 -1.23 20273E 0.95
0.945002 13.23 -1.230001 20273E 0.95
1.907349E-06 13.23 -1.230001 20233A 0.95
-0.9449981 13.23 -1.230001 20263D 0.95
-1.889998 13.23 -1.230002 21283F 0.95
-2.834998 13.23 -1.230001 20273E 0.95
-3.779998 13.23 -1.230001 20263D 0.95
-4.724998 13.23 -1.230001 20263D 0.95
-5.67 13.23 3.494999 202339 0.95
-6.615 13.23 3.494999 20233A 0.95
-7.559999 13.23 3.494999 20263C 0.95
-8.504999 13.23 3.494999 20253C 0.95
-9.45 13.23 3.494999 20273E 0.95
9.450002 14.175 3.495001 F3EFEA 0.95
8.505001 14.175 3.495002 FAF5F0 0.95
7.560001 14.175 3.495002 F0EBE6 0.95
6.615002 14.175 3.495001 F0EBE7 0.95
5.670002 14.175 3.495001 E5E0DC 0.95
4.725002 14.175 -2.175001 FFFDF7 0.95
3.780002 14.175 -2.175001 FFFEF8 0.95
2.835002 14.175 -2.175002 FFFCF7 0.95
1.890002 14.175 -2.175 FFFDF7 0.95
0.945002 14.175 -2.175001 FFFFFC 0.95
1.907349E-06 14.175 -2.175001 FFFDF7 0.95
-0.9449981 14.175 -2.175001 FFFCF6 0.95
-1.889998 14.175 -2.175002 FFFDF8 0.95
-2.834998 14.175 -2.175001 FFFEF9 0.95
-3.779998 14.175 -2.175001 FFFBF6 0.95
-4.724998 14.175 -2.175001 FEF9F4 0.95
-5.67 14.175 3.494999 F5EFEA 0.95
-6.615 14.175 3.494999 E9E3E0 0.95
-7.559999 14.175 3.494999 F0EBE7 0.95
-8.504999 14.175 3.494999 F9F4EF 0.95
-9.45 14.175 3.494999 F4EFEB 0.95
8.505001 15.12 3.495002 222A41 0.95
7.560001 15.12 3.495002 222A41 0.95
6.615002 15.12 3.495001 20273E 0.95
5.670002 15.12 3.495001 21283F 0.95
4.725002 15.12 -1.230001 252D44 0.95
3.780002 15.12 -1.230001 242B43 0.95
2.835002 15.12 -1.230002 232B42 0.95
1.890002 15.12 -1.23 252D45 0.95
0.945002 15.12 -1.230001 222941 0.95
1.907349E-06 15.12 -1.230001 222941 0.95
-0.9449981 15.12 -1.230001 222940 0.95
-1.889998 15.12 -1.230002 242C43 0.95
-2.834998 15.12 -1.230001 252D45 0.95
-3.779998 15.12 -1.230001 242C43 0.95
-4.724998 15.12 -1.230001 242C43 0.95
-5.67 15.12 3.494999 20273E 0.95
-6.615 15.12 3.494999 222940 0.95
-7.559999 15.12 3.494999 222940 0.95
-8.504999 15.12 3.494999 232B42 0.95
-9.45 15.12 3.494999 242C43 0.95
9.450002 16.065 3.495001 F1ECE7 0.95
8.505001 16.065 3.495002 F3EEE9 0.95
7.560001 16.065 3.495002 EBE6E2 0.95
6.615002 16.065 3.495001 F0EBE7 0.95
5.670002 16.065 3.495001 F0EBE6 0.95
4.725002 16.065 -2.175001 FFFCF6 0.95
3.780002 16.065 -2.175001 FFFFFA 0.95
2.835002 16.065 -2.175002 FFFCF7 0.95
1.890002 16.065 -2.175 FFFFFA 0.95
0.945002 16.065 -2.175001 FFFFFA 0.95
1.907349E-06 16.065 -2.175001 FFFDF7 0.95
-0.9449981 16.065 -2.175001 FFFBF6 0.95
-1.889998 16.065 -2.175002 FFFFFA 0.95
-2.834998 16.065 -2.175001 FFFAF5 0.95
-3.779998 16.065 -2.175001 FFFFFB 0.95
-4.724998 16.065 -2.175001 FFFFFA 0.95
-5.67 16.065 3.494999 E7E2DE 0.95
-6.615 16.065 3.494999 EDE8E4 0.95
-7.559999 16.065 3.494999 F7F2ED 0.95
-8.504999 16.065 3.494999 F4EFEA 0.95
-9.45 16.065 3.494999 F4EFEA 0.95
8.505001 17.01 3.495002 242C44 0.95
7.560001 17.01 3.495002 242C43 0.95
6.615002 17.01 3.495001 21283F 0.95
5.670002 17.01 3.495001 20273E 0.95
4.725002 17.01 -1.230001 252E45 0.95
3.780002 17.01 -1.230001 232B43 0.95
2.835002 17.01 -1.230002 252D45 0.95
1.890002 17.01 -1.23 232B42 0.95
0.945002 17.01 -1.230001 262F47 0.95
1.907349E-06 17.01 -1.230001 242C43 0.95
-0.9449981 17.01 -1.230001 252D45 0.95
-1.889998 17.01 -1.230002 272F47 0.95
-2.834998 17.01 -1.230001 232B42 0.95
-3.779998 17.01 -1.230001 242C43 0.95
-4.724998 17.01 -1.230001 262F47 0.95
-5.67 17.01 3.494999 20283F 0.95
-6.615 17.01 3.494999 21283F 0.95
-7.559999 17.01 3.494999 232B42 0.95
-8.504999 17.01 3.494999 242B43 0.95
-9.45 17.01 3.494999 242C43 0.95
8.505001 17.955 3.495002 202238 0.95
7.560001 17.955 3.495002 202137 0.95
6.615002 17.955 3.495001 202036 0.95
5.670002 17.955 3.495001 202238 0.95
4.725002 17.955 -1.230001 202137 0.95
3.780002 17.955 -1.230001 202137 0.95
2.835002 17.955 -1.230002 20253B 0.95
1.890002 17.955 -1.23 20243B 0.95
0.945002 17.955 -1.230001 20273E 0.95
1.907349E-06 17.955 -1.230001 202339 0.95
-0.9449981 17.955 -1.230001 20253C 0.95
-1.889998 17.955 -1.230002 202137 0.95
-2.834998 17.955 -1.230001 20253C 0.95
-3.779998 17.955 -1.230001 20263D 0.95
-4.724998 17.955 -1.230001 202339 0.95
-5.67 17.955 3.494999 201F34 0.95
-6.615 17.955 3.494999 202339 0.95
-7.559999 17.955 3.494999 202238 0.95
-8.504999 17.955 3.494999 20253C 0.95
-9.45 17.955 3.494999 20243A 0.95
9.450002 18.9 3.495001 FBF6F1 0.95
8.505001 18.9 3.495002 F8F3EE 0.95
7.560001 18.9 3.495002 EEE9E5 0.95
6.615002 18.9 3.495001 F0EBE7 0.95
5.670002 18.9 3.495001 EFEAE6 0.95
4.725002 18.9 -2.175001 FFFCF7 0.95
3.780002 18.9 -2.175001 FFFFFA 0.95
2.835002 18.9 -2.175002 FFFFFB 0.95
1.890002 18.9 -2.175 FFFAF5 0.95
0.945002 18.9 -2.175001 FFFAF5 0.95
1.907349E-06 18.9 -2.175001 FFFFFD 0.95
-0.9449981 18.9 -2.175001 FFFCF6 0.95
-1.889998 18.9 -2.175002 FFFFFD 0.95
-2.834998 18.9 -2.175001 FFFFFC 0.95
-3.779998 18.9 -2.175001 FDF9F3 0.95
-4.724998 18.9 -2.175001 FFFEF9 0.95
-5.67 18.9 3.494999 EDE8E4 0.95
-6.615 18.9 3.494999 F2ECE8 0.95
-7.559999 18.9 3.494999 EFEAE6 0.95
-8.504999 18.9 3.494999 F4EFEA 0.95
-9.45 18.9 3.494999 F7F2ED 0.95
8.505001 19.845 3.495002 232A42 0.95
7.560001 19.845 3.495002 232B42 0.95
6.615002 19.845 3.495001 242C43 0.95
5.670002 19.845 3.495001 202238 0.95
4.725002 19.845 -1.230001 222A41 0.95
3.780002 19.845 -1.230001 212940 0.95
2.835002 19.845 -1.230002 232A42 0.95
1.890002 19.845 -1.23 222941 0.95
0.945002 19.845 -1.230001 212940 0.95
1.907349E-06 19.845 -1.230001 242C43 0.95
-0.9449981 19.845 -1.230001 232A41 0.95
-1.889998 19.845 -1.230002 242B43 0.95
-2.834998 19.845 -1.230001 222A41 0.95
-3.779998 19.845 -1.230001 232B43 0.95
-4.724998 19.845 -1.230001 212940 0.95
-5.67 19.845 3.494999 20233A 0.95
-6.615 19.845 3.494999 20263D 0.95
-7.559999 19.845 3.494999 20263D 0.95
-8.504999 19.845 3.494999 242C44 0.95
-9.45 19.845 3.494999 232A42 0.95
9.450002 20.79 3.495001 FAF5F0 0.95
8.505001 20.79 3.495002 FAF5F0 0.95
7.560001 20.79 3.495002 F1ECE8 0.95
6.615002 20.79 3.495001 F2EDE9 0.95
5.670002 20.79 3.495001 E9E4E0 0.95
4.725002 20.79 -2.175001 FFFFFB 0.95
3.780002 20.79 -2.175001 FFFFFB 0.95
2.835002 20.79 -2.175002 FFFDF7 0.95
1.890002 20.79 -2.175 FFFFFC 0.95
0.945002 20.79 -2.175001 FFFFFA 0.95
1.907349E-06 20.79 -2.175001 FFFDF7 0.95
-0.9449981 20.79 -2.175001 FFFDF7 0.95
-1.889998 20.79 -2.175002 FFFEF8 0.95
-2.834998 20.79 -2.175001 FFFFFA 0.95
-3.779998 20.79 -2.175001 FFFEF8 0.95
-4.724998 20.79 -2.175001 FFFFFE 0.95
-5.67 20.79 3.494999 F1EBE6 0.95
-6.615 20.79 3.494999 EEE8E4 0.95
-7.559999 20.79 3.494999 ECE6E2 0.95
-8.504999 20.79 3.494999 F8F3EE 0.95
-9.45 20.79 3.494999 F9F4EF 0.95
8.505001 21.735 3.495002 222941 0.95
7.560001 21.735 3.495002 21283F 0.95
6.615002 21.735 3.495001 20273E 0.95
5.670002 21.735 3.495001 20273E 0.95
4.725002 21.735 -1.230001 242B43 0.95
3.780002 21.735 -1.230001 262E46 0.95
2.835002 21.735 -1.230002 252D44 0.95
1.890002 21.735 -1.23 232A42 0.95
0.945002 21.735 -1.230001 242B43 0.95
1.907349E-06 21.735 -1.230001 252D45 0.95
-0.9449981 21.735 -1.230001 232A42 0.95
-1.889998 21.735 -1.230002 242C44 0.95
-2.834998 21.735 -1.230001 232B43 0.95
-3.779998 21.735 -1.230001 232B43 0.95
-4.724998 21.735 -1.230001 252E45 0.95
-5.67 21.735 3.494999 20273D 0.95
-6.615 21.735 3.494999 20273E 0.95
-7.559999 21.735 3.494999 212940 0.95
-8.504999 21.735 3.494999 232B42 0.95
-9.45 21.735 3.494999 212840 0.95
9.450002 22.68 3.495001 F5F1EC 0.95
8.505001 22.68 3.495002 F9F5F0 0.95
7.560001 22.68 3.495002 EBE6E2 0.95
6.615002 22.68 3.495001 ECE7E4 0.95
5.670002 22.68 3.495001 F0EBE6 0.95
4.725002 22.68 -2.175001 FFFFFC 0.95
3.780002 22.68 -2.175001 FFFFF9 0.95
2.835002 22.68 -2.175002 FFFBF6 0.95
1.890002 22.68 -2.175 FFFFFA 0.95
0.945002 22.68 -2.175001 FDF8F3 0.95
1.907349E-06 22.68 -2.175001 FFFBF5 0.95
-0.9449981 22.68 -2.175001 FCF8F2 0.95
-1.889998 22.68 -2.175002 FFFFFF 0.95
-2.834998 22.68 -2.175001 FFFDF8 0.95
-3.779998 22.68 -2.175001 FFFEF9 0.95
-4.724998 22.68 -2.175001 FFFFFB 0.95
-5.67 22.68 3.494999 EDE8E4 0.95
-6.615 22.68 3.494999 EDE8E4 0.95
-7.559999 22.68 3.494999 ECE7E3 0.95
-8.504999 22.68 3.494999 F2EDE9 0.95
-9.45 22.68 3.494999 F9F5F0 0.95
8.505001 23.625 3.495002 262E46 0.95
7.560001 23.625 3.495002 242C43 0.95
6.615002 23.625 3.495001 232B42 0.95
5.670002 23.625 3.495001 212940 0.95
4.725002 23.625 -1.230001 262E46 0.95
3.780002 23.625 -1.230001 262E45 0.95
2.835002 23.625 -1.230002 283048 0.95
1.890002 23.625 -1.23 262E46 0.95
0.945002 23.625 -1.230001 252D45 0.95
1.907349E-06 23.625 -1.230001 273047 0.95
-0.9449981 23.625 -1.230001 262E46 0.95
-1.889998 23.625 -1.230002 272F47 0.95
-2.834998 23.625 -1.230001 252E45 0.95
-3.779998 23.625 -1.230001 272F47 0.95
-4.724998 23.625 -1.230001 272F47 0.95
-5.67 23.625 3.494999 21283F 0.95
-6.615 23.625 3.494999 212940 0.95
-7.559999 23.625 3.494999 232B42 0.95
-8.504999 23.625 3.494999 242C43 0.95
-9.45 23.625 3.494999 252E45 0.95
8.505001 24.57 3.495002 20253C 0.95
7.560001 24.57 3.495002 20273E 0.95
6.615002 24.57 3.495001 20243B 0.95
5.670002 24.57 3.495001 20233A 0.95
4.725002 24.57 -1.230001 20273E 0.95
3.780002 24.57 -1.230001 20243B 0.95
2.835002 24.57 -1.230002 232B42 0.95
1.890002 24.57 -1.23 20273E 0.95
0.945002 24.57 -1.230001 20263D 0.95
1.907349E-06 24.57 -1.230001 20253B 0.95
-0.9449981 24.57 -1.230001 20263D 0.95
-1.889998 24.57 -1.230002 20263C 0.95
-2.834998 24.57 -1.230001 20263C 0.95
-3.779998 24.57 -1.230001 20263D 0.95
-4.724998 24.57 -1.230001 21283F 0.95
-5.67 24.57 3.494999 20243A 0.95
-6.615 24.57 3.494999 20263C 0.95
-7.559999 24.57 3.494999 20243A 0.95
-8.504999 24.57 3.494999 20253B 0.95
-9.45 24.57 3.494999 20253C 0.95
9.450002 25.515 3.495001 F4F0EB 0.95
8.505001 25.515 3.495002 F3EEEA 0.95
7.560001 25.515 3.495002 EFEAE6 0.95
6.615002 25.515 3.495001 E7E1DE 0.95
5.670002 25.515 3.495001 EDE8E4 0.95
4.725002 25.515 -2.175001 FFFFFA 0.95
3.780002 25.515 -2.175001 FFFFF9 0.95
2.835002 25.515 -2.175002 FFFFFE 0.95
1.890002 25.515 -2.175 FFFEF8 0.95
0.945002 25.515 -2.175001 FFFBF5 0.95
1.907349E-06 25.515 -2.175001 FFFFFA 0.95
-0.9449981 25.515 -2.175001 FFFFF9 0.95
-1.889998 25.515 -2.175002 FFFFFD 0.95
-2.834998 25.515 -2.175001 FFFFFD 0.95
-3.779998 25.515 -2.175001 FFFDF7 0.95
-4.724998 25.515 -2.175001 FFFFF9 0.95
-5.67 25.515 3.494999 EBE5E2 0.95
-6.615 25.515 3.494999 E4DEDB 0.95
-7.559999 25.515 3.494999 F0EBE7 0.95
-8.504999 25.515 3.494999 F6F1EC 0.95
-9.45 25.515 3.494999 F7F2ED 0.95
8.505001 26.46 3.495002 21283F 0.95
7.560001 26.46 3.495002 222940 0.95
6.615002 26.46 3.495001 20273E 0.95
5.670002 26.46 3.495001 20263D 0.95
4.725002 26.46 -1.230001 242C44 0.95
3.780002 26.46 -1.230001 232B42 0.95
2.835002 26.46 -1.230002 222A41 0.95
1.890002 26.46 -1.23 252D45 0.95
0.945002 26.46 -1.230001 242C43 0.95
1.907349E-06 26.46 -1.230001 252D44 0.95
-0.9449981 26.46 -1.230001 252D45 0.95
-1.889998 26.46 -1.230002 242C44 0.95
-2.834998 26.46 -1.230001 212940 0.95
-3.779998 26.46 -1.230001 242C44 0.95
-4.724998 26.46 -1.230001 242C43 0.95
-5.67 26.46 3.494999 20233A 0.95
-6.615 26.46 3.494999 222940 0.95
-7.559999 26.46 3.494999 232B42 0.95
-8.504999 26.46 3.494999 21283F 0.95
-9.45 26.46 3.494999 212940 0.95
9.450002 27.405 3.495001 FCF8F2 0.95
8.505001 27.405 3.495002 F2EDE8 0.95
7.560001 27.405 3.495002 F4EFEB 0.95
6.615002 27.405 3.495001 E7E1DE 0.95
5.670002 27.405 3.495001 F8F3EE 0.95
4.725002 27.405 -2.175001 FFFFFB 0.95
3.780002 27.405 -2.175001 FDF8F3 0.95
2.835002 27.405 -2.175002 FFFFFA 0.95
1.890002 27.405 -2.175 FFFFFB 0.95
0.945002 27.405 -2.175001 FFFFFB 0.95
1.907349E-06 27.405 -2.175001 FFFFFD 0.95
-0.9449981 27.405 -2.175001 FFFFFA 0.95
-1.889998 27.405 -2.175002 FBF6F1 0.95
-2.834998 27.405 -2.175001 FEF9F4 0.95
-3.779998 27.405 -2.175001 FFFFFC 0.95
-4.724998 27.405 -2.175001 FFFCF6 0.95
-5.67 27.405 3.494999 EFE9E5 0.95
-6.615 27.405 3.494999 E4DEDB 0.95
-7.559999 27.405 3.494999 EBE6E2 0.95
-8.504999 27.405 3.494999 F2EDE9 0.95
-9.45 27.405 3.494999 FAF5F0 0.95
8.505001 28.35 3.495002 252D45 0.95
7.560001 28.35 3.495002 222A41 0.95
6.615002 28.35 3.495001 212940 0.95
5.670002 28.35 3.495001 20273E 0.95
4.725002 28.35 -1.230001 252E45 0.95
3.780002 28.35 -1.230001 252D44 0.95
2.835002 28.35 -1.230002 252D45 0.95
1.890002 28.35 -1.23 242C44 0.95
0.945002 28.35 -1.230001 242C43 0.95
1.907349E-06 28.35 -1.230001 273047 0.95
-0.9449981 28.35 -1.230001 283048 0.95
-1.889998 28.35 -1.230002 232A42 0.95
-2.834998 28.35 -1.230001 262F46 0.95
-3.779998 28.35 -1.230001 242B43 0.95
-4.724998 28.35 -1.230001 242C44 0.95
-5.67 28.35 3.494999 21283F 0.95
-6.615 28.35 3.494999 222A41 0.95
-7.559999 28.35 3.494999 242C43 0.95
-8.504999 28.35 3.494999 242C44 0.95
-9.45 28.35 3.494999 232A41 0.95
8.505001 29.295 3.495002 202238 0.95
7.560001 29.295 3.495002 202339 0.95
6.615002 29.295 3.495001 202339 0.95
5.670002 29.295 3.495001 201E34 0.95
4.725002 29.295 -1.230001 202339 0.95
3.780002 29.295 -1.230001 20233A 0.95
2.835002 29.295 -1.230002 20263D 0.95
1.890002 29.295 -1.23 20263C 0.95
0.945002 29.295 -1.230001 202036 0.95
1.907349E-06 29.295 -1.230001 202238 0.95
-0.9449981 29.295 -1.230001 20243A 0.95
-1.889998 29.295 -1.230002 20253C 0.95
-2.834998 29.295 -1.230001 21283F 0.95
-3.779998 29.295 -1.230001 20243B 0.95
-4.724998 29.295 -1.230001 20233A 0.95
-5.67 29.295 3.494999 20243B 0.95
-6.615 29.295 3.494999 202137 0.95
-7.559999 29.295 3.494999 202339 0.95
-8.504999 29.295 3.494999 202339 0.95
-9.45 29.295 3.494999 202238 0.95
9.450002 30.24 3.495001 FBF6F1 0.95
8.505001 30.24 3.495002 F6F1ED 0.95
7.560001 30.24 3.495002 F8F3EE 0.95
6.615002 30.24 3.495001 E6E0DD 0.95
5.670002 30.24 3.495001 E6E1DD 0.95
4.725002 30.24 -2.175001 FFFDF7 0.95
3.780002 30.24 -2.175001 FFFFFB 0.95
2.835002 30.24 -2.175002 FFFFFD 0.95
1.890002 30.24 -2.175 FFFFFC 0.95
0.945002 30.24 -2.175001 FFFFFC 0.95
1.907349E-06 30.24 -2.175001 FFFFF9 0.95
-0.9449981 30.24 -2.175001 FFFFF9 0.95
-1.889998 30.24 -2.175002 FFFDF7 0.95
-2.834998 30.24 -2.175001 FFFDF8 0.95
-3.779998 30.24 -2.175001 FFFFFB 0.95
-4.724998 30.24 -2.175001 FFFCF6 0.95
-5.67 30.24 3.494999 EBE5E1 0.95
-6.615 30.24 3.494999 EAE5E1 0.95
-7.559999 30.24 3.494999 F0EBE7 0.95
-8.504999 30.24 3.494999 F4EEE9 0.95
-9.45 30.24 3.494999 F6F1EC 0.95
8.505001 31.185 3.495002 20273D 0.95
7.560001 31.185 3.495002 232A42 0.95
6.615002 31.185 3.495001 20273D 0.95
5.670002 31.185 3.495001 20233A 0.95
4.725002 31.185 -1.230001 232B42 0.95
3.780002 31.185 -1.230001 222941 0.95
2.835002 31.185 -1.230002 222A41 0.95
1.890002 31.185 -1.23 242C44 0.95
0.945002 31.185 -1.230001 222A41 0.95
1.907349E-06 31.185 -1.230001 232A42 0.95
-0.9449981 31.185 -1.230001 20263D 0.95
-1.889998 31.185 -1.230002 21283F 0.95
-2.834998 31.185 -1.230001 21283F 0.95
-3.779998 31.185 -1.230001 222941 0.95
-4.724998 31.185 -1.230001 222940 0.95
-5.67 31.185 3.494999 20253C 0.95
-6.615 31.185 3.494999 20263D 0.95
-7.559999 31.185 3.494999 212940 0.95
-8.504999 31.185 3.494999 20283F 0.95
-9.45 31.185 3.494999 212940 0.95
9.450002 32.13 3.495001 FDF8F3 0.95
8.505001 32.13 3.495002 F1ECE7 0.95
7.560001 32.13 3.495002 EBE6E2 0.95
6.615002 32.13 3.495001 EBE6E2 0.95
5.670002 32.13 3.495001 E1DBD8 0.95
4.725002 32.13 -2.175001 FFFFFB 0.95
3.780002 32.13 -2.175001 FFFFF9 0.95
2.835002 32.13 -2.175002 FFFDF7 0.95
1.890002 32.13 -2.175 F6F2ED 0.95
0.945002 32.13 -2.175001 FBF6F1 0.95
1.907349E-06 32.13 -2.175001 FBF6F1 0.95
-0.9449981 32.13 -2.175001 FFFFFA 0.95
-1.889998 32.13 -2.175002 FFFEF8 0.95
-2.834998 32.13 -2.175001 FFFEF8 0.95
-3.779998 32.13 -2.175001 FFFFFA 0.95
-4.724998 32.13 -2.175001 FFFEF8 0.95
-5.67 32.13 3.494999 F6F1EC 0.95
-6.615 32.13 3.494999 EFEAE6 0.95
-7.559999 32.13 3.494999 F3EEEA 0.95
-8.504999 32.13 3.494999 F6F1ED 0.95
-9.45 32.13 3.494999 FAF5F0 0.95
8.505001 33.075 3.495002 222940 0.95
7.560001 33.075 3.495002 212940 0.95
6.615002 33.075 3.495001 222940 0.95
5.670002 33.075 3.495001 20263D 0.95
4.725002 33.075 -1.230001 232B42 0.95
3.780002 33.075 -1.230001 242C43 0.95
2.835002 33.075 -1.230002 242C44 0.95
1.890002 33.075 -1.23 242C43 0.95
0.945002 33.075 -1.230001 242D44 0.95
1.907349E-06 33.075 -1.230001 262E46 0.95
-0.9449981 33.075 -1.230001 262E46 0.95
-1.889998 33.075 -1.230002 232B42 0.95
-2.834998 33.075 -1.230001 262E46 0.95
-3.779998 33.075 -1.230001 242B43 0.95
-4.724998 33.075 -1.230001 242D44 0.95
-5.67 33.075 3.494999 20263D 0.95
-6.615 33.075 3.494999 212840 0.95
-7.559999 33.075 3.494999 20263D 0.95
-8.504999 33.075 3.494999 232A42 0.95
-9.45 33.075 3.494999 242B43 0.95
9.450002 34.02 3.495001 F7F3EE 0.95
8.505001 34.02 3.495002 EDE8E4 0.95
7.560001 34.02 3.495002 EFEAE6 0.95
6.615002 34.02 3.495001 EDE8E4 0.95
5.670002 34.02 3.495001 EFEAE6 0.95
4.725002 34.02 -2.175001 FFFFFA 0.95
3.780002 34.02 -2.175001 FFFFFB 0.95
2.835002 34.02 -2.175002 FFFFFC 0.95
1.890002 34.02 -2.175 FFFFFC 0.95
0.945002 34.02 -2.175001 FFFEF8 0.95
1.907349E-06 34.02 -2.175001 FFFEF9 0.95
-0.9449981 34.02 -2.175001 FFFFFB 0.95
-1.889998 34.02 -2.175002 FDF9F3 0.95
-2.834998 34.02 -2.175001 FFFFFB 0.95
-3.779998 34.02 -2.175001 FFFBF6 0.95
-4.724998 34.02 -2.175001 FFFFFD 0.95
-5.67 34.02 3.494999 EFEAE6 0.95
-6.615 34.02 3.494999 EEE9E5 0.95
-7.559999 34.02 3.494999 EBE6E2 0.95
-8.504999 34.02 3.494999 F7F2ED 0.95
-9.45 34.02 3.494999 F9F4EF 0.95
8.505001 34.965 3.495002 242C43 0.95
7.560001 34.965 3.495002 242B43 0.95
6.615002 34.965 3.495001 222940 0.95
5.670002 34.965 3.495001 20283F 0.95
4.725002 34.965 -1.230001 242C43 0.95
3.780002 34.965 -1.230001 242C43 0.95
2.835002 34.965 -1.230002 262E46 0.95
1.890002 34.965 -1.23 252D45 0.95
0.945002 34.965 -1.230001 252D45 0.95
1.907349E-06 34.965 -1.230001 273048 0.95
-0.9449981 34.965 -1.230001 252D45 0.95
-1.889998 34.965 -1.230002 262E46 0.95
-2.834998 34.965 -1.230001 252D44 0.95
-3.779998 34.965 -1.230001 262E46 0.95
-4.724998 34.965 -1.230001 252D44 0.95
-5.67 34.965 3.494999 21283F 0.95
-6.615 34.965 3.494999 20283F 0.95
-7.559999 34.965 3.494999 212940 0.95
-8.504999 34.965 3.494999 21283F 0.95
-9.45 34.965 3.494999 2C3148 0.95
8.505001 35.91 3.495002 20263D 0.95
7.560001 35.91 3.495002 20263C 0.95
6.615002 35.91 3.495001 20253B 0.95
5.670002 35.91 3.495001 202238 0.95
4.725002 35.91 -1.230001 20273E 0.95
3.780002 35.91 -1.230001 20283F 0.95
2.835002 35.91 -1.230002 20243B 0.95
1.890002 35.91 -1.23 20263D 0.95
0.945002 35.91 -1.230001 21283F 0.95
1.907349E-06 35.91 -1.230001 20263C 0.95
-0.9449981 35.91 -1.230001 20253B 0.95
-1.889998 35.91 -1.230002 20253C 0.95
-2.834998 35.91 -1.230001 20273E 0.95
-3.779998 35.91 -1.230001 20263C 0.95
-4.724998 35.91 -1.230001 20253C 0.95
-5.67 35.91 3.494999 20253B 0.95
-6.615 35.91 3.494999 20273D 0.95
-7.559999 35.91 3.494999 20243A 0.95
-8.504999 35.91 3.494999 20243B 0.95
-9.45 35.91 3.494999 20263C 0.95
9.450002 36.855 3.495001 F9F4F0 0.95
8.505001 36.855 3.495002 F9F5F0 0.95
7.560001 36.855 3.495002 EFEAE6 0.95
6.615002 36.855 3.495001 E9E3E0 0.95
5.670002 36.855 3.495001 EDE8E4 0.95
4.725002 36.855 -2.175001 FEFAF4 0.95
3.780002 36.855 -2.175001 FEF9F4 0.95
2.835002 36.855 -2.175002 FFFFFC 0.95
1.890002 36.855 -2.175 FFFFFB 0.95
0.945002 36.855 -2.175001 FCF8F2 0.95
1.907349E-06 36.855 -2.175001 FFFDF7 0.95
-0.9449981 36.855 -2.175001 FDF9F3 0.95
-1.889998 36.855 -2.175002 FFFFFE 0.95
-2.834998 36.855 -2.175001 FEFAF4 0.95
-3.779998 36.855 -2.175001 FFFFFB 0.95
-4.724998 36.855 -2.175001 FFFFF9 0.95
-5.67 36.855 3.494999 F9F4EF 0.95
-6.615 36.855 3.494999 EEE9E5 0.95
-7.559999 36.855 3.494999 F2EDE9 0.95
-8.504999 36.855 3.494999 F5F0EB 0.95
-9.45 36.855 3.494999 FAF3EE 0.95
8.505001 37.8 3.495002 212840 0.95
7.560001 37.8 3.495002 212940 0.95
6.615002 37.8 3.495001 212940 0.95
5.670002 37.8 3.495001 20253C 0.95
4.725002 37.8 -1.230001 232B43 0.95
3.780002 37.8 -1.230001 262F47 0.95
2.835002 37.8 -1.230002 222A41 0.95
1.890002 37.8 -1.23 242C44 0.95
0.945002 37.8 -1.230001 242C43 0.95
1.907349E-06 37.8 -1.230001 21283F 0.95
-0.9449981 37.8 -1.230001 222A41 0.95
-1.889998 37.8 -1.230002 252D45 0.95
-2.834998 37.8 -1.230001 252D44 0.95
-3.779998 37.8 -1.230001 232B42 0.95
-4.724998 37.8 -1.230001 242B43 0.95
-5.67 37.8 3.494999 20263D 0.95
-6.615 37.8 3.494999 222941 0.95
-7.559999 37.8 3.494999 222A41 0.95
-8.504999 37.8 3.494999 222941 0.95
-9.45 37.8 3.494999 222A41 0.95
9.450002 38.745 3.495001 F8F3EE 0.95
8.505001 38.745 3.495002 F7F2EE 0.95
7.560001 38.745 3.495002 F1EDE9 0.95
6.615002 38.745 3.495001 E6E0DD 0.95
5.670002 38.745 3.495001 FCF7F2 0.95
4.725002 38.745 -2.175001 FFFBF5 0.95
3.780002 38.745 -2.175001 FFFFFC 0.95
2.835002 38.745 -2.175002 FFFCF7 0.95
1.890002 38.745 -2.175 FFFFFC 0.95
0.945002 38.745 -2.175001 FFFAF5 0.95
1.907349E-06 38.745 -2.175001 FFFDF7 0.95
-0.9449981 38.745 -2.175001 FCF7F2 0.95
-1.889998 38.745 -2.175002 FFFCF6 0.95
-2.834998 38.745 -2.175001 FFFFFC 0.95
-3.779998 38.745 -2.175001 FFFFFB 0.95
-4.724998 38.745 -2.175001 FFFFFF 0.95
-5.67 38.745 3.494999 EFEAE5 0.95
-6.615 38.745 3.494999 E5DFDC 0.95
-7.559999 38.745 3.494999 EEE9E5 0.95
-8.504999 38.745 3.494999 F4EFEA 0.95
-9.45 38.745 3.494999 FAF6F0 0.95
8.505001 39.69 3.495002 232B43 0.95
7.560001 39.69 3.495002 222A41 0.95
6.615002 39.69 3.495001 20273E 0.95
5.670002 39.69 3.495001 21283F 0.95
4.725002 39.69 -1.230001 262F47 0.95
3.780002 39.69 -1.230001 252D44 0.95
2.835002 39.69 -1.230002 252D45 0.95
1.890002 39.69 -1.23 252D45 0.95
0.945002 39.69 -1.230001 262E46 0.95
1.907349E-06 39.69 -1.230001 252D45 0.95
-0.9449981 39.69 -1.230001 252D44 0.95
-1.889998 39.69 -1.230002 262F47 0.95
-2.834998 39.69 -1.230001 262E46 0.95
-3.779998 39.69 -1.230001 252D45 0.95
-4.724998 39.69 -1.230001 262E46 0.95
-5.67 39.69 3.494999 20233A 0.95
-6.615 39.69 3.494999 232B42 0.95
-7.559999 39.69 3.494999 242C44 0.95
-8.504999 39.69 3.494999 232B42 0.95
-9.45 39.69 3.494999 252D44 0.95
8.505001 40.635 3.495002 20243A 0.95
7.560001 40.635 3.495002 202239 0.95
6.615002 40.635 3.495001 202137 0.95
5.670002 40.635 3.495001 202137 0.95
4.725002 40.635 -1.230001 20233A 0.95
3.780002 40.635 -1.230001 20253B 0.95
2.835002 40.635 -1.230002 20243A 0.95
1.890002 40.635 -1.23 202238 0.95
0.945002 40.635 -1.230001 20273E 0.95
1.907349E-06 40.635 -1.230001 20253B 0.95
-0.9449981 40.635 -1.230001 20253B 0.95
-1.889998 40.635 -1.230002 202339 0.95
-2.834998 40.635 -1.230001 20243A 0.95
-3.779998 40.635 -1.230001 20233A 0.95
-4.724998 40.635 -1.230001 202138 0.95
-5.67 40.635 3.494999 202036 0.95
-6.615 40.635 3.494999 201F35 0.95
-7.559999 40.635 3.494999 202137 0.95
-8.504999 40.635 3.494999 202238 0.95
-9.45 40.635 3.494999 272A40 0.95
9.450002 41.58 3.495001 FCF7F2 0.95
8.505001 41.58 3.495002 FBF6F1 0.95
7.560001 41.58 3.495002 F4EFEA 0.95
6.615002 41.58 3.495001 ECE7E3 0.95
5.670002 41.58 3.495001 EBE6E2 0.95
4.725002 41.58 -2.175001 FFFDF7 0.95
3.780002 41.58 -2.175001 FFFFFB 0.95
2.835002 41.58 -2.175002 FEFAF4 0.95
1.890002 41.58 -2.175 FFFDF8 0.95
0.945002 41.58 -2.175001 FFFFFB 0.95
1.907349E-06 41.58 -2.175001 FFFFF9 0.95
-0.9449981 41.58 -2.175001 FFFFFE 0.95
-1.889998 41.58 -2.175002 FFFFFA 0.95
-2.834998 41.58 -2.175001 FFFFFB 0.95
-3.779998 41.58 -2.175001 FEF9F4 0.95
-4.724998 41.58 -2.175001 FFFFFF 0.95
-5.67 41.58 3.494999 E7E2DE 0.95
-6.615 41.58 3.494999 E9E4E0 0.95
-7.559999 41.58 3.494999 ECE7E3 0.95
-8.504999 41.58 3.494999 F9F4EF 0.95
-9.45 41.58 3.494999 FFFBF5 0.95
8.505001 42.525 3.495002 232B42 0.95
7.560001 42.525 3.495002 222A41 0.95
6.615002 42.525 3.495001 212940 0.95
5.670002 42.525 3.495001 20253C 0.95
4.725002 42.525 -1.230001 222941 0.95
3.780002 42.525 -1.230001 222A41 0.95
2.835002 42.525 -1.230002 20253C 0.95
1.890002 42.525 -1.23 232A42 0.95
0.945002 42.525 -1.230001 21283F 0.95
1.907349E-06 42.525 -1.230001 222A41 0.95
-0.9449981 42.525 -1.230001 252D45 0.95
-1.889998 42.525 -1.230002 242C43 0.95
-2.834998 42.525 -1.230001 222A41 0.95
-3.779998 42.525 -1.230001 242C44 0.95
-4.724998 42.525 -1.230001 232B42 0.95
-5.67 42.525 3.494999 20253C 0.95
-6.615 42.525 3.494999 20273E 0.95
-7.559999 42.525 3.494999 222940 0.95
-8.504999 42.525 3.494999 212940 0.95
-9.45 42.525 3.494999 232B42 0.95
9.450002 43.47 3.495001 FEFAF4 0.95
8.505001 43.47 3.495002 FAF6F1 0.95
7.560001 43.47 3.495002 FFFDF7 0.95
6.615002 43.47 3.495001 F9F4EF 0.95
5.670002 43.47 3.495001 F0EAE6 0.95
4.725002 43.47 -2.175001 FDF8F3 0.95
3.780002 43.47 -2.175001 FFFDF7 0.95
2.835002 43.47 -2.175002 FDF8F3 0.95
1.890002 43.47 -2.175 FFFCF6 0.95
0.945002 43.47 -2.175001 FDF8F3 0.95
1.907349E-06 43.47 -2.175001 FFFFF9 0.95
-0.9449981 43.47 -2.175001 FFFFF9 0.95
-1.889998 43.47 -2.175002 FFFFFA 0.95
-2.834998 43.47 -2.175001 FFFFFB 0.95
-3.779998 43.47 -2.175001 FFFAF5 0.95
-4.724998 43.47 -2.175001 FFFFFB 0.95
-5.67 43.47 3.494999 F6F1ED 0.95
-6.615 43.47 3.494999 F1ECE8 0.95
-7.559999 43.47 3.494999 EDE8E4 0.95
-8.504999 43.47 3.494999 F6F2ED 0.95
-9.45 43.47 3.494999 FCF7F2 0.95
8.505001 44.415 3.495002 232B43 0.95
7.560001 44.415 3.495002 222A41 0.95
6.615002 44.415 3.495001 212940 0.95
5.670002 44.415 3.495001 232B42 0.95
4.725002 44.415 -1.230001 272F47 0.95
3.780002 44.415 -1.230001 242C43 0.95
2.835002 44.415 -1.230002 262F47 0.95
1.890002 44.415 -1.23 232A42 0.95
0.945002 44.415 -1.230001 252D44 0.95
1.907349E-06 44.415 -1.230001 232B42 0.95
-0.9449981 44.415 -1.230001 242B43 0.95
-1.889998 44.415 -1.230002 232B42 0.95
-2.834998 44.415 -1.230001 252D44 0.95
-3.779998 44.415 -1.230001 252D45 0.95
-4.724998 44.415 -1.230001 262E46 0.95
-5.67 44.415 3.494999 212840 0.95
-6.615 44.415 3.494999 222941 0.95
-7.559999 44.415 3.494999 242C44 0.95
-8.504999 44.415 3.494999 252D45 0.95
-9.45 44.415 3.494999 262E46 0.95
9.450002 45.36 3.495001 FAF5F0 0.95
8.505001 45.36 3.495002 FFFAF5 0.95
7.560001 45.36 3.495002 FEF9F4 0.95
6.615002 45.36 3.495001 FDF9F4 0.95
5.670002 45.36 3.495001 F1ECE8 0.95
4.725002 45.36 -2.175001 FFFFFA 0.95
3.780002 45.36 -2.175001 FFFFFA 0.95
2.835002 45.36 -2.175002 FFFCF7 0.95
1.890002 45.36 -2.175 FFFFFA 0.95
0.945002 45.36 -2.175001 FFFAF5 0.95
1.907349E-06 45.36 -2.175001 FFFFFD 0.95
-0.9449981 45.36 -2.175001 FFFFFC 0.95
-1.889998 45.36 -2.175002 FFFCF7 0.95
-2.834998 45.36 -2.175001 FFFBF5 0.95
-3.779998 45.36 -2.175001 FFFFFD 0.95
-4.724998 45.36 -2.175001 FFFCF6 0.95
-5.67 45.36 3.494999 ECE6E2 0.95
-6.615 45.36 3.494999 FBF7F2 0.95
-7.559999 45.36 3.494999 FFFFFA 0.95
-8.504999 45.36 3.494999 FFFFFA 0.95
-9.45 45.36 3.494999 FFFBF6 0.95
6.615001 46.305 6.330002 242C43 0.95
5.670001 46.305 6.33 212940 0.95
4.725001 46.305 6.33 21283F 0.95
3.780001 46.305 6.329998 212940 0.95
2.835001 46.305 0.6599989 272F47 0.95
1.890001 46.305 0.6599989 242C44 0.95
0.945001 46.305 0.6599989 252D45 0.95
9.536743E-07 46.305 0.6599989 283048 0.95
-0.9449991 46.305 0.6599989 232B42 0.95
-1.889999 46.305 0.6599989 262E46 0.95
-2.834999 46.305 0.6599989 273048 0.95
-3.78 46.305 6.329998 21283F 0.95
-4.725 46.305 6.329998 232B43 0.95
-5.67 46.305 6.329998 252D45 0.95
-6.615 46.305 6.329998 222A41 0.95
6.615001 47.25 6.330002 222940 0.95
5.670001 47.25 6.33 232B42 0.95
4.725001 47.25 6.33 20283F 0.95
3.780001 47.25 6.329998 202339 0.95
2.835001 47.25 0.6599989 222A41 0.95
1.890001 47.25 0.6599989 232A42 0.95
0.945001 47.25 0.6599989 20283F 0.95
9.536743E-07 47.25 0.6599989 20263D 0.95
-0.9449991 47.25 0.6599989 20273E 0.95
-1.889999 47.25 0.6599989 20273E 0.95
-2.834999 47.25 0.6599989 222A41 0.95
-3.78 47.25 6.329998 20263D 0.95
-4.725 47.25 6.329998 212840 0.95
-5.67 47.25 6.329998 20253C 0.95
-6.615 47.25 6.329998 21283F 0.95
6.615002 48.195 5.385 FFFBF5 0.95
5.670002 48.195 5.385 FAF6F1 0.95
4.725001 48.195 5.385 F7F2ED 0.95
3.780001 48.195 5.385 F5F0EB 0.95
2.835001 48.195 0.6599989 FFFFFF 0.95
1.890001 48.195 0.6599989 FFFFFF 0.95
0.945001 48.195 0.6599989 FFFFFF 0.95
9.536743E-07 48.195 0.6599989 FFFFFB 0.95
-0.9449991 48.195 0.6599989 FFFFFB 0.95
-1.889999 48.195 0.6599989 FFFFFF 0.95
-2.834999 48.195 0.6599989 FFFFFB 0.95
-3.779999 48.195 5.384998 FBF6F1 0.95
-4.724999 48.195 5.384998 F1ECE8 0.95
-5.67 48.195 5.384998 FDF8F3 0.95
-6.615 48.195 5.384998 FEF9F4 0.95
-7.559999 48.195 5.384998 FFFBF6 0.95
6.615001 49.14 6.330002 232A42 0.95
5.670001 49.14 6.33 222A41 0.95
4.725001 49.14 6.33 222A41 0.95
3.780001 49.14 6.329998 20273E 0.95
2.835001 49.14 0.6599989 262E46 0.95
1.890001 49.14 0.6599989 242C43 0.95
0.945001 49.14 0.6599989 232A42 0.95
9.536743E-07 49.14 0.6599989 232B42 0.95
-0.9449991 49.14 0.6599989 21283F 0.95
-1.889999 49.14 0.6599989 232B43 0.95
-2.834999 49.14 0.6599989 242B43 0.95
-3.78 49.14 6.329998 20253B 0.95
-4.725 49.14 6.329998 222A41 0.95
-5.67 49.14 6.329998 232B42 0.95
-6.615 49.14 6.329998 242C43 0.95
6.615002 50.085 5.385 FFFFFD 0.95
5.670002 50.085 5.385 FFFCF6 0.95
4.725001 50.085 5.385 FEFAF5 0.95
3.780001 50.085 5.385 F3EFEA 0.95
2.835001 50.085 0.6599989 FFFFFC 0.95
1.890001 50.085 0.6599989 FFFFFC 0.95
0.945001 50.085 0.6599989 FFFDF7 0.95
9.536743E-07 50.085 0.6599989 FFFBF5 0.95
-0.9449991 50.085 0.6599989 FFFFFB 0.95
-1.889999 50.085 0.6599989 FFFFFB 0.95
-2.834999 50.085 0.6599989 FFFFFC 0.95
-3.779999 50.085 5.384998 F4F0EB 0.95
-4.724999 50.085 5.384998 FCF7F2 0.95
-5.67 50.085 5.384998 F8F4EF 0.95
-6.615 50.085 5.384998 FFFFFA 0.95
-7.559999 50.085 5.384998 FFFCF6 0.95
6.615002 51.03 5.385 FFFFFF 0.95
5.670002 51.03 5.385 FFFDF7 0.95
4.725001 51.03 5.385 F5F0EB 0.95
3.780001 51.03 5.385 EBE5E2 0.95
2.835001 51.03 0.6599989 FFFFFF 0.95
1.890001 51.03 0.6599989 FFFDF7 0.95
0.945001 51.03 0.6599989 FFFFFA 0.95
9.536743E-07 51.03 0.6599989 FFFDF7 0.95
-0.9449991 51.03 0.6599989 F7F2ED 0.95
-1.889999 51.03 0.6599989 FFFFFC 0.95
-2.834999 51.03 0.6599989 FFFFFB 0.95
-3.779999 51.03 5.384998 F7F2ED 0.95
-4.724999 51.03 5.384998 FFFCF7 0.95
-5.67 51.03 5.384998 FFFFFE 0.95
-6.615 51.03 5.384998 FFFFFB 0.95
-7.559999 51.03 5.384998 FFFFFB 0.95
6.615002 51.975 5.385 FFFFFF 0.95
5.670002 51.975 5.385 FFFFFF 0.95
4.725001 51.975 5.385 FFFFFD 0.95
3.780001 51.975 5.385 FEF9F4 0.95
2.835001 51.975 0.6599989 FFFDF7 0.95
1.890001 51.975 0.6599989 FFFFFF 0.95
0.945001 51.975 0.6599989 FFFFFD 0.95
9.536743E-07 51.975 0.6599989 FFFFFE 0.95
-0.9449991 51.975 0.6599989 FFFFFF 0.95
-1.889999 51.975 0.6599989 FFFEF8 0.95
-2.834999 51.975 0.6599989 FFFFFF 0.95
-3.779999 51.975 5.384998 F7F2EE 0.95
-4.724999 51.975 5.384998 FFFFFB 0.95
-5.67 51.975 5.384998 FFFEF8 0.95
-6.615 51.975 5.384998 FFFEF8 0.95
-7.559999 51.975 5.384998 FFFDF8 0.95
6.615001 52.92 6.330002 777294 0.95
-0.9449991 52.92 3.495 FBF6F1 0.95
-1.889999 52.92 3.495 E5DEDB 0.95
5.670001 53.865 6.33 FFFFFF 0.95
-0.9449991 53.865 3.495 F8F3EF 0.95
5.670001 54.81 6.33 F9F4EF 0.95
9.450003 0 -2.174999 FFFDF7 0.95
8.505002 0 -2.175 F9F4EF 0.95
7.560002 0 -2.175 FDF8F3 0.95
6.615003 0 -2.175 EDE8E4 0.95
5.670002 0 -2.175001 F7F2ED 0.95
4.725002 0 -2.175001 EDE8E4 0.95
3.780002 0 -2.175001 F9F4EF 0.95
2.835002 0 -2.175002 EBE6E2 0.95
1.890002 0 -2.175 EBE5E1 0.95
0.945002 0 -2.175001 F5F0EC 0.95
1.907349E-06 0 -2.175001 ECE7E3 0.95
-0.9449981 0 -2.175001 F0EBE7 0.95
-1.889998 0 -2.175002 E4DFDB 0.95
-2.834998 0 -2.175001 F4EFEB 0.95
-3.779998 0 -2.175001 EDE8E4 0.95
-4.724998 0 -2.175001 FCF8F2 0.95
-5.669999 0 -2.175001 F9F4EF 0.95
-6.614999 0 -2.175002 F3EBE7 0.95
-7.559999 0 -2.175002 FEF9F4 0.95
-8.504998 0 -2.175002 F6F2ED 0.95
-9.449999 0 -2.175002 FEF9F4 0.95
4.725002 0 -1.230001 20162F 0.95
3.780002 0 -1.230001 20162F 0.95
2.835002 0 -1.230002 20162F 0.95
1.890002 0 -1.23 20162F 0.95
0.945002 0 -1.230001 20162F 0.95
1.907349E-06 0 -1.230001 20162F 0.95
-0.9449981 0 -1.230001 20162F 0.95
-1.889998 0 -1.230002 20162F 0.95
-2.834998 0 -1.230001 20162F 0.95
-3.779998 0 -1.230001 20162F 0.95
-4.724998 0 -1.230001 20162F 0.95
9.450003 0 -1.23 F8F3EE 0.95
8.505002 0 -1.23 F0EBE7 0.95
7.560002 0 -1.23 E8E2DF 0.95
6.615003 0 -1.23 EBE6E2 0.95
5.670002 0 -1.230001 CEC7C5 0.95
-5.669999 0 -1.230001 E6E1DD 0.95
-6.614999 0 -1.230002 F8F3EE 0.95
-7.559999 0 -1.230002 FBF6F1 0.95
-8.504998 0 -1.230002 F5F0EB 0.95
-9.449999 0 -1.230002 F9F4F0 0.95
5.670002 2.835 -1.230001 FFFEF8 0.95
4.725002 4.725 -1.230001 807680 0.95
3.780002 4.725 -1.230001 79707B 0.95
2.835002 4.725 -1.230002 736A75 0.95
1.890002 4.725 -1.23 807680 0.95
0.945002 4.725 -1.230001 716874 0.95
1.907349E-06 4.725 -1.230001 685F6C 0.95
-0.9449981 4.725 -1.230001 685F6C 0.95
-1.889998 4.725 -1.230002 7C727C 0.95
-2.834998 4.725 -1.230001 7A707B 0.95
-3.779998 4.725 -1.230001 7B727C 0.95
-4.724998 4.725 -1.230001 887E86 0.95
-5.669999 2.835 -1.230001 F6F0EB 0.95
4.725002 2.835 -1.230001 D0CAC9 0.95
3.780002 2.835 -1.230001 C9C3C2 0.95
2.835002 2.835 -1.230002 D7D1CF 0.95
1.890002 2.835 -1.23 CCC6C5 0.95
0.945002 2.835 -1.230001 CDC7C6 0.95
1.907349E-06 2.835 -1.230001 CAC4C3 0.95
-0.9449981 2.835 -1.230001 C1BBBC 0.95
-1.889998 2.835 -1.230002 CAC4C3 0.95
-2.834998 2.835 -1.230001 C6BFBF 0.95
-3.779998 2.835 -1.230001 C1BABA 0.95
-4.724998 2.835 -1.230001 D3CDCC 0.95
5.670002 4.725 -1.230001 FFFFFE 0.95
-5.669999 4.725 -1.230001 FEF7F1 0.95
5.670002 7.559999 -1.230001 FFFEF8 0.95
-5.669999 7.559999 -1.230001 F5ECE8 0.95
4.725002 7.559999 -1.230001 D6D0CE 0.95
3.780002 7.559999 -1.230001 C7C1C0 0.95
2.835002 7.559999 -1.230002 CFC9C8 0.95
1.890002 7.559999 -1.23 C7C1C1 0.95
0.945002 7.559999 -1.230001 D2CCCA 0.95
1.907349E-06 7.559999 -1.230001 C7C0BF 0.95
-0.9449981 7.559999 -1.230001 C5BFBF 0.95
-1.889998 7.559999 -1.230002 CBC5C4 0.95
-2.834998 7.559999 -1.230001 C9C3C3 0.95
-3.779998 7.559999 -1.230001 CAC4C3 0.95
-4.724998 7.559999 -1.230001 D5CFCD 0.95
5.670002 9.45 -1.230001 FFFFFE 0.95
4.725002 11.34 -1.230001 7F767F 0.95
3.780002 11.34 -1.230001 776E79 0.95
2.835002 11.34 -1.230002 716875 0.95
1.890002 11.34 -1.23 6C6471 0.95
0.945002 11.34 -1.230001 716875 0.95
1.907349E-06 11.34 -1.230001 6A626F 0.95
-0.9449981 11.34 -1.230001 716975 0.95
-1.889998 11.34 -1.230002 6E6571 0.95
-2.834998 11.34 -1.230001 716874 0.95
-3.779998 11.34 -1.230001 807781 0.95
-4.724998 11.34 -1.230001 766D78 0.95
-5.669999 9.45 -1.230001 F8F2ED 0.95
5.670002 11.34 -1.230001 FCF7F2 0.95
-5.669999 11.34 -1.230001 F8F2EE 0.95
5.670002 14.175 -1.230001 ECE7E3 0.95
4.725002 16.065 -1.230001 776E79 0.95
3.780002 16.065 -1.230001 817780 0.95
2.835002 16.065 -1.230002 7B717C 0.95
1.890002 16.065 -1.23 6E6471 0.95
0.945002 16.065 -1.230001 746A76 0.95
1.907349E-06 16.065 -1.230001 736975 0.95
-0.9449981 16.065 -1.230001 736975 0.95
-1.889998 16.065 -1.230002 746A76 0.95
-2.834998 16.065 -1.230001 6F6673 0.95
-3.779998 16.065 -1.230001 6A616E 0.95
-4.724998 16.065 -1.230001 7C6E79 0.95
-5.669999 14.175 -1.230001 FFF7F2 0.95
4.725002 14.175 -1.230001 D1CBC9 0.95
3.780002 14.175 -1.230001 CAC3C3 0.95
2.835002 14.175 -1.230002 D8D2D0 0.95
1.890002 14.175 -1.23 CBC4C3 0.95
0.945002 14.175 -1.230001 CFC9C8 0.95
1.907349E-06 14.175 -1.230001 D1CBC9 0.95
-0.9449981 14.175 -1.230001 CEC8C7 0.95
-1.889998 14.175 -1.230002 D6D1D0 0.95
-2.834998 14.175 -1.230001 C2BCBC 0.95
-3.779998 14.175 -1.230001 C1BABA 0.95
-4.724998 14.175 -1.230001 D3CDCB 0.95
5.670002 16.065 -1.230001 FFFAF5 0.95
-5.669999 16.065 -1.230001 F7F0EB 0.95
5.670002 18.9 -1.230001 F6F1EC 0.95
-5.669999 18.9 -1.230001 FCF6F0 0.95
4.725002 18.9 -1.230001 C9C3C2 0.95
3.780002 18.9 -1.230001 C7C0C0 0.95
2.835002 18.9 -1.230002 C7C0BF 0.95
1.890002 18.9 -1.23 D2CCCA 0.95
0.945002 18.9 -1.230001 CBC4C3 0.95
1.907349E-06 18.9 -1.230001 CDC7C6 0.95
-0.9449981 18.9 -1.230001 C4BDBD 0.95
-1.889998 18.9 -1.230002 C8C1C1 0.95
-2.834998 18.9 -1.230001 C9C2C2 0.95
-3.779998 18.9 -1.230001 CBC5C4 0.95
-4.724998 18.9 -1.230001 CBC5C4 0.95
5.670002 20.79 -1.230001 FFFFFE 0.95
4.725002 22.68 -1.230001 766D78 0.95
3.780002 22.68 -1.230001 776E79 0.95
2.835002 22.68 -1.230002 736975 0.95
1.890002 22.68 -1.23 6D6471 0.95
0.945002 22.68 -1.230001 756C77 0.95
1.907349E-06 22.68 -1.230001 7C737D 0.95
-0.9449981 22.68 -1.230001 726975 0.95
-1.889998 22.68 -1.230002 746B76 0.95
-2.834998 22.68 -1.230001 7A717C 0.95
-3.779998 22.68 -1.230001 8A818A 0.95
-4.724998 22.68 -1.230001 786D78 0.95
-5.669999 20.79 -1.230001 FBF5EF 0.95
5.670002 22.68 -1.230001 FBF6F1 0.95
-5.669999 22.68 -1.230001 FCF4EF 0.95
5.670002 25.515 -1.230001 FAF5F0 0.95
4.725002 27.405 -1.230001 877D85 0.95
3.780002 27.405 -1.230001 6C6471 0.95
2.835002 27.405 -1.230002 746B76 0.95
1.890002 27.405 -1.23 7D737D 0.95
0.945002 27.405 -1.230001 817780 0.95
1.907349E-06 27.405 -1.230001 776E78 0.95
-0.9449981 27.405 -1.230001 685F6D 0.95
-1.889998 27.405 -1.230002 78707B 0.95
-2.834998 27.405 -1.230001 84757F 0.95
-3.779998 27.405 -1.230001 786E79 0.95
-4.724998 27.405 -1.230001 7A717B 0.95
-5.669999 25.515 -1.230001 F8F1EC 0.95
4.725002 25.515 -1.230001 CAC4C3 0.95
3.780002 25.515 -1.230001 C5BEBD 0.95
2.835002 25.515 -1.230002 D8D2D0 0.95
1.890002 25.515 -1.23 C9C3C2 0.95
0.945002 25.515 -1.230001 C9C3C2 0.95
1.907349E-06 25.515 -1.230001 CEC8C6 0.95
-0.9449981 25.515 -1.230001 C6C0C0 0.95
-1.889998 25.515 -1.230002 C8C2C1 0.95
-2.834998 25.515 -1.230001 C5BEBD 0.95
-3.779998 25.515 -1.230001 CDC8C7 0.95
-4.724998 25.515 -1.230001 D6D1CF 0.95
5.670002 27.405 -1.230001 FCF7F2 0.95
-5.669999 27.405 -1.230001 FDF7F2 0.95
5.670002 30.24 -1.230001 F9F4EF 0.95
-5.669999 30.24 -1.230001 F8F1EC 0.95
4.725002 30.24 -1.230001 E6E0DD 0.95
3.780002 30.24 -1.230001 E5E0DD 0.95
2.835002 30.24 -1.230002 E4DFDB 0.95
1.890002 30.24 -1.23 E1DCD9 0.95
0.945002 30.24 -1.230001 E1DBD8 0.95
1.907349E-06 30.24 -1.230001 D9D4D2 0.95
-0.9449981 30.24 -1.230001 DCD6D4 0.95
-1.889998 30.24 -1.230002 D8D2D0 0.95
-2.834998 30.24 -1.230001 E1DCD9 0.95
-3.779998 30.24 -1.230001 EDE8E4 0.95
-4.724998 30.24 -1.230001 DED9D6 0.95
5.670002 32.13 -1.230001 FBF6F1 0.95
4.725002 34.02 -1.230001 D0C9C7 0.95
3.780002 34.02 -1.230001 C0B8B8 0.95
2.835002 34.02 -1.230002 CDC6C5 0.95
1.890002 34.02 -1.23 CCC5C4 0.95
0.945002 34.02 -1.230001 D1CBC9 0.95
1.907349E-06 34.02 -1.230001 8A818A 0.95
-0.9449981 34.02 -1.230001 93898F 0.95
-1.889998 34.02 -1.230002 7E747E 0.95
-2.834998 34.02 -1.230001 847A83 0.95
-3.779998 34.02 -1.230001 8B8189 0.95
-4.724998 34.02 -1.230001 8F858D 0.95
-5.669999 32.13 -1.230001 FEF9F3 0.95
5.670002 34.02 -1.230001 FDF8F3 0.95
-5.669999 34.02 -1.230001 FAF4EF 0.95
5.670002 36.855 -1.230001 FFFDF7 0.95
4.725002 38.745 -1.230001 BBB3B4 0.95
3.780002 38.745 -1.230001 CBC3C2 0.95
2.835002 38.745 -1.230002 AEA5A7 0.95
1.890002 38.745 -1.23 B2AAAC 0.95
0.945002 38.745 -1.230001 C0B8B8 0.95
1.907349E-06 38.745 -1.230001 948990 0.95
-0.9449981 38.745 -1.230001 867D85 0.95
-1.889998 38.745 -1.230002 867C84 0.95
-2.834998 38.745 -1.230001 8D828A 0.95
-3.779998 38.745 -1.230001 91878E 0.95
-4.724998 38.745 -1.230001 877D85 0.95
-5.669999 36.855 -1.230001 FAF4EF 0.95
4.725002 36.855 -1.230001 D2CCCA 0.95
3.780002 36.855 -1.230001 C8C1C0 0.95
2.835002 36.855 -1.230002 BFB7B8 0.95
1.890002 36.855 -1.23 C5BEBE 0.95
0.945002 36.855 -1.230001 CBC5C4 0.95
1.907349E-06 36.855 -1.230001 D9D4D2 0.95
-0.9449981 36.855 -1.230001 D8D3D0 0.95
-1.889998 36.855 -1.230002 DCD7D4 0.95
-2.834998 36.855 -1.230001 E0DBD8 0.95
-3.779998 36.855 -1.230001 D5CFCD 0.95
-4.724998 36.855 -1.230001 E5E0DD 0.95
5.670002 38.745 -1.230001 FBF6F1 0.95
-5.669999 38.745 -1.230001 FFFBF6 0.95
5.670002 41.58 -1.230001 FFFAF5 0.95
-5.669999 41.58 -1.230001 FEF8F3 0.95
4.725002 41.58 -1.230001 D7D1CF 0.95
3.780002 41.58 -1.230001 CCC5C4 0.95
2.835002 41.58 -1.230002 C9C2C1 0.95
1.890002 41.58 -1.23 C5BEBE 0.95
0.945002 41.58 -1.230001 C1BABA 0.95
1.907349E-06 41.58 -1.230001 D2CCCB 0.95
-0.9449981 41.58 -1.230001 DDD7D4 0.95
-1.889998 41.58 -1.230002 D5CFCD 0.95
-2.834998 41.58 -1.230001 E2DCD9 0.95
-3.779998 41.58 -1.230001 E5E0DD 0.95
-4.724998 41.58 -1.230001 E3DDDA 0.95
5.670002 43.47 -1.230001 F8F3EE 0.95
4.725002 45.36 -1.230001 B7AFB0 0.95
3.780002 45.36 -1.230001 AEA4A7 0.95
2.835002 45.36 -1.230002 C7BFBF 0.95
1.890002 45.36 -1.23 B5ADAE 0.95
0.945002 45.36 -1.230001 C3BCBB 0.95
1.907349E-06 45.36 -1.230001 8B8189 0.95
-0.9449981 45.36 -1.230001 847B84 0.95
-1.889998 45.36 -1.230002 8A8088 0.95
-2.834998 45.36 -1.230001 897F88 0.95
-3.779998 45.36 -1.230001 8B828A 0.95
-4.724998 45.36 -1.230001 837982 0.95
-5.669999 43.47 -1.230001 FDF9F3 0.95
5.670002 45.36 -1.230001 FFFBF6 0.95
-5.669999 45.36 -1.230001 FFFEF8 0.95
4.725002 0 -0.2849998 20162F 0.95
3.780002 0 -0.2849998 20182F 0.95
2.835002 0 -0.2850008 20162F 0.95
1.890002 0 -0.2850008 20162F 0.95
0.945002 0 -0.2850008 20162F 0.95
1.907349E-06 0 -0.2850008 20162F 0.95
-0.9449981 0 -0.2850008 20162F 0.95
-1.889998 0 -0.2850008 20162F 0.95
-2.834998 0 -0.2850008 20162F 0.95
-3.779998 0 -0.2850018 20162F 0.95
-4.724998 0 -0.2850018 20162F 0.95
4.725002 0.9449999 -0.2849998 222A41 0.95
9.450003 0 -0.2849998 F4EFEA 0.95
8.505002 0 -0.2850008 EEE9E5 0.95
7.560002 0 -0.2850008 F2EDE8 0.95
6.615003 0 -0.2850008 E6E1DD 0.95
5.670002 0 -0.2850018 D5CFCC 0.95
-5.669999 0 -0.2850018 DFD9D6 0.95
-4.724998 0.9449999 -0.2850018 21273E 0.95
-6.614999 0 -0.2850018 DED8D5 0.95
-7.559999 0 -0.2850018 EAE5E1 0.95
-8.504998 0 -0.2850018 FEF9F4 0.95
-9.449999 0 -0.2850018 F9F5F0 0.95
4.725002 1.89 -0.2849998 20273E 0.95
-4.724998 1.89 -0.2850018 20253C 0.95
5.670002 2.835 -0.2850018 FFFFFC 0.95
-5.669999 2.835 -0.2850018 F3EDE9 0.95
4.725002 3.78 -0.2849998 222A41 0.95
-4.724998 3.78 -0.2850018 222A41 0.95
5.670002 4.725 -0.2850018 F9F4EF 0.95
-5.669999 4.725 -0.2850018 F5F0EB 0.95
4.725002 5.67 -0.2849998 252D45 0.95
-4.724998 5.67 -0.2850018 252D44 0.95
4.725002 6.615 -0.2849998 20243B 0.95
-4.724998 6.615 -0.2850018 20243A 0.95
5.670002 7.559999 -0.2850018 FCF7F2 0.95
-5.669999 7.559999 -0.2850018 F4EDE9 0.95
4.725002 8.504999 -0.2849998 222A41 0.95
-4.724998 8.504999 -0.2850018 232B42 0.95
5.670002 9.45 -0.2850018 F0EBE7 0.95
-5.669999 9.45 -0.2850018 F8F2EC 0.95
4.725002 10.395 -0.2849998 252D45 0.95
-4.724998 10.395 -0.2850018 222940 0.95
5.670002 11.34 -0.2850018 FBF6F1 0.95
-5.669999 11.34 -0.2850018 EFE9E5 0.95
4.725002 12.285 -0.2849998 242C43 0.95
-4.724998 12.285 -0.2850018 242C43 0.95
4.725002 13.23 -0.2849998 20263C 0.95
-4.724998 13.23 -0.2850018 202239 0.95
5.670002 14.175 -0.2850018 FEF9F4 0.95
-5.669999 14.175 -0.2850018 F7F0EB 0.95
4.725002 15.12 -0.2849998 232B42 0.95
-4.724998 15.12 -0.2850018 232A41 0.95
5.670002 16.065 -0.2850018 F7F2ED 0.95
-5.669999 16.065 -0.2850018 F9F4EF 0.95
4.725002 17.01 -0.2849998 242C44 0.95
-4.724998 17.01 -0.2850018 232B42 0.95
4.725002 17.955 -0.2849998 20243A 0.95
-4.724998 17.955 -0.2850018 20253B 0.95
5.670002 18.9 -0.2850018 F8F3EE 0.95
-5.669999 18.9 -0.2850018 FFFBF5 0.95
4.725002 19.845 -0.2849998 222941 0.95
-4.724998 19.845 -0.2850018 212940 0.95
5.670002 20.79 -0.2850018 F5F1EC 0.95
-5.669999 20.79 -0.2850018 F8EFEB 0.95
4.725002 21.735 -0.2849998 222940 0.95
-4.724998 21.735 -0.2850018 242C44 0.95
5.670002 22.68 -0.2850018 FCF7F2 0.95
-5.669999 22.68 -0.2850018 FAF6F1 0.95
4.725002 23.625 -0.2849998 262E46 0.95
-4.724998 23.625 -0.2850018 262E45 0.95
4.725002 24.57 -0.2849998 20263D 0.95
-4.724998 24.57 -0.2850018 20273E 0.95
5.670002 25.515 -0.2850018 F4EFEA 0.95
-5.669999 25.515 -0.2850018 FFFBF6 0.95
4.725002 26.46 -0.2849998 232B42 0.95
-4.724998 26.46 -0.2850018 212940 0.95
5.670002 27.405 -0.2850018 F9F5F0 0.95
-5.669999 27.405 -0.2850018 FCF5F0 0.95
4.725002 28.35 -0.2849998 242C44 0.95
-4.724998 28.35 -0.2850018 232B42 0.95
4.725002 29.295 -0.2849998 202035 0.95
-4.724998 29.295 -0.2850018 202036 0.95
5.670002 30.24 -0.2850018 FDF8F3 0.95
-5.669999 30.24 -0.2850018 FBF5F0 0.95
4.725002 31.185 -0.2849998 21283F 0.95
-4.724998 31.185 -0.2850018 222940 0.95
5.670002 32.13 -0.2850018 FFFBF6 0.95
-5.669999 32.13 -0.2850018 F5EEE9 0.95
4.725002 33.075 -0.2849998 232B42 0.95
-4.724998 33.075 -0.2850018 232B42 0.95
5.670002 34.02 -0.2850018 FAF6F1 0.95
-5.669999 34.02 -0.2850018 F9F4EF 0.95
4.725002 34.965 -0.2849998 242B43 0.95
-4.724998 34.965 -0.2850018 242B43 0.95
4.725002 35.91 -0.2849998 20263C 0.95
-4.724998 35.91 -0.2850018 20273D 0.95
5.670002 36.855 -0.2850018 FFFCF7 0.95
-5.669999 36.855 -0.2850018 FDF5F0 0.95
4.725002 37.8 -0.2849998 232A42 0.95
-4.724998 37.8 -0.2850018 242C43 0.95
5.670002 38.745 -0.2850018 F8F3EE 0.95
-5.669999 38.745 -0.2850018 FEF8F2 0.95
4.725002 39.69 -0.2849998 252D44 0.95
-4.724998 39.69 -0.2850018 232A42 0.95
4.725002 40.635 -0.2849998 202238 0.95
-4.724998 40.635 -0.2850018 202238 0.95
5.670002 41.58 -0.2850018 FFFBF6 0.95
-5.669999 41.58 -0.2850018 FCF5F0 0.95
4.725002 42.525 -0.2849998 212940 0.95
-4.724998 42.525 -0.2850018 222A41 0.95
5.670002 43.47 -0.2850018 FFFFFE 0.95
-5.669999 43.47 -0.2850018 FEF7F2 0.95
4.725002 44.415 -0.2849998 232B43 0.95
-4.724998 44.415 -0.2850018 252D44 0.95
5.670002 45.36 -0.2850018 FFFFF9 0.95
-5.669999 45.36 -0.2850018 FFFBF6 0.95
4.725002 45.36 -0.2849998 FFFFFF 0.95
3.780002 45.36 -0.2849998 FFFFFF 0.95
2.835002 45.36 -0.2850008 FFFFFF 0.95
1.890002 45.36 -0.2850008 FFFFFF 0.95
0.945002 45.36 -0.2850008 FFFFFF 0.95
1.907349E-06 45.36 -0.2850008 FFFFFF 0.95
-0.9449981 45.36 -0.2850008 FFFFFF 0.95
-1.889998 45.36 -0.2850008 FFFFFF 0.95
-2.834998 45.36 -0.2850008 FFFFFF 0.95
-3.779998 45.36 -0.2850018 FFFFFF 0.95
-4.724998 45.36 -0.2850018 FFFFFF 0.95
4.725001 0 0.6599998 20162F 0.95
3.780001 0 0.6599998 20162F 0.95
2.835001 0 0.6599989 20162F 0.95
1.890001 0 0.6599989 20162F 0.95
0.945001 0 0.6599989 20162F 0.95
9.536743E-07 0 0.6599989 20162F 0.95
-0.9449991 0 0.6599989 20162F 0.95
-1.889999 0 0.6599989 20162F 0.95
-2.834999 0 0.6599989 20162F 0.95
-3.779999 0 0.6599979 20162F 0.95
-4.724999 0 0.6599979 20162F 0.95
4.725001 0.9449999 0.6599998 252D44 0.95
9.450002 0 0.6599998 F5F0EC 0.95
8.505001 0 0.6599989 EDE8E4 0.95
7.560001 0 0.6599989 E7E2DE 0.95
6.615002 0 0.6599989 D5CFCD 0.95
5.670002 0 0.6599979 CAC3C2 0.95
-5.67 0 0.6599979 DDD7D4 0.95
-4.724999 0.9449999 0.6599979 232A41 0.95
-6.615 0 0.6599979 E1DCD8 0.95
-7.559999 0 0.6599979 E5E0DC 0.95
-8.504999 0 0.6599979 EFEAE6 0.95
-9.45 0 0.6599979 EAE4E1 0.95
4.725001 1.89 0.6599998 20273E 0.95
-4.724999 1.89 0.6599979 20253C 0.95
5.670002 2.835 0.6599979 FCF8F2 0.95
-5.67 2.835 0.6599979 F4EEEA 0.95
4.725001 3.78 0.6599998 212940 0.95
-4.724999 3.78 0.6599979 222941 0.95
5.670002 4.725 0.6599979 F9F4EF 0.95
-5.67 4.725 0.6599979 F0E8E4 0.95
4.725001 5.67 0.6599998 232B42 0.95
-4.724999 5.67 0.6599979 232A42 0.95
4.725001 6.615 0.6599998 20243A 0.95
-4.724999 6.615 0.6599979 202339 0.95
5.670002 7.559999 0.6599979 FBF6F1 0.95
-5.67 7.559999 0.6599979 F2ECE7 0.95
4.725001 8.504999 0.6599998 21283F 0.95
-4.724999 8.504999 0.6599979 232A41 0.95
5.670002 9.45 0.6599979 FFFBF5 0.95
-5.67 9.45 0.6599979 F4ECE8 0.95
4.725001 10.395 0.6599998 222941 0.95
-4.724999 10.395 0.6599979 232A42 0.95
5.670002 11.34 0.6599979 F7F2EE 0.95
-5.67 11.34 0.6599979 F7EFEB 0.95
4.725001 12.285 0.6599998 262F46 0.95
-4.724999 12.285 0.6599979 242C43 0.95
4.725001 13.23 0.6599998 20253C 0.95
-4.724999 13.23 0.6599979 20253C 0.95
5.670002 14.175 0.6599979 F7F3EE 0.95
-5.67 14.175 0.6599979 EDE4E0 0.95
4.725001 15.12 0.6599998 242C43 0.95
-4.724999 15.12 0.6599979 222940 0.95
5.670002 16.065 0.6599979 F9F4EF 0.95
-5.67 16.065 0.6599979 FDF6F1 0.95
4.725001 17.01 0.6599998 242C44 0.95
-4.724999 17.01 0.6599979 222940 0.95
4.725001 17.955 0.6599998 20243B 0.95
-4.724999 17.955 0.6599979 20263D 0.95
5.670002 18.9 0.6599979 F4EFEB 0.95
-5.67 18.9 0.6599979 FBF4EF 0.95
4.725001 19.845 0.6599998 20283F 0.95
-4.724999 19.845 0.6599979 222940 0.95
5.670002 20.79 0.6599979 F9F5F0 0.95
-5.67 20.79 0.6599979 F5EFEA 0.95
4.725001 21.735 0.6599998 21283F 0.95
-4.724999 21.735 0.6599979 232B42 0.95
5.670002 22.68 0.6599979 F7F2ED 0.95
-5.67 22.68 0.6599979 F8F1ED 0.95
4.725001 23.625 0.6599998 242C43 0.95
-4.724999 23.625 0.6599979 232B42 0.95
4.725001 24.57 0.6599998 20253C 0.95
-4.724999 24.57 0.6599979 20263D 0.95
5.670002 25.515 0.6599979 FBF6F1 0.95
-5.67 25.515 0.6599979 F5F1EC 0.95
4.725001 26.46 0.6599998 222940 0.95
-4.724999 26.46 0.6599979 232B42 0.95
5.670002 27.405 0.6599979 F4EFEA 0.95
-5.67 27.405 0.6599979 F7EFEB 0.95
4.725001 28.35 0.6599998 222A41 0.95
-4.724999 28.35 0.6599979 242C44 0.95
4.725001 29.295 0.6599998 202239 0.95
-4.724999 29.295 0.6599979 20243A 0.95
5.670002 30.24 0.6599979 F2EDE9 0.95
-5.67 30.24 0.6599979 F3EEEA 0.95
4.725001 31.185 0.6599998 20263D 0.95
-4.724999 31.185 0.6599979 20283F 0.95
5.670002 32.13 0.6599979 F4EFEA 0.95
-5.67 32.13 0.6599979 F3ECE8 0.95
4.725001 33.075 0.6599998 222A41 0.95
-4.724999 33.075 0.6599979 222940 0.95
5.670002 34.02 0.6599979 F8F3EE 0.95
-5.67 34.02 0.6599979 FFF7F2 0.95
4.725001 34.965 0.6599998 232B42 0.95
-4.724999 34.965 0.6599979 252D44 0.95
4.725001 35.91 0.6599998 202239 0.95
-4.724999 35.91 0.6599979 202138 0.95
5.670002 36.855 0.6599979 FAF5F0 0.95
-5.67 36.855 0.6599979 F9F4EF 0.95
4.725001 37.8 0.6599998 222A41 0.95
-4.724999 37.8 0.6599979 222A41 0.95
5.670002 38.745 0.6599979 FAF5F0 0.95
-5.67 38.745 0.6599979 FAF3EF 0.95
4.725001 39.69 0.6599998 232B43 0.95
-4.724999 39.69 0.6599979 242C43 0.95
4.725001 40.635 0.6599998 202339 0.95
-4.724999 40.635 0.6599979 202238 0.95
5.670002 41.58 0.6599979 F9F5F0 0.95
-5.67 41.58 0.6599979 F9F4EF 0.95
4.725001 42.525 0.6599998 222A41 0.95
-4.724999 42.525 0.6599979 222A41 0.95
5.670002 43.47 0.6599979 FDF8F3 0.95
-5.67 43.47 0.6599979 FEF9F4 0.95
4.725001 44.415 0.6599998 252D45 0.95
-4.724999 44.415 0.6599979 242C44 0.95
5.670002 45.36 0.6599979 FFFBF6 0.95
-5.67 45.36 0.6599979 FFFFFC 0.95
4.725001 45.36 0.6599998 FFFFFF 0.95
3.780001 45.36 0.6599998 FFFFFF 0.95
-3.779999 45.36 0.6599979 FFFFFF 0.95
-4.724999 45.36 0.6599979 FFFFFF 0.95
3.780001 48.195 0.6599998 FFFFFF 0.95
-3.779999 48.195 0.6599979 FFFBF6 0.95
3.780001 50.085 0.6599998 FFFFF9 0.95
-3.779999 50.085 0.6599979 FFFFFB 0.95
3.780001 51.03 0.6599998 FFFCF6 0.95
-3.779999 51.03 0.6599979 FFFFFB 0.95
3.780001 51.975 0.6599998 FFFFFF 0.95
-0.9449991 51.975 3.495 F5F0EC 0.95
-1.889999 51.975 3.495 F7F2ED 0.95
-3.779999 51.975 0.6599979 FFFFFF 0.95
2.835001 52.92 0.6599989 FFFFFF 0.95
1.890001 52.92 0.6599989 FFFFFF 0.95
0.945001 52.92 0.6599989 FFFFFF 0.95
9.536743E-07 52.92 0.6599989 FFFFFF 0.95
-0.9449991 52.92 0.6599989 FFFFFF 0.95
-1.889999 52.92 0.6599989 FFFFFF 0.95
-2.834999 52.92 0.6599989 FFFFFF 0.95
4.725001 0 1.605 20162F 0.95
3.780001 0 1.605 20162F 0.95
2.835001 0 1.605 20162F 0.95
1.890001 0 1.605 20162F 0.95
0.945001 0 1.605 20162F 0.95
9.536743E-07 0 1.605 20162F 0.95
-0.9449991 0 1.605 20162F 0.95
-1.889999 0 1.604999 20162F 0.95
-2.834999 0 1.605 20162F 0.95
-3.779999 0 1.605 20162F 0.95
-4.724999 0 1.605 20162F 0.95
4.725001 0.9449999 1.605 232A42 0.95
9.450002 0 1.605 F2EDE9 0.95
8.505001 0 1.605 E7E2DE 0.95
7.560001 0 1.605 D6D0CE 0.95
6.615002 0 1.605 DDD7D4 0.95
5.670002 0 1.605 CAC3C1 0.95
-5.67 0 1.605 D1C9C8 0.95
-4.724999 0.9449999 1.605 21283F 0.95
-6.615 0 1.604999 CDC5C4 0.95
-7.559999 0 1.604999 DAD4D1 0.95
-8.504999 0 1.604999 E4DAD7 0.95
-9.45 0 1.604999 F1EBE7 0.95
4.725001 1.89 1.605 20263D 0.95
-4.724999 1.89 1.605 20283F 0.95
5.670002 2.835 1.605 F8F4EF 0.95
-5.67 2.835 1.605 F5EEE9 0.95
4.725001 3.78 1.605 232A42 0.95
-4.724999 3.78 1.605 222940 0.95
5.670002 4.725 1.605 F6F1ED 0.95
-5.67 4.725 1.605 F1EAE5 0.95
4.725001 5.67 1.605 212940 0.95
-4.724999 5.67 1.605 212940 0.95
4.725001 6.615 1.605 202036 0.95
-4.724999 6.615 1.605 20243B 0.95
5.670002 7.559999 1.605 FBF7F2 0.95
-5.67 7.559999 1.605 EFE7E3 0.95
4.725001 8.504999 1.605 222A41 0.95
-4.724999 8.504999 1.605 20253C 0.95
5.670002 9.45 1.605 F6F1EC 0.95
-5.67 9.45 1.605 EDE5E1 0.95
4.725001 10.395 1.605 212940 0.95
-4.724999 10.395 1.605 222A41 0.95
5.670002 11.34 1.605 F9F4EF 0.95
-5.67 11.34 1.605 ECE5E1 0.95
4.725001 12.285 1.605 252D44 0.95
-4.724999 12.285 1.605 242C44 0.95
4.725001 13.23 1.605 20263D 0.95
-4.724999 13.23 1.605 202339 0.95
5.670002 14.175 1.605 F7F3EE 0.95
-5.67 14.175 1.605 F6EFEA 0.95
4.725001 15.12 1.605 212940 0.95
-4.724999 15.12 1.605 20273E 0.95
5.670002 16.065 1.605 F6F2ED 0.95
-5.67 16.065 1.605 F0E8E4 0.95
4.725001 17.01 1.605 242C44 0.95
-4.724999 17.01 1.605 222940 0.95
4.725001 17.955 1.605 202036 0.95
-4.724999 17.955 1.605 20243A 0.95
5.670002 18.9 1.605 F6F1EC 0.95
-5.67 18.9 1.605 F7F0EB 0.95
4.725001 19.845 1.605 212940 0.95
-4.724999 19.845 1.605 20253C 0.95
5.670002 20.79 1.605 F7F2ED 0.95
-5.67 20.79 1.605 F5EDE8 0.95
4.725001 21.735 1.605 262E45 0.95
-4.724999 21.735 1.605 22283F 0.95
5.670002 22.68 1.605 EDE8E4 0.95
-5.67 22.68 1.605 FEF6F1 0.95
4.725001 23.625 1.605 222A41 0.95
-4.724999 23.625 1.605 222940 0.95
4.725001 24.57 1.605 20253C 0.95
-4.724999 24.57 1.605 20253B 0.95
5.670002 25.515 1.605 F3EEEA 0.95
-5.67 25.515 1.605 F5EEE9 0.95
4.725001 26.46 1.605 212940 0.95
-4.724999 26.46 1.605 20283F 0.95
5.670002 27.405 1.605 F4EFEB 0.95
-5.67 27.405 1.605 F3EBE7 0.95
4.725001 28.35 1.605 232A42 0.95
-4.724999 28.35 1.605 242C44 0.95
4.725001 29.295 1.605 202339 0.95
-4.724999 29.295 1.605 202036 0.95
5.670002 30.24 1.605 F3EEEA 0.95
-5.67 30.24 1.605 F0EAE6 0.95
4.725001 31.185 1.605 20243B 0.95
-4.724999 31.185 1.605 21273E 0.95
5.670002 32.13 1.605 F4F0EB 0.95
-5.67 32.13 1.605 F2EDE9 0.95
4.725001 33.075 1.605 222A41 0.95
-4.724999 33.075 1.605 222940 0.95
5.670002 34.02 1.605 F7F3EE 0.95
-5.67 34.02 1.605 FAF4EF 0.95
4.725001 34.965 1.605 252D44 0.95
-4.724999 34.965 1.605 232A42 0.95
4.725001 35.91 1.605 20263C 0.95
-4.724999 35.91 1.605 212940 0.95
5.670002 36.855 1.605 EDE8E4 0.95
-5.67 36.855 1.605 EFEAE6 0.95
4.725001 37.8 1.605 20263D 0.95
-4.724999 37.8 1.605 242A41 0.95
5.670002 38.745 1.605 F9F4EF 0.95
-5.67 38.745 1.605 F0E9E5 0.95
4.725001 39.69 1.605 222A41 0.95
-4.724999 39.69 1.605 222941 0.95
4.725001 40.635 1.605 202239 0.95
-4.724999 40.635 1.605 20263D 0.95
5.670002 41.58 1.605 EBE6E2 0.95
-5.67 41.58 1.605 F0EAE6 0.95
4.725001 42.525 1.605 232A42 0.95
-4.724999 42.525 1.605 21283F 0.95
5.670002 43.47 1.605 FAF5F0 0.95
-5.67 43.47 1.605 F8F1EC 0.95
4.725001 44.415 1.605 232B43 0.95
-4.724999 44.415 1.605 242B42 0.95
5.670002 45.36 1.605 FFFDF8 0.95
-5.67 45.36 1.605 FCF7F1 0.95
2.835001 46.305 1.605 252D44 0.95
4.725001 45.36 1.605 FFFFFF 0.95
3.780001 45.36 1.605 FFFFFF 0.95
-3.779999 45.36 1.605 FFFFFF 0.95
-2.834999 46.305 1.605 242C44 0.95
-4.724999 45.36 1.605 FFFFFC 0.95
2.835001 47.25 1.605 222941 0.95
-2.834999 47.25 1.605 242C44 0.95
3.780001 48.195 1.605 FFFFFD 0.95
-3.779999 48.195 1.605 FFFFFF 0.95
2.835001 49.14 1.605 232A42 0.95
-2.834999 49.14 1.605 222A41 0.95
3.780001 50.085 1.605 FFFEF9 0.95
-3.779999 50.085 1.605 FFFFFA 0.95
3.780001 51.03 1.605 FFFFFA 0.95
-3.779999 51.03 1.605 FFFBF6 0.95
3.780001 51.975 1.605 FFFBF6 0.95
2.835001 51.975 1.605 FFFFFF 0.95
-2.834999 51.975 1.605 FFFFFC 0.95
1.890001 51.975 1.605 FFFFFF 0.95
0.945001 51.975 1.605 FFFFFF 0.95
9.536743E-07 51.975 1.605 FFFFFF 0.95
-0.9449991 51.975 1.605 FFFFFF 0.95
-1.889999 51.975 1.604999 FFFFFF 0.95
-3.779999 51.975 1.605 FFFFFD 0.95
4.725001 0 2.549999 20162F 0.95
3.780001 0 2.549999 20162F 0.95
2.835001 0 2.549999 20162F 0.95
1.890001 0 2.55 20162F 0.95
0.945001 0 2.549999 20162F 0.95
9.536743E-07 0 2.549999 20162F 0.95
-0.9449991 0 2.549999 20162F 0.95
-1.889999 0 2.549999 20162F 0.95
-2.834999 0 2.549999 20162F 0.95
-3.779999 0 2.549999 20162F 0.95
-4.724999 0 2.549999 20162F 0.95
4.725001 0.9449999 2.549999 212840 0.95
9.450002 0 2.549999 F1ECE7 0.95
8.505001 0 2.55 EAE5E1 0.95
7.560001 0 2.55 DAD4D1 0.95
6.615002 0 2.55 D1CAC8 0.95
5.670002 0 2.549999 C9C1C0 0.95
-5.67 0 2.549999 C8C1C0 0.95
-4.724999 0.9449999 2.549999 21283F 0.95
-6.615 0 2.549998 C6BFBE 0.95
-7.559999 0 2.549998 DBD5D2 0.95
-8.504999 0 2.549998 EAE5E1 0.95
-9.45 0 2.549998 E9E3E0 0.95
4.725001 1.89 2.549999 20243A 0.95
-4.724999 1.89 2.549999 20253C 0.95
5.670002 2.835 2.549999 F4F0EB 0.95
-5.67 2.835 2.549999 E4DBD8 0.95
4.725001 3.78 2.549999 21283F 0.95
-4.724999 3.78 2.549999 21283F 0.95
5.670002 4.725 2.549999 E6E1DE 0.95
-5.67 4.725 2.549999 F0E9E5 0.95
4.725001 5.67 2.549999 20263D 0.95
-4.724999 5.67 2.549999 20263D 0.95
4.725001 6.615 2.549999 20263D 0.95
-4.724999 6.615 2.549999 202339 0.95
5.670002 7.559999 2.549999 E6E1DD 0.95
-5.67 7.559999 2.549999 E8DFDC 0.95
4.725001 8.504999 2.549999 212940 0.95
-4.724999 8.504999 2.549999 20263D 0.95
5.670002 9.45 2.549999 EBE6E2 0.95
-5.67 9.45 2.549999 E6DFDC 0.95
4.725001 10.395 2.549999 21283F 0.95
-4.724999 10.395 2.549999 222940 0.95
5.670002 11.34 2.549999 F0EBE7 0.95
-5.67 11.34 2.549999 E9E3E0 0.95
4.725001 12.285 2.549999 20273E 0.95
-4.724999 12.285 2.549999 222940 0.95
4.725001 13.23 2.549999 20263C 0.95
-4.724999 13.23 2.549999 202238 0.95
5.670002 14.175 2.549999 EDE8E4 0.95
-5.67 14.175 2.549999 D7D0CE 0.95
4.725001 15.12 2.549999 20273E 0.95
-4.724999 15.12 2.549999 20283F 0.95
5.670002 16.065 2.549999 F3EEEA 0.95
-5.67 16.065 2.549999 EFE7E3 0.95
4.725001 17.01 2.549999 212940 0.95
-4.724999 17.01 2.549999 232A41 0.95
4.725001 17.955 2.549999 201F35 0.95
-4.724999 17.955 2.549999 201F35 0.95
5.670002 18.9 2.549999 F6F1EC 0.95
-5.67 18.9 2.549999 EBE4E1 0.95
4.725001 19.845 2.549999 20273E 0.95
-4.724999 19.845 2.549999 20243B 0.95
5.670002 20.79 2.549999 EAE5E1 0.95
-5.67 20.79 2.549999 EEE8E4 0.95
4.725001 21.735 2.549999 212940 0.95
-4.724999 21.735 2.549999 242C44 0.95
5.670002 22.68 2.549999 E5E0DC 0.95
-5.67 22.68 2.549999 EAE1DD 0.95
4.725001 23.625 2.549999 222940 0.95
-4.724999 23.625 2.549999 242C43 0.95
4.725001 24.57 2.549999 202137 0.95
-4.724999 24.57 2.549999 202238 0.95
5.670002 25.515 2.549999 EEEAE6 0.95
-5.67 25.515 2.549999 E5DFDB 0.95
4.725001 26.46 2.549999 222940 0.95
-4.724999 26.46 2.549999 20263D 0.95
5.670002 27.405 2.549999 EEE8E4 0.95
-5.67 27.405 2.549999 EEE8E4 0.95
4.725001 28.35 2.549999 232B42 0.95
-4.724999 28.35 2.549999 222A41 0.95
4.725001 29.295 2.549999 202238 0.95
-4.724999 29.295 2.549999 202238 0.95
5.670002 30.24 2.549999 EBE6E2 0.95
-5.67 30.24 2.549999 EAE4E0 0.95
4.725001 31.185 2.549999 20273D 0.95
-4.724999 31.185 2.549999 20263C 0.95
5.670002 32.13 2.549999 EEE9E5 0.95
-5.67 32.13 2.549999 EFE9E5 0.95
4.725001 33.075 2.549999 21283F 0.95
-4.724999 33.075 2.549999 212840 0.95
5.670002 34.02 2.549999 E7E2DE 0.95
-5.67 34.02 2.549999 EDE5E1 0.95
4.725001 34.965 2.549999 212940 0.95
-4.724999 34.965 2.549999 20273E 0.95
4.725001 35.91 2.549999 202037 0.95
-4.724999 35.91 2.549999 202238 0.95
5.670002 36.855 2.549999 EFEAE6 0.95
-5.67 36.855 2.549999 F2ECE8 0.95
4.725001 37.8 2.549999 212940 0.95
-4.724999 37.8 2.549999 21283F 0.95
5.670002 38.745 2.549999 E8E2DF 0.95
-5.67 38.745 2.549999 EEE9E5 0.95
4.725001 39.69 2.549999 222940 0.95
-4.724999 39.69 2.549999 20283F 0.95
4.725001 40.635 2.549999 202238 0.95
-4.724999 40.635 2.549999 202238 0.95
5.670002 41.58 2.549999 F0EBE7 0.95
-5.67 41.58 2.549999 EBE4E0 0.95
4.725001 42.525 2.549999 20253B 0.95
-4.724999 42.525 2.549999 20263D 0.95
5.670002 43.47 2.549999 E9E4E0 0.95
-5.67 43.47 2.549999 E9E0DD 0.95
4.725001 44.415 2.549999 242B43 0.95
-4.724999 44.415 2.549999 222A41 0.95
5.670002 45.36 2.549999 FCF7F2 0.95
-5.67 45.36 2.549999 FFFAF5 0.95
2.835001 46.305 2.549999 222A41 0.95
4.725001 45.36 2.549999 FFFFFF 0.95
3.780001 45.36 2.549999 FFFFFF 0.95
-3.779999 45.36 2.549999 FFFFFA 0.95
-2.834999 46.305 2.549999 252D45 0.95
-4.724999 45.36 2.549999 FFFFFF 0.95
2.835001 47.25 2.549999 20273E 0.95
-2.834999 47.25 2.549999 20273E 0.95
3.780001 48.195 2.549999 FFFAF5 0.95
-3.779999 48.195 2.549999 FFFEF9 0.95
2.835001 49.14 2.549999 232A42 0.95
-2.834999 49.14 2.549999 232A42 0.95
3.780001 50.085 2.549999 F5F0EB 0.95
-3.779999 50.085 2.549999 FFFCF6 0.95
3.780001 51.03 2.549999 FFFFFF 0.95
-3.779999 51.03 2.549999 FDF8F3 0.95
3.780001 51.975 2.549999 FFFFFA 0.95
2.835001 51.975 2.549999 FFFFFF 0.95
-2.834999 51.975 2.549999 FFFFFF 0.95
1.890001 51.975 2.55 FFFFFF 0.95
0.945001 51.975 2.549999 FFFFFF 0.95
9.536743E-07 51.975 2.549999 FFFFFF 0.95
-0.9449991 51.975 2.549999 FFFFFF 0.95
-1.889999 51.975 2.549999 FFFFFF 0.95
-3.779999 51.975 2.549999 FFFFFA 0.95
9.450002 0 3.495001 948990 0.95
8.505001 0 3.495002 20162F 0.95
7.560001 0 3.495002 201F34 0.95
6.615002 0 3.495001 201A2F 0.95
5.670002 0 3.495001 202034 0.95
4.725001 0 3.495001 20162F 0.95
3.780001 0 3.495001 20162F 0.95
2.835001 0 3.495 20162F 0.95
1.890001 0 3.495 20162F 0.95
0.945001 0 3.495 20162F 0.95
9.536743E-07 0 3.495 20162F 0.95
-0.9449991 0 3.495 20162F 0.95
-1.889999 0 3.495 20162F 0.95
-2.834999 0 3.495 20162F 0.95
-3.779999 0 3.494999 20162F 0.95
-4.724999 0 3.494999 20162F 0.95
-5.67 0 3.494999 202035 0.95
-6.615 0 3.494999 202135 0.95
-7.559999 0 3.494999 202034 0.95
-8.504999 0 3.494999 202136 0.95
-9.45 0 3.494999 202236 0.95
4.725001 0.9449999 3.495001 21283F 0.95
9.450002 1.89 3.495001 E6E1DE 0.95
9.450002 0.9449999 3.495001 FFFFFA 0.95
-4.724999 0.9449999 3.494999 20253B 0.95
4.725001 1.89 3.495001 202137 0.95
-4.724999 1.89 3.494999 202035 0.95
-10.395 2.835 3.494999 F9F2EE 0.95
4.725001 3.78 3.495001 202339 0.95
-4.724999 3.78 3.494999 20273E 0.95
9.450002 6.615 3.495001 AAA1A4 0.95
-10.395 4.725 3.494999 F9F0EB 0.95
4.725001 5.67 3.495001 20253C 0.95
9.450002 5.67 3.495001 FFFFFA 0.95
-4.724999 5.67 3.494999 20253C 0.95
4.725001 6.615 3.495001 20243A 0.95
-4.724999 6.615 3.494999 202138 0.95
9.450002 8.504999 3.495001 A49B9E 0.95
-10.395 7.559999 3.494999 FBF6F1 0.95
4.725001 8.504999 3.495001 20253C 0.95
-4.724999 8.504999 3.494999 202238 0.95
-10.395 9.45 3.494999 FFFFFA 0.95
4.725001 10.395 3.495001 20253C 0.95
9.450002 10.395 3.495001 FCF7F1 0.95
-4.724999 10.395 3.494999 20253B 0.95
9.450002 13.23 3.495001 A2999D 0.95
-10.395 11.34 3.494999 FFFDF7 0.95
4.725001 12.285 3.495001 20253C 0.95
9.450002 12.285 3.495001 FFFDF7 0.95
-4.724999 12.285 3.494999 222A41 0.95
4.725001 13.23 3.495001 202339 0.95
-4.724999 13.23 3.494999 202339 0.95
-10.395 14.175 3.494999 FFF8F2 0.95
4.725001 15.12 3.495001 20253C 0.95
-4.724999 15.12 3.494999 20283F 0.95
9.450002 17.955 3.495001 A89EA2 0.95
-10.395 16.065 3.494999 FFFFF9 0.95
4.725001 17.01 3.495001 20263C 0.95
9.450002 17.01 3.495001 FFFFFA 0.95
-4.724999 17.01 3.494999 20243A 0.95
4.725001 17.955 3.495001 202036 0.95
-4.724999 17.955 3.494999 202036 0.95
9.450002 19.845 3.495001 A69DA1 0.95
-10.395 18.9 3.494999 FFFCF7 0.95
4.725001 19.845 3.495001 20263D 0.95
-4.724999 19.845 3.494999 20243A 0.95
-10.395 20.79 3.494999 FFFEF8 0.95
4.725001 21.735 3.495001 20253C 0.95
9.450002 21.735 3.495001 FFFFFC 0.95
-4.724999 21.735 3.494999 20243A 0.95
9.450002 24.57 3.495001 9D9499 0.95
-10.395 22.68 3.494999 FFFFFB 0.95
4.725001 23.625 3.495001 222941 0.95
9.450002 23.625 3.495001 FFFFFC 0.95
-4.724999 23.625 3.494999 20273E 0.95
4.725001 24.57 3.495001 202238 0.95
-4.724999 24.57 3.494999 20253C 0.95
-10.395 25.515 3.494999 FFFEF8 0.95
4.725001 26.46 3.495001 20243B 0.95
-4.724999 26.46 3.494999 202239 0.95
9.450002 29.295 3.495001 A3999D 0.95
-10.395 27.405 3.494999 FFFFFC 0.95
4.725001 28.35 3.495001 20263C 0.95
9.450002 28.35 3.495001 FFFFFE 0.95
-4.724999 28.35 3.494999 20253C 0.95
4.725001 29.295 3.495001 202138 0.95
-4.724999 29.295 3.494999 201F34 0.95
9.450002 31.185 3.495001 A1979B 0.95
-10.395 30.24 3.494999 FFFDF7 0.95
4.725001 31.185 3.495001 20263D 0.95
-4.724999 31.185 3.494999 20253B 0.95
-10.395 32.13 3.494999 FFFFF9 0.95
4.725001 33.075 3.495001 20263C 0.95
9.450002 33.075 3.495001 FFFFFF 0.95
-4.724999 33.075 3.494999 20243B 0.95
9.450002 35.91 3.495001 AFA5A7 0.95
-10.395 34.02 3.494999 FFFDF7 0.95
4.725001 34.965 3.495001 20243A 0.95
9.450002 34.965 3.495001 FEFAF4 0.95
-4.724999 34.965 3.494999 20253C 0.95
4.725001 35.91 3.495001 202036 0.95
-4.724999 35.91 3.494999 202238 0.95
-10.395 36.855 3.494999 FFFFFA 0.95
4.725001 37.8 3.495001 20253B 0.95
-4.724999 37.8 3.494999 20273D 0.95
9.450002 40.635 3.495001 A0969B 0.95
-10.395 38.745 3.494999 FFFFFD 0.95
4.725001 39.69 3.495001 20243A 0.95
9.450002 39.69 3.495001 F5F0EC 0.95
-4.724999 39.69 3.494999 20263D 0.95
4.725001 40.635 3.495001 202238 0.95
-4.724999 40.635 3.494999 202137 0.95
9.450002 42.525 3.495001 ECE6E3 0.95
-10.395 41.58 3.494999 FEF9F4 0.95
4.725001 42.525 3.495001 20263D 0.95
-4.724999 42.525 3.494999 20243B 0.95
-10.395 43.47 3.494999 FFFDF7 0.95
4.725001 44.415 3.495001 222941 0.95
9.450002 44.415 3.495001 FFFFFE 0.95
-4.724999 44.415 3.494999 20263D 0.95
-10.395 45.36 3.494999 FFFEF9 0.95
2.835001 46.305 3.495 232B42 0.95
4.725001 45.36 3.495001 FDF9F3 0.95
3.780001 45.36 3.495001 FFFFFB 0.95
-3.779999 45.36 3.494999 F7F2ED 0.95
-2.834999 46.305 3.495 242C44 0.95
-4.724999 45.36 3.494999 FFFDF7 0.95
2.835001 47.25 3.495 20273E 0.95
-2.834999 47.25 3.495 222A41 0.95
3.780001 48.195 3.495001 FFFAF5 0.95
-3.779999 48.195 3.494999 FFFDF7 0.95
2.835001 49.14 3.495 232B42 0.95
-2.834999 49.14 3.495 232B42 0.95
3.780001 50.085 3.495001 FFFFFF 0.95
-3.779999 50.085 3.494999 FFFFFC 0.95
3.780001 51.03 3.495001 FCF7F2 0.95
-3.779999 51.03 3.494999 FFFEF8 0.95
3.780001 51.975 3.495001 FFFFFA 0.95
2.835001 51.975 3.495 FFFFFF 0.95
-2.834999 51.975 3.495 FFFDF8 0.95
1.890001 51.975 3.495 FFFFFF 0.95
0.945001 51.975 3.495 FFFFFF 0.95
9.536743E-07 51.975 3.495 FFFFFF 0.95
-3.779999 51.975 3.494999 FFFFFF 0.95
9.450002 0 4.440001 8B8188 0.95
8.505001 0 4.440001 20162F 0.95
7.560001 0 4.440001 20162F 0.95
6.615002 0 4.440001 20162F 0.95
5.670002 0 4.440001 20162F 0.95
4.725001 0 4.440001 20162F 0.95
3.780001 0 4.440001 20162F 0.95
2.835001 0 4.440001 20162F 0.95
1.890001 0 4.440001 20162F 0.95
0.945001 0 4.440001 20162F 0.95
9.536743E-07 0 4.440001 20182F 0.95
-0.9449991 0 4.439999 20162F 0.95
-1.889999 0 4.440001 20162F 0.95
-2.834999 0 4.440001 20162F 0.95
-3.779999 0 4.439999 20162F 0.95
-4.724999 0 4.439999 20162F 0.95
-5.67 0 4.439999 20162F 0.95
-6.615 0 4.439999 20162F 0.95
-7.559999 0 4.439999 201D32 0.95
-8.504999 0 4.439999 20162F 0.95
-9.45 0 4.439999 20162F 0.95
9.450002 0.9449999 4.440001 262E46 0.95
9.450002 1.89 4.440001 F0EBE7 0.95
-0.9449991 51.975 4.439999 685F6D 0.95
-1.889999 51.975 4.440001 685F6D 0.95
-9.45 0.9449999 4.439999 283149 0.95
-9.45 1.89 4.439999 20263C 0.95
9.450002 2.835 4.440001 FEF9F4 0.95
9.450002 4.725 4.440001 A49A9E 0.95
-10.395 2.835 4.439999 FFFAF4 0.95
9.450002 3.78 4.440001 232B42 0.95
-9.45 3.78 4.439999 242C43 0.95
9.450002 6.615 4.440001 988E94 0.95
-10.395 4.725 4.439999 F9F1ED 0.95
9.450002 5.67 4.440001 252E46 0.95
-9.45 5.67 4.439999 252C43 0.95
-9.45 6.615 4.439999 20243A 0.95
9.450002 7.559999 4.440001 FEF9F4 0.95
9.450002 8.504999 4.440001 A89FA2 0.95
-10.395 7.559999 4.439999 F9F4EF 0.95
-9.45 8.504999 4.439999 20253C 0.95
9.450002 9.45 4.440001 FDF9F3 0.95
9.450002 11.34 4.440001 9E9599 0.95
-10.395 9.45 4.439999 F9F3EE 0.95
9.450002 10.395 4.440001 252D44 0.95
-9.45 10.395 4.439999 242B43 0.95
9.450002 13.23 4.440001 938990 0.95
-10.395 11.34 4.439999 F6EEE9 0.95
9.450002 12.285 4.440001 242C43 0.95
-9.45 12.285 4.439999 262E46 0.95
-9.45 13.23 4.439999 20253C 0.95
9.450002 14.175 4.440001 FFFFFD 0.95
9.450002 16.065 4.440001 978D93 0.95
-10.395 14.175 4.439999 FFF9F3 0.95
9.450002 15.12 4.440001 21283F 0.95
-9.45 15.12 4.439999 242A41 0.95
9.450002 17.955 4.440001 9A9095 0.95
-10.395 16.065 4.439999 FFFEF8 0.95
9.450002 17.01 4.440001 262F47 0.95
-9.45 17.01 4.439999 272F47 0.95
-9.45 17.955 4.439999 20243A 0.95
9.450002 18.9 4.440001 FFFFFA 0.95
9.450002 19.845 4.440001 978F95 0.95
-10.395 18.9 4.439999 FFFCF7 0.95
-9.45 19.845 4.439999 242C43 0.95
9.450002 20.79 4.440001 FAF5F0 0.95
9.450002 22.68 4.440001 948B91 0.95
-10.395 20.79 4.439999 FFFBF5 0.95
9.450002 21.735 4.440001 242C43 0.95
-9.45 21.735 4.439999 272E46 0.95
9.450002 24.57 4.440001 9D9498 0.95
-10.395 22.68 4.439999 FFFFFA 0.95
9.450002 23.625 4.440001 252E45 0.95
-9.45 23.625 4.439999 262D45 0.95
-9.45 24.57 4.439999 20263D 0.95
9.450002 25.515 4.440001 FCF7F2 0.95
9.450002 27.405 4.440001 9A9095 0.95
-10.395 25.515 4.439999 FFFEF7 0.95
9.450002 26.46 4.440001 222941 0.95
-9.45 26.46 4.439999 242C44 0.95
9.450002 29.295 4.440001 857B84 0.95
-10.395 27.405 4.439999 FFFAF5 0.95
9.450002 28.35 4.440001 262F47 0.95
-9.45 28.35 4.439999 262F46 0.95
-9.45 29.295 4.439999 20243B 0.95
9.450002 30.24 4.440001 FFFFFE 0.95
9.450002 31.185 4.440001 9B9297 0.95
-10.395 30.24 4.439999 FFFFFC 0.95
-9.45 31.185 4.439999 242B43 0.95
9.450002 32.13 4.440001 FFFDF7 0.95
9.450002 34.02 4.440001 948A90 0.95
-10.395 32.13 4.439999 FFFEF9 0.95
9.450002 33.075 4.440001 262E46 0.95
-9.45 33.075 4.439999 252C44 0.95
9.450002 35.91 4.440001 9D9498 0.95
-10.395 34.02 4.439999 FFFBF6 0.95
9.450002 34.965 4.440001 262F47 0.95
-9.45 34.965 4.439999 252D45 0.95
-9.45 35.91 4.439999 20273D 0.95
9.450002 36.855 4.440001 FFFEF9 0.95
9.450002 38.745 4.440001 948A91 0.95
-10.395 36.855 4.439999 FEF7F2 0.95
9.450002 37.8 4.440001 272F47 0.95
-9.45 37.8 4.439999 232B42 0.95
9.450002 40.635 4.440001 9F959A 0.95
-10.395 38.745 4.439999 FFFDF8 0.95
9.450002 39.69 4.440001 283048 0.95
-9.45 39.69 4.439999 262E46 0.95
-9.45 40.635 4.439999 20263D 0.95
9.450002 41.58 4.440001 FFFCF6 0.95
9.450002 42.525 4.440001 EAE5E1 0.95
-10.395 41.58 4.439999 FFFFFA 0.95
-9.45 42.525 4.439999 242C43 0.95
9.450002 43.47 4.440001 FFFEF8 0.95
9.450002 45.36 4.440001 E6E0DD 0.95
-10.395 43.47 4.439999 FFFFFA 0.95
9.450002 44.415 4.440001 242C43 0.95
-9.45 44.415 4.439999 262E46 0.95
-10.395 45.36 4.439999 FFFFFA 0.95
2.835001 46.305 4.440001 20273D 0.95
8.505001 45.36 4.440001 FFFFFF 0.95
7.560001 45.36 4.440001 FFFFFF 0.95
6.615002 45.36 4.440001 FFFFFF 0.95
5.670002 45.36 4.440001 FFFFFB 0.95
4.725001 45.36 4.440001 F1ECE8 0.95
3.780001 45.36 4.440001 EBE6E2 0.95
-3.779999 45.36 4.439999 F3EEEA 0.95
-2.834999 46.305 4.440001 232B43 0.95
-4.724999 45.36 4.439999 F7F2ED 0.95
-5.67 45.36 4.439999 FFFCF6 0.95
-6.615 45.36 4.439999 FFFFFF 0.95
-7.559999 45.36 4.439999 FFFFFF 0.95
-8.504999 45.36 4.439999 FFFFFF 0.95
-9.45 45.36 4.439999 FFFFFF 0.95
2.835001 47.25 4.440001 20273D 0.95
-2.834999 47.25 4.440001 20263C 0.95
3.780001 48.195 4.440001 F3EEEA 0.95
-3.779999 48.195 4.439999 F9F4F0 0.95
2.835001 49.14 4.440001 212940 0.95
-2.834999 49.14 4.440001 21283F 0.95
3.780001 50.085 4.440001 FAF5F0 0.95
-3.779999 50.085 4.439999 FBF7F2 0.95
3.780001 51.03 4.440001 FFFEF8 0.95
-3.779999 51.03 4.439999 FBF5F0 0.95
3.780001 51.975 4.440001 FAF5F1 0.95
2.835001 51.975 4.440001 FFFFFF 0.95
1.890001 51.975 4.440001 FFFFFF 0.95
0.945001 51.975 4.440001 FFFFFF 0.95
9.536743E-07 51.975 4.440001 FFFFFF 0.95
-2.834999 51.975 4.440001 D7D0CE 0.95
-3.779999 51.975 4.439999 FFFFFE 0.95
-0.9449991 52.92 4.439999 DCE3ED 0.95
-2.834999 52.92 4.440001 FFFFFE 0.95
-0.9449991 53.865 4.439999 E5DFDC 0.95
-1.889999 53.865 4.440001 FFFFFF 0.95
