0.7599999 5.1 -1.73 985F3D 0.8
0.7599999 5.1 -0.9300003 985F3D 0.8
-0.0400002 5.1 -0.1300001 985F3D 0.8
-0.8400002 5.1 0.6700001 985F3D 0.8
-1.64 5.1 1.47 985F3D 0.8
-1.64 5.1 2.27 985F3D 0.8
-2.44 5.1 3.07 985F3D 0.8
-3.24 5.1 3.87 985F3D 0.8
-4.04 5.1 4.67 985F3D 0.8
-4.04 5.1 5.469999 985F3D 0.8
-4.84 5.1 6.27 985F3D 0.8
-5.64 5.1 7.07 985F3D 0.8
-6.440001 5.1 7.869999 985F3D 0.8
4.76 5.1 8.67 985F3D 0.8
1.56 5.900001 -4.130001 C08055 0.8
1.56 5.900001 -3.33 C08055 0.8
0.7599999 5.900001 -2.53 C08055 0.8
-0.0400002 5.900001 -1.73 C08055 0.8
-0.8400002 5.900001 -0.9300003 C08055 0.8
-0.8400002 5.900001 -0.1300001 C08055 0.8
-1.64 5.900001 0.6700001 C08055 0.8
-2.44 5.900001 1.47 C08055 0.8
-3.24 5.900001 2.27 C08055 0.8
-4.04 5.900001 3.07 C08055 0.8
-4.04 5.900001 3.87 C08055 0.8
-4.84 5.900001 4.67 C08055 0.8
-5.64 5.900001 5.469999 C08055 0.8
-6.440001 5.900001 6.27 C08055 0.8
-6.440001 5.900001 7.07 C08055 0.8
-7.240001 5.900001 7.869999 C08055 0.8
-7.240001 5.900001 8.67 C08055 0.8
3.16 5.900001 9.469999 C08055 0.8
1.56 6.7 -4.130001 FCDBC0 0.8
0.7599999 6.7 -3.33 FCDBC0 0.8
0.7599999 6.7 -2.53 FCDBC0 0.8
-0.0400002 6.7 -1.73 FCDBC0 0.8
-0.8400002 6.7 -0.9300003 FCDBC0 0.8
-1.64 6.7 -0.1300001 FCDBC0 0.8
-1.64 6.7 0.6700001 FCDBC0 0.8
-2.44 6.7 1.47 FCDBC0 0.8
-3.24 6.7 2.27 FCDBC0 0.8
-4.04 6.7 3.07 FCDBC0 0.8
-4.04 6.7 3.87 FCDBC0 0.8
-4.84 6.7 4.67 FCDBC0 0.8
-5.64 6.7 5.469999 FCDBC0 0.8
-6.440001 6.7 6.27 FCDBC0 0.8
-6.440001 6.7 7.07 FCDBC0 0.8
-7.240001 6.7 7.869999 FCDBC0 0.8
-8.040001 6.7 8.67 F7DBBD 0.8
2.36 6.7 9.469999 FCDBC0 0.8
1.56 7.5 -4.130001 CE8E63 0.8
0.7599999 7.5 -3.33 CE8E63 0.8
0.7599999 7.5 -2.53 C68A63 0.8
-0.0400002 7.5 -1.73 CE8E63 0.8
-0.8400002 7.5 -0.9300003 C38357 0.8
-1.64 7.5 -0.1300001 C6865A 0.8
-1.64 7.5 0.6700001 C68A63 0.8
-2.44 7.5 1.47 CE8E63 0.8
-3.24 7.5 2.27 C08055 0.8
-4.04 7.5 3.07 C38057 0.8
-4.04 7.5 3.87 C08055 0.8
-4.84 7.5 4.67 C6865A 0.8
-5.64 7.5 5.469999 C6865A 0.8
-6.440001 7.5 6.27 CE8A63 0.8
-6.440001 7.5 7.07 CE9263 0.8
-7.240001 7.5 7.869999 CE926B 0.8
-8.040001 7.5 8.67 BD8252 0.8
2.36 7.5 9.469999 BD8052 0.8
1.56 8.3 -4.130001 C08055 0.8
0.7599999 8.3 -3.33 C08055 0.8
0.7599999 8.3 -2.53 C08055 0.8
-0.0400002 8.3 -1.73 C08055 0.8
-0.8400002 8.3 -0.9300003 C08055 0.8
-1.64 8.3 -0.1300001 C08055 0.8
-1.64 8.3 0.6700001 C08055 0.8
-2.44 8.3 1.47 C08055 0.8
-3.24 8.3 2.27 C08055 0.8
-4.04 8.3 3.07 C08055 0.8
-4.04 8.3 3.87 C08055 0.8
-4.84 8.3 4.67 C08055 0.8
-5.64 8.3 5.469999 C08055 0.8
-6.440001 8.3 6.27 BD8052 0.8
-6.440001 8.3 7.07 C08055 0.8
-7.240001 8.3 7.869999 C08055 0.8
-8.040001 8.3 8.67 C6865A 0.8
2.36 8.3 9.469999 C08055 0.8
1.56 9.1 -4.130001 BD8052 0.8
0.7599999 9.1 -3.33 C08055 0.8
0.7599999 9.1 -2.53 C08055 0.8
-0.0400002 9.1 -1.73 C08055 0.8
-0.8400002 9.1 -0.9300003 C08055 0.8
-1.64 9.1 -0.1300001 C08055 0.8
-1.64 9.1 0.6700001 C08055 0.8
-2.44 9.1 1.47 BD8052 0.8
-3.24 9.1 2.27 C08055 0.8
-4.04 9.1 3.07 C08055 0.8
-4.04 9.1 3.87 C08055 0.8
-4.84 9.1 4.67 C08055 0.8
-5.64 9.1 5.469999 C08055 0.8
-6.440001 9.1 6.27 C08055 0.8
-6.440001 9.1 7.07 C08055 0.8
-7.240001 9.1 7.869999 C08055 0.8
-8.040001 9.1 8.67 CE8A63 0.8
2.36 9.1 9.469999 C08055 0.8
1.56 9.900001 -4.130001 C08055 0.8
0.7599999 9.900001 -3.33 C08055 0.8
0.7599999 9.900001 -2.53 C08055 0.8
-0.0400002 9.900001 -1.73 BD8052 0.8
-0.8400002 9.900001 -0.9300003 C08055 0.8
-1.64 9.900001 -0.1300001 C08055 0.8
-1.64 9.900001 0.6700001 C08055 0.8
-2.44 9.900001 1.47 BD8052 0.8
-3.24 9.900001 2.27 BD8052 0.8
-4.04 9.900001 3.07 C08055 0.8
-4.04 9.900001 3.87 C08055 0.8
-4.84 9.900001 4.67 C08055 0.8
-5.64 9.900001 5.469999 C08055 0.8
-6.440001 9.900001 6.27 C08055 0.8
-6.440001 9.900001 7.07 C08055 0.8
-7.240001 9.900001 7.869999 BD8052 0.8
-8.040001 9.900001 8.67 C8885D 0.8
2.36 9.900001 9.469999 C08055 0.8
1.56 10.7 -4.130001 C08055 0.8
0.7599999 10.7 -3.33 8C5129 0.8
0.7599999 10.7 -2.53 5A3112 0.8
-0.0400002 10.7 -1.73 C08055 0.8
-0.8400002 10.7 -0.9300003 5A3010 0.8
-1.64 10.7 -0.1300001 5A3112 0.8
-1.64 10.7 0.6700001 C08055 0.8
-2.44 10.7 1.47 5A3112 0.8
-3.24 10.7 2.27 5D3110 0.8
-4.04 10.7 3.07 C08055 0.8
-4.04 10.7 3.87 5A3112 0.8
-4.84 10.7 4.67 B27349 0.8
-5.64 10.7 5.469999 C08055 0.8
-6.440001 10.7 6.27 5A3112 0.8
-6.440001 10.7 7.07 C08055 0.8
-7.240001 10.7 7.869999 BD7D52 0.8
-8.040001 10.7 8.67 5A3112 0.8
2.36 10.7 9.469999 5A3112 0.8
1.56 11.5 -4.130001 522D10 0.8
0.7599999 11.5 -3.33 522D10 0.8
0.7599999 11.5 -2.53 522D10 0.8
-0.0400002 11.5 -1.73 522D10 0.8
-0.8400002 11.5 -0.9300003 522D10 0.8
-1.64 11.5 -0.1300001 522D10 0.8
-1.64 11.5 0.6700001 522D10 0.8
-2.44 11.5 1.47 522D10 0.8
-3.24 11.5 2.27 522D10 0.8
-4.04 11.5 3.07 522D10 0.8
-4.04 11.5 3.87 522D10 0.8
-4.84 11.5 4.67 522D10 0.8
-5.64 11.5 5.469999 522D10 0.8
-6.440001 11.5 6.27 522D10 0.8
-6.440001 11.5 7.07 522D10 0.8
-7.240001 11.5 7.869999 522D10 0.8
-8.040001 11.5 8.67 522D10 0.8
2.36 11.5 9.469999 522D10 0.8
1.56 12.3 -4.130001 FCDBC0 0.8
0.7599999 12.3 -3.33 FCDBC0 0.8
0.7599999 12.3 -2.53 FCDBC0 0.8
-0.0400002 12.3 -1.73 FCDBC0 0.8
-0.8400002 12.3 -0.9300003 FCDBC0 0.8
-1.64 12.3 -0.1300001 FCDBC0 0.8
-1.64 12.3 0.6700001 FCDBC0 0.8
-2.44 12.3 1.47 FCDBC0 0.8
-3.24 12.3 2.27 FCDBC0 0.8
-4.04 12.3 3.07 FCDBC0 0.8
-4.04 12.3 3.87 FCDBC0 0.8
-4.84 12.3 4.67 FCDBC0 0.8
-5.64 12.3 5.469999 FCDBC0 0.8
-6.440001 12.3 6.27 FCDBC0 0.8
-6.440001 12.3 7.07 FCDBC0 0.8
-7.240001 12.3 7.869999 FCDBC0 0.8
-8.040001 12.3 8.67 F7DBBD 0.8
2.36 12.3 9.469999 FCDBC0 0.8
1.56 13.1 -4.130001 EFE7DE 0.8
0.7599999 13.1 -3.33 EFE7DE 0.8
0.7599999 13.1 -2.53 EFE7DE 0.8
-0.0400002 13.1 -1.73 EFE7DE 0.8
-0.8400002 13.1 -0.9300003 EFE7DE 0.8
-1.64 13.1 -0.1300001 EFE7DE 0.8
-1.64 13.1 0.6700001 EFE7DE 0.8
-2.44 13.1 1.47 EFE7DE 0.8
-3.24 13.1 2.27 EFE7DE 0.8
-4.04 13.1 3.07 EFE7DE 0.8
-4.04 13.1 3.87 EFE7DE 0.8
-4.84 13.1 4.67 EFE7DE 0.8
-5.64 13.1 5.469999 EFE7DE 0.8
-6.440001 13.1 6.27 EFE7DE 0.8
-6.440001 13.1 7.07 EFE7DE 0.8
-7.240001 13.1 7.869999 EFE7DE 0.8
-8.040001 13.1 8.67 FFFFFF 0.8
2.36 13.1 9.469999 EFE7DE 0.8
1.56 13.9 -4.130001 C08055 0.8
0.7599999 13.9 -3.33 C08055 0.8
0.7599999 13.9 -2.53 C08055 0.8
-0.0400002 13.9 -1.73 C08055 0.8
-0.8400002 13.9 -0.9300003 C08055 0.8
-1.64 13.9 -0.1300001 C08055 0.8
-1.64 13.9 0.6700001 C08055 0.8
-2.44 13.9 1.47 C08055 0.8
-3.24 13.9 2.27 C08055 0.8
-4.04 13.9 3.07 BD8052 0.8
-4.04 13.9 3.87 C08055 0.8
-4.84 13.9 4.67 C08055 0.8
-5.64 13.9 5.469999 C08055 0.8
-6.440001 13.9 6.27 C08055 0.8
-6.440001 13.9 7.07 C08055 0.8
-7.240001 13.9 7.869999 C08055 0.8
-8.040001 13.9 8.67 CB8B5F 0.8
2.36 13.9 9.469999 C08055 0.8
1.56 14.7 -4.130001 C08055 0.8
0.7599999 14.7 -3.33 C08055 0.8
0.7599999 14.7 -2.53 C08055 0.8
-0.0400002 14.7 -1.73 AF6C41 0.8
-0.8400002 14.7 -0.9300003 C08055 0.8
-1.64 14.7 -0.1300001 C08055 0.8
-1.64 14.7 0.6700001 C08055 0.8
-2.44 14.7 1.47 C08055 0.8
-3.24 14.7 2.27 C08055 0.8
-4.04 14.7 3.07 C08055 0.8
-4.04 14.7 3.87 C08055 0.8
-4.84 14.7 4.67 C08055 0.8
-5.64 14.7 5.469999 C08055 0.8
-6.440001 14.7 6.27 C08055 0.8
-6.440001 14.7 7.07 C08055 0.8
-7.240001 14.7 7.869999 C08055 0.8
-8.040001 14.7 8.67 C6865A 0.8
2.36 14.7 9.469999 C08055 0.8
1.56 15.5 -4.130001 C08055 0.8
0.7599999 15.5 -3.33 C08055 0.8
0.7599999 15.5 -2.53 C08055 0.8
-0.0400002 15.5 -1.73 BD7E52 0.8
-0.8400002 15.5 -0.9300003 C08055 0.8
-1.64 15.5 -0.1300001 C08055 0.8
-1.64 15.5 0.6700001 C08055 0.8
-2.44 15.5 1.47 C08055 0.8
-3.24 15.5 2.27 C08055 0.8
-4.04 15.5 3.07 BD8052 0.8
-4.04 15.5 3.87 C08055 0.8
-4.84 15.5 4.67 C08055 0.8
-5.64 15.5 5.469999 C08055 0.8
-6.440001 15.5 6.27 C08055 0.8
-6.440001 15.5 7.07 AF6C41 0.8
-7.240001 15.5 7.869999 C08055 0.8
-8.040001 15.5 8.67 C88A5F 0.8
2.36 15.5 9.469999 BD8052 0.8
1.56 16.3 -4.130001 BD8052 0.8
0.7599999 16.3 -3.33 C08055 0.8
0.7599999 16.3 -2.53 C08055 0.8
-0.0400002 16.3 -1.73 BD7D52 0.8
-0.8400002 16.3 -0.9300003 C08055 0.8
-1.64 16.3 -0.1300001 C08055 0.8
-1.64 16.3 0.6700001 C08055 0.8
-2.44 16.3 1.47 C08055 0.8
-3.24 16.3 2.27 BD8052 0.8
-4.04 16.3 3.07 C08055 0.8
-4.04 16.3 3.87 BD8052 0.8
-4.84 16.3 4.67 C08055 0.8
-5.64 16.3 5.469999 C08055 0.8
-6.440001 16.3 6.27 BD8052 0.8
-6.440001 16.3 7.07 C08055 0.8
-7.240001 16.3 7.869999 BD8052 0.8
-8.040001 16.3 8.67 BD8052 0.8
2.36 16.3 9.469999 C07F54 0.8
1.56 17.1 -4.130001 C07F54 0.8
0.7599999 17.1 -3.33 522C10 0.8
0.7599999 17.1 -2.53 572E10 0.8
-0.0400002 17.1 -1.73 C08055 0.8
-0.8400002 17.1 -0.9300003 573010 0.8
-1.64 17.1 -0.1300001 572E10 0.8
-1.64 17.1 0.6700001 C08055 0.8
-2.44 17.1 1.47 5A3012 0.8
-3.24 17.1 2.27 583012 0.8
-4.04 17.1 3.07 C08055 0.8
-4.04 17.1 3.87 572E10 0.8
-4.84 17.1 4.67 522C10 0.8
-5.64 17.1 5.469999 C07F57 0.8
-6.440001 17.1 6.27 572E10 0.8
-6.440001 17.1 7.07 AC6E44 0.8
-7.240001 17.1 7.869999 8C4F2B 0.8
-8.040001 17.1 8.67 572E10 0.8
2.36 17.1 9.469999 572E10 0.8
1.56 17.9 -4.130001 522C10 0.8
1.56 17.9 -3.33 4F2A10 0.8
0.7599999 17.9 -2.53 4F2A10 0.8
-0.0400002 17.9 -1.73 522810 0.8
-0.8400002 17.9 -0.9300003 522A10 0.8
-0.8400002 17.9 -0.1300001 4F2810 0.8
-1.64 17.9 0.6700001 4F2B10 0.8
-2.44 17.9 1.47 522A10 0.8
-3.24 17.9 2.27 4F2B10 0.8
-3.24 17.9 3.07 522A10 0.8
-4.04 17.9 3.87 4F2B10 0.8
-4.84 17.9 4.67 522A10 0.8
-5.64 17.9 5.469999 522A10 0.8
-6.440001 17.9 6.27 4F2B10 0.8
-6.440001 17.9 7.07 522C10 0.8
-7.240001 17.9 7.869999 522A10 0.8
-7.240001 17.9 8.67 522C10 0.8
3.16 17.9 9.469999 522A10 0.8
-0.0400002 18.7 3.87 840808 0.8
-0.0400002 18.7 4.67 830808 0.8
-0.0400002 18.7 5.469999 830808 0.8
-0.0400002 19.5 3.07 8E090A 0.8
-0.8400002 19.5 3.87 8E0908 0.8
-0.8400002 19.5 4.67 8E0908 0.8
-0.8400002 19.5 5.469999 8C0908 0.8
-0.0400002 19.5 6.27 890808 0.8
-0.0400002 20.3 3.07 A51415 0.8
-0.8400002 20.3 3.87 A51415 0.8
-0.8400002 20.3 4.67 A51618 0.8
-0.8400002 20.3 5.469999 AD1A18 0.8
-0.0400002 20.3 6.27 B52021 0.8
-0.0400002 21.1 3.87 B51D1D 0.8
-0.0400002 21.1 4.67 B72021 0.8
-0.0400002 21.1 5.469999 C83031 0.8
0.7599999 21.9 4.67 8E930A 0.8
0.7599999 22.7 4.67 8C9310 0.8
-7.240001 6.7 8.67 FCDBC0 0.8
-7.240001 7.5 8.67 C88B62 0.8
-7.240001 8.3 8.67 C08055 0.8
-7.240001 9.1 8.67 C08055 0.8
-7.240001 9.900001 8.67 C08055 0.8
-7.240001 10.7 8.67 5A3112 0.8
-7.240001 11.5 8.67 522D10 0.8
-7.240001 12.3 8.67 FCDBC0 0.8
-7.240001 13.1 8.67 EFE7DE 0.8
-7.240001 13.9 8.67 C08055 0.8
-7.240001 14.7 8.67 BD8052 0.8
-7.240001 15.5 8.67 C08055 0.8
-7.240001 16.3 8.67 C08055 0.8
-7.240001 17.1 8.67 572E10 0.8
-6.440001 5.1 8.67 BD7D52 0.8
-6.440001 5.900001 8.67 C08055 0.8
-6.440001 6.7 8.67 FCDBC0 0.8
-6.440001 7.5 8.67 CE8E63 0.8
-6.440001 8.3 8.67 BD7D52 0.8
-6.440001 9.1 8.67 C08055 0.8
-6.440001 9.900001 8.67 C08055 0.8
-6.440001 10.7 8.67 C08055 0.8
-6.440001 11.5 8.67 522D10 0.8
-6.440001 12.3 8.67 FCDBC0 0.8
-6.440001 13.1 8.67 EFE7DE 0.8
-6.440001 13.9 8.67 C08055 0.8
-6.440001 14.7 8.67 C08055 0.8
-6.440001 15.5 8.67 C08055 0.8
-6.440001 16.3 8.67 C08055 0.8
-6.440001 17.1 8.67 C08055 0.8
-6.440001 17.9 8.67 4F2810 0.8
-6.440001 18.7 7.869999 4F2910 0.8
-6.440001 18.7 8.67 572E10 0.8
-5.64 5.1 6.27 985F3D 0.8
-5.64 5.1 7.869999 985F3D 0.8
-5.64 5.1 8.67 945D39 0.8
-5.64 5.900001 8.67 C08055 0.8
-5.64 6.7 8.67 FCDBC0 0.8
-5.64 7.5 8.67 C68A63 0.8
-5.64 8.3 8.67 C08055 0.8
-5.64 9.1 8.67 C08055 0.8
-5.64 9.900001 8.67 C08055 0.8
-5.64 10.7 8.67 522C10 0.8
-5.64 11.5 8.67 522D10 0.8
-5.64 12.3 8.67 FCDBC0 0.8
-5.64 13.1 8.67 EFE7DE 0.8
-5.64 13.9 8.67 C08055 0.8
-5.64 14.7 8.67 C08055 0.8
-5.64 15.5 8.67 C08055 0.8
-5.64 16.3 8.67 C08055 0.8
-5.64 17.1 8.67 522D10 0.8
-5.64 17.9 8.67 522C10 0.8
-5.64 18.7 6.27 522C10 0.8
-5.64 18.7 7.07 4F2B10 0.8
-5.64 18.7 7.869999 542D10 0.8
-5.64 18.7 8.67 522E10 0.8
-4.84 5.1 5.469999 985F3D 0.8
-4.84 5.1 7.07 985F3D 0.8
-4.84 5.1 7.869999 985F3D 0.8
-4.84 5.1 8.67 985F3D 0.8
-4.84 5.900001 8.67 C08055 0.8
-4.84 6.7 8.67 FCDBC0 0.8
-4.84 7.5 8.67 C68A63 0.8
-4.84 8.3 8.67 C08055 0.8
-4.84 9.1 8.67 C08055 0.8
-4.84 9.900001 8.67 C08055 0.8
-4.84 10.7 8.67 5A3112 0.8
-4.84 11.5 8.67 522D10 0.8
-4.84 12.3 8.67 FCDBC0 0.8
-4.84 13.1 8.67 EFE7DE 0.8
-4.84 13.9 8.67 C08055 0.8
-4.84 14.7 8.67 C08055 0.8
-4.84 15.5 8.67 C08055 0.8
-4.84 16.3 8.67 C08055 0.8
-4.84 17.1 8.67 572E10 0.8
-4.84 17.9 8.67 4F2A0D 0.8
-4.84 18.7 5.469999 522910 0.8
-4.84 18.7 6.27 522C10 0.8
-4.84 18.7 7.07 542D10 0.8
-4.84 18.7 7.869999 552E10 0.8
-4.84 18.7 8.67 542D10 0.8
-4.04 5.1 6.27 985F3D 0.8
-4.04 5.1 7.07 985F3D 0.8
-4.04 5.1 7.869999 985F3D 0.8
-4.04 5.1 8.67 985F3D 0.8
-4.04 5.900001 8.67 C08055 0.8
-4.04 6.7 8.67 FCDBC0 0.8
-4.04 7.5 8.67 CE8E63 0.8
-4.04 8.3 8.67 C08055 0.8
-4.04 9.1 8.67 C08055 0.8
-4.04 9.900001 8.67 C08055 0.8
-4.04 10.7 8.67 C08055 0.8
-4.04 11.5 8.67 522D10 0.8
-4.04 12.3 8.67 FCDBC0 0.8
-4.04 13.1 8.67 EFE7DE 0.8
-4.04 13.9 8.67 C08055 0.8
-4.04 14.7 8.67 AF6C41 0.8
-4.04 15.5 8.67 C08055 0.8
-4.04 16.3 8.67 C08055 0.8
-4.04 17.1 8.67 BD8052 0.8
-4.04 17.9 8.67 4F2A0D 0.8
-4.04 18.7 4.67 4F2C10 0.8
-4.04 18.7 5.469999 522D10 0.8
-4.04 18.7 6.27 542D10 0.8
-4.04 18.7 7.07 542E10 0.8
-4.04 18.7 7.869999 542C10 0.8
-4.04 18.7 8.67 522D10 0.8
-3.24 5.1 3.07 975D3E 0.8
-3.24 5.1 4.67 985F3D 0.8
-3.24 5.1 5.469999 985F3D 0.8
-3.24 5.1 6.27 985F3D 0.8
-3.24 5.1 7.07 985F3D 0.8
-3.24 5.1 7.869999 985F3D 0.8
-3.24 5.1 8.67 985F3D 0.8
-3.24 5.900001 8.67 C08055 0.8
-3.24 6.7 8.67 FCDBC0 0.8
-3.24 7.5 8.67 C38357 0.8
-3.24 8.3 8.67 C08055 0.8
-3.24 9.1 8.67 C08055 0.8
-3.24 9.900001 8.67 C08055 0.8
-3.24 10.7 8.67 BD7D52 0.8
-3.24 11.5 8.67 522D10 0.8
-3.24 12.3 8.67 FCDBC0 0.8
-3.24 13.1 8.67 EFE7DE 0.8
-3.24 13.9 8.67 C08055 0.8
-3.24 14.7 8.67 C08055 0.8
-3.24 15.5 8.67 C08055 0.8
-3.24 16.3 8.67 C08055 0.8
-3.24 17.1 8.67 7B4320 0.8
-3.24 17.9 8.67 4F2A0D 0.8
-3.24 18.7 3.07 542D10 0.8
-3.24 18.7 3.87 522C10 0.8
-3.24 18.7 4.67 542D10 0.8
-3.24 18.7 5.469999 552E10 0.8
-3.24 18.7 6.27 552E10 0.8
-3.24 18.7 7.07 552E10 0.8
-3.24 18.7 7.869999 522E10 0.8
-3.24 18.7 8.67 522C10 0.8
-2.44 5.1 2.27 985F3D 0.8
-2.44 5.1 3.87 985F3D 0.8
-2.44 5.1 4.67 985F3D 0.8
-2.44 5.1 5.469999 985F3D 0.8
-2.44 5.1 6.27 985F3D 0.8
-2.44 5.1 7.07 985F3D 0.8
-2.44 5.1 7.869999 985F3D 0.8
-2.44 5.1 8.67 985F3D 0.8
-2.44 5.900001 8.67 C08055 0.8
-2.44 6.7 8.67 FCDBC0 0.8
-2.44 7.5 8.67 C6865A 0.8
-2.44 8.3 8.67 C08055 0.8
-2.44 9.1 8.67 C08055 0.8
-2.44 9.900001 8.67 C08055 0.8
-2.44 10.7 8.67 5A3112 0.8
-2.44 11.5 8.67 522D10 0.8
-2.44 12.3 8.67 FCDBC0 0.8
-2.44 13.1 8.67 EFE7DE 0.8
-2.44 13.9 8.67 C08055 0.8
-2.44 14.7 8.67 C08055 0.8
-2.44 15.5 8.67 C08055 0.8
-2.44 16.3 8.67 BD8052 0.8
-2.44 17.1 8.67 572E10 0.8
-2.44 17.9 8.67 4F2A0D 0.8
-2.44 18.7 2.27 4F2A10 0.8
-2.44 18.7 3.07 522D10 0.8
-2.44 18.7 3.87 542D10 0.8
-2.44 18.7 4.67 542E10 0.8
-2.44 18.7 5.469999 522D10 0.8
-2.44 18.7 6.27 572F12 0.8
-2.44 18.7 7.07 522D10 0.8
-2.44 18.7 7.869999 562C10 0.8
-2.44 18.7 8.67 522D10 0.8
-1.64 5.1 3.07 985F3D 0.8
-1.64 5.1 3.87 985F3D 0.8
-1.64 5.1 4.67 985F3D 0.8
-1.64 5.1 5.469999 985F3D 0.8
-1.64 5.1 6.27 985F3D 0.8
-1.64 5.1 7.07 985F3D 0.8
-1.64 5.1 7.869999 985F3D 0.8
-1.64 5.1 8.67 985F3D 0.8
-1.64 5.900001 8.67 C08055 0.8
-1.64 6.7 8.67 FCDBC0 0.8
-1.64 7.5 8.67 C68A63 0.8
-1.64 8.3 8.67 C08055 0.8
-1.64 9.1 8.67 BD8052 0.8
-1.64 9.900001 8.67 C08055 0.8
-1.64 10.7 8.67 C08055 0.8
-1.64 11.5 8.67 522D10 0.8
-1.64 12.3 8.67 FCDBC0 0.8
-1.64 13.1 8.67 EFE7DE 0.8
-1.64 13.9 8.67 C08055 0.8
-1.64 14.7 8.67 C08055 0.8
-1.64 15.5 8.67 C08055 0.8
-1.64 16.3 8.67 C08055 0.8
-1.64 17.1 8.67 BD7D52 0.8
-1.64 17.9 8.67 522910 0.8
-1.64 18.7 1.47 522C10 0.8
-1.64 18.7 2.27 522D10 0.8
-1.64 18.7 3.07 542D10 0.8
-1.64 18.7 3.87 572F12 0.8
-1.64 18.7 4.67 573010 0.8
-1.64 18.7 5.469999 5A3214 0.8
-1.64 18.7 6.27 5A3113 0.8
-1.64 18.7 7.07 552E10 0.8
-1.64 18.7 7.869999 542D10 0.8
-1.64 18.7 8.67 522D10 0.8
-0.8400002 5.1 -0.1300001 BD7D52 0.8
-0.8400002 5.1 1.47 985F3D 0.8
-0.8400002 5.1 2.27 985F3D 0.8
-0.8400002 5.1 3.07 985F3D 0.8
-0.8400002 5.1 3.87 985F3D 0.8
-0.8400002 5.1 4.67 985F3D 0.8
-0.8400002 5.1 5.469999 985F3D 0.8
-0.8400002 5.1 6.27 985F3D 0.8
-0.8400002 5.1 7.07 985F3D 0.8
-0.8400002 5.1 7.869999 985F3D 0.8
-0.8400002 5.1 8.67 985F3D 0.8
-0.8400002 5.900001 8.67 C08055 0.8
-0.8400002 6.7 8.67 FCDBC0 0.8
-0.8400002 7.5 8.67 CE8A63 0.8
-0.8400002 8.3 8.67 C08055 0.8
-0.8400002 9.1 8.67 C08055 0.8
-0.8400002 9.900001 8.67 C08055 0.8
-0.8400002 10.7 8.67 C08055 0.8
-0.8400002 11.5 8.67 522D10 0.8
-0.8400002 12.3 8.67 FCDBC0 0.8
-0.8400002 13.1 8.67 EFE7DE 0.8
-0.8400002 13.9 8.67 C08055 0.8
-0.8400002 14.7 8.67 C08055 0.8
-0.8400002 15.5 8.67 C08055 0.8
-0.8400002 16.3 8.67 C08055 0.8
-0.8400002 17.1 8.67 AC6A44 0.8
-0.8400002 17.9 8.67 522A10 0.8
-0.8400002 18.7 -0.1300001 572E10 0.8
-0.8400002 18.7 0.6700001 522A10 0.8
-0.8400002 18.7 1.47 522D10 0.8
-0.8400002 18.7 2.27 552E10 0.8
-0.8400002 18.7 3.07 542C10 0.8
-0.8400002 18.7 3.87 5A3113 0.8
-0.8400002 18.7 4.67 5A3113 0.8
-0.8400002 18.7 5.469999 5A3214 0.8
-0.8400002 18.7 6.27 5A3214 0.8
-0.8400002 18.7 7.07 572E10 0.8
-0.8400002 18.7 7.869999 542D10 0.8
-0.8400002 18.7 8.67 522D10 0.8
-0.0400002 5.1 -0.9300003 985F3D 0.8
-0.0400002 5.1 0.6700001 985F3D 0.8
-0.0400002 5.1 1.47 985F3D 0.8
-0.0400002 5.1 2.27 985F3D 0.8
-0.0400002 5.1 3.07 985F3D 0.8
-0.0400002 5.1 3.87 985F3D 0.8
-0.0400002 5.1 4.67 985F3D 0.8
-0.0400002 5.1 5.469999 985F3D 0.8
-0.0400002 5.1 6.27 985F3D 0.8
-0.0400002 5.1 7.07 985F3D 0.8
-0.0400002 5.1 7.869999 985F3D 0.8
-0.0400002 5.1 8.67 985F3D 0.8
-0.0400002 5.900001 8.67 C08055 0.8
-0.0400002 6.7 9.469999 FCDBC0 0.8
-0.0400002 7.5 9.469999 CE8E63 0.8
-0.0400002 8.3 9.469999 C08055 0.8
-0.0400002 9.1 9.469999 C08055 0.8
-0.0400002 9.900001 9.469999 C08055 0.8
-0.0400002 10.7 9.469999 5A3112 0.8
-0.0400002 11.5 9.469999 522D10 0.8
-0.0400002 12.3 9.469999 FCDBC0 0.8
-0.0400002 13.1 9.469999 EFE7DE 0.8
-0.0400002 13.9 9.469999 BD8052 0.8
-0.0400002 14.7 9.469999 BD8052 0.8
-0.0400002 15.5 9.469999 C08055 0.8
-0.0400002 16.3 9.469999 BD8052 0.8
-0.0400002 17.1 9.469999 572E10 0.8
-0.0400002 17.9 8.67 522910 0.8
-0.0400002 18.7 -0.9300003 522C10 0.8
-0.0400002 18.7 -0.1300001 522C10 0.8
-0.0400002 18.7 0.6700001 542D10 0.8
-0.0400002 18.7 1.47 552E10 0.8
-0.0400002 18.7 2.27 522E10 0.8
-0.0400002 18.7 3.07 5A3113 0.8
-0.0400002 18.7 6.27 5A3113 0.8
-0.0400002 18.7 7.07 572F12 0.8
-0.0400002 18.7 7.869999 542E10 0.8
-0.0400002 18.7 8.67 522D12 0.8
-0.0400002 19.5 5.469999 890808 0.8
-0.0400002 20.3 5.469999 B51E1E 0.8
0.7599999 5.1 -0.1300001 985F3D 0.8
0.7599999 5.1 0.6700001 985F3D 0.8
0.7599999 5.1 1.47 985F3D 0.8
0.7599999 5.1 2.27 985F3D 0.8
0.7599999 5.1 3.07 985F3D 0.8
0.7599999 5.1 3.87 985F3D 0.8
0.7599999 5.1 4.67 985F3D 0.8
0.7599999 5.1 5.469999 985F3D 0.8
0.7599999 5.1 6.27 985F3D 0.8
0.7599999 5.1 7.07 985F3D 0.8
0.7599999 5.1 7.869999 985F3D 0.8
0.7599999 5.1 8.67 985F3D 0.8
0.7599999 18.7 3.07 840808 0.8
0.7599999 17.9 3.87 830808 0.8
0.7599999 17.9 4.67 830808 0.8
0.7599999 17.9 5.469999 830808 0.8
0.7599999 18.7 6.27 830808 0.8
0.7599999 5.900001 9.469999 C08055 0.8
0.7599999 6.7 9.469999 FCDBC0 0.8
0.7599999 7.5 9.469999 C08055 0.8
0.7599999 8.3 9.469999 C08055 0.8
0.7599999 9.1 9.469999 C08055 0.8
0.7599999 9.900001 9.469999 C08055 0.8
0.7599999 10.7 9.469999 C07F54 0.8
0.7599999 11.5 9.469999 522D10 0.8
0.7599999 12.3 9.469999 FCDBC0 0.8
0.7599999 13.1 9.469999 EFE7DE 0.8
0.7599999 13.9 9.469999 C08055 0.8
0.7599999 14.7 9.469999 BD8052 0.8
0.7599999 15.5 9.469999 BD8052 0.8
0.7599999 16.3 9.469999 C08055 0.8
0.7599999 17.1 9.469999 94572E 0.8
0.7599999 17.9 9.469999 522910 0.8
0.7599999 18.7 -1.73 522A10 0.8
0.7599999 18.7 -0.9300003 522D10 0.8
0.7599999 18.7 -0.1300001 542D10 0.8
0.7599999 18.7 0.6700001 572F12 0.8
0.7599999 18.7 1.47 572F12 0.8
0.7599999 18.7 2.27 572F12 0.8
0.7599999 18.7 3.87 522D10 0.8
0.7599999 18.7 4.67 4F2B10 0.8
0.7599999 18.7 5.469999 522D10 0.8
0.7599999 18.7 7.07 573010 0.8
0.7599999 18.7 7.869999 552E10 0.8
0.7599999 18.7 8.67 522D12 0.8
0.7599999 19.5 3.07 8E0908 0.8
0.7599999 19.5 6.27 8C0908 0.8
0.7599999 20.3 3.07 A51415 0.8
0.7599999 20.3 6.27 AD1C1B 0.8
0.7599999 21.1 3.07 B51C1C 0.8
0.7599999 21.1 6.27 C62D2B 0.8
0.7599999 21.1 3.87 B51E21 0.8
0.7599999 21.9 5.469999 D03939 0.8
1.56 5.1 -3.33 BD7D52 0.8
1.56 5.1 -1.73 985F3D 0.8
1.56 5.1 -0.9300003 985F3D 0.8
1.56 5.1 -0.1300001 985F3D 0.8
1.56 5.1 0.6700001 985F3D 0.8
1.56 5.1 1.47 985F3D 0.8
1.56 5.1 2.27 985F3D 0.8
1.56 5.1 3.07 985F3D 0.8
1.56 5.1 3.87 985F3D 0.8
1.56 5.1 4.67 985F3D 0.8
1.56 5.1 5.469999 985F3D 0.8
1.56 5.1 6.27 985F3D 0.8
1.56 5.1 7.07 985F3D 0.8
1.56 5.1 7.869999 985F3D 0.8
1.56 5.1 8.67 985F3D 0.8
1.56 18.7 3.07 840808 0.8
1.56 17.9 3.87 830808 0.8
1.56 17.9 4.67 830808 0.8
1.56 17.9 5.469999 830808 0.8
1.56 18.7 6.27 840808 0.8
1.56 5.900001 9.469999 C08055 0.8
1.56 6.7 9.469999 FCDBC0 0.8
1.56 7.5 9.469999 C38057 0.8
1.56 8.3 9.469999 C08055 0.8
1.56 9.1 9.469999 C08055 0.8
1.56 9.900001 9.469999 C08055 0.8
1.56 10.7 9.469999 C08055 0.8
1.56 11.5 9.469999 522D10 0.8
1.56 12.3 9.469999 FCDBC0 0.8
1.56 13.1 9.469999 EFE7DE 0.8
1.56 13.9 9.469999 C08055 0.8
1.56 14.7 9.469999 C08055 0.8
1.56 15.5 9.469999 C08055 0.8
1.56 16.3 9.469999 C08055 0.8
1.56 17.1 9.469999 BD8052 0.8
1.56 17.9 9.469999 4F2B10 0.8
1.56 18.7 -2.53 522A10 0.8
1.56 18.7 -1.73 522C10 0.8
1.56 18.7 -0.9300003 542E10 0.8
1.56 18.7 -0.1300001 552E10 0.8
1.56 18.7 0.6700001 573010 0.8
1.56 18.7 1.47 583012 0.8
1.56 18.7 2.27 5A3113 0.8
1.56 18.7 3.87 522C10 0.8
1.56 18.7 4.67 4F2B10 0.8
1.56 18.7 5.469999 522B10 0.8
1.56 18.7 7.07 572F12 0.8
1.56 18.7 7.869999 572F12 0.8
1.56 18.7 8.67 522D12 0.8
1.56 19.5 3.07 8C0A0A 0.8
1.56 19.5 6.27 8C0908 0.8
1.56 20.3 3.07 AA1615 0.8
1.56 20.3 6.27 A51618 0.8
1.56 21.1 3.07 B51E1E 0.8
1.56 21.1 6.27 B52020 0.8
1.56 21.9 3.87 B71E1E 0.8
1.56 21.9 4.67 9F1C1B 0.8
1.56 21.9 5.469999 BD2424 0.8
2.36 5.1 -4.130001 985F3D 0.8
2.36 5.1 -3.33 985F3D 0.8
2.36 5.1 -2.53 985F3D 0.8
2.36 5.1 -1.73 985F3D 0.8
2.36 5.1 -0.9300003 985F3D 0.8
2.36 5.1 -0.1300001 985F3D 0.8
2.36 5.1 0.6700001 985F3D 0.8
2.36 5.1 1.47 985F3D 0.8
2.36 5.1 2.27 985F3D 0.8
2.36 5.1 3.07 985F3D 0.8
2.36 5.1 3.87 985F3D 0.8
2.36 5.1 4.67 985F3D 0.8
2.36 5.1 5.469999 985F3D 0.8
2.36 5.1 6.27 985F3D 0.8
2.36 5.1 7.07 985F3D 0.8
2.36 5.1 7.869999 985F3D 0.8
2.36 5.1 8.67 985F3D 0.8
2.36 5.900001 9.469999 C08055 0.8
2.36 18.7 3.87 830808 0.8
2.36 18.7 4.67 830808 0.8
2.36 18.7 5.469999 830808 0.8
2.36 5.900001 -4.930001 C08055 0.8
2.36 6.7 -4.930001 FCDBC0 0.8
2.36 7.5 -4.930001 CE8E63 0.8
2.36 8.3 -4.930001 C08055 0.8
2.36 9.1 -4.930001 C08055 0.8
2.36 9.900001 -4.930001 C08055 0.8
2.36 10.7 -4.930001 5A3112 0.8
2.36 11.5 -4.930001 522D10 0.8
2.36 12.3 -4.930001 FCDBC0 0.8
2.36 13.1 -4.930001 EFE7DE 0.8
2.36 13.9 -4.930001 C08055 0.8
2.36 14.7 -4.930001 C08055 0.8
2.36 15.5 -4.930001 C08055 0.8
2.36 16.3 -4.930001 C08055 0.8
2.36 17.1 -4.930001 5A3012 0.8
2.36 17.9 -4.930001 4F2B10 0.8
2.36 17.9 9.469999 522C10 0.8
2.36 18.7 -4.130001 522C10 0.8
2.36 18.7 -3.33 4F2B10 0.8
2.36 18.7 -2.53 522C10 0.8
2.36 18.7 -1.73 522D10 0.8
2.36 18.7 -0.9300003 552E10 0.8
2.36 18.7 -0.1300001 552E10 0.8
2.36 18.7 0.6700001 573010 0.8
2.36 18.7 1.47 583012 0.8
2.36 18.7 2.27 5A3113 0.8
2.36 18.7 3.07 583013 0.8
2.36 18.7 6.27 522C10 0.8
2.36 18.7 7.07 583012 0.8
2.36 18.7 7.869999 572F12 0.8
2.36 18.7 8.67 522E12 0.8
2.36 19.5 3.07 870808 0.8
2.36 19.5 6.27 8E0908 0.8
2.36 20.3 3.07 AD1A1E 0.8
2.36 20.3 6.27 A51415 0.8
2.36 21.1 3.87 B71E1E 0.8
2.36 21.1 5.469999 B51D1D 0.8
2.36 21.1 4.67 B71E1E 0.8
3.16 5.1 -3.33 BD7D52 0.8
3.16 5.1 -2.53 985F3D 0.8
3.16 5.1 -1.73 985F3D 0.8
3.16 5.1 -0.9300003 985F3D 0.8
3.16 5.1 -0.1300001 985F3D 0.8
3.16 5.1 0.6700001 985F3D 0.8
3.16 5.1 1.47 985F3D 0.8
3.16 5.1 2.27 985F3D 0.8
3.16 5.1 3.07 985F3D 0.8
3.16 5.1 3.87 985F3D 0.8
3.16 5.1 4.67 985F3D 0.8
3.16 5.1 5.469999 985F3D 0.8
3.16 5.1 6.27 985F3D 0.8
3.16 5.1 7.07 985F3D 0.8
3.16 5.1 7.869999 985F3D 0.8
3.16 5.1 8.67 985F3D 0.8
3.16 19.5 4.67 940E0D 0.8
3.16 5.900001 -4.130001 C08055 0.8
3.16 6.7 -4.130001 FCDBC0 0.8
3.16 6.7 9.469999 FCDBC0 0.8
3.16 7.5 -4.130001 CE926B 0.8
3.16 7.5 9.469999 C6865A 0.8
3.16 8.3 -4.130001 BD8052 0.8
3.16 8.3 9.469999 C08055 0.8
3.16 9.1 -4.130001 C08055 0.8
3.16 9.1 9.469999 BD8052 0.8
3.16 9.900001 -4.130001 C08055 0.8
3.16 9.900001 9.469999 C08055 0.8
3.16 10.7 -4.130001 C08055 0.8
3.16 10.7 9.469999 915831 0.8
3.16 11.5 -4.130001 522D10 0.8
3.16 11.5 9.469999 522D10 0.8
3.16 12.3 -4.130001 FCDBC0 0.8
3.16 12.3 9.469999 FCDBC0 0.8
3.16 13.1 -4.130001 EFE7DE 0.8
3.16 13.1 9.469999 EFE7DE 0.8
3.16 13.9 -4.130001 C08055 0.8
3.16 13.9 9.469999 BD8052 0.8
3.16 14.7 -4.130001 C08055 0.8
3.16 14.7 9.469999 C08055 0.8
3.16 15.5 -4.130001 C08055 0.8
3.16 15.5 9.469999 C08055 0.8
3.16 16.3 -4.130001 C08055 0.8
3.16 16.3 9.469999 C08055 0.8
3.16 17.1 -4.130001 9C5E36 0.8
3.16 17.1 9.469999 542D10 0.8
3.16 17.9 -4.130001 522A10 0.8
3.16 18.7 -3.33 572E10 0.8
3.16 18.7 -2.53 522A10 0.8
3.16 18.7 -1.73 4F2B10 0.8
3.16 18.7 -0.9300003 522B10 0.8
3.16 18.7 -0.1300001 522C10 0.8
3.16 18.7 0.6700001 542D10 0.8
3.16 18.7 1.47 563010 0.8
3.16 18.7 2.27 572F12 0.8
3.16 18.7 3.07 5A3113 0.8
3.16 18.7 3.87 5A3214 0.8
3.16 18.7 4.67 572E10 0.8
3.16 18.7 5.469999 5A3110 0.8
3.16 18.7 6.27 583013 0.8
3.16 18.7 7.07 583013 0.8
3.16 18.7 7.869999 543010 0.8
3.16 18.7 8.67 542D10 0.8
2.36 19.5 3.87 8C0908 0.8
2.36 19.5 5.469999 8E0908 0.8
2.36 20.3 3.87 A51818 0.8
3.16 20.3 4.67 990E10 0.8
2.36 20.3 5.469999 A51415 0.8
3.96 5.900001 -1.73 C08055 0.8
3.96 5.1 -0.9300003 BD7D52 0.8
3.96 5.1 -0.1300001 985F3D 0.8
3.96 5.1 0.6700001 985F3D 0.8
3.96 5.1 1.47 985F3D 0.8
3.96 5.1 2.27 985F3D 0.8
3.96 5.1 3.07 985F3D 0.8
3.96 5.1 3.87 985F3D 0.8
3.96 5.1 4.67 985F3D 0.8
3.96 5.1 5.469999 985F3D 0.8
3.96 5.1 6.27 985F3D 0.8
3.96 5.1 7.07 985F3D 0.8
3.96 5.1 7.869999 985F3D 0.8
3.96 5.1 8.67 985F3D 0.8
3.96 5.900001 9.469999 C08055 0.8
3.16 5.900001 -3.33 C08055 0.8
3.16 5.900001 -2.53 C08055 0.8
3.96 6.7 -1.73 FCDBC0 0.8
3.16 6.7 -3.33 FCDBC0 0.8
3.16 6.7 -2.53 FCDBC0 0.8
3.96 6.7 9.469999 FCDBC0 0.8
3.96 7.5 -1.73 C6865A 0.8
3.16 7.5 -3.33 CE926B 0.8
3.16 7.5 -2.53 CE8E63 0.8
3.96 7.5 9.469999 C6865A 0.8
3.96 8.3 -1.73 C08055 0.8
3.16 8.3 -3.33 C08055 0.8
3.16 8.3 -2.53 C08055 0.8
3.96 8.3 9.469999 C08055 0.8
3.96 9.1 -1.73 C08055 0.8
3.16 9.1 -3.33 C08055 0.8
3.16 9.1 -2.53 C08055 0.8
3.96 9.1 9.469999 C08055 0.8
3.96 9.900001 -1.73 C08055 0.8
3.16 9.900001 -3.33 C08055 0.8
3.16 9.900001 -2.53 C08055 0.8
3.96 9.900001 9.469999 C08055 0.8
3.96 10.7 -1.73 BD7D52 0.8
3.16 10.7 -3.33 C08055 0.8
3.16 10.7 -2.53 5A3112 0.8
3.96 10.7 9.469999 BD8052 0.8
3.96 11.5 -1.73 522D10 0.8
3.16 11.5 -3.33 522D10 0.8
3.16 11.5 -2.53 522D10 0.8
3.96 11.5 9.469999 522D10 0.8
3.96 12.3 -1.73 FCDBC0 0.8
3.16 12.3 -3.33 FCDBC0 0.8
3.16 12.3 -2.53 FCDBC0 0.8
3.96 12.3 9.469999 FCDBC0 0.8
3.96 13.1 -1.73 EFE7DE 0.8
3.16 13.1 -3.33 EFE7DE 0.8
3.16 13.1 -2.53 EFE7DE 0.8
3.96 13.1 9.469999 EFE7DE 0.8
3.96 13.9 -1.73 C08055 0.8
3.16 13.9 -3.33 C08055 0.8
3.16 13.9 -2.53 C08055 0.8
3.96 13.9 9.469999 C08055 0.8
3.96 14.7 -1.73 C08055 0.8
3.16 14.7 -3.33 C08055 0.8
3.16 14.7 -2.53 C08055 0.8
3.96 14.7 9.469999 C08055 0.8
3.96 15.5 -1.73 C08055 0.8
3.16 15.5 -3.33 AD6942 0.8
3.16 15.5 -2.53 C08055 0.8
3.96 15.5 9.469999 C08055 0.8
3.96 16.3 -1.73 BD8052 0.8
3.16 16.3 -3.33 C08055 0.8
3.16 16.3 -2.53 BD8052 0.8
3.96 16.3 9.469999 C08055 0.8
3.96 17.1 -1.73 834B28 0.8
3.16 17.1 -3.33 BD7D52 0.8
3.16 17.1 -2.53 572E10 0.8
3.96 17.1 9.469999 C08055 0.8
3.96 17.9 -1.73 522A10 0.8
3.16 17.9 -3.33 522A10 0.8
3.16 17.9 -2.53 522A10 0.8
3.96 17.9 9.469999 4F2B10 0.8
3.96 18.7 -0.9300003 542D10 0.8
3.96 18.7 -0.1300001 522A10 0.8
3.96 18.7 0.6700001 4F2B10 0.8
3.96 18.7 1.47 522C10 0.8
3.96 18.7 2.27 542D10 0.8
3.96 18.7 3.07 552E10 0.8
3.96 18.7 3.87 583012 0.8
3.96 18.7 4.67 5A3113 0.8
3.96 18.7 5.469999 572F12 0.8
3.96 18.7 6.27 572F12 0.8
3.96 18.7 7.07 572F12 0.8
3.96 18.7 7.869999 522D10 0.8
3.96 18.7 8.67 522D10 0.8
4.76 5.900001 0.6700001 C08055 0.8
4.76 5.1 1.47 A16741 0.8
4.76 5.1 2.27 985F3D 0.8
4.76 5.1 3.07 985F3D 0.8
4.76 5.1 3.87 985F3D 0.8
4.76 5.1 4.67 985F3D 0.8
4.76 5.1 5.469999 985F3D 0.8
4.76 5.1 6.27 985F3D 0.8
4.76 5.1 7.07 985F3D 0.8
4.76 5.1 7.869999 985F3D 0.8
4.76 5.900001 9.469999 C08055 0.8
3.96 5.900001 -0.9300003 C08055 0.8
3.96 5.900001 -0.1300001 C08055 0.8
4.76 6.7 0.6700001 FCDBC0 0.8
3.96 6.7 -0.9300003 FCDBC0 0.8
3.96 6.7 -0.1300001 FCDBC0 0.8
4.76 6.7 9.469999 FCDBC0 0.8
4.76 7.5 0.6700001 C38057 0.8
3.96 7.5 -0.9300003 C6865A 0.8
3.96 7.5 -0.1300001 C38357 0.8
4.76 7.5 9.469999 C68A63 0.8
4.76 8.3 0.6700001 BD8052 0.8
3.96 8.3 -0.9300003 C08055 0.8
3.96 8.3 -0.1300001 C08055 0.8
4.76 8.3 9.469999 C08055 0.8
4.76 9.1 0.6700001 C08055 0.8
3.96 9.1 -0.9300003 C08055 0.8
3.96 9.1 -0.1300001 C08055 0.8
4.76 9.1 9.469999 C08055 0.8
4.76 9.900001 0.6700001 C08055 0.8
3.96 9.900001 -0.9300003 C08055 0.8
3.96 9.900001 -0.1300001 C08055 0.8
4.76 9.900001 9.469999 C08055 0.8
4.76 10.7 0.6700001 AC6F44 0.8
3.96 10.7 -0.9300003 C08055 0.8
3.96 10.7 -0.1300001 5A3112 0.8
4.76 10.7 9.469999 5D3212 0.8
4.76 11.5 0.6700001 522D10 0.8
3.96 11.5 -0.9300003 522D10 0.8
3.96 11.5 -0.1300001 522D10 0.8
4.76 11.5 9.469999 522D10 0.8
4.76 12.3 0.6700001 FCDBC0 0.8
3.96 12.3 -0.9300003 FCDBC0 0.8
3.96 12.3 -0.1300001 FCDBC0 0.8
4.76 12.3 9.469999 FCDBC0 0.8
4.76 13.1 0.6700001 EFE7DE 0.8
3.96 13.1 -0.9300003 EFE7DE 0.8
3.96 13.1 -0.1300001 EFE7DE 0.8
4.76 13.1 9.469999 EFE7DE 0.8
4.76 13.9 0.6700001 C08055 0.8
3.96 13.9 -0.9300003 C08055 0.8
3.96 13.9 -0.1300001 BD8052 0.8
4.76 13.9 9.469999 C08055 0.8
4.76 14.7 0.6700001 C08055 0.8
3.96 14.7 -0.9300003 C08055 0.8
3.96 14.7 -0.1300001 C08055 0.8
4.76 14.7 9.469999 C08055 0.8
4.76 15.5 0.6700001 C08055 0.8
3.96 15.5 -0.9300003 BD8052 0.8
3.96 15.5 -0.1300001 BD8052 0.8
4.76 15.5 9.469999 C08055 0.8
4.76 16.3 0.6700001 C08055 0.8
3.96 16.3 -0.9300003 C08055 0.8
3.96 16.3 -0.1300001 BD8052 0.8
4.76 16.3 9.469999 C08055 0.8
4.76 17.1 0.6700001 522C10 0.8
3.96 17.1 -0.9300003 B7774C 0.8
3.96 17.1 -0.1300001 572E10 0.8
4.76 17.1 9.469999 583012 0.8
4.76 17.9 0.6700001 522A10 0.8
3.96 17.9 -0.9300003 522C10 0.8
3.96 17.9 -0.1300001 522A10 0.8
4.76 17.9 9.469999 522910 0.8
4.76 18.7 1.47 522C10 0.8
4.76 18.7 2.27 4C2A10 0.8
4.76 18.7 3.07 522A10 0.8
4.76 18.7 3.87 522C10 0.8
4.76 18.7 4.67 552D10 0.8
4.76 18.7 5.469999 572C10 0.8
4.76 18.7 6.27 572F12 0.8
4.76 18.7 7.07 572F12 0.8
4.76 18.7 7.869999 552E10 0.8
4.76 18.7 8.67 542D10 0.8
5.56 5.900001 3.07 C08055 0.8
5.56 5.1 3.87 945D39 0.8
5.56 5.1 4.67 985F3D 0.8
5.56 5.1 5.469999 985F3D 0.8
5.56 5.1 6.27 985F3D 0.8
5.56 5.1 7.07 985F3D 0.8
5.56 5.1 7.869999 985F3D 0.8
5.56 5.1 8.67 985F3D 0.8
5.56 5.1 9.469999 C08055 0.8
4.76 5.900001 1.47 C08055 0.8
4.76 5.900001 2.27 C08055 0.8
5.56 5.900001 9.469999 C08055 0.8
5.56 6.7 2.27 FCDBC0 0.8
4.76 6.7 1.47 FCDBC0 0.8
5.56 6.7 9.469999 FCDBC0 0.8
5.56 7.5 2.27 CE8E63 0.8
4.76 7.5 1.47 C08055 0.8
5.56 7.5 9.469999 CE9263 0.8
5.56 8.3 2.27 C08055 0.8
4.76 8.3 1.47 C08055 0.8
5.56 8.3 9.469999 C08055 0.8
5.56 9.1 2.27 C08055 0.8
4.76 9.1 1.47 C08055 0.8
5.56 9.1 9.469999 C08055 0.8
5.56 9.900001 2.27 C08055 0.8
4.76 9.900001 1.47 BD8052 0.8
5.56 9.900001 9.469999 C08055 0.8
5.56 10.7 2.27 7E4720 0.8
4.76 10.7 1.47 C08055 0.8
5.56 10.7 9.469999 5A3010 0.8
5.56 11.5 2.27 522D10 0.8
4.76 11.5 1.47 522D10 0.8
5.56 11.5 9.469999 522D10 0.8
5.56 12.3 2.27 FCDBC0 0.8
4.76 12.3 1.47 FCDBC0 0.8
5.56 12.3 9.469999 FCDBC0 0.8
5.56 13.1 2.27 EFE7DE 0.8
4.76 13.1 1.47 EFE7DE 0.8
5.56 13.1 9.469999 EFE7DE 0.8
5.56 13.9 2.27 C08055 0.8
4.76 13.9 1.47 BD8052 0.8
5.56 13.9 9.469999 C08055 0.8
5.56 14.7 2.27 C08055 0.8
4.76 14.7 1.47 BD8052 0.8
5.56 14.7 9.469999 C08055 0.8
5.56 15.5 2.27 C08055 0.8
4.76 15.5 1.47 C08055 0.8
5.56 15.5 9.469999 AF6C41 0.8
5.56 16.3 2.27 C08055 0.8
4.76 16.3 1.47 C08055 0.8
5.56 16.3 9.469999 BD8052 0.8
5.56 17.1 2.27 542E10 0.8
4.76 17.1 1.47 BD7D52 0.8
5.56 17.1 9.469999 573010 0.8
5.56 17.9 3.07 522A10 0.8
4.76 17.9 1.47 4F2B10 0.8
4.76 17.9 2.27 4F2A10 0.8
5.56 17.9 9.469999 522910 0.8
5.56 18.7 3.87 522C10 0.8
5.56 18.7 4.67 4F2910 0.8
5.56 18.7 5.469999 522A10 0.8
5.56 18.7 6.27 522C10 0.8
5.56 18.7 7.07 572E10 0.8
5.56 18.7 7.869999 572F12 0.8
5.56 18.7 8.67 542D10 0.8
6.36 5.900001 5.469999 C08055 0.8
6.36 5.1 6.27 985F3D 0.8
6.36 5.1 7.07 985F3D 0.8
6.36 5.1 7.869999 985F3D 0.8
6.36 5.1 8.67 985F3D 0.8
6.36 5.1 9.469999 985F3D 0.8
5.56 5.900001 3.87 C08055 0.8
6.36 5.900001 4.67 C08055 0.8
6.36 5.900001 9.469999 C08055 0.8
6.36 6.7 4.67 FCDBC0 0.8
5.56 6.7 3.07 FCDBC0 0.8
5.56 6.7 3.87 FCDBC0 0.8
6.36 6.7 9.469999 FCDBC0 0.8
6.36 7.5 4.67 C38357 0.8
5.56 7.5 3.07 CE8A63 0.8
5.56 7.5 3.87 C68A63 0.8
6.36 7.5 9.469999 CE926B 0.8
6.36 8.3 4.67 BD8052 0.8
5.56 8.3 3.07 C08055 0.8
5.56 8.3 3.87 C08055 0.8
6.36 8.3 9.469999 C08055 0.8
6.36 9.1 4.67 C08055 0.8
5.56 9.1 3.07 C08055 0.8
5.56 9.1 3.87 BD8052 0.8
6.36 9.1 9.469999 C08055 0.8
6.36 9.900001 4.67 C08055 0.8
5.56 9.900001 3.07 C08055 0.8
5.56 9.900001 3.87 C08055 0.8
6.36 9.900001 9.469999 C08055 0.8
6.36 10.7 4.67 5A3010 0.8
5.56 10.7 3.07 C08055 0.8
5.56 10.7 3.87 C08055 0.8
6.36 10.7 9.469999 C08055 0.8
6.36 11.5 4.67 522D10 0.8
5.56 11.5 3.07 522D10 0.8
5.56 11.5 3.87 522D10 0.8
6.36 11.5 9.469999 522D10 0.8
6.36 12.3 4.67 FCDBC0 0.8
5.56 12.3 3.07 FCDBC0 0.8
5.56 12.3 3.87 FCDBC0 0.8
6.36 12.3 9.469999 FCDBC0 0.8
6.36 13.1 4.67 EFE7DE 0.8
5.56 13.1 3.07 EFE7DE 0.8
5.56 13.1 3.87 EFE7DE 0.8
6.36 13.1 9.469999 EFE7DE 0.8
6.36 13.9 4.67 C08055 0.8
5.56 13.9 3.07 C08055 0.8
5.56 13.9 3.87 C08055 0.8
6.36 13.9 9.469999 C08055 0.8
6.36 14.7 4.67 BD8052 0.8
5.56 14.7 3.07 C08055 0.8
5.56 14.7 3.87 C08055 0.8
6.36 14.7 9.469999 C08055 0.8
6.36 15.5 4.67 C08055 0.8
5.56 15.5 3.07 C08055 0.8
5.56 15.5 3.87 C08055 0.8
6.36 15.5 9.469999 C08055 0.8
6.36 16.3 4.67 BD8052 0.8
5.56 16.3 3.07 C08055 0.8
5.56 16.3 3.87 C08055 0.8
6.36 16.3 9.469999 C08055 0.8
6.36 17.1 4.67 572E10 0.8
5.56 17.1 3.07 AC6A44 0.8
5.56 17.1 3.87 AC6F44 0.8
6.36 17.1 9.469999 C08055 0.8
6.36 17.9 5.469999 522C10 0.8
5.56 17.9 3.87 522A10 0.8
5.56 17.9 4.67 522A10 0.8
6.36 17.9 9.469999 4F2B10 0.8
6.36 18.7 6.27 522C10 0.8
6.36 18.7 7.07 4C2A10 0.8
6.36 18.7 7.869999 522C10 0.8
6.36 18.7 8.67 522D10 0.8
6.36 18.7 9.469999 572E10 0.8
7.16 5.900001 7.869999 C08055 0.8
7.16 5.1 8.67 985F3D 0.8
7.16 5.1 9.469999 BD7D52 0.8
7.16 5.900001 7.07 C08055 0.8
6.36 5.900001 6.27 C08055 0.8
7.16 5.900001 9.469999 C08055 0.8
7.16 6.7 7.07 FCDBC0 0.8
6.36 6.7 5.469999 FCDBC0 0.8
6.36 6.7 6.27 FCDBC0 0.8
7.16 6.7 9.469999 FCDBC0 0.8
7.16 7.5 7.07 C68A63 0.8
6.36 7.5 5.469999 C38357 0.8
6.36 7.5 6.27 CE8E63 0.8
7.16 7.5 9.469999 CE926B 0.8
7.16 8.3 7.07 C08055 0.8
6.36 8.3 5.469999 BD8052 0.8
6.36 8.3 6.27 C08055 0.8
7.16 8.3 9.469999 C08055 0.8
7.16 9.1 7.07 C08055 0.8
6.36 9.1 5.469999 C08055 0.8
6.36 9.1 6.27 C08055 0.8
7.16 9.1 9.469999 C08055 0.8
7.16 9.900001 7.07 C08055 0.8
6.36 9.900001 5.469999 C08055 0.8
6.36 9.900001 6.27 C08055 0.8
7.16 9.900001 9.469999 C08055 0.8
7.16 10.7 7.07 572E10 0.8
6.36 10.7 5.469999 C08055 0.8
6.36 10.7 6.27 C08055 0.8
7.16 10.7 9.469999 5D3212 0.8
7.16 11.5 7.07 522D10 0.8
6.36 11.5 5.469999 522D10 0.8
6.36 11.5 6.27 522D10 0.8
7.16 11.5 9.469999 522D10 0.8
7.16 12.3 7.07 FCDBC0 0.8
6.36 12.3 5.469999 FCDBC0 0.8
6.36 12.3 6.27 FCDBC0 0.8
7.16 12.3 9.469999 FCDBC0 0.8
7.16 13.1 7.07 EFE7DE 0.8
6.36 13.1 5.469999 EFE7DE 0.8
6.36 13.1 6.27 EFE7DE 0.8
7.16 13.1 9.469999 EFE7DE 0.8
7.16 13.9 7.07 C08055 0.8
6.36 13.9 5.469999 C08055 0.8
6.36 13.9 6.27 C08055 0.8
7.16 13.9 9.469999 C08055 0.8
7.16 14.7 7.07 BD8052 0.8
6.36 14.7 5.469999 C08055 0.8
6.36 14.7 6.27 AF6C41 0.8
7.16 14.7 9.469999 C08055 0.8
7.16 15.5 7.07 C08055 0.8
6.36 15.5 5.469999 C08055 0.8
6.36 15.5 6.27 C08055 0.8
7.16 15.5 9.469999 C08055 0.8
7.16 16.3 7.07 C08055 0.8
6.36 16.3 5.469999 C08055 0.8
6.36 16.3 6.27 C08055 0.8
7.16 16.3 9.469999 C08055 0.8
7.16 17.1 7.07 552E10 0.8
6.36 17.1 5.469999 BD7D52 0.8
6.36 17.1 6.27 9C5E36 0.8
7.16 17.1 9.469999 5A3012 0.8
7.16 17.9 7.869999 522A10 0.8
6.36 17.9 6.27 522A10 0.8
7.16 17.9 7.07 522A10 0.8
7.16 17.9 9.469999 522A10 0.8
7.16 18.7 8.67 4F2A10 0.8
7.16 18.7 9.469999 572E10 0.8
7.16 5.900001 8.67 C08055 0.8
7.16 6.7 7.869999 FCDBC0 0.8
7.16 6.7 8.67 FCDBC0 0.8
7.16 7.5 7.869999 CE8E63 0.8
7.16 7.5 8.67 CE8E63 0.8
7.16 8.3 7.869999 C08055 0.8
7.16 8.3 8.67 BD8052 0.8
7.16 9.1 7.869999 C08055 0.8
7.16 9.1 8.67 C08055 0.8
7.16 9.900001 7.869999 C08055 0.8
7.16 9.900001 8.67 C08055 0.8
7.16 10.7 7.869999 C08055 0.8
7.16 10.7 8.67 BD8052 0.8
7.16 11.5 7.869999 522D10 0.8
7.16 11.5 8.67 522D10 0.8
7.16 12.3 7.869999 FCDBC0 0.8
7.16 12.3 8.67 FCDBC0 0.8
7.16 13.1 7.869999 EFE7DE 0.8
7.16 13.1 8.67 EFE7DE 0.8
7.16 13.9 7.869999 C08055 0.8
7.16 13.9 8.67 C08055 0.8
7.16 14.7 7.869999 BD8052 0.8
7.16 14.7 8.67 C08055 0.8
7.16 15.5 7.869999 C08055 0.8
7.16 15.5 8.67 C08055 0.8
7.16 16.3 7.869999 C08055 0.8
7.16 16.3 8.67 C08055 0.8
7.16 17.1 7.869999 BD7D52 0.8
7.16 17.1 8.67 945B2E 0.8
7.16 17.9 8.67 522A10 0.8
