8.820002 0.2 4.409999 806131 0.735
-8.82 0.9349999 4.410001 A07941 0.735
3.675 0.9349999 -4.410001 73572E 0.735
8.820002 0.9349999 4.409999 806131 0.735
-8.82 1.67 4.410001 A07941 0.735
3.675 1.67 -4.410001 73572E 0.735
8.820002 1.67 4.409999 806131 0.735
-8.82 2.405 4.410001 A07941 0.735
-8.085001 2.405 4.410001 A07941 0.735
-7.35 2.405 4.410001 A07941 0.735
-6.615 2.405 4.410001 A07941 0.735
-5.88 2.405 4.410001 A07941 0.735
-5.145 2.405 4.410001 A07941 0.735
-4.41 2.405 4.410001 A07941 0.735
-3.675 2.405 4.410001 A07941 0.735
-2.94 2.405 4.410001 A07941 0.735
-2.205 2.405 4.410001 A07941 0.735
-1.47 2.405 4.410001 A07941 0.735
-0.7349995 2.405 4.41 A07941 0.735
4.768372E-07 2.405 4.41 A07941 0.735
0.7350005 2.405 4.41 A07941 0.735
1.470001 2.405 4.41 A07941 0.735
2.205001 2.405 4.41 A07941 0.735
2.940001 2.405 4.41 A07941 0.735
3.675001 2.405 4.41 A07941 0.735
4.410001 2.405 4.409999 A07941 0.735
5.145001 2.405 4.41 A07941 0.735
5.880001 2.405 4.41 A07941 0.735
6.615001 2.405 4.409999 A07941 0.735
7.350001 2.405 4.409999 A07941 0.735
8.085001 2.405 4.41 A07941 0.735
8.820002 2.405 4.409999 806131 0.735
-8.82 3.14 4.410001 A07941 0.735
-8.085001 3.14 4.410001 A07941 0.735
-7.35 3.14 4.410001 A07941 0.735
-6.615 3.14 4.410001 A07941 0.735
-5.88 3.14 4.410001 A07941 0.735
-5.145 3.14 4.410001 A07941 0.735
-4.41 3.14 4.410001 A07941 0.735
-3.675 3.14 4.410001 A07941 0.735
-2.94 3.14 4.410001 A07941 0.735
-2.205 3.14 4.410001 A07941 0.735
-1.47 3.14 4.410001 A07941 0.735
-0.7349995 3.14 4.41 A07941 0.735
4.768372E-07 3.14 4.41 A07941 0.735
0.7350005 3.14 4.41 A07941 0.735
1.470001 3.14 4.41 A07941 0.735
2.205001 3.14 4.41 A07941 0.735
2.940001 3.14 4.41 A07941 0.735
3.675001 3.14 4.41 A07941 0.735
4.410001 3.14 4.409999 A07941 0.735
5.145001 3.14 4.41 A07941 0.735
5.880001 3.14 4.41 A07941 0.735
6.615001 3.14 4.409999 A07941 0.735
7.350001 3.14 4.409999 A07941 0.735
8.085001 3.14 4.41 A07941 0.735
8.820002 3.14 4.409999 806131 0.735
-8.82 3.875 4.410001 A07941 0.735
-8.085001 3.875 4.410001 C6C5A7 0.735
-7.35 3.875 4.410001 C6C5A7 0.735
-6.615 3.875 4.410001 C6C5A7 0.735
-5.88 3.875 4.410001 C6C5A7 0.735
-5.145 3.875 4.410001 C6C5A7 0.735
-4.41 3.875 4.410001 C6C5A7 0.735
-3.675 3.875 4.410001 C22DAC 0.735
-2.94 3.875 4.410001 C22DAC 0.735
-2.205 3.875 4.410001 C22DAC 0.735
-1.47 3.875 4.410001 C22DAC 0.735
-0.7349995 3.875 4.41 C22DAC 0.735
4.768372E-07 3.875 4.41 C22DAC 0.735
0.7350005 3.875 4.41 C22DAC 0.735
1.470001 3.875 4.41 C22DAC 0.735
2.205001 3.875 4.41 C22DAC 0.735
2.940001 3.875 4.41 C22DAC 0.735
3.675001 3.875 4.41 C22DAC 0.735
4.410001 3.875 4.409999 C22DAC 0.735
5.145001 3.875 4.41 C22DAC 0.735
5.880001 3.875 4.41 C22DAC 0.735
6.615001 3.875 4.409999 C22DAC 0.735
7.350001 3.875 4.409999 C22DAC 0.735
8.085001 3.875 4.41 C22DAC 0.735
8.820002 3.875 4.409999 806131 0.735
-8.82 4.61 4.410001 A07941 0.735
-7.35 4.61 2.940001 525141 0.735
-6.615001 4.61 2.940001 525141 0.735
-5.88 4.61 2.940001 525141 0.735
-5.145 4.61 2.940001 525141 0.735
3.675 4.61 -4.410001 73572E 0.735
8.820002 4.61 4.409999 806131 0.735
-8.82 5.345 4.410001 A07941 0.735
3.675 5.345 -4.410001 73572E 0.735
8.820002 5.345 4.409999 806131 0.735
-8.82 6.079999 4.410001 A07941 0.735
3.675 6.079999 -4.410001 73572E 0.735
8.820002 6.079999 4.409999 806131 0.735
-8.82 6.815 4.410001 A07941 0.735
3.675 6.815 -4.410001 73572E 0.735
8.820002 6.815 4.409999 806131 0.735
-8.82 7.55 4.410001 A07941 0.735
3.675 7.55 -4.410001 73572E 0.735
8.820002 7.55 4.409999 806131 0.735
-8.82 8.285 4.410001 A07941 0.735
3.675 8.285 -4.410001 73572E 0.735
8.820002 8.285 4.409999 806131 0.735
-8.82 9.02 4.410001 A07941 0.735
3.675 9.02 -4.410001 73572E 0.735
8.820002 9.02 4.409999 806131 0.735
-8.82 9.754999 4.410001 A07941 0.735
-8.085001 9.754999 4.410001 A07941 0.735
-7.35 9.754999 4.410001 A07941 0.735
-6.615 9.754999 4.410001 A07941 0.735
-5.88 9.754999 4.410001 A07941 0.735
-5.145 9.754999 4.410001 A07941 0.735
-4.41 9.754999 4.410001 A07941 0.735
-3.675 9.754999 4.410001 A07941 0.735
-2.94 9.754999 4.410001 A07941 0.735
-2.205 9.754999 4.410001 A07941 0.735
-1.47 9.754999 4.410001 A07941 0.735
-0.7349995 9.754999 4.41 A07941 0.735
4.768372E-07 9.754999 4.41 A07941 0.735
0.7350005 9.754999 4.41 A07941 0.735
1.470001 9.754999 4.41 A07941 0.735
2.205001 9.754999 4.41 A07941 0.735
2.940001 9.754999 4.41 A07941 0.735
3.675001 9.754999 4.41 A07941 0.735
4.410001 9.754999 4.409999 A07941 0.735
5.145001 9.754999 4.41 A07941 0.735
5.880001 9.754999 4.41 A07941 0.735
6.615001 9.754999 4.409999 A07941 0.735
7.350001 9.754999 4.409999 A07941 0.735
8.085001 9.754999 4.41 A07941 0.735
8.820002 9.754999 4.409999 806131 0.735
-8.82 10.49 4.410001 A07941 0.735
-8.085001 10.49 4.410001 A07941 0.735
-7.35 10.49 4.410001 A07941 0.735
-6.615 10.49 4.410001 A07941 0.735
-5.88 10.49 4.410001 A07941 0.735
-5.145 10.49 4.410001 A07941 0.735
-4.41 10.49 4.410001 A07941 0.735
-3.675 10.49 4.410001 A07941 0.735
-2.94 10.49 4.410001 A07941 0.735
-2.205 10.49 4.410001 A07941 0.735
-1.47 10.49 4.410001 A07941 0.735
-0.7349995 10.49 4.41 A07941 0.735
4.768372E-07 10.49 4.41 A07941 0.735
0.7350005 10.49 4.41 A07941 0.735
1.470001 10.49 4.41 A07941 0.735
2.205001 10.49 4.41 A07941 0.735
2.940001 10.49 4.41 A07941 0.735
3.675001 10.49 4.41 A07941 0.735
4.410001 10.49 4.409999 A07941 0.735
5.145001 10.49 4.41 A07941 0.735
5.880001 10.49 4.41 A07941 0.735
6.615001 10.49 4.409999 A07941 0.735
7.350001 10.49 4.409999 A07941 0.735
8.085001 10.49 4.41 A07941 0.735
8.820002 10.49 4.409999 806131 0.735
-8.82 11.225 4.410001 A07941 0.735
-7.35 11.225 2.940001 949276 0.735
-6.615001 11.225 2.940001 949276 0.735
-5.88 11.225 2.940001 949276 0.735
-5.145 11.225 2.940001 949276 0.735
3.675 11.225 -4.410001 73572E 0.735
8.820002 11.225 4.409999 806131 0.735
-8.82 11.96 4.410001 A07941 0.735
-8.085001 11.96 4.410001 A07941 0.735
-7.35 11.96 4.410001 A07941 0.735
-6.615 11.96 4.410001 A07941 0.735
-5.88 11.96 4.410001 A07941 0.735
-5.145 11.96 4.410001 A07941 0.735
-4.41 11.96 4.410001 A07941 0.735
-3.675 11.96 4.410001 A07941 0.735
-2.94 11.96 4.410001 A07941 0.735
-2.205 11.96 4.410001 A07941 0.735
-1.47 11.96 4.410001 A07941 0.735
-0.7349995 11.96 4.41 A07941 0.735
4.768372E-07 11.96 4.41 A07941 0.735
0.7350005 11.96 4.41 A07941 0.735
1.470001 11.96 4.41 A07941 0.735
2.205001 11.96 4.41 A07941 0.735
2.940001 11.96 4.41 A07941 0.735
3.675001 11.96 4.41 A07941 0.735
4.410001 11.96 4.409999 A07941 0.735
5.145001 11.96 4.41 A07941 0.735
5.880001 11.96 4.41 A07941 0.735
6.615001 11.96 4.409999 A07941 0.735
7.350001 11.96 4.409999 A07941 0.735
8.085001 11.96 4.41 A07941 0.735
8.820002 11.96 4.409999 806131 0.735
-8.82 12.695 4.410001 A07941 0.735
-8.085001 12.695 4.410001 A07941 0.735
-7.35 12.695 4.410001 A07941 0.735
-6.615 12.695 4.410001 A07941 0.735
-5.88 12.695 4.410001 A07941 0.735
-5.145 12.695 4.410001 A07941 0.735
-4.41 12.695 4.410001 A07941 0.735
-3.675 12.695 4.410001 A07941 0.735
-2.94 12.695 4.410001 A07941 0.735
-2.205 12.695 4.410001 A07941 0.735
-1.47 12.695 4.410001 A07941 0.735
-0.7349995 12.695 4.41 A07941 0.735
4.768372E-07 12.695 4.41 A07941 0.735
0.7350005 12.695 4.41 A07941 0.735
1.470001 12.695 4.41 A07941 0.735
2.205001 12.695 4.41 A07941 0.735
2.940001 12.695 4.41 A07941 0.735
3.675001 12.695 4.41 A07941 0.735
4.410001 12.695 4.409999 A07941 0.735
5.145001 12.695 4.41 A07941 0.735
5.880001 12.695 4.41 A07941 0.735
6.615001 12.695 4.409999 A07941 0.735
7.350001 12.695 4.409999 A07941 0.735
8.085001 12.695 4.41 A07941 0.735
8.820002 12.695 4.409999 806131 0.735
-8.82 13.43 4.410001 A07941 0.735
8.820002 13.43 4.409999 806131 0.735
-8.820002 0.2 -3.674999 806131 0.735
8.085001 0.2 4.41 A07941 0.735
-8.085001 0.2 4.410001 806131 0.735
8.82 0.2 -3.675001 A07941 0.735
-8.820002 0.9349999 -3.674999 806131 0.735
8.085001 0.9349999 4.41 A07941 0.735
-8.085001 0.9349999 4.410001 806131 0.735
8.82 0.9349999 -3.675001 A07941 0.735
-8.820002 1.67 -3.674999 806131 0.735
8.085001 1.67 4.41 A07941 0.735
-8.085001 1.67 4.410001 806131 0.735
8.82 1.67 -3.675001 A07941 0.735
-8.085001 9.02 4.410001 352814 0.735
-7.35 9.02 4.410001 352814 0.735
-6.615 9.02 4.410001 352814 0.735
-5.88 9.02 4.410001 352814 0.735
-5.145 9.02 4.410001 352814 0.735
-4.41 9.02 4.410001 352814 0.735
-3.675 9.02 4.410001 352814 0.735
-2.94 9.02 4.410001 352814 0.735
-2.205 9.02 4.410001 352814 0.735
-1.47 9.02 4.410001 352814 0.735
-0.7349995 9.02 4.41 352814 0.735
4.768372E-07 9.02 4.41 352814 0.735
0.7350005 9.02 4.41 352814 0.735
1.470001 9.02 4.41 352814 0.735
2.205001 9.02 4.41 352814 0.735
2.940001 9.02 4.41 352814 0.735
3.675001 9.02 4.41 352814 0.735
3.675 2.405 -4.410001 73572E 0.735
4.410001 9.02 4.409999 352814 0.735
5.145001 9.02 4.41 352814 0.735
5.880001 9.02 4.41 352814 0.735
6.615001 9.02 4.409999 352814 0.735
7.350001 9.02 4.409999 352814 0.735
8.085001 9.02 4.41 352814 0.735
3.675 3.14 -4.410001 73572E 0.735
-8.820002 3.875 -3.674999 806131 0.735
8.82 3.875 -3.675001 A07941 0.735
-8.820002 4.61 -3.674999 806131 0.735
8.085001 4.61 4.41 A07941 0.735
-8.085001 4.61 4.410001 806131 0.735
8.82 4.61 -3.675001 A07941 0.735
-8.820002 5.345 -3.674999 806131 0.735
8.085001 5.345 4.41 A07941 0.735
-8.085001 5.345 4.410001 806131 0.735
8.82 5.345 -3.675001 A07941 0.735
-8.820002 6.079999 -3.674999 806131 0.735
8.085001 6.079999 4.41 A07941 0.735
-8.085001 6.079999 4.410001 806131 0.735
8.82 6.079999 -3.675001 A07941 0.735
-8.820002 6.815 -3.674999 806131 0.735
8.085001 6.815 4.41 A07941 0.735
-8.085001 6.815 4.410001 806131 0.735
8.82 6.815 -3.675001 A07941 0.735
-8.820002 7.55 -3.674999 806131 0.735
8.085001 7.55 4.41 A07941 0.735
-8.085001 7.55 4.410001 806131 0.735
8.82 7.55 -3.675001 A07941 0.735
-8.820002 8.285 -3.674999 806131 0.735
8.085001 8.285 4.41 A07941 0.735
-8.085001 8.285 4.410001 806131 0.735
8.82 8.285 -3.675001 A07941 0.735
-8.820002 9.02 -3.674999 806131 0.735
8.82 9.02 -3.675001 A07941 0.735
-8.820002 9.754999 -3.674999 806131 0.735
3.675 9.754999 -4.410001 73572E 0.735
8.82 9.754999 -3.675001 A07941 0.735
-8.820002 10.49 -3.674999 806131 0.735
3.675 10.49 -4.410001 73572E 0.735
8.82 10.49 -3.675001 A07941 0.735
-8.820002 11.225 -3.674999 806131 0.735
8.085001 11.225 4.41 A07941 0.735
-8.085001 11.225 4.410001 806131 0.735
8.82 11.225 -3.675001 A07941 0.735
-8.820002 11.96 -3.674999 806131 0.735
-8.085001 11.96 -4.41 73572E 0.735
-7.35 11.96 2.940001 949276 0.735
-6.615001 11.96 2.940001 525141 0.735
-5.88 11.96 2.940001 525141 0.735
-5.145 11.96 2.940001 525141 0.735
-4.410001 11.96 -4.409999 73572E 0.735
-3.675001 11.96 -4.41 73572E 0.735
-2.940001 11.96 -4.41 73572E 0.735
-2.205001 11.96 -4.41 73572E 0.735
-1.470001 11.96 -4.41 73572E 0.735
-0.7350005 11.96 -4.41 73572E 0.735
-4.768372E-07 11.96 -4.41 73572E 0.735
0.7349995 11.96 -4.41 73572E 0.735
1.47 11.96 -4.410001 73572E 0.735
2.205 11.96 -4.410001 73572E 0.735
2.94 11.96 -4.410001 73572E 0.735
3.675 11.96 -4.410001 73572E 0.735
8.82 11.96 -3.675001 A07941 0.735
-8.820002 12.695 -3.674999 806131 0.735
-8.085001 12.695 -4.41 73572E 0.735
-7.350001 12.695 -4.409999 73572E 0.735
-6.615001 12.695 -4.409999 73572E 0.735
-5.880001 12.695 -4.41 73572E 0.735
-5.145001 12.695 -4.41 73572E 0.735
-4.410001 12.695 -4.409999 73572E 0.735
-3.675001 12.695 -4.41 73572E 0.735
-2.940001 12.695 -4.41 73572E 0.735
-2.205001 12.695 -4.41 73572E 0.735
-1.470001 12.695 -4.41 73572E 0.735
-0.7350005 12.695 -4.41 73572E 0.735
-4.768372E-07 12.695 -4.41 73572E 0.735
0.7349995 12.695 -4.41 73572E 0.735
1.47 12.695 -4.410001 73572E 0.735
2.205 12.695 -4.410001 73572E 0.735
2.94 12.695 -4.410001 73572E 0.735
3.675 12.695 -4.410001 73572E 0.735
8.82 12.695 -3.675001 A07941 0.735
-8.820002 13.43 -3.674999 806131 0.735
8.085001 13.43 4.41 A07941 0.735
-8.085001 13.43 4.410001 B78F4A 0.735
-7.35 13.43 4.410001 B78F4A 0.735
-6.615 13.43 4.410001 B78F4A 0.735
-5.88 13.43 4.410001 B78F4A 0.735
-5.145 13.43 4.410001 B78F4A 0.735
-4.41 13.43 4.410001 B78F4A 0.735
-3.675 13.43 4.410001 B78F4A 0.735
-2.94 13.43 4.410001 B78F4A 0.735
-2.205 13.43 4.410001 B78F4A 0.735
-1.47 13.43 4.410001 B78F4A 0.735
-0.7349995 13.43 4.41 B78F4A 0.735
4.768372E-07 13.43 4.41 B78F4A 0.735
0.7350005 13.43 4.41 B78F4A 0.735
1.470001 13.43 4.41 B78F4A 0.735
2.205001 13.43 4.41 B78F4A 0.735
2.940001 13.43 4.41 B78F4A 0.735
3.675001 13.43 4.41 B78F4A 0.735
4.410001 13.43 4.409999 B78F4A 0.735
5.145001 13.43 4.41 B78F4A 0.735
5.880001 13.43 4.41 B78F4A 0.735
6.615001 13.43 4.409999 B78F4A 0.735
7.350001 13.43 4.409999 B78F4A 0.735
8.82 13.43 -3.675001 A07941 0.735
-8.82 2.405 3.675001 352814 0.735
-8.085001 2.405 3.675001 352814 0.735
-7.35 2.405 3.675001 352814 0.735
-6.615 2.405 3.675001 352814 0.735
-5.88 2.405 3.675001 352814 0.735
-5.145 2.405 3.675001 352814 0.735
-4.41 2.405 3.675001 352814 0.735
-3.675 2.405 3.675001 352814 0.735
-2.94 2.405 3.675001 352814 0.735
-2.205 2.405 3.675001 352814 0.735
-1.47 2.405 3.675 352814 0.735
-0.7349995 2.405 3.675001 352814 0.735
4.768372E-07 2.405 3.675 352814 0.735
0.7350005 2.405 3.675 352814 0.735
1.470001 2.405 3.675 352814 0.735
2.205001 2.405 3.675 352814 0.735
2.940001 2.405 3.675 352814 0.735
3.675001 2.405 3.675 352814 0.735
4.410001 2.405 3.675 352814 0.735
5.145001 2.405 3.675 352814 0.735
5.880001 2.405 3.675 352814 0.735
6.615001 2.405 3.674999 352814 0.735
7.350001 2.405 3.675 352814 0.735
8.085001 2.405 3.674999 352814 0.735
8.820002 2.405 3.674999 352814 0.735
-8.82 0.2 3.675001 A07941 0.735
8.820002 0.2 3.674999 806131 0.735
-8.82 0.9349999 3.675001 A07941 0.735
8.820002 0.9349999 3.674999 806131 0.735
-8.82 1.67 3.675001 A07941 0.735
8.820002 1.67 3.674999 806131 0.735
-8.82 9.02 3.675001 352814 0.735
-8.085001 9.02 3.675001 352814 0.735
-7.35 9.02 3.675001 352814 0.735
-6.615 9.02 3.675001 352814 0.735
-5.88 9.02 3.675001 352814 0.735
-5.145 9.02 3.675001 352814 0.735
-4.41 9.02 3.675001 352814 0.735
-3.675 9.02 3.675001 352814 0.735
-2.94 9.02 3.675001 352814 0.735
-2.205 9.02 3.675001 352814 0.735
-1.47 9.02 3.675 352814 0.735
-0.7349995 9.02 3.675001 352814 0.735
4.768372E-07 9.02 3.675 352814 0.735
0.7350005 9.02 3.675 352814 0.735
1.470001 9.02 3.675 352814 0.735
2.205001 9.02 3.675 352814 0.735
2.940001 9.02 3.675 352814 0.735
3.675001 9.02 3.675 352814 0.735
4.410001 9.02 3.675 352814 0.735
5.145001 9.02 3.675 352814 0.735
5.880001 9.02 3.675 352814 0.735
6.615001 9.02 3.674999 352814 0.735
7.350001 9.02 3.675 352814 0.735
8.085001 9.02 3.674999 352814 0.735
8.820002 9.02 3.674999 352814 0.735
-8.82 3.14 3.675001 A07941 0.735
8.820002 3.14 3.674999 A07941 0.735
-8.82 3.875 3.675001 D0CEB2 0.735
3.675 3.875 -4.410001 73572E 0.735
8.820002 3.875 3.674999 B78F4A 0.735
-8.82 4.61 3.675001 A07941 0.735
-8.085001 3.875 3.675001 DBD7BB 0.735
-7.35 3.875 3.675001 DBD7BB 0.735
-6.615 3.875 3.675001 DBD7BB 0.735
-5.88 3.875 3.675001 DBD7BB 0.735
-5.145 3.875 3.675001 DBD7BB 0.735
-4.41 3.875 3.675001 DBD7BB 0.735
-3.675 3.875 3.675001 D64EC3 0.735
-2.94 3.875 3.675001 D64EC3 0.735
-2.205 3.875 3.675001 D64EC3 0.735
-1.47 3.875 3.675 D64EC3 0.735
-0.7349995 3.875 3.675001 D64EC3 0.735
4.768372E-07 3.875 3.675 D64EC3 0.735
0.7350005 3.875 3.675 D64EC3 0.735
1.470001 3.875 3.675 D64EC3 0.735
2.205001 3.875 3.675 D64EC3 0.735
2.940001 3.875 3.675 D64EC3 0.735
3.675001 3.875 3.675 D64EC3 0.735
4.410001 3.875 3.675 D64EC3 0.735
5.145001 3.875 3.675 D64EC3 0.735
5.880001 3.875 3.675 D64EC3 0.735
6.615001 3.875 3.674999 D64EC3 0.735
7.350001 3.875 3.675 D64EC3 0.735
8.085001 3.875 3.674999 D64EC3 0.735
8.820002 4.61 3.674999 806131 0.735
-8.82 5.345 3.675001 A07941 0.735
8.820002 5.345 3.674999 806131 0.735
-8.82 6.079999 3.675001 A07941 0.735
8.820002 6.079999 3.674999 806131 0.735
-8.82 6.815 3.675001 A07941 0.735
8.820002 6.815 3.674999 806131 0.735
-8.82 7.55 3.675001 A07941 0.735
8.820002 7.55 3.674999 806131 0.735
-8.82 8.285 3.675001 A07941 0.735
8.820002 8.285 3.674999 806131 0.735
-8.82 9.754999 3.675001 A07941 0.735
-8.82 11.96 3.675001 543F21 0.735
8.820002 9.754999 3.674999 806131 0.735
-8.82 10.49 3.675001 A07941 0.735
8.820002 10.49 3.674999 806131 0.735
-8.82 11.225 3.675001 A07941 0.735
-8.085001 11.225 3.675001 DBD7BB 0.735
-7.35 11.225 3.675001 DBD7BB 0.735
-6.615 11.225 3.675001 DBD7BB 0.735
-5.88 11.225 3.675001 DBD7BB 0.735
-5.145 11.225 3.675001 DBD7BB 0.735
-4.41 11.225 3.675001 DBD7BB 0.735
-3.675 11.225 3.675001 D64EC3 0.735
-2.94 11.225 3.675001 D64EC3 0.735
-2.205 11.225 3.675001 D64EC3 0.735
-1.47 11.225 3.675 D64EC3 0.735
-0.7349995 11.225 3.675001 D64EC3 0.735
4.768372E-07 11.225 3.675 D64EC3 0.735
0.7350005 11.225 3.675 D64EC3 0.735
1.470001 11.225 3.675 D64EC3 0.735
2.205001 11.225 3.675 D64EC3 0.735
2.940001 11.225 3.675 D64EC3 0.735
3.675001 11.225 3.675 D64EC3 0.735
4.410001 11.225 3.675 D64EC3 0.735
5.145001 11.225 3.675 D64EC3 0.735
5.880001 11.225 3.675 D64EC3 0.735
6.615001 11.225 3.674999 D64EC3 0.735
7.350001 11.225 3.675 D64EC3 0.735
8.085001 11.225 3.674999 D64EC3 0.735
8.820002 11.225 3.674999 806131 0.735
-8.82 12.695 3.675001 543F21 0.735
8.820002 11.96 3.674999 A07941 0.735
8.820002 12.695 3.674999 A07941 0.735
-8.82 13.43 3.675001 B78F4A 0.735
8.820002 13.43 3.674999 806131 0.735
-8.820001 2.405 2.940001 352814 0.735
-8.085001 2.405 2.940001 352814 0.735
-7.35 2.405 2.940001 352814 0.735
-6.615001 2.405 2.940001 352814 0.735
-5.88 2.405 2.940001 352814 0.735
-5.145 2.405 2.940001 352814 0.735
-4.41 2.405 2.940001 352814 0.735
-3.675 2.405 2.940001 352814 0.735
-2.94 2.405 2.940001 352814 0.735
-2.205 2.405 2.940001 352814 0.735
-1.47 2.405 2.940001 352814 0.735
-0.7349998 2.405 2.940001 352814 0.735
2.384186E-07 2.405 2.940001 352814 0.735
0.7350003 2.405 2.940001 352814 0.735
1.47 2.405 2.940001 352814 0.735
2.205 2.405 2.940001 352814 0.735
2.94 2.405 2.940001 352814 0.735
3.675001 2.405 2.939999 352814 0.735
4.410001 2.405 2.940001 352814 0.735
5.145 2.405 2.940001 352814 0.735
5.88 2.405 2.940001 352814 0.735
6.615001 2.405 2.940001 352814 0.735
7.350001 2.405 2.939999 352814 0.735
8.085001 2.405 2.939999 352814 0.735
8.820001 2.405 2.940001 352814 0.735
-8.820001 9.02 2.940001 352814 0.735
-8.085001 9.02 2.940001 352814 0.735
-7.35 9.02 2.940001 352814 0.735
-6.615001 9.02 2.940001 352814 0.735
-5.88 9.02 2.940001 352814 0.735
-5.145 9.02 2.940001 352814 0.735
-4.41 9.02 2.940001 352814 0.735
-3.675 9.02 2.940001 352814 0.735
-2.94 9.02 2.940001 352814 0.735
-2.205 9.02 2.940001 352814 0.735
-1.47 9.02 2.940001 352814 0.735
-0.7349998 9.02 2.940001 352814 0.735
2.384186E-07 9.02 2.940001 352814 0.735
0.7350003 9.02 2.940001 352814 0.735
1.47 9.02 2.940001 352814 0.735
2.205 9.02 2.940001 352814 0.735
2.94 9.02 2.940001 352814 0.735
3.675001 9.02 2.939999 352814 0.735
4.410001 9.02 2.940001 352814 0.735
5.145 9.02 2.940001 352814 0.735
5.88 9.02 2.940001 352814 0.735
6.615001 9.02 2.940001 352814 0.735
7.350001 9.02 2.939999 352814 0.735
8.085001 9.02 2.939999 352814 0.735
8.820001 9.02 2.940001 352814 0.735
-8.820001 3.14 2.940001 A07941 0.735
8.820001 3.14 2.940001 A07941 0.735
-8.820001 3.875 2.940001 D0CEB2 0.735
8.820001 3.875 2.940001 B78F4A 0.735
-8.085001 3.875 2.940001 DBD7BB 0.735
-7.35 3.875 2.940001 DBD7BB 0.735
-6.615001 3.875 2.940001 DBD7BB 0.735
-5.88 3.875 2.940001 DBD7BB 0.735
-5.145 3.875 2.940001 DBD7BB 0.735
-4.41 3.875 2.940001 DBD7BB 0.735
-3.675 3.875 2.940001 D64EC3 0.735
-2.94 3.875 2.940001 D64EC3 0.735
-2.205 3.875 2.940001 D64EC3 0.735
-1.47 3.875 2.940001 D64EC3 0.735
-0.7349998 3.875 2.940001 D64EC3 0.735
2.384186E-07 3.875 2.940001 D64EC3 0.735
0.7350003 3.875 2.940001 D64EC3 0.735
1.47 3.875 2.940001 D64EC3 0.735
2.205 3.875 2.940001 D64EC3 0.735
2.94 3.875 2.940001 D64EC3 0.735
3.675001 3.875 2.939999 D64EC3 0.735
4.410001 3.875 2.940001 D64EC3 0.735
5.145 3.875 2.940001 D64EC3 0.735
5.88 3.875 2.940001 D64EC3 0.735
6.615001 3.875 2.940001 D64EC3 0.735
7.350001 3.875 2.939999 D64EC3 0.735
8.085001 3.875 2.939999 D64EC3 0.735
-8.820001 9.754999 2.940001 A07941 0.735
-8.820001 11.96 2.940001 543F21 0.735
8.820001 9.754999 2.940001 A07941 0.735
-8.820001 10.49 2.940001 A07941 0.735
8.820001 10.49 2.940001 A07941 0.735
-8.085001 11.225 2.940001 DBD7BB 0.735
-4.41 11.225 2.940001 DBD7BB 0.735
-3.675 11.225 2.940001 D64EC3 0.735
-2.94 11.225 2.940001 D64EC3 0.735
-2.205 11.225 2.940001 D64EC3 0.735
-1.47 11.225 2.940001 D64EC3 0.735
-0.7349998 11.225 2.940001 D64EC3 0.735
2.384186E-07 11.225 2.940001 D64EC3 0.735
0.7350003 11.225 2.940001 D64EC3 0.735
1.47 11.225 2.940001 D64EC3 0.735
2.205 11.225 2.940001 D64EC3 0.735
2.94 11.225 2.940001 D64EC3 0.735
3.675001 11.225 2.939999 D64EC3 0.735
4.410001 11.225 2.940001 D64EC3 0.735
5.145 11.225 2.940001 D64EC3 0.735
5.88 11.225 2.940001 D64EC3 0.735
6.615001 11.225 2.940001 D64EC3 0.735
7.350001 11.225 2.939999 D64EC3 0.735
8.085001 11.225 2.939999 D64EC3 0.735
-8.820001 12.695 2.940001 543F21 0.735
8.820001 11.96 2.940001 A07941 0.735
8.820001 12.695 2.940001 A07941 0.735
-8.820001 13.43 2.940001 B78F4A 0.735
-8.820001 2.405 2.205001 352814 0.735
-8.085001 2.405 2.205001 352814 0.735
-7.35 2.405 2.205001 352814 0.735
-6.615001 2.405 2.205001 352814 0.735
-5.88 2.405 2.205001 352814 0.735
-5.145 2.405 2.205001 352814 0.735
-4.41 2.405 2.205001 352814 0.735
-3.675 2.405 2.205001 352814 0.735
-2.94 2.405 2.205 352814 0.735
-2.205 2.405 2.205 352814 0.735
-1.47 2.405 2.205 352814 0.735
-0.7349998 2.405 2.205 352814 0.735
2.384186E-07 2.405 2.205 352814 0.735
0.7350003 2.405 2.205 352814 0.735
1.47 2.405 2.205 352814 0.735
2.205 2.405 2.205 352814 0.735
2.94 2.405 2.205 352814 0.735
3.675001 2.405 2.205 352814 0.735
4.410001 2.405 2.204999 352814 0.735
5.145 2.405 2.205 352814 0.735
5.88 2.405 2.205 352814 0.735
6.615001 2.405 2.204999 352814 0.735
7.350001 2.405 2.204999 352814 0.735
8.085001 2.405 2.204999 352814 0.735
8.820001 2.405 2.204999 352814 0.735
-8.820001 9.02 2.205001 352814 0.735
-8.085001 9.02 2.205001 352814 0.735
-7.35 9.02 2.205001 352814 0.735
-6.615001 9.02 2.205001 352814 0.735
-5.88 9.02 2.205001 352814 0.735
-5.145 9.02 2.205001 352814 0.735
-4.41 9.02 2.205001 352814 0.735
-3.675 9.02 2.205001 352814 0.735
-2.94 9.02 2.205 352814 0.735
-2.205 9.02 2.205 352814 0.735
-1.47 9.02 2.205 352814 0.735
-0.7349998 9.02 2.205 352814 0.735
2.384186E-07 9.02 2.205 352814 0.735
0.7350003 9.02 2.205 352814 0.735
1.47 9.02 2.205 352814 0.735
2.205 9.02 2.205 352814 0.735
2.94 9.02 2.205 352814 0.735
3.675001 9.02 2.205 352814 0.735
4.410001 9.02 2.204999 352814 0.735
5.145 9.02 2.205 352814 0.735
5.88 9.02 2.205 352814 0.735
6.615001 9.02 2.204999 352814 0.735
7.350001 9.02 2.204999 352814 0.735
8.085001 9.02 2.204999 352814 0.735
8.820001 9.02 2.204999 352814 0.735
-8.820001 3.14 2.205001 A07941 0.735
8.820001 3.14 2.204999 A07941 0.735
-8.820001 3.875 2.205001 D0CEB2 0.735
8.820001 3.875 2.204999 B78F4A 0.735
-8.085001 4.61 2.205001 AFAD91 0.735
-8.085001 3.875 2.205001 DBD7BB 0.735
-7.35 3.875 2.205001 DBD7BB 0.735
-6.615001 3.875 2.205001 DBD7BB 0.735
-5.88 3.875 2.205001 DBD7BB 0.735
-5.145 3.875 2.205001 DBD7BB 0.735
-4.41 3.875 2.205001 DBD7BB 0.735
-4.41 4.61 2.205001 AFAD91 0.735
-3.675 3.875 2.205001 D64EC3 0.735
-2.94 3.875 2.205 D64EC3 0.735
-2.205 3.875 2.205 D64EC3 0.735
-1.47 3.875 2.205 D64EC3 0.735
-0.7349998 3.875 2.205 D64EC3 0.735
2.384186E-07 3.875 2.205 D64EC3 0.735
0.7350003 3.875 2.205 D64EC3 0.735
1.47 3.875 2.205 D64EC3 0.735
2.205 3.875 2.205 D64EC3 0.735
2.94 3.875 2.205 D64EC3 0.735
3.675001 3.875 2.205 D64EC3 0.735
4.410001 3.875 2.204999 D64EC3 0.735
5.145 3.875 2.205 D64EC3 0.735
5.88 3.875 2.205 D64EC3 0.735
6.615001 3.875 2.204999 D64EC3 0.735
7.350001 3.875 2.204999 D64EC3 0.735
8.085001 3.875 2.204999 D64EC3 0.735
-7.35 5.345 2.205001 D0CEB2 0.735
-6.615001 5.345 2.205001 D0CEB2 0.735
-5.88 5.345 2.205001 D0CEB2 0.735
-5.145 5.345 2.205001 D0CEB2 0.735
-8.820001 9.754999 2.205001 A07941 0.735
-8.820001 11.96 2.205001 543F21 0.735
8.820001 9.754999 2.204999 A07941 0.735
-8.820001 10.49 2.205001 A07941 0.735
8.820001 10.49 2.204999 A07941 0.735
-8.085001 11.225 2.205001 AFAD91 0.735
-7.35 11.225 2.205001 DBD7BB 0.735
-6.615001 11.225 2.205001 DBD7BB 0.735
-5.88 11.225 2.205001 DBD7BB 0.735
-5.145 11.225 2.205001 DBD7BB 0.735
-4.41 11.225 2.205001 DBD7BB 0.735
-3.675 11.225 2.205001 D64EC3 0.735
-2.94 11.225 2.205 D64EC3 0.735
-2.205 11.225 2.205 D64EC3 0.735
-1.47 11.225 2.205 D64EC3 0.735
-0.7349998 11.225 2.205 D64EC3 0.735
2.384186E-07 11.225 2.205 D64EC3 0.735
0.7350003 11.225 2.205 D64EC3 0.735
1.47 11.225 2.205 D64EC3 0.735
2.205 11.225 2.205 D64EC3 0.735
2.94 11.225 2.205 D64EC3 0.735
3.675001 11.225 2.205 D64EC3 0.735
4.410001 11.225 2.204999 D64EC3 0.735
5.145 11.225 2.205 D64EC3 0.735
5.88 11.225 2.205 D64EC3 0.735
6.615001 11.225 2.204999 D64EC3 0.735
7.350001 11.225 2.204999 D64EC3 0.735
8.085001 11.225 2.204999 D64EC3 0.735
-8.820001 12.695 2.205001 543F21 0.735
-8.085001 11.96 2.205001 AFAD91 0.735
-7.350001 11.96 -4.409999 73572E 0.735
8.820001 11.96 2.204999 A07941 0.735
-6.615001 11.96 -4.409999 73572E 0.735
-5.880001 11.96 -4.41 73572E 0.735
-5.145001 11.96 -4.41 73572E 0.735
-4.41 11.96 2.205001 AFAD91 0.735
8.820001 12.695 2.204999 A07941 0.735
-7.35 11.96 2.205001 D0CEB2 0.735
-6.615001 11.96 2.205001 D0CEB2 0.735
-5.88 11.96 2.205001 D0CEB2 0.735
-5.145 11.96 2.205001 D0CEB2 0.735
-8.820001 13.43 2.205001 B78F4A 0.735
-8.820001 2.405 1.470001 352814 0.735
-8.085001 2.405 1.470001 352814 0.735
-7.350001 2.405 1.470001 352814 0.735
-6.615001 2.405 1.470001 352814 0.735
-5.88 2.405 1.47 352814 0.735
-5.145 2.405 1.470001 352814 0.735
-4.41 2.405 1.470001 352814 0.735
-3.675 2.405 1.470001 352814 0.735
-2.94 2.405 1.47 352814 0.735
-2.205 2.405 1.47 352814 0.735
-1.47 2.405 1.47 352814 0.735
-0.7349999 2.405 1.47 352814 0.735
1.192093E-07 2.405 1.47 352814 0.735
0.7350001 2.405 1.47 352814 0.735
1.47 2.405 1.47 352814 0.735
2.205 2.405 1.47 352814 0.735
2.94 2.405 1.47 352814 0.735
3.675001 2.405 1.47 352814 0.735
4.41 2.405 1.47 352814 0.735
5.145 2.405 1.469999 352814 0.735
5.88 2.405 1.469999 352814 0.735
6.615001 2.405 1.469999 352814 0.735
7.350001 2.405 1.469999 352814 0.735
8.085001 2.405 1.469999 352814 0.735
8.820001 2.405 1.469999 352814 0.735
-8.820001 9.02 1.470001 352814 0.735
-8.085001 9.02 1.470001 352814 0.735
-7.350001 9.02 1.470001 352814 0.735
-6.615001 9.02 1.470001 352814 0.735
-5.88 9.02 1.47 352814 0.735
-5.145 9.02 1.470001 352814 0.735
-4.41 9.02 1.470001 352814 0.735
-3.675 9.02 1.470001 352814 0.735
-2.94 9.02 1.47 352814 0.735
-2.205 9.02 1.47 352814 0.735
-1.47 9.02 1.47 352814 0.735
-0.7349999 9.02 1.47 352814 0.735
1.192093E-07 9.02 1.47 352814 0.735
0.7350001 9.02 1.47 352814 0.735
1.47 9.02 1.47 352814 0.735
2.205 9.02 1.47 352814 0.735
2.94 9.02 1.47 352814 0.735
3.675001 9.02 1.47 352814 0.735
4.41 9.02 1.47 352814 0.735
5.145 9.02 1.469999 352814 0.735
5.88 9.02 1.469999 352814 0.735
6.615001 9.02 1.469999 352814 0.735
7.350001 9.02 1.469999 352814 0.735
8.085001 9.02 1.469999 352814 0.735
8.820001 9.02 1.469999 352814 0.735
-8.820001 3.14 1.470001 A07941 0.735
8.820001 3.14 1.469999 A07941 0.735
-8.820001 3.875 1.470001 D0CEB2 0.735
8.820001 3.875 1.469999 B78F4A 0.735
-8.085001 4.61 1.470001 AFAD91 0.735
-8.085001 3.875 1.470001 DBD7BB 0.735
-7.350001 3.875 1.470001 DBD7BB 0.735
-6.615001 3.875 1.470001 DBD7BB 0.735
-5.88 3.875 1.47 DBD7BB 0.735
-5.145 3.875 1.470001 DBD7BB 0.735
-4.41 3.875 1.470001 DBD7BB 0.735
-4.41 4.61 1.470001 AFAD91 0.735
-3.675 3.875 1.470001 D64EC3 0.735
-2.94 3.875 1.47 D64EC3 0.735
-2.205 3.875 1.47 D64EC3 0.735
-1.47 3.875 1.47 D64EC3 0.735
-0.7349999 3.875 1.47 D64EC3 0.735
1.192093E-07 3.875 1.47 D64EC3 0.735
0.7350001 3.875 1.47 D64EC3 0.735
1.47 3.875 1.47 D64EC3 0.735
2.205 3.875 1.47 D64EC3 0.735
2.94 3.875 1.47 D64EC3 0.735
3.675001 3.875 1.47 D64EC3 0.735
4.41 3.875 1.47 D64EC3 0.735
5.145 3.875 1.469999 D64EC3 0.735
5.88 3.875 1.469999 D64EC3 0.735
6.615001 3.875 1.469999 D64EC3 0.735
7.350001 3.875 1.469999 D64EC3 0.735
8.085001 3.875 1.469999 D64EC3 0.735
-7.350001 5.345 1.470001 D0CEB2 0.735
-6.615001 5.345 1.470001 D0CEB2 0.735
-5.88 5.345 1.47 D0CEB2 0.735
-5.145 5.345 1.470001 D0CEB2 0.735
-8.820001 9.754999 1.470001 A07941 0.735
-8.820001 11.96 1.470001 543F21 0.735
8.820001 9.754999 1.469999 A07941 0.735
-8.820001 10.49 1.470001 A07941 0.735
8.820001 10.49 1.469999 A07941 0.735
-8.085001 11.225 1.470001 AFAD91 0.735
-7.350001 11.225 1.470001 DBD7BB 0.735
-6.615001 11.225 1.470001 DBD7BB 0.735
-5.88 11.225 1.47 DBD7BB 0.735
-5.145 11.225 1.470001 DBD7BB 0.735
-4.41 11.225 1.470001 DBD7BB 0.735
-3.675 11.225 1.470001 D64EC3 0.735
-2.94 11.225 1.47 D64EC3 0.735
-2.205 11.225 1.47 D64EC3 0.735
-1.47 11.225 1.47 D64EC3 0.735
-0.7349999 11.225 1.47 D64EC3 0.735
1.192093E-07 11.225 1.47 D64EC3 0.735
0.7350001 11.225 1.47 D64EC3 0.735
1.47 11.225 1.47 D64EC3 0.735
2.205 11.225 1.47 D64EC3 0.735
2.94 11.225 1.47 D64EC3 0.735
3.675001 11.225 1.47 D64EC3 0.735
4.41 11.225 1.47 D64EC3 0.735
5.145 11.225 1.469999 D64EC3 0.735
5.88 11.225 1.469999 D64EC3 0.735
6.615001 11.225 1.469999 D64EC3 0.735
7.350001 11.225 1.469999 D64EC3 0.735
8.085001 11.225 1.469999 D64EC3 0.735
-8.820001 12.695 1.470001 543F21 0.735
-8.085001 11.96 1.470001 AFAD91 0.735
8.820001 11.96 1.469999 A07941 0.735
-4.41 11.96 1.470001 AFAD91 0.735
8.820001 12.695 1.469999 A07941 0.735
-7.350001 11.96 1.470001 D0CEB2 0.735
-6.615001 11.96 1.470001 D0CEB2 0.735
-5.88 11.96 1.47 D0CEB2 0.735
-5.145 11.96 1.470001 D0CEB2 0.735
-8.820001 13.43 1.470001 B78F4A 0.735
-8.820001 2.405 0.7350006 352814 0.735
-8.085001 2.405 0.7350006 352814 0.735
-7.350001 2.405 0.7350006 352814 0.735
-6.615001 2.405 0.7350006 352814 0.735
-5.88 2.405 0.7350006 352814 0.735
-5.145 2.405 0.7350006 352814 0.735
-4.41 2.405 0.7350006 352814 0.735
-3.675 2.405 0.7350006 352814 0.735
-2.94 2.405 0.7349997 352814 0.735
-2.205 2.405 0.7350006 352814 0.735
-1.47 2.405 0.7349997 352814 0.735
-0.735 2.405 0.7349997 352814 0.735
5.960464E-08 2.405 0.7349997 352814 0.735
0.7350001 2.405 0.7349997 352814 0.735
1.47 2.405 0.7349997 352814 0.735
2.205 2.405 0.7349997 352814 0.735
2.94 2.405 0.7349997 352814 0.735
3.675 2.405 0.7349997 352814 0.735
4.41 2.405 0.7349997 352814 0.735
5.145 2.405 0.7349997 352814 0.735
5.88 2.405 0.7349997 352814 0.735
6.615001 2.405 0.7349987 352814 0.735
7.350001 2.405 0.7349987 352814 0.735
8.085001 2.405 0.7349987 352814 0.735
8.820001 2.405 0.7349987 352814 0.735
-8.820001 9.02 0.7350006 352814 0.735
-8.085001 9.02 0.7350006 352814 0.735
-7.350001 9.02 0.7350006 352814 0.735
-6.615001 9.02 0.7350006 352814 0.735
-5.88 9.02 0.7350006 352814 0.735
-5.145 9.02 0.7350006 352814 0.735
-4.41 9.02 0.7350006 352814 0.735
-3.675 9.02 0.7350006 352814 0.735
-2.94 9.02 0.7349997 352814 0.735
-2.205 9.02 0.7350006 352814 0.735
-1.47 9.02 0.7349997 352814 0.735
-0.735 9.02 0.7349997 352814 0.735
5.960464E-08 9.02 0.7349997 352814 0.735
0.7350001 9.02 0.7349997 352814 0.735
1.47 9.02 0.7349997 352814 0.735
2.205 9.02 0.7349997 352814 0.735
2.94 9.02 0.7349997 352814 0.735
3.675 9.02 0.7349997 352814 0.735
4.41 9.02 0.7349997 352814 0.735
5.145 9.02 0.7349997 352814 0.735
5.88 9.02 0.7349997 352814 0.735
6.615001 9.02 0.7349987 352814 0.735
7.350001 9.02 0.7349987 352814 0.735
8.085001 9.02 0.7349987 352814 0.735
8.820001 9.02 0.7349987 352814 0.735
-8.820001 3.14 0.7350006 A07941 0.735
8.820001 3.14 0.7349987 A07941 0.735
-8.820001 3.875 0.7350006 D0CEB2 0.735
8.820001 3.875 0.7349987 B78F4A 0.735
-8.085001 4.61 0.7350006 AFAD91 0.735
-8.085001 3.875 0.7350006 DBD7BB 0.735
-7.350001 3.875 0.7350006 DBD7BB 0.735
-6.615001 3.875 0.7350006 DBD7BB 0.735
-5.88 3.875 0.7350006 DBD7BB 0.735
-5.145 3.875 0.7350006 DBD7BB 0.735
-4.41 3.875 0.7350006 DBD7BB 0.735
-4.41 4.61 0.7350006 AFAD91 0.735
-3.675 3.875 0.7350006 D64EC3 0.735
-2.94 3.875 0.7349997 D64EC3 0.735
-2.205 3.875 0.7350006 D64EC3 0.735
-1.47 3.875 0.7349997 D64EC3 0.735
-0.735 3.875 0.7349997 D64EC3 0.735
5.960464E-08 3.875 0.7349997 D64EC3 0.735
0.7350001 3.875 0.7349997 D64EC3 0.735
1.47 3.875 0.7349997 D64EC3 0.735
2.205 3.875 0.7349997 D64EC3 0.735
2.94 3.875 0.7349997 D64EC3 0.735
3.675 3.875 0.7349997 D64EC3 0.735
4.41 3.875 0.7349997 D64EC3 0.735
5.145 3.875 0.7349997 D64EC3 0.735
5.88 3.875 0.7349997 D64EC3 0.735
6.615001 3.875 0.7349987 D64EC3 0.735
7.350001 3.875 0.7349987 D64EC3 0.735
8.085001 3.875 0.7349987 D64EC3 0.735
-7.350001 5.345 0.7350006 D0CEB2 0.735
-6.615001 5.345 0.7350006 D0CEB2 0.735
-5.88 5.345 0.7350006 D0CEB2 0.735
-5.145 5.345 0.7350006 D0CEB2 0.735
-8.820001 9.754999 0.7350006 A07941 0.735
-8.820001 11.96 0.7350006 543F21 0.735
8.820001 9.754999 0.7349987 A07941 0.735
-8.820001 10.49 0.7350006 A07941 0.735
8.820001 10.49 0.7349987 A07941 0.735
-8.085001 11.225 0.7350006 AFAD91 0.735
-7.350001 11.225 0.7350006 DBD7BB 0.735
-6.615001 11.225 0.7350006 DBD7BB 0.735
-5.88 11.225 0.7350006 DBD7BB 0.735
-5.145 11.225 0.7350006 DBD7BB 0.735
-4.41 11.225 0.7350006 DBD7BB 0.735
-3.675 11.225 0.7350006 D64EC3 0.735
-2.94 11.225 0.7349997 D64EC3 0.735
-2.205 11.225 0.7350006 D64EC3 0.735
-1.47 11.225 0.7349997 D64EC3 0.735
-0.735 11.225 0.7349997 D64EC3 0.735
5.960464E-08 11.225 0.7349997 D64EC3 0.735
0.7350001 11.225 0.7349997 D64EC3 0.735
1.47 11.225 0.7349997 D64EC3 0.735
2.205 11.225 0.7349997 D64EC3 0.735
2.94 11.225 0.7349997 D64EC3 0.735
3.675 11.225 0.7349997 D64EC3 0.735
4.41 11.225 0.7349997 D64EC3 0.735
5.145 11.225 0.7349997 D64EC3 0.735
5.88 11.225 0.7349997 D64EC3 0.735
6.615001 11.225 0.7349987 D64EC3 0.735
7.350001 11.225 0.7349987 D64EC3 0.735
8.085001 11.225 0.7349987 D64EC3 0.735
-8.820001 12.695 0.7350006 543F21 0.735
-8.085001 11.96 0.7350006 AFAD91 0.735
8.820001 11.96 0.7349987 A07941 0.735
-4.41 11.96 0.7350006 AFAD91 0.735
8.820001 12.695 0.7349987 A07941 0.735
-7.350001 11.96 0.7350006 D0CEB2 0.735
-6.615001 11.96 0.7350006 D0CEB2 0.735
-5.88 11.96 0.7350006 D0CEB2 0.735
-5.145 11.96 0.7350006 D0CEB2 0.735
-8.820001 13.43 0.7350006 B78F4A 0.735
-8.820001 2.405 9.536743E-07 352814 0.735
-8.085001 2.405 9.536743E-07 352814 0.735
-7.350001 2.405 9.536743E-07 352814 0.735
-6.615001 2.405 9.536743E-07 352814 0.735
-5.88 2.405 9.536743E-07 352814 0.735
-5.145 2.405 9.536743E-07 352814 0.735
-4.41 2.405 9.536743E-07 352814 0.735
-3.675 2.405 9.536743E-07 352814 0.735
-2.94 2.405 0 352814 0.735
-2.205 2.405 0 352814 0.735
-1.47 2.405 0 352814 0.735
-0.735 2.405 0 352814 0.735
0 2.405 0 352814 0.735
0.735 2.405 0 352814 0.735
1.47 2.405 0 352814 0.735
2.205 2.405 0 352814 0.735
2.94 2.405 0 352814 0.735
3.675 2.405 -9.536743E-07 352814 0.735
4.41 2.405 -9.536743E-07 352814 0.735
5.145 2.405 -9.536743E-07 352814 0.735
5.88 2.405 -9.536743E-07 352814 0.735
6.615001 2.405 -9.536743E-07 352814 0.735
7.350001 2.405 -9.536743E-07 352814 0.735
8.085001 2.405 -9.536743E-07 352814 0.735
8.820001 2.405 -9.536743E-07 352814 0.735
-8.820001 9.02 9.536743E-07 352814 0.735
-8.085001 9.02 9.536743E-07 352814 0.735
-7.350001 9.02 9.536743E-07 352814 0.735
-6.615001 9.02 9.536743E-07 352814 0.735
-5.88 9.02 9.536743E-07 352814 0.735
-5.145 9.02 9.536743E-07 352814 0.735
-4.41 9.02 9.536743E-07 352814 0.735
-3.675 9.02 9.536743E-07 352814 0.735
-2.94 9.02 0 352814 0.735
-2.205 9.02 0 352814 0.735
-1.47 9.02 0 352814 0.735
-0.735 9.02 0 352814 0.735
0 9.02 0 352814 0.735
0.735 9.02 0 352814 0.735
1.47 9.02 0 352814 0.735
2.205 9.02 0 352814 0.735
2.94 9.02 0 352814 0.735
3.675 9.02 -9.536743E-07 352814 0.735
4.41 9.02 -9.536743E-07 352814 0.735
5.145 9.02 -9.536743E-07 352814 0.735
5.88 9.02 -9.536743E-07 352814 0.735
6.615001 9.02 -9.536743E-07 352814 0.735
7.350001 9.02 -9.536743E-07 352814 0.735
8.085001 9.02 -9.536743E-07 352814 0.735
8.820001 9.02 -9.536743E-07 352814 0.735
-8.820001 3.14 9.536743E-07 A07941 0.735
8.820001 3.14 -9.536743E-07 A07941 0.735
-8.820001 3.875 9.536743E-07 D0CEB2 0.735
8.820001 3.875 -9.536743E-07 B78F4A 0.735
-8.085001 4.61 9.536743E-07 AFAD91 0.735
-8.085001 3.875 9.536743E-07 DBD7BB 0.735
-7.350001 3.875 9.536743E-07 DBD7BB 0.735
-6.615001 3.875 9.536743E-07 DBD7BB 0.735
-5.88 3.875 9.536743E-07 DBD7BB 0.735
-5.145 3.875 9.536743E-07 DBD7BB 0.735
-4.41 3.875 9.536743E-07 DBD7BB 0.735
-4.41 4.61 9.536743E-07 AFAD91 0.735
-3.675 3.875 9.536743E-07 D64EC3 0.735
-2.94 3.875 0 D64EC3 0.735
-2.205 3.875 0 D64EC3 0.735
-1.47 3.875 0 D64EC3 0.735
-0.735 3.875 0 D64EC3 0.735
0 3.875 0 D64EC3 0.735
0.735 3.875 0 D64EC3 0.735
1.47 3.875 0 D64EC3 0.735
2.205 3.875 0 D64EC3 0.735
2.94 3.875 0 D64EC3 0.735
3.675 3.875 -9.536743E-07 D64EC3 0.735
4.41 3.875 -9.536743E-07 D64EC3 0.735
5.145 3.875 -9.536743E-07 D64EC3 0.735
5.88 3.875 -9.536743E-07 D64EC3 0.735
6.615001 3.875 -9.536743E-07 D64EC3 0.735
7.350001 3.875 -9.536743E-07 D64EC3 0.735
8.085001 3.875 -9.536743E-07 D64EC3 0.735
-7.350001 5.345 9.536743E-07 D0CEB2 0.735
-6.615001 5.345 9.536743E-07 D0CEB2 0.735
-5.88 5.345 9.536743E-07 D0CEB2 0.735
-5.145 5.345 9.536743E-07 D0CEB2 0.735
-8.820001 9.754999 9.536743E-07 A07941 0.735
-8.820001 11.96 9.536743E-07 543F21 0.735
8.820001 9.754999 -9.536743E-07 A07941 0.735
-8.820001 10.49 9.536743E-07 A07941 0.735
8.820001 10.49 -9.536743E-07 A07941 0.735
-8.085001 11.225 9.536743E-07 AFAD91 0.735
-7.350001 11.225 9.536743E-07 DBD7BB 0.735
-6.615001 11.225 9.536743E-07 DBD7BB 0.735
-5.88 11.225 9.536743E-07 DBD7BB 0.735
-5.145 11.225 9.536743E-07 DBD7BB 0.735
-4.41 11.225 9.536743E-07 DBD7BB 0.735
-3.675 11.225 9.536743E-07 D64EC3 0.735
-2.94 11.225 0 D64EC3 0.735
-2.205 11.225 0 D64EC3 0.735
-1.47 11.225 0 D64EC3 0.735
-0.735 11.225 0 D64EC3 0.735
0 11.225 0 D64EC3 0.735
0.735 11.225 0 D64EC3 0.735
1.47 11.225 0 D64EC3 0.735
2.205 11.225 0 D64EC3 0.735
2.94 11.225 0 D64EC3 0.735
3.675 11.225 -9.536743E-07 D64EC3 0.735
4.41 11.225 -9.536743E-07 D64EC3 0.735
5.145 11.225 -9.536743E-07 D64EC3 0.735
5.88 11.225 -9.536743E-07 D64EC3 0.735
6.615001 11.225 -9.536743E-07 D64EC3 0.735
7.350001 11.225 -9.536743E-07 D64EC3 0.735
8.085001 11.225 -9.536743E-07 D64EC3 0.735
-8.820001 12.695 9.536743E-07 543F21 0.735
-8.085001 11.96 9.536743E-07 AFAD91 0.735
8.820001 11.96 -9.536743E-07 A07941 0.735
-4.41 11.96 9.536743E-07 AFAD91 0.735
8.820001 12.695 -9.536743E-07 A07941 0.735
-7.350001 11.96 9.536743E-07 D0CEB2 0.735
-6.615001 11.96 9.536743E-07 D0CEB2 0.735
-5.88 11.96 9.536743E-07 D0CEB2 0.735
-5.145 11.96 9.536743E-07 D0CEB2 0.735
-8.820001 13.43 9.536743E-07 B78F4A 0.735
-8.820001 2.405 -0.7349987 352814 0.735
-8.085001 2.405 -0.7349987 352814 0.735
-7.350001 2.405 -0.7349987 352814 0.735
-6.615001 2.405 -0.7349987 352814 0.735
-5.88 2.405 -0.7349997 352814 0.735
-5.145 2.405 -0.7349997 352814 0.735
-4.41 2.405 -0.7349997 352814 0.735
-3.675 2.405 -0.7349997 352814 0.735
-2.94 2.405 -0.7349997 352814 0.735
-2.205 2.405 -0.7349997 352814 0.735
-1.47 2.405 -0.7349997 352814 0.735
-0.7350001 2.405 -0.7349997 352814 0.735
-5.960464E-08 2.405 -0.7349997 352814 0.735
0.735 2.405 -0.7349997 352814 0.735
1.47 2.405 -0.7349997 352814 0.735
2.205 2.405 -0.7350006 352814 0.735
2.94 2.405 -0.7349997 352814 0.735
3.675 2.405 -0.7350006 352814 0.735
4.41 2.405 -0.7350006 352814 0.735
5.145 2.405 -0.7350006 352814 0.735
5.88 2.405 -0.7350006 352814 0.735
6.615001 2.405 -0.7350006 352814 0.735
7.350001 2.405 -0.7350006 352814 0.735
8.085001 2.405 -0.7350006 352814 0.735
8.820001 2.405 -0.7350006 352814 0.735
-8.820001 9.02 -0.7349987 352814 0.735
-8.085001 9.02 -0.7349987 352814 0.735
-7.350001 9.02 -0.7349987 352814 0.735
-6.615001 9.02 -0.7349987 352814 0.735
-5.88 9.02 -0.7349997 352814 0.735
-5.145 9.02 -0.7349997 352814 0.735
-4.41 9.02 -0.7349997 352814 0.735
-3.675 9.02 -0.7349997 352814 0.735
-2.94 9.02 -0.7349997 352814 0.735
-2.205 9.02 -0.7349997 352814 0.735
-1.47 9.02 -0.7349997 352814 0.735
-0.7350001 9.02 -0.7349997 352814 0.735
-5.960464E-08 9.02 -0.7349997 352814 0.735
0.735 9.02 -0.7349997 352814 0.735
1.47 9.02 -0.7349997 352814 0.735
2.205 9.02 -0.7350006 352814 0.735
2.94 9.02 -0.7349997 352814 0.735
3.675 9.02 -0.7350006 352814 0.735
4.41 9.02 -0.7350006 352814 0.735
5.145 9.02 -0.7350006 352814 0.735
5.88 9.02 -0.7350006 352814 0.735
6.615001 9.02 -0.7350006 352814 0.735
7.350001 9.02 -0.7350006 352814 0.735
8.085001 9.02 -0.7350006 352814 0.735
8.820001 9.02 -0.7350006 352814 0.735
-8.820001 3.14 -0.7349987 A07941 0.735
8.820001 3.14 -0.7350006 A07941 0.735
-8.820001 3.875 -0.7349987 D0CEB2 0.735
8.820001 3.875 -0.7350006 B78F4A 0.735
-8.085001 4.61 -0.7349987 AFAD91 0.735
-8.085001 3.875 -0.7349987 DBD7BB 0.735
-7.350001 3.875 -0.7349987 DBD7BB 0.735
-6.615001 3.875 -0.7349987 DBD7BB 0.735
-5.88 3.875 -0.7349997 DBD7BB 0.735
-5.145 3.875 -0.7349997 DBD7BB 0.735
-4.41 3.875 -0.7349997 DBD7BB 0.735
-4.41 4.61 -0.7349997 AFAD91 0.735
-3.675 3.875 -0.7349997 D64EC3 0.735
-2.94 3.875 -0.7349997 D64EC3 0.735
-2.205 3.875 -0.7349997 D64EC3 0.735
-1.47 3.875 -0.7349997 D64EC3 0.735
-0.7350001 3.875 -0.7349997 D64EC3 0.735
-5.960464E-08 3.875 -0.7349997 D64EC3 0.735
0.735 3.875 -0.7349997 D64EC3 0.735
1.47 3.875 -0.7349997 D64EC3 0.735
2.205 3.875 -0.7350006 D64EC3 0.735
2.94 3.875 -0.7349997 D64EC3 0.735
3.675 3.875 -0.7350006 D64EC3 0.735
4.41 3.875 -0.7350006 D64EC3 0.735
5.145 3.875 -0.7350006 D64EC3 0.735
5.88 3.875 -0.7350006 D64EC3 0.735
6.615001 3.875 -0.7350006 D64EC3 0.735
7.350001 3.875 -0.7350006 D64EC3 0.735
8.085001 3.875 -0.7350006 D64EC3 0.735
-7.350001 5.345 -0.7349987 D0CEB2 0.735
-6.615001 5.345 -0.7349987 D0CEB2 0.735
-5.88 5.345 -0.7349997 D0CEB2 0.735
-5.145 5.345 -0.7349997 D0CEB2 0.735
-8.820001 9.754999 -0.7349987 A07941 0.735
-8.820001 11.96 -0.7349987 543F21 0.735
8.820001 9.754999 -0.7350006 A07941 0.735
-8.820001 10.49 -0.7349987 A07941 0.735
8.820001 10.49 -0.7350006 A07941 0.735
-8.085001 11.225 -0.7349987 AFAD91 0.735
-7.350001 11.225 -0.7349987 DBD7BB 0.735
-6.615001 11.225 -0.7349987 DBD7BB 0.735
-5.88 11.225 -0.7349997 DBD7BB 0.735
-5.145 11.225 -0.7349997 DBD7BB 0.735
-4.41 11.225 -0.7349997 DBD7BB 0.735
-3.675 11.225 -0.7349997 D64EC3 0.735
-2.94 11.225 -0.7349997 D64EC3 0.735
-2.205 11.225 -0.7349997 D64EC3 0.735
-1.47 11.225 -0.7349997 D64EC3 0.735
-0.7350001 11.225 -0.7349997 D64EC3 0.735
-5.960464E-08 11.225 -0.7349997 D64EC3 0.735
0.735 11.225 -0.7349997 D64EC3 0.735
1.47 11.225 -0.7349997 D64EC3 0.735
2.205 11.225 -0.7350006 D64EC3 0.735
2.94 11.225 -0.7349997 D64EC3 0.735
3.675 11.225 -0.7350006 D64EC3 0.735
4.41 11.225 -0.7350006 D64EC3 0.735
5.145 11.225 -0.7350006 D64EC3 0.735
5.88 11.225 -0.7350006 D64EC3 0.735
6.615001 11.225 -0.7350006 D64EC3 0.735
7.350001 11.225 -0.7350006 D64EC3 0.735
8.085001 11.225 -0.7350006 D64EC3 0.735
-8.820001 12.695 -0.7349987 543F21 0.735
-8.085001 11.96 -0.7349987 AFAD91 0.735
8.820001 11.96 -0.7350006 A07941 0.735
-4.41 11.96 -0.7349997 AFAD91 0.735
8.820001 12.695 -0.7350006 A07941 0.735
-7.350001 11.96 -0.7349987 D0CEB2 0.735
-6.615001 11.96 -0.7349987 D0CEB2 0.735
-5.88 11.96 -0.7349997 D0CEB2 0.735
-5.145 11.96 -0.7349997 D0CEB2 0.735
-8.820001 13.43 -0.7349987 B78F4A 0.735
-8.820001 2.405 -1.469999 352814 0.735
-8.085001 2.405 -1.469999 352814 0.735
-7.350001 2.405 -1.469999 352814 0.735
-6.615001 2.405 -1.469999 352814 0.735
-5.88 2.405 -1.469999 352814 0.735
-5.145 2.405 -1.469999 352814 0.735
-4.41 2.405 -1.47 352814 0.735
-3.675001 2.405 -1.47 352814 0.735
-2.94 2.405 -1.47 352814 0.735
-2.205 2.405 -1.47 352814 0.735
-1.47 2.405 -1.47 352814 0.735
-0.7350001 2.405 -1.47 352814 0.735
-1.192093E-07 2.405 -1.47 352814 0.735
0.7349999 2.405 -1.47 352814 0.735
1.47 2.405 -1.47 352814 0.735
2.205 2.405 -1.47 352814 0.735
2.94 2.405 -1.47 352814 0.735
3.675 2.405 -1.470001 352814 0.735
4.41 2.405 -1.470001 352814 0.735
5.145 2.405 -1.470001 352814 0.735
5.88 2.405 -1.47 352814 0.735
6.615001 2.405 -1.470001 352814 0.735
7.350001 2.405 -1.470001 352814 0.735
8.085001 2.405 -1.470001 352814 0.735
8.820001 2.405 -1.470001 352814 0.735
-8.820001 9.02 -1.469999 352814 0.735
-8.085001 9.02 -1.469999 352814 0.735
-7.350001 9.02 -1.469999 352814 0.735
-6.615001 9.02 -1.469999 352814 0.735
-5.88 9.02 -1.469999 352814 0.735
-5.145 9.02 -1.469999 352814 0.735
-4.41 9.02 -1.47 352814 0.735
-3.675001 9.02 -1.47 352814 0.735
-2.94 9.02 -1.47 352814 0.735
-2.205 9.02 -1.47 352814 0.735
-1.47 9.02 -1.47 352814 0.735
-0.7350001 9.02 -1.47 352814 0.735
-1.192093E-07 9.02 -1.47 352814 0.735
0.7349999 9.02 -1.47 352814 0.735
1.47 9.02 -1.47 352814 0.735
2.205 9.02 -1.47 352814 0.735
2.94 9.02 -1.47 352814 0.735
3.675 9.02 -1.470001 352814 0.735
4.41 9.02 -1.470001 352814 0.735
5.145 9.02 -1.470001 352814 0.735
5.88 9.02 -1.47 352814 0.735
6.615001 9.02 -1.470001 352814 0.735
7.350001 9.02 -1.470001 352814 0.735
8.085001 9.02 -1.470001 352814 0.735
8.820001 9.02 -1.470001 352814 0.735
-8.820001 3.14 -1.469999 A07941 0.735
8.820001 3.14 -1.470001 A07941 0.735
-8.820001 3.875 -1.469999 D0CEB2 0.735
8.820001 3.875 -1.470001 B78F4A 0.735
-8.085001 4.61 -1.469999 AFAD91 0.735
-8.085001 3.875 -1.469999 DBD7BB 0.735
-7.350001 3.875 -1.469999 DBD7BB 0.735
-6.615001 3.875 -1.469999 DBD7BB 0.735
-5.88 3.875 -1.469999 DBD7BB 0.735
-5.145 3.875 -1.469999 DBD7BB 0.735
-4.41 3.875 -1.47 DBD7BB 0.735
-4.41 4.61 -1.47 AFAD91 0.735
-3.675001 3.875 -1.47 D64EC3 0.735
-2.94 3.875 -1.47 D64EC3 0.735
-2.205 3.875 -1.47 D64EC3 0.735
-1.47 3.875 -1.47 D64EC3 0.735
-0.7350001 3.875 -1.47 D64EC3 0.735
-1.192093E-07 3.875 -1.47 D64EC3 0.735
0.7349999 3.875 -1.47 D64EC3 0.735
1.47 3.875 -1.47 D64EC3 0.735
2.205 3.875 -1.47 D64EC3 0.735
2.94 3.875 -1.47 D64EC3 0.735
3.675 3.875 -1.470001 D64EC3 0.735
4.41 3.875 -1.470001 D64EC3 0.735
5.145 3.875 -1.470001 D64EC3 0.735
5.88 3.875 -1.47 D64EC3 0.735
6.615001 3.875 -1.470001 D64EC3 0.735
7.350001 3.875 -1.470001 D64EC3 0.735
8.085001 3.875 -1.470001 D64EC3 0.735
-7.350001 5.345 -1.469999 D0CEB2 0.735
-6.615001 5.345 -1.469999 D0CEB2 0.735
-5.88 5.345 -1.469999 D0CEB2 0.735
-5.145 5.345 -1.469999 D0CEB2 0.735
-8.820001 9.754999 -1.469999 A07941 0.735
-8.820001 11.96 -1.469999 543F21 0.735
8.820001 9.754999 -1.470001 A07941 0.735
-8.820001 10.49 -1.469999 A07941 0.735
8.820001 10.49 -1.470001 A07941 0.735
-8.085001 11.225 -1.469999 AFAD91 0.735
-7.350001 11.225 -1.469999 DBD7BB 0.735
-6.615001 11.225 -1.469999 DBD7BB 0.735
-5.88 11.225 -1.469999 DBD7BB 0.735
-5.145 11.225 -1.469999 DBD7BB 0.735
-4.41 11.225 -1.47 DBD7BB 0.735
-3.675001 11.225 -1.47 D64EC3 0.735
-2.94 11.225 -1.47 D64EC3 0.735
-2.205 11.225 -1.47 D64EC3 0.735
-1.47 11.225 -1.47 D64EC3 0.735
-0.7350001 11.225 -1.47 D64EC3 0.735
-1.192093E-07 11.225 -1.47 D64EC3 0.735
0.7349999 11.225 -1.47 D64EC3 0.735
1.47 11.225 -1.47 D64EC3 0.735
2.205 11.225 -1.47 D64EC3 0.735
2.94 11.225 -1.47 D64EC3 0.735
3.675 11.225 -1.470001 D64EC3 0.735
4.41 11.225 -1.470001 D64EC3 0.735
5.145 11.225 -1.470001 D64EC3 0.735
5.88 11.225 -1.47 D64EC3 0.735
6.615001 11.225 -1.470001 D64EC3 0.735
7.350001 11.225 -1.470001 D64EC3 0.735
8.085001 11.225 -1.470001 D64EC3 0.735
-8.820001 12.695 -1.469999 543F21 0.735
-8.085001 11.96 -1.469999 AFAD91 0.735
8.820001 11.96 -1.470001 A07941 0.735
-4.41 11.96 -1.47 AFAD91 0.735
8.820001 12.695 -1.470001 A07941 0.735
-7.350001 11.96 -1.469999 D0CEB2 0.735
-6.615001 11.96 -1.469999 D0CEB2 0.735
-5.88 11.96 -1.469999 D0CEB2 0.735
-5.145 11.96 -1.469999 D0CEB2 0.735
-8.820001 13.43 -1.469999 B78F4A 0.735
-8.820001 2.405 -2.204999 352814 0.735
-8.085001 2.405 -2.204999 352814 0.735
-7.350001 2.405 -2.204999 352814 0.735
-6.615001 2.405 -2.204999 352814 0.735
-5.88 2.405 -2.205 352814 0.735
-5.145 2.405 -2.205 352814 0.735
-4.410001 2.405 -2.204999 352814 0.735
-3.675001 2.405 -2.205 352814 0.735
-2.94 2.405 -2.205 352814 0.735
-2.205 2.405 -2.205 352814 0.735
-1.47 2.405 -2.205 352814 0.735
-0.7350003 2.405 -2.205 352814 0.735
-2.384186E-07 2.405 -2.205 352814 0.735
0.7349998 2.405 -2.205 352814 0.735
1.47 2.405 -2.205 352814 0.735
2.205 2.405 -2.205 352814 0.735
2.94 2.405 -2.205 352814 0.735
3.675 2.405 -2.205001 352814 0.735
4.41 2.405 -2.205001 352814 0.735
5.145 2.405 -2.205001 352814 0.735
5.88 2.405 -2.205001 352814 0.735
6.615001 2.405 -2.205001 352814 0.735
7.35 2.405 -2.205001 352814 0.735
8.085001 2.405 -2.205001 352814 0.735
8.820001 2.405 -2.205001 352814 0.735
-8.820001 9.02 -2.204999 352814 0.735
-8.085001 9.02 -2.204999 352814 0.735
-7.350001 9.02 -2.204999 352814 0.735
-6.615001 9.02 -2.204999 352814 0.735
-5.88 9.02 -2.205 352814 0.735
-5.145 9.02 -2.205 352814 0.735
-4.410001 9.02 -2.204999 352814 0.735
-3.675001 9.02 -2.205 352814 0.735
-2.94 9.02 -2.205 352814 0.735
-2.205 9.02 -2.205 352814 0.735
-1.47 9.02 -2.205 352814 0.735
-0.7350003 9.02 -2.205 352814 0.735
-2.384186E-07 9.02 -2.205 352814 0.735
0.7349998 9.02 -2.205 352814 0.735
1.47 9.02 -2.205 352814 0.735
2.205 9.02 -2.205 352814 0.735
2.94 9.02 -2.205 352814 0.735
3.675 9.02 -2.205001 352814 0.735
4.41 9.02 -2.205001 352814 0.735
5.145 9.02 -2.205001 352814 0.735
5.88 9.02 -2.205001 352814 0.735
6.615001 9.02 -2.205001 352814 0.735
7.35 9.02 -2.205001 352814 0.735
8.085001 9.02 -2.205001 352814 0.735
8.820001 9.02 -2.205001 352814 0.735
-8.820001 3.14 -2.204999 A07941 0.735
8.820001 3.14 -2.205001 A07941 0.735
-8.820001 3.875 -2.204999 D0CEB2 0.735
8.820001 3.875 -2.205001 B78F4A 0.735
-8.085001 4.61 -2.204999 AFAD91 0.735
-8.085001 3.875 -2.204999 DBD7BB 0.735
-7.350001 3.875 -2.204999 DBD7BB 0.735
-6.615001 3.875 -2.204999 DBD7BB 0.735
-5.88 3.875 -2.205 DBD7BB 0.735
-5.145 3.875 -2.205 DBD7BB 0.735
-4.410001 3.875 -2.204999 DBD7BB 0.735
-4.410001 4.61 -2.204999 AFAD91 0.735
-3.675001 3.875 -2.205 D64EC3 0.735
-2.94 3.875 -2.205 D64EC3 0.735
-2.205 3.875 -2.205 D64EC3 0.735
-1.47 3.875 -2.205 D64EC3 0.735
-0.7350003 3.875 -2.205 D64EC3 0.735
-2.384186E-07 3.875 -2.205 D64EC3 0.735
0.7349998 3.875 -2.205 D64EC3 0.735
1.47 3.875 -2.205 D64EC3 0.735
2.205 3.875 -2.205 D64EC3 0.735
2.94 3.875 -2.205 D64EC3 0.735
3.675 3.875 -2.205001 D64EC3 0.735
4.41 3.875 -2.205001 D64EC3 0.735
5.145 3.875 -2.205001 D64EC3 0.735
5.88 3.875 -2.205001 D64EC3 0.735
6.615001 3.875 -2.205001 D64EC3 0.735
7.35 3.875 -2.205001 D64EC3 0.735
8.085001 3.875 -2.205001 D64EC3 0.735
-7.350001 5.345 -2.204999 D0CEB2 0.735
-6.615001 5.345 -2.204999 D0CEB2 0.735
-5.88 5.345 -2.205 D0CEB2 0.735
-5.145 5.345 -2.205 D0CEB2 0.735
-8.820001 9.754999 -2.204999 A07941 0.735
-8.820001 11.96 -2.204999 543F21 0.735
8.820001 9.754999 -2.205001 A07941 0.735
-8.820001 10.49 -2.204999 A07941 0.735
8.820001 10.49 -2.205001 A07941 0.735
-8.085001 11.225 -2.204999 AFAD91 0.735
-7.350001 11.225 -2.204999 DBD7BB 0.735
-6.615001 11.225 -2.204999 DBD7BB 0.735
-5.88 11.225 -2.205 DBD7BB 0.735
-5.145 11.225 -2.205 DBD7BB 0.735
-4.410001 11.225 -2.204999 DBD7BB 0.735
-3.675001 11.225 -2.205 D64EC3 0.735
-2.94 11.225 -2.205 D64EC3 0.735
-2.205 11.225 -2.205 D64EC3 0.735
-1.47 11.225 -2.205 D64EC3 0.735
-0.7350003 11.225 -2.205 D64EC3 0.735
-2.384186E-07 11.225 -2.205 D64EC3 0.735
0.7349998 11.225 -2.205 D64EC3 0.735
1.47 11.225 -2.205 D64EC3 0.735
2.205 11.225 -2.205 D64EC3 0.735
2.94 11.225 -2.205 D64EC3 0.735
3.675 11.225 -2.205001 D64EC3 0.735
4.41 11.225 -2.205001 D64EC3 0.735
5.145 11.225 -2.205001 D64EC3 0.735
5.88 11.225 -2.205001 D64EC3 0.735
6.615001 11.225 -2.205001 D64EC3 0.735
7.35 11.225 -2.205001 D64EC3 0.735
8.085001 11.225 -2.205001 D64EC3 0.735
-8.820001 12.695 -2.204999 543F21 0.735
-8.085001 11.96 -2.204999 AFAD91 0.735
8.820001 11.96 -2.205001 A07941 0.735
-4.410001 11.96 -2.204999 AFAD91 0.735
8.820001 12.695 -2.205001 A07941 0.735
-7.350001 11.96 -2.204999 D0CEB2 0.735
-6.615001 11.96 -2.204999 D0CEB2 0.735
-5.88 11.96 -2.205 D0CEB2 0.735
-5.145 11.96 -2.205 D0CEB2 0.735
-8.820001 13.43 -2.204999 B78F4A 0.735
-8.820001 2.405 -2.94 352814 0.735
-8.085001 2.405 -2.939999 352814 0.735
-7.350001 2.405 -2.939999 352814 0.735
-6.615001 2.405 -2.94 352814 0.735
-5.88 2.405 -2.94 352814 0.735
-5.145 2.405 -2.94 352814 0.735
-4.410001 2.405 -2.94 352814 0.735
-3.675001 2.405 -2.939999 352814 0.735
-2.94 2.405 -2.94 352814 0.735
-2.205 2.405 -2.94 352814 0.735
-1.47 2.405 -2.94 352814 0.735
-0.7350003 2.405 -2.94 352814 0.735
-2.384186E-07 2.405 -2.94 352814 0.735
0.7349998 2.405 -2.94 352814 0.735
1.47 2.405 -2.94 352814 0.735
2.205 2.405 -2.94 352814 0.735
2.94 2.405 -2.94 352814 0.735
3.675 2.405 -2.940001 352814 0.735
4.41 2.405 -2.940001 352814 0.735
5.145 2.405 -2.940001 352814 0.735
5.88 2.405 -2.940001 352814 0.735
6.615001 2.405 -2.940001 352814 0.735
7.35 2.405 -2.940001 352814 0.735
8.085001 2.405 -2.940001 352814 0.735
8.820001 2.405 -2.940001 352814 0.735
-8.820001 9.02 -2.94 352814 0.735
-8.085001 9.02 -2.939999 352814 0.735
-7.350001 9.02 -2.939999 352814 0.735
-6.615001 9.02 -2.94 352814 0.735
-5.88 9.02 -2.94 352814 0.735
-5.145 9.02 -2.94 352814 0.735
-4.410001 9.02 -2.94 352814 0.735
-3.675001 9.02 -2.939999 352814 0.735
-2.94 9.02 -2.94 352814 0.735
-2.205 9.02 -2.94 352814 0.735
-1.47 9.02 -2.94 352814 0.735
-0.7350003 9.02 -2.94 352814 0.735
-2.384186E-07 9.02 -2.94 352814 0.735
0.7349998 9.02 -2.94 352814 0.735
1.47 9.02 -2.94 352814 0.735
2.205 9.02 -2.94 352814 0.735
2.94 9.02 -2.94 352814 0.735
3.675 9.02 -2.940001 352814 0.735
4.41 9.02 -2.940001 352814 0.735
5.145 9.02 -2.940001 352814 0.735
5.88 9.02 -2.940001 352814 0.735
6.615001 9.02 -2.940001 352814 0.735
7.35 9.02 -2.940001 352814 0.735
8.085001 9.02 -2.940001 352814 0.735
8.820001 9.02 -2.940001 352814 0.735
-8.820001 3.14 -2.94 A07941 0.735
8.820001 3.14 -2.940001 A07941 0.735
-8.820001 3.875 -2.94 D0CEB2 0.735
8.820001 3.875 -2.940001 B78F4A 0.735
-8.085001 3.875 -2.939999 DBD7BB 0.735
-7.350001 3.875 -2.939999 DBD7BB 0.735
-7.350001 4.61 -2.939999 84836B 0.735
-6.615001 3.875 -2.94 DBD7BB 0.735
-6.615001 4.61 -2.94 84836B 0.735
-5.88 3.875 -2.94 DBD7BB 0.735
-5.88 4.61 -2.94 84836B 0.735
-5.145 3.875 -2.94 DBD7BB 0.735
-5.145 4.61 -2.94 84836B 0.735
-4.410001 3.875 -2.94 DBD7BB 0.735
-3.675001 3.875 -2.939999 D64EC3 0.735
-2.94 3.875 -2.94 D64EC3 0.735
-2.205 3.875 -2.94 D64EC3 0.735
-1.47 3.875 -2.94 D64EC3 0.735
-0.7350003 3.875 -2.94 D64EC3 0.735
-2.384186E-07 3.875 -2.94 D64EC3 0.735
0.7349998 3.875 -2.94 D64EC3 0.735
1.47 3.875 -2.94 D64EC3 0.735
2.205 3.875 -2.94 D64EC3 0.735
2.94 3.875 -2.94 D64EC3 0.735
3.675 3.875 -2.940001 D64EC3 0.735
4.41 3.875 -2.940001 D64EC3 0.735
5.145 3.875 -2.940001 D64EC3 0.735
5.88 3.875 -2.940001 D64EC3 0.735
6.615001 3.875 -2.940001 D64EC3 0.735
7.35 3.875 -2.940001 D64EC3 0.735
8.085001 3.875 -2.940001 D64EC3 0.735
-8.820001 9.754999 -2.94 A07941 0.735
-8.820001 11.96 -2.94 543F21 0.735
8.820001 9.754999 -2.940001 A07941 0.735
-8.820001 10.49 -2.94 A07941 0.735
8.820001 10.49 -2.940001 A07941 0.735
-8.085001 11.225 -2.939999 DBD7BB 0.735
-7.350001 11.225 -2.939999 DBD7BB 0.735
-6.615001 11.225 -2.94 DBD7BB 0.735
-5.88 11.225 -2.94 DBD7BB 0.735
-5.145 11.225 -2.94 DBD7BB 0.735
-4.410001 11.225 -2.94 DBD7BB 0.735
-3.675001 11.225 -2.939999 D64EC3 0.735
-2.94 11.225 -2.94 D64EC3 0.735
-2.205 11.225 -2.94 D64EC3 0.735
-1.47 11.225 -2.94 D64EC3 0.735
-0.7350003 11.225 -2.94 D64EC3 0.735
-2.384186E-07 11.225 -2.94 D64EC3 0.735
0.7349998 11.225 -2.94 D64EC3 0.735
1.47 11.225 -2.94 D64EC3 0.735
2.205 11.225 -2.94 D64EC3 0.735
2.94 11.225 -2.94 D64EC3 0.735
3.675 11.225 -2.940001 D64EC3 0.735
4.41 11.225 -2.940001 D64EC3 0.735
5.145 11.225 -2.940001 D64EC3 0.735
5.88 11.225 -2.940001 D64EC3 0.735
6.615001 11.225 -2.940001 D64EC3 0.735
7.35 11.225 -2.940001 D64EC3 0.735
8.085001 11.225 -2.940001 D64EC3 0.735
-8.820001 12.695 -2.94 543F21 0.735
8.820001 11.96 -2.940001 A07941 0.735
-7.350001 11.96 -2.939999 84836B 0.735
-6.615001 11.96 -2.94 84836B 0.735
-5.88 11.96 -2.94 84836B 0.735
-5.145 11.96 -2.94 84836B 0.735
8.820001 12.695 -2.940001 A07941 0.735
-8.820001 13.43 -2.94 B78F4A 0.735
-8.820002 2.405 -3.674999 352814 0.735
-8.085001 2.405 -3.674999 352814 0.735
-7.350001 2.405 -3.675 352814 0.735
-6.615001 2.405 -3.674999 352814 0.735
-5.880001 2.405 -3.675 352814 0.735
-5.145001 2.405 -3.675 352814 0.735
-4.410001 2.405 -3.675 352814 0.735
-3.675001 2.405 -3.675 352814 0.735
-2.940001 2.405 -3.675 352814 0.735
-2.205001 2.405 -3.675 352814 0.735
-1.470001 2.405 -3.675 352814 0.735
-0.7350005 2.405 -3.675 352814 0.735
-4.768372E-07 2.405 -3.675 352814 0.735
0.7349995 2.405 -3.675001 352814 0.735
1.47 2.405 -3.675 352814 0.735
2.205 2.405 -3.675001 352814 0.735
2.94 2.405 -3.675001 352814 0.735
3.675 2.405 -3.675001 352814 0.735
4.41 2.405 -3.675001 352814 0.735
5.145 2.405 -3.675001 352814 0.735
5.88 2.405 -3.675001 352814 0.735
6.615 2.405 -3.675001 352814 0.735
7.35 2.405 -3.675001 352814 0.735
8.085001 2.405 -3.675001 352814 0.735
8.82 2.405 -3.675001 352814 0.735
-8.085001 9.02 -3.674999 352814 0.735
-7.350001 9.02 -3.675 352814 0.735
-6.615001 9.02 -3.674999 352814 0.735
-5.880001 9.02 -3.675 352814 0.735
-5.145001 9.02 -3.675 352814 0.735
-4.410001 9.02 -3.675 352814 0.735
-3.675001 9.02 -3.675 352814 0.735
-2.940001 9.02 -3.675 352814 0.735
-2.205001 9.02 -3.675 352814 0.735
-1.470001 9.02 -3.675 352814 0.735
-0.7350005 9.02 -3.675 352814 0.735
-4.768372E-07 9.02 -3.675 352814 0.735
0.7349995 9.02 -3.675001 352814 0.735
1.47 9.02 -3.675 352814 0.735
2.205 9.02 -3.675001 352814 0.735
2.94 9.02 -3.675001 352814 0.735
3.675 9.02 -3.675001 352814 0.735
4.41 9.02 -3.675001 352814 0.735
5.145 9.02 -3.675001 352814 0.735
5.88 9.02 -3.675001 352814 0.735
6.615 9.02 -3.675001 352814 0.735
7.35 9.02 -3.675001 352814 0.735
8.085001 9.02 -3.675001 352814 0.735
-8.820002 3.14 -3.674999 A07941 0.735
8.82 3.14 -3.675001 A07941 0.735
-8.085001 3.875 -3.674999 DBD7BB 0.735
-7.350001 3.875 -3.675 DBD7BB 0.735
-6.615001 3.875 -3.674999 DBD7BB 0.735
-5.880001 3.875 -3.675 DBD7BB 0.735
-5.145001 3.875 -3.675 DBD7BB 0.735
-4.410001 3.875 -3.675 DBD7BB 0.735
-3.675001 3.875 -3.675 D64EC3 0.735
-2.940001 3.875 -3.675 D64EC3 0.735
-2.205001 3.875 -3.675 D64EC3 0.735
-1.470001 3.875 -3.675 D64EC3 0.735
-0.7350005 3.875 -3.675 D64EC3 0.735
-4.768372E-07 3.875 -3.675 D64EC3 0.735
0.7349995 3.875 -3.675001 D64EC3 0.735
1.47 3.875 -3.675 D64EC3 0.735
2.205 3.875 -3.675001 D64EC3 0.735
2.94 3.875 -3.675001 D64EC3 0.735
3.675 3.875 -3.675001 D64EC3 0.735
4.41 3.875 -3.675001 D64EC3 0.735
5.145 3.875 -3.675001 D64EC3 0.735
5.88 3.875 -3.675001 D64EC3 0.735
6.615 3.875 -3.675001 D64EC3 0.735
7.35 3.875 -3.675001 D64EC3 0.735
8.085001 3.875 -3.675001 D64EC3 0.735
-8.085001 11.225 -3.674999 DBD7BB 0.735
-7.350001 11.225 -3.675 DBD7BB 0.735
-6.615001 11.225 -3.674999 DBD7BB 0.735
-5.880001 11.225 -3.675 DBD7BB 0.735
-5.145001 11.225 -3.675 DBD7BB 0.735
-4.410001 11.225 -3.675 DBD7BB 0.735
-3.675001 11.225 -3.675 D64EC3 0.735
-2.940001 11.225 -3.675 D64EC3 0.735
-2.205001 11.225 -3.675 D64EC3 0.735
-1.470001 11.225 -3.675 D64EC3 0.735
-0.7350005 11.225 -3.675 D64EC3 0.735
-4.768372E-07 11.225 -3.675 D64EC3 0.735
0.7349995 11.225 -3.675001 D64EC3 0.735
1.47 11.225 -3.675 D64EC3 0.735
2.205 11.225 -3.675001 D64EC3 0.735
2.94 11.225 -3.675001 D64EC3 0.735
3.675 11.225 -3.675001 D64EC3 0.735
4.41 11.225 -3.675001 D64EC3 0.735
5.145 11.225 -3.675001 D64EC3 0.735
5.88 11.225 -3.675001 D64EC3 0.735
6.615 11.225 -3.675001 D64EC3 0.735
7.35 11.225 -3.675001 D64EC3 0.735
8.085001 11.225 -3.675001 D64EC3 0.735
-8.820002 0.2 -4.409999 352814 0.735
-8.085001 2.405 -4.41 352814 0.735
-7.350001 2.405 -4.409999 352814 0.735
-6.615001 2.405 -4.409999 352814 0.735
-5.880001 2.405 -4.41 352814 0.735
-5.145001 2.405 -4.41 352814 0.735
-4.410001 2.405 -4.409999 352814 0.735
-3.675001 2.405 -4.41 352814 0.735
-2.940001 2.405 -4.41 352814 0.735
-2.205001 2.405 -4.41 352814 0.735
-1.470001 2.405 -4.41 352814 0.735
-0.7350005 2.405 -4.41 352814 0.735
-4.768372E-07 2.405 -4.41 352814 0.735
0.7349995 2.405 -4.41 352814 0.735
1.47 2.405 -4.410001 352814 0.735
2.205 2.405 -4.410001 352814 0.735
2.94 2.405 -4.410001 352814 0.735
4.41 2.405 -4.410001 352814 0.735
5.145 2.405 -4.410001 352814 0.735
5.88 2.405 -4.410001 352814 0.735
6.615 2.405 -4.410001 352814 0.735
7.35 2.405 -4.410001 352814 0.735
8.085001 2.405 -4.410001 352814 0.735
8.82 0.2 -4.410001 352814 0.735
-8.085001 0.2 -4.41 A07941 0.735
8.085001 0.2 -4.410001 806131 0.735
4.41 0.2 -4.410001 B78F4A 0.735
-8.820002 0.9349999 -4.409999 A07941 0.735
-8.820002 2.405 -4.409999 352814 0.735
-8.085001 0.9349999 -4.41 A07941 0.735
8.085001 0.9349999 -4.410001 806131 0.735
4.41 0.9349999 -4.410001 B78F4A 0.735
8.82 2.405 -4.410001 352814 0.735
8.82 0.9349999 -4.410001 806131 0.735
-8.820002 1.67 -4.409999 A07941 0.735
-8.085001 1.67 -4.41 A07941 0.735
8.085001 1.67 -4.410001 806131 0.735
4.41 1.67 -4.410001 B78F4A 0.735
8.82 1.67 -4.410001 806131 0.735
-8.820002 9.02 -4.409999 352814 0.735
-8.085001 9.02 -4.41 352814 0.735
-7.350001 9.02 -4.409999 352814 0.735
-6.615001 9.02 -4.409999 352814 0.735
-5.880001 9.02 -4.41 352814 0.735
-5.145001 9.02 -4.41 352814 0.735
-4.410001 9.02 -4.409999 352814 0.735
-3.675001 9.02 -4.41 352814 0.735
-2.940001 9.02 -4.41 352814 0.735
-2.205001 9.02 -4.41 352814 0.735
-1.470001 9.02 -4.41 352814 0.735
-0.7350005 9.02 -4.41 352814 0.735
-4.768372E-07 9.02 -4.41 352814 0.735
0.7349995 9.02 -4.41 352814 0.735
1.47 9.02 -4.410001 352814 0.735
2.205 9.02 -4.410001 352814 0.735
2.94 9.02 -4.410001 352814 0.735
4.41 5.345 -4.410001 543F21 0.735
5.145 5.345 -4.410001 543F21 0.735
5.88 5.345 -4.410001 543F21 0.735
6.615 5.345 -4.410001 543F21 0.735
7.35 5.345 -4.410001 543F21 0.735
8.085001 5.345 -4.410001 543F21 0.735
8.82 9.02 -4.410001 352814 0.735
-8.820002 3.14 -4.409999 A07941 0.735
4.41 3.14 -4.410001 B78F4A 0.735
8.82 3.14 -4.410001 806131 0.735
-8.820002 3.875 -4.409999 A07941 0.735
-8.085001 3.875 -4.41 B78F4A 0.735
-7.350001 3.875 -4.409999 B78F4A 0.735
-6.615001 3.875 -4.409999 B78F4A 0.735
-5.880001 3.875 -4.41 B78F4A 0.735
-5.145001 3.875 -4.41 B78F4A 0.735
-4.410001 3.875 -4.409999 B78F4A 0.735
-3.675001 3.875 -4.41 B78F4A 0.735
-2.940001 3.875 -4.41 B78F4A 0.735
-2.205001 3.875 -4.41 B78F4A 0.735
-1.470001 3.875 -4.41 B78F4A 0.735
-0.7350005 3.875 -4.41 B78F4A 0.735
-4.768372E-07 3.875 -4.41 B78F4A 0.735
0.7349995 3.875 -4.41 B78F4A 0.735
1.47 3.875 -4.410001 B78F4A 0.735
2.205 3.875 -4.410001 B78F4A 0.735
2.94 3.875 -4.410001 B78F4A 0.735
8.085001 3.875 -4.410001 806131 0.735
4.41 3.875 -4.410001 B78F4A 0.735
5.145 3.875 -4.410001 B78F4A 0.735
5.88 3.875 -4.410001 B78F4A 0.735
6.615 3.875 -4.410001 B78F4A 0.735
7.35 3.875 -4.410001 B78F4A 0.735
8.82 3.875 -4.410001 B78F4A 0.735
-8.820002 4.61 -4.409999 A07941 0.735
-8.085001 4.61 -4.41 A07941 0.735
8.085001 4.61 -4.410001 806131 0.735
4.41 4.61 -4.410001 B78F4A 0.735
8.82 4.61 -4.410001 806131 0.735
-8.820002 5.345 -4.409999 A07941 0.735
-8.085001 5.345 -4.41 A07941 0.735
8.82 5.345 -4.410001 806131 0.735
-8.820002 6.079999 -4.409999 A07941 0.735
-8.085001 6.079999 -4.41 A07941 0.735
8.085001 6.079999 -4.410001 806131 0.735
4.41 7.55 -4.410001 543F21 0.735
4.41 6.079999 -4.410001 B78F4A 0.735
5.145 7.55 -4.410001 543F21 0.735
5.145 6.079999 -4.410001 B78F4A 0.735
5.88 7.55 -4.410001 543F21 0.735
5.88 6.079999 -4.410001 B78F4A 0.735
6.615 7.55 -4.410001 543F21 0.735
6.615 6.079999 -4.410001 B78F4A 0.735
7.35 7.55 -4.410001 543F21 0.735
7.35 6.079999 -4.410001 B78F4A 0.735
8.085001 7.55 -4.410001 543F21 0.735
8.82 6.079999 -4.410001 806131 0.735
-8.820002 6.815 -4.409999 A07941 0.735
-8.085001 6.815 -4.41 A07941 0.735
8.085001 6.815 -4.410001 806131 0.735
4.41 6.815 -4.410001 B78F4A 0.735
8.82 6.815 -4.410001 806131 0.735
-8.820002 7.55 -4.409999 A07941 0.735
-8.085001 7.55 -4.41 A07941 0.735
8.82 7.55 -4.410001 806131 0.735
-8.820002 8.285 -4.409999 A07941 0.735
-8.085001 8.285 -4.41 A07941 0.735
8.085001 8.285 -4.410001 806131 0.735
4.41 9.02 -4.410001 352814 0.735
4.41 8.285 -4.410001 B78F4A 0.735
5.145 9.02 -4.410001 352814 0.735
5.145 8.285 -4.410001 B78F4A 0.735
5.88 9.02 -4.410001 352814 0.735
5.88 8.285 -4.410001 B78F4A 0.735
6.615 9.02 -4.410001 352814 0.735
6.615 8.285 -4.410001 B78F4A 0.735
7.35 9.02 -4.410001 352814 0.735
7.35 8.285 -4.410001 B78F4A 0.735
8.085001 9.02 -4.410001 352814 0.735
8.82 8.285 -4.410001 806131 0.735
-8.820002 9.754999 -4.409999 A07941 0.735
-8.085001 9.754999 -4.41 A07941 0.735
8.085001 9.754999 -4.410001 806131 0.735
4.41 9.754999 -4.410001 B78F4A 0.735
8.82 9.754999 -4.410001 806131 0.735
-8.820002 10.49 -4.409999 A07941 0.735
-8.085001 10.49 -4.41 A07941 0.735
8.085001 10.49 -4.410001 806131 0.735
4.41 10.49 -4.410001 B78F4A 0.735
8.82 10.49 -4.410001 806131 0.735
-8.820002 11.225 -4.409999 A07941 0.735
-8.085001 11.225 -4.41 A07941 0.735
-7.350001 10.49 -4.409999 B78F4A 0.735
-6.615001 10.49 -4.409999 B78F4A 0.735
-5.880001 10.49 -4.41 B78F4A 0.735
-5.145001 10.49 -4.41 B78F4A 0.735
-4.410001 10.49 -4.409999 B78F4A 0.735
-3.675001 10.49 -4.41 B78F4A 0.735
-2.940001 10.49 -4.41 B78F4A 0.735
-2.205001 10.49 -4.41 B78F4A 0.735
-1.470001 10.49 -4.41 B78F4A 0.735
-0.7350005 10.49 -4.41 B78F4A 0.735
-4.768372E-07 10.49 -4.41 B78F4A 0.735
0.7349995 10.49 -4.41 B78F4A 0.735
1.47 10.49 -4.410001 B78F4A 0.735
2.205 10.49 -4.410001 B78F4A 0.735
2.94 10.49 -4.410001 B78F4A 0.735
8.085001 11.225 -4.410001 806131 0.735
4.41 11.225 -4.410001 B78F4A 0.735
5.145 10.49 -4.410001 B78F4A 0.735
5.88 10.49 -4.410001 B78F4A 0.735
6.615 10.49 -4.410001 B78F4A 0.735
7.35 10.49 -4.410001 B78F4A 0.735
8.82 11.225 -4.410001 806131 0.735
-8.820002 11.96 -4.409999 A07941 0.735
8.085001 11.96 -4.410001 806131 0.735
4.41 11.96 -4.410001 B78F4A 0.735
8.82 11.96 -4.410001 806131 0.735
-8.820002 12.695 -4.409999 A07941 0.735
8.085001 12.695 -4.410001 806131 0.735
4.41 12.695 -4.410001 B78F4A 0.735
8.82 12.695 -4.410001 806131 0.735
-8.820002 13.43 -4.409999 A07941 0.735
8.085001 13.43 -4.410001 806131 0.735
-8.085001 13.43 -4.41 B78F4A 0.735
-7.350001 13.43 -4.409999 B78F4A 0.735
-6.615001 13.43 -4.409999 B78F4A 0.735
-5.880001 13.43 -4.41 B78F4A 0.735
-5.145001 13.43 -4.41 B78F4A 0.735
-4.410001 13.43 -4.409999 B78F4A 0.735
-3.675001 13.43 -4.41 B78F4A 0.735
-2.940001 13.43 -4.41 B78F4A 0.735
-2.205001 13.43 -4.41 B78F4A 0.735
-1.470001 13.43 -4.41 B78F4A 0.735
-0.7350005 13.43 -4.41 B78F4A 0.735
-4.768372E-07 13.43 -4.41 B78F4A 0.735
0.7349995 13.43 -4.41 B78F4A 0.735
1.47 13.43 -4.410001 B78F4A 0.735
2.205 13.43 -4.410001 B78F4A 0.735
2.94 13.43 -4.410001 B78F4A 0.735
3.675 13.43 -4.410001 B08A47 0.735
8.82 13.43 -4.410001 806131 0.735
-8.085001 3.14 -4.41 A07941 0.735
-7.350001 3.14 -4.409999 A07941 0.735
-6.615001 3.14 -4.409999 A07941 0.735
-5.880001 3.14 -4.41 A07941 0.735
-5.145001 3.14 -4.41 A07941 0.735
-4.410001 3.14 -4.409999 A07941 0.735
-3.675001 3.14 -4.41 A07941 0.735
-2.940001 3.14 -4.41 A07941 0.735
-2.205001 3.14 -4.41 A07941 0.735
-1.470001 3.14 -4.41 A07941 0.735
-0.7350005 3.14 -4.41 A07941 0.735
-4.768372E-07 3.14 -4.41 A07941 0.735
0.7349995 3.14 -4.41 A07941 0.735
1.47 3.14 -4.410001 A07941 0.735
2.205 3.14 -4.410001 A07941 0.735
2.94 3.14 -4.410001 A07941 0.735
5.145 3.14 -4.410001 A07941 0.735
5.88 3.14 -4.410001 A07941 0.735
6.615 3.14 -4.410001 A07941 0.735
7.35 3.14 -4.410001 A07941 0.735
8.085001 3.14 -4.410001 A07941 0.735
-7.350001 9.754999 -4.409999 A07941 0.735
-6.615001 9.754999 -4.409999 A07941 0.735
-5.880001 9.754999 -4.41 A07941 0.735
-5.145001 9.754999 -4.41 A07941 0.735
-4.410001 9.754999 -4.409999 A07941 0.735
-3.675001 9.754999 -4.41 A07941 0.735
-2.940001 9.754999 -4.41 A07941 0.735
-2.205001 9.754999 -4.41 A07941 0.735
-1.470001 9.754999 -4.41 A07941 0.735
-0.7350005 9.754999 -4.41 A07941 0.735
-4.768372E-07 9.754999 -4.41 A07941 0.735
0.7349995 9.754999 -4.41 A07941 0.735
1.47 9.754999 -4.410001 A07941 0.735
2.205 9.754999 -4.410001 A07941 0.735
2.94 9.754999 -4.410001 A07941 0.735
5.145 9.754999 -4.410001 A07941 0.735
5.88 9.754999 -4.410001 A07941 0.735
6.615 9.754999 -4.410001 A07941 0.735
7.35 9.754999 -4.410001 A07941 0.735
