-7.875 0 -2.1 5A5956 0.525
-7.875 0 -1.575 5A5956 0.525
-7.875 0 -1.05 5A5956 0.525
-7.875 0 -0.5249996 5A5956 0.525
-7.875 0 0 5A5956 0.525
-7.875 0 0.5249996 5A5956 0.525
-7.875 0 1.05 5A5956 0.525
-7.875 0 1.575 5A5956 0.525
-7.875 0 2.1 5A5956 0.525
-4.2 0 2.625 5A5956 0.525
-7.875 0.525 -2.1 5A5956 0.525
-7.875 0.525 -1.575 5A5956 0.525
-7.875 0.525 -1.05 5A5956 0.525
-7.875 0.525 -0.5249996 5A5956 0.525
-7.875 0.525 0 5A5956 0.525
-7.875 0.525 0.5249996 5A5956 0.525
-7.875 0.525 1.05 5A5956 0.525
-7.875 0.525 1.575 5A5956 0.525
-7.875 0.525 2.1 5A5956 0.525
-1.05 1.05 -2.1 9C9894 0.525
-7.875 1.05 -1.575 5A5D63 0.525
-7.875 1.05 -1.05 5A5D63 0.525
-7.875 1.05 -0.5249996 5A5D63 0.525
-7.875 1.05 0 5A5D63 0.525
-7.875 1.05 0.5249996 5A5D63 0.525
-7.875 1.05 1.05 5A5D63 0.525
-7.875 1.05 1.575 5A5D63 0.525
-3.675 1.05 2.1 7E7976 0.525
1.05 1.575 -2.1 9C9894 0.525
-7.875 1.575 -1.575 5A5D63 0.525
-7.875 1.575 -1.05 5A5D63 0.525
-7.875 1.575 -0.5249996 5A5D63 0.525
-7.875 1.575 0 5A5D63 0.525
-7.875 1.575 0.5249996 5A5D63 0.525
-7.875 1.575 1.05 5A5D63 0.525
-7.875 1.575 1.575 5A5D63 0.525
-3.675 1.575 2.1 7E7976 0.525
-6.825 2.1 -1.575 A74739 0.525
-6.825 2.1 1.575 A74739 0.525
-6.3 2.625 -1.575 A74739 0.525
-1.05 2.625 -0.5249996 C6A625 0.525
-1.05 2.625 0 C6A625 0.525
-1.05 2.625 0.5249996 C6A625 0.525
-6.3 2.625 1.575 A74739 0.525
-6.3 3.15 -1.575 A74739 0.525
0 3.15 0 7B8089 0.525
-6.3 3.15 1.575 A74739 0.525
-5.775 3.675 -1.575 A74739 0.525
-5.25 3.675 -0.5249996 B93C39 0.525
-5.25 3.675 0 B93C39 0.525
-5.25 3.675 0.5249996 B93C39 0.525
-5.775 3.675 1.575 A74739 0.525
-5.775 4.2 -1.575 A74739 0.525
0 4.2 -0.5249996 A5A6A5 0.525
-4.725 4.2 0 7B8089 0.525
0 4.2 0.5249996 A5A6A5 0.525
-5.775 4.2 1.575 A74739 0.525
-5.25 4.725 -1.575 A74739 0.525
-4.725 4.725 0 7B8089 0.525
-5.25 4.725 1.575 A74739 0.525
-4.725 5.25 -1.575 A74739 0.525
-4.725 5.25 -0.5249996 7F7F7F 0.525
-4.725 5.25 0 7B8089 0.525
-4.725 5.25 0.5249996 7F7F7F 0.525
-4.725 5.25 1.575 A74739 0.525
-4.725 5.775 -1.575 A74739 0.525
-4.725 5.775 1.575 A74739 0.525
-4.2 6.3 -1.575 A74739 0.525
-4.2 6.3 1.575 A74739 0.525
-4.2 6.825 -1.575 A74739 0.525
-8.925 6.825 -0.5249996 C6A625 0.525
-8.925 6.825 0 C6A625 0.525
-8.925 6.825 0.5249996 C6A625 0.525
-4.2 6.825 1.575 A74739 0.525
-3.675 7.35 -1.575 A74739 0.525
-8.925 7.35 -0.5249996 C6A625 0.525
-8.925 7.35 0 C6A625 0.525
-8.925 7.35 0.5249996 C6A625 0.525
-3.675 7.35 1.575 A74739 0.525
-3.15 7.875 -1.575 A74739 0.525
-7.875 7.875 0 7B8089 0.525
-3.15 7.875 1.575 A74739 0.525
-3.15 8.4 -1.575 A74739 0.525
-7.875 8.4 0 7B8089 0.525
-3.15 8.4 1.575 A74739 0.525
-2.625 8.925 -1.575 A74739 0.525
-7.875 8.925 -0.5249996 A5A6A5 0.525
-7.875 8.925 0 A5A6A5 0.525
-7.875 8.925 0.5249996 A5A6A5 0.525
-2.625 8.925 1.575 A74739 0.525
-2.625 9.45 -1.575 A74739 0.525
-2.625 9.45 1.575 A74739 0.525
-2.1 9.975 -1.575 A74739 0.525
-2.1 9.975 1.575 A74739 0.525
-2.1 10.5 -1.575 A74739 0.525
-2.1 10.5 1.575 A74739 0.525
-1.575 11.025 -1.575 A74739 0.525
-1.575 11.025 1.575 A74739 0.525
-1.05 11.55 -1.575 A74739 0.525
-9.975 11.55 -0.5249996 B93C39 0.525
-9.975 11.55 0 B93C39 0.525
-9.975 11.55 0.5249996 B93C39 0.525
-1.05 11.55 1.575 A74739 0.525
-1.05 12.075 -1.575 A74739 0.525
-9.45 12.075 0 7B8089 0.525
-1.05 12.075 1.575 A74739 0.525
-0.525 12.6 -1.575 A74739 0.525
-9.45 12.6 0 7B8089 0.525
-0.525 12.6 1.575 A74739 0.525
-0.525 13.125 -1.575 A74739 0.525
-0.525 13.125 -1.05 7B3329 0.525
-0.525 13.125 -0.5249996 7B3329 0.525
-9.45 13.125 0 7B8089 0.525
-0.525 13.125 0.5249996 7B3329 0.525
-0.525 13.125 1.05 7B3329 0.525
-0.525 13.125 1.575 A74739 0.525
-0.525 13.65 -1.575 7B3329 0.525
-0.525 13.65 -1.05 7B3329 0.525
-0.525 13.65 -0.5249996 7B3329 0.525
-0.525 13.65 0 7B3329 0.525
-0.525 13.65 0.5249996 7B3329 0.525
-0.525 13.65 1.05 7B3329 0.525
-0.525 13.65 1.575 7B3329 0.525
-8.925 16.275 -0.5249996 C6A625 0.525
-8.925 16.275 0 C6A625 0.525
-8.925 16.275 0.5249996 C6A625 0.525
-7.875 16.8 0 7B8089 0.525
-8.925 17.325 -0.5249996 C6A625 0.525
-8.925 17.325 0 C6A625 0.525
-8.925 17.325 0.5249996 C6A625 0.525
-7.875 17.85 -0.5249996 7F7F7F 0.525
-7.875 17.85 0 7F7F7F 0.525
-7.875 17.85 0.5249996 7F7F7F 0.525
-5.25 19.425 -0.5249996 B93C39 0.525
-5.25 19.425 0 B93C39 0.525
-5.25 19.425 0.5249996 B93C39 0.525
-4.725 19.95 0 7B8089 0.525
-1.05 20.475 -0.5249996 C6A625 0.525
-4.725 20.475 0 7B8089 0.525
-1.05 20.475 0.5249996 C6A625 0.525
-4.725 21 0 7B8089 0.525
0 21.525 0 7B8089 0.525
0 22.05 0 7B8089 0.525
0 22.575 -0.5249996 A5A6A5 0.525
0 22.575 0 A5A6A5 0.525
0 22.575 0.5249996 A5A6A5 0.525
-9.45 11.55 -0.5249996 9C3131 0.525
-9.45 11.55 0 9C3131 0.525
-9.45 11.55 0.5249996 9C3131 0.525
-9.45 12.6 -0.5249996 9C3131 0.525
8.4 11.55 -0.5249996 B93C39 0.525
-9.45 12.6 0.5249996 9C3131 0.525
-8.925 11.55 0.5249996 C64441 0.525
-9.45 12.075 -0.5249996 C64441 0.525
-9.45 13.125 -0.5249996 C64441 0.525
-9.45 13.125 0.5249996 C64441 0.525
-8.925 11.55 -0.5249996 9C3131 0.525
-8.925 11.55 0 9C3131 0.525
-8.925 12.6 -0.5249996 9C3131 0.525
-8.925 12.6 0 9C3131 0.525
-8.4 11.55 0 B93C39 0.525
-8.925 12.6 0.5249996 9C3131 0.525
-8.925 12.075 -1.05 B9BAB9 0.525
-8.925 12.075 -0.5249996 C64441 0.525
-8.925 12.075 0.5249996 B9BAB9 0.525
-8.925 12.075 0 7B8089 0.525
8.925 12.075 0 7B8089 0.525
-8.925 12.075 1.05 B9BAB9 0.525
-8.925 12.6 -1.05 B9BAB9 0.525
8.925 12.6 0 7B8089 0.525
-8.925 12.6 1.05 B9BAB9 0.525
-8.925 13.125 -0.5249996 C64441 0.525
-8.925 13.125 0 C64441 0.525
-0.525 13.125 0 7B3329 0.525
-8.925 13.125 0.5249996 C64441 0.525
-8.925 13.65 -1.05 B9BAB9 0.525
-8.925 13.65 0.5249996 B9BAB9 0.525
-8.925 13.65 -0.5249996 B9BAB9 0.525
-8.925 13.65 1.05 B9BAB9 0.525
-8.925 14.175 -1.05 B9BAB9 0.525
-8.925 14.175 0.5249996 B9BAB9 0.525
-8.925 14.175 -0.5249996 B9BAB9 0.525
-8.925 14.175 1.05 B9BAB9 0.525
-8.4 6.825 -0.5249996 AA8A1E 0.525
-8.4 6.825 0 AA8A1E 0.525
-8.4 6.825 0.5249996 AA8A1E 0.525
-8.4 8.4 -0.5249996 AA8A1E 0.525
7.35 6.825 -0.5249996 C6A625 0.525
7.35 6.825 0 C6A625 0.525
-8.4 8.4 0.5249996 AA8A1E 0.525
7.35 6.825 0.5249996 C6A625 0.525
-8.4 7.35 -0.5249996 B99621 0.525
7.35 7.35 -0.5249996 C6A625 0.525
-8.4 7.35 0.5249996 B99621 0.525
-8.4 8.4 0 AA8A1E 0.525
-8.4 7.35 0 6B6966 0.525
-7.875 7.35 0 7B8089 0.525
-7.35 7.35 0.5249996 D3B129 0.525
-8.4 11.55 -0.5249996 9C3131 0.525
-8.4 11.55 0.5249996 9C3131 0.525
-8.4 10.5 -1.05 B9BAB9 0.525
-8.4 10.5 0.5249996 B9BAB9 0.525
-8.4 10.5 -0.5249996 B9BAB9 0.525
-8.4 10.5 1.05 B9BAB9 0.525
-8.4 11.025 -1.05 B9BAB9 0.525
-8.4 11.025 0.5249996 B9BAB9 0.525
-8.4 11.025 -0.5249996 B9BAB9 0.525
-8.4 11.025 1.05 B9BAB9 0.525
-8.4 12.6 -0.5249996 9C3131 0.525
-8.4 12.6 0 9C3131 0.525
8.4 11.55 0 B93C39 0.525
-8.4 12.6 0.5249996 9C3131 0.525
8.4 11.55 0.5249996 B93C39 0.525
-8.4 12.075 -0.5249996 C64441 0.525
-8.4 12.075 0 C64441 0.525
-8.4 12.075 0.5249996 C64441 0.525
-8.4 15.75 -0.5249996 AA8A1E 0.525
-8.4 13.125 -0.5249996 C64441 0.525
-8.4 15.75 0 AA8A1E 0.525
-8.4 13.125 0 C64441 0.525
-8.4 15.75 0.5249996 AA8A1E 0.525
-8.4 13.125 0.5249996 C64441 0.525
-8.4 15.75 -1.05 B9BAB9 0.525
-8.4 15.75 1.05 B9BAB9 0.525
-8.4 16.275 -1.05 B9BAB9 0.525
-8.4 17.325 -0.5249996 AA8A1E 0.525
7.35 16.275 -0.5249996 C6A625 0.525
-8.4 16.275 0.5249996 B99621 0.525
-8.4 16.275 -0.5249996 B9BAB9 0.525
-8.4 17.325 0 AA8A1E 0.525
-8.4 16.275 0 6B6966 0.525
-7.875 16.275 0 7B8089 0.525
-8.4 17.325 0.5249996 AA8A1E 0.525
-7.35 16.275 0.5249996 D3B129 0.525
-8.4 16.275 1.05 B9BAB9 0.525
-7.875 17.325 0 7B8089 0.525
-7.875 6.825 -0.5249996 AA8A1E 0.525
-7.875 6.825 0 AA8A1E 0.525
-7.875 6.825 0.5249996 AA8A1E 0.525
-4.2 0 -2.1 5A5956 0.525
-4.2 0 -1.575 5A5956 0.525
-4.2 0 -1.05 5A5956 0.525
-4.2 0 -0.5249996 5A5956 0.525
-4.2 0 0 5A5956 0.525
-4.2 0 0.5249996 5A5956 0.525
-4.2 0 1.05 5A5956 0.525
-4.2 0 1.575 5A5956 0.525
-4.2 0 2.1 5A5956 0.525
-3.15 0.525 -2.1 9C9894 0.525
-3.675 0.525 2.1 7E7976 0.525
-7.875 8.4 -0.5249996 AA8A1E 0.525
-7.875 8.4 0.5249996 AA8A1E 0.525
-7.875 7.35 -0.5249996 B99621 0.525
-7.35 7.35 0 C6A625 0.525
7.875 7.875 0 7B8089 0.525
7.875 8.4 0 7B8089 0.525
-7.875 8.925 -1.05 B9BAB9 0.525
-7.875 15.75 -0.5249996 AA8A1E 0.525
7.875 8.925 -0.5249996 6B6B6B 0.525
-7.875 15.75 0 AA8A1E 0.525
7.875 8.925 0 6B6B6B 0.525
-7.875 15.75 0.5249996 AA8A1E 0.525
7.875 8.925 0.5249996 6B6B6B 0.525
-7.875 8.925 1.05 B9BAB9 0.525
-7.875 16.275 -0.5249996 B99621 0.525
-7.875 17.325 -0.5249996 AA8A1E 0.525
-7.35 16.275 0 C6A625 0.525
-7.875 17.325 0.5249996 AA8A1E 0.525
7.875 16.8 0 7B8089 0.525
7.875 17.325 0 7B8089 0.525
-7.875 17.85 -1.05 B9BAB9 0.525
7.875 17.85 -0.5249996 6B6B6B 0.525
7.875 17.85 0 6B6B6B 0.525
7.875 17.85 0.5249996 6B6B6B 0.525
-7.875 17.85 1.05 B9BAB9 0.525
-7.35 6.825 -0.5249996 AA8A1E 0.525
-7.35 6.825 0 AA8A1E 0.525
-7.35 6.825 0.5249996 AA8A1E 0.525
-7.35 0 -2.1 6B6966 0.525
-7.35 0 2.1 6B6966 0.525
-7.35 0.525 -2.1 6B6966 0.525
-3.15 0.525 -1.575 9C9894 0.525
-3.675 0.525 -1.05 7E7976 0.525
-3.675 0.525 -0.5249996 7E7976 0.525
-3.675 0.525 0 7E7976 0.525
-3.675 0.525 0.5249996 7E7976 0.525
-3.675 0.525 1.05 7E7976 0.525
-3.675 0.525 1.575 7E7976 0.525
-7.35 0.525 2.1 6A6F77 0.525
-7.35 1.05 -2.1 6A6F77 0.525
-1.05 1.05 -1.575 9C9894 0.525
-3.675 1.05 -1.05 7E7976 0.525
-3.675 1.05 -0.5249996 7E7976 0.525
-3.675 1.05 0 7E7976 0.525
-3.675 1.05 0.5249996 7E7976 0.525
-3.675 1.05 1.05 7E7976 0.525
-3.675 1.05 1.575 7E7976 0.525
-7.35 1.05 2.1 6A6F77 0.525
-7.35 1.575 -2.1 6A6F77 0.525
-6.825 1.575 -1.575 7B3329 0.525
-3.675 1.575 -1.05 7E7976 0.525
-3.675 1.575 -0.5249996 7E7976 0.525
-3.675 1.575 0 7E7976 0.525
-3.675 1.575 0.5249996 7E7976 0.525
-3.675 1.575 1.05 7E7976 0.525
-6.825 1.575 1.575 7B3329 0.525
-7.35 1.575 2.1 6A6F77 0.525
-7.35 2.1 -1.575 7B8089 0.525
-7.35 2.1 -1.05 7B8089 0.525
-7.35 2.1 -0.5249996 7B8089 0.525
-7.35 2.1 0 7B8089 0.525
-7.35 2.1 0.5249996 7B8089 0.525
-7.35 2.1 1.05 7B8089 0.525
-7.35 2.1 1.575 7B8089 0.525
-7.35 8.4 -0.5249996 AA8A1E 0.525
-7.35 8.4 0.5249996 AA8A1E 0.525
-7.35 7.35 -0.5249996 B99621 0.525
-7.35 8.4 0 AA8A1E 0.525
7.35 7.35 0.5249996 C6A625 0.525
-7.35 15.75 -0.5249996 AA8A1E 0.525
-7.35 15.75 0 AA8A1E 0.525
-7.35 15.75 0.5249996 AA8A1E 0.525
-7.35 8.925 -1.05 949394 0.525
-7.35 8.925 0.5249996 7F7F7F 0.525
-7.35 8.925 -0.5249996 7F7F7F 0.525
-7.35 8.925 1.05 949394 0.525
-7.35 16.275 -0.5249996 B99621 0.525
-7.35 17.325 -0.5249996 AA8A1E 0.525
-7.35 17.325 0 AA8A1E 0.525
-7.35 17.325 0.5249996 AA8A1E 0.525
7.35 16.275 0.5249996 C6A625 0.525
-7.35 18.375 -1.05 B9BAB9 0.525
-7.35 18.375 0.5249996 B9BAB9 0.525
-7.35 18.375 -0.5249996 B9BAB9 0.525
-7.35 18.375 1.05 B9BAB9 0.525
-6.825 0 -2.1 6B6966 0.525
-6.825 0 2.1 6B6966 0.525
-6.825 0.525 -2.1 6B6966 0.525
-6.825 0.525 2.1 6A6F77 0.525
-6.825 1.05 -2.1 6A6F77 0.525
-6.825 1.05 2.1 6A6F77 0.525
-6.825 1.575 -2.1 6A6F77 0.525
-6.825 1.575 2.1 6A6F77 0.525
-6.825 2.1 -1.05 7B8089 0.525
-6.825 2.1 -0.5249996 7B8089 0.525
-6.825 2.1 0 7B8089 0.525
-6.825 2.1 0.5249996 7B8089 0.525
-6.825 2.1 1.05 7B8089 0.525
-6.825 6.825 -0.5249996 C6A625 0.525
-6.825 6.825 0 C6A625 0.525
-6.825 6.825 0.5249996 C6A625 0.525
-6.825 7.35 -0.5249996 C6A625 0.525
-6.825 7.35 0 C6A625 0.525
7.35 7.35 0 C6A625 0.525
-6.825 7.35 0.5249996 C6A625 0.525
-6.825 9.45 -1.05 949394 0.525
-6.825 9.45 0.5249996 7F7F7F 0.525
-6.825 9.45 -0.5249996 7F7F7F 0.525
-6.825 9.45 1.05 949394 0.525
-6.825 16.275 -0.5249996 C6A625 0.525
-6.825 16.275 0 C6A625 0.525
7.35 16.275 0 C6A625 0.525
-6.825 16.275 0.5249996 C6A625 0.525
-6.825 17.325 -1.05 949394 0.525
-6.825 17.325 0.5249996 7F7F7F 0.525
-6.825 17.325 -0.5249996 7F7F7F 0.525
-6.825 17.325 1.05 949394 0.525
-6.825 18.9 -1.05 B9BAB9 0.525
-6.825 18.9 0.5249996 B9BAB9 0.525
-6.825 18.9 -0.5249996 B9BAB9 0.525
-6.825 18.9 1.05 B9BAB9 0.525
-6.3 1.575 -1.575 893A2E 0.525
-6.3 1.575 1.575 893A2E 0.525
-6.3 0 -2.1 6B6966 0.525
-6.3 0 2.1 6B6966 0.525
-6.3 0.525 -2.1 6B6966 0.525
-6.3 0.525 2.1 6A6F77 0.525
-6.3 1.05 -2.1 6A6F77 0.525
-6.3 1.05 2.1 6A6F77 0.525
-6.3 1.575 -2.1 6A6F77 0.525
1.05 1.575 -1.575 9C9894 0.525
-3.675 1.575 1.575 7E7976 0.525
-6.3 1.575 2.1 6A6F77 0.525
-6.3 2.1 -1.575 984135 0.525
6.3 2.1 -1.575 893A2E 0.525
-6.3 2.1 1.05 984135 0.525
-6.3 2.1 -1.05 7B8089 0.525
-6.3 2.1 -0.5249996 7B8089 0.525
-6.3 2.1 0 7B8089 0.525
-6.3 2.1 0.5249996 7B8089 0.525
-6.3 2.1 1.575 7B8089 0.525
6.3 2.1 1.575 893A2E 0.525
5.775 2.625 -1.575 893A2E 0.525
-6.3 2.625 1.05 984135 0.525
-6.3 2.625 -1.05 984135 0.525
5.775 2.625 1.575 893A2E 0.525
-6.3 9.45 -1.05 949394 0.525
-6.3 9.45 0.5249996 7F7F7F 0.525
-6.3 9.45 -0.5249996 7F7F7F 0.525
-6.3 9.45 1.05 949394 0.525
-6.3 16.8 -1.05 949394 0.525
-6.3 16.8 0.5249996 7F7F7F 0.525
-6.3 16.8 -0.5249996 7F7F7F 0.525
-6.3 16.8 1.05 949394 0.525
-6.3 19.425 -1.05 B9BAB9 0.525
-6.3 19.425 0.5249996 B9BAB9 0.525
-6.3 19.425 -0.5249996 B9BAB9 0.525
-6.3 19.425 1.05 B9BAB9 0.525
-5.775 2.625 -1.575 893A2E 0.525
-5.775 2.625 1.575 893A2E 0.525
-5.775 0 -2.1 6B6966 0.525
-5.775 0 2.1 6B6966 0.525
-5.775 0.525 -2.1 6B6966 0.525
-5.775 0.525 2.1 6A6F77 0.525
-5.775 1.05 -2.1 6A6F77 0.525
-5.775 1.05 2.1 6A6F77 0.525
-5.775 1.575 -2.1 6A6F77 0.525
-5.775 1.575 2.1 6A6F77 0.525
-5.775 2.1 -1.575 7B8089 0.525
-5.775 2.1 -1.05 7B8089 0.525
-5.775 2.1 -0.5249996 7B8089 0.525
-5.775 2.1 0 7B8089 0.525
-5.775 2.1 0.5249996 7B8089 0.525
-5.775 2.1 1.05 7B8089 0.525
-5.775 2.1 1.575 7B8089 0.525
-5.775 3.15 -1.575 984135 0.525
5.775 3.15 -1.575 893A2E 0.525
-5.775 3.15 1.05 984135 0.525
-5.775 3.15 -1.05 984135 0.525
5.775 3.15 1.575 893A2E 0.525
-5.775 3.15 1.575 984135 0.525
5.25 3.675 -1.575 893A2E 0.525
-5.775 3.675 1.05 984135 0.525
-5.775 3.675 -1.05 984135 0.525
5.25 3.675 1.575 893A2E 0.525
-5.775 9.975 -1.05 949394 0.525
-5.775 9.975 0.5249996 7F7F7F 0.525
-5.775 9.975 -0.5249996 7F7F7F 0.525
-5.775 9.975 1.05 949394 0.525
-5.775 16.8 -1.05 949394 0.525
-5.775 16.8 0.5249996 7F7F7F 0.525
-5.775 16.8 -0.5249996 7F7F7F 0.525
-5.775 16.8 1.05 949394 0.525
-5.775 19.95 -1.05 B9BAB9 0.525
-5.775 19.95 0.5249996 B9BAB9 0.525
-5.775 19.95 -0.5249996 B9BAB9 0.525
-5.775 19.95 1.05 B9BAB9 0.525
-5.25 3.675 -1.575 893A2E 0.525
-5.25 3.15 -0.5249996 9C3131 0.525
-5.25 3.15 0 9C3131 0.525
-5.25 3.15 0.5249996 9C3131 0.525
-5.25 3.675 1.575 893A2E 0.525
-5.25 0 -2.1 6B6966 0.525
-5.25 0 2.1 6B6966 0.525
-5.25 0.525 -2.1 6B6966 0.525
-5.25 0.525 -1.575 5A5D63 0.525
-5.25 0.525 -1.05 5A5D63 0.525
-5.25 0.525 -0.5249996 5A5D63 0.525
-5.25 0.525 0 5A5D63 0.525
-5.25 0.525 0.5249996 5A5D63 0.525
-5.25 0.525 1.05 5A5D63 0.525
-5.25 0.525 1.575 5A5D63 0.525
-5.25 0.525 2.1 6B6966 0.525
-5.25 1.05 -1.575 5A5D63 0.525
-5.25 1.05 -1.05 5A5D63 0.525
-5.25 1.05 -0.5249996 5A5D63 0.525
-5.25 1.05 0 5A5D63 0.525
-5.25 1.05 0.5249996 5A5D63 0.525
-5.25 1.05 1.05 5A5D63 0.525
-5.25 1.05 1.575 5A5D63 0.525
-5.25 1.575 -1.575 5A5D63 0.525
-5.25 1.575 -1.05 5A5D63 0.525
-5.25 1.575 -0.5249996 5A5D63 0.525
-5.25 1.575 0 5A5D63 0.525
-5.25 1.575 0.5249996 5A5D63 0.525
-5.25 1.575 1.05 5A5D63 0.525
-5.25 1.575 1.575 5A5D63 0.525
-5.25 3.675 -1.05 984135 0.525
-5.25 4.725 -0.5249996 9C3131 0.525
3.675 3.675 -0.5249996 B93C39 0.525
-5.25 3.675 1.05 984135 0.525
-5.25 4.725 0 9C3131 0.525
-4.725 3.675 0 7B8089 0.525
-5.25 4.725 0.5249996 9C3131 0.525
-4.2 3.675 0.5249996 C64441 0.525
-5.25 4.2 -1.575 984135 0.525
4.725 4.2 -1.575 893A2E 0.525
-5.25 4.2 1.05 984135 0.525
-5.25 4.2 -1.05 984135 0.525
-5.25 4.2 -0.5249996 C64441 0.525
-5.25 4.2 0 C64441 0.525
-5.25 4.2 0.5249996 C64441 0.525
4.725 4.2 1.575 893A2E 0.525
-5.25 4.2 1.575 984135 0.525
-5.25 16.275 -1.05 949394 0.525
-5.25 16.275 0.5249996 7F7F7F 0.525
-5.25 16.275 -0.5249996 7F7F7F 0.525
-5.25 16.275 1.05 949394 0.525
-5.25 20.475 -0.5249996 9C3131 0.525
3.675 19.425 -0.5249996 B93C39 0.525
-5.25 20.475 0 9C3131 0.525
-4.725 19.425 0 7B8089 0.525
-5.25 20.475 0.5249996 9C3131 0.525
-4.2 19.425 0.5249996 C64441 0.525
-5.25 19.95 -0.5249996 C64441 0.525
-5.25 19.95 0 C64441 0.525
-5.25 19.95 0.5249996 C64441 0.525
-5.25 20.475 -1.05 B9BAB9 0.525
-5.25 20.475 1.05 B9BAB9 0.525
-5.25 21 -0.5249996 C64441 0.525
-5.25 21 0 C64441 0.525
-5.25 21 0.5249996 C64441 0.525
-4.725 4.725 -1.575 893A2E 0.525
-4.725 3.15 -0.5249996 9C3131 0.525
-4.725 3.15 0 9C3131 0.525
-4.725 3.15 0.5249996 9C3131 0.525
-4.725 4.725 1.575 893A2E 0.525
-4.725 0 -2.1 5A5956 0.525
-4.725 0 -1.575 5A5956 0.525
-4.725 0 -1.05 5A5956 0.525
-4.725 0 -0.5249996 5A5956 0.525
-4.725 0 0 5A5956 0.525
-4.725 0 0.5249996 5A5956 0.525
-4.725 0 1.05 5A5956 0.525
-4.725 0 1.575 5A5956 0.525
-4.725 0 2.1 5A5956 0.525
-4.725 0.525 -2.1 5A5956 0.525
-4.725 0.525 -1.575 5A5956 0.525
-4.725 0.525 -1.05 5A5956 0.525
-4.725 0.525 -0.5249996 5A5956 0.525
-4.725 0.525 0 5A5956 0.525
-4.725 0.525 0.5249996 5A5956 0.525
-4.725 0.525 1.05 5A5956 0.525
-4.725 0.525 1.575 5A5956 0.525
-4.725 0.525 2.1 5A5956 0.525
-4.725 3.675 -0.5249996 AC3435 0.525
-4.725 4.725 -0.5249996 9C3131 0.525
-4.725 4.725 0.5249996 9C3131 0.525
-4.725 3.675 0.5249996 C64441 0.525
-4.725 4.2 -1.575 893A2E 0.525
-4.725 4.2 -0.5249996 C64441 0.525
-4.725 4.2 1.575 893A2E 0.525
4.725 4.725 -1.575 893A2E 0.525
-4.725 4.725 1.05 984135 0.525
-4.725 4.725 -1.05 984135 0.525
4.725 4.725 1.575 893A2E 0.525
4.2 5.25 -1.575 893A2E 0.525
-4.725 5.25 1.05 984135 0.525
-4.725 5.25 -1.05 984135 0.525
4.2 5.25 1.575 893A2E 0.525
-4.725 19.425 -0.5249996 9C3131 0.525
-4.725 19.425 0.5249996 9C3131 0.525
-4.725 10.5 -1.05 949394 0.525
-4.725 10.5 0.5249996 7F7F7F 0.525
-4.725 10.5 -0.5249996 7F7F7F 0.525
-4.725 10.5 1.05 949394 0.525
-4.725 16.275 -1.05 949394 0.525
-4.725 16.275 0.5249996 7F7F7F 0.525
-4.725 16.275 -0.5249996 7F7F7F 0.525
-4.725 16.275 1.05 949394 0.525
-4.725 20.475 -0.5249996 9C3131 0.525
-4.725 20.475 0.5249996 9C3131 0.525
-4.725 19.95 -0.5249996 C64441 0.525
-4.725 21 -1.05 B9BAB9 0.525
-4.725 21 -0.5249996 A5A6A5 0.525
-4.725 21 0.5249996 B9BAB9 0.525
-4.725 21 1.05 B9BAB9 0.525
-4.2 5.25 -1.575 893A2E 0.525
-4.2 3.15 -0.5249996 9C3131 0.525
-4.2 3.15 0 9C3131 0.525
-4.2 3.15 0.5249996 9C3131 0.525
-4.2 5.25 1.575 893A2E 0.525
5.25 0 -2.1 5A5956 0.525
5.25 0 -1.575 5A5956 0.525
5.25 0 -1.05 5A5956 0.525
5.25 0 -0.5249996 5A5956 0.525
5.25 0 0 5A5956 0.525
5.25 0 0.5249996 5A5956 0.525
5.25 0 1.05 5A5956 0.525
5.25 0 1.575 5A5956 0.525
5.25 0 2.1 5A5956 0.525
-4.2 0.525 -2.625 7E7976 0.525
-4.2 0.525 -2.1 7E7976 0.525
-4.2 0.525 -1.575 7E7976 0.525
-4.2 0.525 -1.05 7E7976 0.525
-4.2 0.525 -0.5249996 7E7976 0.525
-4.2 0.525 0 7E7976 0.525
-4.2 0.525 0.5249996 7E7976 0.525
-4.2 0.525 1.05 7E7976 0.525
-4.2 0.525 1.575 7E7976 0.525
-4.2 0.525 2.1 7E7976 0.525
-4.2 0.525 2.625 7E7976 0.525
-4.2 3.675 -0.5249996 AC3435 0.525
-4.2 4.725 -0.5249996 9C3131 0.525
-4.2 4.725 0 9C3131 0.525
-4.2 3.675 0 C64441 0.525
-3.675 3.675 0 B93C39 0.525
-4.2 4.725 0.5249996 9C3131 0.525
-4.2 4.2 -0.5249996 C64441 0.525
-4.2 4.2 0 7B8089 0.525
0 4.2 0 A5A6A5 0.525
4.725 4.725 0 7B8089 0.525
-4.2 5.25 -1.05 B9BAB9 0.525
-4.2 19.425 -0.5249996 9C3131 0.525
-4.2 5.25 -0.5249996 A5A6A5 0.525
4.725 5.25 -0.5249996 A5A6A5 0.525
-4.2 5.25 0.5249996 B9BAB9 0.525
-4.2 19.425 0 9C3131 0.525
-4.2 5.25 0 7B8089 0.525
4.725 5.25 0 A5A6A5 0.525
4.725 5.25 0.5249996 A5A6A5 0.525
-4.2 5.25 1.05 B9BAB9 0.525
-4.2 5.775 -1.575 984135 0.525
4.2 5.775 -1.575 893A2E 0.525
-4.2 5.775 -1.05 949394 0.525
-4.2 5.775 0.5249996 7F7F7F 0.525
-4.2 5.775 -0.5249996 7F7F7F 0.525
-4.2 5.775 1.05 984135 0.525
4.2 5.775 1.575 893A2E 0.525
-4.2 5.775 1.575 984135 0.525
3.675 6.3 -1.575 893A2E 0.525
-4.2 6.3 -1.05 949394 0.525
-4.2 6.3 0.5249996 7F7F7F 0.525
-4.2 6.3 -0.5249996 7F7F7F 0.525
-4.2 6.3 1.05 984135 0.525
3.675 6.3 1.575 893A2E 0.525
-4.2 11.025 -1.05 949394 0.525
-4.2 11.025 0.5249996 7F7F7F 0.525
-4.2 11.025 -0.5249996 7F7F7F 0.525
-4.2 11.025 1.05 949394 0.525
-4.2 15.75 -1.05 949394 0.525
-4.2 15.75 0.5249996 7F7F7F 0.525
-4.2 15.75 -0.5249996 7F7F7F 0.525
-4.2 15.75 1.05 949394 0.525
-4.2 20.475 -0.5249996 9C3131 0.525
-4.2 20.475 0.5249996 9C3131 0.525
-4.2 19.95 -0.5249996 C64441 0.525
-4.2 20.475 0 9C3131 0.525
4.725 19.95 0 7B8089 0.525
-4.2 20.475 -1.05 949394 0.525
-1.05 20.475 0 C6A625 0.525
-4.2 20.475 1.05 949394 0.525
-4.2 21 -1.05 949394 0.525
-4.2 21 -0.5249996 C64441 0.525
-4.2 21 0.5249996 7F7F7F 0.525
-4.2 21 0 C64441 0.525
0 21 0 7B8089 0.525
-4.2 21 1.05 949394 0.525
-3.675 6.3 -1.575 893A2E 0.525
-3.675 2.625 -1.05 5A5D63 0.525
-3.675 2.625 -0.5249996 5A5D63 0.525
-3.675 2.625 0 5A5D63 0.525
-3.675 2.625 0.5249996 5A5D63 0.525
-3.675 2.625 1.05 5A5D63 0.525
-3.675 6.3 1.575 893A2E 0.525
-3.675 0 -2.625 6B6966 0.525
-3.675 0 2.625 6B6966 0.525
-3.675 0.525 -2.625 7E7976 0.525
-3.675 0.525 -2.1 9C9894 0.525
-3.675 0.525 -1.575 9C9894 0.525
5.25 0.525 -1.05 5A5956 0.525
5.25 0.525 -0.5249996 5A5956 0.525
5.25 0.525 0 5A5956 0.525
5.25 0.525 0.5249996 5A5956 0.525
5.25 0.525 1.05 5A5956 0.525
5.25 0.525 1.575 5A5956 0.525
5.25 0.525 2.1 5A5956 0.525
-3.675 0.525 2.625 7E7976 0.525
5.25 1.05 -1.05 5A5D63 0.525
5.25 1.05 -0.5249996 5A5D63 0.525
5.25 1.05 0 5A5D63 0.525
5.25 1.05 0.5249996 5A5D63 0.525
5.25 1.05 1.05 5A5D63 0.525
5.25 1.05 1.575 5A5D63 0.525
-3.675 1.05 2.625 8C8984 0.525
5.25 1.575 -1.05 5A5D63 0.525
5.25 1.575 -0.5249996 5A5D63 0.525
5.25 1.575 0 5A5D63 0.525
5.25 1.575 0.5249996 5A5D63 0.525
5.25 1.575 1.05 5A5D63 0.525
5.25 1.575 1.575 5A5D63 0.525
-3.675 1.575 2.625 8C8984 0.525
-3.675 2.1 -1.05 7B8089 0.525
-3.675 2.1 1.05 7B8089 0.525
-3.675 2.1 -0.5249996 ACA7A2 0.525
-3.675 2.1 0 ACA7A2 0.525
-3.675 2.1 0.5249996 ACA7A2 0.525
-3.675 2.1 1.575 ACA7A2 0.525
-3.675 2.1 2.1 ACA7A2 0.525
-3.675 3.15 -0.5249996 9C3131 0.525
-3.675 3.15 0 9C3131 0.525
-3.675 3.15 0.5249996 9C3131 0.525
-3.675 3.675 -0.5249996 AC3435 0.525
0 3.675 0 7B8089 0.525
3.675 3.675 0.5249996 B93C39 0.525
-3.675 3.675 0.5249996 AC3435 0.525
-3.675 4.2 -0.5249996 C64441 0.525
-3.675 4.2 0 C64441 0.525
-3.675 4.2 0.5249996 C64441 0.525
-3.675 5.25 -1.05 B9BAB9 0.525
-3.675 5.25 0.5249996 B9BAB9 0.525
-3.675 5.25 -0.5249996 B9BAB9 0.525
-3.675 5.25 1.05 B9BAB9 0.525
-3.675 6.825 -1.575 984135 0.525
3.675 6.825 -1.575 893A2E 0.525
-3.675 6.825 -1.05 949394 0.525
-3.675 6.825 0.5249996 7F7F7F 0.525
-3.675 6.825 -0.5249996 7F7F7F 0.525
-3.675 6.825 1.05 984135 0.525
3.675 6.825 1.575 893A2E 0.525
-3.675 6.825 1.575 984135 0.525
3.15 7.35 -1.575 893A2E 0.525
-3.675 7.35 1.05 984135 0.525
-3.675 7.35 -1.05 984135 0.525
3.15 7.35 1.575 893A2E 0.525
-3.675 11.025 -1.05 949394 0.525
-3.675 11.025 0.5249996 7F7F7F 0.525
-3.675 11.025 -0.5249996 7F7F7F 0.525
-3.675 11.025 1.05 949394 0.525
-3.675 19.425 -1.05 949394 0.525
-3.675 19.425 -0.5249996 B93C39 0.525
-3.675 19.425 0.5249996 7F7F7F 0.525
-3.675 19.425 0 B93C39 0.525
3.675 19.425 0 B93C39 0.525
3.675 19.425 0.5249996 B93C39 0.525
-3.675 19.425 1.05 949394 0.525
-3.675 19.95 -1.05 949394 0.525
-3.675 19.95 0.5249996 7F7F7F 0.525
-3.675 19.95 -0.5249996 7F7F7F 0.525
-3.675 19.95 1.05 949394 0.525
-3.675 21.525 -1.05 B9BAB9 0.525
-3.675 21.525 0.5249996 B9BAB9 0.525
-3.675 21.525 -0.5249996 B9BAB9 0.525
-3.675 21.525 1.05 B9BAB9 0.525
-3.15 7.35 -1.575 893A2E 0.525
-3.15 7.35 1.575 893A2E 0.525
-3.15 0 -2.625 6B6966 0.525
-3.15 0 2.625 6B6966 0.525
-3.15 0.525 -1.05 8C8984 0.525
-3.15 0.525 -2.625 7E7976 0.525
-3.15 0.525 -0.5249996 7E7976 0.525
-3.15 0.525 0 7E7976 0.525
-3.15 0.525 0.5249996 7E7976 0.525
-3.15 0.525 1.05 7E7976 0.525
-3.15 0.525 1.575 7E7976 0.525
-3.15 0.525 2.1 7E7976 0.525
-3.15 0.525 2.625 7E7976 0.525
-3.15 1.05 -1.05 8C8984 0.525
-3.15 1.05 2.625 8C8984 0.525
-3.15 1.575 -1.05 8C8984 0.525
-3.15 1.575 2.625 8C8984 0.525
-3.15 2.1 -1.05 ACA7A2 0.525
-3.15 2.1 -0.5249996 ACA7A2 0.525
-3.15 2.1 0 ACA7A2 0.525
-3.15 2.1 0.5249996 ACA7A2 0.525
-3.15 2.1 1.05 ACA7A2 0.525
-3.15 2.1 1.575 ACA7A2 0.525
-3.15 2.1 2.1 ACA7A2 0.525
-3.15 6.825 -1.575 893A2E 0.525
-3.15 6.825 1.575 893A2E 0.525
-3.15 7.35 1.05 984135 0.525
-3.15 7.35 -1.05 984135 0.525
2.625 7.875 -1.575 893A2E 0.525
-3.15 7.875 -1.05 949394 0.525
-3.15 7.875 0.5249996 7F7F7F 0.525
-3.15 7.875 -0.5249996 7F7F7F 0.525
-3.15 7.875 1.05 984135 0.525
2.625 7.875 1.575 893A2E 0.525
-3.15 11.55 -1.05 949394 0.525
-3.15 11.55 0.5249996 7F7F7F 0.525
-3.15 11.55 -0.5249996 7F7F7F 0.525
-3.15 11.55 1.05 949394 0.525
-3.15 15.225 -1.05 949394 0.525
-3.15 15.225 0.5249996 7F7F7F 0.525
-3.15 15.225 -0.5249996 7F7F7F 0.525
-3.15 15.225 1.05 949394 0.525
-3.15 18.9 -1.05 949394 0.525
-3.15 18.9 0.5249996 7F7F7F 0.525
-3.15 18.9 -0.5249996 7F7F7F 0.525
-3.15 18.9 1.05 949394 0.525
-3.15 21.525 -1.05 B9BAB9 0.525
-3.15 21.525 0.5249996 B9BAB9 0.525
-3.15 21.525 -0.5249996 B9BAB9 0.525
-3.15 21.525 1.05 B9BAB9 0.525
-2.625 8.4 -1.575 893A2E 0.525
-2.625 8.4 1.575 893A2E 0.525
-2.625 0 -2.625 6B6966 0.525
-2.625 0 2.625 6B6966 0.525
-2.625 0.525 -2.625 8C8984 0.525
-2.625 0.525 -2.1 7E7976 0.525
5.25 0.525 -2.1 5A5956 0.525
-2.625 0.525 -1.575 7E7976 0.525
5.25 0.525 -1.575 5A5956 0.525
-2.625 0.525 -1.05 7E7976 0.525
-2.625 0.525 -0.5249996 7E7976 0.525
-2.625 0.525 0 7E7976 0.525
-2.625 0.525 0.5249996 7E7976 0.525
-2.625 0.525 1.05 7E7976 0.525
-2.625 0.525 1.575 7E7976 0.525
-2.625 0.525 2.1 7E7976 0.525
-2.625 0.525 2.625 7E7976 0.525
-2.625 1.05 -1.05 8C8984 0.525
-2.625 1.05 2.625 8C8984 0.525
-2.625 1.575 -1.05 8C8984 0.525
-2.625 1.575 2.625 8C8984 0.525
-2.625 2.1 -1.05 ACA7A2 0.525
-2.625 2.1 -0.5249996 ACA7A2 0.525
-2.625 2.1 0 ACA7A2 0.525
-2.625 2.1 0.5249996 ACA7A2 0.525
-2.625 2.1 1.05 ACA7A2 0.525
-2.625 2.1 1.575 ACA7A2 0.525
-2.625 2.1 2.1 ACA7A2 0.525
-2.625 4.725 -1.05 B9BAB9 0.525
-2.625 4.725 0.5249996 B9BAB9 0.525
-2.625 4.725 -0.5249996 B9BAB9 0.525
-2.625 4.725 1.05 B9BAB9 0.525
-2.625 7.875 -1.575 893A2E 0.525
-2.625 7.875 1.575 893A2E 0.525
2.625 8.4 -1.575 893A2E 0.525
-2.625 8.4 -1.05 949394 0.525
-2.625 8.4 0.5249996 7F7F7F 0.525
-2.625 8.4 -0.5249996 7F7F7F 0.525
-2.625 8.4 1.05 984135 0.525
2.625 8.4 1.575 893A2E 0.525
2.1 8.925 -1.575 893A2E 0.525
-2.625 8.925 -1.05 949394 0.525
-2.625 8.925 0.5249996 7F7F7F 0.525
-2.625 8.925 -0.5249996 7F7F7F 0.525
-2.625 8.925 1.05 984135 0.525
2.1 8.925 1.575 893A2E 0.525
-2.625 14.7 -1.05 949394 0.525
-2.625 14.7 0.5249996 7F7F7F 0.525
-2.625 14.7 -0.5249996 7F7F7F 0.525
-2.625 14.7 1.05 949394 0.525
-2.625 17.85 -1.05 949394 0.525
-2.625 17.85 0.5249996 7F7F7F 0.525
-2.625 17.85 -0.5249996 7F7F7F 0.525
-2.625 17.85 1.05 949394 0.525
-2.1 8.925 -1.575 893A2E 0.525
-2.1 8.925 1.575 893A2E 0.525
-2.1 0 -2.625 6B6966 0.525
-2.1 0 2.625 6B6966 0.525
-2.1 0.525 -2.625 8C8984 0.525
-2.1 0.525 -2.1 7E7976 0.525
-2.1 0.525 -1.575 7E7976 0.525
-2.1 0.525 -1.05 7E7976 0.525
-2.1 0.525 -0.5249996 7E7976 0.525
-2.1 0.525 0 7E7976 0.525
-2.1 0.525 0.5249996 7E7976 0.525
-2.1 0.525 1.05 7E7976 0.525
-2.1 0.525 1.575 7E7976 0.525
-2.1 0.525 2.1 7E7976 0.525
-2.1 0.525 2.625 7E7976 0.525
-2.1 1.05 -1.05 8C8984 0.525
-2.1 1.05 2.625 8C8984 0.525
-2.1 1.575 -1.05 8C8984 0.525
-2.1 1.575 2.625 8C8984 0.525
-2.1 2.1 -1.05 ACA7A2 0.525
-2.1 2.1 -0.5249996 ACA7A2 0.525
-2.1 2.1 0 ACA7A2 0.525
-2.1 2.1 0.5249996 ACA7A2 0.525
-2.1 2.1 1.05 ACA7A2 0.525
-2.1 2.1 1.575 ACA7A2 0.525
-2.1 2.1 2.1 ACA7A2 0.525
-2.1 4.725 -1.05 B9BAB9 0.525
-2.1 4.725 0.5249996 B9BAB9 0.525
-2.1 4.725 -0.5249996 B9BAB9 0.525
-2.1 4.725 1.05 B9BAB9 0.525
-2.1 9.45 -1.575 984135 0.525
2.1 9.45 -1.575 893A2E 0.525
-2.1 9.45 -1.05 949394 0.525
-2.1 9.45 0.5249996 7F7F7F 0.525
-2.1 9.45 -0.5249996 7F7F7F 0.525
-2.1 9.45 1.05 984135 0.525
2.1 9.45 1.575 893A2E 0.525
-2.1 9.45 1.575 984135 0.525
1.575 9.975 -1.575 893A2E 0.525
-2.1 9.975 1.05 984135 0.525
-2.1 9.975 -1.05 984135 0.525
1.575 9.975 1.575 893A2E 0.525
-2.1 12.075 -1.05 949394 0.525
-2.1 12.075 0.5249996 7F7F7F 0.525
-2.1 12.075 -0.5249996 7F7F7F 0.525
-2.1 12.075 1.05 949394 0.525
-2.1 14.7 -1.05 949394 0.525
-2.1 14.7 0.5249996 7F7F7F 0.525
-2.1 14.7 -0.5249996 7F7F7F 0.525
-2.1 14.7 1.05 949394 0.525
-2.1 16.8 -1.05 949394 0.525
-2.1 16.8 0.5249996 7F7F7F 0.525
-2.1 16.8 -0.5249996 7F7F7F 0.525
-2.1 16.8 1.05 949394 0.525
-2.1 17.325 -1.05 949394 0.525
-2.1 17.325 0.5249996 7F7F7F 0.525
-2.1 17.325 -0.5249996 7F7F7F 0.525
-2.1 17.325 1.05 949394 0.525
-2.1 22.05 -1.05 B9BAB9 0.525
-2.1 22.05 0.5249996 B9BAB9 0.525
-2.1 22.05 -0.5249996 B9BAB9 0.525
-2.1 22.05 1.05 B9BAB9 0.525
-1.575 9.975 -1.575 893A2E 0.525
-1.575 9.975 1.575 893A2E 0.525
-1.575 0 -2.625 6B6966 0.525
-1.575 0 2.625 6B6966 0.525
-1.575 0.525 -2.625 8C8984 0.525
-1.575 0.525 -2.1 7E7976 0.525
-1.575 0.525 -1.575 7E7976 0.525
-1.575 0.525 -1.05 7E7976 0.525
-1.575 0.525 -0.5249996 7E7976 0.525
-1.575 0.525 0 7E7976 0.525
-1.575 0.525 0.5249996 7E7976 0.525
-1.575 0.525 1.05 7E7976 0.525
-1.575 0.525 1.575 7E7976 0.525
-1.575 0.525 2.1 7E7976 0.525
-1.575 0.525 2.625 7E7976 0.525
-1.575 1.05 -1.05 8C8984 0.525
-1.575 1.05 -2.1 9C9894 0.525
-1.575 1.05 -1.575 9C9894 0.525
-1.575 1.05 2.625 8C8984 0.525
-1.575 1.575 -1.05 8C8984 0.525
-1.575 1.575 2.625 8C8984 0.525
-1.575 2.1 -1.05 ACA7A2 0.525
-1.575 2.1 -0.5249996 ACA7A2 0.525
-1.575 2.1 0 ACA7A2 0.525
-1.575 2.1 0.5249996 ACA7A2 0.525
-1.575 2.1 1.05 ACA7A2 0.525
-1.575 1.575 1.575 9C9894 0.525
-1.575 1.575 2.1 9C9894 0.525
-1.575 9.975 1.05 984135 0.525
-1.575 9.975 -1.05 984135 0.525
-1.575 10.5 -1.575 984135 0.525
1.575 10.5 -1.575 893A2E 0.525
-1.575 10.5 -1.05 949394 0.525
-1.575 10.5 0.5249996 7F7F7F 0.525
-1.575 10.5 -0.5249996 7F7F7F 0.525
-1.575 10.5 1.05 984135 0.525
1.575 10.5 1.575 893A2E 0.525
-1.575 10.5 1.575 984135 0.525
-1.575 14.175 -1.05 949394 0.525
-1.575 14.175 0.5249996 7F7F7F 0.525
-1.575 14.175 -0.5249996 7F7F7F 0.525
-1.575 14.175 1.05 949394 0.525
-1.575 16.275 -1.05 949394 0.525
-1.575 16.275 0.5249996 7F7F7F 0.525
-1.575 16.275 -0.5249996 7F7F7F 0.525
-1.575 16.275 1.05 949394 0.525
-1.575 22.05 -1.05 B9BAB9 0.525
-1.575 22.05 0.5249996 B9BAB9 0.525
-1.575 22.05 -0.5249996 B9BAB9 0.525
-1.575 22.05 1.05 B9BAB9 0.525
-1.05 11.025 -1.575 893A2E 0.525
-1.05 11.025 1.575 893A2E 0.525
-1.05 0 -2.625 6B6966 0.525
-1.05 0 2.625 6B6966 0.525
-1.05 0.525 -2.625 8C8984 0.525
-1.05 0.525 -2.1 7E7976 0.525
-1.05 0.525 -1.575 7E7976 0.525
-1.05 0.525 -1.05 7E7976 0.525
-1.05 0.525 -0.5249996 7E7976 0.525
-1.05 0.525 0 7E7976 0.525
-1.05 0.525 0.5249996 7E7976 0.525
-1.05 0.525 1.05 7E7976 0.525
-1.05 0.525 1.575 7E7976 0.525
-1.05 0.525 2.1 7E7976 0.525
-1.05 0.525 2.625 7E7976 0.525
-1.05 1.05 -1.05 8C8984 0.525
-1.05 1.05 2.625 8C8984 0.525
-1.05 1.575 -1.05 8C8984 0.525
-1.05 1.575 2.625 8C8984 0.525
-1.05 2.1 -1.05 ACA7A2 0.525
-1.05 2.1 -0.5249996 ACA7A2 0.525
-1.05 2.1 0 ACA7A2 0.525
-1.05 2.1 0.5249996 ACA7A2 0.525
-1.05 2.1 1.05 ACA7A2 0.525
-1.05 1.575 1.575 9C9894 0.525
-1.05 1.575 2.1 9C9894 0.525
-1.05 10.5 -1.575 893A2E 0.525
-1.05 10.5 1.575 893A2E 0.525
1.05 11.025 -1.575 893A2E 0.525
-1.05 11.025 1.05 984135 0.525
-1.05 11.025 -1.05 984135 0.525
1.05 11.025 1.575 893A2E 0.525
0.525 11.55 -1.575 893A2E 0.525
-1.05 11.55 -1.05 949394 0.525
-1.05 11.55 0.5249996 7F7F7F 0.525
-1.05 11.55 -0.5249996 7F7F7F 0.525
-1.05 11.55 1.05 984135 0.525
0.525 11.55 1.575 893A2E 0.525
-1.05 12.6 -1.05 949394 0.525
-1.05 12.6 0.5249996 7F7F7F 0.525
-1.05 12.6 -0.5249996 7F7F7F 0.525
-1.05 12.6 1.05 949394 0.525
-1.05 15.225 -1.05 949394 0.525
-1.05 15.225 0.5249996 7F7F7F 0.525
-1.05 15.225 -0.5249996 7F7F7F 0.525
-1.05 15.225 1.05 949394 0.525
-0.525 11.55 -1.575 893A2E 0.525
-0.525 2.1 -0.5249996 AA8A1E 0.525
-0.525 2.1 0 AA8A1E 0.525
-0.525 2.1 0.5249996 AA8A1E 0.525
-0.525 11.55 1.575 893A2E 0.525
-0.525 0 -2.625 6B6966 0.525
-0.525 0 2.625 6B6966 0.525
-0.525 0.525 -2.625 8C8984 0.525
-0.525 0.525 -2.1 7E7976 0.525
-0.525 0.525 -1.575 7E7976 0.525
-0.525 0.525 -1.05 7E7976 0.525
-0.525 0.525 -0.5249996 7E7976 0.525
-0.525 0.525 0 7E7976 0.525
-0.525 0.525 0.5249996 7E7976 0.525
-0.525 0.525 1.05 7E7976 0.525
-0.525 0.525 1.575 7E7976 0.525
-0.525 0.525 2.1 7E7976 0.525
-0.525 0.525 2.625 7E7976 0.525
-0.525 1.05 -2.625 8C8984 0.525
5.25 1.05 -1.575 5A5D63 0.525
-0.525 1.05 2.625 8C8984 0.525
-0.525 1.575 -1.05 8C8984 0.525
-0.525 1.05 -2.1 9C9894 0.525
-0.525 1.05 -1.575 9C9894 0.525
-0.525 1.575 1.575 9C9894 0.525
-0.525 1.575 1.05 8C8984 0.525
-0.525 1.575 2.1 9C9894 0.525
-0.525 2.1 -1.05 ACA7A2 0.525
-0.525 2.1 1.05 ACA7A2 0.525
-0.525 2.625 -0.5249996 B99621 0.525
-0.525 3.675 -0.5249996 AA8A1E 0.525
-0.525 2.625 0.5249996 B99621 0.525
-0.525 3.675 0 AA8A1E 0.525
-0.525 2.625 0 6B6966 0.525
0 2.625 0 7B8089 0.525
-0.525 3.675 0.5249996 AA8A1E 0.525
0.525 2.625 0.5249996 D3B129 0.525
-0.525 12.6 -0.5249996 6B2E25 0.525
-0.525 12.6 0 6B2E25 0.525
-0.525 12.6 0.5249996 6B2E25 0.525
-0.525 4.2 -1.05 B9BAB9 0.525
-0.525 4.2 0.5249996 B9BAB9 0.525
-0.525 4.2 -0.5249996 B9BAB9 0.525
-0.525 4.2 1.05 B9BAB9 0.525
-0.525 12.075 -1.575 984135 0.525
0.525 12.075 -1.575 893A2E 0.525
-0.525 12.075 -1.05 949394 0.525
-0.525 12.075 0.5249996 7F7F7F 0.525
-0.525 12.075 -0.5249996 7F7F7F 0.525
-0.525 12.075 1.05 984135 0.525
0.525 12.075 1.575 893A2E 0.525
-0.525 12.075 1.575 984135 0.525
0 12.6 -1.575 893A2E 0.525
-0.525 12.6 -1.05 949394 0.525
-0.525 12.6 1.05 984135 0.525
0 12.6 1.575 893A2E 0.525
-0.525 20.475 -0.5249996 AA8A1E 0.525
-0.525 20.475 0 AA8A1E 0.525
8.925 13.125 0 7B8089 0.525
-0.525 20.475 0.5249996 AA8A1E 0.525
-0.525 14.175 -1.05 949394 0.525
-0.525 14.175 -0.5249996 984135 0.525
-0.525 14.175 0.5249996 7F7F7F 0.525
-0.525 14.175 0 984135 0.525
-0.525 14.175 1.05 949394 0.525
-0.525 21.525 -0.5249996 AA8A1E 0.525
4.725 20.475 0 7B8089 0.525
-0.525 21.525 0.5249996 AA8A1E 0.525
-0.525 21 -0.5249996 D3B129 0.525
-0.525 21.525 0 AA8A1E 0.525
-0.525 21 0 6B6966 0.525
-0.525 21 0.5249996 D3B129 0.525
-0.525 22.05 -0.5249996 D3B129 0.525
-0.525 22.05 0 D3B129 0.525
-0.525 22.05 0.5249996 D3B129 0.525
0 13.125 -1.05 6B2E25 0.525
0 2.1 -0.5249996 AA8A1E 0.525
0 2.1 0 AA8A1E 0.525
0 2.1 0.5249996 AA8A1E 0.525
0 13.125 1.05 6B2E25 0.525
0 0 -2.625 6B6966 0.525
0 0 2.625 6B6966 0.525
0 0.525 -2.625 8C8984 0.525
0 0.525 -2.1 7E7976 0.525
0 0.525 -1.575 7E7976 0.525
0 0.525 -1.05 7E7976 0.525
0 0.525 -0.5249996 7E7976 0.525
0 0.525 0 7E7976 0.525
0 0.525 0.5249996 7E7976 0.525
0 0.525 1.05 7E7976 0.525
0 0.525 1.575 7E7976 0.525
0 0.525 2.1 7E7976 0.525
0 0.525 2.625 7E7976 0.525
0 1.05 -2.625 8C8984 0.525
0 1.05 2.625 8C8984 0.525
0 1.575 -1.05 8C8984 0.525
0 1.05 -2.1 9C9894 0.525
0 1.05 -1.575 9C9894 0.525
0 1.575 1.575 9C9894 0.525
0 1.575 1.05 8C8984 0.525
0 1.575 2.1 9C9894 0.525
0 2.1 -1.05 7B8089 0.525
0 2.1 1.05 7B8089 0.525
0 2.625 -0.5249996 B99621 0.525
0 3.675 -0.5249996 AA8A1E 0.525
0.525 2.625 0 C6A625 0.525
0 3.675 0.5249996 AA8A1E 0.525
3.675 3.675 0 B93C39 0.525
0 4.2 -1.05 B9BAB9 0.525
0 12.6 -0.5249996 6B2E25 0.525
0 12.6 0 6B2E25 0.525
4.725 4.2 0 7B8089 0.525
0 12.6 0.5249996 6B2E25 0.525
0 4.2 1.05 B9BAB9 0.525
0 4.725 -1.05 949394 0.525
0 4.725 0.5249996 7F7F7F 0.525
0 4.725 -0.5249996 7F7F7F 0.525
0 4.725 1.05 949394 0.525
0 5.25 -1.05 949394 0.525
0 5.25 0.5249996 7F7F7F 0.525
0 5.25 -0.5249996 7F7F7F 0.525
0 5.25 1.05 949394 0.525
0 5.775 -1.05 949394 0.525
0 5.775 0.5249996 7F7F7F 0.525
0 5.775 -0.5249996 7F7F7F 0.525
0 5.775 1.05 949394 0.525
0 6.3 -1.05 949394 0.525
0 6.3 0.5249996 7F7F7F 0.525
0 6.3 -0.5249996 7F7F7F 0.525
0 6.3 1.05 949394 0.525
0 6.825 -1.05 949394 0.525
0 6.825 0.5249996 7F7F7F 0.525
0 6.825 -0.5249996 7F7F7F 0.525
0 6.825 1.05 949394 0.525
0 7.35 -1.05 949394 0.525
0 7.35 0.5249996 7F7F7F 0.525
0 7.35 -0.5249996 7F7F7F 0.525
0 7.35 1.05 949394 0.525
0 7.875 -1.05 949394 0.525
0 7.875 0.5249996 7F7F7F 0.525
0 7.875 -0.5249996 7F7F7F 0.525
0 7.875 1.05 949394 0.525
0 8.4 -1.05 949394 0.525
0 8.4 0.5249996 7F7F7F 0.525
0 8.4 -0.5249996 7F7F7F 0.525
0 8.4 1.05 949394 0.525
0 8.925 -1.05 949394 0.525
0 8.925 0.5249996 7F7F7F 0.525
0 8.925 -0.5249996 7F7F7F 0.525
0 8.925 1.05 949394 0.525
0 9.45 -1.05 949394 0.525
0 9.45 0.5249996 7F7F7F 0.525
0 9.45 -0.5249996 7F7F7F 0.525
0 9.45 1.05 949394 0.525
0 9.975 -1.05 949394 0.525
0 9.975 0.5249996 7F7F7F 0.525
0 9.975 -0.5249996 7F7F7F 0.525
0 9.975 1.05 949394 0.525
0 10.5 -1.05 949394 0.525
0 10.5 0.5249996 7F7F7F 0.525
0 10.5 -0.5249996 7F7F7F 0.525
0 10.5 1.05 949394 0.525
0 11.025 -1.05 949394 0.525
0 11.025 0.5249996 7F7F7F 0.525
0 11.025 -0.5249996 7F7F7F 0.525
0 11.025 1.05 949394 0.525
0 11.55 -1.05 949394 0.525
0 11.55 0.5249996 7F7F7F 0.525
0 11.55 -0.5249996 7F7F7F 0.525
0 11.55 1.05 949394 0.525
0 12.075 -1.05 949394 0.525
0 12.075 0.5249996 7F7F7F 0.525
0 12.075 -0.5249996 7F7F7F 0.525
0 12.075 1.05 949394 0.525
0 12.6 -1.05 949394 0.525
0 12.6 1.05 949394 0.525
0 13.125 -1.575 893A2E 0.525
0 20.475 -0.5249996 AA8A1E 0.525
0 13.125 0.5249996 7F7F7F 0.525
0 13.125 -0.5249996 7F7F7F 0.525
0 20.475 0 AA8A1E 0.525
0 20.475 0.5249996 AA8A1E 0.525
0 13.125 1.575 893A2E 0.525
0 13.65 -1.575 893A2E 0.525
0 13.65 -1.05 949394 0.525
0 13.65 0.5249996 7F7F7F 0.525
0 13.65 -0.5249996 7F7F7F 0.525
0 13.65 1.05 949394 0.525
0 13.65 1.575 893A2E 0.525
0 14.175 -1.05 949394 0.525
0 14.175 -0.5249996 984135 0.525
0 14.175 0.5249996 7F7F7F 0.525
0 14.175 0 984135 0.525
0 14.175 1.05 949394 0.525
0 14.7 -1.05 949394 0.525
0 14.7 0.5249996 7F7F7F 0.525
0 14.7 -0.5249996 7F7F7F 0.525
0 14.7 1.05 949394 0.525
0 15.225 -1.05 949394 0.525
0 15.225 0.5249996 7F7F7F 0.525
0 15.225 -0.5249996 7F7F7F 0.525
0 15.225 1.05 949394 0.525
0 15.75 -1.05 949394 0.525
0 15.75 0.5249996 7F7F7F 0.525
0 15.75 -0.5249996 7F7F7F 0.525
0 15.75 1.05 949394 0.525
0 16.275 -1.05 949394 0.525
0 16.275 0.5249996 7F7F7F 0.525
0 16.275 -0.5249996 7F7F7F 0.525
0 16.275 1.05 949394 0.525
0 16.8 -1.05 949394 0.525
0 16.8 0.5249996 7F7F7F 0.525
0 16.8 -0.5249996 7F7F7F 0.525
0 16.8 1.05 949394 0.525
0 17.325 -1.05 949394 0.525
0 17.325 0.5249996 7F7F7F 0.525
0 17.325 -0.5249996 7F7F7F 0.525
0 17.325 1.05 949394 0.525
0 17.85 -1.05 949394 0.525
0 17.85 0.5249996 7F7F7F 0.525
0 17.85 -0.5249996 7F7F7F 0.525
0 17.85 1.05 949394 0.525
0 18.375 -1.05 949394 0.525
0 18.375 0.5249996 7F7F7F 0.525
0 18.375 -0.5249996 7F7F7F 0.525
0 18.375 1.05 949394 0.525
0 18.9 -1.05 949394 0.525
0 18.9 0.5249996 7F7F7F 0.525
0 18.9 -0.5249996 7F7F7F 0.525
0 18.9 1.05 949394 0.525
0 19.425 -1.05 949394 0.525
0 19.425 0.5249996 7F7F7F 0.525
0 19.425 -0.5249996 7F7F7F 0.525
0 19.425 1.05 949394 0.525
0 19.95 -1.05 949394 0.525
0 19.95 0.5249996 7F7F7F 0.525
0 19.95 -0.5249996 7F7F7F 0.525
0 19.95 1.05 949394 0.525
0 20.475 -1.05 949394 0.525
0 21.525 -0.5249996 AA8A1E 0.525
0 21.525 0.5249996 AA8A1E 0.525
0 20.475 1.05 949394 0.525
0 21 -1.05 949394 0.525
0 21 -0.5249996 D3B129 0.525
4.725 21 0 7B8089 0.525
0 21 0.5249996 7F7F7F 0.525
0 21 1.05 949394 0.525
0 21.525 -1.05 949394 0.525
0 21.525 1.05 949394 0.525
0 22.05 -1.05 949394 0.525
0 22.05 -0.5249996 D3B129 0.525
0 22.05 0.5249996 7F7F7F 0.525
0 22.05 1.05 949394 0.525
0 22.575 -1.05 B9BAB9 0.525
0 22.575 1.05 B9BAB9 0.525
0.525 2.1 -0.5249996 AA8A1E 0.525
0.525 2.1 0 AA8A1E 0.525
0.525 2.1 0.5249996 AA8A1E 0.525
0.525 0 -2.625 6B6966 0.525
0.525 0 2.625 6B6966 0.525
0.525 0.525 -2.625 8C8984 0.525
0.525 0.525 -2.1 7E7976 0.525
0.525 0.525 -1.575 7E7976 0.525
0.525 0.525 -1.05 7E7976 0.525
0.525 0.525 -0.5249996 7E7976 0.525
0.525 0.525 0 7E7976 0.525
0.525 0.525 0.5249996 7E7976 0.525
0.525 0.525 1.05 7E7976 0.525
0.525 0.525 1.575 7E7976 0.525
0.525 0.525 2.1 7E7976 0.525
0.525 0.525 2.625 7E7976 0.525
0.525 1.05 -2.625 8C8984 0.525
0.525 1.05 2.625 8C8984 0.525
0.525 1.575 -1.05 8C8984 0.525
0.525 1.575 -2.1 9C9894 0.525
0.525 1.575 -1.575 9C9894 0.525
0.525 1.05 1.575 9C9894 0.525
0.525 1.575 1.05 8C8984 0.525
0.525 1.05 2.1 9C9894 0.525
0.525 2.1 -1.05 ACA7A2 0.525
0.525 2.1 1.05 ACA7A2 0.525
0.525 2.625 -0.5249996 B99621 0.525
0.525 3.675 -0.5249996 AA8A1E 0.525
0.525 3.675 0 AA8A1E 0.525
0.525 3.675 0.5249996 AA8A1E 0.525
0.525 12.6 -0.5249996 6B2E25 0.525
0.525 12.6 0 6B2E25 0.525
0.525 12.6 0.5249996 6B2E25 0.525
0.525 4.2 -1.05 B9BAB9 0.525
0.525 4.2 0.5249996 B9BAB9 0.525
0.525 4.2 -0.5249996 B9BAB9 0.525
0.525 4.2 1.05 B9BAB9 0.525
0.525 12.075 1.05 984135 0.525
0.525 12.075 -1.05 984135 0.525
0.525 12.6 -1.575 984135 0.525
0.525 12.6 -1.05 949394 0.525
0.525 12.6 1.05 984135 0.525
0.525 12.6 1.575 984135 0.525
0.525 13.125 -1.05 893A2E 0.525
0.525 13.125 -1.575 A74739 0.525
0.525 20.475 -0.5249996 AA8A1E 0.525
0.525 13.125 0.5249996 7F7F7F 0.525
0.525 13.125 -0.5249996 7F7F7F 0.525
0.525 20.475 0 AA8A1E 0.525
0.525 20.475 0.5249996 AA8A1E 0.525
0.525 13.125 1.05 7B3329 0.525
0.525 13.125 1.575 A74739 0.525
0.525 13.65 -1.05 893A2E 0.525
0.525 13.65 -1.575 7B3329 0.525
0.525 13.65 0.5249996 7F7F7F 0.525
0.525 13.65 -0.5249996 7F7F7F 0.525
0.525 13.65 1.05 7B3329 0.525
0.525 13.65 1.575 7B3329 0.525
0.525 14.175 -1.05 949394 0.525
0.525 14.175 -0.5249996 984135 0.525
0.525 14.175 0.5249996 7F7F7F 0.525
0.525 14.175 0 984135 0.525
0.525 14.175 1.05 949394 0.525
0.525 21.525 -0.5249996 AA8A1E 0.525
0.525 21.525 0.5249996 AA8A1E 0.525
0.525 21 -0.5249996 D3B129 0.525
0.525 21.525 0 AA8A1E 0.525
0.525 21 0 6B6966 0.525
0.525 21 0.5249996 D3B129 0.525
0.525 22.05 -0.5249996 D3B129 0.525
0.525 22.05 0 D3B129 0.525
0.525 22.05 0.5249996 D3B129 0.525
1.05 0 -2.625 6B6966 0.525
1.05 0 2.625 6B6966 0.525
1.05 0.525 -2.625 8C8984 0.525
1.05 0.525 -2.1 7E7976 0.525
1.05 0.525 -1.575 7E7976 0.525
1.05 0.525 -1.05 7E7976 0.525
1.05 0.525 -0.5249996 7E7976 0.525
1.05 0.525 0 7E7976 0.525
1.05 0.525 0.5249996 7E7976 0.525
1.05 0.525 1.05 7E7976 0.525
1.05 0.525 1.575 7E7976 0.525
1.05 0.525 2.1 7E7976 0.525
1.05 0.525 2.625 7E7976 0.525
1.05 1.05 -2.625 8C8984 0.525
1.05 1.05 1.575 9C9894 0.525
1.05 1.05 1.05 8C8984 0.525
1.05 1.05 2.1 9C9894 0.525
1.05 1.575 -1.05 8C8984 0.525
1.05 1.575 1.05 8C8984 0.525
1.05 2.1 -1.05 ACA7A2 0.525
1.05 2.1 -0.5249996 ACA7A2 0.525
1.05 2.1 0 ACA7A2 0.525
1.05 2.1 0.5249996 ACA7A2 0.525
1.05 2.1 1.05 ACA7A2 0.525
1.05 2.625 -0.5249996 C6A625 0.525
1.05 2.625 0 C6A625 0.525
1.05 2.625 0.5249996 C6A625 0.525
1.05 11.025 1.05 984135 0.525
1.05 11.025 -1.05 984135 0.525
1.05 11.55 -1.575 984135 0.525
1.05 11.55 -1.05 949394 0.525
1.05 11.55 0.5249996 7F7F7F 0.525
1.05 11.55 -0.5249996 7F7F7F 0.525
1.05 11.55 1.05 984135 0.525
1.05 11.55 1.575 984135 0.525
1.05 12.075 -1.575 A74739 0.525
1.05 12.075 1.575 A74739 0.525
1.05 12.6 -1.05 949394 0.525
1.05 12.6 0.5249996 7F7F7F 0.525
1.05 12.6 -0.5249996 7F7F7F 0.525
1.05 12.6 1.05 949394 0.525
0.525 13.125 0 7B3329 0.525
0.525 13.65 0 7B3329 0.525
1.05 14.7 -1.05 949394 0.525
1.05 14.7 0.5249996 7F7F7F 0.525
1.05 14.7 -0.5249996 7F7F7F 0.525
1.05 14.7 1.05 949394 0.525
1.05 15.225 -1.05 949394 0.525
1.05 15.225 0.5249996 7F7F7F 0.525
1.05 15.225 -0.5249996 7F7F7F 0.525
1.05 15.225 1.05 949394 0.525
1.05 20.475 -0.5249996 C6A625 0.525
1.05 20.475 0 C6A625 0.525
1.05 20.475 0.5249996 C6A625 0.525
1.575 0 -2.625 6B6966 0.525
1.575 0 2.625 6B6966 0.525
1.575 0.525 -2.625 8C8984 0.525
1.575 0.525 -2.1 7E7976 0.525
1.575 0.525 -1.575 7E7976 0.525
1.575 0.525 -1.05 7E7976 0.525
1.575 0.525 -0.5249996 7E7976 0.525
1.575 0.525 0 7E7976 0.525
1.575 0.525 0.5249996 7E7976 0.525
1.575 0.525 1.05 7E7976 0.525
1.575 0.525 1.575 7E7976 0.525
1.575 0.525 2.1 7E7976 0.525
1.575 0.525 2.625 7E7976 0.525
1.575 1.05 -2.625 8C8984 0.525
1.575 1.05 1.575 9C9894 0.525
1.575 1.05 1.05 8C8984 0.525
1.575 1.05 2.1 9C9894 0.525
1.575 1.575 -2.625 8C8984 0.525
5.25 1.575 -1.575 5A5D63 0.525
1.575 1.575 1.05 8C8984 0.525
1.575 1.575 -2.1 9C9894 0.525
1.575 1.575 -1.575 9C9894 0.525
1.575 2.1 -1.05 ACA7A2 0.525
1.575 2.1 -0.5249996 ACA7A2 0.525
1.575 2.1 0 ACA7A2 0.525
1.575 2.1 0.5249996 ACA7A2 0.525
1.575 2.1 1.05 ACA7A2 0.525
1.575 10.5 -1.05 949394 0.525
1.575 10.5 0.5249996 7F7F7F 0.525
1.575 10.5 -0.5249996 7F7F7F 0.525
1.575 10.5 1.05 984135 0.525
1.575 11.025 -1.575 984135 0.525
1.575 11.025 -1.05 949394 0.525
1.575 11.025 0.5249996 7F7F7F 0.525
1.575 11.025 -0.5249996 7F7F7F 0.525
1.575 11.025 1.05 984135 0.525
1.575 11.025 1.575 984135 0.525
1.575 11.55 -1.575 A74739 0.525
1.575 11.55 1.575 A74739 0.525
1.575 12.6 -1.05 949394 0.525
1.575 12.6 0.5249996 7F7F7F 0.525
1.575 12.6 -0.5249996 7F7F7F 0.525
1.575 12.6 1.05 949394 0.525
1.575 14.175 -1.05 949394 0.525
1.575 14.175 0.5249996 7F7F7F 0.525
1.575 14.175 -0.5249996 7F7F7F 0.525
1.575 14.175 1.05 949394 0.525
1.575 15.75 -1.05 949394 0.525
1.575 15.75 0.5249996 7F7F7F 0.525
1.575 15.75 -0.5249996 7F7F7F 0.525
1.575 15.75 1.05 949394 0.525
1.575 16.275 -1.05 949394 0.525
1.575 16.275 0.5249996 7F7F7F 0.525
1.575 16.275 -0.5249996 7F7F7F 0.525
1.575 16.275 1.05 949394 0.525
1.575 22.05 -1.05 B9BAB9 0.525
1.575 22.05 0.5249996 B9BAB9 0.525
1.575 22.05 -0.5249996 B9BAB9 0.525
1.575 22.05 1.05 B9BAB9 0.525
2.1 0 -2.625 6B6966 0.525
2.1 0 2.625 6B6966 0.525
2.1 0.525 -2.625 8C8984 0.525
2.1 0.525 -2.1 7E7976 0.525
2.1 0.525 -1.575 7E7976 0.525
2.1 0.525 -1.05 7E7976 0.525
2.1 0.525 -0.5249996 7E7976 0.525
2.1 0.525 0 7E7976 0.525
2.1 0.525 0.5249996 7E7976 0.525
2.1 0.525 1.05 7E7976 0.525
2.1 0.525 1.575 7E7976 0.525
2.1 0.525 2.1 7E7976 0.525
2.1 0.525 2.625 7E7976 0.525
2.1 1.05 -2.625 8C8984 0.525
2.1 1.05 1.05 8C8984 0.525
2.1 1.575 -2.625 8C8984 0.525
2.1 1.575 1.05 8C8984 0.525
2.1 2.1 -1.05 7B8089 0.525
2.1 2.1 -2.1 9C9894 0.525
2.1 2.1 -1.575 9C9894 0.525
2.1 2.1 1.05 7B8089 0.525
2.1 2.1 -0.5249996 ACA7A2 0.525
2.1 2.1 0 ACA7A2 0.525
2.1 2.1 0.5249996 ACA7A2 0.525
2.1 4.725 -1.05 B9BAB9 0.525
2.1 4.725 0.5249996 B9BAB9 0.525
2.1 4.725 -0.5249996 B9BAB9 0.525
2.1 4.725 1.05 B9BAB9 0.525
2.1 9.45 -1.05 949394 0.525
2.1 9.45 0.5249996 7F7F7F 0.525
2.1 9.45 -0.5249996 7F7F7F 0.525
2.1 9.45 1.05 984135 0.525
2.1 9.975 -1.575 984135 0.525
2.1 9.975 -1.05 949394 0.525
2.1 9.975 0.5249996 7F7F7F 0.525
2.1 9.975 -0.5249996 7F7F7F 0.525
2.1 9.975 1.05 984135 0.525
2.1 9.975 1.575 984135 0.525
2.1 10.5 -1.575 A74739 0.525
2.1 10.5 1.575 A74739 0.525
2.1 12.075 -1.05 949394 0.525
2.1 12.075 0.5249996 7F7F7F 0.525
2.1 12.075 -0.5249996 7F7F7F 0.525
2.1 12.075 1.05 949394 0.525
2.1 14.7 -1.05 949394 0.525
2.1 14.7 0.5249996 7F7F7F 0.525
2.1 14.7 -0.5249996 7F7F7F 0.525
2.1 14.7 1.05 949394 0.525
2.1 16.8 -1.05 949394 0.525
2.1 16.8 0.5249996 7F7F7F 0.525
2.1 16.8 -0.5249996 7F7F7F 0.525
2.1 16.8 1.05 949394 0.525
2.1 22.05 -1.05 B9BAB9 0.525
2.1 22.05 0.5249996 B9BAB9 0.525
2.1 22.05 -0.5249996 B9BAB9 0.525
2.1 22.05 1.05 B9BAB9 0.525
2.625 0 -2.625 6B6966 0.525
2.625 0 2.625 6B6966 0.525
2.625 0.525 -2.625 8C8984 0.525
2.625 0.525 -2.1 7E7976 0.525
2.625 0.525 -1.575 7E7976 0.525
2.625 0.525 -1.05 7E7976 0.525
2.625 0.525 -0.5249996 7E7976 0.525
2.625 0.525 0 7E7976 0.525
2.625 0.525 0.5249996 7E7976 0.525
2.625 0.525 1.05 7E7976 0.525
2.625 0.525 1.575 7E7976 0.525
2.625 0.525 2.1 7E7976 0.525
2.625 0.525 2.625 7E7976 0.525
2.625 1.05 -2.625 8C8984 0.525
2.625 1.05 1.05 8C8984 0.525
2.625 1.575 -2.625 8C8984 0.525
2.625 1.575 1.05 8C8984 0.525
2.625 2.1 -2.1 ACA7A2 0.525
2.625 2.1 -1.575 ACA7A2 0.525
2.625 2.1 -1.05 ACA7A2 0.525
2.625 2.1 -0.5249996 ACA7A2 0.525
2.625 2.1 0 ACA7A2 0.525
2.625 2.1 0.5249996 ACA7A2 0.525
2.625 2.1 1.05 ACA7A2 0.525
2.625 4.725 -1.05 B9BAB9 0.525
2.625 4.725 0.5249996 B9BAB9 0.525
2.625 4.725 -0.5249996 B9BAB9 0.525
2.625 4.725 1.05 B9BAB9 0.525
2.625 8.4 1.05 984135 0.525
2.625 8.4 -1.05 984135 0.525
2.625 8.925 -1.575 984135 0.525
2.625 8.925 -1.05 949394 0.525
2.625 8.925 0.5249996 7F7F7F 0.525
2.625 8.925 -0.5249996 7F7F7F 0.525
2.625 8.925 1.05 984135 0.525
2.625 8.925 1.575 984135 0.525
2.625 9.45 -1.575 A74739 0.525
2.625 9.45 1.575 A74739 0.525
2.625 14.7 -1.05 949394 0.525
2.625 14.7 0.5249996 7F7F7F 0.525
2.625 14.7 -0.5249996 7F7F7F 0.525
2.625 14.7 1.05 949394 0.525
2.625 17.85 -1.05 949394 0.525
2.625 17.85 0.5249996 7F7F7F 0.525
2.625 17.85 -0.5249996 7F7F7F 0.525
2.625 17.85 1.05 949394 0.525
3.15 0 -2.625 6B6966 0.525
3.15 0 2.625 6B6966 0.525
3.15 0.525 -2.625 8C8984 0.525
3.15 0.525 -2.1 7E7976 0.525
3.15 0.525 -1.575 7E7976 0.525
3.15 0.525 -1.05 7E7976 0.525
3.15 0.525 -0.5249996 7E7976 0.525
3.15 0.525 0 7E7976 0.525
3.15 0.525 0.5249996 7E7976 0.525
3.15 0.525 1.05 7E7976 0.525
3.15 0.525 1.575 9C9894 0.525
3.15 0.525 2.1 9C9894 0.525
3.15 0.525 2.625 7E7976 0.525
3.15 1.05 -2.625 8C8984 0.525
3.15 1.05 1.05 8C8984 0.525
3.15 1.575 -2.625 8C8984 0.525
3.15 1.575 1.05 8C8984 0.525
3.15 2.1 -2.1 ACA7A2 0.525
3.15 2.1 -1.575 ACA7A2 0.525
3.15 2.1 -1.05 ACA7A2 0.525
3.15 2.1 -0.5249996 ACA7A2 0.525
3.15 2.1 0 ACA7A2 0.525
3.15 2.1 0.5249996 ACA7A2 0.525
3.15 2.1 1.05 ACA7A2 0.525
3.15 7.875 -1.575 984135 0.525
3.15 7.875 -1.05 949394 0.525
3.15 7.875 0.5249996 7F7F7F 0.525
3.15 7.875 -0.5249996 7F7F7F 0.525
3.15 7.875 1.05 984135 0.525
3.15 7.875 1.575 984135 0.525
3.15 8.4 -1.575 984135 0.525
3.15 8.4 1.05 984135 0.525
3.15 8.4 -1.05 984135 0.525
3.15 8.4 1.575 984135 0.525
3.15 11.55 -1.05 949394 0.525
3.15 11.55 0.5249996 7F7F7F 0.525
3.15 11.55 -0.5249996 7F7F7F 0.525
3.15 11.55 1.05 949394 0.525
3.15 15.225 -1.05 949394 0.525
3.15 15.225 0.5249996 7F7F7F 0.525
3.15 15.225 -0.5249996 7F7F7F 0.525
3.15 15.225 1.05 949394 0.525
3.15 18.375 -1.05 949394 0.525
3.15 18.375 0.5249996 7F7F7F 0.525
3.15 18.375 -0.5249996 7F7F7F 0.525
3.15 18.375 1.05 949394 0.525
3.15 18.9 -1.05 949394 0.525
3.15 18.9 0.5249996 7F7F7F 0.525
3.15 18.9 -0.5249996 7F7F7F 0.525
3.15 18.9 1.05 949394 0.525
3.15 21.525 -1.05 B9BAB9 0.525
3.15 21.525 0.5249996 B9BAB9 0.525
3.15 21.525 -0.5249996 B9BAB9 0.525
3.15 21.525 1.05 B9BAB9 0.525
3.675 0 -2.625 6B6966 0.525
3.675 0 2.625 6B6966 0.525
3.675 0.525 -2.625 8C8984 0.525
3.675 0.525 -2.1 7E7976 0.525
3.675 0.525 -1.575 7E7976 0.525
3.675 0.525 -1.05 7E7976 0.525
3.675 0.525 -0.5249996 7E7976 0.525
3.675 0.525 0 7E7976 0.525
3.675 0.525 0.5249996 7E7976 0.525
3.675 0.525 1.05 7E7976 0.525
3.675 0.525 1.575 9C9894 0.525
3.675 0.525 2.1 9C9894 0.525
3.675 0.525 2.625 7E7976 0.525
3.675 1.05 -2.625 8C8984 0.525
3.675 1.05 1.05 8C8984 0.525
3.675 1.575 -2.625 8C8984 0.525
3.675 1.575 1.05 8C8984 0.525
3.675 2.1 -2.1 ACA7A2 0.525
3.675 2.1 -1.575 ACA7A2 0.525
3.675 2.1 -1.05 ACA7A2 0.525
3.675 2.1 -0.5249996 ACA7A2 0.525
3.675 2.1 0 ACA7A2 0.525
3.675 2.1 0.5249996 ACA7A2 0.525
3.675 2.1 1.05 ACA7A2 0.525
3.675 5.25 -1.05 B9BAB9 0.525
3.675 5.25 0.5249996 B9BAB9 0.525
3.675 5.25 -0.5249996 B9BAB9 0.525
3.675 5.25 1.05 B9BAB9 0.525
3.675 6.825 -1.05 949394 0.525
3.675 6.825 0.5249996 7F7F7F 0.525
3.675 6.825 -0.5249996 7F7F7F 0.525
3.675 6.825 1.05 984135 0.525
3.675 7.35 -1.575 984135 0.525
3.675 7.35 -1.05 949394 0.525
3.675 7.35 0.5249996 7F7F7F 0.525
3.675 7.35 -0.5249996 7F7F7F 0.525
3.675 7.35 1.05 984135 0.525
3.675 7.35 1.575 984135 0.525
3.675 7.875 -1.575 A74739 0.525
3.675 7.875 1.575 A74739 0.525
3.675 11.025 -1.05 949394 0.525
3.675 11.025 0.5249996 7F7F7F 0.525
3.675 11.025 -0.5249996 7F7F7F 0.525
3.675 11.025 1.05 949394 0.525
3.675 15.225 -1.05 949394 0.525
3.675 15.225 0.5249996 7F7F7F 0.525
3.675 15.225 -0.5249996 7F7F7F 0.525
3.675 15.225 1.05 949394 0.525
3.675 19.425 -1.05 949394 0.525
3.675 19.425 1.05 949394 0.525
3.675 19.95 -1.05 949394 0.525
3.675 19.95 0.5249996 7F7F7F 0.525
3.675 19.95 -0.5249996 7F7F7F 0.525
3.675 19.95 1.05 949394 0.525
3.675 21.525 -1.05 B9BAB9 0.525
3.675 21.525 0.5249996 B9BAB9 0.525
3.675 21.525 -0.5249996 B9BAB9 0.525
3.675 21.525 1.05 B9BAB9 0.525
4.2 3.15 -0.5249996 9C3131 0.525
4.2 3.15 0 9C3131 0.525
4.2 3.15 0.5249996 9C3131 0.525
4.2 0 -2.625 6B6966 0.525
4.2 0 2.625 6B6966 0.525
4.2 0.525 -2.625 7E7976 0.525
4.2 0.525 -2.1 7E7976 0.525
4.2 0.525 -1.575 7E7976 0.525
4.2 0.525 -1.05 7E7976 0.525
4.2 0.525 -0.5249996 7E7976 0.525
4.2 0.525 0 7E7976 0.525
4.2 0.525 0.5249996 7E7976 0.525
4.2 0.525 1.05 7E7976 0.525
4.2 0.525 1.575 7E7976 0.525
4.2 0.525 2.1 7E7976 0.525
4.2 0.525 2.625 7E7976 0.525
4.2 1.05 -2.1 7E7976 0.525
4.2 1.05 -1.575 7E7976 0.525
4.2 1.05 -1.05 7E7976 0.525
4.2 1.05 -0.5249996 7E7976 0.525
4.2 1.05 0 7E7976 0.525
4.2 1.05 0.5249996 7E7976 0.525
4.2 1.05 1.05 7E7976 0.525
4.2 1.575 -2.1 7E7976 0.525
4.2 1.575 -1.575 7E7976 0.525
4.2 1.575 -1.05 7E7976 0.525
4.2 1.575 -0.5249996 7E7976 0.525
4.2 1.575 0 7E7976 0.525
4.2 1.575 0.5249996 7E7976 0.525
4.2 1.575 1.05 7E7976 0.525
4.2 3.675 -0.5249996 AC3435 0.525
4.2 4.725 -0.5249996 9C3131 0.525
4.2 3.675 0.5249996 AC3435 0.525
4.2 4.725 0 9C3131 0.525
4.2 3.675 0 C64441 0.525
4.725 3.675 0 7B8089 0.525
4.2 4.725 0.5249996 9C3131 0.525
4.725 3.675 0.5249996 C64441 0.525
4.2 4.2 -0.5249996 C64441 0.525
4.2 4.2 0.5249996 C64441 0.525
4.2 5.25 -1.05 B9BAB9 0.525
4.2 19.425 -0.5249996 9C3131 0.525
4.2 5.25 0.5249996 B9BAB9 0.525
4.2 5.25 -0.5249996 B9BAB9 0.525
4.2 19.425 0 9C3131 0.525
4.2 19.425 0.5249996 9C3131 0.525
4.2 5.25 1.05 B9BAB9 0.525
4.2 5.775 -1.05 949394 0.525
4.2 5.775 0.5249996 7F7F7F 0.525
4.2 5.775 -0.5249996 7F7F7F 0.525
4.2 5.775 1.05 984135 0.525
4.2 6.3 -1.575 984135 0.525
4.2 6.3 -1.05 949394 0.525
4.2 6.3 0.5249996 7F7F7F 0.525
4.2 6.3 -0.5249996 7F7F7F 0.525
4.2 6.3 1.05 984135 0.525
4.2 6.3 1.575 984135 0.525
4.2 6.825 -1.575 A74739 0.525
4.2 6.825 1.575 A74739 0.525
4.2 11.025 -1.05 949394 0.525
4.2 11.025 0.5249996 7F7F7F 0.525
4.2 11.025 -0.5249996 7F7F7F 0.525
4.2 11.025 1.05 949394 0.525
4.2 15.75 -1.05 949394 0.525
4.2 15.75 0.5249996 7F7F7F 0.525
4.2 15.75 -0.5249996 7F7F7F 0.525
4.2 15.75 1.05 949394 0.525
4.2 20.475 -0.5249996 9C3131 0.525
4.725 19.425 0 7B8089 0.525
4.2 20.475 0.5249996 9C3131 0.525
4.2 19.95 -0.5249996 C64441 0.525
4.2 20.475 0 9C3131 0.525
4.2 19.95 0.5249996 C64441 0.525
4.2 20.475 -1.05 949394 0.525
4.2 20.475 1.05 949394 0.525
4.2 21 -0.5249996 C64441 0.525
4.2 21 0 C64441 0.525
4.2 21 0.5249996 C64441 0.525
4.2 21.525 -1.05 B9BAB9 0.525
4.2 21.525 0.5249996 B9BAB9 0.525
4.2 21.525 -0.5249996 B9BAB9 0.525
4.2 21.525 1.05 B9BAB9 0.525
4.725 3.15 -0.5249996 9C3131 0.525
4.725 3.15 0 9C3131 0.525
4.725 3.15 0.5249996 9C3131 0.525
4.2 0 -2.1 5A5956 0.525
4.2 0 -1.575 5A5956 0.525
4.2 0 -1.05 5A5956 0.525
4.2 0 -0.5249996 5A5956 0.525
4.2 0 0 5A5956 0.525
4.2 0 0.5249996 5A5956 0.525
4.2 0 1.05 5A5956 0.525
4.2 0 1.575 5A5956 0.525
4.2 0 2.1 5A5956 0.525
4.725 3.675 -0.5249996 AC3435 0.525
4.725 4.725 -0.5249996 9C3131 0.525
4.725 4.725 0.5249996 9C3131 0.525
4.725 4.2 -0.5249996 C64441 0.525
4.725 4.725 -1.05 984135 0.525
4.725 4.725 1.05 984135 0.525
4.725 5.25 -1.575 984135 0.525
4.725 5.25 -1.05 B9BAB9 0.525
4.725 5.25 1.05 984135 0.525
4.725 5.25 1.575 984135 0.525
4.725 5.775 -1.575 A74739 0.525
4.725 19.425 -0.5249996 9C3131 0.525
4.725 5.775 -0.5249996 A5A6A5 0.525
4.725 5.775 0 A5A6A5 0.525
4.725 19.425 0.5249996 9C3131 0.525
4.725 5.775 0.5249996 A5A6A5 0.525
4.725 5.775 1.575 A74739 0.525
4.725 10.5 -1.05 949394 0.525
4.725 10.5 0.5249996 7F7F7F 0.525
4.725 10.5 -0.5249996 7F7F7F 0.525
4.725 10.5 1.05 949394 0.525
4.725 20.475 -0.5249996 9C3131 0.525
5.25 19.425 0 B93C39 0.525
4.725 20.475 0.5249996 9C3131 0.525
4.725 19.95 -0.5249996 C64441 0.525
4.725 21 -1.05 B9BAB9 0.525
4.725 21 -0.5249996 A5A6A5 0.525
4.725 21 0.5249996 B9BAB9 0.525
4.725 21 1.05 B9BAB9 0.525
4.725 21.525 -0.5249996 7F7F7F 0.525
4.725 21.525 0 7F7F7F 0.525
4.725 21.525 0.5249996 7F7F7F 0.525
5.25 3.15 -0.5249996 9C3131 0.525
5.25 3.15 0 9C3131 0.525
5.25 3.15 0.5249996 9C3131 0.525
5.25 3.675 -0.5249996 AC3435 0.525
5.25 4.725 -0.5249996 9C3131 0.525
5.25 3.675 0.5249996 AC3435 0.525
5.25 4.725 0 9C3131 0.525
5.25 3.675 0 C64441 0.525
5.25 4.725 0.5249996 9C3131 0.525
5.25 4.2 -1.575 984135 0.525
5.25 4.2 1.05 984135 0.525
5.25 4.2 -1.05 984135 0.525
5.25 4.2 -0.5249996 C64441 0.525
5.25 4.2 0.5249996 C64441 0.525
5.25 4.2 1.575 984135 0.525
5.25 4.725 -1.575 984135 0.525
5.25 4.725 1.05 984135 0.525
5.25 4.725 -1.05 984135 0.525
5.25 4.725 1.575 984135 0.525
5.25 19.425 -0.5249996 9C3131 0.525
5.25 19.425 0.5249996 9C3131 0.525
5.25 5.775 -1.05 B9BAB9 0.525
5.25 5.775 0.5249996 B9BAB9 0.525
5.25 5.775 -0.5249996 B9BAB9 0.525
5.25 5.775 1.05 B9BAB9 0.525
5.25 10.5 -1.05 949394 0.525
5.25 10.5 0.5249996 7F7F7F 0.525
5.25 10.5 -0.5249996 7F7F7F 0.525
5.25 10.5 1.05 949394 0.525
5.25 16.275 -1.05 949394 0.525
5.25 16.275 0.5249996 7F7F7F 0.525
5.25 16.275 -0.5249996 7F7F7F 0.525
5.25 16.275 1.05 949394 0.525
5.25 20.475 -0.5249996 9C3131 0.525
5.25 20.475 0.5249996 9C3131 0.525
5.25 19.95 -0.5249996 C64441 0.525
5.25 20.475 0 9C3131 0.525
5.25 19.95 0.5249996 C64441 0.525
5.25 20.475 -1.05 B9BAB9 0.525
5.25 20.475 1.05 B9BAB9 0.525
5.25 21 -0.5249996 C64441 0.525
5.25 21 0 C64441 0.525
5.25 21 0.5249996 C64441 0.525
5.775 0 -2.1 6B6966 0.525
5.775 0 2.1 6B6966 0.525
5.775 0.525 -2.1 6B6966 0.525
5.775 0.525 2.1 6A6F77 0.525
5.775 1.05 -2.1 6A6F77 0.525
5.775 1.05 2.1 6A6F77 0.525
5.775 1.575 -2.1 6A6F77 0.525
6.3 1.575 -1.575 893A2E 0.525
6.3 1.575 1.575 893A2E 0.525
5.775 1.575 2.1 6A6F77 0.525
5.775 2.1 -1.575 7B8089 0.525
5.775 2.1 -1.05 7B8089 0.525
5.775 2.1 -0.5249996 7B8089 0.525
5.775 2.1 0 7B8089 0.525
5.775 2.1 0.5249996 7B8089 0.525
5.775 2.1 1.05 7B8089 0.525
5.775 2.1 1.575 7B8089 0.525
5.775 3.15 1.05 984135 0.525
5.775 3.15 -1.05 984135 0.525
5.775 3.675 -1.575 984135 0.525
5.775 3.675 1.05 984135 0.525
5.775 3.675 -1.05 984135 0.525
5.775 3.675 1.575 984135 0.525
5.775 4.2 -1.575 A74739 0.525
5.775 4.2 1.575 A74739 0.525
5.775 6.3 -1.05 B9BAB9 0.525
5.775 6.3 0.5249996 B9BAB9 0.525
5.775 6.3 -0.5249996 B9BAB9 0.525
5.775 6.3 1.05 B9BAB9 0.525
5.775 9.975 -1.05 949394 0.525
5.775 9.975 0.5249996 7F7F7F 0.525
5.775 9.975 -0.5249996 7F7F7F 0.525
5.775 9.975 1.05 949394 0.525
5.775 16.8 -1.05 949394 0.525
5.775 16.8 0.5249996 7F7F7F 0.525
5.775 16.8 -0.5249996 7F7F7F 0.525
5.775 16.8 1.05 949394 0.525
5.775 19.95 -1.05 B9BAB9 0.525
5.775 19.95 0.5249996 B9BAB9 0.525
5.775 19.95 -0.5249996 B9BAB9 0.525
5.775 19.95 1.05 B9BAB9 0.525
6.3 0 -2.1 6B6966 0.525
6.3 0 2.1 6B6966 0.525
6.3 0.525 -2.1 6B6966 0.525
6.3 0.525 2.1 6A6F77 0.525
6.3 1.05 -2.1 6A6F77 0.525
6.3 1.05 2.1 6A6F77 0.525
6.3 1.575 -2.1 6A6F77 0.525
6.3 1.575 2.1 6A6F77 0.525
6.3 2.1 1.05 984135 0.525
6.3 2.1 -1.05 7B8089 0.525
6.3 2.1 -0.5249996 7B8089 0.525
6.3 2.1 0 7B8089 0.525
6.3 2.1 0.5249996 7B8089 0.525
6.3 2.625 -1.575 984135 0.525
6.3 2.625 1.05 984135 0.525
6.3 2.625 -1.05 984135 0.525
6.3 2.625 1.575 984135 0.525
6.3 3.15 -1.575 A74739 0.525
6.3 3.15 1.575 A74739 0.525
6.3 6.825 -1.05 B9BAB9 0.525
6.3 6.825 0.5249996 B9BAB9 0.525
6.3 6.825 -0.5249996 B9BAB9 0.525
6.3 6.825 1.05 B9BAB9 0.525
6.3 16.8 -1.05 949394 0.525
6.3 16.8 0.5249996 7F7F7F 0.525
6.3 16.8 -0.5249996 7F7F7F 0.525
6.3 16.8 1.05 949394 0.525
6.3 19.425 -1.05 B9BAB9 0.525
6.3 19.425 0.5249996 B9BAB9 0.525
6.3 19.425 -0.5249996 B9BAB9 0.525
6.3 19.425 1.05 B9BAB9 0.525
6.825 1.575 -1.575 7B3329 0.525
6.825 1.575 1.575 7B3329 0.525
6.825 0 -2.1 6B6966 0.525
6.825 0 2.1 6B6966 0.525
6.825 0.525 -2.1 6B6966 0.525
6.825 0.525 2.1 6A6F77 0.525
6.825 1.05 -2.1 6A6F77 0.525
6.825 1.05 2.1 6A6F77 0.525
6.825 1.575 -2.1 6A6F77 0.525
6.825 1.575 1.05 984135 0.525
6.825 1.575 -1.05 984135 0.525
6.825 1.575 2.1 6A6F77 0.525
6.825 2.1 -1.575 A74739 0.525
6.825 2.1 -1.05 7B8089 0.525
6.825 2.1 -0.5249996 7B8089 0.525
6.825 2.1 0 7B8089 0.525
6.825 2.1 0.5249996 7B8089 0.525
6.825 2.1 1.05 7B8089 0.525
6.825 2.1 1.575 A74739 0.525
6.825 7.35 -1.05 B9BAB9 0.525
6.825 7.35 0.5249996 B9BAB9 0.525
6.825 7.35 -0.5249996 B9BAB9 0.525
6.825 7.35 1.05 B9BAB9 0.525
6.825 9.45 -1.05 949394 0.525
6.825 9.45 0.5249996 7F7F7F 0.525
6.825 9.45 -0.5249996 7F7F7F 0.525
6.825 9.45 1.05 949394 0.525
6.825 17.325 -1.05 949394 0.525
6.825 17.325 0.5249996 7F7F7F 0.525
6.825 17.325 -0.5249996 7F7F7F 0.525
6.825 17.325 1.05 949394 0.525
6.825 18.9 -1.05 B9BAB9 0.525
6.825 18.9 0.5249996 B9BAB9 0.525
6.825 18.9 -0.5249996 B9BAB9 0.525
6.825 18.9 1.05 B9BAB9 0.525
7.35 0 -2.1 6B6966 0.525
7.35 0 2.1 6B6966 0.525
7.35 0.525 -2.1 6B6966 0.525
7.35 0.525 2.1 6A6F77 0.525
7.35 1.05 -2.1 6A6F77 0.525
7.35 1.05 2.1 6A6F77 0.525
7.35 1.575 -2.1 6A6F77 0.525
7.35 1.575 2.1 6A6F77 0.525
7.35 2.1 -1.575 7B8089 0.525
7.35 2.1 -1.05 7B8089 0.525
7.35 2.1 -0.5249996 7B8089 0.525
7.35 2.1 0 7B8089 0.525
7.35 2.1 0.5249996 7B8089 0.525
7.35 2.1 1.05 7B8089 0.525
7.35 2.1 1.575 7B8089 0.525
7.35 8.4 -0.5249996 AA8A1E 0.525
7.35 8.4 0.5249996 AA8A1E 0.525
7.35 8.4 0 AA8A1E 0.525
7.875 7.35 0 7B8089 0.525
8.4 7.35 0.5249996 D3B129 0.525
7.35 7.875 -1.05 B9BAB9 0.525
7.35 7.875 0.5249996 B9BAB9 0.525
7.35 7.875 -0.5249996 B9BAB9 0.525
7.35 7.875 1.05 B9BAB9 0.525
7.35 15.75 -0.5249996 AA8A1E 0.525
7.35 15.75 0 AA8A1E 0.525
7.35 15.75 0.5249996 AA8A1E 0.525
7.35 8.925 -1.05 949394 0.525
7.35 8.925 0.5249996 7F7F7F 0.525
7.35 8.925 -0.5249996 7F7F7F 0.525
7.35 8.925 1.05 949394 0.525
7.35 17.325 -0.5249996 AA8A1E 0.525
7.35 17.325 0 AA8A1E 0.525
7.875 16.275 0 7B8089 0.525
7.35 17.325 0.5249996 AA8A1E 0.525
8.4 16.275 0.5249996 D3B129 0.525
7.35 17.325 -1.05 949394 0.525
7.35 17.325 1.05 949394 0.525
7.35 18.375 -1.05 B9BAB9 0.525
7.35 18.375 0.5249996 B9BAB9 0.525
7.35 18.375 -0.5249996 B9BAB9 0.525
7.35 18.375 1.05 B9BAB9 0.525
7.875 6.825 -0.5249996 AA8A1E 0.525
7.875 6.825 0 AA8A1E 0.525
7.875 6.825 0.5249996 AA8A1E 0.525
7.875 0 -2.1 6B6966 0.525
7.875 0 2.1 6B6966 0.525
7.875 0.525 -2.1 6B6966 0.525
7.875 0.525 -1.575 5A5D63 0.525
7.875 0.525 -1.05 5A5D63 0.525
7.875 0.525 -0.5249996 5A5D63 0.525
7.875 0.525 0 5A5D63 0.525
7.875 0.525 0.5249996 5A5D63 0.525
7.875 0.525 1.05 5A5D63 0.525
7.875 0.525 1.575 5A5D63 0.525
7.875 0.525 2.1 6B6966 0.525
7.875 1.05 -1.575 5A5D63 0.525
7.875 1.05 -1.05 5A5D63 0.525
7.875 1.05 -0.5249996 5A5D63 0.525
7.875 1.05 0 5A5D63 0.525
7.875 1.05 0.5249996 5A5D63 0.525
7.875 1.05 1.05 5A5D63 0.525
7.875 1.05 1.575 5A5D63 0.525
7.875 1.575 -1.575 5A5D63 0.525
7.875 1.575 -1.05 5A5D63 0.525
7.875 1.575 -0.5249996 5A5D63 0.525
7.875 1.575 0 5A5D63 0.525
7.875 1.575 0.5249996 5A5D63 0.525
7.875 1.575 1.05 5A5D63 0.525
7.875 1.575 1.575 5A5D63 0.525
7.875 8.4 -0.5249996 AA8A1E 0.525
7.875 8.4 0.5249996 AA8A1E 0.525
7.875 7.35 -0.5249996 B99621 0.525
7.875 8.4 -1.05 B9BAB9 0.525
7.875 8.4 1.05 B9BAB9 0.525
7.875 8.925 -1.05 949394 0.525
7.875 15.75 -0.5249996 AA8A1E 0.525
7.875 15.75 0 AA8A1E 0.525
7.875 15.75 0.5249996 AA8A1E 0.525
7.875 8.925 1.05 949394 0.525
7.875 16.275 -0.5249996 B99621 0.525
7.875 17.325 -0.5249996 AA8A1E 0.525
7.875 17.325 0.5249996 AA8A1E 0.525
7.875 17.85 -1.05 B9BAB9 0.525
7.875 17.85 1.05 B9BAB9 0.525
8.4 6.825 -0.5249996 AA8A1E 0.525
8.4 6.825 0 AA8A1E 0.525
8.4 6.825 0.5249996 AA8A1E 0.525
7.875 0 -1.575 5A5956 0.525
7.875 0 -1.05 5A5956 0.525
7.875 0 -0.5249996 5A5956 0.525
7.875 0 0 5A5956 0.525
7.875 0 0.5249996 5A5956 0.525
7.875 0 1.05 5A5956 0.525
7.875 0 1.575 5A5956 0.525
8.4 8.4 -0.5249996 AA8A1E 0.525
8.4 8.4 0.5249996 AA8A1E 0.525
8.4 7.35 -0.5249996 B99621 0.525
8.4 8.4 0 AA8A1E 0.525
8.4 7.35 0 6B6966 0.525
8.4 9.975 -1.05 B9BAB9 0.525
8.4 9.975 0.5249996 B9BAB9 0.525
8.4 9.975 -0.5249996 B9BAB9 0.525
8.4 9.975 1.05 B9BAB9 0.525
8.4 10.5 -1.05 B9BAB9 0.525
8.4 10.5 0.5249996 B9BAB9 0.525
8.4 10.5 -0.5249996 B9BAB9 0.525
8.4 10.5 1.05 B9BAB9 0.525
8.4 12.6 -0.5249996 9C3131 0.525
8.4 12.6 0 9C3131 0.525
8.925 11.55 0 7B8089 0.525
8.4 12.6 0.5249996 9C3131 0.525
9.45 11.55 0.5249996 C64441 0.525
8.4 12.075 -0.5249996 C64441 0.525
8.4 12.075 0 C64441 0.525
8.4 12.075 0.5249996 C64441 0.525
8.4 15.75 -0.5249996 AA8A1E 0.525
8.4 13.125 -0.5249996 C64441 0.525
8.4 15.75 0 AA8A1E 0.525
8.4 13.125 0 C64441 0.525
8.4 15.75 0.5249996 AA8A1E 0.525
8.4 13.125 0.5249996 C64441 0.525
8.4 16.275 -1.05 B9BAB9 0.525
8.4 17.325 -0.5249996 AA8A1E 0.525
8.4 16.275 -0.5249996 B9BAB9 0.525
8.4 17.325 0 AA8A1E 0.525
8.4 16.275 0 6B6966 0.525
8.4 17.325 0.5249996 AA8A1E 0.525
8.4 16.275 1.05 B9BAB9 0.525
8.4 16.8 -1.05 B9BAB9 0.525
8.4 16.8 0.5249996 B9BAB9 0.525
8.4 16.8 -0.5249996 B9BAB9 0.525
8.4 16.8 1.05 B9BAB9 0.525
8.925 11.55 -0.5249996 9C3131 0.525
8.925 11.55 0.5249996 9C3131 0.525
8.925 6.825 -0.5249996 C6A625 0.525
8.925 6.825 0 C6A625 0.525
8.925 6.825 0.5249996 C6A625 0.525
8.925 7.35 -0.5249996 C6A625 0.525
8.925 7.35 0 C6A625 0.525
8.925 7.35 0.5249996 C6A625 0.525
8.925 12.6 -0.5249996 9C3131 0.525
8.925 12.6 0.5249996 9C3131 0.525
8.925 12.075 -1.05 B9BAB9 0.525
8.925 12.075 -0.5249996 C64441 0.525
8.925 12.075 0.5249996 B9BAB9 0.525
8.925 12.075 1.05 B9BAB9 0.525
8.925 12.6 -1.05 B9BAB9 0.525
8.925 12.6 1.05 B9BAB9 0.525
8.925 13.125 -0.5249996 C64441 0.525
8.925 13.125 0.5249996 C64441 0.525
8.925 14.175 -1.05 B9BAB9 0.525
8.925 14.175 0.5249996 B9BAB9 0.525
8.925 14.175 -0.5249996 B9BAB9 0.525
8.925 14.175 1.05 B9BAB9 0.525
8.925 14.7 -1.05 B9BAB9 0.525
8.925 14.7 0.5249996 B9BAB9 0.525
8.925 14.7 -0.5249996 B9BAB9 0.525
8.925 14.7 1.05 B9BAB9 0.525
8.925 16.275 -0.5249996 C6A625 0.525
8.925 16.275 0 C6A625 0.525
8.925 16.275 0.5249996 C6A625 0.525
9.45 11.55 -0.5249996 9C3131 0.525
9.45 11.55 0 9C3131 0.525
9.45 12.6 -0.5249996 9C3131 0.525
9.975 11.55 0 B93C39 0.525
9.45 12.6 0.5249996 9C3131 0.525
9.45 12.075 -0.5249996 C64441 0.525
9.45 12.6 0 9C3131 0.525
9.45 12.075 0 7B8089 0.525
9.45 13.125 -0.5249996 C64441 0.525
9.45 13.125 0 C64441 0.525
9.45 13.125 0.5249996 C64441 0.525
9.975 11.55 -0.5249996 9C3131 0.525
9.975 11.55 0.5249996 9C3131 0.525
9.975 12.075 -0.5249996 C64441 0.525
9.975 12.075 0 C64441 0.525
9.975 12.075 0.5249996 C64441 0.525
