-1.26 0 -0.6300001 A98345 0.63
-1.26 0 0 A98345 0.63
-1.26 0 0.6300001 A98345 0.63
-1.26 0 1.26 A98345 0.63
-1.26 0.6300001 -1.26 A98345 0.63
-1.26 0.6300001 -0.6300001 A98345 0.63
-1.26 0.6300001 0 A98345 0.63
-1.26 0.6300001 0.6300001 A98345 0.63
-1.26 0.6300001 1.26 A98345 0.63
-1.26 1.26 -1.26 A98345 0.63
-1.26 1.26 -0.6300001 A98345 0.63
-1.26 1.26 0 A98345 0.63
-1.26 1.26 0.6300001 A98345 0.63
-1.26 1.26 1.26 A98345 0.63
-1.26 1.89 -1.26 A98345 0.63
-1.26 1.89 -0.6300001 A98345 0.63
-1.26 1.89 0 A98345 0.63
-1.26 1.89 0.6300001 A98345 0.63
-1.26 2.52 -0.6300001 A98345 0.63
-1.26 2.52 0 A98345 0.63
-1.26 2.52 0.6300001 A98345 0.63
-1.26 3.15 -0.6300001 A98345 0.63
-1.26 3.15 0 A98345 0.63
-1.26 3.15 0.6300001 A98345 0.63
-1.26 3.78 -0.6300001 A98345 0.63
-1.26 3.78 0 A98345 0.63
-1.26 3.78 0.6300001 A98345 0.63
-1.26 4.41 -0.6300001 A98345 0.63
-1.26 4.41 0 A98345 0.63
-1.26 4.41 0.6300001 A98345 0.63
-1.26 5.04 -0.6300001 A98345 0.63
-1.26 5.04 0 A98345 0.63
-1.26 5.04 0.6300001 A98345 0.63
-1.26 5.67 -0.6300001 A98345 0.63
-1.26 5.67 0 A98345 0.63
-1.26 5.67 0.6300001 A98345 0.63
-1.26 6.3 -0.6300001 A98345 0.63
-1.26 6.3 0 A98345 0.63
-1.26 6.3 0.6300001 A98345 0.63
-1.26 6.93 -0.6300001 A98345 0.63
-1.26 6.93 0 A98345 0.63
-1.26 6.93 0.6300001 A98345 0.63
-1.26 7.56 -0.6300001 A98345 0.63
-1.26 7.56 0 A98345 0.63
-1.26 7.56 0.6300001 A98345 0.63
-1.26 8.190001 -0.6300001 A98345 0.63
-1.26 8.190001 0 A98345 0.63
-1.26 8.190001 0.6300001 A98345 0.63
-1.26 8.820001 -0.6300001 A98345 0.63
-1.26 8.820001 0 A98345 0.63
-1.26 8.820001 0.6300001 A98345 0.63
-1.26 9.450001 -0.6300001 A98345 0.63
-1.26 9.450001 0 A98345 0.63
-1.26 9.450001 0.6300001 A98345 0.63
-1.26 10.08 -0.6300001 A98345 0.63
-1.26 10.08 0 A98345 0.63
-1.26 10.08 0.6300001 A98345 0.63
-1.26 10.71 -0.6300001 A98345 0.63
-1.26 10.71 0 A98345 0.63
-1.26 10.71 0.6300001 A98345 0.63
-3.78 11.34 -5.04 AAD842 0.63
-1.26 11.34 -1.26 A98345 0.63
-1.26 11.34 -0.6300001 A98345 0.63
-1.26 11.34 0 A98345 0.63
-1.26 11.34 0.6300001 A98345 0.63
-1.26 11.34 1.26 A98345 0.63
-3.78 11.97 -5.67 AAD842 0.63
-3.78 11.97 -5.04 AAD842 0.63
-3.78 11.97 -4.41 AAD842 0.63
-3.78 11.97 -3.780001 AAD842 0.63
-3.78 11.97 -3.15 AAD842 0.63
-3.78 11.97 -2.52 AAD842 0.63
-3.78 11.97 -1.89 AAD842 0.63
-3.78 11.97 -1.26 AAD842 0.63
-3.78 11.97 -0.6300001 AAD842 0.63
-3.78 11.97 0 AAD842 0.63
-3.78 11.97 0.6300001 AAD842 0.63
-3.78 11.97 1.26 AAD842 0.63
-3.78 11.97 1.89 AAD842 0.63
-3.78 11.97 2.52 AAD842 0.63
-3.78 11.97 3.15 AAD842 0.63
-5.04 12.6 -7.56 AAD842 0.63
-5.04 12.6 -6.930001 AAD842 0.63
-5.04 12.6 -6.3 AAD842 0.63
-5.04 12.6 -5.67 AAD842 0.63
-5.04 12.6 -5.04 AAD842 0.63
-5.04 12.6 -4.41 AAD842 0.63
-5.04 12.6 -3.780001 AAD842 0.63
-5.04 12.6 -3.15 AAD842 0.63
-5.04 12.6 -2.52 AAD842 0.63
-5.04 12.6 -1.89 7EA831 0.63
-4.41 12.6 -1.26 7EA831 0.63
-4.41 12.6 -0.6300001 7EA831 0.63
-4.41 12.6 0 AAD842 0.63
-4.41 12.6 0.6300001 AAD842 0.63
-4.41 12.6 1.26 AAD842 0.63
-3.78 12.6 1.89 AAD842 0.63
-3.78 12.6 2.52 AAD842 0.63
-3.78 12.6 3.15 AAD842 0.63
-3.78 12.6 3.78 AAD842 0.63
-3.78 12.6 4.41 AAD842 0.63
-3.78 12.6 5.04 AAD842 0.63
-3.78 12.6 5.67 AAD842 0.63
-3.78 13.23 -8.190001 AAD842 0.63
-4.41 13.23 -7.56 BDE74A 0.63
-5.04 13.23 -6.930001 AAD842 0.63
-5.04 13.23 -6.3 AAD842 0.63
-5.04 13.23 -5.67 AAD842 0.63
-5.04 13.23 -5.04 AAD842 0.63
-5.04 13.23 -4.41 AAD842 0.63
-5.04 13.23 -3.780001 AAD842 0.63
-5.04 13.23 -3.15 AAD842 0.63
-5.04 13.23 -2.52 AAD842 0.63
-5.04 13.23 -1.89 AAD842 0.63
-5.04 13.23 -1.26 AAD842 0.63
-5.04 13.23 -0.6300001 AAD842 0.63
-5.04 13.23 0 AAD842 0.63
-5.04 13.23 0.6300001 AAD842 0.63
-5.04 13.23 1.26 AAD842 0.63
-5.04 13.23 1.89 AAD842 0.63
-5.04 13.23 2.52 AAD842 0.63
-5.04 13.23 3.15 AAD842 0.63
-5.04 13.23 3.78 AAD842 0.63
-5.04 13.23 4.41 AAD842 0.63
-5.04 13.23 5.04 AAD842 0.63
-5.04 13.23 5.67 AAD842 0.63
-5.04 13.23 6.299999 AAD842 0.63
-5.04 13.23 6.93 7EA831 0.63
-3.78 13.86 -8.82 AAD842 0.63
-3.78 13.86 -8.190001 AAD842 0.63
-4.41 13.86 -7.56 BDE74A 0.63
-5.04 13.86 -6.930001 AAD842 0.63
-5.04 13.86 -6.3 AAD842 0.63
-5.04 13.86 -5.67 BDE74A 0.63
-6.3 13.86 -5.04 BDE74A 0.63
-6.3 13.86 -4.41 ADD155 0.63
-6.3 13.86 -3.780001 7EA831 0.63
-6.3 13.86 -3.15 7EA831 0.63
-5.67 13.86 -2.52 7EA831 0.63
-5.67 13.86 -1.89 7EA831 0.63
-5.67 13.86 -1.26 7EA831 0.63
-5.67 13.86 -0.6300001 7EA831 0.63
-5.04 13.86 0 7EA831 0.63
-5.04 13.86 0.6300001 7EA831 0.63
-5.04 13.86 1.26 AAD842 0.63
-5.04 13.86 1.89 AAD842 0.63
-5.04 13.86 2.52 AAD842 0.63
-5.04 13.86 3.15 AAD842 0.63
-5.04 13.86 3.78 AAD842 0.63
-5.04 13.86 4.41 AAD842 0.63
-5.04 13.86 5.04 AAD842 0.63
-5.04 13.86 5.67 AAD842 0.63
-5.04 13.86 6.299999 AAD842 0.63
-5.04 13.86 6.93 AAD842 0.63
-5.04 13.86 7.559999 BDE74A 0.63
-2.52 14.49 -8.82 BDE74A 0.63
-3.78 14.49 -8.190001 AAD842 0.63
-3.78 14.49 -7.56 AAD842 0.63
-5.04 14.49 -6.930001 AAD842 0.63
-5.04 14.49 -6.3 AAD842 0.63
-5.04 14.49 -5.67 BDE74A 0.63
-5.67 14.49 -5.04 BDE74A 0.63
-6.3 14.49 -4.41 ADD155 0.63
-6.3 14.49 -3.780001 ADD155 0.63
-6.3 14.49 -3.15 ADD155 0.63
-6.3 14.49 -2.52 ADD155 0.63
-6.3 14.49 -1.89 ADD155 0.63
-6.3 14.49 -1.26 ADD155 0.63
-6.3 14.49 -0.6300001 ADD155 0.63
-6.3 14.49 0 ADD155 0.63
-6.3 14.49 0.6300001 ADD155 0.63
-6.3 14.49 1.26 ADD155 0.63
-6.3 14.49 1.89 ADD155 0.63
-6.3 14.49 2.52 ADD155 0.63
-6.3 14.49 3.15 ADD155 0.63
-6.93 14.49 3.78 ADD155 0.63
-6.93 14.49 4.41 ADD155 0.63
-6.3 14.49 5.04 BDE74A 0.63
-5.67 14.49 5.67 BDE74A 0.63
-5.04 14.49 6.299999 AAD842 0.63
-5.04 14.49 6.93 AAD842 0.63
-4.41 14.49 7.559999 BDE74A 0.63
-3.78 14.49 8.190001 AAD842 0.63
0.63 15.12 -8.82 BDE74A 0.63
-3.78 15.12 -8.190001 AAD842 0.63
-3.78 15.12 -7.56 AAD842 0.63
-4.41 15.12 -6.930001 AAD842 0.63
-5.04 15.12 -6.3 AAD842 0.63
-5.04 15.12 -5.67 AAD842 0.63
-5.67 15.12 -5.04 BDE74A 0.63
-6.3 15.12 -4.41 ADD155 0.63
-6.3 15.12 -3.780001 ADD155 0.63
-6.3 15.12 -3.15 ADD155 0.63
-6.3 15.12 -2.52 ADD155 0.63
-6.3 15.12 -1.89 ADD155 0.63
-6.3 15.12 -1.26 ADD155 0.63
-6.3 15.12 -0.6300001 ADD155 0.63
-6.3 15.12 0 ADD155 0.63
-6.3 15.12 0.6300001 ADD155 0.63
-6.3 15.12 1.26 ADD155 0.63
-6.3 15.12 1.89 ADD155 0.63
-6.3 15.12 2.52 ADD155 0.63
-6.3 15.12 3.15 ADD155 0.63
-6.3 15.12 3.78 ADD155 0.63
-6.3 15.12 4.41 ADD155 0.63
-6.3 15.12 5.04 BDE74A 0.63
-5.04 15.12 5.67 BDE74A 0.63
-5.04 15.12 6.299999 AAD842 0.63
-5.04 15.12 6.93 AAD842 0.63
-3.78 15.12 7.559999 AAD842 0.63
-3.78 15.12 8.190001 AAD842 0.63
-3.15 15.12 8.82 AAD842 0.63
-3.15 15.75 -8.190001 AAD842 0.63
-3.78 15.75 -7.56 AAD842 0.63
-4.41 15.75 -6.930001 AAD842 0.63
-4.41 15.75 -6.3 AAD842 0.63
-5.04 15.75 -5.67 AAD842 0.63
-5.67 15.75 -5.04 BDE74A 0.63
-5.67 15.75 -4.41 ADD155 0.63
-6.3 15.75 -3.780001 ADD155 0.63
-6.3 15.75 -3.15 ADD155 0.63
-6.3 15.75 -2.52 ADD155 0.63
-6.3 15.75 -1.89 ADD155 0.63
-6.3 15.75 -1.26 ADD155 0.63
-6.3 15.75 -0.6300001 ADD155 0.63
-6.3 15.75 0 ADD155 0.63
-6.3 15.75 0.6300001 ADD155 0.63
-6.3 15.75 1.26 ADD155 0.63
-6.3 15.75 1.89 ADD155 0.63
-6.3 15.75 2.52 ADD155 0.63
-6.3 15.75 3.15 ADD155 0.63
-6.3 15.75 3.78 ADD155 0.63
-6.3 15.75 4.41 ADD155 0.63
-5.67 15.75 5.04 BDE74A 0.63
-5.04 15.75 5.67 AAD842 0.63
-5.04 15.75 6.299999 AAD842 0.63
-5.04 15.75 6.93 AAD842 0.63
-3.78 15.75 7.559999 AAD842 0.63
-3.78 15.75 8.190001 AAD842 0.63
-3.15 15.75 8.82 AAD842 0.63
-3.15 16.38 -8.190001 AAD842 0.63
-3.78 16.38 -7.56 AAD842 0.63
-4.41 16.38 -6.930001 AAD842 0.63
-4.41 16.38 -6.3 AAD842 0.63
-4.41 16.38 -5.67 AAD842 0.63
-5.04 16.38 -5.04 BDE74A 0.63
-5.67 16.38 -4.41 BDE74A 0.63
-5.67 16.38 -3.780001 ADD155 0.63
-5.67 16.38 -3.15 ADD155 0.63
-6.3 16.38 -2.52 ADD155 0.63
-6.3 16.38 -1.89 ADD155 0.63
-6.3 16.38 -1.26 ADD155 0.63
-6.3 16.38 -0.6300001 ADD155 0.63
-6.3 16.38 0 ADD155 0.63
-6.3 16.38 0.6300001 ADD155 0.63
-6.3 16.38 1.26 ADD155 0.63
-6.3 16.38 1.89 ADD155 0.63
-6.3 16.38 2.52 ADD155 0.63
-6.3 16.38 3.15 ADD155 0.63
-6.3 16.38 3.78 ADD155 0.63
-6.3 16.38 4.41 BDE74A 0.63
-5.67 16.38 5.04 BDE74A 0.63
-5.04 16.38 5.67 AAD842 0.63
-5.04 16.38 6.299999 AAD842 0.63
-4.41 16.38 6.93 AAD842 0.63
-3.78 16.38 7.559999 AAD842 0.63
-3.15 16.38 8.190001 AAD842 0.63
-3.15 16.38 8.82 AAD842 0.63
-1.89 17.01 -8.190001 BDE74A 0.63
-3.15 17.01 -7.56 AAD842 0.63
-4.41 17.01 -6.930001 BDE74A 0.63
-4.41 17.01 -6.3 AAD842 0.63
-4.41 17.01 -5.67 AAD842 0.63
-5.04 17.01 -5.04 BDE74A 0.63
-5.67 17.01 -4.41 BDE74A 0.63
-5.67 17.01 -3.780001 ADD155 0.63
-5.67 17.01 -3.15 ADD155 0.63
-5.67 17.01 -2.52 ADD155 0.63
-5.67 17.01 -1.89 ADD155 0.63
-6.3 17.01 -1.26 ADD155 0.63
-6.3 17.01 -0.6300001 ADD155 0.63
-6.3 17.01 0 ADD155 0.63
-6.3 17.01 0.6300001 ADD155 0.63
-6.3 17.01 1.26 ADD155 0.63
-6.3 17.01 1.89 ADD155 0.63
-6.3 17.01 2.52 ADD155 0.63
-6.3 17.01 3.15 ADD155 0.63
-6.3 17.01 3.78 ADD155 0.63
-6.3 17.01 4.41 BDE74A 0.63
-5.67 17.01 5.04 BDE74A 0.63
-5.04 17.01 5.67 AAD842 0.63
-4.41 17.01 6.299999 AAD842 0.63
-4.41 17.01 6.93 AAD842 0.63
-3.78 17.01 7.559999 AAD842 0.63
-3.15 17.01 8.190001 AAD842 0.63
0 17.01 8.82 BDE74A 0.63
0 17.64 -8.190001 BDE74A 0.63
-3.15 17.64 -7.56 AAD842 0.63
-3.15 17.64 -6.930001 AAD842 0.63
-4.41 17.64 -6.3 AAD842 0.63
-4.41 17.64 -5.67 AAD842 0.63
-4.41 17.64 -5.04 BDE74A 0.63
-5.67 17.64 -4.41 BDE74A 0.63
-5.67 17.64 -3.780001 ADD155 0.63
-5.67 17.64 -3.15 ADD155 0.63
-5.67 17.64 -2.52 ADD155 0.63
-5.67 17.64 -1.89 ADD155 0.63
-5.67 17.64 -1.26 ADD155 0.63
-5.67 17.64 -0.6300001 ADD155 0.63
-5.67 17.64 0 ADD155 0.63
-6.3 17.64 0.6300001 ADD155 0.63
-6.3 17.64 1.26 ADD155 0.63
-6.3 17.64 1.89 ADD155 0.63
-6.3 17.64 2.52 ADD155 0.63
-6.3 17.64 3.15 ADD155 0.63
-6.3 17.64 3.78 ADD155 0.63
-5.67 17.64 4.41 BDE74A 0.63
-5.04 17.64 5.04 BDE74A 0.63
-4.41 17.64 5.67 AAD842 0.63
-4.41 17.64 6.299999 AAD842 0.63
-4.41 17.64 6.93 BDE74A 0.63
-3.15 17.64 7.559999 AAD842 0.63
-3.15 17.64 8.190001 AAD842 0.63
-2.52 18.27 -7.56 AAD842 0.63
-3.15 18.27 -6.930001 AAD842 0.63
-4.41 18.27 -6.3 AAD842 0.63
-4.41 18.27 -5.67 AAD842 0.63
-4.41 18.27 -5.04 AAD842 0.63
-5.04 18.27 -4.41 BDE74A 0.63
-5.67 18.27 -3.780001 ADD155 0.63
-5.67 18.27 -3.15 ADD155 0.63
-5.67 18.27 -2.52 ADD155 0.63
-5.67 18.27 -1.89 ADD155 0.63
-5.67 18.27 -1.26 ADD155 0.63
-5.67 18.27 -0.6300001 ADD155 0.63
-5.67 18.27 0 ADD155 0.63
-5.67 18.27 0.6300001 ADD155 0.63
-5.67 18.27 1.26 ADD155 0.63
-6.3 18.27 1.89 ADD155 0.63
-6.3 18.27 2.52 ADD155 0.63
-6.3 18.27 3.15 ADD155 0.63
-6.3 18.27 3.78 BDE74A 0.63
-5.67 18.27 4.41 BDE74A 0.63
-5.04 18.27 5.04 BDE74A 0.63
-4.41 18.27 5.67 AAD842 0.63
-4.41 18.27 6.299999 AAD842 0.63
-3.78 18.27 6.93 BDE74A 0.63
-3.15 18.27 7.559999 AAD842 0.63
-3.15 18.27 8.190001 AAD842 0.63
-1.89 18.9 -7.56 C6EF52 0.63
-3.15 18.9 -6.930001 AAD842 0.63
-4.41 18.9 -6.3 AAD842 0.63
-4.41 18.9 -5.67 AAD842 0.63
-4.41 18.9 -5.04 AAD842 0.63
-5.04 18.9 -4.41 BDE74A 0.63
-5.67 18.9 -3.780001 ADD155 0.63
-5.67 18.9 -3.15 ADD155 0.63
-5.67 18.9 -2.52 ADD155 0.63
-5.67 18.9 -1.89 ADD155 0.63
-5.67 18.9 -1.26 ADD155 0.63
-5.67 18.9 -0.6300001 ADD155 0.63
-5.67 18.9 0 ADD155 0.63
-5.67 18.9 0.6300001 ADD155 0.63
-5.67 18.9 1.26 ADD155 0.63
-5.67 18.9 1.89 ADD155 0.63
-5.67 18.9 2.52 ADD155 0.63
-5.67 18.9 3.15 ADD155 0.63
-5.67 18.9 3.78 BDE74A 0.63
-5.04 18.9 4.41 BDE74A 0.63
-4.41 18.9 5.04 BDE74A 0.63
-4.41 18.9 5.67 AAD842 0.63
-4.41 18.9 6.299999 AAD842 0.63
-3.78 18.9 6.93 AAD842 0.63
-3.15 18.9 7.559999 AAD842 0.63
-2.52 18.9 8.190001 AAD842 0.63
1.26 19.53 -7.56 C6EF52 0.63
-0.6300001 19.53 -6.930001 C6EF52 0.63
-4.41 19.53 -6.3 AAD842 0.63
-4.41 19.53 -5.67 AAD842 0.63
-4.41 19.53 -5.04 AAD842 0.63
-4.41 19.53 -4.41 BDE74A 0.63
-5.67 19.53 -3.780001 BDE74A 0.63
-5.67 19.53 -3.15 ADD155 0.63
-5.67 19.53 -2.52 ADD155 0.63
-5.67 19.53 -1.89 ADD155 0.63
-5.67 19.53 -1.26 ADD155 0.63
-5.67 19.53 -0.6300001 ADD155 0.63
-5.67 19.53 0 ADD155 0.63
-5.67 19.53 0.6300001 ADD155 0.63
-5.67 19.53 1.26 ADD155 0.63
-5.67 19.53 1.89 ADD155 0.63
-5.67 19.53 2.52 ADD155 0.63
-5.67 19.53 3.15 ADD155 0.63
-5.67 19.53 3.78 BDE74A 0.63
-5.04 19.53 4.41 BDE74A 0.63
-4.41 19.53 5.04 AAD842 0.63
-4.41 19.53 5.67 AAD842 0.63
-4.41 19.53 6.299999 AAD842 0.63
-3.15 19.53 6.93 AAD842 0.63
-3.15 19.53 7.559999 AAD842 0.63
-2.52 19.53 8.190001 AAD842 0.63
-1.26 20.16 -6.3 BDE74A 0.63
-4.41 20.16 -5.67 AAD842 0.63
-4.41 20.16 -5.04 AAD842 0.63
-4.41 20.16 -4.41 BDE74A 0.63
-5.04 20.16 -3.780001 BDE74A 0.63
-5.67 20.16 -3.15 ADD155 0.63
-5.04 20.16 -2.52 C6EF52 0.63
-5.04 20.16 -1.89 C6EF52 0.63
-5.04 20.16 -1.26 C6EF52 0.63
-5.04 20.16 -0.6300001 C6EF52 0.63
-5.04 20.16 0 C6EF52 0.63
-5.04 20.16 0.6300001 C6EF52 0.63
-5.04 20.16 1.26 C6EF52 0.63
-5.04 20.16 1.89 C6EF52 0.63
-5.67 20.16 2.52 C6EF52 0.63
-5.67 20.16 3.15 C6EF52 0.63
-5.04 20.16 3.78 BDE74A 0.63
-5.04 20.16 4.41 BDE74A 0.63
-4.41 20.16 5.04 AAD842 0.63
-4.41 20.16 5.67 AAD842 0.63
-4.41 20.16 6.299999 AAD842 0.63
-3.15 20.16 6.93 AAD842 0.63
-2.52 20.16 7.559999 AAD842 0.63
-3.78 20.79 -5.67 AAD842 0.63
-3.78 20.79 -5.04 AAD842 0.63
-3.78 20.79 -4.41 AAD842 0.63
-4.41 20.79 -3.780001 AAD842 0.63
-4.41 20.79 -3.15 AAD842 0.63
-4.41 20.79 -2.52 AAD842 0.63
-4.41 20.79 -1.89 AAD842 0.63
-4.41 20.79 -1.26 AAD842 0.63
-4.41 20.79 -0.6300001 C6EF52 0.63
-4.41 20.79 0 C6EF52 0.63
-4.41 20.79 0.6300001 C6EF52 0.63
-4.41 20.79 1.26 C6EF52 0.63
-4.41 20.79 1.89 C6EF52 0.63
-4.41 20.79 2.52 C6EF52 0.63
-4.41 20.79 3.15 C6EF52 0.63
-5.04 20.79 3.78 C6EF52 0.63
-4.41 20.79 4.41 BDE74A 0.63
-4.41 20.79 5.04 AAD842 0.63
-4.41 20.79 5.67 AAD842 0.63
-4.41 20.79 6.299999 AAD842 0.63
-3.15 20.79 6.93 AAD842 0.63
-2.52 20.79 7.559999 AAD842 0.63
-3.15 21.42 -5.04 AAD842 0.63
-3.78 21.42 -4.41 C6EF52 0.63
-3.78 21.42 -3.780001 AAD842 0.63
-3.78 21.42 -3.15 AAD842 0.63
-3.78 21.42 -2.52 AAD842 0.63
-3.78 21.42 -1.89 AAD842 0.63
-3.78 21.42 -1.26 AAD842 0.63
-4.41 21.42 -0.6300001 AAD842 0.63
-4.41 21.42 0 AAD842 0.63
-4.41 21.42 0.6300001 AAD842 0.63
-4.41 21.42 1.26 AAD842 0.63
-4.41 21.42 1.89 AAD842 0.63
-4.41 21.42 2.52 AAD842 0.63
-4.41 21.42 3.15 AAD842 0.63
-4.41 21.42 3.78 AAD842 0.63
-4.41 21.42 4.41 AAD842 0.63
-4.41 21.42 5.04 AAD842 0.63
-4.41 21.42 5.67 AAD842 0.63
-3.78 21.42 6.299999 BDE74A 0.63
-3.15 22.05 -4.41 AAD842 0.63
-3.15 22.05 -3.780001 AAD842 0.63
-3.15 22.05 -3.15 AAD842 0.63
-3.15 22.05 -2.52 AAD842 0.63
-3.15 22.05 -1.89 AAD842 0.63
-3.15 22.05 -1.26 AAD842 0.63
-3.15 22.05 -0.6300001 AAD842 0.63
-3.15 22.05 0 AAD842 0.63
-3.15 22.05 0.6300001 AAD842 0.63
-3.15 22.05 1.26 AAD842 0.63
-3.15 22.05 1.89 AAD842 0.63
-3.15 22.05 2.52 AAD842 0.63
-3.78 22.05 3.15 C6EF52 0.63
-3.78 22.05 3.78 AAD842 0.63
-3.78 22.05 4.41 AAD842 0.63
-3.78 22.05 5.04 AAD842 0.63
-3.78 22.05 5.67 AAD842 0.63
-2.52 22.68 -4.41 AAD842 0.63
-2.52 22.68 -3.780001 AAD842 0.63
-2.52 22.68 -3.15 AAD842 0.63
-2.52 22.68 -2.52 AAD842 0.63
-2.52 22.68 -1.89 AAD842 0.63
-2.52 22.68 -1.26 AAD842 0.63
-2.52 22.68 -0.6300001 AAD842 0.63
-2.52 22.68 0 AAD842 0.63
-2.52 22.68 0.6300001 AAD842 0.63
-2.52 22.68 1.26 AAD842 0.63
-3.15 22.68 1.89 AAD842 0.63
-3.15 22.68 2.52 AAD842 0.63
-3.15 22.68 3.15 AAD842 0.63
-3.15 22.68 3.78 AAD842 0.63
-3.15 22.68 4.41 AAD842 0.63
0.63 23.31 1.89 C6EF52 0.63
-0.6300001 23.31 2.52 C6EF52 0.63
-1.89 23.31 3.15 C6EF52 0.63
2.52 23.31 3.78 BDE74A 0.63
-6.3 13.86 -2.52 7EA831 0.63
-6.3 13.86 -1.89 7EA831 0.63
-6.3 13.86 -1.26 7EA831 0.63
-6.3 13.86 -0.6300001 7EA831 0.63
-6.3 13.86 0 7EA831 0.63
-6.3 13.86 0.6300001 7EA831 0.63
-6.3 13.86 1.26 7EA831 0.63
-6.3 13.86 1.89 7EA831 0.63
-6.3 13.86 2.52 7EA831 0.63
-6.3 14.49 3.78 7EA831 0.63
-6.3 14.49 4.41 7EA831 0.63
-5.67 13.86 -5.04 7EA831 0.63
-5.67 13.86 -4.41 7EA831 0.63
-5.67 13.86 -3.780001 7EA831 0.63
-5.67 13.86 -3.15 7EA831 0.63
-5.67 13.86 0 7EA831 0.63
-5.67 13.86 0.6300001 7EA831 0.63
-5.67 13.86 1.26 7EA831 0.63
-5.67 13.86 1.89 7EA831 0.63
-5.67 13.86 2.52 7EA831 0.63
-5.67 13.86 3.15 7EA831 0.63
-5.67 13.86 3.78 7EA831 0.63
-5.67 13.86 4.41 7EA831 0.63
-5.67 13.86 5.04 7EA831 0.63
-5.67 15.12 5.04 BDE74A 0.63
-5.67 20.16 0.6300001 C6EF52 0.63
-5.67 20.16 1.26 C6EF52 0.63
-5.67 20.16 1.89 C6EF52 0.63
-5.04 15.75 -5.04 BDE74A 0.63
-5.04 17.01 5.04 BDE74A 0.63
-5.04 17.64 -4.41 BDE74A 0.63
-5.04 18.9 5.04 BDE74A 0.63
-5.04 19.53 -3.780001 BDE74A 0.63
-5.04 20.16 -3.15 C6EF52 0.63
-5.04 20.16 2.52 C6EF52 0.63
-5.04 20.79 3.15 C6EF52 0.63
-4.41 11.97 -7.56 7EA831 0.63
-4.41 11.97 -6.930001 7EA831 0.63
-4.41 11.97 -6.3 7EA831 0.63
-4.41 12.6 -5.67 7EA831 0.63
-4.41 12.6 -5.04 7EA831 0.63
-4.41 12.6 -4.41 7EA831 0.63
-4.41 12.6 -3.780001 7EA831 0.63
-4.41 12.6 -3.15 7EA831 0.63
-4.41 12.6 -2.52 7EA831 0.63
-4.41 12.6 -1.89 7EA831 0.63
-4.41 12.6 1.89 7EA831 0.63
-4.41 12.6 2.52 7EA831 0.63
-4.41 12.6 3.15 7EA831 0.63
-4.41 13.23 3.78 7EA831 0.63
-4.41 13.23 4.41 7EA831 0.63
-4.41 13.23 5.04 7EA831 0.63
-4.41 13.23 5.67 7EA831 0.63
-4.41 13.23 6.299999 7EA831 0.63
-4.41 13.23 6.93 7EA831 0.63
-4.41 13.23 7.559999 7EA831 0.63
-4.41 12.6 -7.56 BDE74A 0.63
-4.41 13.86 7.559999 BDE74A 0.63
-4.41 14.49 -7.56 BDE74A 0.63
-4.41 15.12 7.559999 BDE74A 0.63
-4.41 15.75 7.559999 BDE74A 0.63
-4.41 18.27 6.93 BDE74A 0.63
-4.41 20.16 -3.780001 C6EF52 0.63
-4.41 20.16 -3.15 C6EF52 0.63
-4.41 20.16 -2.52 C6EF52 0.63
-4.41 20.79 3.78 C6EF52 0.63
-3.78 11.97 -7.56 7EA831 0.63
-3.78 11.97 -6.930001 7EA831 0.63
-3.78 11.97 -6.3 BDE74A 0.63
-3.78 11.34 -5.67 AAD842 0.63
-3.78 11.97 3.78 AAD842 0.63
-3.78 13.23 6.299999 BDE74A 0.63
-3.78 13.23 6.93 7EA831 0.63
-3.78 13.23 7.559999 7EA831 0.63
-1.89 11.97 -1.26 A98345 0.63
-1.89 11.97 -0.6300001 A98345 0.63
-3.78 12.6 -7.56 BDE74A 0.63
-3.78 13.86 7.559999 BDE74A 0.63
-3.78 15.75 -6.930001 BDE74A 0.63
-3.78 16.38 -6.930001 BDE74A 0.63
-3.78 17.01 -6.930001 BDE74A 0.63
-3.78 17.01 6.93 BDE74A 0.63
-3.78 17.64 -6.930001 BDE74A 0.63
-3.78 17.64 6.93 BDE74A 0.63
-3.78 18.27 -6.930001 BDE74A 0.63
-3.78 18.9 -6.3 BDE74A 0.63
-3.78 19.53 -6.3 BDE74A 0.63
-3.78 19.53 6.93 BDE74A 0.63
-3.78 20.16 -6.3 BDE74A 0.63
-3.78 20.16 6.299999 BDE74A 0.63
-3.78 20.79 -6.3 BDE74A 0.63
-3.78 20.79 6.299999 BDE74A 0.63
-3.78 21.42 -5.67 C6EF52 0.63
-3.78 21.42 -5.04 C6EF52 0.63
-3.78 22.05 -0.6300001 C6EF52 0.63
-3.78 22.05 0 C6EF52 0.63
-3.78 22.05 0.6300001 C6EF52 0.63
-3.78 22.05 1.26 C6EF52 0.63
-3.78 22.05 1.89 C6EF52 0.63
-3.78 22.05 2.52 C6EF52 0.63
-3.78 22.05 6.299999 BDE74A 0.63
-3.15 13.23 -8.82 7EA831 0.63
-3.15 13.23 -8.190001 7EA831 0.63
-3.15 11.97 -7.56 7EA831 0.63
-3.15 11.97 -6.930001 7EA831 0.63
-3.15 11.97 -6.3 BDE74A 0.63
-3.15 11.34 -5.67 BDE74A 0.63
-3.15 11.34 -5.04 7EA831 0.63
-3.15 11.34 -4.41 7EA831 0.63
-3.15 11.34 -3.780001 7EA831 0.63
-3.15 11.34 -3.15 7EA831 0.63
-3.15 11.34 -2.52 7EA831 0.63
-3.15 11.34 -1.89 7EA831 0.63
-3.15 11.34 -1.26 7EA831 0.63
-3.15 11.34 -0.6300001 7EA831 0.63
-3.15 11.97 0 7EA831 0.63
-3.15 11.97 0.6300001 7EA831 0.63
-3.15 11.97 1.26 7EA831 0.63
-3.15 11.97 1.89 7EA831 0.63
-3.15 11.97 2.52 7EA831 0.63
-3.15 11.97 3.15 7EA831 0.63
-3.15 11.97 3.78 7EA831 0.63
-3.15 11.97 4.41 7EA831 0.63
-3.15 11.97 5.04 7EA831 0.63
-3.15 12.6 5.67 BDE74A 0.63
-3.15 13.23 6.299999 BDE74A 0.63
-3.15 13.23 6.93 7EA831 0.63
-3.15 13.23 7.559999 7EA831 0.63
-3.15 14.49 8.190001 7EA831 0.63
-3.15 14.49 8.82 7EA831 0.63
-1.89 11.97 0 A98345 0.63
-1.26 11.97 0.6300001 A98345 0.63
-1.26 11.97 1.26 A98345 0.63
-3.15 12.6 -7.56 BDE74A 0.63
-3.15 13.86 -8.82 BDE74A 0.63
-3.15 13.86 7.559999 BDE74A 0.63
-3.15 14.49 -8.82 BDE74A 0.63
-3.15 15.12 -8.82 AAD842 0.63
-3.15 15.12 9.450001 BDE74A 0.63
-3.15 19.53 -6.3 AAD842 0.63
-3.15 20.16 -6.3 BDE74A 0.63
-3.15 20.79 -6.3 BDE74A 0.63
-3.15 21.42 -5.67 C6EF52 0.63
-3.15 21.42 6.299999 C6EF52 0.63
-3.15 22.05 6.299999 BDE74A 0.63
-3.15 22.05 5.04 BDE74A 0.63
-3.15 22.05 5.67 C6EF52 0.63
-2.52 13.23 -8.82 7EA831 0.63
-2.52 13.23 -8.190001 7EA831 0.63
-2.52 11.97 -7.56 7EA831 0.63
-2.52 11.97 -6.930001 7EA831 0.63
-2.52 11.97 -6.3 BDE74A 0.63
-2.52 11.34 -5.67 BDE74A 0.63
-2.52 11.34 -5.04 7EA831 0.63
-2.52 11.34 -4.41 7EA831 0.63
-2.52 11.34 -3.780001 7EA831 0.63
-2.52 11.34 -3.15 7EA831 0.63
-2.52 11.34 -2.52 7EA831 0.63
-2.52 11.34 -1.89 7EA831 0.63
-2.52 11.34 -1.26 7EA831 0.63
-2.52 11.34 -0.6300001 7EA831 0.63
-2.52 11.97 0 7EA831 0.63
-2.52 11.97 0.6300001 7EA831 0.63
-2.52 11.97 1.26 7EA831 0.63
-2.52 11.97 1.89 7EA831 0.63
-2.52 11.97 2.52 7EA831 0.63
-2.52 11.97 3.15 7EA831 0.63
-2.52 11.97 3.78 7EA831 0.63
-2.52 11.97 4.41 7EA831 0.63
-2.52 11.97 5.04 7EA831 0.63
-2.52 12.6 5.67 BDE74A 0.63
-2.52 13.23 6.299999 BDE74A 0.63
-2.52 13.23 6.93 7EA831 0.63
-2.52 13.23 7.559999 7EA831 0.63
-2.52 14.49 8.190001 7EA831 0.63
-2.52 14.49 8.82 7EA831 0.63
-2.52 12.6 -7.56 BDE74A 0.63
-2.52 13.86 -8.82 BDE74A 0.63
-2.52 13.86 7.559999 BDE74A 0.63
-2.52 15.12 -8.82 BDE74A 0.63
-2.52 15.12 9.450001 BDE74A 0.63
-2.52 15.75 -8.190001 BDE74A 0.63
-2.52 15.75 8.82 BDE74A 0.63
-2.52 16.38 -8.190001 BDE74A 0.63
-2.52 16.38 8.82 BDE74A 0.63
-2.52 17.01 -8.190001 BDE74A 0.63
-2.52 17.01 8.82 BDE74A 0.63
-2.52 17.64 -8.190001 AAD842 0.63
-2.52 17.64 8.82 BDE74A 0.63
-2.52 18.27 8.82 BDE74A 0.63
-2.52 18.9 -7.56 AAD842 0.63
-2.52 19.53 -6.930001 C6EF52 0.63
-2.52 20.16 -6.3 BDE74A 0.63
-2.52 20.16 8.190001 AAD842 0.63
-2.52 20.79 -6.3 BDE74A 0.63
-2.52 21.42 -5.04 BDE74A 0.63
-2.52 21.42 -5.67 C6EF52 0.63
-2.52 21.42 6.93 C6EF52 0.63
-2.52 21.42 6.299999 C6EF52 0.63
-2.52 22.05 -5.04 BDE74A 0.63
-2.52 22.05 6.299999 BDE74A 0.63
-2.52 22.05 5.04 BDE74A 0.63
-2.52 22.68 4.41 BDE74A 0.63
-2.52 22.05 5.67 C6EF52 0.63
-2.52 23.31 3.15 C6EF52 0.63
-2.52 23.31 0.6300001 AAD842 0.63
-2.52 23.31 1.26 AAD842 0.63
-2.52 23.31 1.89 AAD842 0.63
-2.52 23.31 2.52 C6EF52 0.63
-2.52 23.31 3.78 BDE74A 0.63
-1.89 13.23 -8.82 7EA831 0.63
-1.89 13.23 -8.190001 7EA831 0.63
-1.89 11.97 -7.56 7EA831 0.63
-1.89 11.97 -6.930001 7EA831 0.63
-1.89 11.97 -6.3 BDE74A 0.63
-1.89 11.34 -5.67 BDE74A 0.63
-1.89 11.34 -5.04 7EA831 0.63
-1.89 11.34 -4.41 7EA831 0.63
-1.89 11.34 -3.780001 7EA831 0.63
-1.89 11.34 -3.15 7EA831 0.63
-1.89 11.34 -2.52 7EA831 0.63
-1.89 11.34 -1.89 7EA831 0.63
-1.89 11.34 -1.26 7EA831 0.63
-1.89 11.34 -0.6300001 7EA831 0.63
-1.89 11.97 0.6300001 7EA831 0.63
-1.89 11.97 1.26 7EA831 0.63
-1.89 11.97 1.89 7EA831 0.63
-1.89 11.97 2.52 7EA831 0.63
-1.89 11.97 3.15 7EA831 0.63
-1.89 11.97 3.78 7EA831 0.63
-1.89 11.97 4.41 7EA831 0.63
-1.89 11.97 5.04 7EA831 0.63
-1.89 12.6 5.67 BDE74A 0.63
-1.89 13.23 6.299999 BDE74A 0.63
-1.89 13.23 6.93 7EA831 0.63
-1.89 13.23 7.559999 7EA831 0.63
-1.89 14.49 8.190001 7EA831 0.63
-1.89 14.49 8.82 7EA831 0.63
-1.89 12.6 -7.56 BDE74A 0.63
-1.89 13.86 -8.82 BDE74A 0.63
-1.89 13.86 7.559999 BDE74A 0.63
-1.89 14.49 -8.82 BDE74A 0.63
-1.89 15.12 -8.82 BDE74A 0.63
-1.89 15.12 9.450001 BDE74A 0.63
-1.89 15.75 -8.82 BDE74A 0.63
-1.89 15.75 8.82 BDE74A 0.63
-1.89 16.38 -8.190001 BDE74A 0.63
-1.89 16.38 8.82 BDE74A 0.63
-1.89 17.01 8.82 BDE74A 0.63
-1.89 17.64 -8.190001 BDE74A 0.63
-1.89 17.64 8.82 BDE74A 0.63
-1.89 18.27 -7.56 BDE74A 0.63
-1.89 18.27 8.82 BDE74A 0.63
-1.89 18.9 8.190001 BDE74A 0.63
-1.89 19.53 -6.930001 C6EF52 0.63
-1.89 19.53 8.190001 BDE74A 0.63
-1.89 20.16 -6.3 BDE74A 0.63
-1.89 20.16 8.190001 BDE74A 0.63
-1.89 20.79 -6.3 BDE74A 0.63
-1.89 20.79 8.190001 BDE74A 0.63
-1.89 21.42 -5.04 BDE74A 0.63
-1.89 21.42 -5.67 C6EF52 0.63
-1.89 21.42 6.93 C6EF52 0.63
-1.89 21.42 6.299999 C6EF52 0.63
-1.89 20.79 7.559999 C6EF52 0.63
-1.89 22.05 -4.41 BDE74A 0.63
-1.89 22.05 6.299999 BDE74A 0.63
-1.89 22.68 -4.41 BDE74A 0.63
-1.89 22.05 5.04 BDE74A 0.63
-1.89 22.68 4.41 BDE74A 0.63
-1.89 22.05 5.67 C6EF52 0.63
-1.89 22.68 -3.780001 C6EF52 0.63
-1.89 22.68 -3.15 C6EF52 0.63
-1.89 22.68 -2.52 C6EF52 0.63
-1.89 22.68 -1.89 C6EF52 0.63
-1.89 22.68 -1.26 C6EF52 0.63
-1.89 23.31 -0.6300001 C6EF52 0.63
-1.89 23.31 0 C6EF52 0.63
-1.89 23.31 0.6300001 C6EF52 0.63
-1.89 23.31 1.26 C6EF52 0.63
-1.89 23.31 1.89 C6EF52 0.63
-1.89 23.31 2.52 C6EF52 0.63
-1.89 23.31 3.78 BDE74A 0.63
-1.26 13.23 -8.82 7EA831 0.63
-1.26 13.23 -8.190001 7EA831 0.63
-1.26 11.97 -7.56 7EA831 0.63
-1.26 11.97 -6.930001 7EA831 0.63
-1.26 11.97 -6.3 BDE74A 0.63
-1.26 11.34 -5.67 BDE74A 0.63
-1.26 11.34 -5.04 7EA831 0.63
-1.26 11.34 -4.41 7EA831 0.63
-1.26 11.34 -3.780001 7EA831 0.63
-1.26 11.34 -3.15 7EA831 0.63
-1.26 11.34 -2.52 7EA831 0.63
-1.26 11.34 -1.89 7EA831 0.63
-1.26 11.97 1.89 7EA831 0.63
-1.26 11.97 2.52 7EA831 0.63
-1.26 11.97 3.15 7EA831 0.63
-1.26 11.97 3.78 7EA831 0.63
-1.26 11.97 4.41 7EA831 0.63
-1.26 11.97 5.04 7EA831 0.63
-1.26 12.6 5.67 BDE74A 0.63
-1.26 13.23 6.299999 BDE74A 0.63
-1.26 13.23 6.93 7EA831 0.63
-1.26 13.23 7.559999 7EA831 0.63
-1.26 14.49 8.190001 7EA831 0.63
-1.26 14.49 8.82 7EA831 0.63
-1.26 0 -1.89 8B6936 0.63
-1.26 0 1.89 8B6936 0.63
-1.26 0.6300001 -1.89 8B6936 0.63
-1.26 11.97 -1.89 8B6936 0.63
-1.26 12.6 1.89 8B6936 0.63
-1.26 12.6 -7.56 BDE74A 0.63
-1.26 13.86 -8.82 BDE74A 0.63
-1.26 13.86 7.559999 BDE74A 0.63
-1.26 14.49 -8.82 BDE74A 0.63
-1.26 15.12 -8.82 BDE74A 0.63
-1.26 15.12 9.450001 BDE74A 0.63
-1.26 15.75 -8.82 BDE74A 0.63
-1.26 15.75 8.82 BDE74A 0.63
-1.26 16.38 -8.190001 BDE74A 0.63
-1.26 16.38 8.82 BDE74A 0.63
-1.26 17.01 -8.190001 BDE74A 0.63
-1.26 17.01 8.82 BDE74A 0.63
-1.26 17.64 -8.190001 BDE74A 0.63
-1.26 17.64 8.82 BDE74A 0.63
-1.26 18.27 -8.190001 BDE74A 0.63
-1.26 18.27 8.82 BDE74A 0.63
-1.26 18.9 -7.56 C6EF52 0.63
-1.26 18.9 8.190001 BDE74A 0.63
-1.26 19.53 -6.930001 C6EF52 0.63
-1.26 19.53 8.190001 BDE74A 0.63
-1.26 20.16 8.190001 BDE74A 0.63
-1.26 20.79 -6.3 BDE74A 0.63
-1.26 20.79 8.190001 C6EF52 0.63
-1.26 21.42 -5.04 BDE74A 0.63
-1.26 21.42 -5.67 C6EF52 0.63
-1.26 21.42 6.93 C6EF52 0.63
-1.26 21.42 6.299999 C6EF52 0.63
-1.26 20.79 7.559999 C6EF52 0.63
-1.26 22.05 -4.41 BDE74A 0.63
-1.26 22.05 6.299999 BDE74A 0.63
-1.26 22.68 -4.41 BDE74A 0.63
-1.26 22.05 5.04 BDE74A 0.63
-1.26 22.68 4.41 BDE74A 0.63
-1.26 22.05 5.67 C6EF52 0.63
-1.26 23.31 2.52 C6EF52 0.63
-1.26 22.68 -3.780001 C6EF52 0.63
-1.26 22.68 -3.15 C6EF52 0.63
-1.26 22.68 -2.52 C6EF52 0.63
-1.26 22.68 -1.89 C6EF52 0.63
-1.26 22.68 -1.26 C6EF52 0.63
-1.26 23.31 -0.6300001 C6EF52 0.63
-1.26 23.31 0 C6EF52 0.63
-1.26 23.31 0.6300001 C6EF52 0.63
-1.26 23.31 1.26 C6EF52 0.63
-1.26 23.31 1.89 C6EF52 0.63
-1.26 23.31 3.78 BDE74A 0.63
-1.26 23.31 3.15 C6EF52 0.63
-0.6300001 13.23 -8.82 7EA831 0.63
-0.6300001 13.23 -8.190001 7EA831 0.63
-0.6300001 11.97 -7.56 7EA831 0.63
-0.6300001 11.97 -6.930001 7EA831 0.63
-0.6300001 11.97 -6.3 BDE74A 0.63
-0.6300001 11.34 -5.67 BDE74A 0.63
-0.6300001 11.34 -5.04 7EA831 0.63
-0.6300001 11.34 -4.41 7EA831 0.63
-0.6300001 11.34 -3.780001 7EA831 0.63
-0.6300001 11.34 -3.15 7EA831 0.63
-0.6300001 11.34 -2.52 7EA831 0.63
-0.6300001 11.34 -1.89 7EA831 0.63
-0.6300001 11.34 -1.26 8B6936 0.63
-0.6300001 11.34 -0.6300001 7EA831 0.63
-0.6300001 11.97 0 7EA831 0.63
-0.6300001 11.97 0.6300001 7EA831 0.63
-0.6300001 11.34 1.26 8B6936 0.63
-0.6300001 11.97 1.89 7EA831 0.63
-0.6300001 11.97 2.52 7EA831 0.63
-0.6300001 11.97 3.15 7EA831 0.63
-0.6300001 11.97 3.78 7EA831 0.63
-0.6300001 11.97 4.41 7EA831 0.63
-0.6300001 11.97 5.04 7EA831 0.63
-0.6300001 12.6 5.67 BDE74A 0.63
-0.6300001 13.23 6.299999 BDE74A 0.63
-0.6300001 13.23 6.93 7EA831 0.63
-0.6300001 13.23 7.559999 7EA831 0.63
-0.6300001 14.49 8.190001 7EA831 0.63
-0.6300001 14.49 8.82 7EA831 0.63
-0.6300001 0 -1.89 8B6936 0.63
-0.6300001 0 1.89 8B6936 0.63
-0.6300001 0.6300001 -1.89 8B6936 0.63
-0.6300001 0.6300001 1.26 8B6936 0.63
-0.6300001 1.26 -1.26 8B6936 0.63
-0.6300001 1.26 1.26 8B6936 0.63
-0.6300001 1.89 -1.26 8B6936 0.63
-0.6300001 1.89 1.26 8B6936 0.63
-0.6300001 2.52 -1.26 8B6936 0.63
-0.6300001 2.52 1.26 8B6936 0.63
-0.6300001 3.15 -1.26 8B6936 0.63
-0.6300001 3.15 1.26 8B6936 0.63
-0.6300001 3.78 -1.26 8B6936 0.63
-0.6300001 3.78 1.26 8B6936 0.63
-0.6300001 4.41 -1.26 8B6936 0.63
-0.6300001 4.41 1.26 8B6936 0.63
-0.6300001 5.04 -1.26 8B6936 0.63
-0.6300001 5.04 1.26 8B6936 0.63
-0.6300001 5.67 -1.26 8B6936 0.63
-0.6300001 5.67 1.26 8B6936 0.63
-0.6300001 6.3 -1.26 8B6936 0.63
-0.6300001 6.3 1.26 8B6936 0.63
-0.6300001 6.93 -1.26 8B6936 0.63
-0.6300001 6.93 1.26 8B6936 0.63
-0.6300001 7.56 -1.26 8B6936 0.63
-0.6300001 7.56 1.26 8B6936 0.63
-0.6300001 8.190001 -1.26 8B6936 0.63
-0.6300001 8.190001 1.26 8B6936 0.63
-0.6300001 8.820001 -1.26 8B6936 0.63
-0.6300001 8.820001 1.26 8B6936 0.63
-0.6300001 9.450001 -1.26 8B6936 0.63
-0.6300001 9.450001 1.26 8B6936 0.63
-0.6300001 10.08 -1.26 8B6936 0.63
-0.6300001 10.08 1.26 8B6936 0.63
-0.6300001 10.71 -1.26 8B6936 0.63
-0.6300001 10.71 1.26 8B6936 0.63
-0.6300001 11.97 1.26 7EA831 0.63
-0.6300001 11.97 -1.89 8B6936 0.63
-0.6300001 12.6 1.89 8B6936 0.63
-0.6300001 12.6 -7.56 BDE74A 0.63
-0.6300001 13.86 -8.82 BDE74A 0.63
-0.6300001 13.86 7.559999 BDE74A 0.63
-0.6300001 14.49 -8.82 BDE74A 0.63
-0.6300001 15.12 -8.82 BDE74A 0.63
-0.6300001 15.12 9.450001 BDE74A 0.63
-0.6300001 15.75 -8.82 BDE74A 0.63
-0.6300001 15.75 8.82 BDE74A 0.63
-0.6300001 16.38 -8.190001 BDE74A 0.63
-0.6300001 16.38 8.82 BDE74A 0.63
-0.6300001 17.01 -8.190001 BDE74A 0.63
-0.6300001 17.01 8.82 BDE74A 0.63
-0.6300001 17.64 -8.190001 BDE74A 0.63
-0.6300001 17.64 8.82 BDE74A 0.63
-0.6300001 18.27 -8.190001 BDE74A 0.63
-0.6300001 18.27 8.82 BDE74A 0.63
-0.6300001 18.9 -7.56 BDE74A 0.63
-0.6300001 18.9 8.190001 BDE74A 0.63
-0.6300001 19.53 8.190001 BDE74A 0.63
-0.6300001 20.16 -6.3 BDE74A 0.63
-0.6300001 20.16 8.190001 BDE74A 0.63
-0.6300001 20.79 -6.3 BDE74A 0.63
-0.6300001 20.79 7.559999 C6EF52 0.63
-0.6300001 21.42 -5.04 BDE74A 0.63
-0.6300001 21.42 -5.67 C6EF52 0.63
-0.6300001 21.42 6.93 C6EF52 0.63
-0.6300001 21.42 6.299999 C6EF52 0.63
-0.6300001 22.05 -4.41 BDE74A 0.63
-0.6300001 22.05 6.299999 BDE74A 0.63
-0.6300001 22.68 -4.41 C6EF52 0.63
-0.6300001 22.05 5.04 BDE74A 0.63
-0.6300001 22.68 4.41 BDE74A 0.63
-0.6300001 22.05 5.67 C6EF52 0.63
-0.6300001 22.68 -3.780001 C6EF52 0.63
-0.6300001 22.68 -3.15 C6EF52 0.63
-0.6300001 22.68 -2.52 C6EF52 0.63
-0.6300001 22.68 -1.89 C6EF52 0.63
-0.6300001 23.31 -1.26 C6EF52 0.63
-0.6300001 23.31 -0.6300001 C6EF52 0.63
-0.6300001 23.31 0 C6EF52 0.63
-0.6300001 23.31 0.6300001 C6EF52 0.63
-0.6300001 23.31 1.26 C6EF52 0.63
-0.6300001 23.31 1.89 C6EF52 0.63
-0.6300001 23.31 3.78 BDE74A 0.63
-0.6300001 23.31 3.15 C6EF52 0.63
0 13.86 -8.82 7EA831 0.63
0 13.23 -8.190001 7EA831 0.63
0 11.97 -7.56 7EA831 0.63
0 11.97 -6.930001 7EA831 0.63
0 11.97 -6.3 BDE74A 0.63
0 11.34 -5.67 BDE74A 0.63
0 11.34 -5.04 7EA831 0.63
0 11.34 -4.41 7EA831 0.63
0 11.34 -3.780001 7EA831 0.63
0 11.34 -3.15 7EA831 0.63
0 11.34 -2.52 7EA831 0.63
0 11.34 -1.89 7EA831 0.63
0 11.34 -1.26 8B6936 0.63
0 11.34 -0.6300001 7EA831 0.63
0 11.97 0 7EA831 0.63
0 11.97 0.6300001 7EA831 0.63
0 11.34 1.26 8B6936 0.63
0 11.97 1.89 7EA831 0.63
0 11.97 2.52 7EA831 0.63
0 11.97 3.15 7EA831 0.63
0 11.97 3.78 7EA831 0.63
0 11.97 4.41 7EA831 0.63
0 11.97 5.04 7EA831 0.63
0 12.6 5.67 BDE74A 0.63
0 13.23 6.299999 BDE74A 0.63
0 13.23 6.93 7EA831 0.63
0 13.23 7.559999 7EA831 0.63
0 14.49 8.190001 7EA831 0.63
0 14.49 8.82 7EA831 0.63
0 0 -1.89 8B6936 0.63
0 0 1.89 8B6936 0.63
0 0.6300001 -1.89 8B6936 0.63
0 0.6300001 1.26 8B6936 0.63
0 1.26 -1.26 8B6936 0.63
0 1.26 1.26 8B6936 0.63
0 1.89 -1.26 8B6936 0.63
0 1.89 1.26 8B6936 0.63
0 2.52 -1.26 8B6936 0.63
0 2.52 1.26 8B6936 0.63
0 3.15 -1.26 8B6936 0.63
0 3.15 1.26 8B6936 0.63
0 3.78 -1.26 8B6936 0.63
0 3.78 1.26 8B6936 0.63
0 4.41 -1.26 8B6936 0.63
0 4.41 1.26 8B6936 0.63
0 5.04 -1.26 8B6936 0.63
0 5.04 1.26 8B6936 0.63
0 5.67 -1.26 8B6936 0.63
0 5.67 1.26 8B6936 0.63
0 6.3 -1.26 8B6936 0.63
0 6.3 1.26 8B6936 0.63
0 6.93 -1.26 8B6936 0.63
0 6.93 1.26 8B6936 0.63
0 7.56 -1.26 8B6936 0.63
0 7.56 1.26 8B6936 0.63
0 8.190001 -1.26 8B6936 0.63
0 8.190001 1.26 8B6936 0.63
0 8.820001 -1.26 8B6936 0.63
0 8.820001 1.26 8B6936 0.63
0 9.450001 -1.26 8B6936 0.63
0 9.450001 1.26 8B6936 0.63
0 10.08 -1.26 8B6936 0.63
0 10.08 1.26 8B6936 0.63
0 10.71 -1.26 8B6936 0.63
0 10.71 1.26 8B6936 0.63
0 11.97 1.26 7EA831 0.63
0 11.97 -1.89 8B6936 0.63
0 12.6 1.89 8B6936 0.63
0 12.6 -7.56 BDE74A 0.63
0 13.86 7.559999 BDE74A 0.63
0 14.49 -8.82 BDE74A 0.63
0 15.12 -8.82 BDE74A 0.63
0 15.12 9.450001 BDE74A 0.63
0 15.75 -8.82 BDE74A 0.63
0 15.75 8.82 BDE74A 0.63
0 16.38 -8.190001 BDE74A 0.63
0 16.38 8.82 BDE74A 0.63
0 17.01 -8.190001 BDE74A 0.63
0 17.64 8.82 BDE74A 0.63
0 18.27 -8.190001 BDE74A 0.63
0 18.27 8.82 BDE74A 0.63
0 18.9 -7.56 BDE74A 0.63
0 18.9 8.190001 BDE74A 0.63
0 19.53 -6.930001 C6EF52 0.63
0 19.53 -7.56 C6EF52 0.63
0 19.53 8.190001 BDE74A 0.63
0 20.16 -6.3 BDE74A 0.63
0 20.16 8.190001 BDE74A 0.63
0 20.79 -6.3 BDE74A 0.63
0 20.79 7.559999 C6EF52 0.63
0 21.42 -5.04 BDE74A 0.63
0 21.42 -5.67 C6EF52 0.63
0 21.42 6.93 C6EF52 0.63
0 21.42 6.299999 C6EF52 0.63
0 22.05 -4.41 BDE74A 0.63
0 22.05 6.299999 BDE74A 0.63
0 22.68 -4.41 C6EF52 0.63
0 22.05 5.04 BDE74A 0.63
0 22.68 4.41 BDE74A 0.63
0 22.05 5.67 C6EF52 0.63
0 23.31 1.89 C6EF52 0.63
0 22.68 -3.780001 C6EF52 0.63
0 22.68 -3.15 C6EF52 0.63
0 22.68 -2.52 C6EF52 0.63
0 22.68 -1.89 C6EF52 0.63
0 23.31 -1.26 C6EF52 0.63
0 23.31 -0.6300001 C6EF52 0.63
0 23.31 0 C6EF52 0.63
0 23.31 0.6300001 C6EF52 0.63
0 23.31 1.26 C6EF52 0.63
0 23.31 3.78 BDE74A 0.63
0 23.31 2.52 C6EF52 0.63
0 23.31 3.15 C6EF52 0.63
0.63 13.86 -8.82 7EA831 0.63
0.63 13.23 -8.190001 7EA831 0.63
0.63 11.97 -7.56 7EA831 0.63
0.63 11.97 -6.930001 7EA831 0.63
0.63 11.97 -6.3 BDE74A 0.63
0.63 11.34 -5.67 BDE74A 0.63
0.63 11.34 -5.04 7EA831 0.63
0.63 11.34 -4.41 7EA831 0.63
0.63 11.34 -3.780001 7EA831 0.63
0.63 11.34 -3.15 7EA831 0.63
0.63 11.34 -2.52 7EA831 0.63
0.63 11.34 -1.89 7EA831 0.63
0.63 11.34 -1.26 8B6936 0.63
0.63 11.34 -0.6300001 7EA831 0.63
0.63 11.97 0 7EA831 0.63
0.63 11.97 0.6300001 7EA831 0.63
0.63 11.34 1.26 8B6936 0.63
0.63 11.97 1.89 7EA831 0.63
0.63 11.97 2.52 7EA831 0.63
0.63 11.97 3.15 7EA831 0.63
0.63 11.97 3.78 7EA831 0.63
0.63 11.97 4.41 7EA831 0.63
0.63 11.97 5.04 7EA831 0.63
0.63 12.6 5.67 BDE74A 0.63
0.63 13.23 6.299999 BDE74A 0.63
0.63 13.23 6.93 7EA831 0.63
0.63 13.23 7.559999 7EA831 0.63
0.63 14.49 8.190001 7EA831 0.63
0.63 14.49 8.82 7EA831 0.63
0.63 0 -1.89 8B6936 0.63
0.63 0 1.89 8B6936 0.63
0.63 0.6300001 -1.89 8B6936 0.63
0.63 0.6300001 1.26 8B6936 0.63
0.63 1.26 -1.26 8B6936 0.63
0.63 1.26 1.26 8B6936 0.63
0.63 1.89 -1.26 8B6936 0.63
0.63 1.89 1.26 8B6936 0.63
0.63 2.52 -1.26 8B6936 0.63
0.63 2.52 1.26 8B6936 0.63
0.63 3.15 -1.26 8B6936 0.63
0.63 3.15 1.26 8B6936 0.63
0.63 3.78 -1.26 8B6936 0.63
0.63 3.78 1.26 8B6936 0.63
0.63 4.41 -1.26 8B6936 0.63
0.63 4.41 1.26 8B6936 0.63
0.63 5.04 -1.26 8B6936 0.63
0.63 5.04 1.26 8B6936 0.63
0.63 5.67 -1.26 8B6936 0.63
0.63 5.67 1.26 8B6936 0.63
0.63 6.3 -1.26 8B6936 0.63
0.63 6.3 1.26 8B6936 0.63
0.63 6.93 -1.26 8B6936 0.63
0.63 6.93 1.26 8B6936 0.63
0.63 7.56 -1.26 8B6936 0.63
0.63 7.56 1.26 8B6936 0.63
0.63 8.190001 -1.26 8B6936 0.63
0.63 8.190001 1.26 8B6936 0.63
0.63 8.820001 -1.26 8B6936 0.63
0.63 8.820001 1.26 8B6936 0.63
0.63 9.450001 -1.26 8B6936 0.63
0.63 9.450001 1.26 8B6936 0.63
0.63 10.08 -1.26 8B6936 0.63
0.63 10.08 1.26 8B6936 0.63
0.63 10.71 -1.26 8B6936 0.63
0.63 10.71 1.26 8B6936 0.63
0.63 11.97 1.26 7EA831 0.63
0.63 11.97 -1.89 8B6936 0.63
0.63 12.6 1.89 8B6936 0.63
0.63 12.6 -7.56 BDE74A 0.63
0.63 13.86 -9.450001 BDE74A 0.63
0.63 13.86 7.559999 BDE74A 0.63
0.63 14.49 -8.82 BDE74A 0.63
0.63 15.12 9.450001 BDE74A 0.63
0.63 15.75 -8.82 BDE74A 0.63
0.63 15.75 8.82 BDE74A 0.63
0.63 16.38 -8.82 BDE74A 0.63
0.63 16.38 8.82 BDE74A 0.63
0.63 17.01 -8.190001 BDE74A 0.63
0.63 17.01 8.82 BDE74A 0.63
0.63 17.64 -8.190001 BDE74A 0.63
0.63 17.64 8.82 BDE74A 0.63
0.63 18.27 -8.190001 BDE74A 0.63
0.63 18.27 8.82 BDE74A 0.63
0.63 18.9 -8.190001 BDE74A 0.63
0.63 18.9 8.190001 BDE74A 0.63
0.63 19.53 -7.56 C6EF52 0.63
0.63 19.53 8.190001 BDE74A 0.63
0.63 20.16 -6.3 C6EF52 0.63
0.63 19.53 -6.930001 C6EF52 0.63
0.63 20.16 8.190001 BDE74A 0.63
0.63 20.79 -6.3 BDE74A 0.63
0.63 20.79 7.559999 C6EF52 0.63
0.63 21.42 -5.04 BDE74A 0.63
0.63 21.42 -5.67 C6EF52 0.63
0.63 21.42 6.93 C6EF52 0.63
0.63 21.42 6.299999 C6EF52 0.63
0.63 22.05 -4.41 BDE74A 0.63
0.63 22.05 6.299999 BDE74A 0.63
0.63 22.68 -3.780001 C6EF52 0.63
0.63 22.05 5.04 BDE74A 0.63
0.63 22.68 4.41 BDE74A 0.63
0.63 22.05 5.67 C6EF52 0.63
0.63 22.68 -3.15 C6EF52 0.63
0.63 22.68 -2.52 C6EF52 0.63
0.63 22.68 -1.89 C6EF52 0.63
0.63 23.31 -1.26 C6EF52 0.63
0.63 23.31 -0.6300001 C6EF52 0.63
0.63 23.31 0 C6EF52 0.63
0.63 23.31 0.6300001 C6EF52 0.63
0.63 23.31 1.26 C6EF52 0.63
0.63 23.31 3.78 BDE74A 0.63
0.63 23.31 2.52 C6EF52 0.63
0.63 23.31 3.15 C6EF52 0.63
1.26 13.86 -8.82 7EA831 0.63
1.26 13.23 -8.190001 7EA831 0.63
1.26 11.97 -7.56 7EA831 0.63
1.26 11.97 -6.930001 7EA831 0.63
1.26 11.97 -6.3 BDE74A 0.63
1.26 11.34 -5.67 BDE74A 0.63
1.26 11.34 -5.04 7EA831 0.63
1.26 11.34 -4.41 7EA831 0.63
1.26 11.34 -3.780001 7EA831 0.63
1.26 11.34 -3.15 7EA831 0.63
1.26 11.34 -2.52 7EA831 0.63
1.26 11.34 -1.89 7EA831 0.63
1.26 11.34 -1.26 8B6936 0.63
1.26 10.71 -0.6300001 A98345 0.63
1.26 10.71 0 A98345 0.63
1.26 10.71 0.6300001 A98345 0.63
1.26 11.34 1.26 8B6936 0.63
1.26 11.97 1.89 7EA831 0.63
1.26 11.97 2.52 7EA831 0.63
1.26 11.97 3.15 7EA831 0.63
1.26 11.97 3.78 7EA831 0.63
1.26 11.97 4.41 7EA831 0.63
1.26 11.97 5.04 7EA831 0.63
1.26 12.6 5.67 BDE74A 0.63
1.26 13.23 6.299999 BDE74A 0.63
1.26 13.23 6.93 7EA831 0.63
1.26 13.23 7.559999 7EA831 0.63
1.26 14.49 8.190001 7EA831 0.63
1.26 14.49 8.82 7EA831 0.63
1.26 0 -1.89 8B6936 0.63
1.26 0 1.89 8B6936 0.63
1.26 0.6300001 -1.89 8B6936 0.63
1.26 0.6300001 1.26 8B6936 0.63
1.26 1.26 -1.26 8B6936 0.63
1.26 1.26 1.26 8B6936 0.63
1.26 1.89 -1.26 8B6936 0.63
1.26 1.89 1.26 8B6936 0.63
1.26 2.52 -0.6300001 A98345 0.63
1.26 2.52 0 A98345 0.63
1.26 2.52 0.6300001 A98345 0.63
1.26 3.15 -0.6300001 A98345 0.63
1.26 3.15 0 A98345 0.63
1.26 3.15 0.6300001 A98345 0.63
1.26 3.78 -0.6300001 A98345 0.63
1.26 3.78 0 A98345 0.63
1.26 3.78 0.6300001 A98345 0.63
1.26 4.41 -0.6300001 A98345 0.63
1.26 4.41 0 A98345 0.63
1.26 4.41 0.6300001 A98345 0.63
1.26 5.04 -0.6300001 A98345 0.63
1.26 5.04 0 A98345 0.63
1.26 5.04 0.6300001 A98345 0.63
1.26 5.67 -0.6300001 A98345 0.63
1.26 5.67 0 A98345 0.63
1.26 5.67 0.6300001 A98345 0.63
1.26 6.3 -0.6300001 A98345 0.63
1.26 6.3 0 A98345 0.63
1.26 6.3 0.6300001 A98345 0.63
1.26 6.93 -0.6300001 A98345 0.63
1.26 6.93 0 A98345 0.63
1.26 6.93 0.6300001 A98345 0.63
1.26 7.56 -0.6300001 A98345 0.63
1.26 7.56 0 A98345 0.63
1.26 7.56 0.6300001 A98345 0.63
1.26 8.190001 -0.6300001 A98345 0.63
1.26 8.190001 0 A98345 0.63
1.26 8.190001 0.6300001 A98345 0.63
1.26 8.820001 -0.6300001 A98345 0.63
1.26 8.820001 0 A98345 0.63
1.26 8.820001 0.6300001 A98345 0.63
1.26 9.450001 -0.6300001 A98345 0.63
1.26 9.450001 0 A98345 0.63
1.26 9.450001 0.6300001 A98345 0.63
1.26 10.08 -0.6300001 A98345 0.63
1.26 10.08 0 A98345 0.63
1.26 10.08 0.6300001 A98345 0.63
1.26 11.34 -0.6300001 7EA831 0.63
1.26 11.97 0 7EA831 0.63
1.26 11.97 0.6300001 7EA831 0.63
1.26 11.97 1.26 7EA831 0.63
1.26 11.97 -1.89 8B6936 0.63
1.26 12.6 1.89 8B6936 0.63
1.26 12.6 -7.56 BDE74A 0.63
1.26 13.86 -9.450001 BDE74A 0.63
1.26 13.86 7.559999 BDE74A 0.63
1.26 14.49 -8.82 BDE74A 0.63
1.26 15.12 -8.82 BDE74A 0.63
1.26 15.12 9.450001 BDE74A 0.63
1.26 15.75 -8.82 BDE74A 0.63
1.26 15.75 8.82 BDE74A 0.63
1.26 16.38 -8.82 BDE74A 0.63
1.26 16.38 8.82 BDE74A 0.63
1.26 17.01 -8.190001 BDE74A 0.63
1.26 17.01 8.82 BDE74A 0.63
1.26 17.64 -8.190001 BDE74A 0.63
1.26 17.64 8.82 BDE74A 0.63
1.26 18.27 -8.190001 BDE74A 0.63
1.26 18.27 8.82 BDE74A 0.63
1.26 18.9 -8.190001 BDE74A 0.63
1.26 18.9 8.190001 BDE74A 0.63
1.26 19.53 8.190001 BDE74A 0.63
1.26 20.16 -6.3 C6EF52 0.63
1.26 19.53 -6.930001 C6EF52 0.63
1.26 20.16 8.190001 BDE74A 0.63
1.26 20.79 -6.3 BDE74A 0.63
1.26 20.79 7.559999 C6EF52 0.63
1.26 21.42 -5.04 BDE74A 0.63
1.26 21.42 -5.67 C6EF52 0.63
1.26 21.42 6.93 C6EF52 0.63
1.26 21.42 6.299999 C6EF52 0.63
1.26 22.05 -4.41 BDE74A 0.63
1.26 22.05 6.299999 BDE74A 0.63
1.26 22.68 -3.780001 C6EF52 0.63
1.26 22.05 5.04 BDE74A 0.63
1.26 22.68 4.41 BDE74A 0.63
1.26 22.05 5.67 C6EF52 0.63
1.26 23.31 1.26 C6EF52 0.63
1.26 22.68 -3.15 C6EF52 0.63
1.26 22.68 -2.52 C6EF52 0.63
1.26 22.68 -1.89 C6EF52 0.63
1.26 22.68 -1.26 C6EF52 0.63
1.26 23.31 -0.6300001 C6EF52 0.63
1.26 23.31 0 C6EF52 0.63
1.26 23.31 0.6300001 C6EF52 0.63
1.26 23.31 3.78 BDE74A 0.63
1.26 23.31 1.89 C6EF52 0.63
1.26 23.31 2.52 C6EF52 0.63
1.26 23.31 3.15 C6EF52 0.63
1.89 13.86 -8.82 7EA831 0.63
1.89 13.23 -8.190001 7EA831 0.63
1.89 11.97 -7.56 7EA831 0.63
1.89 11.97 -6.930001 7EA831 0.63
1.89 11.97 -6.3 BDE74A 0.63
1.89 11.34 -5.67 BDE74A 0.63
1.89 11.34 -5.04 7EA831 0.63
1.89 11.34 -4.41 7EA831 0.63
1.89 11.34 -3.780001 7EA831 0.63
1.89 11.34 -3.15 7EA831 0.63
1.89 11.34 -2.52 7EA831 0.63
1.89 11.34 -1.89 7EA831 0.63
1.89 11.34 -1.26 7EA831 0.63
1.89 11.34 -0.6300001 7EA831 0.63
1.89 11.97 0 7EA831 0.63
1.89 11.97 0.6300001 7EA831 0.63
1.89 11.97 1.26 7EA831 0.63
1.89 11.97 1.89 7EA831 0.63
1.89 11.97 2.52 7EA831 0.63
1.89 11.97 3.15 7EA831 0.63
1.89 11.97 3.78 7EA831 0.63
1.89 11.97 4.41 7EA831 0.63
1.89 11.97 5.04 7EA831 0.63
1.89 12.6 5.67 BDE74A 0.63
1.89 13.23 6.299999 BDE74A 0.63
1.89 13.23 6.93 7EA831 0.63
1.89 13.23 7.559999 7EA831 0.63
1.89 14.49 8.190001 7EA831 0.63
1.89 14.49 8.82 7EA831 0.63
1.89 0 -1.26 A98345 0.63
1.89 0 -0.6300001 A98345 0.63
1.89 0 0 A98345 0.63
1.89 0 0.6300001 A98345 0.63
1.89 0 1.26 A98345 0.63
1.89 0.6300001 -1.26 A98345 0.63
1.89 0.6300001 -0.6300001 A98345 0.63
1.89 0.6300001 0 A98345 0.63
1.89 0.6300001 0.6300001 A98345 0.63
1.89 0.6300001 1.26 A98345 0.63
1.26 1.26 -0.6300001 A98345 0.63
1.26 1.26 0 A98345 0.63
1.26 1.26 0.6300001 A98345 0.63
1.26 1.89 -0.6300001 A98345 0.63
1.26 1.89 0 A98345 0.63
1.26 1.89 0.6300001 A98345 0.63
1.26 11.34 0 A98345 0.63
1.26 11.34 0.6300001 A98345 0.63
1.89 11.97 -1.89 8B6936 0.63
1.89 11.97 -1.26 A98345 0.63
1.89 11.97 -0.6300001 A98345 0.63
1.89 12.6 1.89 8B6936 0.63
1.89 12.6 -7.56 BDE74A 0.63
1.89 13.86 -9.450001 BDE74A 0.63
1.89 13.86 7.559999 BDE74A 0.63
1.89 14.49 -8.82 BDE74A 0.63
1.89 15.12 -8.82 BDE74A 0.63
1.89 15.12 9.450001 BDE74A 0.63
1.89 15.75 -8.82 BDE74A 0.63
1.89 15.75 8.82 BDE74A 0.63
1.89 16.38 -8.82 BDE74A 0.63
1.89 16.38 8.82 BDE74A 0.63
1.89 17.01 -8.190001 BDE74A 0.63
1.89 17.01 8.82 BDE74A 0.63
1.89 17.64 -8.190001 BDE74A 0.63
1.89 17.64 8.82 BDE74A 0.63
1.89 18.27 -8.190001 BDE74A 0.63
1.89 18.27 8.190001 BDE74A 0.63
1.89 18.9 -8.190001 BDE74A 0.63
1.89 18.9 8.190001 BDE74A 0.63
1.89 19.53 -7.56 BDE74A 0.63
1.89 19.53 8.190001 BDE74A 0.63
1.89 20.16 -6.3 C6EF52 0.63
1.89 20.16 -6.930001 C6EF52 0.63
1.89 20.16 8.190001 BDE74A 0.63
1.89 20.79 -6.3 BDE74A 0.63
1.89 20.79 7.559999 C6EF52 0.63
1.89 21.42 -5.04 BDE74A 0.63
1.89 21.42 -5.67 C6EF52 0.63
1.89 21.42 6.93 C6EF52 0.63
1.89 21.42 6.299999 C6EF52 0.63
1.89 22.05 -4.41 BDE74A 0.63
1.89 22.05 6.299999 BDE74A 0.63
1.89 22.68 -3.780001 C6EF52 0.63
1.89 22.05 5.04 BDE74A 0.63
1.89 22.68 4.41 BDE74A 0.63
1.89 22.05 5.67 C6EF52 0.63
1.89 23.31 1.89 C6EF52 0.63
1.89 22.68 -3.15 C6EF52 0.63
1.89 22.68 -2.52 C6EF52 0.63
1.89 22.68 -1.89 C6EF52 0.63
1.89 22.68 -1.26 C6EF52 0.63
1.89 23.31 -0.6300001 C6EF52 0.63
1.89 23.31 0 C6EF52 0.63
1.89 23.31 0.6300001 C6EF52 0.63
1.89 23.31 1.26 C6EF52 0.63
1.89 23.31 3.78 BDE74A 0.63
1.89 23.31 2.52 C6EF52 0.63
1.89 23.31 3.15 C6EF52 0.63
2.52 13.86 -8.82 7EA831 0.63
2.52 13.23 -8.190001 7EA831 0.63
2.52 11.97 -7.56 7EA831 0.63
2.52 11.97 -6.930001 7EA831 0.63
2.52 11.97 -6.3 BDE74A 0.63
2.52 11.34 -5.67 BDE74A 0.63
2.52 11.34 -5.04 7EA831 0.63
2.52 11.34 -4.41 7EA831 0.63
2.52 11.34 -3.780001 7EA831 0.63
2.52 11.34 -3.15 7EA831 0.63
2.52 11.34 -2.52 7EA831 0.63
2.52 11.34 -1.89 7EA831 0.63
2.52 11.34 -1.26 7EA831 0.63
2.52 11.34 -0.6300001 7EA831 0.63
2.52 11.97 0 7EA831 0.63
2.52 11.97 0.6300001 7EA831 0.63
2.52 11.97 1.26 7EA831 0.63
2.52 11.97 1.89 7EA831 0.63
2.52 11.97 2.52 7EA831 0.63
2.52 11.97 3.15 7EA831 0.63
2.52 11.97 3.78 7EA831 0.63
2.52 11.97 4.41 7EA831 0.63
2.52 11.97 5.04 7EA831 0.63
2.52 12.6 5.67 BDE74A 0.63
2.52 13.23 6.299999 BDE74A 0.63
2.52 13.23 6.93 7EA831 0.63
2.52 13.23 7.559999 7EA831 0.63
2.52 14.49 8.190001 7EA831 0.63
2.52 14.49 8.82 7EA831 0.63
2.52 12.6 -7.56 BDE74A 0.63
2.52 13.86 -9.450001 BDE74A 0.63
2.52 13.86 7.559999 BDE74A 0.63
2.52 14.49 -8.82 BDE74A 0.63
2.52 15.12 -8.82 BDE74A 0.63
2.52 15.12 9.450001 BDE74A 0.63
2.52 15.75 -8.82 BDE74A 0.63
2.52 15.75 8.82 BDE74A 0.63
2.52 16.38 -8.82 BDE74A 0.63
2.52 16.38 8.82 BDE74A 0.63
2.52 17.01 -8.190001 BDE74A 0.63
2.52 17.01 8.82 BDE74A 0.63
2.52 17.64 -7.56 AAD842 0.63
2.52 17.64 -8.190001 AAD842 0.63
2.52 17.64 8.82 BDE74A 0.63
2.52 18.27 -7.56 AAD842 0.63
2.52 18.27 8.190001 BDE74A 0.63
2.52 18.9 -7.56 AAD842 0.63
2.52 18.9 8.190001 AAD842 0.63
2.52 19.53 -7.56 AAD842 0.63
2.52 19.53 8.190001 AAD842 0.63
2.52 20.16 -6.930001 C6EF52 0.63
2.52 20.16 7.559999 AAD842 0.63
2.52 20.79 -6.3 BDE74A 0.63
2.52 20.79 7.559999 AAD842 0.63
2.52 21.42 -5.04 BDE74A 0.63
2.52 21.42 -5.67 C6EF52 0.63
2.52 21.42 6.93 C6EF52 0.63
2.52 21.42 6.299999 C6EF52 0.63
2.52 22.05 -4.41 BDE74A 0.63
2.52 22.05 6.299999 BDE74A 0.63
2.52 22.68 -1.26 AAD842 0.63
2.52 22.68 -3.780001 AAD842 0.63
2.52 22.68 -3.15 AAD842 0.63
2.52 22.68 -2.52 AAD842 0.63
2.52 22.68 -1.89 AAD842 0.63
2.52 22.05 5.04 BDE74A 0.63
2.52 22.68 4.41 BDE74A 0.63
2.52 22.05 5.67 C6EF52 0.63
2.52 22.68 -0.6300001 AAD842 0.63
2.52 22.68 0 AAD842 0.63
2.52 22.68 0.6300001 AAD842 0.63
2.52 22.68 1.26 AAD842 0.63
2.52 23.31 1.89 AAD842 0.63
2.52 23.31 2.52 AAD842 0.63
2.52 23.31 3.15 AAD842 0.63
3.15 13.86 -8.82 7EA831 0.63
3.15 13.23 -8.190001 7EA831 0.63
3.15 11.97 -7.56 7EA831 0.63
3.15 11.97 -6.930001 7EA831 0.63
3.15 11.97 -6.3 BDE74A 0.63
3.15 11.34 -5.67 BDE74A 0.63
3.15 11.34 -5.04 7EA831 0.63
3.15 11.34 -4.41 7EA831 0.63
3.15 11.34 -3.780001 7EA831 0.63
3.15 11.34 -3.15 7EA831 0.63
3.15 11.34 -2.52 7EA831 0.63
3.15 11.34 -1.89 7EA831 0.63
3.15 11.34 -1.26 7EA831 0.63
3.15 11.34 -0.6300001 7EA831 0.63
3.15 11.97 0 7EA831 0.63
3.15 11.97 0.6300001 7EA831 0.63
3.15 11.97 1.26 7EA831 0.63
3.15 11.97 1.89 7EA831 0.63
3.15 11.97 2.52 7EA831 0.63
3.15 11.97 3.15 7EA831 0.63
3.15 11.97 3.78 7EA831 0.63
3.15 11.97 4.41 7EA831 0.63
3.15 11.97 5.04 7EA831 0.63
3.15 12.6 5.67 BDE74A 0.63
3.15 13.23 6.299999 BDE74A 0.63
3.15 13.23 6.93 7EA831 0.63
3.15 13.23 7.559999 7EA831 0.63
3.15 14.49 8.190001 7EA831 0.63
3.15 14.49 8.82 7EA831 0.63
3.15 12.6 -7.56 BDE74A 0.63
3.15 13.86 -9.450001 BDE74A 0.63
3.15 13.86 7.559999 BDE74A 0.63
3.15 14.49 -8.82 BDE74A 0.63
3.15 15.12 -8.82 AAD842 0.63
3.15 15.12 9.450001 BDE74A 0.63
3.15 15.75 -7.56 AAD842 0.63
3.15 15.75 -8.190001 AAD842 0.63
3.15 15.75 8.82 AAD842 0.63
3.15 16.38 -7.56 AAD842 0.63
3.15 16.38 -8.190001 AAD842 0.63
3.15 16.38 8.82 AAD842 0.63
3.15 17.01 -7.56 AAD842 0.63
3.15 17.01 8.190001 AAD842 0.63
3.15 17.64 -6.930001 AAD842 0.63
3.15 17.64 8.190001 AAD842 0.63
3.15 18.27 -6.930001 AAD842 0.63
3.15 18.27 7.559999 AAD842 0.63
3.15 18.9 -6.930001 AAD842 0.63
3.15 18.9 7.559999 AAD842 0.63
3.15 19.53 -6.930001 AAD842 0.63
3.15 19.53 7.559999 AAD842 0.63
3.15 20.16 -6.3 AAD842 0.63
3.15 20.16 6.93 AAD842 0.63
3.15 20.79 -6.3 BDE74A 0.63
3.15 20.79 6.93 AAD842 0.63
3.15 21.42 -5.04 BDE74A 0.63
3.15 21.42 -5.67 C6EF52 0.63
3.15 21.42 6.299999 AAD842 0.63
3.15 22.05 -0.6300001 AAD842 0.63
3.15 21.42 -4.41 AAD842 0.63
3.15 22.05 -3.780001 AAD842 0.63
3.15 22.05 -3.15 AAD842 0.63
3.15 22.05 -2.52 AAD842 0.63
3.15 22.05 -1.89 AAD842 0.63
3.15 22.05 -1.26 AAD842 0.63
3.15 22.05 6.299999 BDE74A 0.63
3.15 22.05 0 AAD842 0.63
3.15 22.05 0.6300001 AAD842 0.63
3.15 22.05 1.26 AAD842 0.63
3.15 22.05 1.89 AAD842 0.63
2.52 22.68 1.89 AAD842 0.63
3.15 22.05 2.52 AAD842 0.63
3.15 22.68 2.52 AAD842 0.63
3.15 22.68 3.15 AAD842 0.63
3.15 22.68 3.78 AAD842 0.63
3.15 22.68 4.41 AAD842 0.63
3.15 22.68 5.04 BDE74A 0.63
3.15 22.05 5.67 C6EF52 0.63
3.78 13.23 -8.190001 7EA831 0.63
3.78 11.97 -7.56 7EA831 0.63
3.78 11.97 -6.930001 7EA831 0.63
3.78 11.97 -6.3 BDE74A 0.63
3.78 11.97 -5.67 AAD842 0.63
3.78 11.97 -5.04 AAD842 0.63
3.78 11.97 -4.41 AAD842 0.63
3.78 11.97 -3.780001 AAD842 0.63
3.78 11.97 -3.15 AAD842 0.63
3.78 11.97 -2.52 AAD842 0.63
3.78 11.97 -1.89 AAD842 0.63
3.78 11.97 -1.26 AAD842 0.63
3.78 11.97 -0.6300001 AAD842 0.63
3.78 11.97 0 AAD842 0.63
3.78 11.97 0.6300001 AAD842 0.63
3.78 11.97 1.26 AAD842 0.63
3.78 11.97 1.89 AAD842 0.63
3.78 11.97 2.52 AAD842 0.63
3.78 12.6 3.15 AAD842 0.63
3.78 12.6 3.78 AAD842 0.63
3.78 12.6 4.41 AAD842 0.63
3.78 12.6 5.04 AAD842 0.63
3.78 12.6 5.67 AAD842 0.63
3.78 13.23 6.299999 BDE74A 0.63
3.78 13.23 6.93 7EA831 0.63
3.78 13.23 7.559999 7EA831 0.63
3.78 11.34 -5.04 AAD842 0.63
3.78 11.97 3.15 AAD842 0.63
3.78 12.6 -7.56 BDE74A 0.63
3.78 13.86 -7.56 AAD842 0.63
3.78 13.86 -8.82 AAD842 0.63
3.78 13.86 -8.190001 AAD842 0.63
3.78 13.86 7.559999 BDE74A 0.63
3.78 14.49 -7.56 AAD842 0.63
3.78 14.49 -8.190001 AAD842 0.63
3.78 14.49 8.190001 AAD842 0.63
3.78 15.12 -7.56 AAD842 0.63
3.15 15.12 -8.190001 AAD842 0.63
3.78 15.12 8.190001 AAD842 0.63
3.78 15.12 7.559999 AAD842 0.63
3.15 15.12 8.82 AAD842 0.63
3.78 15.75 -7.56 BDE74A 0.63
3.78 15.75 7.559999 AAD842 0.63
3.78 15.75 8.190001 AAD842 0.63
3.78 16.38 -6.930001 BDE74A 0.63
3.78 16.38 7.559999 AAD842 0.63
3.15 16.38 8.190001 AAD842 0.63
3.78 17.01 -6.930001 BDE74A 0.63
3.78 17.01 7.559999 AAD842 0.63
3.78 17.01 6.93 BDE74A 0.63
3.78 17.64 -6.930001 BDE74A 0.63
3.15 17.64 7.559999 AAD842 0.63
3.78 17.64 6.93 BDE74A 0.63
3.78 18.27 -6.930001 BDE74A 0.63
3.78 18.27 6.93 BDE74A 0.63
3.78 18.9 -6.3 BDE74A 0.63
3.15 18.9 6.93 AAD842 0.63
3.78 18.9 6.93 BDE74A 0.63
3.78 19.53 -6.3 BDE74A 0.63
3.15 19.53 6.93 AAD842 0.63
3.78 19.53 6.93 BDE74A 0.63
3.78 20.16 -6.3 BDE74A 0.63
3.78 20.16 6.299999 BDE74A 0.63
3.78 20.79 -6.3 BDE74A 0.63
3.78 20.79 6.299999 BDE74A 0.63
3.78 21.42 -4.41 C6EF52 0.63
3.78 21.42 -5.67 C6EF52 0.63
3.78 21.42 -5.04 C6EF52 0.63
3.78 21.42 6.299999 BDE74A 0.63
3.78 22.05 3.15 C6EF52 0.63
3.78 21.42 -3.780001 C6EF52 0.63
3.78 21.42 -3.15 C6EF52 0.63
3.78 21.42 -2.52 C6EF52 0.63
3.78 21.42 -1.89 C6EF52 0.63
3.78 21.42 -1.26 C6EF52 0.63
3.78 21.42 -0.6300001 C6EF52 0.63
3.78 22.05 0 C6EF52 0.63
3.78 22.05 0.6300001 C6EF52 0.63
3.78 22.05 1.26 C6EF52 0.63
3.78 22.05 1.89 C6EF52 0.63
3.78 22.05 2.52 C6EF52 0.63
3.78 22.05 6.299999 BDE74A 0.63
3.78 22.05 3.78 C6EF52 0.63
3.78 22.05 4.41 C6EF52 0.63
3.78 22.05 5.04 C6EF52 0.63
3.78 22.05 5.67 C6EF52 0.63
4.41 11.97 -7.56 7EA831 0.63
4.41 11.97 -6.930001 7EA831 0.63
4.41 11.97 -6.3 7EA831 0.63
4.41 12.6 -5.67 7EA831 0.63
4.41 12.6 -5.04 7EA831 0.63
4.41 12.6 -4.41 7EA831 0.63
4.41 12.6 -3.780001 7EA831 0.63
4.41 12.6 -3.15 7EA831 0.63
4.41 12.6 -2.52 7EA831 0.63
4.41 12.6 -1.89 7EA831 0.63
4.41 12.6 -1.26 7EA831 0.63
4.41 12.6 -0.6300001 7EA831 0.63
4.41 12.6 0 7EA831 0.63
4.41 12.6 0.6300001 7EA831 0.63
4.41 12.6 1.26 7EA831 0.63
4.41 12.6 1.89 7EA831 0.63
4.41 12.6 2.52 7EA831 0.63
4.41 12.6 3.15 7EA831 0.63
4.41 13.23 3.78 7EA831 0.63
4.41 13.23 4.41 7EA831 0.63
4.41 13.23 5.04 7EA831 0.63
4.41 13.23 5.67 7EA831 0.63
4.41 13.23 6.299999 7EA831 0.63
4.41 13.23 6.93 7EA831 0.63
4.41 13.23 7.559999 7EA831 0.63
4.41 12.6 -7.56 BDE74A 0.63
3.78 12.6 0.6300001 AAD842 0.63
3.78 12.6 1.26 AAD842 0.63
3.78 12.6 1.89 AAD842 0.63
3.78 12.6 2.52 AAD842 0.63
4.41 13.23 -7.56 BDE74A 0.63
4.41 13.86 -7.56 BDE74A 0.63
4.41 13.86 7.559999 BDE74A 0.63
4.41 14.49 -7.56 BDE74A 0.63
4.41 14.49 7.559999 BDE74A 0.63
3.78 14.49 7.559999 BDE74A 0.63
4.41 15.12 -6.930001 BDE74A 0.63
4.41 15.12 7.559999 BDE74A 0.63
4.41 15.75 -6.930001 BDE74A 0.63
4.41 15.75 7.559999 BDE74A 0.63
4.41 16.38 -6.930001 BDE74A 0.63
4.41 16.38 6.93 BDE74A 0.63
4.41 17.01 -6.3 AAD842 0.63
4.41 17.01 6.93 BDE74A 0.63
4.41 17.64 -5.67 AAD842 0.63
4.41 17.64 -6.3 AAD842 0.63
4.41 17.64 6.93 BDE74A 0.63
4.41 18.27 -5.04 AAD842 0.63
4.41 18.27 -6.3 AAD842 0.63
4.41 18.27 -5.67 AAD842 0.63
4.41 18.27 6.299999 AAD842 0.63
4.41 18.9 -4.41 AAD842 0.63
4.41 18.9 -6.3 AAD842 0.63
4.41 18.9 -5.67 AAD842 0.63
4.41 18.9 -5.04 AAD842 0.63
4.41 18.9 5.67 AAD842 0.63
4.41 18.9 6.299999 AAD842 0.63
4.41 19.53 -4.41 BDE74A 0.63
4.41 19.53 -6.3 AAD842 0.63
4.41 19.53 -5.67 AAD842 0.63
4.41 19.53 -5.04 AAD842 0.63
4.41 19.53 5.04 AAD842 0.63
4.41 19.53 5.67 AAD842 0.63
4.41 19.53 6.299999 AAD842 0.63
4.41 20.16 -1.89 C6EF52 0.63
4.41 20.16 -5.67 AAD842 0.63
4.41 20.16 -5.04 AAD842 0.63
4.41 20.16 -4.41 AAD842 0.63
4.41 20.16 -3.780001 C6EF52 0.63
4.41 20.16 -3.15 C6EF52 0.63
4.41 20.16 -2.52 C6EF52 0.63
4.41 20.16 4.41 AAD842 0.63
4.41 20.16 5.04 AAD842 0.63
4.41 20.16 5.67 AAD842 0.63
4.41 20.16 6.299999 AAD842 0.63
3.78 20.79 -5.67 AAD842 0.63
4.41 20.79 -5.04 AAD842 0.63
4.41 20.79 -4.41 AAD842 0.63
4.41 20.79 -3.780001 AAD842 0.63
4.41 20.79 -3.15 AAD842 0.63
4.41 20.79 -2.52 AAD842 0.63
4.41 20.79 -1.89 AAD842 0.63
4.41 20.16 -1.26 C6EF52 0.63
4.41 20.79 -1.26 AAD842 0.63
4.41 20.16 -0.6300001 C6EF52 0.63
4.41 20.79 -0.6300001 AAD842 0.63
4.41 20.16 0 C6EF52 0.63
4.41 20.79 0 AAD842 0.63
4.41 20.16 0.6300001 C6EF52 0.63
4.41 20.79 0.6300001 AAD842 0.63
4.41 20.16 1.26 C6EF52 0.63
4.41 20.79 1.26 AAD842 0.63
4.41 20.79 1.89 C6EF52 0.63
4.41 20.79 2.52 C6EF52 0.63
4.41 20.79 3.15 C6EF52 0.63
4.41 20.79 3.78 C6EF52 0.63
4.41 20.79 4.41 AAD842 0.63
4.41 20.79 5.04 AAD842 0.63
4.41 20.79 5.67 AAD842 0.63
4.41 20.79 6.299999 AAD842 0.63
3.78 21.42 0 AAD842 0.63
3.78 21.42 0.6300001 AAD842 0.63
3.78 21.42 1.26 AAD842 0.63
3.78 21.42 1.89 AAD842 0.63
4.41 21.42 2.52 AAD842 0.63
4.41 21.42 3.15 AAD842 0.63
4.41 21.42 3.78 AAD842 0.63
4.41 21.42 4.41 AAD842 0.63
4.41 21.42 5.04 AAD842 0.63
3.78 21.42 5.67 AAD842 0.63
5.04 13.23 -6.3 7EA831 0.63
5.04 13.23 -5.67 7EA831 0.63
5.04 13.23 -5.04 7EA831 0.63
5.04 13.23 -4.41 7EA831 0.63
5.04 13.86 -3.780001 7EA831 0.63
5.04 13.86 -3.15 7EA831 0.63
5.04 13.86 -2.52 7EA831 0.63
5.04 13.86 -1.89 7EA831 0.63
5.04 13.86 -1.26 7EA831 0.63
5.04 13.86 -0.6300001 7EA831 0.63
5.04 13.86 0 7EA831 0.63
5.04 13.86 0.6300001 7EA831 0.63
5.04 13.86 1.26 7EA831 0.63
5.04 13.86 1.89 7EA831 0.63
5.04 13.86 2.52 7EA831 0.63
5.04 13.86 3.15 7EA831 0.63
5.04 13.86 3.78 7EA831 0.63
5.04 14.49 4.41 7EA831 0.63
5.04 14.49 5.04 7EA831 0.63
5.04 14.49 5.67 7EA831 0.63
5.04 12.6 -7.56 AAD842 0.63
5.04 12.6 -6.930001 AAD842 0.63
5.04 12.6 -6.3 AAD842 0.63
5.04 12.6 -5.67 AAD842 0.63
5.04 12.6 -5.04 AAD842 0.63
5.04 12.6 -4.41 AAD842 0.63
5.04 12.6 -3.780001 AAD842 0.63
5.04 12.6 -3.15 AAD842 0.63
5.04 12.6 -2.52 AAD842 0.63
5.04 13.23 -6.930001 AAD842 0.63
5.04 13.23 -3.780001 AAD842 0.63
5.04 13.23 -3.15 AAD842 0.63
5.04 13.23 -2.52 AAD842 0.63
5.04 13.23 -1.89 AAD842 0.63
5.04 13.23 -1.26 AAD842 0.63
5.04 13.23 -0.6300001 AAD842 0.63
5.04 13.23 0 AAD842 0.63
5.04 13.23 0.6300001 AAD842 0.63
5.04 13.23 1.26 AAD842 0.63
5.04 13.23 1.89 AAD842 0.63
5.04 13.23 2.52 AAD842 0.63
5.04 13.23 3.15 AAD842 0.63
5.04 13.23 3.78 AAD842 0.63
5.04 13.23 4.41 AAD842 0.63
5.04 13.23 5.04 AAD842 0.63
5.04 13.23 5.67 AAD842 0.63
5.04 13.23 6.299999 AAD842 0.63
5.04 13.23 6.93 7EA831 0.63
5.04 13.86 -6.3 BDE74A 0.63
5.04 13.86 -6.930001 AAD842 0.63
5.04 13.86 4.41 AAD842 0.63
5.04 13.86 5.04 AAD842 0.63
5.04 13.86 5.67 AAD842 0.63
5.04 13.86 6.299999 AAD842 0.63
5.04 13.86 6.93 AAD842 0.63
5.04 13.86 7.559999 AAD842 0.63
5.04 14.49 -5.67 BDE74A 0.63
4.41 14.49 -6.930001 AAD842 0.63
4.41 14.49 -6.3 AAD842 0.63
5.04 14.49 6.299999 AAD842 0.63
5.04 14.49 6.93 AAD842 0.63
5.04 15.12 -5.67 BDE74A 0.63
4.41 15.12 -6.3 AAD842 0.63
5.04 15.12 5.67 BDE74A 0.63
5.04 15.12 6.299999 AAD842 0.63
5.04 15.12 6.93 AAD842 0.63
5.04 15.75 -5.67 BDE74A 0.63
4.41 15.75 -6.3 AAD842 0.63
4.41 15.75 -5.67 AAD842 0.63
5.04 15.75 5.67 AAD842 0.63
5.04 15.75 5.04 BDE74A 0.63
5.04 15.75 6.299999 AAD842 0.63
4.41 15.75 6.93 AAD842 0.63
5.04 16.38 -5.04 BDE74A 0.63
4.41 16.38 -6.3 AAD842 0.63
4.41 16.38 -5.67 AAD842 0.63
4.41 16.38 5.67 AAD842 0.63
5.04 16.38 5.04 BDE74A 0.63
4.41 16.38 6.299999 AAD842 0.63
5.04 17.01 -5.04 BDE74A 0.63
4.41 17.01 -5.67 AAD842 0.63
5.04 17.01 5.04 BDE74A 0.63
4.41 17.01 5.67 AAD842 0.63
4.41 17.01 6.299999 AAD842 0.63
5.04 17.64 -4.41 BDE74A 0.63
4.41 17.64 -5.04 AAD842 0.63
4.41 17.64 5.04 AAD842 0.63
5.04 17.64 4.41 BDE74A 0.63
4.41 17.64 5.67 AAD842 0.63
4.41 17.64 6.299999 AAD842 0.63
5.04 18.27 -4.41 BDE74A 0.63
4.41 18.27 5.04 AAD842 0.63
5.04 18.27 4.41 BDE74A 0.63
4.41 18.27 5.67 AAD842 0.63
5.04 18.9 -4.41 BDE74A 0.63
5.04 18.9 4.41 BDE74A 0.63
4.41 18.9 5.04 AAD842 0.63
5.04 19.53 -3.780001 BDE74A 0.63
4.41 19.53 4.41 AAD842 0.63
5.04 19.53 3.78 BDE74A 0.63
5.04 20.16 0 C6EF52 0.63
5.04 20.16 -3.15 C6EF52 0.63
5.04 20.16 -2.52 C6EF52 0.63
5.04 20.16 -1.89 C6EF52 0.63
5.04 20.16 -1.26 C6EF52 0.63
5.04 20.16 -0.6300001 C6EF52 0.63
5.04 20.16 3.78 BDE74A 0.63
5.04 20.16 0.6300001 C6EF52 0.63
5.04 20.16 1.26 C6EF52 0.63
5.04 20.16 1.89 C6EF52 0.63
5.04 20.16 2.52 C6EF52 0.63
5.04 20.16 3.15 C6EF52 0.63
5.67 13.86 -5.67 7EA831 0.63
5.67 13.86 -5.04 7EA831 0.63
5.67 13.86 -4.41 7EA831 0.63
5.67 13.86 -3.780001 7EA831 0.63
5.67 13.86 -3.15 7EA831 0.63
5.67 13.86 -2.52 7EA831 0.63
5.67 13.86 -1.89 7EA831 0.63
5.67 13.86 -1.26 7EA831 0.63
5.67 13.86 -0.6300001 7EA831 0.63
5.67 13.86 0 7EA831 0.63
5.67 14.49 0.6300001 7EA831 0.63
5.67 14.49 1.26 7EA831 0.63
5.67 14.49 1.89 7EA831 0.63
5.67 14.49 2.52 7EA831 0.63
5.67 14.49 3.15 7EA831 0.63
5.67 14.49 3.78 7EA831 0.63
5.67 14.49 4.41 7EA831 0.63
5.67 14.49 5.04 7EA831 0.63
5.67 14.49 -5.67 BDE74A 0.63
5.67 15.12 -5.67 BDE74A 0.63
5.67 15.12 5.04 BDE74A 0.63
5.67 15.75 -5.04 BDE74A 0.63
5.67 15.75 5.04 BDE74A 0.63
5.67 16.38 -5.04 BDE74A 0.63
5.67 16.38 5.04 BDE74A 0.63
5.67 17.01 -4.41 BDE74A 0.63
5.67 17.01 4.41 BDE74A 0.63
5.67 17.64 -4.41 BDE74A 0.63
5.67 17.64 4.41 BDE74A 0.63
5.67 18.27 -3.780001 BDE74A 0.63
5.67 18.27 3.78 BDE74A 0.63
5.67 18.9 -3.780001 BDE74A 0.63
5.67 18.9 3.78 BDE74A 0.63
5.67 19.53 -2.52 AAD842 0.63
5.67 19.53 -3.15 AAD842 0.63
5.67 19.53 3.78 BDE74A 0.63
5.67 19.53 -1.89 AAD842 0.63
5.67 19.53 -1.26 AAD842 0.63
5.67 19.53 -0.6300001 AAD842 0.63
5.67 19.53 0 AAD842 0.63
5.67 19.53 0.6300001 AAD842 0.63
5.67 20.16 1.26 AAD842 0.63
5.67 20.16 1.89 AAD842 0.63
5.67 20.16 2.52 AAD842 0.63
5.67 20.16 3.15 AAD842 0.63
6.3 13.86 -5.04 7EA831 0.63
6.3 13.86 -4.41 7EA831 0.63
6.3 13.86 -3.780001 7EA831 0.63
6.3 14.49 -3.15 7EA831 0.63
6.3 14.49 -2.52 7EA831 0.63
6.3 14.49 -1.89 7EA831 0.63
6.3 14.49 -1.26 7EA831 0.63
6.3 14.49 -0.6300001 7EA831 0.63
6.3 14.49 0 7EA831 0.63
6.3 14.49 0.6300001 7EA831 0.63
6.3 14.49 1.26 7EA831 0.63
6.3 14.49 1.89 7EA831 0.63
6.3 14.49 2.52 7EA831 0.63
6.3 14.49 3.15 7EA831 0.63
6.3 14.49 3.78 7EA831 0.63
6.3 14.49 4.41 7EA831 0.63
6.3 15.12 5.04 7EA831 0.63
6.3 14.49 -5.67 BDE74A 0.63
6.3 15.12 -5.04 BDE74A 0.63
6.3 15.75 -5.04 BDE74A 0.63
6.3 15.75 4.41 BDE74A 0.63
6.3 16.38 -1.26 AAD842 0.63
6.3 15.75 -4.41 AAD842 0.63
6.3 16.38 -4.41 AAD842 0.63
6.3 16.38 -3.780001 AAD842 0.63
6.3 16.38 -3.15 AAD842 0.63
6.3 16.38 -2.52 AAD842 0.63
6.3 16.38 -1.89 AAD842 0.63
6.3 16.38 4.41 BDE74A 0.63
6.3 17.01 4.41 AAD842 0.63
6.3 17.01 -3.780001 AAD842 0.63
6.3 17.01 -3.15 AAD842 0.63
6.3 17.01 -2.52 AAD842 0.63
6.3 17.01 -1.89 AAD842 0.63
6.3 17.01 -1.26 AAD842 0.63
6.3 16.38 -0.6300001 AAD842 0.63
6.3 17.01 -0.6300001 AAD842 0.63
6.3 16.38 0 AAD842 0.63
6.3 17.01 0 AAD842 0.63
6.3 16.38 0.6300001 AAD842 0.63
6.3 17.01 0.6300001 AAD842 0.63
6.3 16.38 1.26 AAD842 0.63
6.3 17.01 1.26 AAD842 0.63
6.3 17.01 1.89 AAD842 0.63
6.3 17.01 2.52 AAD842 0.63
6.3 17.01 3.15 AAD842 0.63
6.3 17.01 3.78 AAD842 0.63
6.3 17.64 -3.780001 AAD842 0.63
6.3 17.64 -3.15 AAD842 0.63
6.3 17.64 -2.52 AAD842 0.63
6.3 17.64 -1.89 AAD842 0.63
6.3 17.64 -1.26 AAD842 0.63
6.3 17.64 -0.6300001 AAD842 0.63
6.3 17.64 0 AAD842 0.63
6.3 17.64 0.6300001 AAD842 0.63
6.3 17.64 1.26 AAD842 0.63
6.3 17.64 1.89 AAD842 0.63
6.3 17.64 2.52 AAD842 0.63
6.3 17.64 3.15 AAD842 0.63
6.3 17.64 3.78 AAD842 0.63
5.67 18.27 -3.15 AAD842 0.63
5.67 18.27 -2.52 AAD842 0.63
5.67 18.27 -1.89 AAD842 0.63
5.67 18.27 -1.26 AAD842 0.63
5.67 18.27 -0.6300001 AAD842 0.63
5.67 18.27 0 AAD842 0.63
5.67 18.27 0.6300001 AAD842 0.63
5.67 18.27 1.26 AAD842 0.63
6.3 18.27 1.89 AAD842 0.63
6.3 18.27 2.52 AAD842 0.63
6.3 18.27 3.15 AAD842 0.63
6.3 18.27 3.78 AAD842 0.63
5.67 18.9 -3.15 AAD842 0.63
5.67 18.9 -2.52 AAD842 0.63
5.67 18.9 -1.89 AAD842 0.63
5.67 18.9 -1.26 AAD842 0.63
5.67 18.9 -0.6300001 AAD842 0.63
5.67 18.9 0 AAD842 0.63
5.67 18.9 0.6300001 AAD842 0.63
5.67 18.9 1.26 AAD842 0.63
5.67 18.9 1.89 AAD842 0.63
5.67 18.9 2.52 AAD842 0.63
5.67 18.9 3.15 AAD842 0.63
5.67 19.53 1.26 AAD842 0.63
5.67 19.53 1.89 AAD842 0.63
5.67 19.53 2.52 AAD842 0.63
5.67 19.53 3.15 AAD842 0.63
6.3 14.49 -5.04 AAD842 0.63
6.3 14.49 -4.41 AAD842 0.63
6.3 14.49 -3.780001 AAD842 0.63
6.93 14.49 -3.15 AAD842 0.63
6.93 14.49 -2.52 AAD842 0.63
6.93 14.49 -1.89 AAD842 0.63
6.3 15.12 -4.41 AAD842 0.63
6.3 15.12 -3.780001 AAD842 0.63
6.3 15.12 -3.15 AAD842 0.63
6.3 15.12 -2.52 AAD842 0.63
6.3 15.12 -1.89 AAD842 0.63
6.3 15.12 -1.26 AAD842 0.63
6.3 15.12 -0.6300001 AAD842 0.63
6.3 15.12 0 AAD842 0.63
6.3 15.12 0.6300001 AAD842 0.63
6.3 15.12 1.26 AAD842 0.63
6.93 15.12 1.89 AAD842 0.63
6.93 15.12 2.52 AAD842 0.63
6.93 15.12 3.15 AAD842 0.63
6.93 15.12 3.78 AAD842 0.63
6.93 15.12 4.41 AAD842 0.63
6.3 15.75 -3.780001 AAD842 0.63
6.3 15.75 -3.15 AAD842 0.63
6.3 15.75 -2.52 AAD842 0.63
6.3 15.75 -1.89 AAD842 0.63
6.3 15.75 -1.26 AAD842 0.63
6.3 15.75 -0.6300001 AAD842 0.63
6.3 15.75 0 AAD842 0.63
6.3 15.75 0.6300001 AAD842 0.63
6.3 15.75 1.26 AAD842 0.63
6.3 15.75 1.89 AAD842 0.63
6.3 15.75 2.52 AAD842 0.63
6.3 15.75 3.15 AAD842 0.63
6.3 15.75 3.78 AAD842 0.63
6.3 16.38 1.89 AAD842 0.63
6.3 16.38 2.52 AAD842 0.63
6.3 16.38 3.15 AAD842 0.63
6.3 16.38 3.78 AAD842 0.63
