5.880001 0.14 -2.04 BA826C 0.845
5.040001 0.14 -2.040001 FCD09D 0.845
4.200001 0.14 -2.040001 FFD4A2 0.845
3.360001 0.14 -2.04 FFD5A4 0.845
2.520001 0.14 -2.040001 FFD5A5 0.845
1.680001 0.14 -2.04 FFD7A8 0.845
0.8400006 0.14 -2.040001 FACF9D 0.845
4.768372E-07 0.14 -2.040001 ECBD8A 0.845
-0.8399996 0.14 -2.040001 C2D3E6 0.845
-1.68 0.14 -2.040001 BDCFE3 0.845
-2.52 0.14 -2.040001 B9CADF 0.845
-3.36 0.14 -2.040001 BCCDE1 0.845
-4.2 0.14 -2.040001 B7C9DD 0.845
-5.04 0.14 -2.040001 98A9C3 0.845
-5.88 0.14 -2.040001 9597A8 0.845
-6.72 0.14 -2.040002 A0A4B4 0.845
-7.56 0.14 -2.040002 96A5BF 0.845
-8.400002 0.14 -2.040002 A9BCD3 0.845
7.560001 0.98 -2.039999 CD9071 0.845
6.720001 0.98 -2.039999 282E45 0.845
5.880001 0.98 -2.04 C1866C 0.845
5.040001 0.98 -2.040001 FFDAB1 0.845
4.200001 0.98 -2.040001 FFDAAF 0.845
3.360001 0.98 -2.04 FFDAB1 0.845
2.520001 0.98 -2.040001 FFDBB1 0.845
1.680001 0.98 -2.04 FFD9AE 0.845
0.8400006 0.98 -2.040001 FFD9AC 0.845
4.768372E-07 0.98 -2.040001 FFD7A9 0.845
-0.8399996 0.98 -2.040001 ACBBD2 0.845
-1.68 0.98 -2.040001 7C86A3 0.845
-2.52 0.98 -2.040001 7B86A2 0.845
-3.36 0.98 -2.040001 7D89A5 0.845
-4.2 0.98 -2.040001 8994AE 0.845
-5.04 0.98 -2.040001 ABBCD4 0.845
-5.88 0.98 -2.040001 AAAFBD 0.845
-6.72 0.98 -2.040002 222A41 0.845
-7.56 0.98 -2.040002 AABAD1 0.845
-8.400002 0.98 -2.040002 B9C9DD 0.845
7.560001 1.82 -2.039999 C88A6E 0.845
6.720001 1.82 -2.039999 232B42 0.845
5.880001 1.82 -2.04 BC8169 0.845
5.040001 1.82 -2.040001 FDD3A1 0.845
4.200001 1.82 -1.200001 232940 0.845
3.360001 1.82 -1.2 232940 0.845
2.520001 1.82 -1.200001 222940 0.845
1.680001 1.82 -1.2 222940 0.845
0.8400006 1.82 -2.040001 897F8A 0.845
4.768372E-07 1.82 -2.040001 FFD9AC 0.845
-0.8399996 1.82 -2.880001 7E81A0 0.845
-1.68 1.82 -2.040001 282F46 0.845
-2.52 1.82 -2.040001 232A41 0.845
-3.36 1.82 -2.040001 232B42 0.845
-4.2 1.82 -2.040001 272B44 0.845
-5.04 1.82 -2.040001 ACBBD1 0.845
-5.88 1.82 -2.040001 A8ACBB 0.845
-6.72 1.82 -2.040002 242B42 0.845
-7.56 1.82 -2.040002 A8B8CE 0.845
-8.400002 1.82 -2.040002 BACBDE 0.845
7.560001 2.66 -2.039999 B97D66 0.845
6.720001 2.66 -2.039999 272C43 0.845
5.880001 2.66 -2.04 A97262 0.845
5.040001 2.66 -2.040001 FBD19E 0.845
4.200001 2.66 -1.200001 23283F 0.845
3.360001 2.66 -1.2 21263C 0.845
2.520001 2.66 -1.200001 20273E 0.845
1.680001 2.66 -1.2 20273D 0.845
0.8400006 2.66 -2.040001 7B717F 0.845
4.768372E-07 2.66 -2.040001 FED5A4 0.845
-0.8399996 2.66 -2.880001 7A7E9C 0.845
-1.68 2.66 -2.040001 2A3048 0.845
-2.52 2.66 -2.040001 212940 0.845
-3.36 2.66 -2.040001 212941 0.845
-4.2 2.66 -2.040001 262A42 0.845
-5.04 2.66 -2.040001 ACBBD1 0.845
-5.88 2.66 -2.040001 999CAD 0.845
-6.72 2.66 -2.040002 292E45 0.845
-7.56 2.66 -2.040002 ABBAD1 0.845
-8.400002 2.66 -2.040002 B7C7DA 0.845
7.560001 3.5 -2.039999 F2C796 0.845
6.720001 3.5 -2.039999 F0C494 0.845
5.880001 3.5 -2.04 EFC596 0.845
5.040001 3.5 -2.040001 F2C695 0.845
4.200001 3.5 -2.040001 F0C697 0.845
3.360001 3.5 -2.04 F0C696 0.845
2.520001 3.5 -2.040001 F0C595 0.845
1.680001 3.5 -2.04 F1C798 0.845
0.8400006 3.5 -2.040001 F1C797 0.845
4.768372E-07 3.5 -2.040001 EEC394 0.845
-0.8399996 3.5 -2.040001 B8C9DD 0.845
-1.68 3.5 -2.040001 B7C7DC 0.845
-2.52 3.5 -2.040001 B5C5D9 0.845
-3.36 3.5 -2.040001 B6C6DA 0.845
-4.2 3.5 -2.040001 B8C8DB 0.845
-5.04 3.5 -2.040001 B8C8DD 0.845
-5.88 3.5 -2.040001 B6C7DB 0.845
-6.72 3.5 -2.040002 B6C7DD 0.845
-7.56 3.5 -2.040002 BACADE 0.845
-8.400002 3.5 -2.040002 B5C5DA 0.845
7.560001 4.340001 -2.039999 BCC1CE 0.845
6.720001 4.340001 -2.039999 BCC2CE 0.845
5.880001 4.340001 -2.04 BBC0CC 0.845
5.040001 4.340001 -2.040001 BABFCC 0.845
4.200001 4.340001 -2.040001 BCC1CD 0.845
3.360001 4.340001 -2.04 BCC1CE 0.845
2.520001 4.340001 -2.040001 B9BFCC 0.845
1.680001 4.340001 -2.04 BAC0CE 0.845
0.8400006 4.340001 -2.040001 BABFCB 0.845
4.768372E-07 4.340001 -2.040001 B3B9C7 0.845
-0.8399996 4.340001 -2.040001 B0C0D5 0.845
-1.68 4.340001 -2.040001 B6C5D9 0.845
-2.52 4.340001 -2.040001 B6C6DA 0.845
-3.36 4.340001 -2.040001 B5C5D8 0.845
-4.2 4.340001 -2.040001 B5C5D9 0.845
-5.04 4.340001 -2.040001 B4C4D9 0.845
-5.88 4.340001 -2.040001 B5C4D8 0.845
-6.72 4.340001 -2.040002 B5C5D9 0.845
-7.56 4.340001 -2.040002 B3C3D7 0.845
-8.400002 4.340001 -2.040002 A7B7CD 0.845
7.560001 5.18 -2.039999 ADB0BE 0.845
6.720001 5.18 -2.039999 A9ACBA 0.845
5.880001 5.18 -2.04 ABAEBC 0.845
5.040001 5.18 -2.040001 ACB0BD 0.845
4.200001 5.18 -2.040001 AFB3C1 0.845
3.360001 5.18 -2.04 ADB0BE 0.845
2.520001 5.18 -2.040001 A9ACBA 0.845
1.680001 5.18 -2.04 A9ADBB 0.845
0.8400006 5.18 -2.040001 ACAFBD 0.845
4.768372E-07 5.18 -2.040001 E7E1DC 0.845
-0.8399996 5.18 -2.040001 E8E2DD 0.845
-1.68 5.18 -2.040001 E6E1DC 0.845
-2.52 5.18 -2.040001 E6E0DC 0.845
-3.36 5.18 -2.040001 E8E2DE 0.845
-4.2 5.18 -2.040001 E9E3DE 0.845
-5.04 5.18 -2.040001 EAE4DF 0.845
-5.88 5.18 -2.040001 E6E1DC 0.845
-6.72 5.18 -2.040002 E8E2DD 0.845
-7.56 5.18 -2.040002 E8E2DE 0.845
-8.400002 5.18 -2.040002 E7E2DD 0.845
8.400002 6.02 -0.3599997 A29AA2 0.845
7.560001 6.02 -2.88 CBC6C6 0.845
6.720001 6.02 -2.88 EAE4DF 0.845
5.880001 6.02 -2.88 EBE5E0 0.845
5.040001 6.02 -2.88 E1DAD6 0.845
4.200001 6.02 -2.040001 AAADBB 0.845
3.360001 6.02 -2.88 DAD4CF 0.845
2.520001 6.02 -2.88 EBE5E0 0.845
1.680001 6.02 -2.88 E6E0DB 0.845
0.8400006 6.02 -2.880001 E0D9D4 0.845
4.768372E-07 6.02 -2.040001 ABAFBD 0.845
-0.8399996 6.02 -2.880001 81798F 0.845
-1.68 6.02 -2.880001 6A6585 0.845
-2.52 6.02 -2.880001 696484 0.845
-3.36 6.02 -2.880001 776F84 0.845
-4.2 6.02 -2.040001 C7BFBD 0.845
-5.04 6.02 -2.880001 79728A 0.845
-5.88 6.02 -2.880001 6E6989 0.845
-6.72 6.02 -2.880002 6C6787 0.845
-7.56 6.02 -2.880002 696484 0.845
-8.400002 6.02 -2.040002 C8C0BE 0.845
8.400002 6.86 -0.3599997 A5A1AA 0.845
7.560001 6.86 -2.88 D0CCCD 0.845
6.720001 6.86 -2.039999 252C43 0.845
5.880001 6.86 -2.04 252C44 0.845
5.040001 6.86 -2.88 E5DFDA 0.845
4.200001 6.86 -2.040001 ACAFBD 0.845
3.360001 6.86 -2.88 E6E0DB 0.845
2.520001 6.86 -2.040001 222A41 0.845
1.680001 6.86 -2.04 212940 0.845
0.8400006 6.86 -2.880001 E9E3DE 0.845
4.768372E-07 6.86 -2.040001 A8ACBA 0.845
-0.8399996 6.86 -2.880001 7D768C 0.845
-1.68 6.86 -2.040001 22283E 0.845
-2.52 6.86 -2.040001 20243B 0.845
-3.36 6.86 -2.880001 7F778B 0.845
-4.2 6.86 -2.040001 C4BCBB 0.845
-5.04 6.86 -2.880001 827A8E 0.845
-5.88 6.86 -2.040001 252B42 0.845
-6.72 6.86 -2.040002 252B42 0.845
-7.56 6.86 -2.880002 686383 0.845
-8.400002 6.86 -2.040002 C8C1BF 0.845
8.400002 7.700001 -0.3599997 A4A1AB 0.845
7.560001 7.700001 -2.88 CFCBCC 0.845
6.720001 7.700001 -2.039999 21273E 0.845
5.880001 7.700001 -2.04 20263D 0.845
5.040001 7.700001 -2.88 E9E3DE 0.845
4.200001 7.700001 -2.040001 ACAFBD 0.845
3.360001 7.700001 -2.88 E6E0DB 0.845
2.520001 7.700001 -2.040001 20253B 0.845
1.680001 7.700001 -2.04 20253B 0.845
0.8400006 7.700001 -2.880001 E8E2DD 0.845
4.768372E-07 7.700001 -2.040001 ACAFBD 0.845
-0.8399996 7.700001 -2.880001 7D758B 0.845
-1.68 7.700001 -2.040001 242B43 0.845
-2.52 7.700001 -2.040001 222A42 0.845
-3.36 7.700001 -2.880001 827A8F 0.845
-4.2 7.700001 -2.040001 C3BBBA 0.845
-5.04 7.700001 -2.880001 80788E 0.845
-5.88 7.700001 -2.040001 222941 0.845
-6.72 7.700001 -2.040002 20283F 0.845
-7.56 7.700001 -2.880002 686383 0.845
-8.400002 7.700001 -2.040002 C8C0BE 0.845
8.400002 8.540001 -0.3599997 A7A2AA 0.845
7.560001 8.540001 -2.88 D6D1D0 0.845
6.720001 8.540001 -2.039999 242B42 0.845
5.880001 8.540001 -2.04 232A41 0.845
5.040001 8.540001 -2.88 E5DFDA 0.845
4.200001 8.540001 -2.040001 ABAFBD 0.845
3.360001 8.540001 -2.88 E6E0DB 0.845
2.520001 8.540001 -2.040001 222940 0.845
1.680001 8.540001 -2.04 21283F 0.845
0.8400006 8.540001 -2.880001 E7E2DD 0.845
4.768372E-07 8.540001 -2.040001 A9ACBA 0.845
-0.8399996 8.540001 -2.880001 81798D 0.845
-1.68 8.540001 -2.040001 20273E 0.845
-2.52 8.540001 -2.040001 20283F 0.845
-3.36 8.540001 -2.880001 837C8F 0.845
-4.2 8.540001 -2.040001 C5BDBD 0.845
-5.04 8.540001 -2.880001 7F788D 0.845
-5.88 8.540001 -2.040001 20283F 0.845
-6.72 8.540001 -2.040002 21283F 0.845
-7.56 8.540001 -2.880002 696484 0.845
-8.400002 8.540001 -2.040002 C8C0BE 0.845
7.560001 9.380001 -2.039999 B7BCC9 0.845
6.720001 9.380001 -2.039999 BBC1CE 0.845
5.880001 9.380001 -2.04 BABFCC 0.845
5.040001 9.380001 -2.040001 B8BDCA 0.845
4.200001 9.380001 -2.040001 B0B5C2 0.845
3.360001 9.380001 -2.04 B8BECB 0.845
2.520001 9.380001 -2.040001 B9BECB 0.845
1.680001 9.380001 -2.04 BBC1CD 0.845
0.8400006 9.380001 -2.040001 B7BCC8 0.845
4.768372E-07 9.380001 -2.040001 AFB3C1 0.845
-0.8399996 9.380001 -2.040001 BDB5B7 0.845
-1.68 9.380001 -2.040001 988E99 0.845
-2.52 9.380001 -2.040001 998F97 0.845
-3.36 9.380001 -2.040001 BBB3B6 0.845
-4.2 9.380001 -2.040001 CAC3C1 0.845
-5.04 9.380001 -2.040001 B9B1B3 0.845
-5.88 9.380001 -2.040001 998E99 0.845
-6.72 9.380001 -2.040002 9A909A 0.845
-7.56 9.380001 -2.040002 BDB5B8 0.845
-8.400002 9.380001 -2.040002 CBC3C2 0.845
7.560001 10.22 -2.039999 ADB0BE 0.845
6.720001 10.22 -2.039999 AAAEBB 0.845
5.880001 10.22 -2.04 ABAEBC 0.845
5.040001 10.22 -2.040001 ABAEBC 0.845
4.200001 10.22 -2.040001 AEB1BF 0.845
3.360001 10.22 -2.04 ADB1BE 0.845
2.520001 10.22 -2.040001 A9ACBA 0.845
1.680001 10.22 -2.04 AAAEBC 0.845
0.8400006 10.22 -2.040001 ACB0BD 0.845
4.768372E-07 10.22 -2.040001 ADB1BE 0.845
-0.8399996 10.22 -2.040001 C8C1BF 0.845
-1.68 10.22 -2.040001 C3BBBA 0.845
-2.52 10.22 -2.040001 C1B9B9 0.845
-3.36 10.22 -2.040001 C6BFBE 0.845
-4.2 10.22 -2.040001 C8C1BF 0.845
-5.04 10.22 -2.040001 C7BFBE 0.845
-5.88 10.22 -2.040001 C2BABA 0.845
-6.72 10.22 -2.040002 C4BCBB 0.845
-7.56 10.22 -2.040002 C8C0BE 0.845
-8.400002 10.22 -2.040002 CAC3C1 0.845
8.400002 11.06 -0.3599997 B0ADB5 0.845
7.560001 11.06 -2.88 CBC6C6 0.845
6.720001 11.06 -2.88 E8E2DD 0.845
5.880001 11.06 -2.88 E7E2DD 0.845
5.040001 11.06 -2.88 CCC9CC 0.845
4.200001 11.06 -2.040001 AAADBB 0.845
3.360001 11.06 -2.88 CDC8CA 0.845
2.520001 11.06 -2.88 E7E2DD 0.845
1.680001 11.06 -2.88 EAE4DF 0.845
0.8400006 11.06 -2.880001 E4DED9 0.845
4.768372E-07 11.06 -2.040001 A8ABBA 0.845
-0.8399996 11.06 -2.880001 726A81 0.845
-1.68 11.06 -2.880001 696484 0.845
-2.52 11.06 -2.880001 696484 0.845
-3.36 11.06 -2.880001 656080 0.845
-4.2 11.06 -2.040001 C5BDBC 0.845
-5.04 11.06 -2.880001 7A7286 0.845
-5.88 11.06 -2.880001 696484 0.845
-6.72 11.06 -2.880002 6A6586 0.845
-7.56 11.06 -2.880002 706B8A 0.845
-8.400002 11.06 -2.040002 C9C1BF 0.845
8.400002 11.9 -0.3599997 A5A0A8 0.845
7.560001 11.9 -2.88 D1CDCE 0.845
6.720001 11.9 -2.039999 252D44 0.845
5.880001 11.9 -2.04 262D44 0.845
5.040001 11.9 -2.88 CDC9CA 0.845
4.200001 11.9 -2.040001 AAADBB 0.845
3.360001 11.9 -2.88 CECACB 0.845
2.520001 11.9 -2.040001 202940 0.845
1.680001 11.9 -2.04 212940 0.845
0.8400006 11.9 -2.880001 E8E3DE 0.845
4.768372E-07 11.9 -2.040001 A9ADBB 0.845
-0.8399996 11.9 -2.880001 7E768B 0.845
-1.68 11.9 -2.040001 20253B 0.845
-2.52 11.9 -2.040001 20243B 0.845
-3.36 11.9 -2.880001 6A6585 0.845
-4.2 11.9 -2.040001 C3BBBB 0.845
-5.04 11.9 -2.880001 79738C 0.845
-5.88 11.9 -2.040001 20253C 0.845
-6.72 11.9 -2.040002 20243A 0.845
-7.56 11.9 -2.880002 6C6787 0.845
-8.400002 11.9 -2.040002 C8C0BE 0.845
8.400002 12.74 -0.3599997 A8A4AD 0.845
7.560001 12.74 -2.88 CFCBCD 0.845
6.720001 12.74 -2.039999 20253B 0.845
5.880001 12.74 -2.04 20253B 0.845
5.040001 12.74 -2.88 CDC9CA 0.845
4.200001 12.74 -2.040001 ABAFBD 0.845
3.360001 12.74 -2.88 D1CDCE 0.845
2.520001 12.74 -2.040001 20253C 0.845
1.680001 12.74 -2.04 20253B 0.845
0.8400006 12.74 -2.880001 EAE4DF 0.845
4.768372E-07 12.74 -2.040001 ABAFBD 0.845
-0.8399996 12.74 -2.880001 80798E 0.845
-1.68 12.74 -2.040001 262D44 0.845
-2.52 12.74 -2.040001 232A41 0.845
-3.36 12.74 -2.880001 6C6787 0.845
-4.2 12.74 -2.040001 C4BCBB 0.845
-5.04 12.74 -2.880001 7F788E 0.845
-5.88 12.74 -2.040001 232A42 0.845
-6.72 12.74 -2.040002 222940 0.845
-7.56 12.74 -2.880002 6C6787 0.845
-8.400002 12.74 -2.040002 CAC2C0 0.845
8.400002 13.58 -0.3599997 A8A3AC 0.845
7.560001 13.58 -2.88 D3CFD0 0.845
6.720001 13.58 -2.039999 21283F 0.845
5.880001 13.58 -2.04 20273E 0.845
5.040001 13.58 -2.88 CECACB 0.845
4.200001 13.58 -2.040001 ACAFBD 0.845
3.360001 13.58 -2.88 CFCACC 0.845
2.520001 13.58 -2.040001 20283F 0.845
1.680001 13.58 -2.04 20283F 0.845
0.8400006 13.58 -2.880001 E9E3DE 0.845
4.768372E-07 13.58 -2.040001 AAAEBB 0.845
-0.8399996 13.58 -2.880001 7E778C 0.845
-1.68 13.58 -2.040001 20273E 0.845
-2.52 13.58 -2.040001 20273E 0.845
-3.36 13.58 -2.880001 6A6585 0.845
-4.2 13.58 -2.040001 C5BEBD 0.845
-5.04 13.58 -2.880001 7F778C 0.845
-5.88 13.58 -2.040001 212940 0.845
-6.72 13.58 -2.040002 20283F 0.845
-7.56 13.58 -2.880002 696484 0.845
-8.400002 13.58 -2.040002 CAC2C0 0.845
7.560001 14.42 -2.039999 B5B9C6 0.845
6.720001 14.42 -2.039999 B5BBC8 0.845
5.880001 14.42 -2.04 B9BECB 0.845
5.040001 14.42 -2.040001 B5BAC6 0.845
4.200001 14.42 -2.040001 ADB0BE 0.845
3.360001 14.42 -2.04 B5BAC8 0.845
2.520001 14.42 -2.040001 B4BAC7 0.845
1.680001 14.42 -2.04 B6BBC8 0.845
0.8400006 14.42 -2.040001 B8BDCA 0.845
4.768372E-07 14.42 -2.040001 AFB3C0 0.845
-0.8399996 14.42 -2.040001 C8C0BF 0.845
-1.68 14.42 -2.040001 C4BBBC 0.845
-2.52 14.42 -2.040001 C4BCBC 0.845
-3.36 14.42 -2.040001 C5BDBC 0.845
-4.2 14.42 -2.040001 C8C1BF 0.845
-5.04 14.42 -2.040001 C3BBBB 0.845
-5.88 14.42 -2.040001 C4BCBC 0.845
-6.72 14.42 -2.040002 C8C0BF 0.845
-7.56 14.42 -2.040002 C9C0BE 0.845
-8.400002 14.42 -2.040002 CCC5C3 0.845
8.400002 15.26 -2.879999 D8D1CD 0.845
7.560001 15.26 -2.88 DAD3CF 0.845
6.720001 15.26 -2.88 DAD3D0 0.845
5.880001 15.26 -2.88 DAD4D0 0.845
5.040001 15.26 -2.88 DBD4D0 0.845
4.200001 15.26 -2.88 D9D2CF 0.845
3.360001 15.26 -2.88 D9D3CF 0.845
2.520001 15.26 -2.88 DBD4D1 0.845
1.680001 15.26 -2.88 DBD5D1 0.845
0.8400006 15.26 -2.880001 DAD4D0 0.845
4.768372E-07 15.26 -2.880001 D5CECB 0.845
-0.8399996 15.26 -2.040001 C8C0BE 0.845
-1.68 15.26 -2.040001 C4BCBB 0.845
-2.52 15.26 -2.040001 948A91 0.845
-3.36 15.26 -2.040001 90858C 0.845
-4.2 15.26 -2.040001 8F848B 0.845
-5.04 15.26 -2.040001 91868D 0.845
-5.88 15.26 -2.040001 948A91 0.845
-6.72 15.26 -2.040002 BFB7B6 0.845
-7.56 15.26 -2.040002 CBC4C2 0.845
-8.400002 15.26 -2.040002 CCC4C2 0.845
8.400002 16.1 -2.879999 DCD6D2 0.845
7.560001 16.1 -2.88 DAD3CF 0.845
6.720001 16.1 -2.88 DAD3D0 0.845
5.880001 16.1 -2.88 DAD3D0 0.845
5.040001 16.1 -2.88 DAD4D0 0.845
4.200001 16.1 -2.88 DBD4D1 0.845
3.360001 16.1 -2.88 DAD3CF 0.845
2.520001 16.1 -2.88 DAD4D0 0.845
1.680001 16.1 -2.88 D9D3D0 0.845
0.8400006 16.1 -2.880001 DAD4D0 0.845
4.768372E-07 16.1 -2.880001 D8D1CE 0.845
-0.8399996 16.1 -2.040001 C7BFBD 0.845
-1.68 16.1 -2.040001 C3BAB9 0.845
-2.52 16.1 -2.880001 EBE6E1 0.845
-3.36 16.1 -2.880001 EBE5E0 0.845
-4.2 16.1 -2.880001 ECE6E1 0.845
-5.04 16.1 -2.880001 ECE6E1 0.845
-5.88 16.1 -2.880001 EBE6E1 0.845
-6.72 16.1 -2.040002 BAB2B1 0.845
-7.56 16.1 -2.040002 CBC4C2 0.845
-8.400002 16.1 -2.040002 CDC5C3 0.845
5.880001 16.94 -2.88 DAD3D0 0.845
5.040001 16.94 -2.88 DAD3D0 0.845
4.200001 16.94 -2.88 DBD4D1 0.845
3.360001 16.94 -2.88 DBD5D1 0.845
2.520001 16.94 -2.88 DBD5D1 0.845
-0.8399996 16.94 -2.040001 B8AFAF 0.845
-1.68 16.94 -2.040001 C0B7B6 0.845
-2.52 16.94 -2.040001 C2BAB9 0.845
-3.36 16.94 -2.040001 C4BBBA 0.845
-4.2 16.94 -2.040001 C5BDBC 0.845
-5.04 16.94 -2.040001 C5BDBC 0.845
-5.88 16.94 -2.040001 C4BCBA 0.845
-6.72 16.94 -2.040002 C0B7B6 0.845
-7.56 16.94 -2.040002 C0B7B6 0.845
-8.400002 16.94 -2.040002 C1B9B7 0.845
5.040001 17.78 -2.88 D8D1CD 0.845
4.200001 17.78 -2.88 DBD4D0 0.845
3.360001 17.78 -2.88 D9D1CD 0.845
4.768372E-07 17.78 -2.880001 ECE6E1 0.845
-0.8399996 17.78 -2.880001 EBE6E1 0.845
-1.68 17.78 -2.880001 ECE6E1 0.845
-2.52 17.78 -2.880001 EBE6E1 0.845
-3.36 17.78 -2.880001 EBE5E0 0.845
-4.2 17.78 -2.880001 EBE6E1 0.845
-5.04 17.78 -2.880001 ECE6E1 0.845
-5.88 17.78 -2.880001 ECE6E1 0.845
-6.72 17.78 -2.880002 ECE6E1 0.845
-7.56 17.78 -2.880002 EBE6E1 0.845
-8.400002 17.78 -2.880002 EBE6E1 0.845
4.768372E-07 18.62 -2.880001 EAE4DF 0.845
-0.8399996 18.62 -2.880001 EBE6E1 0.845
-1.68 18.62 -2.880001 EBE6E1 0.845
-2.52 18.62 -2.880001 EAE5E0 0.845
-3.36 18.62 -2.880001 ECE6E1 0.845
-4.2 18.62 -2.880001 ECE6E1 0.845
-5.04 18.62 -2.880001 ECE7E2 0.845
-5.88 18.62 -2.880001 ECE7E2 0.845
-6.72 18.62 -2.880002 EBE6E1 0.845
-7.56 18.62 -2.880002 EBE6E1 0.845
-8.400002 18.62 -2.880002 ECE5DF 0.845
7.560002 0.14 -5.4 E7DFD9 0.845
6.720002 0.14 -5.4 E3DCD7 0.845
5.880002 0.14 -5.400002 DFD9D6 0.845
5.040002 0.14 -5.400002 DFD8D4 0.845
4.200002 0.14 -5.400002 DFD8D3 0.845
3.360001 0.14 -5.400001 DDD5D1 0.845
2.520001 0.14 -5.400002 DDD4CF 0.845
1.680001 0.14 -5.400002 DCD6D2 0.845
0.840001 0.14 -5.400002 DED7D3 0.845
9.536743E-07 0.14 -5.400002 DCD5D2 0.845
-0.8399991 0.14 -5.400002 DCD4CF 0.845
-1.679999 0.14 -5.400002 DBD5D1 0.845
-2.52 0.14 -5.400002 DBD5D2 0.845
-3.359999 0.14 -5.400002 DBD6D4 0.845
-4.2 0.14 -5.400002 DDD7D4 0.845
-5.04 0.14 -5.400002 DED8D5 0.845
-5.88 0.14 -5.400002 E2DCD9 0.845
-6.72 0.14 -5.400002 E3DDDA 0.845
-7.56 0.14 -5.400002 E6E1DD 0.845
-8.400001 0.14 -5.400002 EAE4E0 0.845
7.560002 0.14 -4.56 E6DDD7 0.845
6.720002 0.14 -4.56 E3DAD3 0.845
5.880002 0.14 -4.56 DED5D0 0.845
5.040002 0.14 -4.56 DDD4CF 0.845
4.200002 0.14 -4.56 DED4CE 0.845
3.360001 0.14 -4.56 DBD3CE 0.845
2.520001 0.14 -4.56 D9D1CC 0.845
1.680001 0.14 -4.56 D9D2CF 0.845
0.840001 0.14 -4.56 DAD3CF 0.845
9.536743E-07 0.14 -4.560001 D9D1CE 0.845
-0.8399991 0.14 -4.560001 D7D1CE 0.845
-1.679999 0.14 -4.560001 D8D1CE 0.845
-2.52 0.14 -4.560001 D7D1CE 0.845
-3.359999 0.14 -4.560001 D7D1D0 0.845
-4.2 0.14 -4.560001 D8D3D2 0.845
-5.04 0.14 -4.560001 DBD5D2 0.845
-5.88 0.14 -4.560001 DCD6D3 0.845
-6.72 0.14 -4.560002 DFD9D7 0.845
-7.56 0.14 -4.560002 E5DFDB 0.845
-8.400001 0.14 -4.560002 E8E2DE 0.845
7.560002 0.14 -3.72 E5DAD2 0.845
6.720002 0.14 -3.72 DED5CE 0.845
5.880002 0.14 -3.72 DFD3CB 0.845
5.040002 0.14 -3.72 DCD1C9 0.845
4.200002 0.14 -3.72 DBD0CA 0.845
3.360001 0.14 -3.72 D9CFCA 0.845
2.520001 0.14 -3.72 D8CEC8 0.845
1.680001 0.14 -3.72 D9CFC9 0.845
0.840001 0.14 -3.720001 D8CFC9 0.845
9.536743E-07 0.14 -3.720001 D6CEC9 0.845
-0.8399991 0.14 -3.720001 D6CFCC 0.845
-1.679999 0.14 -3.720001 D3CDCC 0.845
-2.52 0.14 -3.720001 D2CBC9 0.845
-3.359999 0.14 -3.720001 D4CDCC 0.845
-4.2 0.14 -3.720001 D3CDCC 0.845
-5.04 0.14 -3.720001 D4CFCE 0.845
-5.88 0.14 -3.720001 D7D1CF 0.845
-6.72 0.14 -3.720002 DAD5D3 0.845
-7.56 0.14 -3.720002 E0DBD9 0.845
-8.400001 0.14 -3.720002 E6E1DD 0.845
7.560001 0.14 -2.88 DFD3CB 0.845
6.720001 0.14 -2.88 D6CBC5 0.845
5.880001 0.14 -2.88 DDCEC4 0.845
5.040001 0.14 -2.88 DBD0C8 0.845
4.200001 0.14 -2.88 E0D0C4 0.845
3.360001 0.14 -2.88 DED0C6 0.845
2.520001 0.14 -2.88 DDCFC4 0.845
1.680001 0.14 -2.88 DCCFC6 0.845
0.8400006 0.14 -2.880001 DDCFC6 0.845
4.768372E-07 0.14 -2.880001 DACFC8 0.845
-0.8399996 0.14 -2.880001 D2CDCD 0.845
-1.68 0.14 -2.880001 CFCBCD 0.845
-2.52 0.14 -2.880001 CECACD 0.845
-3.36 0.14 -2.880001 D0CACB 0.845
-4.2 0.14 -2.880001 CFCCCD 0.845
-5.04 0.14 -2.880001 CECACB 0.845
-5.88 0.14 -2.880001 CCC5C5 0.845
-6.72 0.14 -2.880002 CFC9C7 0.845
-7.56 0.14 -2.880002 D4D0CF 0.845
-8.400002 0.14 -2.880002 DED9D6 0.845
8.400002 3.5 -2.04 94736B 0.845
8.400002 0.14 -2.04 E5BB8F 0.845
8.400002 0.98 -2.04 E5BC92 0.845
8.400002 1.82 -2.04 E6BD91 0.845
8.400002 2.66 -2.04 E8BF93 0.845
8.400002 4.340001 -2.04 B2B7C5 0.845
8.400002 15.26 -2.04 555064 0.845
8.400002 5.18 -2.04 A2A5B4 0.845
4.768372E-07 16.94 -2.040001 B3AAAB 0.845
8.400002 6.02 -2.04 A1A3B2 0.845
-8.400002 6.02 -1.200002 514D6C 0.845
8.400002 6.86 -2.04 A1A4B3 0.845
-8.400002 6.86 -1.200002 464361 0.845
8.400002 7.700001 -2.04 A2A5B4 0.845
-8.400002 7.700001 -1.200002 484463 0.845
8.400002 8.540001 -2.04 A3A6B5 0.845
-8.400002 8.540001 -1.200002 494563 0.845
8.400002 9.380001 -2.04 A5A8B6 0.845
8.400002 10.22 -2.04 A5A8B7 0.845
8.400002 11.06 -2.04 A5A7B5 0.845
-8.400002 11.06 -1.200002 4F4B6A 0.845
8.400002 11.9 -2.04 A7ABB9 0.845
-8.400002 11.9 -1.200002 494563 0.845
8.400002 12.74 -2.04 A7AAB9 0.845
-8.400002 12.74 -1.200002 4A4665 0.845
8.400002 13.58 -2.04 AAAEBC 0.845
-8.400002 13.58 -1.200002 4B4765 0.845
8.400002 14.42 -2.04 A7AAB8 0.845
4.768372E-07 15.26 -2.040001 9C9297 0.845
8.400002 16.1 -2.04 D6D0CC 0.845
7.56 16.1 10.56 A79DA0 0.845
6.72 16.1 10.56 C0B8B7 0.845
5.88 16.1 10.56 C3BBBA 0.845
5.040001 16.1 4.68 A3A6B4 0.845
4.200001 16.1 4.68 A6A7B5 0.845
3.36 16.1 4.68 9FA2B1 0.845
2.52 16.1 10.56 BEB6B6 0.845
1.679999 16.1 10.56 B8B0B0 0.845
0.8399991 16.1 10.56 A99FA1 0.845
4.768372E-07 16.1 -2.040001 A0969A 0.845
6.720001 16.94 -2.039999 ECE7E2 0.845
8.400002 16.94 -2.04 FEFEFB 0.845
7.560001 16.94 -2.039999 FFFFFD 0.845
5.040001 16.94 4.68 ACB0BD 0.845
4.200001 16.94 4.68 ABAFBD 0.845
3.36 16.94 4.68 A5A8B6 0.845
1.680001 16.94 -2.04 FDFAF5 0.845
0.8400006 16.94 -2.040001 F6F1EB 0.845
5.040001 17.78 -2.040001 FFFBF4 0.845
5.880001 16.94 -2.04 FAF8F3 0.845
4.768372E-07 17.78 -2.040001 F1EBE6 0.845
2.520001 16.94 -2.040001 F8F3ED 0.845
3.360001 17.78 -2.04 FEFAF3 0.845
-8.400002 17.78 -2.040002 EDE8E3 0.845
4.768372E-07 18.62 -2.040001 F0EAE4 0.845
4.200001 18.62 -2.040001 ECE8E3 0.845
-0.840001 18.62 10.56 E3DDD9 0.845
-1.680001 18.62 10.56 F9F3ED 0.845
-2.520001 18.62 10.56 FCF7F1 0.845
-3.36 18.62 0.4799995 C9C0C1 0.845
-4.200002 18.62 10.56 FFFBF4 0.845
-5.040002 18.62 10.56 FEF9F3 0.845
-5.880002 18.62 10.56 FDF8F2 0.845
-6.720002 18.62 10.56 F6F1EB 0.845
-7.560002 18.62 10.56 DAD3CF 0.845
-8.400002 18.62 -2.040002 EEE8E3 0.845
-0.8399996 18.62 -2.040001 FFFFFF 0.845
-1.68 18.62 -2.040001 FFFFFF 0.845
-2.52 18.62 -2.040001 FFFFFF 0.845
-3.36 18.62 -2.040001 FFFFFF 0.845
-4.2 18.62 -2.040001 FFFFFF 0.845
-5.04 18.62 -2.040001 FFFFFF 0.845
-5.88 18.62 -2.040001 FFFFFF 0.845
-6.72 18.62 -2.040002 FFFFFF 0.845
-7.56 18.62 -2.040002 FFFFFF 0.845
8.400002 3.5 -1.2 866864 0.845
4.768372E-07 16.94 -1.200001 B9B0B0 0.845
8.400002 0.14 -1.2 E8BE91 0.845
7.560001 0.14 -1.199999 957771 0.845
6.720001 0.14 -1.199999 8C7170 0.845
5.880001 0.14 -1.2 8A7477 0.845
5.040001 0.14 -1.200001 987C77 0.845
4.200001 0.14 -1.200001 8E797A 0.845
3.360001 0.14 -1.2 957A75 0.845
2.520001 0.14 -1.200001 957A76 0.845
1.680001 0.14 -1.2 8F7A7C 0.845
0.8400006 0.14 -1.200001 907E81 0.845
4.768372E-07 0.14 -1.200001 867A84 0.845
-0.8399996 0.14 -1.200001 7F7888 0.845
-1.68 0.14 -1.200001 7C7483 0.845
-2.52 0.14 -1.200001 787180 0.845
-3.36 0.14 -1.200001 787485 0.845
-4.2 0.14 -1.200001 7B7889 0.845
-5.04 0.14 -1.200001 78788C 0.845
-5.88 0.14 -1.200001 767386 0.845
-6.72 0.14 -1.200002 75768B 0.845
-7.56 0.14 -1.200002 7F8195 0.845
-8.400002 0.14 -1.200002 85899E 0.845
8.400002 0.98 -1.2 E9C093 0.845
-8.400002 0.98 -1.200002 B9C9DC 0.845
8.400002 1.82 -1.2 E5BB8F 0.845
-8.400002 1.82 -1.200002 B8C8DB 0.845
8.400002 2.66 -1.2 E6BC91 0.845
-8.400002 2.66 -1.200002 B9C9DC 0.845
-8.400002 3.5 -1.200002 B9C9DC 0.845
8.400002 4.340001 -1.2 B3B7C4 0.845
8.400002 15.26 -1.2 5B5669 0.845
-8.400002 4.340001 -1.200002 B5C5D9 0.845
8.400002 5.18 -1.2 9FA2B1 0.845
-8.400002 5.18 -1.200002 EBE4DF 0.845
8.400002 6.02 -1.2 9E9FAE 0.845
8.400002 6.86 -1.2 9FA1B0 0.845
8.400002 7.700001 -1.2 9FA2B2 0.845
8.400002 8.540001 -1.2 A0A3B1 0.845
8.400002 9.380001 -1.2 A5A8B7 0.845
-8.400002 9.380001 -1.200002 CCC4C2 0.845
8.400002 10.22 -1.2 A5A8B7 0.845
-8.400002 10.22 -1.200002 CDC5C3 0.845
8.400002 11.06 -1.2 A1A4B3 0.845
8.400002 11.9 -1.2 A3A6B5 0.845
8.400002 12.74 -1.2 A5A9B8 0.845
8.400002 13.58 -1.2 A6A9B8 0.845
8.400002 14.42 -1.2 A5A9B8 0.845
-8.400002 14.42 -1.200002 D0C9C6 0.845
4.768372E-07 15.26 -1.200001 978D93 0.845
-8.400002 15.26 -1.200002 CFC8C5 0.845
8.400002 16.1 -1.2 D5CECB 0.845
0.8400006 16.1 -1.200001 BAB1B1 0.845
7.560001 16.1 -1.199999 776D77 0.845
6.720001 16.1 -1.199999 8A7F86 0.845
5.880001 16.1 -1.2 8B8087 0.845
5.040001 16.1 -1.200001 8B8087 0.845
4.200001 16.1 -1.200001 8A8087 0.845
3.360001 16.1 -1.2 887D84 0.845
2.520001 16.1 -1.200001 867C83 0.845
1.680001 16.1 -1.2 837880 0.845
4.768372E-07 16.1 -1.200001 9D9398 0.845
-8.400002 16.1 -1.200002 CEC6C3 0.845
8.400002 16.94 -1.2 FFFFFD 0.845
5.880001 16.94 -1.2 D6D0CC 0.845
5.040001 16.94 -1.200001 D7D0CD 0.845
4.200001 16.94 -1.200001 D4CDCA 0.845
3.360001 16.94 -1.2 D3CCC9 0.845
2.520001 16.94 -1.200001 D2CAC7 0.845
-8.400002 16.94 -1.200002 C1B8B7 0.845
4.768372E-07 17.78 -1.200001 F1EBE5 0.845
5.040001 17.78 -1.200001 D6CFCC 0.845
4.200001 17.78 -1.200001 DAD4D0 0.845
3.360001 17.78 -1.2 D4CDCB 0.845
-8.400002 17.78 -1.200002 EDE8E2 0.845
4.768372E-07 18.62 -1.200001 F0EAE5 0.845
-7.56 18.62 -1.200002 F4EEE8 0.845
-0.8399996 17.78 -1.200001 D9D2CF 0.845
-0.8399996 18.62 -1.200001 E7E2DE 0.845
-1.68 17.78 -1.200001 ECE7E2 0.845
-1.68 18.62 -1.200001 F0EBE6 0.845
-2.52 17.78 -1.200001 EEE9E5 0.845
-2.52 18.62 -1.200001 F0EBE6 0.845
-3.36 17.78 -1.200001 EEE9E4 0.845
-3.36 18.62 -1.200001 F2EDE8 0.845
-4.2 17.78 -1.200001 EFE9E4 0.845
-4.2 18.62 -1.200001 F2EDE8 0.845
-5.04 17.78 -1.200001 F5EFEA 0.845
-5.04 18.62 -1.200001 F8F3ED 0.845
-5.88 17.78 -1.200001 F6F1EB 0.845
-5.88 18.62 -1.200001 FCF7F0 0.845
-6.72 17.78 -1.200002 F1ECE7 0.845
-6.72 18.62 -1.200002 F8F2ED 0.845
-7.56 17.78 -1.200002 D8D1CD 0.845
-8.400002 18.62 -1.200002 EEE8E3 0.845
8.400002 3.5 -0.3599997 7B6163 0.845
4.768372E-07 16.94 -0.3600006 B3AAAB 0.845
-8.400002 6.02 -0.3600016 373654 0.845
8.400002 0.14 -0.3599997 E4BB90 0.845
7.560001 0.14 -0.3599997 927774 0.845
6.720001 0.14 -0.3599997 8D7472 0.845
5.880001 0.14 -0.3599997 887275 0.845
5.040001 0.14 -0.3599997 847277 0.845
4.200001 0.14 -0.3599997 847176 0.845
3.360001 0.14 -0.3599997 806F76 0.845
2.520001 0.14 -0.3599997 847278 0.845
1.680001 0.14 -0.3599997 81727B 0.845
0.8400006 0.14 -0.3599997 83757E 0.845
4.768372E-07 0.14 -0.3600006 83757E 0.845
-0.8399996 0.14 -0.3600006 817684 0.845
-1.68 0.14 -0.3600006 7B7584 0.845
-2.52 0.14 -0.3600006 777384 0.845
-3.36 0.14 -0.3600006 7B7687 0.845
-4.2 0.14 -0.3600006 7C7787 0.845
-5.04 0.14 -0.3600006 7D798A 0.845
-5.88 0.14 -0.3600006 807E8F 0.845
-6.72 0.14 -0.3600016 7D7B8C 0.845
-7.56 0.14 -0.3600006 818396 0.845
-8.400002 0.14 -0.3600016 82869B 0.845
8.400002 0.98 -0.3599997 E3B98F 0.845
-8.400002 0.98 -0.3600016 B9C9DC 0.845
8.400002 1.82 -0.3599997 E5BC91 0.845
-8.400002 1.82 -0.3600016 B8C8DC 0.845
8.400002 2.66 -0.3599997 E5BB91 0.845
-8.400002 2.66 -0.3600016 B9C9DD 0.845
-8.400002 3.5 -0.3600016 B9C9DC 0.845
8.400002 4.340001 -0.3599997 AEB3C1 0.845
-8.400002 4.340001 -0.3600016 B4C4D8 0.845
8.400002 5.18 -0.3599997 9C9FAE 0.845
-8.400002 5.18 -0.3600016 E8E2DE 0.845
9.240002 6.02 -0.3599997 D5CECC 0.845
8.400002 6.02 3.000001 A7A1A9 0.845
-8.400002 11.06 -0.3600016 383653 0.845
-8.400002 6.02 2.999999 413E5C 0.845
-9.240002 6.02 -0.3600016 726D8C 0.845
9.240002 6.86 -0.3599997 D8D2CE 0.845
8.400002 6.86 3.000001 9C96A0 0.845
-8.400002 6.86 2.999999 42405F 0.845
-8.400002 6.86 -0.3600016 272C42 0.845
9.240002 7.700001 -0.3599997 DBD5D2 0.845
8.400002 7.700001 3.000001 96919B 0.845
-8.400002 7.700001 2.999999 43405F 0.845
-8.400002 7.700001 -0.3600016 20263D 0.845
9.240002 8.540001 -0.3599997 D8D1CF 0.845
8.400002 8.540001 3.000001 9B97A1 0.845
-8.400002 8.540001 2.999999 454260 0.845
-8.400002 8.540001 -0.3600016 20263D 0.845
8.400002 9.380001 -0.3599997 B2B7C5 0.845
-8.400002 9.380001 -0.3600016 585373 0.845
8.400002 10.22 -0.3599997 A2A5B4 0.845
-8.400002 10.22 -0.3600016 C9C2C0 0.845
9.240002 11.06 -0.3599997 DDD7D3 0.845
8.400002 15.26 -0.3599997 645F72 0.845
8.400002 11.06 3.000001 A19CA5 0.845
-8.400002 11.06 2.999999 5E5976 0.845
-9.240002 11.06 -0.3600016 716C8B 0.845
9.240002 11.9 -0.3599997 DDD7D4 0.845
8.400002 11.9 3.000001 9E99A3 0.845
-8.400002 11.9 2.999999 474361 0.845
-8.400002 11.9 -0.3600016 262A41 0.845
9.240002 12.74 -0.3599997 DFD8D4 0.845
8.400002 12.74 3.000001 99949E 0.845
-8.400002 12.74 2.999999 464361 0.845
-8.400002 12.74 -0.3600016 262C44 0.845
9.240002 13.58 -0.3599997 DDD7D4 0.845
8.400002 13.58 3.000001 9A95A0 0.845
-8.400002 13.58 2.999999 4B4765 0.845
-8.400002 13.58 -0.3600016 20263D 0.845
8.400002 14.42 -0.3599997 B0B4C2 0.845
-8.400002 14.42 -0.3600016 5F5A7A 0.845
4.768372E-07 15.26 -0.3600006 958C92 0.845
-8.400002 15.26 -0.3600016 CFC7C5 0.845
8.400002 16.1 -0.3599997 D4CECB 0.845
0.8400006 16.1 -0.3599997 C8C0BE 0.845
7.560001 16.1 -0.3599997 81767F 0.845
6.720001 16.1 -0.3599997 92878D 0.845
5.880001 16.1 -0.3599997 978C91 0.845
5.040001 16.1 -0.3599997 988D92 0.845
4.200001 16.1 -0.3599997 94898F 0.845
3.360001 16.1 -0.3599997 948A8F 0.845
2.520001 16.1 -0.3599997 93898E 0.845
1.680001 16.1 -0.3599997 90858B 0.845
4.768372E-07 16.1 -0.3600006 978D94 0.845
-8.400002 16.1 -0.3600016 CEC6C4 0.845
8.400002 16.94 -0.3599997 FFFFFD 0.845
-8.400002 16.94 -0.3600016 C0B7B6 0.845
4.768372E-07 17.78 -0.3600006 F1EBE6 0.845
-8.400002 17.78 -0.3600016 EFE9E4 0.845
4.768372E-07 18.62 -0.3600006 EEE9E4 0.845
-7.56 18.62 -0.3600006 F9F4EE 0.845
-0.8399996 17.78 -0.3600006 E3DEDA 0.845
-0.8399996 18.62 -0.3600006 F1EBE7 0.845
-1.68 17.78 -0.3600006 C8C1C5 0.845
-2.52 18.62 -0.3600006 8C88A8 0.845
-3.36 18.62 -0.3600006 8E8AAA 0.845
-4.2 18.62 -0.3600006 8C88A9 0.845
-5.04 17.78 -0.3600006 F2EDE9 0.845
-5.88 17.78 -0.3600006 FFFAF4 0.845
-6.72 17.78 -0.3600016 FBF6F0 0.845
-7.56 17.78 -0.3600006 EDE7E2 0.845
-8.400002 18.62 -0.3600016 EEE8E2 0.845
8.400002 3.5 0.4800005 826766 0.845
2.384186E-07 16.94 0.4799995 B4ABAC 0.845
-8.400002 6.02 0.4799986 333351 0.845
8.400002 0.14 0.4800005 E4BB8F 0.845
7.560001 0.14 0.4800014 947975 0.845
6.720001 0.14 0.4800014 8B7474 0.845
5.880001 0.14 0.4799995 85747A 0.845
5.040001 0.14 0.4799995 877276 0.845
4.200001 0.14 0.4799995 807179 0.845
3.360001 0.14 0.4800005 7D707A 0.845
2.520001 0.14 0.4799995 7B707B 0.845
1.68 0.14 0.4799995 7B6F7A 0.845
0.8400003 0.14 0.4799995 7D737F 0.845
2.384186E-07 0.14 0.4799995 7A7483 0.845
-0.8399999 0.14 0.4799995 7D7684 0.845
-1.68 0.14 0.4799995 7F7785 0.845
-2.52 0.14 0.4799995 7D7887 0.845
-3.36 0.14 0.4799995 7E7988 0.845
-4.200001 0.14 0.4799995 7F7988 0.845
-5.040001 0.14 0.4799995 837D8B 0.845
-5.88 0.14 0.4799995 7C7B8E 0.845
-6.72 0.14 0.4799986 7E7E91 0.845
-7.56 0.14 0.4799986 818295 0.845
-8.400002 0.14 0.4799986 85889C 0.845
8.400002 0.98 0.4800005 E5BB8F 0.845
-8.400002 0.98 0.4799986 B9C9DC 0.845
8.400002 1.82 0.4800005 E5BC91 0.845
-8.400002 1.82 0.4799986 B9C9DC 0.845
8.400002 2.66 0.4800005 E6BD92 0.845
-8.400002 2.66 0.4799986 B9C8DB 0.845
-8.400002 3.5 0.4799986 B8C9DC 0.845
8.400002 4.340001 0.4800005 ADB2C0 0.845
8.400002 6.02 0.4800005 70636E 0.845
-8.400002 4.340001 0.4799986 B3C3D7 0.845
8.400002 5.18 0.4800005 989AAA 0.845
-8.400002 5.18 0.4799986 E9E3DE 0.845
9.240002 6.02 0.4800005 D8D2CF 0.845
8.400002 11.06 0.4800005 777282 0.845
-8.400002 11.06 0.4799986 32314D 0.845
-9.240002 6.02 0.4799986 696484 0.845
8.400002 6.86 0.4800005 222941 0.845
-8.400002 6.86 0.4799986 20233A 0.845
8.400002 7.700001 0.4800005 20243A 0.845
-8.400002 7.700001 0.4799986 21283F 0.845
8.400002 8.540001 0.4800005 242B42 0.845
-8.400002 8.540001 0.4799986 20283F 0.845
8.400002 9.380001 0.4800005 B2B6C5 0.845
-8.400002 9.380001 0.4799986 565271 0.845
8.400002 10.22 0.4800005 A0A3B2 0.845
-8.400002 10.22 0.4799986 C9C2C0 0.845
9.240002 11.06 0.4800005 DFD9D5 0.845
8.400002 15.26 0.4800005 696375 0.845
-9.240002 11.06 0.4799986 6E6989 0.845
8.400002 11.9 0.4800005 222941 0.845
-8.400002 11.9 0.4799986 20273D 0.845
8.400002 12.74 0.4800005 202238 0.845
-8.400002 12.74 0.4799986 242B42 0.845
8.400002 13.58 0.4800005 20283F 0.845
-8.400002 13.58 0.4799986 20283F 0.845
8.400002 14.42 0.4800005 B1B5C3 0.845
-8.400002 14.42 0.4799986 605B7A 0.845
2.384186E-07 15.26 0.4799995 948A91 0.845
-8.400002 15.26 0.4799986 CFC7C5 0.845
8.400002 16.1 0.4800005 D6CFCC 0.845
0.8400003 16.1 0.4799995 CBC3C1 0.845
7.560001 16.1 0.4800014 827780 0.845
6.720001 16.1 0.4800014 998F93 0.845
5.880001 16.1 0.4799995 9C9195 0.845
5.040001 16.1 0.4799995 9C9195 0.845
4.200001 16.1 0.4799995 9C9195 0.845
3.360001 16.1 0.4800005 9A9094 0.845
2.520001 16.1 0.4799995 968C91 0.845
1.68 16.1 0.4799995 93888E 0.845
2.384186E-07 16.1 0.4799995 958A91 0.845
-8.400002 16.1 0.4799986 CEC7C4 0.845
8.400002 16.94 0.4800005 FFFEF8 0.845
-8.400002 16.94 0.4799986 C0B8B6 0.845
2.384186E-07 17.78 0.4799995 EEE9E4 0.845
-8.400002 17.78 0.4799986 EEE8E2 0.845
2.384186E-07 18.62 0.4799995 EDE8E4 0.845
-7.56 18.62 0.4799986 F9F4EF 0.845
-0.8399999 17.78 0.4799995 E9E4DF 0.845
-0.8399999 18.62 0.4799995 F0EBE7 0.845
-1.68 17.78 0.4799995 B9B1B5 0.845
-2.52 18.62 0.4799995 8C88A8 0.845
-4.200001 18.62 0.4799995 8E8AAA 0.845
-5.040001 17.78 0.4799995 E9E4E1 0.845
-5.88 17.78 0.4799995 FFFDF7 0.845
-6.72 17.78 0.4799986 FFFAF4 0.845
-7.56 17.78 0.4799986 EFEAE5 0.845
-8.400002 18.62 0.4799986 EEE9E3 0.845
8.400002 3.5 1.320001 7C6465 0.845
2.384186E-07 16.94 1.32 B0A7A8 0.845
-8.400002 6.02 1.319999 413F5C 0.845
8.400002 0.14 1.320001 E5BB8F 0.845
7.560001 0.14 1.320001 8E7879 0.845
6.720001 0.14 1.320001 8A7679 0.845
5.880001 0.14 1.32 84747B 0.845
5.040001 0.14 1.32 83737A 0.845
4.200001 0.14 1.32 82737B 0.845
3.360001 0.14 1.32 7D717B 0.845
2.520001 0.14 1.32 79707D 0.845
1.68 0.14 1.32 7B727F 0.845
0.8400003 0.14 1.32 7D737F 0.845
2.384186E-07 0.14 1.32 7B7483 0.845
-0.8399999 0.14 1.32 7C7481 0.845
-1.68 0.14 1.32 7C7584 0.845
-2.52 0.14 1.32 7A7787 0.845
-3.36 0.14 1.319999 7F7987 0.845
-4.200001 0.14 1.319999 7E7B8C 0.845
-5.040001 0.14 1.319999 7D7A8A 0.845
-5.88 0.14 1.319999 827F8F 0.845
-6.72 0.14 1.319999 7F8093 0.845
-7.56 0.14 1.319999 838395 0.845
-8.400002 0.14 1.319999 838699 0.845
8.400002 0.98 1.320001 E3B98F 0.845
-8.400002 0.98 1.319999 B8C9DC 0.845
8.400002 1.82 1.320001 E4BB91 0.845
-8.400002 1.82 1.319999 B9C9DD 0.845
8.400002 2.66 1.320001 E6BC91 0.845
-8.400002 2.66 1.319999 B9C9DC 0.845
-8.400002 3.5 1.319999 B9C8DC 0.845
8.400002 4.340001 1.320001 ACB1C0 0.845
8.400002 6.02 1.320001 6E6575 0.845
-8.400002 4.340001 1.319999 B5C5D9 0.845
8.400002 5.18 1.320001 999BAB 0.845
-8.400002 5.18 1.319999 E9E3DE 0.845
9.240002 6.02 1.320001 D4CECB 0.845
8.400002 11.06 1.320001 6F6979 0.845
-8.400002 11.06 1.319999 403D5A 0.845
-9.240002 6.02 1.319999 686383 0.845
8.400002 6.86 1.320001 252C43 0.845
-8.400002 6.86 1.319999 282C43 0.845
8.400002 7.700001 1.320001 23283F 0.845
-8.400002 7.700001 1.319999 20263D 0.845
8.400002 8.540001 1.320001 262C43 0.845
-8.400002 8.540001 1.319999 20253B 0.845
8.400002 9.380001 1.320001 B1B7C5 0.845
-8.400002 9.380001 1.319999 5F5A79 0.845
8.400002 10.22 1.320001 A1A4B3 0.845
-8.400002 10.22 1.319999 CBC2BF 0.845
9.240002 11.06 1.320001 DED8D4 0.845
8.400002 15.26 1.320001 686375 0.845
-9.240002 11.06 1.319999 6C6787 0.845
8.400002 11.9 1.320001 21283F 0.845
-8.400002 11.9 1.319999 282C43 0.845
8.400002 12.74 1.320001 20243A 0.845
-8.400002 12.74 1.319999 272D45 0.845
8.400002 13.58 1.320001 21283F 0.845
-8.400002 13.58 1.319999 20263D 0.845
8.400002 14.42 1.320001 AEB2C1 0.845
-8.400002 14.42 1.319999 696483 0.845
2.384186E-07 15.26 1.32 918890 0.845
-8.400002 15.26 1.319999 CFC8C6 0.845
8.400002 16.1 1.320001 D6CFCB 0.845
0.8400003 16.1 1.32 CBC4C1 0.845
7.560001 16.1 1.320001 847981 0.845
6.720001 16.1 1.320001 9A9094 0.845
5.880001 16.1 1.32 9F9598 0.845
5.040001 16.1 1.32 9F9498 0.845
4.200001 16.1 1.32 9D9396 0.845
3.360001 16.1 1.32 9C9296 0.845
2.520001 16.1 1.32 998E92 0.845
1.68 16.1 1.32 958A90 0.845
2.384186E-07 16.1 1.32 92888F 0.845
-8.400002 16.1 1.319999 CDC5C2 0.845
8.400002 16.94 1.320001 FFFFFE 0.845
-8.400002 16.94 1.319999 C0B8B7 0.845
2.384186E-07 17.78 1.32 ECE6E2 0.845
-8.400002 17.78 1.319999 EEE9E3 0.845
2.384186E-07 18.62 1.32 EBE6E1 0.845
-2.52 18.62 1.32 C3BBBE 0.845
-0.8399999 17.78 1.32 E8E2DE 0.845
-0.8399999 18.62 1.32 F0EBE7 0.845
-1.68 17.78 1.32 B9B0B6 0.845
-3.36 18.62 1.319999 645F7E 0.845
-3.360001 18.62 3.839999 CBC3C5 0.845
-7.56 18.62 1.319999 FBF6F0 0.845
-4.200001 18.62 1.319999 8985A5 0.845
-5.040001 17.78 1.319999 EBE6E3 0.845
-5.88 17.78 1.319999 FEFEF8 0.845
-6.72 17.78 1.319999 FFFBF6 0.845
-7.56 17.78 1.319999 EDE8E3 0.845
-8.400002 18.62 1.319999 EFE9E4 0.845
8.400002 3.5 2.160001 7E6363 0.845
1.192093E-07 16.94 2.16 B5ACAD 0.845
8.400002 0.14 2.160001 E5BB8F 0.845
7.560001 0.14 2.160001 957A77 0.845
6.720001 0.14 2.160001 8D7677 0.845
5.880001 0.14 2.16 80727B 0.845
5.040001 0.14 2.16 887579 0.845
4.200001 0.14 2.16 80717B 0.845
3.360001 0.14 2.160001 81737B 0.845
2.52 0.14 2.16 7C717C 0.845
1.68 0.14 2.16 7C727E 0.845
0.8400002 0.14 2.16 7B717D 0.845
1.192093E-07 0.14 2.16 7B727F 0.845
-0.84 0.14 2.16 7F7784 0.845
-1.68 0.14 2.16 7D7886 0.845
-2.52 0.14 2.16 7F7988 0.845
-3.36 0.14 2.159999 807A88 0.845
-4.200001 0.14 2.159999 837E8C 0.845
-5.040001 0.14 2.159999 817C8C 0.845
-5.880001 0.14 2.159999 817D8D 0.845
-6.720001 0.14 2.159999 828192 0.845
-7.560001 0.14 2.159999 828294 0.845
-8.400002 0.14 2.159999 828599 0.845
8.400002 0.98 2.160001 E4BB8F 0.845
-8.400002 0.98 2.159999 B8C7DA 0.845
8.400002 1.82 2.160001 E8BD91 0.845
-8.400002 1.82 2.159999 B8C8DB 0.845
8.400002 2.66 2.160001 E7BD90 0.845
-8.400002 2.66 2.159999 BACADD 0.845
-8.400002 3.5 2.159999 B8C9DC 0.845
8.400002 4.340001 2.160001 ABB0BF 0.845
8.400002 15.26 2.160001 5F5C6F 0.845
-8.400002 4.340001 2.159999 B5C6DA 0.845
8.400002 5.18 2.160001 9D9FAF 0.845
-8.400002 5.18 2.159999 EAE4DF 0.845
8.400002 6.02 2.160001 9193A4 0.845
-8.400002 6.02 2.159999 C5BDBD 0.845
8.400002 6.86 2.160001 9192A3 0.845
-8.400002 6.86 2.159999 C1B9B9 0.845
8.400002 7.700001 2.160001 9193A4 0.845
-8.400002 7.700001 2.159999 C1B9B9 0.845
8.400002 8.540001 2.160001 9496A7 0.845
-8.400002 8.540001 2.159999 C5BCBB 0.845
8.400002 9.380001 2.160001 A7AAB8 0.845
-8.400002 9.380001 2.159999 CDC6C3 0.845
8.400002 10.22 2.160001 A1A4B2 0.845
-8.400002 10.22 2.159999 CBC3C1 0.845
8.400002 11.06 2.160001 9A9CAC 0.845
-8.400002 11.06 2.159999 C6BEBD 0.845
8.400002 11.9 2.160001 9699A9 0.845
-8.400002 11.9 2.159999 C1B9B8 0.845
8.400002 12.74 2.160001 989BAB 0.845
-8.400002 12.74 2.159999 C4BBBB 0.845
8.400002 13.58 2.160001 9899A9 0.845
-8.400002 13.58 2.159999 C3BBBA 0.845
8.400002 14.42 2.160001 A5A9B8 0.845
-8.400002 14.42 2.159999 D0C8C5 0.845
1.192093E-07 15.26 2.16 928890 0.845
-8.400002 15.26 2.159999 D0C9C6 0.845
8.400002 16.1 2.160001 D5CECB 0.845
0.8400002 16.1 2.16 CBC3C1 0.845
7.560001 16.1 2.160001 837880 0.845
6.720001 16.1 2.160001 9B9094 0.845
5.880001 16.1 2.16 9E9497 0.845
5.040001 16.1 2.16 A09699 0.845
4.200001 16.1 2.16 9F9498 0.845
3.360001 16.1 2.160001 9D9296 0.845
2.52 16.1 2.16 9A8F93 0.845
1.68 16.1 2.16 93888E 0.845
1.192093E-07 16.1 2.16 92888F 0.845
-8.400002 16.1 2.159999 CDC5C3 0.845
8.400002 16.94 2.160001 FFFFFC 0.845
-8.400002 16.94 2.159999 C1B8B7 0.845
1.192093E-07 17.78 2.16 EDE8E2 0.845
-8.400002 17.78 2.159999 EEE8E3 0.845
1.192093E-07 18.62 2.16 EBE5E1 0.845
-7.560001 18.62 2.159999 FBF6F0 0.845
-0.84 17.78 2.16 E8E2DE 0.845
-0.84 18.62 2.16 EDE8E5 0.845
-1.68 17.78 2.16 B9B0B5 0.845
-2.52 18.62 2.16 8D8AAB 0.845
-3.36 18.62 2.159999 8985A7 0.845
-4.200001 18.62 2.159999 8D89A9 0.845
-5.040001 17.78 2.159999 E9E4DF 0.845
-5.880001 17.78 2.159999 FEFEFA 0.845
-6.720001 17.78 2.159999 FDFCF6 0.845
-7.560001 17.78 2.159999 F1ECE7 0.845
-8.400002 18.62 2.159999 EEE8E2 0.845
8.400002 3.5 3.000001 7B6162 0.845
0 16.94 3 AFA6A8 0.845
8.400002 0.14 3.000001 E3B98E 0.845
7.560001 0.14 3.000001 917876 0.845
6.720001 0.14 3.000001 8B7577 0.845
5.880001 0.14 3 86757A 0.845
5.040001 0.14 3 84757D 0.845
4.200001 0.14 3 80727A 0.845
3.36 0.14 3 7D727D 0.845
2.52 0.14 3 7C707C 0.845
1.68 0.14 3 7C717D 0.845
0.8400001 0.14 3 7E7480 0.845
0 0.14 3 7E7581 0.845
-0.8400001 0.14 3 7E7480 0.845
-1.68 0.14 3 7F7886 0.845
-2.52 0.14 3 7D7786 0.845
-3.36 0.14 3 7C7888 0.845
-4.200001 0.14 3 807C8C 0.845
-5.040001 0.14 3 7E7B8C 0.845
-5.880001 0.14 3 7E7C8C 0.845
-6.720001 0.14 2.999999 828090 0.845
-7.560001 0.14 2.999999 838293 0.845
-8.400002 0.14 2.999999 828598 0.845
8.400002 0.98 3.000001 E1B890 0.845
-8.400002 0.98 2.999999 B8C8DC 0.845
8.400002 1.82 3.000001 E5BC90 0.845
-8.400002 1.82 2.999999 B7C7DA 0.845
8.400002 2.66 3.000001 E5BB8F 0.845
-8.400002 2.66 2.999999 B8C8DB 0.845
-8.400002 3.5 2.999999 B8C8DC 0.845
8.400002 4.340001 3.000001 ADB1C0 0.845
8.400002 15.26 3.000001 676274 0.845
-8.400002 4.340001 2.999999 B5C5D9 0.845
8.400002 5.18 3.000001 9C9EAD 0.845
-8.400002 5.18 2.999999 EAE4DF 0.845
8.400002 9.380001 3.000001 A5A9B8 0.845
-8.400002 9.380001 2.999999 CCC5C3 0.845
8.400002 10.22 3.000001 A0A3B2 0.845
-8.400002 10.22 2.999999 CDC5C2 0.845
8.400002 14.42 3.000001 A6A9B7 0.845
-8.400002 14.42 2.999999 D0C8C6 0.845
0 15.26 3 8D848E 0.845
-8.400002 15.26 2.999999 CFC7C5 0.845
8.400002 16.1 3.000001 D6CFCC 0.845
0.8400001 16.1 3 CAC3C2 0.845
7.560001 16.1 3.000001 837880 0.845
6.720001 16.1 3.000001 9A9094 0.845
5.880001 16.1 3 9E9498 0.845
5.040001 16.1 3 9D9397 0.845
4.200001 16.1 3 9C9296 0.845
3.36 16.1 3 9C9195 0.845
2.52 16.1 3 978D92 0.845
1.68 16.1 3 92878D 0.845
0 16.1 3 928891 0.845
-8.400002 16.1 2.999999 CEC6C4 0.845
8.400002 16.94 3.000001 FFFFFB 0.845
-8.400002 16.94 2.999999 C1B9B7 0.845
0 17.78 3 ECE7E2 0.845
-8.400002 17.78 2.999999 EDE8E2 0.845
0 18.62 3 EAE5E0 0.845
-7.560001 18.62 2.999999 FBF6F0 0.845
-0.8400001 17.78 3 E4DFDA 0.845
-0.8400001 18.62 3 EFE9E5 0.845
-1.68 17.78 3 B9B1B7 0.845
-2.52 18.62 3 8E8AAB 0.845
-3.36 18.62 3 8E8AAB 0.845
-4.200001 18.62 3 8F8BAC 0.845
-5.040001 17.78 3 EAE5E2 0.845
-5.880001 17.78 3 FFFDF7 0.845
-6.720001 17.78 2.999999 FDFCF7 0.845
-7.560001 17.78 2.999999 EFEAE5 0.845
-8.400002 18.62 2.999999 EEE8E2 0.845
8.400002 3.5 3.840001 7C6060 0.845
-1.192093E-07 16.94 3.84 B1A8A9 0.845
-8.400002 6.02 3.839999 373653 0.845
8.400002 0.14 3.840001 E3B98E 0.845
7.560001 0.14 3.840001 937A78 0.845
6.720001 0.14 3.840001 8D7778 0.845
5.880001 0.14 3.840001 86767D 0.845
5.040001 0.14 3.840001 81737B 0.845
4.200001 0.14 3.840001 81747D 0.845
3.36 0.14 3.840001 7C717C 0.845
2.52 0.14 3.84 79717F 0.845
1.68 0.14 3.84 78707E 0.845
0.84 0.14 3.84 7D737E 0.845
-1.192093E-07 0.14 3.84 7E7886 0.845
-0.8400002 0.14 3.84 7C7583 0.845
-1.68 0.14 3.84 7E7886 0.845
-2.52 0.14 3.84 827A87 0.845
-3.360001 0.14 3.839999 7D7887 0.845
-4.200001 0.14 3.84 817B89 0.845
-5.040001 0.14 3.84 807B8A 0.845
-5.880001 0.14 3.84 827E8D 0.845
-6.720001 0.14 3.839999 817F8F 0.845
-7.560001 0.14 3.839999 818193 0.845
-8.400002 0.14 3.839999 818396 0.845
8.400002 0.98 3.840001 E7BB8D 0.845
-8.400002 0.98 3.839999 B9C9DC 0.845
8.400002 1.82 3.840001 E5BC91 0.845
-8.400002 1.82 3.839999 B8C8DB 0.845
8.400002 2.66 3.840001 E5BB8F 0.845
-8.400002 2.66 3.839999 B8C8DC 0.845
-8.400002 3.5 3.839999 B8C8DB 0.845
8.400002 4.340001 3.840001 ABB0BF 0.845
8.400002 6.02 3.840001 6F6472 0.845
-8.400002 4.340001 3.839999 B2C2D6 0.845
8.400002 5.18 3.840001 9898A8 0.845
-8.400002 5.18 3.839999 E7E2DD 0.845
9.240002 6.02 3.840001 D9D3D0 0.845
8.400002 11.06 3.840001 6F6979 0.845
8.400002 6.02 7.200003 A7A1A9 0.845
-8.400002 11.06 3.839999 3D3A57 0.845
-8.400002 6.02 7.200001 625D7B 0.845
-9.240002 6.02 3.839999 666181 0.845
8.400002 6.86 3.840001 242B42 0.845
8.400002 6.86 7.200003 98929D 0.845
-8.400002 6.86 7.200001 474463 0.845
-8.400002 6.86 3.839999 20253B 0.845
8.400002 7.700001 3.840001 20233A 0.845
8.400002 7.700001 7.200003 958F9A 0.845
-8.400002 7.700001 7.200001 444160 0.845
-8.400002 7.700001 3.839999 262D44 0.845
8.400002 8.540001 3.840001 222940 0.845
8.400002 8.540001 7.200003 9D97A0 0.845
-8.400002 8.540001 7.200001 474462 0.845
-8.400002 8.540001 3.839999 20263C 0.845
8.400002 9.380001 3.840001 B1B7C5 0.845
-8.400002 9.380001 3.839999 585373 0.845
8.400002 10.22 3.840001 A2A5B4 0.845
-8.400002 10.22 3.839999 C9C1BF 0.845
9.240002 11.06 3.840001 DCD6D2 0.845
8.400002 15.26 3.840001 6B6676 0.845
8.400002 11.06 7.200003 A49FA8 0.845
-8.400002 11.06 7.200001 5C5775 0.845
-9.240002 11.06 3.839999 6F6A8A 0.845
8.400002 11.9 3.840001 222940 0.845
8.400002 11.9 7.200003 9C969F 0.845
-8.400002 11.9 7.200001 44415F 0.845
-8.400002 11.9 3.839999 25283E 0.845
8.400002 12.74 3.840001 272B41 0.845
8.400002 12.74 7.200003 9995A1 0.845
-8.400002 12.74 7.200001 44415F 0.845
-8.400002 12.74 3.839999 272D45 0.845
8.400002 13.58 3.840001 242A42 0.845
8.400002 13.58 7.200003 9F99A2 0.845
-8.400002 13.58 7.200001 44405E 0.845
-8.400002 13.58 3.839999 20273D 0.845
8.400002 14.42 3.840001 AEB2C0 0.845
-8.400002 14.42 3.839999 5B5776 0.845
-1.192093E-07 15.26 3.84 8D838C 0.845
-8.400002 15.26 3.839999 CEC7C5 0.845
8.400002 16.1 3.840001 D6CFCC 0.845
0.84 16.1 3.84 C8C1BF 0.845
7.560001 16.1 3.840001 847981 0.845
6.720001 16.1 3.840001 9A8F94 0.845
5.880001 16.1 3.840001 9C9195 0.845
5.040001 16.1 3.840001 978D92 0.845
4.200001 16.1 3.840001 94898F 0.845
3.36 16.1 3.840001 93898F 0.845
2.52 16.1 3.84 948A8F 0.845
1.68 16.1 3.84 92888D 0.845
-1.192093E-07 16.1 3.84 958B92 0.845
-8.400002 16.1 3.839999 CDC5C2 0.845
8.400002 16.94 3.840001 FFFFFF 0.845
-8.400002 16.94 3.839999 C0B8B6 0.845
-1.192093E-07 17.78 3.84 EBE6E1 0.845
-8.400002 17.78 3.839999 EEE8E3 0.845
-1.192093E-07 18.62 3.84 EBE7E2 0.845
-7.560001 18.62 3.839999 F9F4EF 0.845
-0.8400002 17.78 3.84 E5DFDB 0.845
-0.8400002 18.62 3.84 EFEAE6 0.845
-1.68 17.78 3.84 BBB3B7 0.845
-2.52 18.62 3.84 8C88A9 0.845
-4.200001 18.62 3.84 8D89A8 0.845
-5.040001 17.78 3.84 EBE6E3 0.845
-5.880001 17.78 3.84 FEFEF9 0.845
-6.720001 17.78 3.839999 FFFBF5 0.845
-7.560001 17.78 3.839999 EEE9E4 0.845
-8.400002 18.62 3.839999 EEE8E3 0.845
8.400002 3.5 4.68 836663 0.845
-2.384186E-07 16.94 4.68 B3A9AA 0.845
-8.400002 6.02 4.679998 343450 0.845
8.400002 0.14 4.68 DFB48A 0.845
7.56 0.14 4.68 917978 0.845
6.72 0.14 4.68 8E7878 0.845
5.88 0.14 4.68 867378 0.845
5.040001 0.14 4.68 81737C 0.845
4.200001 0.14 4.68 82737B 0.845
3.36 0.14 4.68 7F727B 0.845
2.52 0.14 4.68 7B727E 0.845
1.68 0.14 4.68 7D737F 0.845
0.8399999 0.14 4.68 7B727F 0.845
-2.384186E-07 0.14 4.68 7E7582 0.845
-0.8400003 0.14 4.68 7B7582 0.845
-1.68 0.14 4.68 7D7786 0.845
-2.520001 0.14 4.68 7E7683 0.845
-3.360001 0.14 4.679998 7F7988 0.845
-4.200001 0.14 4.68 817A88 0.845
-5.040001 0.14 4.68 817D8D 0.845
-5.880001 0.14 4.68 827F8F 0.845
-6.720001 0.14 4.679998 828091 0.845
-7.560001 0.14 4.679998 848597 0.845
-8.400002 0.14 4.679998 828599 0.845
8.400002 0.98 4.68 E1B88E 0.845
-8.400002 0.98 4.679998 B8C8DB 0.845
8.400002 1.82 4.68 E6BB8E 0.845
-8.400002 1.82 4.679998 B9CADE 0.845
8.400002 2.66 4.68 E5BB90 0.845
-8.400002 2.66 4.679998 B9C9DD 0.845
-8.400002 3.5 4.679998 B9C9DC 0.845
8.400002 4.340001 4.68 AAAEBE 0.845
8.400002 6.02 4.68 685F6F 0.845
-8.400002 4.340001 4.679998 B3C3D7 0.845
8.400002 5.18 4.68 989AAA 0.845
-8.400002 5.18 4.679998 E6E1DC 0.845
9.240002 6.02 4.68 D9D3D1 0.845
8.400002 11.06 4.68 756E7E 0.845
-8.400002 11.06 4.679998 353450 0.845
-9.240002 6.02 4.679998 686384 0.845
8.400002 6.86 4.68 222940 0.845
-8.400002 6.86 4.679998 202238 0.845
8.400002 7.700001 4.68 202238 0.845
-8.400002 7.700001 4.679998 242C43 0.845
8.400002 8.540001 4.68 21263D 0.845
-8.400002 8.540001 4.679998 20283F 0.845
8.400002 9.380001 4.68 B1B5C3 0.845
-8.400002 9.380001 4.679998 585372 0.845
8.400002 10.22 4.68 A0A2B1 0.845
-8.400002 10.22 4.679998 C9C1BF 0.845
9.240002 11.06 4.68 DDD7D3 0.845
8.400002 15.26 4.68 666274 0.845
-9.240002 11.06 4.679998 6E6887 0.845
8.400002 11.9 4.68 222941 0.845
-8.400002 11.9 4.679998 21263D 0.845
8.400002 12.74 4.68 22273E 0.845
-8.400002 12.74 4.679998 242C43 0.845
8.400002 13.58 4.68 212940 0.845
-8.400002 13.58 4.679998 20283F 0.845
8.400002 14.42 4.68 B0B6C5 0.845
-8.400002 14.42 4.679998 5F5B7B 0.845
-2.384186E-07 15.26 4.68 938A92 0.845
-8.400002 15.26 4.679998 CFC8C6 0.845
8.400002 16.1 4.68 D4CECB 0.845
5.88 16.1 4.68 989AAA 0.845
7.56 16.1 4.68 81777F 0.845
6.72 16.1 4.68 968C91 0.845
5.04 16.1 10.56 C0B8B8 0.845
0.8399999 16.1 4.68 C5BEBC 0.845
4.2 16.1 10.56 8B8494 0.845
3.359999 16.1 10.56 BCB4B3 0.845
2.52 16.1 4.68 807780 0.845
1.68 16.1 4.68 8E848B 0.845
-2.384186E-07 16.1 4.68 958B92 0.845
-8.400002 16.1 4.679998 CEC6C4 0.845
5.88 16.94 4.68 ABAFBD 0.845
8.400002 16.94 4.68 FEFEFD 0.845
2.52 16.94 4.68 8A8B9C 0.845
-8.400002 16.94 4.679998 BFB7B5 0.845
-2.384186E-07 17.78 4.68 EBE5E0 0.845
-8.400002 17.78 4.679998 EEE9E4 0.845
-2.384186E-07 18.62 4.68 EBE5E0 0.845
-2.520001 18.62 4.68 CAC3C5 0.845
-0.8400003 17.78 4.68 EAE4E0 0.845
-0.8400003 18.62 4.68 F1EBE6 0.845
-1.68 17.78 4.68 B9B1B7 0.845
-3.360001 18.62 4.679998 645F7E 0.845
-3.360001 18.62 10.56 FDF8F2 0.845
-7.560001 18.62 4.679998 FAF7F2 0.845
-4.200001 18.62 4.68 8B86A7 0.845
-5.040001 17.78 4.68 ECE6E3 0.845
-5.880001 17.78 4.68 FEFEF9 0.845
-6.720001 17.78 4.679998 FFFAF4 0.845
-7.560001 17.78 4.679998 EFE9E4 0.845
-8.400002 18.62 4.679998 EFE9E3 0.845
8.400002 3.5 5.52 7B6061 0.845
-2.384186E-07 16.94 5.52 B4ABAC 0.845
-8.400002 6.02 5.52 413F5C 0.845
8.400002 0.14 5.52 E3B88C 0.845
7.56 0.14 5.52 917977 0.845
6.72 0.14 5.52 8B7678 0.845
5.88 0.14 5.52 88767A 0.845
5.040001 0.14 5.52 85747A 0.845
4.200001 0.14 5.52 81737B 0.845
3.36 0.14 5.52 80727C 0.845
2.52 0.14 5.52 7C717C 0.845
1.68 0.14 5.52 7E727B 0.845
0.8399999 0.14 5.52 817782 0.845
-2.384186E-07 0.14 5.52 7C7380 0.845
-0.8400003 0.14 5.52 7D7582 0.845
-1.68 0.14 5.52 7B7483 0.845
-2.520001 0.14 5.52 7F7784 0.845
-3.360001 0.14 5.52 7C7685 0.845
-4.200001 0.14 5.52 807A88 0.845
-5.040001 0.14 5.52 807C8B 0.845
-5.880001 0.14 5.52 807D8E 0.845
-6.720001 0.14 5.519999 818091 0.845
-7.560001 0.14 5.519999 828395 0.845
-8.400002 0.14 5.52 85879A 0.845
8.400002 0.98 5.52 E4B98D 0.845
-8.400002 0.98 5.52 B8C8DB 0.845
8.400002 1.82 5.52 E5BB8F 0.845
-8.400002 1.82 5.52 B8C8DC 0.845
8.400002 2.66 5.52 E1B990 0.845
-8.400002 2.66 5.52 B8C8DB 0.845
-8.400002 3.5 5.52 B8C8DB 0.845
8.400002 4.340001 5.52 ACB1C0 0.845
8.400002 6.02 5.52 726672 0.845
-8.400002 4.340001 5.52 B3C2D6 0.845
8.400002 5.18 5.52 999BAB 0.845
-8.400002 5.18 5.52 E8E2DD 0.845
9.240002 6.02 5.52 D9D3CF 0.845
8.400002 11.06 5.52 7E7785 0.845
-8.400002 11.06 5.52 353450 0.845
-9.240002 6.02 5.52 6D6887 0.845
9.240002 6.86 5.52 D9D4D0 0.845
8.400002 6.86 5.52 75768A 0.845
-9.240002 6.86 5.52 6A6585 0.845
9.240002 7.700001 5.52 DAD3D0 0.845
8.400002 7.700001 5.52 737286 0.845
-9.240002 7.700001 5.52 6E6989 0.845
9.240002 8.540001 5.52 DAD3CF 0.845
8.400002 8.540001 5.52 757589 0.845
-9.240002 8.540001 5.52 6E6888 0.845
8.400002 9.380001 5.52 ADB2C1 0.845
-8.400002 9.380001 5.52 595474 0.845
8.400002 10.22 5.52 A0A3B2 0.845
-8.400002 10.22 5.52 C8C0BF 0.845
9.240002 11.06 5.52 DED8D4 0.845
8.400002 15.26 5.52 635E70 0.845
-9.240002 11.06 5.52 716B8B 0.845
9.240002 11.9 5.52 D7D1CE 0.845
8.400002 11.9 5.52 77788C 0.845
-9.240002 11.9 5.52 686383 0.845
9.240002 12.74 5.52 DAD4D0 0.845
8.400002 12.74 5.52 75768B 0.845
-9.240002 12.74 5.52 6D6888 0.845
9.240002 13.58 5.52 DCD5D2 0.845
8.400002 13.58 5.52 78788B 0.845
-9.240002 13.58 5.52 6A6585 0.845
8.400002 14.42 5.52 AFB3C1 0.845
-8.400002 14.42 5.52 5E5A7A 0.845
-2.384186E-07 15.26 5.52 968D94 0.845
-8.400002 15.26 5.52 D1C8C6 0.845
8.400002 16.1 5.52 D6D0CD 0.845
5.88 16.1 5.52 9A9CAC 0.845
7.56 16.1 5.52 827780 0.845
6.72 16.1 5.52 93898F 0.845
5.040001 16.1 5.52 4E4C64 0.845
0.8399999 16.1 5.52 C0B8B8 0.845
4.200001 16.1 5.52 4A4860 0.845
3.36 16.1 5.52 4C4A61 0.845
2.52 16.1 5.52 726975 0.845
1.68 16.1 5.52 8C8288 0.845
-2.384186E-07 16.1 5.52 9A9096 0.845
-8.400002 16.1 5.52 CFC7C4 0.845
5.88 16.94 5.52 B1B4C2 0.845
8.400002 16.94 5.52 FFFFF9 0.845
2.52 16.94 5.52 9799A9 0.845
-8.400002 16.94 5.52 BFB7B6 0.845
-2.384186E-07 17.78 5.52 EAE3DF 0.845
5.040001 16.94 5.52 CFD6E2 0.845
4.200001 17.78 5.52 8E8AAB 0.845
3.36 16.94 5.52 C6CCD8 0.845
-8.400002 17.78 5.52 EDE7E2 0.845
-2.384186E-07 18.62 5.52 EAE5E2 0.845
-7.560001 18.62 5.519999 FCF7F1 0.845
-0.8400003 17.78 5.52 EBE6E1 0.845
-0.8400003 18.62 5.52 F4EFEA 0.845
-1.68 17.78 5.52 C2BABD 0.845
-2.520001 18.62 5.52 8E8AAA 0.845
-3.360001 18.62 5.52 8D88A9 0.845
-4.200001 18.62 5.52 8F8BAB 0.845
-5.040001 17.78 5.52 EDE8E4 0.845
-5.880001 17.78 5.52 FEFEFD 0.845
-6.720001 17.78 5.519999 FEFCF6 0.845
-7.560001 17.78 5.519999 EFEAE5 0.845
-8.400002 18.62 5.52 EDE7E2 0.845
8.400002 3.5 6.360003 806260 0.845
-4.768372E-07 16.94 6.360001 B9B0B1 0.845
8.400002 0.14 6.360003 E4BA8F 0.845
7.56 0.14 6.360001 957974 0.845
6.72 0.14 6.360003 8C7576 0.845
5.88 0.14 6.360001 86747A 0.845
5.04 0.14 6.360001 85747A 0.845
4.2 0.14 6.360001 84747B 0.845
3.36 0.14 6.360001 7E717B 0.845
2.52 0.14 6.360001 7F717B 0.845
1.68 0.14 6.360001 7A727F 0.845
0.8399996 0.14 6.360001 7D737E 0.845
-4.768372E-07 0.14 6.360001 7B717D 0.845
-0.8400006 0.14 6.360001 7D737F 0.845
-1.680001 0.14 6.360001 7D7683 0.845
-2.520001 0.14 6.360001 7C7583 0.845
-3.360001 0.14 6.360001 7D7785 0.845
-4.200001 0.14 6.360001 7E7989 0.845
-5.040001 0.14 6.360001 827D8C 0.845
-5.880001 0.14 6.360001 827E8E 0.845
-6.720001 0.14 6.359999 827F8F 0.845
-7.560001 0.14 6.359999 808093 0.845
-8.400002 0.14 6.360001 808295 0.845
8.400002 0.98 6.360003 E3B98F 0.845
-8.400002 0.98 6.360001 B8C8DB 0.845
8.400002 1.82 6.360003 E5BB8F 0.845
-8.400002 1.82 6.360001 B8C8DC 0.845
8.400002 2.66 6.360003 E1B88E 0.845
-8.400002 2.66 6.360001 BAC9DB 0.845
-8.400002 3.5 6.360001 B7C7DA 0.845
8.400002 4.340001 6.360003 B0B4C3 0.845
8.400002 15.26 6.360003 625E71 0.845
-8.400002 4.340001 6.360001 B5C5D9 0.845
8.400002 5.18 6.360003 9B9EAD 0.845
-8.400002 5.18 6.360001 EAE4E0 0.845
8.400002 6.02 6.360003 9596A6 0.845
-8.400002 6.02 6.360001 C6BFBD 0.845
8.400002 6.86 6.360003 9394A5 0.845
-8.400002 6.86 5.52 444160 0.845
-8.400002 6.86 6.360001 C3BBBB 0.845
8.400002 7.700001 6.360003 9597A8 0.845
-8.400002 7.700001 5.52 474362 0.845
-8.400002 7.700001 6.360001 C6BEBD 0.845
8.400002 8.540001 6.360003 989AAB 0.845
-8.400002 8.540001 5.52 484462 0.845
-8.400002 8.540001 6.360001 C6BEBD 0.845
8.400002 9.380001 6.360003 A3A6B4 0.845
-8.400002 9.380001 6.360001 CDC5C3 0.845
8.400002 10.22 6.360003 A0A3B2 0.845
-8.400002 10.22 6.360001 CBC4C2 0.845
8.400002 11.06 6.360003 9D9FAF 0.845
-8.400002 11.06 6.360001 C6BEBC 0.845
8.400002 11.9 6.360003 9A9CAB 0.845
-8.400002 11.9 5.52 484563 0.845
-8.400002 11.9 6.360001 C5BCBA 0.845
8.400002 12.74 6.360003 9C9FAE 0.845
-8.400002 12.74 5.52 474361 0.845
-8.400002 12.74 6.360001 C5BDBC 0.845
8.400002 13.58 6.360003 9EA1B1 0.845
-8.400002 13.58 5.52 4B4765 0.845
-8.400002 13.58 6.360001 C7C0BE 0.845
8.400002 14.42 6.360003 A4A6B5 0.845
-8.400002 14.42 6.360001 CDC5C3 0.845
-4.768372E-07 15.26 6.360001 9A9096 0.845
-8.400002 15.26 6.360001 CFC7C5 0.845
8.400002 16.1 6.360003 D4CDCA 0.845
5.88 16.1 6.360001 999BAB 0.845
7.56 16.1 6.360001 837981 0.845
6.72 16.1 6.360003 93898F 0.845
5.04 16.1 6.360001 4E4C63 0.845
0.8399996 16.1 6.360001 C0B8B8 0.845
4.2 16.1 6.360001 4A4860 0.845
3.36 16.1 6.360001 4D4B63 0.845
2.52 16.1 6.360001 766D78 0.845
1.68 16.1 6.360001 8B8188 0.845
-4.768372E-07 16.1 6.360001 9F9599 0.845
-8.400002 16.1 6.360001 CEC6C4 0.845
5.88 16.94 6.360001 AFB1BF 0.845
8.400002 16.94 6.360003 FFFFFB 0.845
2.52 16.94 6.360001 9496A6 0.845
-8.400002 16.94 6.360001 C0B7B5 0.845
-4.768372E-07 17.78 6.360001 E8E3E0 0.845
5.04 16.94 6.360001 CFD4DF 0.845
4.2 17.78 6.360001 938FAE 0.845
3.36 16.94 6.360001 C4C9D5 0.845
-8.400002 17.78 6.360001 EDE8E2 0.845
-4.768372E-07 18.62 6.360001 ECE6E1 0.845
-7.560001 18.62 6.359999 FCF7F1 0.845
-0.8400006 17.78 6.360001 EDE8E3 0.845
-0.8400006 18.62 6.360001 F6F1EC 0.845
-1.680001 17.78 6.360001 F5F0EB 0.845
-2.520001 17.78 6.360001 C1B8B9 0.845
-3.360001 18.62 6.360001 827D9F 0.845
-4.200001 17.78 6.360001 E0DAD6 0.845
-5.040001 17.78 6.360001 FFFBF6 0.845
-5.880001 17.78 6.360001 FFFEF9 0.845
-6.720001 17.78 6.359999 FDFCF7 0.845
-7.560001 17.78 6.359999 EEE8E3 0.845
-8.400002 18.62 6.360001 EEE8E3 0.845
8.400002 3.5 7.200003 7D6363 0.845
-4.768372E-07 16.94 7.200001 B7AEAE 0.845
8.400002 0.14 7.200003 E6BD92 0.845
7.56 0.14 7.200003 967872 0.845
6.72 0.14 7.200003 8C7778 0.845
5.88 0.14 7.200001 8A7578 0.845
5.04 0.14 7.200001 8B777A 0.845
4.2 0.14 7.200001 82727A 0.845
3.36 0.14 7.200001 7C717C 0.845
2.52 0.14 7.200001 7D727C 0.845
1.68 0.14 7.200001 7C727E 0.845
0.8399996 0.14 7.200001 7F737E 0.845
-4.768372E-07 0.14 7.200001 7E737E 0.845
-0.8400006 0.14 7.200001 7F7681 0.845
-1.680001 0.14 7.200001 7A7483 0.845
-2.520001 0.14 7.200001 7D7583 0.845
-3.360001 0.14 7.200001 7D7685 0.845
-4.200001 0.14 7.200001 7F7988 0.845
-5.040001 0.14 7.200001 7E7B8B 0.845
-5.880001 0.14 7.200001 7C7A8B 0.845
-6.720001 0.14 7.199999 807E8F 0.845
-7.560001 0.14 7.199999 848496 0.845
-8.400002 0.14 7.200001 848699 0.845
8.400002 0.98 7.200003 E4BA8F 0.845
-8.400002 0.98 7.200001 B8C8DB 0.845
8.400002 1.82 7.200003 E2B990 0.845
-8.400002 1.82 7.200001 B8C8DB 0.845
8.400002 2.66 7.200003 E5BB8F 0.845
-8.400002 2.66 7.200001 B8C9DC 0.845
-8.400002 3.5 7.200001 B9C8DC 0.845
8.400002 4.340001 7.200003 ACB1C0 0.845
-8.400002 4.340001 7.200001 B4C4D7 0.845
8.400002 5.18 7.200003 989AAA 0.845
-8.400002 5.18 7.200001 EAE5E0 0.845
9.240002 6.02 7.200003 D5CECC 0.845
9.240002 6.86 7.200003 D8D2CF 0.845
9.240002 7.700001 7.200003 D9D2CF 0.845
9.240002 8.540001 7.200003 D9D2CF 0.845
8.400002 9.380001 7.200003 ADB1BF 0.845
-8.400002 9.380001 7.200001 CCC5C3 0.845
8.400002 10.22 7.200003 A1A4B3 0.845
-8.400002 10.22 7.200001 CBC3C1 0.845
9.240002 11.06 7.200003 DBD5D1 0.845
8.400002 15.26 7.200003 635D6F 0.845
9.240002 11.9 7.200003 D2CBC8 0.845
9.240002 12.74 7.200003 D9D1CD 0.845
9.240002 13.58 7.200003 D8D1CD 0.845
8.400002 14.42 7.200003 ACB0BE 0.845
-8.400002 14.42 7.200001 D0C9C7 0.845
-4.768372E-07 15.26 7.200001 988E95 0.845
-8.400002 15.26 7.200001 CDC6C4 0.845
8.400002 16.1 7.200003 D4CDCB 0.845
5.88 16.1 7.200001 9395A5 0.845
7.56 16.1 7.200003 817780 0.845
6.72 16.1 7.200003 968B90 0.845
5.04 16.1 7.200001 4D4B61 0.845
0.8399996 16.1 7.200001 C3BCBB 0.845
4.2 16.1 7.200001 47455D 0.845
3.36 16.1 7.200001 4D4B62 0.845
2.52 16.1 7.200001 7F757F 0.845
1.68 16.1 7.200001 8E848A 0.845
-4.768372E-07 16.1 7.200001 A1979B 0.845
-8.400002 16.1 7.200001 CEC6C3 0.845
5.88 16.94 7.200001 AAAEBC 0.845
8.400002 16.94 7.200003 FFFFFE 0.845
2.52 16.94 7.200001 999AAA 0.845
-8.400002 16.94 7.200001 C2B9B8 0.845
-4.768372E-07 17.78 7.200001 EBE6E2 0.845
5.04 16.94 7.200001 D6DDE7 0.845
4.2 16.94 7.200001 D7DDE7 0.845
3.36 16.94 7.200001 D4DBE5 0.845
-8.400002 17.78 7.200001 EEE8E2 0.845
-4.768372E-07 18.62 7.200001 EBE6E2 0.845
-7.560001 18.62 7.199999 FDF8F1 0.845
-0.8400006 17.78 7.200001 F0EAE5 0.845
-0.8400006 18.62 7.200001 FDF8F2 0.845
-1.680001 17.78 7.200001 FCFBF5 0.845
-2.520001 17.78 7.200001 F2EDE9 0.845
-3.360001 18.62 7.200001 938FAF 0.845
-4.200001 17.78 7.200001 FDFAF4 0.845
-5.040001 17.78 7.200001 FFFFFB 0.845
-5.880001 17.78 7.200001 FFFFFA 0.845
-6.720001 17.78 7.199999 FEFCF7 0.845
-7.560001 17.78 7.199999 EEE8E3 0.845
-8.400002 18.62 7.200001 EDE8E2 0.845
8.400002 3.5 8.040001 786164 0.845
-4.768372E-07 16.94 8.040001 B8B0B0 0.845
-8.400002 6.02 8.040001 3A3854 0.845
8.400002 0.14 8.040001 DDB188 0.845
7.56 0.14 8.040001 927976 0.845
6.72 0.14 8.040001 8A7578 0.845
5.88 0.14 8.040001 8A7375 0.845
5.04 0.14 8.040001 847177 0.845
4.2 0.14 8.040001 827178 0.845
3.36 0.14 8.040001 807179 0.845
2.52 0.14 8.040001 80727C 0.845
1.68 0.14 8.040001 7E727D 0.845
0.8399996 0.14 8.040001 7F737D 0.845
-4.768372E-07 0.14 8.040001 7B727F 0.845
-0.8400006 0.14 8.040001 7A7180 0.845
-1.680001 0.14 8.040001 7C7482 0.845
-2.520001 0.14 8.040001 7D7582 0.845
-3.360001 0.14 8.040001 7A7686 0.845
-4.200001 0.14 8.040001 7E7988 0.845
-5.040001 0.14 8.040001 7F7B8B 0.845
-5.880001 0.14 8.040001 7D7B8D 0.845
-6.720001 0.14 8.039999 818092 0.845
-7.560001 0.14 8.039999 808093 0.845
-8.400002 0.14 8.040001 818497 0.845
8.400002 0.98 8.040001 E0B68C 0.845
-8.400002 0.98 8.040001 B7C8DB 0.845
8.400002 1.82 8.040001 E6BC8F 0.845
-8.400002 1.82 8.040001 B8C8DB 0.845
8.400002 2.66 8.040001 E2B98F 0.845
-8.400002 2.66 8.040001 B8C8DB 0.845
-8.400002 3.5 8.040001 B9C9DC 0.845
8.400002 4.340001 8.040001 ACB0BF 0.845
8.400002 6.02 8.040001 746874 0.845
-8.400002 4.340001 8.040001 B4C4D8 0.845
8.400002 5.18 8.040001 9799A9 0.845
-8.400002 5.18 8.040001 E7E2DD 0.845
9.240002 6.02 8.040001 D9D2CF 0.845
8.400002 11.06 8.040001 726B7A 0.845
-8.400002 11.06 8.040001 383653 0.845
-9.240002 6.02 8.040001 6E6989 0.845
8.400002 6.86 8.040001 20273E 0.845
-8.400002 6.86 8.040001 20243A 0.845
8.400002 7.700001 8.040001 20253B 0.845
-8.400002 7.700001 8.040001 282F46 0.845
8.400002 8.540001 8.040001 20253C 0.845
-8.400002 8.540001 8.040001 20273E 0.845
8.400002 9.380001 8.040001 ADB1BF 0.845
-8.400002 9.380001 8.040001 575272 0.845
8.400002 10.22 8.040001 9FA1B0 0.845
-8.400002 10.22 8.040001 C8C0BE 0.845
9.240002 11.06 8.040001 DBD5D1 0.845
8.400002 15.26 8.040001 656072 0.845
-9.240002 11.06 8.040001 6E6988 0.845
8.400002 11.9 8.040001 20283F 0.845
-8.400002 11.9 8.040001 20243A 0.845
8.400002 12.74 8.040001 202339 0.845
-8.400002 12.74 8.040001 242B42 0.845
8.400002 13.58 8.040001 20273E 0.845
-8.400002 13.58 8.040001 20273E 0.845
8.400002 14.42 8.040001 B0B5C3 0.845
-8.400002 14.42 8.040001 615C7D 0.845
-4.768372E-07 15.26 8.040001 A2989C 0.845
-8.400002 15.26 8.040001 CFC8C5 0.845
8.400002 16.1 8.040001 D3CDCA 0.845
4.2 16.1 8.040001 534F6E 0.845
7.56 16.1 8.040001 817780 0.845
6.72 16.1 8.040001 998F93 0.845
5.88 16.1 8.040001 9A9094 0.845
5.04 16.1 8.040001 91878E 0.845
0.8399996 16.1 8.040001 C7C0BE 0.845
3.36 16.1 8.040001 8D8289 0.845
2.52 16.1 8.040001 958A90 0.845
1.68 16.1 8.040001 92878D 0.845
-4.768372E-07 16.1 8.040001 A3999E 0.845
-8.400002 16.1 8.040001 CDC5C3 0.845
8.400002 16.94 8.040001 FFFFFF 0.845
-8.400002 16.94 8.040001 C1B9B8 0.845
-4.768372E-07 17.78 8.040001 E9E5E1 0.845
-8.400002 17.78 8.040001 EDE8E3 0.845
-4.768372E-07 18.62 8.040001 EBE6E2 0.845
-7.560001 18.62 8.039999 FDF8F2 0.845
-0.8400006 17.78 8.040001 EFEAE4 0.845
-0.8400006 18.62 8.040001 FDF9F3 0.845
-1.680001 17.78 8.040001 FEFCF6 0.845
-2.520001 17.78 8.040001 FFFFFA 0.845
-3.360001 17.78 8.040001 FFFEF8 0.845
-4.200001 17.78 8.040001 FFFEF9 0.845
-5.040001 17.78 8.040001 FFFFFA 0.845
-5.880001 17.78 8.040001 FEFEFB 0.845
-6.720001 17.78 8.039999 FEFBF5 0.845
-7.560001 17.78 8.039999 EDE7E2 0.845
-8.400002 18.62 8.040001 EDE7E2 0.845
8.400002 3.5 8.880001 7E6363 0.845
-4.768372E-07 16.94 8.880001 B9B0AF 0.845
-8.400002 6.02 8.879999 343451 0.845
8.400002 0.14 8.880001 DDB58D 0.845
7.56 0.14 8.880001 927B79 0.845
6.72 0.14 8.880001 8E787A 0.845
5.88 0.14 8.880001 8B777A 0.845
5.04 0.14 8.880001 897578 0.845
4.2 0.14 8.880001 877378 0.845
3.36 0.14 8.880001 7F717A 0.845
2.52 0.14 8.880001 7F7079 0.845
1.68 0.14 8.880001 7F727B 0.845
0.8399996 0.14 8.880001 7C707B 0.845
-4.768372E-07 0.14 8.880001 786F7D 0.845
-0.8400006 0.14 8.880001 79707E 0.845
-1.680001 0.14 8.880001 797281 0.845
-2.520001 0.14 8.880001 7C7381 0.845
-3.360001 0.14 8.880001 797382 0.845
-4.200001 0.14 8.880001 7E7988 0.845
-5.040001 0.14 8.880001 7A7789 0.845
-5.880001 0.14 8.879999 7A7A8D 0.845
-6.720001 0.14 8.879999 7F7F91 0.845
-7.560001 0.14 8.879999 7F8094 0.845
-8.400002 0.14 8.879999 828497 0.845
8.400002 0.98 8.880001 E1B88F 0.845
-8.400002 0.98 8.879999 B7C6DA 0.845
8.400002 1.82 8.880001 E5BA8F 0.845
-8.400002 1.82 8.879999 BAC9DC 0.845
8.400002 2.66 8.880001 E5BA8E 0.845
-8.400002 2.66 8.879999 B8C8DB 0.845
-8.400002 3.5 8.879999 B8C8DB 0.845
8.400002 4.340001 8.880001 ABAFBF 0.845
8.400002 6.02 8.880001 766A77 0.845
-8.400002 4.340001 8.879999 B4C5D8 0.845
8.400002 5.18 8.880001 979AAA 0.845
-8.400002 5.18 8.879999 E7E1DD 0.845
9.240002 6.02 8.880001 D8D2CF 0.845
8.400002 11.06 8.880001 787281 0.845
-8.400002 11.06 8.879999 363552 0.845
-9.240002 6.02 8.879999 6E6988 0.845
8.400002 6.86 8.880001 20253C 0.845
-8.400002 6.86 8.879999 20243A 0.845
8.400002 7.700001 8.880001 23273D 0.845
-8.400002 7.700001 8.879999 282E46 0.845
8.400002 8.540001 8.880001 20253C 0.845
-8.400002 8.540001 8.879999 20283F 0.845
8.400002 9.380001 8.880001 AFB4C3 0.845
-8.400002 9.380001 8.879999 565270 0.845
8.400002 10.22 8.880001 A0A2B1 0.845
-8.400002 10.22 8.879999 C9C1BF 0.845
9.240002 11.06 8.880001 DED8D4 0.845
8.400002 15.26 8.880001 686375 0.845
-9.240002 11.06 8.879999 6E6989 0.845
8.400002 11.9 8.880001 20273E 0.845
-8.400002 11.9 8.879999 202339 0.845
8.400002 12.74 8.880001 202238 0.845
-8.400002 12.74 8.879999 232A42 0.845
8.400002 13.58 8.880001 20273E 0.845
-8.400002 13.58 8.879999 20283F 0.845
8.400002 14.42 8.880001 B0B3C1 0.845
-8.400002 14.42 8.879999 615C7B 0.845
-4.768372E-07 15.26 8.880001 A3999D 0.845
-8.400002 15.26 8.879999 CEC7C4 0.845
8.400002 16.1 8.880001 D4CECB 0.845
4.2 16.1 8.880001 55506F 0.845
7.56 16.1 8.880001 827780 0.845
6.72 16.1 8.880001 988E92 0.845
5.88 16.1 8.880001 9B9195 0.845
5.04 16.1 8.880001 998F94 0.845
0.8399996 16.1 8.880001 C8C0BE 0.845
3.36 16.1 8.880001 978D92 0.845
2.52 16.1 8.880001 968C91 0.845
1.68 16.1 8.880001 92878D 0.845
-4.768372E-07 16.1 8.880001 A79DA0 0.845
-8.400002 16.1 8.879999 CEC6C3 0.845
8.400002 16.94 8.880001 FFFFFF 0.845
-8.400002 16.94 8.879999 C2BAB9 0.845
-4.768372E-07 17.78 8.880001 EBE6E2 0.845
-8.400002 17.78 8.879999 EDE8E3 0.845
-4.768372E-07 18.62 8.880001 ECE6E2 0.845
-7.560001 18.62 8.879999 F8F8F3 0.845
-0.8400006 17.78 8.880001 EEE9E3 0.845
-0.8400006 18.62 8.880001 FCF9F3 0.845
-1.680001 17.78 8.880001 FFFAF3 0.845
-2.520001 17.78 8.880001 FFFCF7 0.845
-3.360001 17.78 8.880001 FFFEF9 0.845
-4.200001 17.78 8.880001 FEFEFB 0.845
-5.040001 17.78 8.880001 FFFEF8 0.845
-5.880001 17.78 8.879999 FFFDF7 0.845
-6.720001 17.78 8.879999 FCFCF7 0.845
-7.560001 17.78 8.879999 EAE4E0 0.845
-8.400002 18.62 8.879999 EDE7E2 0.845
8.400001 3.5 9.720001 7E6363 0.845
-9.536743E-07 16.94 9.720001 BAB1B1 0.845
-8.400002 6.02 9.719999 454361 0.845
8.400001 0.14 9.720001 E1B78E 0.845
7.56 0.14 9.720001 9A7C76 0.845
6.72 0.14 9.720001 967A74 0.845
5.88 0.14 9.720001 957873 0.845
5.04 0.14 9.720001 8E7574 0.845
4.2 0.14 9.720001 847178 0.845
3.359999 0.14 9.720001 806E73 0.845
2.52 0.14 9.720001 7D6F77 0.845
1.679999 0.14 9.720001 7D6D76 0.845
0.8399991 0.14 9.720001 7C6E78 0.845
-9.536743E-07 0.14 9.720001 7B707C 0.845
-0.840001 0.14 9.720001 7A6F7B 0.845
-1.680001 0.14 9.720001 767080 0.845
-2.520001 0.14 9.720001 756F7F 0.845
-3.360001 0.14 9.720001 767080 0.845
-4.200002 0.14 9.720001 787586 0.845
-5.040002 0.14 9.720001 7B798A 0.845
-5.880002 0.14 9.719999 7F7D8F 0.845
-6.720002 0.14 9.719999 7F8195 0.845
-7.560002 0.14 9.719999 828395 0.845
-8.400002 0.14 9.719999 7F8296 0.845
8.400001 0.98 9.720001 E2B98F 0.845
-8.400002 0.98 9.719999 B8C7DA 0.845
8.400001 1.82 9.720001 E3BA8F 0.845
-8.400002 1.82 9.719999 B9C9DC 0.845
8.400001 2.66 9.720001 E7BC90 0.845
-8.400002 2.66 9.719999 B9C9DC 0.845
-8.400002 3.5 9.719999 B9C8DC 0.845
8.400001 4.340001 9.720001 ABAFBD 0.845
8.400001 15.26 9.720001 5B576A 0.845
-8.400002 4.340001 9.719999 B2C2D6 0.845
8.400001 5.18 9.720001 9B9EAD 0.845
-8.400002 5.18 9.719999 E8E2DD 0.845
8.400001 6.02 9.720001 9496A7 0.845
-8.400002 11.06 9.719999 474461 0.845
-9.240003 6.02 9.719999 6F6A89 0.845
8.400001 6.86 9.720001 9697A7 0.845
-9.240003 6.86 9.719999 696484 0.845
8.400001 7.700001 9.720001 9698A9 0.845
-9.240003 7.700001 9.719999 6D6887 0.845
8.400001 8.540001 9.720001 999BAB 0.845
-9.240003 8.540001 9.719999 6B6687 0.845
8.400001 9.380001 9.720001 A4A7B7 0.845
-8.400002 9.380001 9.719999 5D5978 0.845
8.400001 10.22 9.720001 A5A6B5 0.845
-8.400002 10.22 9.719999 CBC2C0 0.845
8.400001 11.06 9.720001 9C9FAE 0.845
-9.240003 11.06 9.719999 706B89 0.845
8.400001 11.9 9.720001 9B9DAC 0.845
-9.240003 11.9 9.719999 6B6686 0.845
8.400001 12.74 9.720001 9FA2B1 0.845
-9.240003 12.74 9.719999 6E6989 0.845
8.400001 13.58 9.720001 A0A3B2 0.845
-9.240003 13.58 9.719999 6C6787 0.845
8.400001 14.42 9.720001 A6A9B7 0.845
-8.400002 14.42 9.719999 676181 0.845
-9.536743E-07 15.26 9.720001 A59B9E 0.845
-8.400002 15.26 9.719999 CFC7C4 0.845
8.400001 16.1 9.720001 D6CECA 0.845
4.2 16.1 9.720001 575371 0.845
7.56 16.1 9.720001 80757E 0.845
6.72 16.1 9.720001 8F848B 0.845
5.88 16.1 9.720001 958B90 0.845
5.04 16.1 9.720001 92888D 0.845
0.8399991 16.1 9.720001 C3BBBA 0.845
3.359999 16.1 9.720001 8D8289 0.845
2.52 16.1 9.720001 91878C 0.845
1.679999 16.1 9.720001 8C8188 0.845
-9.536743E-07 16.1 9.720001 ABA2A4 0.845
-8.400002 16.1 9.719999 CEC6C4 0.845
8.400001 16.94 9.720001 FFFFFF 0.845
-8.400002 16.94 9.719999 C2BAB8 0.845
-9.536743E-07 17.78 9.720001 EEE9E4 0.845
-8.400002 17.78 9.719999 EDE8E3 0.845
-9.536743E-07 18.62 9.720001 EEE8E3 0.845
-7.560002 18.62 9.719999 F4EFE9 0.845
-0.840001 17.78 9.720001 E4DEDA 0.845
-0.840001 18.62 9.720001 F8F3ED 0.845
-1.680001 17.78 9.720001 F9F4EE 0.845
-2.520001 17.78 9.720001 FCF7F1 0.845
-3.360001 17.78 9.720001 FFFAF4 0.845
-4.200002 17.78 9.720001 FEF9F3 0.845
-5.040002 17.78 9.720001 FDF9F2 0.845
-5.880002 17.78 9.719999 FEF9F2 0.845
-6.720002 17.78 9.719999 F8F3ED 0.845
-7.560002 17.78 9.719999 E5DFDA 0.845
-8.400002 18.62 9.719999 EFE9E3 0.845
8.400001 3.5 10.56 856662 0.845
-9.536743E-07 16.94 10.56 BAB2B1 0.845
8.400001 0.14 10.56 DCB085 0.845
7.56 0.14 10.56 9D7C72 0.845
6.72 0.14 10.56 9E7E74 0.845
5.88 0.14 10.56 957B77 0.845
5.04 0.14 10.56 937773 0.845
4.2 0.14 10.56 8C7474 0.845
3.359999 0.14 10.56 7A6C74 0.845
2.52 0.14 10.56 776871 0.845
1.679999 0.14 10.56 7C6970 0.845
0.8399991 0.14 10.56 7F6E74 0.845
-9.536743E-07 0.14 10.56 7D6E77 0.845
-0.840001 0.14 10.56 70697A 0.845
-1.680001 0.14 10.56 6C6677 0.845
-2.520001 0.14 10.56 6E6B7F 0.845
-3.360001 0.14 10.56 746F81 0.845
-4.200002 0.14 10.56 757284 0.845
-5.040002 0.14 10.56 7A7688 0.845
-5.880002 0.14 10.56 7D7C8F 0.845
-6.720002 0.14 10.56 7E7F93 0.845
-7.560002 0.14 10.56 808297 0.845
-8.400002 0.14 10.56 86899C 0.845
8.400001 0.98 10.56 E2B98F 0.845
-8.400002 0.98 10.56 B8C8DC 0.845
8.400001 1.82 10.56 E3BA90 0.845
-8.400002 1.82 10.56 B8C8DB 0.845
8.400001 2.66 10.56 E5BA8E 0.845
-8.400002 2.66 10.56 B9C9DC 0.845
-8.400002 3.5 10.56 B9C9DC 0.845
8.400001 4.340001 10.56 B1B6C4 0.845
8.400001 15.26 10.56 5B5669 0.845
-8.400002 4.340001 10.56 ADBED2 0.845
8.400001 5.18 10.56 A0A1B1 0.845
-8.400002 5.18 10.56 EBE6E1 0.845
8.400001 6.02 10.56 9D9FAF 0.845
-8.400002 6.02 10.56 CAC2C1 0.845
8.400001 6.86 10.56 9EA0B0 0.845
-8.400002 6.86 9.719999 484461 0.845
-8.400002 6.86 10.56 C7C0BE 0.845
8.400001 7.700001 10.56 9FA2B2 0.845
-8.400002 7.700001 9.719999 45415F 0.845
-8.400002 7.700001 10.56 C8C0BF 0.845
8.400001 8.540001 10.56 A2A5B4 0.845
-8.400002 8.540001 9.719999 494563 0.845
-8.400002 8.540001 10.56 C8C1BF 0.845
8.400001 9.380001 10.56 A3A4B3 0.845
-8.400002 9.380001 10.56 CEC7C5 0.845
8.400001 10.22 10.56 A3A6B5 0.845
-8.400002 10.22 10.56 CEC6C3 0.845
8.400001 11.06 10.56 A5A7B6 0.845
-8.400002 11.06 10.56 CCC3C0 0.845
8.400001 11.9 10.56 A6A7B6 0.845
-8.400002 11.9 9.719999 4C4866 0.845
-8.400002 11.9 10.56 C7C0BE 0.845
8.400001 12.74 10.56 A5A8B7 0.845
-8.400002 12.74 9.719999 4B4766 0.845
-8.400002 12.74 10.56 C9C1BF 0.845
8.400001 13.58 10.56 A7A8B7 0.845
-8.400002 13.58 9.719999 4F4A67 0.845
-8.400002 13.58 10.56 CBC4C2 0.845
8.400001 14.42 10.56 A0A3B3 0.845
-8.400002 14.42 10.56 D0C8C5 0.845
-9.536743E-07 15.26 10.56 A79DA0 0.845
-8.400002 15.26 10.56 CEC7C4 0.845
8.400001 16.1 10.56 D3CCC9 0.845
-9.536743E-07 16.1 10.56 AAA0A2 0.845
-8.400002 16.1 10.56 CEC6C3 0.845
8.400001 16.94 10.56 FFFFFF 0.845
7.56 16.94 10.56 FCFCFB 0.845
6.72 16.94 10.56 FFFFFD 0.845
5.88 16.94 10.56 FFFEF9 0.845
5.04 16.94 10.56 FFFFFE 0.845
4.2 16.94 10.56 FFFFFA 0.845
3.359999 16.94 10.56 FFFFFA 0.845
2.52 16.94 10.56 FFFDF8 0.845
1.679999 16.94 10.56 FEFAF3 0.845
0.8399991 16.94 10.56 F5F0EA 0.845
-8.400002 16.94 10.56 C0B8B6 0.845
-9.536743E-07 17.78 10.56 F1EAE5 0.845
-8.400002 17.78 10.56 EEE8E3 0.845
-9.536743E-07 18.62 10.56 EDE8E3 0.845
-8.400002 18.62 10.56 ECE6E1 0.845
