-3.36 0.1 -4.2 2D2B40 0.84
-4.2 0.1 -3.36 2C2B41 0.84
-5.04 0.1 -2.52 2B2A3F 0.84
-5.04 0.1 -1.68 2B2A40 0.84
-5.04 0.1 -0.8400002 2B2A40 0.84
-5.88 0.1 0 2B2A3E 0.84
-5.04 0.1 0.8400002 2A293E 0.84
-5.04 0.1 1.68 2B2A3E 0.84
-5.04 0.1 2.52 2B2A3F 0.84
-4.2 0.1 3.36 2B2A3F 0.84
-3.36 0.1 4.2 2B2B3F 0.84
-1.68 0.1 5.04 2B2A3F 0.84
-1.68 0.94 -5.04 2C2A3F 0.84
-4.2 0.94 -4.2 2C2B3F 0.84
-4.2 0.94 -3.36 2B2A3E 0.84
-5.04 0.94 -2.52 2C2A3F 0.84
-5.04 0.94 -1.68 2C2B3F 0.84
-5.88 0.94 -0.8400002 2B2A3F 0.84
-5.88 0.94 0 2C2B3F 0.84
-5.88 0.94 0.8400002 2D2B40 0.84
-5.04 0.94 1.68 2C2B40 0.84
-5.04 0.94 2.52 2D2C40 0.84
-4.2 0.94 3.36 2D2B40 0.84
-4.2 0.94 4.2 2E2C41 0.84
-1.68 0.94 5.04 2C2B40 0.84
0 1.78 -5.88 2C2B40 0.84
-1.68 1.78 -5.04 2B2A3F 0.84
-4.2 1.78 -4.2 2B2A3F 0.84
-4.2 1.78 -3.36 2C2A3F 0.84
-5.04 1.78 -2.52 2C2B3F 0.84
-5.04 1.78 -1.68 2D2B40 0.84
-5.88 1.78 -0.8400002 2C2A3F 0.84
-5.88 1.78 0 2D2B40 0.84
-5.88 1.78 0.8400002 2C2B40 0.84
-5.04 1.78 1.68 2D2C40 0.84
-5.04 1.78 2.52 2E2D41 0.84
-4.2 1.78 3.36 2E2C41 0.84
-4.2 1.78 4.2 2E2C41 0.84
-1.68 1.78 5.04 2D2C40 0.84
0 1.78 5.88 2C2B40 0.84
0 2.62 -5.88 2C2A3F 0.84
-2.52 2.62 -5.04 2C2B3F 0.84
-4.2 2.62 -4.2 2B2A3F 0.84
-4.2 2.62 -3.36 2D2B40 0.84
-5.04 2.62 -2.52 2C2B3F 0.84
-5.04 2.62 -1.68 2C2B3F 0.84
-5.88 2.62 -0.8400002 2C2B3F 0.84
-5.88 2.62 0 2D2C41 0.84
-5.88 2.62 0.8400002 2D2B40 0.84
-5.04 2.62 1.68 2F2D42 0.84
-5.04 2.62 2.52 2E2C41 0.84
-4.2 2.62 3.36 2E2C41 0.84
-4.2 2.62 4.2 2D2C40 0.84
-2.52 2.62 5.04 2D2C41 0.84
0 2.62 5.88 2D2C41 0.84
-0.84 3.46 -5.88 2C2B40 0.84
-2.52 3.46 -5.04 2D2B40 0.84
-4.2 3.46 -4.2 2B2A3E 0.84
-5.04 3.46 -3.36 2C2B3F 0.84
-5.04 3.46 -2.52 2D2B40 0.84
-5.04 3.46 -1.68 2C2B3F 0.84
-5.88 3.46 -0.8400002 2C2A3F 0.84
-5.88 3.46 0 2E2C41 0.84
-5.88 3.46 0.8400002 2E2C40 0.84
-5.04 3.46 1.68 2E2D41 0.84
-5.04 3.46 2.52 2E2C41 0.84
-5.04 3.46 3.36 2F2D41 0.84
-4.2 3.46 4.2 2E2D41 0.84
-2.52 3.46 5.04 2D2C41 0.84
-0.84 3.46 5.88 2D2C41 0.84
-0.84 4.3 -5.88 2C2B3F 0.84
-2.52 4.3 -5.04 2D2B40 0.84
-4.2 4.3 -4.2 2C2B3F 0.84
-5.04 4.3 -3.36 2D2B3F 0.84
-5.04 4.3 -2.52 2C2B3F 0.84
-5.04 4.3 -1.68 2C2B3F 0.84
-5.88 4.3 -0.8400002 2D2B40 0.84
-5.88 4.3 0 2E2C40 0.84
-5.88 4.3 0.8400002 2E2C41 0.84
-5.04 4.3 1.68 2D2C40 0.84
-5.04 4.3 2.52 2E2C41 0.84
-5.04 4.3 3.36 2E2C41 0.84
-4.2 4.3 4.2 2E2C41 0.84
-2.52 4.3 5.04 2E2D41 0.84
-0.84 4.3 5.88 2E2C41 0.84
-0.84 5.14 -5.88 2C2B3F 0.84
-2.52 5.14 -5.04 2C2B3F 0.84
-4.2 5.14 -4.2 2A293E 0.84
-5.04 5.14 -3.36 2D2B40 0.84
-5.04 5.14 -2.52 2C2B3F 0.84
-5.88 5.14 -1.68 2C2B3F 0.84
-5.88 5.14 -0.8400002 2D2B40 0.84
-5.88 5.14 0 2E2C41 0.84
-5.88 5.14 0.8400002 2E2C41 0.84
-5.88 5.14 1.68 2D2C40 0.84
-5.04 5.14 2.52 2E2C41 0.84
-5.04 5.14 3.36 2E2C41 0.84
-4.2 5.14 4.2 2E2C41 0.84
-2.52 5.14 5.04 2D2C41 0.84
-0.84 5.14 5.88 2E2D41 0.84
-0.84 5.98 -5.88 2D2B40 0.84
-3.36 5.98 -5.04 2D2B40 0.84
-4.2 5.98 -4.2 2D2B40 0.84
-5.04 5.98 -3.36 2E2C40 0.84
-5.04 5.98 -2.52 2D2B40 0.84
-5.88 5.98 -1.68 2E2C40 0.84
-5.88 5.98 -0.8400002 2E2C40 0.84
-5.88 5.98 0 2E2C40 0.84
-5.88 5.98 0.8400002 2E2C40 0.84
-5.88 5.98 1.68 2F2D41 0.84
-5.04 5.98 2.52 2E2C40 0.84
-5.04 5.98 3.36 2D2C40 0.84
-4.2 5.98 4.2 2D2B40 0.84
-3.36 5.98 5.04 2E2C41 0.84
-0.84 5.98 5.88 2D2C41 0.84
-0.84 6.82 -5.88 2C2B3F 0.84
-3.36 6.82 -5.04 2D2B40 0.84
-5.04 6.82 -4.2 2C2A3F 0.84
-5.04 6.82 -3.36 2D2B40 0.84
-5.04 6.82 -2.52 2D2B40 0.84
-5.88 6.82 -1.68 2D2B3F 0.84
-5.88 6.82 -0.8400002 2C2B40 0.84
-6.72 6.82 0 2F2D41 0.84
-5.88 6.82 0.8400002 2E2C41 0.84
-5.88 6.82 1.68 2F2D41 0.84
-5.04 6.82 2.52 2F2D41 0.84
-5.04 6.82 3.36 2F2D42 0.84
-5.04 6.82 4.2 2E2C41 0.84
-3.36 6.82 5.04 2E2D42 0.84
-0.84 6.82 5.88 2E2C41 0.84
-1.68 7.66 -5.88 2C2B3F 0.84
-3.36 7.66 -5.04 2F2D41 0.84
-5.04 7.66 -4.2 2D2B40 0.84
-5.04 7.66 -3.36 2E2C41 0.84
-5.04 7.66 -2.52 2C2A3F 0.84
-5.88 7.66 -1.68 2E2C40 0.84
-5.88 7.66 -0.8400002 2D2B40 0.84
-6.72 7.66 0 2E2C40 0.84
-5.88 7.66 0.8400002 2E2C41 0.84
-5.88 7.66 1.68 2E2C40 0.84
-5.04 7.66 2.52 2E2C41 0.84
-5.04 7.66 3.36 2E2D41 0.84
-5.04 7.66 4.2 2F2D42 0.84
-3.36 7.66 5.04 2E2C41 0.84
-1.68 7.66 5.88 2E2D41 0.84
-1.68 8.500001 -5.88 2C2B3F 0.84
-3.36 8.500001 -5.04 2B2A3E 0.84
-5.04 8.500001 -4.2 2D2C40 0.84
-5.04 8.500001 -3.36 2E2C40 0.84
-5.88 8.500001 -2.52 2D2B3F 0.84
-5.88 8.500001 -1.68 2D2B40 0.84
-5.88 8.500001 -0.8400002 2E2C40 0.84
-6.72 8.500001 0 2E2C41 0.84
-5.88 8.500001 0.8400002 2E2C41 0.84
-5.88 8.500001 1.68 2E2D41 0.84
-5.88 8.500001 2.52 2F2D41 0.84
-5.04 8.500001 3.36 2F2D41 0.84
-5.04 8.500001 4.2 2E2D41 0.84
-3.36 8.500001 5.04 2F2D42 0.84
-1.68 8.500001 5.88 2E2C41 0.84
-1.68 9.340001 -5.88 2D2B40 0.84
-3.36 9.340001 -5.04 2C2A3F 0.84
-5.04 9.340001 -4.2 2E2C40 0.84
-5.04 9.340001 -3.36 2D2B40 0.84
-5.88 9.340001 -2.52 2E2C40 0.84
-5.88 9.340001 -1.68 2E2C40 0.84
-5.88 9.340001 -0.8400002 2E2C40 0.84
-6.72 9.340001 0 2C2B40 0.84
-5.88 9.340001 0.8400002 302D42 0.84
-5.88 9.340001 1.68 2E2C41 0.84
-5.88 9.340001 2.52 2F2D41 0.84
-5.04 9.340001 3.36 2F2D41 0.84
-5.04 9.340001 4.2 2F2D41 0.84
-3.36 9.340001 5.04 2E2D41 0.84
-1.68 9.340001 5.88 2E2D41 0.84
-1.68 10.18 -5.88 2D2C40 0.84
-4.2 10.18 -5.04 2D2C40 0.84
-5.04 10.18 -4.2 2E2C40 0.84
-5.04 10.18 -3.36 2E2C40 0.84
-5.88 10.18 -2.52 2E2C41 0.84
-5.88 10.18 -1.68 2E2C41 0.84
-6.72 10.18 -0.8400002 2E2C40 0.84
-6.72 10.18 0 2E2C40 0.84
-6.72 10.18 0.8400002 2F2D41 0.84
-5.88 10.18 1.68 2E2C41 0.84
-5.88 10.18 2.52 2F2D42 0.84
-5.04 10.18 3.36 302D42 0.84
-5.04 10.18 4.2 2F2D42 0.84
-4.2 10.18 5.04 302E42 0.84
-1.68 10.18 5.88 2E2D41 0.84
0 11.02 -6.72 2D2C40 0.84
-1.68 11.02 -5.88 2D2C40 0.84
-4.2 11.02 -5.04 2E2C40 0.84
-5.04 11.02 -4.2 2E2C41 0.84
-5.04 11.02 -3.36 2E2B40 0.84
-5.88 11.02 -2.52 2E2C40 0.84
-5.88 11.02 -1.68 2D2B40 0.84
-6.72 11.02 -0.8400002 2E2C40 0.84
-6.72 11.02 0 2F2D41 0.84
-6.72 11.02 0.8400002 2F2D41 0.84
-5.88 11.02 1.68 2E2C41 0.84
-5.88 11.02 2.52 2F2D42 0.84
-5.04 11.02 3.36 2E2D41 0.84
-5.04 11.02 4.2 2F2D42 0.84
-4.2 11.02 5.04 2F2D42 0.84
-1.68 11.02 5.88 2D2C41 0.84
0 11.02 6.719999 2E2D41 0.84
0 11.86 -6.72 2C2B40 0.84
-2.52 11.86 -5.88 2D2B40 0.84
-4.2 11.86 -5.04 2C2B3F 0.84
-5.04 11.86 -4.2 2E2C40 0.84
-5.04 11.86 -3.36 302D41 0.84
-5.88 11.86 -2.52 2D2B40 0.84
-5.88 11.86 -1.68 2F2D42 0.84
-6.72 11.86 -0.8400002 2D2B40 0.84
-6.72 11.86 0 2E2C41 0.84
-6.72 11.86 0.8400002 2F2D41 0.84
-5.88 11.86 1.68 302E42 0.84
-5.88 11.86 2.52 2F2D42 0.84
-5.04 11.86 3.36 2F2D42 0.84
-5.04 11.86 4.2 2F2D42 0.84
-4.2 11.86 5.04 2E2D41 0.84
-2.52 11.86 5.88 2F2D42 0.84
0 11.86 6.719999 2E2D41 0.84
0 12.7 -6.72 2E2C41 0.84
-2.52 12.7 -5.88 2C2B40 0.84
-4.2 12.7 -5.04 2C2B3F 0.84
-5.04 12.7 -4.2 2F2D41 0.84
-5.88 12.7 -3.36 2E2C40 0.84
-5.88 12.7 -2.52 2E2C40 0.84
-5.88 12.7 -1.68 2F2C41 0.84
-6.72 12.7 -0.8400002 2E2C40 0.84
-6.72 12.7 0 2E2C40 0.84
-6.72 12.7 0.8400002 2E2D41 0.84
-5.88 12.7 1.68 302E42 0.84
-5.88 12.7 2.52 302D42 0.84
-5.88 12.7 3.36 2F2D42 0.84
-5.04 12.7 4.2 2F2D41 0.84
-4.2 12.7 5.04 2F2D42 0.84
-2.52 12.7 5.88 2F2D42 0.84
0 12.7 6.719999 302E42 0.84
-0.84 13.54 -6.72 2E2C41 0.84
-2.52 13.54 -5.88 2D2C40 0.84
-5.04 13.54 -5.04 2C2B3F 0.84
-5.04 13.54 -4.2 2F2D41 0.84
-5.88 13.54 -3.36 2E2C41 0.84
-5.88 13.54 -2.52 2E2C41 0.84
-5.88 13.54 -1.68 2E2C40 0.84
-6.72 13.54 -0.8400002 2F2D41 0.84
-6.72 13.54 0 2E2C41 0.84
-6.72 13.54 0.8400002 2F2D41 0.84
-5.88 13.54 1.68 2F2D41 0.84
-5.88 13.54 2.52 2E2C41 0.84
-5.88 13.54 3.36 302E42 0.84
-5.04 13.54 4.2 2F2D42 0.84
-5.04 13.54 5.04 2F2D42 0.84
-2.52 13.54 5.88 2E2D41 0.84
-0.84 13.54 6.719999 302E43 0.84
-0.84 14.38 -6.72 2D2C40 0.84
-2.52 14.38 -5.88 2B2A3F 0.84
-5.04 14.38 -5.04 2D2B40 0.84
-5.04 14.38 -4.2 2D2B40 0.84
-5.88 14.38 -3.36 2D2B3F 0.84
-5.88 14.38 -2.52 2E2B40 0.84
-6.72 14.38 -1.68 2F2D41 0.84
-6.72 14.38 -0.8400002 2D2B40 0.84
-6.72 14.38 0 2E2C40 0.84
-6.72 14.38 0.8400002 302D42 0.84
-6.72 14.38 1.68 2F2D42 0.84
-5.88 14.38 2.52 2F2D42 0.84
-5.88 14.38 3.36 2F2D41 0.84
-5.04 14.38 4.2 2F2D42 0.84
-5.04 14.38 5.04 302E42 0.84
-2.52 14.38 5.88 2E2D41 0.84
-0.84 14.38 6.719999 2F2D42 0.84
-0.84 15.22 -6.72 2C2B40 0.84
-3.36 15.22 -5.88 2C2B40 0.84
-5.04 15.22 -5.04 2D2B40 0.84
-5.04 15.22 -4.2 2E2C40 0.84
-5.88 15.22 -3.36 2D2B40 0.84
-5.88 15.22 -2.52 2D2B40 0.84
-6.72 15.22 -1.68 2E2C41 0.84
-6.72 15.22 -0.8400002 2D2C40 0.84
-6.72 15.22 0 2E2C41 0.84
-6.72 15.22 0.8400002 2F2D42 0.84
-6.72 15.22 1.68 2F2D41 0.84
-5.88 15.22 2.52 2F2D42 0.84
-5.88 15.22 3.36 2E2D41 0.84
-5.04 15.22 4.2 2F2D41 0.84
-5.04 15.22 5.04 2F2D42 0.84
-3.36 15.22 5.88 2D2C40 0.84
-0.84 15.22 6.719999 2E2C41 0.84
-0.84 16.06 -6.72 27273C 0.84
-3.36 16.06 -5.88 27273C 0.84
-5.04 16.06 -5.04 2B293E 0.84
-5.04 16.06 -4.2 2A293D 0.84
-5.88 16.06 -3.36 2A293E 0.84
-5.88 16.06 -2.52 2A293D 0.84
-6.72 16.06 -1.68 2B293E 0.84
-6.72 16.06 -0.8400002 2B2A3E 0.84
-7.56 16.06 0 2B293E 0.84
-6.72 16.06 0.8400002 2B2A3F 0.84
-6.72 16.06 1.68 2B2A3F 0.84
-5.88 16.06 2.52 2B2A3E 0.84
-5.88 16.06 3.36 2C2B3F 0.84
-5.04 16.06 4.2 2B2A3F 0.84
-5.04 16.06 5.04 2B2A3F 0.84
-3.36 16.06 5.88 2A2A3F 0.84
-0.84 16.06 6.719999 2A293E 0.84
-0.84 16.9 -7.56 483949 0.84
-3.36 16.9 -6.72 4B3A4A 0.84
-5.04 16.9 -5.88 4A3A49 0.84
-5.88 16.9 -5.04 544B5C 0.84
-6.72 16.9 -4.2 524A5B 0.84
-6.72 16.9 -3.36 564E5E 0.84
-6.72 16.9 -2.52 524A5B 0.84
-7.56 16.9 -1.68 554D5D 0.84
-7.56 16.9 -0.8400002 564D5E 0.84
-8.400001 16.9 0 625A63 0.84
-7.56 16.9 0.8400002 595060 0.84
-7.56 16.9 1.68 584F5F 0.84
-6.72 16.9 2.52 554D5D 0.84
-6.72 16.9 3.36 544C5C 0.84
-6.72 16.9 4.2 554D5E 0.84
-5.88 16.9 5.04 51495A 0.84
-5.04 16.9 5.88 4E3D4B 0.84
-3.36 16.9 6.719999 463949 0.84
-0.84 16.9 7.559999 4B3B4B 0.84
-0.84 17.74 -7.56 353246 0.84
-2.52 17.74 -6.72 363247 0.84
-4.2 17.74 -5.88 363246 0.84
-5.88 17.74 -5.04 363246 0.84
-5.88 17.74 -4.2 383348 0.84
-6.72 17.74 -3.36 383347 0.84
-6.72 17.74 -2.52 383347 0.84
-6.72 17.74 -1.68 373347 0.84
-7.56 17.74 -0.8400002 353146 0.84
-7.56 17.74 0 373246 0.84
-7.56 17.74 0.8400002 373347 0.84
-6.72 17.74 1.68 383347 0.84
-6.72 17.74 2.52 393549 0.84
-6.72 17.74 3.36 383448 0.84
-5.88 17.74 4.2 383448 0.84
-5.88 17.74 5.04 373347 0.84
-4.2 17.74 5.88 373448 0.84
-2.52 17.74 6.719999 373347 0.84
-0.84 17.74 7.559999 373348 0.84
-1.68 18.58 -6.72 353246 0.84
-3.36 18.58 -5.88 353146 0.84
-5.04 18.58 -5.04 373347 0.84
-5.88 18.58 -4.2 373347 0.84
-5.88 18.58 -3.36 383448 0.84
-6.72 18.58 -2.52 363246 0.84
-6.72 18.58 -1.68 373247 0.84
-6.72 18.58 -0.8400002 353246 0.84
-7.56 18.58 0 373347 0.84
-6.72 18.58 0.8400002 373347 0.84
-6.72 18.58 1.68 373347 0.84
-6.72 18.58 2.52 383448 0.84
-5.88 18.58 3.36 383448 0.84
-5.88 18.58 4.2 373347 0.84
-5.04 18.58 5.04 383448 0.84
-3.36 18.58 5.88 383448 0.84
-1.68 18.58 6.719999 373448 0.84
0 19.42 -4.2 403A4E 0.84
-2.52 19.42 -3.36 3F394D 0.84
-3.36 19.42 -2.52 403B4E 0.84
-3.36 19.42 -1.68 3F3A4D 0.84
-4.2 19.42 -0.8400002 403B4E 0.84
-4.2 19.42 0 403B4E 0.84
-4.2 19.42 0.8400002 403B4E 0.84
-3.36 19.42 1.68 423C4F 0.84
-3.36 19.42 2.52 403B4E 0.84
-2.52 19.42 3.36 413B4E 0.84
0 19.42 4.2 403B4E 0.84
-0.84 20.26 -1.68 323044 0.84
-0.84 20.26 -0.8400002 322F44 0.84
-0.84 20.26 0 312F43 0.84
-0.84 20.26 0.8400002 312F43 0.84
-0.84 20.26 1.68 35324B 0.84
-0.84 21.1 -1.68 322F43 0.84
-0.84 21.1 -0.8400002 312F43 0.84
-0.84 21.1 0 322F44 0.84
-0.84 21.1 0.8400002 312E43 0.84
-0.84 21.1 1.68 3B3750 0.84
-6.72 16.9 -0.8400002 202034 0.84
-6.72 16.9 0 201C30 0.84
-6.72 16.9 0.8400002 202237 0.84
-6.72 19.42 -0.8400002 453E51 0.84
-6.72 19.42 0 413B4F 0.84
-6.72 19.42 0.8400002 413B4F 0.84
-5.88 16.9 -2.52 202035 0.84
-5.88 16.9 -1.68 201B30 0.84
-5.88 16.9 -0.8400002 201B30 0.84
-5.88 16.9 0 201B30 0.84
-5.88 16.9 0.8400002 201C31 0.84
-5.88 16.9 1.68 201C30 0.84
-5.88 16.9 2.52 201C30 0.84
-5.88 19.42 -2.52 413C4F 0.84
-5.88 19.42 -1.68 403B4E 0.84
-5.88 19.42 -0.8400002 403B4E 0.84
-5.88 19.42 0 403B4E 0.84
-5.88 19.42 0.8400002 423D50 0.84
-5.88 19.42 1.68 403A4E 0.84
-5.88 19.42 2.52 413B4F 0.84
-5.04 16.9 -5.04 232439 0.84
-5.04 16.9 -4.2 201B30 0.84
-5.04 16.9 -3.36 201B30 0.84
-5.04 16.9 -2.52 201B30 0.84
-5.04 16.9 -1.68 201C31 0.84
-5.04 16.9 -0.8400002 201B30 0.84
-5.04 16.9 0 201C31 0.84
-5.04 16.9 0.8400002 201B30 0.84
-5.04 16.9 1.68 201C31 0.84
-5.04 16.9 2.52 201C31 0.84
-5.04 16.9 3.36 201C30 0.84
-5.04 16.9 4.2 201B30 0.84
-5.04 16.9 5.04 393651 0.84
-5.04 17.74 -5.88 363247 0.84
-5.04 17.74 5.88 383448 0.84
-5.04 19.42 -5.04 3D384B 0.84
-5.04 19.42 -4.2 403B4E 0.84
-5.04 19.42 -3.36 403B4E 0.84
-5.04 19.42 -2.52 403A4E 0.84
-5.04 19.42 -1.68 403B4E 0.84
-5.04 19.42 -0.8400002 403A4E 0.84
-5.04 19.42 0 413B4F 0.84
-5.04 19.42 0.8400002 413C4F 0.84
-5.04 19.42 1.68 413C4F 0.84
-5.04 19.42 2.52 403B4E 0.84
-5.04 19.42 3.36 413C4F 0.84
-5.04 19.42 4.2 3F3A4D 0.84
-5.04 19.42 5.04 3F3A4E 0.84
-4.2 6.82 -5.04 2D2B40 0.84
-4.2 6.82 5.04 2E2C41 0.84
-4.2 7.66 -5.04 2D2C40 0.84
-4.2 7.66 5.04 2E2D41 0.84
-4.2 8.500001 -5.04 2D2B40 0.84
-4.2 8.500001 5.04 2E2D41 0.84
-4.2 9.340001 -5.04 2D2B40 0.84
-4.2 9.340001 5.04 2E2C41 0.84
-4.2 13.54 -5.04 2E2C40 0.84
-4.2 13.54 5.04 2E2C41 0.84
-4.2 14.38 -5.04 2D2B40 0.84
-4.2 14.38 5.04 2E2D41 0.84
-4.2 15.22 -5.04 2C2B3F 0.84
-4.2 15.22 5.04 2D2C41 0.84
-4.2 16.06 -5.04 28283C 0.84
-4.2 16.06 5.04 2C2B40 0.84
-4.2 16.9 -6.72 483848 0.84
-4.2 16.9 -5.04 201B30 0.84
-4.2 16.9 -4.2 201B30 0.84
-4.2 16.9 -3.36 201B30 0.84
-4.2 16.9 -2.52 201C31 0.84
-4.2 16.9 -1.68 201B30 0.84
-4.2 16.9 -0.8400002 201C30 0.84
-4.2 16.9 0 201C30 0.84
-4.2 16.9 0.8400002 201B30 0.84
-4.2 16.9 1.68 201C31 0.84
-4.2 16.9 2.52 201C30 0.84
-4.2 16.9 3.36 201C30 0.84
-4.2 16.9 4.2 201C30 0.84
-4.2 16.9 5.04 201C30 0.84
-4.2 16.9 6.719999 4A3A4A 0.84
-4.2 18.58 -5.88 363247 0.84
-4.2 18.58 5.88 383448 0.84
-4.2 19.42 -5.04 403B4E 0.84
-4.2 19.42 -4.2 3F3A4D 0.84
-4.2 19.42 -3.36 423C4F 0.84
-4.2 19.42 -2.52 403B4E 0.84
-4.2 19.42 -1.68 403B4E 0.84
-4.2 19.42 1.68 413B4F 0.84
-4.2 19.42 2.52 413B4E 0.84
-4.2 19.42 3.36 413C4F 0.84
-4.2 19.42 4.2 413B4F 0.84
-4.2 19.42 5.04 413B4F 0.84
-3.36 0.94 -4.2 2C2B3F 0.84
-3.36 0.94 4.2 2D2C41 0.84
-3.36 1.78 -4.2 2B2A3E 0.84
-3.36 1.78 4.2 2D2C40 0.84
-3.36 2.62 -4.2 2C2B3F 0.84
-3.36 2.62 4.2 2D2C41 0.84
-3.36 3.46 -5.04 2C2B3F 0.84
-3.36 3.46 5.04 2E2C41 0.84
-3.36 4.3 -5.04 2E2C41 0.84
-3.36 4.3 5.04 2E2C41 0.84
-3.36 5.14 -5.04 2C2B3F 0.84
-3.36 5.14 5.04 2E2D41 0.84
-3.36 10.18 -5.04 2C2B40 0.84
-3.36 10.18 5.04 2E2D41 0.84
-3.36 11.02 -5.04 2E2C41 0.84
-3.36 11.02 5.04 2F2D42 0.84
-3.36 11.86 -5.04 2D2C40 0.84
-3.36 11.86 5.04 2D2C41 0.84
-3.36 12.7 -5.88 2D2B40 0.84
-3.36 12.7 5.88 2E2D41 0.84
-3.36 13.54 -5.88 2E2C41 0.84
-3.36 13.54 5.88 2F2D42 0.84
-3.36 14.38 -5.88 2E2C41 0.84
-3.36 14.38 5.88 2F2D42 0.84
-3.36 16.9 -5.04 201B30 0.84
-3.36 16.9 -4.2 201B30 0.84
-3.36 16.9 -3.36 201B30 0.84
-3.36 16.9 -2.52 201C30 0.84
-3.36 16.9 -1.68 201C31 0.84
-3.36 16.9 -0.8400002 201C30 0.84
-3.36 16.9 0 201B30 0.84
-3.36 16.9 0.8400002 201B30 0.84
-3.36 16.9 1.68 201B30 0.84
-3.36 16.9 2.52 201C30 0.84
-3.36 16.9 3.36 201C31 0.84
-3.36 16.9 4.2 201C31 0.84
-3.36 16.9 5.04 201B30 0.84
-3.36 17.74 -6.72 373347 0.84
-3.36 17.74 6.719999 373348 0.84
-3.36 19.42 -5.04 403B4E 0.84
-3.36 19.42 -4.2 3F3A4E 0.84
-3.36 19.42 -3.36 403B4E 0.84
-3.36 19.42 3.36 403B4E 0.84
-3.36 19.42 4.2 413C4F 0.84
-3.36 19.42 5.04 403A4E 0.84
-3.36 19.42 -0.8400002 403B4E 0.84
-3.36 19.42 0 403B4E 0.84
-3.36 19.42 0.8400002 403B4E 0.84
-2.52 0.1 -5.04 2B2A3E 0.84
-2.52 0.1 5.04 2C2B40 0.84
-2.52 0.94 -5.04 2C2B40 0.84
-2.52 0.94 5.04 2C2B40 0.84
-2.52 1.78 -5.04 2B2A3F 0.84
-2.52 1.78 5.04 2D2C40 0.84
-2.52 5.98 -5.04 2B2A3F 0.84
-2.52 5.98 5.04 2E2C41 0.84
-2.52 6.82 -5.04 2C2B40 0.84
-2.52 6.82 5.04 2E2C41 0.84
-2.52 7.66 -5.04 2C2B40 0.84
-2.52 7.66 5.04 2F2D42 0.84
-2.52 8.500001 -5.88 2C2B3F 0.84
-2.52 8.500001 5.88 2F2D42 0.84
-2.52 9.340001 -5.88 2D2B40 0.84
-2.52 9.340001 5.88 2E2C41 0.84
-2.52 10.18 -5.88 2C2B3F 0.84
-2.52 10.18 5.88 2F2E42 0.84
-2.52 11.02 -5.88 2C2B40 0.84
-2.52 11.02 5.88 2F2E42 0.84
-2.52 15.22 -5.88 2C2B3F 0.84
-2.52 15.22 5.88 2E2C41 0.84
-2.52 16.06 -5.88 27273B 0.84
-2.52 16.06 5.88 2B2A3F 0.84
-2.52 16.9 -6.72 4A3949 0.84
-2.52 16.9 -5.88 201B30 0.84
-2.52 16.9 -5.04 201B30 0.84
-2.52 16.9 -4.2 201C30 0.84
-2.52 16.9 -3.36 201C30 0.84
-2.52 16.9 -2.52 201C30 0.84
-2.52 16.9 -1.68 201B30 0.84
-2.52 16.9 -0.8400002 201C30 0.84
-2.52 16.9 0 201C30 0.84
-2.52 16.9 0.8400002 201B30 0.84
-2.52 16.9 1.68 201B30 0.84
-2.52 16.9 2.52 201C30 0.84
-2.52 16.9 3.36 201B30 0.84
-2.52 16.9 4.2 201C31 0.84
-2.52 16.9 5.04 201B30 0.84
-2.52 16.9 5.88 201C31 0.84
-2.52 16.9 6.719999 473949 0.84
-2.52 18.58 -6.72 353246 0.84
-2.52 18.58 6.719999 373348 0.84
-2.52 19.42 -5.88 403B4E 0.84
-2.52 19.42 -5.04 413C4F 0.84
-2.52 19.42 -4.2 403A4E 0.84
-2.52 19.42 4.2 403B4E 0.84
-2.52 19.42 5.04 413B4F 0.84
-2.52 19.42 5.88 403A4E 0.84
-2.52 19.42 -2.52 403A4E 0.84
-2.52 19.42 -1.68 413E4E 0.84
-2.52 19.42 -0.8400002 3F3A4D 0.84
-2.52 19.42 0 3C384C 0.84
-2.52 19.42 0.8400002 3F3A4D 0.84
-2.52 19.42 1.68 3F3A4E 0.84
-2.52 19.42 2.52 403B4F 0.84
-1.68 2.62 -5.04 2D2C40 0.84
-1.68 2.62 5.04 2D2C41 0.84
-1.68 3.46 -5.04 2B2A3F 0.84
-1.68 3.46 5.04 2C2B40 0.84
-1.68 4.3 -5.04 2B2B3F 0.84
-1.68 4.3 5.04 2F2D42 0.84
-1.68 5.14 -5.88 2D2C40 0.84
-1.68 5.14 5.88 2E2D41 0.84
-1.68 5.98 -5.88 2C2B40 0.84
-1.68 5.98 5.88 2D2C41 0.84
-1.68 6.82 -5.88 2F2D42 0.84
-1.68 6.82 5.88 2F2D42 0.84
-1.68 11.86 -5.88 2D2C40 0.84
-1.68 11.86 5.88 2D2C40 0.84
-1.68 12.7 -5.88 2E2C41 0.84
-1.68 12.7 5.88 2F2D42 0.84
-1.68 13.54 -5.88 2E2C40 0.84
-1.68 13.54 5.88 2F2E42 0.84
-1.68 14.38 -6.72 2E2C41 0.84
-1.68 14.38 6.719999 2E2D41 0.84
-1.68 15.22 -6.72 2C2A3F 0.84
-1.68 15.22 6.719999 2E2D41 0.84
-1.68 16.06 -6.72 27263B 0.84
-1.68 16.06 6.719999 2A2A3F 0.84
-1.68 16.9 -7.56 4C3A49 0.84
-1.68 16.9 -5.88 201C30 0.84
-1.68 16.9 -5.04 201B30 0.84
-1.68 16.9 -4.2 201C30 0.84
-1.68 16.9 -3.36 201B30 0.84
-1.68 16.9 -2.52 201B30 0.84
-1.68 16.9 -1.68 201B30 0.84
-1.68 16.9 -0.8400002 201B30 0.84
-1.68 16.9 0 201B30 0.84
-1.68 16.9 0.8400002 201B30 0.84
-1.68 16.9 1.68 201B30 0.84
-1.68 16.9 2.52 201B30 0.84
-1.68 16.9 3.36 201B30 0.84
-1.68 16.9 4.2 201B30 0.84
-1.68 16.9 5.04 201B30 0.84
-1.68 16.9 5.88 201B30 0.84
-1.68 16.9 7.559999 483A4A 0.84
-1.68 17.74 -6.72 363347 0.84
-1.68 17.74 6.719999 373348 0.84
-1.68 19.42 -3.36 403B4F 0.84
-1.68 19.42 -5.88 403B4E 0.84
-1.68 19.42 -5.04 403A4E 0.84
-1.68 19.42 -4.2 403B4E 0.84
-1.68 19.42 4.2 413B4F 0.84
-1.68 19.42 3.36 423C4F 0.84
-1.68 19.42 5.04 403B4F 0.84
-1.68 19.42 5.88 413C4F 0.84
-1.68 19.42 -2.52 413E4E 0.84
-1.68 19.42 -1.68 3D394C 0.84
-1.68 19.42 -0.8400002 393549 0.84
-1.68 19.42 0 3B374B 0.84
-1.68 19.42 0.8400002 3C384B 0.84
-1.68 19.42 1.68 3D384C 0.84
-1.68 19.42 2.52 3F3A4D 0.84
-0.84 0.1 -5.04 2C2B3F 0.84
-0.84 0.1 5.04 2C2B40 0.84
-0.84 0.94 -5.88 2D2B40 0.84
-0.84 0.94 5.88 2D2C40 0.84
-0.84 1.78 -5.88 2C2A3F 0.84
-0.84 1.78 5.88 2D2C40 0.84
-0.84 2.62 -5.88 2B2A3F 0.84
-0.84 2.62 5.88 2E2D41 0.84
-0.84 7.66 -5.88 2D2B40 0.84
-0.84 7.66 5.88 2E2D41 0.84
-0.84 8.500001 -5.88 2D2C40 0.84
-0.84 8.500001 5.88 2E2D41 0.84
-0.84 9.340001 -5.88 2C2B3F 0.84
-0.84 9.340001 5.88 2F2D42 0.84
-0.84 10.18 -6.72 2D2C40 0.84
-0.84 10.18 6.719999 2E2C41 0.84
-0.84 11.02 -6.72 2E2C41 0.84
-0.84 11.02 6.719999 2D2C40 0.84
-0.84 11.86 -6.72 2C2B40 0.84
-0.84 11.86 6.719999 2F2D42 0.84
-0.84 12.7 -6.72 2F2D41 0.84
-0.84 12.7 6.719999 2D2C41 0.84
-0.84 16.9 -6.72 25263B 0.84
-0.84 16.9 -5.88 201C30 0.84
-0.84 16.9 -5.04 201C31 0.84
-0.84 16.9 -4.2 201C30 0.84
-0.84 16.9 -3.36 201C30 0.84
-0.84 16.9 -2.52 201B30 0.84
-0.84 16.9 -1.68 201B30 0.84
-0.84 16.9 -0.8400002 201B30 0.84
-0.84 16.9 0 201B2F 0.84
-0.84 16.9 0.8400002 201B30 0.84
-0.84 16.9 1.68 201B30 0.84
-0.84 16.9 2.52 201B30 0.84
-0.84 16.9 3.36 201C30 0.84
-0.84 16.9 4.2 201C30 0.84
-0.84 16.9 5.04 201C31 0.84
-0.84 16.9 5.88 201C30 0.84
-0.84 16.9 6.719999 2F2E47 0.84
-0.84 18.58 -6.72 363247 0.84
-0.84 18.58 6.719999 383549 0.84
-0.84 19.42 -4.2 413B4F 0.84
-0.84 19.42 -6.72 3D3A4C 0.84
-0.84 19.42 -5.88 3F3A4D 0.84
-0.84 19.42 -5.04 3F3A4E 0.84
-0.84 19.42 4.2 413B4F 0.84
-0.84 19.42 5.04 413C4F 0.84
-0.84 19.42 5.88 413B4F 0.84
-0.84 19.42 6.719999 403B4E 0.84
-0.84 19.42 -3.36 3E394D 0.84
-0.84 19.42 -2.52 3C374B 0.84
-0.84 19.42 -1.68 2C2B40 0.84
-0.84 19.42 -0.8400002 202136 0.84
-0.84 19.42 0 2F2E42 0.84
-0.84 19.42 0.8400002 2C2B40 0.84
-0.84 19.42 1.68 343146 0.84
-0.84 19.42 2.52 3D384C 0.84
-0.84 19.42 3.36 3F3A4E 0.84
0 0.1 -5.88 2C2B40 0.84
0 0.1 5.88 2D2C41 0.84
0 0.94 -5.88 2C2B40 0.84
0 0.94 5.88 2D2C40 0.84
0 3.46 -5.88 2D2C41 0.84
0 3.46 5.88 2D2C41 0.84
0 4.3 -5.88 2B2A3F 0.84
0 4.3 5.88 2D2C41 0.84
0 5.14 -5.88 2E2D41 0.84
0 5.14 5.88 2C2B40 0.84
0 5.98 -5.88 2D2C40 0.84
0 5.98 5.88 2D2C41 0.84
0 6.82 -6.72 2C2B40 0.84
0 6.82 6.719999 2D2C40 0.84
0 7.66 -6.72 2D2C41 0.84
0 7.66 6.719999 2E2D41 0.84
0 8.500001 -6.72 2D2C41 0.84
0 8.500001 6.719999 2D2C40 0.84
0 9.340001 -6.72 2D2C41 0.84
0 9.340001 6.719999 2E2D41 0.84
0 10.18 -6.72 2D2C41 0.84
0 10.18 6.719999 2F2D42 0.84
0 13.54 -6.72 2D2C40 0.84
0 13.54 6.719999 2E2B3F 0.84
0 14.38 -6.72 2C2B40 0.84
0 14.38 6.719999 2E2B3F 0.84
0 15.22 -6.72 2C2B40 0.84
0 15.22 6.719999 2E2B3F 0.84
0 16.06 -7.56 2A293E 0.84
0 16.06 7.559999 2A293C 0.84
0 16.9 -8.400001 4E3C4A 0.84
0 16.9 -6.72 201B30 0.84
0 16.9 -5.88 201A2F 0.84
0 16.9 -5.04 201C31 0.84
0 16.9 -4.2 201C30 0.84
0 16.9 -3.36 201C30 0.84
0 16.9 -2.52 201B30 0.84
0 16.9 -1.68 201C30 0.84
0 16.9 -0.8400002 201B30 0.84
0 16.9 0 201B30 0.84
0 16.9 0.8400002 201B30 0.84
0 16.9 1.68 201C30 0.84
0 16.9 2.52 201B30 0.84
0 16.9 3.36 201B30 0.84
0 16.9 4.2 201B30 0.84
0 16.9 5.04 201B30 0.84
0 16.9 5.88 201C31 0.84
0 16.9 6.719999 201B30 0.84
0 16.9 8.400002 473A4A 0.84
0 17.74 -7.56 383246 0.84
0 17.74 7.559999 363347 0.84
0 18.58 -7.56 473347 0.84
0 18.58 7.559999 373348 0.84
0 19.42 -6.72 403B4E 0.84
0 19.42 -5.88 413C4F 0.84
0 19.42 -5.04 403B4F 0.84
0 19.42 5.04 403B4F 0.84
0 19.42 5.88 403B4E 0.84
0 19.42 6.719999 413C4F 0.84
0 20.26 -1.68 2E2D41 0.84
0 19.42 -3.36 3F3A4D 0.84
0 19.42 -2.52 393549 0.84
0 19.42 -1.68 201B30 0.84
0 19.42 -0.8400002 201B30 0.84
0 19.42 0 201B30 0.84
0 19.42 0.8400002 201B30 0.84
0 19.42 1.68 212337 0.84
0 19.42 2.52 3C374B 0.84
0 20.26 1.68 312E43 0.84
0 19.42 3.36 403A4E 0.84
0 21.1 -1.68 37344C 0.84
0 21.1 1.68 343143 0.84
0 21.1 -0.8400002 403B4E 0.84
0 21.1 0 413C4F 0.84
0 21.1 0.8400002 3E394D 0.84
0.84 14.38 -6.72 2C2B40 0.84
0.84 5.14 -5.88 2C2B40 0.84
0.84 5.14 5.88 2D2C40 0.84
0.84 14.38 6.719999 2D2B40 0.84
0.84 0.1 -5.04 2A2A3F 0.84
0.84 0.1 5.04 2C2B40 0.84
0.84 0.94 -5.88 2E2D41 0.84
0.84 0.94 5.88 2C2B40 0.84
0.84 1.78 -5.88 2D2C40 0.84
0.84 1.78 5.88 2D2C41 0.84
0.84 2.62 -5.88 2D2C40 0.84
0.84 2.62 5.88 2D2B40 0.84
0.84 3.46 -5.88 2E2D41 0.84
0.84 3.46 5.88 2C2B40 0.84
0.84 4.3 -5.88 2D2C40 0.84
0.84 4.3 5.88 2D2C41 0.84
0.84 5.98 -5.88 2E2D41 0.84
0.84 5.98 5.88 2E2C41 0.84
0.84 6.82 -5.88 2D2C40 0.84
0.84 6.82 5.88 2E2D41 0.84
0.84 7.66 -5.88 2D2C41 0.84
0.84 7.66 5.88 2F2D42 0.84
0.84 8.500001 -5.88 2D2C40 0.84
0.84 8.500001 5.88 2E2C41 0.84
0.84 9.340001 -5.88 2E2D41 0.84
0.84 9.340001 5.88 2E2C41 0.84
0.84 10.18 -6.72 2D2C41 0.84
0.84 10.18 6.719999 2E2D41 0.84
0.84 11.02 -6.72 2D2C41 0.84
0.84 11.02 6.719999 2E2D42 0.84
0.84 11.86 -6.72 2E2C41 0.84
0.84 11.86 6.719999 2E2D41 0.84
0.84 12.7 -6.72 2D2C40 0.84
0.84 12.7 6.719999 2E2D41 0.84
0.84 13.54 -6.72 2E2C41 0.84
0.84 13.54 6.719999 2E2D41 0.84
0.84 15.22 -6.72 2B2A3F 0.84
0.84 15.22 6.719999 2D2B40 0.84
0.84 16.06 -6.72 29293E 0.84
0.84 16.06 6.719999 28283D 0.84
0.84 16.9 -7.56 524A5B 0.84
0.84 16.9 -6.72 201E33 0.84
0.84 16.9 -5.88 201B30 0.84
0.84 16.9 -5.04 201C31 0.84
0.84 16.9 -4.2 201B30 0.84
0.84 16.9 -3.36 201B30 0.84
0.84 16.9 -2.52 201C30 0.84
0.84 16.9 -1.68 201B30 0.84
0.84 16.9 -0.8400002 201B30 0.84
0.84 16.9 0 201B30 0.84
0.84 16.9 0.8400002 201B30 0.84
0.84 16.9 1.68 201B30 0.84
0.84 16.9 2.52 201B30 0.84
0.84 16.9 3.36 201C30 0.84
0.84 16.9 4.2 201C30 0.84
0.84 16.9 5.04 201C30 0.84
0.84 16.9 5.88 201B30 0.84
0.84 16.9 6.719999 201E33 0.84
0.84 16.9 7.559999 493A4A 0.84
0.84 17.74 -7.56 343146 0.84
0.84 17.74 7.559999 373347 0.84
0.84 18.58 -6.72 353246 0.84
0.84 18.58 6.719999 363347 0.84
0.84 19.42 -4.2 3E394D 0.84
0.84 19.42 -6.72 3F3A4D 0.84
0.84 19.42 -5.88 403B4E 0.84
0.84 19.42 -5.04 403B4E 0.84
0.84 19.42 4.2 403B4E 0.84
0.84 19.42 5.04 423C50 0.84
0.84 19.42 5.88 413C4F 0.84
0.84 19.42 6.719999 3E3B4C 0.84
0.84 20.26 -1.68 312F43 0.84
0.84 19.42 -3.36 3F3A4D 0.84
0.84 19.42 -2.52 393549 0.84
0.84 19.42 -1.68 26273C 0.84
0.84 19.42 -0.8400002 25263B 0.84
0.84 19.42 0 29293D 0.84
0.84 19.42 0.8400002 201B30 0.84
0.84 19.42 1.68 27273C 0.84
0.84 19.42 2.52 3C374B 0.84
0.84 20.26 1.68 322F44 0.84
0.84 19.42 3.36 3F3A4D 0.84
0.84 21.1 -1.68 39364E 0.84
0.84 21.1 1.68 323043 0.84
0.84 21.1 -0.8400002 4C4557 0.84
0.84 21.1 0 4F4759 0.84
0.84 21.1 0.8400002 524A5B 0.84
1.68 9.340001 -5.88 2D2C40 0.84
1.68 9.340001 5.88 2D2C41 0.84
1.68 0.1 -5.04 2B2A3F 0.84
1.68 0.1 5.04 2D2C41 0.84
1.68 0.94 -5.04 2E2C41 0.84
1.68 0.94 5.04 2D2C40 0.84
1.68 1.78 -5.04 2D2C41 0.84
1.68 1.78 5.04 2D2C40 0.84
1.68 2.62 -5.04 2D2C41 0.84
1.68 2.62 5.04 2D2C40 0.84
1.68 3.46 -5.04 2E2C41 0.84
1.68 3.46 5.04 2C2B40 0.84
1.68 4.3 -5.04 2E2D41 0.84
1.68 4.3 5.04 2E2C41 0.84
1.68 5.14 -5.88 2D2C41 0.84
1.68 5.14 5.88 2E2C41 0.84
1.68 5.98 -5.88 2D2C41 0.84
1.68 5.98 5.88 2E2C41 0.84
1.68 6.82 -5.88 2D2C40 0.84
1.68 6.82 5.88 2D2C40 0.84
1.68 7.66 -5.88 2D2C41 0.84
1.68 7.66 5.88 2E2D41 0.84
1.68 8.500001 -5.88 2D2C40 0.84
1.68 8.500001 5.88 2D2C41 0.84
1.68 10.18 -5.88 2E2D41 0.84
1.68 10.18 5.88 2E2D41 0.84
1.68 11.02 -5.88 2E2C41 0.84
1.68 11.02 5.88 2E2C41 0.84
1.68 11.86 -5.88 2D2C41 0.84
1.68 11.86 5.88 2F2D42 0.84
1.68 12.7 -5.88 2D2C41 0.84
1.68 12.7 5.88 2E2C41 0.84
1.68 13.54 -5.88 2E2D41 0.84
1.68 13.54 5.88 2E2C41 0.84
1.68 14.38 -6.72 2E2C41 0.84
1.68 14.38 6.719999 2E2C41 0.84
1.68 15.22 -6.72 2C2B40 0.84
1.68 15.22 6.719999 2D2C40 0.84
1.68 16.06 -6.72 29293E 0.84
1.68 16.06 6.719999 28283D 0.84
1.68 16.9 -7.56 4F4859 0.84
1.68 16.9 -5.88 201B30 0.84
1.68 16.9 -5.04 201C30 0.84
1.68 16.9 -4.2 201B30 0.84
1.68 16.9 -3.36 201C30 0.84
1.68 16.9 -2.52 201B30 0.84
1.68 16.9 -1.68 201B30 0.84
1.68 16.9 -0.8400002 201B30 0.84
1.68 16.9 0 201B30 0.84
1.68 16.9 0.8400002 201B30 0.84
1.68 16.9 1.68 201B30 0.84
1.68 16.9 2.52 201C31 0.84
1.68 16.9 3.36 201C30 0.84
1.68 16.9 4.2 201B30 0.84
1.68 16.9 5.04 201C30 0.84
1.68 16.9 5.88 201B30 0.84
1.68 16.9 7.559999 4B3B4A 0.84
1.68 17.74 -6.72 363347 0.84
1.68 17.74 6.719999 363347 0.84
1.68 18.58 -6.72 333045 0.84
1.68 18.58 6.719999 363247 0.84
1.68 19.42 -3.36 3F3A4D 0.84
1.68 19.42 -5.88 3F3A4E 0.84
1.68 19.42 -5.04 413B4E 0.84
1.68 19.42 -4.2 3F3A4E 0.84
1.68 19.42 4.2 413C4F 0.84
1.68 19.42 3.36 3E394D 0.84
1.68 19.42 5.04 3E394D 0.84
1.68 19.42 5.88 3F394D 0.84
1.68 19.42 -2.52 3E394D 0.84
1.68 19.42 -1.68 383448 0.84
1.68 19.42 -0.8400002 3A364A 0.84
0.84 20.26 -0.8400002 2F2E42 0.84
1.68 19.42 0 39354A 0.84
0.84 20.26 0 312F43 0.84
1.68 19.42 0.8400002 3A364A 0.84
0.84 20.26 0.8400002 312F43 0.84
1.68 19.42 1.68 3D384C 0.84
1.68 19.42 2.52 403D4E 0.84
2.52 12.7 -5.88 2D2C41 0.84
2.52 3.46 -5.04 2E2C41 0.84
2.52 3.46 5.04 2C2B40 0.84
2.52 12.7 5.88 2F2D42 0.84
2.52 0.1 -5.04 2C2B40 0.84
2.52 0.1 5.04 2C2B40 0.84
2.52 0.94 -5.04 2C2B40 0.84
2.52 0.94 5.04 2C2B40 0.84
2.52 1.78 -5.04 2C2B40 0.84
2.52 1.78 5.04 2D2C40 0.84
2.52 2.62 -5.04 2E2C41 0.84
2.52 2.62 5.04 2E2C41 0.84
2.52 4.3 -5.04 2D2C40 0.84
2.52 4.3 5.04 2D2C40 0.84
2.52 5.14 -5.04 2F2D42 0.84
2.52 5.14 5.04 2E2C41 0.84
2.52 5.98 -5.04 2D2C40 0.84
2.52 5.98 5.04 2D2C41 0.84
2.52 6.82 -5.04 2D2C40 0.84
2.52 6.82 5.04 2E2C41 0.84
2.52 7.66 -5.04 2D2C41 0.84
2.52 7.66 5.04 2E2C41 0.84
2.52 8.500001 -5.88 2E2C41 0.84
2.52 8.500001 5.88 2E2D41 0.84
2.52 9.340001 -5.88 2D2C41 0.84
2.52 9.340001 5.88 2D2C40 0.84
2.52 10.18 -5.88 2D2C41 0.84
2.52 10.18 5.88 2E2C41 0.84
2.52 11.02 -5.88 2E2D41 0.84
2.52 11.02 5.88 2E2C41 0.84
2.52 11.86 -5.88 2C2B40 0.84
2.52 11.86 5.88 2E2D42 0.84
2.52 13.54 -5.88 2D2C41 0.84
2.52 13.54 5.88 2D2C41 0.84
2.52 14.38 -5.88 2C2B40 0.84
2.52 14.38 5.88 2D2C41 0.84
2.52 15.22 -5.88 2B2B3F 0.84
2.52 15.22 5.88 2C2B40 0.84
2.52 16.06 -5.88 28283D 0.84
2.52 16.06 5.88 27273C 0.84
2.52 16.9 -6.72 4F4859 0.84
2.52 16.9 -5.88 201F34 0.84
2.52 16.9 -5.04 201B30 0.84
2.52 16.9 -4.2 201B30 0.84
2.52 16.9 -3.36 201B30 0.84
2.52 16.9 -2.52 201C31 0.84
2.52 16.9 -1.68 201C30 0.84
2.52 16.9 -0.8400002 201B30 0.84
2.52 16.9 0 201B30 0.84
2.52 16.9 0.8400002 201B30 0.84
2.52 16.9 1.68 201B30 0.84
2.52 16.9 2.52 201B30 0.84
2.52 16.9 3.36 201C30 0.84
2.52 16.9 4.2 201C31 0.84
2.52 16.9 5.04 201C31 0.84
2.52 16.9 5.88 201D32 0.84
2.52 16.9 6.719999 4B3B4A 0.84
2.52 17.74 -6.72 353247 0.84
2.52 17.74 6.719999 383448 0.84
2.52 18.58 -6.72 343146 0.84
2.52 18.58 6.719999 363347 0.84
2.52 19.42 -3.36 3F3A4D 0.84
2.52 19.42 -5.88 3F3A4E 0.84
2.52 19.42 -5.04 413B4E 0.84
2.52 19.42 -4.2 413B4F 0.84
2.52 19.42 3.36 403B4E 0.84
2.52 19.42 4.2 3E394D 0.84
2.52 19.42 5.04 423C50 0.84
2.52 19.42 5.88 413C4F 0.84
2.52 19.42 -2.52 3F3A4D 0.84
2.52 19.42 -1.68 453F52 0.84
2.52 19.42 -0.8400002 3D384C 0.84
2.52 19.42 0 3C384C 0.84
2.52 19.42 0.8400002 3E394D 0.84
2.52 19.42 1.68 3F3A4D 0.84
2.52 19.42 2.52 403B4E 0.84
3.36 7.66 -5.04 2E2D41 0.84
3.36 7.66 5.04 2D2C41 0.84
3.36 0.1 -4.2 2C2B3F 0.84
3.36 0.1 4.2 2C2B40 0.84
3.36 0.94 -4.2 2F2D42 0.84
3.36 0.94 4.2 2C2B40 0.84
3.36 1.78 -4.2 2D2C40 0.84
3.36 1.78 4.2 2C2B40 0.84
3.36 2.62 -4.2 2C2B40 0.84
3.36 2.62 4.2 2C2B40 0.84
3.36 3.46 -5.04 2D2C41 0.84
3.36 3.46 5.04 2C2B40 0.84
3.36 4.3 -5.04 2D2C41 0.84
3.36 4.3 5.04 2E2C41 0.84
3.36 5.14 -5.04 2E2D41 0.84
3.36 5.14 5.04 2D2C41 0.84
3.36 5.98 -5.04 2F2E42 0.84
3.36 5.98 5.04 2D2C41 0.84
3.36 6.82 -5.04 2D2C41 0.84
3.36 6.82 5.04 2E2C41 0.84
3.36 8.500001 -5.04 2E2D41 0.84
3.36 8.500001 5.04 2E2C41 0.84
3.36 9.340001 -5.04 2C2B40 0.84
3.36 9.340001 5.04 2D2C41 0.84
3.36 10.18 -5.04 2D2C41 0.84
3.36 10.18 5.04 2F2D42 0.84
3.36 11.02 -5.04 2D2C41 0.84
3.36 11.02 5.04 2D2C41 0.84
3.36 11.86 -5.04 2E2C41 0.84
3.36 11.86 5.04 2E2D42 0.84
3.36 12.7 -5.88 2C2B3F 0.84
3.36 12.7 5.88 2E2C41 0.84
3.36 13.54 -5.88 2E2D41 0.84
3.36 13.54 5.88 2D2C41 0.84
3.36 14.38 -5.88 2D2C41 0.84
3.36 14.38 5.88 2E2C41 0.84
3.36 15.22 -5.88 2D2C41 0.84
3.36 15.22 5.88 2D2C41 0.84
3.36 16.06 -5.88 27283C 0.84
3.36 16.06 5.88 29283D 0.84
3.36 16.9 -6.72 534B5C 0.84
3.36 16.9 -5.04 201B30 0.84
3.36 16.9 -4.2 201B30 0.84
3.36 16.9 -3.36 201B30 0.84
3.36 16.9 -2.52 201B30 0.84
3.36 16.9 -1.68 201B30 0.84
3.36 16.9 -0.8400002 201C31 0.84
3.36 16.9 0 201B30 0.84
3.36 16.9 0.8400002 201B30 0.84
3.36 16.9 1.68 201C31 0.84
3.36 16.9 2.52 201C30 0.84
3.36 16.9 3.36 201B30 0.84
3.36 16.9 4.2 201B30 0.84
3.36 16.9 5.04 201B30 0.84
3.36 16.9 6.719999 4C3C4B 0.84
3.36 17.74 -6.72 353246 0.84
3.36 17.74 6.719999 373347 0.84
3.36 18.58 -5.88 353247 0.84
3.36 18.58 5.88 373347 0.84
3.36 19.42 -2.52 403B4E 0.84
3.36 19.42 -5.04 413B4F 0.84
3.36 19.42 -4.2 403B4E 0.84
3.36 19.42 -3.36 3F3A4E 0.84
3.36 19.42 2.52 403B4E 0.84
3.36 19.42 3.36 403A4E 0.84
3.36 19.42 4.2 403B4E 0.84
3.36 19.42 5.04 423C4F 0.84
3.36 19.42 -1.68 403B4E 0.84
3.36 19.42 -0.8400002 3F3A4D 0.84
3.36 19.42 0 3F3A4E 0.84
3.36 19.42 0.8400002 403B4E 0.84
3.36 19.42 1.68 413C4F 0.84
4.2 11.86 -5.04 2E2D41 0.84
4.2 1.78 -4.2 2D2C41 0.84
4.2 1.78 4.2 2D2C40 0.84
4.2 11.86 5.04 2E2D41 0.84
4.2 0.1 -3.36 2D2C42 0.84
4.2 0.1 3.36 2D2C41 0.84
4.2 0.94 -4.2 2F2D42 0.84
4.2 0.94 4.2 2D2B40 0.84
4.2 2.62 -4.2 2D2C41 0.84
4.2 2.62 4.2 2D2C40 0.84
4.2 3.46 -4.2 2C2B40 0.84
4.2 3.46 4.2 2D2C41 0.84
4.2 4.3 -4.2 2D2C41 0.84
4.2 4.3 4.2 2E2C41 0.84
4.2 5.14 -4.2 2E2C41 0.84
4.2 5.14 4.2 2E2C41 0.84
4.2 5.98 -4.2 2E2D41 0.84
4.2 5.98 4.2 2C2B40 0.84
4.2 6.82 -5.04 2D2C41 0.84
4.2 6.82 5.04 2D2C41 0.84
4.2 7.66 -5.04 2D2C41 0.84
4.2 7.66 5.04 2E2D41 0.84
4.2 8.500001 -5.04 2C2B40 0.84
4.2 8.500001 5.04 2D2C40 0.84
4.2 9.340001 -5.04 2D2C41 0.84
4.2 9.340001 5.04 2D2C40 0.84
4.2 10.18 -5.04 2E2D42 0.84
4.2 10.18 5.04 2F2D42 0.84
4.2 11.02 -5.04 2D2C41 0.84
4.2 11.02 5.04 2E2C41 0.84
4.2 12.7 -5.04 2D2C40 0.84
4.2 12.7 5.04 2E2C41 0.84
4.2 13.54 -5.04 2E2C41 0.84
4.2 13.54 5.04 2E2D42 0.84
4.2 14.38 -5.04 2E2D41 0.84
4.2 14.38 5.04 2E2C41 0.84
4.2 15.22 -5.04 2C2C40 0.84
4.2 15.22 5.04 2D2C40 0.84
4.2 16.06 -5.04 29293E 0.84
4.2 16.06 5.04 28283C 0.84
4.2 16.9 -6.72 544C5D 0.84
4.2 16.9 -5.04 201C30 0.84
4.2 16.9 -4.2 201B30 0.84
4.2 16.9 -3.36 201C30 0.84
4.2 16.9 -2.52 201C30 0.84
4.2 16.9 -1.68 201B30 0.84
4.2 16.9 -0.8400002 201C31 0.84
4.2 16.9 0 201C31 0.84
4.2 16.9 0.8400002 201C31 0.84
4.2 16.9 1.68 201C30 0.84
4.2 16.9 2.52 201C31 0.84
4.2 16.9 3.36 201C30 0.84
4.2 16.9 4.2 201C30 0.84
4.2 16.9 5.04 201D32 0.84
4.2 16.9 6.719999 483949 0.84
4.2 17.74 -5.88 353246 0.84
4.2 17.74 5.88 363247 0.84
4.2 18.58 -5.88 343146 0.84
4.2 18.58 5.88 363347 0.84
4.2 19.42 0 403B4E 0.84
4.2 19.42 -5.04 3F3A4D 0.84
4.2 19.42 -4.2 413C4F 0.84
4.2 19.42 -3.36 403B4E 0.84
4.2 19.42 -2.52 3F3A4E 0.84
4.2 19.42 -1.68 3F3A4E 0.84
4.2 19.42 -0.8400002 3F3A4D 0.84
4.2 19.42 0.8400002 403A4E 0.84
4.2 19.42 1.68 3F394D 0.84
4.2 19.42 2.52 413C4F 0.84
4.2 19.42 3.36 3F3A4E 0.84
4.2 19.42 4.2 403B4E 0.84
4.2 19.42 5.04 413C4F 0.84
5.04 15.22 -5.04 2C2B40 0.84
5.04 11.86 -4.2 2E2C41 0.84
5.04 7.66 -3.36 2E2D42 0.84
5.04 3.46 -2.52 2D2C41 0.84
5.04 3.46 2.52 2E2C41 0.84
5.04 7.66 3.36 2E2C41 0.84
5.04 11.86 4.2 2E2C41 0.84
5.04 15.22 5.04 2D2B40 0.84
5.04 0.1 -1.68 2D2C42 0.84
5.04 0.1 -2.52 2E2D42 0.84
5.04 0.1 2.52 2E2C42 0.84
5.04 0.1 1.68 2C2B40 0.84
5.04 0.94 -1.68 2D2C40 0.84
4.2 0.94 -3.36 2E2D41 0.84
5.04 0.94 -2.52 2E2D41 0.84
5.04 0.94 2.52 2D2C41 0.84
5.04 0.94 1.68 2D2C41 0.84
4.2 0.94 3.36 2D2C41 0.84
5.04 1.78 -1.68 2D2C41 0.84
4.2 1.78 -3.36 2F2D42 0.84
5.04 1.78 -2.52 2E2C41 0.84
5.04 1.78 2.52 2E2C41 0.84
5.04 1.78 1.68 2D2C40 0.84
4.2 1.78 3.36 2E2C41 0.84
5.04 2.62 -2.52 2D2C41 0.84
4.2 2.62 -3.36 2E2D42 0.84
5.04 2.62 2.52 2D2C41 0.84
4.2 2.62 3.36 2E2D41 0.84
5.04 3.46 -3.36 2F2D42 0.84
5.04 3.46 3.36 2E2C41 0.84
5.04 4.3 -2.52 2E2C41 0.84
5.04 4.3 -3.36 2F2D42 0.84
5.04 4.3 3.36 2D2C41 0.84
5.04 4.3 2.52 2E2C41 0.84
5.04 5.14 -2.52 2E2D41 0.84
5.04 5.14 -3.36 2E2D42 0.84
5.04 5.14 3.36 2C2B40 0.84
5.04 5.14 2.52 2D2C41 0.84
5.04 5.98 -3.36 2D2C41 0.84
5.04 5.98 3.36 2D2B40 0.84
5.04 6.82 -3.36 2E2C41 0.84
5.04 6.82 -4.2 2F2D42 0.84
5.04 6.82 3.36 2E2D41 0.84
5.04 6.82 4.2 2C2B40 0.84
5.04 7.66 -4.2 2D2C41 0.84
5.04 7.66 4.2 2D2B40 0.84
5.04 8.500001 -3.36 2F2E42 0.84
5.04 8.500001 -4.2 2F2D42 0.84
5.04 8.500001 4.2 2E2D42 0.84
5.04 8.500001 3.36 2F2D42 0.84
5.04 9.340001 -3.36 2E2C41 0.84
5.04 9.340001 -4.2 2E2C41 0.84
5.04 9.340001 4.2 2E2C41 0.84
5.04 9.340001 3.36 2E2D41 0.84
5.04 10.18 -4.2 2E2D41 0.84
5.04 10.18 4.2 2F2D42 0.84
5.04 11.02 -4.2 2E2C41 0.84
5.04 11.02 4.2 2E2D41 0.84
5.04 12.7 -4.2 2E2D42 0.84
5.04 12.7 4.2 2E2C41 0.84
5.04 13.54 -5.04 2D2C41 0.84
5.04 13.54 5.04 2E2C41 0.84
5.04 14.38 -5.04 2D2C41 0.84
5.04 14.38 5.04 2E2C41 0.84
5.04 16.06 -5.04 29293E 0.84
5.04 16.06 5.04 28283D 0.84
5.04 16.9 -5.88 564D5E 0.84
5.04 16.9 -5.04 202034 0.84
5.04 16.9 -4.2 201B30 0.84
5.04 16.9 -3.36 201B30 0.84
5.04 16.9 -2.52 201C31 0.84
5.04 16.9 -1.68 201C31 0.84
5.04 16.9 -0.8400002 201B30 0.84
5.04 16.9 0 201C30 0.84
5.04 16.9 0.8400002 201C30 0.84
5.04 16.9 1.68 201C31 0.84
5.04 16.9 2.52 201B30 0.84
5.04 16.9 3.36 201C31 0.84
5.04 16.9 4.2 201C30 0.84
5.04 16.9 5.04 23253A 0.84
5.04 16.9 5.88 493A4A 0.84
5.04 17.74 -5.88 343146 0.84
5.04 17.74 5.88 373348 0.84
5.04 18.58 -5.04 353246 0.84
5.04 18.58 5.04 363347 0.84
5.04 19.42 -5.04 3F3A4D 0.84
5.04 19.42 -4.2 403B4E 0.84
5.04 19.42 -3.36 403B4E 0.84
5.04 19.42 -2.52 403B4F 0.84
5.04 19.42 -1.68 403A4E 0.84
5.04 19.42 -0.8400002 413B4F 0.84
5.04 19.42 0 403B4E 0.84
5.04 19.42 0.8400002 403B4E 0.84
5.04 19.42 1.68 403B4E 0.84
5.04 19.42 2.52 403B4F 0.84
5.04 19.42 3.36 413B4F 0.84
5.04 19.42 4.2 413C4F 0.84
5.04 19.42 5.04 403B4E 0.84
5.88 12.7 -2.52 2E2C41 0.84
5.88 9.340001 -1.68 2D2C41 0.84
5.88 5.14 -0.8400002 2E2D41 0.84
5.88 1.78 0 2D2C41 0.84
5.88 5.14 0.8400002 2E2C41 0.84
5.88 9.340001 1.68 2E2C41 0.84
5.88 12.7 2.52 2E2C41 0.84
5.04 0.1 -0.8400002 2E2C42 0.84
5.88 0.1 0 2C2B41 0.84
5.04 0.1 0.8400002 2C2B41 0.84
5.88 0.94 -0.8400002 2E2D41 0.84
5.88 0.94 0 2E2C41 0.84
5.88 0.94 0.8400002 2E2C41 0.84
5.88 1.78 -0.8400002 2E2C41 0.84
5.88 1.78 0.8400002 2D2C40 0.84
5.88 2.62 0 2E2D42 0.84
5.04 2.62 -1.68 2E2D42 0.84
5.88 2.62 -0.8400002 2D2C41 0.84
5.88 2.62 0.8400002 2E2C41 0.84
5.04 2.62 1.68 2E2C41 0.84
5.88 3.46 -0.8400002 2F2D42 0.84
5.04 3.46 -1.68 2E2C41 0.84
5.88 3.46 0.8400002 2D2C41 0.84
5.04 3.46 1.68 2E2D41 0.84
5.88 4.3 -0.8400002 2E2C41 0.84
5.04 4.3 -1.68 2E2C41 0.84
5.88 4.3 0.8400002 2E2D41 0.84
5.04 4.3 1.68 2E2C41 0.84
5.88 5.14 -1.68 2E2D41 0.84
5.88 5.14 1.68 2E2C41 0.84
5.88 5.98 -0.8400002 2E2C41 0.84
5.04 5.98 -2.52 2E2C41 0.84
5.88 5.98 -1.68 2D2C41 0.84
5.88 5.98 1.68 2E2D41 0.84
5.88 5.98 0.8400002 2E2D42 0.84
5.04 5.98 2.52 2F2D42 0.84
5.88 6.82 -0.8400002 2D2C41 0.84
5.04 6.82 -2.52 2E2C41 0.84
5.88 6.82 -1.68 2E2C41 0.84
5.88 6.82 1.68 2D2C41 0.84
5.88 6.82 0.8400002 2D2C41 0.84
5.04 6.82 2.52 2E2C41 0.84
5.88 7.66 -1.68 2E2D42 0.84
5.04 7.66 -2.52 2F2D42 0.84
5.88 7.66 1.68 2E2D41 0.84
5.04 7.66 2.52 2E2C41 0.84
5.88 8.500001 -1.68 2E2C41 0.84
5.88 8.500001 -2.52 2E2C41 0.84
5.88 8.500001 1.68 2F2D42 0.84
5.88 8.500001 2.52 2E2C41 0.84
5.88 9.340001 -2.52 2E2D41 0.84
5.88 9.340001 2.52 2F2D42 0.84
5.88 10.18 -1.68 2D2C41 0.84
5.04 10.18 -3.36 2E2D41 0.84
5.88 10.18 -2.52 2D2C41 0.84
5.88 10.18 2.52 2E2D42 0.84
5.88 10.18 1.68 2D2C41 0.84
5.04 10.18 3.36 2D2C41 0.84
5.88 11.02 -1.68 2E2D41 0.84
5.04 11.02 -3.36 2E2C41 0.84
5.88 11.02 -2.52 2C2B40 0.84
5.88 11.02 2.52 2D2C41 0.84
5.88 11.02 1.68 2E2D41 0.84
5.04 11.02 3.36 2D2C41 0.84
5.88 11.86 -2.52 2E2C41 0.84
5.04 11.86 -3.36 2E2D42 0.84
5.88 11.86 2.52 2F2D42 0.84
5.04 11.86 3.36 2E2D42 0.84
5.88 12.7 -3.36 2E2C41 0.84
5.88 12.7 3.36 2E2C41 0.84
5.88 13.54 -2.52 2E2D41 0.84
5.04 13.54 -4.2 2E2D41 0.84
5.88 13.54 -3.36 2E2C41 0.84
5.88 13.54 3.36 2E2D41 0.84
5.88 13.54 2.52 2E2C41 0.84
5.04 13.54 4.2 2E2C41 0.84
5.88 14.38 -2.52 2D2C41 0.84
5.04 14.38 -4.2 2D2C41 0.84
5.88 14.38 -3.36 2D2C41 0.84
5.88 14.38 3.36 2D2C41 0.84
5.88 14.38 2.52 2E2C41 0.84
5.04 14.38 4.2 2F2D42 0.84
5.88 15.22 -3.36 2C2B40 0.84
5.04 15.22 -4.2 2E2C41 0.84
5.88 15.22 3.36 2C2B40 0.84
5.04 15.22 4.2 2D2C40 0.84
5.88 16.06 -3.36 28283D 0.84
5.04 16.06 -4.2 29293D 0.84
5.88 16.06 3.36 2A2A3E 0.84
5.04 16.06 4.2 29293D 0.84
5.88 16.9 -5.04 524A5B 0.84
5.88 16.9 -2.52 201B30 0.84
5.88 16.9 -1.68 201B30 0.84
5.88 16.9 -0.8400002 201B30 0.84
5.88 16.9 0 201B30 0.84
5.88 16.9 0.8400002 201B30 0.84
5.88 16.9 1.68 201C31 0.84
5.88 16.9 2.52 201B30 0.84
5.88 16.9 5.04 3A3447 0.84
5.88 17.74 -4.2 363347 0.84
5.88 17.74 -5.04 353247 0.84
5.88 17.74 5.04 353247 0.84
5.88 17.74 4.2 353247 0.84
5.88 18.58 -3.36 353247 0.84
5.88 18.58 -4.2 363347 0.84
5.88 18.58 4.2 363347 0.84
5.88 18.58 3.36 353246 0.84
5.88 19.42 -2.52 403B4E 0.84
5.88 19.42 -1.68 3F3A4E 0.84
5.88 19.42 -0.8400002 403B4E 0.84
5.88 19.42 0 403B4E 0.84
5.88 19.42 0.8400002 423C4F 0.84
5.88 19.42 1.68 403A4E 0.84
5.88 19.42 2.52 403B4E 0.84
6.72 14.38 -0.8400002 2E2C41 0.84
6.72 11.02 0 2E2D41 0.84
6.72 14.38 0.8400002 2E2C41 0.84
5.88 3.46 0 2D2C40 0.84
5.88 4.3 0 2C2B40 0.84
5.88 5.14 0 2E2D41 0.84
5.88 5.98 0 2D2C40 0.84
6.72 6.82 0 2E2D41 0.84
5.88 7.66 -0.8400002 2D2C41 0.84
6.72 7.66 0 2E2C41 0.84
5.88 7.66 0.8400002 2D2C40 0.84
5.88 8.500001 -0.8400002 2E2D42 0.84
6.72 8.500001 0 2E2D41 0.84
5.88 8.500001 0.8400002 2E2D41 0.84
5.88 9.340001 -0.8400002 2E2D41 0.84
6.72 9.340001 0 2E2D41 0.84
5.88 9.340001 0.8400002 2E2C41 0.84
6.72 10.18 -0.8400002 2E2C41 0.84
6.72 10.18 0 2E2C41 0.84
6.72 10.18 0.8400002 2F2D42 0.84
6.72 11.02 -0.8400002 2D2C41 0.84
6.72 11.02 0.8400002 2E2D41 0.84
6.72 11.86 0 2E2D41 0.84
5.88 11.86 -1.68 2E2D41 0.84
6.72 11.86 -0.8400002 2C2B40 0.84
6.72 11.86 0.8400002 2E2D41 0.84
5.88 11.86 1.68 2E2D41 0.84
6.72 12.7 0 2D2C41 0.84
5.88 12.7 -1.68 2F2E42 0.84
6.72 12.7 -0.8400002 2D2C41 0.84
6.72 12.7 0.8400002 2E2C41 0.84
5.88 12.7 1.68 2E2D41 0.84
6.72 13.54 -0.8400002 2E2D41 0.84
5.88 13.54 -1.68 2E2D42 0.84
6.72 13.54 0.8400002 2E2D42 0.84
5.88 13.54 1.68 2E2C41 0.84
6.72 14.38 -1.68 2D2C41 0.84
6.72 14.38 1.68 2D2C41 0.84
6.72 15.22 -0.8400002 2C2B40 0.84
5.88 15.22 -2.52 2C2B40 0.84
6.72 15.22 -1.68 2C2B40 0.84
6.72 15.22 1.68 2D2C40 0.84
6.72 15.22 0.8400002 2E2C41 0.84
5.88 15.22 2.52 2E2C41 0.84
6.72 16.06 -0.8400002 29293D 0.84
5.88 16.06 -2.52 2B2A3F 0.84
6.72 16.06 -1.68 2A293E 0.84
6.72 16.06 1.68 2A2A3E 0.84
6.72 16.06 0.8400002 28283D 0.84
5.88 16.06 2.52 2B2A3F 0.84
6.72 16.9 -3.36 51495B 0.84
6.72 16.9 -4.2 554D5E 0.84
6.72 16.9 -0.8400002 202135 0.84
6.72 16.9 0 201B30 0.84
6.72 16.9 0.8400002 24263B 0.84
6.72 16.9 3.36 3C3447 0.84
6.72 16.9 4.2 393347 0.84
6.72 17.74 -2.52 353246 0.84
6.72 17.74 -3.36 353247 0.84
6.72 17.74 2.52 353246 0.84
6.72 17.74 3.36 363247 0.84
6.72 18.58 -1.68 363347 0.84
6.72 18.58 -2.52 353246 0.84
6.72 18.58 2.52 363347 0.84
6.72 18.58 1.68 363247 0.84
6.72 19.42 -0.8400002 413D4E 0.84
6.72 19.42 0 413A4E 0.84
6.72 19.42 0.8400002 403B4E 0.84
6.72 13.54 0 2E2C41 0.84
6.72 14.38 0 2D2C41 0.84
6.72 15.22 0 2D2C41 0.84
7.56 16.06 0 2A293E 0.84
7.56 16.9 -0.8400002 554D5E 0.84
6.72 16.9 -2.52 534B5C 0.84
7.56 16.9 -1.68 534B5C 0.84
7.56 16.9 1.68 3A3346 0.84
7.56 16.9 0.8400002 3B3447 0.84
6.72 16.9 2.52 3A3447 0.84
7.56 17.74 -0.8400002 343145 0.84
6.72 17.74 -1.68 353247 0.84
7.56 17.74 0.8400002 353246 0.84
6.72 17.74 1.68 363347 0.84
6.72 18.58 -0.8400002 363347 0.84
7.56 18.58 0 353246 0.84
6.72 18.58 0.8400002 373347 0.84
8.400001 16.9 0 524A5E 0.84
7.56 17.74 0 363347 0.84
