9.240002 -0.1 -2.52 95635B 0.42
8.820001 -0.1 -2.52 95635B 0.42
-8.820001 -0.1 -2.520001 96645D 0.42
-9.240002 -0.1 -2.520001 96645C 0.42
-9.660001 -0.1 -2.520001 92615A 0.42
9.660001 0.32 -2.52 94635B 0.42
9.240002 0.32 -2.52 93615A 0.42
8.820001 0.32 -2.52 95635B 0.42
-8.820001 0.32 -2.520001 98675F 0.42
-9.240002 0.32 -2.520001 94635B 0.42
-9.660001 0.32 -2.520001 94635B 0.42
9.660001 0.7399999 -2.52 95635B 0.42
9.240002 0.7399999 -2.52 95635B 0.42
8.820001 0.7399999 -2.52 95635B 0.42
-8.820001 0.7399999 -2.520001 96655D 0.42
-9.240002 0.7399999 -2.520001 97645C 0.42
-9.660001 0.7399999 -2.520001 96645C 0.42
9.660001 1.16 -2.52 95635B 0.42
9.240002 1.16 -2.52 95635B 0.42
8.820001 1.16 -2.52 95635B 0.42
-8.820001 1.16 -2.520001 95635B 0.42
-9.240002 1.16 -2.520001 94635B 0.42
-9.660001 1.16 -2.520001 94635B 0.42
9.660001 1.58 -2.52 95635B 0.42
9.240002 1.58 -2.52 96645C 0.42
8.820001 1.58 -2.52 94625B 0.42
-8.820001 1.58 -2.520001 94635B 0.42
-9.240002 1.58 -2.520001 95635B 0.42
-9.660001 1.58 -2.520001 95635B 0.42
9.660001 2 -2.52 95635B 0.42
9.240002 2 -2.52 916059 0.42
8.820001 2 -2.52 95635B 0.42
-8.820001 2 -2.520001 92615A 0.42
-9.240002 2 -2.520001 94625B 0.42
-9.660001 2 -2.520001 92615A 0.42
9.660001 2.42 -2.52 95635B 0.42
9.240002 2.42 -2.52 93625B 0.42
8.820001 2.42 -2.52 92615A 0.42
-8.820001 2.42 -2.520001 91605A 0.42
-9.240002 2.42 -2.520001 94625B 0.42
-9.660001 2.42 -2.520001 94625B 0.42
9.660001 2.84 -2.52 895A56 0.42
9.240002 2.84 -2.52 8C5D58 0.42
8.820001 2.84 -2.52 8A5B57 0.42
-8.820001 2.84 -2.520001 8B5D59 0.42
-9.240002 2.84 -2.520001 8C5D58 0.42
-9.660001 2.84 -2.520001 8D5D58 0.42
10.08 3.26 -2.94 96645C 0.42
9.660001 3.26 -2.94 95635B 0.42
9.240002 3.26 -2.94 95635B 0.42
8.820001 3.26 -2.94 94625B 0.42
8.400002 3.26 -2.94 96645C 0.42
7.980001 3.26 -2.94 95635B 0.42
7.560001 3.26 -2.939999 95635B 0.42
7.140001 3.26 -2.94 96645C 0.42
6.720001 3.26 -2.939999 96645C 0.42
6.300001 3.26 -2.94 94635B 0.42
5.880001 3.26 -2.94 95635B 0.42
5.460001 3.26 -2.94 95635B 0.42
5.040001 3.26 -2.94 97645C 0.42
4.620001 3.26 -2.94 94635B 0.42
4.200001 3.26 -2.94 94635B 0.42
3.780001 3.26 -2.94 95635B 0.42
3.360001 3.26 -2.94 96645C 0.42
2.940001 3.26 -2.94 95635B 0.42
2.520001 3.26 -2.94 96645C 0.42
2.100001 3.26 -2.94 95635B 0.42
1.68 3.26 -2.94 94635B 0.42
1.26 3.26 -2.94 94625B 0.42
0.8400003 3.26 -2.94 97645C 0.42
0.4200003 3.26 -2.94 96645C 0.42
2.384186E-07 3.26 -2.94 96645C 0.42
-0.4199998 3.26 -2.94 96645C 0.42
-0.8399999 3.26 -2.940001 94625B 0.42
-1.26 3.26 -2.940001 95635B 0.42
-1.68 3.26 -2.940001 95635B 0.42
-2.1 3.26 -2.940001 95635B 0.42
-2.52 3.26 -2.940001 95635B 0.42
-2.94 3.26 -2.940001 97645C 0.42
-3.36 3.26 -2.940001 94625B 0.42
-3.78 3.26 -2.940001 93625B 0.42
-4.200001 3.26 -2.940001 94625B 0.42
-4.620001 3.26 -2.940001 97655C 0.42
-5.040001 3.26 -2.940001 96645C 0.42
-5.46 3.26 -2.940001 97655C 0.42
-5.88 3.26 -2.940001 93625B 0.42
-6.300001 3.26 -2.940001 95635B 0.42
-6.72 3.26 -2.940001 96645C 0.42
-7.140001 3.26 -2.940001 97645C 0.42
-7.56 3.26 -2.940001 96645C 0.42
-7.980001 3.26 -2.940001 98655C 0.42
-8.400002 3.26 -2.940001 94625B 0.42
-8.820001 3.26 -2.940001 96645C 0.42
-9.240002 3.26 -2.940001 97655C 0.42
-9.660001 3.26 -2.940001 97655C 0.42
-10.08 3.26 -2.940001 96645C 0.42
10.08 3.68 -2.94 97655C 0.42
9.660001 3.68 -2.94 94625B 0.42
9.240002 3.68 -2.94 97645C 0.42
8.820001 3.68 -2.94 95635B 0.42
8.400002 3.68 -2.94 95635B 0.42
7.980001 3.68 -2.94 95635B 0.42
7.560001 3.68 -2.939999 97645C 0.42
7.140001 3.68 -2.94 97645C 0.42
6.720001 3.68 -2.939999 96645C 0.42
6.300001 3.68 -2.94 94635B 0.42
5.880001 3.68 -2.94 98655D 0.42
5.460001 3.68 -2.94 96645C 0.42
5.040001 3.68 -2.94 96645C 0.42
4.620001 3.68 -2.94 94625B 0.42
4.200001 3.68 -2.94 97655C 0.42
3.780001 3.68 -2.94 95635B 0.42
3.360001 3.68 -2.94 96645C 0.42
2.940001 3.68 -2.94 97655C 0.42
2.520001 3.68 -2.94 95635B 0.42
2.100001 3.68 -2.94 96645C 0.42
1.68 3.68 -2.94 95635B 0.42
1.26 3.68 -2.94 93625B 0.42
0.8400003 3.68 -2.94 95635B 0.42
0.4200003 3.68 -2.94 96645C 0.42
2.384186E-07 3.68 -2.94 94635B 0.42
-0.4199998 3.68 -2.94 91605A 0.42
-0.8399999 3.68 -2.940001 95635B 0.42
-1.26 3.68 -2.940001 97655C 0.42
-1.68 3.68 -2.940001 97645C 0.42
-2.1 3.68 -2.940001 96645C 0.42
-2.52 3.68 -2.940001 94625B 0.42
-2.94 3.68 -2.940001 96645C 0.42
-3.36 3.68 -2.940001 94635B 0.42
-3.78 3.68 -2.940001 94635B 0.42
-4.200001 3.68 -2.940001 96645C 0.42
-4.620001 3.68 -2.940001 96645C 0.42
-5.040001 3.68 -2.940001 95635B 0.42
-5.46 3.68 -2.940001 96645C 0.42
-5.88 3.68 -2.940001 94635B 0.42
-6.300001 3.68 -2.940001 94635B 0.42
-6.72 3.68 -2.940001 98655C 0.42
-7.140001 3.68 -2.940001 96645C 0.42
-7.56 3.68 -2.940001 94635B 0.42
-7.980001 3.68 -2.940001 96645C 0.42
-8.400002 3.68 -2.940001 95635B 0.42
-8.820001 3.68 -2.940001 96645C 0.42
-9.240002 3.68 -2.940001 97655C 0.42
-9.660001 3.68 -2.940001 95635B 0.42
-10.08 3.68 -2.940001 96645C 0.42
10.08 4.1 -2.94 94635B 0.42
9.660001 4.1 -2.94 96645C 0.42
9.240002 4.1 -2.94 96645C 0.42
8.820001 4.1 -2.94 96635C 0.42
8.400002 4.1 -2.94 97645C 0.42
7.980001 4.1 -2.94 96645C 0.42
7.560001 4.1 -2.939999 97655C 0.42
7.140001 4.1 -2.94 93625B 0.42
6.720001 4.1 -2.939999 95635B 0.42
6.300001 4.1 -2.94 95635B 0.42
5.880001 4.1 -2.94 95635B 0.42
5.460001 4.1 -2.94 97645C 0.42
5.040001 4.1 -2.94 95635B 0.42
4.620001 4.1 -2.94 95635B 0.42
4.200001 4.1 -2.94 93625B 0.42
3.780001 4.1 -2.94 96645C 0.42
3.360001 4.1 -2.94 96645C 0.42
2.940001 4.1 -2.94 94635B 0.42
2.520001 4.1 -2.94 95635B 0.42
2.100001 4.1 -2.94 95635B 0.42
1.68 4.1 -2.94 95635B 0.42
1.26 4.1 -2.94 96645C 0.42
0.8400003 4.1 -2.94 95635B 0.42
0.4200003 4.1 -2.94 95635B 0.42
2.384186E-07 4.1 -2.94 96645C 0.42
-0.4199998 4.1 -2.94 96645C 0.42
-0.8399999 4.1 -2.940001 95635B 0.42
-1.26 4.1 -2.940001 96645C 0.42
-1.68 4.1 -2.940001 96645C 0.42
-2.1 4.1 -2.940001 96645C 0.42
-2.52 4.1 -2.940001 96645C 0.42
-2.94 4.1 -2.940001 96645C 0.42
-3.36 4.1 -2.940001 94625B 0.42
-3.78 4.1 -2.940001 94635B 0.42
-4.200001 4.1 -2.940001 95635B 0.42
-4.620001 4.1 -2.940001 96645C 0.42
-5.040001 4.1 -2.940001 94635B 0.42
-5.46 4.1 -2.940001 96645C 0.42
-5.88 4.1 -2.940001 94625B 0.42
-6.300001 4.1 -2.940001 97645C 0.42
-6.72 4.1 -2.940001 96645C 0.42
-7.140001 4.1 -2.940001 95635B 0.42
-7.56 4.1 -2.940001 94635B 0.42
-7.980001 4.1 -2.940001 97655C 0.42
-8.400002 4.1 -2.940001 96645C 0.42
-8.820001 4.1 -2.940001 95635B 0.42
-9.240002 4.1 -2.940001 97655C 0.42
-9.660001 4.1 -2.940001 95635B 0.42
-10.08 4.1 -2.940001 95635B 0.42
9.660001 4.52 0.8400011 A86E61 0.42
9.240002 4.52 0.8400011 AB7062 0.42
8.820001 4.52 0.8400011 A96F61 0.42
-8.820001 4.52 0.8399992 AA7062 0.42
-9.240002 4.52 0.8399992 A86E61 0.42
-9.660001 4.52 0.8399992 9C665D 0.42
9.660001 4.940001 1.260001 A56D60 0.42
9.240002 4.940001 1.260001 A86F61 0.42
8.820001 4.940001 1.260001 A76E61 0.42
-8.820001 4.940001 1.259999 A76E61 0.42
-9.240002 4.940001 1.259999 A86F61 0.42
-9.660001 4.940001 1.259999 9D675E 0.42
9.660001 5.36 1.260001 A46D61 0.42
9.240002 5.36 1.260001 A87062 0.42
8.820001 5.36 1.260001 A76E61 0.42
8.400002 5.36 1.260001 A66D60 0.42
7.980001 5.36 1.260001 A76E61 0.42
7.560001 5.36 1.260001 A76E61 0.42
7.140001 5.36 1.260001 A76E61 0.42
6.720001 5.36 1.260001 A66D60 0.42
6.300001 5.36 1.260001 A86F61 0.42
5.880001 5.36 1.260001 A66D60 0.42
5.460001 5.36 1.260001 A86F61 0.42
5.040001 5.36 1.260001 A76E61 0.42
4.620001 5.36 1.260001 A66E61 0.42
4.200001 5.36 1.260001 A76E61 0.42
3.78 5.36 1.260001 AA7062 0.42
3.36 5.36 1.260001 A76E61 0.42
2.94 5.36 1.26 A66D60 0.42
2.52 5.36 1.26 A76E61 0.42
2.1 5.36 1.26 A56D60 0.42
1.68 5.36 1.26 A66E61 0.42
1.26 5.36 1.26 A66D60 0.42
0.84 5.36 1.26 A66E61 0.42
0.4199999 5.36 1.26 A97062 0.42
-1.192093E-07 5.36 1.26 A66D60 0.42
-0.4200002 5.36 1.26 A86E61 0.42
-0.8400002 5.36 1.26 A76E61 0.42
-1.26 5.36 1.26 A86F61 0.42
-1.68 5.36 1.26 A86F61 0.42
-2.1 5.36 1.26 AA7061 0.42
-2.52 5.36 1.26 A46C5F 0.42
-2.940001 5.36 1.26 A86F61 0.42
-3.360001 5.36 1.26 A76E61 0.42
-3.780001 5.36 1.26 A46C60 0.42
-4.200001 5.36 1.26 A76E61 0.42
-4.620001 5.36 1.26 A76E61 0.42
-5.040001 5.36 1.26 A86F61 0.42
-5.460001 5.36 1.26 A76F61 0.42
-5.880001 5.36 1.26 A56D60 0.42
-6.300001 5.36 1.259999 A56D60 0.42
-6.720001 5.36 1.259999 A86F61 0.42
-7.140001 5.36 1.259999 A76E61 0.42
-7.560001 5.36 1.259999 A66E61 0.42
-7.980001 5.36 1.259999 A86F61 0.42
-8.400002 5.36 1.259999 A56D60 0.42
-8.820001 5.36 1.259999 A66E61 0.42
-9.240002 5.36 1.259999 A97062 0.42
-9.660001 5.36 1.259999 9E685E 0.42
9.660001 5.78 1.260001 A36C60 0.42
9.240002 5.78 1.260001 A76E61 0.42
8.820001 5.78 1.260001 A56E61 0.42
8.400002 5.78 1.260001 A87062 0.42
7.980001 5.78 1.260001 A46C60 0.42
7.560001 5.78 1.260001 A86F61 0.42
7.140001 5.78 1.260001 A66D60 0.42
6.720001 5.78 1.260001 A76F61 0.42
6.300001 5.78 1.260001 A56D60 0.42
5.880001 5.78 1.260001 A66E61 0.42
5.460001 5.78 1.260001 A66E61 0.42
5.040001 5.78 1.260001 A66E61 0.42
4.620001 5.78 1.260001 AA7062 0.42
4.200001 5.78 1.260001 A76E61 0.42
3.78 5.78 1.260001 A56D60 0.42
3.36 5.78 1.260001 A46C60 0.42
2.94 5.78 1.26 A97062 0.42
2.52 5.78 1.26 A56D60 0.42
2.1 5.78 1.26 A76E61 0.42
1.68 5.78 1.26 A66E61 0.42
1.26 5.78 1.26 A86F61 0.42
0.84 5.78 1.26 A66D60 0.42
0.4199999 5.78 1.26 A56D61 0.42
-1.192093E-07 5.78 1.26 A76E61 0.42
-0.4200002 5.78 1.26 A86F61 0.42
-0.8400002 5.78 1.26 A76E61 0.42
-1.26 5.78 1.26 A66E61 0.42
-1.68 5.78 1.26 A76E61 0.42
-2.1 5.78 1.26 A66D60 0.42
-2.52 5.78 1.26 A86F62 0.42
-2.940001 5.78 1.26 A66E61 0.42
-3.360001 5.78 1.26 A86F61 0.42
-3.780001 5.78 1.26 A46C60 0.42
-4.200001 5.78 1.26 A56D60 0.42
-4.620001 5.78 1.26 A86F61 0.42
-5.040001 5.78 1.26 A86F61 0.42
-5.460001 5.78 1.26 A76E61 0.42
-5.880001 5.78 1.26 A56D60 0.42
-6.300001 5.78 1.259999 A56D60 0.42
-6.720001 5.78 1.259999 A76F61 0.42
-7.140001 5.78 1.259999 A66D60 0.42
-7.560001 5.78 1.259999 A86F61 0.42
-7.980001 5.78 1.259999 A56D60 0.42
-8.400002 5.78 1.259999 A56D60 0.42
-8.820001 5.78 1.259999 A76F61 0.42
-9.240002 5.78 1.259999 A66E61 0.42
-9.660001 5.78 1.259999 9D685E 0.42
9.660001 6.2 1.260001 A36C60 0.42
9.240002 6.2 1.260001 A56E61 0.42
8.820001 6.2 1.260001 A56D60 0.42
8.400002 6.2 1.260001 A86F62 0.42
7.980001 6.2 1.260001 A46C60 0.42
7.560001 6.2 1.260001 A66E61 0.42
7.140001 6.2 1.260001 A66E61 0.42
6.720001 6.2 1.260001 A56D61 0.42
6.300001 6.2 1.260001 A56D60 0.42
5.880001 6.2 1.260001 A56D61 0.42
5.460001 6.2 1.260001 A66E61 0.42
5.040001 6.2 1.260001 A56E61 0.42
4.620001 6.2 1.260001 A66E61 0.42
4.200001 6.2 1.260001 A66E61 0.42
3.78 6.2 1.260001 A66E61 0.42
3.36 6.2 1.260001 A66E61 0.42
2.94 6.2 1.26 A56D60 0.42
2.52 6.2 1.26 A56D61 0.42
2.1 6.2 1.26 A76E61 0.42
1.68 6.2 1.26 A56D60 0.42
1.26 6.2 1.26 A76F62 0.42
0.84 6.2 1.26 A56D60 0.42
0.4199999 6.2 1.26 A66E61 0.42
-1.192093E-07 6.2 1.26 A46C60 0.42
-0.4200002 6.2 1.26 A56D60 0.42
-0.8400002 6.2 1.26 A46C60 0.42
-1.26 6.2 1.26 A46C60 0.42
-1.68 6.2 1.26 A66E61 0.42
-2.1 6.2 1.26 A76E61 0.42
-2.52 6.2 1.26 A46C60 0.42
-2.940001 6.2 1.26 A56D60 0.42
-3.360001 6.2 1.26 A46D60 0.42
-3.780001 6.2 1.26 A66E61 0.42
-4.200001 6.2 1.26 A56D60 0.42
-4.620001 6.2 1.26 A86F61 0.42
-5.040001 6.2 1.26 A56D60 0.42
-5.460001 6.2 1.26 A56D61 0.42
-5.880001 6.2 1.26 A26B5F 0.42
-6.300001 6.2 1.259999 A56D60 0.42
-6.720001 6.2 1.259999 A66E61 0.42
-7.140001 6.2 1.259999 A26B5F 0.42
-7.560001 6.2 1.259999 A36C60 0.42
-7.980001 6.2 1.259999 A36C60 0.42
-8.400002 6.2 1.259999 A56D61 0.42
-8.820001 6.2 1.259999 A66F61 0.42
-9.240002 6.2 1.259999 A66F62 0.42
-9.660001 6.2 1.259999 9B685E 0.42
9.660001 6.62 1.260001 A36D61 0.42
9.240002 6.62 1.260001 A36C60 0.42
8.820001 6.62 1.260001 A36C60 0.42
8.400002 6.62 1.260001 A36C60 0.42
7.980001 6.62 1.260001 A36C60 0.42
7.560001 6.62 1.260001 A46D61 0.42
7.140001 6.62 1.260001 A26C60 0.42
6.720001 6.62 1.260001 A46D60 0.42
6.300001 6.62 1.260001 A36C60 0.42
5.880001 6.62 1.260001 A46D60 0.42
5.460001 6.62 1.260001 A56E61 0.42
5.040001 6.62 1.260001 A46D60 0.42
4.620001 6.62 1.260001 A46C60 0.42
4.200001 6.62 1.260001 A46C60 0.42
3.78 6.62 1.260001 A56D61 0.42
3.36 6.62 1.260001 A46D60 0.42
2.94 6.62 1.26 A76F62 0.42
2.52 6.62 1.26 A76E61 0.42
2.1 6.62 1.26 A56E61 0.42
1.68 6.62 1.26 A56E61 0.42
1.26 6.62 1.26 A56E61 0.42
0.84 6.62 1.26 A56D60 0.42
0.4199999 6.62 1.26 A66E61 0.42
-1.192093E-07 6.62 1.26 A46D60 0.42
-0.4200002 6.62 1.26 A86F62 0.42
-0.8400002 6.62 1.26 A36C60 0.42
-1.26 6.62 1.26 A56D61 0.42
-1.68 6.62 1.26 A56D60 0.42
-2.1 6.62 1.26 A56D60 0.42
-2.52 6.62 1.26 A66E61 0.42
-2.940001 6.62 1.26 A66E61 0.42
-3.360001 6.62 1.26 A36C60 0.42
-3.780001 6.62 1.26 A26C60 0.42
-4.200001 6.62 1.26 A76F61 0.42
-4.620001 6.62 1.26 A76F62 0.42
-5.040001 6.62 1.26 A56D61 0.42
-5.460001 6.62 1.26 A36C60 0.42
-5.880001 6.62 1.26 A76F62 0.42
-6.300001 6.62 1.259999 A76F62 0.42
-6.720001 6.62 1.259999 A66E61 0.42
-7.140001 6.62 1.259999 A56E61 0.42
-7.560001 6.62 1.259999 A66E61 0.42
-7.980001 6.62 1.259999 A56D61 0.42
-8.400002 6.62 1.259999 A36C60 0.42
-8.820001 6.62 1.259999 A76F62 0.42
-9.240002 6.62 1.259999 A36C60 0.42
-9.660001 6.62 1.259999 9C685F 0.42
9.660001 7.04 1.680001 A36D60 0.42
9.240002 7.04 1.680001 A36D60 0.42
8.820001 7.04 1.680001 A36D60 0.42
8.400002 7.04 1.680001 A46D60 0.42
7.980001 7.04 1.680001 A36C60 0.42
7.56 7.04 1.680001 A36C60 0.42
7.140001 7.04 1.680001 A46C60 0.42
6.72 7.04 1.680001 A46D60 0.42
6.300001 7.04 1.680001 A87062 0.42
5.88 7.04 1.680001 A36C60 0.42
5.46 7.04 1.680001 A46D61 0.42
5.040001 7.04 1.680001 A56D61 0.42
4.620001 7.04 1.680001 A76F61 0.42
4.200001 7.04 1.680001 A56E61 0.42
3.78 7.04 1.680001 A66E61 0.42
3.36 7.04 1.680001 A36C60 0.42
2.94 7.04 1.68 A66F61 0.42
2.52 7.04 1.68 A66E61 0.42
2.1 7.04 1.68 A36C60 0.42
1.68 7.04 1.68 A46D61 0.42
1.26 7.04 1.68 A76F62 0.42
0.8399999 7.04 1.68 A36C60 0.42
0.4199998 7.04 1.68 A46D61 0.42
-2.384186E-07 7.04 1.68 A56D61 0.42
-0.4200003 7.04 1.68 A56D61 0.42
-0.8400003 7.04 1.68 A66E61 0.42
-1.26 7.04 1.68 A76F61 0.42
-1.68 7.04 1.68 A46D60 0.42
-2.100001 7.04 1.68 A46D60 0.42
-2.520001 7.04 1.68 A46D60 0.42
-2.940001 7.04 1.68 A76F62 0.42
-3.360001 7.04 1.68 A46D61 0.42
-3.780001 7.04 1.68 A56E61 0.42
-4.200001 7.04 1.68 A46D60 0.42
-4.620001 7.04 1.68 A46D60 0.42
-5.040001 7.04 1.68 A56E61 0.42
-5.460001 7.04 1.68 A56E61 0.42
-5.880001 7.04 1.68 A66E61 0.42
-6.300001 7.04 1.679999 A56E61 0.42
-6.720001 7.04 1.679999 A46D60 0.42
-7.140001 7.04 1.679999 A36C60 0.42
-7.560001 7.04 1.679999 A36C60 0.42
-7.980001 7.04 1.679999 A36D60 0.42
-8.400002 7.04 1.679999 A16B5F 0.42
-8.820001 7.04 1.679999 A56E61 0.42
-9.240002 7.04 1.679999 A36D60 0.42
-9.660001 7.04 1.679999 9C685F 0.42
9.660001 7.46 1.680001 A26C60 0.42
9.240002 7.46 1.680001 A46D61 0.42
8.820001 7.46 1.680001 A46D61 0.42
8.400002 7.46 1.680001 A46D61 0.42
7.980001 7.46 1.680001 A16B60 0.42
7.56 7.46 1.680001 A36D61 0.42
7.140001 7.46 1.680001 A36D60 0.42
6.72 7.46 1.680001 A66F61 0.42
6.300001 7.46 1.680001 A46D61 0.42
5.88 7.46 1.680001 A56E61 0.42
5.46 7.46 1.680001 A36D60 0.42
5.040001 7.46 1.680001 A46D60 0.42
4.620001 7.46 1.680001 A77062 0.42
4.200001 7.46 1.680001 A46D61 0.42
3.78 7.46 1.680001 A56E61 0.42
3.36 7.46 1.680001 A36C60 0.42
2.94 7.46 1.68 A26C60 0.42
2.52 7.46 1.68 A46D60 0.42
2.1 7.46 1.68 A36D60 0.42
1.68 7.46 1.68 A56E61 0.42
1.26 7.46 1.68 A46D61 0.42
0.8399999 7.46 1.68 A36D60 0.42
0.4199998 7.46 1.68 A46D60 0.42
-2.384186E-07 7.46 1.68 A36D60 0.42
-0.4200003 7.46 1.68 A56E61 0.42
-0.8400003 7.46 1.68 A56E61 0.42
-1.26 7.46 1.68 A56E61 0.42
-1.68 7.46 1.68 A36D60 0.42
-2.100001 7.46 1.68 A46D61 0.42
-2.520001 7.46 1.68 A26B60 0.42
-2.940001 7.46 1.68 A56E61 0.42
-3.360001 7.46 1.68 A46D61 0.42
-3.780001 7.46 1.68 A56E61 0.42
-4.200001 7.46 1.68 A46D61 0.42
-4.620001 7.46 1.68 A56E61 0.42
-5.040001 7.46 1.68 A46D61 0.42
-5.460001 7.46 1.68 A46D61 0.42
-5.880001 7.46 1.68 A56E61 0.42
-6.300001 7.46 1.679999 A36C60 0.42
-6.720001 7.46 1.679999 A26C60 0.42
-7.140001 7.46 1.679999 A36C60 0.42
-7.560001 7.46 1.679999 A56E61 0.42
-7.980001 7.46 1.679999 A46D61 0.42
-8.400002 7.46 1.679999 A56E61 0.42
-8.820001 7.46 1.679999 A46D61 0.42
-9.240002 7.46 1.679999 A26C60 0.42
-9.660001 7.46 1.679999 9C685F 0.42
9.660001 7.880001 1.680001 A26C60 0.42
9.240002 7.880001 1.680001 A56E61 0.42
8.820001 7.880001 1.680001 A16B5F 0.42
8.400002 7.880001 1.680001 A36D61 0.42
7.980001 7.880001 1.680001 A36D60 0.42
7.56 7.880001 1.680001 A16B60 0.42
7.140001 7.880001 1.680001 A26C60 0.42
6.72 7.880001 1.680001 A46E61 0.42
6.300001 7.880001 1.680001 A56E61 0.42
5.88 7.880001 1.680001 A56E61 0.42
5.46 7.880001 1.680001 A56E61 0.42
5.040001 7.880001 1.680001 A56E61 0.42
4.620001 7.880001 1.680001 A46D61 0.42
4.200001 7.880001 1.680001 A26C60 0.42
3.78 7.880001 1.680001 A66F61 0.42
3.36 7.880001 1.680001 A36C60 0.42
2.94 7.880001 1.68 A46D61 0.42
2.52 7.880001 1.68 A36D60 0.42
2.1 7.880001 1.68 A26C60 0.42
1.68 7.880001 1.68 A46E61 0.42
1.26 7.880001 1.68 A66E61 0.42
0.8399999 7.880001 1.68 A66F62 0.42
0.4199998 7.880001 1.68 A16B5F 0.42
-2.384186E-07 7.880001 1.68 A36C60 0.42
-0.4200003 7.880001 1.68 A56E61 0.42
-0.8400003 7.880001 1.68 A56E61 0.42
-1.26 7.880001 1.68 A46D61 0.42
-1.68 7.880001 1.68 A76F62 0.42
-2.100001 7.880001 1.68 A66F61 0.42
-2.520001 7.880001 1.68 A56E61 0.42
-2.940001 7.880001 1.68 A56E61 0.42
-3.360001 7.880001 1.68 A36D61 0.42
-3.780001 7.880001 1.68 A56D61 0.42
-4.200001 7.880001 1.68 A36C60 0.42
-4.620001 7.880001 1.68 A56E61 0.42
-5.040001 7.880001 1.68 A26C60 0.42
-5.460001 7.880001 1.68 A76F62 0.42
-5.880001 7.880001 1.68 A56E61 0.42
-6.300001 7.880001 1.679999 A36C60 0.42
-6.720001 7.880001 1.679999 A56E61 0.42
-7.140001 7.880001 1.679999 A36C60 0.42
-7.560001 7.880001 1.679999 A06A5F 0.42
-7.980001 7.880001 1.679999 A16B60 0.42
-8.400002 7.880001 1.679999 A26C60 0.42
-8.820001 7.880001 1.679999 A46D61 0.42
-9.240002 7.880001 1.679999 A46E61 0.42
-9.660001 7.880001 1.679999 9B685F 0.42
9.660001 8.3 1.680001 A26C60 0.42
9.240002 8.3 1.680001 A16B60 0.42
8.820001 8.3 1.680001 A36D61 0.42
8.400002 8.3 1.680001 A36D61 0.42
7.980001 8.3 1.680001 A36D61 0.42
7.56 8.3 1.680001 A36D61 0.42
7.140001 8.3 1.680001 A26C60 0.42
6.72 8.3 1.680001 A56E62 0.42
6.300001 8.3 1.680001 A36C60 0.42
5.88 8.3 1.680001 A36C60 0.42
5.46 8.3 1.680001 A16B60 0.42
5.040001 8.3 1.680001 A36D60 0.42
4.620001 8.3 1.680001 A46D61 0.42
4.200001 8.3 1.680001 A16B60 0.42
3.78 8.3 1.680001 A36D60 0.42
3.36 8.3 1.680001 A56E61 0.42
2.94 8.3 1.68 A46E61 0.42
2.52 8.3 1.68 A46E61 0.42
2.1 8.3 1.68 A26C60 0.42
1.68 8.3 1.68 A06B5F 0.42
1.26 8.3 1.68 A56E61 0.42
0.8399999 8.3 1.68 A26C60 0.42
0.4199998 8.3 1.68 A06B5F 0.42
-2.384186E-07 8.3 1.68 A66F62 0.42
-0.4200003 8.3 1.68 A36C60 0.42
-0.8400003 8.3 1.68 A26C60 0.42
-1.26 8.3 1.68 A26C60 0.42
-1.68 8.3 1.68 A26C60 0.42
-2.100001 8.3 1.68 A36C60 0.42
-2.520001 8.3 1.68 A26C60 0.42
-2.940001 8.3 1.68 A26B60 0.42
-3.360001 8.3 1.68 A36D60 0.42
-3.780001 8.3 1.68 A46D61 0.42
-4.200001 8.3 1.68 A56E61 0.42
-4.620001 8.3 1.68 A16B60 0.42
-5.040001 8.3 1.68 A26C60 0.42
-5.460001 8.3 1.68 A36D61 0.42
-5.880001 8.3 1.68 A26C60 0.42
-6.300001 8.3 1.679999 A66F62 0.42
-6.720001 8.3 1.679999 A46E61 0.42
-7.140001 8.3 1.679999 A36D60 0.42
-7.560001 8.3 1.679999 A46D61 0.42
-7.980001 8.3 1.679999 A46E61 0.42
-8.400002 8.3 1.679999 A26C60 0.42
-8.820001 8.3 1.679999 A06A5F 0.42
-9.240002 8.3 1.679999 A16C60 0.42
-9.660001 8.3 1.679999 9D695F 0.42
9.660001 8.719999 1.680001 A26D61 0.42
9.240002 8.719999 1.680001 A26D60 0.42
8.820001 8.719999 1.680001 A36D61 0.42
8.400002 8.719999 1.680001 A26C60 0.42
7.980001 8.719999 1.680001 A36D61 0.42
7.56 8.719999 1.680001 A36D61 0.42
7.140001 8.719999 1.680001 A36D60 0.42
6.72 8.719999 1.680001 A36D61 0.42
6.300001 8.719999 1.680001 A46E61 0.42
5.88 8.719999 1.680001 A46D61 0.42
5.46 8.719999 1.680001 A36D61 0.42
5.040001 8.719999 1.680001 A36D60 0.42
4.620001 8.719999 1.680001 A36D61 0.42
4.200001 8.719999 1.680001 A46E61 0.42
3.78 8.719999 1.680001 A46E61 0.42
3.36 8.719999 1.680001 A36D60 0.42
2.94 8.719999 1.68 A56E61 0.42
2.52 8.719999 1.68 A46D61 0.42
2.1 8.719999 1.68 A16B60 0.42
1.68 8.719999 1.68 A36D61 0.42
1.26 8.719999 1.68 A36D60 0.42
0.8399999 8.719999 1.68 A36C60 0.42
0.4199998 8.719999 1.68 A16B60 0.42
-2.384186E-07 8.719999 1.68 A16B5F 0.42
-0.4200003 8.719999 1.68 A56E61 0.42
-0.8400003 8.719999 1.68 A46D61 0.42
-1.26 8.719999 1.68 A46E61 0.42
-1.68 8.719999 1.68 A56E61 0.42
-2.100001 8.719999 1.68 A56E61 0.42
-2.520001 8.719999 1.68 A16B60 0.42
-2.940001 8.719999 1.68 A16B60 0.42
-3.360001 8.719999 1.68 A36C60 0.42
-3.780001 8.719999 1.68 A66F62 0.42
-4.200001 8.719999 1.68 A36C60 0.42
-4.620001 8.719999 1.68 A26C60 0.42
-5.040001 8.719999 1.68 A46D61 0.42
-5.460001 8.719999 1.68 A46E61 0.42
-5.880001 8.719999 1.68 A36D60 0.42
-6.300001 8.719999 1.679999 A36C60 0.42
-6.720001 8.719999 1.679999 A16B60 0.42
-7.140001 8.719999 1.679999 A36D60 0.42
-7.560001 8.719999 1.679999 A36C60 0.42
-7.980001 8.719999 1.679999 A06B5F 0.42
-8.400002 8.719999 1.679999 A46E61 0.42
-8.820001 8.719999 1.679999 A36D61 0.42
-9.240002 8.719999 1.679999 A36D61 0.42
-9.660001 8.719999 1.679999 9B685F 0.42
9.660001 9.14 1.680001 A16C60 0.42
9.240002 9.14 1.680001 A16B60 0.42
8.820001 9.14 1.680001 A26C60 0.42
8.400002 9.14 1.680001 A36D61 0.42
7.980001 9.14 1.680001 A16C60 0.42
7.56 9.14 1.680001 A06A5F 0.42
7.140001 9.14 1.680001 A46E61 0.42
6.72 9.14 1.680001 A36D61 0.42
6.300001 9.14 1.680001 A36D61 0.42
5.88 9.14 1.680001 A16C60 0.42
5.46 9.14 1.680001 A66F62 0.42
5.040001 9.14 1.680001 A06B5F 0.42
4.620001 9.14 1.680001 A36C60 0.42
4.200001 9.14 1.680001 A56E61 0.42
3.78 9.14 1.680001 A16B60 0.42
3.36 9.14 1.680001 A26C60 0.42
2.94 9.14 1.68 A66F62 0.42
2.52 9.14 1.68 A26C60 0.42
2.1 9.14 1.68 A26C60 0.42
1.68 9.14 1.68 A46E61 0.42
1.26 9.14 1.68 A16B60 0.42
0.8399999 9.14 1.68 A36C60 0.42
0.4199998 9.14 1.68 A46E61 0.42
-2.384186E-07 9.14 1.68 A26C60 0.42
-0.4200003 9.14 1.68 A46E61 0.42
-0.8400003 9.14 1.68 A36D60 0.42
-1.26 9.14 1.68 A26C60 0.42
-1.68 9.14 1.68 A36C60 0.42
-2.100001 9.14 1.68 A16C60 0.42
-2.520001 9.14 1.68 A26C60 0.42
-2.940001 9.14 1.68 A36D61 0.42
-3.360001 9.14 1.68 A16B60 0.42
-3.780001 9.14 1.68 A36D61 0.42
-4.200001 9.14 1.68 A36D61 0.42
-4.620001 9.14 1.68 A66F62 0.42
-5.040001 9.14 1.68 A56E61 0.42
-5.460001 9.14 1.68 A36D61 0.42
-5.880001 9.14 1.68 A36D61 0.42
-6.300001 9.14 1.679999 A26C60 0.42
-6.720001 9.14 1.679999 A16B60 0.42
-7.140001 9.14 1.679999 A46D61 0.42
-7.560001 9.14 1.679999 A16B60 0.42
-7.980001 9.14 1.679999 A46E61 0.42
-8.400002 9.14 1.679999 A36D61 0.42
-8.820001 9.14 1.679999 A36D61 0.42
-9.240002 9.14 1.679999 A26C60 0.42
-9.660001 9.14 1.679999 98665E 0.42
9.660001 9.559999 2.100001 A16C60 0.42
9.240002 9.559999 2.100001 A36D61 0.42
8.820001 9.559999 2.100001 A16C60 0.42
8.400002 9.559999 2.100001 A46E61 0.42
7.980001 9.559999 2.100001 A16C60 0.42
7.56 9.559999 2.100001 A16B60 0.42
7.140001 9.559999 2.100001 A36D61 0.42
6.72 9.559999 2.100001 A26C60 0.42
6.300001 9.559999 2.100001 A46E61 0.42
5.88 9.559999 2.100001 A36D61 0.42
5.46 9.559999 2.100001 A36D61 0.42
5.040001 9.559999 2.100001 A36D61 0.42
4.620001 9.559999 2.100001 A26C60 0.42
4.200001 9.559999 2.100001 A36D61 0.42
3.78 9.559999 2.100001 A16B60 0.42
3.36 9.559999 2.100001 A36D61 0.42
2.94 9.559999 2.100001 9F6A5F 0.42
2.52 9.559999 2.100001 A26C60 0.42
2.1 9.559999 2.100001 A46E61 0.42
1.68 9.559999 2.100001 A46E61 0.42
1.26 9.559999 2.1 A46E61 0.42
0.8399999 9.559999 2.100001 A36D60 0.42
0.4199998 9.559999 2.1 A16C60 0.42
-2.384186E-07 9.559999 2.1 A36D61 0.42
-0.4200003 9.559999 2.1 A36D61 0.42
-0.8400003 9.559999 2.1 A26C60 0.42
-1.26 9.559999 2.1 A26C60 0.42
-1.68 9.559999 2.1 A26C60 0.42
-2.100001 9.559999 2.1 A26C60 0.42
-2.520001 9.559999 2.1 A36D60 0.42
-2.940001 9.559999 2.1 A36D60 0.42
-3.360001 9.559999 2.1 A26C60 0.42
-3.780001 9.559999 2.1 A36D61 0.42
-4.200001 9.559999 2.1 A46E61 0.42
-4.620001 9.559999 2.1 A16C60 0.42
-5.040001 9.559999 2.1 A36D61 0.42
-5.460001 9.559999 2.1 A46E61 0.42
-5.880001 9.559999 2.1 A36D61 0.42
-6.300001 9.559999 2.099998 A26C60 0.42
-6.720001 9.559999 2.099998 A36D61 0.42
-7.140001 9.559999 2.099998 A06B5F 0.42
-7.560001 9.559999 2.099998 A06B60 0.42
-7.980001 9.559999 2.099998 A36D61 0.42
-8.400002 9.559999 2.099998 A26C60 0.42
-8.820001 9.559999 2.099998 A36D61 0.42
-9.240002 9.559999 2.099998 A26C60 0.42
-9.660001 9.559999 2.099998 99675E 0.42
10.08 3.26 -2.52 2D2434 0.42
9.660001 3.26 -2.52 362533 0.42
9.240002 3.26 -2.52 392634 0.42
8.820001 3.26 -2.52 362533 0.42
8.400002 3.26 -2.52 2A2334 0.42
7.980001 3.26 -2.52 2A2334 0.42
7.560001 3.26 -2.519999 292334 0.42
7.140001 3.26 -2.52 2A2435 0.42
6.720001 3.26 -2.519999 282334 0.42
6.300001 3.26 -2.52 272334 0.42
5.880001 3.26 -2.52 262234 0.42
5.460001 3.26 -2.52 272334 0.42
5.040001 3.26 -2.52 272233 0.42
4.620001 3.26 -2.52 272334 0.42
4.200001 3.26 -2.52 272334 0.42
3.780001 3.26 -2.52 262234 0.42
3.360001 3.26 -2.52 272234 0.42
2.940001 3.26 -2.52 252234 0.42
2.520001 3.26 -2.52 262234 0.42
2.100001 3.26 -2.52 262234 0.42
1.68 3.26 -2.52 262234 0.42
1.26 3.26 -2.52 262234 0.42
0.8400003 3.26 -2.52 262234 0.42
0.4200003 3.26 -2.52 262234 0.42
2.384186E-07 3.26 -2.52 262234 0.42
-0.4199998 3.26 -2.52 262234 0.42
-0.8399999 3.26 -2.520001 262234 0.42
-1.26 3.26 -2.52 272234 0.42
-1.68 3.26 -2.520001 262234 0.42
-2.1 3.26 -2.520001 262234 0.42
-2.52 3.26 -2.520001 262234 0.42
-2.94 3.26 -2.520001 272234 0.42
-3.36 3.26 -2.520001 272234 0.42
-3.78 3.26 -2.520001 272334 0.42
-4.200001 3.26 -2.520001 262234 0.42
-4.620001 3.26 -2.520001 272334 0.42
-5.040001 3.26 -2.520001 272334 0.42
-5.46 3.26 -2.520001 292435 0.42
-5.88 3.26 -2.520001 262234 0.42
-6.300001 3.26 -2.520001 2A2435 0.42
-6.72 3.26 -2.520001 272234 0.42
-7.140001 3.26 -2.520001 292335 0.42
-7.56 3.26 -2.520001 272234 0.42
-7.980001 3.26 -2.520001 292334 0.42
-8.400002 3.26 -2.520001 272234 0.42
-8.820001 3.26 -2.520001 352433 0.42
-9.240002 3.26 -2.520001 3A2634 0.42
-9.660001 3.26 -2.520001 3A2634 0.42
-10.08 3.26 -2.520001 302535 0.42
9.660001 -0.1 0.420001 795254 0.42
9.240002 -0.1 0.420001 734C4E 0.42
8.820001 -0.1 0.420001 744C4E 0.42
-8.820001 -0.1 0.4199991 714B4E 0.42
-9.240002 -0.1 0.4199991 70494D 0.42
-9.660001 -0.1 0.4199991 744C4E 0.42
9.660001 0.32 0.420001 754D4F 0.42
9.240002 0.32 0.420001 744C4E 0.42
8.820001 0.32 0.420001 714A4D 0.42
-8.820001 0.32 0.4199991 744D4F 0.42
-9.240002 0.32 0.4199991 734C4E 0.42
-9.660001 0.32 0.4199991 784F50 0.42
9.660001 0.7399999 0.420001 724B4E 0.42
9.240002 0.7399999 0.420001 6C474B 0.42
8.820001 0.7399999 0.420001 6E484C 0.42
-8.820001 0.7399999 0.4199991 6F4A4D 0.42
-9.240002 0.7399999 0.4199991 714A4D 0.42
-9.660001 0.7399999 0.4199991 774E4F 0.42
9.660001 1.16 0.420001 734B4E 0.42
9.240002 1.16 0.420001 6B464B 0.42
8.820001 1.16 0.420001 6A454B 0.42
-8.820001 1.16 0.4199991 6C484D 0.42
-9.240002 1.16 0.4199991 6C474B 0.42
-9.660001 1.16 0.4199991 744C4E 0.42
9.660001 1.58 0.420001 6B474B 0.42
9.240002 1.58 0.420001 664349 0.42
8.820001 1.58 0.420001 624148 0.42
-8.820001 1.58 0.4199991 624148 0.42
-9.240002 1.58 0.4199991 664349 0.42
-9.660001 1.58 0.4199991 6E484C 0.42
9.660001 2 0.420001 614148 0.42
9.240002 2 0.420001 5F3F47 0.42
8.820001 2 0.420001 593C45 0.42
-8.820001 2 0.4199991 593C45 0.42
-9.240002 2 0.4199991 5D3E46 0.42
-9.660001 2 0.4199991 69454A 0.42
9.660001 2.42 0.420001 5F3F47 0.42
9.240002 2.42 0.420001 553943 0.42
8.820001 2.42 0.420001 4F3641 0.42
-8.820001 2.42 0.4199991 513742 0.42
-9.240002 2.42 0.4199991 543943 0.42
-9.660001 2.42 0.4199991 634148 0.42
9.660001 2.84 0.420001 45313E 0.42
9.240002 2.84 0.420001 3E2D3B 0.42
8.820001 2.84 0.420001 382A3A 0.42
-8.820001 2.84 0.4199991 3E2F3F 0.42
-9.240002 2.84 0.4199991 3F2E3C 0.42
-9.660001 2.84 0.4199991 4B3440 0.42
10.08 3.68 -2.52 8D5D58 0.42
9.660001 3.68 0.8400011 4D2C37 0.42
9.240002 3.68 0.8400011 492B36 0.42
8.820001 3.68 0.8400011 4C2C37 0.42
-8.820001 3.68 0.8399992 4E2C37 0.42
-9.240002 3.68 0.8399992 4E2C37 0.42
-9.660001 3.68 0.8399992 57333D 0.42
-10.08 3.68 -2.520001 94635B 0.42
10.08 4.1 -2.52 8D5D58 0.42
9.660001 4.1 0.8400011 4F2D37 0.42
9.240002 4.1 0.8400011 4D2C37 0.42
8.820001 4.1 0.8400011 4D2C37 0.42
-8.820001 4.1 0.8399992 4C2B37 0.42
-9.240002 4.1 0.8399992 4B2B36 0.42
-9.660001 4.1 0.8399992 5B343D 0.42
-10.08 4.1 -2.520001 95635B 0.42
9.660001 4.1 -2.52 C1866F 0.42
9.240002 4.1 -2.52 C0856F 0.42
8.820001 4.1 -2.52 C1866F 0.42
8.400002 4.1 -2.52 BF846E 0.42
7.980001 4.1 -2.52 BF856E 0.42
7.560001 4.1 -2.519999 BD826D 0.42
7.140001 4.1 -2.52 BF846E 0.42
6.720001 4.1 -2.519999 BF846E 0.42
6.300001 4.1 -2.52 BD826D 0.42
5.880001 4.1 -2.52 BB806C 0.42
5.460001 4.1 -2.52 C0856E 0.42
5.040001 4.1 -2.52 BE836D 0.42
4.620001 4.1 -2.52 BF846E 0.42
4.200001 4.1 -2.52 BE836D 0.42
3.780001 4.1 -2.52 BC816C 0.42
3.360001 4.1 -2.52 BC816C 0.42
2.940001 4.1 -2.52 BD826D 0.42
2.520001 4.1 -2.52 BC816C 0.42
2.100001 4.1 -2.52 BF846E 0.42
1.68 4.1 -2.52 BF846E 0.42
1.26 4.1 -2.52 BD836D 0.42
0.8400003 4.1 -2.52 BF846E 0.42
0.4200003 4.1 -2.52 BF846E 0.42
2.384186E-07 4.1 -2.52 BB806C 0.42
-0.4199998 4.1 -2.52 BC816C 0.42
-0.8399999 4.1 -2.520001 BD826D 0.42
-1.26 4.1 -2.52 BE836D 0.42
-1.68 4.1 -2.520001 BE836D 0.42
-2.1 4.1 -2.520001 BD836D 0.42
-2.52 4.1 -2.520001 BC826D 0.42
-2.94 4.1 -2.520001 BD826C 0.42
-3.36 4.1 -2.520001 BD826D 0.42
-3.78 4.1 -2.520001 BF836E 0.42
-4.200001 4.1 -2.520001 BD826D 0.42
-4.620001 4.1 -2.520001 BC816C 0.42
-5.040001 4.1 -2.520001 BE836D 0.42
-5.46 4.1 -2.520001 C0856F 0.42
-5.88 4.1 -2.520001 BD836D 0.42
-6.300001 4.1 -2.520001 BE836D 0.42
-6.72 4.1 -2.520001 BD836D 0.42
-7.140001 4.1 -2.520001 C1866F 0.42
-7.56 4.1 -2.520001 BF846E 0.42
-7.980001 4.1 -2.520001 C0856F 0.42
-8.400002 4.1 -2.520001 C0856E 0.42
-8.820001 4.1 -2.520001 C28870 0.42
-9.240002 4.1 -2.520001 C28770 0.42
-9.660001 4.1 -2.520001 C48971 0.42
10.08 3.26 -2.099999 302434 0.42
9.660001 3.26 -2.099999 362433 0.42
9.240002 3.26 -2.099999 3A2634 0.42
8.820001 3.26 -2.099999 312332 0.42
8.400002 3.26 -2.099999 2A2234 0.42
7.980001 3.26 -2.099999 282234 0.42
7.560001 3.26 -2.099999 272234 0.42
7.140001 3.26 -2.099999 282334 0.42
6.720001 3.26 -2.099999 292334 0.42
6.300001 3.26 -2.099999 282234 0.42
5.880001 3.26 -2.1 292435 0.42
5.460001 3.26 -2.1 2B2334 0.42
5.040001 3.26 -2.1 272234 0.42
4.620001 3.26 -2.1 262234 0.42
4.200001 3.26 -2.1 272234 0.42
3.780001 3.26 -2.1 272234 0.42
3.360001 3.26 -2.1 262234 0.42
2.940001 3.26 -2.1 282335 0.42
2.520001 3.26 -2.1 272334 0.42
2.100001 3.26 -2.1 262234 0.42
1.68 3.26 -2.1 262234 0.42
1.26 3.26 -2.1 262234 0.42
0.8400003 3.26 -2.1 262234 0.42
0.4200003 3.26 -2.1 272334 0.42
2.384186E-07 3.26 -2.1 262234 0.42
-0.4199998 3.26 -2.1 272334 0.42
-0.8399999 3.26 -2.100001 272234 0.42
-1.26 3.26 -2.1 262234 0.42
-1.68 3.26 -2.100001 262234 0.42
-2.1 3.26 -2.100001 282234 0.42
-2.52 3.26 -2.100001 262234 0.42
-2.94 3.26 -2.100001 262234 0.42
-3.36 3.26 -2.100001 262234 0.42
-3.78 3.26 -2.100001 272234 0.42
-4.200001 3.26 -2.100001 272334 0.42
-4.620001 3.26 -2.100001 272234 0.42
-5.040001 3.26 -2.100001 282334 0.42
-5.46 3.26 -2.100001 292334 0.42
-5.88 3.26 -2.100001 272334 0.42
-6.300001 3.26 -2.100001 282334 0.42
-6.72 3.26 -2.100001 272234 0.42
-7.140001 3.26 -2.100001 292334 0.42
-7.56 3.26 -2.100001 2A2334 0.42
-7.980001 3.26 -2.100001 282234 0.42
-8.400002 3.26 -2.100001 2A2334 0.42
-8.820001 3.26 -2.100001 342433 0.42
-9.240002 3.26 -2.100001 3B2634 0.42
-9.660001 3.26 -2.100001 362533 0.42
-10.08 3.26 -2.100001 362635 0.42
9.660001 -0.1 -2.099999 845754 0.42
-8.820001 -0.1 -2.100001 6E494C 0.42
8.820001 -0.1 -2.099999 754D4F 0.42
-9.660001 -0.1 -2.100001 875A57 0.42
9.660001 0.32 -2.099999 8B5C57 0.42
-8.820001 0.32 -2.100001 6E494C 0.42
8.820001 0.32 -2.099999 734C4E 0.42
-9.660001 0.32 -2.100001 94625B 0.42
9.660001 0.7399999 -2.099999 8C5C58 0.42
-8.820001 0.7399999 -2.100001 6B474B 0.42
8.820001 0.7399999 -2.099999 704A4D 0.42
-9.660001 0.7399999 -2.100001 94635B 0.42
9.660001 1.16 -2.099999 8C5C57 0.42
-8.820001 1.16 -2.100001 664449 0.42
8.820001 1.16 -2.099999 6A474B 0.42
-9.660001 1.16 -2.100001 94625B 0.42
9.660001 1.58 -2.099999 8F5F59 0.42
-8.820001 1.58 -2.100001 5F4047 0.42
8.820001 1.58 -2.099999 654349 0.42
-9.660001 1.58 -2.100001 95635B 0.42
9.660001 2 -2.099999 885A56 0.42
-8.820001 2 -2.100001 583C45 0.42
8.820001 2 -2.099999 5C3E46 0.42
-9.660001 2 -2.100001 92615A 0.42
9.660001 2.42 -2.099999 8C5D58 0.42
-8.820001 2.42 -2.100001 4C3541 0.42
8.820001 2.42 -2.099999 533943 0.42
-9.660001 2.42 -2.100001 905F59 0.42
9.660001 2.84 -2.099999 774E50 0.42
-8.820001 2.84 -2.100001 3D2D3C 0.42
8.820001 2.84 -2.099999 42303D 0.42
-9.660001 2.84 -2.100001 805453 0.42
10.08 3.68 -2.099999 906059 0.42
-10.08 3.68 -2.100001 96645C 0.42
10.08 4.1 -2.099999 8E5E58 0.42
-10.08 4.1 -2.100001 95635B 0.42
9.660001 4.1 -2.099999 C1866F 0.42
9.240002 4.1 -2.099999 C0856F 0.42
8.820001 4.1 -2.099999 C0856F 0.42
8.400002 4.1 -2.099999 C1866F 0.42
7.980001 4.1 -2.099999 C0856F 0.42
7.560001 4.1 -2.099999 BE836E 0.42
7.140001 4.1 -2.099999 BF846E 0.42
6.720001 4.1 -2.099999 BC816C 0.42
6.300001 4.1 -2.099999 BC826C 0.42
5.880001 4.1 -2.1 BE846E 0.42
5.460001 4.1 -2.1 BC816C 0.42
5.040001 4.1 -2.1 BC816C 0.42
4.620001 4.1 -2.1 BC816C 0.42
4.200001 4.1 -2.1 BC816C 0.42
3.780001 4.1 -2.1 BE836D 0.42
3.360001 4.1 -2.1 BB816C 0.42
2.940001 4.1 -2.1 BC816C 0.42
2.520001 4.1 -2.1 BB816C 0.42
2.100001 4.1 -2.1 BB816C 0.42
1.68 4.1 -2.1 BB806C 0.42
1.26 4.1 -2.1 BC816C 0.42
0.8400003 4.1 -2.1 BA7F6B 0.42
0.4200003 4.1 -2.1 BD836D 0.42
2.384186E-07 4.1 -2.1 BB806C 0.42
-0.4199998 4.1 -2.1 BC816C 0.42
-0.8399999 4.1 -2.100001 BC816C 0.42
-1.26 4.1 -2.1 BB806B 0.42
-1.68 4.1 -2.100001 B97F6B 0.42
-2.1 4.1 -2.100001 BC816C 0.42
-2.52 4.1 -2.100001 BC816C 0.42
-2.94 4.1 -2.100001 BB806C 0.42
-3.36 4.1 -2.100001 BB806B 0.42
-3.78 4.1 -2.100001 BD826D 0.42
-4.200001 4.1 -2.100001 BE836E 0.42
-4.620001 4.1 -2.100001 BA7F6B 0.42
-5.040001 4.1 -2.100001 BD826D 0.42
-5.46 4.1 -2.100001 BB806C 0.42
-5.88 4.1 -2.100001 BE836E 0.42
-6.300001 4.1 -2.100001 BE836D 0.42
-6.72 4.1 -2.100001 BD826D 0.42
-7.140001 4.1 -2.100001 C0856E 0.42
-7.56 4.1 -2.100001 BF846E 0.42
-7.980001 4.1 -2.100001 C0856F 0.42
-8.400002 4.1 -2.100001 C0856F 0.42
-8.820001 4.1 -2.100001 C0856F 0.42
-9.240002 4.1 -2.100001 C38870 0.42
-9.660001 4.1 -2.100001 C28770 0.42
10.08 3.26 -1.679999 2F2435 0.42
9.660001 3.26 -1.679999 2F2332 0.42
9.240002 3.26 -1.679999 312333 0.42
8.820001 3.26 -1.679999 292131 0.42
8.400002 3.26 -1.679999 282234 0.42
7.980001 3.26 -1.679999 272234 0.42
7.560001 3.26 -1.679999 2A2334 0.42
7.140001 3.26 -1.679999 272234 0.42
6.720001 3.26 -1.679999 2A2334 0.42
6.300001 3.26 -1.679999 262234 0.42
5.880001 3.26 -1.68 262234 0.42
5.460001 3.26 -1.68 262234 0.42
5.040001 3.26 -1.68 272334 0.42
4.620001 3.26 -1.68 262234 0.42
4.200001 3.26 -1.68 272234 0.42
3.780001 3.26 -1.68 272234 0.42
3.360001 3.26 -1.68 272234 0.42
2.940001 3.26 -1.68 252234 0.42
2.520001 3.26 -1.68 272334 0.42
2.100001 3.26 -1.68 252234 0.42
1.68 3.26 -1.68 262234 0.42
1.26 3.26 -1.68 272234 0.42
0.8400003 3.26 -1.68 262234 0.42
0.4200003 3.26 -1.68 262234 0.42
2.384186E-07 3.26 -1.68 262234 0.42
-0.4199998 3.26 -1.68 272335 0.42
-0.8399999 3.26 -1.68 262234 0.42
-1.26 3.26 -1.68 282335 0.42
-1.68 3.26 -1.68 262234 0.42
-2.1 3.26 -1.68 262234 0.42
-2.52 3.26 -1.68 272334 0.42
-2.94 3.26 -1.68 262234 0.42
-3.36 3.26 -1.680001 272234 0.42
-3.78 3.26 -1.680001 272334 0.42
-4.200001 3.26 -1.680001 272234 0.42
-4.620001 3.26 -1.680001 272234 0.42
-5.040001 3.26 -1.680001 272234 0.42
-5.46 3.26 -1.680001 262234 0.42
-5.88 3.26 -1.680001 262234 0.42
-6.300001 3.26 -1.680001 262234 0.42
-6.72 3.26 -1.680001 292334 0.42
-7.140001 3.26 -1.680001 262234 0.42
-7.56 3.26 -1.680001 2A2334 0.42
-7.980001 3.26 -1.680001 292334 0.42
-8.400002 3.26 -1.680001 272233 0.42
-8.820001 3.26 -1.680001 2F2233 0.42
-9.240002 3.26 -1.680001 302333 0.42
-9.660001 3.26 -1.680001 2D2232 0.42
-10.08 3.26 -1.680001 312535 0.42
9.660001 -0.1 -1.679999 825553 0.42
-8.820001 -0.1 -1.680001 6D484C 0.42
8.820001 -0.1 -1.679999 734C4E 0.42
-9.660001 -0.1 -1.680001 875A57 0.42
9.660001 0.32 -1.679999 8D5D58 0.42
-8.820001 0.32 -1.680001 6C484C 0.42
8.820001 0.32 -1.679999 704A4D 0.42
-9.660001 0.32 -1.680001 95635B 0.42
9.660001 0.7399999 -1.679999 8A5B56 0.42
-8.820001 0.7399999 -1.680001 69454A 0.42
8.820001 0.7399999 -1.679999 6E494D 0.42
-9.660001 0.7399999 -1.680001 94625B 0.42
9.660001 1.16 -1.679999 885A56 0.42
-8.820001 1.16 -1.680001 604047 0.42
8.820001 1.16 -1.679999 67454A 0.42
-9.660001 1.16 -1.680001 96645C 0.42
9.660001 1.58 -1.679999 8B5B57 0.42
-8.820001 1.58 -1.680001 5B3D46 0.42
8.820001 1.58 -1.679999 614148 0.42
-9.660001 1.58 -1.680001 92615A 0.42
9.660001 2 -1.679999 8A5B57 0.42
-8.820001 2 -1.680001 563B44 0.42
8.820001 2 -1.679999 563A44 0.42
-9.660001 2 -1.680001 92615A 0.42
9.660001 2.42 -1.679999 8A5B57 0.42
-8.820001 2.42 -1.680001 48333F 0.42
8.820001 2.42 -1.679999 4B3440 0.42
-9.660001 2.42 -1.680001 8F5F59 0.42
9.660001 2.84 -1.679999 744C4E 0.42
-8.820001 2.84 -1.680001 3C2D3B 0.42
8.820001 2.84 -1.679999 3C2D3B 0.42
-9.660001 2.84 -1.680001 7E5353 0.42
10.08 3.68 -1.679999 8F5F59 0.42
-10.08 3.68 -1.680001 94625B 0.42
10.08 4.1 -1.679999 8D5E58 0.42
-10.08 4.1 -1.680001 94625B 0.42
9.660001 4.1 -1.679999 C0856F 0.42
9.240002 4.1 -1.679999 C0856F 0.42
8.820001 4.1 -1.679999 BD826D 0.42
8.400002 4.1 -1.679999 BE836D 0.42
7.980001 4.1 -1.679999 BD826D 0.42
7.560001 4.1 -1.679999 BC816C 0.42
7.140001 4.1 -1.679999 BB806C 0.42
6.720001 4.1 -1.679999 BB806C 0.42
6.300001 4.1 -1.679999 BB806C 0.42
5.880001 4.1 -1.68 BA7F6B 0.42
5.460001 4.1 -1.68 BC816C 0.42
5.040001 4.1 -1.68 BA7F6B 0.42
4.620001 4.1 -1.68 BA7F6B 0.42
4.200001 4.1 -1.68 B97E6B 0.42
3.780001 4.1 -1.68 B87D6A 0.42
3.360001 4.1 -1.68 B97E6A 0.42
2.940001 4.1 -1.68 B87E6A 0.42
2.520001 4.1 -1.68 B97E6A 0.42
2.100001 4.1 -1.68 B87E6A 0.42
1.68 4.1 -1.68 B97E6A 0.42
1.26 4.1 -1.68 BA7F6B 0.42
0.8400003 4.1 -1.68 B87D6A 0.42
0.4200003 4.1 -1.68 BA806B 0.42
2.384186E-07 4.1 -1.68 B67C69 0.42
-0.4199998 4.1 -1.68 BB806B 0.42
-0.8399999 4.1 -1.68 B97E6A 0.42
-1.26 4.1 -1.68 BA7F6B 0.42
-1.68 4.1 -1.68 B97E6A 0.42
-2.1 4.1 -1.68 B87D6A 0.42
-2.52 4.1 -1.68 BA806B 0.42
-2.94 4.1 -1.68 BB806C 0.42
-3.36 4.1 -1.680001 BA806B 0.42
-3.78 4.1 -1.680001 B87D6A 0.42
-4.200001 4.1 -1.680001 B97E6B 0.42
-4.620001 4.1 -1.680001 B87E6A 0.42
-5.040001 4.1 -1.680001 BA7E6A 0.42
-5.46 4.1 -1.680001 BD826D 0.42
-5.88 4.1 -1.680001 BB806C 0.42
-6.300001 4.1 -1.680001 BC816C 0.42
-6.72 4.1 -1.680001 BB806C 0.42
-7.140001 4.1 -1.680001 BC816C 0.42
-7.56 4.1 -1.680001 BB806C 0.42
-7.980001 4.1 -1.680001 BD826D 0.42
-8.400002 4.1 -1.680001 BF846E 0.42
-8.820001 4.1 -1.680001 BC826D 0.42
-9.240002 4.1 -1.680001 C0856F 0.42
-9.660001 4.1 -1.680001 C28770 0.42
10.08 3.26 -1.259999 2D2434 0.42
9.660001 3.26 -1.259999 292234 0.42
9.240002 3.26 -1.259999 282233 0.42
8.820001 3.26 -1.259999 282233 0.42
8.400002 3.26 -1.259999 282234 0.42
7.980001 3.26 -1.259999 272234 0.42
7.560001 3.26 -1.259999 2A2334 0.42
7.140001 3.26 -1.259999 282234 0.42
6.720001 3.26 -1.259999 272234 0.42
6.300001 3.26 -1.259999 272234 0.42
5.880001 3.26 -1.26 272234 0.42
5.460001 3.26 -1.26 272234 0.42
5.040001 3.26 -1.26 252234 0.42
4.620001 3.26 -1.26 262234 0.42
4.200001 3.26 -1.26 272234 0.42
3.780001 3.26 -1.26 262234 0.42
3.360001 3.26 -1.26 262234 0.42
2.940001 3.26 -1.26 262234 0.42
2.52 3.26 -1.26 262234 0.42
2.1 3.26 -1.26 272234 0.42
1.68 3.26 -1.26 262234 0.42
1.26 3.26 -1.26 262234 0.42
0.8400002 3.26 -1.26 272234 0.42
0.4200002 3.26 -1.26 282334 0.42
1.192093E-07 3.26 -1.26 262234 0.42
-0.4199999 3.26 -1.26 262234 0.42
-0.84 3.26 -1.26 262234 0.42
-1.26 3.26 -1.26 262234 0.42
-1.68 3.26 -1.26 282335 0.42
-2.1 3.26 -1.26 262234 0.42
-2.52 3.26 -1.26 262234 0.42
-2.94 3.26 -1.26 262234 0.42
-3.36 3.26 -1.260001 262234 0.42
-3.78 3.26 -1.260001 262234 0.42
-4.200001 3.26 -1.260001 272234 0.42
-4.620001 3.26 -1.260001 2A2435 0.42
-5.040001 3.26 -1.260001 282234 0.42
-5.460001 3.26 -1.260001 262234 0.42
-5.880001 3.26 -1.260001 272334 0.42
-6.300001 3.26 -1.260001 282234 0.42
-6.720001 3.26 -1.260001 292334 0.42
-7.140001 3.26 -1.260001 272234 0.42
-7.560001 3.26 -1.260001 272234 0.42
-7.980001 3.26 -1.260001 2B2334 0.42
-8.400002 3.26 -1.260001 262233 0.42
-8.820001 3.26 -1.260001 292334 0.42
-9.240002 3.26 -1.260001 2B2334 0.42
-9.660001 3.26 -1.260001 282234 0.42
-10.08 3.26 -1.260001 2E2435 0.42
9.240002 -0.1 -1.679999 6E484C 0.42
-9.240002 -0.1 -1.680001 6D474C 0.42
9.240002 0.32 -1.679999 6B464B 0.42
-9.240002 0.32 -1.680001 6C474B 0.42
9.240002 0.7399999 -1.679999 6B464B 0.42
-9.240002 0.7399999 -1.680001 6A454A 0.42
9.240002 1.16 -1.679999 634148 0.42
-9.240002 1.16 -1.680001 68454A 0.42
9.240002 1.58 -1.679999 614047 0.42
-9.240002 1.58 -1.680001 614048 0.42
9.240002 2 -1.679999 553A43 0.42
-9.240002 2 -1.680001 583B44 0.42
9.240002 2.42 -1.679999 4D3541 0.42
-9.240002 2.42 -1.680001 4F3641 0.42
9.240002 2.84 -1.679999 3C2C3B 0.42
-9.240002 2.84 -1.680001 402E3C 0.42
10.08 3.68 -1.259999 8B5C57 0.42
-10.08 3.68 -1.260001 92615A 0.42
10.08 4.1 -1.259999 8F5F59 0.42
-10.08 4.1 -1.260001 94625B 0.42
9.660001 4.1 -1.259999 C0856F 0.42
9.240002 4.1 -1.259999 BF846E 0.42
8.820001 4.1 -1.259999 BB816C 0.42
8.400002 4.1 -1.259999 BE826D 0.42
7.980001 4.1 -1.259999 BE836D 0.42
7.560001 4.1 -1.259999 BB816C 0.42
7.140001 4.1 -1.259999 B87E6A 0.42
6.720001 4.1 -1.259999 B97E6B 0.42
6.300001 4.1 -1.259999 B97E6A 0.42
5.880001 4.1 -1.26 B87E6A 0.42
5.460001 4.1 -1.26 B87D6A 0.42
5.040001 4.1 -1.26 B97E6A 0.42
4.620001 4.1 -1.26 B87E6A 0.42
4.200001 4.1 -1.26 BA7F6B 0.42
3.780001 4.1 -1.26 B77C69 0.42
3.360001 4.1 -1.26 B67C69 0.42
2.940001 4.1 -1.26 B77C69 0.42
2.52 4.1 -1.26 B87E6A 0.42
2.1 4.1 -1.26 B77D6A 0.42
1.68 4.1 -1.26 B77C69 0.42
1.26 4.1 -1.26 BA7F6B 0.42
0.8400002 4.1 -1.26 B77D69 0.42
0.4200002 4.1 -1.26 B77D6A 0.42
1.192093E-07 4.1 -1.26 B87D6A 0.42
-0.4199999 4.1 -1.26 B67C69 0.42
-0.84 4.1 -1.26 B97E6B 0.42
-1.26 4.1 -1.26 B97E6A 0.42
-1.68 4.1 -1.26 B87E6A 0.42
-2.1 4.1 -1.26 B97F6B 0.42
-2.52 4.1 -1.26 B77C69 0.42
-2.94 4.1 -1.26 BA806C 0.42
-3.36 4.1 -1.260001 B57B68 0.42
-3.78 4.1 -1.260001 B77C69 0.42
-4.200001 4.1 -1.260001 B97E6A 0.42
-4.620001 4.1 -1.260001 B87D6A 0.42
-5.040001 4.1 -1.260001 B77C69 0.42
-5.460001 4.1 -1.260001 B97F6B 0.42
-5.880001 4.1 -1.260001 B97E6A 0.42
-6.300001 4.1 -1.260001 B67C69 0.42
-6.720001 4.1 -1.260001 BB806B 0.42
-7.140001 4.1 -1.260001 BB806C 0.42
-7.560001 4.1 -1.260001 BC816C 0.42
-7.980001 4.1 -1.260001 BC816C 0.42
-8.400002 4.1 -1.260001 BC816C 0.42
-8.820001 4.1 -1.260001 BB816C 0.42
-9.240002 4.1 -1.260001 C0856E 0.42
-9.660001 4.1 -1.260001 C0856F 0.42
10.08 3.26 -0.8399992 2B2334 0.42
9.660001 3.26 -0.8399992 2C2334 0.42
9.240002 3.26 -0.8399992 2A2334 0.42
8.820001 3.26 -0.8399992 282234 0.42
8.400002 3.26 -0.8399992 292234 0.42
7.980001 3.26 -0.8399992 282234 0.42
7.560001 3.26 -0.8399982 272234 0.42
7.140001 3.26 -0.8399992 282234 0.42
6.720001 3.26 -0.8399992 282334 0.42
6.300001 3.26 -0.8399992 272234 0.42
5.880001 3.26 -0.8400002 292335 0.42
5.460001 3.26 -0.8400002 282334 0.42
5.040001 3.26 -0.8400002 272234 0.42
4.620001 3.26 -0.8400002 292334 0.42
4.200001 3.26 -0.8400002 262234 0.42
3.780001 3.26 -0.8399992 272234 0.42
3.360001 3.26 -0.8399992 272234 0.42
2.940001 3.26 -0.8400002 272334 0.42
2.52 3.26 -0.8400002 262234 0.42
2.1 3.26 -0.8400002 262234 0.42
1.68 3.26 -0.8400002 262234 0.42
1.26 3.26 -0.8400002 262234 0.42
0.8400002 3.26 -0.8400002 262234 0.42
0.4200002 3.26 -0.8400002 262234 0.42
1.192093E-07 3.26 -0.8400002 272334 0.42
-0.4199999 3.26 -0.8400002 262234 0.42
-0.84 3.26 -0.8400002 262234 0.42
-1.26 3.26 -0.8400002 2A2435 0.42
-1.68 3.26 -0.8400002 262234 0.42
-2.1 3.26 -0.8400002 272234 0.42
-2.52 3.26 -0.8400002 262234 0.42
-2.94 3.26 -0.8400002 262234 0.42
-3.36 3.26 -0.8400002 272234 0.42
-3.78 3.26 -0.8400002 262234 0.42
-4.200001 3.26 -0.8400002 272234 0.42
-4.620001 3.26 -0.8400002 282334 0.42
-5.040001 3.26 -0.8400002 252234 0.42
-5.460001 3.26 -0.8400002 272234 0.42
-5.880001 3.26 -0.8400002 292335 0.42
-6.300001 3.26 -0.8400011 282334 0.42
-6.720001 3.26 -0.8400011 292335 0.42
-7.140001 3.26 -0.8400011 2A2334 0.42
-7.560001 3.26 -0.8400011 292334 0.42
-7.980001 3.26 -0.8400011 292334 0.42
-8.400002 3.26 -0.8400011 2B2334 0.42
-8.820001 3.26 -0.8400011 2B2334 0.42
-9.240002 3.26 -0.8400011 292334 0.42
-9.660001 3.26 -0.8400011 2D2434 0.42
-10.08 3.26 -0.8400011 2C2334 0.42
10.08 3.68 -0.8399992 905F59 0.42
-10.08 3.68 -0.8400011 94635B 0.42
10.08 4.1 -0.8399992 905F59 0.42
-10.08 4.1 -0.8400011 93625A 0.42
9.660001 4.1 -0.8399992 BF846E 0.42
9.240002 4.1 -0.8399992 BC816C 0.42
8.820001 4.1 -0.8399992 BB806B 0.42
8.400002 4.1 -0.8399992 BB806B 0.42
7.980001 4.1 -0.8399992 B97F6B 0.42
7.560001 4.1 -0.8399982 B87D6A 0.42
7.140001 4.1 -0.8399992 B77C69 0.42
6.720001 4.1 -0.8399992 B67C69 0.42
6.300001 4.1 -0.8399992 B77C69 0.42
5.880001 4.1 -0.8400002 B57B69 0.42
5.460001 4.1 -0.8400002 B87D69 0.42
5.040001 4.1 -0.8400002 B67B68 0.42
4.620001 4.1 -0.8400002 B57B68 0.42
4.200001 4.1 -0.8400002 B57B68 0.42
3.780001 4.1 -0.8399992 B77C69 0.42
3.360001 4.1 -0.8399992 B47A68 0.42
2.940001 4.1 -0.8400002 B87D6A 0.42
2.52 4.1 -0.8400002 B67B69 0.42
2.1 4.1 -0.8400002 B67C69 0.42
1.68 4.1 -0.8400002 B67B69 0.42
1.26 4.1 -0.8400002 B57A68 0.42
0.8400002 4.1 -0.8400002 B77C69 0.42
0.4200002 4.1 -0.8400002 B47968 0.42
1.192093E-07 4.1 -0.8400002 B37867 0.42
-0.4199999 4.1 -0.8400002 B57A68 0.42
-0.84 4.1 -0.8400002 B47967 0.42
-1.26 4.1 -0.8400002 B37967 0.42
-1.68 4.1 -0.8400002 B87D69 0.42
-2.1 4.1 -0.8400002 B67B69 0.42
-2.52 4.1 -0.8400002 B57B68 0.42
-2.94 4.1 -0.8400002 B77C69 0.42
-3.36 4.1 -0.8400002 B77C69 0.42
-3.78 4.1 -0.8400002 B77C69 0.42
-4.200001 4.1 -0.8400002 B67B68 0.42
-4.620001 4.1 -0.8400002 B77C69 0.42
-5.040001 4.1 -0.8400002 B97F6B 0.42
-5.460001 4.1 -0.8400002 B67C69 0.42
-5.880001 4.1 -0.8400002 B77C69 0.42
-6.300001 4.1 -0.8400011 B97E6A 0.42
-6.720001 4.1 -0.8400011 B57B68 0.42
-7.140001 4.1 -0.8400011 B77D6A 0.42
-7.560001 4.1 -0.8400011 B87E6A 0.42
-7.980001 4.1 -0.8400011 B87D6A 0.42
-8.400002 4.1 -0.8400011 BC816C 0.42
-8.820001 4.1 -0.8400011 BC816C 0.42
-9.240002 4.1 -0.8400011 BD826D 0.42
-9.660001 4.1 -0.8400011 BD826D 0.42
10.08 3.26 -0.4199991 2B2435 0.42
9.660001 3.26 -0.4199991 292334 0.42
9.240002 3.26 -0.4199991 2A2334 0.42
8.820001 3.26 -0.4199991 282234 0.42
8.400002 3.26 -0.4199991 272234 0.42
7.980001 3.26 -0.4199991 272234 0.42
7.560001 3.26 -0.4199991 272234 0.42
7.140001 3.26 -0.4199991 282334 0.42
6.720001 3.26 -0.4199991 2A2334 0.42
6.300001 3.26 -0.4199991 282334 0.42
5.880001 3.26 -0.4200001 272234 0.42
5.460001 3.26 -0.4200001 282234 0.42
5.040001 3.26 -0.4200001 272234 0.42
4.620001 3.26 -0.4200001 272234 0.42
4.200001 3.26 -0.4200001 272234 0.42
3.78 3.26 -0.4199991 262234 0.42
3.36 3.26 -0.4200001 272334 0.42
2.94 3.26 -0.4200001 272334 0.42
2.52 3.26 -0.4200001 272234 0.42
2.1 3.26 -0.4200001 252234 0.42
1.68 3.26 -0.4200001 262234 0.42
1.26 3.26 -0.4200001 262234 0.42
0.8400002 3.26 -0.4200001 262234 0.42
0.4200001 3.26 -0.4200001 262234 0.42
5.960464E-08 3.26 -0.4200001 262234 0.42
-0.42 3.26 -0.4200001 262234 0.42
-0.84 3.26 -0.4200001 262234 0.42
-1.26 3.26 -0.4200001 262234 0.42
-1.68 3.26 -0.4200001 262234 0.42
-2.1 3.26 -0.4200001 272234 0.42
-2.52 3.26 -0.4200001 272234 0.42
-2.94 3.26 -0.4200001 272334 0.42
-3.36 3.26 -0.420001 262234 0.42
-3.78 3.26 -0.420001 262234 0.42
-4.200001 3.26 -0.420001 272334 0.42
-4.620001 3.26 -0.420001 272334 0.42
-5.040001 3.26 -0.420001 262234 0.42
-5.460001 3.26 -0.420001 272234 0.42
-5.880001 3.26 -0.420001 282334 0.42
-6.300001 3.26 -0.420001 282334 0.42
-6.720001 3.26 -0.420001 282334 0.42
-7.140001 3.26 -0.420001 262234 0.42
-7.560001 3.26 -0.420001 2A2334 0.42
-7.980001 3.26 -0.420001 282234 0.42
-8.400002 3.26 -0.420001 2C2334 0.42
-8.820001 3.26 -0.420001 2B2334 0.42
-9.240002 3.26 -0.420001 2B2334 0.42
-9.660001 3.26 -0.420001 292334 0.42
-10.08 3.26 -0.420001 2A2334 0.42
10.08 3.68 -0.4199991 8F5E58 0.42
-10.08 3.68 -0.420001 94635B 0.42
10.08 4.1 -0.4199991 8F5F59 0.42
-10.08 4.1 -0.420001 94625B 0.42
9.660001 4.1 -0.4199991 BE836E 0.42
9.240002 4.1 -0.4199991 BA7F6B 0.42
8.820001 4.1 -0.4199991 BA7F6B 0.42
8.400002 4.1 -0.4199991 B97E6A 0.42
7.980001 4.1 -0.4199991 B87D69 0.42
7.560001 4.1 -0.4199991 B87D6A 0.42
7.140001 4.1 -0.4199991 B37968 0.42
6.720001 4.1 -0.4199991 B67C69 0.42
6.300001 4.1 -0.4199991 B67C69 0.42
5.880001 4.1 -0.4200001 B57B69 0.42
5.460001 4.1 -0.4200001 B37867 0.42
5.040001 4.1 -0.4200001 B77D69 0.42
4.620001 4.1 -0.4200001 B57B68 0.42
4.200001 4.1 -0.4200001 B77C69 0.42
3.78 4.1 -0.4199991 B37A68 0.42
3.36 4.1 -0.4200001 B57A68 0.42
2.94 4.1 -0.4200001 B27866 0.42
2.52 4.1 -0.4200001 B27967 0.42
2.1 4.1 -0.4200001 B37967 0.42
1.68 4.1 -0.4200001 B47968 0.42
1.26 4.1 -0.4200001 B37967 0.42
0.8400002 4.1 -0.4200001 B57A68 0.42
0.4200001 4.1 -0.4200001 B47A68 0.42
5.960464E-08 4.1 -0.4200001 B47A68 0.42
-0.42 4.1 -0.4200001 B17867 0.42
-0.84 4.1 -0.4200001 B57B68 0.42
-1.26 4.1 -0.4200001 B57A68 0.42
-1.68 4.1 -0.4200001 B37967 0.42
-2.1 4.1 -0.4200001 B17766 0.42
-2.52 4.1 -0.4200001 B37867 0.42
-2.94 4.1 -0.4200001 B37867 0.42
-3.36 4.1 -0.420001 B57A68 0.42
-3.78 4.1 -0.420001 B17867 0.42
-4.200001 4.1 -0.420001 B57A68 0.42
-4.620001 4.1 -0.420001 B47968 0.42
-5.040001 4.1 -0.420001 B47A68 0.42
-5.460001 4.1 -0.420001 B47A68 0.42
-5.880001 4.1 -0.420001 B67B68 0.42
-6.300001 4.1 -0.420001 B37968 0.42
-6.720001 4.1 -0.420001 B57B68 0.42
-7.140001 4.1 -0.420001 B87D6A 0.42
-7.560001 4.1 -0.420001 B77D6A 0.42
-7.980001 4.1 -0.420001 B97E6A 0.42
-8.400002 4.1 -0.420001 B97F6B 0.42
-8.820001 4.1 -0.420001 BA7F6B 0.42
-9.240002 4.1 -0.420001 BD816C 0.42
-9.660001 4.1 -0.420001 BD826D 0.42
10.08 3.26 9.536743E-07 2B2434 0.42
9.660001 3.26 9.536743E-07 272234 0.42
9.240002 3.26 9.536743E-07 292234 0.42
8.820001 3.26 9.536743E-07 262233 0.42
8.400002 3.26 9.536743E-07 2B2334 0.42
7.980001 3.26 9.536743E-07 282234 0.42
7.560001 3.26 9.536743E-07 282234 0.42
7.140001 3.26 9.536743E-07 282334 0.42
6.720001 3.26 9.536743E-07 282334 0.42
6.300001 3.26 9.536743E-07 272234 0.42
5.880001 3.26 9.536743E-07 292334 0.42
5.460001 3.26 9.536743E-07 272234 0.42
5.040001 3.26 9.536743E-07 272234 0.42
4.620001 3.26 9.536743E-07 262234 0.42
4.200001 3.26 9.536743E-07 262234 0.42
3.78 3.26 9.536743E-07 262234 0.42
3.36 3.26 9.536743E-07 272234 0.42
2.94 3.26 0 262234 0.42
2.52 3.26 0 272234 0.42
2.1 3.26 0 262234 0.42
1.68 3.26 0 262234 0.42
1.26 3.26 0 252234 0.42
0.8400001 3.26 0 252234 0.42
0.42 3.26 0 262234 0.42
0 3.26 0 272334 0.42
-0.42 3.26 0 272234 0.42
-0.8400001 3.26 0 262234 0.42
-1.26 3.26 0 262234 0.42
-1.68 3.26 0 262234 0.42
-2.1 3.26 0 262234 0.42
-2.52 3.26 0 262234 0.42
-2.94 3.26 0 262234 0.42
-3.36 3.26 -9.536743E-07 262234 0.42
-3.78 3.26 -9.536743E-07 282335 0.42
-4.200001 3.26 -9.536743E-07 272335 0.42
-4.620001 3.26 -9.536743E-07 272334 0.42
-5.040001 3.26 -9.536743E-07 272234 0.42
-5.460001 3.26 -9.536743E-07 272234 0.42
-5.880001 3.26 -9.536743E-07 262234 0.42
-6.300001 3.26 -9.536743E-07 262234 0.42
-6.720001 3.26 -9.536743E-07 2C2435 0.42
-7.140001 3.26 -9.536743E-07 272234 0.42
-7.560001 3.26 -9.536743E-07 292334 0.42
-7.980001 3.26 -9.536743E-07 2B2334 0.42
-8.400002 3.26 -9.536743E-07 292334 0.42
-8.820001 3.26 -9.536743E-07 2A2334 0.42
-9.240002 3.26 -9.536743E-07 272233 0.42
-9.660001 3.26 -9.536743E-07 292334 0.42
-10.08 3.26 -9.536743E-07 2B2334 0.42
10.08 3.68 9.536743E-07 8D5D58 0.42
-10.08 3.68 -9.536743E-07 94625B 0.42
10.08 4.1 9.536743E-07 8C5D58 0.42
-10.08 4.1 -9.536743E-07 93625B 0.42
9.660001 4.1 9.536743E-07 B87E6A 0.42
9.240002 4.1 9.536743E-07 B97E6A 0.42
8.820001 4.1 9.536743E-07 B57B68 0.42
8.400002 4.1 9.536743E-07 B47A68 0.42
7.980001 4.1 9.536743E-07 B47967 0.42
7.560001 4.1 9.536743E-07 B37A68 0.42
7.140001 4.1 9.536743E-07 B17867 0.42
6.720001 4.1 9.536743E-07 B47A68 0.42
6.300001 4.1 9.536743E-07 B07666 0.42
5.880001 4.1 9.536743E-07 B27866 0.42
5.460001 4.1 9.536743E-07 B47A68 0.42
5.040001 4.1 9.536743E-07 B37967 0.42
4.620001 4.1 9.536743E-07 B37968 0.42
4.200001 4.1 9.536743E-07 B07666 0.42
3.78 4.1 9.536743E-07 B27867 0.42
3.36 4.1 9.536743E-07 B07766 0.42
2.94 4.1 0 B47968 0.42
2.52 4.1 0 B07666 0.42
2.1 4.1 0 B47967 0.42
1.68 4.1 0 B27867 0.42
1.26 4.1 0 B47967 0.42
0.8400001 4.1 0 B27867 0.42
0.42 4.1 0 B47A68 0.42
0 4.1 0 B17666 0.42
-0.42 4.1 0 B27867 0.42
-0.8400001 4.1 0 B37967 0.42
-1.26 4.1 0 B47A68 0.42
-1.68 4.1 0 B37967 0.42
-2.1 4.1 0 B17766 0.42
-2.52 4.1 0 B17766 0.42
-2.94 4.1 0 B17766 0.42
-3.36 4.1 -9.536743E-07 B07766 0.42
-3.78 4.1 -9.536743E-07 B17867 0.42
-4.200001 4.1 -9.536743E-07 B37867 0.42
-4.620001 4.1 -9.536743E-07 B27866 0.42
-5.040001 4.1 -9.536743E-07 B47968 0.42
-5.460001 4.1 -9.536743E-07 B07766 0.42
-5.880001 4.1 -9.536743E-07 B27867 0.42
-6.300001 4.1 -9.536743E-07 B27867 0.42
-6.720001 4.1 -9.536743E-07 B57B68 0.42
-7.140001 4.1 -9.536743E-07 B07666 0.42
-7.560001 4.1 -9.536743E-07 B47A68 0.42
-7.980001 4.1 -9.536743E-07 B37967 0.42
-8.400002 4.1 -9.536743E-07 B27967 0.42
-8.820001 4.1 -9.536743E-07 B87D6A 0.42
-9.240002 4.1 -9.536743E-07 BB806B 0.42
-9.660001 4.1 -9.536743E-07 BF846E 0.42
10.08 3.26 0.420001 2E2434 0.42
9.660001 3.26 0.420001 282233 0.42
9.240002 3.26 0.420001 262132 0.42
8.820001 3.26 0.420001 262132 0.42
8.400002 3.26 0.420001 282234 0.42
7.980001 3.26 0.420001 292234 0.42
7.560001 3.26 0.420001 2B2334 0.42
7.140001 3.26 0.420001 292334 0.42
6.720001 3.26 0.420001 272234 0.42
6.300001 3.26 0.420001 262234 0.42
5.880001 3.26 0.420001 282234 0.42
5.460001 3.26 0.420001 272234 0.42
5.040001 3.26 0.420001 262234 0.42
4.620001 3.26 0.420001 272234 0.42
4.200001 3.26 0.420001 272334 0.42
3.78 3.26 0.420001 262234 0.42
3.36 3.26 0.420001 272234 0.42
2.94 3.26 0.4200001 282334 0.42
2.52 3.26 0.4200001 252234 0.42
2.1 3.26 0.4200001 262234 0.42
1.68 3.26 0.4200001 252234 0.42
1.26 3.26 0.4200001 262234 0.42
0.84 3.26 0.4200001 262233 0.42
0.42 3.26 0.4200001 272334 0.42
-5.960464E-08 3.26 0.4200001 262234 0.42
-0.4200001 3.26 0.4200001 262234 0.42
-0.8400002 3.26 0.4200001 262234 0.42
-1.26 3.26 0.4200001 272334 0.42
-1.68 3.26 0.4200001 292435 0.42
-2.1 3.26 0.4200001 252234 0.42
-2.52 3.26 0.4200001 252133 0.42
-2.94 3.26 0.4200001 262234 0.42
-3.36 3.26 0.4200001 272234 0.42
-3.78 3.26 0.4199991 272234 0.42
-4.200001 3.26 0.4200001 262234 0.42
-4.620001 3.26 0.4200001 272234 0.42
-5.040001 3.26 0.4200001 272234 0.42
-5.460001 3.26 0.4200001 262234 0.42
-5.880001 3.26 0.4200001 262234 0.42
-6.300001 3.26 0.4199991 292334 0.42
-6.720001 3.26 0.4199991 272234 0.42
-7.140001 3.26 0.4199991 282234 0.42
-7.560001 3.26 0.4199991 272234 0.42
-7.980001 3.26 0.4199991 292334 0.42
-8.400002 3.26 0.4199991 282234 0.42
-8.820001 3.26 0.4199991 272133 0.42
-9.240002 3.26 0.4199991 2A2233 0.42
-9.660001 3.26 0.4199991 292233 0.42
-10.08 3.26 0.4199991 2F2435 0.42
10.08 3.68 0.420001 8B5C57 0.42
-10.08 3.68 0.4199991 94635B 0.42
10.08 4.1 0.420001 8E5E58 0.42
-10.08 4.1 0.4199991 95635B 0.42
9.660001 4.1 0.420001 B77D6A 0.42
9.240002 4.1 0.420001 AF7565 0.42
8.820001 4.1 0.420001 B27867 0.42
8.400002 4.1 0.420001 AE7565 0.42
7.980001 4.1 0.420001 B17867 0.42
7.560001 4.1 0.420001 AE7666 0.42
7.140001 4.1 0.420001 B07666 0.42
6.720001 4.1 0.420001 AF7766 0.42
6.300001 4.1 0.420001 AB7264 0.42
5.880001 4.1 0.420001 AD7464 0.42
5.460001 4.1 0.420001 AC7364 0.42
5.040001 4.1 0.420001 AD7465 0.42
4.620001 4.1 0.420001 AC7465 0.42
4.200001 4.1 0.420001 AC7364 0.42
3.78 4.1 0.420001 B07766 0.42
3.36 4.1 0.420001 B17766 0.42
2.94 4.1 0.4200001 B17666 0.42
2.52 4.1 0.4200001 AF7665 0.42
2.1 4.1 0.4200001 AC7263 0.42
1.68 4.1 0.4200001 AD7465 0.42
1.26 4.1 0.4200001 AF7565 0.42
0.84 4.1 0.4200001 AD7464 0.42
0.42 4.1 0.4200001 B17867 0.42
-5.960464E-08 4.1 0.4200001 B07766 0.42
-0.4200001 4.1 0.4200001 AE7465 0.42
-0.8400002 4.1 0.4200001 AF7665 0.42
-1.26 4.1 0.4200001 AD7465 0.42
-1.68 4.1 0.4200001 B07766 0.42
-2.1 4.1 0.4200001 AD7464 0.42
-2.52 4.1 0.4200001 B07665 0.42
-2.94 4.1 0.4200001 B07766 0.42
-3.36 4.1 0.4200001 AD7464 0.42
-3.78 4.1 0.4199991 AD7565 0.42
-4.200001 4.1 0.4200001 AC7364 0.42
-4.620001 4.1 0.4200001 B07766 0.42
-5.040001 4.1 0.4200001 B17766 0.42
-5.460001 4.1 0.4200001 AF7565 0.42
-5.880001 4.1 0.4200001 AE7565 0.42
-6.300001 4.1 0.4199991 AD7465 0.42
-6.720001 4.1 0.4199991 B17766 0.42
-7.140001 4.1 0.4199991 B17766 0.42
-7.560001 4.1 0.4199991 AE7565 0.42
-7.980001 4.1 0.4199991 B27867 0.42
-8.400002 4.1 0.4199991 B07766 0.42
-8.820001 4.1 0.4199991 B17766 0.42
-9.240002 4.1 0.4199991 B27766 0.42
-9.660001 4.1 0.4199991 BC806C 0.42
10.08 3.26 0.8400011 2F2535 0.42
9.660001 3.26 0.8400011 312332 0.42
9.240002 3.26 0.8400011 352433 0.42
8.820001 3.26 0.8400011 2D2232 0.42
8.400002 3.26 0.8400011 2A2234 0.42
7.980001 3.26 0.8400011 282234 0.42
7.560001 3.26 0.8400011 292334 0.42
7.140001 3.26 0.8400011 272234 0.42
6.720001 3.26 0.8400011 282234 0.42
6.300001 3.26 0.8400011 272234 0.42
5.880001 3.26 0.8400002 262234 0.42
5.460001 3.26 0.8400002 262234 0.42
5.040001 3.26 0.8400002 272234 0.42
4.620001 3.26 0.8400002 252234 0.42
4.200001 3.26 0.8400002 262234 0.42
3.78 3.26 0.8400002 262234 0.42
3.36 3.26 0.8400002 272335 0.42
2.94 3.26 0.8400002 272334 0.42
2.52 3.26 0.8400002 262234 0.42
2.1 3.26 0.8400002 262234 0.42
1.68 3.26 0.8400002 272334 0.42
1.26 3.26 0.8400002 272334 0.42
0.84 3.26 0.8400002 262234 0.42
0.4199999 3.26 0.8400002 252234 0.42
-1.192093E-07 3.26 0.8400002 272234 0.42
-0.4200002 3.26 0.8400002 262234 0.42
-0.8400002 3.26 0.8400002 262234 0.42
-1.26 3.26 0.8400002 272334 0.42
-1.68 3.26 0.8400002 262234 0.42
-2.1 3.26 0.8400002 272334 0.42
-2.52 3.26 0.8400002 252234 0.42
-2.940001 3.26 0.8400002 252233 0.42
-3.360001 3.26 0.8399992 272334 0.42
-3.780001 3.26 0.8399992 262234 0.42
-4.200001 3.26 0.8400002 262234 0.42
-4.620001 3.26 0.8400002 282334 0.42
-5.040001 3.26 0.8400002 282335 0.42
-5.460001 3.26 0.8400002 262234 0.42
-5.880001 3.26 0.8400002 252234 0.42
-6.300001 3.26 0.8399992 262234 0.42
-6.720001 3.26 0.8399992 262234 0.42
-7.140001 3.26 0.8399992 272234 0.42
-7.560001 3.26 0.8399982 282234 0.42
-7.980001 3.26 0.8399992 292334 0.42
-8.400002 3.26 0.8399992 262233 0.42
-8.820001 3.26 0.8399992 2F2232 0.42
-9.240002 3.26 0.8399992 352433 0.42
-9.660001 3.26 0.8399992 362533 0.42
-10.08 3.26 0.8399992 322535 0.42
9.660001 -0.1 0.8400011 885955 0.42
-8.820001 -0.1 0.8399992 6D484C 0.42
8.820001 -0.1 0.8400011 734C4E 0.42
-9.660001 -0.1 0.8399992 93625A 0.42
9.660001 0.32 0.8400011 8C5D58 0.42
-8.820001 0.32 0.8399992 67454A 0.42
8.820001 0.32 0.8400011 6E494D 0.42
-9.660001 0.32 0.8399992 94625B 0.42
9.660001 0.7399999 0.8400011 8D5D58 0.42
-8.820001 0.7399999 0.8399992 644249 0.42
8.820001 0.7399999 0.8400011 6C474C 0.42
-9.660001 0.7399999 0.8399992 92605A 0.42
9.660001 1.16 0.8400011 8B5C57 0.42
-8.820001 1.16 0.8399992 5D3F47 0.42
8.820001 1.16 0.8400011 66444A 0.42
-9.660001 1.16 0.8399992 94625B 0.42
9.660001 1.58 0.8400011 885A56 0.42
-8.820001 1.58 0.8399992 593C45 0.42
8.820001 1.58 0.8400011 604048 0.42
-9.660001 1.58 0.8399992 94625B 0.42
9.660001 2 0.8400011 8B5C57 0.42
-8.820001 2 0.8399992 4E3641 0.42
8.820001 2 0.8400011 533943 0.42
-9.660001 2 0.8399992 91605A 0.42
9.660001 2.42 0.8400011 895A56 0.42
-8.820001 2.42 0.8399992 48333F 0.42
8.820001 2.42 0.8400011 4B3441 0.42
-9.660001 2.42 0.8399992 91615A 0.42
9.660001 2.84 0.8400011 774E4F 0.42
-8.820001 2.84 0.8399992 3B2C3B 0.42
8.820001 2.84 0.8400011 3A2C3B 0.42
-9.660001 2.84 0.8399992 865956 0.42
10.08 3.68 0.8400011 8D5D58 0.42
-10.08 3.68 0.8399992 94625B 0.42
10.08 4.1 0.8400011 8C5D58 0.42
-10.08 4.1 0.8399992 95635B 0.42
8.400002 4.1 0.8400011 AA7163 0.42
7.980001 4.1 0.8400011 AB7364 0.42
7.560001 4.1 0.8400011 AE7666 0.42
7.140001 4.1 0.8400011 A87063 0.42
6.720001 4.1 0.8400011 AC7464 0.42
6.300001 4.1 0.8400011 AA7264 0.42
5.880001 4.1 0.8400002 AC7364 0.42
5.460001 4.1 0.8400002 AB7364 0.42
5.040001 4.1 0.8400002 AB7364 0.42
4.620001 4.1 0.8400002 AB7364 0.42
4.200001 4.1 0.8400002 AC7364 0.42
3.78 4.1 0.8400002 AA7163 0.42
3.36 4.1 0.8400002 AD7465 0.42
2.94 4.1 0.8400002 AA7364 0.42
2.52 4.1 0.8400002 A97163 0.42
2.1 4.1 0.8400002 AC7364 0.42
1.68 4.1 0.8400002 AB7364 0.42
1.26 4.1 0.8400002 A97263 0.42
0.84 4.1 0.8400002 AB7364 0.42
0.4199999 4.1 0.8400002 A97163 0.42
-1.192093E-07 4.1 0.8400002 AD7565 0.42
-0.4200002 4.1 0.8400002 AA7364 0.42
-0.8400002 4.1 0.8400002 A97163 0.42
-1.26 4.1 0.8400002 AA7264 0.42
-1.68 4.1 0.8400002 AC7465 0.42
-2.1 4.1 0.8400002 AB7364 0.42
-2.52 4.1 0.8400002 AC7465 0.42
-2.940001 4.1 0.8400002 AB7364 0.42
-3.360001 4.1 0.8399992 AB7364 0.42
-3.780001 4.1 0.8399992 A97163 0.42
-4.200001 4.1 0.8400002 AB7364 0.42
-4.620001 4.1 0.8400002 AB7364 0.42
-5.040001 4.1 0.8400002 AD7465 0.42
-5.460001 4.1 0.8400002 AF7665 0.42
-5.880001 4.1 0.8400002 AE7566 0.42
-6.300001 4.1 0.8399992 AA7264 0.42
-6.720001 4.1 0.8399992 AB7364 0.42
-7.140001 4.1 0.8399992 AE7565 0.42
-7.560001 4.1 0.8399982 AB7263 0.42
-7.980001 4.1 0.8399992 AC7465 0.42
-8.400002 4.1 0.8399992 AB7364 0.42
10.08 3.26 1.260001 322535 0.42
9.660001 3.26 1.260001 2F2232 0.42
9.240002 3.26 1.260001 382534 0.42
8.820001 3.26 1.260001 342433 0.42
8.400002 3.26 1.260001 272233 0.42
7.980001 3.26 1.260001 292234 0.42
7.560001 3.26 1.260001 292334 0.42
7.140001 3.26 1.260001 292334 0.42
6.720001 3.26 1.260001 262234 0.42
6.300001 3.26 1.260001 2A2335 0.42
5.880001 3.26 1.260001 272234 0.42
5.460001 3.26 1.260001 282334 0.42
5.040001 3.26 1.260001 272334 0.42
4.620001 3.26 1.260001 272234 0.42
4.200001 3.26 1.260001 272234 0.42
3.78 3.26 1.260001 252234 0.42
3.36 3.26 1.260001 262234 0.42
2.94 3.26 1.26 262234 0.42
2.52 3.26 1.26 252234 0.42
2.1 3.26 1.26 262234 0.42
1.68 3.26 1.26 262234 0.42
1.26 3.26 1.26 262234 0.42
0.84 3.26 1.26 262234 0.42
0.4199999 3.26 1.26 272234 0.42
-1.192093E-07 3.26 1.26 262234 0.42
-0.4200002 3.26 1.26 262234 0.42
-0.8400002 3.26 1.26 262234 0.42
-1.26 3.26 1.26 262234 0.42
-1.68 3.26 1.26 252234 0.42
-2.1 3.26 1.26 262234 0.42
-2.52 3.26 1.26 272334 0.42
-2.940001 3.26 1.26 262234 0.42
-3.360001 3.26 1.26 252234 0.42
-3.780001 3.26 1.26 272334 0.42
-4.200001 3.26 1.26 272234 0.42
-4.620001 3.26 1.26 272334 0.42
-5.040001 3.26 1.26 272234 0.42
-5.460001 3.26 1.26 2A2334 0.42
-5.880001 3.26 1.26 272234 0.42
-6.300001 3.26 1.259999 292335 0.42
-6.720001 3.26 1.259999 272234 0.42
-7.140001 3.26 1.259999 292334 0.42
-7.560001 3.26 1.259999 282334 0.42
-7.980001 3.26 1.259999 272234 0.42
-8.400002 3.26 1.259999 262133 0.42
-8.820001 3.26 1.259999 312333 0.42
-9.240002 3.26 1.259999 382534 0.42
-9.660001 3.26 1.259999 372534 0.42
-10.08 3.26 1.259999 332535 0.42
9.660001 -0.1 1.260001 855754 0.42
-8.820001 -0.1 1.259999 6D484C 0.42
8.820001 -0.1 1.260001 734C4E 0.42
-9.660001 -0.1 1.259999 92615A 0.42
9.660001 0.32 1.260001 8A5B57 0.42
-8.820001 0.32 1.259999 6B474C 0.42
8.820001 0.32 1.260001 714B4E 0.42
-9.660001 0.32 1.259999 96645C 0.42
9.660001 0.7399999 1.260001 8D5D58 0.42
-8.820001 0.7399999 1.259999 67444A 0.42
8.820001 0.7399999 1.260001 6E494C 0.42
-9.660001 0.7399999 1.259999 95635B 0.42
9.660001 1.16 1.260001 8E5E58 0.42
-8.820001 1.16 1.259999 654349 0.42
8.820001 1.16 1.260001 6B474C 0.42
-9.660001 1.16 1.259999 93615A 0.42
9.660001 1.58 1.260001 8B5C57 0.42
-8.820001 1.58 1.259999 604048 0.42
8.820001 1.58 1.260001 644349 0.42
-9.660001 1.58 1.259999 94625B 0.42
9.660001 2 1.260001 8C5D58 0.42
-8.820001 2 1.259999 553A44 0.42
8.820001 2 1.260001 593C45 0.42
-9.660001 2 1.259999 94625B 0.42
9.660001 2.42 1.260001 895B57 0.42
-8.820001 2.42 1.259999 4A3440 0.42
8.820001 2.42 1.260001 4F3742 0.42
-9.660001 2.42 1.259999 905F59 0.42
9.660001 2.84 1.260001 795050 0.42
-8.820001 2.84 1.259999 3D2D3C 0.42
8.820001 2.84 1.260001 412F3D 0.42
-9.660001 2.84 1.259999 865955 0.42
10.08 3.68 1.260001 8F5E58 0.42
9.660001 3.68 1.260001 482A36 0.42
-8.820001 3.68 1.259999 412835 0.42
8.820001 3.68 1.260001 402735 0.42
-9.660001 3.68 1.259999 492B36 0.42
-10.08 3.68 1.259999 97655C 0.42
10.08 4.1 1.260001 8D5D58 0.42
9.660001 4.1 1.260001 4F2D38 0.42
-8.820001 4.1 1.259999 3F2735 0.42
8.820001 4.1 1.260001 5C3A43 0.42
-9.660001 4.1 1.259999 603840 0.42
-10.08 4.1 1.259999 94625B 0.42
9.660001 4.52 1.260001 93615A 0.42
-8.820001 4.52 1.259999 7B4D4E 0.42
9.240002 4.1 1.260001 4F2C37 0.42
8.400002 4.1 1.260001 97625A 0.42
8.820001 4.52 1.260001 7D4F4F 0.42
7.980001 4.1 1.260001 9B665C 0.42
7.560001 4.1 1.260001 9F695F 0.42
7.140001 4.1 1.260001 A0695F 0.42
6.720001 4.1 1.260001 A16B60 0.42
6.300001 4.1 1.260001 A16B5F 0.42
5.880001 4.1 1.260001 9E695E 0.42
5.460001 4.1 1.260001 A36C60 0.42
5.040001 4.1 1.260001 A26C60 0.42
4.620001 4.1 1.260001 A06A5F 0.42
4.200001 4.1 1.260001 A06A5F 0.42
3.78 4.1 1.260001 9D675E 0.42
3.36 4.1 1.260001 A06B5F 0.42
2.94 4.1 1.26 9E695E 0.42
2.52 4.1 1.26 9D695E 0.42
2.1 4.1 1.26 A26C60 0.42
1.68 4.1 1.26 A16B60 0.42
1.26 4.1 1.26 A06A5F 0.42
0.84 4.1 1.26 A06A5F 0.42
0.4199999 4.1 1.26 9F6A5F 0.42
-1.192093E-07 4.1 1.26 A26B60 0.42
-0.4200002 4.1 1.26 9F6A5F 0.42
-0.8400002 4.1 1.26 9F695F 0.42
-1.26 4.1 1.26 9E685E 0.42
-1.68 4.1 1.26 A06B60 0.42
-2.1 4.1 1.26 A26C60 0.42
-2.52 4.1 1.26 A16B60 0.42
-2.940001 4.1 1.26 9F6A5F 0.42
-3.360001 4.1 1.26 9D685E 0.42
-3.780001 4.1 1.26 A06A5F 0.42
-4.200001 4.1 1.26 A26C60 0.42
-4.620001 4.1 1.26 9F6A5F 0.42
-5.040001 4.1 1.26 A16B60 0.42
-5.460001 4.1 1.26 A16B5F 0.42
-5.880001 4.1 1.26 9F695F 0.42
-6.300001 4.1 1.259999 9E695E 0.42
-6.720001 4.1 1.259999 9E695F 0.42
-7.140001 4.1 1.259999 9D685E 0.42
-7.560001 4.1 1.259999 9E695E 0.42
-7.980001 4.1 1.259999 99655C 0.42
-8.400002 4.1 1.259999 95625A 0.42
-9.240002 4.1 1.259999 4F2C37 0.42
-9.660001 4.52 1.259999 98645B 0.42
10.08 3.26 1.680001 2F2435 0.42
9.660001 3.26 1.680001 2B2233 0.42
9.240002 3.26 1.680001 2B2233 0.42
8.820001 3.26 1.680001 2A2233 0.42
8.400002 3.26 1.680001 2B2334 0.42
7.980001 3.26 1.680001 282234 0.42
7.56 3.26 1.680001 2A2335 0.42
7.140001 3.26 1.680001 282334 0.42
6.72 3.26 1.680001 2A2334 0.42
6.300001 3.26 1.680001 282334 0.42
5.88 3.26 1.680001 292335 0.42
5.46 3.26 1.680001 272234 0.42
5.040001 3.26 1.680001 262234 0.42
4.620001 3.26 1.680001 262234 0.42
4.200001 3.26 1.680001 262234 0.42
3.78 3.26 1.680001 262234 0.42
3.36 3.26 1.680001 262234 0.42
2.94 3.26 1.68 272234 0.42
2.52 3.26 1.68 282335 0.42
2.1 3.26 1.68 262234 0.42
1.68 3.26 1.68 272234 0.42
1.26 3.26 1.68 252234 0.42
0.8399999 3.26 1.68 252234 0.42
0.4199998 3.26 1.68 262234 0.42
-2.384186E-07 3.26 1.68 262234 0.42
-0.4200003 3.26 1.68 262234 0.42
-0.8400003 3.26 1.68 272334 0.42
-1.26 3.26 1.68 292335 0.42
-1.68 3.26 1.68 262234 0.42
-2.100001 3.26 1.68 292435 0.42
-2.520001 3.26 1.68 262234 0.42
-2.940001 3.26 1.68 262234 0.42
-3.360001 3.26 1.68 262234 0.42
-3.780001 3.26 1.68 272234 0.42
-4.200001 3.26 1.68 282335 0.42
-4.620001 3.26 1.68 262234 0.42
-5.040001 3.26 1.68 262234 0.42
-5.460001 3.26 1.68 272334 0.42
-5.880001 3.26 1.68 282334 0.42
-6.300001 3.26 1.679999 272234 0.42
-6.720001 3.26 1.679999 262234 0.42
-7.140001 3.26 1.679999 2A2334 0.42
-7.560001 3.26 1.679999 292334 0.42
-7.980001 3.26 1.679999 282234 0.42
-8.400002 3.26 1.679999 272234 0.42
-8.820001 3.26 1.679999 2A2233 0.42
-9.240002 3.26 1.679999 2C2233 0.42
-9.660001 3.26 1.679999 2C2233 0.42
-10.08 3.26 1.679999 2E2435 0.42
9.660001 -0.1 1.680001 855755 0.42
-8.820001 -0.1 1.679999 6D484C 0.42
8.820001 -0.1 1.680001 815B5C 0.42
-9.660001 -0.1 1.679999 93625B 0.42
9.660001 0.32 1.680001 8B5B57 0.42
-8.820001 0.32 1.679999 6B474B 0.42
8.820001 0.32 1.680001 835F60 0.42
-9.660001 0.32 1.679999 91605A 0.42
9.660001 0.7399999 1.680001 8D5D58 0.42
-8.820001 0.7399999 1.679999 6A464B 0.42
8.820001 0.7399999 1.680001 805C5E 0.42
-9.660001 0.7399999 1.679999 92615A 0.42
9.660001 1.16 1.680001 8D5D58 0.42
-8.820001 1.16 1.679999 654349 0.42
8.820001 1.16 1.680001 7A585B 0.42
-9.660001 1.16 1.679999 92615A 0.42
9.660001 1.58 1.680001 8B5C57 0.42
-8.820001 1.58 1.679999 654349 0.42
8.820001 1.58 1.680001 79575A 0.42
-9.660001 1.58 1.679999 91605A 0.42
9.660001 2 1.680001 8D5D58 0.42
-8.820001 2 1.679999 604048 0.42
8.820001 2 1.680001 725258 0.42
-9.660001 2 1.679999 93625B 0.42
9.660001 2.42 1.680001 885A56 0.42
-8.820001 2.42 1.679999 543A44 0.42
8.820001 2.42 1.680001 6E5158 0.42
-9.660001 2.42 1.679999 91605A 0.42
9.660001 2.84 1.680001 795050 0.42
-8.820001 2.84 1.679999 4A3440 0.42
8.820001 2.84 1.680001 614853 0.42
-9.660001 2.84 1.679999 865956 0.42
8.400002 4.940001 1.680001 422936 0.42
7.980001 4.940001 1.680001 492C38 0.42
7.56 4.940001 1.680001 4B2C38 0.42
7.140001 4.940001 1.680001 472B38 0.42
6.72 4.940001 1.680001 4E2D39 0.42
6.300001 4.940001 1.680001 4E2D39 0.42
5.88 4.940001 1.680001 4E2D39 0.42
5.46 4.940001 1.680001 4F2E39 0.42
5.040001 4.940001 1.680001 4D2D38 0.42
4.620001 4.940001 1.680001 4B2D38 0.42
4.200001 4.940001 1.680001 4E2E39 0.42
3.78 4.940001 1.680001 502E39 0.42
3.36 4.940001 1.680001 4E2D39 0.42
2.94 4.940001 1.68 4E2D38 0.42
2.52 4.940001 1.68 4B2C38 0.42
2.1 4.940001 1.68 4B2C38 0.42
1.68 4.940001 1.68 4B2C38 0.42
1.26 4.940001 1.68 4E2D38 0.42
0.8399999 4.940001 1.68 4C2D38 0.42
0.4199998 4.940001 1.68 4A2C38 0.42
-2.384186E-07 4.940001 1.68 4B2C38 0.42
-0.4200003 4.940001 1.68 4C2D38 0.42
-0.8400003 4.940001 1.68 502E39 0.42
-1.26 4.940001 1.68 502E39 0.42
-1.68 4.940001 1.68 4F2E39 0.42
-2.100001 4.940001 1.68 4A2C38 0.42
-2.520001 4.940001 1.68 4A2C38 0.42
-2.940001 4.940001 1.68 4A2C38 0.42
-3.360001 4.940001 1.68 4D2D38 0.42
-3.780001 4.940001 1.68 4D2D38 0.42
-4.200001 4.940001 1.68 4E2D38 0.42
-4.620001 4.940001 1.68 4D2D38 0.42
-5.040001 4.940001 1.68 482C38 0.42
-5.460001 4.940001 1.68 4E2D38 0.42
-5.880001 4.940001 1.68 4B2C38 0.42
-6.300001 4.940001 1.679999 4B2D38 0.42
-6.720001 4.940001 1.679999 4B2C38 0.42
-7.140001 4.940001 1.679999 4B2D38 0.42
-7.560001 4.940001 1.679999 4E2D38 0.42
-7.980001 4.940001 1.679999 4E2D38 0.42
-8.400002 4.940001 1.679999 462A37 0.42
10.08 3.68 1.680001 93625A 0.42
9.660001 3.68 1.680001 462A36 0.42
-8.820001 3.68 1.679999 422835 0.42
8.820001 3.68 1.680001 3F2735 0.42
-9.660001 3.68 1.679999 4D2C37 0.42
-10.08 3.68 1.679999 94625B 0.42
10.08 4.1 1.680001 8E5E58 0.42
9.660001 4.1 1.680001 623A41 0.42
-8.820001 4.1 1.679999 482E3A 0.42
8.820001 4.1 1.680001 51333E 0.42
-9.660001 4.1 1.679999 54303A 0.42
-10.08 4.1 1.679999 94625B 0.42
9.660001 4.52 1.680001 935F59 0.42
-8.820001 4.52 1.679999 72484B 0.42
9.240002 4.1 1.680001 4A2B36 0.42
8.400002 4.1 1.680001 845553 0.42
8.820001 4.52 1.680001 784C4D 0.42
7.980001 4.1 1.680001 8E5D57 0.42
7.56 4.1 1.680001 8E5D57 0.42
7.140001 4.1 1.680001 915F59 0.42
6.72 4.1 1.680001 96635B 0.42
6.300001 4.1 1.680001 926059 0.42
5.88 4.1 1.680001 95635B 0.42
5.46 4.1 1.680001 97635B 0.42
5.040001 4.1 1.680001 93605A 0.42
4.620001 4.1 1.680001 97635B 0.42
4.200001 4.1 1.680001 915F59 0.42
3.78 4.1 1.680001 95625B 0.42
3.36 4.1 1.680001 94615A 0.42
2.94 4.1 1.68 926059 0.42
2.52 4.1 1.68 96635B 0.42
2.1 4.1 1.68 94615A 0.42
1.68 4.1 1.68 9A655C 0.42
1.26 4.1 1.68 94615A 0.42
0.8399999 4.1 1.68 95625B 0.42
0.4199998 4.1 1.68 96635B 0.42
-2.384186E-07 4.1 1.68 95625A 0.42
-0.4200003 4.1 1.68 94625A 0.42
-0.8400003 4.1 1.68 96625B 0.42
-1.26 4.1 1.68 936059 0.42
-1.68 4.1 1.68 99655C 0.42
-2.100001 4.1 1.68 97635B 0.42
-2.520001 4.1 1.68 99655C 0.42
-2.940001 4.1 1.68 94615A 0.42
-3.360001 4.1 1.68 93605A 0.42
-3.780001 4.1 1.68 94625A 0.42
-4.200001 4.1 1.68 99645C 0.42
-4.620001 4.1 1.68 915F59 0.42
-5.040001 4.1 1.68 98655C 0.42
-5.460001 4.1 1.68 94615A 0.42
-5.880001 4.1 1.68 96625B 0.42
-6.300001 4.1 1.679999 96635B 0.42
-6.720001 4.1 1.679999 96635B 0.42
-7.140001 4.1 1.679999 925F59 0.42
-7.560001 4.1 1.679999 94615A 0.42
-7.980001 4.1 1.679999 8F5D58 0.42
-8.400002 4.1 1.679999 815452 0.42
-9.240002 4.1 1.679999 4D2C37 0.42
-9.660001 4.52 1.679999 99655C 0.42
9.660001 4.940001 1.680001 8F5F59 0.42
-8.820001 4.940001 1.679999 4D313D 0.42
8.820001 4.940001 1.680001 5D3B44 0.42
-9.660001 4.940001 1.679999 97645C 0.42
9.660001 5.36 1.680001 905F59 0.42
-9.660001 5.36 1.679999 95635B 0.42
9.660001 5.78 1.680001 8B5C57 0.42
-9.660001 5.78 1.679999 94635B 0.42
9.660001 6.2 1.680001 91605A 0.42
-9.660001 6.2 1.679999 94625B 0.42
9.660001 6.62 1.680001 916059 0.42
-9.660001 6.62 1.679999 95635B 0.42
9.660001 4.940001 2.100001 7A5051 0.42
9.240002 4.940001 2.100001 7E5352 0.42
8.820001 4.940001 2.100001 7C5252 0.42
8.400002 4.940001 2.100001 FFFFFF 0.42
7.980001 4.940001 2.100001 FFFFFF 0.42
7.56 4.940001 2.100001 FFFFFF 0.42
7.140001 4.940001 2.100001 FFFFFF 0.42
6.72 4.940001 2.100001 FFFFFF 0.42
6.300001 4.940001 2.100001 FFFFFF 0.42
5.88 4.940001 2.100001 FFFFFF 0.42
5.46 4.940001 2.100001 FFFFFF 0.42
5.040001 4.940001 2.100001 FFFFFF 0.42
4.620001 4.940001 2.100001 FFFFFF 0.42
4.200001 4.940001 2.100001 FFFFFF 0.42
3.78 4.940001 2.100001 FFFFFF 0.42
3.36 4.940001 2.100001 FFFFFF 0.42
2.94 4.940001 2.100001 FFFFFF 0.42
2.52 4.940001 2.100001 FFFFFF 0.42
2.1 4.940001 2.100001 FFFFFF 0.42
1.68 4.940001 2.100001 FFFFFF 0.42
1.26 4.940001 2.1 FFFFFF 0.42
0.8399999 4.940001 2.100001 FFFFFF 0.42
0.4199998 4.940001 2.1 FFFFFF 0.42
-2.384186E-07 4.940001 2.1 FFFFFF 0.42
-0.4200003 4.940001 2.1 FFFFFF 0.42
-0.8400003 4.940001 2.1 FFFFFF 0.42
-1.26 4.940001 2.1 FFFFFF 0.42
-1.68 4.940001 2.1 FFFFFF 0.42
-2.100001 4.940001 2.1 FFFFFF 0.42
-2.520001 4.940001 2.1 FFFFFF 0.42
-2.940001 4.940001 2.1 FFFFFF 0.42
-3.360001 4.940001 2.1 FFFFFF 0.42
-3.780001 4.940001 2.1 FFFFFF 0.42
-4.200001 4.940001 2.1 FFFFFF 0.42
-4.620001 4.940001 2.1 FFFFFF 0.42
-5.040001 4.940001 2.1 FFFFFF 0.42
-5.460001 4.940001 2.1 FFFFFF 0.42
-5.880001 4.940001 2.1 FFFFFF 0.42
-6.300001 4.940001 2.099998 FFFFFF 0.42
-6.720001 4.940001 2.099998 FFFFFF 0.42
-7.140001 4.940001 2.099998 FFFFFF 0.42
-7.560001 4.940001 2.099998 FFFFFF 0.42
-7.980001 4.940001 2.099998 FFFFFF 0.42
-8.400002 4.940001 2.099998 FFFFFF 0.42
-8.820001 4.940001 2.099998 7A5151 0.42
-9.240002 4.940001 2.099998 7D5352 0.42
-9.660001 4.940001 2.099998 805453 0.42
9.240002 -0.1 1.680001 885A56 0.42
-9.240002 -0.1 1.679999 885A56 0.42
9.240002 0.32 1.680001 855855 0.42
-9.240002 0.32 1.679999 8B5C57 0.42
9.240002 0.7399999 1.680001 895B57 0.42
-9.240002 0.7399999 1.679999 885A56 0.42
9.240002 1.16 1.680001 8A5B57 0.42
-9.240002 1.16 1.679999 885956 0.42
9.240002 1.58 1.680001 875955 0.42
-9.240002 1.58 1.679999 895A56 0.42
9.240002 2 1.680001 885A56 0.42
-9.240002 2 1.679999 865855 0.42
9.240002 2.42 1.680001 815553 0.42
-9.240002 2.42 1.679999 855855 0.42
9.240002 2.84 1.680001 754D4F 0.42
-9.240002 2.84 1.679999 764E50 0.42
10.08 3.26 2.100001 895A56 0.42
9.660001 3.26 2.100001 885A56 0.42
9.240002 3.26 2.100001 885A56 0.42
8.820001 3.26 2.100001 8B5C57 0.42
8.400002 3.26 2.100001 875956 0.42
7.980001 3.26 2.100001 875A56 0.42
7.56 3.26 2.100001 895A56 0.42
7.140001 3.26 2.100001 875956 0.42
6.72 3.26 2.100001 8A5B57 0.42
6.300001 3.26 2.100001 885A56 0.42
5.88 3.26 2.100001 885A56 0.42
5.46 3.26 2.100001 895B57 0.42
5.040001 3.26 2.100001 885A56 0.42
4.620001 3.26 2.100001 8B5C57 0.42
4.200001 3.26 2.100001 885A56 0.42
3.78 3.26 2.100001 875956 0.42
3.36 3.26 2.100001 875956 0.42
2.94 3.26 2.100001 885A56 0.42
2.52 3.26 2.100001 885A56 0.42
2.1 3.26 2.100001 895A56 0.42
1.68 3.26 2.100001 895A56 0.42
1.26 3.26 2.1 875956 0.42
0.8399999 3.26 2.100001 895B57 0.42
0.4199998 3.26 2.1 885A56 0.42
-2.384186E-07 3.26 2.1 8A5B57 0.42
-0.4200003 3.26 2.1 885A56 0.42
-0.8400003 3.26 2.1 865956 0.42
-1.26 3.26 2.1 895B57 0.42
-1.68 3.26 2.1 895B57 0.42
-2.100001 3.26 2.1 885A56 0.42
-2.520001 3.26 2.1 8A5B57 0.42
-2.940001 3.26 2.1 885A56 0.42
-3.360001 3.26 2.1 875956 0.42
-3.780001 3.26 2.1 8B5C57 0.42
-4.200001 3.26 2.1 885A56 0.42
-4.620001 3.26 2.1 895B57 0.42
-5.040001 3.26 2.1 895A57 0.42
-5.460001 3.26 2.1 895A56 0.42
-5.880001 3.26 2.1 8A5B57 0.42
-6.300001 3.26 2.099998 895B57 0.42
-6.720001 3.26 2.099998 895A57 0.42
-7.140001 3.26 2.099998 8A5B57 0.42
-7.560001 3.26 2.099998 895A56 0.42
-7.980001 3.26 2.099998 865956 0.42
-8.400002 3.26 2.099998 8B5C57 0.42
-8.820001 3.26 2.099998 875956 0.42
-9.240002 3.26 2.099998 8A5B57 0.42
-9.660001 3.26 2.099998 8A5B57 0.42
-10.08 3.26 2.099998 895B57 0.42
10.08 3.68 2.100001 8D5D58 0.42
9.660001 3.68 2.100001 895A57 0.42
9.240002 3.68 2.100001 895B57 0.42
8.820001 3.68 2.100001 875956 0.42
8.400002 3.68 2.100001 875956 0.42
7.980001 3.68 2.100001 885A56 0.42
7.56 3.68 2.100001 8A5B57 0.42
7.140001 3.68 2.100001 885A56 0.42
6.72 3.68 2.100001 885A56 0.42
6.300001 3.68 2.100001 885A56 0.42
5.88 3.68 2.100001 895A57 0.42
5.46 3.68 2.100001 885A56 0.42
5.040001 3.68 2.100001 875956 0.42
4.620001 3.68 2.100001 875956 0.42
4.200001 3.68 2.100001 885A56 0.42
3.78 3.68 2.100001 8D5D58 0.42
3.36 3.68 2.100001 875956 0.42
2.94 3.68 2.100001 875956 0.42
2.52 3.68 2.100001 8A5B57 0.42
2.1 3.68 2.100001 885A56 0.42
1.68 3.68 2.100001 895A57 0.42
1.26 3.68 2.1 875956 0.42
0.8399999 3.68 2.100001 8A5B57 0.42
0.4199998 3.68 2.1 875956 0.42
-2.384186E-07 3.68 2.1 8A5B57 0.42
-0.4200003 3.68 2.1 895A56 0.42
-0.8400003 3.68 2.1 885A56 0.42
-1.26 3.68 2.1 875956 0.42
-1.68 3.68 2.1 885A56 0.42
-2.100001 3.68 2.1 875956 0.42
-2.520001 3.68 2.1 885A56 0.42
-2.940001 3.68 2.1 8D5D58 0.42
-3.360001 3.68 2.1 895B57 0.42
-3.780001 3.68 2.1 8A5B57 0.42
-4.200001 3.68 2.1 8B5C57 0.42
-4.620001 3.68 2.1 8B5C57 0.42
-5.040001 3.68 2.1 865855 0.42
-5.460001 3.68 2.1 885A56 0.42
-5.880001 3.68 2.1 8A5B57 0.42
-6.300001 3.68 2.099998 885A56 0.42
-6.720001 3.68 2.099998 895B57 0.42
-7.140001 3.68 2.099998 8A5B57 0.42
-7.560001 3.68 2.099998 8C5D58 0.42
-7.980001 3.68 2.099998 8A5B57 0.42
-8.400002 3.68 2.099998 8D5D58 0.42
-8.820001 3.68 2.099998 8A5B57 0.42
-9.240002 3.68 2.099998 875956 0.42
-9.660001 3.68 2.099998 865956 0.42
-10.08 3.68 2.099998 885A56 0.42
10.08 4.1 2.100001 875956 0.42
9.660001 4.1 2.100001 8A5B57 0.42
9.240002 4.1 2.100001 865855 0.42
8.820001 4.1 2.100001 895A57 0.42
8.400002 4.1 2.100001 8A5B57 0.42
7.980001 4.1 2.100001 875956 0.42
7.56 4.1 2.100001 895A56 0.42
7.140001 4.1 2.100001 885A56 0.42
6.72 4.1 2.100001 875956 0.42
6.300001 4.1 2.100001 8A5B57 0.42
5.88 4.1 2.100001 855855 0.42
5.46 4.1 2.100001 895A56 0.42
5.040001 4.1 2.100001 865955 0.42
4.620001 4.1 2.100001 895A57 0.42
4.200001 4.1 2.100001 895A57 0.42
3.78 4.1 2.100001 885956 0.42
3.36 4.1 2.100001 855855 0.42
2.94 4.1 2.100001 8A5B57 0.42
2.52 4.1 2.100001 8A5B57 0.42
2.1 4.1 2.100001 875A56 0.42
1.68 4.1 2.100001 895B57 0.42
1.26 4.1 2.1 8B5C57 0.42
0.8399999 4.1 2.100001 8B5B57 0.42
0.4199998 4.1 2.1 855855 0.42
-2.384186E-07 4.1 2.1 8A5B57 0.42
-0.4200003 4.1 2.1 865956 0.42
-0.8400003 4.1 2.1 895A56 0.42
-1.26 4.1 2.1 885A56 0.42
-1.68 4.1 2.1 895B57 0.42
-2.100001 4.1 2.1 885A56 0.42
-2.520001 4.1 2.1 895A57 0.42
-2.940001 4.1 2.1 8A5B57 0.42
-3.360001 4.1 2.1 855855 0.42
-3.780001 4.1 2.1 8A5B57 0.42
-4.200001 4.1 2.1 885A56 0.42
-4.620001 4.1 2.1 855855 0.42
-5.040001 4.1 2.1 895B57 0.42
-5.460001 4.1 2.1 885A56 0.42
-5.880001 4.1 2.1 895A56 0.42
-6.300001 4.1 2.099998 885A56 0.42
-6.720001 4.1 2.099998 895B57 0.42
-7.140001 4.1 2.099998 885A56 0.42
-7.560001 4.1 2.099998 8B5C57 0.42
-7.980001 4.1 2.099998 875956 0.42
-8.400002 4.1 2.099998 8A5B57 0.42
-8.820001 4.1 2.099998 895B57 0.42
-9.240002 4.1 2.099998 8B5C57 0.42
-9.660001 4.1 2.099998 885A56 0.42
-10.08 4.1 2.099998 8B5C57 0.42
9.660001 4.52 2.100001 7C5252 0.42
9.240002 4.52 2.100001 805553 0.42
8.820001 4.52 2.100001 7E5352 0.42
-8.820001 4.52 2.099998 7E5352 0.42
-9.240002 4.52 2.099998 7C5252 0.42
-9.660001 4.52 2.099998 7E5352 0.42
9.660001 5.36 2.100001 986E6A 0.42
-9.660001 5.36 2.099998 93615A 0.42
9.660001 5.78 2.100001 905F59 0.42
-9.660001 5.78 2.099998 93625B 0.42
9.660001 6.2 2.100001 8D5D58 0.42
-9.660001 6.2 2.099998 95635B 0.42
9.660001 6.62 2.100001 8F5E58 0.42
-9.660001 6.62 2.099998 93625A 0.42
9.660001 7.04 2.100001 92615A 0.42
-9.660001 7.04 2.099998 94625B 0.42
9.660001 7.46 2.100001 8E5E58 0.42
-9.660001 7.46 2.099998 93615A 0.42
9.660001 7.880001 2.100001 8D5D58 0.42
-9.660001 7.880001 2.099998 95635B 0.42
9.660001 8.3 2.100001 916059 0.42
-9.660001 8.3 2.099998 95635B 0.42
9.660001 8.719999 2.100001 8F5E58 0.42
-9.660001 8.719999 2.099998 94625B 0.42
9.660001 9.14 2.100001 93625A 0.42
-9.660001 9.14 2.099998 95635B 0.42
9.660001 7.04 2.52 7C5252 0.42
9.240002 7.04 2.52 7F5352 0.42
8.820001 7.04 2.52 7F5353 0.42
8.400002 7.04 2.52 7E5352 0.42
7.980001 7.04 2.52 7E5352 0.42
7.56 7.04 2.52 7D5252 0.42
7.140001 7.04 2.52 7B5151 0.42
6.72 7.04 2.52 805453 0.42
6.300001 7.04 2.52 7C5252 0.42
5.88 7.04 2.52 7D5252 0.42
5.46 7.04 2.52 7D5352 0.42
5.040001 7.04 2.52 805453 0.42
4.620001 7.04 2.52 7D5252 0.42
4.200001 7.04 2.52 7D5252 0.42
3.78 7.04 2.52 7C5252 0.42
3.36 7.04 2.52 7C5252 0.42
2.94 7.04 2.52 7E5352 0.42
2.52 7.04 2.52 7E5352 0.42
2.1 7.04 2.52 805553 0.42
1.68 7.04 2.52 7E5352 0.42
1.26 7.04 2.52 7D5252 0.42
0.8399999 7.04 2.52 7D5252 0.42
0.4199998 7.04 2.52 7E5352 0.42
-2.384186E-07 7.04 2.52 7C5252 0.42
-0.4200003 7.04 2.52 7C5252 0.42
-0.8400003 7.04 2.52 7C5252 0.42
-1.26 7.04 2.52 805453 0.42
-1.68 7.04 2.52 795051 0.42
-2.100001 7.04 2.52 7E5352 0.42
-2.520001 7.04 2.52 7D5252 0.42
-2.940001 7.04 2.52 7D5352 0.42
-3.360001 7.04 2.52 7E5353 0.42
-3.780001 7.04 2.52 7F5453 0.42
-4.200001 7.04 2.52 805453 0.42
-4.620001 7.04 2.52 7C5252 0.42
-5.040001 7.04 2.52 7D5352 0.42
-5.460001 7.04 2.52 7E5353 0.42
-5.880001 7.04 2.52 805453 0.42
-6.300001 7.04 2.52 7D5352 0.42
-6.720001 7.04 2.519999 7D5352 0.42
-7.140001 7.04 2.52 7F5453 0.42
-7.560001 7.04 2.519999 7D5352 0.42
-7.980001 7.04 2.52 7F5453 0.42
-8.400002 7.04 2.52 7F5453 0.42
-8.820001 7.04 2.52 7E5352 0.42
-9.240002 7.04 2.52 7E5352 0.42
-9.660001 7.04 2.52 805453 0.42
9.240002 5.36 2.100001 7E5352 0.42
8.820001 5.36 2.100001 7E5352 0.42
8.400002 5.36 2.100001 7C5252 0.42
7.980001 5.36 2.100001 7C5252 0.42
7.56 5.36 2.100001 7B5151 0.42
7.140001 5.36 2.100001 7E5352 0.42
6.72 5.36 2.100001 7C5252 0.42
6.300001 5.36 2.100001 7D5352 0.42
5.88 5.36 2.100001 7F5353 0.42
5.46 5.36 2.100001 7D5352 0.42
5.040001 5.36 2.100001 7D5252 0.42
4.620001 5.36 2.100001 7C5252 0.42
4.200001 5.36 2.100001 7B5151 0.42
3.78 5.36 2.100001 7B5151 0.42
3.36 5.36 2.100001 7B5151 0.42
2.94 5.36 2.100001 7B5151 0.42
2.52 5.36 2.100001 7D5352 0.42
2.1 5.36 2.100001 7C5252 0.42
1.68 5.36 2.100001 7E5353 0.42
1.26 5.36 2.1 7C5151 0.42
0.8399999 5.36 2.100001 7C5252 0.42
0.4199998 5.36 2.1 7C5252 0.42
-2.384186E-07 5.36 2.1 7C5252 0.42
-0.4200003 5.36 2.1 7E5352 0.42
-0.8400003 5.36 2.1 7E5352 0.42
-1.26 5.36 2.1 7E5352 0.42
-1.68 5.36 2.1 7E5352 0.42
-2.100001 5.36 2.1 7F5453 0.42
-2.520001 5.36 2.1 7F5453 0.42
-2.940001 5.36 2.1 7B5151 0.42
-3.360001 5.36 2.1 7B5151 0.42
-3.780001 5.36 2.1 805553 0.42
-4.200001 5.36 2.1 7E5352 0.42
-4.620001 5.36 2.1 7A5151 0.42
-5.040001 5.36 2.1 7D5252 0.42
-5.460001 5.36 2.1 7E5352 0.42
-5.880001 5.36 2.1 805553 0.42
-6.300001 5.36 2.099998 7F5453 0.42
-6.720001 5.36 2.099998 7B5151 0.42
-7.140001 5.36 2.099998 7D5252 0.42
-7.560001 5.36 2.099998 7F5453 0.42
-7.980001 5.36 2.099998 7E5353 0.42
-8.400002 5.36 2.099998 7E5352 0.42
-8.820001 5.36 2.099998 7C5252 0.42
-9.240002 5.36 2.099998 7F5453 0.42
9.240002 5.78 2.100001 7A5051 0.42
8.820001 5.78 2.100001 7D5252 0.42
8.400002 5.78 2.100001 7C5252 0.42
7.980001 5.78 2.100001 7D5352 0.42
7.56 5.78 2.100001 7D5252 0.42
7.140001 5.78 2.100001 7D5352 0.42
6.72 5.78 2.100001 7F5453 0.42
6.300001 5.78 2.100001 7A5051 0.42
5.88 5.78 2.100001 7C5252 0.42
5.46 5.78 2.100001 7B5151 0.42
5.040001 5.78 2.100001 7B5151 0.42
4.620001 5.78 2.100001 7B5151 0.42
4.200001 5.78 2.100001 7C5252 0.42
3.78 5.78 2.100001 805453 0.42
3.36 5.78 2.100001 7C5252 0.42
2.94 5.78 2.100001 7D5252 0.42
2.52 5.78 2.100001 7E5352 0.42
2.1 5.78 2.100001 7D5352 0.42
1.68 5.78 2.100001 7A5151 0.42
1.26 5.78 2.1 7E5353 0.42
0.8399999 5.78 2.100001 7E5352 0.42
0.4199998 5.78 2.1 7A5151 0.42
-2.384186E-07 5.78 2.1 805453 0.42
-0.4200003 5.78 2.1 7E5352 0.42
-0.8400003 5.78 2.1 7E5352 0.42
-1.26 5.78 2.1 7E5353 0.42
-1.68 5.78 2.1 7D5252 0.42
-2.100001 5.78 2.1 7C5252 0.42
-2.520001 5.78 2.1 7D5252 0.42
-2.940001 5.78 2.1 7D5252 0.42
-3.360001 5.78 2.1 7D5352 0.42
-3.780001 5.78 2.1 7D5252 0.42
-4.200001 5.78 2.1 825554 0.42
-4.620001 5.78 2.1 7F5353 0.42
-5.040001 5.78 2.1 7D5252 0.42
-5.460001 5.78 2.1 7B5151 0.42
-5.880001 5.78 2.1 7D5352 0.42
-6.300001 5.78 2.099998 7F5453 0.42
-6.720001 5.78 2.099998 7F5353 0.42
-7.140001 5.78 2.099998 7F5453 0.42
-7.560001 5.78 2.099998 7C5252 0.42
-7.980001 5.78 2.099998 7F5453 0.42
-8.400002 5.78 2.099998 7F5453 0.42
-8.820001 5.78 2.099998 7C5252 0.42
-9.240002 5.78 2.099998 7B5151 0.42
9.660001 6.2 2.52 7D5252 0.42
9.240002 6.2 2.52 7B5151 0.42
8.820001 6.2 2.52 7E5353 0.42
8.400002 6.2 2.52 7E5352 0.42
7.980001 6.2 2.52 7B5151 0.42
7.56 6.2 2.52 7F5453 0.42
7.140001 6.2 2.52 825654 0.42
6.72 6.2 2.52 7D5252 0.42
6.300001 6.2 2.52 7F5353 0.42
5.88 6.2 2.52 7B5252 0.42
5.46 6.2 2.52 7E5353 0.42
5.040001 6.2 2.52 7F5353 0.42
4.620001 6.2 2.52 7B5151 0.42
4.200001 6.2 2.52 7D5252 0.42
3.78 6.2 2.52 7E5352 0.42
3.36 6.2 2.52 7E5352 0.42
2.94 6.2 2.52 7D5352 0.42
2.52 6.2 2.52 7C5252 0.42
2.1 6.2 2.52 7F5453 0.42
1.68 6.2 2.52 7E5352 0.42
1.26 6.2 2.52 7C5252 0.42
0.8399999 6.2 2.52 7E5352 0.42
0.4199998 6.2 2.52 805453 0.42
-2.384186E-07 6.2 2.52 7E5352 0.42
-0.4200003 6.2 2.52 7B5151 0.42
-0.8400003 6.2 2.52 7E5352 0.42
-1.26 6.2 2.52 7E5353 0.42
-1.68 6.2 2.52 7F5453 0.42
-2.100001 6.2 2.52 7D5352 0.42
-2.520001 6.2 2.52 7C5252 0.42
-2.940001 6.2 2.52 7B5151 0.42
-3.360001 6.2 2.52 795051 0.42
-3.780001 6.2 2.52 7E5352 0.42
-4.200001 6.2 2.52 7C5252 0.42
-4.620001 6.2 2.52 7E5353 0.42
-5.040001 6.2 2.52 7F5453 0.42
-5.460001 6.2 2.52 7F5453 0.42
-5.880001 6.2 2.52 7C5252 0.42
-6.300001 6.2 2.52 7C5252 0.42
-6.720001 6.2 2.519999 7D5352 0.42
-7.140001 6.2 2.52 7C5252 0.42
-7.560001 6.2 2.519999 784F50 0.42
-7.980001 6.2 2.52 7E5352 0.42
-8.400002 6.2 2.52 805453 0.42
-8.820001 6.2 2.52 7C5252 0.42
-9.240002 6.2 2.52 805453 0.42
-9.660001 6.2 2.52 815553 0.42
9.660001 6.62 2.52 7D5252 0.42
9.240002 6.62 2.52 7F5453 0.42
8.820001 6.62 2.52 7F5453 0.42
8.400002 6.62 2.52 7D5252 0.42
7.980001 6.62 2.52 7C5252 0.42
7.56 6.62 2.52 7E5252 0.42
7.140001 6.62 2.52 7E5352 0.42
6.72 6.62 2.52 7D5252 0.42
6.300001 6.62 2.52 7D5252 0.42
5.88 6.62 2.52 7D5252 0.42
5.46 6.62 2.52 7D5252 0.42
5.040001 6.62 2.52 7C5252 0.42
4.620001 6.62 2.52 7D5252 0.42
4.200001 6.62 2.52 7F5353 0.42
3.78 6.62 2.52 7F5453 0.42
3.36 6.62 2.52 7C5252 0.42
2.94 6.62 2.52 7B5151 0.42
2.52 6.62 2.52 7B5151 0.42
2.1 6.62 2.52 7C5252 0.42
1.68 6.62 2.52 7D5252 0.42
1.26 6.62 2.52 7B5252 0.42
0.8399999 6.62 2.52 7C5252 0.42
0.4199998 6.62 2.52 7B5151 0.42
-2.384186E-07 6.62 2.52 7B5151 0.42
-0.4200003 6.62 2.52 7D5352 0.42
-0.8400003 6.62 2.52 7E5352 0.42
-1.26 6.62 2.52 7B5252 0.42
-1.68 6.62 2.52 7B5151 0.42
-2.100001 6.62 2.52 7C5252 0.42
-2.520001 6.62 2.52 7C5252 0.42
-2.940001 6.62 2.52 7C5252 0.42
-3.360001 6.62 2.52 7D5252 0.42
-3.780001 6.62 2.52 7D5252 0.42
-4.200001 6.62 2.52 7C5252 0.42
-4.620001 6.62 2.52 7F5453 0.42
-5.040001 6.62 2.52 7E5352 0.42
-5.460001 6.62 2.52 7F5453 0.42
-5.880001 6.62 2.52 7B5151 0.42
-6.300001 6.62 2.52 7C5252 0.42
-6.720001 6.62 2.519999 7C5252 0.42
-7.140001 6.62 2.52 7C5151 0.42
-7.560001 6.62 2.519999 7F5453 0.42
-7.980001 6.62 2.52 7E5352 0.42
-8.400002 6.62 2.52 7C5252 0.42
-8.820001 6.62 2.52 7C5151 0.42
-9.240002 6.62 2.52 7E5352 0.42
-9.660001 6.62 2.52 805453 0.42
9.660001 7.46 2.52 A17D79 0.42
-9.660001 7.46 2.52 93755D 0.42
9.660001 7.880001 2.52 8F5E58 0.42
-9.660001 7.880001 2.52 94725D 0.42
9.660001 8.3 2.52 905F59 0.42
-9.660001 8.3 2.52 96645C 0.42
9.660001 8.719999 2.52 906059 0.42
-9.660001 8.719999 2.52 95635B 0.42
9.660001 9.14 2.52 905F59 0.42
-9.660001 9.14 2.52 94625B 0.42
9.660001 9.559999 2.52 916059 0.42
-9.660001 9.559999 2.52 94635B 0.42
9.240002 9.559999 2.52 C48A72 0.42
8.820001 9.559999 2.52 C28871 0.42
8.400002 9.559999 2.52 C38971 0.42
7.980001 9.559999 2.52 C38971 0.42
7.56 9.559999 2.52 C48A72 0.42
7.140001 9.559999 2.52 C38971 0.42
6.72 9.559999 2.52 C28871 0.42
6.300001 9.559999 2.52 C48971 0.42
5.88 9.559999 2.52 C48A72 0.42
5.46 9.559999 2.52 C48A72 0.42
5.040001 9.559999 2.52 C28871 0.42
4.620001 9.559999 2.52 C28770 0.42
4.200001 9.559999 2.52 C38971 0.42
3.78 9.559999 2.52 C48972 0.42
3.36 9.559999 2.52 C38971 0.42
2.94 9.559999 2.52 C28871 0.42
2.52 9.559999 2.52 C38871 0.42
2.1 9.559999 2.52 C28871 0.42
1.68 9.559999 2.52 C18770 0.42
1.26 9.559999 2.52 C28871 0.42
0.8399999 9.559999 2.52 C28871 0.42
0.4199998 9.559999 2.52 C28871 0.42
-2.384186E-07 9.559999 2.52 C48971 0.42
-0.4200003 9.559999 2.52 C48A72 0.42
-0.8400003 9.559999 2.52 C18770 0.42
-1.26 9.559999 2.52 C58A72 0.42
-1.68 9.559999 2.52 C58B72 0.42
-2.100001 9.559999 2.52 C38971 0.42
-2.520001 9.559999 2.52 C58A72 0.42
-2.940001 9.559999 2.52 C38971 0.42
-3.360001 9.559999 2.52 C18770 0.42
-3.780001 9.559999 2.52 C68C73 0.42
-4.200001 9.559999 2.52 C28871 0.42
-4.620001 9.559999 2.52 C58A72 0.42
-5.040001 9.559999 2.52 C48A72 0.42
-5.460001 9.559999 2.52 C48A72 0.42
-5.880001 9.559999 2.52 C48972 0.42
-6.300001 9.559999 2.52 C28871 0.42
-6.720001 9.559999 2.519999 C58A72 0.42
-7.140001 9.559999 2.52 C48971 0.42
-7.560001 9.559999 2.519999 C58A72 0.42
-7.980001 9.559999 2.52 C58B72 0.42
-8.400002 9.559999 2.52 C38871 0.42
-8.820001 9.559999 2.52 C28770 0.42
-9.240002 9.559999 2.52 C48A72 0.42
9.240002 7.46 2.52 7A5151 0.42
8.820001 7.46 2.52 7E5352 0.42
8.400002 7.46 2.52 7C5252 0.42
7.980001 7.46 2.52 7E5352 0.42
7.56 7.46 2.52 7F5453 0.42
7.140001 7.46 2.52 7F5453 0.42
6.72 7.46 2.52 7B5151 0.42
6.300001 7.46 2.52 7D5352 0.42
5.88 7.46 2.52 7C5252 0.42
5.46 7.46 2.52 7C5252 0.42
5.040001 7.46 2.52 7E5352 0.42
4.620001 7.46 2.52 7D5252 0.42
4.200001 7.46 2.52 7E5352 0.42
3.78 7.46 2.52 7E5352 0.42
3.36 7.46 2.52 7D5252 0.42
2.94 7.46 2.52 7D5352 0.42
2.52 7.46 2.52 7A5151 0.42
2.1 7.46 2.52 815553 0.42
1.68 7.46 2.52 7E5352 0.42
1.26 7.46 2.52 7D5252 0.42
0.8399999 7.46 2.52 7B5151 0.42
0.4199998 7.46 2.52 7E5352 0.42
-2.384186E-07 7.46 2.52 7E5352 0.42
-0.4200003 7.46 2.52 7E5353 0.42
-0.8400003 7.46 2.52 7E5352 0.42
-1.26 7.46 2.52 7B5151 0.42
-1.68 7.46 2.52 7E5353 0.42
-2.100001 7.46 2.52 7C5252 0.42
-2.520001 7.46 2.52 805453 0.42
-2.940001 7.46 2.52 7C5252 0.42
-3.360001 7.46 2.52 7E5352 0.42
-3.780001 7.46 2.52 7D5352 0.42
-4.200001 7.46 2.52 7E5352 0.42
-4.620001 7.46 2.52 805453 0.42
-5.040001 7.46 2.52 7E5352 0.42
-5.460001 7.46 2.52 7A5151 0.42
-5.880001 7.46 2.52 7D5352 0.42
-6.300001 7.46 2.52 805453 0.42
-6.720001 7.46 2.519999 7F5453 0.42
-7.140001 7.46 2.52 805453 0.42
-7.560001 7.46 2.519999 805453 0.42
-7.980001 7.46 2.52 7E5352 0.42
-8.400002 7.46 2.52 7C5252 0.42
-8.820001 7.46 2.52 7C5252 0.42
-9.240002 7.46 2.52 7F5453 0.42
9.240002 7.880001 2.52 7E5353 0.42
8.820001 7.880001 2.52 7E5352 0.42
8.400002 7.880001 2.52 7C5252 0.42
7.980001 7.880001 2.52 7D5252 0.42
7.56 7.880001 2.52 7E5352 0.42
7.140001 7.880001 2.52 7A5051 0.42
6.72 7.880001 2.52 7D5252 0.42
6.300001 7.880001 2.52 7E5352 0.42
5.88 7.880001 2.52 7E5352 0.42
5.46 7.880001 2.52 7F5453 0.42
5.040001 7.880001 2.52 7C5252 0.42
4.620001 7.880001 2.52 7E5352 0.42
4.200001 7.880001 2.52 7D5252 0.42
3.78 7.880001 2.52 7E5352 0.42
3.36 7.880001 2.52 7D5352 0.42
2.94 7.880001 2.52 7E5352 0.42
2.52 7.880001 2.52 7F5453 0.42
2.1 7.880001 2.52 7C5252 0.42
1.68 7.880001 2.52 805453 0.42
1.26 7.880001 2.52 7D5252 0.42
0.8399999 7.880001 2.52 7C5252 0.42
0.4199998 7.880001 2.52 7C5151 0.42
-2.384186E-07 7.880001 2.52 7D5252 0.42
-0.4200003 7.880001 2.52 7D5252 0.42
-0.8400003 7.880001 2.52 7F5453 0.42
-1.26 7.880001 2.52 7B5151 0.42
-1.68 7.880001 2.52 7E5352 0.42
-2.100001 7.880001 2.52 7F5453 0.42
-2.520001 7.880001 2.52 7F5453 0.42
-2.940001 7.880001 2.52 7D5252 0.42
-3.360001 7.880001 2.52 7C5252 0.42
-3.780001 7.880001 2.52 7D5252 0.42
-4.200001 7.880001 2.52 7D5252 0.42
-4.620001 7.880001 2.52 7D5252 0.42
-5.040001 7.880001 2.52 7E5352 0.42
-5.460001 7.880001 2.52 7E5352 0.42
-5.880001 7.880001 2.52 7D5252 0.42
-6.300001 7.880001 2.52 7D5252 0.42
-6.720001 7.880001 2.519999 7B5151 0.42
-7.140001 7.880001 2.52 7E5352 0.42
-7.560001 7.880001 2.519999 7D5352 0.42
-7.980001 7.880001 2.52 815554 0.42
-8.400002 7.880001 2.52 7A5051 0.42
-8.820001 7.880001 2.52 7E5352 0.42
-9.240002 7.880001 2.52 7F5453 0.42
9.240002 8.3 2.52 805453 0.42
8.820001 8.3 2.52 805453 0.42
8.400002 8.3 2.52 7C5252 0.42
7.980001 8.3 2.52 7C5252 0.42
7.56 8.3 2.52 7C5252 0.42
7.140001 8.3 2.52 7C5252 0.42
6.72 8.3 2.52 7D5352 0.42
6.300001 8.3 2.52 7F5453 0.42
5.88 8.3 2.52 7A5151 0.42
5.46 8.3 2.52 7D5252 0.42
5.040001 8.3 2.52 7C5252 0.42
4.620001 8.3 2.52 7C5152 0.42
4.200001 8.3 2.52 7F5353 0.42
3.78 8.3 2.52 7C5252 0.42
3.36 8.3 2.52 7F5453 0.42
2.94 8.3 2.52 7D5352 0.42
2.52 8.3 2.52 7E5353 0.42
2.1 8.3 2.52 7C5252 0.42
1.68 8.3 2.52 7E5352 0.42
1.26 8.3 2.52 7E5352 0.42
0.8399999 8.3 2.52 7F5453 0.42
0.4199998 8.3 2.52 7E5352 0.42
-2.384186E-07 8.3 2.52 7D5352 0.42
-0.4200003 8.3 2.52 7F5353 0.42
-0.8400003 8.3 2.52 7C5252 0.42
-1.26 8.3 2.52 7E5352 0.42
-1.68 8.3 2.52 7B5151 0.42
-2.100001 8.3 2.52 7E5352 0.42
-2.520001 8.3 2.52 805553 0.42
-2.940001 8.3 2.52 7C5252 0.42
-3.360001 8.3 2.52 7B5151 0.42
-3.780001 8.3 2.52 7D5352 0.42
-4.200001 8.3 2.52 7C5252 0.42
-4.620001 8.3 2.52 7F5453 0.42
-5.040001 8.3 2.52 7F5453 0.42
-5.460001 8.3 2.52 7F5453 0.42
-5.880001 8.3 2.52 7C5252 0.42
-6.300001 8.3 2.52 7D5252 0.42
-6.720001 8.3 2.519999 7D5252 0.42
-7.140001 8.3 2.52 7D5252 0.42
-7.560001 8.3 2.519999 7E5352 0.42
-7.980001 8.3 2.52 815554 0.42
-8.400002 8.3 2.52 7C5252 0.42
-8.820001 8.3 2.52 7B5151 0.42
-9.240002 8.3 2.52 7C5252 0.42
9.660001 8.719999 2.940001 7D5352 0.42
9.240002 8.719999 2.940001 7B5151 0.42
8.820001 8.719999 2.940001 7E5352 0.42
8.400002 8.719999 2.940001 7D5352 0.42
7.980001 8.719999 2.940001 7F5453 0.42
7.56 8.719999 2.940001 7F5453 0.42
7.140001 8.719999 2.940001 7C5252 0.42
6.72 8.719999 2.940001 7A5051 0.42
6.300001 8.719999 2.940001 7D5352 0.42
5.88 8.719999 2.940001 7D5352 0.42
5.46 8.719999 2.940001 7B5151 0.42
5.040001 8.719999 2.940001 7D5252 0.42
4.620001 8.719999 2.940001 7C5252 0.42
4.200001 8.719999 2.940001 7D5352 0.42
3.78 8.719999 2.940001 7A5151 0.42
3.36 8.719999 2.940001 7E5352 0.42
2.94 8.719999 2.940001 7E5353 0.42
2.52 8.719999 2.940001 7E5352 0.42
2.1 8.719999 2.940001 7D5252 0.42
1.68 8.719999 2.940001 7B5152 0.42
1.26 8.719999 2.940001 7F5353 0.42
0.8399999 8.719999 2.940001 7F5453 0.42
0.4199998 8.719999 2.940001 7A5151 0.42
-2.384186E-07 8.719999 2.940001 7E5352 0.42
-0.4200003 8.719999 2.940001 7C5151 0.42
-0.8400003 8.719999 2.940001 7B5151 0.42
-1.26 8.719999 2.940001 7D5252 0.42
-1.68 8.719999 2.940001 7C5252 0.42
-2.100001 8.719999 2.940001 7D5252 0.42
-2.520001 8.719999 2.940001 7B5152 0.42
-2.940001 8.719999 2.940001 7E5352 0.42
-3.360001 8.719999 2.940001 7A5151 0.42
-3.780001 8.719999 2.940001 7B5151 0.42
-4.200001 8.719999 2.940001 7B5151 0.42
-4.620001 8.719999 2.940001 7C5252 0.42
-5.040001 8.719999 2.940001 7D5252 0.42
-5.460001 8.719999 2.940001 7D5252 0.42
-5.880001 8.719999 2.940001 7D5352 0.42
-6.300001 8.719999 2.940001 7E5352 0.42
-6.720001 8.719999 2.939999 7D5352 0.42
-7.140001 8.719999 2.940001 7F5453 0.42
-7.560001 8.719999 2.939999 825654 0.42
-7.980001 8.719999 2.940001 7D5352 0.42
-8.400002 8.719999 2.940001 7E5352 0.42
-8.820001 8.719999 2.940001 7C5252 0.42
-9.240002 8.719999 2.940001 7F5453 0.42
-9.660001 8.719999 2.940001 7F5453 0.42
9.660001 9.14 2.940001 7C5252 0.42
9.240002 9.14 2.940001 7E5352 0.42
8.820001 9.14 2.940001 7E5353 0.42
8.400002 9.14 2.940001 7B5151 0.42
7.980001 9.14 2.940001 7D5352 0.42
7.56 9.14 2.940001 7D5352 0.42
7.140001 9.14 2.940001 7A5151 0.42
6.72 9.14 2.940001 7F5453 0.42
6.300001 9.14 2.940001 7D5252 0.42
5.88 9.14 2.940001 7D5352 0.42
5.46 9.14 2.940001 7B5151 0.42
5.040001 9.14 2.940001 7D5252 0.42
4.620001 9.14 2.940001 7F5352 0.42
4.200001 9.14 2.940001 7E5352 0.42
3.78 9.14 2.940001 7F5353 0.42
3.36 9.14 2.940001 7F5453 0.42
2.94 9.14 2.940001 7B5152 0.42
2.52 9.14 2.940001 7D5252 0.42
2.1 9.14 2.940001 7E5352 0.42
1.68 9.14 2.940001 795050 0.42
1.26 9.14 2.940001 7D5252 0.42
0.8399999 9.14 2.940001 7E5352 0.42
0.4199998 9.14 2.940001 7F5453 0.42
-2.384186E-07 9.14 2.940001 7B5151 0.42
-0.4200003 9.14 2.940001 7D5252 0.42
-0.8400003 9.14 2.940001 7E5352 0.42
-1.26 9.14 2.940001 7C5252 0.42
-1.68 9.14 2.940001 7B5151 0.42
-2.100001 9.14 2.940001 815553 0.42
-2.520001 9.14 2.940001 7C5252 0.42
-2.940001 9.14 2.940001 7D5352 0.42
-3.360001 9.14 2.940001 7E5352 0.42
-3.780001 9.14 2.940001 7C5252 0.42
-4.200001 9.14 2.940001 7D5352 0.42
-4.620001 9.14 2.940001 7C5252 0.42
-5.040001 9.14 2.940001 7D5352 0.42
-5.460001 9.14 2.940001 7C5252 0.42
-5.880001 9.14 2.940001 7B5152 0.42
-6.300001 9.14 2.940001 805453 0.42
-6.720001 9.14 2.939999 7D5252 0.42
-7.140001 9.14 2.940001 7E5352 0.42
-7.560001 9.14 2.939999 7C5252 0.42
-7.980001 9.14 2.940001 7F5353 0.42
-8.400002 9.14 2.940001 7F5453 0.42
-8.820001 9.14 2.940001 7E5353 0.42
-9.240002 9.14 2.940001 7D5252 0.42
-9.660001 9.14 2.940001 7E5353 0.42
9.660001 9.559999 2.940001 714C50 0.42
9.240002 9.559999 2.940001 744D50 0.42
8.820001 9.559999 2.940001 724C50 0.42
8.400002 9.559999 2.940001 734D50 0.42
7.980001 9.559999 2.940001 724C4F 0.42
7.56 9.559999 2.940001 724C50 0.42
7.140001 9.559999 2.940001 734D50 0.42
6.72 9.559999 2.940001 714B4F 0.42
6.300001 9.559999 2.940001 724C4F 0.42
5.88 9.559999 2.940001 734D50 0.42
5.46 9.559999 2.940001 724C50 0.42
5.040001 9.559999 2.940001 734C50 0.42
4.620001 9.559999 2.940001 744D50 0.42
4.200001 9.559999 2.940001 734C50 0.42
3.78 9.559999 2.940001 754E51 0.42
3.36 9.559999 2.940001 724C4F 0.42
2.94 9.559999 2.940001 947272 0.42
2.52 9.559999 2.940001 977877 0.42
2.1 9.559999 2.940001 967575 0.42
1.68 9.559999 2.940001 927171 0.42
1.26 9.559999 2.940001 917070 0.42
0.8399999 9.559999 2.940001 937273 0.42
0.4199998 9.559999 2.940001 937373 0.42
-2.384186E-07 9.559999 2.940001 8F6F70 0.42
-0.4200003 9.559999 2.940001 987777 0.42
-0.8400003 9.559999 2.940001 977675 0.42
-1.26 9.559999 2.940001 947373 0.42
-1.68 9.559999 2.940001 967473 0.42
-2.100001 9.559999 2.940001 957473 0.42
-2.520001 9.559999 2.940001 967676 0.42
-2.940001 9.559999 2.940001 907071 0.42
-3.360001 9.559999 2.940001 947373 0.42
-3.780001 9.559999 2.940001 947272 0.42
-4.200001 9.559999 2.940001 957372 0.42
-4.620001 9.559999 2.940001 957474 0.42
-5.040001 9.559999 2.940001 927272 0.42
-5.460001 9.559999 2.940001 937272 0.42
-5.880001 9.559999 2.940001 967675 0.42
-6.300001 9.559999 2.940001 917171 0.42
-6.720001 9.559999 2.939999 957474 0.42
-7.140001 9.559999 2.940001 967574 0.42
-7.560001 9.559999 2.939999 977776 0.42
-7.980001 9.559999 2.940001 947374 0.42
-8.400002 9.559999 2.940001 927272 0.42
-8.820001 9.559999 2.940001 927171 0.42
-9.240002 9.559999 2.940001 947373 0.42
-9.660001 9.559999 2.940001 B49C98 0.42
