0 0.8 -2.8 D66D0B 0.8
-0.8 0.8 -2 D66E0A 0.8
-2.4 0.8 -1.2 E17712 0.8
-3.2 0.8 -0.4000001 EC8826 0.8
-2.4 0.8 0.4 F18F31 0.8
-1.6 1.6 -3.6 C86208 0.8
-3.2 1.6 -2.8 DE7C18 0.8
-4 1.6 -2 D36B08 0.8
-4.8 1.6 -1.2 D86F0A 0.8
-4.8 1.6 -0.4000001 DE7610 0.8
-4.8 1.6 0.4 E98723 0.8
-4 1.6 1.2 EF8C2B 0.8
-2.4 1.6 2 EF8826 0.8
-0.8 2.4 -4.4 A24305 0.8
-3.2 2.4 -3.6 893402 0.8
-4.8 2.4 -2.8 BD5A08 0.8
-5.6 2.4 -2 D0690A 0.8
-5.6 2.4 -1.2 D66F0B 0.8
-5.6 2.4 -0.4000001 DB7108 0.8
-5.6 2.4 0.4 E47A15 0.8
-6.4 2.4 1.2 EC8421 0.8
-4.8 2.4 2 EE8A29 0.8
-4 2.4 2.8 E7801E 0.8
0 3.2 -5.2 B55508 0.8
-2.4 3.2 -4.4 A54905 0.8
-4.8 3.2 -3.6 943C04 0.8
-5.6 3.2 -2.8 893200 0.8
-6.4 3.2 -2 EE8A29 0.8
-6.4 3.2 -1.2 D06708 0.8
-6.4 3.2 -0.4000001 D9700B 0.8
-6.4 3.2 0.4 DB7108 0.8
-7.2 3.2 1.2 E47A15 0.8
-7.2 3.2 2 E98621 0.8
-5.6 3.2 2.8 E98621 0.8
-2.4 4 -5.2 BD5E0A 0.8
-4.8 4 -4.4 A54A08 0.8
-5.6 4 -3.6 9C4200 0.8
-5.6 4 -2.8 8C3800 0.8
-6.4 4 -2 8C3400 0.8
-7.2 4 -1.2 EC8726 0.8
-7.2 4 -0.4000001 D66D08 0.8
-8 4 0.4 D9700B 0.8
-8 4 1.2 DB6F08 0.8
-8 4 2 E47B15 0.8
-7.2 4 2.8 EC8726 0.8
-5.6 4 3.6 E98321 0.8
-2.4 4.8 -5.2 CB6A10 0.8
-4.8 4.8 -4.4 B55508 0.8
-5.6 4.8 -3.6 9F4608 0.8
-6.4 4.8 -2.8 913800 0.8
-7.2 4.8 -2 863100 0.8
-8 4.8 -1.2 C86208 0.8
-8 4.8 -0.4000001 DB7615 0.8
-8 4.8 0.4 D66F08 0.8
-8 4.8 1.2 D9700B 0.8
-8 4.8 2 DC710B 0.8
-8 4.8 2.8 E67D18 0.8
-7.2 4.8 3.6 EC8726 0.8
-5.6 4.8 4.4 E67F1B 0.8
-1.6 5.6 -5.2 DE7D18 0.8
-5.6 5.6 -4.4 BD5D10 0.8
-6.4 5.6 -3.6 A74E08 0.8
-7.2 5.6 -2.8 943C05 0.8
-8 5.6 -2 843400 0.8
-8 5.6 -1.2 843102 0.8
-8.8 5.6 -0.4000001 CB650A 0.8
-8.8 5.6 0.4 CE690A 0.8
-8 5.6 1.2 D9700B 0.8
-8 5.6 2 D9700B 0.8
-8 5.6 2.8 DE750D 0.8
-8 5.6 3.6 E7821E 0.8
-7.2 5.6 4.4 EC8826 0.8
-5.6 5.6 5.2 E37B18 0.8
-0.8 6.4 -5.2 DC7A16 0.8
-4.8 6.4 -4.4 D67518 0.8
-6.4 6.4 -3.6 AD5208 0.8
-7.2 6.4 -2.8 994205 0.8
-8 6.4 -2 8E3902 0.8
-8 6.4 -1.2 893502 0.8
-8.8 6.4 -0.4000001 893402 0.8
-8.8 6.4 0.4 EF8B2B 0.8
-8.8 6.4 1.2 D06708 0.8
-8.8 6.4 2 DA710C 0.8
-8.8 6.4 2.8 D86E08 0.8
-8.8 6.4 3.6 DE730D 0.8
-8 6.4 4.4 E78321 0.8
-7.2 6.4 5.2 EE8928 0.8
-4 7.2 -4.4 DE7D18 0.8
-6.4 7.2 -3.6 BD6110 0.8
-7.2 7.2 -2.8 A54908 0.8
-8 7.2 -2 964208 0.8
-8 7.2 -1.2 943A00 0.8
-8.8 7.2 -0.4000001 893400 0.8
-8.8 7.2 0.4 993F02 0.8
-8.8 7.2 1.2 EF8A29 0.8
-8.8 7.2 2 D86E08 0.8
-8.8 7.2 2.8 D66F08 0.8
-8.8 7.2 3.6 DB7008 0.8
-8.8 7.2 4.4 DE730D 0.8
-8 7.2 5.2 EF8826 0.8
-6.4 7.2 6 E78321 0.8
-5.6 8 -3.6 DE7D18 0.8
-7.2 8 -2.8 AF5208 0.8
-8 8 -2 A14808 0.8
-8 8 -1.2 984004 0.8
-8.8 8 -0.4000001 8C3800 0.8
-8.8 8 0.4 843102 0.8
-9.6 8 1.2 CE6908 0.8
-9.6 8 2 E97F1B 0.8
-8.8 8 2.8 D9700B 0.8
-8.8 8 3.6 D86F0A 0.8
-8.8 8 4.4 DC7108 0.8
-8 8 5.2 E47715 0.8
-7.2 8 6 EF8B29 0.8
-5.6 8 6.8 DE7918 0.8
-4.8 8.8 -3.6 E17D18 0.8
-6.4 8.8 -2.8 CE7118 0.8
-8 8.8 -2 AA4F08 0.8
-8 8.8 -1.2 9C4408 0.8
-8.8 8.8 -0.4000001 913B05 0.8
-8.8 8.8 0.4 863400 0.8
-9.6 8.8 1.2 843102 0.8
-9.6 8.8 2 EF8729 0.8
-9.6 8.8 2.8 D66E0A 0.8
-8.8 8.8 3.6 D9700B 0.8
-8.8 8.8 4.4 DB710A 0.8
-8 8.8 5.2 DE720A 0.8
-8 8.8 6 E7801E 0.8
-6.4 8.8 6.8 EE8928 0.8
-5.6 9.6 -2.8 E1821B 0.8
-7.2 9.6 -2 C66910 0.8
-8 9.6 -1.2 A54A08 0.8
-8.8 9.6 -0.4000001 964108 0.8
-8.8 9.6 0.4 893502 0.8
-8.8 9.6 1.2 843002 0.8
-9.6 9.6 2 883404 0.8
-9.6 9.6 2.8 EC8729 0.8
-8.8 9.6 3.6 D9700B 0.8
-8.8 9.6 4.4 D86F0B 0.8
-8 9.6 5.2 DB7008 0.8
-8 9.6 6 DE7510 0.8
-7.2 9.6 6.8 EC8826 0.8
-5.6 9.6 7.6 E78321 0.8
-6.4 10.4 -2 E48421 0.8
-8 10.4 -1.2 BA5E0D 0.8
-8.8 10.4 -0.4000001 9F4608 0.8
-8.8 10.4 0.4 943C00 0.8
-8.8 10.4 1.2 893200 0.8
-8.8 10.4 2 843102 0.8
-8.8 10.4 2.8 D36908 0.8
-8.8 10.4 3.6 D8731B 0.8
-8.8 10.4 4.4 D9700B 0.8
-8 10.4 5.2 D86E08 0.8
-8 10.4 6 DC7108 0.8
-7.2 10.4 6.8 E17612 0.8
-5.6 10.4 7.6 EF8B29 0.8
-4 10.4 8.4 D36F15 0.8
-7.2 11.2 -1.2 DE7E18 0.8
-8 11.2 -0.4000001 B55508 0.8
-8.8 11.2 0.4 A24705 0.8
-8.8 11.2 1.2 943C04 0.8
-8.8 11.2 2 893400 0.8
-8.8 11.2 2.8 843102 0.8
-8.8 11.2 3.6 D0690A 0.8
-8.8 11.2 4.4 D0690A 0.8
-8 11.2 5.2 D9700B 0.8
-8 11.2 6 D66F08 0.8
-7.2 11.2 6.8 DE720A 0.8
-6.4 11.2 7.6 E7801E 0.8
-4 11.2 8.4 EF8B29 0.8
-6.4 12 -1.2 E7831B 0.8
-7.2 12 -0.4000001 DE8218 0.8
-8 12 0.4 B75708 0.8
-8 12 1.2 A54708 0.8
-8 12 2 943C00 0.8
-8 12 2.8 863400 0.8
-8.8 12 3.6 873404 0.8
-8.8 12 4.4 E78229 0.8
-8 12 5.2 D16A0A 0.8
-7.2 12 6 D66E08 0.8
-6.4 12 6.8 DE7108 0.8
-5.6 12 7.6 DE7710 0.8
-4.8 12 8.4 EC8826 0.8
-0.8 12 9.200001 DE7A21 0.8
-6.4 12.8 -0.4000001 E7861D 0.8
-7.2 12.8 0.4 D67518 0.8
-8 12.8 1.2 B55608 0.8
-8 12.8 2 9F4608 0.8
-8 12.8 2.8 8E3900 0.8
-8 12.8 3.6 873404 0.8
-8 12.8 4.4 AF4F05 0.8
-8 12.8 5.2 E78629 0.8
-7.2 12.8 6 D66E08 0.8
-6.4 12.8 6.8 D97008 0.8
-5.6 12.8 7.6 DB7008 0.8
-4.8 12.8 8.4 E47715 0.8
-1.6 12.8 9.200001 EE8B2B 0.8
-6.4 13.6 0.4 E7871D 0.8
-7.2 13.6 1.2 CB660D 0.8
-8 13.6 2 AD4D08 0.8
-8 13.6 2.8 943F00 0.8
-7.2 13.6 3.6 8C3600 0.8
-7.2 13.6 4.4 843102 0.8
-7.2 13.6 5.2 C66108 0.8
-6.4 13.6 6 CE6910 0.8
-5.6 13.6 6.8 D9700B 0.8
-4.8 13.6 7.6 D9700A 0.8
-4 13.6 8.4 DC720B 0.8
-1.6 13.6 9.200001 EC8421 0.8
-4.8 14.4 0.4 DE7A18 0.8
-5.6 14.4 1.2 E48418 0.8
-7.2 14.4 2 BA5A08 0.8
-7.2 14.4 2.8 A74A08 0.8
-6.4 14.4 3.6 993F08 0.8
-6.4 14.4 4.4 8B3502 0.8
-6.4 14.4 5.2 863100 0.8
-6.4 14.4 6 C35E08 0.8
-5.6 14.4 6.8 D36B08 0.8
-4.8 14.4 7.6 D9700B 0.8
-2.4 14.4 8.4 DB7008 0.8
-4 15.2 1.2 E17E18 0.8
-4.8 15.2 2 DE7F18 0.8
-6.4 15.2 2.8 BA5A08 0.8
-5.6 15.2 3.6 A74A08 0.8
-5.6 15.2 4.4 993F00 0.8
-5.6 15.2 5.2 893502 0.8
-5.6 15.2 6 883404 0.8
-4.8 15.2 6.8 E78629 0.8
-3.2 15.2 7.6 D36B08 0.8
-0.8 15.2 8.4 D86F0A 0.8
-3.2 16 2 E6831B 0.8
-4.8 16 2.8 D36F10 0.8
-4.8 16 3.6 B25308 0.8
-4.8 16 4.4 9F4608 0.8
-4.8 16 5.2 8E3900 0.8
-4 16 6 833102 0.8
-3.2 16 6.8 BD5D08 0.8
-1.6 16 7.6 D87112 0.8
0 16.8 2.8 E78418 0.8
-3.2 16.8 3.6 C86610 0.8
-3.2 16.8 4.4 AD5108 0.8
-2.4 16.8 5.2 9C4508 0.8
-0.8 16.8 6 8C3905 0.8
0 16.8 6.8 843102 0.8
1.6 7.2 1.2 A84B04 0.8
2.4 8 1.2 602100 0.8
2.4 8 2 A54A05 0.8
2.4 8 2.8 A54905 0.8
2.4 8.8 1.2 602100 0.8
2.4 8.8 2 A74A05 0.8
2.4 8.8 2.8 A54A05 0.8
2.4 9.6 1.2 602100 0.8
2.4 9.6 2 602100 0.8
2.4 9.6 2.8 A74A05 0.8
1.6 10.4 2.8 602100 0.8
1.6 5.6 2 B24F08 0.8
2.4 5.6 2.8 B25105 0.8
0.8 6.4 1.2 A94C04 0.8
1.6 6.4 2 AD4B08 0.8
2.4 6.4 2.8 AA4B05 0.8
3.2 6.4 3.6 AD4F05 0.8
0.8 7.2 0.4 602100 0.8
2.4 7.2 2 A54A05 0.8
2.4 7.2 2.8 A74A05 0.8
3.2 7.2 3.6 A74905 0.8
3.2 7.2 4.4 AA4B08 0.8
1.6 8 -1.2 6B2802 0.8
1.6 8 -0.4000001 622100 0.8
1.6 8 0.4 602100 0.8
3.2 8 3.6 A54905 0.8
3.2 8 4.4 A54905 0.8
3.2 8 5.2 A54905 0.8
2.4 8.8 -1.2 6D2500 0.8
2.4 8.8 -0.4000001 632200 0.8
2.4 8.8 0.4 602100 0.8
2.4 8.8 3.6 A54805 0.8
2.4 8.8 4.4 A44805 0.8
2.4 8.8 5.2 A44805 0.8
3.2 9.6 -1.2 813100 0.8
3.2 9.6 -0.4000001 6B2400 0.8
2.4 9.6 0.4 632200 0.8
1.6 9.6 3.6 A74905 0.8
1.6 9.6 4.4 A54805 0.8
1.6 9.6 5.2 A54805 0.8
3.2 10.4 -0.4000001 843400 0.8
3.2 10.4 0.4 6B2400 0.8
2.4 10.4 1.2 632200 0.8
2.4 10.4 2 602100 0.8
0.8 10.4 3.6 A84A04 0.8
3.2 11.2 -0.4000001 913F08 0.8
3.2 11.2 0.4 782A00 0.8
2.4 11.2 1.2 6A2500 0.8
1.6 11.2 2 622100 0.8
0 11.2 2.8 602100 0.8
2.4 12 1.2 7B2C00 0.8
0.8 12 2 6B2400 0.8
-7.2 4 0.4 D9700B 0.8
-7.2 4 1.2 DE720A 0.8
-7.2 7.2 5.2 EE8A29 0.8
1.6 4.8 2.8 B55505 0.8
-7.2 5.6 -2 8B3604 0.8
3.2 5.6 3.6 B55208 0.8
3.2 6.4 4.4 B25308 0.8
4 7.2 5.2 B25108 0.8
0.8 8 -2 803202 0.8
-7.2 8.8 -2 B55A0D 0.8
2.4 8.8 -2 8C3808 0.8
2.4 8.8 6 A44805 0.8
-7.2 8.8 6 EC8826 0.8
0.8 9.6 6 A44805 0.8
-7.2 10.4 -1.2 CE7118 0.8
4 10.4 -1.2 A54B08 0.8
3.2 12 0.4 893500 0.8
1.6 12.8 1.2 8C3800 0.8
-7.2 13.6 2.8 9F4602 0.8
-6.4 3.2 1.2 E77E1B 0.8
-6.4 3.2 2 EB8625 0.8
-6.4 4 2.8 EC8826 0.8
-6.4 4.8 3.6 EB8624 0.8
-6.4 5.6 4.4 EA8421 0.8
-6.4 6.4 5.2 EA8521 0.8
1.6 4 2.8 CB6308 0.8
-6.4 4 3.6 EC8726 0.8
3.2 4.8 3.6 C66108 0.8
-6.4 5.6 -2.8 9C4108 0.8
4 5.6 4.4 C66108 0.8
4.8 6.4 5.2 CE6608 0.8
-6.4 8 -2.8 C36310 0.8
0.8 8 -2.8 A24A08 0.8
4 8 6 B25108 0.8
-6.4 8 6 EF8829 0.8
3.2 8.8 -2.8 E9C7AA 0.8
-6.4 9.6 -2 DE7E1B 0.8
4 9.6 -2 B2560D 0.8
0.8 9.6 6.8 A24805 0.8
-6.4 9.6 6.8 EF8C2B 0.8
-6.4 10.4 7.6 EF8A29 0.8
-6.4 11.2 -1.2 E78720 0.8
4.8 11.2 -1.2 C86A10 0.8
-6.4 12 -0.4000001 E9891E 0.8
4 12 -0.4000001 B55910 0.8
-6.4 12.8 0.4 E78721 0.8
3.2 12.8 0.4 AA5208 0.8
0.8 13.6 1.2 AD5108 0.8
-6.4 14.4 2 CB6A10 0.8
-6.4 14.4 1.2 D87312 0.8
-6.4 14.4 2.8 AD4F08 0.8
-5.6 2.4 1.2 EF8826 0.8
-5.6 2.4 2 EE8828 0.8
-5.6 6.4 6 E17918 0.8
4 4 3.6 DE7718 0.8
4.8 4.8 4.4 DE771B 0.8
-5.6 5.6 -3.6 AF5208 0.8
5.6 5.6 5.2 E17C1B 0.8
-5.6 6.4 -3.6 BD5E10 0.8
-5.6 7.2 -3.6 CB6B10 0.8
4.8 7.2 6 CB6308 0.8
-5.6 7.2 6 E17A18 0.8
-5.6 8.8 -3.6 E1801B 0.8
3.2 8.8 6.8 B05105 0.8
-5.6 8.8 7.6 E78221 0.8
4.8 9.6 -2.8 D37618 0.8
-5.6 10.4 -2 DE8018 0.8
4.8 10.4 -2 CD6D14 0.8
-5.6 11.2 -2 DE7E18 0.8
-5.6 11.2 7.6 EF8A29 0.8
-5.6 12 -1.2 E17E18 0.8
5.6 12 -1.2 DB7B21 0.8
-5.6 12.8 -0.4000001 E4821B 0.8
4.8 12.8 -0.4000001 D37318 0.8
-5.6 13.6 0.4 E78621 0.8
4 13.6 0.4 CB6B15 0.8
2.4 14.4 1.2 C6650D 0.8
-5.6 15.2 2.8 CB6A10 0.8
-5.6 15.2 2 D37315 0.8
-5.6 14.4 6 BA5A08 0.8
-4.8 2.4 -2 D0690A 0.8
-4.8 1.6 1.2 EE8A29 0.8
-4.8 3.2 2.8 E9821E 0.8
-4.8 3.2 3.6 E47A15 0.8
-4.8 4.8 4.4 D06A0A 0.8
-4.8 6.4 5.2 C66108 0.8
-4.8 7.2 6 C6620A 0.8
-4.8 8 6.8 CB6710 0.8
-4.8 8.8 7.6 D67218 0.8
2.4 3.2 2.8 E47A15 0.8
-4.8 4 -3.6 9C4508 0.8
-4.8 4 3.6 DE7510 0.8
-4.8 5.6 -4.4 C06210 0.8
-4.8 5.6 5.2 C86208 0.8
-4.8 7.2 -4.4 DE7D18 0.8
-4.8 8 -3.6 DE8018 0.8
2.4 8 -3.6 C96B14 0.8
4.8 8 6.8 D06A0A 0.8
4.8 8.8 -3.6 D37616 0.8
-4.8 9.6 -2.8 DE7918 0.8
3.2 9.6 7.6 AF5208 0.8
-4.8 9.6 7.6 DE7918 0.8
-4.8 10.4 -2 D67518 0.8
-4.8 10.4 8.4 EC8829 0.8
-4.8 11.2 -1.2 D67315 0.8
-4.8 11.2 8.4 EF8D2C 0.8
-4.8 12 -1.2 D67616 0.8
-4.8 12.8 -0.4000001 D87618 0.8
-4.8 13.6 -0.4000001 DE7A15 0.8
-4.8 14.4 1.2 E7851C 0.8
-4.8 15.2 6 833002 0.8
-4 4 -4.4 A54A05 0.8
-4 2.4 -3.6 8E3600 0.8
-4 1.6 -2.8 EC8826 0.8
-4 1.6 -1.2 DB710A 0.8
-4 0.8 -0.4000001 E77D18 0.8
-4 0.8 0.4 EE8A29 0.8
-4 2.4 2 EE8928 0.8
-4 4 3.6 D06608 0.8
-4 5.6 4.4 BD5905 0.8
-4 7.2 5.2 B25308 0.8
-4 8 6 B55208 0.8
-4 8.8 6.8 BD5908 0.8
-4 8.8 7.6 C66510 0.8
-4 3.2 -3.6 9A4105 0.8
-4 3.2 3.6 DE7510 0.8
-4 4.8 -5.2 BA5E0D 0.8
-4 4.8 3.6 C65E08 0.8
-4 5.6 -4.4 CB6B10 0.8
-4 6.4 -4.4 DE7A18 0.8
-4 6.4 5.2 B25205 0.8
-4 8 -4.4 E17D18 0.8
-4 8.8 -3.6 E3A162 0.8
-4 9.6 -2 D07112 0.8
-4 8.8 -2.8 D67616 0.8
-4 9.6 8.4 CE6B10 0.8
-4 10.4 -1.2 CE7118 0.8
-4 11.2 -1.2 C86A13 0.8
-4 12 -0.4000001 CB6C13 0.8
-4 12 8.4 EF8B2B 0.8
-4 12.8 0.4 CD6D13 0.8
-4 12.8 9.200001 E7831E 0.8
-4 13.6 0.4 D37212 0.8
-4 14.4 0.4 DB7710 0.8
4.8 14.4 0.4 DE7E21 0.8
-4 14.4 7.6 D9700B 0.8
-4 15.2 7.6 D06708 0.8
-4 16 2.8 DE7918 0.8
-4 16 2 E78318 0.8
-4 16 6.8 B55508 0.8
-4 16.8 3.6 BD5D08 0.8
-4 16.8 4.4 A24805 0.8
-4 16 5.2 913A00 0.8
-3.2 3.2 -4.4 A44805 0.8
-3.2 1.6 -2 D66E0B 0.8
-3.2 0.8 -1.2 DE730D 0.8
-3.2 0.8 0.4 EF8E2E 0.8
-3.2 1.6 1.2 EF8C2C 0.8
-3.2 1.6 2 EF8826 0.8
-3.2 2.4 2.8 E7811E 0.8
-3.2 4.8 3.6 B55505 0.8
-3.2 6.4 4.4 AD4E08 0.8
-3.2 7.2 5.2 AC4E05 0.8
-3.2 8 6 AD4F08 0.8
-3.2 8.8 6.8 B05105 0.8
-3.2 9.6 7.6 BD5908 0.8
-3.2 9.6 8.4 CB6710 0.8
3.2 2.4 2.8 EE8A29 0.8
-3.2 3.2 2.8 D66D10 0.8
-3.2 4 -4.4 B55508 0.8
-3.2 4 3.6 C86208 0.8
-3.2 4.8 -5.2 C66510 0.8
-3.2 5.6 -5.2 D67518 0.8
-3.2 5.6 3.6 AF5108 0.8
-3.2 6.4 -5.2 DE7E1B 0.8
-3.2 7.2 -4.4 DE7B18 0.8
0.8 7.2 -4.4 CB6B15 0.8
-3.2 8 -3.6 DE7918 0.8
-3.2 8 -4.4 DB7A16 0.8
-3.2 8.8 -2.8 CE7118 0.8
-3.2 9.6 -2 BA5E10 0.8
-3.2 10.4 -1.2 AF560A 0.8
0.8 10.4 8.4 AF5208 0.8
-3.2 10.4 8.4 CE6B15 0.8
-3.2 11.2 -0.4000001 AF530A 0.8
-3.2 11.2 9.200001 E17C21 0.8
-3.2 12 0.4 BA5E10 0.8
-3.2 12 9.200001 EF8B29 0.8
-3.2 12.8 0.4 C06210 0.8
-3.2 12.8 9.200001 EF8A29 0.8
-3.2 13.6 0.4 CB6B10 0.8
-3.2 13.6 8.4 DE7910 0.8
-3.2 14.4 1.2 D67110 0.8
-3.2 14.4 8.4 DB700A 0.8
-3.2 15.2 1.2 DE7912 0.8
3.2 15.2 1.2 FFFBF7 0.8
-3.2 16 2.8 DE7A18 0.8
-3.2 16.8 5.2 943F08 0.8
-3.2 16 6 863302 0.8
-2.4 2.4 -3.6 8C3400 0.8
-2.4 1.6 -2.8 CE6908 0.8
-2.4 0.8 -2 D66B08 0.8
-2.4 0.8 -0.4000001 EE8A29 0.8
-2.4 0.8 1.2 EF8B29 0.8
-2.4 3.2 2.8 D06A0A 0.8
-2.4 8.8 3.6 A54805 0.8
-2.4 8.8 4.4 A54805 0.8
-2.4 8.8 5.2 A44805 0.8
-2.4 8.8 6 A54805 0.8
-2.4 9.6 6.8 AD4E05 0.8
-2.4 9.6 7.6 B25308 0.8
-2.4 10.4 8.4 C35F0D 0.8
-2.4 1.6 -3.6 D36A0A 0.8
-2.4 10.4 1.2 682200 0.8
-2.4 2.4 2.8 E47B18 0.8
-2.4 8 2.8 A54905 0.8
-2.4 4 2.8 C66108 0.8
-2.4 4.8 3.6 B25305 0.8
-2.4 5.6 -5.2 DE7918 0.8
-2.4 5.6 3.6 AF5105 0.8
-2.4 6.4 -5.2 E17D18 0.8
-2.4 6.4 2.8 AA4B08 0.8
-3.2 6.4 3.6 AA4D05 0.8
-2.4 7.2 -4.4 DB7916 0.8
-2.4 7.2 2.8 A54905 0.8
-3.2 7.2 3.6 A54905 0.8
-3.2 7.2 4.4 A74A00 0.8
-2.4 8 -3.6 D07118 0.8
-3.2 8 3.6 A54905 0.8
-3.2 8 4.4 A54805 0.8
-3.2 8 5.2 A44805 0.8
-2.4 8.8 -2 AF530A 0.8
-2.4 8.8 -2.8 C36610 0.8
-2.4 9.6 1.2 622100 0.8
-2.4 8.8 -1.2 943C08 0.8
-3.2 9.6 -1.2 9F4708 0.8
-2.4 8.8 -0.4000001 7B3000 0.8
-3.2 9.6 -0.4000001 8E3C08 0.8
-2.4 8.8 0.4 682200 0.8
-2.4 9.6 0.4 702900 0.8
-3.2 10.4 -0.4000001 9F4A08 0.8
-3.2 10.4 0.4 8C3C08 0.8
-2.4 11.2 1.2 7B3000 0.8
-3.2 11.2 0.4 964208 0.8
-2.4 11.2 9.200001 D37118 0.8
-2.4 12 0.4 994308 0.8
-2.4 12 9.200001 E78629 0.8
-2.4 12.8 0.4 AF520A 0.8
-2.4 12.8 9.200001 EF8B2B 0.8
-2.4 13.6 1.2 C06210 0.8
-2.4 13.6 9.200001 E77E1B 0.8
-2.4 14.4 1.2 D16D10 0.8
-2.4 15.2 1.2 DB7310 0.8
-2.4 15.2 7.6 D86E08 0.8
-2.4 16 2 E78218 0.8
-2.4 16 7.6 EF8629 0.8
-2.4 16.8 3.6 CE6D10 0.8
-2.4 16.8 2.8 E48018 0.8
-2.4 16.8 4.4 A54908 0.8
-2.4 16 6 893400 0.8
-2.4 16 6.8 8C3400 0.8
-1.6 4 -5.2 BD5D0B 0.8
-1.6 2.4 -4.4 A54805 0.8
-1.6 1.6 -2.8 CE6608 0.8
-1.6 0.8 -2 D66D0A 0.8
-1.6 0.8 -1.2 E47A15 0.8
-1.6 0.8 -0.4000001 EF8E2B 0.8
-1.6 0.8 0.4 F49031 0.8
-1.6 0.8 1.2 EF8C29 0.8
-1.6 1.6 2 EE8828 0.8
-1.6 4 2.8 BA5708 0.8
-1.6 9.6 3.6 A84B04 0.8
-1.6 9.6 4.4 A74905 0.8
-1.6 9.6 5.2 A54905 0.8
-1.6 9.6 6 A44805 0.8
-1.6 9.6 6.8 A54905 0.8
-1.6 9.6 7.6 AD4E08 0.8
-1.6 10.4 8.4 B75608 0.8
-1.6 12.8 1.2 944108 0.8
-1.6 11.2 2 632100 0.8
-1.6 2.4 2.8 E17A18 0.8
-1.6 3.2 -4.4 AD4E08 0.8
-1.6 3.2 2.8 CE6708 0.8
-1.6 4.8 -5.2 D06E10 0.8
-1.6 9.6 2.8 A84B04 0.8
-1.6 4.8 2.8 B55208 0.8
-2.4 5.6 2.8 B05105 0.8
-1.6 5.6 2.8 AD4D08 0.8
-1.6 6.4 -5.2 DE7B18 0.8
-1.6 6.4 2 A74A05 0.8
-1.6 7.2 -4.4 D37318 0.8
-2.4 7.2 2 A54905 0.8
-1.6 7.2 1.2 A74A05 0.8
-1.6 8 -2.8 BA5E10 0.8
-1.6 8 -3.6 CB6E15 0.8
-1.6 8 0.4 602100 0.8
-1.6 8 -0.4000001 602100 0.8
-1.6 8 1.2 A74B05 0.8
-2.4 8 1.2 602100 0.8
-2.4 8 2 A54905 0.8
-1.6 8 -2 8E3B08 0.8
-1.6 8 -1.2 732800 0.8
-2.4 8.8 1.2 602100 0.8
-2.4 8.8 2 A84A04 0.8
-2.4 8.8 2.8 A54905 0.8
-2.4 9.6 2 602100 0.8
-2.4 9.6 2.8 A84A04 0.8
-1.6 10.4 2.8 602100 0.8
-2.4 10.4 2 602100 0.8
-1.6 11.2 9.200001 CE6A12 0.8
-1.6 12 1.2 752A00 0.8
-2.4 12 1.2 843000 0.8
-1.6 12 9.200001 E17E21 0.8
-1.6 13.6 1.2 BA5E0D 0.8
-1.6 14.4 1.2 CE6A10 0.8
-1.6 14.4 8.4 DC710A 0.8
-1.6 15.2 1.2 D87210 0.8
-1.6 15.2 8.4 D66E08 0.8
-1.6 16 2 DE7D10 0.8
-1.6 16.8 3.6 DB7615 0.8
-1.6 16.8 2.8 E48418 0.8
-1.6 16.8 6 8C3600 0.8
-1.6 16.8 5.2 994308 0.8
-1.6 16 6.8 883404 0.8
-1.6 16.8 4.4 B55708 0.8
-0.8 3.2 -5.2 B55908 0.8
-0.8 1.6 -3.6 CE6508 0.8
-0.8 0.8 -2.8 CE6508 0.8
-0.8 0.8 -1.2 E47B15 0.8
-0.8 0 -0.4000001 EF8E2B 0.8
-0.8 0.8 0.4 F18F31 0.8
-0.8 0.8 1.2 EF8B2B 0.8
-0.8 1.6 2 EE8928 0.8
-0.8 11.2 2.8 602100 0.8
-0.8 10.4 3.6 A84A04 0.8
-0.8 10.4 4.4 A84A04 0.8
-0.8 9.6 5.2 A84A04 0.8
-0.8 9.6 6 A54905 0.8
-0.8 9.6 6.8 A54905 0.8
-0.8 10.4 7.6 AA4D05 0.8
-0.8 10.4 8.4 B25308 0.8
-0.8 12.8 1.2 A54D08 0.8
-0.8 12 2 6B2400 0.8
-0.8 2.4 2.8 E17712 0.8
-0.8 3.2 2.8 CE6908 0.8
-0.8 4 -5.2 C36310 0.8
-0.8 4 2.8 BA5708 0.8
-0.8 4.8 -5.2 D67110 0.8
-0.8 4.8 2.8 B55305 0.8
-0.8 5.6 -5.2 DE8018 0.8
-0.8 5.6 2 AF4E08 0.8
-1.6 5.6 2 AD4D08 0.8
-0.8 6.4 1.2 A74A05 0.8
-0.8 7.2 -4.4 CE6F15 0.8
-0.8 7.2 0.4 602100 0.8
-0.8 8 -2.8 A54908 0.8
-0.8 8 -3.6 C36610 0.8
-0.8 8 -1.2 652100 0.8
-0.8 8 -2 782A00 0.8
-0.8 7.2 -0.4000001 602100 0.8
-0.8 11.2 9.200001 C86610 0.8
-0.8 12.8 9.200001 EF8A29 0.8
-0.8 13.6 1.2 B7570A 0.8
-0.8 13.6 9.200001 EC8826 0.8
-0.8 14.4 1.2 CB6910 0.8
-0.8 14.4 9.200001 DE730D 0.8
-0.8 15.2 1.2 D87310 0.8
-0.8 16 2 DE7910 0.8
-0.8 16 7.6 CE6508 0.8
-0.8 16.8 2.8 E17E18 0.8
-0.8 16.8 6.8 843102 0.8
-0.8 16.8 3.6 D06F12 0.8
-0.8 17.6 4.4 B55908 0.8
-0.8 16.8 5.2 9F4608 0.8
0 2.4 -4.4 993F00 0.8
0 0.8 -3.6 E68121 0.8
0 0.8 -2 D66F0A 0.8
0 0 -1.2 E47715 0.8
0 0 -0.4000001 EF8D2D 0.8
0 0.8 0.4 F18F31 0.8
0 0.8 1.2 EF8B29 0.8
0 1.6 2 EE8A29 0.8
0 10.4 3.6 A84A04 0.8
0 10.4 4.4 A84A04 0.8
0 10.4 5.2 A74A05 0.8
0 9.6 6 A54905 0.8
0 9.6 6.8 A44805 0.8
0 10.4 7.6 AA4D05 0.8
0 10.4 8.4 AF5108 0.8
0 11.2 9.200001 CE6A10 0.8
0 1.6 -3.6 893200 0.8
0 12 2 702900 0.8
0 2.4 2 E47A18 0.8
0 3.2 2.8 D06908 0.8
0 4 -5.2 C66510 0.8
0 4 2.8 BD5905 0.8
0 4.8 -5.2 D67615 0.8
0 4.8 2 B55505 0.8
0 5.6 -5.2 E48218 0.8
0 5.6 2 AD4F05 0.8
0 6.4 -5.2 DB7918 0.8
0 6.4 1.2 A74D00 0.8
0 7.2 -4.4 CE6D18 0.8
0 7.2 0.4 602100 0.8
0 8 -2.8 964208 0.8
0 7.2 -3.6 C06210 0.8
0 8 -2 813200 0.8
0 7.2 -1.2 652400 0.8
0 7.2 -0.4000001 602100 0.8
0 12 9.200001 DB7A1E 0.8
0 12.8 2 893600 0.8
0 12.8 9.200001 EE8B2C 0.8
0 13.6 1.2 AF5308 0.8
0 13.6 9.200001 EF8826 0.8
0 14.4 1.2 CB6710 0.8
0 14.4 9.200001 DE7710 0.8
0 15.2 2 D67110 0.8
0 15.2 8.4 D66E08 0.8
0 16 2 DE7710 0.8
0 16 8.4 CD6708 0.8
0 16.8 7.6 E47F1E 0.8
0 16.8 3.6 CE7110 0.8
0 17.6 4.4 B55908 0.8
0 17.6 5.2 9F4608 0.8
0 16.8 6 8C3600 0.8
0.8 3.2 -5.2 BD5D08 0.8
0.8 2.4 -4.4 9C4305 0.8
0.8 0.8 -3.6 EF8629 0.8
0.8 0.8 -2.8 D66D0B 0.8
0.8 0.8 -2 D86F0A 0.8
0.8 0 -1.2 E47A15 0.8
0.8 0 -0.4000001 EF8B29 0.8
0.8 0.8 0.4 F18F2E 0.8
0.8 0.8 1.2 EE8A29 0.8
0.8 1.6 2 EE8A29 0.8
0.8 11.2 2.8 602100 0.8
0.8 10.4 4.4 A74A05 0.8
0.8 9.6 5.2 A54905 0.8
0.8 10.4 7.6 AA4D05 0.8
0.8 12 9.200001 DB7618 0.8
0.8 1.6 -3.6 8C3400 0.8
0.8 2.4 2.8 E77E1B 0.8
0.8 3.2 2.8 D36B08 0.8
0.8 4 -5.2 C86910 0.8
0.8 4 2.8 C05A08 0.8
0.8 4.8 -5.2 DB7615 0.8
0.8 4.8 2 B55505 0.8
0.8 5.6 -5.2 FFFBF7 0.8
0.8 5.6 2 B55508 0.8
0.8 6.4 -5.2 DB7918 0.8
0.8 7.2 -3.6 BD6110 0.8
0.8 8 -1.2 6B2802 0.8
0.8 7.2 -0.4000001 622200 0.8
0.8 11.2 9.200001 C96510 0.8
0.8 12.8 2 893600 0.8
0.8 12.8 9.200001 EE8B2B 0.8
0.8 13.6 9.200001 EF8826 0.8
0.8 14.4 1.2 C86610 0.8
0.8 14.4 9.200001 E77D18 0.8
0.8 15.2 1.2 D67110 0.8
0.8 15.2 8.4 D86E0A 0.8
0.8 16 2 DE7710 0.8
0.8 16 7.6 D06B0A 0.8
0.8 16.8 2.8 E7831B 0.8
0.8 16.8 6.8 843202 0.8
0.8 16.8 3.6 D67518 0.8
0.8 17.6 4.4 B55908 0.8
0.8 16.8 5.2 A24708 0.8
0.8 16.8 6 8E3902 0.8
1.6 4 -5.2 C6630D 0.8
1.6 2.4 -4.4 A54908 0.8
1.6 1.6 -3.6 CE6708 0.8
1.6 0.8 -2.8 CB6608 0.8
1.6 0.8 -2 D9700A 0.8
1.6 0.8 -1.2 E47A15 0.8
1.6 0 -0.4000001 EF8B29 0.8
1.6 0.8 0.4 F18F2E 0.8
1.6 0.8 1.2 EE8A29 0.8
1.6 1.6 2 EE8A29 0.8
1.6 10.4 3.6 A74A05 0.8
1.6 9.6 6 A44805 0.8
1.6 9.6 6.8 A44805 0.8
1.6 9.6 7.6 AC4D05 0.8
1.6 10.4 8.4 B55508 0.8
1.6 12.8 9.200001 EC8829 0.8
1.6 12 2 6B2500 0.8
1.6 2.4 2.8 E78321 0.8
1.6 3.2 -4.4 B75608 0.8
1.6 3.2 2.8 DB6F0D 0.8
1.6 4.8 -5.2 DE7A18 0.8
1.6 5.6 -5.2 E7831E 0.8
1.6 6.4 -5.2 DE7D18 0.8
1.6 6.4 1.2 AA4D00 0.8
1.6 7.2 -4.4 D17218 0.8
1.6 8 -2.8 AD5208 0.8
1.6 8 -3.6 C36610 0.8
1.6 7.2 0.4 602100 0.8
1.6 8 -2 843408 0.8
1.6 11.2 2.8 602100 0.8
1.6 11.2 9.200001 CB6710 0.8
1.6 12 9.200001 E48021 0.8
1.6 13.6 1.2 AA4E08 0.8
1.6 13.6 9.200001 EF8826 0.8
1.6 14.4 1.2 C66510 0.8
1.6 14.4 8.4 DE730D 0.8
1.6 15.2 1.2 D36F10 0.8
1.6 15.2 8.4 DE6F08 0.8
1.6 16 1.2 DE7710 0.8
1.6 16 7.6 DE7918 0.8
1.6 16.8 2.8 E1831B 0.8
1.6 16 2 E48018 0.8
1.6 16.8 6 8E3800 0.8
1.6 16.8 6.8 843100 0.8
1.6 16.8 3.6 D37318 0.8
1.6 17.6 4.4 B75A0A 0.8
1.6 16.8 5.2 A24708 0.8
2.4 4 -5.2 CB6A10 0.8
2.4 3.2 -4.4 AA4B08 0.8
2.4 1.6 -3.6 8C3400 0.8
2.4 1.6 -2.8 C66108 0.8
2.4 0.8 -2 D86F0A 0.8
2.4 0.8 -1.2 DE7710 0.8
2.4 0.8 -0.4000001 EF8B29 0.8
2.4 0.8 0.4 F18F31 0.8
2.4 0.8 1.2 EE8B29 0.8
2.4 1.6 2 EE8A29 0.8
2.4 4 2.8 D36A08 0.8
2.4 9.6 3.6 A74905 0.8
2.4 9.6 6.8 AA4B00 0.8
2.4 9.6 7.6 AC4E05 0.8
2.4 10.4 8.4 BA5A08 0.8
2.4 12.8 9.200001 EF8C29 0.8
2.4 2.4 -3.6 963B00 0.8
2.4 2.4 2.8 E98623 0.8
2.4 4.8 -5.2 DB7715 0.8
2.4 4.8 2.8 B75505 0.8
2.4 5.6 -5.2 E7841E 0.8
2.4 6.4 -5.2 DE7E18 0.8
2.4 6.4 2 A84C04 0.8
2.4 7.2 -4.4 D37518 0.8
2.4 8 -2.8 C06210 0.8
2.4 8 0.4 602100 0.8
2.4 11.2 2 652400 0.8
2.4 11.2 9.200001 D67215 0.8
2.4 12 9.200001 E78426 0.8
2.4 12.8 1.2 8C3800 0.8
2.4 13.6 1.2 AA5208 0.8
2.4 13.6 9.200001 EE8A29 0.8
2.4 14.4 8.4 DE720B 0.8
2.4 15.2 1.2 D36F10 0.8
2.4 15.2 7.6 D66E0A 0.8
2.4 16 2 DE7B18 0.8
2.4 16 7.6 CE6708 0.8
2.4 16.8 3.6 DB7B18 0.8
2.4 16.8 2.8 E4851D 0.8
2.4 16.8 5.2 9F4608 0.8
2.4 16.8 6 8E3805 0.8
2.4 16 6.8 8C3400 0.8
2.4 16.8 4.4 B55A0D 0.8
3.2 4.8 -5.2 D06E12 0.8
3.2 3.2 -4.4 AD4E08 0.8
3.2 2.4 -3.6 893402 0.8
3.2 1.6 -2.8 D67118 0.8
3.2 1.6 -2 D8700B 0.8
3.2 0.8 -1.2 DE7510 0.8
3.2 0.8 -0.4000001 EE8928 0.8
3.2 0.8 0.4 F39031 0.8
3.2 1.6 1.2 EF8E2E 0.8
3.2 1.6 2 EF8C2B 0.8
3.2 8.8 6 AA4B08 0.8
3.2 10.4 8.4 C6620A 0.8
3.2 3.2 2.8 E7801E 0.8
3.2 4 -5.2 C66310 0.8
3.2 4 3.6 D06A0A 0.8
3.2 5.6 -5.2 DE8218 0.8
3.2 6.4 -5.2 E4821E 0.8
3.2 7.2 -4.4 DB7718 0.8
3.2 8 -3.6 CB6D15 0.8
3.2 8.8 -2 9F4A08 0.8
3.2 11.2 9.200001 E47F1E 0.8
3.2 12 9.200001 EF8B29 0.8
3.2 12.8 9.200001 EF8C2C 0.8
3.2 13.6 0.4 BD5E10 0.8
3.2 13.6 9.200001 E77E1B 0.8
3.2 14.4 1.2 CB6A10 0.8
3.2 14.4 8.4 DE730D 0.8
3.2 15.2 7.6 D66D08 0.8
3.2 16 2 E4831D 0.8
3.2 16 6.8 B55508 0.8
3.2 16.8 3.6 CE7118 0.8
3.2 16.8 2.8 E48421 0.8
3.2 16.8 4.4 B2570D 0.8
3.2 16.8 5.2 9C4508 0.8
3.2 16 6 8C3804 0.8
4 4 -4.4 AD4F08 0.8
4 2.4 -3.6 8E3802 0.8
4 1.6 -2.8 E78621 0.8
4 1.6 -2 D66D0B 0.8
4 1.6 -1.2 DB720D 0.8
4 0.8 -0.4000001 EC8421 0.8
4 0.8 0.4 F39231 0.8
4 1.6 1.2 F39031 0.8
4 1.6 2 EF8E2E 0.8
4 2.4 2.8 EF8C2C 0.8
4 4.8 3.6 D36B0D 0.8
4 6.4 4.4 B75505 0.8
4 8.8 6.8 B25108 0.8
4 9.6 7.6 C05B08 0.8
4 10.4 8.4 DE7718 0.8
4 3.2 -4.4 9F4502 0.8
4 3.2 3.6 E98623 0.8
4 4.8 -5.2 CE6E10 0.8
4 5.6 -5.2 DE7A18 0.8
4 6.4 -4.4 E48221 0.8
4 7.2 -4.4 DE7E18 0.8
4 8 -4.4 D67616 0.8
4 8.8 -2.8 CB6B10 0.8
4 8.8 -3.6 CE6F18 0.8
4 9.6 8.4 CB6710 0.8
4 11.2 -0.4000001 A54D08 0.8
4 11.2 8.4 EC8726 0.8
4 12 9.200001 EF8C2C 0.8
4 12.8 0.4 BA5B10 0.8
4 12.8 9.200001 EE8928 0.8
4 13.6 8.4 E47A15 0.8
4 14.4 0.4 D67618 0.8
4 14.4 8.4 DA7108 0.8
4 15.2 1.2 DE8021 0.8
4 15.2 7.6 D66E0B 0.8
4 16 2.8 E78821 0.8
4 16 2 E98A23 0.8
4 16 6.8 AF5108 0.8
4 16 6 863100 0.8
4 16.8 3.6 C86B12 0.8
4 16.8 4.4 AF5508 0.8
4 16 5.2 994208 0.8
4.8 4 -4.4 B25308 0.8
4.8 3.2 -3.6 913900 0.8
4.8 1.6 -2.8 E78021 0.8
4.8 1.6 -2 D36B08 0.8
4.8 1.6 -1.2 DB6F08 0.8
4.8 1.6 -0.4000001 E77D18 0.8
4.8 1.6 0.4 EF8F31 0.8
4.8 1.6 1.2 F39231 0.8
4.8 2.4 2 F18E2E 0.8
4.8 2.4 2.8 EF8E2E 0.8
4.8 3.2 3.6 EE8A29 0.8
4.8 5.6 4.4 D36B0D 0.8
4.8 8.8 7.6 D36A0D 0.8
4.8 11.2 8.4 EF8C2C 0.8
4.8 2.4 -2.8 963C00 0.8
4.8 4 3.6 E77D21 0.8
4.8 4.8 -4.4 C36310 0.8
4.8 5.6 -4.4 D07112 0.8
4.8 6.4 -4.4 DE7E1B 0.8
4.8 7.2 -4.4 DE8018 0.8
4.8 8 -3.6 DB7B18 0.8
4.8 9.6 7.6 DE7918 0.8
4.8 10.4 8.4 EC8421 0.8
4.8 12 -0.4000001 C86A12 0.8
4.8 12 8.4 EF8C2B 0.8
4.8 12.8 8.4 E98321 0.8
4.8 13.6 0.4 D67718 0.8
4.8 13.6 8.4 DE730D 0.8
4.8 14.4 7.6 D66E08 0.8
4.8 15.2 2 EC8E29 0.8
4.8 15.2 1.2 E78A23 0.8
4.8 15.2 6.8 DE7918 0.8
4.8 16 2.8 D87C1B 0.8
4.8 16 6 843400 0.8
4.8 16 5.2 8E3802 0.8
4.8 16 3.6 C36610 0.8
4.8 16 4.4 AD5108 0.8
5.6 4 -3.6 A54608 0.8
5.6 3.2 -2.8 8B3404 0.8
5.6 2.4 -2 CE690A 0.8
5.6 2.4 -1.2 D66E08 0.8
5.6 2.4 -0.4000001 DE7510 0.8
5.6 1.6 0.4 EE8929 0.8
5.6 2.4 1.2 F39031 0.8
5.6 2.4 2 F18F31 0.8
5.6 3.2 2.8 F18E2E 0.8
5.6 4 3.6 EF8D2C 0.8
5.6 4.8 4.4 EC8826 0.8
5.6 7.2 6 D36D0D 0.8
5.6 8 6.8 D67110 0.8
5.6 9.6 7.6 E98423 0.8
5.6 4 4.4 EE8A29 0.8
5.6 4.8 -3.6 AA4F08 0.8
5.6 5.6 -4.4 C36512 0.8
5.6 6.4 -4.4 D37215 0.8
5.6 6.4 5.2 D66F10 0.8
5.6 7.2 -3.6 DE7D1B 0.8
5.6 8 -3.6 DE7D1B 0.8
5.6 8.8 -3.6 DE7D18 0.8
5.6 8.8 7.6 E77D18 0.8
5.6 9.6 -2.8 DB7918 0.8
5.6 10.4 -2 D87818 0.8
5.6 10.4 7.6 EF8829 0.8
5.6 11.2 -1.2 D67718 0.8
5.6 11.2 -2 DB7718 0.8
5.6 11.2 8.4 EE8A29 0.8
5.6 12 8.4 EF8826 0.8
5.6 12.8 -0.4000001 DE7E20 0.8
5.6 12.8 7.6 E17612 0.8
5.6 13.6 -0.4000001 E48421 0.8
4.8 13.6 7.6 DE7108 0.8
5.6 13.6 7.6 D86E08 0.8
5.6 14.4 1.2 EA8C28 0.8
5.6 14.4 0.4 E78826 0.8
5.6 14.4 6.8 CE690A 0.8
5.6 15.2 2 DE8421 0.8
5.6 15.2 6 8C3400 0.8
5.6 16 2.8 D07318 0.8
5.6 16 3.6 BA5E0D 0.8
5.6 15.2 4.4 A54908 0.8
5.6 15.2 5.2 8F3802 0.8
6.4 5.6 -3.6 B5570D 0.8
6.4 4.8 -2.8 9C4305 0.8
6.4 3.2 -2 EE8A29 0.8
6.4 3.2 -1.2 D06708 0.8
6.4 3.2 -0.4000001 D9700B 0.8
6.4 2.4 0.4 E77D18 0.8
6.4 2.4 1.2 EF8C2E 0.8
6.4 3.2 2 F18F2E 0.8
6.4 3.2 2.8 EF8E2E 0.8
6.4 4 3.6 EF8D2D 0.8
6.4 4.8 4.4 EE8B29 0.8
6.4 5.6 5.2 EC8826 0.8
6.4 7.2 6 E78321 0.8
6.4 8.8 6.8 EB8624 0.8
6.4 10.4 7.6 EE8928 0.8
5.6 2.4 0.4 E78621 0.8
6.4 4 -2.8 8E3900 0.8
5.6 4 -2.8 963D00 0.8
6.4 6.4 -3.6 C36310 0.8
6.4 6.4 6 E78421 0.8
6.4 7.2 -3.6 CE6F15 0.8
6.4 8 -3.6 DB7B18 0.8
6.4 8 6.8 E98621 0.8
6.4 8.8 -2.8 E17F1B 0.8
6.4 9.6 -2.8 DE7F1B 0.8
6.4 9.6 7.6 EE8928 0.8
6.4 10.4 -2 E17E1B 0.8
6.4 11.2 -2 E18221 0.8
6.4 11.2 7.6 EF8826 0.8
6.4 12 -1.2 FFFFFF 0.8
5.6 12 7.6 E7801E 0.8
6.4 12 7.6 E47E18 0.8
6.4 12.8 -0.4000001 E78A26 0.8
6.4 12.8 6.8 DC720B 0.8
6.4 13.6 0.4 E98F29 0.8
5.6 13.6 6.8 D66E08 0.8
6.4 13.6 6.8 D06708 0.8
6.4 14.4 1.2 DE8220 0.8
6.4 14.4 6 BD5D08 0.8
6.4 14.4 2 D8771B 0.8
6.4 15.2 2.8 C36310 0.8
6.4 15.2 3.6 AF5208 0.8
5.6 15.2 3.6 B55908 0.8
6.4 14.4 4.4 994205 0.8
6.4 14.4 5.2 8E3500 0.8
7.2 5.6 -2.8 A74E08 0.8
7.2 4.8 -2 8E3500 0.8
7.2 4 -1.2 DE7C1D 0.8
7.2 4 -0.4000001 D66F08 0.8
7.2 3.2 0.4 DB730D 0.8
7.2 3.2 1.2 E7801E 0.8
7.2 3.2 2 EF8B29 0.8
7.2 4 2.8 F18E2E 0.8
7.2 4.8 3.6 EF8E2E 0.8
7.2 5.6 4.4 EF8C2C 0.8
7.2 6.4 5.2 EF8B29 0.8
7.2 8 6 EE8B29 0.8
7.2 9.6 6.8 EE8A29 0.8
6.4 3.2 0.4 DE7510 0.8
7.2 4 -2 C86208 0.8
6.4 4 -2 8E3600 0.8
7.2 6.4 -2.8 B2550D 0.8
7.2 7.2 -3.6 BD6310 0.8
7.2 7.2 6 EF8B29 0.8
7.2 8 -2.8 CB6B15 0.8
7.2 8.8 -2.8 DE8631 0.8
7.2 8.8 6.8 EE8A29 0.8
7.2 9.6 -2 DE7D18 0.8
7.2 10.4 -2 DE8021 0.8
7.2 10.4 7.6 EE8828 0.8
7.2 11.2 -1.2 E48421 0.8
7.2 11.2 6.8 E7801E 0.8
7.2 12 -0.4000001 E48421 0.8
6.4 12 6.8 DE7610 0.8
7.2 12 6.8 DE730D 0.8
7.2 12.8 0.4 DE8321 0.8
7.2 12.8 6 D66D08 0.8
7.2 13.6 1.2 D67918 0.8
6.4 13.6 6 D67010 0.8
7.2 13.6 6 EE8929 0.8
7.2 14.4 2 C66910 0.8
7.2 14.4 2.8 B5570D 0.8
7.2 14.4 3.6 A24708 0.8
6.4 14.4 3.6 A74E08 0.8
7.2 13.6 4.4 943C05 0.8
7.2 13.6 5.2 AC4E05 0.8
8 5.6 -2 944102 0.8
8 4.8 -1.2 BD5908 0.8
8 4 -0.4000001 CB660A 0.8
8 4 0.4 D86F0B 0.8
8 4 1.2 DE710A 0.8
8 4.8 2 E7801E 0.8
8 4.8 2.8 EF8B29 0.8
8 5.6 3.6 F18E2E 0.8
8 6.4 4.4 EF8E2E 0.8
8 7.2 5.2 EF8D2C 0.8
8 8.8 6 EF8B29 0.8
8 4 2 E78421 0.8
8 6.4 -2 9F4608 0.8
8 7.2 -2 AA510A 0.8
7.2 7.2 -2.8 B55910 0.8
8 8 -2 B5590D 0.8
8 8 6 EF8C2C 0.8
8 8.8 -2 C66610 0.8
8 9.6 -2 C86A12 0.8
8 9.6 6 EB8624 0.8
8 10.4 -1.2 CE6E18 0.8
7.2 10.4 6.8 E98321 0.8
8 10.4 6 E67D18 0.8
8 11.2 -0.4000001 CE6E18 0.8
8 11.2 6 DE730D 0.8
8 12 0.4 CB6A15 0.8
7.2 12 6 D86E08 0.8
8 12 6 D66E0A 0.8
8 12.8 1.2 C36610 0.8
8 12.8 5.2 E47F1E 0.8
8 12.8 2 AF5608 0.8
8 13.6 2 B5570D 0.8
8 13.6 2.8 A54908 0.8
8 13.6 3.6 943C00 0.8
7.2 13.6 3.6 993F05 0.8
8 13.6 4.4 8C3400 0.8
8.8 8.8 -0.4000001 A74E08 0.8
8.8 5.6 0.4 D87115 0.8
8.8 6.4 1.2 D86E08 0.8
8.8 6.4 2 D8700A 0.8
8.8 6.4 2.8 DE7510 0.8
8.8 7.2 3.6 E77E1B 0.8
8 4.8 -0.4000001 E78221 0.8
8 4.8 0.4 D66E08 0.8
8 4.8 1.2 D9700B 0.8
8 5.6 -1.2 8C3500 0.8
8.8 5.6 -0.4000001 C56108 0.8
8 5.6 1.2 D9700B 0.8
8 5.6 2 DE730D 0.8
8 5.6 2.8 E98321 0.8
8.8 6.4 -0.4000001 883404 0.8
8 6.4 -1.2 943C04 0.8
8.8 6.4 3.6 EF8723 0.8
8.8 7.2 -0.4000001 8C3804 0.8
8 7.2 -1.2 9F4608 0.8
8.8 7.2 4.4 E98321 0.8
8.8 8 -0.4000001 993F05 0.8
8 8 -1.2 AA4F08 0.8
8.8 8 4.4 E47B15 0.8
8 8 5.2 EE8928 0.8
8 8.8 -1.2 AF550D 0.8
8.8 8.8 4.4 DE7510 0.8
8 8.8 5.2 E78321 0.8
8.8 9.6 -0.4000001 AC510B 0.8
8 9.6 -1.2 BA5D10 0.8
8.8 9.6 4.4 DB710B 0.8
8 9.6 5.2 E47B18 0.8
8.8 10.4 -0.4000001 AF5610 0.8
8.8 10.4 4.4 D66D0A 0.8
8 10.4 5.2 DE720A 0.8
8.8 11.2 2 963D02 0.8
8.8 10.4 0.4 AC510B 0.8
8.8 11.2 0.4 B2550D 0.8
8.8 11.2 1.2 A54A08 0.8
8.8 11.2 4.4 CE6508 0.8
8 11.2 5.2 D86F0A 0.8
8 12 1.2 B2570D 0.8
8 12 2 A24708 0.8
8.8 11.2 2.8 883404 0.8
8 12 2.8 913905 0.8
8.8 12 3.6 A44705 0.8
8.8 12 4.4 E98423 0.8
8 12 5.2 CB6508 0.8
8 12.8 2.8 9C4405 0.8
8 12.8 3.6 8C3600 0.8
8 12.8 4.4 B55508 0.8
9.6 8 2 E17D1B 0.8
8.8 6.4 0.4 E78321 0.8
8.8 7.2 0.4 994102 0.8
8.8 7.2 1.2 DB751B 0.8
8.8 7.2 2 D66F0B 0.8
8.8 7.2 2.8 D9700B 0.8
8.8 8 0.4 863100 0.8
9.6 8 1.2 B25308 0.8
8.8 8 2.8 D9700B 0.8
8.8 8 3.6 DA710C 0.8
9.6 8.8 1.2 943B00 0.8
8.8 8.8 0.4 8C3905 0.8
9.6 8.8 2.8 D06A08 0.8
8.8 8.8 3.6 D9700B 0.8
8.8 9.6 0.4 943F08 0.8
8.8 9.6 1.2 843200 0.8
9.6 9.6 2 A24605 0.8
9.6 9.6 2.8 E78221 0.8
8.8 9.6 3.6 D06A08 0.8
8.8 10.4 1.2 963D02 0.8
8.8 10.4 2 893200 0.8
8.8 10.4 2.8 AA4B08 0.8
8.8 10.4 3.6 DB7415 0.8
8.8 11.2 3.6 B75608 0.8
9.6 8.8 2 E98629 0.8
