-8.032501 0.15 2.362501 D9CDC3 0.45
-7.56 0.15 2.362501 D9CDC3 0.45
-7.087501 0.15 2.362501 D9CDC3 0.45
-6.615001 0.15 2.362501 D9CDC3 0.45
-8.032501 0.6224999 1.890001 D9CDC3 0.45
-7.56 0.6224999 2.362501 D9CDC3 0.45
-7.087501 0.6224999 2.362501 D9CDC3 0.45
1.89 0.6224999 1.89 D9CDC3 0.45
2.3625 0.6224999 2.3625 D9CDC3 0.45
2.835001 0.6224999 2.3625 D9CDC3 0.45
-8.032501 1.095 1.890001 D9CDC3 0.45
-7.56 1.095 1.890001 D9CDC3 0.45
1.89 1.095 1.89 D9CDC3 0.45
2.3625 1.095 1.89 D9CDC3 0.45
-8.032501 1.5675 1.890001 D9CDC3 0.45
-7.56 1.5675 1.890001 D9CDC3 0.45
1.89 1.5675 1.89 D9CDC3 0.45
2.3625 1.5675 1.89 D9CDC3 0.45
-8.032501 2.04 1.890001 D9CDC3 0.45
-7.56 2.04 1.890001 D9CDC3 0.45
1.4175 2.04 1.89 D9CDC3 0.45
1.89 2.04 1.89 D9CDC3 0.45
2.3625 2.04 1.89 D9CDC3 0.45
-8.032501 2.5125 1.890001 D9CDC3 0.45
-7.56 2.5125 1.890001 D9CDC3 0.45
1.4175 2.5125 1.89 D9CDC3 0.45
1.89 2.5125 1.89 D9CDC3 0.45
-8.032501 2.985 2.362501 844D36 0.45
-7.56 2.985 2.362501 844D36 0.45
1.4175 2.985 2.3625 D9CDC3 0.45
1.89 2.985 2.3625 D9CDC3 0.45
-8.032501 3.4575 2.362501 844D36 0.45
-7.56 3.4575 2.362501 844D36 0.45
-7.087501 3.4575 2.362501 844D36 0.45
1.4175 3.4575 2.3625 D9CDC3 0.45
1.89 3.4575 2.3625 D9CDC3 0.45
-9.450001 3.93 0.4725008 633929 0.45
-8.977501 3.93 0.4725008 C0B59F 0.45
-8.032501 3.93 2.362501 844D36 0.45
-7.56 3.93 2.362501 844D36 0.45
-7.087501 3.93 2.362501 844D36 0.45
1.4175 3.93 2.3625 D9CDC3 0.45
1.89 3.93 2.3625 D9CDC3 0.45
-9.450001 4.4025 0.4725008 633929 0.45
-8.977501 4.4025 0.4725008 C0B59F 0.45
-8.505 4.4025 0.4725008 C0B59F 0.45
-7.56 4.4025 2.362501 844D36 0.45
-7.087501 4.4025 2.362501 844D36 0.45
-6.615001 4.4025 2.362501 844D36 0.45
1.4175 4.4025 2.3625 D9CDC3 0.45
1.89 4.4025 2.3625 D9CDC3 0.45
-9.450001 4.875 0.9450006 633929 0.45
-8.977501 4.875 0.9450006 C0B59F 0.45
-8.505 4.875 0.9450011 C0B59F 0.45
-7.56 4.875 2.362501 844D36 0.45
-7.087501 4.875 2.362501 844D36 0.45
-6.615001 4.875 2.362501 844D36 0.45
-6.1425 4.875 2.362501 844D36 0.45
0.9450003 4.875 2.3625 D9CDC3 0.45
1.4175 4.875 2.3625 D9CDC3 0.45
1.89 4.875 2.3625 D9CDC3 0.45
-9.450001 5.3475 0.9450006 633929 0.45
-8.977501 5.3475 0.9450006 C0B59F 0.45
-8.505 5.3475 0.9450011 C0B59F 0.45
-7.56 5.3475 2.362501 844D36 0.45
-7.087501 5.3475 2.362501 844D36 0.45
-6.615001 5.3475 2.362501 844D36 0.45
-6.1425 5.3475 2.362501 844D36 0.45
-5.67 5.3475 2.362501 844D36 0.45
0.9450003 5.3475 2.3625 D9CDC3 0.45
1.4175 5.3475 2.3625 D9CDC3 0.45
1.89 5.3475 2.3625 D9CDC3 0.45
2.3625 5.3475 2.3625 D9CDC3 0.45
-9.450001 5.82 0.9450006 633929 0.45
-8.977501 5.82 0.9450006 C0B59F 0.45
-8.505 5.82 0.9450011 C0B59F 0.45
-7.56 5.82 2.362501 844D36 0.45
-7.087501 5.82 2.362501 844D36 0.45
-6.615001 5.82 2.362501 844D36 0.45
-6.1425 5.82 2.362501 844D36 0.45
-5.67 5.82 2.362501 844D36 0.45
-0.9449999 5.82 1.4175 D9CDC3 0.45
-0.4724998 5.82 1.89 D9CDC3 0.45
2.384186E-07 5.82 1.89 D9CDC3 0.45
0.4725003 5.82 1.89 D9CDC3 0.45
0.9450003 5.82 2.3625 844D36 0.45
1.4175 5.82 2.3625 844D36 0.45
1.89 5.82 2.3625 844D36 0.45
2.3625 5.82 2.3625 844D36 0.45
-9.450001 6.2925 0.9450006 633929 0.45
-8.977501 6.2925 0.9450006 C0B59F 0.45
-8.505 6.2925 0.9450011 C0B59F 0.45
-8.032501 6.2925 2.362501 844D36 0.45
-7.56 6.2925 2.362501 844D36 0.45
-7.087501 6.2925 2.362501 844D36 0.45
-6.615001 6.2925 2.362501 844D36 0.45
-6.1425 6.2925 2.362501 844D36 0.45
-5.67 6.2925 2.362501 844D36 0.45
-5.1975 6.2925 2.362501 844D36 0.45
-3.3075 6.2925 1.417501 D9CDC3 0.45
-2.835 6.2925 1.4175 D9CDC3 0.45
-2.3625 6.2925 1.4175 D9CDC3 0.45
-1.89 6.2925 1.4175 D9CDC3 0.45
-1.4175 6.2925 1.4175 D9CDC3 0.45
-0.9449998 6.2925 1.89 D9CDC3 0.45
-0.4724998 6.2925 1.89 D9CDC3 0.45
2.384186E-07 6.2925 1.89 D9CDC3 0.45
0.4725003 6.2925 1.89 D9CDC3 0.45
0.9450003 6.2925 2.3625 844D36 0.45
1.4175 6.2925 2.3625 844D36 0.45
1.89 6.2925 2.3625 844D36 0.45
2.3625 6.2925 2.3625 844D36 0.45
-9.450001 6.765 0.9450006 633929 0.45
-8.977501 6.765 0.9450006 C0B59F 0.45
-8.505 6.765 0.9450011 C0B59F 0.45
-8.032501 6.765 2.362501 844D36 0.45
-7.56 6.765 2.362501 844D36 0.45
-7.087501 6.765 2.362501 844D36 0.45
-6.615001 6.765 2.362501 844D36 0.45
-6.1425 6.765 2.362501 844D36 0.45
-5.67 6.765 2.362501 844D36 0.45
-5.1975 6.765 2.362501 844D36 0.45
-4.725 6.765 2.362501 844D36 0.45
-4.2525 6.765 1.4175 D9CDC3 0.45
-3.78 6.765 1.4175 D9CDC3 0.45
-3.3075 6.765 1.417501 D9CDC3 0.45
-2.835 6.765 1.4175 D9CDC3 0.45
-2.3625 6.765 1.4175 D9CDC3 0.45
-1.89 6.765 1.4175 D9CDC3 0.45
-1.4175 6.765 1.4175 D9CDC3 0.45
-0.9449998 6.765 1.89 D9CDC3 0.45
-0.4724998 6.765 1.89 D9CDC3 0.45
2.384186E-07 6.765 1.89 D9CDC3 0.45
0.4725003 6.765 1.89 D9CDC3 0.45
0.9450003 6.765 2.3625 844D36 0.45
1.4175 6.765 2.3625 844D36 0.45
1.89 6.765 2.3625 844D36 0.45
2.3625 6.765 2.3625 844D36 0.45
2.835001 6.765 2.3625 844D36 0.45
-9.450001 7.2375 0.9450006 633929 0.45
-8.977501 7.2375 0.9450006 C0B59F 0.45
-8.505 7.2375 2.362501 844D36 0.45
-8.032501 7.2375 2.362501 844D36 0.45
-7.56 7.2375 2.362501 844D36 0.45
-7.087501 7.2375 2.362501 844D36 0.45
-6.615001 7.2375 2.362501 844D36 0.45
-6.1425 7.2375 2.362501 844D36 0.45
-5.67 7.2375 2.362501 844D36 0.45
-5.1975 7.2375 2.362501 844D36 0.45
-4.725 7.2375 2.362501 844D36 0.45
-4.2525 7.2375 1.4175 D9CDC3 0.45
-3.78 7.2375 1.4175 D9CDC3 0.45
-3.3075 7.2375 1.417501 D9CDC3 0.45
-2.835 7.2375 1.4175 D9CDC3 0.45
-2.3625 7.2375 1.4175 844D36 0.45
-1.89 7.2375 1.4175 844D36 0.45
-1.4175 7.2375 1.4175 844D36 0.45
-0.9449998 7.2375 1.89 844D36 0.45
-0.4724998 7.2375 1.89 D9CDC3 0.45
2.384186E-07 7.2375 1.89 D9CDC3 0.45
0.4725003 7.2375 1.89 D9CDC3 0.45
0.9450003 7.2375 2.3625 844D36 0.45
1.4175 7.2375 2.3625 844D36 0.45
1.89 7.2375 2.3625 844D36 0.45
2.3625 7.2375 2.3625 844D36 0.45
2.835001 7.2375 2.3625 844D36 0.45
3.307501 7.2375 1.89 D9CDC3 0.45
-9.450001 7.71 0.4725008 633929 0.45
-8.977501 7.71 0.4725008 C0B59F 0.45
-8.505 7.71 2.362501 844D36 0.45
-8.032501 7.71 2.362501 844D36 0.45
-7.56 7.71 2.362501 844D36 0.45
-7.087501 7.71 2.362501 844D36 0.45
-6.615001 7.71 2.362501 844D36 0.45
-6.1425 7.71 2.362501 844D36 0.45
-5.67 7.71 2.362501 844D36 0.45
-5.1975 7.71 2.362501 8E5939 0.45
-4.725 7.71 2.362501 8E5939 0.45
-4.2525 7.71 1.4175 844D36 0.45
-3.78 7.71 1.4175 844D36 0.45
-3.3075 7.71 1.417501 844D36 0.45
-2.835 7.71 1.4175 844D36 0.45
-2.3625 7.71 1.4175 844D36 0.45
-1.89 7.71 1.4175 844D36 0.45
-1.4175 7.71 1.4175 844D36 0.45
-0.9449998 7.71 1.89 844D36 0.45
-0.4724998 7.71 1.89 844D36 0.45
2.384186E-07 7.71 1.89 844D36 0.45
0.4725003 7.71 1.89 844D36 0.45
0.9450003 7.71 2.3625 8E5939 0.45
1.4175 7.71 2.3625 8E5939 0.45
1.89 7.71 2.3625 8E5939 0.45
2.3625 7.71 2.3625 8E5939 0.45
2.835001 7.71 2.3625 844D36 0.45
3.307501 7.71 2.3625 844D36 0.45
3.78 7.71 1.4175 D9CDC3 0.45
-9.450001 8.1825 0.4725008 633929 0.45
-8.977501 8.1825 0.4725008 C0B59F 0.45
-8.505 8.1825 2.362501 844D36 0.45
-8.032501 8.1825 2.362501 844D36 0.45
-7.56 8.1825 2.362501 844D36 0.45
-7.087501 8.1825 2.362501 844D36 0.45
-6.615001 8.1825 2.362501 844D36 0.45
-6.1425 8.1825 2.362501 8E5939 0.45
-5.67 8.1825 1.890001 8E5939 0.45
-5.1975 8.1825 1.890001 8E5939 0.45
-4.725 8.1825 1.4175 844D36 0.45
-4.2525 8.1825 1.4175 844D36 0.45
-3.78 8.1825 1.4175 844D36 0.45
-3.3075 8.1825 1.417501 844D36 0.45
-2.835 8.1825 1.4175 844D36 0.45
-2.3625 8.1825 1.4175 844D36 0.45
-1.89 8.1825 1.4175 844D36 0.45
-1.4175 8.1825 1.89 844D36 0.45
-0.9449998 8.1825 1.89 844D36 0.45
-0.4724998 8.1825 1.89 844D36 0.45
2.384186E-07 8.1825 1.89 844D36 0.45
0.4725003 8.1825 1.89 844D36 0.45
0.9450003 8.1825 1.89 844D36 0.45
1.4175 8.1825 2.3625 8E5939 0.45
1.89 8.1825 2.3625 8E5939 0.45
2.3625 8.1825 2.3625 8E5939 0.45
2.835001 8.1825 2.3625 8E5939 0.45
3.307501 8.1825 2.3625 8E5939 0.45
3.78 8.1825 1.4175 D9CDC3 0.45
-9.450001 8.654999 0.4725008 633929 0.45
-8.977501 8.654999 0.4725008 633929 0.45
-8.505 8.654999 2.362501 844D36 0.45
-8.032501 8.654999 2.362501 844D36 0.45
-7.56 8.654999 2.362501 8E5939 0.45
-7.087501 8.654999 2.362501 8E5939 0.45
-6.615001 8.654999 1.890001 8E5939 0.45
-6.1425 8.654999 1.890001 8E5939 0.45
-5.67 8.654999 1.890001 8E5939 0.45
-5.1975 8.654999 1.890001 8E5939 0.45
-4.725 8.654999 1.4175 844D36 0.45
-4.2525 8.654999 1.4175 844D36 0.45
-3.78 8.654999 1.4175 844D36 0.45
-3.3075 8.654999 1.417501 844D36 0.45
-2.835 8.654999 1.4175 844D36 0.45
-2.3625 8.654999 1.4175 844D36 0.45
-1.89 8.654999 1.4175 844D36 0.45
-1.4175 8.654999 1.89 844D36 0.45
-0.9449998 8.654999 1.89 844D36 0.45
-0.4724998 8.654999 1.89 844D36 0.45
2.384186E-07 8.654999 1.89 844D36 0.45
0.4725003 8.654999 1.89 844D36 0.45
0.9450003 8.654999 1.89 844D36 0.45
1.4175 8.654999 1.89 8E5939 0.45
1.89 8.654999 1.89 8E5939 0.45
2.3625 8.654999 1.89 8E5939 0.45
2.835001 8.654999 2.3625 8E5939 0.45
3.3075 8.654999 1.4175 D9CDC3 0.45
3.78 8.654999 1.4175 D9CDC3 0.45
-8.977501 9.1275 0.4725008 633929 0.45
-8.505 9.1275 2.362501 8E5939 0.45
-8.032501 9.1275 2.362501 8E5939 0.45
-7.56 9.1275 1.890001 8E5939 0.45
-7.087501 9.1275 1.890001 8E5939 0.45
-6.615001 9.1275 1.890001 8E5939 0.45
-6.1425 9.1275 1.890001 8E5939 0.45
-5.67 9.1275 1.890001 8E5939 0.45
-5.1975 9.1275 1.4175 844D36 0.45
-4.725 9.1275 1.4175 844D36 0.45
-4.2525 9.1275 1.4175 844D36 0.45
-3.78 9.1275 1.4175 844D36 0.45
-3.3075 9.1275 1.417501 844D36 0.45
-2.835 9.1275 1.4175 844D36 0.45
-2.3625 9.1275 1.4175 844D36 0.45
-1.89 9.1275 1.4175 844D36 0.45
-1.4175 9.1275 1.89 844D36 0.45
-0.9449998 9.1275 1.89 844D36 0.45
-0.4724998 9.1275 1.89 844D36 0.45
2.384186E-07 9.1275 1.89 844D36 0.45
0.4725003 9.1275 1.89 844D36 0.45
0.9450003 9.1275 1.89 844D36 0.45
1.4175 9.1275 1.89 844D36 0.45
1.89 9.1275 1.89 844D36 0.45
2.3625 9.1275 1.89 844D36 0.45
2.835001 9.1275 1.89 844D36 0.45
3.3075 9.1275 1.4175 844D36 0.45
3.78 9.1275 1.4175 D9CDC3 0.45
4.2525 9.1275 1.4175 D9CDC3 0.45
-8.977501 9.599999 0.4725008 633929 0.45
-8.505 9.599999 0.4725008 C0B59F 0.45
-8.032501 9.599999 1.890001 8E5939 0.45
-7.56 9.599999 1.890001 8E5939 0.45
-7.087501 9.599999 1.890001 8E5939 0.45
-6.615001 9.599999 1.890001 8E5939 0.45
-6.1425 9.599999 1.890001 8E5939 0.45
-5.670001 9.599999 1.4175 844D36 0.45
-5.1975 9.599999 1.4175 844D36 0.45
-4.725 9.599999 1.4175 844D36 0.45
-4.2525 9.599999 1.4175 844D36 0.45
-3.78 9.599999 1.4175 844D36 0.45
-3.3075 9.599999 1.417501 844D36 0.45
-2.835 9.599999 1.4175 844D36 0.45
-2.3625 9.599999 1.4175 844D36 0.45
-1.89 9.599999 1.89 844D36 0.45
-1.4175 9.599999 1.89 844D36 0.45
-0.9449998 9.599999 1.89 844D36 0.45
-0.4724998 9.599999 1.89 844D36 0.45
2.384186E-07 9.599999 1.89 844D36 0.45
0.4725003 9.599999 1.89 844D36 0.45
0.9450003 9.599999 1.89 844D36 0.45
1.4175 9.599999 1.89 844D36 0.45
1.89 9.599999 1.89 844D36 0.45
2.3625 9.599999 1.89 844D36 0.45
2.835001 9.599999 1.4175 844D36 0.45
3.3075 9.599999 1.4175 844D36 0.45
3.78 9.599999 1.4175 D9CDC3 0.45
4.2525 9.599999 1.4175 D9CDC3 0.45
-8.977501 10.0725 0.4725008 633929 0.45
-8.505 10.0725 0.4725008 633929 0.45
-8.032501 10.0725 0.4725008 633929 0.45
-7.56 10.0725 1.417501 844D36 0.45
-7.087501 10.0725 1.417501 844D36 0.45
-6.615001 10.0725 1.417501 844D36 0.45
-6.1425 10.0725 1.417501 844D36 0.45
-5.670001 10.0725 1.4175 844D36 0.45
-5.1975 10.0725 1.4175 844D36 0.45
-4.725 10.0725 1.4175 844D36 0.45
-4.2525 10.0725 1.4175 844D36 0.45
-3.78 10.0725 1.4175 844D36 0.45
-3.3075 10.0725 1.417501 844D36 0.45
-2.835 10.0725 1.4175 844D36 0.45
-2.3625 10.0725 1.4175 844D36 0.45
-1.89 10.0725 1.89 844D36 0.45
-1.4175 10.0725 1.89 844D36 0.45
-0.9449998 10.0725 1.89 844D36 0.45
-0.4724998 10.0725 1.89 844D36 0.45
2.384186E-07 10.0725 1.89 844D36 0.45
0.4725003 10.0725 1.89 844D36 0.45
0.9450003 10.0725 1.89 844D36 0.45
1.4175 10.0725 1.89 844D36 0.45
1.89 10.0725 1.89 844D36 0.45
2.3625 10.0725 1.89 844D36 0.45
2.835001 10.0725 1.4175 844D36 0.45
3.3075 10.0725 1.4175 844D36 0.45
3.78 10.0725 1.4175 844D36 0.45
4.2525 10.0725 1.4175 D9CDC3 0.45
4.725 10.0725 0.9449997 D9CDC3 0.45
-8.032501 10.545 0.4725008 633929 0.45
-7.56 10.545 0.4725008 633929 0.45
-7.087501 10.545 1.417501 844D36 0.45
-6.615001 10.545 1.417501 844D36 0.45
-6.1425 10.545 1.417501 844D36 0.45
-5.670001 10.545 1.4175 844D36 0.45
-5.1975 10.545 1.4175 844D36 0.45
-4.725 10.545 1.4175 844D36 0.45
-4.2525 10.545 1.4175 844D36 0.45
-3.78 10.545 1.4175 844D36 0.45
-3.3075 10.545 1.417501 844D36 0.45
-2.835 10.545 1.4175 844D36 0.45
-2.3625 10.545 1.4175 844D36 0.45
-1.89 10.545 1.89 844D36 0.45
-1.4175 10.545 1.89 844D36 0.45
-0.9449998 10.545 1.89 844D36 0.45
-0.4724998 10.545 1.89 844D36 0.45
2.384186E-07 10.545 1.89 844D36 0.45
0.4725003 10.545 1.89 844D36 0.45
0.9450003 10.545 1.89 844D36 0.45
1.4175 10.545 1.89 844D36 0.45
1.89 10.545 1.89 844D36 0.45
2.3625 10.545 1.4175 844D36 0.45
2.835001 10.545 1.4175 844D36 0.45
3.3075 10.545 1.4175 844D36 0.45
3.78 10.545 1.4175 844D36 0.45
4.2525 10.545 1.4175 D9CDC3 0.45
4.725 10.545 0.9449997 D9CDC3 0.45
5.1975 10.545 0.9449997 D9CDC3 0.45
5.670001 10.545 1.89 844D36 0.45
6.1425 10.545 1.417499 844D36 0.45
-7.56 11.0175 0.4725008 633929 0.45
-1.4175 11.0175 1.89 844D36 0.45
-0.9449998 11.0175 1.89 844D36 0.45
-0.4724998 11.0175 1.89 844D36 0.45
2.384186E-07 11.0175 1.89 844D36 0.45
0.4725003 11.0175 1.89 844D36 0.45
0.9450003 11.0175 1.89 844D36 0.45
1.4175 11.0175 1.89 844D36 0.45
1.89 11.0175 1.89 844D36 0.45
2.3625 11.0175 1.4175 844D36 0.45
2.835001 11.0175 1.4175 844D36 0.45
3.3075 11.0175 1.4175 844D36 0.45
3.78 11.0175 1.4175 844D36 0.45
4.2525 11.0175 0.9449997 D9CDC3 0.45
4.725 11.0175 0.9449997 D9CDC3 0.45
5.1975 11.0175 2.3625 844D36 0.45
5.670001 11.0175 1.89 844D36 0.45
6.1425 11.0175 1.417499 844D36 0.45
6.615001 11.0175 1.4175 844D36 0.45
7.087501 11.0175 0.9449987 764231 0.45
7.56 11.0175 0.4724989 D3C8BD 0.45
8.032501 11.0175 0.4724989 2C2B29 0.45
8.505 11.0175 0.4724989 2C2B29 0.45
8.977501 11.0175 0.4724989 D9CDC3 0.45
1.89 11.49 1.4175 844D36 0.45
2.3625 11.49 1.4175 844D36 0.45
2.835001 11.49 1.4175 844D36 0.45
3.3075 11.49 1.4175 D9CDC3 0.45
3.78 11.49 0.9449997 D9CDC3 0.45
4.2525 11.49 0.9449997 D9CDC3 0.45
4.725 11.49 2.3625 844D36 0.45
5.1975 11.49 2.3625 844D36 0.45
5.670001 11.49 1.89 844D36 0.45
6.142501 11.49 1.889999 844D36 0.45
6.615001 11.49 1.4175 844D36 0.45
7.087501 11.49 0.9449987 764231 0.45
7.56 11.49 0.9449987 764231 0.45
8.032501 11.49 0.9449987 D9CDC3 0.45
8.505 11.49 0.4724989 D9CDC3 0.45
8.977501 11.49 0.4724989 D9CDC3 0.45
9.450001 11.49 0.4724989 D9CDC3 0.45
2.3625 11.9625 1.4175 844D36 0.45
2.835001 11.9625 0.9449999 844D36 0.45
3.3075 11.9625 0.9449997 D9CDC3 0.45
3.78 11.9625 0.9449997 D9CDC3 0.45
4.2525 11.9625 0.9449997 D9CDC3 0.45
4.725 11.9625 1.889999 844D36 0.45
5.1975 11.9625 1.889999 844D36 0.45
5.670001 11.9625 1.89 844D36 0.45
6.142501 11.9625 1.889999 844D36 0.45
6.615001 11.9625 1.4175 844D36 0.45
7.087501 11.9625 1.4175 844D36 0.45
7.56 11.9625 0.9449987 764231 0.45
8.032501 11.9625 0.9449987 D9CDC3 0.45
8.505 11.9625 0.9449987 D9CDC3 0.45
8.977501 11.9625 0.4724989 D9CDC3 0.45
2.835001 12.435 1.4175 D9CDC3 0.45
3.3075 12.435 0.9449997 D9CDC3 0.45
3.78 12.435 0.9449997 D9CDC3 0.45
4.2525 12.435 0.9449997 D9CDC3 0.45
4.725 12.435 1.889999 844D36 0.45
5.1975 12.435 1.889999 844D36 0.45
5.670001 12.435 1.89 844D36 0.45
6.142501 12.435 1.889999 844D36 0.45
6.615001 12.435 1.4175 844D36 0.45
7.087501 12.435 1.4175 844D36 0.45
7.56 12.435 0.9449987 844D36 0.45
8.032501 12.435 0.9449987 764231 0.45
3.3075 12.9075 0.9449997 D9CDC3 0.45
3.78 12.9075 0.9449997 D9CDC3 0.45
4.2525 12.9075 0.9449997 D9CDC3 0.45
4.725 12.9075 1.889999 844D36 0.45
5.1975 12.9075 2.3625 844D36 0.45
5.670001 12.9075 1.89 844D36 0.45
6.142501 12.9075 1.889999 844D36 0.45
6.615001 12.9075 1.4175 844D36 0.45
7.087501 12.9075 1.4175 422C24 0.45
7.56 12.9075 0.9449987 422C24 0.45
4.2525 13.38 1.4175 633929 0.45
4.725 13.38 2.3625 764231 0.45
5.1975 13.38 2.835 844D36 0.45
5.670001 13.38 2.835 844D36 0.45
6.142501 13.38 2.362499 844D36 0.45
6.615001 13.38 1.4175 844D36 0.45
7.087501 13.38 1.4175 844D36 0.45
7.56 13.38 0.9449987 844D36 0.45
4.252501 13.8525 2.3625 764231 0.45
4.725 13.8525 2.3625 844D36 0.45
5.1975 13.8525 2.3625 844D36 0.45
5.670001 13.8525 2.3625 844D36 0.45
6.1425 13.8525 1.417499 844D36 0.45
6.615001 13.8525 1.4175 844D36 0.45
7.087501 13.8525 1.4175 844D36 0.45
4.725 14.325 1.889999 844D36 0.45
5.1975 14.325 1.889999 844D36 0.45
5.670001 14.325 1.89 844D36 0.45
2.835001 6.2925 2.3625 633929 0.45
3.307501 7.2375 2.3625 633929 0.45
5.670001 13.38 2.3625 844D36 0.45
0.4725003 6.2925 2.3625 633929 0.45
0.9450003 6.2925 1.89 D9CDC3 0.45
1.4175 6.2925 1.89 D9CDC3 0.45
1.89 6.2925 1.89 D9CDC3 0.45
2.3625 6.2925 1.4175 D9CDC3 0.45
0.4725003 6.765 2.3625 633929 0.45
0.9450003 6.765 1.89 D9CDC3 0.45
1.4175 6.765 1.89 D9CDC3 0.45
1.89 6.765 1.89 D9CDC3 0.45
2.3625 6.765 1.89 D9CDC3 0.45
2.835001 6.765 1.89 D9CDC3 0.45
0.4725003 7.2375 2.3625 633929 0.45
0.9450003 7.2375 1.89 D9CDC3 0.45
1.4175 7.2375 1.89 D9CDC3 0.45
1.89 7.2375 1.89 D9CDC3 0.45
2.3625 7.2375 1.89 D9CDC3 0.45
2.835001 7.2375 1.89 D9CDC3 0.45
2.3625 7.71 1.89 D9CDC3 0.45
2.835001 7.71 1.89 D9CDC3 0.45
3.307501 7.71 1.89 D9CDC3 0.45
3.78 7.71 2.3625 633929 0.45
4.725 11.0175 2.3625 844D36 0.45
5.1975 12.9075 1.889999 844D36 0.45
5.1975 13.38 1.4175 844D36 0.45
5.670001 13.38 1.4175 844D36 0.45
4.725 13.8525 1.4175 523025 0.45
5.1975 13.8525 1.4175 844D36 0.45
6.142501 13.8525 2.362499 844D36 0.45
-8.505 2.985 1.890001 422C24 0.45
-8.032501 0.15 1.890001 AD9A7B 0.45
-7.56 0.15 1.890001 AD9A7B 0.45
-7.087501 0.15 1.890001 AD9A7B 0.45
-6.615001 0.15 1.890001 AD9A7B 0.45
-6.1425 4.875 1.890001 633929 0.45
-5.67 5.3475 1.890001 422C24 0.45
-5.1975 5.82 1.890001 633929 0.45
-4.725 6.765 1.890001 633929 0.45
0.9450003 4.4025 1.89 CEC3B7 0.45
1.4175 1.5675 1.89 CEC3B7 0.45
1.89 0.15 1.89 AD9A7B 0.45
2.3625 0.15 1.89 AD9A7B 0.45
2.835001 0.15 1.89 AD9A7B 0.45
3.307501 0.15 1.89 AD9A7B 0.45
4.252501 13.8525 1.89 633929 0.45
4.725 11.49 1.889999 633929 0.45
5.1975 10.545 1.889999 633929 0.45
-8.032501 0.15 -0.9449987 D9CDC3 0.45
-7.56 0.15 -0.9449987 D9CDC3 0.45
-7.087501 0.15 -0.9449987 D9CDC3 0.45
-8.032501 0.6224999 -0.9449987 D9CDC3 0.45
-7.56 0.6224999 1.890001 CEC3B7 0.45
-7.56 0.6224999 -0.9449987 D9CDC3 0.45
-7.087501 3.4575 1.890001 633929 0.45
-7.087501 0.6224999 -0.9449987 D9CDC3 0.45
-6.615001 3.93 1.890001 633929 0.45
-6.615001 0.6224999 1.890001 CEC3B7 0.45
1.89 0.6224999 -1.4175 D9CDC3 0.45
2.3625 0.6224999 -0.9450003 D9CDC3 0.45
2.835001 0.6224999 1.89 DED3C6 0.45
2.835 0.6224999 -0.9450003 D9CDC3 0.45
2.3625 0.6224999 1.89 DED3C6 0.45
3.307501 0.6224999 1.89 CEC3B7 0.45
-8.505 1.095 1.890001 CEC3B7 0.45
-8.032501 2.985 1.890001 422C24 0.45
-8.032501 1.095 -0.9449987 D9CDC3 0.45
1.4175 1.095 1.89 CEC3B7 0.45
-7.56 1.095 -0.9449987 D9CDC3 0.45
-7.087501 0.6224999 1.890001 CEC3B7 0.45
1.89 3.4575 1.89 C0B59F 0.45
1.89 1.095 -1.4175 D9CDC3 0.45
2.3625 1.095 -1.4175 D9CDC3 0.45
2.835001 6.2925 1.89 633929 0.45
2.835001 1.095 1.89 CEC3B7 0.45
-8.505 1.5675 1.890001 CEC3B7 0.45
-8.032501 1.5675 -0.9449987 D9CDC3 0.45
-7.56 1.5675 -0.9449987 D9CDC3 0.45
1.89 1.5675 -1.4175 D9CDC3 0.45
2.3625 4.875 1.89 CEC3B7 0.45
2.3625 1.5675 -1.4175 D9CDC3 0.45
-8.505 2.04 1.890001 CEC3B7 0.45
-8.032501 2.04 -0.9449987 D9CDC3 0.45
-7.56 2.04 -0.9449987 D9CDC3 0.45
1.4175 2.985 1.89 C0B59F 0.45
1.4175 2.04 -1.4175 D9CDC3 0.45
1.89 2.04 -1.4175 D9CDC3 0.45
2.3625 2.04 -1.4175 D9CDC3 0.45
-8.505 2.5125 1.890001 CEC3B7 0.45
-8.032501 2.5125 -0.9449987 D9CDC3 0.45
-7.56 2.5125 -0.9449987 D9CDC3 0.45
1.4175 2.5125 -1.4175 D9CDC3 0.45
1.89 2.5125 -1.4175 D9CDC3 0.45
2.3625 2.5125 1.89 CEC3B7 0.45
-8.032501 5.82 1.890001 633929 0.45
-8.032501 2.985 -0.9449987 844D36 0.45
0.9450003 2.985 1.89 CEC3B7 0.45
-7.56 5.3475 1.890001 422C24 0.45
-7.56 2.985 1.890001 CEC3B7 0.45
-7.56 2.985 -0.9449987 844D36 0.45
-7.087501 2.985 1.890001 633929 0.45
1.4175 2.985 -1.4175 D9CDC3 0.45
1.89 2.985 -1.4175 D9CDC3 0.45
2.3625 2.985 1.89 CEC3B7 0.45
-8.505 3.4575 1.890001 633929 0.45
-8.505 6.765 1.890001 633929 0.45
-8.032501 3.4575 1.890001 DED3C6 0.45
-8.032501 3.4575 -0.9449987 844D36 0.45
0.9450003 3.4575 1.89 CEC3B7 0.45
-7.56 3.4575 -0.9449987 844D36 0.45
-7.087501 5.3475 1.890001 422C24 0.45
-7.087501 3.4575 -0.9449987 844D36 0.45
1.4175 5.82 1.89 422C24 0.45
1.4175 3.4575 1.89 DED3C6 0.45
1.4175 3.4575 -0.9450002 D9CDC3 0.45
1.89 5.82 1.89 422C24 0.45
1.89 3.4575 -0.9450003 D9CDC3 0.45
2.3625 3.4575 1.89 CEC3B7 0.45
-8.032501 3.93 1.890001 633929 0.45
-8.032501 3.93 -0.9449987 844D36 0.45
0.9450003 3.93 1.89 CEC3B7 0.45
-7.56 3.93 -0.9449987 844D36 0.45
-7.087501 3.93 -0.9449987 844D36 0.45
1.4175 3.93 -0.9450002 D9CDC3 0.45
1.89 3.93 -0.9450003 D9CDC3 0.45
2.3625 3.93 1.89 CEC3B7 0.45
-8.032501 4.4025 1.890001 633929 0.45
-7.56 4.4025 -0.9449987 844D36 0.45
-7.087501 4.4025 -0.9449987 844D36 0.45
-6.615001 5.3475 1.890001 422C24 0.45
-6.615001 4.4025 -0.9449992 844D36 0.45
-6.1425 4.4025 1.890001 633929 0.45
1.4175 4.4025 -0.9450002 D9CDC3 0.45
1.89 4.4025 -0.9450003 D9CDC3 0.45
2.3625 4.4025 1.89 CEC3B7 0.45
-7.56 4.875 1.890001 633929 0.45
-7.56 4.875 -0.9449987 844D36 0.45
0.9450003 4.875 1.89 CEC3B7 0.45
-7.087501 4.875 -0.9449987 844D36 0.45
-6.615001 4.875 -0.9449992 844D36 0.45
-6.1425 5.3475 1.890001 422C24 0.45
-6.1425 4.875 -0.9449992 844D36 0.45
0.9450003 5.82 1.89 422C24 0.45
0.9449999 4.875 -0.9450002 D9CDC3 0.45
1.4175 4.875 -0.9450002 D9CDC3 0.45
1.89 4.875 -0.9450003 D9CDC3 0.45
-7.56 5.3475 -0.9449987 844D36 0.45
-7.087501 5.3475 -0.9449987 844D36 0.45
0.9450003 5.3475 1.89 CEC3B7 0.45
-6.615001 5.3475 -0.9449992 844D36 0.45
-6.1425 5.3475 -0.9449992 844D36 0.45
-5.670001 5.3475 -0.9449997 844D36 0.45
0.9449999 5.3475 -0.9450002 D9CDC3 0.45
1.4175 5.3475 -0.9450002 D9CDC3 0.45
1.89 5.3475 -0.9450003 D9CDC3 0.45
2.3625 5.82 1.89 422C24 0.45
2.3625 5.3475 -0.9450003 D9CDC3 0.45
2.3625 5.3475 1.89 CEC3B7 0.45
-7.56 5.82 -0.9449987 844D36 0.45
-7.087501 5.82 -0.9449987 844D36 0.45
-6.615001 5.82 -0.9449992 844D36 0.45
-6.1425 5.82 -0.9449992 844D36 0.45
-5.670001 5.82 -0.9449997 844D36 0.45
0.9450002 5.82 1.4175 D9CDC3 0.45
1.4175 5.82 1.4175 D9CDC3 0.45
1.89 5.82 1.4175 D9CDC3 0.45
2.3625 5.82 1.4175 D9CDC3 0.45
-8.032501 6.2925 1.890001 633929 0.45
-8.032501 6.2925 -0.9449987 844D36 0.45
-7.56 6.2925 -0.9449987 844D36 0.45
-7.087501 6.2925 -0.9449987 844D36 0.45
-6.615001 6.2925 -0.9449992 844D36 0.45
-6.1425 6.2925 -0.9449992 844D36 0.45
-5.670001 6.2925 -0.9449997 844D36 0.45
-5.1975 6.2925 -0.9449997 844D36 0.45
-4.725 6.2925 1.890001 633929 0.45
-8.032501 6.765 -0.9449987 844D36 0.45
-7.56 6.765 -0.9449987 844D36 0.45
-7.087501 6.765 -0.9449987 844D36 0.45
-6.615001 6.765 -0.9449992 844D36 0.45
-6.1425 6.765 -0.9449992 844D36 0.45
-5.670001 6.765 1.4175 844D36 0.45
-5.1975 6.765 1.4175 844D36 0.45
-4.725 6.765 1.4175 D9CDC3 0.45
-8.505 7.2375 1.890001 633929 0.45
-8.505 7.2375 0.9450011 C0B59F 0.45
-8.032501 7.2375 -0.9449987 844D36 0.45
-7.56 7.2375 1.417501 844D36 0.45
-7.087501 7.2375 1.417501 844D36 0.45
-6.615001 7.2375 1.417501 844D36 0.45
-6.1425 7.2375 1.417501 844D36 0.45
-5.670001 7.2375 1.4175 844D36 0.45
-5.1975 7.2375 1.4175 844D36 0.45
-4.725 7.2375 1.4175 D9CDC3 0.45
-4.2525 7.2375 1.890001 633929 0.45
-8.505 7.71 1.890001 633929 0.45
-8.505 7.71 0.4725008 C0B59F 0.45
0.9450003 7.71 1.89 844D36 0.45
-8.032501 7.71 1.417501 844D36 0.45
-7.56 7.71 1.417501 844D36 0.45
-7.087501 7.71 1.417501 844D36 0.45
-6.615001 7.71 1.417501 844D36 0.45
-6.1425 7.71 1.417501 844D36 0.45
-5.670001 7.71 1.4175 844D36 0.45
-5.1975 7.71 1.4175 844D36 0.45
-4.725 7.71 1.4175 844D36 0.45
-4.725 7.71 1.890001 844D36 0.45
1.4175 7.71 1.89 D9CDC3 0.45
1.89 7.71 1.89 D9CDC3 0.45
3.78 7.71 1.89 633929 0.45
-8.505 8.1825 1.890001 633929 0.45
-8.505 8.1825 0.4725008 C0B59F 0.45
-8.032501 8.1825 1.417501 844D36 0.45
-7.56 8.1825 1.417501 844D36 0.45
-7.087501 8.1825 1.417501 844D36 0.45
-6.615001 8.1825 1.417501 844D36 0.45
-6.1425 8.1825 1.417501 844D36 0.45
-5.670001 8.1825 1.4175 844D36 0.45
-5.1975 8.1825 1.4175 844D36 0.45
-4.725 8.1825 1.890001 844D36 0.45
1.4175 8.1825 1.89 844D36 0.45
1.89 8.1825 1.89 844D36 0.45
2.3625 8.1825 1.89 844D36 0.45
2.835001 8.1825 1.89 D9CDC3 0.45
3.307501 8.1825 1.89 D9CDC3 0.45
-8.505 8.654999 1.890001 633929 0.45
-8.505 8.654999 0.4725008 C0B59F 0.45
-8.032501 8.654999 1.417501 844D36 0.45
-7.56 8.654999 1.417501 844D36 0.45
-7.087501 8.654999 1.417501 844D36 0.45
-6.615001 8.654999 1.417501 844D36 0.45
-6.1425 8.654999 1.417501 844D36 0.45
-5.670001 8.654999 1.4175 844D36 0.45
-5.1975 8.654999 1.4175 844D36 0.45
2.835001 8.654999 1.89 844D36 0.45
3.307501 8.654999 1.89 844D36 0.45
-8.505 9.1275 1.890001 844D36 0.45
-8.505 9.1275 0.4725008 C0B59F 0.45
-8.032501 9.1275 1.417501 844D36 0.45
-7.56 9.1275 1.417501 844D36 0.45
-7.087501 9.1275 1.417501 844D36 0.45
-6.615001 9.1275 1.417501 844D36 0.45
-6.1425 9.1275 1.417501 844D36 0.45
-5.670001 9.1275 1.4175 844D36 0.45
-5.1975 9.1275 1.890001 844D36 0.45
-8.032501 9.599999 1.417501 844D36 0.45
-7.56 9.599999 1.417501 844D36 0.45
4.725 11.0175 1.889999 633929 0.45
5.1975 13.8525 1.889999 523025 0.45
5.1975 11.0175 0.9449997 D9CDC3 0.45
5.670001 13.8525 1.89 633929 0.45
5.670001 11.0175 0.9449997 D9CDC3 0.45
4.725 11.49 0.9449997 D9CDC3 0.45
5.1975 11.49 0.9449997 D9CDC3 0.45
5.670001 11.49 0.9449997 D9CDC3 0.45
4.725 13.8525 1.889999 523025 0.45
4.725 11.9625 0.9449997 D9CDC3 0.45
5.1975 11.9625 0.9449997 D9CDC3 0.45
5.1975 12.435 0.9449997 D9CDC3 0.45
4.725 13.38 1.4175 844D36 0.45
5.1975 13.38 2.3625 633929 0.45
5.670001 13.38 1.89 633929 0.45
6.142501 13.38 1.889999 764231 0.45
4.2525 13.8525 -1.890001 764231 0.45
5.670001 13.8525 1.4175 844D36 0.45
6.142501 13.8525 1.889999 764231 0.45
4.252501 14.325 1.89 8E5939 0.45
4.725 14.325 -0.9450006 8E5939 0.45
5.1975 14.325 -0.9450006 764231 0.45
5.670001 14.325 -1.4175 633929 0.45
6.142501 14.325 1.889999 764231 0.45
-8.505 2.985 1.417501 422C24 0.45
-8.032501 0.15 1.417501 AD9A7B 0.45
-7.56 0.15 1.417501 AD9A7B 0.45
-7.087501 0.15 1.417501 AD9A7B 0.45
-6.615001 0.15 1.417501 AD9A7B 0.45
-6.1425 4.875 1.417501 633929 0.45
-5.670001 5.3475 1.4175 422C24 0.45
-5.1975 5.82 1.4175 633929 0.45
-1.89 5.82 1.4175 C0B59F 0.45
-1.4175 5.82 1.4175 C0B59F 0.45
-0.4724999 5.82 1.4175 C0B59F 0.45
1.192093E-07 5.82 1.4175 C0B59F 0.45
0.4725001 5.82 1.4175 C0B59F 0.45
0.9450002 4.4025 1.4175 CEC3B7 0.45
1.4175 1.5675 1.4175 CEC3B7 0.45
1.89 0.15 1.4175 AD9A7B 0.45
2.3625 0.15 1.4175 AD9A7B 0.45
2.835001 0.15 1.4175 AD9A7B 0.45
3.3075 0.15 1.4175 AD9A7B 0.45
3.78 7.2375 1.4175 CEC3B7 0.45
4.2525 13.8525 1.4175 764231 0.45
4.725 11.49 1.4175 633929 0.45
5.1975 10.545 1.4175 633929 0.45
5.670001 10.545 1.4175 CEC3B7 0.45
-8.032501 0.6224999 1.417501 CEC3B7 0.45
-8.032501 1.095 1.417501 C0B59F 0.45
-7.56 0.6224999 1.417501 CEC3B7 0.45
-7.56 1.095 1.417501 C0B59F 0.45
1.89 0.6224999 1.4175 CEC3B7 0.45
-7.087501 3.4575 1.417501 633929 0.45
-6.615001 3.93 1.417501 633929 0.45
-6.615001 0.6224999 1.417501 CEC3B7 0.45
1.89 1.095 1.4175 C0B59F 0.45
2.3625 1.095 1.4175 C0B59F 0.45
2.835001 0.6224999 1.4175 DED3C6 0.45
2.3625 0.6224999 1.4175 DED3C6 0.45
3.3075 6.765 1.4175 CEC3B7 0.45
3.3075 0.6224999 1.4175 CEC3B7 0.45
-8.505 1.095 1.417501 CEC3B7 0.45
-8.032501 2.985 1.417501 422C24 0.45
1.4175 1.095 1.4175 CEC3B7 0.45
-7.087501 0.6224999 1.417501 CEC3B7 0.45
1.89 3.4575 1.4175 C0B59F 0.45
2.835001 6.2925 1.4175 CEC3B7 0.45
2.835001 1.095 1.4175 CEC3B7 0.45
-8.505 1.5675 1.417501 CEC3B7 0.45
-8.032501 1.5675 1.417501 DED3C6 0.45
-7.56 2.5125 1.417501 422C24 0.45
-7.56 1.5675 1.417501 CEC3B7 0.45
1.89 1.5675 1.4175 DED3C6 0.45
2.3625 4.875 1.4175 CEC3B7 0.45
2.3625 1.5675 1.4175 CEC3B7 0.45
-8.505 2.04 1.417501 CEC3B7 0.45
1.4175 2.04 1.4175 CEC3B7 0.45
-7.56 2.04 1.417501 CEC3B7 0.45
1.4175 2.985 1.4175 C0B59F 0.45
2.3625 2.04 1.4175 CEC3B7 0.45
-8.505 2.5125 1.417501 CEC3B7 0.45
1.4175 2.5125 1.4175 CEC3B7 0.45
2.3625 2.5125 1.4175 CEC3B7 0.45
-8.032501 5.82 1.417501 633929 0.45
0.9450002 2.985 1.4175 CEC3B7 0.45
-7.56 5.3475 1.417501 422C24 0.45
-7.56 2.985 1.417501 CEC3B7 0.45
-7.087501 2.985 1.417501 633929 0.45
2.3625 2.985 1.4175 CEC3B7 0.45
-8.505 3.4575 1.417501 633929 0.45
-8.505 6.765 1.417501 633929 0.45
-8.032501 3.4575 1.417501 DED3C6 0.45
0.9450002 3.4575 1.4175 CEC3B7 0.45
-7.087501 5.3475 1.417501 422C24 0.45
1.4175 3.4575 1.4175 DED3C6 0.45
2.3625 3.4575 1.4175 CEC3B7 0.45
-8.032501 3.93 1.417501 633929 0.45
0.9450002 3.93 1.4175 CEC3B7 0.45
2.3625 3.93 1.4175 CEC3B7 0.45
-8.032501 4.4025 1.417501 633929 0.45
-6.615001 5.3475 1.417501 422C24 0.45
-6.1425 4.4025 1.417501 633929 0.45
2.3625 4.4025 1.4175 CEC3B7 0.45
-7.56 4.875 1.417501 633929 0.45
0.9450002 4.875 1.4175 CEC3B7 0.45
-6.1425 5.3475 1.417501 422C24 0.45
0.9450002 5.3475 1.4175 CEC3B7 0.45
-6.615001 6.765 1.417501 633929 0.45
-6.1425 6.765 1.417501 633929 0.45
2.3625 5.3475 1.4175 CEC3B7 0.45
-0.9449999 6.2925 1.4175 CEC3B7 0.45
0.9449999 5.82 -0.9450002 D9CDC3 0.45
1.4175 10.545 1.4175 844D36 0.45
1.4175 5.82 -0.9450002 D9CDC3 0.45
1.89 9.599999 1.4175 844D36 0.45
1.89 5.82 -0.9450003 D9CDC3 0.45
2.3625 8.654999 1.4175 844D36 0.45
2.3625 5.82 -0.9450003 D9CDC3 0.45
-8.032501 6.2925 1.417501 633929 0.45
-8.032501 7.2375 1.417501 633929 0.45
-4.725 6.2925 1.4175 633929 0.45
-1.89 9.599999 1.4175 764231 0.45
0.4725001 6.2925 1.4175 633929 0.45
-0.4724999 6.2925 1.4175 D9CDC3 0.45
0.9449999 6.2925 -0.9450002 844D36 0.45
1.4175 6.2925 1.4175 D9CDC3 0.45
1.4175 6.2925 -0.9450002 844D36 0.45
1.89 6.2925 1.4175 D9CDC3 0.45
1.89 6.2925 -0.9450003 844D36 0.45
2.3625 6.2925 -0.9450003 844D36 0.45
-5.670001 6.765 -0.9449997 844D36 0.45
-0.9449999 6.765 1.4175 CEC3B7 0.45
0.4725001 6.765 1.4175 633929 0.45
-0.4724999 6.765 1.4175 D9CDC3 0.45
0.9449999 6.765 -0.9450002 844D36 0.45
1.4175 6.765 -0.9450002 844D36 0.45
1.89 6.765 -0.9450003 844D36 0.45
2.3625 6.765 -0.9450003 844D36 0.45
2.835001 7.71 1.4175 D9CDC3 0.45
2.835 6.765 -0.9450003 844D36 0.45
-8.505 7.2375 1.417501 633929 0.45
-7.56 7.2375 -0.9449987 844D36 0.45
-7.087501 7.2375 -0.9449987 844D36 0.45
-6.615001 7.2375 -0.9449992 844D36 0.45
-6.1425 7.2375 -0.9449992 844D36 0.45
-5.670001 7.2375 0.9450006 D9CDC3 0.45
0.4725001 7.2375 1.4175 633929 0.45
-0.9449999 7.2375 1.4175 844D36 0.45
0.9449999 7.2375 -0.9450002 844D36 0.45
3.3075 7.2375 1.4175 D9CDC3 0.45
1.4175 7.2375 -0.9450002 844D36 0.45
1.89 7.2375 -0.9450003 844D36 0.45
2.3625 7.2375 -0.9450003 844D36 0.45
2.835 7.2375 -0.9450003 844D36 0.45
-8.505 7.71 1.417501 633929 0.45
-8.032501 7.71 -0.9449987 844D36 0.45
-7.56 7.71 -0.9449987 844D36 0.45
-7.087501 7.71 -0.9449987 844D36 0.45
-6.615001 7.71 -0.9449992 844D36 0.45
-6.1425 7.71 -0.9449992 844D36 0.45
-5.670001 7.71 0.9450006 D9CDC3 0.45
-0.9449999 7.71 1.4175 844D36 0.45
0.9450002 7.71 1.4175 844D36 0.45
0.9449999 7.71 -0.9450002 844D36 0.45
1.4175 7.71 -0.9450002 844D36 0.45
1.89 7.71 -0.9450003 844D36 0.45
2.3625 7.71 -0.9450003 844D36 0.45
3.3075 7.71 -0.9450006 844D36 0.45
-8.505 8.1825 1.417501 633929 0.45
-8.032501 8.1825 -0.9449987 844D36 0.45
-7.56 8.1825 -0.9449987 844D36 0.45
-7.087501 8.1825 -0.9449987 844D36 0.45
-6.615001 8.1825 -0.9449992 844D36 0.45
-6.1425 8.1825 -0.9449992 844D36 0.45
-5.670001 8.1825 0.9450006 844D36 0.45
-1.4175 8.1825 1.4175 764231 0.45
0.9450002 8.1825 1.4175 844D36 0.45
-0.9449999 8.1825 1.4175 844D36 0.45
1.4175 8.1825 -0.9450002 844D36 0.45
2.835001 8.1825 1.4175 D9CDC3 0.45
1.89 8.1825 -0.9450003 844D36 0.45
2.3625 8.1825 -0.9450003 844D36 0.45
2.835 8.1825 -0.9450003 844D36 0.45
3.3075 8.1825 1.4175 CEC3B7 0.45
3.3075 8.1825 -0.9450006 844D36 0.45
-8.505 8.654999 1.417501 633929 0.45
-8.032501 8.654999 -0.9449987 844D36 0.45
-7.56 8.654999 -0.9449987 844D36 0.45
-7.087501 8.654999 -0.9449987 844D36 0.45
-6.615001 8.654999 -0.9449992 844D36 0.45
-6.1425 8.654999 -0.9449992 844D36 0.45
-5.670001 8.654999 0.9450006 844D36 0.45
-1.4175 8.654999 1.4175 764231 0.45
1.4175 8.654999 1.4175 844D36 0.45
1.4175 8.654999 -0.9450002 844D36 0.45
1.89 8.654999 -0.9450003 844D36 0.45
2.3625 8.654999 -0.9450003 844D36 0.45
2.835 8.654999 -0.9450003 844D36 0.45
4.2525 8.654999 1.4175 CEC3B7 0.45
-8.505 9.1275 1.417501 844D36 0.45
-8.032501 9.1275 -0.9449987 844D36 0.45
-7.56 9.1275 -0.9449987 844D36 0.45
-7.087501 9.1275 -0.9449987 844D36 0.45
-6.615001 9.1275 -0.9449992 844D36 0.45
-6.1425 9.1275 -0.9449992 844D36 0.45
-5.670001 9.1275 0.9450006 844D36 0.45
1.89 9.1275 1.4175 844D36 0.45
-1.4175 9.1275 1.4175 844D36 0.45
1.4175 9.1275 1.4175 966242 0.45
2.3625 9.1275 1.4175 966242 0.45
2.835001 9.1275 1.4175 764231 0.45
-8.032501 9.599999 -0.9449987 844D36 0.45
-7.56 9.599999 -0.9449987 844D36 0.45
-7.087501 9.599999 -0.9449987 844D36 0.45
-6.615001 9.599999 -0.9449992 844D36 0.45
-6.1425 9.599999 -0.9449992 844D36 0.45
-5.670001 9.599999 0.9450006 844D36 0.45
-6.1425 9.599999 1.417501 8E5939 0.45
-1.4175 9.599999 1.4175 844D36 0.45
2.3625 9.599999 1.4175 764231 0.45
-8.032501 10.0725 1.417501 8E5939 0.45
-7.56 10.0725 0.4725008 C0B59F 0.45
-7.087501 9.599999 1.417501 8E5939 0.45
-6.615001 9.599999 1.417501 8E5939 0.45
-5.670001 10.0725 0.9450006 844D36 0.45
-1.89 10.0725 1.4175 764231 0.45
1.4175 10.0725 1.4175 844D36 0.45
2.3625 10.0725 1.4175 764231 0.45
-7.56 10.545 1.417501 8E5939 0.45
-7.087501 10.545 0.4725008 633929 0.45
-1.89 10.545 1.4175 844D36 0.45
1.89 10.545 1.4175 764231 0.45
-1.4175 11.0175 1.4175 966242 0.45
-6.615001 11.0175 1.417501 966242 0.45
-6.1425 11.0175 1.417501 966242 0.45
-5.670001 11.0175 1.4175 966242 0.45
-5.1975 11.0175 1.4175 966242 0.45
-1.89 11.0175 1.4175 966242 0.45
1.4175 11.0175 1.4175 844D36 0.45
4.725 11.0175 1.4175 633929 0.45
1.89 11.0175 1.4175 764231 0.45
5.1975 14.325 1.4175 523025 0.45
1.4175 11.49 1.4175 8E5939 0.45
-0.9449999 11.0175 1.4175 966242 0.45
-0.4724999 11.0175 1.4175 966242 0.45
1.192093E-07 11.0175 1.4175 966242 0.45
0.4725001 11.49 1.4175 966242 0.45
0.9450002 11.49 1.4175 966242 0.45
1.89 11.9625 1.4175 8E5939 0.45
4.725 11.9625 1.4175 633929 0.45
6.615001 11.9625 -1.417501 844D36 0.45
4.725 12.435 1.4175 633929 0.45
4.725 12.435 0.9449997 D9CDC3 0.45
4.2525 12.9075 1.4175 633929 0.45
4.725 12.9075 0.9449997 D9CDC3 0.45
5.1975 12.9075 -2.362501 633929 0.45
4.725 13.38 -2.362501 633929 0.45
5.1975 13.38 -2.362501 633929 0.45
5.67 13.38 -1.890001 633929 0.45
6.1425 13.38 -1.890001 764231 0.45
5.67 13.8525 -1.890001 633929 0.45
4.725 14.325 1.4175 8E5939 0.45
4.2525 14.325 1.4175 8E5939 0.45
5.670001 14.325 1.4175 9C6D45 0.45
6.1425 14.325 1.417499 9C6D45 0.45
6.615001 14.325 1.4175 9C6D45 0.45
5.1975 14.7975 1.4175 844D36 0.45
5.670001 14.7975 1.4175 764231 0.45
-8.032501 3.93 0.9450011 844D36 0.45
-7.56 3.93 0.9450011 844D36 0.45
-7.087501 3.4575 0.9450011 844D36 0.45
-6.615001 0.15 0.9450011 AD9A7B 0.45
-6.1425 4.875 0.9450011 633929 0.45
-5.670001 5.3475 0.9450006 422C24 0.45
-5.1975 5.82 0.9450006 633929 0.45
-4.725 6.765 0.9450006 C0B59F 0.45
-4.2525 6.2925 0.9450006 C0B59F 0.45
-3.78 6.2925 0.9450006 C0B59F 0.45
-3.3075 6.2925 0.9450006 C0B59F 0.45
-2.835 6.2925 0.9450003 C0B59F 0.45
-2.3625 6.2925 0.9450003 C0B59F 0.45
-1.89 5.82 0.9450003 C0B59F 0.45
-1.4175 5.82 0.9450002 C0B59F 0.45
-0.9449999 5.82 0.9450002 C0B59F 0.45
-0.4724999 5.82 0.9450001 C0B59F 0.45
1.192093E-07 5.82 0.9450001 C0B59F 0.45
0.4725001 5.82 0.945 C0B59F 0.45
0.9450002 5.82 0.9449999 C0B59F 0.45
1.4175 5.82 0.9450001 C0B59F 0.45
1.89 5.82 0.9449999 C0B59F 0.45
2.3625 5.82 0.9449997 CEC3B7 0.45
2.835001 6.2925 0.9449999 CEC3B7 0.45
3.3075 6.765 0.9449997 CEC3B7 0.45
3.78 7.2375 0.9449997 CEC3B7 0.45
4.2525 9.1275 0.9449997 CEC3B7 0.45
5.670001 10.545 0.9449997 CEC3B7 0.45
6.1425 10.545 0.9449992 CEC3B7 0.45
6.615001 11.0175 0.9449992 CEC3B7 0.45
-7.087501 0.15 0.9450011 D9CDC3 0.45
-8.032501 0.15 0.9450011 D9CDC3 0.45
-7.56 0.15 0.9450011 D9CDC3 0.45
-8.032501 0.6224999 0.9450011 D9CDC3 0.45
-7.56 0.6224999 0.9450011 D9CDC3 0.45
-7.087501 0.6224999 0.9450011 D9CDC3 0.45
-6.615001 3.93 0.9450011 633929 0.45
2.3625 0.6224999 0.9449997 D9CDC3 0.45
2.835001 0.6224999 0.9449999 D9CDC3 0.45
-8.032501 1.095 0.9450011 D9CDC3 0.45
-7.56 1.095 0.9450011 D9CDC3 0.45
-8.032501 1.5675 0.9450011 D9CDC3 0.45
-7.56 1.5675 0.9450011 D9CDC3 0.45
-8.032501 2.04 0.9450011 D9CDC3 0.45
-7.56 2.04 0.9450011 D9CDC3 0.45
1.89 2.04 1.4175 D9CDC3 0.45
-8.032501 2.5125 0.9450011 D9CDC3 0.45
-7.56 2.5125 0.9450011 D9CDC3 0.45
1.89 2.5125 1.4175 D9CDC3 0.45
-8.032501 2.985 0.9450011 844D36 0.45
-7.56 2.985 0.9450011 844D36 0.45
1.89 2.985 1.4175 D9CDC3 0.45
-8.032501 3.4575 0.9450011 844D36 0.45
-7.56 3.4575 0.9450011 844D36 0.45
1.4175 3.4575 0.9450001 D9CDC3 0.45
1.89 3.4575 0.9449999 D9CDC3 0.45
-7.56 5.3475 0.9450011 422C24 0.45
-7.087501 5.3475 0.9450011 422C24 0.45
1.4175 3.93 0.9450001 D9CDC3 0.45
1.89 3.93 0.9449999 D9CDC3 0.45
-8.032501 4.4025 0.9450011 633929 0.45
-8.032501 5.82 0.9450011 633929 0.45
-6.615001 5.3475 0.9450011 422C24 0.45
-6.1425 4.4025 0.9450011 633929 0.45
1.4175 4.4025 0.9450001 D9CDC3 0.45
1.89 4.4025 0.9449999 D9CDC3 0.45
-7.56 4.875 0.9450011 633929 0.45
-6.1425 5.3475 0.9450011 422C24 0.45
0.9450002 4.875 0.9449999 D9CDC3 0.45
1.4175 4.875 0.9450001 D9CDC3 0.45
1.89 4.875 0.9449999 D9CDC3 0.45
-7.56 7.2375 0.9450011 633929 0.45
-7.087501 7.2375 0.9450011 633929 0.45
-6.615001 6.765 0.9450011 633929 0.45
-6.1425 6.765 0.9450011 633929 0.45
-5.670001 6.765 0.9450006 633929 0.45
0.9450002 5.3475 0.9449999 D9CDC3 0.45
1.4175 5.3475 0.9450001 D9CDC3 0.45
1.89 5.3475 0.9449999 D9CDC3 0.45
2.3625 5.3475 0.9449997 D9CDC3 0.45
-0.9449999 6.2925 0.9450002 CEC3B7 0.45
0.9450002 7.2375 0.9449999 844D36 0.45
1.4175 7.2375 0.9450001 844D36 0.45
1.89 7.2375 0.9449999 844D36 0.45
2.3625 7.2375 0.9449997 844D36 0.45
-8.032501 6.2925 0.9450011 633929 0.45
-8.032501 7.2375 0.9450011 633929 0.45
-5.1975 6.765 0.9450006 633929 0.45
-4.725 6.2925 0.9450006 633929 0.45
-1.89 9.599999 0.9450003 764231 0.45
-1.4175 7.71 0.9450002 764231 0.45
-0.4724999 6.2925 0.9450001 D9CDC3 0.45
0.9450002 6.2925 0.9449999 844D36 0.45
1.4175 6.2925 0.9450001 844D36 0.45
1.89 6.2925 0.9449999 844D36 0.45
2.3625 6.2925 0.9449997 844D36 0.45
-5.1975 6.765 -0.9449997 844D36 0.45
-0.9449999 6.765 0.9450002 CEC3B7 0.45
-4.725 6.765 -0.9449997 844D36 0.45
-0.4724999 6.765 0.9450001 D9CDC3 0.45
0.9450002 6.765 0.9449999 844D36 0.45
1.4175 6.765 0.9450001 844D36 0.45
1.89 6.765 0.9449999 844D36 0.45
2.3625 6.765 0.9449997 844D36 0.45
2.835001 7.2375 0.9449999 844D36 0.45
2.835001 6.765 0.9449999 844D36 0.45
-5.670001 7.2375 -0.9449997 844D36 0.45
-1.4175 7.2375 0.9450002 764231 0.45
-5.1975 7.2375 -0.9449997 844D36 0.45
-4.725 7.2375 -0.9449997 844D36 0.45
-5.1975 7.2375 0.9450006 844D36 0.45
-4.2525 7.2375 0.9450006 633929 0.45
0.4725001 7.2375 0.945 633929 0.45
-0.4724999 7.2375 0.9450001 D9CDC3 0.45
1.4175 10.545 0.9450001 844D36 0.45
3.3075 7.71 0.9449997 844D36 0.45
-8.505 7.71 0.9450011 633929 0.45
-5.670001 7.71 -0.9449997 844D36 0.45
-5.1975 7.71 -0.9449997 844D36 0.45
-4.725 7.71 -0.9449997 844D36 0.45
-5.1975 7.71 0.9450006 844D36 0.45
-4.725 7.71 0.9450006 844D36 0.45
0.9450002 7.71 0.9449999 844D36 0.45
-0.9449999 7.71 0.9450002 844D36 0.45
2.835001 7.71 0.9449999 D9CDC3 0.45
1.89 9.599999 0.9449999 844D36 0.45
2.3625 8.654999 0.9449997 844D36 0.45
2.835 7.71 -0.9450003 844D36 0.45
3.3075 11.0175 0.9449997 CEC3B7 0.45
3.78 10.545 0.9449997 CEC3B7 0.45
3.78 7.71 0.9449997 633929 0.45
-8.505 8.1825 0.9450011 633929 0.45
-5.670001 8.1825 -0.9449997 844D36 0.45
-1.4175 8.1825 0.9450002 764231 0.45
-5.1975 8.1825 -0.9449997 844D36 0.45
-4.725 8.1825 0.9450006 844D36 0.45
0.9450002 8.1825 0.9449999 844D36 0.45
-0.9449999 8.1825 0.9450002 844D36 0.45
2.3625 8.1825 0.9449997 D9CDC3 0.45
3.3075 8.1825 0.9449997 CEC3B7 0.45
3.78 8.1825 0.9449997 CEC3B7 0.45
-8.505 8.654999 0.9450011 633929 0.45
-5.670001 8.654999 -0.9449997 844D36 0.45
-1.4175 8.654999 0.9450002 764231 0.45
-5.1975 8.654999 -0.9449997 844D36 0.45
-5.1975 8.654999 0.9450006 844D36 0.45
1.4175 8.654999 0.9450001 844D36 0.45
-0.9449999 8.654999 0.9450002 844D36 0.45
3.3075 8.654999 0.9449997 844D36 0.45
4.2525 8.654999 0.9449997 CEC3B7 0.45
-8.505 9.1275 0.9450011 844D36 0.45
-5.670001 9.1275 -0.9449997 844D36 0.45
-1.89 9.1275 0.9450003 764231 0.45
-5.1975 9.1275 0.9450006 844D36 0.45
1.89 9.1275 0.9449999 844D36 0.45
-1.4175 9.1275 0.9450002 844D36 0.45
1.4175 9.1275 0.9450001 966242 0.45
2.3625 9.1275 0.9449997 966242 0.45
2.835001 9.1275 0.9449999 764231 0.45
4.2525 9.599999 0.9449997 C0B59F 0.45
-8.032501 9.599999 0.9450011 844D36 0.45
-6.1425 9.599999 0.9450011 8E5939 0.45
-5.1975 9.599999 0.9450006 844D36 0.45
-1.4175 9.599999 0.9450002 844D36 0.45
2.3625 9.599999 0.9449997 764231 0.45
-8.032501 10.0725 0.9450011 8E5939 0.45
-7.56 10.0725 0.9450011 8E5939 0.45
-7.087501 9.599999 0.9450011 8E5939 0.45
-6.615001 9.599999 0.9450011 8E5939 0.45
-1.89 10.0725 0.9450003 764231 0.45
-5.1975 10.0725 0.9450006 844D36 0.45
1.4175 10.0725 0.9450001 844D36 0.45
-1.4175 10.0725 0.9450002 844D36 0.45
4.2525 10.0725 0.9449997 CEC3B7 0.45
2.3625 10.0725 0.9449997 764231 0.45
3.78 10.0725 0.4724994 CEC3B7 0.45
-7.087501 10.545 0.9450011 8E5939 0.45
-7.56 10.545 0.9450011 8E5939 0.45
-5.670001 10.545 0.9450006 844D36 0.45
-2.3625 10.545 0.9450003 764231 0.45
-5.1975 10.545 0.9450006 844D36 0.45
-1.89 10.545 0.9450003 844D36 0.45
1.89 10.545 0.9449999 764231 0.45
4.2525 10.545 0.9449997 D9CDC3 0.45
-1.4175 11.0175 0.9450002 966242 0.45
-6.615001 11.0175 0.9450011 966242 0.45
-6.1425 11.0175 0.9450011 966242 0.45
-5.670001 11.0175 0.9450006 966242 0.45
-5.1975 11.0175 0.9450006 966242 0.45
-4.725 10.545 0.9450006 966242 0.45
-4.2525 10.545 0.9450006 966242 0.45
-3.78 10.545 0.9450006 966242 0.45
-3.3075 10.545 0.9450006 966242 0.45
-2.835 10.545 0.9450003 966242 0.45
-1.89 11.0175 0.9450003 966242 0.45
1.4175 11.0175 0.9450001 844D36 0.45
1.89 11.0175 0.9449999 764231 0.45
5.1975 13.8525 0.9449997 523025 0.45
7.087501 11.0175 0.4724989 D3C8BD 0.45
1.4175 11.49 0.9450001 8E5939 0.45
-0.9449999 11.0175 0.9450002 966242 0.45
-0.4724999 11.0175 0.9450001 966242 0.45
1.192093E-07 11.0175 0.9450001 966242 0.45
0.4725001 11.49 0.945 966242 0.45
0.9450002 11.49 0.9449999 966242 0.45
3.3075 11.49 0.9449997 CEC3B7 0.45
2.835 11.49 0.4724998 CEC3B7 0.45
1.89 11.9625 0.9449999 8E5939 0.45
4.725 13.8525 0.9449997 523025 0.45
2.3625 12.435 0.9449997 DED3C6 0.45
2.835001 12.435 0.9449999 DED3C6 0.45
8.032501 12.9075 0.9449987 844D36 0.45
3.78 13.38 0.9449997 DED3C6 0.45
4.2525 13.38 0.9449997 D9CDC3 0.45
4.2525 13.8525 0.9449997 8E5939 0.45
4.725 13.8525 -0.9450006 764231 0.45
5.1975 13.8525 -1.890001 523025 0.45
7.087501 13.8525 0.9449987 966242 0.45
4.725 14.325 0.9449997 8E5939 0.45
5.1975 14.325 0.9449997 9C6D45 0.45
5.670001 14.325 0.9449997 9C6D45 0.45
6.1425 14.325 0.9449992 9C6D45 0.45
6.615001 14.325 0.9449992 9C6D45 0.45
5.1975 14.7975 0.9449997 8E5939 0.45
-9.450001 3.4575 0.4725008 523025 0.45
-8.977501 3.4575 0.4725008 AD9A7B 0.45
-8.505 3.93 0.4725008 CEC3B7 0.45
-8.032501 7.2375 0.4725008 633929 0.45
-7.56 7.2375 0.4725008 633929 0.45
-7.087501 7.2375 0.4725008 633929 0.45
-6.615001 6.765 0.4725008 633929 0.45
-6.1425 6.765 0.4725008 633929 0.45
-5.670001 6.765 0.4725003 633929 0.45
-5.1975 6.765 0.4725003 633929 0.45
-4.725 6.765 0.4725003 C0B59F 0.45
-4.2525 6.2925 0.4725006 C0B59F 0.45
-3.78 6.2925 0.4725006 C0B59F 0.45
-3.3075 6.2925 0.4725006 C0B59F 0.45
-2.835 6.2925 0.4725003 C0B59F 0.45
-2.3625 6.2925 0.4725003 C0B59F 0.45
-1.89 5.82 0.4725003 C0B59F 0.45
-1.4175 5.82 0.4725001 C0B59F 0.45
-0.945 5.82 0.4725001 C0B59F 0.45
-0.4725 5.82 0.4725001 C0B59F 0.45
5.960464E-08 5.82 0.4725 C0B59F 0.45
0.4725001 5.82 0.4725 C0B59F 0.45
0.9450001 5.82 0.4725 C0B59F 0.45
1.4175 5.82 0.4725 C0B59F 0.45
1.89 5.82 0.4724998 C0B59F 0.45
2.3625 5.82 0.4724998 CEC3B7 0.45
2.835 6.2925 0.4724998 CEC3B7 0.45
3.3075 6.765 0.4724996 CEC3B7 0.45
3.78 7.2375 0.4724994 CEC3B7 0.45
4.2525 9.1275 0.4724994 CEC3B7 0.45
4.725 10.0725 0.4724994 CEC3B7 0.45
5.1975 10.545 0.4724994 CEC3B7 0.45
5.670001 10.545 0.4724994 CEC3B7 0.45
6.1425 10.545 0.4724989 CEC3B7 0.45
6.615001 11.0175 0.4724989 CEC3B7 0.45
8.032501 10.545 0.4724989 C8BBAA 0.45
9.450001 11.0175 0.4724989 C8BBAA 0.45
-9.450001 5.82 0.4725008 523025 0.45
-8.977501 5.82 0.4725008 AD9A7B 0.45
-7.087501 3.93 0.9450011 844D36 0.45
-9.922501 4.4025 0.4725008 764231 0.45
-8.505 5.82 0.4725008 AD9A7B 0.45
-7.56 4.4025 0.9450011 844D36 0.45
-7.087501 4.4025 0.9450011 844D36 0.45
-6.615001 4.4025 0.9450011 844D36 0.45
-9.922501 4.875 0.4725008 764231 0.45
-8.505 4.875 0.4725008 CEC3B7 0.45
-7.087501 4.875 0.9450011 844D36 0.45
-6.615001 4.875 0.9450011 844D36 0.45
-9.922501 5.3475 0.4725008 764231 0.45
-8.505 5.3475 0.4725008 CEC3B7 0.45
-9.922501 5.82 0.4725008 764231 0.45
-7.56 5.82 0.9450011 844D36 0.45
-7.087501 5.82 0.9450011 844D36 0.45
-6.615001 5.82 0.9450011 844D36 0.45
-6.1425 5.82 0.9450011 844D36 0.45
-5.670001 5.82 0.9450006 844D36 0.45
-0.945 6.2925 0.4725001 CEC3B7 0.45
1.4175 10.545 0.4725 844D36 0.45
1.89 9.599999 0.4724998 844D36 0.45
2.3625 8.654999 0.4724998 844D36 0.45
-9.922501 6.2925 0.4725008 764231 0.45
-8.505 6.2925 0.4725008 CEC3B7 0.45
-7.56 6.2925 0.9450011 844D36 0.45
-7.087501 6.2925 0.9450011 844D36 0.45
-6.615001 6.2925 0.9450011 844D36 0.45
-6.1425 6.2925 0.9450011 844D36 0.45
-5.670001 6.2925 0.9450006 844D36 0.45
-5.1975 6.2925 0.9450006 844D36 0.45
-1.89 9.599999 0.4725003 764231 0.45
-1.4175 7.71 0.4725001 764231 0.45
-0.4725 6.2925 0.4725001 D9CDC3 0.45
-9.922501 6.765 0.4725008 764231 0.45
-8.032501 6.765 0.9450011 844D36 0.45
-8.505 6.765 0.4725008 CEC3B7 0.45
-7.56 6.765 0.9450011 844D36 0.45
-7.087501 6.765 0.9450011 844D36 0.45
-5.670001 7.2375 0.4725003 D9CDC3 0.45
-0.945 6.765 0.4725001 CEC3B7 0.45
-0.4725 6.765 0.4725001 D9CDC3 0.45
2.835 7.71 0.4724998 D9CDC3 0.45
-9.922501 7.2375 0.4725008 764231 0.45
-8.505 7.2375 -0.9449987 844D36 0.45
-8.505 7.2375 0.4725008 CEC3B7 0.45
-6.615001 7.2375 0.9450011 844D36 0.45
-6.1425 7.2375 0.9450011 844D36 0.45
-1.4175 7.2375 0.4725001 764231 0.45
-4.725 7.2375 0.9450006 844D36 0.45
-5.1975 7.2375 0.4725003 844D36 0.45
2.835 7.2375 0.4724998 D9CDC3 0.45
-0.4725 7.2375 0.4725001 D9CDC3 0.45
3.3075 10.545 0.4724996 CEC3B7 0.45
-9.922501 7.71 0.4725008 764231 0.45
-8.505 7.71 -0.9449987 844D36 0.45
-8.032501 7.71 0.9450011 844D36 0.45
-5.670001 7.71 0.4725003 D9CDC3 0.45
-7.56 7.71 0.9450011 844D36 0.45
-7.087501 7.71 0.9450011 844D36 0.45
-6.615001 7.71 0.9450011 844D36 0.45
-6.1425 7.71 0.9450011 844D36 0.45
-5.1975 7.71 0.4725003 844D36 0.45
-0.945 7.71 0.4725001 844D36 0.45
1.4175 7.71 0.9450001 844D36 0.45
1.89 7.71 0.9449999 844D36 0.45
2.3625 7.71 0.9449997 844D36 0.45
3.3075 7.71 0.4724996 CEC3B7 0.45
3.78 7.71 0.4724994 CEC3B7 0.45
-8.505 8.1825 -0.9449987 844D36 0.45
-8.032501 8.1825 0.9450011 844D36 0.45
-5.670001 8.1825 0.4725003 844D36 0.45
-7.56 8.1825 0.9450011 844D36 0.45
-7.087501 8.1825 0.9450011 844D36 0.45
-6.615001 8.1825 0.9450011 844D36 0.45
-6.1425 8.1825 0.9450011 844D36 0.45
-1.4175 8.1825 0.4725001 764231 0.45
-5.1975 8.1825 0.9450006 844D36 0.45
-5.1975 8.1825 0.4725003 844D36 0.45
2.3625 8.1825 0.4724998 D9CDC3 0.45
-0.945 8.1825 0.4725001 844D36 0.45
1.4175 8.1825 0.9450001 844D36 0.45
1.89 8.1825 0.9449999 844D36 0.45
2.835001 8.1825 0.9449999 844D36 0.45
3.3075 8.1825 0.4724996 CEC3B7 0.45
3.78 8.1825 0.4724994 CEC3B7 0.45
-8.505 8.654999 -0.9449987 844D36 0.45
-8.032501 8.654999 0.9450011 844D36 0.45
-5.670001 8.654999 0.4725003 844D36 0.45
-7.56 8.654999 0.9450011 844D36 0.45
-7.087501 8.654999 0.9450011 844D36 0.45
-6.615001 8.654999 0.9450011 844D36 0.45
-6.1425 8.654999 0.9450011 844D36 0.45
-1.4175 8.654999 0.4725001 764231 0.45
-5.1975 8.654999 0.4725003 844D36 0.45
-0.945 8.654999 0.4725001 844D36 0.45
1.89 8.654999 0.9449999 844D36 0.45
2.835001 8.654999 0.9449999 844D36 0.45
2.835 8.654999 0.4724998 764231 0.45
4.2525 8.654999 0.4724994 CEC3B7 0.45
-9.450001 9.1275 0.4725008 764231 0.45
-8.505 9.1275 -0.9449987 844D36 0.45
-8.032501 9.1275 0.9450011 844D36 0.45
-5.670001 9.1275 0.4725003 844D36 0.45
-7.56 9.1275 0.9450011 844D36 0.45
-7.087501 9.1275 0.9450011 844D36 0.45
-6.615001 9.1275 0.9450011 844D36 0.45
-6.1425 9.1275 0.9450011 844D36 0.45
-1.89 9.1275 0.4725003 764231 0.45
-5.1975 9.1275 0.4725003 844D36 0.45
1.89 9.1275 0.4724998 844D36 0.45
-1.4175 9.1275 0.4725001 844D36 0.45
2.835 9.1275 0.4724998 764231 0.45
4.2525 9.599999 0.4724994 C0B59F 0.45
-9.450001 9.599999 0.4725008 764231 0.45
-8.032501 9.599999 0.4725008 764231 0.45
-5.670001 9.599999 0.4725003 844D36 0.45
-7.56 9.599999 0.9450011 844D36 0.45
-5.1975 9.599999 0.4725003 844D36 0.45
-1.4175 9.599999 0.4725001 844D36 0.45
2.3625 9.599999 0.4724998 764231 0.45
-5.670001 10.0725 0.4725003 844D36 0.45
-1.89 10.0725 0.4725003 764231 0.45
-5.1975 10.0725 0.4725003 844D36 0.45
1.4175 10.0725 0.4725 844D36 0.45
-1.4175 10.0725 0.4725001 844D36 0.45
2.3625 10.0725 0.4724998 764231 0.45
4.2525 12.435 0.4724994 C0B59F 0.45
4.725 11.49 0.4724994 C0B59F 0.45
-5.670001 10.545 0.4725003 844D36 0.45
-2.3625 10.545 0.4725003 764231 0.45
-5.1975 10.545 0.4725003 844D36 0.45
-1.89 10.545 0.4725003 844D36 0.45
1.89 10.545 0.4724998 764231 0.45
4.2525 10.545 0.4724994 D9CDC3 0.45
5.1975 11.0175 0.4724994 CEC3B7 0.45
5.670001 11.0175 0.4724994 CEC3B7 0.45
-1.4175 11.0175 0.4725001 966242 0.45
-6.615001 11.0175 0.4725008 966242 0.45
-6.1425 11.0175 0.4725008 966242 0.45
-5.670001 11.0175 0.4725003 966242 0.45
-5.1975 11.0175 0.4725003 966242 0.45
-4.725 10.545 0.4725003 966242 0.45
-4.2525 10.545 0.4725006 966242 0.45
-3.78 10.545 0.4725006 966242 0.45
-3.3075 10.545 0.4725006 966242 0.45
-2.835 10.545 0.4725003 966242 0.45
-1.89 11.0175 0.4725003 966242 0.45
1.4175 11.0175 0.4725 844D36 0.45
2.835 11.0175 0.4724998 CEC3B7 0.45
1.89 11.0175 0.4724998 764231 0.45
4.725 11.0175 0.4724994 CEC3B7 0.45
4.2525 11.0175 0.4724994 D9CDC3 0.45
1.4175 11.49 0.4725 8E5939 0.45
-0.945 11.0175 0.4725001 966242 0.45
-0.4725 11.0175 0.4725001 966242 0.45
5.960464E-08 11.0175 0.4725 966242 0.45
0.4725001 11.49 0.4725 966242 0.45
0.9450001 11.49 0.4725 966242 0.45
4.2525 11.49 0.4724994 844D36 0.45
4.725 11.49 -1.890001 633929 0.45
5.670001 11.49 0.4724994 CEC3B7 0.45
7.087501 11.49 0.4724989 7B3329 0.45
7.56 11.49 0.4724989 7B3329 0.45
8.032501 11.49 0.4724989 7B3329 0.45
9.922501 11.49 0.4724989 080808 0.45
1.89 11.9625 0.4724998 8E5939 0.45
2.3625 11.9625 0.4724998 CEC3B7 0.45
4.2525 11.9625 0.4724994 C0B59F 0.45
3.78 11.9625 0.4724994 844D36 0.45
5.670001 11.9625 0.4724994 CEC3B7 0.45
9.450001 11.9625 0.4724989 DED3C6 0.45
2.3625 12.435 0.4724998 DED3C6 0.45
3.78 12.435 0.4724994 844D36 0.45
5.1975 12.435 0.4724994 CEC3B7 0.45
8.505 12.435 0.4724989 DED3C6 0.45
8.032501 12.435 0.4724989 DED3C6 0.45
3.3075 12.9075 0.4724996 DED3C6 0.45
2.835 12.435 0.4724998 DED3C6 0.45
4.2525 12.9075 0.4724994 C0B59F 0.45
5.1975 12.9075 0.4724994 CEC3B7 0.45
8.032501 12.9075 0.4724989 D9CDC3 0.45
3.78 13.38 0.4724994 DED3C6 0.45
4.725 13.38 0.4724994 CEC3B7 0.45
7.56 13.38 0.4724989 E1D7CB 0.45
4.2525 13.8525 0.4724994 8E5939 0.45
7.087501 13.8525 0.4724989 E1D7CB 0.45
4.725 14.325 0.4724994 8E5939 0.45
5.1975 14.325 0.4724994 9C6D45 0.45
5.670001 14.325 0.4724994 E1D7CB 0.45
6.1425 14.325 0.4724989 E1D7CB 0.45
6.615001 14.325 0.4724989 E1D7CB 0.45
-9.450001 3.4575 9.536743E-07 523025 0.45
-8.977501 3.4575 9.536743E-07 AD9A7B 0.45
-8.505 3.93 9.536743E-07 CEC3B7 0.45
-8.032501 7.2375 9.536743E-07 633929 0.45
-7.56 7.2375 9.536743E-07 633929 0.45
-7.087501 7.2375 9.536743E-07 633929 0.45
-6.615001 6.765 9.536743E-07 633929 0.45
-6.1425 6.765 9.536743E-07 633929 0.45
-5.670001 6.765 4.768372E-07 633929 0.45
-5.1975 6.765 4.768372E-07 633929 0.45
-4.725 6.765 4.768372E-07 C0B59F 0.45
-4.2525 6.2925 4.768372E-07 C0B59F 0.45
-3.78 6.2925 4.768372E-07 C0B59F 0.45
-3.3075 6.2925 4.768372E-07 C0B59F 0.45
-2.835 6.2925 2.384186E-07 C0B59F 0.45
-2.3625 6.2925 2.384186E-07 C0B59F 0.45
-1.89 5.82 2.384186E-07 C0B59F 0.45
-1.4175 5.82 1.192093E-07 C0B59F 0.45
-0.9450001 5.82 1.192093E-07 C0B59F 0.45
-0.4725 5.82 5.960464E-08 C0B59F 0.45
0 5.82 0 C0B59F 0.45
0.4725 5.82 -5.960464E-08 C0B59F 0.45
0.9450001 5.82 -1.192093E-07 C0B59F 0.45
1.4175 5.82 -1.192093E-07 C0B59F 0.45
1.89 5.82 -2.384186E-07 C0B59F 0.45
2.3625 5.82 -2.384186E-07 CEC3B7 0.45
2.835 6.2925 -2.384186E-07 CEC3B7 0.45
3.3075 6.765 -4.768372E-07 CEC3B7 0.45
3.78 7.2375 -4.768372E-07 CEC3B7 0.45
4.2525 9.1275 -4.768372E-07 CEC3B7 0.45
4.725 10.0725 -4.768372E-07 CEC3B7 0.45
5.1975 10.545 -4.768372E-07 CEC3B7 0.45
5.670001 10.545 -4.768372E-07 CEC3B7 0.45
6.1425 10.545 -9.536743E-07 CEC3B7 0.45
6.615001 11.0175 -9.536743E-07 CEC3B7 0.45
7.087501 11.0175 -9.536743E-07 C8BBAA 0.45
7.56 11.0175 -9.536743E-07 C8BBAA 0.45
8.032501 10.545 -9.536743E-07 C8BBAA 0.45
8.505 10.545 -9.536743E-07 C8BBAA 0.45
8.977501 10.545 -9.536743E-07 C8BBAA 0.45
9.450001 11.0175 -9.536743E-07 080808 0.45
-9.450001 3.93 9.536743E-07 764231 0.45
-9.450001 5.82 9.536743E-07 523025 0.45
-8.977501 5.82 9.536743E-07 AD9A7B 0.45
-9.922501 4.4025 9.536743E-07 764231 0.45
-8.505 5.82 9.536743E-07 AD9A7B 0.45
-8.505 4.4025 9.536743E-07 CEC3B7 0.45
-9.922501 4.875 9.536743E-07 764231 0.45
-8.505 4.875 9.536743E-07 CEC3B7 0.45
-9.922501 5.3475 9.536743E-07 764231 0.45
-8.505 5.3475 9.536743E-07 CEC3B7 0.45
-9.922501 5.82 9.536743E-07 764231 0.45
-9.450001 7.71 9.536743E-07 523025 0.45
-8.977501 7.71 9.536743E-07 AD9A7B 0.45
-8.505 7.71 9.536743E-07 AD9A7B 0.45
-0.9450001 6.2925 1.192093E-07 CEC3B7 0.45
1.4175 10.545 -1.192093E-07 844D36 0.45
1.89 9.599999 -2.384186E-07 844D36 0.45
2.3625 8.654999 -2.384186E-07 844D36 0.45
-9.922501 6.2925 9.536743E-07 764231 0.45
-8.505 6.2925 9.536743E-07 CEC3B7 0.45
-1.89 9.599999 2.384186E-07 764231 0.45
-1.4175 7.71 1.192093E-07 764231 0.45
-0.4725 6.2925 5.960464E-08 D9CDC3 0.45
-9.922501 6.765 9.536743E-07 764231 0.45
-8.505 6.765 9.536743E-07 CEC3B7 0.45
-5.670001 7.2375 4.768372E-07 D9CDC3 0.45
-0.9450001 6.765 1.192093E-07 CEC3B7 0.45
-0.4725 6.765 5.960464E-08 D9CDC3 0.45
2.835 7.71 -2.384186E-07 D9CDC3 0.45
-9.922501 7.2375 9.536743E-07 764231 0.45
-8.505 7.2375 9.536743E-07 CEC3B7 0.45
-7.56 10.0725 9.536743E-07 CEC3B7 0.45
-7.087501 10.0725 9.536743E-07 CEC3B7 0.45
-6.615001 10.545 9.536743E-07 CEC3B7 0.45
-1.4175 7.2375 1.192093E-07 764231 0.45
-5.1975 7.2375 4.768372E-07 844D36 0.45
2.835 7.2375 -2.384186E-07 D9CDC3 0.45
-0.4725 7.2375 5.960464E-08 D9CDC3 0.45
3.3075 10.545 -4.768372E-07 CEC3B7 0.45
-9.922501 7.71 9.536743E-07 764231 0.45
-8.032501 9.599999 9.536743E-07 CEC3B7 0.45
-5.670001 7.71 4.768372E-07 D9CDC3 0.45
-5.1975 7.71 4.768372E-07 844D36 0.45
-0.9450001 7.71 1.192093E-07 844D36 0.45
2.835 11.49 -2.384186E-07 CEC3B7 0.45
3.78 10.0725 -4.768372E-07 CEC3B7 0.45
3.3075 7.71 -4.768372E-07 CEC3B7 0.45
3.78 7.71 -4.768372E-07 CEC3B7 0.45
-9.450001 8.1825 9.536743E-07 764231 0.45
-8.505 8.1825 9.536743E-07 764231 0.45
-8.977501 9.599999 9.536743E-07 C0B59F 0.45
-8.977501 8.1825 9.536743E-07 C0B59F 0.45
-8.505 9.599999 9.536743E-07 CEC3B7 0.45
-5.670001 8.1825 4.768372E-07 844D36 0.45
-1.4175 8.1825 1.192093E-07 764231 0.45
-5.1975 8.1825 4.768372E-07 844D36 0.45
2.3625 8.1825 -2.384186E-07 D9CDC3 0.45
-0.9450001 8.1825 1.192093E-07 844D36 0.45
3.3075 8.1825 -4.768372E-07 CEC3B7 0.45
3.78 8.1825 -4.768372E-07 CEC3B7 0.45
-9.450001 8.654999 9.536743E-07 764231 0.45
-8.505 8.654999 9.536743E-07 764231 0.45
-5.670001 8.654999 4.768372E-07 844D36 0.45
-1.4175 8.654999 1.192093E-07 764231 0.45
-5.1975 8.654999 4.768372E-07 844D36 0.45
-0.9450001 8.654999 1.192093E-07 844D36 0.45
2.835 8.654999 -2.384186E-07 764231 0.45
4.2525 8.654999 -4.768372E-07 CEC3B7 0.45
-9.450001 9.1275 9.536743E-07 764231 0.45
-8.505 9.1275 9.536743E-07 764231 0.45
-5.670001 9.1275 4.768372E-07 844D36 0.45
-1.89 9.1275 2.384186E-07 764231 0.45
-5.1975 9.1275 4.768372E-07 844D36 0.45
1.89 9.1275 -2.384186E-07 844D36 0.45
-1.4175 9.1275 1.192093E-07 844D36 0.45
2.835 9.1275 -2.384186E-07 764231 0.45
4.2525 9.599999 -4.768372E-07 C0B59F 0.45
-9.450001 9.599999 9.536743E-07 764231 0.45
-5.670001 9.599999 4.768372E-07 844D36 0.45
-5.1975 9.599999 4.768372E-07 844D36 0.45
-1.4175 9.599999 1.192093E-07 844D36 0.45
2.3625 9.599999 -2.384186E-07 764231 0.45
-8.977501 10.0725 9.536743E-07 844D36 0.45
-8.032501 10.0725 9.536743E-07 8E5939 0.45
-8.505 10.0725 9.536743E-07 C0B59F 0.45
-5.670001 10.0725 4.768372E-07 844D36 0.45
-1.89 10.0725 2.384186E-07 764231 0.45
-5.1975 10.0725 4.768372E-07 844D36 0.45
1.4175 10.0725 -1.192093E-07 844D36 0.45
-1.4175 10.0725 1.192093E-07 844D36 0.45
2.3625 10.0725 -2.384186E-07 764231 0.45
4.2525 12.435 -4.768372E-07 C0B59F 0.45
4.725 11.49 -4.768372E-07 C0B59F 0.45
-8.505 10.545 9.536743E-07 844D36 0.45
-7.087501 10.545 9.536743E-07 8E5939 0.45
-7.56 10.545 9.536743E-07 8E5939 0.45
-5.670001 10.545 4.768372E-07 844D36 0.45
-2.3625 10.545 2.384186E-07 764231 0.45
-5.1975 10.545 4.768372E-07 844D36 0.45
-1.89 10.545 2.384186E-07 844D36 0.45
1.89 10.545 -2.384186E-07 764231 0.45
4.2525 10.545 -4.768372E-07 D9CDC3 0.45
5.1975 11.0175 -4.768372E-07 CEC3B7 0.45
5.670001 11.0175 -4.768372E-07 CEC3B7 0.45
-7.56 11.0175 9.536743E-07 844D36 0.45
-8.032501 10.545 9.536743E-07 844D36 0.45
-1.4175 11.0175 1.192093E-07 966242 0.45
-7.087501 11.0175 9.536743E-07 8E5939 0.45
-6.615001 11.0175 9.536743E-07 966242 0.45
-6.1425 11.0175 9.536743E-07 966242 0.45
-5.670001 11.0175 4.768372E-07 966242 0.45
-5.1975 11.0175 4.768372E-07 966242 0.45
-4.725 10.545 4.768372E-07 966242 0.45
-4.2525 10.545 4.768372E-07 966242 0.45
-3.78 10.545 4.768372E-07 966242 0.45
-3.3075 10.545 4.768372E-07 966242 0.45
-2.835 10.545 2.384186E-07 966242 0.45
-1.89 11.0175 2.384186E-07 966242 0.45
1.4175 11.0175 -1.192093E-07 844D36 0.45
2.835 11.0175 -2.384186E-07 CEC3B7 0.45
1.89 11.0175 -2.384186E-07 764231 0.45
4.725 11.0175 -4.768372E-07 CEC3B7 0.45
4.2525 11.0175 -4.768372E-07 D9CDC3 0.45
8.505 11.0175 -9.536743E-07 5F2821 0.45
8.032501 11.0175 -9.536743E-07 5F2821 0.45
1.4175 11.49 -1.192093E-07 8E5939 0.45
-0.9450001 11.0175 1.192093E-07 966242 0.45
-0.4725 11.0175 5.960464E-08 966242 0.45
0 11.0175 0 966242 0.45
0.4725 11.49 -5.960464E-08 966242 0.45
0.9450001 11.49 -1.192093E-07 966242 0.45
4.2525 11.49 -4.768372E-07 844D36 0.45
5.670001 11.49 -4.768372E-07 CEC3B7 0.45
7.087501 11.49 -9.536743E-07 7B3329 0.45
7.56 11.49 -9.536743E-07 7B3329 0.45
8.032501 11.49 -9.536743E-07 7B3329 0.45
8.977501 11.0175 -9.536743E-07 7B3329 0.45
9.922501 11.49 -9.536743E-07 080808 0.45
1.89 11.9625 -2.384186E-07 8E5939 0.45
2.3625 11.9625 -2.384186E-07 CEC3B7 0.45
4.2525 11.9625 -4.768372E-07 C0B59F 0.45
3.78 11.9625 -4.768372E-07 844D36 0.45
5.670001 11.9625 -4.768372E-07 CEC3B7 0.45
9.450001 11.9625 -9.536743E-07 DED3C6 0.45
2.3625 12.435 -2.384186E-07 DED3C6 0.45
3.78 12.435 -4.768372E-07 844D36 0.45
5.1975 12.435 -4.768372E-07 CEC3B7 0.45
8.505 12.435 -9.536743E-07 DED3C6 0.45
8.032501 12.435 -9.536743E-07 DED3C6 0.45
8.977501 11.9625 -9.536743E-07 DED3C6 0.45
3.3075 12.9075 -4.768372E-07 DED3C6 0.45
2.835 12.435 -2.384186E-07 DED3C6 0.45
4.2525 12.9075 -4.768372E-07 C0B59F 0.45
5.1975 12.9075 -4.768372E-07 CEC3B7 0.45
8.032501 12.9075 -9.536743E-07 D9CDC3 0.45
3.78 13.38 -4.768372E-07 DED3C6 0.45
4.725 13.38 -4.768372E-07 CEC3B7 0.45
7.56 13.38 -9.536743E-07 E1D7CB 0.45
4.2525 13.8525 -4.768372E-07 8E5939 0.45
7.087501 13.8525 -9.536743E-07 E1D7CB 0.45
4.725 14.325 -4.768372E-07 8E5939 0.45
5.1975 14.325 -4.768372E-07 E1D7CB 0.45
5.670001 14.325 -4.768372E-07 E1D7CB 0.45
6.1425 14.325 -9.536743E-07 E1D7CB 0.45
6.615001 14.325 -9.536743E-07 E1D7CB 0.45
-9.450001 3.4575 -0.4724989 523025 0.45
-8.977501 3.4575 -0.4724989 AD9A7B 0.45
-8.505 3.93 -0.4724989 CEC3B7 0.45
-8.032501 7.2375 -0.4724989 633929 0.45
-7.56 7.2375 -0.4724989 633929 0.45
-7.087501 7.2375 -0.4724989 633929 0.45
-6.615001 6.765 -0.4724989 633929 0.45
-6.1425 6.765 -0.4724989 633929 0.45
-5.670001 6.765 -0.4724994 633929 0.45
-5.1975 6.765 -0.4724994 633929 0.45
-4.725 6.765 -0.4724994 C0B59F 0.45
-4.2525 6.2925 -0.4724994 C0B59F 0.45
-3.78 6.2925 -0.4724994 C0B59F 0.45
-3.3075 6.2925 -0.4724996 C0B59F 0.45
-2.835 6.2925 -0.4724998 C0B59F 0.45
-2.3625 6.2925 -0.4724998 C0B59F 0.45
-1.89 5.82 -0.4724998 C0B59F 0.45
-1.4175 5.82 -0.4725 C0B59F 0.45
-0.9450001 5.82 -0.4725 C0B59F 0.45
-0.4725001 5.82 -0.4725 C0B59F 0.45
-5.960464E-08 5.82 -0.4725 C0B59F 0.45
0.4725 5.82 -0.4725001 C0B59F 0.45
0.945 5.82 -0.4725001 C0B59F 0.45
1.4175 5.82 -0.4725001 C0B59F 0.45
1.89 5.82 -0.4725003 C0B59F 0.45
2.3625 5.82 -0.4725003 CEC3B7 0.45
2.835 6.2925 -0.4725003 CEC3B7 0.45
3.3075 6.765 -0.4725006 CEC3B7 0.45
3.78 7.2375 -0.4725006 CEC3B7 0.45
4.2525 9.1275 -0.4725006 CEC3B7 0.45
4.725 10.0725 -0.4725003 CEC3B7 0.45
5.1975 10.545 -0.4725003 CEC3B7 0.45
5.670001 10.545 -0.4725003 CEC3B7 0.45
6.1425 10.545 -0.4725008 CEC3B7 0.45
6.615001 11.0175 -0.4725008 CEC3B7 0.45
7.087501 11.0175 -0.4725008 C8BBAA 0.45
7.56 11.0175 -0.4725008 C8BBAA 0.45
8.032501 10.545 -0.4725008 C8BBAA 0.45
8.505 11.0175 -0.4725008 D3C8BD 0.45
8.977501 11.0175 -0.4725008 121110 0.45
9.450001 11.0175 -0.4725008 C8BBAA 0.45
-9.450001 3.93 -0.4724989 764231 0.45
-9.450001 5.82 -0.4724989 523025 0.45
-8.977501 5.82 -0.4724989 AD9A7B 0.45
-9.922501 4.4025 -0.4724989 764231 0.45
-8.505 5.82 -0.4724989 AD9A7B 0.45
-8.505 4.4025 -0.4724989 CEC3B7 0.45
-9.922501 4.875 -0.4724989 764231 0.45
-8.505 4.875 -0.4724989 CEC3B7 0.45
-9.922501 5.3475 -0.4724989 764231 0.45
-8.505 5.3475 -0.4724989 CEC3B7 0.45
-9.922501 5.82 -0.4724989 764231 0.45
-9.450001 7.71 -0.4724989 523025 0.45
-8.977501 7.71 -0.4724989 AD9A7B 0.45
-8.505 7.71 -0.4724989 AD9A7B 0.45
-0.9450001 6.2925 -0.4725 CEC3B7 0.45
1.4175 10.545 -0.4725001 844D36 0.45
1.89 9.599999 -0.4725003 844D36 0.45
2.3625 8.654999 -0.4725003 844D36 0.45
-9.922501 6.2925 -0.4724989 764231 0.45
-8.505 6.2925 -0.4724989 CEC3B7 0.45
-1.89 9.599999 -0.4724998 764231 0.45
-1.4175 7.71 -0.4725 764231 0.45
-0.4725001 6.2925 -0.4725 D9CDC3 0.45
-9.922501 6.765 -0.4724989 764231 0.45
-8.505 6.765 -0.4724989 CEC3B7 0.45
-5.670001 7.2375 -0.4724994 D9CDC3 0.45
-0.9450001 6.765 -0.4725 CEC3B7 0.45
-0.4725001 6.765 -0.4725 D9CDC3 0.45
2.835 7.71 -0.4725003 D9CDC3 0.45
-9.922501 7.2375 -0.4724989 764231 0.45
-8.505 7.2375 -0.4724989 CEC3B7 0.45
-1.4175 7.2375 -0.4725 764231 0.45
-5.1975 7.2375 -0.4724994 844D36 0.45
2.835 7.2375 -0.4725003 D9CDC3 0.45
-0.4725001 7.2375 -0.4725 D9CDC3 0.45
3.3075 10.545 -0.4725006 CEC3B7 0.45
-9.922501 7.71 -0.4724989 764231 0.45
-5.670001 7.71 -0.4724994 D9CDC3 0.45
-5.1975 7.71 -0.4724994 844D36 0.45
-0.9450001 7.71 -0.4725 844D36 0.45
2.835 11.49 -0.4725003 CEC3B7 0.45
3.78 10.0725 -0.4725006 CEC3B7 0.45
3.3075 7.71 -0.4725006 CEC3B7 0.45
3.78 7.71 -0.4725006 CEC3B7 0.45
-9.450001 8.1825 -0.4724989 764231 0.45
-8.505 8.1825 -0.4724989 764231 0.45
-8.977501 8.1825 -0.4724989 C0B59F 0.45
-5.670001 8.1825 -0.4724994 844D36 0.45
-1.4175 8.1825 -0.4725 764231 0.45
-5.1975 8.1825 -0.4724994 844D36 0.45
2.3625 8.1825 -0.4725003 D9CDC3 0.45
-0.9450001 8.1825 -0.4725 844D36 0.45
3.3075 8.1825 -0.4725006 CEC3B7 0.45
3.78 8.1825 -0.4725006 CEC3B7 0.45
-9.450001 8.654999 -0.4724989 764231 0.45
-8.505 8.654999 -0.4724989 764231 0.45
-5.670001 8.654999 -0.4724994 844D36 0.45
-1.4175 8.654999 -0.4725 764231 0.45
-5.1975 8.654999 -0.4724994 844D36 0.45
-0.9450001 8.654999 -0.4725 844D36 0.45
2.835 8.654999 -0.4725003 764231 0.45
4.2525 8.654999 -0.4725006 CEC3B7 0.45
-9.450001 9.1275 -0.4724989 764231 0.45
-8.505 9.1275 -0.4724989 764231 0.45
-5.670001 9.1275 -0.4724994 844D36 0.45
-1.89 9.1275 -0.4724998 764231 0.45
-5.1975 9.1275 -0.4724994 844D36 0.45
1.89 9.1275 -0.4725003 844D36 0.45
-1.4175 9.1275 -0.4725 844D36 0.45
2.835 9.1275 -0.4725003 764231 0.45
4.2525 9.599999 -0.4725006 C0B59F 0.45
-9.450001 9.599999 -0.4724989 764231 0.45
-8.977501 9.599999 -0.4724989 C0B59F 0.45
-8.032501 9.599999 -0.4724989 764231 0.45
-8.505 9.599999 -0.4724989 C0B59F 0.45
-5.670001 9.599999 -0.4724994 844D36 0.45
-5.1975 9.599999 -0.4724994 844D36 0.45
-1.4175 9.599999 -0.4725 844D36 0.45
2.3625 9.599999 -0.4725003 764231 0.45
-8.032501 10.0725 -0.4724989 8E5939 0.45
-8.977501 10.0725 -0.4724989 633929 0.45
-8.505 10.0725 -0.4724989 633929 0.45
-7.56 10.0725 -0.4724989 C0B59F 0.45
-5.670001 10.0725 -0.4724994 844D36 0.45
-1.89 10.0725 -0.4724998 764231 0.45
-5.1975 10.0725 -0.4724994 844D36 0.45
1.4175 10.0725 -0.4725001 844D36 0.45
-1.4175 10.0725 -0.4725 844D36 0.45
2.3625 10.0725 -0.4725003 764231 0.45
4.2525 12.435 -0.4725006 C0B59F 0.45
4.725 11.49 -0.4725003 C0B59F 0.45
-7.087501 10.545 -0.4724989 8E5939 0.45
-8.032501 10.545 -0.4724989 633929 0.45
-7.56 10.545 -0.4724989 8E5939 0.45
-5.670001 10.545 -0.4724994 844D36 0.45
-2.3625 10.545 -0.4724998 764231 0.45
-5.1975 10.545 -0.4724994 844D36 0.45
-1.89 10.545 -0.4724998 844D36 0.45
1.89 10.545 -0.4725003 764231 0.45
4.2525 10.545 -0.4725006 D9CDC3 0.45
5.1975 11.0175 -0.4725003 CEC3B7 0.45
5.670001 11.0175 -0.4725003 CEC3B7 0.45
-1.4175 11.0175 -0.4725 966242 0.45
-7.56 11.0175 -0.4724989 633929 0.45
-6.615001 11.0175 -0.4724989 966242 0.45
-6.1425 11.0175 -0.4724989 966242 0.45
-5.670001 11.0175 -0.4724994 966242 0.45
-5.1975 11.0175 -0.4724994 966242 0.45
-4.725 10.545 -0.4724994 966242 0.45
-4.2525 10.545 -0.4724994 966242 0.45
-3.78 10.545 -0.4724994 966242 0.45
-3.3075 10.545 -0.4724996 966242 0.45
-2.835 10.545 -0.4724998 966242 0.45
-1.89 11.0175 -0.4724998 966242 0.45
1.4175 11.0175 -0.4725001 844D36 0.45
2.835 11.0175 -0.4725003 CEC3B7 0.45
1.89 11.0175 -0.4725003 764231 0.45
4.725 11.0175 -0.4725003 CEC3B7 0.45
4.2525 11.0175 -0.4725006 D9CDC3 0.45
8.032501 11.0175 -0.4725008 5F2821 0.45
1.4175 11.49 -0.4725001 8E5939 0.45
-0.9450001 11.0175 -0.4725 966242 0.45
-0.4725001 11.0175 -0.4725 966242 0.45
-5.960464E-08 11.0175 -0.4725 966242 0.45
0.4725 11.49 -0.4725001 966242 0.45
0.945 11.49 -0.4725001 966242 0.45
4.2525 11.49 -0.4725006 844D36 0.45
5.670001 11.49 -0.4725003 CEC3B7 0.45
7.087501 11.49 -0.4725008 7B3329 0.45
7.56 11.49 -0.4725008 7B3329 0.45
8.032501 11.49 -0.4725008 7B3329 0.45
9.922501 11.49 -0.4725008 080808 0.45
1.89 11.9625 -0.4725003 8E5939 0.45
2.3625 11.9625 -0.4725003 CEC3B7 0.45
4.2525 11.9625 -0.4725006 C0B59F 0.45
3.78 11.9625 -0.4725006 844D36 0.45
5.670001 11.9625 -0.4725003 CEC3B7 0.45
9.450001 11.9625 -0.4725008 DED3C6 0.45
2.3625 12.435 -0.4725003 DED3C6 0.45
3.78 12.435 -0.4725006 844D36 0.45
5.1975 12.435 -0.4725003 CEC3B7 0.45
8.505 12.435 -0.4725008 DED3C6 0.45
8.032501 12.435 -0.4725008 DED3C6 0.45
8.977501 11.9625 -0.4725008 DED3C6 0.45
3.3075 12.9075 -0.4725006 DED3C6 0.45
2.835 12.435 -0.4725003 DED3C6 0.45
4.2525 12.9075 -0.4725006 C0B59F 0.45
5.1975 12.9075 -0.4725003 CEC3B7 0.45
8.032501 12.9075 -0.4725008 D9CDC3 0.45
3.78 13.38 -0.4725006 DED3C6 0.45
4.725 13.38 -0.4725003 CEC3B7 0.45
7.56 13.38 -0.4725008 E1D7CB 0.45
4.2525 13.8525 -0.4725006 8E5939 0.45
7.087501 13.8525 -0.4725008 E1D7CB 0.45
4.725 14.325 -0.4725003 8E5939 0.45
5.1975 14.325 -0.4725003 9C6D45 0.45
5.670001 14.325 -0.4725003 E1D7CB 0.45
6.1425 14.325 -0.4725008 E1D7CB 0.45
6.615001 14.325 -0.4725008 E1D7CB 0.45
-8.505 6.765 -0.9449987 633929 0.45
-6.615001 0.15 -0.9449992 AD9A7B 0.45
-5.1975 5.82 -0.9449997 633929 0.45
-4.2525 6.2925 -0.9449997 C0B59F 0.45
-3.78 6.2925 -0.9449997 C0B59F 0.45
-3.3075 6.2925 -0.9449997 C0B59F 0.45
-2.835001 6.2925 -0.9449999 C0B59F 0.45
-2.3625 6.2925 -0.9449997 C0B59F 0.45
-1.89 5.82 -0.9449999 C0B59F 0.45
-1.4175 5.82 -0.9450001 C0B59F 0.45
-0.9450002 5.82 -0.9449999 C0B59F 0.45
-0.4725001 5.82 -0.945 C0B59F 0.45
-1.192093E-07 5.82 -0.9450001 C0B59F 0.45
0.4724999 5.82 -0.9450001 C0B59F 0.45
2.835 6.2925 -0.9450003 CEC3B7 0.45
3.3075 6.765 -0.9450006 CEC3B7 0.45
3.78 7.2375 -0.9450006 CEC3B7 0.45
4.2525 9.1275 -0.9450006 CEC3B7 0.45
4.725 10.0725 -0.9450006 CEC3B7 0.45
5.1975 10.545 -0.9450006 CEC3B7 0.45
5.670001 10.545 -0.9450006 CEC3B7 0.45
6.1425 10.545 -0.9450011 CEC3B7 0.45
6.615001 11.0175 -0.9450011 CEC3B7 0.45
7.087501 11.0175 -0.9450011 CEC3B7 0.45
7.56 11.9625 -0.9450011 764231 0.45
-6.615001 3.93 -0.9449992 633929 0.45
-8.977501 3.93 -0.4724989 C0B59F 0.45
-8.032501 4.4025 -0.9449987 633929 0.45
-9.450001 4.4025 -0.4724989 633929 0.45
-8.977501 4.4025 -0.4724989 C0B59F 0.45
-8.032501 5.82 -0.9449987 633929 0.45
-6.1425 4.4025 -0.9449992 633929 0.45
-9.450001 4.875 -0.9449987 633929 0.45
-8.977501 4.875 -0.9449987 C0B59F 0.45
-8.505 4.875 -0.9449987 C0B59F 0.45
-9.450001 5.3475 -0.9449987 633929 0.45
-8.977501 5.3475 -0.9449987 C0B59F 0.45
-8.505 5.3475 -0.9449987 C0B59F 0.45
-9.450001 5.82 -0.9449987 633929 0.45
-8.977501 5.82 -0.9449987 C0B59F 0.45
-8.505 5.82 -0.9449987 C0B59F 0.45
-0.9450002 6.2925 -0.9449999 CEC3B7 0.45
-9.450001 6.2925 -0.9449987 633929 0.45
-8.977501 6.2925 -0.9449987 C0B59F 0.45
-8.505 6.2925 -0.9449987 C0B59F 0.45
-4.725 6.2925 -0.9449997 633929 0.45
-1.89 9.599999 -0.9449999 764231 0.45
-1.4175 7.71 -0.9450001 764231 0.45
-0.4725001 6.2925 -0.945 D9CDC3 0.45
-9.450001 6.765 -0.9449987 633929 0.45
-8.977501 6.765 -0.9449987 C0B59F 0.45
-0.9450002 6.765 -0.9449999 CEC3B7 0.45
-0.4725001 6.765 -0.945 D9CDC3 0.45
-9.450001 7.2375 -0.9449987 633929 0.45
-8.977501 7.2375 -0.9449987 C0B59F 0.45
-1.4175 7.2375 -0.9450001 764231 0.45
-4.2525 7.2375 -0.9449997 633929 0.45
0.4724999 7.2375 -0.9450001 633929 0.45
-0.4725001 7.2375 -0.945 D9CDC3 0.45
1.4175 10.545 -0.9450002 844D36 0.45
-0.9450002 7.71 -0.9449999 844D36 0.45
1.89 9.599999 -0.9450003 844D36 0.45
2.835 11.9625 -0.9450003 CEC3B7 0.45
3.3075 11.0175 -0.9450006 CEC3B7 0.45
3.78 10.545 -0.9450006 CEC3B7 0.45
3.78 7.71 -0.9450006 633929 0.45
-1.4175 8.1825 -0.9450001 764231 0.45
-4.725 8.1825 -0.9449997 844D36 0.45
0.9449999 8.1825 -0.9450002 844D36 0.45
-0.9450002 8.1825 -0.9449999 844D36 0.45
3.78 8.1825 -0.9450006 CEC3B7 0.45
-8.977501 8.654999 -0.4724989 633929 0.45
-1.4175 8.654999 -0.9450001 764231 0.45
-0.9450002 8.654999 -0.9449999 844D36 0.45
3.3075 8.654999 -0.9450006 844D36 0.45
4.2525 8.654999 -0.9450006 CEC3B7 0.45
-8.977501 9.1275 -0.4724989 633929 0.45
-1.89 9.1275 -0.9449999 764231 0.45
-5.1975 9.1275 -0.9449997 844D36 0.45
1.89 9.1275 -0.9450003 844D36 0.45
-1.4175 9.1275 -0.9450001 844D36 0.45
1.4175 9.1275 -0.9450002 966242 0.45
2.3625 9.1275 -0.9450003 966242 0.45
2.835 9.1275 -0.9450003 764231 0.45
4.2525 10.0725 -0.9450006 CEC3B7 0.45
-5.670001 9.599999 -0.9449997 844D36 0.45
-5.1975 9.599999 -0.9449997 844D36 0.45
-1.4175 9.599999 -0.9450001 844D36 0.45
2.3625 9.599999 -0.9450003 764231 0.45
4.2525 9.599999 -0.9450006 CEC3B7 0.45
-8.032501 10.0725 -0.9449987 8E5939 0.45
-7.56 10.0725 -0.9449987 8E5939 0.45
-5.670001 10.0725 -0.9449997 844D36 0.45
-1.89 10.0725 -0.9449999 764231 0.45
-5.1975 10.0725 -0.9449997 844D36 0.45
1.4175 10.0725 -0.9450002 844D36 0.45
-1.4175 10.0725 -0.9450001 844D36 0.45
2.3625 10.0725 -0.9450003 764231 0.45
4.2525 12.435 -0.9450006 633929 0.45
4.725 11.49 -0.9450006 633929 0.45
-7.087501 10.545 -0.9449987 8E5939 0.45
-7.56 10.545 -0.9449987 8E5939 0.45
-5.670001 10.545 -0.9449997 844D36 0.45
-2.3625 10.545 -0.9449997 764231 0.45
-5.1975 10.545 -0.9449997 844D36 0.45
-1.89 10.545 -0.9449999 844D36 0.45
1.89 10.545 -0.9450003 764231 0.45
4.2525 10.545 -0.9450006 D9CDC3 0.45
5.1975 11.0175 -0.9450006 CEC3B7 0.45
5.670001 11.0175 -0.9450006 CEC3B7 0.45
-1.4175 11.0175 -0.9450001 966242 0.45
-6.615001 11.0175 -0.9449992 966242 0.45
-6.1425 11.0175 -0.9449992 966242 0.45
-5.670001 11.0175 -0.9449997 966242 0.45
-5.1975 11.0175 -0.9449997 966242 0.45
-4.725 10.545 -0.9449997 966242 0.45
-4.2525 10.545 -0.9449997 966242 0.45
-3.78 10.545 -0.9449997 966242 0.45
-3.3075 10.545 -0.9449997 966242 0.45
-2.835001 10.545 -0.9449999 966242 0.45
-1.89 11.0175 -0.9449999 966242 0.45
1.4175 11.0175 -0.9450002 844D36 0.45
1.89 11.0175 -0.9450003 764231 0.45
4.725 11.0175 -0.9450006 633929 0.45
4.2525 11.0175 -0.9450006 D9CDC3 0.45
5.1975 13.8525 -0.9450006 523025 0.45
1.4175 11.49 -0.9450002 8E5939 0.45
-0.9450002 11.0175 -0.9449999 966242 0.45
-0.4725001 11.0175 -0.945 966242 0.45
-1.192093E-07 11.0175 -0.9450001 966242 0.45
0.4724999 11.49 -0.9450001 966242 0.45
0.9449999 11.49 -0.9450002 966242 0.45
2.835 11.49 -0.9450003 CEC3B7 0.45
3.78 11.49 -0.9450006 844D36 0.45
5.670001 11.49 -0.9450006 D9CDC3 0.45
7.56 11.49 -0.9450011 764231 0.45
8.032501 11.49 -0.9450011 D9CDC3 0.45
8.505 11.49 -0.4725008 D9CDC3 0.45
8.977501 11.49 -0.4725008 D9CDC3 0.45
9.450001 11.49 -0.4725008 D9CDC3 0.45
1.89 11.9625 -0.9450003 8E5939 0.45
4.725 11.9625 -0.9450006 633929 0.45
3.78 11.9625 -0.9450006 844D36 0.45
5.1975 11.9625 -0.9450006 D9CDC3 0.45
8.032501 11.9625 -0.9450011 D9CDC3 0.45
8.505 11.9625 -0.9450011 D9CDC3 0.45
2.3625 12.435 -0.9450003 DED3C6 0.45
3.78 12.435 -0.9450006 844D36 0.45
5.1975 12.435 -0.9450006 D9CDC3 0.45
8.032501 12.435 -0.9450011 764231 0.45
7.56 12.435 -0.9450011 764231 0.45
3.3075 12.9075 -0.9450006 DED3C6 0.45
2.835 12.435 -0.9450003 DED3C6 0.45
4.2525 12.9075 -0.9450006 633929 0.45
4.725 12.9075 -0.9450006 D9CDC3 0.45
8.032501 12.9075 -0.9450011 844D36 0.45
3.78 13.38 -0.9450006 DED3C6 0.45
4.2525 13.38 -0.9450006 D9CDC3 0.45
7.56 13.38 -0.9450011 966242 0.45
4.2525 13.8525 -0.9450006 8E5939 0.45
4.725 13.8525 -1.890001 523025 0.45
7.087501 13.8525 -0.9450011 966242 0.45
5.670001 14.325 -0.9450006 9C6D45 0.45
6.1425 14.325 -0.9450011 9C6D45 0.45
6.615001 14.325 -0.9450011 9C6D45 0.45
5.1975 14.7975 -0.9450006 8E5939 0.45
-8.505 2.985 -1.4175 422C24 0.45
-8.032501 0.15 -1.4175 AD9A7B 0.45
-7.56 0.15 -1.4175 AD9A7B 0.45
-7.087501 0.15 -1.4175 AD9A7B 0.45
-6.615001 0.15 -1.4175 AD9A7B 0.45
-6.1425 4.875 -1.417499 633929 0.45
-5.670001 5.3475 -1.4175 422C24 0.45
-5.1975 5.82 -1.4175 633929 0.45
-4.725 6.765 -1.4175 633929 0.45
-3.78 6.765 -1.4175 D9CDC3 0.45
-3.3075 6.2925 -1.4175 C0B59F 0.45
-2.835001 6.2925 -1.4175 C0B59F 0.45
-2.3625 6.2925 -1.4175 C0B59F 0.45
-1.89 5.82 -1.4175 C0B59F 0.45
-1.4175 5.82 -1.4175 C0B59F 0.45
-0.9450002 5.82 -1.4175 C0B59F 0.45
-0.4725001 5.82 -1.4175 C0B59F 0.45
-1.192093E-07 5.82 -1.4175 C0B59F 0.45
0.4724999 5.82 -1.4175 C0B59F 0.45
0.9449999 4.4025 -1.4175 CEC3B7 0.45
1.4175 1.5675 -1.4175 CEC3B7 0.45
1.89 0.15 -1.4175 AD9A7B 0.45
2.3625 0.15 -1.4175 AD9A7B 0.45
2.835 0.15 -1.4175 AD9A7B 0.45
3.3075 0.15 -1.417501 AD9A7B 0.45
3.78 7.2375 -1.4175 CEC3B7 0.45
4.2525 13.8525 -1.4175 764231 0.45
4.725 11.49 -1.4175 633929 0.45
5.1975 10.545 -1.4175 633929 0.45
5.670001 10.545 -1.4175 CEC3B7 0.45
6.1425 10.545 -1.417501 CEC3B7 0.45
6.615001 11.49 -1.417501 844D36 0.45
-8.032501 0.6224999 -1.4175 CEC3B7 0.45
-8.032501 1.095 -1.4175 C0B59F 0.45
-7.56 0.6224999 -1.4175 CEC3B7 0.45
-7.56 1.095 -1.4175 C0B59F 0.45
-7.087501 3.4575 -1.4175 633929 0.45
-6.615001 3.93 -1.4175 633929 0.45
-6.615001 0.6224999 -1.4175 CEC3B7 0.45
2.835 0.6224999 -1.4175 DED3C6 0.45
2.3625 0.6224999 -1.4175 DED3C6 0.45
3.3075 6.765 -1.417501 CEC3B7 0.45
3.3075 0.6224999 -1.417501 CEC3B7 0.45
-8.505 1.095 -1.4175 CEC3B7 0.45
-8.032501 2.985 -1.4175 422C24 0.45
1.4175 1.095 -1.4175 CEC3B7 0.45
-7.087501 0.6224999 -1.4175 CEC3B7 0.45
1.89 3.4575 -1.4175 C0B59F 0.45
2.835 6.2925 -1.4175 CEC3B7 0.45
2.835 1.095 -1.4175 CEC3B7 0.45
-8.505 1.5675 -1.4175 CEC3B7 0.45
-8.032501 1.5675 -1.4175 DED3C6 0.45
-7.56 2.5125 -1.4175 422C24 0.45
-7.56 1.5675 -1.4175 CEC3B7 0.45
2.3625 4.875 -1.4175 CEC3B7 0.45
-8.505 2.04 -1.4175 CEC3B7 0.45
-7.56 2.04 -1.4175 CEC3B7 0.45
-8.505 2.5125 -1.4175 CEC3B7 0.45
2.3625 2.5125 -1.4175 CEC3B7 0.45
-8.032501 5.82 -1.4175 633929 0.45
0.9449999 2.985 -1.4175 CEC3B7 0.45
-7.56 5.3475 -1.4175 422C24 0.45
-7.56 2.985 -1.4175 CEC3B7 0.45
-7.087501 2.985 -1.4175 633929 0.45
2.3625 2.985 -1.4175 CEC3B7 0.45
-8.505 3.4575 -1.4175 633929 0.45
-8.505 6.765 -1.4175 633929 0.45
-8.032501 3.4575 -1.4175 DED3C6 0.45
0.9449999 3.4575 -1.4175 CEC3B7 0.45
-7.087501 5.3475 -1.4175 422C24 0.45
1.4175 5.82 -1.4175 C0B59F 0.45
1.4175 3.4575 -1.4175 DED3C6 0.45
1.89 5.82 -1.4175 C0B59F 0.45
2.3625 3.4575 -1.4175 CEC3B7 0.45
-8.032501 3.93 -1.4175 633929 0.45
0.9449999 3.93 -1.4175 CEC3B7 0.45
2.3625 3.93 -1.4175 CEC3B7 0.45
-8.032501 4.4025 -1.4175 633929 0.45
-6.615001 5.3475 -1.4175 422C24 0.45
-6.1425 4.4025 -1.417499 633929 0.45
2.3625 4.4025 -1.4175 CEC3B7 0.45
-7.56 4.875 -1.4175 633929 0.45
0.9449999 4.875 -1.4175 CEC3B7 0.45
-6.1425 5.3475 -1.417499 422C24 0.45
0.9449999 5.82 -1.4175 C0B59F 0.45
-7.56 7.2375 -1.4175 633929 0.45
-7.087501 7.2375 -1.4175 633929 0.45
0.9449999 5.3475 -1.4175 CEC3B7 0.45
-6.615001 6.765 -1.4175 633929 0.45
-6.1425 6.765 -1.417499 633929 0.45
-5.670001 6.765 -1.4175 633929 0.45
2.3625 5.82 -1.4175 422C24 0.45
2.3625 5.3475 -1.4175 CEC3B7 0.45
-0.9450002 6.2925 -1.4175 CEC3B7 0.45
1.4175 10.545 -1.4175 844D36 0.45
1.89 9.599999 -1.4175 844D36 0.45
2.3625 8.654999 -1.4175 844D36 0.45
-8.032501 6.2925 -1.4175 633929 0.45
-8.032501 7.2375 -1.4175 633929 0.45
-5.1975 6.765 -1.4175 633929 0.45
-4.725 6.2925 -1.4175 633929 0.45
-1.89 9.599999 -1.4175 764231 0.45
-1.4175 7.71 -1.4175 764231 0.45
0.4724999 6.2925 -1.4175 633929 0.45
-0.4725001 6.2925 -1.4175 D9CDC3 0.45
1.4175 6.2925 -1.4175 D9CDC3 0.45
1.89 6.2925 -1.4175 D9CDC3 0.45
-4.2525 6.765 -1.4175 D9CDC3 0.45
-0.9450002 6.765 -1.4175 CEC3B7 0.45
0.4724999 6.765 -1.4175 633929 0.45
2.835 7.71 -1.4175 D9CDC3 0.45
-8.505 7.2375 -1.4175 633929 0.45
-3.78 7.2375 -1.4175 D9CDC3 0.45
-5.1975 7.2375 -1.4175 D9CDC3 0.45
-4.725 7.2375 -1.4175 D9CDC3 0.45
-4.2525 7.2375 -1.4175 D9CDC3 0.45
-1.4175 7.2375 -1.4175 764231 0.45
0.4724999 7.2375 -1.4175 633929 0.45
-0.9450002 7.2375 -1.4175 844D36 0.45
3.3075 7.2375 -1.417501 D9CDC3 0.45
-8.505 7.71 -1.4175 633929 0.45
-3.78 7.71 -1.4175 844D36 0.45
-5.1975 7.71 -1.4175 844D36 0.45
-4.725 7.71 -1.4175 844D36 0.45
-4.2525 7.71 -1.4175 844D36 0.45
-0.9450002 7.71 -1.4175 844D36 0.45
0.9449999 7.71 -1.4175 844D36 0.45
3.78 7.71 -1.4175 633929 0.45
-8.505 8.1825 -1.4175 633929 0.45
-4.2525 8.1825 -1.4175 844D36 0.45
-5.1975 8.1825 -1.4175 844D36 0.45
-4.725 8.1825 -1.4175 844D36 0.45
-1.4175 8.1825 -1.4175 764231 0.45
0.9449999 8.1825 -1.4175 844D36 0.45
-0.9450002 8.1825 -1.4175 844D36 0.45
2.835 8.1825 -1.4175 D9CDC3 0.45
3.3075 8.1825 -1.417501 CEC3B7 0.45
3.78 8.1825 -1.4175 CEC3B7 0.45
-8.505 8.654999 -1.4175 633929 0.45
-4.2525 8.654999 -1.4175 844D36 0.45
-5.1975 8.654999 -1.4175 844D36 0.45
-4.725 8.654999 -1.4175 844D36 0.45
-1.4175 8.654999 -1.4175 764231 0.45
1.4175 8.654999 -1.4175 844D36 0.45
3.3075 8.654999 -1.417501 844D36 0.45
4.2525 8.654999 -1.4175 CEC3B7 0.45
-8.505 9.1275 -1.4175 844D36 0.45
-4.2525 9.1275 -1.4175 844D36 0.45
-5.1975 9.1275 -1.4175 844D36 0.45
-4.725 9.1275 -1.4175 844D36 0.45
-1.89 9.1275 -1.4175 764231 0.45
-1.4175 9.1275 -1.4175 844D36 0.45
2.3625 9.1275 -1.4175 844D36 0.45
1.4175 9.1275 -1.4175 966242 0.45
1.89 9.1275 -1.4175 966242 0.45
2.835 9.1275 -1.4175 764231 0.45
4.2525 9.1275 -1.4175 D9CDC3 0.45
-8.032501 9.599999 -1.4175 844D36 0.45
-4.2525 9.599999 -1.4175 844D36 0.45
-5.670001 9.599999 -1.4175 8E5939 0.45
-6.1425 9.599999 -1.417499 8E5939 0.45
-5.1975 9.599999 -1.4175 844D36 0.45
-4.725 9.599999 -1.4175 844D36 0.45
-1.4175 9.599999 -1.4175 844D36 0.45
2.3625 9.599999 -1.4175 764231 0.45
4.2525 9.599999 -1.4175 D9CDC3 0.45
3.78 9.599999 -1.4175 D9CDC3 0.45
-8.032501 10.0725 -1.4175 8E5939 0.45
-7.56 10.0725 -1.4175 8E5939 0.45
-4.2525 10.0725 -1.4175 844D36 0.45
-7.087501 9.599999 -1.4175 8E5939 0.45
-6.615001 9.599999 -1.4175 8E5939 0.45
-5.1975 10.0725 -1.4175 844D36 0.45
-4.725 10.0725 -1.4175 844D36 0.45
-1.89 10.0725 -1.4175 764231 0.45
1.89 10.0725 -1.4175 844D36 0.45
2.3625 10.0725 -1.4175 764231 0.45
3.78 10.0725 -1.4175 844D36 0.45
3.3075 10.0725 -1.417501 844D36 0.45
4.2525 10.0725 -1.4175 D9CDC3 0.45
-7.087501 10.545 -1.4175 8E5939 0.45
-7.56 10.545 -1.4175 8E5939 0.45
-4.2525 10.545 -1.4175 844D36 0.45
-5.1975 10.545 -1.4175 844D36 0.45
-4.725 10.545 -1.4175 844D36 0.45
-2.3625 10.545 -1.4175 764231 0.45
-1.89 10.545 -1.4175 844D36 0.45
1.89 10.545 -1.4175 764231 0.45
3.3075 10.545 -1.417501 844D36 0.45
2.835 10.545 -1.4175 844D36 0.45
3.78 10.545 -1.4175 844D36 0.45
4.2525 10.545 -1.4175 D9CDC3 0.45
4.725 10.545 -0.9450006 D9CDC3 0.45
-1.4175 11.0175 -1.4175 966242 0.45
-6.615001 11.0175 -1.4175 966242 0.45
-6.1425 11.0175 -1.417499 966242 0.45
-5.670001 11.0175 -1.4175 966242 0.45
-5.1975 11.0175 -1.4175 966242 0.45
-3.78 10.545 -1.4175 966242 0.45
-3.3075 10.545 -1.4175 966242 0.45
-2.835001 10.545 -1.4175 966242 0.45
-1.89 11.0175 -1.4175 966242 0.45
1.4175 11.0175 -1.4175 844D36 0.45
4.725 11.0175 -1.4175 633929 0.45
1.89 11.0175 -1.4175 764231 0.45
2.835 11.0175 -1.4175 844D36 0.45
2.3625 11.0175 -1.4175 844D36 0.45
3.3075 11.0175 -1.417501 844D36 0.45
3.78 11.0175 -1.4175 844D36 0.45
5.1975 14.325 -1.4175 523025 0.45
6.615001 11.0175 -1.417501 844D36 0.45
1.4175 11.49 -1.4175 8E5939 0.45
-0.9450002 11.0175 -1.4175 966242 0.45
-0.4725001 11.0175 -1.4175 966242 0.45
-1.192093E-07 11.0175 -1.4175 966242 0.45
0.4724999 11.49 -1.4175 966242 0.45
0.9449999 11.49 -1.4175 966242 0.45
2.3625 11.49 -1.4175 844D36 0.45
2.835 11.49 -1.4175 844D36 0.45
3.3075 11.49 -1.417501 844D36 0.45
4.2525 11.49 -0.9450006 D9CDC3 0.45
5.1975 11.49 -0.9450006 D9CDC3 0.45
7.087501 11.49 -0.9450011 764231 0.45
1.89 11.9625 -1.4175 8E5939 0.45
2.3625 11.9625 -1.4175 844D36 0.45
4.725 11.9625 -1.4175 633929 0.45
2.835 11.9625 -1.4175 844D36 0.45
3.3075 11.9625 -0.9450006 D9CDC3 0.45
4.2525 11.9625 -0.9450006 D9CDC3 0.45
4.725 13.8525 -1.4175 523025 0.45
7.087501 11.9625 -1.417501 844D36 0.45
4.725 12.435 -1.4175 633929 0.45
2.835 12.435 -1.4175 D9CDC3 0.45
3.3075 12.435 -0.9450006 D9CDC3 0.45
4.725 12.435 -0.9450006 D9CDC3 0.45
7.087501 12.435 -1.417501 844D36 0.45
6.615001 12.435 -1.417501 844D36 0.45
4.2525 12.9075 -1.4175 633929 0.45
3.78 12.9075 -0.9450006 D9CDC3 0.45
7.087501 12.9075 -1.417501 422C24 0.45
7.56 12.9075 -0.9450011 422C24 0.45
4.2525 13.38 -1.4175 633929 0.45
7.087501 13.38 -1.417501 844D36 0.45
7.087501 13.8525 -1.417501 844D36 0.45
4.725 14.325 -1.4175 8E5939 0.45
4.2525 14.325 -1.4175 8E5939 0.45
6.1425 14.325 -1.417501 9C6D45 0.45
6.615001 14.325 -1.417501 9C6D45 0.45
5.1975 14.7975 -1.4175 844D36 0.45
5.670001 14.7975 -1.4175 764231 0.45
-8.505 2.985 -1.889999 422C24 0.45
-8.032501 0.15 -1.889999 AD9A7B 0.45
-7.56 0.15 -1.889999 AD9A7B 0.45
-7.087501 0.15 -1.889999 AD9A7B 0.45
-6.615001 0.15 -1.889999 AD9A7B 0.45
-6.142501 4.875 -1.889999 633929 0.45
-5.670001 5.3475 -1.89 422C24 0.45
-5.1975 5.82 -1.889999 633929 0.45
-4.725 6.765 -1.889999 633929 0.45
0.9449998 4.4025 -1.89 CEC3B7 0.45
1.4175 1.5675 -1.89 CEC3B7 0.45
1.89 0.15 -1.89 AD9A7B 0.45
2.3625 0.15 -1.89 AD9A7B 0.45
2.835 0.15 -1.89 AD9A7B 0.45
3.3075 0.15 -1.890001 AD9A7B 0.45
5.1975 10.545 -1.890001 633929 0.45
5.67 10.545 -1.890001 844D36 0.45
-8.032501 0.6224999 -1.889999 CEC3B7 0.45
-8.032501 1.095 -1.889999 C0B59F 0.45
-7.56 0.6224999 -1.889999 CEC3B7 0.45
-7.56 1.095 -1.889999 C0B59F 0.45
1.89 0.6224999 -1.89 CEC3B7 0.45
-7.087501 3.4575 -1.889999 633929 0.45
-6.615001 3.93 -1.889999 633929 0.45
-6.615001 0.6224999 -1.889999 CEC3B7 0.45
1.89 1.095 -1.89 C0B59F 0.45
2.3625 1.095 -1.89 C0B59F 0.45
2.835 0.6224999 -1.89 DED3C6 0.45
2.3625 0.6224999 -1.89 DED3C6 0.45
3.3075 7.2375 -1.890001 633929 0.45
3.3075 0.6224999 -1.890001 CEC3B7 0.45
-8.505 1.095 -1.889999 CEC3B7 0.45
-8.032501 2.985 -1.889999 422C24 0.45
1.4175 1.095 -1.89 CEC3B7 0.45
-7.087501 0.6224999 -1.889999 CEC3B7 0.45
1.89 3.4575 -1.89 C0B59F 0.45
2.835 6.2925 -1.89 633929 0.45
2.835 1.095 -1.89 CEC3B7 0.45
-8.505 1.5675 -1.889999 CEC3B7 0.45
-8.032501 1.5675 -1.889999 DED3C6 0.45
-7.56 2.5125 -1.889999 422C24 0.45
-7.56 1.5675 -1.889999 CEC3B7 0.45
1.89 1.5675 -1.89 DED3C6 0.45
2.3625 4.875 -1.89 CEC3B7 0.45
2.3625 1.5675 -1.89 CEC3B7 0.45
-8.505 2.04 -1.889999 CEC3B7 0.45
1.4175 2.04 -1.89 CEC3B7 0.45
-7.56 2.04 -1.889999 CEC3B7 0.45
1.4175 2.985 -1.89 C0B59F 0.45
2.3625 2.04 -1.89 CEC3B7 0.45
-8.505 2.5125 -1.889999 CEC3B7 0.45
1.4175 2.5125 -1.89 CEC3B7 0.45
2.3625 2.5125 -1.89 CEC3B7 0.45
-8.032501 5.82 -1.889999 633929 0.45
0.9449998 2.985 -1.89 CEC3B7 0.45
-7.56 5.3475 -1.889999 422C24 0.45
-7.56 2.985 -1.889999 CEC3B7 0.45
-7.087501 2.985 -1.889999 633929 0.45
2.3625 2.985 -1.89 CEC3B7 0.45
-8.505 3.4575 -1.889999 633929 0.45
-8.505 6.765 -1.889999 633929 0.45
-8.032501 3.4575 -1.889999 DED3C6 0.45
0.9449998 3.4575 -1.89 CEC3B7 0.45
-7.087501 5.3475 -1.889999 422C24 0.45
1.4175 5.82 -1.89 422C24 0.45
1.4175 3.4575 -1.89 DED3C6 0.45
1.89 5.82 -1.89 422C24 0.45
2.3625 3.4575 -1.89 CEC3B7 0.45
-8.032501 3.93 -1.889999 633929 0.45
0.9449998 3.93 -1.89 CEC3B7 0.45
2.3625 3.93 -1.89 CEC3B7 0.45
-8.032501 4.4025 -1.889999 633929 0.45
-6.615001 5.3475 -1.889999 422C24 0.45
-6.142501 4.4025 -1.889999 633929 0.45
2.3625 4.4025 -1.89 CEC3B7 0.45
-7.56 4.875 -1.889999 633929 0.45
0.9449998 4.875 -1.89 CEC3B7 0.45
-6.142501 5.3475 -1.889999 422C24 0.45
0.9449998 5.82 -1.89 422C24 0.45
0.9449998 5.3475 -1.89 CEC3B7 0.45
2.3625 5.82 -1.89 422C24 0.45
2.3625 5.3475 -1.89 CEC3B7 0.45
-0.4725003 5.82 -1.89 D9CDC3 0.45
-2.384186E-07 5.82 -1.89 D9CDC3 0.45
0.4724998 5.82 -1.89 D9CDC3 0.45
-8.032501 6.2925 -1.889999 633929 0.45
0.4724998 6.2925 -1.89 633929 0.45
-4.725 6.2925 -1.889999 633929 0.45
-1.89 6.2925 -1.4175 D9CDC3 0.45
-1.4175 6.2925 -1.4175 D9CDC3 0.45
-0.9450003 6.2925 -1.89 D9CDC3 0.45
-0.4725003 6.2925 -1.89 D9CDC3 0.45
-2.384186E-07 6.2925 -1.89 D9CDC3 0.45
0.9449998 6.2925 -1.89 D9CDC3 0.45
1.4175 6.2925 -1.89 D9CDC3 0.45
1.89 6.2925 -1.89 D9CDC3 0.45
2.3625 6.2925 -1.4175 D9CDC3 0.45
0.4724998 6.765 -1.89 633929 0.45
-3.3075 6.765 -1.4175 D9CDC3 0.45
-2.835001 6.765 -1.4175 D9CDC3 0.45
-2.3625 6.765 -1.4175 D9CDC3 0.45
-1.89 6.765 -1.4175 D9CDC3 0.45
-1.4175 6.765 -1.4175 D9CDC3 0.45
-0.9450003 6.765 -1.89 D9CDC3 0.45
-0.4725003 6.765 -1.89 D9CDC3 0.45
-2.384186E-07 6.765 -1.89 D9CDC3 0.45
0.9449998 6.765 -1.89 D9CDC3 0.45
1.4175 6.765 -1.89 D9CDC3 0.45
1.89 6.765 -1.89 D9CDC3 0.45
2.3625 6.765 -1.89 D9CDC3 0.45
2.835 6.765 -1.89 D9CDC3 0.45
-8.505 7.2375 -1.889999 633929 0.45
0.4724998 7.2375 -1.89 633929 0.45
-6.615001 7.2375 -1.4175 844D36 0.45
-6.1425 7.2375 -1.417499 844D36 0.45
-5.670001 7.2375 -1.4175 844D36 0.45
-4.252501 7.2375 -1.89 633929 0.45
-3.3075 7.2375 -1.4175 D9CDC3 0.45
-2.835001 7.2375 -1.4175 D9CDC3 0.45
-2.3625 7.2375 -1.4175 844D36 0.45
-1.89 7.2375 -1.4175 844D36 0.45
-0.9450003 7.2375 -1.89 844D36 0.45
-0.4725003 7.2375 -1.89 D9CDC3 0.45
-2.384186E-07 7.2375 -1.89 D9CDC3 0.45
0.9449998 7.2375 -1.89 D9CDC3 0.45
1.4175 7.2375 -1.89 D9CDC3 0.45
1.89 7.2375 -1.89 D9CDC3 0.45
2.3625 7.2375 -1.89 D9CDC3 0.45
2.835 7.2375 -1.89 D9CDC3 0.45
-8.505 7.71 -1.889999 633929 0.45
0.9449998 7.71 -1.89 844D36 0.45
-8.032501 7.71 -1.4175 844D36 0.45
-7.56 7.71 -1.4175 844D36 0.45
-7.087501 7.71 -1.4175 844D36 0.45
-6.615001 7.71 -1.4175 844D36 0.45
-6.1425 7.71 -1.417499 844D36 0.45
-5.670001 7.71 -1.4175 844D36 0.45
-4.725 7.71 -1.889999 844D36 0.45
-3.3075 7.71 -1.4175 844D36 0.45
-2.835001 7.71 -1.4175 844D36 0.45
-2.3625 7.71 -1.4175 844D36 0.45
-1.89 7.71 -1.4175 844D36 0.45
-0.9450003 7.71 -1.89 844D36 0.45
-0.4725003 7.71 -1.89 844D36 0.45
-2.384186E-07 7.71 -1.89 844D36 0.45
0.4724998 7.71 -1.89 844D36 0.45
1.4175 7.71 -1.89 D9CDC3 0.45
1.89 7.71 -1.89 D9CDC3 0.45
2.3625 7.71 -1.89 D9CDC3 0.45
2.835 7.71 -1.89 D9CDC3 0.45
3.3075 7.71 -1.890001 D9CDC3 0.45
3.78 7.71 -1.890001 633929 0.45
-8.505 8.1825 -1.889999 633929 0.45
0.9449998 8.1825 -1.89 844D36 0.45
-8.032501 8.1825 -1.4175 844D36 0.45
-7.56 8.1825 -1.4175 844D36 0.45
-7.087501 8.1825 -1.4175 844D36 0.45
-6.615001 8.1825 -1.4175 844D36 0.45
-6.1425 8.1825 -1.417499 844D36 0.45
-5.670001 8.1825 -1.4175 844D36 0.45
-4.725 8.1825 -1.889999 844D36 0.45
-3.78 8.1825 -1.4175 844D36 0.45
-3.3075 8.1825 -1.4175 844D36 0.45
-2.835001 8.1825 -1.4175 844D36 0.45
-2.3625 8.1825 -1.4175 844D36 0.45
-1.89 8.1825 -1.4175 844D36 0.45
-1.4175 8.1825 -1.89 844D36 0.45
-0.9450003 8.1825 -1.89 844D36 0.45
-0.4725003 8.1825 -1.89 844D36 0.45
-2.384186E-07 8.1825 -1.89 844D36 0.45
0.4724998 8.1825 -1.89 844D36 0.45
1.4175 8.1825 -1.89 844D36 0.45
1.89 8.1825 -1.89 844D36 0.45
2.3625 8.1825 -1.89 844D36 0.45
2.835 8.1825 -1.89 D9CDC3 0.45
3.3075 8.1825 -1.890001 D9CDC3 0.45
-8.505 8.654999 -1.889999 633929 0.45
1.4175 8.654999 -1.89 844D36 0.45
-8.032501 8.654999 -1.4175 844D36 0.45
-7.56 8.654999 -1.4175 844D36 0.45
-7.087501 8.654999 -1.4175 844D36 0.45
-6.615001 8.654999 -1.4175 844D36 0.45
-6.1425 8.654999 -1.417499 844D36 0.45
-5.670001 8.654999 -1.4175 844D36 0.45
-5.1975 8.654999 -1.889999 844D36 0.45
-3.78 8.654999 -1.4175 844D36 0.45
-3.3075 8.654999 -1.4175 844D36 0.45
-2.835001 8.654999 -1.4175 844D36 0.45
-2.3625 8.654999 -1.4175 844D36 0.45
-1.89 8.654999 -1.4175 844D36 0.45
-1.4175 8.654999 -1.89 844D36 0.45
-0.9450003 8.654999 -1.89 844D36 0.45
-0.4725003 8.654999 -1.89 844D36 0.45
-2.384186E-07 8.654999 -1.89 844D36 0.45
0.4724998 8.654999 -1.89 844D36 0.45
0.9449998 8.654999 -1.89 844D36 0.45
1.89 8.654999 -1.89 844D36 0.45
2.3625 8.654999 -1.89 844D36 0.45
2.835 8.654999 -1.89 844D36 0.45
3.3075 8.654999 -1.890001 844D36 0.45
3.78 8.654999 -1.4175 D9CDC3 0.45
-8.505 9.1275 -1.889999 844D36 0.45
-8.032501 9.1275 -1.4175 844D36 0.45
-7.56 9.1275 -1.4175 844D36 0.45
-7.087501 9.1275 -1.4175 844D36 0.45
-6.615001 9.1275 -1.4175 844D36 0.45
-6.1425 9.1275 -1.417499 844D36 0.45
-5.670001 9.1275 -1.4175 844D36 0.45
-5.1975 9.1275 -1.889999 844D36 0.45
-5.670001 9.1275 -1.89 8E5939 0.45
-3.78 9.1275 -1.4175 844D36 0.45
-3.3075 9.1275 -1.4175 844D36 0.45
-2.835001 9.1275 -1.4175 844D36 0.45
-2.3625 9.1275 -1.4175 844D36 0.45
-1.4175 9.1275 -1.89 844D36 0.45
-0.9450003 9.1275 -1.89 844D36 0.45
-0.4725003 9.1275 -1.89 844D36 0.45
-2.384186E-07 9.1275 -1.89 844D36 0.45
0.4724998 9.1275 -1.89 844D36 0.45
0.9449998 9.1275 -1.89 844D36 0.45
1.4175 9.1275 -1.89 966242 0.45
1.89 9.1275 -1.89 966242 0.45
2.3625 9.1275 -1.89 966242 0.45
2.835 9.1275 -1.89 966242 0.45
3.3075 9.1275 -1.417501 844D36 0.45
3.78 9.1275 -1.4175 D9CDC3 0.45
-8.032501 9.599999 -1.889999 844D36 0.45
-7.56 9.599999 -1.4175 844D36 0.45
-7.087501 9.599999 -1.889999 8E5939 0.45
-7.56 9.599999 -1.889999 8E5939 0.45
-6.615001 9.599999 -1.889999 8E5939 0.45
-6.142501 9.1275 -1.889999 8E5939 0.45
-6.142501 9.599999 -1.889999 8E5939 0.45
-3.78 9.599999 -1.4175 844D36 0.45
-3.3075 9.599999 -1.4175 844D36 0.45
-2.835001 9.599999 -1.4175 844D36 0.45
-2.3625 9.599999 -1.4175 844D36 0.45
-1.89 9.599999 -1.89 844D36 0.45
-1.4175 9.599999 -1.89 844D36 0.45
-0.9450003 9.599999 -1.89 844D36 0.45
-0.4725003 9.599999 -1.89 844D36 0.45
-2.384186E-07 9.599999 -1.89 844D36 0.45
0.4724998 9.599999 -1.89 844D36 0.45
0.9449998 9.599999 -1.89 844D36 0.45
1.4175 9.599999 -1.89 844D36 0.45
1.89 9.599999 -1.89 844D36 0.45
2.3625 9.599999 -1.89 844D36 0.45
2.835 9.599999 -1.4175 844D36 0.45
3.3075 9.599999 -1.417501 844D36 0.45
-7.087501 10.0725 -1.4175 844D36 0.45
-6.615001 10.0725 -1.4175 844D36 0.45
-6.1425 10.0725 -1.417499 844D36 0.45
-5.670001 10.0725 -1.4175 844D36 0.45
-3.78 10.0725 -1.4175 844D36 0.45
-3.3075 10.0725 -1.4175 844D36 0.45
-2.835001 10.0725 -1.4175 844D36 0.45
-2.3625 10.0725 -1.4175 844D36 0.45
-1.89 10.0725 -1.89 844D36 0.45
-1.4175 10.0725 -1.89 844D36 0.45
-0.9450003 10.0725 -1.89 844D36 0.45
-0.4725003 10.0725 -1.89 844D36 0.45
-2.384186E-07 10.0725 -1.89 844D36 0.45
0.4724998 10.0725 -1.89 844D36 0.45
0.9449998 10.0725 -1.89 844D36 0.45
1.4175 10.0725 -1.89 844D36 0.45
1.89 10.0725 -1.89 844D36 0.45
2.835 10.0725 -1.4175 844D36 0.45
-6.615001 10.545 -1.4175 844D36 0.45
-6.1425 10.545 -1.417499 844D36 0.45
-5.670001 10.545 -1.4175 844D36 0.45
-1.89 10.545 -1.89 844D36 0.45
-1.4175 10.545 -1.89 844D36 0.45
-0.9450003 10.545 -1.89 844D36 0.45
-0.4725003 10.545 -1.89 844D36 0.45
-2.384186E-07 10.545 -1.89 844D36 0.45
0.4724998 10.545 -1.89 844D36 0.45
0.9449998 10.545 -1.89 844D36 0.45
1.4175 10.545 -1.89 844D36 0.45
1.89 10.545 -1.89 844D36 0.45
2.3625 10.545 -1.4175 844D36 0.45
4.725 11.0175 -1.890001 633929 0.45
-1.4175 11.0175 -1.89 844D36 0.45
-0.9450003 11.0175 -1.89 844D36 0.45
-0.4725003 11.0175 -1.89 844D36 0.45
-2.384186E-07 11.0175 -1.89 844D36 0.45
0.4724998 11.0175 -1.89 844D36 0.45
0.9449998 11.0175 -1.89 844D36 0.45
1.4175 11.0175 -1.89 844D36 0.45
6.1425 11.0175 -1.417501 844D36 0.45
5.67 11.0175 -1.890001 844D36 0.45
1.89 11.49 -1.4175 844D36 0.45
6.1425 11.49 -1.890001 844D36 0.45
5.67 11.49 -1.890001 844D36 0.45
4.725 11.9625 -1.890001 633929 0.45
6.1425 11.9625 -1.890001 844D36 0.45
5.67 11.9625 -1.890001 844D36 0.45
4.725 12.435 -1.890001 844D36 0.45
6.1425 12.435 -1.890001 844D36 0.45
4.725 12.9075 -1.890001 844D36 0.45
5.1975 12.435 -1.890001 844D36 0.45
5.1975 12.9075 -1.890001 844D36 0.45
5.67 12.9075 -1.890001 844D36 0.45
6.1425 12.9075 -1.890001 844D36 0.45
6.615001 12.9075 -1.417501 844D36 0.45
4.725 13.38 -1.4175 844D36 0.45
5.1975 13.38 -1.890001 844D36 0.45
6.615001 13.38 -1.417501 844D36 0.45
5.1975 13.8525 -1.4175 844D36 0.45
5.670001 13.8525 -1.4175 844D36 0.45
6.1425 13.8525 -1.417501 844D36 0.45
6.1425 13.8525 -1.890001 764231 0.45
6.615001 13.8525 -1.417501 844D36 0.45
4.2525 14.325 -1.890001 8E5939 0.45
6.1425 14.325 -1.890001 764231 0.45
4.725 14.325 -1.890001 844D36 0.45
5.1975 14.325 -1.890001 844D36 0.45
5.67 14.325 -1.890001 844D36 0.45
0.9449998 5.82 -2.3625 422C24 0.45
1.4175 5.82 -2.3625 422C24 0.45
1.89 5.82 -2.3625 422C24 0.45
2.3625 5.82 -2.3625 422C24 0.45
2.835 6.2925 -2.3625 633929 0.45
3.3075 7.2375 -2.362501 633929 0.45
4.2525 13.8525 -2.362501 764231 0.45
5.67 13.38 -2.362501 844D36 0.45
6.1425 13.38 -2.362501 844D36 0.45
-8.032501 0.15 -2.362499 D9CDC3 0.45
-7.56 0.15 -2.362499 D9CDC3 0.45
-7.087501 0.15 -2.362499 D9CDC3 0.45
-6.615001 0.15 -2.362499 D9CDC3 0.45
-7.56 0.6224999 -2.362499 D9CDC3 0.45
-7.087501 0.6224999 -2.362499 D9CDC3 0.45
2.3625 0.6224999 -2.3625 D9CDC3 0.45
2.835 0.6224999 -2.3625 D9CDC3 0.45
-8.032501 2.04 -1.889999 D9CDC3 0.45
1.89 2.04 -1.89 D9CDC3 0.45
-8.032501 2.5125 -1.889999 D9CDC3 0.45
1.89 2.5125 -1.89 D9CDC3 0.45
-8.032501 2.985 -2.362499 844D36 0.45
-7.56 2.985 -2.362499 844D36 0.45
1.4175 2.985 -2.3625 D9CDC3 0.45
1.89 2.985 -2.3625 D9CDC3 0.45
-8.032501 3.4575 -2.362499 844D36 0.45
-7.56 3.4575 -2.362499 844D36 0.45
-7.087501 3.4575 -2.362499 844D36 0.45
1.4175 3.4575 -2.3625 D9CDC3 0.45
1.89 3.4575 -2.3625 D9CDC3 0.45
-8.032501 3.93 -2.362499 844D36 0.45
-7.56 3.93 -2.362499 844D36 0.45
-7.087501 3.93 -2.362499 844D36 0.45
1.4175 3.93 -2.3625 D9CDC3 0.45
1.89 3.93 -2.3625 D9CDC3 0.45
-7.56 4.4025 -2.362499 844D36 0.45
-7.087501 4.4025 -2.362499 844D36 0.45
-6.615001 4.4025 -2.362499 844D36 0.45
1.4175 4.4025 -2.3625 D9CDC3 0.45
1.89 4.4025 -2.3625 D9CDC3 0.45
-7.56 4.875 -2.362499 844D36 0.45
-7.087501 4.875 -2.362499 844D36 0.45
-6.615001 4.875 -2.362499 844D36 0.45
-6.142501 4.875 -2.362499 844D36 0.45
0.9449998 4.875 -2.3625 D9CDC3 0.45
1.4175 4.875 -2.3625 D9CDC3 0.45
1.89 4.875 -2.3625 D9CDC3 0.45
-7.56 5.3475 -2.362499 844D36 0.45
-7.087501 5.3475 -2.362499 844D36 0.45
-6.615001 5.3475 -2.362499 844D36 0.45
-6.142501 5.3475 -2.362499 844D36 0.45
-5.670001 5.3475 -2.3625 844D36 0.45
0.9449998 5.3475 -2.3625 D9CDC3 0.45
1.4175 5.3475 -2.3625 D9CDC3 0.45
1.89 5.3475 -2.3625 D9CDC3 0.45
2.3625 5.3475 -2.3625 D9CDC3 0.45
-7.56 5.82 -2.362499 844D36 0.45
-7.087501 5.82 -2.362499 844D36 0.45
-6.615001 5.82 -2.362499 844D36 0.45
-6.142501 5.82 -2.362499 844D36 0.45
-5.670001 5.82 -2.3625 844D36 0.45
0.4724998 6.2925 -2.3625 633929 0.45
-8.032501 6.2925 -2.362499 844D36 0.45
-7.56 6.2925 -2.362499 844D36 0.45
-7.087501 6.2925 -2.362499 844D36 0.45
-6.615001 6.2925 -2.362499 844D36 0.45
-6.142501 6.2925 -2.362499 844D36 0.45
-5.670001 6.2925 -2.3625 844D36 0.45
-5.1975 6.2925 -2.3625 844D36 0.45
0.4724998 6.765 -2.3625 633929 0.45
-8.032501 6.765 -2.362499 844D36 0.45
-7.56 6.765 -2.362499 844D36 0.45
-7.087501 6.765 -2.362499 844D36 0.45
-6.615001 6.765 -2.362499 844D36 0.45
-6.142501 6.765 -2.362499 844D36 0.45
-5.670001 6.765 -2.3625 844D36 0.45
-5.1975 6.765 -2.3625 844D36 0.45
-4.725 6.765 -2.3625 844D36 0.45
2.835 6.765 -2.3625 633929 0.45
0.4724998 7.2375 -2.3625 633929 0.45
-8.505 7.2375 -2.362499 844D36 0.45
-8.032501 7.2375 -2.362499 844D36 0.45
-7.56 7.2375 -2.362499 844D36 0.45
-7.087501 7.2375 -2.362499 844D36 0.45
-6.615001 7.2375 -2.362499 844D36 0.45
-6.142501 7.2375 -2.362499 844D36 0.45
-5.670001 7.2375 -2.3625 844D36 0.45
-5.1975 7.2375 -2.3625 844D36 0.45
-4.725 7.2375 -2.3625 844D36 0.45
1.89 7.71 -2.3625 8E5939 0.45
-8.505 7.71 -2.362499 844D36 0.45
-8.032501 7.71 -2.362499 844D36 0.45
-7.56 7.71 -2.362499 844D36 0.45
-7.087501 7.71 -2.362499 844D36 0.45
-6.615001 7.71 -2.362499 844D36 0.45
-6.142501 7.71 -2.362499 844D36 0.45
-5.670001 7.71 -2.3625 844D36 0.45
-5.1975 7.71 -2.3625 8E5939 0.45
-4.725 7.71 -2.3625 8E5939 0.45
0.9449998 7.71 -2.3625 8E5939 0.45
1.4175 7.71 -2.3625 8E5939 0.45
3.78 7.71 -2.362501 633929 0.45
-8.505 8.1825 -2.362499 844D36 0.45
-8.032501 8.1825 -2.362499 844D36 0.45
-7.56 8.1825 -2.362499 844D36 0.45
-7.087501 8.1825 -2.362499 844D36 0.45
-6.615001 8.1825 -2.362499 844D36 0.45
-6.142501 8.1825 -2.362499 8E5939 0.45
-5.670001 8.1825 -1.89 8E5939 0.45
-5.1975 8.1825 -1.889999 8E5939 0.45
1.4175 8.1825 -2.3625 8E5939 0.45
1.89 8.1825 -2.3625 8E5939 0.45
2.3625 7.71 -2.3625 8E5939 0.45
2.3625 8.1825 -2.3625 8E5939 0.45
2.835 7.71 -2.3625 8E5939 0.45
2.835 8.1825 -2.3625 8E5939 0.45
3.3075 8.1825 -2.362501 8E5939 0.45
-8.505 8.654999 -2.362499 844D36 0.45
-8.032501 8.654999 -2.362499 844D36 0.45
-7.56 8.654999 -2.362499 8E5939 0.45
-7.087501 8.654999 -2.362499 8E5939 0.45
-6.615001 8.654999 -1.889999 8E5939 0.45
-6.142501 8.654999 -1.889999 8E5939 0.45
-5.670001 8.654999 -1.89 8E5939 0.45
2.835 8.654999 -2.3625 8E5939 0.45
-8.505 9.1275 -2.362499 8E5939 0.45
-8.032501 9.1275 -2.362499 8E5939 0.45
-7.56 9.1275 -1.889999 8E5939 0.45
-7.087501 9.1275 -1.889999 8E5939 0.45
-6.615001 9.1275 -1.889999 8E5939 0.45
4.725 11.0175 -2.362501 844D36 0.45
5.1975 11.0175 -2.362501 844D36 0.45
4.725 11.49 -2.362501 844D36 0.45
5.1975 11.49 -2.362501 844D36 0.45
5.1975 11.9625 -1.890001 844D36 0.45
5.67 12.435 -1.890001 844D36 0.45
5.67 13.8525 -2.362501 844D36 0.45
5.1975 13.8525 -2.362501 844D36 0.45
6.1425 13.8525 -2.362501 844D36 0.45
4.725 13.8525 -2.362501 844D36 0.45
5.1975 13.38 -2.835001 764231 0.45
0.9449998 6.2925 -2.3625 844D36 0.45
1.4175 6.2925 -2.3625 844D36 0.45
1.89 6.2925 -2.3625 844D36 0.45
2.3625 6.2925 -2.3625 844D36 0.45
0.9449998 6.765 -2.3625 844D36 0.45
1.4175 6.765 -2.3625 844D36 0.45
1.89 6.765 -2.3625 844D36 0.45
2.3625 6.765 -2.3625 844D36 0.45
0.9449998 7.2375 -2.3625 844D36 0.45
1.4175 7.2375 -2.3625 844D36 0.45
1.89 7.2375 -2.3625 844D36 0.45
2.3625 7.2375 -2.3625 844D36 0.45
2.835 7.2375 -2.3625 844D36 0.45
3.3075 7.71 -2.362501 844D36 0.45
5.67 13.38 -2.835001 844D36 0.45
