10.5 0.1999999 9.250002 3A3855 1.05
9.450002 0.1999999 -6.5 E6E0DC 1.05
9.450002 0.1999999 -2.3 BFB6B6 1.05
8.400002 0.1999999 -6.500001 E5DFDA 1.05
8.400002 0.1999999 -2.3 A59A9D 1.05
7.350002 0.1999999 -6.5 E3DCD8 1.05
7.350002 0.1999999 -5.450001 CB9C8A 1.05
6.300002 0.1999999 -6.5 E4DDD9 1.05
6.300002 0.1999999 -5.45 C49686 1.05
5.250001 0.1999999 -6.5 D8D2CD 1.05
5.250001 0.1999999 -2.300001 988E92 1.05
4.200001 0.1999999 -6.5 DDD9D5 1.05
4.200001 0.1999999 -2.300001 8F898B 1.05
3.150002 0.1999999 -6.500001 D8D3CF 1.05
3.150002 0.1999999 -4.400001 59967E 1.05
2.100001 0.1999999 -6.5 D4CFCC 1.05
2.100001 0.1999999 -3.35 9498A7 1.05
1.050001 0.1999999 -6.500001 D4CFCC 1.05
1.050001 0.1999999 -3.35 ABAFBC 1.05
9.536743E-07 0.1999999 -6.500001 D5D0CD 1.05
9.536743E-07 0.1999999 -3.350001 A7ABB9 1.05
-1.049999 0.1999999 -6.500001 D7D2CF 1.05
-1.049999 0.1999999 -3.350001 ADB2BF 1.05
-2.099999 0.1999999 -6.500002 D5D1CD 1.05
-2.099999 0.1999999 -3.350001 9C9FAD 1.05
-3.15 0.1999999 -6.500002 D7D2CE 1.05
-3.15 0.1999999 -4.400002 5C9980 1.05
-4.199999 0.1999999 -6.500002 D4CFCB 1.05
-4.199999 0.1999999 -2.300002 8E868B 1.05
-5.25 0.1999999 -6.500002 D7D1CE 1.05
-5.25 0.1999999 -2.300002 91888D 1.05
-6.3 0.1999999 -6.500002 DAD1CC 1.05
-6.3 0.1999999 -5.450002 C99A88 1.05
-7.35 0.1999999 -6.500002 DBD3CF 1.05
-7.35 0.1999999 -5.450002 C59686 1.05
-8.4 0.1999999 -6.500002 DED8D5 1.05
-8.4 0.1999999 -2.300002 9B8F92 1.05
-9.45 0.1999999 -6.500002 E5DFDB 1.05
-9.45 0.1999999 -2.300002 B6ACAC 1.05
-10.5 0.1999999 -6.500002 E0DBD7 1.05
-10.5 0.1999999 -2.300002 B7AFAF 1.05
10.5 1.25 9.250002 3E3B58 1.05
9.450002 1.25 -2.3 BBB1B0 1.05
8.400002 1.25 -2.3 978C90 1.05
7.350002 1.25 -5.450001 958F5B 1.05
6.300002 1.25 -5.45 837657 1.05
5.250001 1.25 -2.300001 8F868B 1.05
4.200001 1.25 -2.300001 989092 1.05
3.150002 1.25 -4.400001 5D9A82 1.05
2.100001 1.25 -3.35 5B5977 1.05
1.050001 1.25 -2.300001 222940 1.05
9.536743E-07 1.25 -3.350001 666180 1.05
-1.049999 1.25 -2.300001 20283F 1.05
-2.099999 1.25 -3.350001 5C5878 1.05
-3.15 1.25 -4.400002 5C967F 1.05
-4.199999 1.25 -2.300002 938C8E 1.05
-5.25 1.25 -2.300002 8A8085 1.05
-6.3 1.25 -5.450002 978460 1.05
-7.35 1.25 -5.450002 958E5B 1.05
-8.4 1.25 -2.300002 908387 1.05
-9.45 1.25 -2.300002 B8AEAD 1.05
-10.5 1.25 -2.300002 BDB4B3 1.05
10.5 2.3 -0.1999998 B2AAAA 1.05
9.450002 2.3 -2.3 B5ADAC 1.05
8.400002 2.3 -2.3 20253B 1.05
7.350002 2.3 -5.450001 BFC577 1.05
6.300002 2.3 -5.45 BCC275 1.05
5.250001 2.3 -2.300001 20243B 1.05
4.200001 2.3 -2.300001 8F8A8B 1.05
3.150002 2.3 -4.400001 58917B 1.05
2.100001 2.3 -3.35 5D5978 1.05
1.050001 2.3 -2.300001 21283F 1.05
9.536743E-07 2.3 -3.350001 656180 1.05
-1.049999 2.3 -2.300001 212940 1.05
-2.099999 2.3 -3.350001 595574 1.05
-3.15 2.3 -4.400002 5E9C83 1.05
-4.199999 2.3 -2.300002 8F898B 1.05
-5.25 2.3 -2.300002 20253B 1.05
-6.3 2.3 -5.450002 BDC275 1.05
-7.35 2.3 -5.450002 BBC175 1.05
-8.4 2.3 -2.300002 20263D 1.05
-9.45 2.3 -2.300002 B1A8A8 1.05
-10.5 2.3 -2.300002 B8AFAF 1.05
10.5 3.35 -0.1999998 A89FA2 1.05
9.450002 3.35 -2.3 B6AEAE 1.05
8.400002 3.35 -2.3 202338 1.05
7.350002 3.35 -2.300001 202339 1.05
6.300002 3.35 -2.3 202137 1.05
5.250001 3.35 -2.300001 202439 1.05
4.200001 3.35 -2.300001 918C8E 1.05
3.150002 3.35 -4.400001 5C9880 1.05
2.100001 3.35 -3.35 565371 1.05
1.050001 3.35 -2.300001 20263D 1.05
9.536743E-07 3.35 -3.350001 666180 1.05
-1.049999 3.35 -2.300001 20273E 1.05
-2.099999 3.35 -3.350001 5C5877 1.05
-3.15 3.35 -4.400002 5B967F 1.05
-4.199999 3.35 -2.300002 837E82 1.05
-5.25 3.35 -2.300002 202238 1.05
-6.3 3.35 -2.300002 202136 1.05
-7.35 3.35 -2.300002 202238 1.05
-8.4 3.35 -2.300002 20253C 1.05
-9.45 3.35 -2.300002 B0A7A8 1.05
-10.5 3.35 -2.300002 C2BAB9 1.05
10.5 4.4 -0.1999998 B4ABAD 1.05
9.450002 4.4 -2.3 ABA3A4 1.05
8.400002 4.4 -5.45 5E9C83 1.05
7.350002 4.4 -5.450001 5F9D84 1.05
6.300002 4.4 -5.45 5E9B82 1.05
5.250001 4.4 -5.450001 5E9B82 1.05
4.200001 4.4 -2.300001 918D8F 1.05
3.150002 4.4 -4.400001 5A947E 1.05
2.100001 4.4 -3.35 4C4966 1.05
1.050001 4.4 -2.300001 20263D 1.05
9.536743E-07 4.4 -3.350001 575472 1.05
-1.049999 4.4 -2.300001 20263C 1.05
-2.099999 4.4 -3.350001 4A4865 1.05
-3.15 4.4 -4.400002 5A947E 1.05
-4.199999 4.4 -2.300002 848083 1.05
-5.25 4.4 -5.450001 5D9A82 1.05
-6.3 4.4 -5.450002 5C9981 1.05
-7.35 4.4 -5.450002 5D9B82 1.05
-8.4 4.4 -5.450002 5C9881 1.05
-9.45 4.4 -2.300002 A69D9F 1.05
-10.5 4.4 -2.300002 B8B0B0 1.05
9.450002 5.45 -2.3 BAB5B3 1.05
8.400002 5.45 -2.3 558D78 1.05
7.350002 5.45 -2.300001 528B76 1.05
6.300002 5.45 -2.3 508573 1.05
5.250001 5.45 -2.300001 4D806F 1.05
4.200001 5.45 -2.300001 999696 1.05
3.150002 5.45 -4.400001 5C9780 1.05
2.100001 5.45 -4.4 5A957E 1.05
1.050001 5.45 -4.400001 5C9981 1.05
9.536743E-07 5.45 -4.400001 5A957E 1.05
-1.049999 5.45 -4.400001 5A957E 1.05
-2.099999 5.45 -4.400001 5A947D 1.05
-3.15 5.45 -4.400002 5A957E 1.05
-4.199999 5.45 -2.300002 969594 1.05
-5.25 5.45 -2.300002 508773 1.05
-6.3 5.45 -2.300002 518673 1.05
-7.35 5.45 -2.300002 568E79 1.05
-8.4 5.45 -2.300002 558B77 1.05
-9.45 5.45 -2.300002 B6AFAE 1.05
-10.5 5.45 -2.300002 B5AEAE 1.05
10.5 6.5 -3.349999 CDC6C4 1.05
9.450002 6.5 -3.35 CAC4C2 1.05
8.400002 6.5 -3.349999 C6C2BF 1.05
7.350002 6.5 -3.35 C9C5C1 1.05
6.300002 6.5 -3.35 C5C2BE 1.05
5.250001 6.5 -3.35 C3BEBC 1.05
4.200001 6.5 -3.350001 B7B3B1 1.05
3.150002 6.5 -4.400001 5A957F 1.05
2.100001 6.5 -4.4 59927C 1.05
1.050001 6.5 -4.400001 59937D 1.05
9.536743E-07 6.5 -4.400001 538875 1.05
-1.049999 6.5 -4.400001 59927C 1.05
-2.099999 6.5 -4.400001 58917B 1.05
-3.15 6.5 -4.400002 5A947D 1.05
-4.199999 6.5 -3.350001 B4B0AF 1.05
-5.25 6.5 -3.350001 C0BBB8 1.05
-6.3 6.5 -3.350002 C3C0BD 1.05
-7.35 6.5 -3.350002 CAC5C3 1.05
-8.4 6.5 -3.350002 CAC4C2 1.05
-9.45 6.5 -3.350002 C7BFBE 1.05
-10.5 6.5 -3.350002 CAC3C1 1.05
10.5 7.55 -3.349999 5F9E84 1.05
9.450002 7.55 -3.35 59967E 1.05
8.400002 7.55 -3.349999 5D9B82 1.05
7.350002 7.55 -3.35 5D9C83 1.05
6.300002 7.55 -3.35 5A967F 1.05
5.250001 7.55 -3.35 558F79 1.05
4.200001 7.55 -3.350001 508773 1.05
3.150002 7.55 -4.400001 609E84 1.05
2.100001 7.55 -4.4 578F7A 1.05
1.050001 7.55 -4.400001 D1AD9C 1.05
9.536743E-07 7.55 -4.400001 CBA596 1.05
-1.049999 7.55 -4.400001 CCAA9A 1.05
-2.099999 7.55 -4.400001 558B77 1.05
-3.15 7.55 -4.400002 5A947E 1.05
-4.199999 7.55 -3.350001 4C816F 1.05
-5.25 7.55 -3.350001 58927C 1.05
-6.3 7.55 -3.350002 5D9C82 1.05
-7.35 7.55 -3.350002 5A977F 1.05
-8.4 7.55 -3.350002 59947D 1.05
-9.45 7.55 -3.350002 5E9C83 1.05
-10.5 7.55 -3.350002 5C9981 1.05
8.400002 8.599999 0.8500004 A5A9B7 1.05
7.350001 8.599999 0.8500013 A7AAB8 1.05
6.300002 8.599999 0.8500004 A0A5B2 1.05
5.250001 8.599999 0.8500004 989EAB 1.05
3.150002 8.599999 -4.400001 5C9880 1.05
2.100001 8.599999 -4.4 4D7E6E 1.05
1.050001 8.599999 -5.450001 E8E2DE 1.05
9.536743E-07 8.599999 -5.450001 ECE6E2 1.05
-1.049999 8.599999 -5.450001 EBE5E2 1.05
-2.099999 8.599999 -4.400001 4D7B6C 1.05
-3.15 8.599999 -4.400002 5C9880 1.05
-6.300001 8.599999 5.049999 858DA5 1.05
3.150002 9.65 -4.400001 5B967F 1.05
2.100001 9.65 -4.4 507D6D 1.05
1.050001 9.65 -5.450001 EAE5E1 1.05
9.536743E-07 9.65 -5.450001 EBE6E2 1.05
-1.049999 9.65 -5.450001 E9E3DF 1.05
-2.099999 9.65 -4.400001 538471 1.05
-3.15 9.65 -4.400002 5C977F 1.05
3.150002 10.7 -4.400001 5E9A82 1.05
2.100001 10.7 -4.4 5E9A81 1.05
1.050001 10.7 -4.400001 E5C1AE 1.05
9.536743E-07 10.7 -5.450001 E8E0DB 1.05
-1.049999 10.7 -4.400001 EDC9B4 1.05
-2.099999 10.7 -4.400001 5C977F 1.05
-3.15 10.7 -4.400002 5C9880 1.05
3.150002 11.75 -4.400001 5D9A82 1.05
2.100001 11.75 -4.4 5D9981 1.05
1.050001 11.75 -4.400001 5C977F 1.05
9.536743E-07 11.75 -4.400001 609C82 1.05
-1.049999 11.75 -4.400001 609E84 1.05
-2.099999 11.75 -4.400001 5C9880 1.05
-3.15 11.75 -4.400002 609E85 1.05
8.400002 0.1999999 -5.45 C49686 1.05
10.5 0.1999999 -5.45 E5DFDC 1.05
9.450002 0.1999999 -5.450001 DFD8D4 1.05
7.350002 0.1999999 -2.300001 81777E 1.05
6.300002 0.1999999 -2.3 897F85 1.05
5.250001 0.1999999 -5.450001 C2BBB8 1.05
4.200001 0.1999999 -5.450001 CFCAC5 1.05
3.150002 0.1999999 -5.45 CDC9C6 1.05
2.100001 0.1999999 -5.450001 CECAC7 1.05
1.050001 0.1999999 -5.450001 CCC6C4 1.05
9.536743E-07 0.1999999 -5.450001 CEC8C6 1.05
-1.049999 0.1999999 -5.450001 D0CBCA 1.05
-2.099999 0.1999999 -5.450001 D0CCC9 1.05
-3.15 0.1999999 -5.450001 C6C0BD 1.05
-4.199999 0.1999999 -5.450001 CAC6C2 1.05
-5.25 0.1999999 -5.450001 C6BFBC 1.05
-6.3 0.1999999 -2.300002 6F6570 1.05
-7.35 0.1999999 -2.300002 756871 1.05
-8.4 0.1999999 -5.450002 D5CDCA 1.05
-9.45 0.1999999 -5.450002 DBD5D1 1.05
-10.5 0.1999999 -5.450002 E0DAD6 1.05
7.350002 2.3 -2.300001 202237 1.05
6.300002 2.3 -2.3 202237 1.05
-6.3 2.3 -2.300002 202339 1.05
-7.35 2.3 -2.300002 20253B 1.05
8.400002 4.4 -4.399999 324B4B 1.05
7.350002 4.4 -4.4 2D4345 1.05
6.300002 4.4 -4.4 2D4146 1.05
5.250001 4.4 -4.4 304D4C 1.05
-5.25 4.4 -4.400002 2D4247 1.05
-6.3 4.4 -4.400002 293D45 1.05
-7.35 4.4 -4.400002 2D4147 1.05
-8.4 4.4 -4.400002 2F4449 1.05
8.400002 0.1999999 -4.399999 AE8177 1.05
10.5 0.1999999 -4.400001 E1DCD8 1.05
9.450002 0.1999999 -4.4 DBD3D0 1.05
7.350002 0.1999999 -4.4 6A5552 1.05
-5.25 0.1999999 -4.400002 805F5F 1.05
6.300002 0.1999999 -4.4 675352 1.05
5.250001 0.1999999 -4.4 B2A9A7 1.05
4.200001 0.1999999 -4.4 BFB9B6 1.05
2.100001 0.1999999 -4.4 BEB8B7 1.05
1.050001 0.1999999 -4.400001 BCB6B7 1.05
9.536743E-07 0.1999999 -4.400001 BEB9B8 1.05
-1.049999 0.1999999 -4.400001 C0BBBA 1.05
-2.099999 0.1999999 -4.400001 BFBBB9 1.05
-4.199999 0.1999999 -4.400002 BCB7B4 1.05
-6.3 0.1999999 -4.400002 5D4A4D 1.05
-7.35 0.1999999 -4.400002 6A5553 1.05
-8.4 0.1999999 -4.400002 C2B5B3 1.05
-9.45 0.1999999 -4.400002 CDC6C3 1.05
-10.5 0.1999999 -4.400002 DCD5D2 1.05
7.350002 1.25 -4.4 847954 1.05
7.350002 1.25 -2.300001 796D75 1.05
-6.3 1.25 -4.400002 635E48 1.05
6.300002 1.25 -2.3 776C75 1.05
6.300002 1.25 -4.4 615947 1.05
-6.3 1.25 -2.300002 695F6A 1.05
-7.35 1.25 -2.300002 6E626C 1.05
-7.35 1.25 -4.400002 6E644D 1.05
8.400002 2.3 -4.399999 A3A768 1.05
-6.3 2.3 -4.400002 737653 1.05
6.300002 2.3 -4.4 777C55 1.05
-8.4 2.3 -4.400002 8D8F5D 1.05
7.350002 3.35 -4.4 90945F 1.05
6.300002 3.35 -4.4 717451 1.05
-6.3 3.35 -4.400002 6D7150 1.05
-7.35 3.35 -4.400002 838458 1.05
8.400002 4.4 -2.3 201E33 1.05
7.350002 4.4 -2.300001 201F34 1.05
6.300002 4.4 -2.3 201F34 1.05
5.250001 4.4 -2.300001 201F34 1.05
-5.25 4.4 -2.300002 201E33 1.05
-6.3 4.4 -2.300002 201E33 1.05
-7.35 4.4 -2.300002 201E33 1.05
-8.4 4.4 -2.300002 202036 1.05
8.400002 5.45 -4.399999 6EB696 1.05
7.350002 5.45 -4.4 6CB293 1.05
6.300002 5.45 -4.4 6BB193 1.05
5.250001 5.45 -4.4 68AD8F 1.05
-5.25 5.45 -4.400002 66AB8D 1.05
-6.3 5.45 -4.400002 68AC8E 1.05
-7.35 5.45 -4.400002 68AC8E 1.05
-8.4 5.45 -4.400002 6CB394 1.05
1.050001 8.599999 -4.400001 45655D 1.05
9.536743E-07 8.599999 -4.400001 4A7668 1.05
-1.049999 8.599999 -4.400001 43645D 1.05
1.050001 9.65 -4.400001 4C7265 1.05
9.536743E-07 9.65 -4.400001 4E7B6C 1.05
-1.049999 9.65 -4.400001 4B7265 1.05
9.536743E-07 10.7 -4.400001 4F7263 1.05
8.400002 5.45 -3.349999 30474B 1.05
7.350002 5.45 -3.35 2D4247 1.05
6.300002 5.45 -3.35 2A3E46 1.05
5.250001 5.45 -3.35 2C4247 1.05
2.100001 5.45 -3.35 2C434A 1.05
1.050001 5.45 -3.35 2F454C 1.05
9.536743E-07 5.45 -3.350001 2E454C 1.05
-1.049999 5.45 -3.350001 2E454C 1.05
-2.099999 5.45 -3.350001 2B4049 1.05
-5.25 5.45 -3.350001 2A3D45 1.05
-6.3 5.45 -3.350002 2A3D45 1.05
-7.35 5.45 -3.350002 2B3E46 1.05
-8.4 5.45 -3.350002 2D4148 1.05
7.350002 0.1999999 -3.35 6A4C53 1.05
10.5 0.1999999 -3.349999 D8D2CF 1.05
9.450002 0.1999999 -3.35 CAC2BF 1.05
8.400002 0.1999999 -3.349999 B1A6A6 1.05
3.150002 0.1999999 -3.35 3B5D59 1.05
6.300002 0.1999999 -3.35 4B434F 1.05
5.250001 0.1999999 -3.35 958E90 1.05
4.200001 0.1999999 -3.350001 90888C 1.05
3.150002 0.1999999 -2.3 35454F 1.05
-3.15 0.1999999 -3.350001 426A63 1.05
-3.15 0.1999999 -2.300002 384552 1.05
-6.3 0.1999999 -3.350002 3F3241 1.05
-4.199999 0.1999999 -3.350001 8E878A 1.05
-5.25 0.1999999 -3.350001 8E858A 1.05
-7.35 0.1999999 -3.350002 54484F 1.05
-8.4 0.1999999 -3.350002 9D9397 1.05
-9.45 0.1999999 -3.350002 BEB6B4 1.05
-10.5 0.1999999 -3.350002 D9D2CF 1.05
3.150002 1.25 -3.35 3F625D 1.05
7.350002 1.25 -3.35 644C55 1.05
3.150002 1.25 -2.3 394954 1.05
-3.15 1.25 -3.350001 406962 1.05
-3.15 1.25 -2.300002 40545A 1.05
-6.3 1.25 -3.350002 624C54 1.05
-7.35 1.25 -3.350002 604952 1.05
3.150002 2.3 -3.35 40655E 1.05
7.350002 2.3 -3.35 515145 1.05
6.300002 2.3 -3.35 424640 1.05
3.150002 2.3 -2.3 384C53 1.05
-3.15 2.3 -3.350001 436D65 1.05
-3.15 2.3 -2.300002 374A53 1.05
-6.3 2.3 -3.350002 35383B 1.05
-7.35 2.3 -3.350002 4D4C43 1.05
3.150002 3.35 -3.35 3D605B 1.05
3.150002 3.35 -2.3 364751 1.05
-3.15 3.35 -3.350001 406761 1.05
-3.15 3.35 -2.300002 3B4E56 1.05
3.150002 4.4 -3.35 3F635C 1.05
3.150002 4.4 -2.3 3B5056 1.05
-3.15 4.4 -3.350001 355253 1.05
-3.15 4.4 -2.300002 384A52 1.05
3.150002 5.45 -3.35 497569 1.05
3.150002 5.45 -2.3 385054 1.05
2.100001 5.45 -2.300001 3D5558 1.05
1.050001 5.45 -2.300001 394F54 1.05
9.536743E-07 5.45 -2.300001 394B53 1.05
-1.049999 5.45 -2.300001 364951 1.05
-2.099999 5.45 -2.300001 384C54 1.05
-3.15 5.45 -2.300002 3C5457 1.05
-3.15 5.45 -3.350001 416A61 1.05
3.150002 6.5 -3.35 497B6B 1.05
2.100001 6.5 -3.35 3E5F5B 1.05
1.050001 6.5 -3.35 3B5958 1.05
9.536743E-07 6.5 -3.350001 3F605C 1.05
-1.049999 6.5 -3.350001 3C5A58 1.05
-2.099999 6.5 -3.350001 3E5C5A 1.05
-3.15 6.5 -3.350001 3D5F5B 1.05
3.150002 7.55 -3.35 497C6C 1.05
2.100001 7.55 -3.35 234946 1.05
1.050001 7.55 -3.35 234644 1.05
9.536743E-07 7.55 -3.350001 224342 1.05
-1.049999 7.55 -3.350001 234644 1.05
-2.099999 7.55 -3.350001 244E48 1.05
-3.15 7.55 -3.350001 234A46 1.05
3.150002 8.599999 -3.35 5C9A81 1.05
-3.15 8.599999 -3.350001 57917B 1.05
3.150002 9.65 -3.35 5F9E84 1.05
-3.15 9.65 -3.350001 5D9B83 1.05
3.150002 10.7 -3.35 59947D 1.05
-3.15 10.7 -3.350001 62A388 1.05
3.150002 11.75 -3.35 5C9881 1.05
-3.15 11.75 -3.350001 61A086 1.05
3.150002 12.8 -3.35 75BF9E 1.05
2.100001 12.8 -3.35 79C4A2 1.05
1.050001 12.8 -3.35 7DC9A6 1.05
9.536743E-07 12.8 -3.350001 7AC6A4 1.05
-1.049999 12.8 -3.350001 7AC5A3 1.05
-2.099999 12.8 -3.350001 7BC7A4 1.05
-3.15 12.8 -3.350001 7ECAA7 1.05
10.5 6.5 -2.3 69616B 1.05
10.5 0.1999999 -2.3 C2BABA 1.05
2.100001 0.1999999 -2.300001 4B4D5D 1.05
1.050001 0.1999999 -2.300001 413F53 1.05
9.536743E-07 0.1999999 -2.300001 49465A 1.05
-1.049999 0.1999999 -2.300001 414054 1.05
-2.099999 0.1999999 -2.300001 484659 1.05
10.5 1.25 -2.3 C9C1C0 1.05
10.5 2.3 -2.3 C7C0C0 1.05
-10.5 2.3 -0.2000008 988E92 1.05
10.5 3.35 -2.3 C7BFBE 1.05
-10.5 3.35 -0.2000008 A09599 1.05
10.5 4.4 -2.3 C0B8B8 1.05
-10.5 4.4 -0.2000008 988F94 1.05
10.5 5.45 -2.3 C3BABA 1.05
11.55 6.5 -2.300001 CCC5C4 1.05
3.150002 6.5 -2.3 2F484C 1.05
-3.15 6.5 -2.300002 30494D 1.05
-11.55 6.5 -2.300002 C2B9B9 1.05
11.55 7.55 -2.300001 5A967F 1.05
3.150002 7.55 -2.3 3C625C 1.05
8.400002 7.55 0.8500004 7F8091 1.05
7.350001 7.55 0.8500013 7E8091 1.05
6.300002 7.55 0.8500004 7D7F90 1.05
5.250001 7.55 0.8500004 7E8091 1.05
4.199999 7.55 13.45 ADA5A8 1.05
3.15 7.55 13.45 BCB5B6 1.05
2.099999 7.55 13.45 B9B2B2 1.05
1.049999 7.55 13.45 BAB2B3 1.05
-9.536743E-07 7.55 13.45 C1BABA 1.05
-1.050001 7.55 13.45 C0B8B8 1.05
-2.100001 7.55 13.45 BCB4B4 1.05
-3.150002 7.55 13.45 C0B9B9 1.05
-4.200001 7.55 13.45 BDB5B5 1.05
-3.15 7.55 -2.300002 3D625C 1.05
-5.25 7.55 2.949999 5C5876 1.05
-6.300001 7.55 2.949999 585473 1.05
-7.350001 7.55 2.949999 5B5776 1.05
-8.400002 7.55 13.45 B7AFB0 1.05
-9.450002 7.55 13.45 968C92 1.05
-11.55 7.55 -2.300002 578E79 1.05
3.150002 8.599999 -2.3 4B7D6D 1.05
10.5 8.599999 -2.3 FEF9F4 1.05
9.450002 8.599999 -2.3 FAF6F0 1.05
8.400002 8.599999 -2.3 F9F4EF 1.05
7.350002 8.599999 -2.300001 F6F1EC 1.05
6.300002 8.599999 -2.3 F6F2ED 1.05
5.250001 8.599999 -2.300001 F5F0EB 1.05
4.200001 8.599999 -2.300001 E8E6E0 1.05
2.100001 8.599999 -2.300001 456F65 1.05
1.050001 8.599999 -2.300001 4B7A6C 1.05
9.536743E-07 8.599999 -2.300001 497367 1.05
-1.049999 8.599999 -2.300001 487065 1.05
-2.099999 8.599999 -2.300001 466F65 1.05
-3.15 8.599999 -2.300002 497469 1.05
-4.199999 8.599999 -2.300002 E6E4DF 1.05
-5.25 8.599999 -2.300002 F0EDE7 1.05
-6.3 8.599999 -2.300002 F2EEE9 1.05
-7.35 8.599999 -2.300002 F9F4EF 1.05
-8.4 8.599999 -2.300002 F9F5F0 1.05
-9.45 8.599999 -2.300002 FAF5F0 1.05
-10.5 8.599999 -2.300002 FCF7F2 1.05
3.150002 9.65 -2.3 60A086 1.05
-3.15 9.65 -2.300002 61A186 1.05
3.150002 10.7 -2.3 5E9D84 1.05
-3.15 10.7 -2.300002 61A287 1.05
3.150002 11.75 -2.3 5E9C84 1.05
-3.15 11.75 -2.300002 5E9C83 1.05
3.150002 12.8 -2.3 7CC8A5 1.05
2.100001 12.8 -2.300001 7CC8A5 1.05
1.050001 12.8 -2.300001 7AC6A3 1.05
9.536743E-07 12.8 -2.300001 7AC6A4 1.05
-1.049999 12.8 -2.300001 7CC7A5 1.05
-2.099999 12.8 -2.300001 7FCBA8 1.05
-3.15 12.8 -2.300002 7BC6A4 1.05
10.5 6.5 -1.249999 5C5363 1.05
10.5 0.1999999 -1.249999 C6BDBD 1.05
9.450001 0.1999999 -1.25 786E79 1.05
8.400002 0.1999999 -1.249999 746B76 1.05
7.350001 0.1999999 -1.25 726975 1.05
6.300002 0.1999999 -1.25 69616D 1.05
5.250001 0.1999999 -1.25 68606D 1.05
4.200001 0.1999999 -1.25 665F6B 1.05
3.150001 0.1999999 -1.25 615F6A 1.05
2.100001 0.1999999 -1.25 5E5966 1.05
1.050001 0.1999999 -1.25 5B5664 1.05
4.768372E-07 0.1999999 -1.25 5C5665 1.05
-1.05 0.1999999 -1.250001 5E5866 1.05
-2.1 0.1999999 -1.250001 605B68 1.05
-3.15 0.1999999 -1.250001 6A626E 1.05
-4.2 0.1999999 -1.250001 6A636E 1.05
-5.25 0.1999999 -1.250001 69616D 1.05
-6.300001 0.1999999 -1.250001 655D6A 1.05
-7.35 0.1999999 -1.250001 6E6571 1.05
-8.4 0.1999999 -1.250001 6F6672 1.05
-9.450001 0.1999999 -1.250001 766C77 1.05
-10.5 0.1999999 -1.250001 7C717A 1.05
10.5 1.25 -1.249999 C3BCBB 1.05
-10.5 1.25 -1.250001 AEA3A4 1.05
10.5 2.3 -1.249999 C3BBBB 1.05
-10.5 2.3 -1.250001 B8AFAF 1.05
10.5 3.35 -1.249999 CAC3C2 1.05
-10.5 3.35 -1.250001 B6ACAD 1.05
10.5 4.4 -1.249999 C3BBBB 1.05
-10.5 4.4 -1.250001 B9B1B3 1.05
10.5 5.45 -1.249999 B7ADAE 1.05
-10.5 5.45 -1.250001 B0A5A7 1.05
11.55 6.5 -1.25 CAC3C2 1.05
-11.55 6.5 -1.250001 C7BEBD 1.05
11.55 7.55 -1.25 59937E 1.05
-6.300001 7.55 -1.250001 4D4967 1.05
8.400002 7.55 -1.249999 776E79 1.05
9.450001 7.55 -1.25 968E93 1.05
7.350001 7.55 -1.25 786E7A 1.05
6.300002 7.55 -1.25 7A707B 1.05
5.250001 7.55 -1.25 7D737D 1.05
4.200001 7.55 -1.25 7F757E 1.05
3.150001 7.55 -1.25 837982 1.05
2.100001 7.55 -1.25 827881 1.05
1.050001 7.55 -1.25 847A83 1.05
4.768372E-07 7.55 -1.25 877C85 1.05
-1.05 7.55 -1.250001 867B84 1.05
-2.1 7.55 -1.250001 837982 1.05
-3.15 7.55 -1.250001 857B83 1.05
-4.2 7.55 -1.250001 877D86 1.05
-5.25 7.55 -1.250001 837881 1.05
-7.35 7.55 -1.250001 7E747E 1.05
-9.450001 7.55 -1.250001 A49A9E 1.05
-8.4 7.55 -1.250001 7A707A 1.05
-11.55 7.55 -1.250001 568B77 1.05
10.5 8.599999 -1.249999 F9F4EF 1.05
9.450001 8.599999 -1.25 FBF6F1 1.05
-10.5 8.599999 -1.250001 F8F4EF 1.05
2.100001 9.65 -2.300001 5C9A82 1.05
1.050001 9.65 -2.300001 5E9D85 1.05
9.536743E-07 9.65 -2.300001 5E9C83 1.05
-1.049999 9.65 -2.300001 62A388 1.05
-2.099999 9.65 -2.300001 5D9C82 1.05
2.100001 10.7 -2.300001 5F9E85 1.05
1.050001 10.7 -2.300001 5D9B82 1.05
9.536743E-07 10.7 -2.300001 5C9982 1.05
-1.049999 10.7 -2.300001 61A086 1.05
-2.099999 10.7 -2.300001 609F85 1.05
2.100001 11.75 -2.300001 5F9E85 1.05
1.050001 11.75 -2.300001 5C9981 1.05
9.536743E-07 11.75 -2.300001 5E9C83 1.05
-1.049999 11.75 -2.300001 5D9981 1.05
-2.099999 11.75 -2.300001 5B9780 1.05
10.5 1.25 -0.1999998 C3BBBB 1.05
-10.5 1.25 -0.2000008 645A67 1.05
10.5 0.1999999 -0.1999998 C4BCBC 1.05
9.450001 0.1999999 -0.1999989 7A707A 1.05
8.400002 0.1999999 -0.1999998 736A76 1.05
7.350001 0.1999999 -0.1999989 6F6672 1.05
6.300002 0.1999999 -0.1999989 605A67 1.05
5.250001 0.1999999 -0.2000008 67606D 1.05
4.200001 0.1999999 -0.1999989 615C68 1.05
3.150001 0.1999999 -0.1999998 625A68 1.05
2.100001 0.1999999 -0.1999998 615B68 1.05
1.050001 0.1999999 -0.1999998 615B68 1.05
4.768372E-07 0.1999999 -0.2000008 615C68 1.05
-1.05 0.1999999 -0.2000008 5D5865 1.05
-2.1 0.1999999 -0.2000008 635B69 1.05
-3.15 0.1999999 -0.2000008 69616D 1.05
-4.2 0.1999999 -0.2000008 67626D 1.05
-5.25 0.1999999 -0.2000008 655E6B 1.05
-6.300001 0.1999999 -0.2000008 716974 1.05
-7.35 0.1999999 -0.2000008 706772 1.05
-8.4 0.1999999 -0.2000008 746B76 1.05
-9.450001 0.1999999 -0.2000008 7C737C 1.05
-10.5 0.1999999 -0.2000008 7C737C 1.05
10.5 6.5 -0.1999998 635A68 1.05
10.5 2.3 4.000001 9A9095 1.05
-10.5 2.3 3.999999 897F86 1.05
10.5 3.35 4.000001 90878D 1.05
-10.5 3.35 3.999999 8D838A 1.05
10.5 4.4 4.000001 BAB1B2 1.05
-10.5 4.4 3.999999 897E85 1.05
10.5 5.45 -0.1999998 B9B0B1 1.05
-10.5 5.45 -0.2000008 AFA4A7 1.05
11.55 6.5 -0.1999989 C9C2C1 1.05
-11.55 6.5 -0.2000008 C2BABA 1.05
11.55 7.55 -0.1999989 5D9981 1.05
-6.300001 7.55 -0.2000008 5A5574 1.05
8.400002 7.55 -0.1999998 8C828A 1.05
9.450001 7.55 -0.1999989 9B9297 1.05
7.350001 7.55 -0.1999989 8D848B 1.05
6.300002 7.55 -0.1999989 8D838B 1.05
5.250001 7.55 -0.2000008 8C838A 1.05
4.200001 7.55 -0.1999989 8F868C 1.05
3.150001 7.55 -0.1999998 968D92 1.05
2.100001 7.55 -0.1999998 91898E 1.05
1.050001 7.55 -0.1999998 978E92 1.05
4.768372E-07 7.55 -0.2000008 8A8188 1.05
-1.05 7.55 -0.2000008 91888E 1.05
-2.1 7.55 -0.2000008 938A90 1.05
-3.15 7.55 -0.2000008 9D9398 1.05
-4.2 7.55 -0.2000008 988E94 1.05
-5.25 7.55 -0.2000008 968C91 1.05
-7.35 7.55 -0.2000008 958B91 1.05
-9.450001 7.55 -0.2000008 B1A8AA 1.05
-8.4 7.55 -0.2000008 968C92 1.05
-11.55 7.55 -0.2000008 5A937C 1.05
10.5 8.599999 -0.1999998 F8F3EE 1.05
9.450001 8.599999 -0.1999989 F9F5EF 1.05
-10.5 8.599999 -0.2000008 F7F2ED 1.05
10.5 1.25 0.8500004 C4BDBC 1.05
-10.5 1.25 0.8499985 675D6A 1.05
10.5 0.1999999 0.8500004 CBC4C3 1.05
9.450001 0.1999999 0.8500004 6C6571 1.05
8.400002 0.1999999 0.8500004 6F6672 1.05
7.350001 0.1999999 0.8500013 6F6672 1.05
6.300002 0.1999999 0.8500004 6A626E 1.05
5.250001 0.1999999 0.8500004 68626E 1.05
4.200001 0.1999999 0.8500004 69616E 1.05
3.150001 0.1999999 0.8500004 67606C 1.05
2.100001 0.1999999 0.8499994 65606C 1.05
1.050001 0.1999999 0.8499994 66606C 1.05
4.768372E-07 0.1999999 0.8499994 67616D 1.05
-1.05 0.1999999 0.8499994 66616C 1.05
-2.1 0.1999999 0.8499994 6F6672 1.05
-3.15 0.1999999 0.8499994 67616D 1.05
-4.2 0.1999999 0.8499994 6A636F 1.05
-5.25 0.1999999 0.8499994 716974 1.05
-6.300001 0.1999999 0.8499985 6E6571 1.05
-7.35 0.1999999 0.8499985 756D77 1.05
-8.4 0.1999999 0.8499985 7C727C 1.05
-9.450001 0.1999999 0.8499985 6A616E 1.05
-10.5 0.1999999 0.8499985 7A6F79 1.05
10.5 2.3 0.8500004 20283F 1.05
10.5 6.5 0.8500004 605766 1.05
-10.5 2.3 0.8499985 20273E 1.05
10.5 3.35 0.8500004 212940 1.05
-10.5 3.35 0.8499985 20273E 1.05
10.5 4.4 0.8500004 202238 1.05
-10.5 4.4 0.8499985 202238 1.05
10.5 5.45 0.8500004 BDB4B5 1.05
-10.5 5.45 0.8499985 B7ADAD 1.05
11.55 6.5 0.8500004 CCC4C3 1.05
-11.55 6.5 0.8499985 C3BBB9 1.05
11.55 7.55 0.8500004 5A957E 1.05
8.400001 7.55 5.050001 595971 1.05
-6.300001 7.55 0.8499985 595574 1.05
9.450001 7.55 0.8500004 8A828B 1.05
7.350001 7.55 5.050001 4B4B64 1.05
6.300001 7.55 5.050001 50516A 1.05
5.25 7.55 5.050001 5B5C73 1.05
4.200001 7.55 0.8500004 8E858C 1.05
3.150001 7.55 0.8500004 978E93 1.05
2.100001 7.55 0.8499994 9A9196 1.05
1.050001 7.55 0.8499994 958C91 1.05
4.768372E-07 7.55 0.8499994 9B9397 1.05
-1.05 7.55 0.8499994 999094 1.05
-2.1 7.55 0.8499994 989094 1.05
-3.15 7.55 0.8499994 978E93 1.05
-4.2 7.55 0.8499994 978E93 1.05
-5.25 7.55 0.8499994 A1989B 1.05
-7.35 7.55 0.8499985 998F95 1.05
-9.450001 7.55 0.8499985 B9B0B1 1.05
-8.4 7.55 0.8499985 978E93 1.05
-11.55 7.55 0.8499985 59927C 1.05
10.5 8.599999 0.8500004 F7F3EE 1.05
9.450001 8.599999 0.8500004 F7F3EE 1.05
8.400001 8.599999 5.050001 A2A8B9 1.05
7.350001 8.599999 5.050001 9A9FB2 1.05
6.300001 8.599999 5.050001 9BA2B4 1.05
5.25 8.599999 5.050001 9BA2B3 1.05
4.200001 8.599999 0.8500004 A0A6B3 1.05
-10.5 8.599999 0.8499985 FBF6F1 1.05
10.5 1.25 1.900002 BEB6B6 1.05
-10.5 1.25 1.899999 675D6A 1.05
10.5 0.1999999 1.900002 C5BDBD 1.05
9.450001 0.1999999 1.900002 736A76 1.05
8.400001 0.1999999 1.900002 736B76 1.05
7.350001 0.1999999 1.900002 726975 1.05
6.300001 0.1999999 1.900002 6E6672 1.05
5.250001 0.1999999 1.9 6E6872 1.05
4.200001 0.1999999 1.9 726A75 1.05
3.150001 0.1999999 1.900002 6A646F 1.05
2.1 0.1999999 1.9 655E6B 1.05
1.05 0.1999999 1.9 6B6570 1.05
2.384186E-07 0.1999999 1.9 6C6570 1.05
-1.05 0.1999999 1.9 655E6B 1.05
-2.1 0.1999999 1.9 635D6A 1.05
-3.15 0.1999999 1.899999 6E6972 1.05
-4.2 0.1999999 1.899999 6A626E 1.05
-5.25 0.1999999 1.899999 6E6671 1.05
-6.300001 0.1999999 1.899999 726A74 1.05
-7.35 0.1999999 1.899999 746A75 1.05
-8.400001 0.1999999 1.899999 6D6571 1.05
-9.450001 0.1999999 1.899999 6C636F 1.05
-10.5 0.1999999 1.899999 796F79 1.05
10.5 2.3 1.900002 222940 1.05
10.5 6.5 1.900002 5E5665 1.05
-10.5 2.3 1.899999 20283F 1.05
10.5 3.35 1.900002 232A42 1.05
-10.5 3.35 1.899999 21283F 1.05
10.5 4.4 1.900002 202339 1.05
-10.5 4.4 1.899999 202238 1.05
10.5 5.45 1.900002 BDB3B4 1.05
-10.5 5.45 1.899999 B6ABAC 1.05
11.55 6.5 1.900002 CBC4C3 1.05
-11.55 6.5 1.899999 C4BBBB 1.05
11.55 7.55 1.900002 5A947E 1.05
8.400001 7.55 1.900002 69697E 1.05
-6.300001 7.55 1.899999 585473 1.05
9.450001 7.55 1.900002 6D6776 1.05
7.350001 7.55 1.900002 656072 1.05
6.300001 7.55 1.900002 635E6F 1.05
5.250001 7.55 1.9 5A576B 1.05
4.200001 7.55 1.9 887F88 1.05
3.150001 7.55 1.900002 9A9095 1.05
2.1 7.55 1.9 9D9499 1.05
1.05 7.55 1.9 9A9195 1.05
2.384186E-07 7.55 1.9 9A9296 1.05
-1.05 7.55 1.9 9A9195 1.05
-2.1 7.55 1.9 9C9397 1.05
-3.15 7.55 1.899999 968C91 1.05
-4.2 7.55 1.899999 A0969A 1.05
-5.25 7.55 1.899999 9E9599 1.05
-7.35 7.55 1.899999 968C92 1.05
-9.450001 7.55 1.899999 B8B0B1 1.05
-8.400001 7.55 1.899999 9F9599 1.05
-11.55 7.55 1.899999 58907B 1.05
8.400001 8.599999 1.900002 B2B6C3 1.05
10.5 8.599999 1.900002 F8F3EE 1.05
9.450001 8.599999 1.900002 F6F1EC 1.05
4.200001 8.599999 1.9 A1A6B3 1.05
-10.5 8.599999 1.899999 FAF6F1 1.05
7.350001 9.65 1.900002 FFFFFF 1.05
6.300001 9.65 1.900002 FFFFFF 1.05
5.250001 8.599999 1.9 D8E0E9 1.05
10.5 1.25 2.950001 BCB3B4 1.05
-10.5 1.25 2.949999 6B606D 1.05
10.5 0.1999999 2.950001 C5BDBD 1.05
9.450001 0.1999999 2.950001 776F79 1.05
8.400001 0.1999999 2.950001 706773 1.05
7.350001 0.1999999 2.950001 7A717B 1.05
6.300001 0.1999999 2.950001 736B75 1.05
5.25 0.1999999 2.95 6D6771 1.05
4.2 0.1999999 2.95 726B75 1.05
3.150001 0.1999999 2.95 655E6B 1.05
2.1 0.1999999 2.95 6F6772 1.05
1.05 0.1999999 2.95 665F6C 1.05
1.192093E-07 0.1999999 2.95 645E6A 1.05
-1.05 0.1999999 2.95 67616D 1.05
-2.1 0.1999999 2.95 6D6671 1.05
-3.150001 0.1999999 2.949999 706973 1.05
-4.2 0.1999999 2.949999 67606C 1.05
-5.25 0.1999999 2.949999 6A636F 1.05
-6.300001 0.1999999 2.949999 756D77 1.05
-7.350001 0.1999999 2.949999 736A75 1.05
-8.400001 0.1999999 2.949999 756C77 1.05
-9.450001 0.1999999 2.949999 685F6C 1.05
-10.5 0.1999999 2.949999 7E747D 1.05
10.5 2.3 2.950001 212940 1.05
10.5 6.5 2.950001 5F5665 1.05
-10.5 2.3 2.949999 20283F 1.05
10.5 3.35 2.950001 222941 1.05
-10.5 3.35 2.949999 20273E 1.05
10.5 4.4 2.950001 202339 1.05
-10.5 4.4 2.949999 202137 1.05
10.5 5.45 2.950001 B9B0B1 1.05
-10.5 5.45 2.949999 B6ADAD 1.05
11.55 6.5 2.950001 CAC2C1 1.05
-11.55 6.5 2.949999 C7BEBD 1.05
11.55 7.55 2.950001 5A947E 1.05
8.400001 7.55 2.950001 5A596F 1.05
9.450001 7.55 2.950001 736C7A 1.05
7.350001 7.55 2.950001 605C6D 1.05
6.300001 7.55 2.950001 5F5A6C 1.05
5.25 7.55 2.95 565468 1.05
4.2 7.55 2.95 8A818A 1.05
3.150001 7.55 2.95 998F94 1.05
2.1 7.55 2.95 9F969A 1.05
1.05 7.55 2.95 9F959A 1.05
1.192093E-07 7.55 2.95 9E9599 1.05
-1.05 7.55 2.95 A0979B 1.05
-2.1 7.55 2.95 9F969A 1.05
-3.150001 7.55 2.949999 A1989C 1.05
-4.2 7.55 2.949999 A0969A 1.05
-9.450001 7.55 2.949999 B3ABAD 1.05
-8.400001 7.55 2.949999 978D93 1.05
-11.55 7.55 2.949999 5B977F 1.05
8.400001 8.599999 2.950001 ACB0BE 1.05
10.5 8.599999 2.950001 F4EFEA 1.05
9.450001 8.599999 2.950001 FAF5F0 1.05
4.2 8.599999 2.95 A5AAB8 1.05
-10.5 8.599999 2.949999 F9F4EF 1.05
7.350001 9.65 2.950001 FFFFFF 1.05
6.300001 9.65 2.950001 FFFFFF 1.05
5.25 8.599999 2.95 D4DAE4 1.05
10.5 6.5 4.000001 5F5665 1.05
10.5 0.1999999 4.000001 C5BEBD 1.05
9.450001 0.1999999 4.000001 726975 1.05
8.400001 0.1999999 4.000001 6D6571 1.05
7.350001 0.1999999 4.000001 736B76 1.05
6.300001 0.1999999 4.000001 6D6571 1.05
5.25 0.1999999 4 6E6672 1.05
4.2 0.1999999 4 716A74 1.05
3.150001 0.1999999 4 6D6672 1.05
2.1 0.1999999 4 68616D 1.05
1.05 0.1999999 4 6A636F 1.05
0 0.1999999 4 716974 1.05
-1.05 0.1999999 4 665F6C 1.05
-2.1 0.1999999 4 675F6C 1.05
-3.150001 0.1999999 4 6C6370 1.05
-4.2 0.1999999 4 6C6571 1.05
-5.25 0.1999999 4 6D6470 1.05
-6.300001 0.1999999 3.999999 6C6670 1.05
-7.350001 0.1999999 3.999999 6C6470 1.05
-8.400001 0.1999999 3.999999 79707A 1.05
-9.450001 0.1999999 3.999999 756B76 1.05
-10.5 0.1999999 3.999999 786E78 1.05
10.5 1.25 4.000001 B9AFB0 1.05
-10.5 1.25 3.999999 A59B9E 1.05
10.5 5.45 4.000001 B7AFB0 1.05
-10.5 5.45 3.999999 B6ACAD 1.05
11.55 6.5 4.000001 CDC6C4 1.05
-11.55 6.5 3.999999 C6BDBC 1.05
11.55 7.55 4.000001 5C9880 1.05
8.400001 7.55 4.000001 65657A 1.05
-5.25 7.55 4 5F5B7A 1.05
9.450001 7.55 4.000001 7C7480 1.05
7.350001 7.55 4.000001 4D4B61 1.05
6.300001 7.55 4.000001 4B485D 1.05
5.25 7.55 4 444259 1.05
4.2 7.55 4 90878E 1.05
3.150001 7.55 4 9F969A 1.05
2.1 7.55 4 A0969A 1.05
1.05 7.55 4 9F9599 1.05
0 7.55 4 A2989C 1.05
-1.05 7.55 4 A1979B 1.05
-2.1 7.55 4 A0969B 1.05
-3.150001 7.55 4 A1979B 1.05
-4.2 7.55 4 999096 1.05
-5.250001 7.55 13.45 BCB5B5 1.05
-9.450001 7.55 3.999999 B5ACAD 1.05
-6.300001 7.55 3.999999 35334F 1.05
-6.300002 7.55 13.45 BDB5B5 1.05
-7.350001 7.55 3.999999 373652 1.05
-7.350002 7.55 13.45 BCB5B5 1.05
-8.400001 7.55 3.999999 8D838A 1.05
-11.55 7.55 3.999999 5A937D 1.05
8.400001 8.599999 4.000001 ABAEBC 1.05
10.5 8.599999 4.000001 F7F2EE 1.05
9.450001 8.599999 4.000001 F8F3EE 1.05
4.2 8.599999 4 A5AAB7 1.05
-10.5 8.599999 3.999999 FBF6F1 1.05
7.350001 8.599999 4.000001 DDE3ED 1.05
6.300001 8.599999 4.000001 DAE1EA 1.05
5.25 8.599999 4 E5ECF5 1.05
10.5 1.25 5.050001 BCB4B4 1.05
-10.5 1.25 5.049999 6B626E 1.05
10.5 0.1999999 5.050001 C4BCBC 1.05
9.450001 0.1999999 5.050001 736B76 1.05
8.400001 0.1999999 5.050001 6C6471 1.05
7.350001 0.1999999 5.050001 6A636F 1.05
6.300001 0.1999999 5.050001 6C6571 1.05
5.25 0.1999999 5.050001 6A636F 1.05
4.2 0.1999999 5.050001 6F6672 1.05
3.150001 0.1999999 5.050001 645E6B 1.05
2.1 0.1999999 5.05 675F6C 1.05
1.05 0.1999999 5.05 6E6571 1.05
-1.192093E-07 0.1999999 5.05 69626E 1.05
-1.05 0.1999999 5.05 726974 1.05
-2.1 0.1999999 5.05 6B646F 1.05
-3.150001 0.1999999 5.05 716974 1.05
-4.2 0.1999999 5.05 6F6672 1.05
-5.25 0.1999999 5.05 68616D 1.05
-6.300001 0.1999999 5.049999 6D6571 1.05
-7.350001 0.1999999 5.049999 786F79 1.05
-8.400001 0.1999999 5.049999 706873 1.05
-9.450001 0.1999999 5.049999 6E6571 1.05
-10.5 0.1999999 5.049999 796F79 1.05
10.5 2.3 5.050001 222A41 1.05
10.5 6.5 5.050001 6F6571 1.05
10.5 2.3 9.250002 3E3B58 1.05
-10.5 2.3 5.049999 222940 1.05
10.5 3.35 5.050001 212840 1.05
10.5 3.35 9.250002 403D5A 1.05
-10.5 3.35 5.049999 20273E 1.05
10.5 4.4 5.050001 20243B 1.05
-10.5 4.4 5.049999 202136 1.05
10.5 5.45 5.050001 BBB1B2 1.05
-10.5 5.45 5.049999 B9B0B0 1.05
11.55 6.5 5.050001 C7BFBE 1.05
-11.55 6.5 5.049999 C9C1BF 1.05
11.55 7.55 5.050001 58927C 1.05
8.4 7.55 9.250002 5C5D74 1.05
-5.25 7.55 5.05 666281 1.05
9.450001 7.55 5.050001 7C7581 1.05
7.35 7.55 9.250002 50516A 1.05
6.300001 7.55 9.250002 50516A 1.05
5.25 7.55 9.25 616177 1.05
4.2 7.55 5.050001 8A8189 1.05
3.150001 7.55 5.050001 9E9499 1.05
2.1 7.55 5.05 9F959A 1.05
1.05 7.55 5.05 9F969A 1.05
-1.192093E-07 7.55 5.05 A1979B 1.05
-1.05 7.55 5.05 A1989C 1.05
-2.1 7.55 5.05 A1979B 1.05
-3.150001 7.55 5.05 A1989C 1.05
-4.2 7.55 5.05 9C9398 1.05
-9.450001 7.55 5.049999 ADA5A8 1.05
-6.300001 7.55 5.049999 22253F 1.05
-7.350001 7.55 5.049999 33324D 1.05
-8.400001 7.55 5.049999 8F848C 1.05
-11.55 7.55 5.049999 5A937C 1.05
10.5 8.599999 5.050001 F9F4EF 1.05
9.450001 8.599999 5.050001 FAF5F0 1.05
8.4 8.599999 9.250002 9EA2B4 1.05
-5.25 8.599999 5.05 888EA4 1.05
7.35 8.599999 9.250002 9DA1B3 1.05
6.300001 8.599999 9.250002 979BAE 1.05
5.25 8.599999 9.25 9FA5B6 1.05
4.2 8.599999 5.050001 ADB1BD 1.05
-10.5 8.599999 5.049999 F8F4EF 1.05
-6.300001 9.65 5.049999 D2D9E3 1.05
10.5 1.25 6.1 C1B9B9 1.05
-10.5 1.25 6.099998 665C69 1.05
10.5 0.1999999 6.1 CCC4C2 1.05
9.450001 0.1999999 6.1 6C6370 1.05
8.400001 0.1999999 6.1 746B77 1.05
7.35 0.1999999 6.1 6E6672 1.05
6.300001 0.1999999 6.1 6F6773 1.05
5.25 0.1999999 6.1 6B6470 1.05
4.2 0.1999999 6.1 736B76 1.05
3.15 0.1999999 6.1 66606D 1.05
2.1 0.1999999 6.1 69636F 1.05
1.05 0.1999999 6.1 6B636F 1.05
-2.384186E-07 0.1999999 6.1 756F78 1.05
-1.05 0.1999999 6.1 726A74 1.05
-2.1 0.1999999 6.099998 706873 1.05
-3.150001 0.1999999 6.099998 726B75 1.05
-4.200001 0.1999999 6.1 716974 1.05
-5.250001 0.1999999 6.1 6F6672 1.05
-6.300001 0.1999999 6.099998 6F6873 1.05
-7.350001 0.1999999 6.099998 736C76 1.05
-8.400001 0.1999999 6.099998 746B76 1.05
-9.450001 0.1999999 6.099998 7A717B 1.05
-10.5 0.1999999 6.099998 7F757E 1.05
10.5 2.3 6.1 222941 1.05
10.5 6.5 6.1 685E6C 1.05
-10.5 2.3 6.099998 20273E 1.05
10.5 3.35 6.1 232A41 1.05
-10.5 3.35 6.099998 20273E 1.05
10.5 4.4 6.1 202238 1.05
-10.5 4.4 6.099998 202238 1.05
10.5 5.45 6.1 BBB2B2 1.05
-10.5 5.45 6.099998 B6ADAD 1.05
11.55 6.5 6.1 CAC2C1 1.05
-11.55 6.5 6.099998 C4BBBA 1.05
11.55 7.55 6.1 5A967F 1.05
8.400001 7.55 6.1 5E5E73 1.05
-5.250001 7.55 6.1 5D5978 1.05
9.450001 7.55 6.1 7A7380 1.05
7.35 7.55 6.1 615C6E 1.05
6.300001 7.55 6.1 676172 1.05
5.25 7.55 6.1 5B596C 1.05
4.2 7.55 6.1 8D858D 1.05
3.15 7.55 6.1 A0969A 1.05
2.1 7.55 6.1 A3999D 1.05
1.05 7.55 6.1 9A9095 1.05
-2.384186E-07 7.55 6.1 A49A9E 1.05
-1.05 7.55 6.1 A49B9E 1.05
-2.1 7.55 6.099998 A69CA0 1.05
-3.150001 7.55 6.099998 A0969B 1.05
-4.200001 7.55 6.1 9D9398 1.05
-9.450001 7.55 6.099998 B2AAAC 1.05
-6.300001 7.55 6.099998 32314C 1.05
-7.350001 7.55 6.099998 33324D 1.05
-8.400001 7.55 6.099998 92888E 1.05
-11.55 7.55 6.099998 5B967F 1.05
8.400001 8.599999 6.1 B2B6C3 1.05
10.5 8.599999 6.1 F9F4EF 1.05
9.450001 8.599999 6.1 F9F5F0 1.05
4.2 8.599999 6.1 ACB0BD 1.05
-6.300001 8.599999 6.099998 888CA3 1.05
-10.5 8.599999 6.099998 F7F2ED 1.05
7.35 9.65 6.1 FFFFFF 1.05
6.300001 9.65 6.1 FFFFFF 1.05
5.25 8.599999 6.1 D7DEE7 1.05
10.5 1.25 7.150002 B9B1B1 1.05
-10.5 1.25 7.15 6C626F 1.05
10.5 0.1999999 7.150002 C5BDBC 1.05
9.450001 0.1999999 7.150002 69616E 1.05
8.4 0.1999999 7.150002 726975 1.05
7.35 0.1999999 7.150002 756C77 1.05
6.300001 0.1999999 7.150002 6C6571 1.05
5.25 0.1999999 7.150002 716773 1.05
4.2 0.1999999 7.150002 6C6571 1.05
3.15 0.1999999 7.150002 706873 1.05
2.1 0.1999999 7.150002 716874 1.05
1.05 0.1999999 7.150002 726A75 1.05
-4.768372E-07 0.1999999 7.150002 6F6672 1.05
-1.050001 0.1999999 7.150002 746B76 1.05
-2.100001 0.1999999 7.150002 6E6572 1.05
-3.150001 0.1999999 7.15 7A737C 1.05
-4.200001 0.1999999 7.15 766F78 1.05
-5.250001 0.1999999 7.15 796F7A 1.05
-6.300002 0.1999999 7.15 706873 1.05
-7.350001 0.1999999 7.15 69606E 1.05
-8.400002 0.1999999 7.15 726A75 1.05
-9.450001 0.1999999 7.15 726974 1.05
-10.5 0.1999999 7.15 766C77 1.05
10.5 2.3 7.150002 222A41 1.05
10.5 6.5 7.150002 655C6A 1.05
-10.5 2.3 7.15 20283F 1.05
10.5 3.35 7.150002 212940 1.05
-10.5 3.35 7.15 21283F 1.05
10.5 4.4 7.150002 202138 1.05
-10.5 4.4 7.15 202339 1.05
10.5 5.45 7.150002 C0B8B8 1.05
-10.5 5.45 7.15 B7ADAE 1.05
11.55 6.5 7.150002 C7C0BF 1.05
-11.55 6.5 7.15 CAC1BF 1.05
11.55 7.55 7.150002 58907B 1.05
8.4 7.55 7.150002 66657B 1.05
-5.250001 7.55 7.15 64607F 1.05
9.450001 7.55 7.150002 756E7C 1.05
7.35 7.55 7.150002 615D6F 1.05
6.300001 7.55 7.150002 635D6F 1.05
5.25 7.55 7.150002 5D596D 1.05
4.2 7.55 7.150002 8C838B 1.05
3.15 7.55 7.150002 A0969B 1.05
2.1 7.55 7.150002 A1979B 1.05
1.05 7.55 7.150002 A3999D 1.05
-4.768372E-07 7.55 7.150002 9F9599 1.05
-1.050001 7.55 7.150002 A49B9E 1.05
-2.100001 7.55 7.150002 A0979B 1.05
-3.150001 7.55 7.15 A1979C 1.05
-4.200001 7.55 7.15 A2989C 1.05
-9.450001 7.55 7.15 BAB2B3 1.05
-6.300002 7.55 7.15 3E3B55 1.05
-7.350001 7.55 7.15 3F3B55 1.05
-8.400002 7.55 7.15 988E94 1.05
-11.55 7.55 7.15 5C9881 1.05
8.4 8.599999 7.150002 AEB2C0 1.05
10.5 8.599999 7.150002 FBF7F1 1.05
9.450001 8.599999 7.150002 F9F4F0 1.05
4.2 8.599999 7.150002 ACB0BD 1.05
-10.5 8.599999 7.15 FEFAF5 1.05
7.35 9.65 7.150002 FFFFFF 1.05
6.300001 9.65 7.150002 FFFFFF 1.05
5.25 8.599999 7.150002 DBE3ED 1.05
10.5 1.25 8.200001 C4BCBC 1.05
-10.5 1.25 8.200001 6B616D 1.05
10.5 0.1999999 8.200001 C4BCBC 1.05
9.450001 0.1999999 8.200001 736B76 1.05
8.4 0.1999999 8.200001 756C77 1.05
7.35 0.1999999 8.200001 786F7A 1.05
6.300001 0.1999999 8.200001 706873 1.05
5.25 0.1999999 8.200001 736B76 1.05
4.2 0.1999999 8.200001 716B75 1.05
3.15 0.1999999 8.200001 69636F 1.05
2.1 0.1999999 8.200001 786F7A 1.05
1.05 0.1999999 8.200001 776D78 1.05
-4.768372E-07 0.1999999 8.200001 7A717B 1.05
-1.050001 0.1999999 8.200001 7C727C 1.05
-2.100001 0.1999999 8.200001 746B76 1.05
-3.150001 0.1999999 8.200001 6F6873 1.05
-4.200001 0.1999999 8.199999 716974 1.05
-5.250001 0.1999999 8.200001 736A75 1.05
-6.300002 0.1999999 8.199999 766D77 1.05
-7.350001 0.1999999 8.199999 746C76 1.05
-8.400002 0.1999999 8.200001 80767F 1.05
-9.450001 0.1999999 8.199999 766C77 1.05
-10.5 0.1999999 8.200001 857B83 1.05
10.5 2.3 8.200001 E7E1DE 1.05
10.5 6.5 8.200001 595161 1.05
-10.5 2.3 8.200001 DAD3D0 1.05
10.5 3.35 8.200001 E7E2DF 1.05
-10.5 3.35 8.200001 DDD7D3 1.05
10.5 4.4 8.200001 E3DEDA 1.05
-10.5 4.4 8.200001 DED7D4 1.05
10.5 5.45 8.200001 BBB3B4 1.05
-10.5 5.45 8.200001 B4ABAC 1.05
11.55 6.5 8.200001 C8C1C1 1.05
-11.55 6.5 8.199999 C9C0C0 1.05
11.55 7.55 8.200001 5B977F 1.05
-9.450001 7.55 8.199999 BBB3B4 1.05
8.4 7.55 8.200001 504C61 1.05
9.450001 7.55 8.200001 827984 1.05
7.35 7.55 8.200001 4D4A5E 1.05
6.300001 7.55 8.200001 544F63 1.05
5.25 7.55 8.200001 544F62 1.05
4.2 7.55 8.200001 948A91 1.05
3.15 7.55 8.200001 A1979B 1.05
2.1 7.55 8.200001 A0979B 1.05
1.05 7.55 8.200001 A2999D 1.05
-4.768372E-07 7.55 8.200001 A59B9F 1.05
-1.050001 7.55 8.200001 998F94 1.05
-2.100001 7.55 8.200001 A79DA1 1.05
-3.150001 7.55 8.200001 A39A9D 1.05
-4.200001 7.55 8.199999 9F959A 1.05
-5.250001 7.55 8.200001 A49A9E 1.05
-6.300002 7.55 8.199999 A3999D 1.05
-7.350001 7.55 8.199999 9D9398 1.05
-8.400002 7.55 8.200001 9E9499 1.05
-11.55 7.55 8.199999 5C9981 1.05
10.5 8.599999 8.200001 F9F4EF 1.05
9.450001 8.599999 8.200001 F8F3EE 1.05
8.4 8.599999 8.200001 A6ABBB 1.05
7.35 8.599999 8.200001 A3A9BB 1.05
6.300001 8.599999 8.200001 9CA1B3 1.05
5.25 8.599999 8.200001 A2A7B9 1.05
-10.5 8.599999 8.200001 FAF5F0 1.05
10.5 6.5 9.250002 5B5364 1.05
9.450001 0.1999999 9.250002 6C6371 1.05
8.4 0.1999999 9.250002 776E79 1.05
7.35 0.1999999 9.250002 726975 1.05
6.300001 0.1999999 9.250002 736B76 1.05
5.25 0.1999999 9.25 756D78 1.05
4.2 0.1999999 9.25 7F757F 1.05
3.15 0.1999999 9.25 79707A 1.05
2.1 0.1999999 9.25 756C77 1.05
1.05 0.1999999 9.25 756D77 1.05
-4.768372E-07 0.1999999 9.25 726A75 1.05
-1.050001 0.1999999 9.25 746D77 1.05
-2.100001 0.1999999 9.25 79707A 1.05
-3.150001 0.1999999 9.25 786F79 1.05
-4.200001 0.1999999 9.25 746B76 1.05
-5.250001 0.1999999 9.25 7F777F 1.05
-6.300002 0.1999999 9.25 847C83 1.05
-7.350001 0.1999999 9.25 7D737D 1.05
-8.400002 0.1999999 9.25 7B737C 1.05
-9.450001 0.1999999 9.25 7D737C 1.05
-10.5 0.1999999 9.25 7A707B 1.05
-10.5 1.25 9.25 B8AEAF 1.05
-10.5 2.3 9.25 C0B7B6 1.05
-10.5 3.35 9.25 BEB4B4 1.05
10.5 4.4 9.250002 C6BEBD 1.05
-10.5 4.4 9.25 C1B8B7 1.05
10.5 5.45 9.250002 C0B8B8 1.05
-10.5 5.45 9.25 B6ACAD 1.05
11.55 6.5 9.250002 CCC5C4 1.05
-11.55 6.5 9.25 C2B9B8 1.05
11.55 7.55 9.250002 5B977F 1.05
8.4 7.55 13.45 938A92 1.05
-9.450001 7.55 9.25 BEB6B6 1.05
9.450001 7.55 9.250002 7F7885 1.05
7.35 7.55 13.45 8E858E 1.05
6.3 7.55 13.45 958D95 1.05
5.25 7.55 13.45 A0989D 1.05
4.2 7.55 9.25 928990 1.05
3.15 7.55 9.25 9E9499 1.05
2.1 7.55 9.25 9E9498 1.05
1.05 7.55 9.25 A69CA0 1.05
-4.768372E-07 7.55 9.25 A2999C 1.05
-1.050001 7.55 9.25 A49B9E 1.05
-2.100001 7.55 9.25 9C9297 1.05
-3.150001 7.55 9.25 A59B9F 1.05
-4.200001 7.55 9.25 A3999D 1.05
-5.250001 7.55 9.25 978D93 1.05
-6.300002 7.55 9.25 A59B9E 1.05
-7.350001 7.55 9.25 A2999C 1.05
-8.400002 7.55 9.25 9B9196 1.05
-11.55 7.55 9.25 5A947D 1.05
10.5 8.599999 9.250002 FBF6F1 1.05
9.450001 8.599999 9.250002 F7F2EE 1.05
4.2 8.599999 9.25 ABAEBB 1.05
-10.5 8.599999 9.25 FAF6F1 1.05
10.5 6.5 10.3 665D6C 1.05
10.5 0.1999999 10.3 A5A8B6 1.05
9.45 0.1999999 10.3 716875 1.05
8.4 0.1999999 10.3 7A737D 1.05
7.35 0.1999999 10.3 746B77 1.05
6.3 0.1999999 10.3 78707A 1.05
5.25 0.1999999 10.3 796F7A 1.05
4.199999 0.1999999 10.3 79707A 1.05
3.15 0.1999999 10.3 726A75 1.05
2.099999 0.1999999 10.3 78707A 1.05
1.049999 0.1999999 10.3 7D757E 1.05
-9.536743E-07 0.1999999 10.3 79727A 1.05
-1.050001 0.1999999 10.3 7B717B 1.05
-2.100001 0.1999999 10.3 766D77 1.05
-3.150002 0.1999999 10.3 786F79 1.05
-4.200001 0.1999999 10.3 746C76 1.05
-5.250001 0.1999999 10.3 79707A 1.05
-6.300002 0.1999999 10.3 726B75 1.05
-7.350002 0.1999999 10.3 7C737D 1.05
-8.400002 0.1999999 10.3 817780 1.05
-9.450002 0.1999999 10.3 817780 1.05
-10.5 0.1999999 10.3 80757E 1.05
10.5 1.25 10.3 20273D 1.05
-10.5 1.25 10.3 C0B8B8 1.05
10.5 2.3 10.3 20273F 1.05
-10.5 2.3 10.3 C3BABA 1.05
10.5 3.35 10.3 202036 1.05
-10.5 3.35 10.3 BEB5B4 1.05
10.5 4.4 10.3 C3BBBC 1.05
-10.5 4.4 10.3 BFB6B5 1.05
10.5 5.45 10.3 B9B1B2 1.05
-10.5 5.45 10.3 B9AFAF 1.05
11.55 6.5 10.3 CAC3C2 1.05
-11.55 6.5 10.3 C8C1C0 1.05
11.55 7.55 10.3 5B967F 1.05
8.4 7.55 10.3 69697D 1.05
-9.450002 7.55 10.3 C0B8B8 1.05
9.45 7.55 10.3 78717E 1.05
7.35 7.55 10.3 676274 1.05
6.3 7.55 10.3 686373 1.05
5.25 7.55 10.3 59566A 1.05
4.199999 7.55 10.3 8A8189 1.05
3.15 7.55 10.3 9F959A 1.05
2.099999 7.55 10.3 988F94 1.05
1.049999 7.55 10.3 A1979B 1.05
-9.536743E-07 7.55 10.3 9D9498 1.05
-1.050001 7.55 10.3 A49A9E 1.05
-2.100001 7.55 10.3 A0969A 1.05
-3.150002 7.55 10.3 A59B9F 1.05
-4.200001 7.55 10.3 A2989C 1.05
-5.250001 7.55 10.3 A1979B 1.05
-6.300002 7.55 10.3 A3999D 1.05
-7.350002 7.55 10.3 9E9499 1.05
-8.400002 7.55 10.3 9C9297 1.05
-11.55 7.55 10.3 5D9880 1.05
8.4 8.599999 10.3 AEB0BE 1.05
10.5 8.599999 10.3 FAF6F1 1.05
9.45 8.599999 10.3 F9F4EF 1.05
4.199999 8.599999 10.3 B0B4C1 1.05
-10.5 8.599999 10.3 F9F4EF 1.05
7.35 9.65 10.3 FFFFFF 1.05
6.3 9.65 10.3 FFFFFF 1.05
5.25 8.599999 10.3 D7DDE8 1.05
10.5 6.5 11.35 625967 1.05
10.5 0.1999999 11.35 AAAEBB 1.05
9.45 0.1999999 11.35 716774 1.05
8.4 0.1999999 11.35 786F7A 1.05
7.35 0.1999999 11.35 7F757F 1.05
6.3 0.1999999 11.35 7B717C 1.05
5.25 0.1999999 11.35 847A82 1.05
4.199999 0.1999999 11.35 7D747E 1.05
3.15 0.1999999 11.35 817780 1.05
2.099999 0.1999999 11.35 7E767F 1.05
1.049999 0.1999999 11.35 807780 1.05
-9.536743E-07 0.1999999 11.35 79717B 1.05
-1.050001 0.1999999 11.35 817781 1.05
-2.100001 0.1999999 11.35 7A717A 1.05
-3.150002 0.1999999 11.35 7D747D 1.05
-4.200001 0.1999999 11.35 817880 1.05
-5.250001 0.1999999 11.35 7F757E 1.05
-6.300002 0.1999999 11.35 847A82 1.05
-7.350002 0.1999999 11.35 817780 1.05
-8.400002 0.1999999 11.35 817780 1.05
-9.450002 0.1999999 11.35 827881 1.05
-10.5 0.1999999 11.35 877C84 1.05
10.5 1.25 11.35 21283F 1.05
-10.5 1.25 11.35 C2B9B8 1.05
10.5 2.3 11.35 21283F 1.05
-10.5 2.3 11.35 BFB6B6 1.05
10.5 3.35 11.35 202036 1.05
-10.5 3.35 11.35 C2B9B8 1.05
10.5 4.4 11.35 C1B7B9 1.05
-10.5 4.4 11.35 C0B8B8 1.05
10.5 5.45 11.35 B7AFB0 1.05
-10.5 5.45 11.35 B8ADAD 1.05
11.55 6.5 11.35 CCC5C4 1.05
-11.55 6.5 11.35 C7BFBE 1.05
11.55 7.55 11.35 5C9880 1.05
8.4 7.55 11.35 67677C 1.05
-9.450002 7.55 11.35 BCB5B5 1.05
9.45 7.55 11.35 7D7581 1.05
7.35 7.55 11.35 656173 1.05
6.3 7.55 11.35 625E71 1.05
5.25 7.55 11.35 565368 1.05
4.199999 7.55 11.35 8C838C 1.05
3.15 7.55 11.35 9E9599 1.05
2.099999 7.55 11.35 A0969B 1.05
1.049999 7.55 11.35 A39A9E 1.05
-9.536743E-07 7.55 11.35 A1989C 1.05
-1.050001 7.55 11.35 A59B9F 1.05
-2.100001 7.55 11.35 A2989C 1.05
-3.150002 7.55 11.35 A49A9E 1.05
-4.200001 7.55 11.35 A2989C 1.05
-5.250001 7.55 11.35 A1989B 1.05
-6.300002 7.55 11.35 A0969A 1.05
-7.350002 7.55 11.35 A0969A 1.05
-8.400002 7.55 11.35 988E93 1.05
-11.55 7.55 11.35 5B9780 1.05
8.4 8.599999 11.35 ADB1BF 1.05
10.5 8.599999 11.35 F9F5F0 1.05
9.45 8.599999 11.35 F9F4EF 1.05
4.199999 8.599999 11.35 B2B6C3 1.05
-10.5 8.599999 11.35 FBF6F1 1.05
7.35 8.599999 11.35 C9CFDA 1.05
6.3 9.65 11.35 FFFFFF 1.05
5.25 8.599999 11.35 D8DEE8 1.05
10.5 6.5 12.4 5E5565 1.05
10.5 0.1999999 12.4 B9B1B1 1.05
9.45 0.1999999 12.4 837982 1.05
8.4 0.1999999 12.4 887E86 1.05
7.35 0.1999999 12.4 827881 1.05
6.3 0.1999999 12.4 827881 1.05
5.25 0.1999999 12.4 817881 1.05
4.199999 0.1999999 12.4 857B83 1.05
3.15 0.1999999 12.4 776E79 1.05
2.099999 0.1999999 12.4 807780 1.05
1.049999 0.1999999 12.4 7F767F 1.05
-9.536743E-07 0.1999999 12.4 7D747D 1.05
-1.050001 0.1999999 12.4 807780 1.05
-2.100001 0.1999999 12.4 79707A 1.05
-3.150002 0.1999999 12.4 827A82 1.05
-4.200001 0.1999999 12.4 756C77 1.05
-5.250001 0.1999999 12.4 7B727C 1.05
-6.300002 0.1999999 12.4 847A82 1.05
-7.350002 0.1999999 12.4 7E747E 1.05
-8.400002 0.1999999 12.4 807680 1.05
-9.450002 0.1999999 12.4 8B8087 1.05
-10.5 0.1999999 12.4 877D84 1.05
10.5 1.25 12.4 B3AAAC 1.05
-10.5 1.25 12.4 C2BAB9 1.05
10.5 2.3 12.4 B1A7AB 1.05
-10.5 2.3 12.4 BBB2B2 1.05
10.5 3.35 12.4 AAA1A5 1.05
-10.5 3.35 12.4 C3BBBA 1.05
10.5 4.4 12.4 C9C1C1 1.05
-10.5 4.4 12.4 C1B7B7 1.05
10.5 5.45 12.4 BAB2B2 1.05
-10.5 5.45 12.4 BAB1B1 1.05
11.55 6.5 12.4 CAC3C2 1.05
-11.55 6.5 12.4 C8C0BE 1.05
11.55 7.55 12.4 578E7A 1.05
-9.450002 7.55 12.4 B4ACAD 1.05
8.4 7.55 12.4 746B78 1.05
9.45 7.55 12.4 938A91 1.05
7.35 7.55 12.4 756C78 1.05
6.3 7.55 12.4 756C78 1.05
5.25 7.55 12.4 7B727D 1.05
4.199999 7.55 12.4 91888F 1.05
3.15 7.55 12.4 999095 1.05
2.099999 7.55 12.4 9A9096 1.05
1.049999 7.55 12.4 9E9499 1.05
-9.536743E-07 7.55 12.4 998E94 1.05
-1.050001 7.55 12.4 9B9196 1.05
-2.100001 7.55 12.4 9A9095 1.05
-3.150002 7.55 12.4 988E94 1.05
-4.200001 7.55 12.4 9C9196 1.05
-5.250001 7.55 12.4 998F94 1.05
-6.300002 7.55 12.4 9D9398 1.05
-7.350002 7.55 12.4 988E93 1.05
-8.400002 7.55 12.4 9A9095 1.05
-11.55 7.55 12.4 59927C 1.05
10.5 8.599999 12.4 F8F3EF 1.05
9.45 8.599999 12.4 F9F5F0 1.05
8.4 8.599999 12.4 B1B5C2 1.05
7.35 8.599999 12.4 B4B8C5 1.05
6.3 8.599999 12.4 B1B5C2 1.05
5.25 8.599999 12.4 B0B4C1 1.05
-10.5 8.599999 12.4 F9F4EF 1.05
10.5 6.5 13.45 615867 1.05
10.5 0.1999999 13.45 C4BBBB 1.05
9.45 0.1999999 13.45 857B84 1.05
8.4 0.1999999 13.45 817881 1.05
7.35 0.1999999 13.45 8D838A 1.05
6.3 0.1999999 13.45 7C737D 1.05
5.25 0.1999999 13.45 827881 1.05
4.199999 0.1999999 13.45 837A82 1.05
3.15 0.1999999 13.45 7E757E 1.05
2.099999 0.1999999 13.45 837982 1.05
1.049999 0.1999999 13.45 817680 1.05
-9.536743E-07 0.1999999 13.45 837982 1.05
-1.050001 0.1999999 13.45 827981 1.05
-2.100001 0.1999999 13.45 807680 1.05
-3.150002 0.1999999 13.45 786F79 1.05
-4.200001 0.1999999 13.45 7A717A 1.05
-5.250001 0.1999999 13.45 7B727C 1.05
-6.300002 0.1999999 13.45 7A707A 1.05
-7.350002 0.1999999 13.45 857B83 1.05
-8.400002 0.1999999 13.45 877D85 1.05
-9.450002 0.1999999 13.45 867C85 1.05
-10.5 0.1999999 13.45 847982 1.05
10.5 1.25 13.45 CFC8C6 1.05
-10.5 1.25 13.45 C3BBBA 1.05
10.5 2.3 13.45 C6BFBF 1.05
-10.5 2.3 13.45 BEB5B5 1.05
10.5 3.35 13.45 BFB6B6 1.05
-10.5 3.35 13.45 C2BAB9 1.05
10.5 4.4 13.45 C3BBBB 1.05
-10.5 4.4 13.45 C3BABA 1.05
10.5 5.45 13.45 B7AFB0 1.05
-10.5 5.45 13.45 B3AAAC 1.05
11.55 6.5 13.45 C9C2C1 1.05
-11.55 6.5 13.45 C9C1BF 1.05
11.55 7.55 13.45 5C9780 1.05
9.45 7.55 13.45 8B828A 1.05
-11.55 7.55 13.45 5A937D 1.05
10.5 8.599999 13.45 FFFCF7 1.05
9.45 8.599999 13.45 F7F3EE 1.05
8.4 8.599999 13.45 FAF5F0 1.05
7.35 8.599999 13.45 FBF6F1 1.05
6.3 8.599999 13.45 FAF5F0 1.05
5.25 8.599999 13.45 FAF5F0 1.05
4.199999 8.599999 13.45 FBF6F1 1.05
3.15 8.599999 13.45 FAF6F1 1.05
2.099999 8.599999 13.45 F9F5F0 1.05
1.049999 8.599999 13.45 FBF6F1 1.05
-9.536743E-07 8.599999 13.45 FAF6F1 1.05
-1.050001 8.599999 13.45 F5F0EB 1.05
-2.100001 8.599999 13.45 FBF6F1 1.05
-3.150002 8.599999 13.45 F6F2ED 1.05
-4.200001 8.599999 13.45 FAF5F0 1.05
-5.250001 8.599999 13.45 FCF7F2 1.05
-6.300002 8.599999 13.45 F8F3EF 1.05
-7.350002 8.599999 13.45 F7F3EE 1.05
-8.400002 8.599999 13.45 FBF6F1 1.05
-9.450002 8.599999 13.45 F9F4EF 1.05
-10.5 8.599999 13.45 FAF6F1 1.05
10.5 6.5 14.5 6D636F 1.05
9.45 6.5 14.5 5F5765 1.05
8.4 6.5 14.5 685E6C 1.05
7.35 6.5 14.5 625969 1.05
6.3 6.5 14.5 655B69 1.05
5.25 6.5 14.5 5D5463 1.05
4.199999 6.5 14.5 665D6A 1.05
3.15 6.5 14.5 605766 1.05
2.099999 6.5 14.5 645B69 1.05
1.049999 6.5 14.5 5A5262 1.05
-9.536743E-07 6.5 14.5 605766 1.05
-1.050001 6.5 14.5 5E5564 1.05
-2.100001 6.5 14.5 665D6A 1.05
-3.150002 1.25 14.5 726873 1.05
-4.200001 1.25 14.5 665D6A 1.05
-5.250001 1.25 14.5 6B616E 1.05
-6.300002 1.25 14.5 706672 1.05
-7.350002 1.25 14.5 7C727B 1.05
-8.400002 2.3 14.5 35334F 1.05
-9.450002 6.5 14.5 655C6B 1.05
-10.5 6.5 14.5 675D6A 1.05
10.5 0.1999999 14.5 C2BBBA 1.05
9.45 0.1999999 14.5 8F858C 1.05
8.4 0.1999999 14.5 8D838A 1.05
7.35 0.1999999 14.5 948A90 1.05
6.3 0.1999999 14.5 837982 1.05
5.25 0.1999999 14.5 8C828A 1.05
4.199999 0.1999999 14.5 8D838A 1.05
3.15 0.1999999 14.5 867D85 1.05
2.099999 0.1999999 14.5 857B83 1.05
1.049999 0.1999999 14.5 857B83 1.05
-9.536743E-07 0.1999999 14.5 90868C 1.05
-1.050001 0.1999999 14.5 8D838A 1.05
-2.100001 0.1999999 14.5 8A8188 1.05
-3.150002 0.1999999 14.5 817880 1.05
-4.200001 0.1999999 14.5 8A8087 1.05
-5.250001 0.1999999 14.5 827881 1.05
-6.300002 0.1999999 14.5 877D85 1.05
-7.350002 0.1999999 14.5 7F747E 1.05
-8.400002 0.1999999 14.5 887E86 1.05
-9.450002 0.1999999 14.5 8A8088 1.05
-10.5 0.1999999 14.5 8A8087 1.05
10.5 1.25 14.5 CAC2C1 1.05
9.45 1.25 14.5 C7BFBE 1.05
8.4 1.25 14.5 C4BCBB 1.05
7.35 1.25 14.5 CAC3C2 1.05
6.3 1.25 14.5 C3BBBB 1.05
5.25 1.25 14.5 CDC5C4 1.05
4.199999 1.25 14.5 C9C1C0 1.05
3.15 1.25 14.5 C5BEBD 1.05
2.099999 1.25 14.5 C3BBBA 1.05
1.049999 1.25 14.5 C9C1C0 1.05
-9.536743E-07 1.25 14.5 C9C2C1 1.05
-1.050001 1.25 14.5 C4BCBC 1.05
-2.100001 1.25 14.5 C4BCBB 1.05
-8.400002 1.25 14.5 C7C0BF 1.05
-9.450002 1.25 14.5 C1B9B9 1.05
-10.5 1.25 14.5 C8C0BF 1.05
10.5 2.3 14.5 CBC4C3 1.05
9.45 2.3 14.5 C7BFBF 1.05
-3.150002 2.3 14.5 ABA2A5 1.05
8.4 2.3 14.5 CBC4C3 1.05
7.35 2.3 14.5 C6BFBE 1.05
6.3 2.3 14.5 C6BFBE 1.05
5.25 2.3 14.5 C5BEBD 1.05
4.199999 2.3 14.5 C1B9B9 1.05
3.15 2.3 14.5 C9C1C0 1.05
2.099999 2.3 14.5 C2BAB9 1.05
1.049999 2.3 14.5 CBC3C2 1.05
-9.536743E-07 2.3 14.5 C2BAB9 1.05
-1.050001 2.3 14.5 C9C2C1 1.05
-2.100001 2.3 14.5 C4BDBC 1.05
-3.150002 6.5 14.5 685F6C 1.05
-4.200001 6.5 14.5 605766 1.05
-4.200001 2.3 14.5 20233A 1.05
-5.250001 6.5 14.5 554D5E 1.05
-5.250001 2.3 14.5 20253B 1.05
-6.300002 5.45 14.5 393753 1.05
-6.300002 2.3 14.5 22273E 1.05
-7.350002 5.45 14.5 363450 1.05
-7.350002 2.3 14.5 9E9499 1.05
-8.400002 5.45 14.5 2E2E48 1.05
-9.450002 2.3 14.5 B3AAAC 1.05
-10.5 2.3 14.5 C4BDBC 1.05
10.5 3.35 14.5 C6BEBE 1.05
9.45 3.35 14.5 CBC3C2 1.05
-3.150002 3.35 14.5 AAA0A3 1.05
8.4 3.35 14.5 CEC7C6 1.05
7.35 3.35 14.5 CCC4C3 1.05
6.3 3.35 14.5 CAC3C1 1.05
5.25 3.35 14.5 C9C2C1 1.05
4.199999 3.35 14.5 CBC3C2 1.05
3.15 3.35 14.5 C4BCBB 1.05
2.099999 3.35 14.5 CFC8C6 1.05
1.049999 3.35 14.5 C7BEBD 1.05
-9.536743E-07 3.35 14.5 CAC2C1 1.05
-1.050001 3.35 14.5 C1B9B9 1.05
-2.100001 3.35 14.5 C4BDBC 1.05
-8.400002 3.35 14.5 575372 1.05
-4.200001 3.35 14.5 20233A 1.05
-5.250001 3.35 14.5 20263D 1.05
-6.300002 3.35 14.5 202339 1.05
-7.350002 3.35 14.5 ABA0A3 1.05
-9.450002 3.35 14.5 AEA6A8 1.05
-10.5 3.35 14.5 CAC3C2 1.05
10.5 4.4 14.5 CAC3C1 1.05
9.45 4.4 14.5 C4BCBC 1.05
-3.150002 4.4 14.5 ABA2A5 1.05
8.4 4.4 14.5 C7C0BF 1.05
7.35 4.4 14.5 C6BEBE 1.05
6.3 4.4 14.5 CCC5C4 1.05
5.25 4.4 14.5 C8C1BF 1.05
4.199999 4.4 14.5 C9C2C0 1.05
3.15 4.4 14.5 C0B9B8 1.05
2.099999 4.4 14.5 C9C1C0 1.05
1.049999 4.4 14.5 C4BCBC 1.05
-9.536743E-07 4.4 14.5 C4BCBB 1.05
-1.050001 4.4 14.5 C9C3C1 1.05
-2.100001 4.4 14.5 C7BFBE 1.05
-8.400002 4.4 14.5 45425F 1.05
-4.200001 4.4 14.5 363348 1.05
-5.250001 4.4 14.5 353348 1.05
-6.300002 4.4 14.5 39374B 1.05
-7.350002 4.4 14.5 A0969A 1.05
-9.450002 4.4 14.5 C1B9B9 1.05
-10.5 4.4 14.5 C9C1C0 1.05
10.5 5.45 14.5 BCB4B4 1.05
9.45 5.45 14.5 B9B0B1 1.05
-5.250001 5.45 14.5 423E5B 1.05
8.4 5.45 14.5 BBB3B4 1.05
7.35 5.45 14.5 BAB1B2 1.05
6.3 5.45 14.5 BFB7B7 1.05
5.25 5.45 14.5 B8AFB0 1.05
4.199999 5.45 14.5 BAB1B2 1.05
3.15 5.45 14.5 BBB2B2 1.05
2.099999 5.45 14.5 B9B1B1 1.05
1.049999 5.45 14.5 BCB3B4 1.05
-9.536743E-07 5.45 14.5 B9B1B1 1.05
-1.050001 5.45 14.5 BDB4B4 1.05
-2.100001 5.45 14.5 BBB2B3 1.05
-3.150002 5.45 14.5 BAB2B2 1.05
-4.200001 5.45 14.5 B9B1B1 1.05
-6.300002 6.5 14.5 615867 1.05
-7.350002 6.5 14.5 5D5465 1.05
-8.400002 6.5 14.5 605766 1.05
-9.450002 5.45 14.5 BEB6B6 1.05
-10.5 5.45 14.5 BDB5B5 1.05
11.55 6.5 14.5 CCC5C4 1.05
-11.55 6.5 14.5 CEC5C4 1.05
11.55 7.55 14.5 5B967F 1.05
-11.55 7.55 14.5 5A947E 1.05
10.5 8.599999 14.5 FBF6F1 1.05
9.45 8.599999 14.5 FBF7F1 1.05
8.4 8.599999 14.5 F4F0EB 1.05
7.35 8.599999 14.5 F8F3EE 1.05
6.3 8.599999 14.5 FDF8F3 1.05
5.25 8.599999 14.5 FAF5F0 1.05
4.199999 8.599999 14.5 F9F4EF 1.05
3.15 8.599999 14.5 FBF7F2 1.05
2.099999 8.599999 14.5 FAF5F0 1.05
1.049999 8.599999 14.5 FBF6F1 1.05
-9.536743E-07 8.599999 14.5 F9F4EF 1.05
-1.050001 8.599999 14.5 F7F3EE 1.05
-2.100001 8.599999 14.5 FBF6F1 1.05
-3.150002 8.599999 14.5 F7F2EE 1.05
-4.200001 8.599999 14.5 F3EEEA 1.05
-5.250001 8.599999 14.5 F2EDE9 1.05
-6.300002 8.599999 14.5 FBF6F1 1.05
-7.350002 8.599999 14.5 FCF7F2 1.05
-8.400002 8.599999 14.5 FBF7F1 1.05
-9.450002 8.599999 14.5 FBF7F1 1.05
-10.5 8.599999 14.5 FDF9F3 1.05
10.5 6.5 15.55 CFC8C6 1.05
9.45 6.5 15.55 CCC6C5 1.05
8.4 6.5 15.55 CDC6C5 1.05
7.35 6.5 15.55 D0C9C8 1.05
6.3 6.5 15.55 CEC7C6 1.05
5.25 6.5 15.55 CEC7C6 1.05
4.199999 6.5 15.55 CCC4C2 1.05
3.15 6.5 15.55 CDC6C5 1.05
2.099999 6.5 15.55 D1CBC9 1.05
1.049999 6.5 15.55 CCC4C3 1.05
-9.536743E-07 6.5 15.55 CCC6C4 1.05
-1.050001 6.5 15.55 CCC5C4 1.05
-2.100001 6.5 15.55 C8C0C0 1.05
-3.150002 6.5 15.55 C6BFBE 1.05
-4.200001 6.5 15.55 C8C0BF 1.05
-5.250001 6.5 15.55 CBC3C2 1.05
-6.300002 6.5 15.55 C9C1C0 1.05
-7.350002 6.5 15.55 C8C1C0 1.05
-8.400002 6.5 15.55 D1CBC9 1.05
-9.450002 6.5 15.55 CDC6C5 1.05
-10.5 6.5 15.55 C9C1C0 1.05
10.5 7.55 15.55 5F9C83 1.05
9.45 7.55 15.55 5E9D84 1.05
8.4 7.55 15.55 5F9C83 1.05
7.35 7.55 15.55 5E9C83 1.05
6.3 7.55 15.55 5B967F 1.05
5.25 7.55 15.55 5F9E85 1.05
4.199999 7.55 15.55 59927C 1.05
3.15 7.55 15.55 5E9C83 1.05
2.099999 7.55 15.55 5A957E 1.05
1.049999 7.55 15.55 5D9B82 1.05
-9.536743E-07 7.55 15.55 59937D 1.05
-1.050001 7.55 15.55 5B957E 1.05
-2.100001 7.55 15.55 5E9C83 1.05
-3.150002 7.55 15.55 5D9981 1.05
-4.200001 7.55 15.55 5A947E 1.05
-5.250001 7.55 15.55 5B967F 1.05
-6.300002 7.55 15.55 5B967F 1.05
-7.350002 7.55 15.55 5A967E 1.05
-8.400002 7.55 15.55 5C9881 1.05
-9.450002 7.55 15.55 5A947D 1.05
-10.5 7.55 15.55 59937D 1.05
