0.5250001 0.575 12.45 9B7A1B 0.525
0.5250001 0.575 11.925 9B7A1B 0.525
0.5250001 0.575 11.4 9B7A1B 0.525
1.05 0.575 10.875 9B7A1B 0.525
1.05 0.575 10.35 9B7A1B 0.525
3.675 0.575 9.825001 585858 0.525
4.2 0.575 9.299999 585858 0.525
4.2 0.575 8.775002 585858 0.525
4.2 0.575 8.25 585858 0.525
4.2 0.575 7.724998 585858 0.525
4.2 0.575 7.200001 585858 0.525
4.2 0.575 6.674999 585858 0.525
4.2 0.575 6.150002 585858 0.525
4.2 0.575 5.625 585858 0.525
4.2 0.575 5.099998 585858 0.525
4.2 0.575 4.575 585858 0.525
4.2 0.575 4.05 585858 0.525
3.675 0.575 3.525 585858 0.525
1.05 0.575 3 7D7976 0.525
1.05 0.575 2.475 7D7976 0.525
1.05 0.575 1.95 7D7976 0.525
1.05 0.575 1.425 7D7976 0.525
1.05 0.575 0.8999996 7D7976 0.525
1.05 0.575 0.375 7D7976 0.525
1.05 0.575 -0.1499996 7D7976 0.525
1.05 0.575 -0.6750002 7D7976 0.525
0.5250001 1.1 14.55 6B6B6B 0.525
0.5250001 1.1 14.025 6B6B6B 0.525
0.5250001 1.1 13.5 6B6B6B 0.525
1.05 1.1 12.975 AA8A1E 0.525
1.05 1.1 12.45 AA8A1E 0.525
1.05 1.1 11.925 AA8A1E 0.525
1.575 1.1 11.4 AA8A1E 0.525
1.575 1.1 10.875 AA8A1E 0.525
1.575 1.1 10.35 AA8A1E 0.525
4.2 1.1 9.825001 7F7F7F 0.525
4.2 1.1 9.299999 7F7F7F 0.525
4.2 1.1 8.775002 6B6B6B 0.525
4.2 1.1 8.25 6B6B6B 0.525
4.2 1.1 7.724998 6B6B6B 0.525
4.2 1.1 7.200001 6B6B6B 0.525
4.2 1.1 6.674999 6B6B6B 0.525
4.2 1.1 6.150002 6B6B6B 0.525
4.2 1.1 5.625 6B6B6B 0.525
4.2 1.1 5.099998 6B6B6B 0.525
4.2 1.1 4.575 6B6B6B 0.525
4.2 1.1 4.05 7F7F7F 0.525
4.2 1.1 3.525 7F7F7F 0.525
2.1 1.1 3 8D8985 0.525
1.575 1.1 2.475 8D8985 0.525
1.575 1.1 1.95 8D8985 0.525
1.575 1.1 1.425 8D8985 0.525
1.575 1.1 0.8999996 8D8985 0.525
1.575 1.1 0.375 8D8985 0.525
1.05 1.1 -0.1499996 7D7976 0.525
1.05 1.1 -0.6750002 7D7976 0.525
1.05 1.625 14.55 6B6B6B 0.525
1.05 1.625 14.025 6B6B6B 0.525
1.05 1.625 13.5 6B6B6B 0.525
1.575 1.625 12.975 AA8A1E 0.525
1.575 1.625 12.45 AA8A1E 0.525
1.575 1.625 11.925 AA8A1E 0.525
1.575 1.625 11.4 AA8A1E 0.525
1.575 1.625 10.875 AA8A1E 0.525
1.575 1.625 10.35 AA8A1E 0.525
1.575 1.625 9.825001 AA8A1E 0.525
1.575 1.625 9.299999 AA8A1E 0.525
5.775 1.625 8.775002 6B6B6B 0.525
5.775 1.625 8.25 6B6B6B 0.525
5.775 1.625 7.724998 6B6B6B 0.525
5.775 1.625 7.200001 6B6B6B 0.525
3.675 1.625 6.674999 6B6B6B 0.525
3.675 1.625 6.150002 6B6B6B 0.525
2.1 1.625 5.625 AA8A1E 0.525
2.1 1.625 5.099998 AA8A1E 0.525
2.1 1.625 4.575 AA8A1E 0.525
2.1 1.625 4.05 AA8A1E 0.525
2.1 1.625 3.525 AA8A1E 0.525
2.1 1.625 3 8D8985 0.525
2.1 1.625 2.475 8D8985 0.525
2.1 1.625 1.95 8D8985 0.525
1.575 1.625 1.425 8D8985 0.525
1.575 1.625 0.8999996 8D8985 0.525
1.575 1.625 0.375 8D8985 0.525
1.575 1.625 -0.1499996 8D8985 0.525
1.575 1.625 -0.6750002 8D8985 0.525
1.575 1.625 -1.2 8D8985 0.525
1.05 1.625 -1.725 8D8985 0.525
1.05 1.625 -2.25 8D8985 0.525
1.05 1.625 -2.775 8D8985 0.525
1.05 1.625 -3.3 8D8985 0.525
1.05 1.625 -3.825 8D8985 0.525
1.05 1.625 -4.35 8D8985 0.525
0.5250001 1.625 -4.875 8D8985 0.525
0.5250001 1.625 -5.4 0E2E44 0.525
0.5250001 1.625 -5.925 0E2E44 0.525
0.5250001 2.15 14.55 6B6B6B 0.525
1.575 2.15 14.025 C6A525 0.525
4.725 2.15 13.5 6C6966 0.525
4.2 2.15 12.975 6C6966 0.525
3.15 2.15 12.45 0E2E44 0.525
2.625 2.15 11.925 0E2E44 0.525
2.1 2.15 11.4 0E2E44 0.525
1.575 2.15 10.875 9B7A1B 0.525
1.575 2.15 10.35 9B7A1B 0.525
1.575 2.15 9.825001 9B7A1B 0.525
7.35 2.15 9.299999 9B7A1B 0.525
7.35 2.15 8.775002 7D7976 0.525
7.35 2.15 8.25 113A57 0.525
7.35 2.15 7.724998 113A57 0.525
7.35 2.15 7.200001 9B7A1B 0.525
6.3 2.15 6.674999 9B7A1B 0.525
5.775 2.15 6.150002 9B7A1B 0.525
5.25 2.15 5.625 9B7A1B 0.525
4.725 2.15 5.099998 9B7A1B 0.525
4.2 2.15 4.575 9B7A1B 0.525
3.15 2.15 4.05 9B7A1B 0.525
2.625 2.15 3.525 9B7A1B 0.525
2.1 2.15 3 8D8985 0.525
2.1 2.15 2.475 8D8985 0.525
2.1 2.15 1.95 8D8985 0.525
2.1 2.15 1.425 8D8985 0.525
2.1 2.15 0.8999996 8D8985 0.525
1.575 2.15 0.375 8D8985 0.525
1.575 2.15 -0.1499996 8D8985 0.525
1.575 2.15 -0.6750002 8D8985 0.525
1.575 2.15 -1.2 8D8985 0.525
1.575 2.15 -1.725 8D8985 0.525
1.575 2.15 -2.25 8D8985 0.525
1.05 2.15 -2.775 9D9894 0.525
1.05 2.15 -3.3 9D9894 0.525
1.05 2.15 -3.825 9D9894 0.525
1.05 2.15 -4.35 9D9894 0.525
1.05 2.15 -4.875 9D9894 0.525
1.05 2.15 -5.4 0E334D 0.525
0.5250001 2.15 -5.925 0E334D 0.525
0.5250001 2.15 -6.45 0E334D 0.525
0.5250001 2.15 -6.975 0E334D 0.525
0.5250001 2.675 14.025 6B6B6B 0.525
0.5250001 2.675 13.5 6B6B6B 0.525
1.575 2.675 12.975 B99722 0.525
1.575 2.675 12.45 B99722 0.525
1.575 2.675 11.925 B99722 0.525
1.575 2.675 11.4 B99722 0.525
1.575 2.675 10.875 B99722 0.525
1.575 2.675 10.35 B99722 0.525
1.575 2.675 9.825001 B99722 0.525
1.575 2.675 9.299999 B99722 0.525
1.575 2.675 8.775002 B99722 0.525
1.575 2.675 8.25 B99722 0.525
1.575 2.675 7.724998 B99722 0.525
1.575 2.675 7.200001 B99722 0.525
1.575 2.675 6.674999 B99722 0.525
1.575 2.675 6.150002 B99722 0.525
1.575 2.675 5.625 B99722 0.525
1.575 2.675 5.099998 B99722 0.525
1.575 2.675 4.575 9D9894 0.525
1.575 2.675 4.05 15476C 0.525
2.1 2.675 3.525 15476C 0.525
2.1 2.675 3 15476C 0.525
1.575 2.675 2.475 9D9894 0.525
1.575 2.675 1.95 9D9894 0.525
1.575 2.675 1.425 9D9894 0.525
1.575 2.675 0.8999996 9D9894 0.525
1.575 2.675 0.375 9D9894 0.525
1.575 2.675 -0.1499996 9D9894 0.525
1.05 2.675 -0.6750002 9D9894 0.525
1.05 2.675 -1.2 9D9894 0.525
1.05 2.675 -1.725 9D9894 0.525
1.05 2.675 -2.25 9D9894 0.525
1.05 2.675 -2.775 9D9894 0.525
1.05 2.675 -3.3 9D9894 0.525
1.05 2.675 -3.825 9D9894 0.525
0.5250001 2.675 -4.35 9D9894 0.525
0.5250001 2.675 -4.875 9D9894 0.525
0.5250001 3.2 11.925 C6A525 0.525
0.5250001 3.2 11.4 C6A525 0.525
1.05 3.2 10.875 C6A525 0.525
1.05 3.2 10.35 C6A525 0.525
1.05 3.2 9.825001 C6A525 0.525
1.05 3.2 9.299999 C6A525 0.525
1.05 3.2 8.775002 C6A525 0.525
1.05 3.2 8.25 C6A525 0.525
1.05 3.2 7.724998 B99722 0.525
1.05 3.2 7.200001 B99722 0.525
1.05 3.2 6.674999 B99722 0.525
1.05 3.2 6.150002 B99722 0.525
1.05 3.2 5.625 B99722 0.525
1.05 3.2 5.099998 B99722 0.525
1.05 3.2 4.575 B99722 0.525
1.05 3.2 4.05 B99722 0.525
1.575 3.2 3.525 15476C 0.525
1.575 3.2 3 15476C 0.525
1.575 3.2 2.475 15476C 0.525
1.05 3.2 1.95 9D9894 0.525
1.05 3.2 1.425 9D9894 0.525
1.05 3.2 0.8999996 9D9894 0.525
1.05 3.2 0.375 9D9894 0.525
0.5250001 3.2 -0.1499996 121111 0.525
0.5250001 3.2 -0.6750002 121111 0.525
0.5250001 3.2 -1.2 121111 0.525
0.5250001 3.2 -1.725 121111 0.525
0.5250001 3.2 -2.25 1E1D1C 0.525
0.5250001 3.2 -2.775 1E1D1C 0.525
0.5250001 3.2 -3.3 1E1D1C 0.525
0 3.725 13.5 B99722 0.525
0 3.725 12.975 B99722 0.525
0.5250001 3.725 12.45 B99722 0.525
0.5250001 3.725 11.925 B99722 0.525
0.5250001 3.725 11.4 B99722 0.525
0.5250001 3.725 10.875 B99722 0.525
0 3.725 10.35 B99722 0.525
0 3.725 9.825001 B99722 0.525
0 3.725 9.299999 B99722 0.525
0 3.725 0.375 121111 0.525
0.5250001 3.725 -0.1499996 121111 0.525
0.5250001 3.725 -0.6750002 121111 0.525
0.5250001 3.725 -1.2 121111 0.525
0.5250001 3.725 -1.725 121111 0.525
0.5250001 3.725 -2.25 1E1D1C 0.525
0 4.25 14.025 113A57 0.525
0 4.25 13.5 113A57 0.525
0 4.25 12.975 113A57 0.525
0.5250001 4.25 12.45 113A57 0.525
0.5250001 4.25 11.925 113A57 0.525
0 4.25 11.4 113A57 0.525
0 4.25 10.875 113A57 0.525
0 4.25 10.35 113A57 0.525
0 4.775 14.025 113A57 0.525
0 4.775 13.5 113A57 0.525
0 4.775 12.975 113A57 0.525
0.5250001 4.775 12.45 113A57 0.525
0 4.775 11.925 113A57 0.525
0 4.775 11.4 113A57 0.525
0 4.775 10.875 113A57 0.525
0 5.3 14.55 113A57 0.525
0 5.3 14.025 113A57 0.525
0 5.3 13.5 113A57 0.525
0 5.3 12.975 113A57 0.525
0 5.3 12.45 113A57 0.525
0 5.3 11.925 113A57 0.525
0 5.3 11.4 113A57 0.525
0 5.825 14.55 8D8985 0.525
0 5.825 14.025 8D8985 0.525
0 5.825 13.5 8D8985 0.525
0 5.825 12.975 8D8985 0.525
0 5.825 12.45 8D8985 0.525
0 6.349999 15.075 8D8985 0.525
0 6.349999 14.55 8D8985 0.525
0 6.349999 14.025 8D8985 0.525
0 6.349999 13.5 8D8985 0.525
0 6.349999 12.975 8D8985 0.525
0 6.875 15.075 8D8985 0.525
0 6.875 14.55 8D8985 0.525
0 6.875 14.025 8D8985 0.525
0 6.875 13.5 8D8985 0.525
6.825 2.15 9.299999 B99722 0.525
6.825 2.15 8.775002 B99722 0.525
6.825 2.15 8.25 B99722 0.525
6.825 2.15 7.724998 B99722 0.525
6.825 2.15 7.200001 B99722 0.525
6.3 2.15 9.299999 B99722 0.525
6.3 2.15 8.775002 B99722 0.525
6.3 2.15 8.25 B99722 0.525
6.3 2.15 7.724998 B99722 0.525
6.3 2.15 7.200001 B99722 0.525
5.775 2.15 9.299999 B99722 0.525
5.775 2.15 6.674999 B99722 0.525
5.775 2.15 8.775002 B99722 0.525
1.575 1.625 8.775002 AA8A1E 0.525
5.775 2.15 8.25 B99722 0.525
1.575 1.625 8.25 AA8A1E 0.525
5.775 2.15 7.724998 B99722 0.525
3.675 1.625 7.724998 6B6B6B 0.525
5.775 2.15 7.200001 B99722 0.525
3.675 1.625 7.200001 6B6B6B 0.525
5.25 2.15 9.299999 B99722 0.525
5.25 2.15 8.775002 B99722 0.525
5.25 2.15 8.25 B99722 0.525
5.25 2.15 7.724998 B99722 0.525
5.25 2.15 7.200001 B99722 0.525
5.25 2.15 6.674999 B99722 0.525
5.25 2.15 6.150002 B99722 0.525
4.725 2.15 9.299999 B99722 0.525
4.725 2.15 8.775002 B99722 0.525
4.725 2.15 8.25 B99722 0.525
4.725 2.15 7.724998 B99722 0.525
4.725 2.15 7.200001 B99722 0.525
4.725 2.15 6.674999 B99722 0.525
4.725 2.15 6.150002 B99722 0.525
4.725 2.15 5.625 B99722 0.525
4.2 2.15 14.55 8D8985 0.525
4.2 2.15 14.025 8D8985 0.525
4.2 1.625 13.5 8D8985 0.525
4.2 2.15 9.299999 B99722 0.525
4.2 2.15 8.775002 B99722 0.525
4.2 2.15 8.25 B99722 0.525
4.2 2.15 7.724998 B99722 0.525
4.2 2.15 7.200001 B99722 0.525
4.2 2.15 6.674999 B99722 0.525
4.2 2.15 6.150002 B99722 0.525
4.2 2.15 5.625 B99722 0.525
4.2 2.15 5.099998 B99722 0.525
1.05 2.15 13.5 6B6B6B 0.525
4.2 2.15 13.5 9D9894 0.525
3.675 2.15 14.55 113A57 0.525
3.675 2.15 14.025 113A57 0.525
3.675 1.625 13.5 113A57 0.525
3.675 1.625 12.975 113A57 0.525
3.675 1.1 10.35 585858 0.525
3.675 0.575 9.299999 585858 0.525
3.675 0.575 8.775002 585858 0.525
3.675 0.575 8.25 585858 0.525
3.675 0.575 7.724998 585858 0.525
3.675 0.575 7.200001 585858 0.525
3.675 0.575 6.674999 585858 0.525
3.675 0.575 6.150002 585858 0.525
3.675 0.575 5.625 585858 0.525
3.675 0.575 5.099998 585858 0.525
3.675 0.575 4.575 585858 0.525
3.675 0.575 4.05 585858 0.525
3.675 1.1 3 585858 0.525
1.05 0.575 9.825001 9B7A1B 0.525
3.675 2.15 9.299999 B99722 0.525
1.05 0.575 9.299999 9B7A1B 0.525
3.675 2.15 8.775002 B99722 0.525
1.05 0.575 8.775002 9B7A1B 0.525
3.675 2.15 8.25 B99722 0.525
1.05 0.575 8.25 9B7A1B 0.525
1.05 0.575 7.724998 9B7A1B 0.525
1.05 0.575 7.200001 9B7A1B 0.525
1.05 0.575 6.674999 9B7A1B 0.525
1.05 0.575 6.150002 9B7A1B 0.525
3.675 2.15 5.625 B99722 0.525
1.05 0.575 5.625 9B7A1B 0.525
3.675 2.15 5.099998 B99722 0.525
1.05 0.575 5.099998 9B7A1B 0.525
3.675 2.15 4.575 B99722 0.525
1.05 0.575 4.575 9B7A1B 0.525
1.05 0.575 4.05 9B7A1B 0.525
1.05 0.575 3.525 9B7A1B 0.525
1.575 1.1 9.825001 AA8A1E 0.525
1.575 1.1 9.299999 AA8A1E 0.525
1.575 1.1 8.775002 AA8A1E 0.525
1.575 1.1 8.25 AA8A1E 0.525
1.575 1.1 7.724998 AA8A1E 0.525
1.575 1.1 7.200001 AA8A1E 0.525
1.575 1.1 6.674999 AA8A1E 0.525
1.575 1.1 6.150002 AA8A1E 0.525
1.575 1.1 5.625 AA8A1E 0.525
1.575 1.1 5.099998 AA8A1E 0.525
1.575 1.1 4.575 AA8A1E 0.525
1.575 1.1 4.05 AA8A1E 0.525
2.1 1.1 3.525 AA8A1E 0.525
3.675 1.625 8.25 6B6B6B 0.525
3.675 1.625 9.825001 939393 0.525
3.675 1.625 9.299999 939393 0.525
3.675 1.625 8.775002 939393 0.525
3.675 2.15 7.724998 B99722 0.525
1.575 1.625 7.724998 AA8A1E 0.525
3.675 2.15 7.200001 B99722 0.525
1.575 1.625 7.200001 AA8A1E 0.525
3.675 2.15 6.674999 B99722 0.525
2.1 1.625 6.674999 AA8A1E 0.525
3.675 2.15 6.150002 B99722 0.525
2.1 1.625 6.150002 AA8A1E 0.525
3.675 1.625 5.625 939393 0.525
3.675 1.625 5.099998 939393 0.525
3.675 1.625 4.575 939393 0.525
3.675 1.625 4.05 939393 0.525
3.675 1.625 3.525 939393 0.525
3.675 2.15 12.45 0E2E44 0.525
3.675 2.15 13.5 134162 0.525
3.675 2.15 12.975 134162 0.525
3.15 2.15 14.55 113A57 0.525
3.15 2.15 14.025 113A57 0.525
3.15 1.625 13.5 113A57 0.525
3.15 1.625 12.975 113A57 0.525
3.15 0.575 9.299999 585858 0.525
3.15 0.575 8.775002 585858 0.525
3.15 0.575 8.25 585858 0.525
3.15 0.575 7.724998 585858 0.525
3.15 0.575 7.200001 585858 0.525
3.15 0.575 6.674999 585858 0.525
3.15 0.575 6.150002 585858 0.525
3.15 0.575 5.625 585858 0.525
3.15 0.575 5.099998 585858 0.525
3.15 0.575 4.575 585858 0.525
3.15 0.575 4.05 585858 0.525
3.15 1.1 9.825001 7F7F7F 0.525
3.15 2.15 9.299999 B99722 0.525
3.15 2.15 8.775002 B99722 0.525
3.15 2.15 8.25 B99722 0.525
3.15 2.15 7.724998 B99722 0.525
3.15 2.15 7.200001 B99722 0.525
3.15 2.15 6.674999 B99722 0.525
3.15 2.15 6.150002 B99722 0.525
3.15 2.15 5.625 B99722 0.525
3.15 2.15 5.099998 B99722 0.525
3.15 2.15 4.575 B99722 0.525
3.15 1.1 3.525 7F7F7F 0.525
3.15 1.1 4.05 7F7F7F 0.525
3.15 1.1 9.299999 939393 0.525
3.15 1.1 8.775002 939393 0.525
3.15 1.1 8.25 939393 0.525
3.15 1.1 7.724998 939393 0.525
3.15 1.625 7.724998 6B6B6B 0.525
3.15 1.1 7.200001 939393 0.525
3.15 1.625 7.200001 6B6B6B 0.525
3.15 1.1 6.674999 939393 0.525
3.15 1.625 6.674999 6B6B6B 0.525
3.15 1.1 6.150002 939393 0.525
3.15 1.625 6.150002 6B6B6B 0.525
3.15 1.1 5.625 939393 0.525
3.15 1.1 5.099998 939393 0.525
3.15 1.1 4.575 939393 0.525
3.15 2.15 13.5 134162 0.525
3.15 2.15 12.975 134162 0.525
2.625 2.15 14.55 113A57 0.525
2.625 2.15 14.025 113A57 0.525
2.625 1.625 13.5 113A57 0.525
2.625 1.625 12.975 113A57 0.525
2.625 2.15 12.45 113A57 0.525
2.625 2.15 9.299999 B99722 0.525
2.625 2.15 8.775002 B99722 0.525
2.625 2.15 8.25 B99722 0.525
2.625 2.15 7.724998 B99722 0.525
2.625 2.15 7.200001 B99722 0.525
2.625 2.15 6.674999 B99722 0.525
2.625 2.15 6.150002 B99722 0.525
2.625 2.15 5.625 B99722 0.525
2.625 2.15 5.099998 B99722 0.525
2.625 2.15 4.575 B99722 0.525
2.625 2.15 4.05 B99722 0.525
2.625 2.15 13.5 134162 0.525
2.625 2.15 12.975 134162 0.525
2.1 2.15 14.55 113A57 0.525
2.1 2.15 14.025 113A57 0.525
2.1 1.625 13.5 113A57 0.525
2.1 1.625 12.975 113A57 0.525
2.1 2.15 12.45 113A57 0.525
2.1 2.15 11.925 113A57 0.525
2.1 2.15 9.299999 B99722 0.525
2.1 2.15 8.775002 B99722 0.525
2.1 2.15 8.25 B99722 0.525
2.1 2.15 7.724998 B99722 0.525
2.1 2.15 7.200001 B99722 0.525
2.1 2.15 6.674999 B99722 0.525
2.1 2.15 6.150002 B99722 0.525
2.1 2.15 5.625 B99722 0.525
2.1 2.15 5.099998 B99722 0.525
2.1 2.15 4.575 B99722 0.525
2.1 2.15 13.5 134162 0.525
2.1 2.15 12.975 134162 0.525
2.1 2.15 4.05 15476C 0.525
1.575 1.625 14.55 B99722 0.525
1.575 1.625 14.025 B99722 0.525
1.575 1.625 13.5 B99722 0.525
1.575 0.575 3.525 9B7A1B 0.525
1.575 0.575 3 7D7976 0.525
-3.15 1.1 7.200001 6B6B6B 0.525
-3.15 1.1 6.674999 6B6B6B 0.525
-3.15 1.1 6.150002 6B6B6B 0.525
-3.15 1.1 5.625 6B6B6B 0.525
-3.15 1.1 5.099998 6B6B6B 0.525
-3.15 1.1 4.575 6B6B6B 0.525
-3.15 1.1 4.05 7F7F7F 0.525
-3.15 1.1 3.525 7F7F7F 0.525
-5.775 1.625 8.775002 6B6B6B 0.525
-5.775 1.625 8.25 6B6B6B 0.525
-3.15 1.625 7.724998 6B6B6B 0.525
-3.15 1.625 7.200001 6B6B6B 0.525
-3.15 1.625 6.674999 6B6B6B 0.525
-3.15 1.625 6.150002 6B6B6B 0.525
1.575 2.15 14.55 C6A525 0.525
1.575 2.15 13.5 C6A525 0.525
1.05 0.575 11.4 9B7A1B 0.525
1.05 1.1 0.375 7D7976 0.525
1.05 1.1 -1.2 7D7976 0.525
1.05 1.1 -1.725 8D8985 0.525
-3.15 0.575 5.099998 585858 0.525
-3.15 0.575 4.575 585858 0.525
-3.15 0.575 4.05 585858 0.525
-3.675 0.575 3.525 585858 0.525
1.05 1.1 13.5 9B7A1B 0.525
-3.15 1.1 9.825001 7F7F7F 0.525
-3.15 1.1 9.299999 7F7F7F 0.525
-3.15 1.1 8.775002 6B6B6B 0.525
-3.15 1.1 8.25 6B6B6B 0.525
-3.15 1.1 7.724998 6B6B6B 0.525
1.05 2.15 14.025 B99722 0.525
1.05 2.675 13.5 9B7A1B 0.525
1.05 3.2 12.975 C6A525 0.525
1.05 3.2 12.45 AA8A1E 0.525
1.05 3.2 11.925 C6A525 0.525
1.05 3.2 11.4 C6A525 0.525
1.05 3.2 -0.1499996 9D9894 0.525
1.05 3.2 -0.6750002 9D9894 0.525
1.05 3.2 -1.2 9D9894 0.525
1.05 3.2 3.525 ACA7A2 0.525
1.05 3.2 3 175076 0.525
1.05 3.2 2.475 175076 0.525
0.5250001 0.575 10.875 8B6E1A 0.525
0.5250001 0.575 10.35 8B6E1A 0.525
0.5250001 0.575 9.825001 8B6E1A 0.525
0.5250001 0.575 9.299999 8B6E1A 0.525
0.5250001 0.575 8.775002 8B6E1A 0.525
0.5250001 0.575 8.25 8B6E1A 0.525
0.5250001 0.575 7.724998 8B6E1A 0.525
0.5250001 0.575 7.200001 8B6E1A 0.525
0.5250001 0.575 6.674999 8B6E1A 0.525
0.5250001 0.575 6.150002 8B6E1A 0.525
0.5250001 0.575 5.625 8B6E1A 0.525
0.5250001 0.575 5.099998 8B6E1A 0.525
0.5250001 0.575 4.575 8B6E1A 0.525
0.5250001 0.575 4.05 8B6E1A 0.525
0.5250001 0.575 3.525 8B6E1A 0.525
0.5250001 0.575 3 6C6966 0.525
0.5250001 0.575 2.475 6C6966 0.525
0.5250001 0.575 1.95 6C6966 0.525
0.5250001 0.575 1.425 6C6966 0.525
0.5250001 0.575 0.8999996 6C6966 0.525
0.5250001 0.575 0.375 6C6966 0.525
0.5250001 0.575 -0.1499996 6C6966 0.525
0.5250001 0.575 -0.6750002 6C6966 0.525
0.5250001 1.1 -1.2 7D7976 0.525
0.5250001 1.1 -1.725 7D7976 0.525
0.5250001 1.1 -2.25 7D7976 0.525
0.5250001 1.1 -2.775 7D7976 0.525
0.5250001 1.1 -3.3 7D7976 0.525
0.5250001 1.625 -3.825 7D7976 0.525
0.5250001 1.625 -4.35 7D7976 0.525
0.5250001 1.625 -6.45 0E2E44 0.525
0.5250001 0.575 13.5 9B7A1B 0.525
-3.675 0.575 9.825001 585858 0.525
-3.15 0.575 9.299999 585858 0.525
-3.15 0.575 8.775002 585858 0.525
-3.15 0.575 8.25 585858 0.525
-3.15 0.575 7.724998 585858 0.525
-3.15 0.575 7.200001 585858 0.525
-3.15 0.575 6.674999 585858 0.525
-3.15 0.575 6.150002 585858 0.525
-3.15 0.575 5.625 585858 0.525
0.5250001 0.575 -1.2 1E1D1C 0.525
-0.5250001 1.1 14.55 000000 0.525
0.5250001 1.625 14.55 000000 0.525
-0.5250001 1.625 14.55 000000 0.525
0.5250001 1.625 13.5 9B7A1B 0.525
-0.5250001 2.15 14.55 000000 0.525
-1.05 2.15 14.025 B99722 0.525
0.5250001 2.15 13.5 9B7A1B 0.525
-1.05 2.15 13.5 B99722 0.525
0.5250001 2.675 14.55 6B6B6B 0.525
0.5250001 2.675 -5.4 113A57 0.525
0.5250001 3.2 12.45 AA8A1E 0.525
0.5250001 3.2 12.975 C6A525 0.525
0.5250001 2.675 -3.3 ACA7A2 0.525
0.5250001 2.675 -3.825 ACA7A2 0.525
0.5250001 3.2 10.875 C6A525 0.525
0.5250001 3.2 10.35 C6A525 0.525
0.5250001 3.2 9.825001 C6A525 0.525
0.5250001 3.2 9.299999 C6A525 0.525
0.5250001 3.2 8.775002 C6A525 0.525
0.5250001 3.2 8.25 C6A525 0.525
0.5250001 3.2 7.724998 C6A525 0.525
0.5250001 3.2 7.200001 C6A525 0.525
0.5250001 3.2 6.674999 C6A525 0.525
0.5250001 3.2 6.150002 C6A525 0.525
0.5250001 3.2 5.625 C6A525 0.525
0.5250001 3.2 5.099998 C6A525 0.525
0.5250001 3.2 4.575 C6A525 0.525
0.5250001 3.2 4.05 C6A525 0.525
0.5250001 3.2 3.525 ACA7A2 0.525
0.5250001 3.2 3 175076 0.525
0.5250001 3.2 2.475 175076 0.525
0.5250001 3.2 1.95 ACA7A2 0.525
0.5250001 3.2 1.425 ACA7A2 0.525
0.5250001 3.2 0.8999996 ACA7A2 0.525
0.5250001 3.2 0.375 ACA7A2 0.525
0 1.1 14.55 6B6B6B 0.525
0 1.1 14.025 6B6B6B 0.525
0 1.1 13.5 6B6B6B 0.525
0 0.575 12.975 8B6E1A 0.525
0 0.575 12.45 8B6E1A 0.525
0 0.575 11.925 8B6E1A 0.525
0 0.575 11.4 8B6E1A 0.525
0 0.575 10.875 8B6E1A 0.525
0 0.575 10.35 8B6E1A 0.525
0 0.575 9.825001 8B6E1A 0.525
0 0.575 9.299999 8B6E1A 0.525
0 0.575 8.775002 8B6E1A 0.525
0 0.575 8.25 8B6E1A 0.525
0 0.575 7.724998 8B6E1A 0.525
0 0.575 7.200001 8B6E1A 0.525
0 0.575 6.674999 8B6E1A 0.525
0 0.575 6.150002 8B6E1A 0.525
0 0.575 5.625 8B6E1A 0.525
0 0.575 5.099998 8B6E1A 0.525
0 0.575 4.575 8B6E1A 0.525
0 0.575 4.05 8B6E1A 0.525
0 0.575 3.525 8B6E1A 0.525
0 0.575 3 6C6966 0.525
0 0.575 2.475 6C6966 0.525
0 0.575 1.95 6C6966 0.525
0 0.575 1.425 6C6966 0.525
0 0.575 0.8999996 6C6966 0.525
0 0.575 0.375 6C6966 0.525
0 0.575 -0.1499996 6C6966 0.525
0 0.575 -0.6750002 6C6966 0.525
0 1.1 -1.2 7D7976 0.525
0 1.1 -1.725 7D7976 0.525
0 1.1 -2.25 7D7976 0.525
0 1.1 -2.775 7D7976 0.525
0 1.1 -3.3 7D7976 0.525
0 1.625 -3.825 7D7976 0.525
0 1.625 -4.35 7D7976 0.525
0 1.625 -4.875 7D7976 0.525
0 1.625 -5.4 0B283D 0.525
0 1.625 -5.925 0B283D 0.525
0 1.625 -6.45 0B283D 0.525
0 1.625 -6.975 0B283D 0.525
0 1.625 -7.5 0B283D 0.525
0 1.625 -8.025 A6A6A6 0.525
0 1.625 -8.55 A6A6A6 0.525
0 1.625 -9.075 A6A6A6 0.525
0 0.575 13.5 9B7A1B 0.525
0 3.2 12.975 B99722 0.525
0 3.2 12.45 B99722 0.525
0 0.575 -1.2 1E1D1C 0.525
0 2.675 14.55 000000 0.525
0 3.725 14.025 AA8A1E 0.525
0 3.2 13.5 B99722 0.525
0 1.625 14.55 000000 0.525
0 1.625 13.5 9B7A1B 0.525
0 2.15 14.55 000000 0.525
0 2.15 13.5 9B7A1B 0.525
0 2.15 -7.5 113A57 0.525
0 2.15 -8.025 A6A6A6 0.525
0 2.15 -8.55 A6A6A6 0.525
0 2.15 -9.075 A6A6A6 0.525
0 4.775 14.55 0E334D 0.525
0 2.675 13.5 9B7A1B 0.525
0 2.675 -5.4 113A57 0.525
0 2.675 -4.875 ACA7A2 0.525
0 2.675 -5.925 113A57 0.525
0 2.15 -6.45 113A57 0.525
0 2.15 -6.975 113A57 0.525
0 2.675 14.025 7F7F7F 0.525
0 2.675 -3.825 ACA7A2 0.525
0 3.2 -3.3 2C2B2A 0.525
0 2.675 -4.35 ACA7A2 0.525
0 3.725 8.775002 D3B129 0.525
0 3.725 8.25 D3B129 0.525
0 3.2 7.724998 D3B129 0.525
0 3.2 7.200001 C6A525 0.525
0 3.2 6.674999 C6A525 0.525
0 3.2 6.150002 C6A525 0.525
0 3.2 5.625 C6A525 0.525
0 3.2 5.099998 C6A525 0.525
0 3.2 4.575 C6A525 0.525
0 3.2 4.05 C6A525 0.525
0 3.2 3.525 ACA7A2 0.525
0 3.2 3 175076 0.525
0 3.2 2.475 175076 0.525
0 3.2 1.95 ACA7A2 0.525
0 3.725 1.425 2C2B2A 0.525
0 3.725 0.8999996 2C2B2A 0.525
0 3.725 -2.775 2C2B2A 0.525
0 3.725 -0.1499996 3A3937 0.525
0 3.725 -0.6750002 3A3937 0.525
0 3.725 -1.2 3A3937 0.525
0 3.725 -1.725 3A3937 0.525
0 3.725 -2.25 3A3937 0.525
0 5.825 15.075 7D7976 0.525
0 5.825 11.925 ACA7A2 0.525
0 6.349999 12.45 ACA7A2 0.525
0 6.875 15.6 7D7976 0.525
0 6.875 12.975 ACA7A2 0.525
0 7.4 15.075 ACA7A2 0.525
0 7.4 14.55 ACA7A2 0.525
0 7.4 14.025 ACA7A2 0.525
0 7.4 13.5 ACA7A2 0.525
-0.5250001 1.1 14.025 6B6B6B 0.525
-0.5250001 1.1 13.5 6B6B6B 0.525
-0.5250001 0.575 12.975 9B7A1B 0.525
-0.5250001 0.575 12.45 9B7A1B 0.525
-0.5250001 0.575 11.925 9B7A1B 0.525
-0.5250001 0.575 11.4 8B6E1A 0.525
-0.5250001 0.575 10.875 8B6E1A 0.525
-0.5250001 0.575 10.35 8B6E1A 0.525
-0.5250001 0.575 9.825001 8B6E1A 0.525
-0.5250001 0.575 9.299999 8B6E1A 0.525
-0.5250001 0.575 8.775002 8B6E1A 0.525
-0.5250001 0.575 8.25 8B6E1A 0.525
-0.5250001 0.575 7.724998 8B6E1A 0.525
-0.5250001 0.575 7.200001 8B6E1A 0.525
-0.5250001 0.575 6.674999 8B6E1A 0.525
-0.5250001 0.575 6.150002 8B6E1A 0.525
-0.5250001 0.575 5.625 8B6E1A 0.525
-0.5250001 0.575 5.099998 8B6E1A 0.525
-0.5250001 0.575 4.575 8B6E1A 0.525
-0.5250001 0.575 4.05 8B6E1A 0.525
-0.5250001 0.575 3.525 8B6E1A 0.525
-0.5250001 0.575 3 6C6966 0.525
-0.5250001 0.575 2.475 6C6966 0.525
-0.5250001 0.575 1.95 6C6966 0.525
-0.5250001 0.575 1.425 6C6966 0.525
-0.5250001 0.575 0.8999996 6C6966 0.525
-0.5250001 0.575 0.375 6C6966 0.525
-0.5250001 0.575 -0.1499996 6C6966 0.525
-0.5250001 0.575 -0.6750002 6C6966 0.525
-0.5250001 1.1 -1.2 7D7976 0.525
-0.5250001 1.1 -1.725 7D7976 0.525
-0.5250001 1.1 -2.25 7D7976 0.525
-0.5250001 1.1 -2.775 7D7976 0.525
-0.5250001 1.1 -3.3 7D7976 0.525
-0.5250001 1.625 -3.825 7D7976 0.525
-0.5250001 1.625 -4.35 7D7976 0.525
-0.5250001 1.625 -4.875 7D7976 0.525
-0.5250001 1.625 -5.4 0B283D 0.525
-0.5250001 1.625 -5.925 0E2E44 0.525
-0.5250001 1.625 -6.45 0E2E44 0.525
-0.5250001 0.575 13.5 9B7A1B 0.525
-0.5250001 0.575 -1.2 1E1D1C 0.525
-0.5250001 1.625 13.5 9B7A1B 0.525
-0.5250001 2.15 13.5 9B7A1B 0.525
-0.5250001 2.15 -6.45 0E334D 0.525
-0.5250001 2.15 -6.975 0E334D 0.525
-0.5250001 2.675 14.025 6B6B6B 0.525
-0.5250001 2.675 14.55 6B6B6B 0.525
-0.5250001 2.675 13.5 9B7A1B 0.525
-0.5250001 2.675 -5.4 113A57 0.525
-0.5250001 2.675 -4.875 ACA7A2 0.525
-0.5250001 2.15 -5.925 0E334D 0.525
-0.5250001 3.2 12.45 AA8A1E 0.525
-0.5250001 3.2 12.975 C6A525 0.525
-0.5250001 3.2 -2.775 1E1D1C 0.525
-0.5250001 2.675 -3.3 ACA7A2 0.525
-0.5250001 3.2 -3.3 1E1D1C 0.525
-0.5250001 2.675 -3.825 ACA7A2 0.525
-0.5250001 2.675 -4.35 ACA7A2 0.525
-0.5250001 3.725 12.45 B99722 0.525
-0.5250001 3.2 11.925 C6A525 0.525
-0.5250001 3.725 11.925 B99722 0.525
-0.5250001 3.2 11.4 C6A525 0.525
-0.5250001 3.725 11.4 B99722 0.525
-0.5250001 3.2 10.875 C6A525 0.525
-0.5250001 3.725 10.875 B99722 0.525
-0.5250001 3.2 10.35 C6A525 0.525
-0.5250001 3.2 9.825001 C6A525 0.525
-0.5250001 3.2 9.299999 C6A525 0.525
-0.5250001 3.2 8.775002 C6A525 0.525
-0.5250001 3.2 8.25 C6A525 0.525
-0.5250001 3.2 7.724998 C6A525 0.525
-0.5250001 3.2 7.200001 C6A525 0.525
-0.5250001 3.2 6.674999 C6A525 0.525
-0.5250001 3.2 6.150002 C6A525 0.525
-0.5250001 3.2 5.625 C6A525 0.525
-0.5250001 3.2 5.099998 C6A525 0.525
-0.5250001 3.2 4.575 C6A525 0.525
-0.5250001 3.2 4.05 C6A525 0.525
-0.5250001 3.2 3.525 ACA7A2 0.525
-0.5250001 3.2 3 175076 0.525
-0.5250001 3.2 2.475 175076 0.525
-0.5250001 3.2 1.95 ACA7A2 0.525
-0.5250001 3.2 1.425 ACA7A2 0.525
-0.5250001 3.2 0.8999996 ACA7A2 0.525
-0.5250001 3.2 0.375 ACA7A2 0.525
-0.5250001 3.2 -0.1499996 121111 0.525
-0.5250001 3.725 -0.1499996 121111 0.525
-0.5250001 3.2 -0.6750002 121111 0.525
-0.5250001 3.725 -0.6750002 121111 0.525
-0.5250001 3.2 -1.2 121111 0.525
-0.5250001 3.725 -1.2 121111 0.525
-0.5250001 3.725 -1.725 121111 0.525
-0.5250001 3.2 -2.25 1E1D1C 0.525
-0.5250001 3.725 -2.25 1E1D1C 0.525
-0.5250001 4.25 12.45 113A57 0.525
-0.5250001 4.25 11.925 113A57 0.525
-0.5250001 4.775 12.45 113A57 0.525
-1.05 1.625 13.5 6B6B6B 0.525
-1.05 1.1 12.975 9B7A1B 0.525
-1.05 1.1 12.45 9B7A1B 0.525
-1.05 1.1 11.925 9B7A1B 0.525
-1.05 0.575 11.4 9B7A1B 0.525
-1.05 0.575 10.875 9B7A1B 0.525
-1.05 0.575 10.35 9B7A1B 0.525
-1.05 0.575 9.825001 9B7A1B 0.525
-1.05 0.575 9.299999 9B7A1B 0.525
-1.05 0.575 8.775002 9B7A1B 0.525
-1.05 0.575 8.25 9B7A1B 0.525
-1.05 0.575 7.724998 9B7A1B 0.525
-1.05 0.575 7.200001 9B7A1B 0.525
-1.05 0.575 6.674999 9B7A1B 0.525
-1.05 0.575 6.150002 9B7A1B 0.525
-1.05 0.575 5.625 9B7A1B 0.525
-1.05 0.575 5.099998 9B7A1B 0.525
-1.05 0.575 4.575 9B7A1B 0.525
-1.05 0.575 4.05 9B7A1B 0.525
-1.05 0.575 3.525 9B7A1B 0.525
-1.05 0.575 3 7D7976 0.525
-1.05 0.575 2.475 7D7976 0.525
-1.05 0.575 1.95 7D7976 0.525
-1.05 0.575 1.425 7D7976 0.525
-1.05 0.575 0.8999996 7D7976 0.525
-1.05 1.1 0.375 7D7976 0.525
-1.05 1.1 -0.1499996 7D7976 0.525
-1.05 1.1 -0.6750002 7D7976 0.525
-1.05 1.1 -1.2 7D7976 0.525
-1.05 1.1 -1.725 8D8985 0.525
-1.05 1.625 -2.25 8D8985 0.525
-1.05 1.625 -2.775 8D8985 0.525
-1.05 1.625 -3.3 8D8985 0.525
-1.05 2.15 -3.825 8D8985 0.525
-1.05 2.15 -4.35 8D8985 0.525
-1.05 0.575 0.375 7D7976 0.525
-1.05 0.575 -0.1499996 7D7976 0.525
-1.05 0.575 -0.6750002 7D7976 0.525
-1.05 1.1 13.5 9B7A1B 0.525
-1.05 1.625 14.55 6B6B6B 0.525
-1.05 1.625 14.025 6B6B6B 0.525
-1.05 1.625 -3.825 8D8985 0.525
-1.05 1.625 -4.35 8D8985 0.525
-1.05 2.15 -4.875 9D9894 0.525
-1.05 2.15 -5.4 0E334D 0.525
-1.05 2.675 13.5 9B7A1B 0.525
-1.05 2.675 -2.775 9D9894 0.525
-1.05 2.675 -2.25 9D9894 0.525
-1.05 2.15 -3.3 9D9894 0.525
-1.05 2.675 -3.3 9D9894 0.525
-1.05 2.675 -3.825 9D9894 0.525
-1.05 3.2 9.299999 C6A525 0.525
-1.05 3.2 12.975 C6A525 0.525
-1.05 3.2 12.45 AA8A1E 0.525
-1.05 3.2 11.925 C6A525 0.525
-1.05 3.2 11.4 C6A525 0.525
-1.05 3.2 10.875 C6A525 0.525
-1.05 3.2 10.35 C6A525 0.525
-1.05 3.2 9.825001 C6A525 0.525
-1.05 3.2 -0.1499996 9D9894 0.525
-1.05 3.2 -0.6750002 9D9894 0.525
-1.05 3.2 -1.2 9D9894 0.525
-1.05 2.675 -1.725 9D9894 0.525
-0.5250001 3.2 -1.725 121111 0.525
-1.05 3.2 8.775002 C6A525 0.525
-1.05 3.2 8.25 C6A525 0.525
-1.05 3.2 7.724998 C6A525 0.525
-1.05 3.2 7.200001 C6A525 0.525
-1.05 3.2 6.674999 C6A525 0.525
-1.05 3.2 6.150002 C6A525 0.525
-1.05 3.2 5.625 C6A525 0.525
-1.05 3.2 5.099998 C6A525 0.525
-1.05 3.2 4.575 C6A525 0.525
-1.05 3.2 4.05 C6A525 0.525
-1.05 3.2 3.525 ACA7A2 0.525
-1.05 3.2 3 175076 0.525
-1.05 3.2 2.475 175076 0.525
-1.05 3.2 1.95 ACA7A2 0.525
-1.05 3.2 1.425 ACA7A2 0.525
-1.05 3.2 0.8999996 ACA7A2 0.525
-1.05 3.2 0.375 ACA7A2 0.525
-1.575 1.625 14.55 B99722 0.525
-1.575 1.625 14.025 B99722 0.525
-1.575 1.625 13.5 B99722 0.525
-1.575 1.625 12.975 AA8A1E 0.525
-1.575 1.625 12.45 AA8A1E 0.525
-1.575 1.625 11.925 AA8A1E 0.525
-1.575 1.625 11.4 AA8A1E 0.525
-1.575 1.625 10.875 AA8A1E 0.525
-1.575 1.625 10.35 AA8A1E 0.525
-1.575 1.625 9.825001 AA8A1E 0.525
-1.575 1.1 9.299999 AA8A1E 0.525
-1.575 1.1 8.775002 AA8A1E 0.525
-1.575 1.1 8.25 AA8A1E 0.525
-1.575 1.1 7.724998 AA8A1E 0.525
-1.575 1.1 7.200001 AA8A1E 0.525
-1.575 1.1 6.674999 AA8A1E 0.525
-1.575 1.1 6.150002 9B7A1B 0.525
-1.575 1.1 5.625 9B7A1B 0.525
-1.575 1.1 5.099998 9B7A1B 0.525
-1.575 1.1 4.575 9B7A1B 0.525
-1.575 1.1 4.05 9B7A1B 0.525
-1.575 0.575 3.525 9B7A1B 0.525
-1.575 0.575 3 7D7976 0.525
-1.575 1.1 2.475 7D7976 0.525
-1.575 1.1 1.95 7D7976 0.525
-1.575 1.1 1.425 8D8985 0.525
-1.575 1.1 0.8999996 8D8985 0.525
-1.575 1.625 0.375 8D8985 0.525
-1.575 1.625 -0.1499996 8D8985 0.525
-1.575 2.15 -0.6750002 8D8985 0.525
-1.575 1.1 11.4 AA8A1E 0.525
-1.575 1.1 10.875 AA8A1E 0.525
-1.575 1.1 10.35 AA8A1E 0.525
-1.575 1.1 9.825001 AA8A1E 0.525
-1.575 1.1 0.375 8D8985 0.525
-1.575 1.625 -0.6750002 8D8985 0.525
-1.575 1.625 -1.2 8D8985 0.525
-1.05 1.625 -1.725 8D8985 0.525
-1.575 2.15 14.025 C6A525 0.525
-1.575 2.15 14.55 C6A525 0.525
-1.575 2.15 -1.2 8D8985 0.525
-1.575 2.15 -1.725 8D8985 0.525
-1.575 2.15 -2.25 8D8985 0.525
-1.05 2.15 -2.775 9D9894 0.525
-1.575 2.675 8.775002 B99722 0.525
-1.575 2.15 13.5 C6A525 0.525
-1.575 2.675 12.975 B99722 0.525
-1.575 2.675 12.45 B99722 0.525
-1.575 2.675 11.925 B99722 0.525
-1.575 2.675 11.4 B99722 0.525
-1.575 2.675 10.875 B99722 0.525
-1.575 2.675 10.35 B99722 0.525
-1.575 2.675 9.825001 B99722 0.525
-1.575 2.675 9.299999 B99722 0.525
-1.575 2.675 0.8999996 9D9894 0.525
-1.575 2.675 0.375 9D9894 0.525
-1.575 2.15 -0.1499996 9D9894 0.525
-1.575 2.675 -0.1499996 9D9894 0.525
-1.05 2.675 -0.6750002 9D9894 0.525
-1.05 2.675 -1.2 9D9894 0.525
-1.575 2.675 8.25 B99722 0.525
-1.575 2.675 7.724998 B99722 0.525
-1.575 2.675 7.200001 B99722 0.525
-1.575 2.675 6.674999 B99722 0.525
-1.575 2.675 6.150002 B99722 0.525
-1.575 2.675 5.625 B99722 0.525
-1.575 2.675 5.099998 B99722 0.525
-1.575 2.675 4.575 B99722 0.525
-1.575 2.675 4.05 9D9894 0.525
-1.575 3.2 3.525 15476C 0.525
-1.575 3.2 3 15476C 0.525
-1.575 3.2 2.475 15476C 0.525
-1.575 2.675 1.95 9D9894 0.525
-1.575 2.675 1.425 9D9894 0.525
-2.1 2.15 14.55 113A57 0.525
-2.1 2.15 14.025 113A57 0.525
-2.1 1.625 13.5 113A57 0.525
-2.1 1.625 12.975 113A57 0.525
-2.1 2.15 12.45 113A57 0.525
-2.1 2.15 11.925 113A57 0.525
-2.1 2.15 11.4 113A57 0.525
-2.1 2.15 9.299999 B99722 0.525
-2.1 2.15 8.775002 B99722 0.525
-2.1 2.15 8.25 B99722 0.525
-2.1 2.15 7.724998 B99722 0.525
-2.1 2.15 7.200001 B99722 0.525
-2.1 2.15 6.674999 B99722 0.525
-2.1 2.15 6.150002 B99722 0.525
-2.1 2.15 5.625 B99722 0.525
-2.1 2.15 5.099998 B99722 0.525
-2.1 2.15 4.575 B99722 0.525
-2.1 1.625 4.05 AA8A1E 0.525
-2.1 1.625 3.525 AA8A1E 0.525
-2.1 1.625 3 8D8985 0.525
-2.1 2.15 2.475 8D8985 0.525
-2.1 1.1 3.525 AA8A1E 0.525
-2.1 1.1 3 8D8985 0.525
-1.575 1.625 9.299999 AA8A1E 0.525
-1.575 1.625 8.775002 AA8A1E 0.525
-1.575 1.625 8.25 AA8A1E 0.525
-1.575 1.625 7.724998 AA8A1E 0.525
-1.575 1.625 7.200001 AA8A1E 0.525
-2.1 1.625 6.674999 AA8A1E 0.525
-2.1 1.625 6.150002 AA8A1E 0.525
-2.1 1.625 5.625 AA8A1E 0.525
-2.1 1.625 5.099998 AA8A1E 0.525
-2.1 1.625 4.575 AA8A1E 0.525
-2.1 1.625 2.475 8D8985 0.525
-2.1 1.625 1.95 8D8985 0.525
-1.575 1.625 1.425 8D8985 0.525
-1.575 1.625 0.8999996 8D8985 0.525
-1.575 2.15 10.875 9B7A1B 0.525
-1.575 2.15 10.35 9B7A1B 0.525
-1.575 2.15 9.825001 9B7A1B 0.525
-2.1 2.15 1.95 8D8985 0.525
-2.1 2.15 1.425 8D8985 0.525
-2.1 2.15 0.8999996 8D8985 0.525
-1.575 2.15 0.375 8D8985 0.525
-2.1 2.15 13.5 134162 0.525
-2.1 2.15 12.975 134162 0.525
-2.1 2.15 4.05 15476C 0.525
-2.1 2.675 3.525 15476C 0.525
-2.1 2.675 3 15476C 0.525
-1.575 2.675 2.475 9D9894 0.525
-2.625 2.15 14.55 113A57 0.525
-2.625 2.15 14.025 113A57 0.525
-2.625 1.625 13.5 113A57 0.525
-2.625 1.625 12.975 113A57 0.525
-2.625 2.15 12.45 113A57 0.525
-2.625 2.15 11.925 113A57 0.525
-2.625 2.15 9.299999 B99722 0.525
-2.625 2.15 8.775002 B99722 0.525
-2.625 2.15 8.25 B99722 0.525
-2.625 2.15 7.724998 B99722 0.525
-2.625 2.15 7.200001 B99722 0.525
-2.625 2.15 6.674999 B99722 0.525
-2.625 2.15 6.150002 B99722 0.525
-2.625 2.15 5.625 B99722 0.525
-2.625 2.15 5.099998 B99722 0.525
-2.625 2.15 4.575 B99722 0.525
-2.625 2.15 4.05 B99722 0.525
-2.625 2.15 3.525 B99722 0.525
-2.1 2.15 3 8D8985 0.525
-2.625 2.15 13.5 134162 0.525
-2.625 2.15 12.975 134162 0.525
-3.15 2.15 14.55 113A57 0.525
-3.15 2.15 14.025 113A57 0.525
-3.15 1.625 13.5 113A57 0.525
-3.15 1.625 12.975 113A57 0.525
-3.15 2.15 12.45 113A57 0.525
-3.15 2.15 9.299999 B99722 0.525
-3.15 2.15 8.775002 B99722 0.525
-3.15 2.15 8.25 B99722 0.525
-3.15 2.15 7.724998 B99722 0.525
-3.15 2.15 7.200001 B99722 0.525
-3.15 2.15 6.674999 B99722 0.525
-3.15 2.15 6.150002 B99722 0.525
-3.15 2.15 5.625 B99722 0.525
-3.15 2.15 5.099998 B99722 0.525
-3.15 2.15 4.575 B99722 0.525
-3.15 2.15 4.05 B99722 0.525
-3.15 2.15 13.5 134162 0.525
-3.15 2.15 12.975 134162 0.525
-3.675 2.15 14.55 113A57 0.525
-3.675 2.15 14.025 113A57 0.525
-3.675 1.625 13.5 113A57 0.525
-3.675 1.625 12.975 113A57 0.525
-3.675 1.1 10.35 585858 0.525
-3.675 0.575 9.299999 585858 0.525
-3.675 0.575 8.775002 585858 0.525
-3.675 0.575 8.25 585858 0.525
-3.675 0.575 7.724998 585858 0.525
-3.675 0.575 7.200001 585858 0.525
-3.675 0.575 6.674999 585858 0.525
-3.675 0.575 6.150002 585858 0.525
-3.675 0.575 5.625 585858 0.525
-3.675 0.575 5.099998 585858 0.525
-3.675 0.575 4.575 585858 0.525
-3.675 0.575 4.05 585858 0.525
-3.675 1.1 3 585858 0.525
-3.675 2.15 9.299999 B99722 0.525
-3.675 2.15 8.775002 B99722 0.525
-3.675 2.15 8.25 B99722 0.525
-3.675 1.625 7.724998 6B6B6B 0.525
-3.675 1.625 7.200001 6B6B6B 0.525
-3.675 1.625 6.674999 6B6B6B 0.525
-3.675 1.625 6.150002 6B6B6B 0.525
-3.675 2.15 5.625 B99722 0.525
-3.675 2.15 5.099998 B99722 0.525
-3.675 2.15 4.575 B99722 0.525
-3.675 1.625 8.25 6B6B6B 0.525
-3.675 1.625 9.825001 939393 0.525
-3.675 1.625 9.299999 939393 0.525
-3.675 1.625 8.775002 939393 0.525
-3.675 2.15 7.724998 B99722 0.525
-5.775 1.625 7.724998 6B6B6B 0.525
-3.675 2.15 7.200001 B99722 0.525
-5.775 1.625 7.200001 6B6B6B 0.525
-3.675 2.15 6.674999 B99722 0.525
-3.675 2.15 6.150002 B99722 0.525
-3.675 1.625 5.625 939393 0.525
-3.675 1.625 5.099998 939393 0.525
-3.675 1.625 4.575 939393 0.525
-3.675 1.625 4.05 939393 0.525
-3.675 1.625 3.525 939393 0.525
-3.675 2.15 12.45 0E2E44 0.525
-3.675 2.15 13.5 134162 0.525
-3.675 2.15 12.975 134162 0.525
-4.2 2.15 14.55 8D8985 0.525
-4.2 2.15 14.025 8D8985 0.525
-4.2 1.625 13.5 8D8985 0.525
-4.2 2.15 9.299999 B99722 0.525
-4.2 2.15 8.775002 B99722 0.525
-4.2 2.15 8.25 B99722 0.525
-4.2 2.15 7.724998 B99722 0.525
-4.2 2.15 7.200001 B99722 0.525
-4.2 2.15 6.674999 B99722 0.525
-4.2 2.15 6.150002 B99722 0.525
-4.2 2.15 5.625 B99722 0.525
-4.2 2.15 5.099998 B99722 0.525
-4.2 0.575 9.299999 585858 0.525
-4.2 0.575 8.775002 585858 0.525
-4.2 0.575 8.25 585858 0.525
-4.2 0.575 7.724998 585858 0.525
-4.2 0.575 7.200001 585858 0.525
-4.2 0.575 6.674999 585858 0.525
-4.2 0.575 6.150002 585858 0.525
-4.2 0.575 5.625 585858 0.525
-4.2 0.575 5.099998 585858 0.525
-4.2 0.575 4.575 585858 0.525
-4.2 0.575 4.05 585858 0.525
-4.2 1.1 9.825001 7F7F7F 0.525
-4.2 1.1 9.299999 7F7F7F 0.525
-4.2 1.1 8.775002 6B6B6B 0.525
-4.2 1.1 8.25 6B6B6B 0.525
-4.2 1.1 7.724998 6B6B6B 0.525
-4.2 1.1 7.200001 6B6B6B 0.525
-4.2 1.1 6.674999 6B6B6B 0.525
-4.2 1.1 6.150002 6B6B6B 0.525
-4.2 1.1 5.625 6B6B6B 0.525
-4.2 1.1 5.099998 6B6B6B 0.525
-4.2 1.1 4.575 6B6B6B 0.525
-4.2 1.1 4.05 7F7F7F 0.525
-4.2 1.1 3.525 7F7F7F 0.525
-4.2 2.15 12.975 6C6966 0.525
-4.2 2.15 4.575 9B7A1B 0.525
-4.2 2.15 13.5 9D9894 0.525
-4.725 2.15 9.299999 B99722 0.525
-4.725 2.15 8.775002 B99722 0.525
-4.725 2.15 8.25 B99722 0.525
-4.725 2.15 7.724998 B99722 0.525
-4.725 2.15 7.200001 B99722 0.525
-4.725 2.15 6.674999 B99722 0.525
-4.725 2.15 6.150002 B99722 0.525
-4.725 2.15 5.625 B99722 0.525
-4.725 2.15 13.5 6C6966 0.525
-4.725 2.15 5.099998 9B7A1B 0.525
-5.25 2.15 9.299999 B99722 0.525
-5.25 2.15 8.775002 B99722 0.525
-5.25 2.15 8.25 B99722 0.525
-5.25 2.15 7.724998 B99722 0.525
-5.25 2.15 7.200001 B99722 0.525
-5.25 2.15 6.674999 B99722 0.525
-5.25 2.15 6.150002 B99722 0.525
-5.25 2.15 5.625 9B7A1B 0.525
-5.775 2.15 9.299999 B99722 0.525
-5.775 2.15 6.674999 B99722 0.525
-5.775 2.15 6.150002 B99722 0.525
-5.775 2.15 8.775002 B99722 0.525
-5.775 2.15 8.25 B99722 0.525
-5.775 2.15 7.724998 B99722 0.525
-5.775 2.15 7.200001 B99722 0.525
-6.3 2.15 9.299999 B99722 0.525
-6.3 2.15 8.775002 B99722 0.525
-6.3 2.15 8.25 B99722 0.525
-6.3 2.15 7.724998 B99722 0.525
-6.3 2.15 7.200001 B99722 0.525
-6.3 2.15 6.674999 B99722 0.525
-6.825 2.15 9.299999 B99722 0.525
-6.825 2.15 8.775002 B99722 0.525
-6.825 2.15 8.25 B99722 0.525
-6.825 2.15 7.724998 B99722 0.525
-6.825 2.15 7.200001 B99722 0.525
-7.35 2.15 9.299999 B99722 0.525
-7.35 2.15 8.775002 B99722 0.525
-7.35 2.15 8.25 B99722 0.525
-7.35 2.15 7.724998 B99722 0.525
-7.35 2.15 7.200001 9B7A1B 0.525
