10.5 0.2499999 -5.45 D74245 1.05
9.450002 0.2499999 -6.5 F4EFEC 1.05
9.450002 0.2499999 -5.450001 DD4547 1.05
8.400002 0.2499999 -6.500001 EEE8E5 1.05
8.400002 0.2499999 -5.45 DE4547 1.05
7.350002 0.2499999 -6.5 EAE4E1 1.05
7.350002 0.2499999 -5.450001 DB4446 1.05
6.300002 0.2499999 -6.5 ECE7E4 1.05
6.300002 0.2499999 -5.45 DB4346 1.05
5.250001 0.2499999 -6.5 E9E3E0 1.05
5.250001 0.2499999 -5.450001 DB4446 1.05
4.200001 0.2499999 -6.5 E7E2E0 1.05
4.200001 0.2499999 -5.450001 F1EEEC 1.05
3.150002 0.2499999 -6.500001 EAE5E3 1.05
3.150002 0.2499999 -5.45 F2EFEC 1.05
2.100001 0.2499999 -6.5 E8E4E2 1.05
2.100001 0.2499999 -5.450001 F0EDEA 1.05
1.050001 0.2499999 -6.500001 EBE6E4 1.05
1.050001 0.2499999 -5.450001 D84245 1.05
9.536743E-07 0.2499999 -6.500001 E9E4E2 1.05
9.536743E-07 0.2499999 -5.450001 F8F5F2 1.05
-1.049999 0.2499999 -6.500001 E6E2E1 1.05
-1.049999 0.2499999 -5.450001 F0EDEB 1.05
-2.099999 0.2499999 -6.500002 E9E5E3 1.05
-2.099999 0.2499999 -5.450001 F2F0EE 1.05
-3.15 0.2499999 -6.500002 E5E1E1 1.05
-3.15 0.2499999 -5.450001 F3F0EE 1.05
-4.199999 0.2499999 -6.500002 E9E5E4 1.05
-4.199999 0.2499999 -5.450001 F2EFED 1.05
-5.25 0.2499999 -6.500002 EBE8E6 1.05
-5.25 0.2499999 -5.450001 F4F1EF 1.05
-6.3 0.2499999 -6.500002 E7E4E3 1.05
-6.3 0.2499999 -5.450002 F1EEED 1.05
-7.35 0.2499999 -6.500002 EAE6E5 1.05
-7.35 0.2499999 -5.450002 F4F1EF 1.05
-8.4 0.2499999 -6.500002 ECE7E5 1.05
-8.4 0.2499999 -5.450002 F7F4F1 1.05
-9.45 0.2499999 -6.500002 EFEBE8 1.05
-9.45 0.2499999 -5.450002 DC4446 1.05
-10.5 0.2499999 -6.500002 EFEAE7 1.05
-10.5 0.2499999 -5.450002 D74245 1.05
9.450002 1.3 -4.4 E7DFDB 1.05
8.400002 1.3 -4.399999 E2D8D5 1.05
7.350002 1.3 -4.4 E0D7D4 1.05
6.300002 1.3 -4.4 DDD4D1 1.05
5.250001 1.3 -4.4 E1D6D3 1.05
4.200001 1.3 -5.450001 EBE8E7 1.05
3.150002 1.3 -5.45 A5C7E3 1.05
2.100001 1.3 -5.450001 ECE9E8 1.05
1.050001 1.3 -4.400001 DFD5D3 1.05
9.536743E-07 1.3 -5.450001 F0EDEA 1.05
-1.049999 1.3 -5.450001 74BBE6 1.05
-2.099999 1.3 -5.450001 6FB4E1 1.05
-3.15 1.3 -5.450001 77B7E2 1.05
-4.199999 1.3 -5.450001 6FB5E1 1.05
-5.25 1.3 -5.450001 72B6E1 1.05
-6.3 1.3 -5.450002 7AB8E2 1.05
-7.35 1.3 -5.450002 76B5E0 1.05
-8.4 1.3 -5.450002 F1EDEB 1.05
-9.45 1.3 -4.400002 E1D7D5 1.05
-10.5 1.3 -4.400002 E1DAD7 1.05
10.5 2.35 -3.349999 D6CECC 1.05
9.450002 2.35 -4.4 DCD5D3 1.05
8.400002 2.35 -4.399999 222A44 1.05
7.350002 2.35 -4.4 232A44 1.05
6.300002 2.35 -4.4 2F3049 1.05
5.250001 2.35 -4.4 DBD3D1 1.05
4.200001 2.35 -5.450001 ECE7E5 1.05
3.150002 2.35 -4.400001 202841 1.05
2.100001 2.35 -5.450001 EAE6E3 1.05
1.050001 2.35 -4.400001 DDD6D3 1.05
9.536743E-07 2.35 -5.450001 EFEBE8 1.05
-1.049999 2.35 -5.450001 EEE9E7 1.05
-2.099999 2.35 -5.450001 EFEBE9 1.05
-3.15 2.35 -5.450001 EEEAE7 1.05
-4.199999 2.35 -5.450001 EAE5E2 1.05
-5.25 2.35 -5.450001 EFEBE8 1.05
-6.3 2.35 -5.450002 EDE9E7 1.05
-7.35 2.35 -5.450002 EEEAE7 1.05
-8.4 2.35 -5.450002 EFEAE8 1.05
-9.45 2.35 -4.400002 E0DAD7 1.05
-10.5 2.35 -4.400002 E3DDDB 1.05
10.5 3.4 -3.349999 D2C9C8 1.05
9.450002 3.4 -4.4 DCD5D3 1.05
8.400002 3.4 -4.399999 1F2037 1.05
7.350002 3.4 -4.4 1F1F36 1.05
6.300002 3.4 -4.4 323047 1.05
5.250001 3.4 -4.4 DAD3D1 1.05
4.200001 3.4 -5.450001 EAE6E3 1.05
3.150002 3.4 -4.400001 212841 1.05
2.100001 3.4 -5.450001 E8E3E0 1.05
1.050001 3.4 -4.400001 DCD5D3 1.05
9.536743E-07 3.4 -5.450001 EDE8E5 1.05
-1.049999 3.4 -5.450001 EBE7E4 1.05
-2.099999 3.4 -5.450001 EDE9E6 1.05
-3.15 3.4 -5.450001 EDE9E6 1.05
-4.199999 3.4 -5.450001 EAE6E3 1.05
-5.25 3.4 -5.450001 EBE7E5 1.05
-6.3 3.4 -5.450002 EBE6E3 1.05
-7.35 3.4 -5.450002 EDE9E6 1.05
-8.4 3.4 -5.450002 ECE8E6 1.05
-9.45 3.4 -4.400002 E1DBD9 1.05
-10.5 3.4 -4.400002 E4DEDC 1.05
10.5 4.45 -3.349999 D2C9C8 1.05
9.450002 4.45 -4.4 DFD9D7 1.05
8.400002 4.45 -4.399999 1F273F 1.05
7.350002 4.45 -4.4 1F263F 1.05
6.300002 4.45 -4.4 1F233B 1.05
5.250001 4.45 -4.4 D8D1CF 1.05
4.200001 4.45 -5.450001 E5E0DD 1.05
3.150002 4.45 -4.400001 1F253D 1.05
2.100001 4.45 -5.450001 E4DFDC 1.05
1.050001 4.45 -4.400001 DDD7D5 1.05
9.536743E-07 4.45 -5.450001 ECE8E5 1.05
-1.049999 4.45 -4.400001 1F253E 1.05
-2.099999 4.45 -4.400001 1F253E 1.05
-3.15 4.45 -4.400002 1F253E 1.05
-4.199999 4.45 -4.400002 1F253D 1.05
-5.25 4.45 -4.400002 1F253D 1.05
-6.3 4.45 -4.400002 1F263F 1.05
-7.35 4.45 -4.400002 1F263E 1.05
-8.4 4.45 -5.450002 EAE5E3 1.05
-9.45 4.45 -4.400002 E1DBD9 1.05
-10.5 4.45 -4.400002 E1DBD9 1.05
10.5 5.5 11.35 3E385A 1.05
9.450002 5.5 -4.4 E4DFDC 1.05
8.400002 5.5 -4.399999 EDE8E6 1.05
7.350002 5.5 -4.4 ECE8E5 1.05
6.300002 5.5 -4.4 F1EDEB 1.05
5.250001 5.5 -4.4 E1DBD9 1.05
4.200001 5.5 -4.4 F1EDEB 1.05
3.150002 5.5 -4.400001 F3EFEC 1.05
2.100001 5.5 -4.4 F2EFEC 1.05
1.050001 5.5 -4.400001 E3DDDB 1.05
9.536743E-07 5.5 -4.400001 E9E5E2 1.05
-1.049999 5.5 -4.400001 EAE6E3 1.05
-2.099999 5.5 -4.400001 EFEBE8 1.05
-3.15 5.5 -4.400002 EDE8E5 1.05
-4.199999 5.5 -4.400002 EDE9E6 1.05
-5.25 5.5 -4.400002 EFEBE8 1.05
-6.3 5.5 -4.400002 EDE9E6 1.05
-7.35 5.5 -4.400002 F0EDEA 1.05
-8.4 5.5 -4.400002 EDE9E6 1.05
-9.45 5.5 -4.400002 E0DAD8 1.05
-10.5 5.5 -4.400002 DFD9D7 1.05
10.5 6.55 -3.349999 5A5276 1.05
9.450002 6.55 -4.4 E0DAD8 1.05
8.400002 6.55 -4.399999 DFD9D7 1.05
7.350002 6.55 -4.4 E7E2DF 1.05
6.300002 6.55 -4.4 E1DBD9 1.05
5.250001 6.55 -4.4 E3DEDC 1.05
4.200001 6.55 -4.4 E2DCDA 1.05
3.150002 6.55 -4.400001 E1DBD9 1.05
2.100001 6.55 -4.4 E0DAD8 1.05
1.050001 6.55 -4.400001 DBD5D3 1.05
9.536743E-07 6.55 -4.400001 D7CFCE 1.05
-1.049999 6.55 -4.400001 D9D3D1 1.05
-2.099999 6.55 -4.400001 D9D1D0 1.05
-3.15 6.55 -4.400002 D8D1CF 1.05
-4.199999 6.55 -4.400002 D9D1D0 1.05
-5.25 6.55 -4.400002 DBD4D2 1.05
-6.3 6.55 -4.400002 DBD4D2 1.05
-7.35 6.55 -4.400002 DED7D5 1.05
-8.4 6.55 -4.400002 E1DBD9 1.05
-9.45 6.55 -4.400002 DFD9D7 1.05
-10.5 6.55 -4.400002 E2DCD9 1.05
9.450002 7.599999 -4.4 E1DBD9 1.05
8.400002 7.599999 -4.399999 E0DAD8 1.05
7.350002 7.599999 -4.4 E1DBD8 1.05
6.300002 7.599999 -4.4 E1DBD9 1.05
5.250001 7.599999 -4.4 DFD9D7 1.05
4.200001 7.599999 -4.4 E1DBD9 1.05
3.150002 7.599999 -4.400001 DFD8D6 1.05
2.100001 7.599999 -4.4 CCC3C3 1.05
1.050001 7.599999 -5.450001 E7E2E0 1.05
9.536743E-07 7.599999 -5.450001 E8E2DF 1.05
-1.049999 7.599999 -5.450001 E6E1DE 1.05
-2.099999 7.599999 -5.450001 E3DDDB 1.05
-3.15 7.599999 -5.450001 E7E1DF 1.05
-4.199999 7.599999 -5.450001 E4DFDC 1.05
-5.25 7.599999 -5.450001 E5DFDD 1.05
-6.3 7.599999 -5.450002 E8E2DF 1.05
-7.35 7.599999 -5.450002 EAE5E2 1.05
-8.4 7.599999 -4.400002 DCD6D4 1.05
-9.45 7.599999 -4.400002 DFD9D7 1.05
-10.5 7.599999 -4.400002 DFD9D7 1.05
9.450002 8.65 -4.4 E2DCDA 1.05
8.400002 8.65 -4.399999 E3DDDB 1.05
7.350002 8.65 -4.4 E3DDDB 1.05
6.300002 8.65 -4.4 E2DCDA 1.05
5.250001 8.65 -4.4 E1DBD9 1.05
4.200001 8.65 -4.4 E1DBD9 1.05
3.150002 8.65 -4.400001 E0DAD8 1.05
2.100001 8.65 -4.4 D5CDCC 1.05
1.050001 8.65 -5.450001 D34045 1.05
9.536743E-07 8.65 -5.450001 D03F44 1.05
-1.049999 8.65 -5.450001 D44145 1.05
-2.099999 8.65 -5.450001 CF3F44 1.05
-3.15 8.65 -5.450001 CF3F44 1.05
-4.199999 8.65 -5.450001 D34045 1.05
-5.25 8.65 -5.450001 D24044 1.05
-6.3 8.65 -5.450002 D14044 1.05
-7.35 8.65 -5.450002 E9E2DF 1.05
-8.4 8.65 -4.400002 E1DBD9 1.05
-9.45 8.65 -4.400002 E1DBD9 1.05
-10.5 8.65 -4.400002 DDD7D5 1.05
9.450002 9.7 -4.4 E1DBD9 1.05
8.400002 9.7 -4.399999 DFD9D7 1.05
7.350002 9.7 -4.4 E0DAD8 1.05
6.300002 9.7 -4.4 E1DCD9 1.05
5.250001 9.7 -4.4 E1DBD8 1.05
4.200001 9.7 -4.4 E1DBD8 1.05
3.150002 9.7 -4.400001 E1DBD9 1.05
2.100001 9.7 -4.4 E0DAD8 1.05
1.050001 9.7 -5.450001 D14044 1.05
9.536743E-07 9.7 -5.450001 D03F44 1.05
-1.049999 9.7 -5.450001 CF3F44 1.05
-2.099999 9.7 -5.450001 D24045 1.05
-3.15 9.7 -5.450001 CF3F44 1.05
-4.199999 9.7 -5.450001 D14044 1.05
-5.25 9.7 -5.450001 D03F44 1.05
-6.3 9.7 -5.450002 D24044 1.05
-7.35 9.7 -5.450002 ECE7E4 1.05
-8.4 9.7 -4.400002 E1DBD9 1.05
-9.45 9.7 -4.400002 DED7D6 1.05
-10.5 9.7 -4.400002 E1DBD9 1.05
7.35 10.75 7.150002 C0C3D2 1.05
4.200001 10.75 -4.4 E2DCDA 1.05
3.150002 10.75 -4.400001 E2DCDA 1.05
2.100001 10.75 -4.4 E3DDDB 1.05
1.050001 10.75 -4.400001 E7E2E0 1.05
9.536743E-07 10.75 -4.400001 EBE6E4 1.05
-1.049999 10.75 -4.400001 E9E4E2 1.05
-2.099999 10.75 -4.400001 EDE9E6 1.05
-3.15 10.75 -4.400002 EDE9E6 1.05
-4.199999 10.75 -4.400002 EEEAE7 1.05
-5.25 10.75 -4.400002 EAE5E3 1.05
-6.3 10.75 -4.400002 EBE7E4 1.05
-7.35 10.75 -4.400002 E7E2DF 1.05
-8.4 10.75 -4.400002 E3DDDB 1.05
-9.45 10.75 -4.400002 E0D9D7 1.05
-10.5 10.75 -4.400002 DED7D6 1.05
7.35 11.8 7.150002 BCBFCF 1.05
4.200001 11.8 -4.4 E2DDDA 1.05
3.150002 11.8 -4.400001 E2DCD9 1.05
2.100001 11.8 -4.4 E2DCDA 1.05
1.050001 11.8 -4.400001 E5DFDD 1.05
9.536743E-07 11.8 -4.400001 E2DDDB 1.05
-1.049999 11.8 -4.400001 E5E0DD 1.05
-2.099999 11.8 -4.400001 E3DDDB 1.05
-3.15 11.8 -4.400002 E2DCDA 1.05
-4.199999 11.8 -4.400002 E2DCDA 1.05
-5.25 11.8 -4.400002 E1DBD9 1.05
-6.3 11.8 -4.400002 E1DBD9 1.05
-7.35 11.8 -4.400002 E2DCDA 1.05
-8.4 11.8 -4.400002 E0DAD7 1.05
-9.45 11.8 -4.400002 E0DAD8 1.05
-10.5 11.8 -4.400002 E1DBD9 1.05
10.5 0.2499999 -4.400001 3D1F31 1.05
9.450002 0.2499999 -4.4 9C6A7A 1.05
8.400002 0.2499999 -4.399999 966A7C 1.05
7.350002 0.2499999 -4.4 936B7D 1.05
6.300002 0.2499999 -4.4 95687C 1.05
5.250001 0.2499999 -4.4 8D667B 1.05
4.200001 0.2499999 -4.4 81697E 1.05
3.150002 0.2499999 -4.400001 866B80 1.05
2.100001 0.2499999 -4.4 755E77 1.05
1.050001 0.2499999 -4.400001 916E82 1.05
9.536743E-07 0.2499999 -4.400001 7F637A 1.05
-1.049999 0.2499999 -4.400001 76657E 1.05
-2.099999 0.2499999 -4.400001 78667D 1.05
-3.15 0.2499999 -4.400002 7D677E 1.05
-4.199999 0.2499999 -4.400002 76647B 1.05
-5.25 0.2499999 -4.400002 7B6A81 1.05
-6.3 0.2499999 -4.400002 7C6980 1.05
-7.35 0.2499999 -4.400002 866D80 1.05
-8.4 0.2499999 -4.400002 8D687B 1.05
-9.45 0.2499999 -4.400002 94697A 1.05
-10.5 0.2499999 -4.400002 955366 1.05
10.5 1.3 -4.400001 E1D4D1 1.05
10.5 2.35 -4.400001 DCD4D2 1.05
-10.5 2.35 0.8499985 B2A1A6 1.05
10.5 3.4 -4.400001 DCD5D3 1.05
-10.5 3.4 0.8499985 B7A6A9 1.05
10.5 4.45 -4.400001 DFD9D8 1.05
-10.5 4.45 0.8499985 B4A5A9 1.05
10.5 5.5 -4.400001 DAD2D1 1.05
10.5 6.55 -4.400001 DED7D5 1.05
10.5 7.599999 -4.400001 DAD3D2 1.05
10.5 8.65 -4.400001 E1DBD9 1.05
7.35 8.65 7.150002 B5B8CA 1.05
10.5 9.7 -4.400001 E0DAD8 1.05
7.35 9.7 7.150002 BDC0D0 1.05
10.5 0.2499999 -3.349999 3E2031 1.05
9.450002 0.2499999 -3.35 977686 1.05
8.400002 0.2499999 -3.349999 91798A 1.05
7.350002 0.2499999 -3.35 947A8B 1.05
6.300002 0.2499999 -3.35 8D798B 1.05
5.250001 0.2499999 -3.35 907E8F 1.05
4.200001 0.2499999 -3.350001 8B7C8E 1.05
3.150002 0.2499999 -3.35 83778C 1.05
2.100001 0.2499999 -3.35 83778C 1.05
1.050001 0.2499999 -3.35 8C778B 1.05
9.536743E-07 0.2499999 -3.350001 897589 1.05
-1.049999 0.2499999 -3.350001 8A7A8D 1.05
-2.099999 0.2499999 -3.350001 7B6E84 1.05
-3.15 0.2499999 -3.350001 7F7288 1.05
-4.199999 0.2499999 -3.350001 7E7187 1.05
-5.25 0.2499999 -3.350001 80758C 1.05
-6.3 0.2499999 -3.350002 807286 1.05
-7.35 0.2499999 -3.350002 887689 1.05
-8.4 0.2499999 -3.350002 998795 1.05
-9.45 0.2499999 -3.350002 947B8A 1.05
-10.5 0.2499999 -3.350002 955F71 1.05
10.5 1.3 -3.349999 DCD2CF 1.05
-10.5 1.3 -3.350002 D6C5C2 1.05
-10.5 2.35 -3.350002 D4CAC8 1.05
-10.5 3.4 -3.350002 D4C9C6 1.05
-10.5 4.45 -3.350002 D7CDCB 1.05
10.5 5.5 -3.349999 D3CBCA 1.05
-10.5 5.5 -3.350002 CBBEBC 1.05
-10.5 6.55 -3.350002 A8999F 1.05
10.5 7.599999 -3.349999 DFD8D7 1.05
-10.5 7.599999 -3.350002 E0D8D6 1.05
10.5 8.65 -3.349999 DFD9D7 1.05
-10.5 8.65 -3.350002 E3DCD9 1.05
10.5 9.7 -3.349999 DDD6D4 1.05
-10.5 9.7 -3.350002 E2DBD9 1.05
4.200001 10.75 -3.350001 E6E1DF 1.05
9.450002 9.7 -3.35 F9F6F4 1.05
8.400002 9.7 -3.349999 FBF9F6 1.05
7.350002 9.7 -3.35 FCF9F6 1.05
6.300002 9.7 -3.35 F6F3F1 1.05
5.250001 9.7 -3.35 F3F0EE 1.05
-10.5 10.75 -3.350002 DFD8D5 1.05
4.200001 11.8 -3.350001 E9E5E3 1.05
-10.5 11.8 -3.350002 E4DDDB 1.05
3.150002 11.8 -3.35 FFFFFF 1.05
2.100001 11.8 -3.35 FFFFFE 1.05
1.050001 11.8 -3.35 FFFFFE 1.05
9.536743E-07 11.8 -3.350001 FFFFFD 1.05
-1.049999 11.8 -3.350001 FFFFFF 1.05
-2.099999 11.8 -3.350001 FFFFFD 1.05
-3.15 11.8 -3.350001 FFFFFF 1.05
-4.199999 11.8 -3.350001 FFFFFE 1.05
-5.25 11.8 -3.350001 FFFFFF 1.05
-6.3 11.8 -3.350002 FFFFFF 1.05
-7.35 11.8 -3.350002 FFFFFE 1.05
-8.4 11.8 -3.350002 FFFFFE 1.05
-9.45 11.8 -3.350002 FFFFFF 1.05
11.55 6.55 -2.300001 585074 1.05
10.5 0.2499999 -2.3 3F2031 1.05
-11.55 6.55 -2.300002 5A5073 1.05
10.5 2.35 -2.3 674B5E 1.05
9.450002 0.2499999 -2.3 907788 1.05
8.400002 0.2499999 -2.3 877487 1.05
7.350002 0.2499999 -2.300001 917F90 1.05
6.300002 0.2499999 -2.3 7D6E83 1.05
5.250001 0.2499999 -2.300001 85768A 1.05
4.200001 0.2499999 -2.300001 847388 1.05
3.150002 0.2499999 -2.3 86788D 1.05
2.100001 0.2499999 -2.300001 85778C 1.05
1.050001 0.2499999 -2.300001 84768B 1.05
9.536743E-07 0.2499999 -2.300001 887B8F 1.05
-1.049999 0.2499999 -2.300001 8B7D90 1.05
-2.099999 0.2499999 -2.300001 8A7C90 1.05
-3.15 0.2499999 -2.300002 86788C 1.05
-4.199999 0.2499999 -2.300002 83748A 1.05
-5.25 0.2499999 -2.300002 84768B 1.05
-6.3 0.2499999 -2.300002 87788C 1.05
-7.35 0.2499999 -2.300002 8D7D8F 1.05
-8.4 0.2499999 -2.300002 918090 1.05
-9.45 0.2499999 -2.300002 937A8A 1.05
-10.5 0.2499999 -2.300002 8E5A6E 1.05
10.5 1.3 -2.3 D8CBC9 1.05
-10.5 1.3 -2.300002 D4C2BF 1.05
10.5 6.55 -2.3 443F60 1.05
10.5 2.35 1.900002 CABEBF 1.05
-10.5 2.35 -2.300002 D3C7C4 1.05
10.5 3.4 -2.3 1F1E34 1.05
10.5 3.4 1.900002 CAC0C0 1.05
-10.5 3.4 -2.300002 D5CBC8 1.05
10.5 4.45 -2.3 1F263E 1.05
10.5 4.45 1.900002 C0B4B6 1.05
-10.5 4.45 -2.300002 CFC4C2 1.05
10.5 5.5 -2.3 CFC5C5 1.05
-10.5 5.5 -2.300002 BAAAAB 1.05
10.5 6.55 11.35 2E2D50 1.05
9.450002 7.599999 -2.3 8F87AC 1.05
10.5 7.599999 -2.3 968FB3 1.05
9.450002 7.599999 -3.35 DED8D9 1.05
-9.45 7.599999 -2.300002 8D86AA 1.05
-9.45 7.599999 -3.350002 DFD8D9 1.05
-10.5 7.599999 -2.300002 958EB2 1.05
6.300002 8.65 -2.3 948CB1 1.05
9.450002 8.65 -3.35 DDD7D8 1.05
8.400002 7.599999 -2.3 9189AE 1.05
8.400002 8.65 -3.349999 E3DDDE 1.05
7.350002 8.65 -2.300001 928AAF 1.05
7.350002 8.65 -3.35 DED8DA 1.05
-7.35 8.65 -2.300002 887FA4 1.05
-7.35 8.65 -3.350002 E0DADA 1.05
-6.3 8.65 -2.300002 8D85A9 1.05
-8.4 7.599999 -2.300002 938BAF 1.05
-8.4 8.65 -3.350002 DDD6D7 1.05
-9.45 8.65 -3.350002 E2DBDC 1.05
4.200001 9.7 -2.300001 928BAF 1.05
5.250001 8.65 -2.300001 918BB0 1.05
4.200001 9.7 -3.350001 E0DBDC 1.05
-4.199999 9.7 -2.300002 8E87AB 1.05
-4.199999 9.7 -3.350001 DCD6D7 1.05
-5.25 8.65 -2.300002 8E86AA 1.05
-5.25 9.7 -3.350001 E0DADB 1.05
-6.3 9.7 -3.350002 E3DEDE 1.05
-7.35 9.7 -3.350002 E1DADB 1.05
-8.4 9.7 -3.350002 E4DFDF 1.05
-9.45 9.7 -3.350002 E3DDDD 1.05
1.050001 10.75 -2.300001 968FB3 1.05
3.150002 9.7 -2.3 8D86AB 1.05
3.150002 10.75 -3.35 DFD9DA 1.05
2.100001 10.75 -2.300001 938CB0 1.05
2.100001 10.75 -3.35 E2DDDD 1.05
-2.099999 10.75 -2.300001 918AAE 1.05
-2.099999 10.75 -3.350001 E2DCDD 1.05
-1.049999 10.75 -2.300001 9790B4 1.05
-3.15 9.7 -2.300002 9089AF 1.05
-3.15 10.75 -3.350001 E1DCDC 1.05
-4.199999 10.75 -3.350001 E5E0E0 1.05
-5.25 10.75 -3.350001 E3DEDE 1.05
-6.3 10.75 -3.350002 E6E0E0 1.05
-7.35 10.75 -3.350002 E2DCDD 1.05
-8.4 10.75 -3.350002 E2DCDC 1.05
-9.45 10.75 -3.350002 E4DFDE 1.05
9.536743E-07 10.75 -2.300001 9992B5 1.05
11.55 6.55 -1.25 595174 1.05
10.5 0.2499999 -1.249999 3C1F31 1.05
-11.55 6.55 -1.250001 5B5173 1.05
10.5 2.35 -1.249999 6F5061 1.05
9.450001 0.2499999 -1.25 856A7F 1.05
8.400002 0.2499999 -1.249999 8B7A8C 1.05
7.350001 0.2499999 -1.25 89798D 1.05
6.300002 0.2499999 -1.25 7D6F85 1.05
5.250001 0.2499999 -1.25 7D6F86 1.05
4.200001 0.2499999 -1.25 85788D 1.05
3.150001 0.2499999 -1.25 807289 1.05
2.100001 0.2499999 -1.25 80748B 1.05
1.050001 0.2499999 -1.25 84778E 1.05
4.768372E-07 0.2499999 -1.25 877A8F 1.05
-1.05 0.2499999 -1.250001 8C7F93 1.05
-2.1 0.2499999 -1.250001 86788D 1.05
-3.15 0.2499999 -1.250001 7F738A 1.05
-4.2 0.2499999 -1.250001 82758B 1.05
-5.25 0.2499999 -1.250001 817389 1.05
-6.300001 0.2499999 -1.250001 847589 1.05
-7.35 0.2499999 -1.250001 8B7C8E 1.05
-8.4 0.2499999 -1.250001 8A7A8D 1.05
-9.450001 0.2499999 -1.250001 8E788A 1.05
-10.5 0.2499999 -1.250001 8D596E 1.05
10.5 1.3 -1.249999 D8CAC9 1.05
-10.5 1.3 -1.250001 D5C6C2 1.05
10.5 6.55 -1.249999 464062 1.05
-10.5 2.35 -1.250001 D1C5C2 1.05
10.5 3.4 -1.249999 1F1F35 1.05
-10.5 3.4 -1.250001 D0C5C3 1.05
10.5 4.45 -1.249999 1F253E 1.05
-10.5 4.45 -1.250001 D5CBC7 1.05
10.5 5.5 -1.249999 C6BBBC 1.05
-10.5 5.5 -1.250001 BAAAAB 1.05
9.450001 7.599999 -1.25 9993B7 1.05
10.5 7.599999 -1.249999 9D96BA 1.05
-9.450001 7.599999 -1.250001 9790B4 1.05
-10.5 7.599999 -1.250001 9A93B7 1.05
6.300002 8.65 -1.25 9F99BC 1.05
8.400002 7.599999 -1.249999 9A93B7 1.05
7.350001 8.65 -1.25 9790B4 1.05
-7.35 8.65 -1.250001 8F88AC 1.05
-6.300001 8.65 -1.250001 948CB1 1.05
-8.4 7.599999 -1.250001 958FB3 1.05
4.200001 9.7 -1.25 9A94B8 1.05
5.250001 8.65 -1.25 9A93B7 1.05
-4.2 9.7 -1.250001 948DB2 1.05
-5.25 8.65 -1.250001 968FB3 1.05
1.050001 10.75 -1.25 9A93B7 1.05
3.150001 9.7 -1.25 9891B5 1.05
2.100001 10.75 -1.25 9C95B9 1.05
-2.1 10.75 -1.250001 9A93B7 1.05
-1.05 10.75 -1.250001 9F98BB 1.05
-3.15 9.7 -1.250001 9891B5 1.05
4.768372E-07 10.75 -1.25 A09ABD 1.05
11.55 6.55 -0.1999989 585074 1.05
10.5 0.2499999 -0.1999998 432032 1.05
-11.55 6.55 -0.2000008 5A5072 1.05
10.5 2.35 -0.1999998 7E5A6B 1.05
9.450001 0.2499999 -0.1999989 8B7084 1.05
8.400002 0.2499999 -0.1999998 8A7A8D 1.05
7.350001 0.2499999 -0.1999989 887B8F 1.05
6.300002 0.2499999 -0.1999989 887C91 1.05
5.250001 0.2499999 -0.2000008 817288 1.05
4.200001 0.2499999 -0.1999989 84778D 1.05
3.150001 0.2499999 -0.1999998 80748B 1.05
2.100001 0.2499999 -0.1999998 80738B 1.05
1.050001 0.2499999 -0.1999998 80738A 1.05
4.768372E-07 0.2499999 -0.2000008 85788E 1.05
-1.05 0.2499999 -0.2000008 887B90 1.05
-2.1 0.2499999 -0.2000008 83768D 1.05
-3.15 0.2499999 -0.2000008 7F728A 1.05
-4.2 0.2499999 -0.2000008 87798E 1.05
-5.25 0.2499999 -0.2000008 81738A 1.05
-6.300001 0.2499999 -0.2000008 7F7188 1.05
-7.35 0.2499999 -0.2000008 87798D 1.05
-8.4 0.2499999 -0.2000008 7E6D82 1.05
-9.450001 0.2499999 -0.2000008 836D82 1.05
-10.5 0.2499999 -0.2000008 85576D 1.05
10.5 1.3 -0.1999998 D8CDCB 1.05
-10.5 1.3 -0.2000008 CBB8B6 1.05
10.5 6.55 -0.1999998 494264 1.05
-10.5 2.35 -0.2000008 D0C5C2 1.05
10.5 3.4 -0.1999998 E7E2DF 1.05
-10.5 3.4 -0.2000008 D2C7C4 1.05
10.5 4.45 -0.1999998 E9E4E2 1.05
-10.5 4.45 -0.2000008 D5CAC7 1.05
10.5 5.5 -0.1999998 C1B5B7 1.05
-10.5 5.5 -0.2000008 BAAAAA 1.05
9.450001 7.599999 -0.1999989 A7A1C3 1.05
10.5 7.599999 -0.1999998 9B95B8 1.05
-9.450001 7.599999 -0.2000008 9891B4 1.05
-10.5 7.599999 -0.2000008 9A93B6 1.05
6.300002 8.65 -0.1999989 9C96B9 1.05
8.400002 7.599999 -0.1999998 9B95B8 1.05
7.350001 8.65 -0.1999989 9C95B9 1.05
-7.35 8.65 -0.2000008 9891B5 1.05
-6.300001 8.65 -0.2000008 9891B5 1.05
-8.4 7.599999 -0.2000008 9A93B7 1.05
4.200001 9.7 -0.1999989 A19BBE 1.05
5.250001 8.65 -0.2000008 9C96B9 1.05
-4.2 9.7 -0.2000008 9C95B9 1.05
-5.25 8.65 -0.2000008 9D96BA 1.05
1.050001 10.75 -0.1999998 9B94B7 1.05
3.150001 9.7 -0.1999998 9D97BA 1.05
2.100001 10.75 -0.1999998 9F98BB 1.05
-2.1 10.75 -0.2000008 9A93B6 1.05
-1.05 10.75 -0.2000008 9F99BC 1.05
-3.15 9.7 -0.2000008 9D96BA 1.05
4.768372E-07 10.75 -0.2000008 9D97BA 1.05
11.55 6.55 0.8500004 585074 1.05
10.5 0.2499999 0.8500004 3D2031 1.05
-11.55 6.55 0.8499985 5A5073 1.05
10.5 6.55 0.8500004 453F61 1.05
9.450001 0.2499999 0.8500004 8A768A 1.05
8.400002 0.2499999 0.8500004 8B7B8D 1.05
7.350001 0.2499999 0.8500013 7F7087 1.05
6.300002 0.2499999 0.8500004 7F7289 1.05
5.250001 0.2499999 0.8500004 86788E 1.05
4.200001 0.2499999 0.8500004 7B6F88 1.05
3.150001 0.2499999 0.8500004 82768E 1.05
2.100001 0.2499999 0.8499994 83758D 1.05
1.050001 0.2499999 0.8499994 80748D 1.05
4.768372E-07 0.2499999 0.8499994 7F728A 1.05
-1.05 0.2499999 0.8499994 7A6E86 1.05
-2.1 0.2499999 0.8499994 7C6E88 1.05
-3.15 0.2499999 0.8499994 81748D 1.05
-4.2 0.2499999 0.8499994 84778E 1.05
-5.25 0.2499999 0.8499994 877A90 1.05
-6.300001 0.2499999 0.8499985 82758C 1.05
-7.35 0.2499999 0.8499985 817288 1.05
-8.4 0.2499999 0.8499985 867488 1.05
-9.450001 0.2499999 0.8499985 836C81 1.05
-10.5 0.2499999 0.8499985 834E66 1.05
10.5 1.3 0.8500004 D7CBCA 1.05
-10.5 1.3 0.8499985 C7B4B2 1.05
10.5 2.35 0.8500004 DBD4D2 1.05
-10.5 2.35 5.049999 A6959D 1.05
10.5 3.4 0.8500004 DBD4D2 1.05
-10.5 3.4 5.049999 B3A1A5 1.05
10.5 4.45 0.8500004 D7CFCE 1.05
-10.5 4.45 5.049999 9F8E97 1.05
10.5 5.5 0.8500004 BAAEB1 1.05
-10.5 5.5 0.8499985 A293A2 1.05
9.450001 7.599999 0.8500004 A19BBD 1.05
10.5 7.599999 0.8500004 9D97BA 1.05
-9.450001 7.599999 0.8499985 9E97BA 1.05
-10.5 7.599999 0.8499985 9B95B8 1.05
6.300002 8.65 0.8500004 9F99BC 1.05
8.400002 7.599999 0.8500004 9F99BC 1.05
7.350001 8.65 0.8500013 9D97BA 1.05
-7.35 8.65 0.8499985 9C95B9 1.05
-6.300001 8.65 0.8499985 9E97BB 1.05
-8.4 7.599999 0.8499985 9F99BC 1.05
4.200001 9.7 0.8500004 A19BBE 1.05
5.250001 8.65 0.8500004 A09ABD 1.05
-4.2 9.7 0.8499994 9B94B8 1.05
-5.25 8.65 0.8499994 9D97BA 1.05
1.050001 10.75 0.8499994 A19ABD 1.05
3.150001 9.7 0.8500004 9F99BC 1.05
2.100001 10.75 0.8499994 A29CBF 1.05
-2.1 10.75 0.8499994 9E98BB 1.05
-1.05 10.75 0.8499994 9891B5 1.05
-3.15 9.7 0.8499994 9B95B8 1.05
4.768372E-07 10.75 0.8499994 A09ABD 1.05
11.55 6.55 1.900002 585074 1.05
10.5 0.2499999 1.900002 3A1F31 1.05
-10.5 2.35 1.899999 5F445B 1.05
-11.55 6.55 1.899999 594F71 1.05
9.450001 0.2499999 1.900002 897589 1.05
8.400001 0.2499999 1.900002 776A81 1.05
7.350001 0.2499999 1.900002 776A82 1.05
6.300001 0.2499999 1.900002 85778D 1.05
5.250001 0.2499999 1.9 7B6F89 1.05
4.200001 0.2499999 1.9 82768E 1.05
3.150001 0.2499999 1.900002 80748C 1.05
2.1 0.2499999 1.9 7C6F89 1.05
1.05 0.2499999 1.9 7F748E 1.05
2.384186E-07 0.2499999 1.9 7E728C 1.05
-1.05 0.2499999 1.9 7E718A 1.05
-2.1 0.2499999 1.9 7D718B 1.05
-3.15 0.2499999 1.899999 7C708A 1.05
-4.2 0.2499999 1.899999 7C6F89 1.05
-5.25 0.2499999 1.899999 7D7189 1.05
-6.300001 0.2499999 1.899999 7F7289 1.05
-7.35 0.2499999 1.899999 87798D 1.05
-8.400001 0.2499999 1.899999 7F6F85 1.05
-9.450001 0.2499999 1.899999 7A627B 1.05
-10.5 0.2499999 1.899999 7E4D66 1.05
10.5 1.3 1.900002 DED4D2 1.05
-10.5 1.3 1.899999 C0A9A7 1.05
10.5 6.55 1.900002 464062 1.05
10.5 2.35 12.4 474063 1.05
10.5 3.4 13.45 4A4468 1.05
-10.5 3.4 1.899999 1F1E34 1.05
10.5 4.45 13.45 3B3657 1.05
-10.5 4.45 1.899999 1F253D 1.05
10.5 5.5 1.900002 BFB3B5 1.05
-10.5 5.5 1.899999 9F92A1 1.05
9.450001 7.599999 1.900002 9F99BC 1.05
10.5 7.599999 1.900002 9F98BB 1.05
-9.450001 7.599999 1.899999 9C96B9 1.05
-10.5 7.599999 1.899999 9C95B9 1.05
6.300001 8.65 1.900002 A19BBE 1.05
8.400001 7.599999 1.900002 9F99BC 1.05
7.350001 8.65 1.900002 9F98BC 1.05
-7.35 8.65 1.899999 9B94B8 1.05
-6.300001 8.65 1.899999 9C96B9 1.05
-8.400001 7.599999 1.899999 9C96B9 1.05
4.200001 9.7 1.9 A39DBF 1.05
5.250001 8.65 1.9 A19BBE 1.05
-4.2 9.7 1.899999 A09ABD 1.05
-5.25 8.65 1.899999 9E98BB 1.05
1.05 10.75 1.9 9F99BC 1.05
3.150001 9.7 1.900002 9E97BA 1.05
2.1 10.75 1.9 A29BBE 1.05
-2.1 10.75 1.9 9F98BB 1.05
-1.05 10.75 1.9 A29BBE 1.05
-3.15 9.7 1.899999 A19BBE 1.05
2.384186E-07 10.75 1.9 A09ABD 1.05
11.55 6.55 2.950001 574F73 1.05
10.5 0.2499999 2.950001 3F2031 1.05
-10.5 2.35 2.949999 634A5E 1.05
-11.55 6.55 2.949999 584E70 1.05
10.5 2.35 2.950001 785062 1.05
9.450001 0.2499999 2.950001 877287 1.05
8.400001 0.2499999 2.950001 7E7289 1.05
7.350001 0.2499999 2.950001 796C85 1.05
6.300001 0.2499999 2.950001 776A84 1.05
5.25 0.2499999 2.95 766A85 1.05
4.2 0.2499999 2.95 7E738C 1.05
3.150001 0.2499999 2.95 83778F 1.05
2.1 0.2499999 2.95 776C87 1.05
1.05 0.2499999 2.95 80758E 1.05
1.192093E-07 0.2499999 2.95 7D728C 1.05
-1.05 0.2499999 2.95 7D708A 1.05
-2.1 0.2499999 2.95 817590 1.05
-3.150001 0.2499999 2.949999 82758E 1.05
-4.2 0.2499999 2.949999 80738C 1.05
-5.25 0.2499999 2.949999 7D6F88 1.05
-6.300001 0.2499999 2.949999 776C87 1.05
-7.350001 0.2499999 2.949999 786B86 1.05
-8.400001 0.2499999 2.949999 7D6E85 1.05
-9.450001 0.2499999 2.949999 7E6B82 1.05
-10.5 0.2499999 2.949999 794C66 1.05
10.5 1.3 2.950001 D7CAC9 1.05
-10.5 1.3 2.949999 C2ABAA 1.05
10.5 6.55 2.950001 474163 1.05
10.5 3.4 2.950001 1F1F35 1.05
-10.5 3.4 2.949999 1F1E34 1.05
10.5 4.45 2.950001 202740 1.05
-10.5 4.45 2.949999 1F253D 1.05
10.5 5.5 2.950001 CDC3C4 1.05
-10.5 5.5 2.949999 9C8E9E 1.05
9.450001 7.599999 2.950001 9D97BA 1.05
10.5 7.599999 2.950001 9C96B9 1.05
-9.450001 7.599999 2.949999 9D96B9 1.05
-10.5 7.599999 2.949999 9E98BB 1.05
6.300001 8.65 2.950001 9F99BD 1.05
8.400001 7.599999 2.950001 9C95B9 1.05
7.350001 8.65 2.950001 A49EC1 1.05
-7.350001 8.65 2.949999 9F98BB 1.05
-6.300001 8.65 2.949999 9E98BB 1.05
-8.400001 7.599999 2.949999 9A94B7 1.05
4.2 9.7 2.95 A19ABD 1.05
5.25 8.65 2.95 9F99BC 1.05
-4.2 9.7 2.949999 A099BC 1.05
-5.25 8.65 2.949999 9D96BA 1.05
1.05 10.75 2.95 A29CBE 1.05
3.150001 9.7 2.95 A099BC 1.05
2.1 10.75 2.95 A19ABD 1.05
-2.1 10.75 2.95 A19BBD 1.05
-1.05 10.75 2.95 9F98BC 1.05
-3.150001 9.7 2.949999 9F99BC 1.05
1.192093E-07 10.75 2.95 A19BBE 1.05
11.55 6.55 4.000001 564E72 1.05
10.5 0.2499999 4.000001 402031 1.05
-11.55 6.55 3.999999 594F71 1.05
10.5 2.35 4.000001 745769 1.05
9.450001 0.2499999 4.000001 7C657E 1.05
8.400001 0.2499999 4.000001 7D6E85 1.05
7.350001 0.2499999 4.000001 72647F 1.05
6.300001 0.2499999 4.000001 84788F 1.05
5.25 0.2499999 4 7A6E88 1.05
4.2 0.2499999 4 7C6F89 1.05
3.150001 0.2499999 4 7D718B 1.05
2.1 0.2499999 4 796E89 1.05
1.05 0.2499999 4 7C708B 1.05
0 0.2499999 4 857991 1.05
-1.05 0.2499999 4 786E8A 1.05
-2.1 0.2499999 4 7E728B 1.05
-3.150001 0.2499999 4 857790 1.05
-4.2 0.2499999 4 796D87 1.05
-5.25 0.2499999 4 7C6F88 1.05
-6.300001 0.2499999 3.999999 776A85 1.05
-7.350001 0.2499999 3.999999 83748B 1.05
-8.400001 0.2499999 3.999999 7B6A82 1.05
-9.450001 0.2499999 3.999999 7C6B82 1.05
-10.5 0.2499999 3.999999 7C4E68 1.05
10.5 1.3 4.000001 D5CBCA 1.05
-10.5 1.3 3.999999 CEBCBA 1.05
10.5 6.55 4.000001 403B5C 1.05
-10.5 2.35 3.999999 A9979E 1.05
10.5 3.4 4.000001 1F1E34 1.05
-10.5 3.4 3.999999 A6959E 1.05
10.5 4.45 4.000001 1F263E 1.05
-10.5 4.45 3.999999 AB9CA3 1.05
10.5 5.5 4.000001 C8BEBF 1.05
-10.5 5.5 3.999999 C0B0AF 1.05
9.450001 7.599999 4.000001 9D97BA 1.05
10.5 7.599999 4.000001 A09ABD 1.05
-9.450001 7.599999 3.999999 A19BBE 1.05
-10.5 7.599999 3.999999 9991B5 1.05
6.300001 8.65 4.000001 9E97BB 1.05
8.400001 7.599999 4.000001 9F99BC 1.05
7.350001 8.65 4.000001 9D97BA 1.05
-7.350001 8.65 3.999999 9E97BA 1.05
-6.300001 8.65 3.999999 A19ABD 1.05
-8.400001 7.599999 3.999999 A49EC0 1.05
4.2 9.7 4 A09ABD 1.05
5.25 8.65 4 9F99BC 1.05
-4.2 9.7 4 9E98BB 1.05
-5.25 8.65 4 9F99BC 1.05
1.05 10.75 4 9F98BB 1.05
3.150001 9.7 4 A29BBE 1.05
2.1 10.75 4 A29CBF 1.05
-2.1 10.75 4 A19BBE 1.05
-1.05 10.75 4 A29CBF 1.05
-3.150001 9.7 4 A29CBF 1.05
0 10.75 4 9F99BC 1.05
11.55 6.55 5.050001 585074 1.05
10.5 0.2499999 5.050001 3A1F31 1.05
-11.55 6.55 5.049999 5B5173 1.05
10.5 6.55 5.050001 453F61 1.05
9.450001 0.2499999 5.050001 816B82 1.05
8.400001 0.2499999 5.050001 796D85 1.05
7.350001 0.2499999 5.050001 7B6E87 1.05
6.300001 0.2499999 5.050001 887A90 1.05
5.25 0.2499999 5.050001 756A85 1.05
4.2 0.2499999 5.050001 746885 1.05
3.150001 0.2499999 5.050001 7C718B 1.05
2.1 0.2499999 5.05 756A87 1.05
1.05 0.2499999 5.05 786D89 1.05
-1.192093E-07 0.2499999 5.05 796D89 1.05
-1.05 0.2499999 5.05 7F738C 1.05
-2.1 0.2499999 5.05 7A6E89 1.05
-3.150001 0.2499999 5.05 7E708A 1.05
-4.2 0.2499999 5.05 7B6F8A 1.05
-5.25 0.2499999 5.05 766A86 1.05
-6.300001 0.2499999 5.049999 7D718A 1.05
-7.350001 0.2499999 5.049999 7C6F87 1.05
-8.400001 0.2499999 5.049999 7B6C84 1.05
-9.450001 0.2499999 5.049999 79657D 1.05
-10.5 0.2499999 5.049999 804D67 1.05
10.5 1.3 5.050001 DBD0CD 1.05
-10.5 1.3 5.049999 D0BEBB 1.05
10.5 2.35 5.050001 C7BCBD 1.05
10.5 3.4 5.050001 B8ADAF 1.05
10.5 4.45 5.050001 BBAEB0 1.05
10.5 5.5 5.050001 C5BABB 1.05
-10.5 5.5 5.049999 B8A7A8 1.05
9.450001 7.599999 5.050001 9B94B8 1.05
10.5 7.599999 5.050001 9D97BA 1.05
-9.450001 7.599999 5.049999 9A93B7 1.05
-10.5 7.599999 5.049999 9E98BB 1.05
6.300001 8.65 5.050001 9892B5 1.05
8.400001 7.599999 5.050001 9992B6 1.05
7.350001 8.65 5.050001 A09ABD 1.05
-7.350001 8.65 5.049999 9F99BC 1.05
-6.300001 8.65 5.049999 A19BBD 1.05
-8.400001 7.599999 5.049999 A19BBE 1.05
4.2 9.7 5.050001 A19BBD 1.05
5.25 8.65 5.050001 9E97BB 1.05
-4.2 9.7 5.05 A39DBF 1.05
-5.25 8.65 5.05 9F99BC 1.05
1.05 10.75 5.05 A29CBF 1.05
3.150001 9.7 5.050001 A19BBE 1.05
2.1 10.75 5.05 A09ABD 1.05
-2.1 10.75 5.05 A099BC 1.05
-1.05 10.75 5.05 A29CBE 1.05
-3.150001 9.7 5.05 A6A1C3 1.05
-1.192093E-07 10.75 5.05 9F99BC 1.05
11.55 6.55 6.1 585074 1.05
10.5 0.2499999 6.1 361E30 1.05
-10.5 2.35 6.099998 684E63 1.05
-11.55 6.55 6.099998 5A5072 1.05
10.5 6.55 6.1 433D5E 1.05
9.450001 0.2499999 6.1 7F6A81 1.05
8.400001 0.2499999 6.1 7C6E85 1.05
7.35 0.2499999 6.1 7B6F88 1.05
6.300001 0.2499999 6.1 736985 1.05
5.25 0.2499999 6.1 796E88 1.05
4.2 0.2499999 6.1 716682 1.05
3.15 0.2499999 6.1 7E738D 1.05
2.1 0.2499999 6.1 7C708A 1.05
1.05 0.2499999 6.1 786C88 1.05
-2.384186E-07 0.2499999 6.1 7A6F8A 1.05
-1.05 0.2499999 6.1 776C8A 1.05
-2.1 0.2499999 6.099998 766B88 1.05
-3.150001 0.2499999 6.099998 7D718A 1.05
-4.200001 0.2499999 6.1 7D718C 1.05
-5.250001 0.2499999 6.1 7D718B 1.05
-6.300001 0.2499999 6.099998 7B6D86 1.05
-7.350001 0.2499999 6.099998 7B6F87 1.05
-8.400001 0.2499999 6.099998 7A6B83 1.05
-9.450001 0.2499999 6.099998 7C6981 1.05
-10.5 0.2499999 6.099998 7D4B66 1.05
10.5 1.3 6.1 D4C4C3 1.05
-10.5 1.3 6.099998 C7B1AE 1.05
10.5 2.35 6.1 D0C7C7 1.05
10.5 3.4 6.1 D0C8C7 1.05
-10.5 3.4 6.099998 1F1E34 1.05
10.5 4.45 6.1 CCC2C2 1.05
-10.5 4.45 6.099998 1F233A 1.05
10.5 5.5 6.1 C1B6B9 1.05
-10.5 5.5 6.099998 A599A7 1.05
9.450001 7.599999 6.1 9993B7 1.05
10.5 7.599999 6.1 9C95B9 1.05
-9.450001 7.599999 6.099998 9C96B9 1.05
-10.5 7.599999 6.099998 9E97BA 1.05
6.300001 8.65 6.1 9791B5 1.05
8.400001 7.599999 6.1 9A93B8 1.05
7.35 8.65 6.1 9690B4 1.05
-7.350001 8.65 6.099998 A09ABD 1.05
-6.300001 8.65 6.099998 A29BBE 1.05
-8.400001 7.599999 6.099998 9E97BA 1.05
4.2 9.7 6.1 A19BBE 1.05
5.25 8.65 6.1 9D96BA 1.05
-4.200001 9.7 6.1 A09ABD 1.05
-5.250001 8.65 6.1 A19BBD 1.05
1.05 10.75 6.1 A29CBF 1.05
3.15 9.7 6.1 9E98BB 1.05
2.1 10.75 6.1 A19BBE 1.05
-2.1 10.75 6.099998 A39CBF 1.05
-1.05 10.75 6.1 A19BBE 1.05
-3.150001 9.7 6.099998 A09ABD 1.05
-2.384186E-07 10.75 6.1 9E98BB 1.05
11.55 6.55 7.150002 585073 1.05
10.5 0.2499999 7.150002 391F31 1.05
-10.5 2.35 7.15 6C4E61 1.05
-11.55 6.55 7.15 5D5375 1.05
10.5 6.55 7.150002 453F61 1.05
9.450001 0.2499999 7.150002 6E5F79 1.05
8.4 0.2499999 7.150002 756982 1.05
7.35 0.2499999 7.150002 766A85 1.05
6.300001 0.2499999 7.150002 7D7189 1.05
5.25 0.2499999 7.150002 7B708A 1.05
4.2 0.2499999 7.150002 786B87 1.05
3.15 0.2499999 7.150002 81748E 1.05
2.1 0.2499999 7.150002 827690 1.05
1.05 0.2499999 7.150002 7D718B 1.05
-4.768372E-07 0.2499999 7.150002 7D728C 1.05
-1.050001 0.2499999 7.150002 786C88 1.05
-2.100001 0.2499999 7.150002 786D89 1.05
-3.150001 0.2499999 7.15 7B6F89 1.05
-4.200001 0.2499999 7.15 7B6F89 1.05
-5.250001 0.2499999 7.15 7C7089 1.05
-6.300002 0.2499999 7.15 7F728A 1.05
-7.350001 0.2499999 7.15 7C6F88 1.05
-8.400002 0.2499999 7.15 7A6D86 1.05
-9.450001 0.2499999 7.15 79677F 1.05
-10.5 0.2499999 7.15 7E4D67 1.05
10.5 1.3 7.150002 96BADB 1.05
-10.5 1.3 7.15 BFA9A8 1.05
10.5 2.35 7.150002 1F263F 1.05
10.5 3.4 7.150002 1F263E 1.05
-10.5 3.4 7.15 1F1E33 1.05
10.5 4.45 7.150002 1F243C 1.05
-10.5 4.45 7.15 20263F 1.05
10.5 5.5 7.150002 CAC0C1 1.05
-10.5 5.5 7.15 9B8D9D 1.05
9.450001 7.599999 7.150002 9B95B9 1.05
10.5 7.599999 7.150002 9C95B9 1.05
-9.450001 7.599999 7.15 9F99BC 1.05
-10.5 7.599999 7.15 A19BBE 1.05
8.4 8.65 7.150002 BEC1D1 1.05
8.4 7.599999 7.150002 8A84AA 1.05
7.35 8.65 9.250002 9EA0B8 1.05
6.300001 8.65 7.150002 8780A5 1.05
-7.350001 8.65 7.15 A39DC0 1.05
-6.300002 8.65 7.15 A19BBE 1.05
-8.400002 7.599999 7.15 9B94B7 1.05
8.4 9.7 7.150002 B9BBCA 1.05
7.35 9.7 9.250002 A2A4BB 1.05
4.2 9.7 7.150002 9B95B8 1.05
5.25 8.65 7.150002 9C96B9 1.05
-4.200001 9.7 7.15 A39DC0 1.05
-5.250001 8.65 7.15 A29CBE 1.05
8.4 10.75 7.150002 B7B9C8 1.05
7.35 10.75 9.250002 ADB0C5 1.05
1.05 10.75 7.150002 A09ABD 1.05
3.15 9.7 7.150002 A19BBE 1.05
2.1 10.75 7.150002 9E98BB 1.05
-2.100001 10.75 7.150002 A49EC1 1.05
-1.050001 10.75 7.150002 A09ABD 1.05
-3.150001 9.7 7.15 A09ABD 1.05
8.4 11.8 7.150002 ACADBE 1.05
7.35 11.8 9.250002 ACAFC4 1.05
-4.768372E-07 10.75 7.150002 A09ABD 1.05
7.35 12.85 7.150002 E4E8EF 1.05
11.55 6.55 8.200001 575073 1.05
10.5 0.2499999 8.200001 3F1F31 1.05
-10.5 2.35 8.200001 6B5366 1.05
-11.55 6.55 8.199999 5D5375 1.05
10.5 6.55 8.200001 484163 1.05
9.450001 0.2499999 8.200001 75677F 1.05
8.4 0.2499999 8.200001 6F647E 1.05
7.35 0.2499999 8.200001 83768B 1.05
6.300001 0.2499999 8.200001 7A6F89 1.05
5.25 0.2499999 8.200001 7A6F89 1.05
4.2 0.2499999 8.200001 80748D 1.05
3.15 0.2499999 8.200001 7C718B 1.05
2.1 0.2499999 8.200001 7E738D 1.05
1.05 0.2499999 8.200001 7C7089 1.05
-4.768372E-07 0.2499999 8.200001 7D728C 1.05
-1.050001 0.2499999 8.200001 7C718B 1.05
-2.100001 0.2499999 8.200001 796D89 1.05
-3.150001 0.2499999 8.200001 7C708A 1.05
-4.200001 0.2499999 8.199999 7A6D88 1.05
-5.250001 0.2499999 8.200001 776B85 1.05
-6.300002 0.2499999 8.199999 81758C 1.05
-7.350001 0.2499999 8.199999 7C7087 1.05
-8.400002 0.2499999 8.200001 7B6B83 1.05
-9.450001 0.2499999 8.199999 7B647D 1.05
-10.5 0.2499999 8.200001 84506A 1.05
10.5 1.3 8.200001 A8C3DD 1.05
-10.5 1.3 8.200001 C9B5B2 1.05
10.5 2.35 8.200001 222A44 1.05
10.5 3.4 8.200001 212841 1.05
-10.5 3.4 8.200001 2E2C43 1.05
10.5 4.45 8.200001 1F253E 1.05
-10.5 4.45 8.200001 1F233A 1.05
10.5 5.5 8.200001 CAC0C0 1.05
-10.5 5.5 8.200001 A89AA7 1.05
9.450001 7.599999 8.200001 9690B4 1.05
10.5 7.599999 8.200001 9B95B8 1.05
-9.450001 7.599999 8.199999 A19BBD 1.05
-10.5 7.599999 8.200001 A09ABD 1.05
6.300001 8.65 8.200001 8982A8 1.05
8.4 7.599999 8.200001 8F89AF 1.05
7.35 8.65 8.200001 777199 1.05
-7.350001 8.65 8.199999 A9A3C5 1.05
-6.300002 8.65 8.199999 A099BC 1.05
-8.400002 7.599999 8.200001 A19ABD 1.05
4.2 9.7 8.200001 9C95B9 1.05
7.35 9.7 8.200001 9FA0B7 1.05
5.25 8.65 8.200001 9993B7 1.05
-4.200001 9.7 8.199999 A19BBE 1.05
-5.250001 8.65 8.200001 A09ABD 1.05
1.05 10.75 8.200001 A8A3C5 1.05
7.35 10.75 8.200001 AEB1C6 1.05
3.15 9.7 8.200001 A39DC0 1.05
2.1 10.75 8.200001 9F99BC 1.05
-2.100001 10.75 8.200001 A09ABD 1.05
-1.050001 10.75 8.200001 A19BBE 1.05
-3.150001 9.7 8.200001 A29CBE 1.05
7.35 11.8 8.200001 ACAFC4 1.05
-4.768372E-07 10.75 8.200001 A29CBF 1.05
8.4 11.8 8.200001 E2E6ED 1.05
11.55 6.55 9.250002 574F73 1.05
10.5 0.2499999 9.250002 341E30 1.05
-11.55 6.55 9.25 594F71 1.05
10.5 6.55 9.250002 464062 1.05
9.450001 0.2499999 9.250002 807085 1.05
8.4 0.2499999 9.250002 7F7186 1.05
7.35 0.2499999 9.250002 7A6C85 1.05
6.300001 0.2499999 9.250002 7C7088 1.05
5.25 0.2499999 9.25 80748A 1.05
4.2 0.2499999 9.25 81748C 1.05
3.15 0.2499999 9.25 786C86 1.05
2.1 0.2499999 9.25 7A6F89 1.05
1.05 0.2499999 9.25 7A6D88 1.05
-4.768372E-07 0.2499999 9.25 7F738D 1.05
-1.050001 0.2499999 9.25 796D88 1.05
-2.100001 0.2499999 9.25 7D728B 1.05
-3.150001 0.2499999 9.25 81758E 1.05
-4.200001 0.2499999 9.25 82768E 1.05
-5.250001 0.2499999 9.25 7C7088 1.05
-6.300002 0.2499999 9.25 7F7189 1.05
-7.350001 0.2499999 9.25 7B6E86 1.05
-8.400002 0.2499999 9.25 7E7086 1.05
-9.450001 0.2499999 9.25 81687E 1.05
-10.5 0.2499999 9.25 82536B 1.05
10.5 1.3 9.250002 E3DCDA 1.05
-10.5 1.3 9.25 CEBDBA 1.05
10.5 2.35 9.250002 DBD4D3 1.05
-10.5 2.35 9.25 D3C7C4 1.05
10.5 3.4 9.250002 DDD6D4 1.05
-10.5 3.4 9.25 D0C4C2 1.05
10.5 4.45 9.250002 DDD6D4 1.05
-10.5 4.45 9.25 D2C7C4 1.05
10.5 5.5 9.250002 C7BCBD 1.05
-10.5 5.5 9.25 BCADAE 1.05
9.450001 7.599999 9.250002 9A94B7 1.05
10.5 7.599999 9.250002 9B95B8 1.05
-9.450001 7.599999 9.25 9D96B9 1.05
-10.5 7.599999 9.25 9E98BB 1.05
6.300001 8.65 9.250002 8A83AA 1.05
8.4 7.599999 9.250002 8F89AE 1.05
-7.350001 8.65 9.25 A29CBF 1.05
-6.300002 8.65 9.25 9E97BA 1.05
-8.400002 7.599999 9.25 9E98BB 1.05
4.2 9.7 9.25 9E98BB 1.05
5.25 8.65 9.25 9E98BC 1.05
-4.200001 9.7 9.25 A099BC 1.05
-5.250001 8.65 9.25 A6A0C3 1.05
1.05 10.75 9.25 A19BBE 1.05
3.15 9.7 9.25 A09ABD 1.05
2.1 10.75 9.25 A19BBD 1.05
-2.100001 10.75 9.25 A19BBE 1.05
-1.050001 10.75 9.25 9A93B6 1.05
-3.150001 9.7 9.25 A09ABD 1.05
-4.768372E-07 10.75 9.25 A19ABD 1.05
11.55 6.55 10.3 554E71 1.05
10.5 0.2499999 10.3 3E2031 1.05
-11.55 6.55 10.3 5B5274 1.05
10.5 6.55 10.3 433D5F 1.05
9.45 0.2499999 10.3 8B7488 1.05
8.4 0.2499999 10.3 827589 1.05
7.35 0.2499999 10.3 81748A 1.05
6.3 0.2499999 10.3 7A6D85 1.05
5.25 0.2499999 10.3 776B84 1.05
4.199999 0.2499999 10.3 786D87 1.05
3.15 0.2499999 10.3 7B6F89 1.05
2.099999 0.2499999 10.3 7E728A 1.05
1.049999 0.2499999 10.3 7F738C 1.05
-9.536743E-07 0.2499999 10.3 7B708A 1.05
-1.050001 0.2499999 10.3 7B7089 1.05
-2.100001 0.2499999 10.3 7E718B 1.05
-3.150002 0.2499999 10.3 7D7089 1.05
-4.200001 0.2499999 10.3 6F647F 1.05
-5.250001 0.2499999 10.3 80748C 1.05
-6.300002 0.2499999 10.3 80748A 1.05
-7.350002 0.2499999 10.3 84758A 1.05
-8.400002 0.2499999 10.3 87778B 1.05
-9.450002 0.2499999 10.3 77637B 1.05
-10.5 0.2499999 10.3 7D4B66 1.05
10.5 1.3 10.3 D4C8C6 1.05
-10.5 1.3 10.3 D6C7C4 1.05
10.5 2.35 10.3 D5CDCC 1.05
-10.5 2.35 10.3 CFC3C1 1.05
10.5 3.4 10.3 D3CBCA 1.05
-10.5 3.4 10.3 CFC3C1 1.05
10.5 4.45 10.3 D3CBCA 1.05
-10.5 4.45 10.3 D4C9C6 1.05
10.5 5.5 10.3 B5A9AD 1.05
-10.5 5.5 10.3 BCACAD 1.05
9.45 7.599999 10.3 9892B6 1.05
10.5 7.599999 10.3 9A93B7 1.05
-9.450002 7.599999 10.3 A19ABD 1.05
-10.5 7.599999 10.3 9F98BB 1.05
8.4 8.65 10.3 BBBDCC 1.05
8.4 7.599999 10.3 8982A7 1.05
7.35 8.65 10.3 41416B 1.05
6.3 8.65 10.3 847DA4 1.05
-7.350002 8.65 10.3 9E97BB 1.05
-6.300002 8.65 10.3 A19BBE 1.05
-8.400002 7.599999 10.3 A19BBE 1.05
8.4 9.7 10.3 BDBFCE 1.05
4.199999 9.7 10.3 9F99BC 1.05
7.35 9.7 10.3 B3B5CA 1.05
5.25 8.65 10.3 9993B7 1.05
-4.200001 9.7 10.3 9F99BC 1.05
-5.250001 8.65 10.3 A19BBE 1.05
8.4 10.75 10.3 B9BBC9 1.05
1.049999 10.75 10.3 9F99BC 1.05
7.35 10.75 10.3 C0C4D4 1.05
3.15 9.7 10.3 9E98BB 1.05
2.099999 10.75 10.3 A49EC0 1.05
-2.100001 10.75 10.3 9F99BC 1.05
-1.050001 10.75 10.3 A29CBF 1.05
-3.150002 9.7 10.3 A6A0C3 1.05
8.4 11.8 10.3 B2B4C3 1.05
7.35 11.8 10.3 B9BDCE 1.05
-9.536743E-07 10.75 10.3 A099BC 1.05
7.35 12.85 10.3 E6EBF1 1.05
11.55 6.55 11.35 585073 1.05
10.5 0.2499999 11.35 3F2031 1.05
-11.55 6.55 11.35 574E70 1.05
9.45 0.2499999 11.35 907588 1.05
8.4 0.2499999 11.35 837187 1.05
7.35 0.2499999 11.35 7E6F86 1.05
6.3 0.2499999 11.35 7E7087 1.05
5.25 0.2499999 11.35 80758B 1.05
4.199999 0.2499999 11.35 796C85 1.05
3.15 0.2499999 11.35 7E7188 1.05
2.099999 0.2499999 11.35 7D7089 1.05
1.049999 0.2499999 11.35 7C6E87 1.05
-9.536743E-07 0.2499999 11.35 7A6D87 1.05
-1.050001 0.2499999 11.35 7A6C86 1.05
-2.100001 0.2499999 11.35 81748B 1.05
-3.150002 0.2499999 11.35 7F738B 1.05
-4.200001 0.2499999 11.35 7D718A 1.05
-5.250001 0.2499999 11.35 7A6F86 1.05
-6.300002 0.2499999 11.35 81748B 1.05
-7.350002 0.2499999 11.35 7E7188 1.05
-8.400002 0.2499999 11.35 8E7F91 1.05
-9.450002 0.2499999 11.35 8A6F84 1.05
-10.5 0.2499999 11.35 8B566C 1.05
10.5 1.3 11.35 DCD0CE 1.05
-10.5 1.3 11.35 D8CAC6 1.05
10.5 2.35 11.35 D8D0CF 1.05
-10.5 2.35 11.35 D4CAC7 1.05
10.5 3.4 11.35 DDD6D4 1.05
-10.5 3.4 11.35 D6CAC7 1.05
10.5 4.45 11.35 D0C7C7 1.05
-10.5 4.45 11.35 D1C6C4 1.05
-10.5 5.5 11.35 B9A9AA 1.05
9.45 7.599999 11.35 9993B7 1.05
10.5 7.599999 11.35 9C96BA 1.05
-9.450002 7.599999 11.35 9D97BA 1.05
-10.5 7.599999 11.35 A29CBF 1.05
6.3 8.65 11.35 968FB3 1.05
8.4 7.599999 11.35 9690B4 1.05
7.35 8.65 11.35 938CB1 1.05
-7.350002 8.65 11.35 A09ABD 1.05
-6.300002 8.65 11.35 A09ABD 1.05
-8.400002 7.599999 11.35 9C96B9 1.05
4.199999 9.7 11.35 9D97BA 1.05
5.25 8.65 11.35 9C96BA 1.05
-4.200001 9.7 11.35 A29CBE 1.05
-5.250001 8.65 11.35 9E98BB 1.05
1.049999 10.75 11.35 A39DC0 1.05
3.15 9.7 11.35 A09ABD 1.05
2.099999 10.75 11.35 9F98BB 1.05
-2.100001 10.75 11.35 A09ABD 1.05
-1.050001 10.75 11.35 A099BC 1.05
-3.150002 9.7 11.35 A39DBF 1.05
-9.536743E-07 10.75 11.35 A29CBE 1.05
11.55 6.55 12.4 564F72 1.05
10.5 0.2499999 12.4 3E2031 1.05
-11.55 6.55 12.4 584F71 1.05
10.5 4.45 12.4 2F2D4B 1.05
9.45 0.2499999 12.4 877185 1.05
8.4 0.2499999 12.4 817286 1.05
7.35 0.2499999 12.4 84778C 1.05
6.3 0.2499999 12.4 7A6E86 1.05
5.25 0.2499999 12.4 776B84 1.05
4.199999 0.2499999 12.4 736882 1.05
3.15 0.2499999 12.4 7B6F87 1.05
2.099999 0.2499999 12.4 86788E 1.05
1.049999 0.2499999 12.4 7D6E86 1.05
-9.536743E-07 0.2499999 12.4 786A84 1.05
-1.050001 0.2499999 12.4 83788E 1.05
-2.100001 0.2499999 12.4 7B7089 1.05
-3.150002 0.2499999 12.4 7B6E87 1.05
-4.200001 0.2499999 12.4 7E6F86 1.05
-5.250001 0.2499999 12.4 83758B 1.05
-6.300002 0.2499999 12.4 7F7288 1.05
-7.350002 0.2499999 12.4 7B6F84 1.05
-8.400002 0.2499999 12.4 907D8F 1.05
-9.450002 0.2499999 12.4 867184 1.05
-10.5 0.2499999 12.4 7E4D66 1.05
10.5 1.3 12.4 DBCFCC 1.05
-10.5 1.3 12.4 CEBCB9 1.05
-10.5 2.35 12.4 D2C8C5 1.05
10.5 3.4 12.4 DDD6D4 1.05
-10.5 3.4 12.4 D8CFCC 1.05
-10.5 4.45 12.4 D3C8C6 1.05
10.5 5.5 12.4 BBAFB2 1.05
10.5 6.55 12.4 453F61 1.05
-10.5 5.5 12.4 B6A6A7 1.05
9.45 7.599999 12.4 9B94B8 1.05
10.5 7.599999 12.4 9E98BB 1.05
-9.450002 7.599999 12.4 9D96BA 1.05
-10.5 7.599999 12.4 9C95B8 1.05
6.3 8.65 12.4 9B95B9 1.05
8.4 7.599999 12.4 9C96BA 1.05
7.35 8.65 12.4 9D97BA 1.05
-7.350002 8.65 12.4 A19BBE 1.05
-6.300002 8.65 12.4 A29CBE 1.05
-8.400002 7.599999 12.4 A09ABD 1.05
4.199999 9.7 12.4 A09ABD 1.05
5.25 8.65 12.4 9E98BC 1.05
-4.200001 9.7 12.4 A09ABD 1.05
-5.250001 8.65 12.4 A29BBE 1.05
1.049999 10.75 12.4 9F99BC 1.05
3.15 9.7 12.4 A59FC1 1.05
2.099999 10.75 12.4 A29CBF 1.05
-2.100001 10.75 12.4 A19BBE 1.05
-1.050001 10.75 12.4 AAA4C6 1.05
-3.150002 9.7 12.4 A29CBE 1.05
-9.536743E-07 10.75 12.4 A29CBE 1.05
11.55 6.55 13.45 585074 1.05
10.5 0.2499999 13.45 462132 1.05
-11.55 6.55 13.45 5B5174 1.05
10.5 1.3 13.45 2F2944 1.05
9.45 0.2499999 13.45 886A7E 1.05
8.4 0.2499999 13.45 806C81 1.05
7.35 0.2499999 13.45 786C84 1.05
6.3 0.2499999 13.45 6B5B76 1.05
5.25 0.2499999 13.45 766982 1.05
4.199999 0.2499999 13.45 7F7288 1.05
3.15 0.2499999 13.45 7D6F86 1.05
2.099999 0.2499999 13.45 716580 1.05
1.049999 0.2499999 13.45 847188 1.05
-9.536743E-07 0.2499999 13.45 7C6D85 1.05
-1.050001 0.2499999 13.45 7B6C83 1.05
-2.100001 0.2499999 13.45 716680 1.05
-3.150002 0.2499999 13.45 766881 1.05
-4.200001 0.2499999 13.45 7B6C84 1.05
-5.250001 0.2499999 13.45 7C6C84 1.05
-6.300002 0.2499999 13.45 796981 1.05
-7.350002 0.2499999 13.45 7C7086 1.05
-8.400002 0.2499999 13.45 78697F 1.05
-9.450002 0.2499999 13.45 886F82 1.05
-10.5 0.2499999 13.45 8F5268 1.05
-10.5 1.3 13.45 D7C7C4 1.05
10.5 2.35 13.45 E7AB66 1.05
10.5 6.55 13.45 413C5D 1.05
-10.5 2.35 13.45 D8CECB 1.05
-10.5 3.4 13.45 D7CDCA 1.05
-10.5 4.45 13.45 D5CBC8 1.05
10.5 5.5 13.45 BFB3B5 1.05
-10.5 5.5 13.45 C1B2B2 1.05
9.45 7.599999 13.45 9B94B8 1.05
10.5 7.599999 13.45 9E98BB 1.05
-9.450002 7.599999 13.45 A19ABD 1.05
-10.5 7.599999 13.45 9F98BB 1.05
6.3 8.65 13.45 A09ABD 1.05
8.4 7.599999 13.45 9C96BA 1.05
7.35 8.65 13.45 A19BBE 1.05
-7.350002 8.65 13.45 A29CBE 1.05
-6.300002 8.65 13.45 A29BBE 1.05
-8.400002 7.599999 13.45 A29CBE 1.05
4.199999 9.7 13.45 A39DBF 1.05
5.25 8.65 13.45 A19BBE 1.05
-4.200001 9.7 13.45 A29CBE 1.05
-5.250001 8.65 13.45 A19BBE 1.05
1.049999 10.75 13.45 A39DC0 1.05
3.15 9.7 13.45 9F98BC 1.05
2.099999 10.75 13.45 A09ABD 1.05
-2.100001 10.75 13.45 A49EC1 1.05
-1.050001 10.75 13.45 A19BBE 1.05
-3.150002 9.7 13.45 A19BBE 1.05
-9.536743E-07 10.75 13.45 A099BC 1.05
11.55 6.55 14.5 585074 1.05
10.5 0.2499999 14.5 371F30 1.05
9.45 0.2499999 14.5 452132 1.05
8.4 0.2499999 14.5 3D1F31 1.05
7.35 0.2499999 14.5 3C1F31 1.05
6.3 0.2499999 14.5 3F2031 1.05
5.25 0.2499999 14.5 3D1F31 1.05
4.199999 0.2499999 14.5 3F2031 1.05
3.15 0.2499999 14.5 3B1F31 1.05
2.099999 0.2499999 14.5 3D1F31 1.05
1.049999 0.2499999 14.5 3E2031 1.05
-9.536743E-07 0.2499999 14.5 3D2031 1.05
-1.050001 0.2499999 14.5 3B1F31 1.05
-2.100001 0.2499999 14.5 3D2031 1.05
-3.150002 0.2499999 14.5 3E1F31 1.05
-4.200001 0.2499999 14.5 381F30 1.05
-5.250001 0.2499999 14.5 402031 1.05
-6.300002 0.2499999 14.5 391F31 1.05
-7.350002 0.2499999 14.5 3F2031 1.05
-8.400002 0.2499999 14.5 3E2031 1.05
-9.450002 0.2499999 14.5 3B1F31 1.05
-10.5 0.2499999 14.5 3B1F31 1.05
-11.55 6.55 14.5 5C5375 1.05
10.5 6.55 14.5 4A4366 1.05
10.5 1.3 14.5 DDD1CE 1.05
9.45 1.3 14.5 CC3D43 1.05
8.4 1.3 14.5 772B3C 1.05
-1.050001 1.3 14.5 BFACAE 1.05
7.35 1.3 14.5 6E2A3C 1.05
6.3 1.3 14.5 752B3C 1.05
5.25 1.3 14.5 732B3C 1.05
4.199999 1.3 14.5 6C2A3C 1.05
3.15 1.3 14.5 722B3C 1.05
2.099999 1.3 14.5 702A3C 1.05
1.049999 1.3 14.5 922E3C 1.05
-9.536743E-07 1.3 14.5 CB3D43 1.05
-2.100001 1.3 14.5 6E2A3C 1.05
-3.150002 1.3 14.5 7B2C3D 1.05
-4.200001 1.3 14.5 782B3C 1.05
-5.250001 1.3 14.5 6E2A3C 1.05
-6.300002 1.3 14.5 7B2D3E 1.05
-7.350002 1.3 14.5 772B3C 1.05
-8.400002 1.3 14.5 742B3C 1.05
-9.450002 1.3 14.5 C93C42 1.05
-10.5 1.3 14.5 E54B4A 1.05
10.5 2.35 14.5 DCD4D2 1.05
9.45 2.35 14.5 D7CECD 1.05
8.4 2.35 14.5 C3B7B8 1.05
-1.050001 2.35 14.5 BEB2B5 1.05
7.35 2.35 14.5 C8BEBE 1.05
6.3 2.35 14.5 C4BABC 1.05
5.25 2.35 14.5 C5BABC 1.05
4.199999 2.35 14.5 C8BEBF 1.05
3.15 2.35 14.5 BDB2B5 1.05
2.099999 2.35 14.5 C6BCBD 1.05
1.049999 2.35 14.5 C1B6B7 1.05
-9.536743E-07 2.35 14.5 D6CECD 1.05
-2.100001 2.35 14.5 C1B6B8 1.05
-3.150002 2.35 14.5 C6BCBE 1.05
-4.200001 2.35 14.5 C2B8B9 1.05
-5.250001 2.35 14.5 C7BDBE 1.05
-6.300002 2.35 14.5 C3B9BA 1.05
-7.350002 2.35 14.5 C9C0C2 1.05
-8.400002 2.35 14.5 C2B7B9 1.05
-9.450002 2.35 14.5 D2CAC8 1.05
-10.5 2.35 14.5 DFD9D7 1.05
10.5 3.4 14.5 E0D8D6 1.05
9.45 3.4 14.5 D9D2D0 1.05
8.4 3.4 14.5 C3B8B9 1.05
-1.050001 3.4 14.5 B7ABB0 1.05
7.35 3.4 14.5 C1B6B7 1.05
6.3 3.4 14.5 CAC0C0 1.05
5.25 3.4 14.5 C3B8BA 1.05
4.199999 3.4 14.5 C4B9BA 1.05
3.15 3.4 14.5 BEB3B6 1.05
2.099999 3.4 14.5 C4B9BA 1.05
1.049999 3.4 14.5 C0B5B6 1.05
-9.536743E-07 3.4 14.5 D6CECD 1.05
-2.100001 3.4 14.5 C2B6B7 1.05
-3.150002 3.4 14.5 C4B8B9 1.05
-4.200001 3.4 14.5 C3B8B9 1.05
-5.250001 3.4 14.5 C1B6B8 1.05
-6.300002 3.4 14.5 C5BABB 1.05
-7.350002 3.4 14.5 BFB4B6 1.05
-8.400002 3.4 14.5 C0B5B7 1.05
-9.450002 3.4 14.5 CEC4C4 1.05
-10.5 3.4 14.5 DFD8D6 1.05
10.5 4.45 14.5 DAD3D1 1.05
9.45 4.45 14.5 D7D0CE 1.05
8.4 4.45 14.5 262840 1.05
-1.050001 4.45 14.5 C3B8BA 1.05
7.35 4.45 14.5 24273F 1.05
6.3 4.45 14.5 22263E 1.05
5.25 4.45 14.5 20253C 1.05
4.199999 4.45 14.5 20243C 1.05
3.15 4.45 14.5 20243C 1.05
2.099999 4.45 14.5 1F233A 1.05
1.049999 4.45 14.5 BDB2B4 1.05
-9.536743E-07 4.45 14.5 DAD2D1 1.05
-2.100001 4.45 14.5 1F233A 1.05
-3.150002 4.45 14.5 22253C 1.05
-4.200001 4.45 14.5 21253C 1.05
-5.250001 4.45 14.5 21253C 1.05
-6.300002 4.45 14.5 22253D 1.05
-7.350002 4.45 14.5 21253C 1.05
-8.400002 4.45 14.5 23263D 1.05
-9.450002 4.45 14.5 D2CAC9 1.05
-10.5 4.45 14.5 DFD8D6 1.05
10.5 5.5 14.5 D3CAC9 1.05
9.45 5.5 14.5 E5E0DE 1.05
8.4 5.5 14.5 E9E5E4 1.05
7.35 5.5 14.5 ECE8E7 1.05
6.3 5.5 14.5 EEEBEA 1.05
5.25 5.5 14.5 EBE7E6 1.05
4.199999 5.5 14.5 EEEAE9 1.05
3.15 5.5 14.5 EDE9E8 1.05
2.099999 5.5 14.5 EAE5E5 1.05
1.049999 5.5 14.5 EDE9E8 1.05
-9.536743E-07 5.5 14.5 E1DBD8 1.05
-1.050001 5.5 14.5 EAE6E5 1.05
-2.100001 5.5 14.5 EAE6E5 1.05
-3.150002 5.5 14.5 EBE7E6 1.05
-4.200001 5.5 14.5 EEEBE9 1.05
-5.250001 5.5 14.5 F0ECEB 1.05
-6.300002 5.5 14.5 EBE7E6 1.05
-7.350002 5.5 14.5 ECE8E7 1.05
-8.400002 5.5 14.5 ECE9E8 1.05
-9.450002 5.5 14.5 E4DFDC 1.05
-10.5 5.5 14.5 DDD7D4 1.05
9.45 6.55 14.5 E0DAD8 1.05
8.4 6.55 14.5 DFD9D7 1.05
7.35 6.55 14.5 E1DBD9 1.05
6.3 6.55 14.5 E3DDDB 1.05
5.25 6.55 14.5 E3DDDA 1.05
4.199999 6.55 14.5 E3DEDB 1.05
3.15 6.55 14.5 E2DDDA 1.05
2.099999 6.55 14.5 E3DDDB 1.05
1.049999 6.55 14.5 E3DDDA 1.05
-9.536743E-07 6.55 14.5 E2DCDA 1.05
-1.050001 6.55 14.5 E2DCDA 1.05
-2.100001 6.55 14.5 E1DBD9 1.05
-3.150002 6.55 14.5 E1DBD9 1.05
-4.200001 6.55 14.5 DFD9D7 1.05
-5.250001 6.55 14.5 DFD9D7 1.05
-6.300002 6.55 14.5 E1DBD9 1.05
-7.350002 6.55 14.5 E2DCDA 1.05
-8.400002 6.55 14.5 DFD9D7 1.05
-9.450002 6.55 14.5 E4DEDB 1.05
-10.5 6.55 14.5 837A98 1.05
9.45 7.599999 14.5 9E97BA 1.05
10.5 7.599999 14.5 9D97BA 1.05
8.4 7.599999 14.5 6F678C 1.05
7.35 7.599999 14.5 DED8D6 1.05
6.3 7.599999 14.5 E0DAD8 1.05
5.25 7.599999 14.5 E3DDDB 1.05
4.199999 7.599999 14.5 DDD7D5 1.05
3.15 7.599999 14.5 E4DEDB 1.05
2.099999 7.599999 14.5 DDD7D5 1.05
1.049999 7.599999 14.5 E3DDDB 1.05
-9.536743E-07 7.599999 14.5 E1DBD9 1.05
-1.050001 7.599999 14.5 E2DCD9 1.05
-2.100001 7.599999 14.5 E2DCDA 1.05
-3.150002 7.599999 14.5 E0DAD8 1.05
-4.200001 7.599999 14.5 DDD6D4 1.05
-5.250001 7.599999 14.5 E0DAD8 1.05
-6.300002 7.599999 14.5 E2DCDA 1.05
-7.350002 7.599999 14.5 D7CFCF 1.05
-8.400002 7.599999 14.5 6E668B 1.05
-9.450002 7.599999 14.5 A39DBF 1.05
-10.5 7.599999 14.5 9E97BA 1.05
6.3 8.65 14.5 A099BD 1.05
7.35 8.65 14.5 A39DC0 1.05
5.25 8.65 14.5 71698D 1.05
4.199999 8.65 14.5 E3DDDB 1.05
3.15 8.65 14.5 DFD9D7 1.05
2.099999 8.65 14.5 E2DBD9 1.05
1.049999 8.65 14.5 DFD8D6 1.05
-9.536743E-07 8.65 14.5 E2DDDA 1.05
-1.050001 8.65 14.5 E0DBD8 1.05
-2.100001 8.65 14.5 E1DBD8 1.05
-3.150002 8.65 14.5 E0DAD8 1.05
-4.200001 8.65 14.5 DDD7D5 1.05
-5.250001 8.65 14.5 70678C 1.05
-6.300002 8.65 14.5 797196 1.05
-7.350002 8.65 14.5 A09ABD 1.05
4.199999 9.7 14.5 A19BBE 1.05
3.15 9.7 14.5 6F678C 1.05
2.099999 9.7 14.5 C6BDC2 1.05
1.049999 9.7 14.5 E0DAD8 1.05
-9.536743E-07 9.7 14.5 E2DCDA 1.05
-1.050001 9.7 14.5 E1DBD9 1.05
-2.100001 9.7 14.5 CEC6CA 1.05
-3.150002 9.7 14.5 72698E 1.05
-4.200001 9.7 14.5 A19BBE 1.05
1.049999 10.75 14.5 A19BBE 1.05
2.099999 10.75 14.5 A19BBE 1.05
-9.536743E-07 10.75 14.5 6F678C 1.05
-1.050001 10.75 14.5 7D7499 1.05
-2.100001 10.75 14.5 A29BBE 1.05
