5.04 0.1 7.880001 405E8A 0.84
5.04 0.1 7.040001 405C88 0.84
5.04 0.1 -3.04 486C99 0.84
5.04 0.1 -3.88 486D9A 0.84
5.04 0.1 -4.72 476B98 0.84
5.04 0.94 8.719999 3F5A83 0.84
5.04 0.94 7.880001 43608B 0.84
5.04 0.94 7.040001 425E89 0.84
5.04 0.94 -3.04 486D9B 0.84
5.04 0.94 -3.88 486D9A 0.84
5.04 0.94 -4.72 476B98 0.84
5.04 1.78 8.719999 364B72 0.84
5.04 1.78 7.880001 435F8A 0.84
5.04 1.78 7.040001 415C86 0.84
5.04 1.78 -3.04 476996 0.84
5.04 1.78 -3.88 496D9A 0.84
5.04 1.78 -4.72 476A97 0.84
5.04 2.62 8.719999 324469 0.84
5.04 2.62 7.880001 405982 0.84
5.04 2.62 7.040001 3F5881 0.84
5.04 2.62 -3.04 466793 0.84
5.04 2.62 -3.88 466995 0.84
5.04 2.62 -4.72 476996 0.84
5.04 3.46 8.719999 384B73 0.84
5.04 3.46 7.880001 3C5179 0.84
5.04 3.46 7.040001 3D527B 0.84
5.04 3.46 -3.04 42618C 0.84
5.04 3.46 -3.88 43618D 0.84
5.04 3.46 -4.72 446590 0.84
5.04 4.3 8.719999 324166 0.84
5.04 4.3 7.880001 37466C 0.84
5.04 4.3 7.040001 37466C 0.84
5.04 4.3 -3.04 395078 0.84
5.04 4.3 -3.88 3B537C 0.84
5.04 4.3 -4.72 3C5680 0.84
5.04 5.14 8.719999 242E4C 0.84
5.04 5.14 7.880001 2B3657 0.84
5.04 5.14 7.040001 293454 0.84
5.04 5.14 -3.04 273354 0.84
5.04 5.14 -3.88 273456 0.84
5.04 5.14 -4.72 2A375A 0.84
6.72 5.98 9.559999 445E88 0.84
6.72 5.98 8.719999 455E88 0.84
6.72 5.98 7.880001 445B85 0.84
6.72 5.98 7.040001 435A84 0.84
6.72 5.98 6.200001 425A83 0.84
6.72 5.98 5.360001 445B85 0.84
6.72 5.98 4.52 445C86 0.84
6.72 5.98 3.68 435D87 0.84
6.72 5.98 2.84 435D87 0.84
6.72 5.98 2 455F8A 0.84
6.72 5.98 1.16 45628D 0.84
6.72 5.98 0.3199997 46638F 0.84
6.72 5.98 -0.5200005 486995 0.84
6.72 5.98 -1.36 486793 0.84
6.72 5.98 -2.2 4A6D9A 0.84
6.72 5.98 -3.04 4A6E9B 0.84
6.72 5.98 -3.88 4C709E 0.84
6.72 5.98 -4.72 4C72A0 0.84
6.72 5.98 -5.56 304368 0.84
6.72 6.82 9.559999 45608B 0.84
6.72 6.82 8.719999 455F89 0.84
6.72 6.82 7.880001 46608B 0.84
6.72 6.82 7.040001 435B84 0.84
6.72 6.82 6.200001 435B85 0.84
6.72 6.82 5.360001 455E88 0.84
6.72 6.82 4.52 455D88 0.84
6.72 6.82 3.68 445E89 0.84
6.72 6.82 2.84 445E88 0.84
6.72 6.82 2 46628D 0.84
6.72 6.82 1.16 45608B 0.84
6.72 6.82 0.3199997 476591 0.84
6.72 6.82 -0.5200005 496A96 0.84
6.72 6.82 -1.36 496B97 0.84
6.72 6.82 -2.2 4A6D9A 0.84
6.72 6.82 -3.04 4B6C99 0.84
6.72 6.82 -3.88 4A6E9B 0.84
6.72 6.82 -4.72 4B6E9C 0.84
6.72 6.82 -5.56 32456B 0.84
6.72 7.66 9.559999 445C86 0.84
6.72 7.66 8.719999 465E89 0.84
6.72 7.66 7.880001 435983 0.84
6.72 7.66 7.040001 435983 0.84
6.72 7.66 6.200001 455F89 0.84
6.72 7.66 5.360001 445C87 0.84
6.72 7.66 4.52 465F89 0.84
6.72 7.66 3.68 465F8A 0.84
6.72 7.66 2.84 455F8A 0.84
6.72 7.66 2 46628D 0.84
6.72 7.66 1.16 476490 0.84
6.72 7.66 0.3199997 486692 0.84
6.72 7.66 -0.5200005 476591 0.84
6.72 7.66 -1.36 4A6C98 0.84
6.72 7.66 -2.2 4B6D99 0.84
6.72 7.66 -3.04 4C6F9C 0.84
6.72 7.66 -3.88 4D719F 0.84
6.72 7.66 -4.72 4D72A0 0.84
6.72 7.66 -5.56 32466B 0.84
6.72 8.500001 9.559999 48638F 0.84
6.72 8.500001 8.719999 465F8A 0.84
6.72 8.500001 7.880001 475F8A 0.84
6.72 8.500001 7.040001 465E88 0.84
6.72 8.500001 6.200001 47608A 0.84
6.72 8.500001 5.360001 465F89 0.84
6.72 8.500001 4.52 455C87 0.84
6.72 8.500001 3.68 47618D 0.84
6.72 8.500001 2.84 48638E 0.84
6.72 8.500001 2 46628D 0.84
6.72 8.500001 1.16 486692 0.84
6.72 8.500001 0.3199997 496894 0.84
6.72 8.500001 -0.5200005 4A6A97 0.84
6.72 8.500001 -1.36 4B6D9A 0.84
6.72 8.500001 -2.2 4A6C99 0.84
6.72 8.500001 -3.04 4C6F9C 0.84
6.72 8.500001 -3.88 4C709E 0.84
6.72 8.500001 -4.72 4E73A1 0.84
6.72 8.500001 -5.56 32456A 0.84
6.72 9.340001 9.559999 48638E 0.84
6.72 9.340001 8.719999 48628E 0.84
6.72 9.340001 7.880001 465E88 0.84
6.72 9.340001 7.040001 48618B 0.84
6.72 9.340001 6.200001 47608B 0.84
6.72 9.340001 5.360001 47608B 0.84
6.72 9.340001 4.52 47608B 0.84
6.72 9.340001 3.68 47628D 0.84
6.72 9.340001 2.84 49638F 0.84
6.72 9.340001 2 486490 0.84
6.72 9.340001 1.16 496895 0.84
6.72 9.340001 0.3199997 496894 0.84
6.72 9.340001 -0.5200005 4C6D9A 0.84
6.72 9.340001 -1.36 4B6D9A 0.84
6.72 9.340001 -2.2 4B6E9B 0.84
6.72 9.340001 -3.04 4D6F9D 0.84
6.72 9.340001 -3.88 4E73A1 0.84
6.72 9.340001 -4.72 4F75A3 0.84
6.72 9.340001 -5.56 33476D 0.84
6.72 10.18 9.559999 496591 0.84
6.72 10.18 8.719999 49628E 0.84
6.72 10.18 7.880001 475F8A 0.84
6.72 10.18 7.040001 4A6591 0.84
6.72 10.18 6.200001 48628D 0.84
6.72 10.18 5.360001 49638E 0.84
6.72 10.18 4.52 49638E 0.84
6.72 10.18 3.68 48628D 0.84
6.72 10.18 2.84 496490 0.84
6.72 10.18 2 496591 0.84
6.72 10.18 1.16 496693 0.84
6.72 10.18 0.3199997 4A6894 0.84
6.72 10.18 -0.5200005 4B6C99 0.84
6.72 10.18 -1.36 4D719E 0.84
6.72 10.18 -2.2 4D719E 0.84
6.72 10.18 -3.04 4E729F 0.84
6.72 10.18 -3.88 4F74A2 0.84
6.72 10.18 -4.72 4D72A0 0.84
6.72 10.18 -5.56 34486E 0.84
6.72 11.02 9.559999 4B6793 0.84
6.72 11.02 8.719999 496591 0.84
6.72 11.02 7.880001 4B6793 0.84
6.72 11.02 7.040001 49638F 0.84
6.72 11.02 6.200001 4A6490 0.84
6.72 11.02 5.360001 496490 0.84
6.72 11.02 4.52 4A6692 0.84
6.72 11.02 3.68 4C6894 0.84
6.72 11.02 2.84 4A6692 0.84
6.72 11.02 2 4A6591 0.84
6.72 11.02 1.16 4B6B98 0.84
6.72 11.02 0.3199997 4C6B98 0.84
6.72 11.02 -0.5200005 4D709E 0.84
6.72 11.02 -1.36 4D719E 0.84
6.72 11.02 -2.2 4E73A1 0.84
6.72 11.02 -3.04 4E73A1 0.84
6.72 11.02 -3.88 4F73A2 0.84
6.72 11.02 -4.72 4D719F 0.84
6.72 11.02 -5.56 304266 0.84
6.72 11.86 9.559999 4C6895 0.84
6.72 11.86 8.719999 4C6996 0.84
6.72 11.86 7.880001 4B6691 0.84
6.72 11.86 7.040001 4B6793 0.84
6.72 11.86 6.200001 4B6692 0.84
6.72 11.86 5.360001 4A648F 0.84
6.72 11.86 4.52 4B6894 0.84
6.72 11.86 3.68 4A6692 0.84
6.72 11.86 2.84 4B6895 0.84
6.72 11.86 2 4D6B98 0.84
6.72 11.86 1.16 4B6B98 0.84
6.72 11.86 0.3199997 4D6D9A 0.84
6.72 11.86 -0.5200005 4E709D 0.84
6.72 11.86 -1.36 4E719E 0.84
6.72 11.86 -2.2 4F73A2 0.84
6.72 11.86 -3.04 4F75A3 0.84
6.72 11.86 -3.88 4D72A0 0.84
6.72 11.86 -4.72 4F76A4 0.84
6.72 11.86 -5.56 32456A 0.84
6.72 12.7 9.559999 4F6E9C 0.84
6.72 12.7 8.719999 4F6E9B 0.84
6.72 12.7 7.880001 4B6793 0.84
6.72 12.7 7.040001 4D6A96 0.84
6.72 12.7 6.200001 4D6A97 0.84
6.72 12.7 5.360001 4C6996 0.84
6.72 12.7 4.52 4C6995 0.84
6.72 12.7 3.68 4D6C99 0.84
6.72 12.7 2.84 4D6B98 0.84
6.72 12.7 2 4E6D9A 0.84
6.72 12.7 1.16 4E6E9B 0.84
6.72 12.7 0.3199997 4E709E 0.84
6.72 12.7 -0.5200005 4F74A2 0.84
6.72 12.7 -1.36 4F75A3 0.84
6.72 12.7 -2.2 5076A5 0.84
6.72 12.7 -3.04 5076A5 0.84
6.72 12.7 -3.88 5178A6 0.84
6.72 12.7 -4.72 5179A7 0.84
6.72 12.7 -5.56 32466C 0.84
6.72 13.54 9.559999 51719F 0.84
6.72 13.54 8.719999 4E6C99 0.84
6.72 13.54 7.880001 4F6D9A 0.84
6.72 13.54 7.040001 4E6E9B 0.84
6.72 13.54 6.200001 4E6C99 0.84
6.72 13.54 5.360001 4E6C99 0.84
6.72 13.54 4.52 4D6B98 0.84
6.72 13.54 3.68 4E6D9A 0.84
6.72 13.54 2.84 4F6E9C 0.84
6.72 13.54 2 4E6D9A 0.84
6.72 13.54 1.16 4F719E 0.84
6.72 13.54 0.3199997 5174A2 0.84
6.72 13.54 -0.5200005 5074A2 0.84
6.72 13.54 -1.36 5074A2 0.84
6.72 13.54 -2.2 5277A6 0.84
6.72 13.54 -3.04 5177A5 0.84
6.72 13.54 -3.88 5279A8 0.84
6.72 13.54 -4.72 5078A7 0.84
6.72 13.54 -5.56 33476D 0.84
6.72 14.38 9.559999 506F9D 0.84
6.72 14.38 8.719999 4F709D 0.84
6.72 14.38 7.880001 51719F 0.84
6.72 14.38 7.040001 4F709D 0.84
6.72 14.38 6.200001 4E6C99 0.84
6.72 14.38 5.360001 506F9C 0.84
6.72 14.38 4.52 4F6F9D 0.84
6.72 14.38 3.68 50709D 0.84
6.72 14.38 2.84 4F709D 0.84
6.72 14.38 2 4E6C99 0.84
6.72 14.38 1.16 4F729F 0.84
6.72 14.38 0.3199997 5073A1 0.84
6.72 14.38 -0.5200005 5074A2 0.84
6.72 14.38 -1.36 5179A7 0.84
6.72 14.38 -2.2 5179A8 0.84
6.72 14.38 -3.04 527BAA 0.84
6.72 14.38 -3.88 5279A8 0.84
6.72 14.38 -4.72 527AA8 0.84
6.72 14.38 -5.56 31446A 0.84
6.72 15.22 9.559999 667FA6 0.84
6.72 15.22 8.719999 5476A4 0.84
6.72 15.22 7.880001 5275A3 0.84
6.72 15.22 7.040001 5172A0 0.84
6.72 15.22 6.200001 50719E 0.84
6.72 15.22 5.360001 5172A0 0.84
6.72 15.22 4.52 50709E 0.84
6.72 15.22 3.68 5174A3 0.84
6.72 15.22 2.84 5275A4 0.84
6.72 15.22 2 5275A3 0.84
6.72 15.22 1.16 5277A5 0.84
6.72 15.22 0.3199997 5278A7 0.84
6.72 15.22 -0.5200005 5178A7 0.84
6.72 15.22 -1.36 537AA9 0.84
6.72 15.22 -2.2 527BAA 0.84
6.72 15.22 -3.04 537CAB 0.84
6.72 15.22 -3.88 527CAB 0.84
6.72 15.22 -4.72 547CAB 0.84
6.72 15.22 -5.56 476895 0.84
6.72 16.06 8.719999 5375A4 0.84
6.72 16.06 7.880001 5174A3 0.84
6.72 16.06 7.040001 5275A3 0.84
6.72 16.06 6.200001 5477A6 0.84
6.72 16.06 5.360001 5273A1 0.84
6.72 16.06 4.52 5377A6 0.84
6.72 16.06 3.68 5378A7 0.84
6.72 16.06 2.84 5277A6 0.84
6.72 16.06 2 5276A4 0.84
6.72 16.06 1.16 5378A6 0.84
6.72 16.06 0.3199997 5379A7 0.84
6.72 16.06 -0.5200005 527BAA 0.84
6.72 16.06 -1.36 547BAA 0.84
6.72 16.06 -2.2 537CAC 0.84
6.72 16.06 -3.04 557EAE 0.84
6.72 16.06 -3.88 537EAD 0.84
6.72 16.06 -4.72 547FAE 0.84
6.72 16.9 8.719999 5479A7 0.84
6.72 16.9 7.880001 5479A8 0.84
6.72 16.9 7.040001 5377A5 0.84
6.72 16.9 6.200001 5478A6 0.84
6.72 16.9 5.360001 5478A7 0.84
6.72 16.9 4.52 557AA9 0.84
6.72 16.9 3.68 547AA9 0.84
6.72 16.9 2.84 5479A8 0.84
6.72 16.9 2 5277A5 0.84
6.72 16.9 1.16 547DAC 0.84
6.72 16.9 0.3199997 547CAB 0.84
6.72 16.9 -0.5200005 547DAC 0.84
6.72 16.9 -1.36 5580AF 0.84
6.72 16.9 -2.2 557FAF 0.84
6.72 16.9 -3.04 547DAC 0.84
6.72 16.9 -3.88 557FAE 0.84
6.72 16.9 -4.72 547FAE 0.84
6.72 17.74 8.719999 3F5882 0.84
6.72 17.74 7.880001 577EAD 0.84
6.72 17.74 7.040001 567FAE 0.84
6.72 17.74 6.200001 567CAB 0.84
6.72 17.74 5.360001 557BAA 0.84
6.72 17.74 4.52 577FAF 0.84
6.72 17.74 3.68 567DAC 0.84
6.72 17.74 2.84 557EAD 0.84
6.72 17.74 2 557DAB 0.84
6.72 17.74 1.16 557FAF 0.84
6.72 17.74 0.3199997 5580B0 0.84
6.72 17.74 -0.5200005 5580B0 0.84
6.72 17.74 -1.36 5681B1 0.84
6.72 17.74 -2.2 5581B0 0.84
6.72 17.74 -3.04 547FAE 0.84
6.72 17.74 -3.88 5580AF 0.84
6.72 17.74 -4.72 517BAA 0.84
6.72 18.58 7.880001 567EAE 0.84
6.72 18.58 7.040001 567CAB 0.84
6.72 18.58 6.200001 5881B1 0.84
6.72 18.58 5.360001 577EAD 0.84
6.72 18.58 4.52 5780AF 0.84
6.72 18.58 3.68 5882B1 0.84
6.72 18.58 2.84 5882B2 0.84
6.72 18.58 2 567FAF 0.84
6.72 18.58 1.16 5885B4 0.84
6.72 18.58 0.3199997 5580B0 0.84
6.72 18.58 -0.5200005 5682B1 0.84
6.72 18.58 -1.36 5783B2 0.84
6.72 18.58 -2.2 5682B1 0.84
6.72 18.58 -3.04 5681B1 0.84
6.72 18.58 -3.88 5785B5 0.84
6.72 19.42 7.040001 5883B2 0.84
6.72 19.42 6.200001 5A85B5 0.84
6.72 19.42 5.360001 5883B2 0.84
6.72 19.42 4.52 5882B2 0.84
6.72 19.42 3.68 5884B4 0.84
6.72 19.42 2.84 5781B1 0.84
6.72 19.42 2 5884B4 0.84
6.72 19.42 1.16 5783B3 0.84
6.72 19.42 0.3199997 5885B4 0.84
6.72 19.42 -0.5200005 5886B6 0.84
6.72 19.42 -1.36 5783B3 0.84
6.72 19.42 -2.2 5684B4 0.84
6.72 19.42 -3.04 3C5781 0.84
5.88 20.26 -2.2 588ABE 0.84
5.88 21.1 -2.2 5786B7 0.84
5.88 21.1 -3.04 527DAD 0.84
5.88 21.94 -2.2 354B72 0.84
5.88 21.94 -3.04 5786B6 0.84
5.88 5.14 9.559999 202949 0.84
5.88 5.14 8.719999 202746 0.84
5.88 5.14 7.880001 202746 0.84
5.88 5.14 7.040001 202746 0.84
5.88 5.14 6.200001 202745 0.84
5.88 5.14 5.360001 202745 0.84
5.88 5.14 4.52 202743 0.84
5.88 5.14 3.68 202744 0.84
5.88 5.14 2.84 202744 0.84
5.88 5.14 2 202743 0.84
5.88 5.14 1.16 202743 0.84
5.88 5.14 0.3199997 202743 0.84
5.88 5.14 -0.5200005 202743 0.84
5.88 5.14 -1.36 202846 0.84
5.88 5.14 -2.2 202847 0.84
5.88 5.14 -3.04 202847 0.84
5.88 5.14 -3.88 20294B 0.84
5.88 5.14 -4.72 202949 0.84
5.88 5.14 -5.56 292949 0.84
5.88 5.98 9.559999 4C78A6 0.84
5.88 5.98 -5.56 5181B1 0.84
5.88 6.82 9.559999 4F7EAD 0.84
5.88 6.82 -5.56 5283B3 0.84
5.88 7.66 9.559999 4E7AA9 0.84
5.88 7.66 -5.56 507EAE 0.84
5.88 8.500001 9.559999 4E7BAA 0.84
5.88 8.500001 -5.56 5180B0 0.84
5.88 9.340001 9.559999 507EAD 0.84
5.88 9.340001 -5.56 5080AF 0.84
5.88 10.18 9.559999 4E7BAA 0.84
5.88 10.18 -5.56 5283B3 0.84
5.88 11.02 9.559999 4E7CAB 0.84
5.88 11.02 -5.56 5182B2 0.84
5.88 11.86 9.559999 4E7AA9 0.84
5.88 11.86 -5.56 5283B3 0.84
5.88 12.7 9.559999 4D79A8 0.84
-4.2 12.7 -4.72 4978AF 0.84
-4.2 12.7 -5.56 324B76 0.84
5.88 12.7 -5.56 5283B3 0.84
5.88 13.54 9.559999 4D7AA8 0.84
-4.2 13.54 -4.72 4976A9 0.84
-4.2 13.54 -5.56 4874A7 0.84
5.88 13.54 -5.56 5283B3 0.84
5.88 14.38 9.559999 4D7AA9 0.84
-4.2 14.38 -4.72 4976A9 0.84
-4.2 14.38 -5.56 395682 0.84
5.88 14.38 -5.56 5180B0 0.84
5.88 15.22 9.559999 5A90C0 0.84
-4.2 15.22 -4.72 4C7AAC 0.84
-4.2 15.22 -5.56 30466D 0.84
5.88 15.22 -5.56 5E97C8 0.84
5.88 16.06 9.559999 598EBE 0.84
-4.2 16.06 -4.72 4E7EB1 0.84
5.88 16.06 -5.56 5F99C9 0.84
5.88 16.9 8.719999 5A90C0 0.84
-4.2 16.9 -4.72 5082B4 0.84
5.88 16.9 -4.72 5F9ACA 0.84
5.88 17.74 8.719999 598FBF 0.84
-4.2 17.74 -3.88 4E7FB2 0.84
-4.2 17.74 -4.72 35507A 0.84
5.88 17.74 -4.72 609BCB 0.84
5.88 18.58 8.719999 5A90C0 0.84
-4.2 18.58 -3.04 5186BC 0.84
-4.2 18.58 -3.88 5286B9 0.84
5.88 18.58 -4.72 5E97C8 0.84
5.88 19.42 7.040001 71B7E4 0.84
5.88 19.42 7.880001 70B4E2 0.84
-4.2 19.42 0.3199997 4877B0 0.84
-4.2 19.42 -0.5200005 4E81B6 0.84
-4.2 19.42 -1.36 548ABE 0.84
-4.2 19.42 -2.2 578EC2 0.84
-4.2 19.42 -3.04 4E7EB1 0.84
5.88 19.42 -3.88 69ABDB 0.84
5.88 19.42 -3.04 66A7D8 0.84
5.88 19.42 6.200001 6FB2E1 0.84
5.88 20.26 5.360001 71B6E4 0.84
5.88 20.26 4.52 6FB3E1 0.84
5.88 20.26 3.68 73B9E7 0.84
5.88 20.26 2.84 70B4E2 0.84
5.88 20.26 2 73B8E6 0.84
5.88 20.26 1.16 70B5E3 0.84
5.88 20.26 0.3199997 72B7E5 0.84
5.88 20.26 -0.5200005 6DB1E0 0.84
5.88 20.26 -1.36 67A9DC 0.84
5.88 19.42 -2.2 487BB7 0.84
5.04 5.14 9.559999 202A4D 0.84
5.04 5.14 6.200001 202844 0.84
5.04 5.14 5.360001 202744 0.84
5.04 5.14 4.52 202642 0.84
5.04 5.14 3.68 202744 0.84
5.04 5.14 2.84 202745 0.84
5.04 5.14 2 202641 0.84
5.04 5.14 1.16 202743 0.84
5.04 5.14 0.3199997 202642 0.84
5.04 5.14 -0.5200005 202642 0.84
5.04 5.14 -1.36 202744 0.84
5.04 5.14 -2.2 202642 0.84
5.04 5.14 -5.56 282A4B 0.84
-3.36 0.1 8.719999 3B5883 0.84
-3.36 0.1 7.880001 395580 0.84
-3.36 0.1 7.040001 36507B 0.84
5.04 0.1 6.200001 3A5681 0.84
-3.36 0.1 -3.04 4B4F77 0.84
-3.36 0.1 -3.88 4D527B 0.84
-3.36 0.1 -4.72 4D5781 0.84
-3.36 0.94 8.719999 354E77 0.84
-3.36 0.94 7.880001 395580 0.84
-3.36 0.94 7.040001 354D76 0.84
5.04 0.94 6.200001 3A5680 0.84
-3.36 0.94 -3.04 365079 0.84
-3.36 0.94 -3.88 38527C 0.84
-3.36 0.94 -4.72 3C5B87 0.84
-3.36 1.78 8.719999 30456B 0.84
-3.36 1.78 7.880001 36507A 0.84
-3.36 1.78 7.040001 344D75 0.84
5.04 1.78 6.200001 38537D 0.84
-3.36 1.78 -3.04 344C75 0.84
-3.36 1.78 -3.88 37527C 0.84
-3.36 1.78 -4.72 3A5882 0.84
-3.36 2.62 8.719999 2B3C60 0.84
-3.36 2.62 7.880001 344C74 0.84
-3.36 2.62 7.040001 31476E 0.84
5.04 2.62 6.200001 365079 0.84
-3.36 2.62 -3.04 31466E 0.84
-3.36 2.62 -3.88 365079 0.84
-3.36 2.62 -4.72 395680 0.84
-3.36 3.46 8.719999 30456C 0.84
-3.36 3.46 7.880001 2E4269 0.84
-3.36 3.46 7.040001 2C3F65 0.84
5.04 3.46 6.200001 30446A 0.84
-3.36 3.46 -3.04 2B3D62 0.84
-3.36 3.46 -3.88 31476E 0.84
-3.36 3.46 -4.72 344D76 0.84
-3.36 4.3 8.719999 29395D 0.84
-3.36 4.3 7.880001 2A3C61 0.84
-3.36 4.3 7.040001 28375B 0.84
5.04 4.3 6.200001 2A3B5E 0.84
-3.36 4.3 -3.04 27375A 0.84
-3.36 4.3 -3.88 2B3C61 0.84
-3.36 4.3 -4.72 2F456B 0.84
-3.36 5.14 8.719999 202C4B 0.84
-3.36 5.14 7.880001 233051 0.84
-3.36 5.14 7.040001 202A49 0.84
-3.36 5.14 -3.04 202A48 0.84
-3.36 5.14 -3.88 222E4F 0.84
-3.36 5.14 -4.72 253456 0.84
5.04 5.98 9.559999 4E7CAB 0.84
5.04 19.42 -2.2 213F7C 0.84
5.04 20.26 -3.04 4773A6 0.84
5.04 5.98 -5.56 4F7FAE 0.84
5.04 6.82 9.559999 4C78A6 0.84
5.04 6.82 -5.56 5080AF 0.84
5.04 7.66 9.559999 4E7BAA 0.84
5.04 7.66 -5.56 5283B3 0.84
5.04 8.500001 9.559999 4E7BAA 0.84
5.04 8.500001 -5.56 5181B1 0.84
5.04 9.340001 9.559999 4D7AA9 0.84
5.04 9.340001 -5.56 5182B2 0.84
5.04 10.18 9.559999 507EAD 0.84
5.04 10.18 -5.56 507FAE 0.84
5.04 11.02 9.559999 4C78A6 0.84
5.04 11.02 -5.56 5283B2 0.84
5.04 11.86 9.559999 4D79A8 0.84
5.04 11.86 -5.56 5282B2 0.84
5.04 12.7 9.559999 4D79A8 0.84
5.04 12.7 -5.56 5383B3 0.84
5.04 13.54 9.559999 4D7AA9 0.84
5.04 13.54 -5.56 5282B2 0.84
5.04 14.38 9.559999 4F7DAC 0.84
5.04 14.38 -5.56 5182B2 0.84
5.04 15.22 9.559999 5A90C0 0.84
5.04 15.22 -5.56 5F99C9 0.84
5.04 16.06 9.559999 5A90C0 0.84
5.04 16.06 -5.56 609BCB 0.84
5.04 16.9 8.719999 598FBF 0.84
5.04 16.9 -4.72 5E98C8 0.84
5.04 17.74 8.719999 5A91C1 0.84
5.04 17.74 -4.72 5F99C9 0.84
5.04 18.58 8.719999 5A90C0 0.84
5.04 18.58 -4.72 5E98C8 0.84
5.04 19.42 7.040001 70B4E2 0.84
5.04 19.42 7.880001 6EB2E0 0.84
5.04 19.42 -3.88 67A8DA 0.84
5.04 19.42 -3.04 619ED2 0.84
5.04 20.26 -1.36 5B98CF 0.84
5.04 19.42 6.200001 70B4E2 0.84
5.04 20.26 5.360001 70B4E2 0.84
5.04 20.26 4.52 71B6E4 0.84
5.04 20.26 3.68 74BAE8 0.84
5.04 20.26 2.84 72B8E6 0.84
5.04 20.26 2 72B7E5 0.84
5.04 20.26 1.16 70B5E3 0.84
5.04 20.26 0.3199997 6FB4E3 0.84
5.04 20.26 -0.5200005 6CAFDF 0.84
-4.2 20.26 -2.2 4F83BB 0.84
5.04 21.1 -2.2 5E9ACE 0.84
-4.2 21.1 -2.2 426B9F 0.84
-4.2 21.1 -3.04 41689E 0.84
5.04 21.1 -3.04 4771A3 0.84
5.04 21.94 -2.2 578EC1 0.84
5.04 21.94 -3.88 466F9E 0.84
5.04 22.78 -2.2 5C95C7 0.84
5.04 22.78 -3.04 73B9E7 0.84
4.2 5.14 9.559999 202C51 0.84
4.2 0.1 8.719999 202744 0.84
4.2 0.1 7.880001 202641 0.84
4.2 0.1 7.040001 202540 0.84
4.2 5.14 6.200001 202845 0.84
4.2 5.14 5.360001 202744 0.84
4.2 5.14 4.52 202744 0.84
4.2 5.14 3.68 202744 0.84
4.2 5.14 2.84 202744 0.84
4.2 5.14 2 202641 0.84
4.2 5.14 1.16 202643 0.84
4.2 5.14 0.3199997 202642 0.84
4.2 5.14 -0.5200005 202846 0.84
4.2 5.14 -1.36 202745 0.84
4.2 5.14 -2.2 202541 0.84
4.2 0.1 -3.04 20253F 0.84
4.2 0.1 -3.88 202540 0.84
4.2 0.1 -4.72 202640 0.84
4.2 5.14 -5.56 2E2A4D 0.84
4.2 0.1 6.200001 38547E 0.84
4.2 5.14 -3.04 577097 0.84
4.2 5.14 -3.88 5B79A1 0.84
4.2 5.14 -4.72 57759D 0.84
4.2 0.94 8.719999 4D7AA9 0.84
4.2 5.14 8.719999 36466C 0.84
4.2 0.94 -3.04 354C74 0.84
4.2 5.14 7.880001 57759D 0.84
4.2 5.14 7.040001 58759D 0.84
4.2 0.94 6.200001 39557E 0.84
4.2 0.94 -4.72 4F7DAD 0.84
4.2 1.78 8.719999 4D7AA8 0.84
4.2 1.78 -3.04 32476E 0.84
4.2 1.78 6.200001 354D76 0.84
4.2 1.78 -4.72 507FAE 0.84
4.2 2.62 8.719999 4B77A6 0.84
4.2 2.62 -3.04 304369 0.84
4.2 2.62 6.200001 32486F 0.84
4.2 2.62 -4.72 4E7BAA 0.84
4.2 3.46 8.719999 4A75A3 0.84
4.2 3.46 -3.04 2A395C 0.84
4.2 3.46 6.200001 2D4064 0.84
4.2 3.46 -4.72 4C78A6 0.84
4.2 4.3 8.719999 446A97 0.84
4.2 4.3 -3.04 242F50 0.84
4.2 4.3 6.200001 273558 0.84
4.2 4.3 -4.72 476E9C 0.84
4.2 5.98 9.559999 4F7DAC 0.84
4.2 21.94 -2.2 4771A9 0.84
4.2 21.1 -3.04 325590 0.84
4.2 5.98 -5.56 5180B0 0.84
4.2 6.82 9.559999 4E7BAA 0.84
4.2 6.82 -5.56 5080B0 0.84
4.2 7.66 9.559999 4E7BA9 0.84
4.2 7.66 -5.56 5181B1 0.84
4.2 8.500001 9.559999 4D7AA8 0.84
4.2 8.500001 -5.56 5283B3 0.84
4.2 9.340001 9.559999 4D79A7 0.84
4.2 9.340001 -5.56 5182B1 0.84
4.2 10.18 9.559999 4F7CAB 0.84
4.2 10.18 -5.56 5182B2 0.84
4.2 11.02 9.559999 4F7EAD 0.84
4.2 11.02 -5.56 5283B2 0.84
4.2 11.86 9.559999 4F7DAC 0.84
4.2 11.86 -5.56 5182B1 0.84
4.2 12.7 9.559999 507EAE 0.84
4.2 12.7 -5.56 5282B1 0.84
4.2 13.54 9.559999 4E7BAA 0.84
4.2 13.54 -5.56 5283B2 0.84
4.2 14.38 9.559999 4D79A8 0.84
4.2 14.38 -5.56 5284B4 0.84
4.2 15.22 9.559999 5A91C1 0.84
4.2 15.22 -5.56 5E98C8 0.84
4.2 16.06 9.559999 5B93C3 0.84
4.2 16.06 -5.56 5E99C9 0.84
4.2 16.9 8.719999 578CBC 0.84
4.2 16.9 -4.72 5E98C8 0.84
4.2 17.74 8.719999 5B92C2 0.84
4.2 17.74 -4.72 5E98C8 0.84
4.2 18.58 8.719999 5A91C1 0.84
4.2 18.58 -4.72 5F99C9 0.84
4.2 19.42 7.040001 70B5E3 0.84
4.2 19.42 7.880001 70B5E3 0.84
4.2 19.42 -3.88 65A4D5 0.84
4.2 19.42 -3.04 619ED0 0.84
4.2 19.42 6.200001 72B8E5 0.84
4.2 20.26 5.360001 70B4E2 0.84
4.2 20.26 4.52 6BACDB 0.84
4.2 20.26 3.68 72B7E5 0.84
4.2 20.26 2.84 73B9E7 0.84
4.2 20.26 2 70B5E3 0.84
4.2 20.26 1.16 70B5E4 0.84
4.2 20.26 0.3199997 6EB2E1 0.84
4.2 20.26 -0.5200005 69ABDC 0.84
4.2 20.26 -1.36 609CD0 0.84
4.2 19.42 -2.2 558CC2 0.84
5.04 20.26 -2.2 4B7CB4 0.84
4.2 21.94 -3.88 47709F 0.84
4.2 22.78 -2.2 5A92C5 0.84
4.2 22.78 -3.04 73B9E6 0.84
3.36 5.14 9.559999 202A4C 0.84
3.36 0.1 8.719999 202A4A 0.84
3.36 0.1 7.880001 20253F 0.84
3.36 0.1 7.040001 20253F 0.84
3.36 5.14 6.200001 202744 0.84
3.36 5.14 5.360001 202744 0.84
3.36 5.14 4.52 202744 0.84
3.36 5.14 3.68 202642 0.84
3.36 5.14 2.84 202643 0.84
3.36 5.14 2 202846 0.84
3.36 5.14 1.16 202846 0.84
3.36 5.14 0.3199997 202744 0.84
3.36 5.14 -0.5200005 202642 0.84
3.36 5.14 -1.36 202744 0.84
3.36 5.14 -2.2 202643 0.84
3.36 0.1 -3.04 202640 0.84
3.36 0.1 -3.88 202540 0.84
3.36 0.1 -4.72 202641 0.84
3.36 5.14 -5.56 2A2A4C 0.84
3.36 0.1 6.200001 36517A 0.84
3.36 5.14 -3.04 425479 0.84
3.36 5.14 -3.88 455A80 0.84
3.36 5.14 -4.72 43587E 0.84
3.36 0.94 8.719999 4D7AA9 0.84
3.36 5.14 8.719999 2C3A5E 0.84
3.36 0.94 -3.04 344A72 0.84
3.36 5.14 7.880001 43567C 0.84
3.36 5.14 7.040001 42567B 0.84
3.36 0.94 6.200001 354F77 0.84
3.36 0.94 -4.72 4D7AA9 0.84
3.36 1.78 8.719999 4C78A6 0.84
3.36 1.78 -3.04 31446A 0.84
3.36 1.78 6.200001 334A72 0.84
3.36 1.78 -4.72 4F7DAD 0.84
3.36 2.62 8.719999 4B76A4 0.84
3.36 2.62 -3.04 2F4166 0.84
3.36 2.62 6.200001 30456B 0.84
3.36 2.62 -4.72 4E7CAB 0.84
3.36 3.46 8.719999 4B77A6 0.84
3.36 3.46 -3.04 283659 0.84
3.36 3.46 6.200001 2A3C60 0.84
3.36 3.46 -4.72 4E7CAB 0.84
3.36 4.3 8.719999 436895 0.84
3.36 4.3 -3.04 232F4F 0.84
3.36 4.3 6.200001 243253 0.84
3.36 4.3 -4.72 466D9B 0.84
3.36 5.98 9.559999 4D7AA9 0.84
3.36 21.94 -2.2 4874AB 0.84
3.36 21.1 -3.04 385D98 0.84
3.36 5.98 -5.56 5080AF 0.84
3.36 6.82 9.559999 4E7CAB 0.84
3.36 6.82 -5.56 5283B3 0.84
3.36 7.66 9.559999 4F7DAC 0.84
3.36 7.66 -5.56 4F7EAD 0.84
3.36 8.500001 9.559999 4E7BAA 0.84
3.36 8.500001 -5.56 5283B2 0.84
3.36 9.340001 9.559999 4E7BA9 0.84
3.36 9.340001 -5.56 5283B3 0.84
3.36 10.18 9.559999 4D79A8 0.84
3.36 10.18 -5.56 5384B4 0.84
3.36 11.02 9.559999 4E7BAA 0.84
3.36 11.02 -5.56 5282B2 0.84
3.36 11.86 9.559999 4E7BAA 0.84
3.36 11.86 -5.56 5282B2 0.84
3.36 12.7 9.559999 4D79A7 0.84
3.36 11.86 -4.72 4A79B0 0.84
4.2 12.7 -4.72 4671A7 0.84
3.36 12.7 -4.72 C4C4CC 0.84
3.36 13.54 9.559999 4F7DAC 0.84
4.2 13.54 -4.72 4872A6 0.84
3.36 13.54 -4.72 C3C2C8 0.84
3.36 14.38 9.559999 4C78A7 0.84
4.2 14.38 -4.72 466C9F 0.84
3.36 14.38 -4.72 C3C0C5 0.84
3.36 15.22 9.559999 5A91C1 0.84
4.2 15.22 -4.72 4B79AB 0.84
3.36 15.22 -4.72 DAD6D8 0.84
3.36 16.06 9.559999 5C93C3 0.84
4.2 16.06 -4.72 4B79AD 0.84
3.36 16.06 -4.72 D8D5D6 0.84
3.36 16.9 8.719999 598FBE 0.84
3.36 16.9 -3.88 D6D3D5 0.84
3.36 17.74 8.719999 5C94C4 0.84
3.36 17.74 -3.88 D7D3D5 0.84
4.2 17.74 -3.88 4B76A9 0.84
3.36 18.58 8.719999 5C94C4 0.84
3.36 18.58 -3.04 EDECED 0.84
4.2 18.58 -3.04 5082B6 0.84
4.2 18.58 -3.88 4F7FB3 0.84
3.36 19.42 7.040001 70B4E2 0.84
3.36 19.42 7.880001 70B5E3 0.84
3.36 19.42 0.3199997 DCDDE2 0.84
4.2 19.42 0.3199997 4A7AB2 0.84
3.36 19.42 -0.5200005 EBE9EB 0.84
4.2 19.42 -0.5200005 4F83B9 0.84
3.36 18.58 -1.36 E9E8E9 0.84
4.2 19.42 -1.36 5286BB 0.84
3.36 18.58 -2.2 EAE8EA 0.84
3.36 19.42 6.200001 6FB3E1 0.84
3.36 20.26 5.360001 72B7E5 0.84
3.36 20.26 4.52 5D97C7 0.84
3.36 20.26 3.68 71B7E5 0.84
3.36 20.26 2.84 72B7E5 0.84
3.36 20.26 2 71B6E4 0.84
3.36 20.26 1.16 6FB4E3 0.84
3.36 21.94 -3.88 4973A2 0.84
3.36 22.78 -2.2 5A93C6 0.84
3.36 22.78 -3.04 72B8E5 0.84
2.52 5.14 9.559999 202949 0.84
2.52 5.14 8.719999 202847 0.84
2.52 5.14 7.880001 202848 0.84
2.52 5.14 7.040001 202746 0.84
2.52 5.14 6.200001 202642 0.84
2.52 5.14 5.360001 202745 0.84
2.52 5.14 4.52 202641 0.84
2.52 5.14 3.68 202745 0.84
2.52 5.14 2.84 202642 0.84
2.52 5.14 2 202643 0.84
2.52 5.14 1.16 202744 0.84
2.52 5.14 0.3199997 202743 0.84
2.52 5.14 -0.5200005 202642 0.84
2.52 5.14 -1.36 202745 0.84
2.52 5.14 -2.2 202746 0.84
2.52 5.14 -3.04 202644 0.84
2.52 5.14 -3.88 202849 0.84
2.52 5.14 -4.72 202745 0.84
2.52 5.14 -5.56 292847 0.84
3.36 0.94 7.880001 3C5C88 0.84
3.36 0.94 7.040001 3C5C88 0.84
3.36 0.94 -3.88 3A5985 0.84
3.36 1.78 7.880001 3B5B86 0.84
3.36 1.78 7.040001 395782 0.84
3.36 1.78 -3.88 3A5883 0.84
3.36 2.62 7.880001 354F79 0.84
3.36 2.62 7.040001 344E78 0.84
3.36 2.62 -3.88 355079 0.84
3.36 3.46 7.880001 344D76 0.84
3.36 3.46 7.040001 314972 0.84
3.36 3.46 -3.88 314870 0.84
3.36 4.3 7.880001 2B3D63 0.84
3.36 4.3 7.040001 293B5F 0.84
3.36 4.3 -3.88 2B3E64 0.84
2.52 5.98 9.559999 4D79A8 0.84
2.52 21.94 -2.2 4C79AD 0.84
2.52 21.1 -3.04 3E649A 0.84
2.52 5.98 -5.56 5182B2 0.84
2.52 6.82 9.559999 4E7CAB 0.84
2.52 6.82 -5.56 5181B0 0.84
2.52 7.66 9.559999 4F7DAD 0.84
2.52 7.66 -5.56 507FAE 0.84
2.52 8.500001 9.559999 4F7EAD 0.84
2.52 8.500001 -5.56 5180B0 0.84
2.52 9.340001 9.559999 4F7EAD 0.84
2.52 9.340001 -5.56 5180B0 0.84
2.52 10.18 9.559999 4E7CAB 0.84
2.52 10.18 -5.56 5181B1 0.84
2.52 11.02 9.559999 4D7AA8 0.84
2.52 11.02 -5.56 5384B4 0.84
2.52 11.86 9.559999 4E7CAB 0.84
2.52 11.86 -5.56 5283B3 0.84
2.52 12.7 9.559999 4E7BAA 0.84
2.52 11.86 -4.72 5286BA 0.84
2.52 12.7 -4.72 D5D3D5 0.84
2.52 13.54 9.559999 4D7AA9 0.84
2.52 13.54 -4.72 D3CFD0 0.84
2.52 14.38 9.559999 4E7BAA 0.84
2.52 14.38 -4.72 D8D2D1 0.84
2.52 15.22 9.559999 5B93C3 0.84
2.52 15.22 -4.72 E9E5E2 0.84
2.52 16.06 9.559999 5A91C1 0.84
2.52 16.06 -4.72 EBE6E3 0.84
2.52 16.9 8.719999 5A90C0 0.84
2.52 16.9 -3.88 E9E4E1 0.84
2.52 17.74 8.719999 598FBF 0.84
2.52 17.74 -3.88 E9E5E1 0.84
2.52 18.58 8.719999 5B92C2 0.84
2.52 18.58 -3.04 F5F2F1 0.84
2.52 19.42 7.040001 6FB3E1 0.84
2.52 19.42 7.880001 71B5E3 0.84
2.52 19.42 0.3199997 E5E5E8 0.84
2.52 19.42 -0.5200005 F5F3F2 0.84
2.52 18.58 -1.36 F4F2F1 0.84
2.52 18.58 -2.2 F4F1F0 0.84
2.52 19.42 6.200001 70B5E3 0.84
2.52 20.26 5.360001 72B7E5 0.84
2.52 20.26 4.52 6AACDA 0.84
2.52 20.26 3.68 71B6E4 0.84
2.52 20.26 2.84 72B7E5 0.84
2.52 20.26 2 6EB1E0 0.84
2.52 20.26 1.16 6EB3E2 0.84
2.52 21.94 -3.88 4771A0 0.84
2.52 22.78 -2.2 5993C6 0.84
2.52 22.78 -3.04 73B8E6 0.84
1.68 5.14 9.559999 202848 0.84
1.68 5.14 8.719999 202745 0.84
1.68 5.14 7.880001 202848 0.84
1.68 5.14 7.040001 202745 0.84
1.68 5.14 6.200001 202846 0.84
1.68 5.14 5.360001 202847 0.84
1.68 5.14 4.52 202642 0.84
1.68 5.14 3.68 202744 0.84
1.68 5.14 2.84 202743 0.84
1.68 5.14 2 202743 0.84
1.68 5.14 1.16 202642 0.84
1.68 5.14 0.3199997 202643 0.84
1.68 5.14 -0.5200005 202643 0.84
1.68 5.14 -1.36 202642 0.84
1.68 5.14 -2.2 202745 0.84
1.68 5.14 -3.04 202746 0.84
1.68 5.14 -3.88 202848 0.84
1.68 5.14 -4.72 202847 0.84
1.68 5.14 -5.56 262846 0.84
1.68 5.98 9.559999 4E7CAB 0.84
1.68 21.94 -2.2 4B77AB 0.84
1.68 21.1 -3.04 3F679D 0.84
1.68 5.98 -5.56 507FAF 0.84
1.68 6.82 9.559999 4E7BA9 0.84
1.68 6.82 -5.56 5180B0 0.84
1.68 7.66 9.559999 4C79A7 0.84
1.68 7.66 -5.56 5182B2 0.84
1.68 8.500001 9.559999 4D79A8 0.84
1.68 8.500001 -5.56 5080AF 0.84
1.68 9.340001 9.559999 4D7AA9 0.84
1.68 9.340001 -5.56 5282B2 0.84
1.68 10.18 9.559999 4D79A8 0.84
1.68 10.18 -5.56 5282B2 0.84
1.68 11.02 9.559999 4E7CAB 0.84
1.68 11.02 -5.56 5284B3 0.84
1.68 11.86 9.559999 4E7BAA 0.84
1.68 11.86 -5.56 5181B1 0.84
1.68 12.7 9.559999 4E7BAA 0.84
1.68 11.86 -4.72 568CBF 0.84
1.68 12.7 -4.72 D7D6D9 0.84
1.68 13.54 9.559999 4F7CAB 0.84
1.68 13.54 -4.72 D7D3D3 0.84
1.68 14.38 9.559999 4F7CAB 0.84
1.68 14.38 -4.72 D9D4D3 0.84
1.68 15.22 9.559999 588DBD 0.84
1.68 15.22 -4.72 EBE6E3 0.84
1.68 16.06 9.559999 5A92C1 0.84
1.68 16.06 -4.72 E9E3E0 0.84
1.68 16.9 8.719999 578BBA 0.84
1.68 16.9 -3.88 EDE8E4 0.84
1.68 17.74 8.719999 598FBF 0.84
1.68 17.74 -3.88 ECE8E4 0.84
1.68 18.58 8.719999 588EBE 0.84
1.68 18.58 -3.04 FAF8F6 0.84
1.68 19.42 7.040001 6FB3E1 0.84
1.68 19.42 7.880001 73B8E6 0.84
1.68 19.42 0.3199997 ECEDF0 0.84
1.68 19.42 -0.5200005 FAF8F5 0.84
1.68 18.58 -1.36 F9F6F3 0.84
1.68 18.58 -2.2 F7F4F1 0.84
1.68 19.42 6.200001 70B5E3 0.84
1.68 20.26 5.360001 70B4E2 0.84
1.68 20.26 4.52 6BAEDC 0.84
1.68 20.26 3.68 73B9E6 0.84
1.68 20.26 2.84 70B4E3 0.84
1.68 20.26 2 71B6E5 0.84
1.68 20.26 1.16 6FB3E2 0.84
1.68 21.94 -3.88 47709F 0.84
1.68 22.78 -2.2 5A93C7 0.84
1.68 22.78 -3.04 73B8E6 0.84
0.84 5.14 9.559999 202846 0.84
0.84 5.14 8.719999 202847 0.84
0.84 5.14 7.880001 202848 0.84
0.84 5.14 7.040001 202745 0.84
0.84 5.14 6.200001 202642 0.84
0.84 5.14 5.360001 202746 0.84
0.84 5.14 4.52 202643 0.84
0.84 5.14 3.68 202846 0.84
0.84 5.14 2.84 202744 0.84
0.84 5.14 2 202744 0.84
0.84 5.14 1.16 202744 0.84
0.84 5.14 0.3199997 202744 0.84
0.84 5.14 -0.5200005 202745 0.84
0.84 5.14 -1.36 202745 0.84
0.84 5.14 -2.2 202643 0.84
0.84 5.14 -3.04 202746 0.84
0.84 5.14 -3.88 202848 0.84
0.84 5.14 -4.72 202847 0.84
0.84 5.14 -5.56 242744 0.84
0.84 5.98 9.559999 4F7DAC 0.84
0.84 21.94 -2.2 4F7FB4 0.84
0.84 21.1 -3.04 41699D 0.84
0.84 5.98 -5.56 5080AF 0.84
0.84 6.82 9.559999 4F7DAC 0.84
0.84 6.82 -5.56 507FAF 0.84
0.84 7.66 9.559999 4E7BAA 0.84
0.84 7.66 -5.56 5283B3 0.84
0.84 8.500001 9.559999 4D7AA8 0.84
0.84 8.500001 -5.56 5182B2 0.84
0.84 9.340001 9.559999 4E7BAB 0.84
0.84 9.340001 -5.56 5283B2 0.84
0.84 10.18 9.559999 4E7BAA 0.84
0.84 10.18 -5.56 5181B1 0.84
0.84 11.02 9.559999 4F7DAC 0.84
0.84 11.02 -5.56 5182B1 0.84
0.84 11.86 9.559999 4D7AA9 0.84
0.84 11.86 -5.56 5282B2 0.84
0.84 12.7 9.559999 4E7BAA 0.84
0.84 11.86 -4.72 578DC0 0.84
0.84 12.7 -4.72 D9D8DB 0.84
0.84 13.54 9.559999 4E7CAB 0.84
0.84 13.54 -4.72 D7D3D2 0.84
0.84 14.38 9.559999 4F7DAC 0.84
0.84 14.38 -4.72 DAD5D3 0.84
0.84 15.22 9.559999 5A91C1 0.84
0.84 15.22 -4.72 EEE8E5 0.84
0.84 16.06 9.559999 578CBC 0.84
0.84 16.06 -4.72 ECE7E4 0.84
0.84 16.9 8.719999 5A90C0 0.84
0.84 16.9 -3.88 EEE9E5 0.84
0.84 17.74 8.719999 588EBE 0.84
0.84 17.74 -3.88 EEE9E5 0.84
0.84 18.58 8.719999 5B93C3 0.84
0.84 18.58 -3.04 FBF8F5 0.84
0.84 19.42 7.040001 71B6E3 0.84
0.84 19.42 7.880001 6FB2E0 0.84
0.84 19.42 0.3199997 EBEAEC 0.84
0.84 19.42 -0.5200005 FCFAF8 0.84
0.84 18.58 -1.36 FAF7F3 0.84
0.84 18.58 -2.2 F9F5F2 0.84
0.84 19.42 6.200001 71B6E3 0.84
0.84 20.26 5.360001 6EB2E0 0.84
0.84 20.26 4.52 6DB0DF 0.84
0.84 20.26 3.68 73B9E7 0.84
0.84 20.26 2.84 70B4E3 0.84
0.84 20.26 2 70B5E3 0.84
0.84 20.26 1.16 6FB3E2 0.84
0.84 21.94 -3.88 4872A1 0.84
0.84 22.78 -2.2 5B95C7 0.84
0.84 22.78 -3.04 73B8E6 0.84
0 5.14 9.559999 202745 0.84
0 5.14 8.719999 202949 0.84
0 5.14 7.880001 202745 0.84
0 5.14 7.040001 202745 0.84
0 5.14 6.200001 202745 0.84
0 5.14 5.360001 202744 0.84
0 5.14 4.52 202745 0.84
0 5.14 3.68 202745 0.84
0 5.14 2.84 202846 0.84
0 5.14 2 202845 0.84
0 5.14 1.16 202642 0.84
0 5.14 0.3199997 202744 0.84
0 5.14 -0.5200005 202746 0.84
0 5.14 -1.36 202846 0.84
0 5.14 -2.2 202743 0.84
0 5.14 -3.04 202847 0.84
0 5.14 -3.88 202745 0.84
0 5.14 -4.72 202745 0.84
0 5.14 -5.56 242745 0.84
0 5.98 9.559999 4F7DAD 0.84
0 21.94 -2.2 4F7EB3 0.84
0 21.1 -3.04 426CA1 0.84
0 5.98 -5.56 4F7EAD 0.84
0 6.82 9.559999 4D7AA8 0.84
0 6.82 -5.56 5182B1 0.84
0 7.66 9.559999 4E7BAA 0.84
0 7.66 -5.56 5182B2 0.84
0 8.500001 9.559999 4F7DAC 0.84
0 8.500001 -5.56 5282B2 0.84
0 9.340001 9.559999 4C77A6 0.84
0 9.340001 -5.56 5181B1 0.84
0 10.18 9.559999 4D7BA9 0.84
0 10.18 -5.56 5080AF 0.84
0 11.02 9.559999 4F7EAD 0.84
0 11.02 -5.56 5180B0 0.84
0 11.86 9.559999 4D7AA8 0.84
0 11.86 -5.56 5283B2 0.84
0 12.7 9.559999 4F7DAC 0.84
0 11.86 -4.72 568BBE 0.84
0 12.7 -4.72 D9D8DA 0.84
0 13.54 9.559999 4F7DAC 0.84
0 13.54 -4.72 DAD6D6 0.84
0 14.38 9.559999 4E7CAB 0.84
0 14.38 -4.72 D9D4D3 0.84
0 15.22 9.559999 5A91C0 0.84
0 15.22 -4.72 EEE9E5 0.84
0 16.06 9.559999 588EBE 0.84
0 16.06 -4.72 EDE8E4 0.84
0 16.9 8.719999 578CBB 0.84
0 16.9 -3.88 EDE8E5 0.84
0 17.74 8.719999 5B93C3 0.84
0 17.74 -3.88 EDE8E4 0.84
0 18.58 8.719999 578BBB 0.84
0 18.58 -3.04 F9F6F3 0.84
0 19.42 7.040001 70B4E2 0.84
0 19.42 7.880001 6FB3E1 0.84
0 19.42 0.3199997 EBEBED 0.84
0 19.42 -0.5200005 FAF8F6 0.84
0 18.58 -1.36 F9F6F4 0.84
0 18.58 -2.2 F6F3F1 0.84
0 19.42 6.200001 70B4E2 0.84
0 20.26 5.360001 70B5E3 0.84
0 20.26 4.52 6FB4E2 0.84
0 20.26 3.68 70B5E4 0.84
0 20.26 2.84 71B6E4 0.84
0 20.26 2 70B5E3 0.84
0 20.26 1.16 6EB2E2 0.84
0 21.94 -3.88 47709F 0.84
0 22.78 -2.2 5A93C7 0.84
0 22.78 -3.04 70B5E3 0.84
-0.84 5.14 9.559999 202846 0.84
-0.84 5.14 8.719999 202743 0.84
-0.84 5.14 7.880001 202744 0.84
-0.84 5.14 7.040001 202745 0.84
-0.84 5.14 6.200001 202744 0.84
-0.84 5.14 5.360001 202745 0.84
-0.84 5.14 4.52 202643 0.84
-0.84 5.14 3.68 202847 0.84
-0.84 5.14 2.84 202744 0.84
-0.84 5.14 2 202743 0.84
-0.84 5.14 1.16 202745 0.84
-0.84 5.14 0.3199997 202643 0.84
-0.84 5.14 -0.5200005 202745 0.84
-0.84 5.14 -1.36 202846 0.84
-0.84 5.14 -2.2 202744 0.84
-0.84 5.14 -3.04 202846 0.84
-0.84 5.14 -3.88 202846 0.84
-0.84 5.14 -4.72 202744 0.84
-0.84 5.14 -5.56 232745 0.84
-0.84 5.98 9.559999 4D7AA9 0.84
-0.84 21.94 -2.2 4D7DB2 0.84
-0.84 21.1 -3.04 436DA5 0.84
-0.84 5.98 -5.56 507FAE 0.84
-0.84 6.82 9.559999 4F7EAD 0.84
-0.84 6.82 -5.56 5080AF 0.84
-0.84 7.66 9.559999 4E7CAB 0.84
-0.84 7.66 -5.56 5182B1 0.84
-0.84 8.500001 9.559999 4D7AA9 0.84
-0.84 8.500001 -5.56 5181B1 0.84
-0.84 9.340001 9.559999 4F7EAD 0.84
-0.84 9.340001 -5.56 5180B0 0.84
-0.84 10.18 9.559999 4E7CAB 0.84
-0.84 10.18 -5.56 5384B4 0.84
-0.84 11.02 9.559999 4D7BAA 0.84
-0.84 11.02 -5.56 5180B0 0.84
-0.84 11.86 9.559999 4E7CAB 0.84
-0.84 11.86 -5.56 5283B4 0.84
-0.84 12.7 9.559999 507FAE 0.84
-0.84 11.86 -4.72 568CBF 0.84
-0.84 12.7 -4.72 D7D5D7 0.84
-0.84 13.54 9.559999 4F7EAD 0.84
-0.84 13.54 -4.72 DAD5D5 0.84
-0.84 14.38 9.559999 4D7AA9 0.84
-0.84 14.38 -4.72 DAD4D3 0.84
-0.84 15.22 9.559999 5B92C2 0.84
-0.84 15.22 -4.72 ECE7E3 0.84
-0.84 16.06 9.559999 578CBB 0.84
-0.84 16.06 -4.72 ECE7E3 0.84
-0.84 16.9 8.719999 5B93C3 0.84
-0.84 16.9 -3.88 ECE7E3 0.84
-0.84 17.74 8.719999 598FBF 0.84
-0.84 17.74 -3.88 EDE8E4 0.84
-0.84 18.58 8.719999 578CBC 0.84
-0.84 18.58 -3.04 FDFBF7 0.84
-0.84 19.42 7.040001 6EB2E0 0.84
-0.84 19.42 7.880001 6EB2E0 0.84
-0.84 19.42 0.3199997 ECECED 0.84
-0.84 19.42 -0.5200005 FCFAF7 0.84
-0.84 18.58 -1.36 F6F3F0 0.84
-0.84 18.58 -2.2 F2F0EE 0.84
-0.84 19.42 6.200001 71B5E3 0.84
-0.84 20.26 5.360001 70B4E2 0.84
-0.84 20.26 4.52 70B5E3 0.84
-0.84 20.26 3.68 6FB3E1 0.84
-0.84 20.26 2.84 71B6E4 0.84
-0.84 20.26 2 6FB3E2 0.84
-0.84 20.26 1.16 70B4E3 0.84
-0.84 21.94 -3.88 4872A1 0.84
-0.84 22.78 -2.2 5B95C8 0.84
-0.84 22.78 -3.04 72B7E5 0.84
-1.68 5.14 9.559999 202846 0.84
-1.68 5.14 8.719999 202745 0.84
-1.68 5.14 7.880001 202846 0.84
-1.68 5.14 7.040001 202746 0.84
-1.68 5.14 6.200001 202643 0.84
-1.68 5.14 5.360001 202745 0.84
-1.68 5.14 4.52 202847 0.84
-1.68 5.14 3.68 202745 0.84
-1.68 5.14 2.84 202744 0.84
-1.68 5.14 2 202845 0.84
-1.68 5.14 1.16 202642 0.84
-1.68 5.14 0.3199997 202744 0.84
-1.68 5.14 -0.5200005 202643 0.84
-1.68 5.14 -1.36 202847 0.84
-1.68 5.14 -2.2 202846 0.84
-1.68 5.14 -3.04 202949 0.84
-1.68 5.14 -3.88 202847 0.84
-1.68 5.14 -4.72 202746 0.84
-1.68 5.14 -5.56 282744 0.84
-1.68 5.98 9.559999 507FAE 0.84
-1.68 21.94 -2.2 4C7BB1 0.84
-1.68 21.1 -3.04 40699F 0.84
-1.68 5.98 -5.56 507FAE 0.84
-1.68 6.82 9.559999 4E7CAB 0.84
-1.68 6.82 -5.56 5182B2 0.84
-1.68 7.66 9.559999 4F7DAC 0.84
-1.68 7.66 -5.56 4F7EAE 0.84
-1.68 8.500001 9.559999 4D7BA9 0.84
-1.68 8.500001 -5.56 5080AF 0.84
-1.68 9.340001 9.559999 4F7EAD 0.84
-1.68 9.340001 -5.56 5080AF 0.84
-1.68 10.18 9.559999 4D7AA9 0.84
-1.68 10.18 -5.56 5384B4 0.84
-1.68 11.02 9.559999 4F7DAD 0.84
-1.68 11.02 -5.56 5283B2 0.84
-1.68 11.86 9.559999 4E7BAA 0.84
-1.68 11.86 -5.56 5384B4 0.84
-1.68 12.7 9.559999 4F7EAD 0.84
-1.68 11.86 -4.72 5488BB 0.84
-1.68 12.7 -4.72 D9D7D8 0.84
-1.68 13.54 9.559999 4D7AA9 0.84
-1.68 13.54 -4.72 D8D3D3 0.84
-1.68 14.38 9.559999 4D7AA8 0.84
-1.68 14.38 -4.72 DAD4D3 0.84
-1.68 15.22 9.559999 5A90C0 0.84
-1.68 15.22 -4.72 EFEAE6 0.84
-1.68 16.06 9.559999 5A91C1 0.84
-1.68 16.06 -4.72 EDE8E4 0.84
-1.68 16.9 8.719999 598FBF 0.84
-1.68 16.9 -3.88 EDE8E5 0.84
-1.68 17.74 8.719999 588DBD 0.84
-1.68 17.74 -3.88 EEE9E5 0.84
-1.68 18.58 8.719999 598FBE 0.84
-1.68 18.58 -3.04 F9F6F3 0.84
-1.68 19.42 7.040001 6FB3E1 0.84
-1.68 19.42 7.880001 70B4E2 0.84
-1.68 19.42 0.3199997 EBEBED 0.84
-1.68 19.42 -0.5200005 FCF9F6 0.84
-1.68 18.58 -1.36 FCF8F5 0.84
-1.68 18.58 -2.2 F7F4F2 0.84
-1.68 19.42 6.200001 6FB4E1 0.84
-1.68 20.26 5.360001 6FB3E2 0.84
-1.68 20.26 4.52 6BADDC 0.84
-1.68 20.26 3.68 72B8E6 0.84
-1.68 20.26 2.84 72B8E6 0.84
-1.68 20.26 2 70B5E4 0.84
-1.68 20.26 1.16 6FB3E2 0.84
-1.68 21.94 -3.88 4871A0 0.84
-1.68 22.78 -2.2 5B95C9 0.84
-1.68 22.78 -3.04 71B5E3 0.84
-2.52 5.14 9.559999 202848 0.84
-2.52 5.14 8.719999 202745 0.84
-2.52 5.14 7.880001 202745 0.84
-2.52 5.14 7.040001 202849 0.84
-2.52 5.14 6.200001 202642 0.84
-2.52 5.14 5.360001 202744 0.84
-2.52 5.14 4.52 202745 0.84
-2.52 5.14 3.68 202948 0.84
-2.52 5.14 2.84 202847 0.84
-2.52 5.14 2 202744 0.84
-2.52 5.14 1.16 202846 0.84
-2.52 5.14 0.3199997 202744 0.84
-2.52 5.14 -0.5200005 202744 0.84
-2.52 5.14 -1.36 202846 0.84
-2.52 5.14 -2.2 202846 0.84
-2.52 5.14 -3.04 202745 0.84
-2.52 5.14 -3.88 202847 0.84
-2.52 5.14 -4.72 202745 0.84
-2.52 5.14 -5.56 282848 0.84
-2.52 5.98 9.559999 507FAE 0.84
-2.52 21.94 -2.2 4C7AAE 0.84
-2.52 21.1 -3.04 3F679F 0.84
-2.52 5.98 -5.56 5080AF 0.84
-2.52 6.82 9.559999 4F7FAE 0.84
-2.52 6.82 -5.56 5080B0 0.84
-2.52 7.66 9.559999 4F7DAC 0.84
-2.52 7.66 -5.56 5181B0 0.84
-2.52 8.500001 9.559999 4F7EAD 0.84
-2.52 8.500001 -5.56 5282B2 0.84
-2.52 9.340001 9.559999 4E7BAA 0.84
-2.52 9.340001 -5.56 5181B0 0.84
-2.52 10.18 9.559999 4E7CAB 0.84
-2.52 10.18 -5.56 5182B1 0.84
-2.52 11.02 9.559999 4C78A7 0.84
-2.52 11.02 -5.56 5180B0 0.84
-2.52 11.86 9.559999 4D7AA8 0.84
-2.52 11.86 -5.56 5283B3 0.84
-2.52 12.7 9.559999 4E7CAB 0.84
-2.52 11.86 -4.72 5285BA 0.84
-2.52 12.7 -4.72 D3D2D5 0.84
-2.52 13.54 9.559999 4C79A7 0.84
-2.52 13.54 -4.72 D5D1D2 0.84
-2.52 14.38 9.559999 4C78A7 0.84
-2.52 14.38 -4.72 D5D0D0 0.84
-2.52 15.22 9.559999 598FBF 0.84
-2.52 15.22 -4.72 E9E4E1 0.84
-2.52 16.06 9.559999 588DBD 0.84
-2.52 16.06 -4.72 EBE7E4 0.84
-2.52 16.9 8.719999 5990C0 0.84
-2.52 16.9 -3.88 EAE5E3 0.84
-2.52 17.74 8.719999 598EBE 0.84
-2.52 17.74 -3.88 E9E4E2 0.84
-2.52 18.58 8.719999 578CBC 0.84
-2.52 18.58 -3.04 F6F4F2 0.84
-2.52 19.42 7.040001 70B5E3 0.84
-2.52 19.42 7.880001 6FB2E0 0.84
-2.52 19.42 0.3199997 E6E6E9 0.84
-2.52 19.42 -0.5200005 F9F7F6 0.84
-2.52 18.58 -1.36 F4F2F0 0.84
-2.52 18.58 -2.2 F5F2F1 0.84
-2.52 19.42 6.200001 6FB4E1 0.84
-2.52 20.26 5.360001 71B6E4 0.84
-2.52 20.26 4.52 6BACDB 0.84
-2.52 20.26 3.68 72B7E5 0.84
-2.52 20.26 2.84 71B6E4 0.84
-2.52 20.26 2 71B7E5 0.84
-2.52 20.26 1.16 6FB4E3 0.84
-2.52 21.94 -3.88 47709F 0.84
-2.52 22.78 -2.2 5B96C9 0.84
-2.52 22.78 -3.04 73B9E7 0.84
-3.36 5.14 9.559999 202A4B 0.84
-3.36 5.14 6.200001 202643 0.84
-3.36 5.14 5.360001 202745 0.84
-3.36 5.14 4.52 202744 0.84
-3.36 5.14 3.68 202743 0.84
-3.36 5.14 2.84 202745 0.84
-3.36 5.14 2 202744 0.84
-3.36 5.14 1.16 202745 0.84
-3.36 5.14 0.3199997 202845 0.84
-3.36 5.14 -0.5200005 202847 0.84
-3.36 5.14 -1.36 202744 0.84
-3.36 5.14 -2.2 202745 0.84
-3.36 5.14 -5.56 2B294B 0.84
-3.36 5.98 9.559999 5080AF 0.84
-3.36 21.94 -2.2 4B79AF 0.84
-3.36 21.1 -3.04 3A6098 0.84
-3.36 5.98 -5.56 507FAF 0.84
-3.36 6.82 9.559999 4F7CAB 0.84
-3.36 6.82 -5.56 507EAE 0.84
-3.36 7.66 9.559999 4D7BAA 0.84
-3.36 7.66 -5.56 5180B0 0.84
-3.36 8.500001 9.559999 4E7CAA 0.84
-3.36 8.500001 -5.56 5181B1 0.84
-3.36 9.340001 9.559999 4E7CAB 0.84
-3.36 9.340001 -5.56 5281B1 0.84
-3.36 10.18 9.559999 4E7BAA 0.84
-3.36 10.18 -5.56 507FAE 0.84
-3.36 11.02 9.559999 4E7CAB 0.84
-3.36 11.02 -5.56 5283B3 0.84
-3.36 11.86 9.559999 4D7BAA 0.84
-3.36 11.86 -5.56 5282B2 0.84
-3.36 12.7 9.559999 4D79A8 0.84
-3.36 11.86 -4.72 4D7FB4 0.84
-3.36 12.7 -4.72 C8C7CE 0.84
-3.36 13.54 9.559999 4F7EAD 0.84
-3.36 13.54 -4.72 CAC7CB 0.84
-3.36 14.38 9.559999 4E7CAB 0.84
-3.36 14.38 -4.72 CBC7CA 0.84
-3.36 15.22 9.559999 5990C0 0.84
-3.36 15.22 -4.72 DEDBDB 0.84
-3.36 16.06 9.559999 598EBE 0.84
-3.36 16.06 -4.72 E0DDDE 0.84
-3.36 16.9 8.719999 578BBB 0.84
-3.36 16.9 -3.88 DDDADB 0.84
-3.36 17.74 8.719999 5A91C1 0.84
-3.36 17.74 -3.88 DFDCDB 0.84
-3.36 18.58 8.719999 578CBC 0.84
-3.36 18.58 -3.04 E7E6E9 0.84
-3.36 19.42 7.040001 6FB3E1 0.84
-3.36 19.42 7.880001 70B5E3 0.84
-3.36 19.42 0.3199997 D9DAE2 0.84
-3.36 19.42 -0.5200005 E9E9EA 0.84
-3.36 18.58 -1.36 E5E6E9 0.84
-3.36 18.58 -2.2 E3E3E6 0.84
-3.36 19.42 6.200001 72B7E5 0.84
-3.36 20.26 5.360001 70B5E3 0.84
-3.36 20.26 4.52 6DAFDE 0.84
-3.36 20.26 3.68 70B5E3 0.84
-3.36 20.26 2.84 71B7E5 0.84
-3.36 20.26 2 70B5E4 0.84
-3.36 20.26 1.16 6FB2E1 0.84
-3.36 21.94 -3.88 47709F 0.84
-3.36 22.78 -2.2 5A92C4 0.84
-3.36 22.78 -3.04 72B7E5 0.84
-4.2 5.14 9.559999 202B50 0.84
-4.2 0.1 8.719999 202640 0.84
-4.2 0.1 7.880001 202640 0.84
-4.2 0.1 7.040001 202640 0.84
-4.2 5.14 6.200001 202745 0.84
-4.2 5.14 5.360001 202746 0.84
-4.2 5.14 4.52 202642 0.84
-4.2 5.14 3.68 202848 0.84
-4.2 5.14 2.84 202845 0.84
-4.2 5.14 2 202744 0.84
-4.2 5.14 1.16 202848 0.84
-4.2 5.14 0.3199997 202745 0.84
-4.2 5.14 -0.5200005 202847 0.84
-4.2 5.14 -1.36 202848 0.84
-4.2 5.14 -2.2 202645 0.84
-4.2 0.1 -3.04 202640 0.84
-4.2 0.1 -3.88 20253F 0.84
-4.2 0.1 -4.72 202640 0.84
-4.2 5.14 -5.56 2B2B4F 0.84
-4.2 0.1 6.200001 3C5C88 0.84
-4.2 5.14 -3.04 57739A 0.84
-4.2 5.14 -3.88 5B7AA3 0.84
-4.2 5.14 -4.72 5576A0 0.84
-4.2 0.94 8.719999 4E7BAA 0.84
-4.2 5.14 8.719999 35476E 0.84
-4.2 0.94 -3.04 395580 0.84
-4.2 5.14 7.880001 5677A1 0.84
-4.2 5.14 7.040001 5879A2 0.84
-4.2 0.94 6.200001 3A5883 0.84
-4.2 0.94 -4.72 4F7DAC 0.84
-4.2 1.78 8.719999 4E7CAB 0.84
-4.2 1.78 -3.04 395580 0.84
-4.2 1.78 6.200001 38547F 0.84
-4.2 1.78 -4.72 507FAF 0.84
-4.2 2.62 8.719999 4C78A6 0.84
-4.2 2.62 -3.04 344E77 0.84
-4.2 2.62 6.200001 334C75 0.84
-4.2 2.62 -4.72 4F7DAD 0.84
-4.2 3.46 8.719999 4A75A4 0.84
-4.2 3.46 -3.04 31476F 0.84
-4.2 3.46 6.200001 2F446B 0.84
-4.2 3.46 -4.72 4D7BAA 0.84
-4.2 4.3 8.719999 446997 0.84
-4.2 4.3 -3.04 28385C 0.84
-4.2 4.3 6.200001 27365A 0.84
-4.2 4.3 -4.72 466D9C 0.84
-4.2 5.98 9.559999 4D7AA8 0.84
-4.2 21.94 -2.2 4773AA 0.84
-4.2 5.98 -5.56 507FAF 0.84
-4.2 6.82 9.559999 4F7DAC 0.84
-4.2 6.82 -5.56 5181B1 0.84
-4.2 7.66 9.559999 4E7CAA 0.84
-4.2 7.66 -5.56 5080AF 0.84
-4.2 8.500001 9.559999 4D79A8 0.84
-4.2 8.500001 -5.56 5182B1 0.84
-4.2 9.340001 9.559999 4F7DAC 0.84
-4.2 9.340001 -5.56 507FAE 0.84
-4.2 10.18 9.559999 4C79A8 0.84
-4.2 10.18 -5.56 5180B0 0.84
-4.2 11.02 9.559999 4E7DAC 0.84
-4.2 11.02 -5.56 5284B4 0.84
-4.2 11.86 9.559999 507FAE 0.84
-4.2 11.86 -5.56 5180B0 0.84
-4.2 12.7 9.559999 507FAE 0.84
-4.2 13.54 9.559999 4E7BAA 0.84
-4.2 14.38 9.559999 4C79A7 0.84
-4.2 15.22 9.559999 578CBC 0.84
-4.2 16.06 9.559999 5990C0 0.84
-4.2 16.06 -5.56 5D96C6 0.84
-4.2 16.9 8.719999 5990C0 0.84
-4.2 17.74 8.719999 588EBE 0.84
-4.2 18.58 8.719999 578CBC 0.84
-4.2 18.58 -4.72 5E98C8 0.84
-4.2 19.42 7.040001 71B5E3 0.84
-4.2 19.42 7.880001 71B6E4 0.84
-4.2 19.42 -3.88 63A1D3 0.84
-4.2 19.42 6.200001 71B6E4 0.84
-4.2 20.26 5.360001 70B5E2 0.84
-4.2 20.26 4.52 72B7E4 0.84
-4.2 20.26 3.68 73B9E7 0.84
-4.2 20.26 2.84 71B6E4 0.84
-4.2 20.26 2 71B6E4 0.84
-4.2 20.26 1.16 6FB3E2 0.84
-4.2 20.26 0.3199997 6FB4E3 0.84
-4.2 20.26 -0.5200005 6BAEDE 0.84
-4.2 20.26 -1.36 5F9BCF 0.84
-4.2 21.94 -3.88 466E9E 0.84
-4.2 22.78 -2.2 5A93C5 0.84
-4.2 22.78 -3.04 71B5E3 0.84
-5.04 5.14 9.559999 202B4E 0.84
-5.04 0.1 8.719999 202843 0.84
-5.04 0.1 7.880001 202640 0.84
-5.04 0.1 7.040001 202640 0.84
-5.04 5.14 6.200001 202948 0.84
-5.04 5.14 5.360001 202846 0.84
-5.04 5.14 4.52 202643 0.84
-5.04 5.14 3.68 202745 0.84
-5.04 5.14 2.84 202845 0.84
-5.04 5.14 2 202845 0.84
-5.04 5.14 1.16 202845 0.84
-5.04 5.14 0.3199997 202744 0.84
-5.04 5.14 -0.5200005 202845 0.84
-5.04 5.14 -1.36 202746 0.84
-5.04 5.14 -2.2 202746 0.84
-5.04 0.1 -3.04 202641 0.84
-5.04 0.1 -3.88 202641 0.84
-5.04 0.1 -4.72 202641 0.84
-5.04 5.14 -5.56 2B2B4F 0.84
-5.04 0.1 6.200001 3D5D89 0.84
-5.04 5.14 -3.04 567198 0.84
-5.04 5.14 -3.88 587AA4 0.84
-5.04 5.14 -4.72 5677A1 0.84
-5.04 0.94 8.719999 4E7CAA 0.84
-5.04 5.14 8.719999 33476E 0.84
-5.04 0.94 -3.04 3C5B87 0.84
-5.04 5.14 7.880001 5677A0 0.84
-5.04 5.14 7.040001 5A7AA3 0.84
-5.04 0.94 6.200001 3C5B86 0.84
-5.04 0.94 -4.72 4F7DAD 0.84
-5.04 1.78 8.719999 4E7CAC 0.84
-5.04 1.78 -3.04 3B5984 0.84
-5.04 1.78 6.200001 3A5782 0.84
-5.04 1.78 -4.72 4E7CAB 0.84
-5.04 2.62 8.719999 4E7CAB 0.84
-5.04 2.62 -3.04 37537D 0.84
-5.04 2.62 6.200001 38547E 0.84
-5.04 2.62 -4.72 4E7CAC 0.84
-5.04 3.46 8.719999 4A75A3 0.84
-5.04 3.46 -3.04 354E78 0.84
-5.04 3.46 6.200001 324A73 0.84
-5.04 3.46 -4.72 4C79A8 0.84
-5.04 4.3 8.719999 446A97 0.84
-5.04 4.3 -3.04 2D4168 0.84
-5.04 4.3 6.200001 2A3B60 0.84
-5.04 4.3 -4.72 47709E 0.84
-5.04 5.98 9.559999 4D7AA8 0.84
-5.04 19.42 -2.2 213F7B 0.84
-5.04 20.26 -3.04 4772A5 0.84
-5.04 5.98 -5.56 5181B1 0.84
-5.04 6.82 9.559999 4F7FAE 0.84
-5.04 6.82 -5.56 5181B1 0.84
-5.04 7.66 9.559999 4E7BAA 0.84
-5.04 7.66 -5.56 5283B2 0.84
-5.04 8.500001 9.559999 4E7CAA 0.84
-5.04 8.500001 -5.56 4F7EAD 0.84
-5.04 9.340001 9.559999 4F7EAD 0.84
-5.04 9.340001 -5.56 5282B2 0.84
-5.04 10.18 9.559999 4E7BAA 0.84
-5.04 10.18 -5.56 5181B1 0.84
-5.04 11.02 9.559999 4E7CAB 0.84
-5.04 11.02 -5.56 507FAF 0.84
-5.04 11.86 9.559999 4F7EAD 0.84
-5.04 11.86 -5.56 5182B2 0.84
-5.04 12.7 9.559999 4F7EAD 0.84
-5.04 12.7 -5.56 5080AF 0.84
-5.04 13.54 9.559999 4E7DAC 0.84
-5.04 13.54 -5.56 5384B4 0.84
-5.04 14.38 9.559999 4C79A7 0.84
-5.04 14.38 -5.56 5181B1 0.84
-5.04 15.22 9.559999 5A90C0 0.84
-5.04 15.22 -5.56 5E98C8 0.84
-5.04 16.06 9.559999 5A91C1 0.84
-5.04 16.06 -5.56 5F99C9 0.84
-5.04 16.9 8.719999 588DBD 0.84
-5.04 16.9 -4.72 5F98C8 0.84
-5.04 17.74 8.719999 5A91C1 0.84
-5.04 17.74 -4.72 5D96C6 0.84
-5.04 18.58 8.719999 598FBF 0.84
-5.04 18.58 -4.72 5E97C7 0.84
-5.04 19.42 7.040001 70B5E3 0.84
-5.04 19.42 7.880001 6FB2E1 0.84
-5.04 19.42 -3.88 67A8D9 0.84
-5.04 19.42 -3.04 5D99CC 0.84
-5.04 20.26 -1.36 5994CB 0.84
-5.04 19.42 6.200001 6FB3E1 0.84
-5.04 20.26 5.360001 6EB1DF 0.84
-5.04 20.26 4.52 6EB1DF 0.84
-5.04 20.26 3.68 71B6E4 0.84
-5.04 20.26 2.84 71B6E4 0.84
-5.04 20.26 2 70B6E4 0.84
-5.04 20.26 1.16 6EB2E1 0.84
-5.04 20.26 0.3199997 6FB3E2 0.84
-5.04 20.26 -0.5200005 6CAFDF 0.84
-5.04 21.1 -2.2 5A94C8 0.84
-5.04 21.1 -3.04 4670A1 0.84
-5.04 21.94 -2.2 5B95C8 0.84
-5.04 21.94 -3.88 4771A1 0.84
-5.04 22.78 -2.2 5A94C6 0.84
-5.04 22.78 -3.04 73B8E6 0.84
-5.88 5.14 9.559999 202B4D 0.84
-5.88 5.14 8.719999 202C50 0.84
-5.88 5.14 7.880001 202C52 0.84
-5.88 5.14 7.040001 202D51 0.84
-5.88 5.14 6.200001 202A4C 0.84
-5.88 5.14 5.360001 202949 0.84
-5.88 5.14 4.52 202847 0.84
-5.88 5.14 3.68 202846 0.84
-5.88 5.14 2.84 202845 0.84
-5.88 5.14 2 202744 0.84
-5.88 5.14 1.16 202744 0.84
-5.88 5.14 0.3199997 202946 0.84
-5.88 5.14 -0.5200005 202846 0.84
-5.88 5.14 -1.36 202948 0.84
-5.88 5.14 -2.2 202848 0.84
-5.88 5.14 -3.04 202B4E 0.84
-5.88 5.14 -3.88 202D54 0.84
-5.88 5.14 -4.72 202B4F 0.84
-5.88 5.14 -5.56 292A4B 0.84
-5.04 0.94 7.880001 5182B1 0.84
-5.04 0.94 7.040001 5283B3 0.84
-5.04 0.94 -3.88 507FAF 0.84
-5.04 1.78 7.880001 5181B0 0.84
-5.04 1.78 7.040001 5284B4 0.84
-5.04 1.78 -3.88 5080B0 0.84
-5.04 2.62 7.880001 507FAF 0.84
-5.04 2.62 7.040001 5080B1 0.84
-5.04 2.62 -3.88 4F7DAD 0.84
-5.04 3.46 7.880001 4E7DAC 0.84
-5.04 3.46 7.040001 4E7BAB 0.84
-5.04 3.46 -3.88 4E7CAC 0.84
-5.04 4.3 7.880001 47709F 0.84
-5.04 4.3 7.040001 476F9D 0.84
-5.04 4.3 -3.88 476F9D 0.84
-5.88 5.98 9.559999 4D7AA9 0.84
-5.88 5.98 -5.56 5080B0 0.84
-5.88 6.82 9.559999 4F7DAC 0.84
-5.88 6.82 -5.56 507FAF 0.84
-5.88 7.66 9.559999 4E7CAA 0.84
-5.88 7.66 -5.56 507FAE 0.84
-5.88 8.500001 9.559999 4E7CAA 0.84
-5.88 8.500001 -5.56 5282B2 0.84
-5.88 9.340001 9.559999 4E7DAC 0.84
-5.88 9.340001 -5.56 5181B1 0.84
-5.88 10.18 9.559999 4E7DAC 0.84
-5.88 10.18 -5.56 5282B2 0.84
-5.88 11.02 9.559999 4E7BAA 0.84
-5.88 11.02 -5.56 5282B2 0.84
-5.88 11.86 9.559999 4D7BA9 0.84
-5.88 11.86 -5.56 5182B2 0.84
-5.88 12.7 9.559999 4E7CAB 0.84
-5.88 12.7 -5.56 5284B4 0.84
-5.88 13.54 9.559999 4D7BA9 0.84
-5.88 13.54 -5.56 5283B3 0.84
-5.88 14.38 9.559999 4E7BAA 0.84
-5.88 14.38 -5.56 5283B3 0.84
-5.88 15.22 9.559999 598FBF 0.84
-5.88 15.22 -5.56 609ACA 0.84
-5.88 16.06 9.559999 598FBF 0.84
-5.88 16.06 -5.56 5E98C8 0.84
-5.88 16.9 8.719999 598FBE 0.84
-5.88 16.9 -4.72 5E98C8 0.84
-5.88 17.74 8.719999 598FBF 0.84
-5.88 17.74 -4.72 5E98C8 0.84
-5.88 18.58 8.719999 5A91C1 0.84
-5.88 18.58 -4.72 5D96C7 0.84
-5.88 19.42 7.040001 70B4E2 0.84
-5.88 19.42 7.880001 70B4E2 0.84
-5.88 19.42 -3.88 6BADDC 0.84
-5.88 19.42 -3.04 66A5D7 0.84
-5.88 19.42 6.200001 6FB4E1 0.84
-5.88 20.26 5.360001 70B5E3 0.84
-5.88 20.26 4.52 71B6E4 0.84
-5.88 20.26 3.68 72B7E5 0.84
-5.88 20.26 2.84 72B7E5 0.84
-5.88 20.26 2 70B5E3 0.84
-5.88 20.26 1.16 6FB3E2 0.84
-5.88 20.26 0.3199997 70B5E3 0.84
-5.88 20.26 -0.5200005 6DB0DF 0.84
-5.88 20.26 -1.36 65A6D9 0.84
-5.88 19.42 -2.2 568EC6 0.84
-5.88 20.26 -2.2 5185BA 0.84
-5.88 21.1 -2.2 5081B2 0.84
-5.88 21.1 -3.04 5080B1 0.84
-5.88 21.94 -2.2 334B73 0.84
-5.88 21.94 -3.04 5182B3 0.84
-6.72 5.98 9.559999 5283B3 0.84
-6.72 5.98 8.719999 5283B3 0.84
-6.72 5.98 7.880001 5384B4 0.84
-6.72 5.98 7.040001 5182B2 0.84
-6.72 5.98 6.200001 5080B0 0.84
-6.72 5.98 5.360001 5283B3 0.84
-6.72 5.98 4.52 5282B2 0.84
-6.72 5.98 3.68 5385B5 0.84
-6.72 5.98 2.84 5283B3 0.84
-6.72 5.98 2 507FAF 0.84
-6.72 5.98 1.16 5182B2 0.84
-6.72 5.98 0.3199997 5283B3 0.84
-6.72 5.98 -0.5200005 5282B2 0.84
-6.72 5.98 -1.36 5282B2 0.84
-6.72 5.98 -2.2 5182B2 0.84
-6.72 5.98 -3.04 5282B2 0.84
-6.72 5.98 -3.88 5384B4 0.84
-6.72 5.98 -4.72 5384B4 0.84
-6.72 5.98 -5.56 222E4C 0.84
-6.72 6.82 9.559999 5282B2 0.84
-6.72 6.82 8.719999 507FAF 0.84
-6.72 6.82 7.880001 5182B2 0.84
-6.72 6.82 7.040001 5385B5 0.84
-6.72 6.82 6.200001 5181B1 0.84
-6.72 6.82 5.360001 5080B0 0.84
-6.72 6.82 4.52 5182B2 0.84
-6.72 6.82 3.68 5182B2 0.84
-6.72 6.82 2.84 5282B2 0.84
-6.72 6.82 2 5284B4 0.84
-6.72 6.82 1.16 5282B3 0.84
-6.72 6.82 0.3199997 5181B1 0.84
-6.72 6.82 -0.5200005 5182B2 0.84
-6.72 6.82 -1.36 5282B2 0.84
-6.72 6.82 -2.2 5181B1 0.84
-6.72 6.82 -3.04 5181B1 0.84
-6.72 6.82 -3.88 5385B5 0.84
-6.72 6.82 -4.72 5283B3 0.84
-6.72 6.82 -5.56 243252 0.84
-6.72 7.66 9.559999 5284B4 0.84
-6.72 7.66 8.719999 5283B3 0.84
-6.72 7.66 7.880001 5385B5 0.84
-6.72 7.66 7.040001 5182B2 0.84
-6.72 7.66 6.200001 5283B4 0.84
-6.72 7.66 5.360001 5284B4 0.84
-6.72 7.66 4.52 5080B0 0.84
-6.72 7.66 3.68 5283B3 0.84
-6.72 7.66 2.84 5283B3 0.84
-6.72 7.66 2 5283B3 0.84
-6.72 7.66 1.16 5283B3 0.84
-6.72 7.66 0.3199997 5181B1 0.84
-6.72 7.66 -0.5200005 5283B3 0.84
-6.72 7.66 -1.36 5181B1 0.84
-6.72 7.66 -2.2 507FAF 0.84
-6.72 7.66 -3.04 5283B3 0.84
-6.72 7.66 -3.88 5282B2 0.84
-6.72 7.66 -4.72 5081B0 0.84
-6.72 7.66 -5.56 222F4D 0.84
-6.72 8.500001 9.559999 5385B5 0.84
-6.72 8.500001 8.719999 5182B2 0.84
-6.72 8.500001 7.880001 5283B3 0.84
-6.72 8.500001 7.040001 5385B6 0.84
-6.72 8.500001 6.200001 5283B3 0.84
-6.72 8.500001 5.360001 5283B3 0.84
-6.72 8.500001 4.52 5182B2 0.84
-6.72 8.500001 3.68 5182B2 0.84
-6.72 8.500001 2.84 5182B2 0.84
-6.72 8.500001 2 5080B0 0.84
-6.72 8.500001 1.16 5283B3 0.84
-6.72 8.500001 0.3199997 5283B3 0.84
-6.72 8.500001 -0.5200005 5283B3 0.84
-6.72 8.500001 -1.36 5182B2 0.84
-6.72 8.500001 -2.2 5080B0 0.84
-6.72 8.500001 -3.04 507FAF 0.84
-6.72 8.500001 -3.88 5384B4 0.84
-6.72 8.500001 -4.72 5384B4 0.84
-6.72 8.500001 -5.56 232F4D 0.84
-6.72 9.340001 9.559999 5283B3 0.84
-6.72 9.340001 8.719999 5284B4 0.84
-6.72 9.340001 7.880001 5384B4 0.84
-6.72 9.340001 7.040001 5181B1 0.84
-6.72 9.340001 6.200001 5384B4 0.84
-6.72 9.340001 5.360001 5384B4 0.84
-6.72 9.340001 4.52 5283B3 0.84
-6.72 9.340001 3.68 5182B1 0.84
-6.72 9.340001 2.84 5181B1 0.84
-6.72 9.340001 2 5181B1 0.84
-6.72 9.340001 1.16 5181B1 0.84
-6.72 9.340001 0.3199997 5182B2 0.84
-6.72 9.340001 -0.5200005 5182B2 0.84
-6.72 9.340001 -1.36 5486B6 0.84
-6.72 9.340001 -2.2 5181B1 0.84
-6.72 9.340001 -3.04 5181B1 0.84
-6.72 9.340001 -3.88 5181B1 0.84
-6.72 9.340001 -4.72 5182B2 0.84
-6.72 9.340001 -5.56 222F4D 0.84
-6.72 10.18 9.559999 5182B1 0.84
-6.72 10.18 8.719999 5181B1 0.84
-6.72 10.18 7.880001 5283B3 0.84
-6.72 10.18 7.040001 5283B3 0.84
-6.72 10.18 6.200001 5284B4 0.84
-6.72 10.18 5.360001 5080B0 0.84
-6.72 10.18 4.52 5181B1 0.84
-6.72 10.18 3.68 5182B2 0.84
-6.72 10.18 2.84 5384B5 0.84
-6.72 10.18 2 5283B3 0.84
-6.72 10.18 1.16 5182B2 0.84
-6.72 10.18 0.3199997 5182B2 0.84
-6.72 10.18 -0.5200005 5283B3 0.84
-6.72 10.18 -1.36 5181B1 0.84
-6.72 10.18 -2.2 5182B2 0.84
-6.72 10.18 -3.04 5283B3 0.84
-6.72 10.18 -3.88 5180B0 0.84
-6.72 10.18 -4.72 5181B1 0.84
-6.72 10.18 -5.56 243050 0.84
-6.72 11.02 9.559999 5181B1 0.84
-6.72 11.02 8.719999 5080B0 0.84
-6.72 11.02 7.880001 5283B4 0.84
-6.72 11.02 7.040001 5182B2 0.84
-6.72 11.02 6.200001 5283B3 0.84
-6.72 11.02 5.360001 5080B0 0.84
-6.72 11.02 4.52 5283B3 0.84
-6.72 11.02 3.68 5384B4 0.84
-6.72 11.02 2.84 5182B2 0.84
-6.72 11.02 2 5282B2 0.84
-6.72 11.02 1.16 5080B0 0.84
-6.72 11.02 0.3199997 5384B4 0.84
-6.72 11.02 -0.5200005 5384B4 0.84
-6.72 11.02 -1.36 5384B5 0.84
-6.72 11.02 -2.2 5182B2 0.84
-6.72 11.02 -3.04 5181B1 0.84
-6.72 11.02 -3.88 5283B3 0.84
-6.72 11.02 -4.72 5181B1 0.84
-6.72 11.02 -5.56 222E4C 0.84
-6.72 11.86 9.559999 5282B2 0.84
-6.72 11.86 8.719999 5283B3 0.84
-6.72 11.86 7.880001 5182B2 0.84
-6.72 11.86 7.040001 5283B3 0.84
-6.72 11.86 6.200001 5182B2 0.84
-6.72 11.86 5.360001 5181B1 0.84
-6.72 11.86 4.52 5282B2 0.84
-6.72 11.86 3.68 5080B0 0.84
-6.72 11.86 2.84 5284B4 0.84
-6.72 11.86 2 5181B1 0.84
-6.72 11.86 1.16 5181B1 0.84
-6.72 11.86 0.3199997 5283B3 0.84
-6.72 11.86 -0.5200005 5181B1 0.84
-6.72 11.86 -1.36 5282B2 0.84
-6.72 11.86 -2.2 5283B3 0.84
-6.72 11.86 -3.04 5182B1 0.84
-6.72 11.86 -3.88 4F7FAE 0.84
-6.72 11.86 -4.72 5283B3 0.84
-6.72 11.86 -5.56 232F4E 0.84
-6.72 12.7 9.559999 5282B2 0.84
-6.72 12.7 8.719999 5283B3 0.84
-6.72 12.7 7.880001 5080B0 0.84
-6.72 12.7 7.040001 5080B0 0.84
-6.72 12.7 6.200001 5080B0 0.84
-6.72 12.7 5.360001 5182B2 0.84
-6.72 12.7 4.52 5283B3 0.84
-6.72 12.7 3.68 5283B3 0.84
-6.72 12.7 2.84 5283B4 0.84
-6.72 12.7 2 5181B0 0.84
-6.72 12.7 1.16 5283B4 0.84
-6.72 12.7 0.3199997 5182B2 0.84
-6.72 12.7 -0.5200005 5283B3 0.84
-6.72 12.7 -1.36 5182B2 0.84
-6.72 12.7 -2.2 5283B3 0.84
-6.72 12.7 -3.04 5181B1 0.84
-6.72 12.7 -3.88 5080B0 0.84
-6.72 12.7 -4.72 5181B1 0.84
-6.72 12.7 -5.56 232F4E 0.84
-6.72 13.54 9.559999 5385B5 0.84
-6.72 13.54 8.719999 5282B2 0.84
-6.72 13.54 7.880001 5182B2 0.84
-6.72 13.54 7.040001 5181B1 0.84
-6.72 13.54 6.200001 5181B1 0.84
-6.72 13.54 5.360001 5384B4 0.84
-6.72 13.54 4.52 5181B1 0.84
-6.72 13.54 3.68 5282B2 0.84
-6.72 13.54 2.84 5182B2 0.84
-6.72 13.54 2 5384B4 0.84
-6.72 13.54 1.16 5282B3 0.84
-6.72 13.54 0.3199997 5182B2 0.84
-6.72 13.54 -0.5200005 5182B2 0.84
-6.72 13.54 -1.36 5181B1 0.84
-6.72 13.54 -2.2 5283B3 0.84
-6.72 13.54 -3.04 5182B2 0.84
-6.72 13.54 -3.88 5182B2 0.84
-6.72 13.54 -4.72 5182B2 0.84
-6.72 13.54 -5.56 23304F 0.84
-6.72 14.38 9.559999 5385B5 0.84
-6.72 14.38 8.719999 5282B2 0.84
-6.72 14.38 7.880001 5182B2 0.84
-6.72 14.38 7.040001 5385B5 0.84
-6.72 14.38 6.200001 5181B1 0.84
-6.72 14.38 5.360001 5283B3 0.84
-6.72 14.38 4.52 5283B3 0.84
-6.72 14.38 3.68 5182B2 0.84
-6.72 14.38 2.84 5284B4 0.84
-6.72 14.38 2 5182B2 0.84
-6.72 14.38 1.16 5283B3 0.84
-6.72 14.38 0.3199997 5283B3 0.84
-6.72 14.38 -0.5200005 5283B3 0.84
-6.72 14.38 -1.36 5181B1 0.84
-6.72 14.38 -2.2 5283B3 0.84
-6.72 14.38 -3.04 5182B2 0.84
-6.72 14.38 -3.88 507FAF 0.84
-6.72 14.38 -4.72 5283B3 0.84
-6.72 14.38 -5.56 243151 0.84
-6.72 15.22 9.559999 5980AF 0.84
-6.72 15.22 8.719999 5182B2 0.84
-6.72 15.22 7.880001 5384B4 0.84
-6.72 15.22 7.040001 4F7EAE 0.84
-6.72 15.22 6.200001 5283B3 0.84
-6.72 15.22 5.360001 5182B2 0.84
-6.72 15.22 4.52 5283B3 0.84
-6.72 15.22 3.68 5283B3 0.84
-6.72 15.22 2.84 5181B1 0.84
-6.72 15.22 2 5182B2 0.84
-6.72 15.22 1.16 5384B4 0.84
-6.72 15.22 0.3199997 5181B1 0.84
-6.72 15.22 -0.5200005 5282B2 0.84
-6.72 15.22 -1.36 5283B3 0.84
-6.72 15.22 -2.2 5283B3 0.84
-6.72 15.22 -3.04 5182B2 0.84
-6.72 15.22 -3.88 5181B1 0.84
-6.72 15.22 -4.72 5181B1 0.84
-6.72 15.22 -5.56 365078 0.84
-6.72 16.06 8.719999 5181B0 0.84
-6.72 16.06 7.880001 5080AF 0.84
-6.72 16.06 7.040001 5283B3 0.84
-6.72 16.06 6.200001 5283B4 0.84
-6.72 16.06 5.360001 5284B4 0.84
-6.72 16.06 4.52 5385B5 0.84
-6.72 16.06 3.68 5181B1 0.84
-6.72 16.06 2.84 5283B3 0.84
-6.72 16.06 2 5283B3 0.84
-6.72 16.06 1.16 5080B0 0.84
-6.72 16.06 0.3199997 5283B3 0.84
-6.72 16.06 -0.5200005 5181B1 0.84
-6.72 16.06 -1.36 5283B3 0.84
-6.72 16.06 -2.2 5182B2 0.84
-6.72 16.06 -3.04 5284B4 0.84
-6.72 16.06 -3.88 5181B1 0.84
-6.72 16.06 -4.72 5385B5 0.84
-6.72 16.9 8.719999 5283B3 0.84
-6.72 16.9 7.880001 5080AF 0.84
-6.72 16.9 7.040001 5181B1 0.84
-6.72 16.9 6.200001 5283B3 0.84
-6.72 16.9 5.360001 5182B1 0.84
-6.72 16.9 4.52 5283B3 0.84
-6.72 16.9 3.68 5283B3 0.84
-6.72 16.9 2.84 5181B1 0.84
-6.72 16.9 2 5181B1 0.84
-6.72 16.9 1.16 5181B1 0.84
-6.72 16.9 0.3199997 5282B2 0.84
-6.72 16.9 -0.5200005 5384B4 0.84
-6.72 16.9 -1.36 5181B1 0.84
-6.72 16.9 -2.2 5181B1 0.84
-6.72 16.9 -3.04 5080B0 0.84
-6.72 16.9 -3.88 5383B4 0.84
-6.72 16.9 -4.72 5181B1 0.84
-6.72 17.74 8.719999 5F7FAF 0.84
-6.72 17.74 7.880001 5384B5 0.84
-6.72 17.74 7.040001 5283B3 0.84
-6.72 17.74 6.200001 5080B0 0.84
-6.72 17.74 5.360001 5182B1 0.84
-6.72 17.74 4.52 5284B4 0.84
-6.72 17.74 3.68 5385B5 0.84
-6.72 17.74 2.84 5283B3 0.84
-6.72 17.74 2 5181B0 0.84
-6.72 17.74 1.16 5181B1 0.84
-6.72 17.74 0.3199997 5181B1 0.84
-6.72 17.74 -0.5200005 5182B2 0.84
-6.72 17.74 -1.36 5282B2 0.84
-6.72 17.74 -2.2 5384B4 0.84
-6.72 17.74 -3.04 5181B1 0.84
-6.72 17.74 -3.88 5182B2 0.84
-6.72 17.74 -4.72 4A74A3 0.84
-6.72 18.58 7.880001 5384B4 0.84
-6.72 18.58 7.040001 5181B1 0.84
-6.72 18.58 6.200001 5080B0 0.84
-6.72 18.58 5.360001 5181B1 0.84
-6.72 18.58 4.52 5182B2 0.84
-6.72 18.58 3.68 5181B1 0.84
-6.72 18.58 2.84 5384B5 0.84
-6.72 18.58 2 5080B1 0.84
-6.72 18.58 1.16 5283B3 0.84
-6.72 18.58 0.3199997 5080B0 0.84
-6.72 18.58 -0.5200005 5080B0 0.84
-6.72 18.58 -1.36 5182B2 0.84
-6.72 18.58 -2.2 5080B0 0.84
-6.72 18.58 -3.04 5283B3 0.84
-6.72 18.58 -3.88 5385B5 0.84
-6.72 19.42 7.040001 8777A3 0.84
-6.72 19.42 6.200001 717DAB 0.84
-6.72 19.42 5.360001 5181B1 0.84
-6.72 19.42 4.52 5283B3 0.84
-6.72 19.42 3.68 5282B2 0.84
-6.72 19.42 2.84 5282B2 0.84
-6.72 19.42 2 5182B2 0.84
-6.72 19.42 1.16 5284B4 0.84
-6.72 19.42 0.3199997 5283B3 0.84
-6.72 19.42 -0.5200005 5182B2 0.84
-6.72 19.42 -1.36 5181B1 0.84
-6.72 19.42 -2.2 5181B1 0.84
-6.72 19.42 -3.04 5282B3 0.84
