2.100001 0.42 -2.1 181818 0.42
1.68 0.42 -2.52 181818 0.42
1.26 0.42 -2.52 181818 0.42
0.8400003 0.42 -2.52 181818 0.42
0.4200003 0.42 -2.52 181818 0.42
2.384186E-07 0.42 -2.52 181818 0.42
-0.4199998 0.42 -2.1 181818 0.42
2.384186E-07 0.84 -2.1 181818 0.42
-0.4199998 0.84 -2.1 181818 0.42
-0.4199998 1.26 -2.1 181818 0.42
-0.8399999 1.26 -2.100001 181818 0.42
1.192093E-07 1.68 -1.26 E7E7E7 0.42
-0.4199998 1.68 -2.52 181818 0.42
-0.8399999 1.68 -2.100001 E7E7E7 0.42
-1.26 1.68 -2.1 E7E7E7 0.42
-1.68 1.68 -2.100001 E7E7E7 0.42
-4.620001 1.68 -0.4200006 E7E7E7 0.42
-5.040001 1.68 -0.8400006 E7E7E7 0.42
-5.460001 1.68 -0.8400006 E7E7E7 0.42
-5.880001 1.68 -0.4200006 E7E7E7 0.42
2.384186E-07 2.1 -2.52 E7E7E7 0.42
-0.4199998 2.1 -2.52 E7E7E7 0.42
-0.8399999 2.1 -2.520001 E7E7E7 0.42
-1.26 2.1 -2.52 E7E7E7 0.42
-1.68 2.1 -2.520001 E7E7E7 0.42
-2.1 2.1 -2.100001 E7E7E7 0.42
-2.52 2.1 -2.100001 E7E7E7 0.42
-2.94 2.1 -2.100001 E7E7E7 0.42
-3.36 2.1 -1.680001 E7E7E7 0.42
-3.78 2.1 -1.680001 E7E7E7 0.42
-4.200001 2.1 -1.680001 E7E7E7 0.42
-4.620001 2.1 -1.260001 E7E7E7 0.42
-5.040001 2.1 -1.260001 E7E7E7 0.42
-5.460001 2.1 -0.8400006 E7E7E7 0.42
-5.880001 2.1 -0.8400006 E7E7E7 0.42
-6.300001 2.1 -0.420001 181818 0.42
2.384186E-07 2.52 -2.52 E7E7E7 0.42
-0.4199998 2.52 -2.94 E7E7E7 0.42
-0.8399999 2.52 -2.940001 E7E7E7 0.42
-1.26 2.52 -2.52 E7E7E7 0.42
-1.68 2.52 -2.520001 E7E7E7 0.42
-2.1 2.52 -2.520001 E7E7E7 0.42
-2.52 2.52 -2.520001 E7E7E7 0.42
-2.94 2.52 -2.100001 E7E7E7 0.42
-3.36 2.52 -2.100001 E7E7E7 0.42
-3.78 2.52 -2.100001 E7E7E7 0.42
-4.200001 2.52 -1.680001 E7E7E7 0.42
-4.620001 2.52 -1.680001 E7E7E7 0.42
-5.040001 2.52 -1.260001 E7E7E7 0.42
-5.460001 2.52 -1.260001 181818 0.42
-5.880001 2.52 -0.8400006 181818 0.42
-6.300001 2.52 -0.420001 181818 0.42
0.4200003 2.94 -2.52 E7E7E7 0.42
2.384186E-07 2.94 -2.94 E7E7E7 0.42
-0.4199998 2.94 -2.94 E7E7E7 0.42
-0.8399999 2.94 -2.940001 E7E7E7 0.42
-1.26 2.94 -2.940001 E7E7E7 0.42
-1.68 2.94 -2.940001 E7E7E7 0.42
-2.1 2.94 -2.520001 E7E7E7 0.42
-2.52 2.94 -2.520001 E7E7E7 0.42
-2.94 2.94 -2.520001 E7E7E7 0.42
-3.36 2.94 -2.100001 E7E7E7 0.42
-3.78 2.94 -2.100001 E7E7E7 0.42
-4.200001 2.94 -2.100001 E7E7E7 0.42
-4.620001 2.94 -1.680001 181818 0.42
-5.040001 2.94 -1.680001 181818 0.42
-5.460001 2.94 -1.260001 181818 0.42
-5.880001 2.94 -0.4200006 181818 0.42
0.8400003 3.36 -1.68 E7E7E7 0.42
0.4200003 3.36 -2.94 E7E7E7 0.42
2.384186E-07 3.36 -2.94 E7E7E7 0.42
-0.4199998 3.36 -2.94 E7E7E7 0.42
-0.8399999 3.36 -2.940001 E7E7E7 0.42
-1.26 3.36 -2.940001 E7E7E7 0.42
-1.68 3.36 -2.940001 E7E7E7 0.42
-2.1 3.36 -2.940001 E7E7E7 0.42
-2.52 3.36 -2.520001 E7E7E7 0.42
-2.94 3.36 -2.520001 E7E7E7 0.42
-3.36 3.36 -2.520001 E7E7E7 0.42
-3.78 3.36 -2.520001 181818 0.42
-4.200001 3.36 -2.100001 181818 0.42
-4.620001 3.36 -1.680001 181818 0.42
-5.040001 3.36 -1.680001 181818 0.42
-5.460001 3.36 -0.8400006 181818 0.42
-5.880001 3.36 -0.4200006 181818 0.42
1.680001 3.78 -6.300001 181818 0.42
1.26 3.78 -1.26 E7E7E7 0.42
0.8400003 3.78 -2.52 E7E7E7 0.42
0.4200003 3.78 -2.94 E7E7E7 0.42
2.384186E-07 3.78 -2.94 E7E7E7 0.42
-0.4199996 3.78 -3.36 E7E7E7 0.42
-0.8399996 3.78 -3.360001 E7E7E7 0.42
-1.26 3.78 -3.360001 E7E7E7 0.42
-1.68 3.78 -2.940001 E7E7E7 0.42
-2.1 3.78 -2.940001 E7E7E7 0.42
-2.52 3.78 -2.940001 E7E7E7 0.42
-2.94 3.78 -2.940001 E7E7E7 0.42
-3.36 3.78 -2.520001 181818 0.42
-3.78 3.78 -2.520001 181818 0.42
-4.200001 3.78 -2.100001 181818 0.42
-4.620001 3.78 -2.100001 181818 0.42
-5.040001 3.78 -1.260001 181818 0.42
-5.460001 3.78 -0.4200006 181818 0.42
2.100001 4.2 -6.300001 181818 0.42
1.680001 4.2 -6.300001 181818 0.42
1.26 4.2 -2.1 E7E7E7 0.42
0.8400003 4.2 -2.94 E7E7E7 0.42
0.4200005 4.2 -3.36 E7E7E7 0.42
4.768372E-07 4.2 -3.36 E7E7E7 0.42
-0.4199996 4.2 -3.36 E7E7E7 0.42
-0.8399996 4.2 -3.360001 E7E7E7 0.42
-1.26 4.2 -3.360001 E7E7E7 0.42
-1.68 4.2 -3.360001 E7E7E7 0.42
-2.1 4.2 -3.360001 E7E7E7 0.42
-2.52 4.2 -2.940001 E7E7E7 0.42
-2.94 4.2 -2.940001 181818 0.42
-3.36 4.2 -2.520001 181818 0.42
-3.78 4.2 -2.520001 181818 0.42
-4.200001 4.2 -2.100001 181818 0.42
-4.620001 4.2 -1.680001 181818 0.42
-5.040001 4.2 -0.8400006 181818 0.42
-5.460001 4.2 -0.4200006 181818 0.42
2.520001 4.62 -6.300001 181818 0.42
2.100001 4.62 -6.300001 181818 0.42
1.680001 4.62 -6.300001 181818 0.42
1.26 4.62 -2.94 E7E7E7 0.42
0.8400006 4.62 -3.36 E7E7E7 0.42
0.4200005 4.62 -3.36 E7E7E7 0.42
4.768372E-07 4.62 -3.36 E7E7E7 0.42
-0.4199996 4.62 -3.36 E7E7E7 0.42
-0.8399996 4.62 -3.360001 E7E7E7 0.42
-1.26 4.62 -3.360001 E7E7E7 0.42
-1.68 4.62 -3.360001 E7E7E7 0.42
-2.1 4.62 -3.360001 E7E7E7 0.42
-2.52 4.62 -3.360001 181818 0.42
-2.94 4.62 -2.940001 181818 0.42
-3.36 4.62 -2.940001 181818 0.42
-3.78 4.62 -2.520001 181818 0.42
-4.200001 4.62 -2.100001 181818 0.42
-4.620001 4.62 -1.260001 181818 0.42
-5.040001 4.62 -0.8400006 181818 0.42
2.520001 5.04 -5.88 181818 0.42
2.100001 5.04 -5.88 181818 0.42
1.680001 5.04 -5.88 181818 0.42
1.260001 5.04 -5.880001 181818 0.42
0.8400006 5.04 -3.36 E7E7E7 0.42
0.4200005 5.04 -3.36 E7E7E7 0.42
4.768372E-07 5.04 -3.36 E7E7E7 0.42
-0.4199996 5.04 -3.36 E7E7E7 0.42
-0.8399996 5.04 -3.780001 E7E7E7 0.42
-1.26 5.04 -3.780001 E7E7E7 0.42
-1.68 5.04 -3.780001 E7E7E7 0.42
-2.1 5.04 -3.360001 181818 0.42
-2.52 5.04 -3.360001 181818 0.42
-2.94 5.04 -2.940001 181818 0.42
-3.36 5.04 -2.940001 181818 0.42
-3.78 5.04 -2.520001 181818 0.42
-4.200001 5.04 -2.100001 181818 0.42
-4.620001 5.04 -1.260001 181818 0.42
-5.040001 5.04 -0.4200006 181818 0.42
2.520001 5.46 -5.88 181818 0.42
2.100001 5.46 -5.88 181818 0.42
1.680001 5.46 -5.88 181818 0.42
1.260001 5.46 -5.880001 181818 0.42
0.8400006 5.46 -3.36 E7E7E7 0.42
0.4200005 5.46 -3.36 E7E7E7 0.42
4.768372E-07 5.46 -3.36 E7E7E7 0.42
-0.4199996 5.46 -3.78 E7E7E7 0.42
-0.8399996 5.46 -3.780001 E7E7E7 0.42
-1.26 5.46 -3.780001 E7E7E7 0.42
-1.68 5.46 -3.780001 181818 0.42
-2.1 5.46 -3.780001 181818 0.42
-2.52 5.46 -3.360001 181818 0.42
-2.94 5.46 -3.360001 181818 0.42
-3.36 5.46 -2.940001 181818 0.42
-3.78 5.46 -2.520001 181818 0.42
-4.200001 5.46 -1.680001 181818 0.42
-4.620001 5.46 -1.260001 181818 0.42
-5.040001 5.46 -0.4200006 181818 0.42
2.520001 5.88 -5.88 181818 0.42
2.100001 5.88 -5.88 181818 0.42
1.680001 5.88 -5.88 181818 0.42
1.260001 5.88 -5.880001 181818 0.42
0.8400006 5.88 -3.36 E7E7E7 0.42
0.4200005 5.88 -3.36 E7E7E7 0.42
4.768372E-07 5.88 -3.36 E7E7E7 0.42
-0.4199996 5.88 -3.78 E7E7E7 0.42
-0.8399996 5.88 -3.780001 E7E7E7 0.42
-1.26 5.88 -3.780001 E7E7E7 0.42
-1.68 5.88 -3.780001 181818 0.42
-2.1 5.88 -3.780001 181818 0.42
-2.52 5.88 -3.360001 181818 0.42
-2.94 5.88 -3.360001 181818 0.42
-3.36 5.88 -2.940001 181818 0.42
-3.78 5.88 -2.520001 181818 0.42
-4.200001 5.88 -1.680001 181818 0.42
-4.620001 5.88 -0.8400006 181818 0.42
-5.040001 5.88 -4.768372E-07 181818 0.42
2.520001 6.3 -5.88 181818 0.42
2.100001 6.3 -5.88 181818 0.42
1.680001 6.3 -5.46 181818 0.42
1.260001 6.3 -5.460001 181818 0.42
0.8400006 6.3 -5.460001 181818 0.42
0.4200005 6.3 -3.36 E7E7E7 0.42
4.768372E-07 6.3 -3.36 E7E7E7 0.42
-0.4199996 6.3 -3.36 E7E7E7 0.42
-0.8399996 6.3 -3.780001 E7E7E7 0.42
-1.26 6.3 -3.780001 181818 0.42
-1.68 6.3 -3.780001 181818 0.42
-2.1 6.3 -3.780001 181818 0.42
-2.52 6.3 -3.360001 181818 0.42
-2.94 6.3 -3.360001 181818 0.42
-3.36 6.3 -2.940001 181818 0.42
-3.78 6.3 -2.100001 181818 0.42
-4.200001 6.3 -1.680001 181818 0.42
-4.620001 6.3 -0.8400006 181818 0.42
2.520001 6.72 -5.46 181818 0.42
2.100001 6.72 -5.46 181818 0.42
1.680001 6.72 -5.46 181818 0.42
1.260001 6.72 -5.460001 181818 0.42
0.8400006 6.72 -5.460001 181818 0.42
0.4200005 6.72 -3.36 E7E7E7 0.42
4.768372E-07 6.72 -3.36 E7E7E7 0.42
-0.4199996 6.72 -3.36 E7E7E7 0.42
-0.8399996 6.72 -3.780001 E7E7E7 0.42
-1.26 6.72 -3.780001 181818 0.42
-1.68 6.72 -3.780001 181818 0.42
-2.1 6.72 -3.360001 181818 0.42
-2.52 6.72 -3.360001 181818 0.42
-2.94 6.72 -3.360001 181818 0.42
-3.36 6.72 -2.940001 181818 0.42
-3.78 6.72 -2.100001 181818 0.42
-4.200001 6.72 -1.260001 181818 0.42
-4.620001 6.72 -0.4200006 181818 0.42
2.520001 7.14 -5.46 181818 0.42
2.100001 7.14 -5.46 181818 0.42
1.680001 7.14 -5.46 181818 0.42
1.260001 7.14 -5.460001 181818 0.42
0.8400006 7.14 -5.460001 181818 0.42
0.4200005 7.14 -3.36 E7E7E7 0.42
4.768372E-07 7.14 -3.36 E7E7E7 0.42
-0.4199996 7.14 -3.36 E7E7E7 0.42
-0.8399996 7.14 -3.780001 E7E7E7 0.42
-1.26 7.14 -3.780001 181818 0.42
-1.68 7.14 -3.360001 181818 0.42
-2.1 7.14 -3.360001 181818 0.42
-2.52 7.14 -3.360001 181818 0.42
-2.94 7.14 -3.360001 181818 0.42
-3.36 7.14 -2.520001 181818 0.42
-3.78 7.14 -1.680001 181818 0.42
-4.200001 7.14 -1.260001 181818 0.42
-4.620001 7.14 -0.4200006 181818 0.42
2.520001 7.56 -5.46 181818 0.42
2.100001 7.56 -5.46 181818 0.42
1.680001 7.56 -5.46 181818 0.42
1.260001 7.56 -5.040001 181818 0.42
0.8400006 7.56 -5.040001 181818 0.42
0.4200005 7.56 -5.040001 181818 0.42
4.768372E-07 7.56 -3.36 E7E7E7 0.42
-0.4199996 7.56 -3.36 E7E7E7 0.42
-0.8399996 7.56 -3.780001 181818 0.42
-1.26 7.56 -3.360001 181818 0.42
-1.68 7.56 -3.360001 181818 0.42
-2.1 7.56 -3.360001 181818 0.42
-2.52 7.56 -3.360001 181818 0.42
-2.94 7.56 -2.940001 181818 0.42
-3.36 7.56 -2.100001 181818 0.42
-3.78 7.56 -1.680001 181818 0.42
-4.200001 7.56 -0.8400006 181818 0.42
-4.620001 7.56 -4.768372E-07 181818 0.42
2.940001 7.98 -0.8399999 E7E7E7 0.42
2.520001 7.98 -5.040001 181818 0.42
2.100001 7.98 -5.040001 181818 0.42
1.680001 7.98 -5.04 181818 0.42
1.260001 7.98 -5.040001 181818 0.42
0.8400006 7.98 -5.040001 181818 0.42
0.4200005 7.98 -5.040001 181818 0.42
4.768372E-07 7.98 -3.36 E7E7E7 0.42
-0.4199996 7.98 -3.36 E7E7E7 0.42
-0.8399996 7.98 -3.360001 181818 0.42
-1.26 7.98 -3.360001 181818 0.42
-1.68 7.98 -3.360001 181818 0.42
-2.1 7.98 -3.360001 181818 0.42
-2.52 7.98 -3.360001 181818 0.42
-2.94 7.98 -2.520001 181818 0.42
-3.36 7.98 -2.100001 181818 0.42
-3.78 7.98 -1.260001 181818 0.42
-4.200001 7.98 -0.4200006 181818 0.42
2.940001 8.400001 -1.26 E7E7E7 0.42
2.520001 8.400001 -4.620001 181818 0.42
2.100001 8.400001 -5.040001 181818 0.42
1.680001 8.400001 -5.04 181818 0.42
1.260001 8.400001 -5.040001 181818 0.42
0.8400006 8.400001 -5.040001 181818 0.42
0.4200005 8.400001 -4.620001 181818 0.42
4.768372E-07 8.400001 -4.620001 181818 0.42
-0.4199996 8.400001 -3.36 181818 0.42
-0.8399996 8.400001 -3.360001 181818 0.42
-1.26 8.400001 -3.360001 181818 0.42
-1.68 8.400001 -3.360001 181818 0.42
-2.1 8.400001 -3.360001 181818 0.42
-2.52 8.400001 -2.940001 181818 0.42
-2.94 8.400001 -2.100001 181818 0.42
-3.36 8.400001 -1.680001 181818 0.42
-3.78 8.400001 -0.8400006 181818 0.42
-4.200001 8.400001 -0.4200006 181818 0.42
2.940001 8.82 -1.26 E7E7E7 0.42
2.520001 8.82 -2.1 E7E7E7 0.42
2.100001 8.82 -4.620001 181818 0.42
1.680001 8.82 -5.04 181818 0.42
1.260001 8.82 -4.620001 181818 0.42
0.8400006 8.82 -4.620001 181818 0.42
0.4200005 8.82 -4.620001 181818 0.42
4.768372E-07 8.82 -4.620001 181818 0.42
-0.4199996 8.82 -4.620001 181818 0.42
-0.8399996 8.82 -3.360001 181818 0.42
-1.26 8.82 -3.360001 181818 0.42
-1.68 8.82 -3.360001 181818 0.42
-2.1 8.82 -2.940001 181818 0.42
-2.52 8.82 -2.520001 181818 0.42
-2.94 8.82 -2.100001 181818 0.42
-3.36 8.82 -1.260001 181818 0.42
-3.78 8.82 -0.4200006 181818 0.42
2.940001 9.240001 -1.68 E7E7E7 0.42
2.520001 9.240001 -2.1 E7E7E7 0.42
2.100001 9.240001 -4.620001 181818 0.42
1.680001 9.240001 -4.62 181818 0.42
1.260001 9.240001 -4.620001 181818 0.42
0.8400006 9.240001 -4.620001 181818 0.42
0.4200005 9.240001 -4.620001 181818 0.42
4.768372E-07 9.240001 -4.200001 181818 0.42
-0.4199996 9.240001 -4.200001 181818 0.42
-0.8399996 9.240001 -4.200001 181818 0.42
-1.26 9.240001 -3.360001 181818 0.42
-1.68 9.240001 -3.360001 181818 0.42
-2.1 9.240001 -2.940001 181818 0.42
-2.52 9.240001 -2.100001 181818 0.42
-2.94 9.240001 -1.68 181818 0.42
-3.36 9.240001 -0.8400006 181818 0.42
-3.78 9.240001 -0.4200006 181818 0.42
3.360001 9.66 -0.8399994 E7E7E7 0.42
2.940001 9.66 -1.68 E7E7E7 0.42
2.520001 9.66 -2.52 E7E7E7 0.42
2.100001 9.66 -4.200001 181818 0.42
1.680001 9.66 -4.62 181818 0.42
1.260001 9.66 -4.620001 181818 0.42
0.8400006 9.66 -4.200001 181818 0.42
0.4200005 9.66 -4.200001 181818 0.42
4.768372E-07 9.66 -4.200001 181818 0.42
-0.4199996 9.66 -4.200001 181818 0.42
-0.8399996 9.66 -4.200001 181818 0.42
-1.26 9.66 -3.360001 181818 0.42
-1.68 9.66 -2.940001 181818 0.42
-2.1 9.66 -2.520001 181818 0.42
-2.52 9.66 -1.68 181818 0.42
-2.94 9.66 -1.26 181818 0.42
-3.36 9.66 -0.4200006 181818 0.42
3.360001 10.08 -1.26 E7E7E7 0.42
2.940001 10.08 -1.68 E7E7E7 0.42
2.520001 10.08 -2.52 E7E7E7 0.42
2.100001 10.08 -2.52 E7E7E7 0.42
1.680001 10.08 -4.2 181818 0.42
1.260001 10.08 -4.200001 181818 0.42
0.8400006 10.08 -4.200001 181818 0.42
0.4200005 10.08 -4.200001 181818 0.42
4.768372E-07 10.08 -4.200001 181818 0.42
-0.4199996 10.08 -3.78 181818 0.42
-0.8399996 10.08 -3.780001 181818 0.42
-1.26 10.08 -3.360001 181818 0.42
-1.68 10.08 -2.940001 181818 0.42
-2.1 10.08 -2.100001 181818 0.42
-2.52 10.08 -1.68 181818 0.42
-2.94 10.08 -0.8400004 181818 0.42
-3.36 10.08 -0.4200006 181818 0.42
3.360001 10.5 -1.26 E7E7E7 0.42
2.940001 10.5 -2.1 E7E7E7 0.42
2.520001 10.5 -2.52 E7E7E7 0.42
2.100001 10.5 -2.52 E7E7E7 0.42
1.680001 10.5 -3.78 181818 0.42
1.260001 10.5 -4.200001 181818 0.42
0.8400006 10.5 -4.200001 181818 0.42
0.4200005 10.5 -3.78 181818 0.42
4.768372E-07 10.5 -3.78 181818 0.42
-0.4199996 10.5 -3.78 181818 0.42
-0.8399996 10.5 -3.360001 181818 0.42
-1.26 10.5 -2.940001 181818 0.42
-1.68 10.5 -2.520001 181818 0.42
-2.1 10.5 -1.68 181818 0.42
-2.52 10.5 -1.26 181818 0.42
-2.94 10.5 -0.4200003 181818 0.42
3.360001 10.92 -1.26 E7E7E7 0.42
2.940001 10.92 -2.1 E7E7E7 0.42
2.520001 10.92 -2.52 E7E7E7 0.42
2.100001 10.92 -2.52 E7E7E7 0.42
1.680001 10.92 -3.78 181818 0.42
1.260001 10.92 -3.78 181818 0.42
0.8400006 10.92 -3.78 181818 0.42
0.4200005 10.92 -3.78 181818 0.42
4.768372E-07 10.92 -3.78 181818 0.42
-0.4199996 10.92 -3.78 181818 0.42
-0.8399996 10.92 -3.360001 181818 0.42
-1.26 10.92 -2.940001 181818 0.42
-1.68 10.92 -2.100001 181818 0.42
-2.1 10.92 -1.68 181818 0.42
-2.52 10.92 -0.8400004 181818 0.42
-2.94 10.92 -0.4200003 181818 0.42
3.780001 11.34 -0.8399994 E7E7E7 0.42
3.360001 11.34 -1.68 E7E7E7 0.42
2.940001 11.34 -2.1 E7E7E7 0.42
2.520001 11.34 -2.52 E7E7E7 0.42
2.100001 11.34 -2.52 E7E7E7 0.42
1.68 11.34 -2.94 E7E7E7 0.42
1.260001 11.34 -3.36 181818 0.42
0.8400006 11.34 -3.78 181818 0.42
0.4200005 11.34 -3.78 181818 0.42
4.768372E-07 11.34 -3.36 181818 0.42
-0.4199996 11.34 -3.36 181818 0.42
-0.8399999 11.34 -2.940001 181818 0.42
-1.26 11.34 -2.52 181818 0.42
-1.68 11.34 -1.68 181818 0.42
-2.1 11.34 -1.26 181818 0.42
-2.52 11.34 -0.4200003 181818 0.42
3.780001 11.76 -0.8399994 E7E7E7 0.42
3.360001 11.76 -1.68 E7E7E7 0.42
2.940001 11.76 -2.1 E7E7E7 0.42
2.520001 11.76 -2.52 E7E7E7 0.42
2.100001 11.76 -2.52 E7E7E7 0.42
1.68 11.76 -2.94 E7E7E7 0.42
1.260001 11.76 -3.36 181818 0.42
0.8400006 11.76 -3.36 181818 0.42
0.4200005 11.76 -3.36 181818 0.42
4.768372E-07 11.76 -3.36 181818 0.42
-0.4199998 11.76 -2.94 181818 0.42
-0.8399999 11.76 -2.520001 181818 0.42
-1.26 11.76 -2.1 181818 0.42
-1.68 11.76 -1.26 181818 0.42
-2.1 11.76 -0.8400004 181818 0.42
-2.52 11.76 -2.384186E-07 181818 0.42
3.780001 12.18 -1.26 E7E7E7 0.42
3.360001 12.18 -1.68 E7E7E7 0.42
2.940001 12.18 -2.1 E7E7E7 0.42
2.520001 12.18 -2.52 E7E7E7 0.42
2.100001 12.18 -2.52 E7E7E7 0.42
1.68 12.18 -2.94 E7E7E7 0.42
1.26 12.18 -2.94 181818 0.42
0.8400006 12.18 -3.36 181818 0.42
0.4200005 12.18 -3.36 181818 0.42
2.384186E-07 12.18 -2.94 181818 0.42
-0.4199998 12.18 -2.94 181818 0.42
-0.8399999 12.18 -2.100001 181818 0.42
-1.26 12.18 -1.68 181818 0.42
-1.68 12.18 -0.8400003 181818 0.42
-2.1 12.18 -0.4200003 181818 0.42
3.780001 12.6 -1.26 E7E7E7 0.42
3.360001 12.6 -1.68 E7E7E7 0.42
2.940001 12.6 -2.1 E7E7E7 0.42
2.520001 12.6 -2.1 E7E7E7 0.42
2.100001 12.6 -2.52 E7E7E7 0.42
1.68 12.6 -2.94 181818 0.42
1.26 12.6 -2.94 181818 0.42
0.8400003 12.6 -2.94 181818 0.42
0.4200003 12.6 -2.94 181818 0.42
2.384186E-07 12.6 -2.94 181818 0.42
-0.4199998 12.6 -2.52 181818 0.42
-0.8399999 12.6 -1.68 181818 0.42
-1.26 12.6 -1.26 181818 0.42
-1.68 12.6 -0.4200003 181818 0.42
-2.1 12.6 -2.384186E-07 181818 0.42
3.780001 13.02 -1.26 E7E7E7 0.42
3.360001 13.02 -1.68 E7E7E7 0.42
2.940001 13.02 -2.1 E7E7E7 0.42
2.520001 13.02 -2.1 E7E7E7 0.42
2.100001 13.02 -2.52 E7E7E7 0.42
1.68 13.02 -2.94 181818 0.42
1.26 13.02 -2.94 181818 0.42
0.8400003 13.02 -2.94 181818 0.42
0.4200003 13.02 -2.94 181818 0.42
2.384186E-07 13.02 -2.52 181818 0.42
-0.4199998 13.02 -2.1 181818 0.42
-0.84 13.02 -1.26 181818 0.42
-1.26 13.02 -0.8400002 181818 0.42
-1.68 13.02 -0.4200003 181818 0.42
3.780001 13.44 -1.26 E7E7E7 0.42
3.360001 13.44 -1.68 E7E7E7 0.42
2.940001 13.44 -2.1 E7E7E7 0.42
2.520001 13.44 -2.1 E7E7E7 0.42
2.100001 13.44 -2.52 E7E7E7 0.42
1.68 13.44 -2.52 181818 0.42
1.26 13.44 -2.52 181818 0.42
0.8400003 13.44 -2.52 181818 0.42
0.4200003 13.44 -2.52 181818 0.42
2.384186E-07 13.44 -2.1 181818 0.42
-0.4199998 13.44 -1.68 181818 0.42
-0.84 13.44 -1.26 181818 0.42
-1.26 13.44 -0.4200002 181818 0.42
3.780001 13.86 -1.26 E7E7E7 0.42
3.360001 13.86 -1.68 E7E7E7 0.42
2.940001 13.86 -2.1 E7E7E7 0.42
2.520001 13.86 -2.1 E7E7E7 0.42
2.100001 13.86 -2.52 E7E7E7 0.42
1.68 13.86 -2.52 181818 0.42
1.26 13.86 -2.52 181818 0.42
0.8400003 13.86 -2.52 181818 0.42
0.4200003 13.86 -2.52 181818 0.42
2.384186E-07 13.86 -1.68 181818 0.42
-0.4199999 13.86 -1.26 181818 0.42
-0.84 13.86 -0.8400002 181818 0.42
-1.26 13.86 -1.192093E-07 181818 0.42
4.200001 14.28 -0.8399997 E7E7E7 0.42
3.780001 14.28 -1.26 E7E7E7 0.42
3.360001 14.28 -1.68 E7E7E7 0.42
2.940001 14.28 -1.68 E7E7E7 0.42
2.520001 14.28 -2.1 E7E7E7 0.42
2.100001 14.28 -2.1 E7E7E7 0.42
1.68 14.28 -2.52 181818 0.42
1.26 14.28 -2.52 181818 0.42
0.8400003 14.28 -2.52 181818 0.42
0.4200003 14.28 -2.1 181818 0.42
2.384186E-07 14.28 -1.68 181818 0.42
-0.4199999 14.28 -0.8400002 181818 0.42
-0.84 14.28 -0.4200002 181818 0.42
4.200001 14.7 -0.8399997 E7E7E7 0.42
3.780001 14.7 -1.26 E7E7E7 0.42
3.360001 14.7 -1.68 E7E7E7 0.42
2.940001 14.7 -1.68 E7E7E7 0.42
2.520001 14.7 -2.1 E7E7E7 0.42
2.100001 14.7 -2.1 E7E7E7 0.42
1.68 14.7 -2.52 181818 0.42
1.26 14.7 -2.52 181818 0.42
0.8400003 14.7 -2.1 181818 0.42
0.4200003 14.7 -1.68 181818 0.42
1.192093E-07 14.7 -1.26 181818 0.42
-0.42 14.7 -0.4200001 181818 0.42
-0.8400001 14.7 -1.192093E-07 181818 0.42
4.200001 15.12 -0.8399997 C03E0D 0.42
3.780001 15.12 -1.26 E7E7E7 0.42
3.360001 15.12 -1.68 E7E7E7 0.42
2.940001 15.12 -1.68 E7E7E7 0.42
2.520001 15.12 -2.1 E7E7E7 0.42
2.100001 15.12 -2.1 E7E7E7 0.42
1.68 15.12 -2.1 181818 0.42
1.26 15.12 -2.1 181818 0.42
0.8400003 15.12 -1.68 181818 0.42
0.4200002 15.12 -1.26 181818 0.42
1.192093E-07 15.12 -0.8400001 181818 0.42
-0.42 15.12 -0.4200001 181818 0.42
4.200001 15.54 -0.8399997 C03E0D 0.42
3.780001 15.54 -1.26 C03E0D 0.42
3.360001 15.54 -1.68 C03E0D 0.42
2.940001 15.54 -1.68 C03E0D 0.42
2.520001 15.54 -2.1 E7E7E7 0.42
2.100001 15.54 -2.1 E7E7E7 0.42
1.68 15.54 -2.1 181818 0.42
1.26 15.54 -1.68 181818 0.42
0.8400003 15.54 -1.68 181818 0.42
0.4200002 15.54 -0.84 181818 0.42
5.960464E-08 15.54 -0.42 181818 0.42
-0.42 15.54 -5.960464E-08 181818 0.42
4.200001 15.96 -0.4199996 C03E0D 0.42
3.780001 15.96 -1.26 C03E0D 0.42
3.360001 15.96 -1.68 C03E0D 0.42
2.940001 15.96 -1.68 C03E0D 0.42
2.520001 15.96 -1.68 C03E0D 0.42
2.100001 15.96 -2.1 C03E0D 0.42
1.68 15.96 -2.1 181818 0.42
1.26 15.96 -1.68 181818 0.42
0.8400003 15.96 -1.68 181818 0.42
0.4200002 15.96 -0.84 181818 0.42
5.960464E-08 15.96 -0.42 181818 0.42
4.200001 16.38 -0.4199996 C03E0D 0.42
3.780001 16.38 -1.26 C03E0D 0.42
3.360001 16.38 -1.68 C03E0D 0.42
2.940001 16.38 -1.68 C03E0D 0.42
2.520001 16.38 -1.68 C03E0D 0.42
2.100001 16.38 -2.1 C03E0D 0.42
1.68 16.38 -1.68 181818 0.42
1.26 16.38 -1.68 181818 0.42
0.8400002 16.38 -1.26 181818 0.42
0.4200002 16.38 -0.84 181818 0.42
0 16.38 0 181818 0.42
4.200001 16.8 -0.4199996 C03E0D 0.42
3.780001 16.8 -1.26 C03E0D 0.42
3.360001 16.8 -1.26 C03E0D 0.42
2.940001 16.8 -1.68 C03E0D 0.42
2.520001 16.8 -1.68 C03E0D 0.42
2.100001 16.8 -1.68 181818 0.42
1.68 16.8 -1.68 181818 0.42
1.26 16.8 -1.68 181818 0.42
0.8400002 16.8 -1.26 181818 0.42
0.4200001 16.8 -0.42 181818 0.42
4.200001 17.22 -0.4199996 C03E0D 0.42
3.780001 17.22 -1.26 C03E0D 0.42
3.360001 17.22 -1.26 C03E0D 0.42
2.940001 17.22 -1.26 C03E0D 0.42
2.520001 17.22 -1.68 181818 0.42
2.100001 17.22 -1.68 181818 0.42
1.68 17.22 -1.68 181818 0.42
1.26 17.22 -1.68 181818 0.42
0.8400002 17.22 -1.26 181818 0.42
0.4200001 17.22 -0.42 181818 0.42
4.200001 17.64 -0.4199996 C03E0D 0.42
3.780001 17.64 -0.8399994 C03E0D 0.42
3.360001 17.64 -1.26 181818 0.42
2.940001 17.64 -1.26 181818 0.42
2.520001 17.64 -1.68 181818 0.42
2.100001 17.64 -1.68 181818 0.42
1.68 17.64 -1.68 181818 0.42
1.26 17.64 -1.68 181818 0.42
0.8400002 17.64 -0.84 181818 0.42
0.4200001 17.64 -0.42 181818 0.42
6.720001 18.06 -0.4199991 181818 0.42
6.300001 18.06 -0.4199991 181818 0.42
5.880001 18.06 -0.4199996 181818 0.42
5.460001 18.06 -0.4199996 181818 0.42
5.040001 18.06 -0.4199996 181818 0.42
4.620001 18.06 -0.8399997 181818 0.42
4.200001 18.06 -0.8399997 181818 0.42
3.780001 18.06 -0.8399994 181818 0.42
3.360001 18.06 -1.26 181818 0.42
2.940001 18.06 -1.26 181818 0.42
2.520001 18.06 -1.68 181818 0.42
2.100001 18.06 -1.68 181818 0.42
1.68 18.06 -1.68 181818 0.42
1.26 18.06 -1.26 181818 0.42
0.8400002 18.06 -0.84 181818 0.42
0.42 18.06 5.960464E-08 181818 0.42
5.460001 18.48 4.768372E-07 181818 0.42
5.040001 18.48 -0.4199996 181818 0.42
4.620001 18.48 -0.8399997 181818 0.42
4.200001 18.48 -0.8399997 181818 0.42
3.780001 18.48 -1.26 181818 0.42
3.360001 18.48 -1.26 181818 0.42
2.940001 18.48 -1.26 181818 0.42
2.520001 18.48 -1.68 181818 0.42
2.100001 18.48 -1.68 181818 0.42
1.68 18.48 -1.68 181818 0.42
1.26 18.48 -1.26 181818 0.42
0.8400002 18.48 -0.4199999 181818 0.42
4.620001 18.9 -0.4199996 181818 0.42
4.200001 18.9 -0.8399997 181818 0.42
3.780001 18.9 -1.26 181818 0.42
3.360001 18.9 -1.26 000000 0.42
2.940001 18.9 -1.26 181818 0.42
2.52 18.9 -1.26 181818 0.42
2.1 18.9 -1.26 181818 0.42
1.68 18.9 -1.26 181818 0.42
1.26 18.9 -0.8399999 181818 0.42
0.8400002 18.9 -0.4199999 181818 0.42
4.200001 19.32 -0.8399997 181818 0.42
3.780001 19.32 -0.8399994 181818 0.42
3.360001 19.32 -1.26 181818 0.42
2.940001 19.32 -1.26 181818 0.42
2.52 19.32 -1.26 181818 0.42
2.1 19.32 -1.26 181818 0.42
1.68 19.32 -0.8399998 181818 0.42
1.26 19.32 -0.42 181818 0.42
3.78 19.74 4.768372E-07 181818 0.42
3.36 19.74 -0.4199996 181818 0.42
2.940001 19.74 -0.8399999 181818 0.42
2.52 19.74 -0.8399999 181818 0.42
2.1 19.74 -0.4199998 181818 0.42
1.68 19.74 -0.4199997 181818 0.42
1.679999 3.78 6.300002 181818 0.42
2.1 4.2 5.880001 181818 0.42
2.520001 4.62 -5.88 181818 0.42
2.100001 4.62 -5.88 181818 0.42
1.680001 4.2 -5.88 181818 0.42
2.100001 4.2 -5.88 181818 0.42
1.68 4.2 -1.26 E7E7E7 0.42
2.52 4.62 5.880001 181818 0.42
2.1 4.62 5.880001 181818 0.42
1.68 4.62 -1.68 E7E7E7 0.42
1.260001 4.62 -5.880001 181818 0.42
2.940001 5.04 -5.88 181818 0.42
2.52 5.04 5.880001 181818 0.42
2.1 5.04 -0.8399999 E7E7E7 0.42
1.68 5.04 -2.1 E7E7E7 0.42
1.26 5.04 -2.94 E7E7E7 0.42
2.52 5.46 5.460001 181818 0.42
2.1 5.46 -1.26 E7E7E7 0.42
2.520001 5.88 -5.46 181818 0.42
2.100001 5.88 -5.46 181818 0.42
1.680001 5.88 -5.46 181818 0.42
1.260001 5.46 -5.460001 181818 0.42
1.680001 4.62 -5.88 181818 0.42
2.520001 5.46 -5.46 181818 0.42
2.100001 5.46 -5.46 181818 0.42
1.680001 5.46 -5.46 181818 0.42
1.68 5.46 -2.1 E7E7E7 0.42
1.26 5.46 -2.94 E7E7E7 0.42
2.52 5.88 5.460001 181818 0.42
2.1 5.88 -1.26 E7E7E7 0.42
1.68 5.88 -2.52 E7E7E7 0.42
1.26 5.88 -2.94 E7E7E7 0.42
0.8400006 5.88 -5.460001 181818 0.42
2.940001 6.3 -5.46 181818 0.42
2.52 6.3 5.460001 181818 0.42
2.100001 6.3 -1.68 E7E7E7 0.42
1.68 6.3 -2.52 E7E7E7 0.42
1.26 6.3 -2.94 E7E7E7 0.42
0.8400006 6.3 -3.36 E7E7E7 0.42
2.52 6.72 -0.8399999 E7E7E7 0.42
2.100001 6.72 -1.68 E7E7E7 0.42
1.68 6.72 -2.94 E7E7E7 0.42
1.26 6.72 -2.94 E7E7E7 0.42
2.100001 7.14 -2.1 E7E7E7 0.42
1.68 7.14 -2.94 E7E7E7 0.42
2.520001 7.56 -5.040001 E7E7E7 0.42
2.100001 7.56 -5.040001 E7E7E7 0.42
1.680001 7.14 -5.04 181818 0.42
1.260001 7.14 -5.040001 181818 0.42
0.8400006 6.72 -5.040001 181818 0.42
1.260001 5.88 -5.460001 181818 0.42
2.520001 6.3 -5.46 181818 0.42
2.100001 6.3 -5.46 181818 0.42
1.260001 6.3 -5.040001 181818 0.42
2.100001 6.72 -5.040001 181818 0.42
1.680001 6.72 -5.04 181818 0.42
1.260001 6.72 -5.040001 181818 0.42
0.8400006 6.72 -3.36 E7E7E7 0.42
2.520001 7.14 -5.040001 181818 0.42
2.52 7.14 -1.26 E7E7E7 0.42
2.100001 7.14 -5.040001 181818 0.42
1.26 7.14 -2.94 E7E7E7 0.42
0.8400006 7.14 -3.36 E7E7E7 0.42
0.4200005 7.14 -5.040001 181818 0.42
2.940001 7.56 -5.040001 181818 0.42
2.520001 7.56 -1.68 E7E7E7 0.42
2.100001 7.56 -2.52 E7E7E7 0.42
1.68 7.56 -2.94 E7E7E7 0.42
1.26 7.56 -2.94 E7E7E7 0.42
0.8400006 7.56 -3.36 E7E7E7 0.42
0.4200005 7.56 -3.36 E7E7E7 0.42
2.100001 7.98 -2.52 E7E7E7 0.42
1.68 7.98 -2.94 E7E7E7 0.42
1.26 7.98 -2.94 E7E7E7 0.42
1.68 8.400001 -2.94 E7E7E7 0.42
2.100001 8.400001 -4.620001 E7E7E7 0.42
1.680001 8.400001 -4.62 E7E7E7 0.42
1.260001 8.400001 -4.620001 E7E7E7 0.42
0.8400006 7.98 -4.620001 E7E7E7 0.42
0.4200005 7.98 -4.620001 E7E7E7 0.42
0.8400006 7.14 -5.040001 E7E7E7 0.42
1.680001 7.56 -5.04 E7E7E7 0.42
0.8400006 7.56 -4.620001 E7E7E7 0.42
2.520001 7.98 -4.620001 E7E7E7 0.42
2.520001 7.98 -1.68 E7E7E7 0.42
2.100001 7.98 -4.620001 E7E7E7 0.42
1.680001 7.98 -4.62 E7E7E7 0.42
1.260001 7.98 -4.620001 E7E7E7 0.42
0.8400006 7.98 -3.36 E7E7E7 0.42
0.4200005 7.98 -3.36 E7E7E7 0.42
2.520001 8.400001 -2.1 E7E7E7 0.42
2.100001 8.400001 -2.52 E7E7E7 0.42
1.26 8.400001 -2.94 E7E7E7 0.42
0.8400006 8.400001 -3.36 E7E7E7 0.42
0.4200005 8.400001 -3.36 E7E7E7 0.42
4.768372E-07 8.400001 -3.36 E7E7E7 0.42
2.520001 8.82 -4.620001 181818 0.42
2.100001 8.82 -2.52 E7E7E7 0.42
1.68 8.82 -2.94 E7E7E7 0.42
1.26 8.82 -2.94 E7E7E7 0.42
0.8400006 8.82 -3.36 E7E7E7 0.42
0.4200005 8.82 -3.36 E7E7E7 0.42
2.100001 9.240001 -2.52 E7E7E7 0.42
1.68 9.240001 -2.94 E7E7E7 0.42
1.26 9.240001 -2.94 E7E7E7 0.42
1.680001 9.66 -4.2 E7E7E7 0.42
1.260001 9.66 -4.200001 E7E7E7 0.42
0.8400006 9.240001 -4.200001 E7E7E7 0.42
0.4200005 9.240001 -4.200001 E7E7E7 0.42
4.768372E-07 8.82 -4.200001 E7E7E7 0.42
-0.4199996 8.82 -4.200001 181818 0.42
0.8400006 8.400001 -4.620001 E7E7E7 0.42
4.768372E-07 8.400001 -4.200001 E7E7E7 0.42
1.680001 8.82 -4.62 E7E7E7 0.42
0.8400006 8.82 -4.200001 E7E7E7 0.42
0.4200005 8.82 -4.200001 E7E7E7 0.42
4.768372E-07 8.82 -3.36 E7E7E7 0.42
-0.4199996 8.82 -3.36 181818 0.42
2.100001 9.240001 -4.200001 E7E7E7 0.42
1.680001 9.240001 -4.2 E7E7E7 0.42
1.260001 9.240001 -4.200001 E7E7E7 0.42
0.8400006 9.240001 -3.36 E7E7E7 0.42
0.4200005 9.240001 -3.36 E7E7E7 0.42
4.768372E-07 9.240001 -3.36 181818 0.42
-0.4199996 9.240001 -3.36 181818 0.42
2.100001 9.66 -2.52 E7E7E7 0.42
1.68 9.66 -2.94 E7E7E7 0.42
1.26 9.66 -2.94 E7E7E7 0.42
0.8400006 9.66 -3.36 E7E7E7 0.42
0.4200005 9.66 -3.36 E7E7E7 0.42
4.768372E-07 9.66 -3.36 181818 0.42
1.68 10.08 -2.94 E7E7E7 0.42
1.26 10.08 -2.94 E7E7E7 0.42
0.8400006 10.08 -3.36 E7E7E7 0.42
1.680001 10.5 -4.2 181818 0.42
1.260001 10.5 -3.78 E7E7E7 0.42
0.8400006 10.08 -3.78 E7E7E7 0.42
0.4200005 10.08 -3.78 E7E7E7 0.42
4.768372E-07 10.08 -3.78 E7E7E7 0.42
-0.4199996 9.66 -3.78 E7E7E7 0.42
-0.8399996 9.66 -3.780001 E7E7E7 0.42
-0.8399996 9.240001 -3.780001 E7E7E7 0.42
-0.8399996 9.240001 -3.360001 181818 0.42
0.4200005 9.66 -3.78 E7E7E7 0.42
4.768372E-07 9.66 -3.78 E7E7E7 0.42
-0.4199996 9.66 -3.36 181818 0.42
-0.8399996 9.66 -3.360001 181818 0.42
1.260001 10.08 -3.78 E7E7E7 0.42
0.4200005 10.08 -3.36 E7E7E7 0.42
4.768372E-07 10.08 -3.36 181818 0.42
-0.4199996 10.08 -3.36 181818 0.42
-0.8399996 10.08 -3.360001 181818 0.42
1.68 10.5 -2.94 E7E7E7 0.42
1.26 10.5 -2.94 E7E7E7 0.42
0.8400006 10.5 -3.36 E7E7E7 0.42
0.4200005 10.5 -3.36 181818 0.42
4.768372E-07 10.5 -3.36 181818 0.42
-0.4199996 10.5 -3.36 181818 0.42
-0.8399996 10.5 -3.780001 181818 0.42
1.26 10.92 -2.94 E7E7E7 0.42
0.8400006 10.92 -3.36 E7E7E7 0.42
0.4200005 10.92 -3.36 181818 0.42
0.8400006 11.34 -3.36 E7E7E7 0.42
-4.768372E-07 8.400001 4.200001 E7E7E7 0.42
-4.768372E-07 8.82 4.200001 E7E7E7 0.42
-0.4200005 8.82 4.200001 E7E7E7 0.42
-4.768372E-07 9.240001 4.200001 E7E7E7 0.42
0.8400006 10.5 -3.78 E7E7E7 0.42
1.68 10.92 -2.94 E7E7E7 0.42
4.768372E-07 10.92 -3.36 181818 0.42
-0.4199996 10.92 -3.36 181818 0.42
1.26 11.34 -2.94 E7E7E7 0.42
0.8400003 11.34 -2.94 181818 0.42
0.4200005 11.34 -3.36 181818 0.42
0.8400003 11.76 -2.94 181818 0.42
2.100001 0 -2.94 181818 0.42
1.68 0 -2.94 181818 0.42
0.8400003 3.78 -2.94 E7E7E7 0.42
2.100001 0.42 -2.94 181818 0.42
1.68 0.42 -2.94 181818 0.42
1.26 5.04 5.880001 181818 0.42
1.26 5.46 5.460001 181818 0.42
1.68 5.88 -2.94 E7E7E7 0.42
1.26 5.88 5.460001 181818 0.42
1.68 6.3 -2.94 E7E7E7 0.42
1.26 6.3 5.040001 181818 0.42
0.8399996 6.3 5.460001 181818 0.42
1.26 6.72 5.040001 181818 0.42
0.8399996 6.72 5.040001 181818 0.42
1.26 7.14 5.040001 E7E7E7 0.42
0.8399996 7.14 5.040001 E7E7E7 0.42
-2.94 7.14 -2.940001 181818 0.42
1.26 7.56 5.040001 E7E7E7 0.42
0.8399996 7.56 4.620001 E7E7E7 0.42
0.4199996 7.56 5.040001 181818 0.42
1.26 7.98 4.620001 E7E7E7 0.42
0.8399996 7.98 4.620001 E7E7E7 0.42
0.4199996 7.98 4.620001 E7E7E7 0.42
-2.52 7.98 -2.940001 181818 0.42
1.26 8.400001 4.620001 E7E7E7 0.42
0.8399996 8.400001 4.620001 E7E7E7 0.42
0.4199996 8.400001 4.620001 E7E7E7 0.42
1.26 8.82 4.620001 E7E7E7 0.42
0.8399996 8.82 4.200001 E7E7E7 0.42
0.4199996 8.82 4.200001 E7E7E7 0.42
1.26 9.240001 4.200001 E7E7E7 0.42
0.8399996 9.240001 4.200001 E7E7E7 0.42
0.4199996 9.240001 4.200001 E7E7E7 0.42
-0.4200005 9.240001 4.200001 E7E7E7 0.42
-0.8400006 9.240001 3.78 E7E7E7 0.42
1.26 9.66 4.200001 E7E7E7 0.42
0.8399996 9.66 4.200001 E7E7E7 0.42
0.4199996 9.66 3.78 E7E7E7 0.42
-4.768372E-07 9.66 3.78 E7E7E7 0.42
-0.4200005 9.66 3.78 E7E7E7 0.42
-0.8400006 9.66 3.78 E7E7E7 0.42
1.26 10.08 3.780001 E7E7E7 0.42
0.8399996 10.08 3.780001 E7E7E7 0.42
0.4199996 10.08 3.78 E7E7E7 0.42
-4.768372E-07 10.08 3.78 E7E7E7 0.42
-0.4200005 10.08 3.78 E7E7E7 0.42
-0.8400006 10.08 3.78 181818 0.42
1.26 10.5 3.780001 E7E7E7 0.42
0.8399996 10.5 3.780001 E7E7E7 0.42
0.4199996 10.5 3.78 E7E7E7 0.42
-4.768372E-07 10.5 3.36 E7E7E7 0.42
-0.4200005 10.5 3.78 181818 0.42
1.26 10.92 3.780001 E7E7E7 0.42
0.8399996 10.92 3.360001 E7E7E7 0.42
0.4199996 10.92 3.36 E7E7E7 0.42
-4.768372E-07 10.92 3.36 181818 0.42
-0.4200005 10.92 3.36 181818 0.42
1.26 11.34 3.360001 E7E7E7 0.42
0.8399996 11.34 3.360001 E7E7E7 0.42
0.4199996 11.34 3.36 E7E7E7 0.42
-4.768372E-07 11.34 3.36 181818 0.42
1.26 11.76 3.360001 E7E7E7 0.42
0.8399996 11.76 3.360001 E7E7E7 0.42
1.68 0 -2.52 181818 0.42
1.26 0 -2.52 181818 0.42
0.8400003 0 -2.52 181818 0.42
0.4200003 0 -2.52 181818 0.42
1.68 0.42 -2.1 181818 0.42
1.26 4.2 -2.52 E7E7E7 0.42
1.26 0.42 -2.1 181818 0.42
0.84 0.42 1.26 181818 0.42
0.4199999 0.42 1.26 181818 0.42
-0.4200002 2.1 0.84 E7E7E7 0.42
0.4200003 2.52 -2.52 E7E7E7 0.42
0.4200003 3.36 -2.52 E7E7E7 0.42
1.26 4.62 -2.52 E7E7E7 0.42
1.26 5.04 -2.52 E7E7E7 0.42
1.68 5.46 -2.52 E7E7E7 0.42
1.68 6.3 5.460001 181818 0.42
-3.78 6.3 -2.520001 181818 0.42
1.68 6.72 -2.52 E7E7E7 0.42
1.68 6.72 5.040001 181818 0.42
-3.36 6.72 -2.520001 181818 0.42
2.100001 7.14 -2.52 E7E7E7 0.42
1.68 7.14 5.040001 181818 0.42
1.68 7.56 5.040001 E7E7E7 0.42
-3.36 7.56 -2.520001 181818 0.42
2.1 7.98 4.620001 E7E7E7 0.42
1.68 7.98 4.620001 E7E7E7 0.42
2.1 8.400001 4.620001 E7E7E7 0.42
1.68 8.400001 4.620001 E7E7E7 0.42
-2.94 8.400001 -2.520001 181818 0.42
2.1 8.82 4.620001 E7E7E7 0.42
1.68 8.82 4.620001 E7E7E7 0.42
2.520001 9.240001 -2.52 E7E7E7 0.42
2.1 9.240001 4.200001 E7E7E7 0.42
1.68 9.240001 4.200001 E7E7E7 0.42
-2.1 9.240001 -2.520001 181818 0.42
2.1 9.66 4.200001 E7E7E7 0.42
1.68 9.66 4.200001 E7E7E7 0.42
1.68 10.08 4.200001 E7E7E7 0.42
-1.68 10.08 -2.520001 181818 0.42
1.68 10.5 3.780001 E7E7E7 0.42
1.68 10.92 3.780001 E7E7E7 0.42
-1.26 10.92 -2.52 181818 0.42
-0.4199998 12.18 -2.52 181818 0.42
2.384186E-07 13.44 -2.52 181818 0.42
1.26 0 -2.1 181818 0.42
0.8400003 0 -2.1 181818 0.42
0.4200003 0 -2.1 181818 0.42
2.384186E-07 0 -2.1 181818 0.42
-2.1 1.68 -2.100001 E7E7E7 0.42
0.8400003 0.42 -2.1 181818 0.42
0.8400003 3.78 -2.1 E7E7E7 0.42
0.4200003 2.94 -2.1 E7E7E7 0.42
2.384186E-07 1.68 -2.1 E7E7E7 0.42
-1.192093E-07 0.42 1.26 181818 0.42
-0.4200003 0.42 1.68 181818 0.42
0.4200003 0.84 -2.1 181818 0.42
-1.192093E-07 0.84 1.26 181818 0.42
-0.4200002 0.84 1.26 181818 0.42
2.384186E-07 1.26 -2.1 181818 0.42
-0.4200002 1.26 1.26 181818 0.42
-0.4200002 1.68 1.26 E7E7E7 0.42
-0.8400002 1.68 0.84 E7E7E7 0.42
-1.26 1.68 0.8399999 E7E7E7 0.42
-1.68 1.68 2.1 E7E7E7 0.42
2.384186E-07 2.1 -2.1 E7E7E7 0.42
-1.192093E-07 2.1 0.8400001 E7E7E7 0.42
-0.8400002 2.1 0.84 E7E7E7 0.42
0.4200003 2.52 -2.1 E7E7E7 0.42
0.8400003 3.36 -2.1 E7E7E7 0.42
1.68 4.62 -2.1 E7E7E7 0.42
1.68 5.46 5.460001 181818 0.42
-4.200001 5.46 -2.100001 181818 0.42
1.68 5.88 -2.1 E7E7E7 0.42
1.68 5.88 5.460001 181818 0.42
-3.78 5.88 -2.100001 181818 0.42
2.100001 6.3 -2.1 E7E7E7 0.42
2.100001 6.72 -2.1 E7E7E7 0.42
2.1 7.14 5.040001 181818 0.42
-3.78 7.14 -2.100001 181818 0.42
2.100001 7.56 -2.1 E7E7E7 0.42
2.1 7.56 5.040001 E7E7E7 0.42
2.520001 7.98 -2.1 E7E7E7 0.42
2.520001 9.66 -2.1 E7E7E7 0.42
-2.52 9.66 -2.100001 181818 0.42
2.940001 10.08 -2.1 E7E7E7 0.42
-2.1 10.5 -2.100001 181818 0.42
-1.26 11.34 -2.1 181818 0.42
-0.8399999 12.6 -2.100001 181818 0.42
2.384186E-07 13.86 -2.1 181818 0.42
2.100001 0 -1.68 181818 0.42
1.68 0 -1.68 181818 0.42
1.26 0 -1.68 181818 0.42
0.8400003 0 -1.68 181818 0.42
0.4200003 0 -1.68 181818 0.42
2.384186E-07 0 -1.68 181818 0.42
-0.4199998 0 -1.68 181818 0.42
-0.8399999 1.26 -1.68 181818 0.42
-1.26 1.68 -1.68 E7E7E7 0.42
-1.68 1.68 -1.68 E7E7E7 0.42
-2.1 1.68 -1.68 E7E7E7 0.42
-2.52 1.68 -1.68 E7E7E7 0.42
-2.94 1.68 -1.68 E7E7E7 0.42
-3.36 1.68 -1.680001 E7E7E7 0.42
2.100001 0.42 -1.68 181818 0.42
2.1 0.42 1.68 181818 0.42
1.68 0.42 -0.8399998 181818 0.42
1.26 3.78 -1.68 E7E7E7 0.42
1.26 0.42 -1.26 181818 0.42
0.4200003 2.52 -1.68 E7E7E7 0.42
2.384186E-07 1.68 -1.68 E7E7E7 0.42
-0.4199998 0.42 -1.68 181818 0.42
0.4200003 0.84 -1.68 181818 0.42
1.68 0.42 -1.68 181818 0.42
1.26 0.42 -1.68 181818 0.42
0.8400003 0.42 -1.68 181818 0.42
-0.8399999 0.84 -1.68 181818 0.42
2.384186E-07 1.26 -1.68 181818 0.42
2.384186E-07 0.84 -1.68 181818 0.42
-0.8400002 1.26 1.26 181818 0.42
2.384186E-07 2.1 -1.68 E7E7E7 0.42
0.4200003 2.94 -1.68 E7E7E7 0.42
-4.620001 3.78 -1.680001 181818 0.42
1.68 4.2 -1.68 E7E7E7 0.42
-4.620001 4.62 -1.680001 181818 0.42
1.68 5.04 -1.68 E7E7E7 0.42
1.68 5.04 5.880001 181818 0.42
-4.200001 5.04 -1.680001 181818 0.42
1.68 5.46 -1.68 E7E7E7 0.42
2.100001 5.88 -1.68 E7E7E7 0.42
2.1 6.72 5.040001 181818 0.42
-4.200001 6.72 -1.680001 181818 0.42
2.520001 7.14 -1.68 E7E7E7 0.42
2.52 7.98 4.620001 E7E7E7 0.42
-3.36 7.98 -1.680001 181818 0.42
2.520001 8.400001 -1.68 E7E7E7 0.42
2.52 8.400001 4.620001 E7E7E7 0.42
2.940001 8.82 -1.68 E7E7E7 0.42
-2.94 8.82 -1.68 181818 0.42
2.940001 10.5 -1.68 E7E7E7 0.42
3.360001 10.92 -1.68 E7E7E7 0.42
-1.26 11.76 -1.68 181818 0.42
-0.8399999 13.02 -1.68 181818 0.42
0.8400003 16.38 -1.68 181818 0.42
1.68 0 -1.26 181818 0.42
1.26 0 -1.26 181818 0.42
0.8400002 0 -1.26 181818 0.42
0.4200002 0 -1.26 181818 0.42
1.192093E-07 0 -1.26 181818 0.42
-0.4199999 1.68 -1.26 181818 0.42
-0.84 1.68 -1.26 E7E7E7 0.42
-1.26 1.68 -1.26 E7E7E7 0.42
-1.68 1.68 -1.26 E7E7E7 0.42
-2.1 1.68 -1.26 E7E7E7 0.42
-2.52 1.68 -1.26 E7E7E7 0.42
-2.94 1.68 -1.26 E7E7E7 0.42
-3.36 1.68 -1.260001 E7E7E7 0.42
-3.78 1.68 -1.260001 E7E7E7 0.42
-4.200001 1.68 -1.260001 E7E7E7 0.42
0.8400002 0.42 -1.26 181818 0.42
1.68 0.42 -1.26 181818 0.42
0.8400002 3.36 -1.26 E7E7E7 0.42
0.4200002 2.52 -1.26 E7E7E7 0.42
1.192093E-07 0.42 -1.26 181818 0.42
0.4200002 0.42 -1.26 181818 0.42
1.192093E-07 0.84 -1.26 181818 0.42
-0.4199999 0.84 -1.26 181818 0.42
-0.4199999 1.26 -1.26 181818 0.42
-0.84 1.26 -1.26 181818 0.42
-1.192093E-07 1.68 1.26 E7E7E7 0.42
1.192093E-07 2.1 -1.26 E7E7E7 0.42
0.4200002 2.94 -1.26 E7E7E7 0.42
-5.460001 3.36 -1.260001 181818 0.42
1.68 4.2 5.880001 181818 0.42
-5.040001 4.2 -1.260001 181818 0.42
1.68 4.62 -1.26 E7E7E7 0.42
1.68 4.62 5.880001 181818 0.42
2.1 5.04 -1.26 E7E7E7 0.42
2.1 5.88 5.460001 181818 0.42
-4.620001 5.88 -1.260001 181818 0.42
2.1 6.3 -1.26 E7E7E7 0.42
2.1 6.3 5.460001 181818 0.42
-4.200001 6.3 -1.260001 181818 0.42
2.52 6.72 -1.26 E7E7E7 0.42
2.52 7.14 5.040001 181818 0.42
2.52 7.56 -1.26 E7E7E7 0.42
2.52 7.56 5.040001 E7E7E7 0.42
-3.78 7.56 -1.260001 181818 0.42
2.940001 7.98 -1.26 E7E7E7 0.42
-3.36 8.400001 -1.260001 181818 0.42
2.940001 9.240001 -1.26 E7E7E7 0.42
-2.94 9.240001 -1.26 181818 0.42
3.360001 9.66 -1.26 E7E7E7 0.42
-2.52 10.08 -1.26 181818 0.42
-2.1 10.92 -1.26 181818 0.42
3.360001 11.34 -1.26 E7E7E7 0.42
3.780001 11.76 -1.26 E7E7E7 0.42
-1.68 12.18 -1.26 181818 0.42
1.192093E-07 14.28 -1.26 181818 0.42
0.4200002 15.54 -1.26 181818 0.42
0.8400002 15.96 -1.26 181818 0.42
0.8400002 17.64 -1.26 181818 0.42
2.52 6.3 -0.8399999 E7E7E7 0.42
2.1 0.42 -0.8399999 181818 0.42
1.68 0 -0.8399998 181818 0.42
1.26 0 -0.8399999 181818 0.42
0.8400002 2.94 -0.84 E7E7E7 0.42
0.4200002 2.52 -0.84 E7E7E7 0.42
1.192093E-07 2.1 -0.8400001 E7E7E7 0.42
-0.4199999 2.1 -0.8400002 E7E7E7 0.42
-0.84 1.68 -0.8400002 E7E7E7 0.42
-1.26 1.68 -0.8400002 E7E7E7 0.42
-1.68 1.68 -0.8400003 E7E7E7 0.42
-2.1 1.68 -0.8400004 E7E7E7 0.42
-2.52 1.68 -0.8400004 E7E7E7 0.42
-2.94 1.68 -0.8400004 E7E7E7 0.42
-3.36 1.68 -0.8400006 E7E7E7 0.42
-3.78 1.68 -0.8400006 E7E7E7 0.42
-4.200001 1.68 -0.8400006 E7E7E7 0.42
-4.620001 1.68 -0.8400006 E7E7E7 0.42
1.68 3.78 -0.8399998 E7E7E7 0.42
1.68 0.42 0.8400003 181818 0.42
1.26 3.36 -0.8399999 E7E7E7 0.42
1.26 0.42 -0.8399999 181818 0.42
1.26 0.42 0.8400002 181818 0.42
-5.880001 2.94 -0.8400006 181818 0.42
-5.460001 3.78 -0.8400006 181818 0.42
1.68 4.2 -0.8399998 E7E7E7 0.42
2.1 4.62 -0.8399999 E7E7E7 0.42
2.1 5.04 5.880001 181818 0.42
-4.620001 5.04 -0.8400006 181818 0.42
2.1 5.46 -0.8399999 E7E7E7 0.42
2.1 5.46 5.460001 181818 0.42
-4.620001 5.46 -0.8400006 181818 0.42
2.52 5.88 -0.8399999 E7E7E7 0.42
2.52 6.72 5.460001 181818 0.42
-4.620001 6.72 -0.8400006 181818 0.42
2.940001 7.14 -0.8399999 E7E7E7 0.42
-4.200001 7.14 -0.8400006 181818 0.42
2.940001 7.56 -0.8399999 E7E7E7 0.42
-4.200001 7.98 -0.8400006 181818 0.42
2.940001 8.400001 -0.8399999 E7E7E7 0.42
3.360001 8.82 -0.8399994 E7E7E7 0.42
-3.78 8.82 -0.8400006 181818 0.42
3.360001 9.240001 -0.8399994 E7E7E7 0.42
-3.36 9.66 -0.8400006 181818 0.42
3.360001 10.08 -0.8399994 E7E7E7 0.42
3.780001 10.5 -0.8399994 E7E7E7 0.42
-2.94 10.5 -0.8400004 181818 0.42
3.780001 10.92 -0.8399994 E7E7E7 0.42
-2.1 11.34 -0.8400004 181818 0.42
3.780001 12.18 -0.8399994 E7E7E7 0.42
3.780001 12.6 -0.8399994 E7E7E7 0.42
-1.68 12.6 -0.8400003 181818 0.42
4.200001 13.02 -0.8399997 E7E7E7 0.42
4.200001 13.44 -0.8399997 E7E7E7 0.42
-0.84 13.44 -0.8400002 181818 0.42
4.200001 13.86 -0.8399997 E7E7E7 0.42
-0.4199999 14.7 -0.8400002 181818 0.42
4.200001 15.96 -0.8399997 C03E0D 0.42
4.200001 16.38 -0.8399997 C03E0D 0.42
3.780001 16.8 -0.8399994 C03E0D 0.42
0.4200002 16.8 -0.84 181818 0.42
3.780001 17.22 -0.8399994 C03E0D 0.42
0.8400002 17.22 -0.84 181818 0.42
0.8400002 18.48 -0.84 181818 0.42
3.360001 19.74 -0.8399994 181818 0.42
2.1 19.74 -0.8399999 181818 0.42
4.620001 17.64 -0.4199996 C03E0D 0.42
4.200001 13.86 -0.4199996 E7E7E7 0.42
3.78 11.34 -0.4199994 E7E7E7 0.42
3.36 9.66 -0.4199996 E7E7E7 0.42
2.94 7.98 -0.4199998 E7E7E7 0.42
2.52 6.3 -0.4199998 E7E7E7 0.42
2.1 5.04 -0.4199998 E7E7E7 0.42
1.68 3.78 -0.4199997 E7E7E7 0.42
1.26 3.36 -0.42 E7E7E7 0.42
0.8400002 2.94 -0.4199999 E7E7E7 0.42
0.4200001 2.52 -0.42 E7E7E7 0.42
5.960464E-08 2.52 -0.42 E7E7E7 0.42
-0.42 2.52 -0.4200001 E7E7E7 0.42
-0.84 2.1 -0.4200002 E7E7E7 0.42
-1.26 2.1 -0.4200002 E7E7E7 0.42
-1.68 1.68 -0.4200003 E7E7E7 0.42
-2.1 1.68 -0.4200003 E7E7E7 0.42
-2.52 1.68 -0.4200003 E7E7E7 0.42
-2.94 1.68 -0.4200003 E7E7E7 0.42
-3.36 1.68 -0.4200006 E7E7E7 0.42
-3.78 1.68 -0.4200006 E7E7E7 0.42
-4.200001 1.68 -0.4200006 E7E7E7 0.42
-5.040001 1.68 -0.4200006 E7E7E7 0.42
-5.460001 1.68 -0.4200006 E7E7E7 0.42
-6.300001 1.68 -0.420001 E7E7E7 0.42
-0.84 2.1 -0.8400002 E7E7E7 0.42
1.68 4.2 -0.4199997 E7E7E7 0.42
2.1 4.62 -0.4199998 E7E7E7 0.42
-5.040001 4.62 -0.4200006 181818 0.42
2.1 5.46 -0.4199998 E7E7E7 0.42
2.52 5.88 -0.4199998 E7E7E7 0.42
-5.040001 5.88 -0.4200006 181818 0.42
-4.620001 6.3 -0.4200006 181818 0.42
2.52 6.72 -0.4199998 E7E7E7 0.42
2.94 7.14 -0.4199998 E7E7E7 0.42
2.94 7.56 -0.4199998 E7E7E7 0.42
-4.620001 7.56 -0.4200006 181818 0.42
2.94 8.400001 -0.4199998 E7E7E7 0.42
3.36 8.82 -0.4199996 E7E7E7 0.42
3.36 9.240001 -0.4199996 E7E7E7 0.42
3.36 10.08 -0.4199996 E7E7E7 0.42
3.78 10.5 -0.4199994 E7E7E7 0.42
3.78 10.92 -0.4199994 E7E7E7 0.42
3.78 11.76 -0.4199994 E7E7E7 0.42
-2.52 11.76 -0.4200003 181818 0.42
3.78 12.18 -0.4199994 E7E7E7 0.42
4.200001 12.6 -0.4199996 E7E7E7 0.42
4.200001 13.02 -0.4199996 E7E7E7 0.42
4.200001 13.44 -0.4199996 E7E7E7 0.42
-1.26 13.86 -0.4200002 181818 0.42
4.200001 14.28 -0.4199996 E7E7E7 0.42
4.200001 14.7 -0.4199996 E7E7E7 0.42
4.200001 15.12 -0.4199996 C03E0D 0.42
4.200001 15.54 -0.4199996 C03E0D 0.42
5.960464E-08 16.38 -0.42 181818 0.42
0.4200001 18.06 -0.42 181818 0.42
4.200001 19.32 -0.4199996 181818 0.42
3.78 19.74 -0.4199994 181818 0.42
2.94 19.74 -0.4199998 181818 0.42
2.52 19.74 -0.4199998 181818 0.42
6.720001 18.06 9.536743E-07 C03E0D 0.42
6.300001 18.06 9.536743E-07 C03E0D 0.42
5.880001 18.06 4.768372E-07 C03E0D 0.42
5.460001 18.06 4.768372E-07 C03E0D 0.42
5.040001 18.06 4.768372E-07 C03E0D 0.42
4.620001 17.64 4.768372E-07 C03E0D 0.42
4.200001 13.86 4.768372E-07 E7E7E7 0.42
3.78 11.34 4.768372E-07 E7E7E7 0.42
3.36 9.66 4.768372E-07 E7E7E7 0.42
2.94 7.98 2.384186E-07 E7E7E7 0.42
2.52 6.3 2.384186E-07 E7E7E7 0.42
2.1 5.04 2.384186E-07 E7E7E7 0.42
1.68 3.78 2.384186E-07 E7E7E7 0.42
1.26 3.36 1.192093E-07 E7E7E7 0.42
0.8400001 2.94 1.192093E-07 E7E7E7 0.42
0.42 2.52 5.960464E-08 E7E7E7 0.42
0 2.52 0 E7E7E7 0.42
-0.42 2.52 -5.960464E-08 E7E7E7 0.42
-0.8400001 2.1 -1.192093E-07 E7E7E7 0.42
-1.26 2.1 -1.192093E-07 E7E7E7 0.42
-1.68 1.68 -2.384186E-07 E7E7E7 0.42
-2.1 1.68 -2.384186E-07 E7E7E7 0.42
-2.52 1.68 -2.384186E-07 E7E7E7 0.42
-2.94 1.68 -2.384186E-07 E7E7E7 0.42
-3.36 1.68 -4.768372E-07 E7E7E7 0.42
-3.78 1.68 -4.768372E-07 E7E7E7 0.42
-4.200001 1.68 -4.768372E-07 E7E7E7 0.42
-4.620001 1.68 -4.768372E-07 E7E7E7 0.42
-5.040001 1.68 -4.768372E-07 E7E7E7 0.42
-5.460001 1.68 -4.768372E-07 E7E7E7 0.42
-5.880001 1.68 -4.768372E-07 E7E7E7 0.42
-6.300001 1.68 -9.536743E-07 E7E7E7 0.42
-6.720001 2.1 -9.536743E-07 181818 0.42
-6.300001 2.52 -9.536743E-07 181818 0.42
-6.300001 2.94 -9.536743E-07 181818 0.42
-5.880001 3.36 -4.768372E-07 181818 0.42
-5.880001 3.78 -4.768372E-07 181818 0.42
1.68 4.2 2.384186E-07 E7E7E7 0.42
-5.460001 4.2 -4.768372E-07 181818 0.42
2.1 4.62 2.384186E-07 E7E7E7 0.42
-5.460001 4.62 -4.768372E-07 181818 0.42
-5.040001 5.04 -4.768372E-07 181818 0.42
2.1 5.46 2.384186E-07 E7E7E7 0.42
-5.040001 5.46 -4.768372E-07 181818 0.42
2.52 5.88 2.384186E-07 E7E7E7 0.42
-5.040001 6.3 -4.768372E-07 181818 0.42
2.52 6.72 2.384186E-07 E7E7E7 0.42
-5.040001 6.72 -4.768372E-07 181818 0.42
2.94 7.14 2.384186E-07 E7E7E7 0.42
-5.040001 7.14 -4.768372E-07 181818 0.42
2.94 7.56 2.384186E-07 E7E7E7 0.42
-4.620001 7.98 -4.768372E-07 181818 0.42
2.94 8.400001 2.384186E-07 E7E7E7 0.42
-4.200001 8.400001 -4.768372E-07 181818 0.42
3.36 8.82 4.768372E-07 E7E7E7 0.42
-4.200001 8.82 -4.768372E-07 181818 0.42
3.36 9.240001 4.768372E-07 E7E7E7 0.42
-3.78 9.240001 -4.768372E-07 181818 0.42
-3.78 9.66 -4.768372E-07 181818 0.42
3.36 10.08 4.768372E-07 E7E7E7 0.42
-3.36 10.08 -4.768372E-07 181818 0.42
3.78 10.5 4.768372E-07 E7E7E7 0.42
-3.36 10.5 -4.768372E-07 181818 0.42
3.78 10.92 4.768372E-07 E7E7E7 0.42
-2.94 10.92 -2.384186E-07 181818 0.42
-2.94 11.34 -2.384186E-07 181818 0.42
3.78 11.76 4.768372E-07 E7E7E7 0.42
3.78 12.18 4.768372E-07 E7E7E7 0.42
-2.52 12.18 -2.384186E-07 181818 0.42
4.200001 12.6 4.768372E-07 E7E7E7 0.42
4.200001 13.02 4.768372E-07 E7E7E7 0.42
-1.68 13.02 -2.384186E-07 181818 0.42
4.200001 13.44 4.768372E-07 E7E7E7 0.42
-1.68 13.44 -2.384186E-07 181818 0.42
4.200001 14.28 4.768372E-07 E7E7E7 0.42
4.200001 17.64 4.768372E-07 C03E0D 0.42
-1.26 14.28 -1.192093E-07 181818 0.42
4.200001 14.7 4.768372E-07 E7E7E7 0.42
4.200001 15.12 4.768372E-07 C03E0D 0.42
-0.8400001 15.12 -1.192093E-07 181818 0.42
4.200001 15.54 4.768372E-07 C03E0D 0.42
4.200001 15.96 4.768372E-07 C03E0D 0.42
0 15.96 0 181818 0.42
4.200001 16.38 4.768372E-07 C03E0D 0.42
4.200001 16.8 4.768372E-07 C03E0D 0.42
0 16.8 0 181818 0.42
4.200001 17.22 4.768372E-07 C03E0D 0.42
0 17.22 0 181818 0.42
0 17.64 0 181818 0.42
5.880001 18.48 4.768372E-07 181818 0.42
6.300001 18.48 9.536743E-07 181818 0.42
0.42 18.48 5.960464E-08 181818 0.42
5.040001 18.9 4.768372E-07 181818 0.42
0.8400001 18.9 1.192093E-07 181818 0.42
4.620001 19.32 4.768372E-07 181818 0.42
0.8400001 19.32 1.192093E-07 181818 0.42
4.200001 19.74 4.768372E-07 181818 0.42
1.26 19.32 1.192093E-07 181818 0.42
1.68 19.74 2.384186E-07 181818 0.42
3.36 19.74 4.768372E-07 181818 0.42
2.94 19.74 2.384186E-07 181818 0.42
2.52 20.16 2.384186E-07 181818 0.42
2.1 20.16 2.384186E-07 181818 0.42
5.460001 18.06 0.4200006 181818 0.42
5.040001 18.06 0.4200006 C03E0D 0.42
4.620001 17.64 0.4200006 C03E0D 0.42
4.200001 13.86 0.4200006 E7E7E7 0.42
3.78 11.34 0.4200006 E7E7E7 0.42
3.36 9.66 0.4200006 E7E7E7 0.42
2.94 7.98 0.4200003 E7E7E7 0.42
2.52 6.3 0.4200003 E7E7E7 0.42
2.1 5.04 0.4200003 E7E7E7 0.42
1.68 3.78 0.4200003 E7E7E7 0.42
1.26 3.36 0.4200002 E7E7E7 0.42
0.84 2.94 0.4200002 E7E7E7 0.42
0.42 2.52 0.4200001 E7E7E7 0.42
-5.960464E-08 2.52 0.42 E7E7E7 0.42
-0.4200001 2.52 0.42 E7E7E7 0.42
-0.8400002 2.1 0.4199999 E7E7E7 0.42
-1.26 2.1 0.42 E7E7E7 0.42
-1.68 1.68 0.4199997 E7E7E7 0.42
-2.1 1.68 0.4199998 E7E7E7 0.42
-2.52 1.68 0.4199998 E7E7E7 0.42
-2.94 1.68 0.4199998 E7E7E7 0.42
-3.36 1.68 0.4199996 E7E7E7 0.42
-3.78 1.68 0.4199994 E7E7E7 0.42
-4.200001 1.68 0.4199996 E7E7E7 0.42
-4.620001 1.68 0.4199996 E7E7E7 0.42
-5.040001 1.68 0.4199996 E7E7E7 0.42
-5.460001 1.68 0.4199996 E7E7E7 0.42
-5.880001 1.68 0.4199996 E7E7E7 0.42
-6.300001 1.68 0.4199991 E7E7E7 0.42
-6.300001 2.1 0.4199991 181818 0.42
-6.300001 2.52 0.4199991 181818 0.42
-5.880001 2.94 0.4199996 181818 0.42
-5.880001 3.36 0.4199996 181818 0.42
-5.460001 3.78 0.4199996 181818 0.42
1.68 4.2 0.4200003 E7E7E7 0.42
-5.460001 4.2 0.4199996 181818 0.42
2.1 4.62 0.4200003 E7E7E7 0.42
-5.040001 4.62 0.4199996 181818 0.42
-5.040001 5.04 0.4199996 181818 0.42
2.1 5.46 0.4200003 E7E7E7 0.42
-5.040001 5.46 0.4199996 181818 0.42
2.52 5.88 0.4200003 E7E7E7 0.42
-5.040001 5.88 0.4199996 181818 0.42
-4.620001 6.3 0.4199996 181818 0.42
2.52 6.72 0.4200003 E7E7E7 0.42
-4.620001 6.72 0.4199996 181818 0.42
2.94 7.14 0.4200003 E7E7E7 0.42
-4.620001 7.14 0.4199996 181818 0.42
2.94 7.56 0.4200003 E7E7E7 0.42
-4.620001 7.56 0.4199996 181818 0.42
-4.200001 7.98 0.4199996 181818 0.42
2.94 8.400001 0.4200003 E7E7E7 0.42
-4.200001 8.400001 0.4199996 181818 0.42
3.36 8.82 0.4200006 E7E7E7 0.42
-3.78 8.82 0.4199994 181818 0.42
3.36 9.240001 0.4200006 E7E7E7 0.42
-3.78 9.240001 0.4199994 181818 0.42
-3.36 9.66 0.4199996 181818 0.42
3.36 10.08 0.4200006 E7E7E7 0.42
-3.36 10.08 0.4199996 181818 0.42
3.78 10.5 0.4200006 E7E7E7 0.42
-2.94 10.5 0.4199998 181818 0.42
3.78 10.92 0.4200006 E7E7E7 0.42
-2.94 10.92 0.4199998 181818 0.42
-2.52 11.34 0.4199998 181818 0.42
3.78 11.76 0.4200006 E7E7E7 0.42
-2.52 11.76 0.4199998 181818 0.42
3.78 12.18 0.4200006 E7E7E7 0.42
-2.1 12.18 0.4199998 181818 0.42
4.200001 12.6 0.4200006 E7E7E7 0.42
-1.68 12.6 0.4199997 181818 0.42
4.200001 13.02 0.4200006 E7E7E7 0.42
-1.68 13.02 0.4199997 181818 0.42
4.200001 13.44 0.4200006 E7E7E7 0.42
-1.26 13.44 0.42 181818 0.42
-1.26 13.86 0.42 181818 0.42
4.200001 14.28 0.4200006 E7E7E7 0.42
4.200001 17.64 0.4200006 C03E0D 0.42
-0.8400002 14.28 0.4199999 181818 0.42
4.200001 14.7 0.4200006 E7E7E7 0.42
-0.4200001 14.7 0.42 181818 0.42
4.200001 15.12 0.4200006 C03E0D 0.42
-0.4200001 15.12 0.42 181818 0.42
4.200001 15.54 0.4200006 C03E0D 0.42
-5.960464E-08 15.54 0.42 181818 0.42
4.200001 15.96 0.4200006 C03E0D 0.42
-5.960464E-08 15.96 0.42 181818 0.42
4.200001 16.38 0.4200006 C03E0D 0.42
-5.960464E-08 16.38 0.42 181818 0.42
4.200001 16.8 0.4200006 C03E0D 0.42
0.42 16.8 0.4200001 181818 0.42
4.200001 17.22 0.4200006 C03E0D 0.42
0.42 17.22 0.4200001 181818 0.42
0.42 17.64 0.4200001 181818 0.42
6.720001 18.06 0.420001 181818 0.42
6.300001 18.06 0.420001 181818 0.42
5.880001 18.06 0.4200006 181818 0.42
0.42 18.06 0.4200001 181818 0.42
5.040001 18.48 0.4200006 181818 0.42
0.84 18.48 0.4200002 181818 0.42
4.620001 18.9 0.4200006 181818 0.42
0.84 18.9 0.4200002 181818 0.42
4.200001 19.32 0.4200006 181818 0.42
1.26 19.32 0.4200002 181818 0.42
3.36 19.74 0.4200006 181818 0.42
3.78 19.74 0.4200006 181818 0.42
1.68 19.74 0.4200003 181818 0.42
2.1 19.74 0.4200003 181818 0.42
2.94 19.74 0.4200003 181818 0.42
2.52 19.74 0.4200003 181818 0.42
4.200001 18.48 0.8400006 181818 0.42
3.78 11.34 0.8400006 E7E7E7 0.42
3.36 9.66 0.8400006 E7E7E7 0.42
2.94 7.98 0.8400004 E7E7E7 0.42
2.52 6.3 0.8400004 E7E7E7 0.42
2.1 0.42 0.8400004 181818 0.42
1.68 0 0.8400003 181818 0.42
1.26 0 0.8400002 181818 0.42
0.84 2.94 0.8400002 E7E7E7 0.42
0.4199999 2.52 0.8400002 E7E7E7 0.42
-1.68 1.68 0.8399998 E7E7E7 0.42
-2.1 1.68 0.8399999 E7E7E7 0.42
-2.52 1.68 0.8399999 E7E7E7 0.42
-2.940001 1.68 0.8399999 E7E7E7 0.42
-3.360001 1.68 0.8399994 E7E7E7 0.42
-3.780001 1.68 0.8399994 E7E7E7 0.42
-4.200001 1.68 0.8399997 E7E7E7 0.42
-4.620001 1.68 0.8399997 E7E7E7 0.42
-5.040001 1.68 0.8399997 E7E7E7 0.42
-5.460001 1.68 0.8399997 E7E7E7 0.42
-5.880001 2.1 0.8399997 E7E7E7 0.42
2.1 5.04 0.8400004 E7E7E7 0.42
1.68 3.78 0.8400003 E7E7E7 0.42
1.26 3.36 0.8400002 E7E7E7 0.42
-5.880001 2.52 0.8399997 181818 0.42
-5.880001 2.94 0.8399997 181818 0.42
-5.460001 3.36 0.8399997 181818 0.42
-5.460001 3.78 0.8399997 181818 0.42
1.68 4.2 0.8400003 E7E7E7 0.42
-5.040001 4.2 0.8399997 181818 0.42
2.1 4.62 0.8400004 E7E7E7 0.42
-5.040001 4.62 0.8399997 181818 0.42
-4.620001 5.04 0.8399997 181818 0.42
2.1 5.46 0.8400004 E7E7E7 0.42
-4.620001 5.46 0.8399997 181818 0.42
2.52 5.88 0.8400004 E7E7E7 0.42
-4.620001 5.88 0.8399997 181818 0.42
-4.620001 6.3 0.8399997 181818 0.42
2.52 6.72 0.8400004 E7E7E7 0.42
-4.620001 6.72 0.8399997 181818 0.42
2.94 7.14 0.8400004 E7E7E7 0.42
-4.200001 7.14 0.8399997 181818 0.42
2.94 7.56 0.8400004 E7E7E7 0.42
-4.200001 7.56 0.8399997 181818 0.42
-4.200001 7.98 0.8399997 181818 0.42
2.94 8.400001 0.8400004 E7E7E7 0.42
-3.780001 8.400001 0.8399994 181818 0.42
3.36 8.82 0.8400006 E7E7E7 0.42
-3.780001 8.82 0.8399994 181818 0.42
3.36 9.240001 0.8400006 E7E7E7 0.42
-3.360001 9.240001 0.8399994 181818 0.42
-3.360001 9.66 0.8399994 181818 0.42
3.36 10.08 0.8400006 E7E7E7 0.42
-2.940001 10.08 0.8399999 181818 0.42
3.78 10.5 0.8400006 E7E7E7 0.42
-2.940001 10.5 0.8399999 181818 0.42
3.78 10.92 0.8400006 E7E7E7 0.42
-2.52 10.92 0.8399999 181818 0.42
-2.1 11.34 0.8399999 181818 0.42
3.78 11.76 0.8400006 E7E7E7 0.42
-2.1 11.76 0.8399999 181818 0.42
3.78 12.18 0.8400006 E7E7E7 0.42
-1.68 12.18 0.8399998 181818 0.42
3.78 12.6 0.8400006 E7E7E7 0.42
-1.68 12.6 0.8399998 181818 0.42
4.200001 13.02 0.8400006 E7E7E7 0.42
-1.26 13.02 0.8399999 181818 0.42
4.200001 13.44 0.8400006 E7E7E7 0.42
-0.8400002 13.44 0.84 181818 0.42
4.200001 13.86 0.8400006 E7E7E7 0.42
-0.8400002 13.86 0.84 181818 0.42
4.200001 14.28 0.8400006 E7E7E7 0.42
-0.4200002 14.28 0.84 181818 0.42
4.200001 14.7 0.8400006 E7E7E7 0.42
-0.4200002 14.7 0.84 181818 0.42
4.200001 15.12 0.8400006 C03E0D 0.42
-1.192093E-07 15.12 0.8400001 181818 0.42
4.200001 15.54 0.8400006 C03E0D 0.42
0.4199999 15.54 0.8400002 181818 0.42
4.200001 15.96 0.8400006 C03E0D 0.42
0.4199999 15.96 0.8400002 181818 0.42
4.200001 16.38 0.8400006 C03E0D 0.42
0.4199999 16.38 0.8400002 181818 0.42
3.78 16.8 0.8400006 C03E0D 0.42
0.4199999 16.8 0.8400002 181818 0.42
3.78 17.22 0.8400006 C03E0D 0.42
0.84 17.22 0.8400002 181818 0.42
3.78 17.64 0.8400006 C03E0D 0.42
0.84 17.64 0.8400002 181818 0.42
4.200001 18.06 0.8400006 181818 0.42
4.620001 18.06 0.8400006 181818 0.42
0.84 18.06 0.8400002 181818 0.42
4.620001 18.48 0.8400006 181818 0.42
0.84 18.48 0.8400002 181818 0.42
4.200001 18.9 0.8400006 181818 0.42
1.26 18.9 0.8400002 181818 0.42
3.78 19.32 0.8400006 181818 0.42
4.200001 19.32 0.8400006 181818 0.42
1.68 19.32 0.8400003 181818 0.42
2.52 19.74 0.8400004 181818 0.42
3.36 19.74 0.8400006 181818 0.42
2.94 19.74 0.8400004 181818 0.42
2.1 19.74 0.8400004 181818 0.42
3.78 13.44 1.260001 E7E7E7 0.42
3.36 10.5 1.260001 E7E7E7 0.42
2.94 8.82 1.26 E7E7E7 0.42
2.52 7.14 1.26 E7E7E7 0.42
2.1 5.46 1.26 E7E7E7 0.42
1.68 0 1.26 181818 0.42
1.26 0 1.26 181818 0.42
0.84 0 1.26 181818 0.42
0.4199999 0 1.26 181818 0.42
-1.192093E-07 0 1.26 181818 0.42
-0.8400002 1.68 1.26 E7E7E7 0.42
-1.26 1.68 1.26 E7E7E7 0.42
-1.68 1.68 1.26 E7E7E7 0.42
-2.1 1.68 1.26 E7E7E7 0.42
-2.52 1.68 1.26 E7E7E7 0.42
-2.940001 1.68 1.26 E7E7E7 0.42
-3.360001 1.68 1.26 E7E7E7 0.42
-3.780001 1.68 1.26 E7E7E7 0.42
-4.200001 1.68 1.26 E7E7E7 0.42
-4.620001 2.1 1.26 E7E7E7 0.42
-5.040001 2.1 1.26 E7E7E7 0.42
1.68 4.2 1.26 E7E7E7 0.42
1.68 0.42 1.26 181818 0.42
1.68 0.42 1.68 181818 0.42
1.26 3.78 1.26 E7E7E7 0.42
1.26 0.42 1.26 181818 0.42
1.26 0.42 1.68 181818 0.42
0.84 3.36 1.26 E7E7E7 0.42
0.4199999 2.52 1.26 E7E7E7 0.42
-1.192093E-07 2.1 1.26 E7E7E7 0.42
-5.460001 2.1 0.8399997 E7E7E7 0.42
-5.460001 2.52 1.26 181818 0.42
0.4199999 2.94 1.26 E7E7E7 0.42
-5.460001 2.94 1.26 181818 0.42
-5.460001 3.36 1.26 181818 0.42
-5.040001 3.78 1.26 181818 0.42
-5.040001 4.2 1.26 181818 0.42
1.68 4.62 1.26 E7E7E7 0.42
-4.620001 4.62 1.26 181818 0.42
2.1 5.04 1.26 E7E7E7 0.42
-4.620001 5.04 1.26 181818 0.42
-4.620001 5.46 1.26 181818 0.42
2.1 5.88 1.26 E7E7E7 0.42
-4.620001 5.88 1.26 181818 0.42
2.1 6.3 1.26 E7E7E7 0.42
-4.200001 6.3 1.26 181818 0.42
2.52 6.72 1.26 E7E7E7 0.42
-4.200001 6.72 1.26 181818 0.42
-4.200001 7.14 1.26 181818 0.42
2.52 7.56 1.26 E7E7E7 0.42
-3.780001 7.56 1.26 181818 0.42
2.94 7.98 1.26 E7E7E7 0.42
-3.780001 7.98 1.26 181818 0.42
2.94 8.400001 1.26 E7E7E7 0.42
-3.360001 8.400001 1.26 181818 0.42
-3.360001 8.82 1.26 181818 0.42
2.94 9.240001 1.26 E7E7E7 0.42
-2.940001 9.240001 1.26 181818 0.42
3.36 9.66 1.260001 E7E7E7 0.42
-2.940001 9.66 1.26 181818 0.42
3.36 10.08 1.260001 E7E7E7 0.42
-2.52 10.08 1.26 181818 0.42
3.36 18.06 1.260001 181818 0.42
-2.52 10.5 1.26 181818 0.42
3.36 10.92 1.260001 E7E7E7 0.42
-2.1 10.92 1.26 181818 0.42
3.36 11.34 1.260001 E7E7E7 0.42
-2.1 11.34 1.26 181818 0.42
3.78 11.76 1.260001 E7E7E7 0.42
-1.68 11.76 1.26 181818 0.42
3.78 12.18 1.260001 E7E7E7 0.42
-1.68 12.18 1.26 181818 0.42
3.78 12.6 1.260001 E7E7E7 0.42
-1.26 12.6 1.26 181818 0.42
3.78 13.02 1.260001 E7E7E7 0.42
-0.8400002 13.02 1.26 181818 0.42
-0.8400002 13.44 1.26 181818 0.42
3.78 13.86 1.260001 E7E7E7 0.42
3.78 15.96 1.260001 C03E0D 0.42
-0.4200002 13.86 1.26 181818 0.42
3.78 14.28 1.260001 E7E7E7 0.42
-1.192093E-07 14.28 1.26 181818 0.42
3.78 14.7 1.260001 E7E7E7 0.42
-1.192093E-07 14.7 1.26 181818 0.42
3.78 15.12 1.260001 E7E7E7 0.42
0.4199999 15.12 1.26 181818 0.42
3.78 15.54 1.260001 C03E0D 0.42
0.4199999 15.54 1.26 181818 0.42
0.84 15.96 1.26 181818 0.42
3.78 16.38 1.260001 C03E0D 0.42
0.84 16.38 1.26 181818 0.42
3.78 16.8 1.260001 C03E0D 0.42
0.84 16.8 1.26 181818 0.42
3.36 17.22 1.260001 C03E0D 0.42
3.78 17.22 1.260001 C03E0D 0.42
0.84 17.22 1.26 181818 0.42
3.36 17.64 1.260001 181818 0.42
0.84 17.64 1.26 181818 0.42
3.78 18.06 0.8400006 181818 0.42
1.26 18.06 1.26 181818 0.42
3.36 18.48 1.260001 181818 0.42
3.78 18.48 1.260001 181818 0.42
1.26 18.48 1.26 181818 0.42
3.36 18.9 1.260001 000000 0.42
3.78 18.9 1.260001 181818 0.42
1.68 18.9 1.26 181818 0.42
2.94 19.32 1.26 181818 0.42
3.36 19.32 1.260001 181818 0.42
2.1 19.32 1.26 181818 0.42
2.52 19.32 1.26 181818 0.42
3.36 11.76 1.680001 E7E7E7 0.42
2.94 9.66 1.68 E7E7E7 0.42
2.52 7.98 1.68 E7E7E7 0.42
2.1 0 1.68 181818 0.42
1.68 0 1.68 181818 0.42
1.26 0 1.68 181818 0.42
0.8399999 0 1.68 181818 0.42
0.4199998 0 1.68 181818 0.42
-2.384186E-07 0 1.68 181818 0.42
-0.4200003 0 1.68 181818 0.42
-0.8400003 1.26 1.68 181818 0.42
-1.26 1.68 1.68 E7E7E7 0.42
-1.68 1.68 1.68 E7E7E7 0.42
-2.100001 1.68 1.68 E7E7E7 0.42
-2.520001 1.68 1.68 E7E7E7 0.42
-2.940001 1.68 1.68 E7E7E7 0.42
-3.360001 1.68 1.68 E7E7E7 0.42
-3.780001 2.1 1.68 E7E7E7 0.42
-4.200001 2.52 1.68 E7E7E7 0.42
-4.620001 2.52 1.68 E7E7E7 0.42
2.1 6.3 1.68 E7E7E7 0.42
1.68 4.62 1.68 E7E7E7 0.42
1.68 0.42 2.520001 181818 0.42
1.26 3.78 1.68 E7E7E7 0.42
1.26 0.42 2.52 181818 0.42
0.8399999 3.36 1.68 E7E7E7 0.42
0.4199998 2.52 1.68 E7E7E7 0.42
-2.384186E-07 1.68 1.68 E7E7E7 0.42
0.4199998 0.84 1.68 181818 0.42
0.8399999 0.42 1.68 181818 0.42
-0.8400003 0.84 1.68 181818 0.42
-2.384186E-07 1.26 1.68 181818 0.42
-2.384186E-07 0.84 1.68 181818 0.42
-2.384186E-07 2.1 1.68 E7E7E7 0.42
-4.200001 2.1 1.68 E7E7E7 0.42
-5.040001 2.52 1.26 E7E7E7 0.42
0.4199998 2.94 1.68 E7E7E7 0.42
-5.040001 2.94 1.68 181818 0.42
-4.620001 2.94 1.68 181818 0.42
-5.040001 3.36 1.68 181818 0.42
-4.620001 3.78 1.68 181818 0.42
1.68 4.2 1.68 E7E7E7 0.42
-4.620001 4.2 1.68 181818 0.42
-4.620001 4.62 1.68 181818 0.42
1.68 5.04 1.68 E7E7E7 0.42
-4.200001 5.04 1.68 181818 0.42
1.68 5.46 1.68 E7E7E7 0.42
-4.200001 5.46 1.68 181818 0.42
2.1 5.88 1.68 E7E7E7 0.42
-4.200001 5.88 1.68 181818 0.42
-4.200001 6.3 1.68 181818 0.42
2.1 6.72 1.68 E7E7E7 0.42
-4.200001 6.72 1.68 181818 0.42
2.52 7.14 1.68 E7E7E7 0.42
-3.780001 7.14 1.68 181818 0.42
2.52 7.56 1.68 E7E7E7 0.42
-3.780001 7.56 1.68 181818 0.42
-3.360001 7.98 1.68 181818 0.42
2.52 8.400001 1.68 E7E7E7 0.42
-3.360001 8.400001 1.68 181818 0.42
2.94 8.82 1.68 E7E7E7 0.42
-2.940001 8.82 1.68 181818 0.42
2.94 9.240001 1.68 E7E7E7 0.42
-2.940001 9.240001 1.68 181818 0.42
-2.520001 9.66 1.68 181818 0.42
2.94 10.08 1.68 E7E7E7 0.42
-2.520001 10.08 1.68 181818 0.42
2.94 10.5 1.68 E7E7E7 0.42
-2.100001 10.5 1.68 181818 0.42
3.36 10.92 1.680001 E7E7E7 0.42
-2.100001 10.92 1.68 181818 0.42
3.36 11.34 1.680001 E7E7E7 0.42
-1.68 11.34 1.68 181818 0.42
-1.26 11.76 1.68 181818 0.42
3.36 12.18 1.680001 E7E7E7 0.42
-1.26 12.18 1.68 181818 0.42
3.36 12.6 1.680001 E7E7E7 0.42
-0.8400003 12.6 1.68 181818 0.42
3.36 13.02 1.680001 E7E7E7 0.42
-0.8400003 13.02 1.68 181818 0.42
3.36 13.44 1.680001 E7E7E7 0.42
-0.4200003 13.44 1.68 181818 0.42
3.36 13.86 1.680001 E7E7E7 0.42
-2.384186E-07 13.86 1.68 181818 0.42
3.36 14.28 1.680001 E7E7E7 0.42
-2.384186E-07 14.28 1.68 181818 0.42
3.36 14.7 1.680001 E7E7E7 0.42
0.4199998 14.7 1.68 181818 0.42
3.36 15.12 1.680001 E7E7E7 0.42
0.8399999 15.12 1.68 181818 0.42
3.36 15.54 1.680001 C03E0D 0.42
0.8399999 15.54 1.68 181818 0.42
2.94 15.96 1.68 C03E0D 0.42
3.36 15.96 1.680001 C03E0D 0.42
0.8399999 15.96 1.68 181818 0.42
2.94 16.38 1.68 C03E0D 0.42
3.36 16.38 1.680001 C03E0D 0.42
0.8399999 16.38 1.68 181818 0.42
2.52 16.8 1.68 C03E0D 0.42
3.36 16.8 1.260001 C03E0D 0.42
2.94 16.8 1.68 C03E0D 0.42
1.26 16.8 1.68 181818 0.42
2.52 17.22 1.68 181818 0.42
2.94 17.22 1.26 C03E0D 0.42
1.26 17.22 1.68 181818 0.42
1.68 17.22 1.68 181818 0.42
2.52 17.64 1.68 181818 0.42
2.94 17.64 1.26 181818 0.42
1.68 17.64 1.68 181818 0.42
2.1 17.64 1.68 181818 0.42
1.26 17.64 1.68 181818 0.42
2.94 18.06 1.26 181818 0.42
2.52 18.06 1.68 181818 0.42
2.1 18.06 1.68 181818 0.42
1.68 18.06 1.68 181818 0.42
2.94 18.48 1.26 181818 0.42
2.52 18.48 1.68 181818 0.42
2.1 18.48 1.68 181818 0.42
1.68 18.48 1.68 181818 0.42
2.94 18.9 1.26 181818 0.42
2.52 18.9 1.26 181818 0.42
2.1 18.9 1.26 181818 0.42
2.94 10.92 2.100001 E7E7E7 0.42
2.52 8.82 2.100001 E7E7E7 0.42
2.1 7.14 2.100001 E7E7E7 0.42
1.68 0.42 2.100001 181818 0.42
1.26 0 2.1 181818 0.42
0.8399999 0 2.100001 181818 0.42
0.4199998 0 2.1 181818 0.42
-2.384186E-07 0 2.1 181818 0.42
-0.4200003 0.42 2.1 181818 0.42
-0.8400003 1.26 2.1 181818 0.42
-1.26 1.68 2.1 E7E7E7 0.42
-2.100001 1.68 2.1 E7E7E7 0.42
-2.520001 2.1 2.1 E7E7E7 0.42
-2.940001 2.1 2.1 E7E7E7 0.42
-3.360001 2.52 2.1 E7E7E7 0.42
-3.780001 2.94 2.1 E7E7E7 0.42
-4.200001 3.36 2.1 181818 0.42
0.8399999 0.42 2.100001 181818 0.42
2.1 0.42 2.100001 181818 0.42
1.68 5.46 2.100001 E7E7E7 0.42
1.26 4.2 2.1 E7E7E7 0.42
1.26 0.42 2.1 181818 0.42
0.8399999 3.78 2.100001 E7E7E7 0.42
0.4199998 2.94 2.1 E7E7E7 0.42
-2.384186E-07 1.68 2.1 E7E7E7 0.42
0.4199998 0.84 2.1 181818 0.42
-0.4200003 0.84 2.1 181818 0.42
-2.384186E-07 1.26 2.1 181818 0.42
-2.384186E-07 0.84 2.1 181818 0.42
-2.384186E-07 2.1 2.1 E7E7E7 0.42
-3.360001 2.1 1.68 E7E7E7 0.42
0.4199998 2.52 2.1 E7E7E7 0.42
-3.780001 2.52 2.1 E7E7E7 0.42
-4.200001 2.94 2.1 E7E7E7 0.42
0.8399999 3.36 2.100001 E7E7E7 0.42
-4.620001 3.36 1.68 181818 0.42
-4.620001 3.78 2.1 181818 0.42
-4.200001 3.78 2.1 181818 0.42
-4.200001 4.2 2.1 181818 0.42
1.68 4.62 2.100001 E7E7E7 0.42
-4.200001 4.62 2.1 181818 0.42
1.68 5.04 2.100001 E7E7E7 0.42
-4.200001 5.04 2.1 181818 0.42
-4.200001 5.46 2.1 181818 0.42
1.68 5.88 2.100001 E7E7E7 0.42
-3.780001 5.88 2.1 181818 0.42
2.1 6.3 2.100001 E7E7E7 0.42
-3.780001 6.3 2.1 181818 0.42
2.1 6.72 2.100001 E7E7E7 0.42
-3.780001 6.72 2.1 181818 0.42
-3.780001 7.14 2.1 181818 0.42
2.1 7.56 2.100001 E7E7E7 0.42
-3.360001 7.56 2.1 181818 0.42
2.52 7.98 2.100001 E7E7E7 0.42
-3.360001 7.98 2.1 181818 0.42
2.52 8.400001 2.100001 E7E7E7 0.42
-2.940001 8.400001 2.1 181818 0.42
-2.940001 8.82 2.1 181818 0.42
2.52 9.240001 2.100001 E7E7E7 0.42
-2.520001 9.240001 2.1 181818 0.42
2.52 9.66 2.100001 E7E7E7 0.42
-2.520001 9.66 2.1 181818 0.42
2.94 10.08 2.100001 E7E7E7 0.42
-2.100001 10.08 2.1 181818 0.42
2.94 10.5 2.100001 E7E7E7 0.42
-2.100001 10.5 2.1 181818 0.42
-1.68 10.92 2.1 181818 0.42
2.94 11.34 2.100001 E7E7E7 0.42
-1.26 11.34 2.1 181818 0.42
2.94 11.76 2.100001 E7E7E7 0.42
-1.26 11.76 2.1 181818 0.42
2.94 12.18 2.100001 E7E7E7 0.42
-0.8400003 12.18 2.1 181818 0.42
2.94 12.6 2.100001 E7E7E7 0.42
-0.8400003 12.6 2.1 181818 0.42
2.52 13.02 2.100001 E7E7E7 0.42
2.94 13.02 2.100001 E7E7E7 0.42
-0.4200003 13.02 2.1 181818 0.42
2.52 13.44 2.100001 E7E7E7 0.42
2.94 13.44 2.100001 E7E7E7 0.42
-2.384186E-07 13.44 2.1 181818 0.42
2.52 13.86 2.100001 E7E7E7 0.42
2.94 13.86 2.100001 E7E7E7 0.42
-2.384186E-07 13.86 2.1 181818 0.42
2.52 14.28 2.100001 E7E7E7 0.42
2.94 14.28 1.68 E7E7E7 0.42
0.4199998 14.28 2.1 181818 0.42
2.1 14.7 2.100001 E7E7E7 0.42
2.94 14.7 1.68 E7E7E7 0.42
2.52 14.7 2.100001 E7E7E7 0.42
0.8399999 14.7 2.100001 181818 0.42
2.1 15.12 2.100001 E7E7E7 0.42
2.94 15.12 1.68 E7E7E7 0.42
2.52 15.12 2.100001 E7E7E7 0.42
1.26 15.12 2.1 181818 0.42
2.1 15.54 2.100001 E7E7E7 0.42
2.94 15.54 1.68 C03E0D 0.42
2.52 15.54 2.100001 E7E7E7 0.42
1.68 15.54 2.100001 181818 0.42
1.26 15.54 1.68 181818 0.42
2.52 15.96 1.68 C03E0D 0.42
2.1 15.96 2.100001 C03E0D 0.42
1.68 15.96 2.100001 181818 0.42
1.26 15.96 1.68 181818 0.42
2.52 16.38 1.68 C03E0D 0.42
2.1 16.38 2.100001 C03E0D 0.42
1.68 16.38 1.68 181818 0.42
1.26 16.38 1.68 181818 0.42
2.1 16.8 1.68 181818 0.42
1.68 16.8 1.68 181818 0.42
2.1 17.22 1.68 181818 0.42
2.1 7.98 2.520001 E7E7E7 0.42
1.68 0 2.520001 181818 0.42
1.26 0 2.52 181818 0.42
0.8399999 0 2.520001 181818 0.42
0.4199998 0 2.52 181818 0.42
-2.384186E-07 2.1 2.52 E7E7E7 0.42
-0.4200003 2.1 2.52 E7E7E7 0.42
-0.8400003 2.1 2.52 E7E7E7 0.42
-1.26 2.1 2.52 E7E7E7 0.42
-1.68 2.52 2.52 E7E7E7 0.42
-2.100001 2.52 2.52 E7E7E7 0.42
-2.520001 2.94 2.52 E7E7E7 0.42
-2.940001 2.94 2.52 E7E7E7 0.42
-3.360001 3.36 2.52 E7E7E7 0.42
-3.780001 4.62 2.52 181818 0.42
1.68 5.88 2.520001 E7E7E7 0.42
1.26 4.2 2.52 E7E7E7 0.42
0.8399999 3.78 2.520001 E7E7E7 0.42
0.4199998 2.94 2.52 E7E7E7 0.42
-2.384186E-07 0.42 2.52 181818 0.42
0.8399999 0.42 2.520001 181818 0.42
0.4199998 0.42 2.52 181818 0.42
-0.4200003 1.26 2.1 181818 0.42
-0.4200003 1.68 2.52 181818 0.42
-0.8400003 1.68 2.1 E7E7E7 0.42
-1.68 2.1 2.52 E7E7E7 0.42
-2.100001 2.1 2.1 E7E7E7 0.42
0.4199998 2.52 2.52 E7E7E7 0.42
-2.520001 2.52 2.52 E7E7E7 0.42
-2.940001 2.52 2.1 E7E7E7 0.42
-3.360001 2.94 2.1 E7E7E7 0.42
0.4199998 3.36 2.52 E7E7E7 0.42
-3.780001 3.36 2.52 181818 0.42
-3.780001 3.78 2.52 181818 0.42
-3.780001 4.2 2.52 181818 0.42
1.26 4.62 2.52 E7E7E7 0.42
1.26 5.04 2.52 E7E7E7 0.42
-3.780001 5.04 2.52 181818 0.42
1.68 5.46 2.520001 E7E7E7 0.42
-3.780001 5.46 2.52 181818 0.42
-3.780001 5.88 2.52 181818 0.42
1.68 6.3 2.520001 E7E7E7 0.42
-3.780001 6.3 2.52 181818 0.42
1.68 6.72 2.520001 E7E7E7 0.42
-3.360001 6.72 2.52 181818 0.42
2.1 7.14 2.520001 E7E7E7 0.42
-3.360001 7.14 2.52 181818 0.42
2.1 7.56 2.520001 E7E7E7 0.42
-3.360001 7.56 2.52 181818 0.42
-2.940001 7.98 2.52 181818 0.42
2.1 8.400001 2.520001 E7E7E7 0.42
-2.940001 8.400001 2.52 181818 0.42
2.1 8.82 2.520001 E7E7E7 0.42
-2.520001 8.82 2.52 181818 0.42
2.52 9.240001 2.520001 E7E7E7 0.42
-2.100001 9.240001 2.52 181818 0.42
2.52 9.66 2.520001 E7E7E7 0.42
-2.100001 9.66 2.52 181818 0.42
2.52 10.08 2.520001 E7E7E7 0.42
-1.68 10.08 2.52 181818 0.42
2.52 10.5 2.520001 E7E7E7 0.42
-1.68 10.5 2.52 181818 0.42
2.52 10.92 2.520001 E7E7E7 0.42
-1.26 10.92 2.52 181818 0.42
2.52 11.34 2.520001 E7E7E7 0.42
-1.26 11.34 2.52 181818 0.42
2.52 11.76 2.520001 E7E7E7 0.42
-0.8400003 11.76 2.52 181818 0.42
2.52 12.18 2.520001 E7E7E7 0.42
-0.4200003 12.18 2.52 181818 0.42
2.1 12.6 2.520001 E7E7E7 0.42
2.52 12.6 2.100001 E7E7E7 0.42
-0.4200003 12.6 2.52 181818 0.42
2.1 13.02 2.520001 E7E7E7 0.42
-2.384186E-07 13.02 2.52 181818 0.42
2.1 13.44 2.520001 E7E7E7 0.42
-2.384186E-07 13.44 2.52 181818 0.42
1.68 13.86 2.520001 E7E7E7 0.42
2.1 13.86 2.520001 E7E7E7 0.42
0.4199998 13.86 2.52 181818 0.42
2.1 14.28 2.100001 E7E7E7 0.42
1.68 14.28 2.520001 181818 0.42
1.26 13.86 2.52 181818 0.42
1.26 14.28 2.52 181818 0.42
0.8399999 13.86 2.520001 181818 0.42
0.8399999 14.28 2.520001 181818 0.42
1.68 14.7 2.520001 181818 0.42
1.26 14.7 2.52 181818 0.42
1.68 15.12 2.100001 181818 0.42
2.1 0 2.940001 181818 0.42
1.68 0 2.940001 181818 0.42
1.26 5.04 2.940001 E7E7E7 0.42
0.8399999 3.78 2.940001 E7E7E7 0.42
0.4199998 3.36 2.94 E7E7E7 0.42
-2.384186E-07 2.94 2.94 E7E7E7 0.42
-0.4200003 2.94 2.94 E7E7E7 0.42
-0.8400003 2.94 2.94 E7E7E7 0.42
-1.26 3.36 2.94 E7E7E7 0.42
-1.68 3.36 2.94 E7E7E7 0.42
-2.100001 3.78 2.94 E7E7E7 0.42
-2.520001 3.78 2.94 E7E7E7 0.42
-2.940001 4.2 2.94 181818 0.42
-3.360001 5.46 2.94 181818 0.42
2.1 0.42 2.940001 181818 0.42
1.68 0.42 2.940001 181818 0.42
-2.384186E-07 2.52 2.52 E7E7E7 0.42
-0.4200003 2.52 2.94 E7E7E7 0.42
-0.8400003 2.52 2.94 E7E7E7 0.42
-1.26 2.52 2.52 E7E7E7 0.42
-1.26 2.94 2.94 E7E7E7 0.42
-1.68 2.94 2.94 E7E7E7 0.42
-2.100001 2.94 2.52 E7E7E7 0.42
-2.100001 3.36 2.94 E7E7E7 0.42
-2.520001 3.36 2.52 E7E7E7 0.42
-2.940001 3.36 2.52 E7E7E7 0.42
-2.940001 3.78 2.94 E7E7E7 0.42
-3.360001 3.78 2.52 181818 0.42
0.8399999 4.2 2.940001 E7E7E7 0.42
-3.360001 4.2 2.52 181818 0.42
1.26 4.62 2.940001 E7E7E7 0.42
-3.360001 4.62 2.94 181818 0.42
-2.940001 4.62 2.94 181818 0.42
-3.360001 5.04 2.94 181818 0.42
1.26 5.46 2.940001 E7E7E7 0.42
1.68 5.88 2.940001 E7E7E7 0.42
-3.360001 5.88 2.94 181818 0.42
1.68 6.3 2.940001 E7E7E7 0.42
-3.360001 6.3 2.94 181818 0.42
1.68 6.72 2.940001 E7E7E7 0.42
-3.360001 6.72 2.94 181818 0.42
1.68 7.14 2.940001 E7E7E7 0.42
-2.940001 7.14 2.94 181818 0.42
1.68 7.56 2.940001 E7E7E7 0.42
-2.940001 7.56 2.94 181818 0.42
1.26 7.98 2.940001 E7E7E7 0.42
1.68 7.98 2.940001 E7E7E7 0.42
-2.520001 7.98 2.94 181818 0.42
1.26 8.400001 2.940001 E7E7E7 0.42
1.68 8.400001 2.940001 E7E7E7 0.42
-2.520001 8.400001 2.94 181818 0.42
1.26 8.82 2.940001 E7E7E7 0.42
1.68 8.82 2.940001 E7E7E7 0.42
-2.100001 8.82 2.94 181818 0.42
1.26 9.240001 2.940001 E7E7E7 0.42
2.1 9.240001 2.520001 E7E7E7 0.42
1.68 9.240001 2.940001 E7E7E7 0.42
-2.100001 9.240001 2.94 181818 0.42
1.26 9.66 2.940001 E7E7E7 0.42
2.1 9.66 2.520001 E7E7E7 0.42
1.68 9.66 2.940001 E7E7E7 0.42
-1.68 9.66 2.94 181818 0.42
1.26 10.08 2.940001 E7E7E7 0.42
2.1 10.08 2.520001 E7E7E7 0.42
1.68 10.08 2.940001 E7E7E7 0.42
-1.68 10.08 2.94 181818 0.42
1.68 10.5 2.940001 E7E7E7 0.42
2.1 10.5 2.520001 E7E7E7 0.42
-1.26 10.5 2.94 181818 0.42
1.68 10.92 2.940001 E7E7E7 0.42
2.1 10.92 2.520001 E7E7E7 0.42
-1.26 10.92 2.94 181818 0.42
1.68 11.34 2.940001 E7E7E7 0.42
2.1 11.34 2.520001 E7E7E7 0.42
-0.8400003 11.34 2.94 181818 0.42
1.68 11.76 2.940001 E7E7E7 0.42
2.1 11.76 2.520001 E7E7E7 0.42
-0.4200003 11.76 2.94 181818 0.42
1.68 12.18 2.940001 181818 0.42
2.1 12.18 2.520001 E7E7E7 0.42
-0.4200003 12.18 2.94 181818 0.42
1.26 12.6 2.940001 181818 0.42
1.68 12.6 2.940001 181818 0.42
-2.384186E-07 12.6 2.94 181818 0.42
1.68 13.02 2.940001 181818 0.42
1.26 13.02 2.940001 181818 0.42
0.8399999 12.6 2.940001 181818 0.42
0.8399999 13.02 2.940001 181818 0.42
0.4199998 12.6 2.94 181818 0.42
0.4199998 13.02 2.94 181818 0.42
1.68 13.44 2.520001 181818 0.42
1.26 13.44 2.52 181818 0.42
0.8399999 13.44 2.520001 181818 0.42
0.4199998 13.44 2.52 181818 0.42
-4.768372E-07 4.62 3.36 E7E7E7 0.42
-0.4200005 4.2 3.36 E7E7E7 0.42
-0.8400006 4.2 3.36 E7E7E7 0.42
-1.260001 4.2 3.36 E7E7E7 0.42
-1.680001 4.2 3.36 E7E7E7 0.42
-2.100001 4.62 3.36 E7E7E7 0.42
-2.520001 5.46 3.36 181818 0.42
-2.940001 6.3 3.36 181818 0.42
-2.384186E-07 3.36 2.94 E7E7E7 0.42
-0.4200003 3.36 2.94 E7E7E7 0.42
-0.8400003 3.36 2.94 E7E7E7 0.42
0.4199998 3.78 2.94 E7E7E7 0.42
-2.384186E-07 3.78 2.94 E7E7E7 0.42
-0.4200005 3.78 3.36 E7E7E7 0.42
-0.8400006 3.78 3.36 E7E7E7 0.42
-1.260001 3.78 3.36 E7E7E7 0.42
-1.68 3.78 2.94 E7E7E7 0.42
0.4199996 4.2 3.36 E7E7E7 0.42
-4.768372E-07 4.2 3.36 E7E7E7 0.42
-2.100001 4.2 3.36 E7E7E7 0.42
-2.520001 4.2 2.94 E7E7E7 0.42
0.8399996 4.62 3.360001 E7E7E7 0.42
0.4199996 4.62 3.36 E7E7E7 0.42
-2.520001 4.62 3.36 181818 0.42
0.4199996 5.04 3.36 E7E7E7 0.42
0.8399996 5.04 3.360001 E7E7E7 0.42
-2.520001 5.04 3.36 181818 0.42
-2.940001 5.04 2.94 181818 0.42
0.4199996 5.46 3.36 E7E7E7 0.42
0.8399996 5.46 3.360001 E7E7E7 0.42
-2.940001 5.46 3.36 181818 0.42
0.4199996 5.88 3.36 E7E7E7 0.42
1.26 5.88 2.940001 E7E7E7 0.42
0.8399996 5.88 3.360001 E7E7E7 0.42
-2.940001 5.88 3.36 181818 0.42
0.4199996 6.3 3.36 E7E7E7 0.42
1.26 6.3 2.940001 E7E7E7 0.42
0.8399996 6.3 3.360001 E7E7E7 0.42
0.4199996 6.72 3.36 E7E7E7 0.42
1.26 6.72 2.940001 E7E7E7 0.42
0.8399996 6.72 3.360001 E7E7E7 0.42
-2.940001 6.72 3.36 181818 0.42
0.4199996 7.14 3.36 E7E7E7 0.42
1.26 7.14 2.940001 E7E7E7 0.42
0.8399996 7.14 3.360001 E7E7E7 0.42
-2.520001 7.14 3.36 181818 0.42
-2.940001 7.14 3.36 181818 0.42
0.4199996 7.56 3.36 E7E7E7 0.42
1.26 7.56 2.940001 E7E7E7 0.42
0.8399996 7.56 3.360001 E7E7E7 0.42
-2.100001 7.56 3.36 181818 0.42
-2.520001 7.56 3.36 181818 0.42
0.4199996 7.98 3.36 E7E7E7 0.42
0.8399996 7.98 3.360001 E7E7E7 0.42
-1.680001 7.98 3.36 181818 0.42
-2.100001 7.98 3.36 181818 0.42
-2.520001 7.98 3.36 181818 0.42
0.4199996 8.400001 3.36 E7E7E7 0.42
0.8399996 8.400001 3.360001 E7E7E7 0.42
-1.260001 8.400001 3.36 181818 0.42
-1.680001 8.400001 3.36 181818 0.42
-2.100001 8.400001 3.36 181818 0.42
0.4199996 8.82 3.36 E7E7E7 0.42
0.8399996 8.82 3.360001 E7E7E7 0.42
-0.8400006 8.82 3.36 181818 0.42
-1.260001 8.82 3.36 181818 0.42
-1.680001 8.82 3.36 181818 0.42
0.4199996 9.240001 3.36 E7E7E7 0.42
0.8399996 9.240001 3.360001 E7E7E7 0.42
-0.4200005 9.240001 3.36 181818 0.42
-0.8400006 9.240001 3.36 181818 0.42
-1.260001 9.240001 3.36 181818 0.42
-1.680001 9.240001 3.36 181818 0.42
0.4199996 9.66 3.36 E7E7E7 0.42
0.8399996 9.66 3.360001 E7E7E7 0.42
-4.768372E-07 9.66 3.36 181818 0.42
-0.4200005 9.66 3.36 181818 0.42
-0.8400006 9.66 3.36 181818 0.42
-1.260001 9.66 3.36 181818 0.42
0.8399996 10.08 3.360001 E7E7E7 0.42
0.4199996 10.08 3.36 E7E7E7 0.42
-4.768372E-07 10.08 3.36 181818 0.42
-0.4200005 10.08 3.36 181818 0.42
-0.8400006 10.08 3.36 181818 0.42
-1.260001 10.08 3.36 181818 0.42
1.26 10.5 2.940001 E7E7E7 0.42
0.8399996 10.5 3.360001 E7E7E7 0.42
0.4199996 10.5 3.36 181818 0.42
-0.4200005 10.5 3.36 181818 0.42
-0.8400006 10.5 3.36 181818 0.42
1.26 10.92 2.940001 E7E7E7 0.42
-0.8400006 10.92 3.36 181818 0.42
1.26 11.34 2.940001 E7E7E7 0.42
0.8399999 11.34 2.940001 181818 0.42
-0.4200005 11.34 3.36 181818 0.42
0.8399999 11.76 2.940001 181818 0.42
-4.768372E-07 11.76 3.36 181818 0.42
1.26 12.18 2.940001 181818 0.42
0.8399996 12.18 3.360001 181818 0.42
0.4199996 12.18 3.36 181818 0.42
-2.384186E-07 12.18 2.94 181818 0.42
-1.260001 5.46 3.78 E7E7E7 0.42
-1.680001 5.46 3.78 E7E7E7 0.42
-0.4200005 4.62 3.36 E7E7E7 0.42
-0.8400006 4.62 3.36 E7E7E7 0.42
-1.260001 4.62 3.36 E7E7E7 0.42
-1.680001 4.62 3.36 E7E7E7 0.42
-4.768372E-07 5.04 3.36 E7E7E7 0.42
-0.4200005 5.04 3.36 E7E7E7 0.42
-0.8400006 5.04 3.78 E7E7E7 0.42
-1.260001 5.04 3.78 E7E7E7 0.42
-1.680001 5.04 3.78 E7E7E7 0.42
-2.100001 5.04 3.36 181818 0.42
-4.768372E-07 5.46 3.36 E7E7E7 0.42
-0.4200005 5.46 3.78 E7E7E7 0.42
-0.8400006 5.46 3.78 E7E7E7 0.42
-2.100001 5.46 3.78 181818 0.42
-1.260001 5.88 3.78 E7E7E7 0.42
-4.768372E-07 5.88 3.36 E7E7E7 0.42
-0.4200005 5.88 3.78 E7E7E7 0.42
-0.8400006 5.88 3.78 E7E7E7 0.42
-2.100001 5.88 3.78 181818 0.42
-1.680001 5.88 3.78 181818 0.42
-2.520001 5.88 3.36 181818 0.42
-1.260001 6.3 3.78 E7E7E7 0.42
-4.768372E-07 6.3 3.36 E7E7E7 0.42
-0.4200005 6.3 3.36 E7E7E7 0.42
-0.8400006 6.3 3.78 E7E7E7 0.42
-1.680001 6.3 3.78 181818 0.42
-2.100001 6.3 3.78 181818 0.42
-2.520001 6.3 3.36 181818 0.42
-4.768372E-07 6.72 3.36 E7E7E7 0.42
-0.4200005 6.72 3.36 E7E7E7 0.42
-0.8400006 6.72 3.78 E7E7E7 0.42
-1.260001 6.72 3.78 181818 0.42
-1.680001 6.72 3.78 181818 0.42
-2.100001 6.72 3.36 181818 0.42
-2.520001 6.72 3.36 181818 0.42
-4.768372E-07 7.14 3.36 E7E7E7 0.42
-0.4200005 7.14 3.36 E7E7E7 0.42
-0.8400006 7.14 3.78 E7E7E7 0.42
-1.260001 7.14 3.78 181818 0.42
-1.680001 7.14 3.36 181818 0.42
-2.100001 7.14 3.36 181818 0.42
-4.768372E-07 7.56 3.36 E7E7E7 0.42
-0.4200005 7.56 3.36 E7E7E7 0.42
-0.8400006 7.56 3.78 181818 0.42
-1.260001 7.56 3.36 181818 0.42
-1.680001 7.56 3.36 181818 0.42
-4.768372E-07 7.98 3.36 E7E7E7 0.42
-0.4200005 7.98 3.36 E7E7E7 0.42
-0.8400006 7.98 3.36 181818 0.42
-1.260001 7.98 3.36 181818 0.42
-4.768372E-07 8.400001 3.36 E7E7E7 0.42
-0.4200005 8.400001 3.36 181818 0.42
-0.8400006 8.400001 3.36 181818 0.42
-4.768372E-07 8.82 3.36 E7E7E7 0.42
-0.4200005 8.82 3.36 181818 0.42
-4.768372E-07 9.240001 3.36 181818 0.42
-0.8400006 10.5 3.78 181818 0.42
-4.768372E-07 10.92 3.78 181818 0.42
0.4199996 10.92 3.78 181818 0.42
-0.4200005 10.92 3.78 181818 0.42
0.8399996 11.34 3.780001 181818 0.42
0.4199996 11.34 3.78 181818 0.42
0.4199996 11.76 3.36 181818 0.42
-0.8400006 9.240001 4.200001 181818 0.42
-0.4200005 9.66 4.200001 181818 0.42
-4.768372E-07 9.66 4.200001 181818 0.42
-0.8400006 9.66 4.200001 181818 0.42
0.4199996 10.08 4.200001 181818 0.42
0.8399996 10.08 4.200001 181818 0.42
-4.768372E-07 10.08 4.200001 181818 0.42
1.68 10.5 4.200001 181818 0.42
1.26 10.5 4.200001 181818 0.42
0.8399996 10.5 4.200001 181818 0.42
-4.768372E-07 10.5 3.78 181818 0.42
0.8399996 10.92 3.780001 181818 0.42
-4.768372E-07 8.400001 4.620001 181818 0.42
2.52 8.82 4.620001 181818 0.42
-4.768372E-07 8.82 4.620001 181818 0.42
0.4199996 8.82 4.620001 181818 0.42
-0.4200005 8.82 4.620001 181818 0.42
2.1 9.240001 4.620001 181818 0.42
0.8399996 9.240001 4.620001 181818 0.42
0.4199996 9.240001 4.620001 181818 0.42
1.68 9.240001 4.620001 181818 0.42
1.68 9.66 4.620001 181818 0.42
1.26 9.240001 4.620001 181818 0.42
1.26 9.66 4.620001 181818 0.42
0.4199996 9.66 4.200001 181818 0.42
1.26 10.08 4.200001 181818 0.42
0.4199996 7.14 5.040001 181818 0.42
2.94 7.56 5.040001 181818 0.42
2.52 7.98 5.040001 181818 0.42
0.8399996 7.98 5.040001 181818 0.42
0.4199996 7.98 5.040001 181818 0.42
1.68 8.400001 5.040001 181818 0.42
2.1 8.400001 5.040001 181818 0.42
1.26 7.98 5.040001 181818 0.42
1.26 8.400001 5.040001 181818 0.42
0.8399996 8.400001 5.040001 181818 0.42
1.68 8.82 5.040001 181818 0.42
0.8399996 8.82 4.620001 181818 0.42
0.8399996 5.88 5.460001 181818 0.42
2.94 6.3 5.460001 181818 0.42
0.8399996 6.72 5.460001 181818 0.42
1.26 6.72 5.460001 181818 0.42
2.52 7.14 5.460001 181818 0.42
1.26 7.14 5.460001 181818 0.42
1.68 7.14 5.460001 181818 0.42
0.8399996 7.14 5.460001 181818 0.42
2.52 7.56 5.460001 181818 0.42
2.1 7.56 5.460001 181818 0.42
1.68 7.56 5.460001 181818 0.42
0.8399996 7.56 5.040001 181818 0.42
2.1 7.98 5.040001 181818 0.42
1.68 7.98 5.040001 181818 0.42
1.26 4.62 5.880001 181818 0.42
2.94 5.04 5.880001 181818 0.42
2.52 5.46 5.880001 181818 0.42
1.68 5.46 5.880001 181818 0.42
1.26 5.46 5.880001 181818 0.42
2.52 5.88 5.880001 181818 0.42
2.1 5.88 5.880001 181818 0.42
1.68 5.88 5.880001 181818 0.42
1.26 5.88 5.880001 181818 0.42
2.52 6.3 5.880001 181818 0.42
2.1 6.3 5.880001 181818 0.42
1.26 6.3 5.460001 181818 0.42
2.1 6.72 5.460001 181818 0.42
1.68 6.72 5.460001 181818 0.42
2.1 7.14 5.460001 181818 0.42
2.099999 4.2 6.300001 181818 0.42
1.679999 4.2 6.300002 181818 0.42
2.52 4.62 6.300001 181818 0.42
2.099999 4.62 6.300001 181818 0.42
1.679999 4.62 6.300002 181818 0.42
2.1 5.46 5.880001 181818 0.42
