1.89 0 0.4725 483A2F 0.45
1.89 0 0 483A2F 0.45
1.89 0 -0.4725 483A2F 0.45
1.89 0 -0.9449999 483A2F 0.45
1.89 0.4725 0.4725 483A2F 0.45
1.89 0.4725 0 483A2F 0.45
1.89 0.4725 -0.4725 483A2F 0.45
1.89 0.4725 -0.9449999 483A2F 0.45
1.89 0.9449999 0.4725 6C2139 0.45
1.89 0.9449999 0 6C2139 0.45
1.89 0.9449999 -0.4725 6C2139 0.45
1.89 1.4175 0.4725 6C2139 0.45
1.89 1.4175 0 6C2139 0.45
1.89 1.4175 -0.4725 6C2139 0.45
1.89 1.89 0.4725 6C2139 0.45
1.89 1.89 0 6C2139 0.45
1.89 1.89 -0.4725 6C2139 0.45
1.89 2.3625 0.4725 6C2139 0.45
1.89 2.3625 0 6C2139 0.45
1.89 2.3625 -0.4725 6C2139 0.45
1.89 2.835 0.4725 6C2139 0.45
1.89 2.835 0 6C2139 0.45
1.89 2.835 -0.4725 6C2139 0.45
1.89 3.3075 0.4725 6E2036 0.45
1.89 3.3075 0 6E2036 0.45
1.89 3.3075 -0.4725 6E2036 0.45
1.89 3.78 0.4725 6E2036 0.45
1.89 3.78 0 6E2036 0.45
1.89 3.78 -0.4725 6E2036 0.45
1.89 4.2525 0.4725 6E2036 0.45
1.89 4.2525 0 6E2036 0.45
1.89 4.2525 -0.4725 6E2036 0.45
1.89 4.725 0.4725 6E2036 0.45
1.89 4.725 0 6E2036 0.45
1.89 4.725 -0.4725 6E2036 0.45
2.3625 5.1975 1.4175 6E2036 0.45
2.3625 5.1975 0.9449999 6E2036 0.45
2.3625 5.1975 0.4725 6E2036 0.45
2.3625 5.1975 0 6E2036 0.45
2.3625 5.1975 -0.4725 6E2036 0.45
2.3625 5.1975 -0.9449999 6E2036 0.45
2.3625 5.1975 -1.4175 6E2036 0.45
2.3625 5.67 1.4175 6E2036 0.45
2.3625 5.67 0.9449999 6E2036 0.45
2.3625 5.67 0.4725 6E2036 0.45
2.3625 5.67 0 6E2036 0.45
2.3625 5.67 -0.4725 6E2036 0.45
2.3625 5.67 -0.9449999 6E2036 0.45
2.3625 5.67 -1.4175 6E2036 0.45
2.3625 6.142499 1.4175 5A1720 0.45
2.3625 6.142499 0.9449999 5A1720 0.45
2.3625 6.142499 0.4725 5A1720 0.45
2.3625 6.142499 0 5A1720 0.45
2.3625 6.142499 -0.4725 5A1720 0.45
2.3625 6.142499 -0.9449999 5A1720 0.45
2.3625 6.142499 -1.4175 5A1720 0.45
2.3625 6.615 1.4175 5A1720 0.45
2.3625 6.615 0.9449999 5A1720 0.45
2.3625 6.615 0.4725 5A1720 0.45
2.3625 6.615 0 5A1720 0.45
2.3625 6.615 -0.4725 5A1720 0.45
2.3625 6.615 -0.9449999 5A1720 0.45
2.3625 6.615 -1.4175 5A1720 0.45
2.3625 7.0875 1.4175 5A1720 0.45
2.3625 7.0875 0.9449999 5A1720 0.45
2.3625 7.0875 0.4725 5A1720 0.45
2.3625 7.0875 0 5A1720 0.45
2.3625 7.0875 -0.4725 5A1720 0.45
2.3625 7.0875 -0.9449999 5A1720 0.45
2.3625 7.0875 -1.4175 5A1720 0.45
2.3625 7.559999 1.4175 5A1720 0.45
2.3625 7.559999 0.9449999 5A1720 0.45
2.3625 7.559999 0.4725 5A1720 0.45
2.3625 7.559999 0 5A1720 0.45
2.3625 7.559999 -0.4725 5A1720 0.45
2.3625 7.559999 -0.9449999 5A1720 0.45
2.3625 7.559999 -1.4175 5A1720 0.45
2.3625 8.0325 1.4175 5A1720 0.45
2.3625 8.0325 0.9449999 5A1720 0.45
2.3625 8.0325 0.4725 5A1720 0.45
2.3625 8.0325 0 5A1720 0.45
2.3625 8.0325 -0.4725 5A1720 0.45
2.3625 8.0325 -0.9449999 5A1720 0.45
2.3625 8.0325 -1.4175 5A1720 0.45
2.3625 8.504999 1.4175 5A1720 0.45
2.3625 8.504999 0.9449999 5A1720 0.45
2.3625 8.504999 0.4725 5A1720 0.45
2.3625 8.504999 0 5A1720 0.45
2.3625 8.504999 -0.4725 5A1720 0.45
2.3625 8.504999 -0.9449999 5A1720 0.45
2.3625 8.504999 -1.4175 5A1720 0.45
2.3625 8.9775 1.4175 5A1720 0.45
2.3625 8.9775 0.9449999 5A1720 0.45
2.3625 8.9775 0.4725 5A1720 0.45
2.3625 8.9775 0 5A1720 0.45
2.3625 8.9775 -0.4725 5A1720 0.45
2.3625 8.9775 -0.9449999 5A1720 0.45
2.3625 8.9775 -1.4175 5A1720 0.45
2.3625 9.45 1.4175 5A1720 0.45
2.3625 9.45 0.9449999 5A1720 0.45
2.3625 9.45 0.4725 5A1720 0.45
2.3625 9.45 0 5A1720 0.45
2.3625 9.45 -0.4725 5A1720 0.45
2.3625 9.45 -0.9449999 5A1720 0.45
2.3625 9.45 -1.4175 5A1720 0.45
2.3625 9.9225 1.4175 5A1720 0.45
2.3625 9.9225 0.9449999 5A1720 0.45
2.3625 9.9225 0.4725 5A1720 0.45
2.3625 9.9225 0 5A1720 0.45
2.3625 9.9225 -0.4725 5A1720 0.45
2.3625 9.9225 -0.9449999 5A1720 0.45
2.3625 9.9225 -1.4175 5A1720 0.45
2.3625 10.395 1.4175 5A1720 0.45
2.3625 10.395 0.9449999 5A1720 0.45
5.67 10.395 0.4725 5A1720 0.45
5.67 10.395 0 5A1720 0.45
5.67 10.395 -0.4725 5A1720 0.45
2.3625 10.395 -0.9449999 5A1720 0.45
2.3625 10.395 -1.4175 5A1720 0.45
2.3625 10.8675 1.4175 5A1720 0.45
2.3625 10.8675 0.9449999 5A1720 0.45
9.45 10.8675 0.4725 EDAF97 0.45
9.45 10.8675 0 EDAF97 0.45
9.45 10.8675 -0.4725 EDAF97 0.45
2.3625 10.8675 -0.9449999 5A1720 0.45
2.3625 10.8675 -1.4175 5A1720 0.45
2.3625 11.34 1.4175 5A1720 0.45
2.3625 11.34 0.9449999 5A1720 0.45
9.45 11.34 0.4725 EDAF97 0.45
9.45 11.34 0 EDAF97 0.45
9.45 11.34 -0.4725 EDAF97 0.45
2.3625 11.34 -0.9449999 5A1720 0.45
2.3625 11.34 -1.4175 5A1720 0.45
1.89 11.8125 1.89 E5A78E 0.45
1.89 11.8125 1.4175 E5A78E 0.45
1.89 11.8125 0.9449999 E5A78E 0.45
1.89 11.8125 0.4725 E5A78E 0.45
1.89 11.8125 0 E5A78E 0.45
1.89 11.8125 -0.4725 E5A78E 0.45
1.89 11.8125 -0.9449999 E5A78E 0.45
1.89 11.8125 -1.4175 C2A193 0.45
1.89 11.8125 -1.89 C2A193 0.45
1.89 12.285 1.89 E5A78E 0.45
1.89 12.285 1.4175 E5A78E 0.45
1.89 12.285 0.9449999 E5A78E 0.45
1.89 12.285 0.4725 E5A78E 0.45
1.89 12.285 0 E5A78E 0.45
1.89 12.285 -0.4725 E5A78E 0.45
1.89 12.285 -0.9449999 E5A78E 0.45
1.89 12.285 -1.4175 C2A193 0.45
1.89 12.285 -1.89 C2A193 0.45
1.89 12.7575 1.89 2D1C15 0.45
1.89 12.7575 1.4175 2D1C15 0.45
1.89 12.7575 0.9449999 2D1C15 0.45
1.89 12.7575 0.4725 2D1C15 0.45
1.89 12.7575 0 E5A78E 0.45
1.89 12.7575 -0.4725 E5A78E 0.45
1.89 12.7575 -0.9449999 E5A78E 0.45
1.89 12.7575 -1.4175 C2A193 0.45
1.89 12.7575 -1.89 C2A193 0.45
1.89 13.23 1.89 2D1C15 0.45
1.89 13.23 1.4175 2D1C15 0.45
1.89 13.23 0.9449999 2D1C15 0.45
1.89 13.23 0.4725 2D1C15 0.45
1.89 13.23 0 E5A78E 0.45
1.89 13.23 -0.4725 E5A78E 0.45
1.89 13.23 -0.9449999 E5A78E 0.45
1.89 13.23 -1.4175 E5A78E 0.45
1.89 13.23 -1.89 E5A78E 0.45
1.89 13.7025 1.89 2D1C15 0.45
1.89 13.7025 1.4175 2D1C15 0.45
1.89 13.7025 0.9449999 2D1C15 0.45
1.89 13.7025 0.4725 2D1C15 0.45
1.89 13.7025 0 E5A78E 0.45
1.89 13.7025 -0.4725 E5A78E 0.45
1.89 13.7025 -0.9449999 E5A78E 0.45
1.89 13.7025 -1.4175 E5A78E 0.45
1.89 13.7025 -1.89 E5A78E 0.45
1.89 14.175 1.89 2D1C15 0.45
1.89 14.175 1.4175 2D1C15 0.45
1.89 14.175 0.9449999 2D1C15 0.45
1.89 14.175 0.4725 2D1C15 0.45
1.89 14.175 0 2D1C15 0.45
1.89 14.175 -0.4725 37221A 0.45
1.89 14.175 -0.9449999 E5A78E 0.45
1.89 14.175 -1.4175 E5A78E 0.45
1.89 14.175 -1.89 E5A78E 0.45
1.89 14.6475 1.89 2D1C15 0.45
1.89 14.6475 1.4175 2D1C15 0.45
1.89 14.6475 0.9449999 2D1C15 0.45
1.89 14.6475 0.4725 2D1C15 0.45
1.89 14.6475 0 2D1C15 0.45
1.89 14.6475 -0.4725 2D1C15 0.45
1.89 14.6475 -0.9449999 2D1C15 0.45
1.89 14.6475 -1.4175 E5A78E 0.45
1.89 14.6475 -1.89 E5A78E 0.45
1.89 15.12 1.89 2D1C15 0.45
1.89 15.12 1.4175 2D1C15 0.45
1.89 15.12 0.9449999 2D1C15 0.45
1.89 15.12 0.4725 2D1C15 0.45
1.89 15.12 0 2D1C15 0.45
1.89 15.12 -0.4725 2D1C15 0.45
1.89 15.12 -0.9449999 2D1C15 0.45
1.89 15.12 -1.4175 2D1C15 0.45
1.89 15.12 -1.89 2D1C15 0.45
1.89 15.5925 1.89 2D1C15 0.45
1.89 15.5925 1.4175 2D1C15 0.45
1.89 15.5925 0.9449999 2D1C15 0.45
1.89 15.5925 0.4725 2D1C15 0.45
1.89 15.5925 0 2D1C15 0.45
1.89 15.5925 -0.4725 2D1C15 0.45
1.89 15.5925 -0.9449999 2D1C15 0.45
1.89 15.5925 -1.4175 2D1C15 0.45
1.89 15.5925 -1.89 2D1C15 0.45
9.45 10.395 0.4725 EDAF97 0.45
9.45 10.395 0 EDAF97 0.45
9.45 10.395 -0.4725 EDAF97 0.45
8.504999 10.8675 0.4725 5A1720 0.45
8.504999 10.8675 0 5A1720 0.45
8.504999 10.8675 -0.4725 5A1720 0.45
8.504999 11.34 0.4725 5A1720 0.45
8.504999 11.34 0 5A1720 0.45
8.504999 11.34 -0.4725 5A1720 0.45
8.9775 10.395 0.4725 EDAF97 0.45
8.9775 10.395 0 EDAF97 0.45
8.9775 10.395 -0.4725 EDAF97 0.45
8.9775 10.8675 0.4725 FFCCAE 0.45
8.9775 10.8675 -0.4725 FFCCAE 0.45
8.9775 11.34 0.4725 FFCCAE 0.45
8.9775 11.34 -0.4725 FFCCAE 0.45
8.9775 11.34 0 EDAF97 0.45
8.504999 10.395 0.4725 5A1720 0.45
8.504999 10.395 0 5A1720 0.45
8.504999 10.395 -0.4725 5A1720 0.45
8.504999 10.8675 0.9449999 790E27 0.45
5.67 10.8675 0.4725 5A1720 0.45
5.67 10.8675 0 5A1720 0.45
5.67 10.8675 -0.4725 5A1720 0.45
8.504999 10.8675 -0.9449999 790E27 0.45
8.504999 11.34 0.9449999 790E27 0.45
5.67 11.34 0.4725 5A1720 0.45
5.67 11.34 0 5A1720 0.45
5.67 11.34 -0.4725 5A1720 0.45
8.504999 11.34 -0.9449999 790E27 0.45
8.504999 11.8125 0.4725 851A33 0.45
8.504999 11.8125 0 851A33 0.45
8.504999 11.8125 -0.4725 851A33 0.45
8.0325 10.395 0.4725 5A1720 0.45
8.0325 10.395 0 5A1720 0.45
8.0325 10.395 -0.4725 5A1720 0.45
8.0325 10.8675 0.9449999 790E27 0.45
8.0325 10.8675 -0.9449999 790E27 0.45
8.0325 11.34 0.9449999 790E27 0.45
8.0325 11.34 -0.9449999 790E27 0.45
8.0325 11.8125 0.4725 851A33 0.45
8.0325 11.8125 0 851A33 0.45
8.0325 11.8125 -0.4725 851A33 0.45
7.559999 10.395 0.4725 5A1720 0.45
7.559999 10.395 0 5A1720 0.45
7.559999 10.395 -0.4725 5A1720 0.45
7.559999 10.8675 0.9449999 790E27 0.45
7.559999 10.8675 -0.9449999 790E27 0.45
7.559999 11.34 0.9449999 790E27 0.45
7.559999 11.34 -0.9449999 790E27 0.45
7.559999 11.8125 0.4725 851A33 0.45
7.559999 11.8125 0 851A33 0.45
7.559999 11.8125 -0.4725 851A33 0.45
7.0875 10.395 0.4725 5A1720 0.45
7.0875 10.395 0 5A1720 0.45
7.0875 10.395 -0.4725 5A1720 0.45
7.0875 10.8675 0.9449999 790E27 0.45
7.0875 10.8675 -0.9449999 790E27 0.45
7.0875 11.34 0.9449999 790E27 0.45
7.0875 11.34 -0.9449999 790E27 0.45
7.0875 11.8125 0.4725 851A33 0.45
7.0875 11.8125 0 851A33 0.45
7.0875 11.8125 -0.4725 851A33 0.45
6.615 10.395 0.4725 5A1720 0.45
6.615 10.395 0 5A1720 0.45
6.615 10.395 -0.4725 5A1720 0.45
6.615 10.8675 0.9449999 790E27 0.45
6.615 10.8675 -0.9449999 790E27 0.45
6.615 11.34 0.9449999 790E27 0.45
6.615 11.34 -0.9449999 790E27 0.45
6.615 11.8125 0.4725 851A33 0.45
6.615 11.8125 0 851A33 0.45
6.615 11.8125 -0.4725 851A33 0.45
6.142499 10.395 0.4725 5A1720 0.45
6.142499 10.395 0 5A1720 0.45
6.142499 10.395 -0.4725 5A1720 0.45
6.142499 10.8675 0.9449999 790E27 0.45
6.142499 10.8675 -0.9449999 790E27 0.45
6.142499 11.34 0.9449999 790E27 0.45
6.142499 11.34 -0.9449999 790E27 0.45
6.142499 11.8125 0.4725 851A33 0.45
6.142499 11.8125 0 851A33 0.45
6.142499 11.8125 -0.4725 851A33 0.45
5.67 10.395 0.9449999 790E27 0.45
2.3625 10.395 0.4725 5A1720 0.45
2.3625 10.395 0 5A1720 0.45
2.3625 10.395 -0.4725 5A1720 0.45
5.67 10.395 -0.9449999 790E27 0.45
5.67 10.8675 0.9449999 790E27 0.45
2.3625 10.8675 0.4725 5A1720 0.45
2.3625 10.8675 0 5A1720 0.45
2.3625 10.8675 -0.4725 5A1720 0.45
5.67 10.8675 -0.9449999 790E27 0.45
5.67 11.34 0.9449999 790E27 0.45
2.3625 11.34 0.4725 5A1720 0.45
2.3625 11.34 0 5A1720 0.45
2.3625 11.34 -0.4725 5A1720 0.45
5.67 11.34 -0.9449999 790E27 0.45
5.67 11.8125 0.4725 851A33 0.45
5.67 11.8125 0 851A33 0.45
5.67 11.8125 -0.4725 851A33 0.45
5.1975 10.395 0.4725 5A1720 0.45
5.1975 10.395 0 5A1720 0.45
5.1975 10.395 -0.4725 5A1720 0.45
5.1975 10.395 0.9449999 790E27 0.45
5.1975 10.395 -0.9449999 790E27 0.45
5.1975 10.8675 0.9449999 790E27 0.45
5.1975 10.8675 -0.9449999 790E27 0.45
5.1975 11.34 0.9449999 790E27 0.45
5.1975 11.34 -0.9449999 790E27 0.45
5.1975 11.8125 0.4725 851A33 0.45
5.1975 11.8125 0 851A33 0.45
5.1975 11.8125 -0.4725 851A33 0.45
4.725 10.395 0.4725 5A1720 0.45
4.725 10.395 0 5A1720 0.45
4.725 10.395 -0.4725 5A1720 0.45
4.725 10.395 0.9449999 790E27 0.45
4.725 10.395 -0.9449999 790E27 0.45
4.725 10.8675 0.9449999 790E27 0.45
4.725 10.8675 -0.9449999 790E27 0.45
4.725 11.34 0.9449999 790E27 0.45
4.725 11.34 -0.9449999 790E27 0.45
4.725 11.8125 0.4725 851A33 0.45
4.725 11.8125 0 851A33 0.45
4.725 11.8125 -0.4725 851A33 0.45
4.2525 10.395 0.4725 5A1720 0.45
4.2525 10.395 0 5A1720 0.45
4.2525 10.395 -0.4725 5A1720 0.45
4.2525 10.395 0.9449999 790E27 0.45
4.2525 10.395 -0.9449999 790E27 0.45
4.2525 10.8675 0.9449999 790E27 0.45
4.2525 10.8675 -0.9449999 790E27 0.45
4.2525 11.34 0.9449999 790E27 0.45
4.2525 11.34 -0.9449999 790E27 0.45
4.2525 11.8125 0.4725 851A33 0.45
4.2525 11.8125 0 851A33 0.45
4.2525 11.8125 -0.4725 851A33 0.45
3.78 10.395 0.4725 5A1720 0.45
3.78 10.395 0 5A1720 0.45
3.78 10.395 -0.4725 5A1720 0.45
3.78 10.395 0.9449999 790E27 0.45
3.78 10.395 -0.9449999 790E27 0.45
3.78 10.8675 0.9449999 790E27 0.45
3.78 10.8675 -0.9449999 790E27 0.45
3.78 11.34 0.9449999 790E27 0.45
3.78 11.34 -0.9449999 790E27 0.45
3.78 11.8125 0.4725 851A33 0.45
3.78 11.8125 0 851A33 0.45
3.78 11.8125 -0.4725 851A33 0.45
3.3075 10.395 0.4725 5A1720 0.45
3.3075 10.395 0 5A1720 0.45
3.3075 10.395 -0.4725 5A1720 0.45
3.3075 10.395 0.9449999 790E27 0.45
3.3075 10.395 -0.9449999 790E27 0.45
3.3075 10.8675 0.9449999 790E27 0.45
3.3075 10.8675 -0.9449999 790E27 0.45
3.3075 11.34 0.9449999 790E27 0.45
3.3075 11.34 -0.9449999 790E27 0.45
3.3075 11.8125 0.4725 851A33 0.45
3.3075 11.8125 0 851A33 0.45
3.3075 11.8125 -0.4725 851A33 0.45
2.835 10.395 0.4725 5A1720 0.45
2.835 10.395 0 5A1720 0.45
2.835 10.395 -0.4725 5A1720 0.45
2.835 10.395 0.9449999 790E27 0.45
2.835 10.395 -0.9449999 790E27 0.45
2.835 10.8675 0.9449999 790E27 0.45
2.835 10.8675 -0.9449999 790E27 0.45
2.835 11.34 0.9449999 790E27 0.45
2.835 11.34 -0.9449999 790E27 0.45
2.835 11.8125 0.4725 851A33 0.45
2.835 11.8125 0 851A33 0.45
2.835 11.8125 -0.4725 851A33 0.45
-2.835 10.395 0.4725 9D2448 0.45
-2.835 10.395 0 9D2448 0.45
-2.835 10.395 -0.4725 9D2448 0.45
2.835 10.8675 0.4725 9D2448 0.45
-2.835 10.8675 0.4725 9D2448 0.45
2.835 10.8675 0 9D2448 0.45
-2.835 10.8675 0 9D2448 0.45
2.835 10.8675 -0.4725 9D2448 0.45
-2.835 10.8675 -0.4725 9D2448 0.45
2.835 11.34 0.4725 9D2448 0.45
-2.835 11.34 0.4725 9D2448 0.45
2.835 11.34 0 9D2448 0.45
-2.835 11.34 0 9D2448 0.45
2.835 11.34 -0.4725 9D2448 0.45
-2.835 11.34 -0.4725 9D2448 0.45
2.3625 11.8125 1.4175 9D2448 0.45
2.3625 11.8125 0.9449999 9D2448 0.45
2.3625 11.8125 0.4725 9D2448 0.45
2.3625 11.8125 0 9D2448 0.45
2.3625 11.8125 -0.4725 9D2448 0.45
2.3625 11.8125 -0.9449999 9D2448 0.45
2.3625 11.8125 -1.4175 9D2448 0.45
1.89 11.34 1.89 EDAF97 0.45
1.89 5.1975 1.4175 5A1720 0.45
1.89 5.1975 0.9449999 5A1720 0.45
1.89 5.1975 -0.9449999 5A1720 0.45
1.89 5.1975 -1.4175 5A1720 0.45
1.89 11.34 -1.89 EDAF97 0.45
1.89 0.9449999 0.9449999 822C48 0.45
1.89 0.9449999 -0.9449999 822C48 0.45
1.89 1.4175 0.9449999 822C48 0.45
-0.4725 1.4175 0.4725 591A2E 0.45
-0.4725 1.4175 0 591A2E 0.45
-0.4725 1.4175 -0.4725 591A2E 0.45
1.89 1.4175 -0.9449999 822C48 0.45
1.89 1.89 0.9449999 822C48 0.45
-0.4725 1.89 0.4725 591A2E 0.45
-0.4725 1.89 0 591A2E 0.45
-0.4725 1.89 -0.4725 591A2E 0.45
1.89 1.89 -0.9449999 822C48 0.45
1.89 2.3625 0.9449999 822C48 0.45
-0.4725 2.3625 0.4725 591A2E 0.45
-0.4725 2.3625 0 591A2E 0.45
-0.4725 2.3625 -0.4725 591A2E 0.45
1.89 2.3625 -0.9449999 822C48 0.45
1.89 2.835 0.9449999 822C48 0.45
-0.4725 2.835 0.4725 591A2E 0.45
-0.4725 2.835 0 591A2E 0.45
-0.4725 2.835 -0.4725 591A2E 0.45
1.89 2.835 -0.9449999 822C48 0.45
1.89 3.3075 0.9449999 822C48 0.45
1.89 5.1975 0.4725 5A1720 0.45
-0.4725 3.3075 0.4725 591A2E 0.45
1.89 5.1975 0 5A1720 0.45
-0.4725 3.3075 0 591A2E 0.45
1.89 5.1975 -0.4725 5A1720 0.45
-0.4725 3.3075 -0.4725 591A2E 0.45
1.89 3.3075 -0.9449999 822C48 0.45
1.89 3.78 0.9449999 822C48 0.45
-0.4725 3.78 0.4725 591A2E 0.45
-0.4725 3.78 0 591A2E 0.45
-0.4725 3.78 -0.4725 591A2E 0.45
1.89 3.78 -0.9449999 822C48 0.45
1.89 4.2525 0.9449999 822C48 0.45
-0.4725 4.2525 0.4725 591A2E 0.45
-0.4725 4.2525 0 591A2E 0.45
-0.4725 4.2525 -0.4725 591A2E 0.45
1.89 4.2525 -0.9449999 822C48 0.45
1.89 4.725 0.9449999 822C48 0.45
-0.4725 4.725 0.4725 591A2E 0.45
-0.4725 4.725 0 591A2E 0.45
-0.4725 4.725 -0.4725 591A2E 0.45
1.89 4.725 -0.9449999 822C48 0.45
1.89 6.142499 1.4175 5A1720 0.45
1.89 6.142499 0.9449999 5A1720 0.45
1.89 6.142499 0.4725 5A1720 0.45
-0.4725 5.1975 0.4725 591A2E 0.45
1.89 6.142499 0 5A1720 0.45
-0.4725 5.1975 0 591A2E 0.45
1.89 6.142499 -0.4725 5A1720 0.45
-0.4725 5.1975 -0.4725 591A2E 0.45
1.89 6.142499 -0.9449999 5A1720 0.45
1.89 6.142499 -1.4175 5A1720 0.45
1.89 5.67 1.4175 822C48 0.45
1.89 5.67 0.4725 591A2E 0.45
1.89 5.67 0 591A2E 0.45
1.89 5.67 -0.4725 591A2E 0.45
1.89 5.67 -1.4175 802E47 0.45
1.89 11.34 1.4175 EDAF97 0.45
1.89 11.34 0.9449999 EDAF97 0.45
1.89 11.34 0.4725 EDAF97 0.45
1.89 11.34 0 EDAF97 0.45
1.89 11.34 -0.4725 EDAF97 0.45
1.89 11.34 -0.9449999 EDAF97 0.45
1.89 11.34 -1.4175 EDAF97 0.45
1.89 6.615 1.4175 851A33 0.45
1.89 6.615 -1.4175 851A33 0.45
1.89 7.0875 1.4175 851A33 0.45
1.89 7.0875 -1.4175 851A33 0.45
1.89 7.559999 1.4175 851A33 0.45
1.89 7.559999 -1.4175 851A33 0.45
1.89 8.0325 1.4175 851A33 0.45
1.89 8.0325 -1.4175 851A33 0.45
1.89 8.504999 1.4175 851A33 0.45
1.89 8.504999 -1.4175 851A33 0.45
1.89 8.9775 1.4175 851A33 0.45
1.89 8.9775 -1.4175 851A33 0.45
1.89 9.45 1.4175 851A33 0.45
1.89 9.45 -1.4175 851A33 0.45
1.89 9.9225 1.4175 851A33 0.45
1.89 9.9225 -1.4175 851A33 0.45
1.89 10.395 1.4175 851A33 0.45
1.89 10.395 -1.4175 851A33 0.45
1.89 10.8675 1.4175 5A1720 0.45
1.89 10.8675 -1.4175 851A33 0.45
1.4175 11.34 1.89 EDAF97 0.45
1.4175 5.1975 1.4175 5A1720 0.45
1.4175 5.1975 0.9449999 5A1720 0.45
1.4175 0 0.4725 31261D 0.45
1.4175 0 0 31261D 0.45
1.4175 0 -0.4725 31261D 0.45
1.4175 0 -0.9449999 31261D 0.45
1.4175 5.1975 -1.4175 5A1720 0.45
1.4175 11.34 -1.89 EDAF97 0.45
-0.4725 0 0.4725 31261D 0.45
-0.4725 0 0 31261D 0.45
-0.4725 0 -0.4725 31261D 0.45
-0.4725 0 -0.9449999 31261D 0.45
1.4175 0 -1.4175 483A2F 0.45
1.4175 0.4725 0.4725 483A2F 0.45
1.4175 0.9449999 0.4725 591A2E 0.45
-0.4725 0.4725 0.4725 31261D 0.45
1.4175 0.9449999 0 591A2E 0.45
-0.4725 0.4725 0 31261D 0.45
1.4175 0.9449999 -0.4725 591A2E 0.45
-0.4725 0.4725 -0.4725 31261D 0.45
1.4175 5.1975 -0.9449999 5A1720 0.45
-0.4725 0.4725 -0.9449999 31261D 0.45
1.4175 0.4725 -1.4175 483A2F 0.45
1.4175 0.9449999 0.9449999 822C48 0.45
1.4175 2.835 0.4725 591A2E 0.45
-0.4725 0.9449999 0.4725 591A2E 0.45
1.4175 2.835 0 591A2E 0.45
-0.4725 0.9449999 0 591A2E 0.45
1.4175 2.835 -0.4725 591A2E 0.45
-0.4725 0.9449999 -0.4725 591A2E 0.45
1.4175 0.9449999 -0.9449999 483A2F 0.45
1.4175 1.4175 0.9449999 822C48 0.45
1.4175 1.4175 -0.9449999 822C48 0.45
1.4175 1.89 0.9449999 822C48 0.45
1.4175 1.89 -0.9449999 822C48 0.45
1.4175 2.3625 0.9449999 822C48 0.45
1.4175 2.3625 -0.9449999 822C48 0.45
1.4175 2.835 0.9449999 822C48 0.45
1.4175 2.835 -0.9449999 822C48 0.45
1.4175 3.3075 0.9449999 822C48 0.45
1.4175 5.1975 0.4725 5A1720 0.45
1.4175 5.1975 0 5A1720 0.45
1.4175 5.1975 -0.4725 5A1720 0.45
1.4175 3.3075 -0.9449999 822C48 0.45
1.4175 3.78 0.9449999 822C48 0.45
1.4175 3.3075 0.4725 591A2E 0.45
1.4175 3.3075 0 591A2E 0.45
1.4175 3.3075 -0.4725 591A2E 0.45
1.4175 3.78 -0.9449999 822C48 0.45
1.4175 4.2525 0.9449999 822C48 0.45
1.4175 4.2525 -0.9449999 822C48 0.45
1.4175 4.725 0.9449999 822C48 0.45
1.4175 4.725 -0.9449999 822C48 0.45
1.4175 6.142499 1.4175 5A1720 0.45
1.4175 6.142499 0.9449999 5A1720 0.45
1.4175 6.142499 0.4725 5A1720 0.45
1.4175 6.142499 0 5A1720 0.45
1.4175 6.142499 -0.4725 5A1720 0.45
1.4175 6.142499 -0.9449999 5A1720 0.45
1.4175 6.142499 -1.4175 5A1720 0.45
1.4175 5.67 1.4175 822C48 0.45
1.4175 5.67 0.4725 591A2E 0.45
1.4175 5.67 0 591A2E 0.45
1.4175 5.67 -0.4725 591A2E 0.45
1.4175 5.67 -1.4175 802E47 0.45
1.4175 11.34 1.4175 EDAF97 0.45
1.4175 11.34 0.9449999 EDAF97 0.45
1.4175 11.34 0.4725 EDAF97 0.45
1.4175 11.34 0 EDAF97 0.45
1.4175 11.34 -0.4725 EDAF97 0.45
1.4175 11.34 -0.9449999 EDAF97 0.45
1.4175 11.34 -1.4175 EDAF97 0.45
1.4175 6.615 1.4175 851A33 0.45
1.4175 6.615 -1.4175 851A33 0.45
1.4175 7.0875 1.4175 851A33 0.45
1.4175 7.0875 -1.4175 851A33 0.45
1.4175 7.559999 1.4175 851A33 0.45
1.4175 7.559999 -1.4175 851A33 0.45
1.4175 8.0325 1.4175 851A33 0.45
1.4175 8.0325 -1.4175 851A33 0.45
1.4175 8.504999 1.4175 851A33 0.45
1.4175 8.504999 -1.4175 851A33 0.45
1.4175 8.9775 1.4175 851A33 0.45
1.4175 8.9775 -1.4175 851A33 0.45
1.4175 9.45 1.4175 851A33 0.45
1.4175 9.45 -1.4175 851A33 0.45
1.4175 9.9225 1.4175 851A33 0.45
1.4175 9.9225 -1.4175 851A33 0.45
1.4175 10.395 1.4175 851A33 0.45
1.4175 10.395 -1.4175 851A33 0.45
1.4175 10.8675 1.4175 5A1720 0.45
1.4175 10.8675 -1.4175 851A33 0.45
1.4175 11.8125 1.89 EDAF97 0.45
1.4175 11.8125 1.4175 9D2448 0.45
1.4175 11.8125 0.9449999 9D2448 0.45
1.4175 11.8125 0.4725 9D2448 0.45
1.4175 11.8125 0 9D2448 0.45
1.4175 11.8125 -0.4725 9D2448 0.45
1.4175 11.8125 -0.9449999 9D2448 0.45
1.4175 11.8125 -1.4175 9D2448 0.45
1.4175 11.8125 -1.89 CDB3A1 0.45
1.4175 12.285 1.89 EDAF97 0.45
1.4175 12.285 -1.89 CDB3A1 0.45
1.4175 12.7575 1.89 2D1C15 0.45
1.4175 12.7575 -1.89 CDB3A1 0.45
1.4175 13.23 1.89 2D1C15 0.45
1.4175 13.23 -1.89 E5A78E 0.45
1.4175 13.7025 1.89 2D1C15 0.45
1.4175 13.7025 -1.89 231814 0.45
1.4175 14.175 1.89 2D1C15 0.45
1.4175 14.175 -1.89 231814 0.45
1.4175 14.6475 1.89 2D1C15 0.45
1.4175 14.6475 -1.89 231814 0.45
1.4175 15.12 1.89 2D1C15 0.45
1.4175 15.12 -1.89 2D1C15 0.45
1.4175 15.5925 1.89 2D1C15 0.45
1.4175 15.5925 -1.89 2D1C15 0.45
1.4175 15.5925 1.4175 2D1C15 0.45
1.4175 15.5925 0.9449999 2D1C15 0.45
1.4175 15.5925 0.4725 2D1C15 0.45
1.4175 15.5925 0 2D1C15 0.45
1.4175 15.5925 -0.4725 2D1C15 0.45
1.4175 15.5925 -0.9449999 2D1C15 0.45
1.4175 15.5925 -1.4175 2D1C15 0.45
0.9449999 11.34 1.89 EDAF97 0.45
0.9449999 5.1975 1.4175 5A1720 0.45
0.9449999 5.1975 0.9449999 5A1720 0.45
0.9449999 0 0.4725 31261D 0.45
0.9449999 0 0 31261D 0.45
0.9449999 0 -0.4725 31261D 0.45
0.9449999 0 -0.9449999 31261D 0.45
0.9449999 5.1975 -1.4175 5A1720 0.45
0.9449999 11.34 -1.89 EDAF97 0.45
0.9449999 0 -1.4175 483A2F 0.45
0.9449999 0.4725 0.4725 483A2F 0.45
0.9449999 0.9449999 0.4725 591A2E 0.45
0.9449999 0.9449999 0 591A2E 0.45
0.9449999 0.9449999 -0.4725 591A2E 0.45
0.9449999 5.1975 -0.9449999 5A1720 0.45
0.9449999 0.4725 -1.4175 483A2F 0.45
0.9449999 0.9449999 0.9449999 822C48 0.45
0.9449999 2.835 0.4725 591A2E 0.45
0.9449999 2.835 0 591A2E 0.45
0.9449999 2.835 -0.4725 591A2E 0.45
0.9449999 0.9449999 -0.9449999 483A2F 0.45
0.9449999 1.4175 0.9449999 822C48 0.45
0.9449999 1.4175 -0.9449999 822C48 0.45
0.9449999 1.89 0.9449999 822C48 0.45
0.9449999 1.89 -0.9449999 822C48 0.45
0.9449999 2.3625 0.9449999 822C48 0.45
0.9449999 2.3625 -0.9449999 822C48 0.45
0.9449999 2.835 0.9449999 822C48 0.45
0.9449999 2.835 -0.9449999 822C48 0.45
0.9449999 3.3075 0.9449999 822C48 0.45
0.9449999 5.1975 0.4725 5A1720 0.45
0.9449999 5.1975 0 5A1720 0.45
0.9449999 5.1975 -0.4725 5A1720 0.45
0.9449999 3.3075 -0.9449999 822C48 0.45
0.9449999 3.78 0.9449999 822C48 0.45
0.9449999 3.3075 0.4725 591A2E 0.45
0.9449999 3.3075 0 591A2E 0.45
0.9449999 3.3075 -0.4725 591A2E 0.45
0.9449999 3.78 -0.9449999 822C48 0.45
0.9449999 4.2525 0.9449999 822C48 0.45
0.9449999 4.2525 -0.9449999 822C48 0.45
0.9449999 4.725 0.9449999 822C48 0.45
0.9449999 4.725 -0.9449999 822C48 0.45
0.9449999 6.142499 1.4175 5A1720 0.45
0.9449999 6.142499 0.9449999 5A1720 0.45
0.9449999 6.142499 0.4725 5A1720 0.45
0.9449999 6.142499 0 5A1720 0.45
0.9449999 6.142499 -0.4725 5A1720 0.45
0.9449999 6.142499 -0.9449999 5A1720 0.45
0.9449999 6.142499 -1.4175 5A1720 0.45
0.9449999 5.67 1.4175 822C48 0.45
0.9449999 5.67 0.4725 591A2E 0.45
0.9449999 5.67 0 591A2E 0.45
0.9449999 5.67 -0.4725 591A2E 0.45
0.9449999 5.67 -1.4175 802E47 0.45
0.9449999 11.34 1.4175 EDAF97 0.45
0.9449999 11.34 0.9449999 EDAF97 0.45
0.9449999 11.34 0.4725 EDAF97 0.45
0.9449999 11.34 0 EDAF97 0.45
0.9449999 11.34 -0.4725 EDAF97 0.45
0.9449999 11.34 -0.9449999 EDAF97 0.45
0.9449999 11.34 -1.4175 EDAF97 0.45
0.9449999 6.615 1.4175 851A33 0.45
0.9449999 6.615 -1.4175 D1D0D1 0.45
0.9449999 7.0875 1.4175 851A33 0.45
0.9449999 7.0875 -1.4175 D1D0D1 0.45
0.9449999 7.559999 1.4175 851A33 0.45
0.9449999 7.559999 -1.4175 D1D0D1 0.45
0.9449999 8.0325 1.4175 851A33 0.45
0.9449999 8.0325 -1.4175 D1D0D1 0.45
0.9449999 8.504999 1.4175 851A33 0.45
0.9449999 8.504999 -1.4175 D1D0D1 0.45
0.9449999 8.9775 1.4175 851A33 0.45
0.9449999 8.9775 -1.4175 D1D0D1 0.45
0.9449999 9.45 1.4175 851A33 0.45
0.9449999 9.45 -1.4175 D1D0D1 0.45
0.9449999 9.9225 1.4175 851A33 0.45
0.9449999 9.9225 -1.4175 D1D0D1 0.45
0.9449999 10.395 1.4175 851A33 0.45
0.9449999 10.395 -1.4175 D1D0D1 0.45
0.9449999 10.8675 1.4175 5A1720 0.45
0.9449999 10.8675 -1.4175 FFFFFF 0.45
0.9449999 11.8125 1.89 EDAF97 0.45
0.9449999 11.8125 1.4175 EDAF97 0.45
0.9449999 11.8125 0.9449999 EDAF97 0.45
0.9449999 11.8125 0.4725 EDAF97 0.45
0.9449999 11.8125 0 EDAF97 0.45
0.9449999 11.8125 -0.4725 EDAF97 0.45
0.9449999 11.8125 -0.9449999 EDAF97 0.45
0.9449999 11.8125 -1.4175 EDAF97 0.45
0.9449999 11.8125 -1.89 CDB3A1 0.45
0.9449999 12.285 1.89 EDAF97 0.45
0.9449999 12.285 -1.89 CDB3A1 0.45
0.9449999 12.7575 1.89 2D1C15 0.45
0.9449999 12.7575 -1.89 CDB3A1 0.45
0.9449999 13.23 1.89 2D1C15 0.45
0.9449999 13.23 -1.89 E5A78E 0.45
0.9449999 13.7025 1.89 2D1C15 0.45
0.9449999 13.7025 -1.89 231814 0.45
0.9449999 14.175 1.89 2D1C15 0.45
0.9449999 14.175 -1.89 231814 0.45
0.9449999 14.6475 1.89 2D1C15 0.45
0.9449999 14.6475 -1.89 231814 0.45
0.9449999 15.12 1.89 2D1C15 0.45
0.9449999 15.12 -1.89 2D1C15 0.45
0.9449999 15.5925 1.89 2D1C15 0.45
0.9449999 15.5925 -1.89 2D1C15 0.45
0.9449999 15.5925 1.4175 2D1C15 0.45
0.9449999 15.5925 0.9449999 2D1C15 0.45
0.9449999 15.5925 0.4725 2D1C15 0.45
0.9449999 15.5925 0 2D1C15 0.45
0.9449999 15.5925 -0.4725 2D1C15 0.45
0.9449999 15.5925 -0.9449999 2D1C15 0.45
0.9449999 15.5925 -1.4175 2D1C15 0.45
0.4725 11.34 1.89 EDAF97 0.45
0.4725 5.1975 1.4175 5A1720 0.45
0.4725 5.1975 0.9449999 5A1720 0.45
0.4725 5.1975 0.4725 5A1720 0.45
0.4725 5.1975 0 5A1720 0.45
0.4725 5.1975 -0.4725 5A1720 0.45
0.4725 5.1975 -0.9449999 5A1720 0.45
0.4725 5.1975 -1.4175 5A1720 0.45
0.4725 11.34 -1.89 EDAF97 0.45
0.4725 0 0.4725 31261D 0.45
0.4725 0 0 31261D 0.45
0.4725 0 -0.4725 31261D 0.45
0.4725 0 -0.9449999 31261D 0.45
0.4725 0.4725 0.4725 31261D 0.45
0.4725 0.4725 0 31261D 0.45
0.4725 0.4725 -0.4725 31261D 0.45
0.4725 0.4725 -0.9449999 31261D 0.45
0.4725 0.9449999 0.4725 591A2E 0.45
0.4725 0.9449999 0 591A2E 0.45
0.4725 0.9449999 -0.4725 591A2E 0.45
0.4725 1.4175 0.4725 591A2E 0.45
0.4725 1.4175 0 591A2E 0.45
0.4725 1.4175 -0.4725 591A2E 0.45
0.4725 1.89 0.4725 591A2E 0.45
0.4725 1.89 0 591A2E 0.45
0.4725 1.89 -0.4725 591A2E 0.45
0.4725 2.3625 0.4725 591A2E 0.45
0.4725 2.3625 0 591A2E 0.45
0.4725 2.3625 -0.4725 591A2E 0.45
0.4725 2.835 0.4725 591A2E 0.45
0.4725 2.835 0 591A2E 0.45
0.4725 2.835 -0.4725 591A2E 0.45
0.4725 3.3075 0.4725 591A2E 0.45
0.4725 3.3075 0 591A2E 0.45
0.4725 3.3075 -0.4725 591A2E 0.45
0.4725 3.78 0.4725 591A2E 0.45
0.4725 3.78 0 591A2E 0.45
0.4725 3.78 -0.4725 591A2E 0.45
0.4725 4.2525 0.4725 591A2E 0.45
0.4725 4.2525 0 591A2E 0.45
0.4725 4.2525 -0.4725 591A2E 0.45
0.4725 4.725 0.4725 591A2E 0.45
0.4725 4.725 0 591A2E 0.45
0.4725 4.725 -0.4725 591A2E 0.45
0.4725 6.142499 1.4175 5A1720 0.45
0.4725 6.142499 0.9449999 5A1720 0.45
0.4725 6.142499 0.4725 5A1720 0.45
0.4725 6.142499 0 5A1720 0.45
0.4725 6.142499 -0.4725 5A1720 0.45
0.4725 6.142499 -0.9449999 5A1720 0.45
0.4725 6.142499 -1.4175 5A1720 0.45
0.4725 5.67 1.4175 822C48 0.45
0.4725 5.67 -1.4175 802E47 0.45
0.4725 11.34 1.4175 EDAF97 0.45
0.4725 11.34 0.9449999 EDAF97 0.45
0.4725 11.34 0.4725 EDAF97 0.45
0.4725 11.34 0 EDAF97 0.45
0.4725 11.34 -0.4725 EDAF97 0.45
0.4725 11.34 -0.9449999 EDAF97 0.45
0.4725 11.34 -1.4175 EDAF97 0.45
0.4725 6.615 1.4175 851A33 0.45
0.4725 6.615 -1.4175 BC9039 0.45
0.4725 7.0875 1.4175 851A33 0.45
0.4725 7.0875 -1.4175 D1D0D1 0.45
0.4725 7.559999 1.4175 851A33 0.45
0.4725 7.559999 -1.4175 D1D0D1 0.45
0.4725 8.0325 1.4175 851A33 0.45
0.4725 8.0325 -1.4175 FEBF09 0.45
0.4725 8.504999 1.4175 851A33 0.45
0.4725 8.504999 -1.4175 FFBF07 0.45
0.4725 8.9775 1.4175 851A33 0.45
0.4725 8.9775 -1.4175 FFBF07 0.45
0.4725 9.45 1.4175 851A33 0.45
0.4725 9.45 -1.4175 FFBF07 0.45
0.4725 9.9225 1.4175 851A33 0.45
0.4725 9.9225 -1.4175 FFBF07 0.45
0.4725 10.395 1.4175 851A33 0.45
0.4725 10.395 -1.4175 FFBF07 0.45
0.4725 10.8675 1.4175 5A1720 0.45
0.4725 10.8675 -1.4175 FFBF07 0.45
0.4725 11.8125 1.89 EDAF97 0.45
0.4725 11.8125 1.4175 EDAF97 0.45
0.4725 11.8125 0.9449999 EDAF97 0.45
0.4725 11.8125 0.4725 EDAF97 0.45
0.4725 11.8125 0 EDAF97 0.45
0.4725 11.8125 -0.4725 EDAF97 0.45
0.4725 11.8125 -0.9449999 EDAF97 0.45
0.4725 11.8125 -1.4175 EDAF97 0.45
0.4725 11.8125 -1.89 CDB3A1 0.45
0.4725 12.285 1.89 EDAF97 0.45
0.4725 12.285 -1.89 CDB3A1 0.45
0.4725 12.7575 1.89 2D1C15 0.45
0.4725 12.7575 -1.89 CDB3A1 0.45
0.4725 13.23 1.89 2D1C15 0.45
0.4725 13.23 -1.89 E5A78E 0.45
0.4725 13.7025 1.89 2D1C15 0.45
0.4725 13.7025 -1.89 231814 0.45
0.4725 14.175 1.89 2D1C15 0.45
0.4725 14.175 -1.89 231814 0.45
0.4725 14.6475 1.89 2D1C15 0.45
0.4725 14.6475 -1.89 231814 0.45
0.4725 15.12 1.89 2D1C15 0.45
0.4725 15.12 -1.89 2D1C15 0.45
0.4725 15.5925 1.89 2D1C15 0.45
0.4725 15.5925 -1.89 2D1C15 0.45
0.4725 15.5925 1.4175 2D1C15 0.45
0.4725 15.5925 0.9449999 2D1C15 0.45
0.4725 15.5925 0.4725 2D1C15 0.45
0.4725 15.5925 0 2D1C15 0.45
0.4725 15.5925 -0.4725 2D1C15 0.45
0.4725 15.5925 -0.9449999 2D1C15 0.45
0.4725 15.5925 -1.4175 2D1C15 0.45
0 11.34 1.89 EDAF97 0.45
0 5.1975 1.4175 5A1720 0.45
0 5.1975 0.9449999 5A1720 0.45
0 5.1975 0.4725 5A1720 0.45
0 5.1975 0 5A1720 0.45
0 5.1975 -0.4725 5A1720 0.45
0 5.1975 -0.9449999 5A1720 0.45
0 5.1975 -1.4175 5A1720 0.45
0 11.34 -1.89 EDAF97 0.45
0 6.142499 1.4175 5A1720 0.45
0 6.142499 0.9449999 5A1720 0.45
0 6.142499 0.4725 5A1720 0.45
0 6.142499 0 5A1720 0.45
0 6.142499 -0.4725 5A1720 0.45
0 6.142499 -0.9449999 5A1720 0.45
0 6.142499 -1.4175 5A1720 0.45
0 5.67 1.4175 822C48 0.45
0 5.67 -1.4175 802E47 0.45
0 11.34 1.4175 EDAF97 0.45
0 11.34 0.9449999 EDAF97 0.45
0 11.34 0.4725 EDAF97 0.45
0 11.34 0 EDAF97 0.45
0 11.34 -0.4725 EDAF97 0.45
0 11.34 -0.9449999 EDAF97 0.45
0 11.34 -1.4175 EDAF97 0.45
0 6.615 1.4175 851A33 0.45
0 6.615 -1.4175 BC9039 0.45
0 7.0875 1.4175 851A33 0.45
0 7.0875 -1.4175 D1D0D1 0.45
0 7.559999 1.4175 851A33 0.45
0 7.559999 -1.4175 E4CA7F 0.45
0 8.0325 1.4175 851A33 0.45
0 8.0325 -1.4175 FFBF07 0.45
0 8.504999 1.4175 851A33 0.45
0 8.504999 -1.4175 FFBF07 0.45
0 8.9775 1.4175 851A33 0.45
0 8.9775 -1.4175 FFBF07 0.45
0 9.45 1.4175 851A33 0.45
0 9.45 -1.4175 FFBF07 0.45
0 9.9225 1.4175 851A33 0.45
0 9.9225 -1.4175 FFBF07 0.45
0 10.395 1.4175 851A33 0.45
0 10.395 -1.4175 FFBF07 0.45
0 10.8675 1.4175 5A1720 0.45
0 10.8675 -1.4175 FFBF07 0.45
0 11.8125 1.89 EDAF97 0.45
0 11.8125 1.4175 EDAF97 0.45
0 11.8125 0.9449999 EDAF97 0.45
0 11.8125 0.4725 EDAF97 0.45
0 11.8125 0 EDAF97 0.45
0 11.8125 -0.4725 EDAF97 0.45
0 11.8125 -0.9449999 EDAF97 0.45
0 11.8125 -1.4175 EDAF97 0.45
0 11.8125 -1.89 CDB3A1 0.45
0 12.285 1.89 EDAF97 0.45
0 12.285 -1.89 CDB3A1 0.45
0 12.7575 1.89 2D1C15 0.45
0 12.7575 -1.89 CDB3A1 0.45
0 13.23 1.89 2D1C15 0.45
0 13.23 -1.89 FFCCAE 0.45
0 13.7025 1.89 2D1C15 0.45
0 13.7025 -1.89 FFCCAE 0.45
0 14.175 1.89 2D1C15 0.45
0 14.175 -1.89 FFCCAE 0.45
0 14.6475 1.89 2D1C15 0.45
0 14.6475 -1.89 E5A78E 0.45
0 15.12 1.89 2D1C15 0.45
0 15.12 -1.89 2D1C15 0.45
0 15.5925 1.89 2D1C15 0.45
0 15.5925 -1.89 2D1C15 0.45
0 15.5925 1.4175 2D1C15 0.45
0 15.5925 0.9449999 2D1C15 0.45
0 15.5925 0.4725 2D1C15 0.45
0 15.5925 0 2D1C15 0.45
0 15.5925 -0.4725 2D1C15 0.45
0 15.5925 -0.9449999 2D1C15 0.45
0 15.5925 -1.4175 2D1C15 0.45
-0.4725 11.34 1.89 EDAF97 0.45
-0.4725 5.1975 1.4175 5A1720 0.45
-0.4725 5.1975 0.9449999 5A1720 0.45
-0.4725 5.1975 -0.9449999 5A1720 0.45
-0.4725 5.1975 -1.4175 5A1720 0.45
-0.4725 11.34 -1.89 EDAF97 0.45
-0.4725 3.3075 0.9449999 591A2E 0.45
-0.4725 3.78 0.9449999 591A2E 0.45
-0.4725 4.2525 0.9449999 591A2E 0.45
-0.4725 4.725 0.9449999 591A2E 0.45
-0.4725 6.142499 1.4175 5A1720 0.45
-0.4725 6.142499 0.9449999 5A1720 0.45
-0.4725 6.142499 0.4725 5A1720 0.45
-0.4725 6.142499 0 5A1720 0.45
-0.4725 6.142499 -0.4725 5A1720 0.45
-0.4725 6.142499 -0.9449999 5A1720 0.45
-0.4725 6.142499 -1.4175 5A1720 0.45
-0.4725 5.67 1.4175 822C48 0.45
-0.4725 5.67 -1.4175 802E47 0.45
-0.4725 11.34 1.4175 EDAF97 0.45
-0.4725 11.34 0.9449999 EDAF97 0.45
-0.4725 11.34 0.4725 EDAF97 0.45
-0.4725 11.34 0 EDAF97 0.45
-0.4725 11.34 -0.4725 EDAF97 0.45
-0.4725 11.34 -0.9449999 EDAF97 0.45
-0.4725 11.34 -1.4175 EDAF97 0.45
-0.4725 6.615 1.4175 851A33 0.45
-0.4725 6.615 -1.4175 BC9039 0.45
-0.4725 7.0875 1.4175 851A33 0.45
-0.4725 7.0875 -1.4175 D1D0D1 0.45
-0.4725 7.559999 1.4175 851A33 0.45
-0.4725 7.559999 -1.4175 D1D0D1 0.45
-0.4725 8.0325 1.4175 851A33 0.45
-0.4725 8.0325 -1.4175 FEC00C 0.45
-0.4725 8.504999 1.4175 851A33 0.45
-0.4725 8.504999 -1.4175 FFBF07 0.45
-0.4725 8.9775 1.4175 851A33 0.45
-0.4725 8.9775 -1.4175 FFBF07 0.45
-0.4725 9.45 1.4175 851A33 0.45
-0.4725 9.45 -1.4175 FFBF07 0.45
-0.4725 9.9225 1.4175 851A33 0.45
-0.4725 9.9225 -1.4175 FFBF07 0.45
-0.4725 10.395 1.4175 851A33 0.45
-0.4725 10.395 -1.4175 FFBF07 0.45
-0.4725 10.8675 1.4175 5A1720 0.45
-0.4725 10.8675 -1.4175 FFBF07 0.45
-0.4725 11.8125 1.89 EDAF97 0.45
-0.4725 11.8125 1.4175 EDAF97 0.45
-0.4725 11.8125 0.9449999 EDAF97 0.45
-0.4725 11.8125 0.4725 EDAF97 0.45
-0.4725 11.8125 0 EDAF97 0.45
-0.4725 11.8125 -0.4725 EDAF97 0.45
-0.4725 11.8125 -0.9449999 EDAF97 0.45
-0.4725 11.8125 -1.4175 EDAF97 0.45
-0.4725 11.8125 -1.89 CDB3A1 0.45
-0.4725 12.285 1.89 EDAF97 0.45
-0.4725 12.285 -1.89 CDB3A1 0.45
-0.4725 12.7575 1.89 2D1C15 0.45
-0.4725 12.7575 -1.89 CDB3A1 0.45
-0.4725 13.23 1.89 2D1C15 0.45
-0.4725 13.23 -1.89 E5A78E 0.45
-0.4725 13.7025 1.89 2D1C15 0.45
-0.4725 13.7025 -1.89 231814 0.45
-0.4725 14.175 1.89 2D1C15 0.45
-0.4725 14.175 -1.89 231814 0.45
-0.4725 14.6475 1.89 2D1C15 0.45
-0.4725 14.6475 -1.89 231814 0.45
-0.4725 15.12 1.89 2D1C15 0.45
-0.4725 15.12 -1.89 2D1C15 0.45
-0.4725 15.5925 1.89 2D1C15 0.45
-0.4725 15.5925 -1.89 2D1C15 0.45
-0.4725 15.5925 1.4175 2D1C15 0.45
-0.4725 15.5925 0.9449999 2D1C15 0.45
-0.4725 15.5925 0.4725 2D1C15 0.45
-0.4725 15.5925 0 2D1C15 0.45
-0.4725 15.5925 -0.4725 2D1C15 0.45
-0.4725 15.5925 -0.9449999 2D1C15 0.45
-0.4725 15.5925 -1.4175 2D1C15 0.45
-0.9449999 11.34 1.89 EDAF97 0.45
-0.9449999 5.1975 1.4175 5A1720 0.45
-0.9449999 5.1975 0.9449999 5A1720 0.45
-0.9449999 0 0.4725 31261D 0.45
-0.9449999 0 0 31261D 0.45
-0.9449999 0 -0.4725 31261D 0.45
-0.9449999 0 -0.9449999 31261D 0.45
-0.9449999 5.1975 -1.4175 5A1720 0.45
-0.9449999 11.34 -1.89 EDAF97 0.45
-0.9449999 0.9449999 0.4725 591A2E 0.45
-0.9449999 0.9449999 0 591A2E 0.45
-0.9449999 0.9449999 -0.4725 591A2E 0.45
-0.9449999 5.1975 -0.9449999 5A1720 0.45
-0.9449999 0 -1.4175 31261D 0.45
-0.9449999 0.4725 0.4725 483A2F 0.45
-0.9449999 0.4725 -1.4175 483A2F 0.45
-0.9449999 0.9449999 0.9449999 822C48 0.45
-0.9449999 2.835 0.4725 591A2E 0.45
-0.9449999 2.835 0 591A2E 0.45
-0.9449999 2.835 -0.4725 591A2E 0.45
-0.9449999 0.9449999 -0.9449999 483A2F 0.45
-0.9449999 1.4175 0.9449999 822C48 0.45
-0.9449999 1.4175 -0.9449999 822C48 0.45
-0.9449999 1.89 0.9449999 822C48 0.45
-0.9449999 1.89 -0.9449999 822C48 0.45
-0.9449999 2.3625 0.9449999 822C48 0.45
-0.9449999 2.3625 -0.9449999 822C48 0.45
-0.9449999 2.835 0.9449999 822C48 0.45
-0.9449999 2.835 -0.9449999 822C48 0.45
-0.9449999 3.3075 0.9449999 822C48 0.45
-0.9449999 5.1975 0.4725 5A1720 0.45
-0.9449999 5.1975 0 5A1720 0.45
-0.9449999 5.1975 -0.4725 5A1720 0.45
-0.9449999 3.3075 -0.9449999 822C48 0.45
-0.9449999 3.78 0.9449999 822C48 0.45
-0.9449999 3.3075 0.4725 591A2E 0.45
-0.9449999 3.3075 0 591A2E 0.45
-0.9449999 3.3075 -0.4725 591A2E 0.45
-0.9449999 3.78 -0.9449999 822C48 0.45
-0.9449999 4.2525 0.9449999 822C48 0.45
-0.9449999 4.2525 -0.9449999 822C48 0.45
-0.9449999 4.725 0.9449999 822C48 0.45
-0.9449999 4.725 -0.9449999 822C48 0.45
-0.9449999 6.142499 1.4175 5A1720 0.45
-0.9449999 6.142499 0.9449999 5A1720 0.45
-0.9449999 6.142499 0.4725 5A1720 0.45
-0.9449999 6.142499 0 5A1720 0.45
-0.9449999 6.142499 -0.4725 5A1720 0.45
-0.9449999 6.142499 -0.9449999 5A1720 0.45
-0.9449999 6.142499 -1.4175 5A1720 0.45
-0.9449999 5.67 1.4175 822C48 0.45
-0.9449999 5.67 0.4725 591A2E 0.45
-0.9449999 5.67 0 591A2E 0.45
-0.9449999 5.67 -0.4725 591A2E 0.45
-0.9449999 5.67 -1.4175 802E47 0.45
-0.9449999 11.34 1.4175 EDAF97 0.45
-0.9449999 11.34 0.9449999 EDAF97 0.45
-0.9449999 11.34 0.4725 EDAF97 0.45
-0.9449999 11.34 0 EDAF97 0.45
-0.9449999 11.34 -0.4725 EDAF97 0.45
-0.9449999 11.34 -0.9449999 EDAF97 0.45
-0.9449999 11.34 -1.4175 EDAF97 0.45
-0.9449999 6.615 1.4175 851A33 0.45
-0.9449999 6.615 -1.4175 D1D0D1 0.45
-0.9449999 7.0875 1.4175 851A33 0.45
-0.9449999 7.0875 -1.4175 D1D0D1 0.45
-0.9449999 7.559999 1.4175 851A33 0.45
-0.9449999 7.559999 -1.4175 D1D0D1 0.45
-0.9449999 8.0325 1.4175 851A33 0.45
-0.9449999 8.0325 -1.4175 D1D0D1 0.45
-0.9449999 8.504999 1.4175 851A33 0.45
-0.9449999 8.504999 -1.4175 D1D0D1 0.45
-0.9449999 8.9775 1.4175 851A33 0.45
-0.9449999 8.9775 -1.4175 D1D0D1 0.45
-0.9449999 9.45 1.4175 851A33 0.45
-0.9449999 9.45 -1.4175 D1D0D1 0.45
-0.9449999 9.9225 1.4175 851A33 0.45
-0.9449999 9.9225 -1.4175 D1D0D1 0.45
-0.9449999 10.395 1.4175 851A33 0.45
-0.9449999 10.395 -1.4175 D1D0D1 0.45
-0.9449999 10.8675 1.4175 5A1720 0.45
-0.9449999 10.8675 -1.4175 FFFFFF 0.45
-0.9449999 11.8125 1.89 EDAF97 0.45
-0.9449999 11.8125 1.4175 EDAF97 0.45
-0.9449999 11.8125 0.9449999 EDAF97 0.45
-0.9449999 11.8125 0.4725 EDAF97 0.45
-0.9449999 11.8125 0 EDAF97 0.45
-0.9449999 11.8125 -0.4725 EDAF97 0.45
-0.9449999 11.8125 -0.9449999 EDAF97 0.45
-0.9449999 11.8125 -1.4175 EDAF97 0.45
-0.9449999 11.8125 -1.89 CDB3A1 0.45
-0.9449999 12.285 1.89 EDAF97 0.45
-0.9449999 12.285 -1.89 CDB3A1 0.45
-0.9449999 12.7575 1.89 2D1C15 0.45
-0.9449999 12.7575 -1.89 CDB3A1 0.45
-0.9449999 13.23 1.89 2D1C15 0.45
-0.9449999 13.23 -1.89 E5A78E 0.45
-0.9449999 13.7025 1.89 2D1C15 0.45
-0.9449999 13.7025 -1.89 231814 0.45
-0.9449999 14.175 1.89 2D1C15 0.45
-0.9449999 14.175 -1.89 231814 0.45
-0.9449999 14.6475 1.89 2D1C15 0.45
-0.9449999 14.6475 -1.89 231814 0.45
-0.9449999 15.12 1.89 2D1C15 0.45
-0.9449999 15.12 -1.89 2D1C15 0.45
-0.9449999 15.5925 1.89 2D1C15 0.45
-0.9449999 15.5925 -1.89 2D1C15 0.45
-0.9449999 15.5925 1.4175 2D1C15 0.45
-0.9449999 15.5925 0.9449999 2D1C15 0.45
-0.9449999 15.5925 0.4725 2D1C15 0.45
-0.9449999 15.5925 0 2D1C15 0.45
-0.9449999 15.5925 -0.4725 2D1C15 0.45
-0.9449999 15.5925 -0.9449999 2D1C15 0.45
-0.9449999 15.5925 -1.4175 2D1C15 0.45
-1.4175 11.34 1.89 EDAF97 0.45
-1.4175 5.1975 1.4175 5A1720 0.45
-1.4175 5.1975 0.9449999 5A1720 0.45
-1.4175 0 0.4725 31261D 0.45
-1.4175 0 0 31261D 0.45
-1.4175 0 -0.4725 31261D 0.45
-1.4175 0 -0.9449999 31261D 0.45
-1.4175 5.1975 -1.4175 5A1720 0.45
-1.4175 11.34 -1.89 EDAF97 0.45
-1.4175 0.9449999 0.4725 591A2E 0.45
-1.4175 0.9449999 0 591A2E 0.45
-1.4175 0.9449999 -0.4725 591A2E 0.45
-1.4175 5.1975 -0.9449999 5A1720 0.45
-1.4175 0 -1.4175 31261D 0.45
-1.4175 0.4725 0.4725 483A2F 0.45
-1.4175 0.4725 -1.4175 483A2F 0.45
-1.4175 0.9449999 0.9449999 822C48 0.45
-1.4175 2.835 0.4725 591A2E 0.45
-1.4175 2.835 0 591A2E 0.45
-1.4175 2.835 -0.4725 591A2E 0.45
-1.4175 0.9449999 -0.9449999 483A2F 0.45
-1.4175 1.4175 0.9449999 822C48 0.45
-1.4175 1.4175 -0.9449999 822C48 0.45
-1.4175 1.89 0.9449999 822C48 0.45
-1.4175 1.89 -0.9449999 822C48 0.45
-1.4175 2.3625 0.9449999 822C48 0.45
-1.4175 2.3625 -0.9449999 822C48 0.45
-1.4175 2.835 0.9449999 822C48 0.45
-1.4175 2.835 -0.9449999 822C48 0.45
-1.4175 3.3075 0.9449999 822C48 0.45
-1.4175 5.1975 0.4725 5A1720 0.45
-1.4175 5.1975 0 5A1720 0.45
-1.4175 5.1975 -0.4725 5A1720 0.45
-1.4175 3.3075 -0.9449999 822C48 0.45
-1.4175 3.78 0.9449999 822C48 0.45
-1.4175 3.3075 0.4725 591A2E 0.45
-1.4175 3.3075 0 591A2E 0.45
-1.4175 3.3075 -0.4725 591A2E 0.45
-1.4175 3.78 -0.9449999 822C48 0.45
-1.4175 4.2525 0.9449999 822C48 0.45
-1.4175 4.2525 -0.9449999 822C48 0.45
-1.4175 4.725 0.9449999 822C48 0.45
-1.4175 4.725 -0.9449999 822C48 0.45
-1.4175 6.142499 1.4175 5A1720 0.45
-1.4175 6.142499 0.9449999 5A1720 0.45
-1.4175 6.142499 0.4725 5A1720 0.45
-1.4175 6.142499 0 5A1720 0.45
-1.4175 6.142499 -0.4725 5A1720 0.45
-1.4175 6.142499 -0.9449999 5A1720 0.45
-1.4175 6.142499 -1.4175 5A1720 0.45
-1.4175 5.67 1.4175 822C48 0.45
-1.4175 5.67 0.4725 591A2E 0.45
-1.4175 5.67 0 591A2E 0.45
-1.4175 5.67 -0.4725 591A2E 0.45
-1.4175 5.67 -1.4175 802E47 0.45
-1.4175 11.34 1.4175 EDAF97 0.45
-1.4175 11.34 0.9449999 EDAF97 0.45
-1.4175 11.34 0.4725 EDAF97 0.45
-1.4175 11.34 0 EDAF97 0.45
-1.4175 11.34 -0.4725 EDAF97 0.45
-1.4175 11.34 -0.9449999 EDAF97 0.45
-1.4175 11.34 -1.4175 EDAF97 0.45
-1.4175 6.615 1.4175 851A33 0.45
-1.4175 6.615 -1.4175 851A33 0.45
-1.4175 7.0875 1.4175 851A33 0.45
-1.4175 7.0875 -1.4175 851A33 0.45
-1.4175 7.559999 1.4175 851A33 0.45
-1.4175 7.559999 -1.4175 851A33 0.45
-1.4175 8.0325 1.4175 851A33 0.45
-1.4175 8.0325 -1.4175 851A33 0.45
-1.4175 8.504999 1.4175 851A33 0.45
-1.4175 8.504999 -1.4175 851A33 0.45
-1.4175 8.9775 1.4175 851A33 0.45
-1.4175 8.9775 -1.4175 851A33 0.45
-1.4175 9.45 1.4175 851A33 0.45
-1.4175 9.45 -1.4175 851A33 0.45
-1.4175 9.9225 1.4175 851A33 0.45
-1.4175 9.9225 -1.4175 851A33 0.45
-1.4175 10.395 1.4175 851A33 0.45
-1.4175 10.395 -1.4175 851A33 0.45
-1.4175 10.8675 1.4175 5A1720 0.45
-1.4175 10.8675 -1.4175 851A33 0.45
-1.4175 11.8125 1.89 EDAF97 0.45
-1.4175 11.8125 1.4175 9D2448 0.45
-1.4175 11.8125 0.9449999 9D2448 0.45
-1.4175 11.8125 0.4725 9D2448 0.45
-1.4175 11.8125 0 9D2448 0.45
-1.4175 11.8125 -0.4725 9D2448 0.45
-1.4175 11.8125 -0.9449999 9D2448 0.45
-1.4175 11.8125 -1.4175 9D2448 0.45
-1.4175 11.8125 -1.89 CDB3A1 0.45
-1.4175 12.285 1.89 EDAF97 0.45
-1.4175 12.285 -1.89 CDB3A1 0.45
-1.4175 12.7575 1.89 2D1C15 0.45
-1.4175 12.7575 -1.89 CDB3A1 0.45
-1.4175 13.23 1.89 2D1C15 0.45
-1.4175 13.23 -1.89 E5A78E 0.45
-1.4175 13.7025 1.89 2D1C15 0.45
-1.4175 13.7025 -1.89 231814 0.45
-1.4175 14.175 1.89 2D1C15 0.45
-1.4175 14.175 -1.89 231814 0.45
-1.4175 14.6475 1.89 2D1C15 0.45
-1.4175 14.6475 -1.89 231814 0.45
-1.4175 15.12 1.89 2D1C15 0.45
-1.4175 15.12 -1.89 2D1C15 0.45
-1.4175 15.5925 1.89 2D1C15 0.45
-1.4175 15.5925 -1.89 2D1C15 0.45
-1.4175 15.5925 1.4175 2D1C15 0.45
-1.4175 15.5925 0.9449999 2D1C15 0.45
-1.4175 15.5925 0.4725 2D1C15 0.45
-1.4175 15.5925 0 2D1C15 0.45
-1.4175 15.5925 -0.4725 2D1C15 0.45
-1.4175 15.5925 -0.9449999 2D1C15 0.45
-1.4175 15.5925 -1.4175 2D1C15 0.45
-1.89 11.34 1.89 EDAF97 0.45
-1.89 5.1975 1.4175 5A1720 0.45
-1.89 5.1975 0.9449999 5A1720 0.45
-1.89 0.9449999 0.4725 591A2E 0.45
-1.89 0.9449999 0 591A2E 0.45
-1.89 0.9449999 -0.4725 591A2E 0.45
-1.89 5.1975 -0.9449999 5A1720 0.45
-1.89 5.1975 -1.4175 5A1720 0.45
-1.89 11.34 -1.89 EDAF97 0.45
-1.89 0 0.4725 483A2F 0.45
-1.89 0 0 483A2F 0.45
-1.89 0 -0.4725 483A2F 0.45
-1.89 0 -0.9449999 483A2F 0.45
-1.89 0.4725 0.4725 483A2F 0.45
-1.89 0.4725 0 483A2F 0.45
-1.89 0.4725 -0.4725 483A2F 0.45
-1.89 0.4725 -0.9449999 483A2F 0.45
-1.89 0.9449999 0.9449999 822C48 0.45
-1.89 2.835 0.4725 591A2E 0.45
-1.89 2.835 0 591A2E 0.45
-1.89 2.835 -0.4725 591A2E 0.45
-1.89 0.9449999 -0.9449999 822C48 0.45
-1.89 1.4175 0.9449999 822C48 0.45
-1.89 1.4175 -0.9449999 822C48 0.45
-1.89 1.89 0.9449999 822C48 0.45
-1.89 1.89 -0.9449999 822C48 0.45
-1.89 2.3625 0.9449999 822C48 0.45
-1.89 2.3625 -0.9449999 822C48 0.45
-1.89 2.835 0.9449999 822C48 0.45
-1.89 2.835 -0.9449999 822C48 0.45
-1.89 3.3075 0.9449999 822C48 0.45
-1.89 5.1975 0.4725 5A1720 0.45
-1.89 5.1975 0 5A1720 0.45
-1.89 5.1975 -0.4725 5A1720 0.45
-1.89 3.3075 -0.9449999 822C48 0.45
-1.89 3.78 0.9449999 822C48 0.45
-1.89 3.3075 0.4725 591A2E 0.45
-1.89 3.3075 0 591A2E 0.45
-1.89 3.3075 -0.4725 591A2E 0.45
-1.89 3.78 -0.9449999 822C48 0.45
-1.89 4.2525 0.9449999 822C48 0.45
-1.89 4.2525 -0.9449999 822C48 0.45
-1.89 4.725 0.9449999 822C48 0.45
-1.89 4.725 -0.9449999 822C48 0.45
-1.89 6.142499 1.4175 5A1720 0.45
-1.89 6.142499 0.9449999 5A1720 0.45
-1.89 6.142499 0.4725 5A1720 0.45
-1.89 6.142499 0 5A1720 0.45
-1.89 6.142499 -0.4725 5A1720 0.45
-1.89 6.142499 -0.9449999 5A1720 0.45
-1.89 6.142499 -1.4175 5A1720 0.45
-1.89 5.67 1.4175 822C48 0.45
-1.89 5.67 0.4725 591A2E 0.45
-1.89 5.67 0 591A2E 0.45
-1.89 5.67 -1.4175 802E47 0.45
-1.89 11.34 1.4175 EDAF97 0.45
-1.89 11.34 0.9449999 EDAF97 0.45
-1.89 11.34 0.4725 EDAF97 0.45
-1.89 11.34 0 EDAF97 0.45
-1.89 11.34 -0.4725 EDAF97 0.45
-1.89 11.34 -0.9449999 EDAF97 0.45
-1.89 11.34 -1.4175 EDAF97 0.45
-1.89 6.615 1.4175 851A33 0.45
-1.89 6.615 -1.4175 851A33 0.45
-1.89 7.0875 1.4175 851A33 0.45
-1.89 7.0875 -1.4175 851A33 0.45
-1.89 7.559999 1.4175 851A33 0.45
-1.89 7.559999 -1.4175 851A33 0.45
-1.89 8.0325 1.4175 851A33 0.45
-1.89 8.0325 -1.4175 851A33 0.45
-1.89 8.504999 1.4175 851A33 0.45
-1.89 8.504999 -1.4175 851A33 0.45
-1.89 8.9775 1.4175 851A33 0.45
-1.89 8.9775 -1.4175 851A33 0.45
-1.89 9.45 1.4175 851A33 0.45
-1.89 9.45 -1.4175 851A33 0.45
-1.89 9.9225 1.4175 851A33 0.45
-1.89 9.9225 -1.4175 851A33 0.45
-1.89 10.395 1.4175 851A33 0.45
-1.89 10.395 -1.4175 851A33 0.45
-1.89 10.8675 1.4175 5A1720 0.45
-1.89 10.8675 -1.4175 851A33 0.45
-1.89 11.8125 1.89 EDAF97 0.45
-1.89 11.8125 1.4175 9D2448 0.45
-1.89 11.8125 0.9449999 9D2448 0.45
-1.89 11.8125 0.4725 9D2448 0.45
-1.89 11.8125 0 9D2448 0.45
-1.89 11.8125 -0.4725 9D2448 0.45
-1.89 11.8125 -0.9449999 9D2448 0.45
-1.89 11.8125 -1.4175 9D2448 0.45
-1.89 11.8125 -1.89 CDB3A1 0.45
-1.89 12.285 1.89 EDAF97 0.45
-1.89 12.285 -1.89 CDB3A1 0.45
-1.89 12.7575 1.89 2D1C15 0.45
-1.89 12.7575 -1.89 CDB3A1 0.45
-1.89 13.23 1.89 2D1C15 0.45
-1.89 13.23 -1.89 FFCCAE 0.45
-1.89 13.7025 1.89 2D1C15 0.45
-1.89 13.7025 -1.89 FFCCAE 0.45
-1.89 14.175 1.89 2D1C15 0.45
-1.89 14.175 -1.89 FFCCAE 0.45
-1.89 14.6475 1.89 2D1C15 0.45
-1.89 14.6475 -1.89 E5A78E 0.45
-1.89 15.12 1.89 2D1C15 0.45
-1.89 15.12 -1.89 2D1C15 0.45
-1.89 15.5925 1.89 2D1C15 0.45
-1.89 15.5925 -1.89 2D1C15 0.45
-1.89 15.5925 1.4175 2D1C15 0.45
-1.89 15.5925 0.9449999 2D1C15 0.45
-1.89 15.5925 0.4725 2D1C15 0.45
-1.89 15.5925 0 2D1C15 0.45
-1.89 15.5925 -0.4725 2D1C15 0.45
-1.89 15.5925 -0.9449999 2D1C15 0.45
-1.89 15.5925 -1.4175 2D1C15 0.45
-2.3625 6.142499 1.4175 5A1720 0.45
-2.3625 6.142499 0.9449999 5A1720 0.45
-2.3625 6.142499 0.4725 5A1720 0.45
-2.3625 6.142499 0 5A1720 0.45
-2.3625 6.142499 -0.4725 5A1720 0.45
-2.3625 6.142499 -0.9449999 5A1720 0.45
-2.3625 6.142499 -1.4175 5A1720 0.45
-1.89 1.4175 0.4725 6C2139 0.45
-1.89 1.4175 0 6C2139 0.45
-1.89 1.4175 -0.4725 6C2139 0.45
-1.89 1.89 0.4725 6C2139 0.45
-1.89 1.89 0 6C2139 0.45
-1.89 1.89 -0.4725 6C2139 0.45
-1.89 2.3625 0.4725 6C2139 0.45
-1.89 2.3625 0 6C2139 0.45
-1.89 2.3625 -0.4725 6C2139 0.45
-1.89 3.78 0.4725 6E2036 0.45
-1.89 3.78 0 6E2036 0.45
-1.89 3.78 -0.4725 6E2036 0.45
-1.89 4.2525 0.4725 6E2036 0.45
-1.89 4.2525 0 6E2036 0.45
-1.89 4.2525 -0.4725 6E2036 0.45
-1.89 4.725 0.4725 6E2036 0.45
-1.89 4.725 0 6E2036 0.45
-1.89 4.725 -0.4725 6E2036 0.45
-2.3625 5.1975 1.4175 6E2036 0.45
-2.3625 5.1975 0.9449999 6E2036 0.45
-2.3625 5.1975 0.4725 6E2036 0.45
-2.3625 5.1975 0 6E2036 0.45
-2.3625 5.1975 -0.4725 6E2036 0.45
-2.3625 5.1975 -0.9449999 6E2036 0.45
-2.3625 5.1975 -1.4175 6E2036 0.45
-2.3625 5.67 1.4175 6E2036 0.45
-2.3625 5.67 0.9449999 6E2036 0.45
-2.3625 5.67 0.4725 6E2036 0.45
-2.3625 5.67 0 6E2036 0.45
-2.3625 5.67 -0.4725 6E2036 0.45
-2.3625 5.67 -0.9449999 6E2036 0.45
-2.3625 5.67 -1.4175 6E2036 0.45
-2.3625 6.615 1.4175 851A33 0.45
-2.3625 6.615 -1.4175 851A33 0.45
-2.3625 7.0875 1.4175 851A33 0.45
-2.3625 7.0875 -1.4175 851A33 0.45
-2.3625 7.559999 1.4175 851A33 0.45
-2.3625 7.559999 -1.4175 851A33 0.45
-2.3625 8.0325 1.4175 851A33 0.45
-2.3625 8.0325 -1.4175 851A33 0.45
-2.3625 8.504999 1.4175 851A33 0.45
-2.3625 8.504999 -1.4175 851A33 0.45
-2.3625 8.9775 1.4175 851A33 0.45
-2.3625 8.9775 -1.4175 851A33 0.45
-2.3625 9.45 1.4175 851A33 0.45
-2.3625 9.45 -1.4175 851A33 0.45
-2.3625 9.9225 1.4175 851A33 0.45
-2.3625 9.9225 -1.4175 851A33 0.45
-2.3625 10.395 1.4175 851A33 0.45
-2.3625 10.395 -1.4175 851A33 0.45
-2.3625 10.8675 1.4175 5A1720 0.45
-2.3625 10.8675 -1.4175 851A33 0.45
-2.3625 11.34 1.4175 851A33 0.45
-2.3625 11.34 -1.4175 851A33 0.45
-2.3625 11.8125 1.4175 9D2448 0.45
-2.3625 11.8125 0.9449999 9D2448 0.45
-2.3625 11.8125 0.4725 9D2448 0.45
-2.3625 11.8125 0 9D2448 0.45
-2.3625 11.8125 -0.4725 9D2448 0.45
-2.3625 11.8125 -0.9449999 9D2448 0.45
-2.3625 11.8125 -1.4175 9D2448 0.45
-1.89 12.285 1.4175 E5A78E 0.45
-1.89 12.285 0.9449999 E5A78E 0.45
-1.89 12.285 0.4725 E5A78E 0.45
-1.89 12.285 0 E5A78E 0.45
-1.89 12.285 -0.4725 E5A78E 0.45
-1.89 12.285 -0.9449999 E5A78E 0.45
-1.89 12.285 -1.4175 C2A193 0.45
-1.89 12.7575 1.4175 2D1C15 0.45
-1.89 12.7575 0.9449999 2D1C15 0.45
-1.89 12.7575 0.4725 2D1C15 0.45
-1.89 12.7575 0 E5A78E 0.45
-1.89 12.7575 -0.4725 E5A78E 0.45
-1.89 12.7575 -0.9449999 E5A78E 0.45
-1.89 12.7575 -1.4175 C2A193 0.45
-1.89 13.23 1.4175 2D1C15 0.45
-1.89 13.23 0.9449999 2D1C15 0.45
-1.89 13.23 0.4725 2D1C15 0.45
-1.89 13.23 0 E5A78E 0.45
-1.89 13.23 -0.4725 E5A78E 0.45
-1.89 13.23 -0.9449999 E5A78E 0.45
-1.89 13.23 -1.4175 E5A78E 0.45
-1.89 13.7025 1.4175 2D1C15 0.45
-1.89 13.7025 0.9449999 2D1C15 0.45
-1.89 13.7025 0.4725 2D1C15 0.45
-1.89 13.7025 0 E5A78E 0.45
-1.89 13.7025 -0.4725 E5A78E 0.45
-1.89 13.7025 -0.9449999 E5A78E 0.45
-1.89 13.7025 -1.4175 E5A78E 0.45
-1.89 14.175 1.4175 2D1C15 0.45
-1.89 14.175 0.9449999 2D1C15 0.45
-1.89 14.175 0.4725 2D1C15 0.45
-1.89 14.175 0 2D1C15 0.45
-1.89 14.175 -0.4725 E5A78E 0.45
-1.89 14.175 -0.9449999 E5A78E 0.45
-1.89 14.175 -1.4175 E5A78E 0.45
-1.89 14.6475 1.4175 2D1C15 0.45
-1.89 14.6475 0.9449999 2D1C15 0.45
-1.89 14.6475 0.4725 2D1C15 0.45
-1.89 14.6475 0 2D1C15 0.45
-1.89 14.6475 -0.4725 2D1C15 0.45
-1.89 14.6475 -0.9449999 2D1C15 0.45
-1.89 14.6475 -1.4175 E5A78E 0.45
-1.89 15.12 1.4175 2D1C15 0.45
-1.89 15.12 0.9449999 2D1C15 0.45
-1.89 15.12 0.4725 2D1C15 0.45
-1.89 15.12 0 2D1C15 0.45
-1.89 15.12 -0.4725 2D1C15 0.45
-1.89 15.12 -0.9449999 2D1C15 0.45
-1.89 15.12 -1.4175 2D1C15 0.45
-2.3625 6.615 0.9449999 5A1720 0.45
-2.3625 6.615 0.4725 5A1720 0.45
-2.3625 6.615 0 5A1720 0.45
-2.3625 6.615 -0.4725 5A1720 0.45
-2.3625 6.615 -0.9449999 5A1720 0.45
-2.3625 7.0875 0.9449999 5A1720 0.45
-2.3625 7.0875 0.4725 5A1720 0.45
-2.3625 7.0875 0 5A1720 0.45
-2.3625 7.0875 -0.4725 5A1720 0.45
-2.3625 7.0875 -0.9449999 5A1720 0.45
-2.3625 7.559999 0.9449999 5A1720 0.45
-2.3625 7.559999 0.4725 5A1720 0.45
-2.3625 7.559999 0 5A1720 0.45
-2.3625 7.559999 -0.4725 5A1720 0.45
-2.3625 7.559999 -0.9449999 5A1720 0.45
-2.3625 8.0325 0.9449999 5A1720 0.45
-2.3625 8.0325 0.4725 5A1720 0.45
-2.3625 8.0325 0 5A1720 0.45
-2.3625 8.0325 -0.4725 5A1720 0.45
-2.3625 8.0325 -0.9449999 5A1720 0.45
-2.3625 8.504999 0.9449999 5A1720 0.45
-2.3625 8.504999 0.4725 5A1720 0.45
-2.3625 8.504999 0 5A1720 0.45
-2.3625 8.504999 -0.4725 5A1720 0.45
-2.3625 8.504999 -0.9449999 5A1720 0.45
-2.3625 8.9775 0.9449999 5A1720 0.45
-2.3625 8.9775 0.4725 5A1720 0.45
-2.3625 8.9775 0 5A1720 0.45
-2.3625 8.9775 -0.4725 5A1720 0.45
-2.3625 8.9775 -0.9449999 5A1720 0.45
-2.3625 9.45 0.9449999 5A1720 0.45
-2.3625 9.45 0.4725 5A1720 0.45
-2.3625 9.45 0 5A1720 0.45
-2.3625 9.45 -0.4725 5A1720 0.45
-2.3625 9.45 -0.9449999 5A1720 0.45
-2.3625 9.9225 0.9449999 5A1720 0.45
-2.3625 9.9225 0.4725 5A1720 0.45
-2.3625 9.9225 0 5A1720 0.45
-2.3625 9.9225 -0.4725 5A1720 0.45
-2.3625 9.9225 -0.9449999 5A1720 0.45
-2.835 10.395 0.9449999 790E27 0.45
-2.3625 10.395 0.9449999 5A1720 0.45
-2.3625 10.395 0.4725 5A1720 0.45
-2.3625 10.395 0 5A1720 0.45
-2.3625 10.395 -0.4725 5A1720 0.45
-2.3625 10.395 -0.9449999 5A1720 0.45
-2.835 10.395 -0.9449999 5A1720 0.45
-2.835 10.8675 0.9449999 790E27 0.45
-2.3625 10.8675 0.9449999 5A1720 0.45
-2.3625 10.8675 0.4725 5A1720 0.45
-5.67 10.8675 0.4725 790E27 0.45
-2.3625 10.8675 0 5A1720 0.45
-5.67 10.8675 0 5A1720 0.45
-2.3625 10.8675 -0.4725 5A1720 0.45
-5.67 10.8675 -0.4725 790E27 0.45
-2.3625 10.8675 -0.9449999 5A1720 0.45
-2.835 10.8675 -0.9449999 790E27 0.45
-2.835 11.34 0.9449999 790E27 0.45
-2.3625 11.34 0.9449999 5A1720 0.45
-2.3625 11.34 0.4725 5A1720 0.45
-5.67 11.34 0.4725 790E27 0.45
-2.3625 11.34 0 5A1720 0.45
-5.67 11.34 0 5A1720 0.45
-2.3625 11.34 -0.4725 5A1720 0.45
-5.67 11.34 -0.4725 790E27 0.45
-2.3625 11.34 -0.9449999 5A1720 0.45
-2.835 11.34 -0.9449999 790E27 0.45
-2.835 11.8125 0.4725 851A33 0.45
-2.835 11.8125 0 851A33 0.45
-2.835 11.8125 -0.4725 851A33 0.45
-3.3075 10.395 0.4725 5A1720 0.45
-3.3075 10.395 0 5A1720 0.45
-3.3075 10.395 -0.4725 5A1720 0.45
-3.3075 10.395 0.9449999 790E27 0.45
-3.3075 10.395 -0.9449999 5A1720 0.45
-3.3075 10.8675 0.9449999 790E27 0.45
-3.3075 10.8675 -0.9449999 790E27 0.45
-3.3075 11.34 0.9449999 790E27 0.45
-3.3075 11.34 -0.9449999 790E27 0.45
-3.3075 11.8125 0.4725 851A33 0.45
-3.3075 11.8125 0 851A33 0.45
-3.3075 11.8125 -0.4725 851A33 0.45
-3.78 10.395 0.4725 5A1720 0.45
-3.78 10.395 0 5A1720 0.45
-3.78 10.395 -0.4725 5A1720 0.45
-3.78 10.395 0.9449999 790E27 0.45
-3.78 10.395 -0.9449999 5A1720 0.45
-3.78 10.8675 0.9449999 790E27 0.45
-3.78 10.8675 -0.9449999 790E27 0.45
-3.78 11.34 0.9449999 790E27 0.45
-3.78 11.34 -0.9449999 790E27 0.45
-3.78 11.8125 0.4725 851A33 0.45
-3.78 11.8125 0 851A33 0.45
-3.78 11.8125 -0.4725 851A33 0.45
-4.2525 10.395 0.4725 5A1720 0.45
-4.2525 10.395 0 5A1720 0.45
-4.2525 10.395 -0.4725 5A1720 0.45
-4.2525 10.395 0.9449999 790E27 0.45
-4.2525 10.395 -0.9449999 5A1720 0.45
-4.2525 10.8675 0.9449999 790E27 0.45
-4.2525 10.8675 -0.9449999 790E27 0.45
-4.2525 11.34 0.9449999 790E27 0.45
-4.2525 11.34 -0.9449999 790E27 0.45
-4.2525 11.8125 0.4725 851A33 0.45
-4.2525 11.8125 0 851A33 0.45
-4.2525 11.8125 -0.4725 851A33 0.45
-4.725 10.395 0.4725 5A1720 0.45
-4.725 10.395 0 5A1720 0.45
-4.725 10.395 -0.4725 5A1720 0.45
-4.725 10.395 0.9449999 790E27 0.45
-4.725 10.395 -0.9449999 5A1720 0.45
-4.725 10.8675 0.9449999 790E27 0.45
-4.725 10.8675 -0.9449999 790E27 0.45
-4.725 11.34 0.9449999 790E27 0.45
-4.725 11.34 -0.9449999 790E27 0.45
-4.725 11.8125 0.4725 851A33 0.45
-4.725 11.8125 0 851A33 0.45
-4.725 11.8125 -0.4725 851A33 0.45
-5.1975 10.395 0.4725 5A1720 0.45
-5.1975 10.395 0 5A1720 0.45
-5.1975 10.395 -0.4725 5A1720 0.45
-5.1975 10.395 0.9449999 790E27 0.45
-5.1975 10.395 -0.9449999 5A1720 0.45
-5.1975 10.8675 0.9449999 790E27 0.45
-5.1975 10.8675 -0.9449999 790E27 0.45
-5.1975 11.34 0.9449999 790E27 0.45
-5.1975 11.34 -0.9449999 790E27 0.45
-5.1975 11.8125 0.4725 851A33 0.45
-5.1975 11.8125 0 851A33 0.45
-5.1975 11.8125 -0.4725 851A33 0.45
-5.67 10.395 0.4725 5A1720 0.45
-5.67 10.395 0 5A1720 0.45
-5.67 10.395 -0.4725 5A1720 0.45
-5.67 10.395 0.9449999 790E27 0.45
-5.67 10.395 -0.9449999 5A1720 0.45
-5.67 10.8675 0.9449999 790E27 0.45
-8.504999 10.8675 0.4725 FFCCAE 0.45
-8.504999 10.8675 0 EDAF97 0.45
-8.504999 10.8675 -0.4725 FFCCAE 0.45
-5.67 10.8675 -0.9449999 790E27 0.45
-5.67 11.34 0.9449999 790E27 0.45
-8.504999 11.34 0.4725 FFCCAE 0.45
-8.504999 11.34 0 EDAF97 0.45
-8.504999 11.34 -0.4725 FFCCAE 0.45
-5.67 11.34 -0.9449999 790E27 0.45
-5.67 11.8125 0.4725 851A33 0.45
-5.67 11.8125 0 851A33 0.45
-5.67 11.8125 -0.4725 851A33 0.45
-6.142499 10.395 0.4725 5A1720 0.45
-6.142499 10.395 0 5A1720 0.45
-6.142499 10.395 -0.4725 5A1720 0.45
-6.142499 10.8675 0.9449999 790E27 0.45
-6.142499 10.8675 -0.9449999 790E27 0.45
-6.142499 11.34 0.9449999 790E27 0.45
-6.142499 11.34 -0.9449999 790E27 0.45
-6.142499 11.8125 0.4725 851A33 0.45
-6.142499 11.8125 0 851A33 0.45
-6.142499 11.8125 -0.4725 851A33 0.45
-6.615 10.395 0.4725 5A1720 0.45
-6.615 10.395 0 5A1720 0.45
-6.615 10.395 -0.4725 5A1720 0.45
-6.615 10.8675 0.9449999 790E27 0.45
-6.615 10.8675 -0.9449999 790E27 0.45
-6.615 11.34 0.9449999 790E27 0.45
-6.615 11.34 -0.9449999 790E27 0.45
-6.615 11.8125 0.4725 851A33 0.45
-6.615 11.8125 0 851A33 0.45
-6.615 11.8125 -0.4725 851A33 0.45
-7.0875 10.395 0.4725 5A1720 0.45
-7.0875 10.395 0 5A1720 0.45
-7.0875 10.395 -0.4725 5A1720 0.45
-7.0875 10.8675 0.9449999 790E27 0.45
-7.0875 10.8675 -0.9449999 790E27 0.45
-7.0875 11.34 0.9449999 790E27 0.45
-7.0875 11.34 -0.9449999 790E27 0.45
-7.0875 11.8125 0.4725 851A33 0.45
-7.0875 11.8125 0 851A33 0.45
-7.0875 11.8125 -0.4725 851A33 0.45
-7.559999 10.395 0.4725 5A1720 0.45
-7.559999 10.395 0 5A1720 0.45
-7.559999 10.395 -0.4725 5A1720 0.45
-7.559999 10.8675 0.9449999 790E27 0.45
-7.559999 10.8675 -0.9449999 790E27 0.45
-7.559999 11.34 0.9449999 790E27 0.45
-7.559999 11.34 -0.9449999 790E27 0.45
-7.559999 11.8125 0.4725 851A33 0.45
-7.559999 11.8125 0 851A33 0.45
-7.559999 11.8125 -0.4725 851A33 0.45
-8.0325 10.395 0.4725 5A1720 0.45
-8.0325 10.395 0 5A1720 0.45
-8.0325 10.395 -0.4725 5A1720 0.45
-8.0325 10.8675 0.9449999 790E27 0.45
-8.0325 10.8675 -0.9449999 790E27 0.45
-8.0325 11.34 0.9449999 790E27 0.45
-8.0325 11.34 -0.9449999 790E27 0.45
-8.0325 11.8125 0.4725 851A33 0.45
-8.0325 11.8125 0 851A33 0.45
-8.0325 11.8125 -0.4725 851A33 0.45
-8.504999 10.395 0.4725 5A1720 0.45
-8.504999 10.395 0 5A1720 0.45
-8.504999 10.395 -0.4725 5A1720 0.45
-8.504999 10.8675 0.9449999 790E27 0.45
-8.504999 10.8675 -0.9449999 790E27 0.45
-8.504999 11.34 0.9449999 790E27 0.45
-8.504999 11.34 -0.9449999 790E27 0.45
-8.504999 11.8125 0.4725 851A33 0.45
-8.504999 11.8125 0 851A33 0.45
-8.504999 11.8125 -0.4725 851A33 0.45
-8.9775 10.395 0.4725 EDAF97 0.45
-8.9775 10.395 0 EDAF97 0.45
-8.9775 10.395 -0.4725 EDAF97 0.45
-8.9775 10.8675 0.4725 FFCCAE 0.45
-8.9775 10.8675 -0.4725 FFCCAE 0.45
-8.9775 11.34 0.4725 FFCCAE 0.45
-8.9775 11.34 -0.4725 FFCCAE 0.45
-8.9775 11.8125 0.4725 E5A78E 0.45
-8.9775 11.8125 0 E5A78E 0.45
-8.9775 11.8125 -0.4725 E5A78E 0.45
-9.45 10.395 0.4725 EDAF97 0.45
-9.45 10.395 0 EDAF97 0.45
-9.45 10.395 -0.4725 EDAF97 0.45
-9.45 10.8675 0.4725 FFCCAE 0.45
-9.45 10.8675 -0.4725 FFCCAE 0.45
-9.45 11.34 0.4725 FFCCAE 0.45
-9.45 11.34 -0.4725 FFCCAE 0.45
-9.45 11.8125 0.4725 E5A78E 0.45
-9.45 11.8125 0 E5A78E 0.45
-9.45 11.8125 -0.4725 E5A78E 0.45
-9.45 10.8675 0 EDAF97 0.45
-9.45 11.34 0 EDAF97 0.45
