-8.19 0.5 -6.825 A83E52 1.3
-6.825 0.5 -5.46 A83E52 1.3
-6.825 0.5 -4.095 A83E52 1.3
-6.825 0.5 -2.73 A83E52 1.3
-8.19 0.5 -1.365 C94A45 1.3
-8.19 0.5 0 C94A45 1.3
-8.19 0.5 1.365 C94A45 1.3
-6.825 0.5 2.73 A83E52 1.3
-6.825 0.5 4.095 A83E52 1.3
-6.825 0.5 5.46 A83E52 1.3
-8.19 0.5 6.825 A53C52 1.3
-8.19 1.865 -6.825 A83E52 1.3
-6.825 1.865 -5.46 A83E52 1.3
-6.825 1.865 -4.095 A83E52 1.3
-6.825 1.865 -2.73 A83E52 1.3
-8.19 1.865 -1.365 C94A45 1.3
-8.19 1.865 0 C94A45 1.3
-8.19 1.865 1.365 C94A45 1.3
-6.825 1.865 2.73 A83E52 1.3
-6.825 1.865 4.095 A83E52 1.3
-6.825 1.865 5.46 A83E52 1.3
-8.19 1.865 6.825 A53C52 1.3
-8.19 3.23 -6.825 ECDFC6 1.3
-6.825 3.23 -5.46 C03B3C 1.3
-6.825 3.23 -4.095 C03B3C 1.3
-6.825 3.23 -2.73 C03B3C 1.3
-8.19 3.23 -1.365 C94A45 1.3
-8.19 3.23 0 C94A45 1.3
-8.19 3.23 1.365 C94A45 1.3
-6.825 3.23 2.73 C03B3C 1.3
-6.825 3.23 4.095 C03B3C 1.3
-6.825 3.23 5.46 C03B3C 1.3
-8.19 3.23 6.825 ECDFC6 1.3
-8.19 4.595 -6.825 ECDFC6 1.3
-6.825 4.595 -5.46 C03B3C 1.3
-6.825 4.595 -4.095 C03B3C 1.3
-6.825 4.595 -2.73 C03B3C 1.3
-8.19 4.595 -1.365 C94A45 1.3
-8.19 4.595 0 C94A45 1.3
-8.19 4.595 1.365 C94A45 1.3
-6.825 4.595 2.73 C03B3C 1.3
-6.825 4.595 4.095 C03B3C 1.3
-6.825 4.595 5.46 C03B3C 1.3
-8.19 4.595 6.825 ECDFC6 1.3
-8.19 5.96 -6.825 ECDFC6 1.3
-6.825 5.96 -5.46 C03B3C 1.3
-6.825 5.96 -4.095 C03B3C 1.3
-6.825 5.96 -2.73 C03B3C 1.3
-8.19 5.96 -1.365 C94A45 1.3
-8.19 5.96 0 C94A45 1.3
-8.19 5.96 1.365 C94A45 1.3
-6.825 5.96 2.73 C03B3C 1.3
-6.825 5.96 4.095 C03B3C 1.3
-6.825 5.96 5.46 C03B3C 1.3
-8.19 5.96 6.825 ECDFC6 1.3
-8.19 7.325 -6.825 ECDFC6 1.3
-6.825 7.325 -5.46 C03B3C 1.3
-6.825 7.325 -4.095 C03B3C 1.3
-6.825 7.325 -2.73 C03B3C 1.3
-8.19 7.325 -1.365 C94A45 1.3
-8.19 7.325 0 C94A45 1.3
-8.19 7.325 1.365 C94A45 1.3
-6.825 7.325 2.73 C03B3C 1.3
-6.825 7.325 4.095 C03B3C 1.3
-6.825 7.325 5.46 C03B3C 1.3
-8.19 7.325 6.825 ECDFC6 1.3
-8.19 8.69 -6.825 ECDFC6 1.3
-6.825 8.69 -5.46 C03B3C 1.3
-6.825 8.69 -4.095 C03B3C 1.3
-6.825 8.69 -2.73 C03B3C 1.3
-8.19 8.69 -1.365 C94A45 1.3
-8.19 8.69 0 C94A45 1.3
-8.19 8.69 1.365 C94A45 1.3
-6.825 8.69 2.73 C03B3C 1.3
-6.825 8.69 4.095 C03B3C 1.3
-6.825 8.69 5.46 C03B3C 1.3
-8.19 8.69 6.825 ECDFC6 1.3
-8.19 10.055 -6.825 ECDFC6 1.3
-6.825 10.055 -5.46 C03B3C 1.3
-6.825 10.055 -4.095 C03B3C 1.3
-6.825 10.055 -2.73 C03B3C 1.3
-8.19 10.055 -1.365 C94A45 1.3
-8.19 10.055 0 C94A45 1.3
-8.19 10.055 1.365 C94A45 1.3
-6.825 10.055 2.73 C03B3C 1.3
-6.825 10.055 4.095 C03B3C 1.3
-6.825 10.055 5.46 C03B3C 1.3
-8.19 10.055 6.825 ECDFC6 1.3
-8.19 11.42 -6.825 ECDFC6 1.3
-6.825 11.42 -5.46 C03B3C 1.3
-6.825 11.42 -4.095 C03B3C 1.3
-6.825 11.42 -2.73 C03B3C 1.3
-8.19 11.42 -1.365 C94A45 1.3
-8.19 11.42 0 C94A45 1.3
-8.19 11.42 1.365 C94A45 1.3
-6.825 11.42 2.73 C03B3C 1.3
-6.825 11.42 4.095 C03B3C 1.3
-6.825 11.42 5.46 C03B3C 1.3
-8.19 11.42 6.825 ECDFC6 1.3
-8.19 12.785 -6.825 ECDFC6 1.3
-6.825 12.785 -5.46 C03B3C 1.3
-6.825 12.785 -4.095 C03B3C 1.3
-6.825 12.785 -2.73 C03B3C 1.3
-8.19 12.785 -1.365 C94A45 1.3
-8.19 12.785 0 C94A45 1.3
-8.19 12.785 1.365 C94A45 1.3
-6.825 12.785 2.73 C03B3C 1.3
-6.825 12.785 4.095 C03B3C 1.3
-6.825 12.785 5.46 C03B3C 1.3
-8.19 12.785 6.825 ECDFC6 1.3
-8.19 14.15 -6.825 ECDFC6 1.3
-6.825 14.15 -5.46 C03B3C 1.3
-6.825 14.15 -4.095 C03B3C 1.3
-6.825 14.15 -2.73 C03B3C 1.3
-8.19 14.15 -1.365 C94A45 1.3
-8.19 14.15 0 C94A45 1.3
-8.19 14.15 1.365 C94A45 1.3
-6.825 14.15 2.73 C03B3C 1.3
-6.825 14.15 4.095 C03B3C 1.3
-6.825 14.15 5.46 C03B3C 1.3
-8.19 14.15 6.825 ECDFC6 1.3
-8.19 15.515 -6.825 ECDFC6 1.3
-6.825 15.515 -5.46 C03B3C 1.3
-6.825 15.515 -4.095 C03B3C 1.3
-6.825 15.515 -2.73 C03B3C 1.3
-8.19 15.515 -1.365 C94A45 1.3
-8.19 15.515 0 C94A45 1.3
-8.19 15.515 1.365 C94A45 1.3
-6.825 15.515 2.73 C03B3C 1.3
-6.825 15.515 4.095 C03B3C 1.3
-6.825 15.515 5.46 C03B3C 1.3
-8.19 15.515 6.825 ECDFC6 1.3
-8.19 16.88 -6.825 ECDFC6 1.3
-6.825 16.88 -5.46 C03B3C 1.3
-6.825 16.88 -4.095 C03B3C 1.3
-6.825 16.88 -2.73 C03B3C 1.3
-8.19 16.88 -1.365 C94A45 1.3
-8.19 16.88 0 C94A45 1.3
-8.19 16.88 1.365 C94A45 1.3
-6.825 16.88 2.73 C03B3C 1.3
-6.825 16.88 4.095 C03B3C 1.3
-6.825 16.88 5.46 C03B3C 1.3
-8.19 16.88 6.825 ECDFC6 1.3
-8.19 18.245 -6.825 ECDFC6 1.3
-6.825 18.245 -5.46 C03B3C 1.3
-6.825 18.245 -4.095 C03B3C 1.3
-6.825 18.245 -2.73 C03B3C 1.3
-8.19 18.245 -1.365 C94A45 1.3
-8.19 18.245 0 C94A45 1.3
-8.19 18.245 1.365 C94A45 1.3
-6.825 18.245 2.73 C03B3C 1.3
-6.825 18.245 4.095 C03B3C 1.3
-6.825 18.245 5.46 C03B3C 1.3
-8.19 18.245 6.825 ECDFC6 1.3
-8.19 19.61 -6.825 ECDFC6 1.3
-6.825 19.61 -5.46 C03B3C 1.3
-6.825 19.61 -4.095 C03B3C 1.3
-6.825 19.61 -2.73 C03B3C 1.3
-8.19 19.61 -1.365 C94A45 1.3
-8.19 19.61 0 C94A45 1.3
-8.19 19.61 1.365 C94A45 1.3
-6.825 19.61 2.73 C03B3C 1.3
-6.825 19.61 4.095 C03B3C 1.3
-6.825 19.61 5.46 C03B3C 1.3
-8.19 19.61 6.825 ECDFC6 1.3
-5.46 20.975 -4.095 79222E 1.3
-5.46 20.975 -2.73 79222E 1.3
-5.46 20.975 -1.365 79222E 1.3
-5.46 22.34 -4.095 79222E 1.3
-5.46 22.34 -2.73 79222E 1.3
-5.46 22.34 -1.365 79222E 1.3
-6.825 0.5 -8.19 A83E52 1.3
-6.825 0.5 8.19 A83E52 1.3
-6.825 1.865 -8.19 A83E52 1.3
-6.825 1.865 8.19 A83E52 1.3
-6.825 3.23 -8.19 ECDFC6 1.3
-6.825 3.23 8.19 ECDFC6 1.3
-6.825 4.595 -8.19 ECDFC6 1.3
-6.825 4.595 8.19 ECDFC6 1.3
-6.825 5.96 -8.19 ECDFC6 1.3
-6.825 5.96 8.19 ECDFC6 1.3
-6.825 7.325 -8.19 ECDFC6 1.3
-6.825 7.325 8.19 ECDFC6 1.3
-6.825 8.69 -8.19 ECDFC6 1.3
-6.825 8.69 8.19 ECDFC6 1.3
-6.825 10.055 -8.19 ECDFC6 1.3
-6.825 10.055 8.19 ECDFC6 1.3
-6.825 11.42 -8.19 ECDFC6 1.3
-6.825 11.42 8.19 ECDFC6 1.3
-6.825 12.785 -8.19 ECDFC6 1.3
-6.825 12.785 8.19 ECDFC6 1.3
-6.825 14.15 -8.19 ECDFC6 1.3
-6.825 14.15 8.19 ECDFC6 1.3
-6.825 15.515 -8.19 ECDFC6 1.3
-6.825 15.515 8.19 ECDFC6 1.3
-6.825 16.88 -8.19 ECDFC6 1.3
-6.825 16.88 8.19 ECDFC6 1.3
-6.825 18.245 -8.19 ECDFC6 1.3
-6.825 18.245 8.19 ECDFC6 1.3
-6.825 19.61 -8.19 ECDFC6 1.3
-6.825 19.61 8.19 ECDFC6 1.3
-6.825 20.975 -6.825 5D5952 1.3
-6.825 20.975 -5.46 5D5952 1.3
-6.825 20.975 -4.095 5D5952 1.3
-6.825 20.975 -2.73 5D5952 1.3
-6.825 20.975 -1.365 5D5952 1.3
-6.825 20.975 0 5D5952 1.3
-6.825 20.975 1.365 5D5952 1.3
-6.825 20.975 2.73 5D5952 1.3
-6.825 20.975 4.095 5D5952 1.3
-6.825 20.975 5.46 5D5952 1.3
-6.825 20.975 6.825 5D5952 1.3
-5.46 0.5 -6.825 A83E52 1.3
-5.46 0.5 8.19 A83E52 1.3
-5.46 1.865 -6.825 A83E52 1.3
-5.46 1.865 8.19 A83E52 1.3
-5.46 3.23 -8.19 D0988E 1.3
-5.46 3.23 8.19 C03B3C 1.3
-5.46 4.595 -8.19 414041 1.3
-5.46 4.595 8.19 C03B3C 1.3
-5.46 5.96 -6.825 C03B3C 1.3
-5.46 5.96 8.19 C03B3C 1.3
-5.46 7.325 -8.19 D0988E 1.3
-5.46 7.325 8.19 C03B3C 1.3
-5.46 8.69 -8.19 414041 1.3
-5.46 8.69 8.19 C03B3C 1.3
-5.46 10.055 -6.825 C03B3C 1.3
-5.46 10.055 8.19 C03B3C 1.3
-5.46 11.42 -8.19 414041 1.3
-5.46 11.42 8.19 C03B3C 1.3
-5.46 12.785 -8.19 EFDFC6 1.3
-5.46 12.785 8.19 C03B3C 1.3
-5.46 14.15 -8.19 ECDFC6 1.3
-5.46 14.15 8.19 C03B3C 1.3
-5.46 15.515 -8.19 414041 1.3
-5.46 15.515 8.19 C03B3C 1.3
-5.46 16.88 -6.825 C03B3C 1.3
-5.46 16.88 8.19 C03B3C 1.3
-5.46 18.245 -8.19 414041 1.3
-5.46 18.245 8.19 C03B3C 1.3
-5.46 19.61 -6.825 C03B3C 1.3
-5.46 19.61 8.19 C03B3C 1.3
-5.46 20.975 -6.825 5D5952 1.3
-5.46 20.975 -5.46 5D5952 1.3
-5.46 20.975 0 5D5952 1.3
-5.46 20.975 1.365 5D5952 1.3
-5.46 20.975 2.73 5D5952 1.3
-5.46 20.975 4.095 5D5952 1.3
-5.46 20.975 5.46 5D5952 1.3
-5.46 20.975 6.825 5D5952 1.3
-4.095 0.5 -6.825 A83E52 1.3
-4.095 0.5 8.19 A83E52 1.3
-4.095 1.865 -6.825 A83E52 1.3
-4.095 1.865 8.19 A83E52 1.3
-4.095 3.23 -8.19 D0988E 1.3
-4.095 3.23 8.19 C03B3C 1.3
-4.095 4.595 -8.19 414041 1.3
-4.095 4.595 8.19 C03B3C 1.3
-4.095 5.96 -6.825 C03B3C 1.3
-4.095 5.96 8.19 C03B3C 1.3
-4.095 7.325 -8.19 D0988E 1.3
-4.095 7.325 8.19 C03B3C 1.3
-4.095 8.69 -8.19 414041 1.3
-4.095 8.69 8.19 C03B3C 1.3
-4.095 10.055 -6.825 C03B3C 1.3
-4.095 10.055 8.19 C03B3C 1.3
-4.095 11.42 -8.19 414041 1.3
-4.095 11.42 8.19 C03B3C 1.3
-4.095 12.785 -8.19 EFDFC6 1.3
-4.095 12.785 8.19 C03B3C 1.3
-4.095 14.15 -8.19 ECDFC6 1.3
-4.095 14.15 8.19 C03B3C 1.3
-4.095 15.515 -8.19 414041 1.3
-4.095 15.515 8.19 C03B3C 1.3
-4.095 16.88 -6.825 C03B3C 1.3
-4.095 16.88 8.19 C03B3C 1.3
-4.095 18.245 -8.19 414041 1.3
-4.095 18.245 8.19 C03B3C 1.3
-4.095 19.61 -6.825 C03B3C 1.3
-4.095 19.61 8.19 C03B3C 1.3
-4.095 20.975 -5.46 A83E52 1.3
-4.095 20.975 -6.825 5D5952 1.3
-4.095 20.975 -4.095 5D5952 1.3
-4.095 20.975 -2.73 5D5952 1.3
-4.095 20.975 -1.365 5D5952 1.3
-4.095 20.975 0 5D5952 1.3
-4.095 20.975 1.365 5D5952 1.3
-4.095 20.975 2.73 5D5952 1.3
-4.095 20.975 4.095 5D5952 1.3
-4.095 20.975 5.46 5D5952 1.3
-4.095 20.975 6.825 5D5952 1.3
-4.095 22.34 -5.46 A83E52 1.3
-4.095 22.34 0 79222E 1.3
-4.095 23.705 -4.095 7F796F 1.3
-4.095 23.705 -2.73 7F796F 1.3
-4.095 23.705 -1.365 7F796F 1.3
-2.73 0.5 -6.825 A83E52 1.3
-2.73 0.5 8.19 A83E52 1.3
-2.73 1.865 -6.825 A83E52 1.3
-2.73 1.865 8.19 A83E52 1.3
-2.73 3.23 -8.19 D0988E 1.3
-2.73 3.23 8.19 C03B3C 1.3
-2.73 4.595 -8.19 424142 1.3
-2.73 4.595 8.19 C03B3C 1.3
-2.73 5.96 -6.825 C03B3C 1.3
-2.73 5.96 8.19 C03B3C 1.3
-2.73 7.325 -8.19 D0988E 1.3
-2.73 7.325 8.19 C03B3C 1.3
-2.73 8.69 -8.19 424142 1.3
-2.73 8.69 8.19 C03B3C 1.3
-2.73 10.055 -6.825 C03B3C 1.3
-2.73 10.055 8.19 C03B3C 1.3
-2.73 11.42 -8.19 424142 1.3
-2.73 11.42 8.19 C03B3C 1.3
-2.73 12.785 -8.19 EFDFC6 1.3
-2.73 12.785 8.19 C03B3C 1.3
-2.73 14.15 -8.19 ECDFC6 1.3
-2.73 14.15 8.19 C03B3C 1.3
-2.73 15.515 -8.19 424142 1.3
-2.73 15.515 8.19 C03B3C 1.3
-2.73 16.88 -6.825 C03B3C 1.3
-2.73 16.88 8.19 C03B3C 1.3
-2.73 18.245 -8.19 424142 1.3
-2.73 18.245 8.19 C03B3C 1.3
-2.73 19.61 -6.825 C03B3C 1.3
-2.73 19.61 8.19 C03B3C 1.3
-2.73 20.975 -5.46 354942 1.3
-2.73 20.975 -6.825 5D5952 1.3
-2.73 20.975 -4.095 5D5952 1.3
-2.73 20.975 -2.73 5D5952 1.3
-2.73 20.975 -1.365 5D5952 1.3
-2.73 20.975 0 5D5952 1.3
-2.73 20.975 1.365 5D5952 1.3
-2.73 20.975 2.73 5D5952 1.3
-2.73 20.975 4.095 5D5952 1.3
-2.73 20.975 5.46 5D5952 1.3
-2.73 20.975 6.825 5D5952 1.3
-2.73 22.34 -5.46 354942 1.3
-2.73 22.34 0 79222E 1.3
-2.73 23.705 -4.095 7F796F 1.3
-2.73 23.705 -2.73 7F796F 1.3
-2.73 23.705 -1.365 7F796F 1.3
-1.365 0.5 -8.19 D0988E 1.3
-1.365 0.5 8.19 C94A45 1.3
-1.365 1.865 -8.19 354942 1.3
-1.365 1.865 8.19 C94A45 1.3
-1.365 3.23 -8.19 354942 1.3
-1.365 3.23 8.19 C94A45 1.3
-1.365 4.595 -8.19 354942 1.3
-1.365 4.595 8.19 C94A45 1.3
-1.365 5.96 -8.19 C94A45 1.3
-1.365 5.96 8.19 C94A45 1.3
-1.365 7.325 -8.19 C94A45 1.3
-1.365 7.325 8.19 C94A45 1.3
-1.365 8.69 -8.19 C94A45 1.3
-1.365 8.69 8.19 C94A45 1.3
-1.365 10.055 -8.19 C94A45 1.3
-1.365 10.055 8.19 C94A45 1.3
-1.365 11.42 -8.19 C94A45 1.3
-1.365 11.42 8.19 C94A45 1.3
-1.365 12.785 -8.19 C94A45 1.3
-1.365 12.785 8.19 C94A45 1.3
-1.365 14.15 -8.19 C94A45 1.3
-1.365 14.15 8.19 C94A45 1.3
-1.365 15.515 -8.19 C94A45 1.3
-1.365 15.515 8.19 C94A45 1.3
-1.365 16.88 -8.19 C94A45 1.3
-1.365 16.88 8.19 C94A45 1.3
-1.365 18.245 -8.19 C94A45 1.3
-1.365 18.245 8.19 C94A45 1.3
-1.365 19.61 -8.19 C94A45 1.3
-1.365 19.61 8.19 C94A45 1.3
-1.365 20.975 -5.46 A83E52 1.3
-1.365 20.975 -6.825 5D5952 1.3
-1.365 20.975 -4.095 5D5952 1.3
-1.365 20.975 -2.73 5D5952 1.3
-1.365 20.975 -1.365 5D5952 1.3
-1.365 20.975 0 5D5952 1.3
-1.365 20.975 1.365 5D5952 1.3
-1.365 20.975 2.73 5D5952 1.3
-1.365 20.975 4.095 5D5952 1.3
-1.365 20.975 5.46 5D5952 1.3
-1.365 20.975 6.825 5D5952 1.3
-1.365 22.34 -5.46 A83E52 1.3
-1.365 22.34 0 79222E 1.3
-1.365 23.705 -4.095 7B796B 1.3
-1.365 23.705 -2.73 7B796B 1.3
-1.365 23.705 -1.365 7B796B 1.3
0 0.5 -8.19 D0988E 1.3
0 0.5 8.19 C94A45 1.3
0 1.865 -8.19 293029 1.3
0 1.865 8.19 C94A45 1.3
0 3.23 -8.19 293029 1.3
0 3.23 8.19 C94A45 1.3
0 4.595 -8.19 293029 1.3
0 4.595 8.19 C94A45 1.3
0 5.96 -8.19 C94A45 1.3
0 5.96 8.19 C94A45 1.3
0 7.325 -8.19 C94A45 1.3
0 7.325 8.19 C94A45 1.3
0 8.69 -8.19 C94A45 1.3
0 8.69 8.19 C94A45 1.3
0 10.055 -8.19 C94A45 1.3
0 10.055 8.19 C94A45 1.3
0 11.42 -8.19 C94A45 1.3
0 11.42 8.19 C94A45 1.3
0 12.785 -8.19 C94A45 1.3
0 12.785 8.19 C94A45 1.3
0 14.15 -8.19 C94A45 1.3
0 14.15 8.19 C94A45 1.3
0 15.515 -8.19 C94A45 1.3
0 15.515 8.19 C94A45 1.3
0 16.88 -8.19 C94A45 1.3
0 16.88 8.19 C94A45 1.3
0 18.245 -8.19 C94A45 1.3
0 18.245 8.19 C94A45 1.3
0 19.61 -8.19 C94A45 1.3
0 19.61 8.19 C94A45 1.3
0 20.975 -6.825 5D5952 1.3
0 20.975 -5.46 5D5952 1.3
0 20.975 -4.095 5D5952 1.3
0 20.975 -2.73 5D5952 1.3
0 20.975 -1.365 5D5952 1.3
0 20.975 0 5D5952 1.3
0 20.975 1.365 5D5952 1.3
0 20.975 2.73 5D5952 1.3
0 20.975 4.095 5D5952 1.3
0 20.975 5.46 5D5952 1.3
0 20.975 6.825 5D5952 1.3
-1.365 22.34 -4.095 79222E 1.3
-1.365 22.34 -2.73 79222E 1.3
-1.365 22.34 -1.365 79222E 1.3
1.365 0.5 -8.19 D0988E 1.3
1.365 0.5 8.19 C94A45 1.3
1.365 1.865 -8.19 354942 1.3
1.365 1.865 8.19 C94A45 1.3
1.365 3.23 -8.19 354942 1.3
1.365 3.23 8.19 C94A45 1.3
1.365 4.595 -8.19 354942 1.3
1.365 4.595 8.19 C94A45 1.3
1.365 5.96 -8.19 C94A45 1.3
1.365 5.96 8.19 C94A45 1.3
1.365 7.325 -8.19 C94A45 1.3
1.365 7.325 8.19 C94A45 1.3
1.365 8.69 -8.19 C94A45 1.3
1.365 8.69 8.19 C94A45 1.3
1.365 10.055 -8.19 C94A45 1.3
1.365 10.055 8.19 C94A45 1.3
1.365 11.42 -8.19 C94A45 1.3
1.365 11.42 8.19 C94A45 1.3
1.365 12.785 -8.19 C94A45 1.3
1.365 12.785 8.19 C94A45 1.3
1.365 14.15 -8.19 C94A45 1.3
1.365 14.15 8.19 C94A45 1.3
1.365 15.515 -8.19 C94A45 1.3
1.365 15.515 8.19 C94A45 1.3
1.365 16.88 -8.19 C94A45 1.3
1.365 16.88 8.19 C94A45 1.3
1.365 18.245 -8.19 C94A45 1.3
1.365 18.245 8.19 C94A45 1.3
1.365 19.61 -8.19 C94A45 1.3
1.365 19.61 8.19 C94A45 1.3
1.365 20.975 -6.825 5D5952 1.3
1.365 20.975 -5.46 5D5952 1.3
1.365 20.975 -4.095 5D5952 1.3
1.365 20.975 -2.73 5D5952 1.3
1.365 20.975 -1.365 5D5952 1.3
1.365 20.975 0 5D5952 1.3
1.365 20.975 1.365 5D5952 1.3
1.365 20.975 2.73 5D5952 1.3
1.365 20.975 4.095 5D5952 1.3
1.365 20.975 5.46 5D5952 1.3
1.365 20.975 6.825 5D5952 1.3
2.73 0.5 -6.825 A83E52 1.3
2.73 0.5 8.19 A83E52 1.3
2.73 1.865 -6.825 A83E52 1.3
2.73 1.865 8.19 A83E52 1.3
2.73 3.23 -8.19 D0988E 1.3
2.73 3.23 8.19 C03B3C 1.3
2.73 4.595 -8.19 424142 1.3
2.73 4.595 8.19 C03B3C 1.3
2.73 5.96 -6.825 C03B3C 1.3
2.73 5.96 8.19 C03B3C 1.3
2.73 7.325 -8.19 D0988E 1.3
2.73 7.325 8.19 C03B3C 1.3
2.73 8.69 -8.19 424142 1.3
2.73 8.69 8.19 C03B3C 1.3
2.73 10.055 -6.825 C03B3C 1.3
2.73 10.055 8.19 C03B3C 1.3
2.73 11.42 -8.19 424142 1.3
2.73 11.42 8.19 C03B3C 1.3
2.73 12.785 -8.19 EFDFC6 1.3
2.73 12.785 8.19 C03B3C 1.3
2.73 14.15 -8.19 ECDFC6 1.3
2.73 14.15 8.19 C03B3C 1.3
2.73 15.515 -8.19 424142 1.3
2.73 15.515 8.19 C03B3C 1.3
2.73 16.88 -6.825 C03B3C 1.3
2.73 16.88 8.19 C03B3C 1.3
2.73 18.245 -8.19 424142 1.3
2.73 18.245 8.19 C03B3C 1.3
2.73 19.61 -6.825 C03B3C 1.3
2.73 19.61 8.19 C03B3C 1.3
2.73 20.975 -6.825 5D5952 1.3
2.73 20.975 -5.46 5D5952 1.3
2.73 20.975 -4.095 5D5952 1.3
2.73 20.975 -2.73 5D5952 1.3
2.73 20.975 -1.365 5D5952 1.3
2.73 20.975 0 5D5952 1.3
2.73 20.975 1.365 5D5952 1.3
2.73 20.975 2.73 5D5952 1.3
2.73 20.975 4.095 5D5952 1.3
2.73 20.975 5.46 5D5952 1.3
2.73 20.975 6.825 5D5952 1.3
4.095 0.5 -6.825 A83E52 1.3
4.095 0.5 8.19 A83E52 1.3
4.095 1.865 -6.825 A83E52 1.3
4.095 1.865 8.19 A83E52 1.3
4.095 3.23 -8.19 D0988E 1.3
4.095 3.23 8.19 C03B3C 1.3
4.095 4.595 -8.19 414041 1.3
4.095 4.595 8.19 C03B3C 1.3
4.095 5.96 -6.825 C03B3C 1.3
4.095 5.96 8.19 C03B3C 1.3
4.095 7.325 -8.19 D0988E 1.3
4.095 7.325 8.19 C03B3C 1.3
4.095 8.69 -8.19 414041 1.3
4.095 8.69 8.19 C03B3C 1.3
4.095 10.055 -6.825 C03B3C 1.3
4.095 10.055 8.19 C03B3C 1.3
4.095 11.42 -8.19 414041 1.3
4.095 11.42 8.19 C03B3C 1.3
4.095 12.785 -8.19 EFDFC6 1.3
4.095 12.785 8.19 C03B3C 1.3
4.095 14.15 -8.19 ECDFC6 1.3
4.095 14.15 8.19 C03B3C 1.3
4.095 15.515 -8.19 414041 1.3
4.095 15.515 8.19 C03B3C 1.3
4.095 16.88 -6.825 C03B3C 1.3
4.095 16.88 8.19 C03B3C 1.3
4.095 18.245 -8.19 414041 1.3
4.095 18.245 8.19 C03B3C 1.3
4.095 19.61 -6.825 C03B3C 1.3
4.095 19.61 8.19 C03B3C 1.3
4.095 20.975 -6.825 5D5952 1.3
4.095 20.975 -5.46 5D5952 1.3
4.095 20.975 -4.095 5D5952 1.3
4.095 20.975 -2.73 5D5952 1.3
4.095 20.975 -1.365 5D5952 1.3
4.095 20.975 0 5D5952 1.3
4.095 20.975 1.365 5D5952 1.3
4.095 20.975 2.73 5D5952 1.3
4.095 20.975 4.095 5D5952 1.3
4.095 20.975 5.46 5D5952 1.3
4.095 20.975 6.825 5D5952 1.3
5.46 0.5 -6.825 A83E52 1.3
5.46 0.5 8.19 A83E52 1.3
5.46 1.865 -6.825 A83E52 1.3
5.46 1.865 8.19 A83E52 1.3
5.46 3.23 -8.19 D0988E 1.3
5.46 3.23 8.19 C03B3C 1.3
5.46 4.595 -8.19 414041 1.3
5.46 4.595 8.19 C03B3C 1.3
5.46 5.96 -6.825 C03B3C 1.3
5.46 5.96 8.19 C03B3C 1.3
5.46 7.325 -8.19 D0988E 1.3
5.46 7.325 8.19 C03B3C 1.3
5.46 8.69 -8.19 414041 1.3
5.46 8.69 8.19 C03B3C 1.3
5.46 10.055 -6.825 C03B3C 1.3
5.46 10.055 8.19 C03B3C 1.3
5.46 11.42 -8.19 414041 1.3
5.46 11.42 8.19 C03B3C 1.3
5.46 12.785 -8.19 EFDFC6 1.3
5.46 12.785 8.19 C03B3C 1.3
5.46 14.15 -8.19 ECDFC6 1.3
5.46 14.15 8.19 C03B3C 1.3
5.46 15.515 -8.19 414041 1.3
5.46 15.515 8.19 C03B3C 1.3
5.46 16.88 -6.825 C03B3C 1.3
5.46 16.88 8.19 C03B3C 1.3
5.46 18.245 -8.19 414041 1.3
5.46 18.245 8.19 C03B3C 1.3
5.46 19.61 -6.825 C03B3C 1.3
5.46 19.61 8.19 C03B3C 1.3
5.46 20.975 -6.825 5D5952 1.3
5.46 20.975 -5.46 5D5952 1.3
5.46 20.975 -4.095 5D5952 1.3
5.46 20.975 -2.73 5D5952 1.3
5.46 20.975 -1.365 5D5952 1.3
5.46 20.975 0 5D5952 1.3
5.46 20.975 1.365 5D5952 1.3
5.46 20.975 2.73 5D5952 1.3
5.46 20.975 4.095 5D5952 1.3
5.46 20.975 5.46 5D5952 1.3
5.46 20.975 6.825 5D5952 1.3
6.825 0.5 -8.19 A83E52 1.3
6.825 0.5 8.19 A83E52 1.3
6.825 1.865 -8.19 A83E52 1.3
6.825 1.865 8.19 A83E52 1.3
6.825 3.23 -8.19 ECDFC6 1.3
6.825 3.23 8.19 ECDFC6 1.3
6.825 4.595 -8.19 ECDFC6 1.3
6.825 4.595 8.19 ECDFC6 1.3
6.825 5.96 -8.19 ECDFC6 1.3
6.825 5.96 8.19 ECDFC6 1.3
6.825 7.325 -8.19 ECDFC6 1.3
6.825 7.325 8.19 ECDFC6 1.3
6.825 8.69 -8.19 ECDFC6 1.3
6.825 8.69 8.19 ECDFC6 1.3
6.825 10.055 -8.19 ECDFC6 1.3
6.825 10.055 8.19 ECDFC6 1.3
6.825 11.42 -8.19 ECDFC6 1.3
6.825 11.42 8.19 ECDFC6 1.3
6.825 12.785 -8.19 ECDFC6 1.3
6.825 12.785 8.19 ECDFC6 1.3
6.825 14.15 -8.19 ECDFC6 1.3
6.825 14.15 8.19 ECDFC6 1.3
6.825 15.515 -8.19 ECDFC6 1.3
6.825 15.515 8.19 ECDFC6 1.3
6.825 16.88 -8.19 ECDFC6 1.3
6.825 16.88 8.19 ECDFC6 1.3
6.825 18.245 -8.19 ECDFC6 1.3
6.825 18.245 8.19 ECDFC6 1.3
6.825 19.61 -8.19 ECDFC6 1.3
6.825 19.61 8.19 ECDFC6 1.3
6.825 20.975 -6.825 5D5952 1.3
6.825 20.975 -5.46 5D5952 1.3
6.825 20.975 -4.095 5D5952 1.3
6.825 20.975 -2.73 5D5952 1.3
6.825 20.975 -1.365 5D5952 1.3
6.825 20.975 0 5D5952 1.3
6.825 20.975 1.365 5D5952 1.3
6.825 20.975 2.73 5D5952 1.3
6.825 20.975 4.095 5D5952 1.3
6.825 20.975 5.46 5D5952 1.3
6.825 20.975 6.825 5D5952 1.3
8.19 0.5 -6.825 A83E52 1.3
6.825 0.5 -5.46 A83E52 1.3
6.825 0.5 -4.095 A83E52 1.3
6.825 0.5 -2.73 A83E52 1.3
8.19 0.5 -1.365 C94A45 1.3
8.19 0.5 0 C94A45 1.3
8.19 0.5 1.365 C94A45 1.3
6.825 0.5 2.73 A83E52 1.3
6.825 0.5 4.095 A83E52 1.3
6.825 0.5 5.46 A83E52 1.3
8.19 0.5 6.825 A53C52 1.3
8.19 1.865 -6.825 A83E52 1.3
6.825 1.865 -5.46 A83E52 1.3
6.825 1.865 -4.095 A83E52 1.3
6.825 1.865 -2.73 A83E52 1.3
8.19 1.865 -1.365 C94A45 1.3
8.19 1.865 0 C94A45 1.3
8.19 1.865 1.365 C94A45 1.3
6.825 1.865 2.73 A83E52 1.3
6.825 1.865 4.095 A83E52 1.3
6.825 1.865 5.46 A83E52 1.3
8.19 1.865 6.825 A53C52 1.3
8.19 3.23 -6.825 ECDFC6 1.3
6.825 3.23 -5.46 C03B3C 1.3
6.825 3.23 -4.095 C03B3C 1.3
6.825 3.23 -2.73 C03B3C 1.3
8.19 3.23 -1.365 C94A45 1.3
8.19 3.23 0 C94A45 1.3
8.19 3.23 1.365 C94A45 1.3
6.825 3.23 2.73 C03B3C 1.3
6.825 3.23 4.095 C03B3C 1.3
6.825 3.23 5.46 C03B3C 1.3
8.19 3.23 6.825 ECDFC6 1.3
8.19 4.595 -6.825 ECDFC6 1.3
6.825 4.595 -5.46 C03B3C 1.3
6.825 4.595 -4.095 C03B3C 1.3
6.825 4.595 -2.73 C03B3C 1.3
8.19 4.595 -1.365 C94A45 1.3
8.19 4.595 0 C94A45 1.3
8.19 4.595 1.365 C94A45 1.3
6.825 4.595 2.73 C03B3C 1.3
6.825 4.595 4.095 C03B3C 1.3
6.825 4.595 5.46 C03B3C 1.3
8.19 4.595 6.825 ECDFC6 1.3
8.19 5.96 -6.825 ECDFC6 1.3
6.825 5.96 -5.46 C03B3C 1.3
6.825 5.96 -4.095 C03B3C 1.3
6.825 5.96 -2.73 C03B3C 1.3
8.19 5.96 -1.365 C94A45 1.3
8.19 5.96 0 C94A45 1.3
8.19 5.96 1.365 C94A45 1.3
6.825 5.96 2.73 C03B3C 1.3
6.825 5.96 4.095 C03B3C 1.3
6.825 5.96 5.46 C03B3C 1.3
8.19 5.96 6.825 ECDFC6 1.3
8.19 7.325 -6.825 ECDFC6 1.3
6.825 7.325 -5.46 C03B3C 1.3
6.825 7.325 -4.095 C03B3C 1.3
6.825 7.325 -2.73 C03B3C 1.3
8.19 7.325 -1.365 C94A45 1.3
8.19 7.325 0 C94A45 1.3
8.19 7.325 1.365 C94A45 1.3
6.825 7.325 2.73 C03B3C 1.3
6.825 7.325 4.095 C03B3C 1.3
6.825 7.325 5.46 C03B3C 1.3
8.19 7.325 6.825 ECDFC6 1.3
8.19 8.69 -6.825 ECDFC6 1.3
6.825 8.69 -5.46 C03B3C 1.3
6.825 8.69 -4.095 C03B3C 1.3
6.825 8.69 -2.73 C03B3C 1.3
8.19 8.69 -1.365 C94A45 1.3
8.19 8.69 0 C94A45 1.3
8.19 8.69 1.365 C94A45 1.3
6.825 8.69 2.73 C03B3C 1.3
6.825 8.69 4.095 C03B3C 1.3
6.825 8.69 5.46 C03B3C 1.3
8.19 8.69 6.825 ECDFC6 1.3
8.19 10.055 -6.825 ECDFC6 1.3
6.825 10.055 -5.46 C03B3C 1.3
6.825 10.055 -4.095 C03B3C 1.3
6.825 10.055 -2.73 C03B3C 1.3
8.19 10.055 -1.365 C94A45 1.3
8.19 10.055 0 C94A45 1.3
8.19 10.055 1.365 C94A45 1.3
6.825 10.055 2.73 C03B3C 1.3
6.825 10.055 4.095 C03B3C 1.3
6.825 10.055 5.46 C03B3C 1.3
8.19 10.055 6.825 ECDFC6 1.3
8.19 11.42 -6.825 ECDFC6 1.3
6.825 11.42 -5.46 C03B3C 1.3
6.825 11.42 -4.095 C03B3C 1.3
6.825 11.42 -2.73 C03B3C 1.3
8.19 11.42 -1.365 C94A45 1.3
8.19 11.42 0 C94A45 1.3
8.19 11.42 1.365 C94A45 1.3
6.825 11.42 2.73 C03B3C 1.3
6.825 11.42 4.095 C03B3C 1.3
6.825 11.42 5.46 C03B3C 1.3
8.19 11.42 6.825 ECDFC6 1.3
8.19 12.785 -6.825 ECDFC6 1.3
6.825 12.785 -5.46 C03B3C 1.3
6.825 12.785 -4.095 C03B3C 1.3
6.825 12.785 -2.73 C03B3C 1.3
8.19 12.785 -1.365 C94A45 1.3
8.19 12.785 0 C94A45 1.3
8.19 12.785 1.365 C94A45 1.3
6.825 12.785 2.73 C03B3C 1.3
6.825 12.785 4.095 C03B3C 1.3
6.825 12.785 5.46 C03B3C 1.3
8.19 12.785 6.825 ECDFC6 1.3
8.19 14.15 -6.825 ECDFC6 1.3
6.825 14.15 -5.46 C03B3C 1.3
6.825 14.15 -4.095 C03B3C 1.3
6.825 14.15 -2.73 C03B3C 1.3
8.19 14.15 -1.365 C94A45 1.3
8.19 14.15 0 C94A45 1.3
8.19 14.15 1.365 C94A45 1.3
6.825 14.15 2.73 C03B3C 1.3
6.825 14.15 4.095 C03B3C 1.3
6.825 14.15 5.46 C03B3C 1.3
8.19 14.15 6.825 ECDFC6 1.3
8.19 15.515 -6.825 ECDFC6 1.3
6.825 15.515 -5.46 C03B3C 1.3
6.825 15.515 -4.095 C03B3C 1.3
6.825 15.515 -2.73 C03B3C 1.3
8.19 15.515 -1.365 C94A45 1.3
8.19 15.515 0 C94A45 1.3
8.19 15.515 1.365 C94A45 1.3
6.825 15.515 2.73 C03B3C 1.3
6.825 15.515 4.095 C03B3C 1.3
6.825 15.515 5.46 C03B3C 1.3
8.19 15.515 6.825 ECDFC6 1.3
8.19 16.88 -6.825 ECDFC6 1.3
6.825 16.88 -5.46 C03B3C 1.3
6.825 16.88 -4.095 C03B3C 1.3
6.825 16.88 -2.73 C03B3C 1.3
8.19 16.88 -1.365 C94A45 1.3
8.19 16.88 0 C94A45 1.3
8.19 16.88 1.365 C94A45 1.3
6.825 16.88 2.73 C03B3C 1.3
6.825 16.88 4.095 C03B3C 1.3
6.825 16.88 5.46 C03B3C 1.3
8.19 16.88 6.825 ECDFC6 1.3
8.19 18.245 -6.825 ECDFC6 1.3
6.825 18.245 -5.46 C03B3C 1.3
6.825 18.245 -4.095 C03B3C 1.3
6.825 18.245 -2.73 C03B3C 1.3
8.19 18.245 -1.365 C94A45 1.3
8.19 18.245 0 C94A45 1.3
8.19 18.245 1.365 C94A45 1.3
6.825 18.245 2.73 C03B3C 1.3
6.825 18.245 4.095 C03B3C 1.3
6.825 18.245 5.46 C03B3C 1.3
8.19 18.245 6.825 ECDFC6 1.3
8.19 19.61 -6.825 ECDFC6 1.3
6.825 19.61 -5.46 C03B3C 1.3
6.825 19.61 -4.095 C03B3C 1.3
6.825 19.61 -2.73 C03B3C 1.3
8.19 19.61 -1.365 C94A45 1.3
8.19 19.61 0 C94A45 1.3
8.19 19.61 1.365 C94A45 1.3
6.825 19.61 2.73 C03B3C 1.3
6.825 19.61 4.095 C03B3C 1.3
6.825 19.61 5.46 C03B3C 1.3
8.19 19.61 6.825 ECDFC6 1.3
