-4.095 0.1824999 -2.73 805453 0.685
-4.095 0.1824999 -2.0475 815553 0.685
-4.095 0.1824999 -1.365 7F5452 0.685
-4.095 0.1824999 -0.6824999 815553 0.685
-4.095 0.1824999 0 7F5352 0.685
-4.095 0.1824999 0.6824999 7C5151 0.685
-4.095 0.1824999 1.365 7F5352 0.685
-4.095 0.1824999 2.0475 815453 0.685
-4.095 0.1824999 2.73 7F5352 0.685
-4.095 0.1824999 3.4125 7D5252 0.685
-1.365 0.8649999 -0.6824999 794D4E 0.685
-1.365 0.8649999 0 7E5050 0.685
-1.365 0.8649999 0.6824999 7C4F4F 0.685
-1.365 1.5475 -0.6824999 7B4F4F 0.685
-1.365 1.5475 0 7B4F4F 0.685
-1.365 1.5475 0.6824999 7B4F4F 0.685
-1.365 2.23 -0.6824999 784D4E 0.685
-1.365 2.23 0 774D4E 0.685
-1.365 2.23 0.6824999 794E4F 0.685
-1.365 2.9125 -0.6824999 744C4E 0.685
-1.365 2.9125 0 724A4D 0.685
-1.365 2.9125 0.6824999 724A4D 0.685
-1.365 3.595 -0.6824999 71494D 0.685
-1.365 3.595 0 724A4D 0.685
-1.365 3.595 0.6824999 6F494C 0.685
-1.365 4.2775 -0.6824999 6D474B 0.685
-1.365 4.2775 0 6B464B 0.685
-1.365 4.2775 0.6824999 6B464B 0.685
-1.365 4.96 -0.6824999 634148 0.685
-1.365 4.96 0 654248 0.685
-1.365 4.96 0.6824999 654349 0.685
-1.365 5.642499 -0.6824999 604047 0.685
-1.365 5.642499 0 5F3F46 0.685
-1.365 5.642499 0.6824999 603F47 0.685
-1.365 6.325 -0.6824999 543943 0.685
-1.365 6.325 0 543843 0.685
-1.365 6.325 0.6824999 553943 0.685
-1.365 7.0075 -0.6824999 4C3440 0.685
-1.365 7.0075 0 4B3440 0.685
-1.365 7.0075 0.6824999 4B3440 0.685
-1.365 7.69 -0.6824999 422F3D 0.685
-1.365 7.69 0 422F3D 0.685
-1.365 7.69 0.6824999 422F3D 0.685
-1.365 8.372499 -0.6824999 322737 0.685
-1.365 8.372499 0 312737 0.685
-1.365 8.372499 0.6824999 332737 0.685
-1.365 9.054999 -0.6824999 2F2434 0.685
-1.365 9.054999 0 312535 0.685
-1.365 9.054999 0.6824999 2D2333 0.685
-8.19 9.737499 -8.19 8B5B57 0.685
-8.19 9.737499 -7.5075 93615A 0.685
-8.19 9.737499 -6.825 92605A 0.685
-8.19 9.737499 -6.142499 93615A 0.685
-8.19 9.737499 -5.46 926059 0.685
-8.19 9.737499 -4.7775 916059 0.685
-8.19 9.737499 -4.095 93615A 0.685
-8.19 9.737499 -3.4125 915F59 0.685
-8.19 9.737499 -2.73 95635B 0.685
-8.19 9.737499 -2.0475 916059 0.685
-8.19 9.737499 -1.365 905F59 0.685
-8.19 9.737499 -0.6824999 916059 0.685
-8.19 9.737499 0 94625A 0.685
-8.19 9.737499 0.6824999 94615A 0.685
-8.19 9.737499 1.365 94615A 0.685
-8.19 9.737499 2.0475 916059 0.685
-8.19 9.737499 2.73 916059 0.685
-8.19 9.737499 3.4125 93615A 0.685
-8.19 9.737499 4.094999 915F59 0.685
-8.19 9.737499 4.7775 905F59 0.685
-8.19 9.737499 5.46 905F59 0.685
-8.19 9.737499 6.142498 94615A 0.685
-8.19 9.737499 6.825001 93615A 0.685
-8.19 9.737499 7.5075 905E58 0.685
-8.19 9.737499 8.189999 8C5E5A 0.685
-8.19 9.054999 -8.19 E2DCD9 0.685
-8.19 9.054999 -7.5075 7F737C 0.685
-8.19 9.054999 -6.825 2A2334 0.685
-8.19 9.054999 -6.142499 2A2334 0.685
-8.19 9.054999 -5.46 2A2334 0.685
-8.19 9.054999 -4.7775 2B2436 0.685
-8.19 9.054999 -4.095 2A2334 0.685
-8.19 9.054999 -3.4125 2A2334 0.685
-8.19 9.054999 -2.73 2A2334 0.685
-8.19 9.054999 -2.0475 2B2334 0.685
-8.19 9.054999 -1.365 2A2334 0.685
-8.19 9.054999 -0.6824999 2C2435 0.685
-8.19 9.054999 0 292334 0.685
-8.19 9.054999 0.6824999 2A2335 0.685
-8.19 9.054999 1.365 292334 0.685
-8.19 9.054999 2.0475 2A2334 0.685
-8.19 9.054999 2.73 2B2334 0.685
-8.19 9.054999 3.4125 2A2334 0.685
-8.19 9.054999 4.094999 2C2435 0.685
-8.19 9.054999 4.7775 2B2334 0.685
-8.19 9.054999 5.46 272234 0.685
-8.19 9.054999 6.142498 282334 0.685
-8.19 9.054999 6.825001 292334 0.685
-8.19 9.054999 7.5075 292334 0.685
-8.19 9.054999 8.189999 8E5E58 0.685
-8.19 10.42 -8.19 8F5E59 0.685
-8.19 10.42 -7.5075 916059 0.685
-8.19 10.42 -6.825 91605A 0.685
-8.19 10.42 -6.142499 94625A 0.685
-8.19 10.42 -5.46 93615A 0.685
-8.19 10.42 -4.7775 905F59 0.685
-8.19 10.42 -4.095 916059 0.685
-8.19 10.42 -3.4125 A67165 0.685
-8.19 10.42 -2.73 B37B6A 0.685
-8.19 10.42 -2.0475 BB826E 0.685
-8.19 10.42 -1.365 91635E 0.685
-8.19 10.42 -0.6824999 9E6C62 0.685
-8.19 10.42 0 B17A69 0.685
-8.19 10.42 0.6824999 B77F6C 0.685
-8.19 10.42 1.365 885E5C 0.685
-8.19 10.42 2.0475 9B6A61 0.685
-8.19 10.42 2.73 A57165 0.685
-8.19 10.42 3.4125 B17A69 0.685
-8.19 10.42 4.094999 BD846F 0.685
-8.19 10.42 4.7775 8F625E 0.685
-8.19 10.42 5.46 9C6B62 0.685
-8.19 10.42 6.142498 B17A69 0.685
-8.19 10.42 6.825001 BD846E 0.685
-8.19 10.42 7.5075 C18770 0.685
-8.19 10.42 8.189999 C58A72 0.685
-7.5075 9.054999 -8.19 2B2436 0.685
-7.5075 9.054999 -7.5075 292334 0.685
-7.5075 9.054999 -6.825 2B2334 0.685
-7.5075 9.054999 -6.142499 2A2334 0.685
-7.5075 9.054999 -5.46 2A2334 0.685
-7.5075 9.054999 -4.7775 292334 0.685
-7.5075 9.054999 -4.095 2C2434 0.685
-7.5075 9.054999 -3.4125 2C2434 0.685
-7.5075 9.054999 -2.73 2B2334 0.685
-7.5075 9.054999 -2.0475 2A2334 0.685
-7.5075 9.054999 -1.365 2B2435 0.685
-7.5075 9.054999 -0.6824999 2A2334 0.685
-7.5075 9.054999 0 2A2334 0.685
-7.5075 9.054999 0.6824999 2B2334 0.685
-7.5075 9.054999 1.365 2C2435 0.685
-7.5075 9.054999 2.0475 292334 0.685
-7.5075 9.054999 2.73 2A2334 0.685
-7.5075 9.054999 3.4125 2B2334 0.685
-7.5075 9.054999 4.094999 292334 0.685
-7.5075 9.054999 4.7775 2A2335 0.685
-7.5075 9.054999 5.46 292334 0.685
-7.5075 9.054999 6.142498 282334 0.685
-7.5075 9.054999 6.825001 282334 0.685
-7.5075 9.054999 7.5075 272234 0.685
-7.5075 9.054999 8.189999 905F59 0.685
-7.5075 9.737499 -8.19 875A55 0.685
-7.5075 9.737499 8.189999 905F59 0.685
-7.5075 10.42 -8.19 C28871 0.685
-7.5075 10.42 -7.5075 C58A72 0.685
-7.5075 10.42 -6.825 C58B72 0.685
-7.5075 10.42 -6.142499 C38871 0.685
-7.5075 10.42 -5.46 C48A72 0.685
-7.5075 10.42 -4.7775 C28871 0.685
-7.5075 10.42 -4.095 C78C73 0.685
-7.5075 10.42 -3.4125 C58A72 0.685
-7.5075 10.42 -2.73 C48A72 0.685
-7.5075 10.42 -2.0475 C38871 0.685
-7.5075 10.42 -1.365 C68C73 0.685
-7.5075 10.42 -0.6824999 C68B73 0.685
-7.5075 10.42 0 C68C73 0.685
-7.5075 10.42 0.6824999 C58A72 0.685
-7.5075 10.42 1.365 C58A72 0.685
-7.5075 10.42 2.0475 C88D74 0.685
-7.5075 10.42 2.73 C48971 0.685
-7.5075 10.42 3.4125 C78C73 0.685
-7.5075 10.42 4.094999 C68C73 0.685
-7.5075 10.42 4.7775 C28770 0.685
-7.5075 10.42 5.46 C68B73 0.685
-7.5075 10.42 6.142498 C58A72 0.685
-7.5075 10.42 6.825001 C48A72 0.685
-7.5075 10.42 7.5075 C78C73 0.685
-7.5075 10.42 8.189999 C58B72 0.685
-6.825 9.054999 -8.19 292334 0.685
-6.825 9.054999 -7.5075 2B2334 0.685
-6.825 9.054999 -6.825 292335 0.685
-6.825 9.054999 -6.142499 292334 0.685
-6.825 9.054999 -5.46 2A2334 0.685
-6.825 9.054999 -4.7775 2A2334 0.685
-6.825 9.054999 -4.095 2A2334 0.685
-6.825 9.054999 -3.4125 2B2434 0.685
-6.825 9.054999 -2.73 2B2435 0.685
-6.825 9.054999 -2.0475 2D2435 0.685
-6.825 9.054999 -1.365 2C2434 0.685
-6.825 9.054999 -0.6824999 2B2334 0.685
-6.825 9.054999 0 2C2435 0.685
-6.825 9.054999 0.6824999 2D2434 0.685
-6.825 9.054999 1.365 2B2334 0.685
-6.825 9.054999 2.0475 282334 0.685
-6.825 9.054999 2.73 2C2435 0.685
-6.825 9.054999 3.4125 2A2334 0.685
-6.825 9.054999 4.094999 2A2334 0.685
-6.825 9.054999 4.7775 2E2434 0.685
-6.825 9.054999 5.46 2B2435 0.685
-6.825 9.054999 6.142498 292334 0.685
-6.825 9.054999 6.825001 2A2334 0.685
-6.825 9.054999 7.5075 2E2435 0.685
-6.825 9.054999 8.189999 905F59 0.685
-6.825 9.737499 -8.19 8A5B56 0.685
-6.825 9.737499 8.189999 8F5F59 0.685
-6.825 10.42 -8.19 C58B72 0.685
-6.825 10.42 -7.5075 C88E74 0.685
-6.825 10.42 -6.825 C48A72 0.685
-6.825 10.42 -6.142499 C88D74 0.685
-6.825 10.42 -5.46 C58B72 0.685
-6.825 10.42 -4.7775 C38971 0.685
-6.825 10.42 -4.095 C48A72 0.685
-6.825 10.42 -3.4125 C68B73 0.685
-6.825 10.42 -2.73 C68B73 0.685
-6.825 10.42 -2.0475 C28870 0.685
-6.825 10.42 -1.365 C38971 0.685
-6.825 10.42 -0.6824999 C48971 0.685
-6.825 10.42 0 C58A72 0.685
-6.825 10.42 0.6824999 C68C73 0.685
-6.825 10.42 1.365 C68B73 0.685
-6.825 10.42 2.0475 C68B72 0.685
-6.825 10.42 2.73 C38971 0.685
-6.825 10.42 3.4125 C68C73 0.685
-6.825 10.42 4.094999 C58A72 0.685
-6.825 10.42 4.7775 C48971 0.685
-6.825 10.42 5.46 C58A72 0.685
-6.825 10.42 6.142498 C68B73 0.685
-6.825 10.42 6.825001 C68B73 0.685
-6.825 10.42 7.5075 C48A72 0.685
-6.825 10.42 8.189999 C58B72 0.685
-6.142499 9.054999 -8.19 292334 0.685
-6.142499 9.054999 -7.5075 2A2334 0.685
-6.142499 9.054999 -6.825 2A2434 0.685
-6.142499 9.054999 -6.142499 2B2334 0.685
-6.142499 9.054999 -5.46 292334 0.685
-6.142499 9.054999 -4.7775 2A2334 0.685
-6.142499 9.054999 -4.095 2B2334 0.685
-6.142499 9.054999 -3.4125 2B2334 0.685
-6.142499 9.054999 -2.73 2C2334 0.685
-6.142499 9.054999 -2.0475 2B2435 0.685
-6.142499 9.054999 -1.365 2C2435 0.685
-6.142499 9.054999 -0.6824999 2C2434 0.685
-6.142499 9.054999 0 2B2335 0.685
-6.142499 9.054999 0.6824999 2D2435 0.685
-6.142499 9.054999 1.365 2A2334 0.685
-6.142499 9.054999 2.0475 2C2434 0.685
-6.142499 9.054999 2.73 2B2334 0.685
-6.142499 9.054999 3.4125 2B2435 0.685
-6.142499 9.054999 4.094999 2B2435 0.685
-6.142499 9.054999 4.7775 2A2334 0.685
-6.142499 9.054999 5.46 292335 0.685
-6.142499 9.054999 6.142498 2C2435 0.685
-6.142499 9.054999 6.825001 2C2434 0.685
-6.142499 9.054999 7.5075 2B2334 0.685
-6.142499 9.054999 8.189999 2C2435 0.685
-6.142499 9.737499 -8.19 8C5C57 0.685
-6.142499 9.737499 8.189999 8E5E58 0.685
-6.142499 10.42 -8.19 C58A72 0.685
-6.142499 10.42 -7.5075 C58B72 0.685
-6.142499 10.42 -6.825 C48972 0.685
-6.142499 10.42 -6.142499 C38971 0.685
-6.142499 10.42 -5.46 C48A72 0.685
-6.142499 10.42 -4.7775 C48A72 0.685
-6.142499 10.42 -4.095 C48971 0.685
-6.142499 10.42 -3.4125 C68C73 0.685
-6.142499 10.42 -2.73 C68B73 0.685
-6.142499 10.42 -2.0475 C38971 0.685
-6.142499 10.42 -1.365 C68B73 0.685
-6.142499 10.42 -0.6824999 C28870 0.685
-6.142499 10.42 0 C58A72 0.685
-6.142499 10.42 0.6824999 C48A72 0.685
-6.142499 10.42 1.365 C68C73 0.685
-6.142499 10.42 2.0475 C58B72 0.685
-6.142499 10.42 2.73 C58B72 0.685
-6.142499 10.42 3.4125 C58A72 0.685
-6.142499 10.42 4.094999 C48A72 0.685
-6.142499 10.42 4.7775 C78C73 0.685
-6.142499 10.42 5.46 C78C73 0.685
-6.142499 10.42 6.142498 C58A72 0.685
-6.142499 10.42 6.825001 C58A72 0.685
-6.142499 10.42 7.5075 C58A72 0.685
-6.142499 10.42 8.189999 C48A72 0.685
-5.46 9.054999 -8.19 2C2435 0.685
-5.46 9.054999 -7.5075 2A2334 0.685
-5.46 9.054999 -6.825 292334 0.685
-5.46 9.054999 -6.142499 2A2334 0.685
-5.46 9.054999 -5.46 292334 0.685
-5.46 9.054999 -4.7775 2A2334 0.685
-5.46 9.054999 -4.095 2C2434 0.685
-5.46 9.054999 -3.4125 2B2435 0.685
-5.46 9.054999 -2.73 2F2435 0.685
-5.46 9.054999 -2.0475 2C2434 0.685
-5.46 9.054999 -1.365 2C2334 0.685
-5.46 9.054999 -0.6824999 2C2334 0.685
-5.46 9.054999 0 2E2435 0.685
-5.46 9.054999 0.6824999 2D2434 0.685
-5.46 9.054999 1.365 2B2334 0.685
-5.46 9.054999 2.0475 2D2435 0.685
-5.46 9.054999 2.73 2C2334 0.685
-5.46 9.054999 3.4125 2A2334 0.685
-5.46 9.054999 4.094999 2A2334 0.685
-5.46 9.054999 4.7775 2C2435 0.685
-5.46 9.054999 5.46 2C2434 0.685
-5.46 9.054999 6.142498 2D2535 0.685
-5.46 9.054999 6.825001 2A2334 0.685
-5.46 9.054999 7.5075 292334 0.685
-5.46 9.054999 8.189999 906059 0.685
-5.46 9.737499 -8.19 8D5E58 0.685
-5.46 9.737499 8.189999 8E5E58 0.685
-5.46 10.42 -8.19 C68B73 0.685
-5.46 10.42 -7.5075 C68B73 0.685
-5.46 10.42 -6.825 C18770 0.685
-5.46 10.42 -6.142499 C78C73 0.685
-5.46 10.42 -5.46 C18770 0.685
-5.46 10.42 -4.7775 C28871 0.685
-5.46 10.42 -4.095 C58A72 0.685
-5.46 10.42 -3.4125 C68B73 0.685
-5.46 10.42 -2.73 C48A72 0.685
-5.46 10.42 -2.0475 C58A72 0.685
-5.46 10.42 -1.365 C58B72 0.685
-5.46 10.42 -0.6824999 C68B73 0.685
-5.46 10.42 0 C68C73 0.685
-5.46 10.42 0.6824999 C68C73 0.685
-5.46 10.42 1.365 C68B73 0.685
-5.46 10.42 2.0475 C48A72 0.685
-5.46 10.42 2.73 C68B73 0.685
-5.46 10.42 3.4125 C38971 0.685
-5.46 10.42 4.094999 C68C73 0.685
-5.46 10.42 4.7775 C48A72 0.685
-5.46 10.42 5.46 C48A72 0.685
-5.46 10.42 6.142498 C58B73 0.685
-5.46 10.42 6.825001 C38971 0.685
-5.46 10.42 7.5075 C48A72 0.685
-5.46 10.42 8.189999 C68B73 0.685
-4.7775 9.054999 -8.19 2A2334 0.685
-4.7775 9.054999 -7.5075 2A2334 0.685
-4.7775 9.054999 -6.825 2D2334 0.685
-4.7775 9.054999 -6.142499 2A2435 0.685
-4.7775 9.054999 -5.46 2B2334 0.685
-4.7775 9.054999 -4.7775 2C2434 0.685
-4.7775 9.054999 -4.095 2A2334 0.685
-4.7775 9.054999 -3.4125 2A2334 0.685
-4.7775 9.054999 -2.73 2B2334 0.685
-4.7775 9.054999 -2.0475 2E2435 0.685
-4.7775 9.054999 -1.365 2C2434 0.685
-4.7775 9.054999 -0.6824999 2E2434 0.685
-4.7775 9.054999 0 2E2434 0.685
-4.7775 9.054999 0.6824999 2E2434 0.685
-4.7775 9.054999 1.365 2D2435 0.685
-4.7775 9.054999 2.0475 2D2435 0.685
-4.7775 9.054999 2.73 2E2435 0.685
-4.7775 9.054999 3.4125 2B2334 0.685
-4.7775 9.054999 4.094999 2E2434 0.685
-4.7775 9.054999 4.7775 2B2334 0.685
-4.7775 9.054999 5.46 2B2334 0.685
-4.7775 9.054999 6.142498 2A2334 0.685
-4.7775 9.054999 6.825001 282334 0.685
-4.7775 9.054999 7.5075 2B2434 0.685
-4.7775 9.054999 8.189999 905F59 0.685
-4.7775 9.737499 -8.19 865854 0.685
-4.7775 9.737499 8.189999 91605A 0.685
-4.7775 10.42 -8.19 C58B72 0.685
-4.7775 10.42 -7.5075 C68B73 0.685
-4.7775 10.42 -6.825 C58B72 0.685
-4.7775 10.42 -6.142499 C68C73 0.685
-4.7775 10.42 -5.46 C68B72 0.685
-4.7775 10.42 -4.7775 C68C73 0.685
-4.7775 10.42 -4.095 C68B73 0.685
-4.7775 10.42 -3.4125 C88D74 0.685
-4.7775 10.42 -2.73 C48971 0.685
-4.7775 10.42 -2.0475 C68B73 0.685
-4.7775 10.42 -1.365 C78C73 0.685
-4.7775 10.42 -0.6824999 C48A72 0.685
-4.7775 10.42 0 C78C73 0.685
-4.7775 10.42 0.6824999 C48A72 0.685
-4.7775 10.42 1.365 C58A72 0.685
-4.7775 10.42 2.0475 C98E74 0.685
-4.7775 10.42 2.73 C58B72 0.685
-4.7775 10.42 3.4125 C28871 0.685
-4.7775 10.42 4.094999 C48A72 0.685
-4.7775 10.42 4.7775 C58B72 0.685
-4.7775 10.42 5.46 C78C73 0.685
-4.7775 10.42 6.142498 C48A72 0.685
-4.7775 10.42 6.825001 C58A72 0.685
-4.7775 10.42 7.5075 C58B72 0.685
-4.7775 10.42 8.189999 C58A72 0.685
-4.095 9.054999 -8.19 2B2334 0.685
-4.095 9.054999 -7.5075 2B2334 0.685
-4.095 9.054999 -6.825 2A2334 0.685
-4.095 9.054999 -6.142499 2A2334 0.685
-4.095 9.054999 -5.46 2D2434 0.685
-4.095 9.054999 -4.7775 2D2434 0.685
-4.095 9.054999 -4.095 2E2435 0.685
-4.095 9.054999 -3.4125 2A2334 0.685
-4.095 9.054999 -2.73 2C2334 0.685
-4.095 9.054999 -2.0475 2D2434 0.685
-4.095 9.054999 -1.365 2B2334 0.685
-4.095 9.054999 -0.6824999 2E2434 0.685
-4.095 9.054999 0 2E2434 0.685
-4.095 9.054999 0.6824999 2E2434 0.685
-4.095 9.054999 1.365 2F2435 0.685
-4.095 9.054999 2.0475 2D2434 0.685
-4.095 9.054999 2.73 2D2434 0.685
-4.095 9.054999 3.4125 2B2334 0.685
-4.095 9.054999 4.094999 2D2435 0.685
-4.095 9.054999 4.7775 2D2435 0.685
-4.095 9.054999 5.46 2B2434 0.685
-4.095 9.054999 6.142498 2B2435 0.685
-4.095 9.054999 6.825001 2A2334 0.685
-4.095 9.054999 7.5075 2C2435 0.685
-4.095 9.054999 8.189999 905F59 0.685
-4.095 9.737499 -8.19 8A5B56 0.685
-4.095 9.737499 8.189999 8F5F59 0.685
-4.095 10.42 -8.19 C48A72 0.685
-4.095 10.42 -7.5075 C58B72 0.685
-4.095 10.42 -6.825 C78C73 0.685
-4.095 10.42 -6.142499 C78D74 0.685
-4.095 10.42 -5.46 C38971 0.685
-4.095 10.42 -4.7775 C68B73 0.685
-4.095 10.42 -4.095 C58B72 0.685
-4.095 10.42 -3.4125 C58A72 0.685
-4.095 10.42 -2.73 C78C73 0.685
-4.095 10.42 -2.0475 C68C73 0.685
-4.095 10.42 -1.365 C48A72 0.685
-4.095 10.42 -0.6824999 C58A72 0.685
-4.095 10.42 0 C58B72 0.685
-4.095 10.42 0.6824999 C58B72 0.685
-4.095 10.42 1.365 C58B72 0.685
-4.095 10.42 2.0475 C58B72 0.685
-4.095 10.42 2.73 C58B72 0.685
-4.095 10.42 3.4125 C58B72 0.685
-4.095 10.42 4.094999 C38971 0.685
-4.095 10.42 4.7775 C18770 0.685
-4.095 10.42 5.46 C58A72 0.685
-4.095 10.42 6.142498 C48A72 0.685
-4.095 10.42 6.825001 C58A72 0.685
-4.095 10.42 7.5075 C48A72 0.685
-4.095 10.42 8.189999 C48A72 0.685
-3.4125 9.054999 -8.19 2C2435 0.685
-3.4125 9.054999 -7.5075 2A2335 0.685
-3.4125 9.054999 -6.825 2B2435 0.685
-3.4125 9.054999 -6.142499 2A2334 0.685
-3.4125 9.054999 -5.46 2D2434 0.685
-3.4125 9.054999 -4.7775 2B2334 0.685
-3.4125 9.054999 -4.095 2B2334 0.685
-3.4125 9.054999 -3.4125 2A2334 0.685
-3.4125 9.054999 -2.73 2E2435 0.685
-3.4125 9.054999 -2.0475 2C2334 0.685
-3.4125 9.054999 -1.365 302435 0.685
-3.4125 9.054999 -0.6824999 2B2334 0.685
-3.4125 9.054999 0 2D2334 0.685
-3.4125 9.054999 0.6824999 2B2334 0.685
-3.4125 9.054999 1.365 302535 0.685
-3.4125 9.054999 2.0475 2D2434 0.685
-3.4125 9.054999 2.73 2D2434 0.685
-3.4125 9.054999 3.4125 2C2434 0.685
-3.4125 9.054999 4.094999 2C2435 0.685
-3.4125 9.054999 4.7775 2A2334 0.685
-3.4125 9.054999 5.46 2B2435 0.685
-3.4125 9.054999 6.142498 292334 0.685
-3.4125 9.054999 6.825001 2C2435 0.685
-3.4125 9.054999 7.5075 2A2334 0.685
-3.4125 9.054999 8.189999 8F5E59 0.685
-3.4125 0.1824999 -4.095 7A5050 0.685
-3.4125 0.1824999 4.094999 865955 0.685
-3.4125 0.8649999 -3.4125 926059 0.685
-3.4125 0.8649999 -2.73 8E5D58 0.685
-3.4125 0.8649999 -2.0475 8B5B56 0.685
-3.4125 0.8649999 -1.365 8A5A56 0.685
-3.4125 0.8649999 -0.6824999 885956 0.685
-3.4125 0.8649999 0 895A56 0.685
-3.4125 0.8649999 0.6824999 8A5A56 0.685
-3.4125 0.8649999 1.365 885955 0.685
-3.4125 0.8649999 2.0475 895A56 0.685
-3.4125 0.8649999 2.73 8A5B56 0.685
-3.4125 0.8649999 3.4125 8E5D58 0.685
-3.4125 9.737499 -8.19 8B5C56 0.685
-3.4125 9.737499 8.189999 906059 0.685
-3.4125 10.42 -8.19 C58B72 0.685
-3.4125 10.42 -7.5075 C68C73 0.685
-3.4125 10.42 -6.825 C68C73 0.685
-3.4125 10.42 -6.142499 C38871 0.685
-3.4125 10.42 -5.46 C68B73 0.685
-3.4125 10.42 -4.7775 C58B72 0.685
-3.4125 10.42 -4.095 C58B72 0.685
-3.4125 10.42 -3.4125 C68B73 0.685
-3.4125 10.42 -2.73 C68B73 0.685
-3.4125 10.42 -2.0475 C48971 0.685
-3.4125 10.42 -1.365 C28871 0.685
-3.4125 10.42 -0.6824999 C68C73 0.685
-3.4125 10.42 0 C48A72 0.685
-3.4125 10.42 0.6824999 C48A72 0.685
-3.4125 10.42 1.365 C58A72 0.685
-3.4125 10.42 2.0475 C68B73 0.685
-3.4125 10.42 2.73 C68C73 0.685
-3.4125 10.42 3.4125 C68B73 0.685
-3.4125 10.42 4.094999 C48A72 0.685
-3.4125 10.42 4.7775 C58B73 0.685
-3.4125 10.42 5.46 C58B72 0.685
-3.4125 10.42 6.142498 C58B72 0.685
-3.4125 10.42 6.825001 C58B72 0.685
-3.4125 10.42 7.5075 C58B72 0.685
-3.4125 10.42 8.189999 C68C73 0.685
-2.73 9.054999 -8.19 2A2435 0.685
-2.73 9.054999 -7.5075 2B2435 0.685
-2.73 9.054999 -6.825 2C2435 0.685
-2.73 9.054999 -6.142499 2C2434 0.685
-2.73 9.054999 -5.46 2C2435 0.685
-2.73 9.054999 -4.7775 2B2334 0.685
-2.73 9.054999 -4.095 2C2434 0.685
-2.73 9.054999 -3.4125 2D2434 0.685
-2.73 9.054999 -2.73 2A2334 0.685
-2.73 9.054999 -2.0475 2C2434 0.685
-2.73 9.054999 -1.365 2E2434 0.685
-2.73 9.054999 -0.6824999 2D2334 0.685
-2.73 9.054999 0 2D2334 0.685
-2.73 9.054999 0.6824999 2C2334 0.685
-2.73 9.054999 1.365 2C2334 0.685
-2.73 9.054999 2.0475 2E2434 0.685
-2.73 9.054999 2.73 2E2434 0.685
-2.73 9.054999 3.4125 2C2334 0.685
-2.73 9.054999 4.094999 2C2334 0.685
-2.73 9.054999 4.7775 2D2434 0.685
-2.73 9.054999 5.46 2D2435 0.685
-2.73 9.054999 6.142498 2E2435 0.685
-2.73 9.054999 6.825001 2B2435 0.685
-2.73 9.054999 7.5075 2D2435 0.685
-2.73 9.054999 8.189999 8F5F59 0.685
-2.73 0.1824999 -4.095 7C5251 0.685
-2.73 0.1824999 4.094999 855855 0.685
-2.73 0.8649999 -3.4125 8D5D57 0.685
-2.73 0.8649999 -2.73 8D5C57 0.685
-2.73 0.8649999 -2.0475 865855 0.685
-2.73 0.8649999 -1.365 895A56 0.685
-2.73 0.8649999 -0.6824999 845654 0.685
-2.73 0.8649999 0 815453 0.685
-2.73 0.8649999 0.6824999 845654 0.685
-2.73 0.8649999 1.365 845654 0.685
-2.73 0.8649999 2.0475 865754 0.685
-2.73 0.8649999 2.73 875855 0.685
-2.73 0.8649999 3.4125 8B5B56 0.685
-2.73 9.737499 -8.19 8A5C56 0.685
-2.73 9.737499 8.189999 8C5C58 0.685
-2.73 10.42 -8.19 C88D74 0.685
-2.73 10.42 -7.5075 C58A72 0.685
-2.73 10.42 -6.825 C88D74 0.685
-2.73 10.42 -6.142499 C38971 0.685
-2.73 10.42 -5.46 C68B73 0.685
-2.73 10.42 -4.7775 C58B72 0.685
-2.73 10.42 -4.095 C48972 0.685
-2.73 10.42 -3.4125 C68C73 0.685
-2.73 10.42 -2.73 C58B73 0.685
-2.73 10.42 -2.0475 C58B72 0.685
-2.73 10.42 -1.365 C58972 0.685
-2.73 10.42 -0.6824999 C58B72 0.685
-2.73 10.42 0 C58A72 0.685
-2.73 10.42 0.6824999 C58A72 0.685
-2.73 10.42 1.365 C68B73 0.685
-2.73 10.42 2.0475 C48A72 0.685
-2.73 10.42 2.73 C68B73 0.685
-2.73 10.42 3.4125 C58A72 0.685
-2.73 10.42 4.094999 C48A72 0.685
-2.73 10.42 4.7775 C58B72 0.685
-2.73 10.42 5.46 C88D74 0.685
-2.73 10.42 6.142498 C48A72 0.685
-2.73 10.42 6.825001 C68C73 0.685
-2.73 10.42 7.5075 C58B72 0.685
-2.73 10.42 8.189999 C68C73 0.685
-2.0475 9.054999 -8.19 2D2435 0.685
-2.0475 9.054999 -7.5075 2E2535 0.685
-2.0475 9.054999 -6.825 2D2435 0.685
-2.0475 9.054999 -6.142499 2B2434 0.685
-2.0475 9.054999 -5.46 2E2435 0.685
-2.0475 9.054999 -4.7775 2B2334 0.685
-2.0475 9.054999 -4.095 2B2334 0.685
-2.0475 9.054999 -3.4125 2E2434 0.685
-2.0475 9.054999 -2.73 2D2334 0.685
-2.0475 9.054999 -2.0475 2C2334 0.685
-2.0475 9.054999 -1.365 2C2334 0.685
-2.0475 9.054999 -0.6824999 2A2233 0.685
-2.0475 9.054999 0 2A2233 0.685
-2.0475 9.054999 0.6824999 2D2334 0.685
-2.0475 9.054999 1.365 2D2334 0.685
-2.0475 9.054999 2.0475 2B2334 0.685
-2.0475 9.054999 2.73 2D2434 0.685
-2.0475 9.054999 3.4125 2E2435 0.685
-2.0475 9.054999 4.094999 2C2435 0.685
-2.0475 9.054999 4.7775 2C2435 0.685
-2.0475 9.054999 5.46 2D2434 0.685
-2.0475 9.054999 6.142498 2D2435 0.685
-2.0475 9.054999 6.825001 2A2334 0.685
-2.0475 9.054999 7.5075 2B2334 0.685
-2.0475 9.054999 8.189999 2C2435 0.685
-2.0475 0.1824999 -4.095 7C5151 0.685
-2.0475 0.1824999 4.094999 815554 0.685
-2.0475 0.8649999 -3.4125 8D5D58 0.685
-2.0475 0.8649999 -2.73 8B5B57 0.685
-2.0475 0.8649999 -2.0475 865855 0.685
-2.0475 0.8649999 -1.365 845654 0.685
-2.0475 0.8649999 -0.6824999 7C5050 0.685
-2.0475 0.8649999 0 805351 0.685
-2.0475 0.8649999 0.6824999 7F5251 0.685
-2.0475 0.8649999 1.365 835553 0.685
-2.0475 0.8649999 2.0475 855654 0.685
-2.0475 0.8649999 2.73 865855 0.685
-2.0475 0.8649999 3.4125 8A5B56 0.685
-2.0475 9.737499 -8.19 8D5D57 0.685
-2.0475 9.737499 8.189999 905F59 0.685
-2.0475 10.42 -8.19 C58B73 0.685
-2.0475 10.42 -7.5075 C68B73 0.685
-2.0475 10.42 -6.825 C48972 0.685
-2.0475 10.42 -6.142499 C68C73 0.685
-2.0475 10.42 -5.46 C38971 0.685
-2.0475 10.42 -4.7775 C48A72 0.685
-2.0475 10.42 -4.095 C38971 0.685
-2.0475 10.42 -3.4125 C48971 0.685
-2.0475 10.42 -2.73 C38971 0.685
-2.0475 10.42 -2.0475 C48A72 0.685
-2.0475 10.42 -1.365 C48A72 0.685
-2.0475 10.42 -0.6824999 C58B72 0.685
-2.0475 10.42 0 C58A72 0.685
-2.0475 10.42 0.6824999 C68B73 0.685
-2.0475 10.42 1.365 C68B73 0.685
-2.0475 10.42 2.0475 C78C73 0.685
-2.0475 10.42 2.73 C48A72 0.685
-2.0475 10.42 3.4125 C58B73 0.685
-2.0475 10.42 4.094999 C78C73 0.685
-2.0475 10.42 4.7775 C58B72 0.685
-2.0475 10.42 5.46 C58A72 0.685
-2.0475 10.42 6.142498 C38871 0.685
-2.0475 10.42 6.825001 C38971 0.685
-2.0475 10.42 7.5075 C58B72 0.685
-2.0475 10.42 8.189999 C48A72 0.685
-1.365 9.054999 -8.19 292334 0.685
-1.365 9.054999 -7.5075 2B2435 0.685
-1.365 9.054999 -6.825 2B2334 0.685
-1.365 9.054999 -6.142499 2C2435 0.685
-1.365 9.054999 -5.46 2D2435 0.685
-1.365 9.054999 -4.7775 2B2334 0.685
-1.365 9.054999 -4.095 2C2334 0.685
-1.365 9.054999 -3.4125 2F2435 0.685
-1.365 9.054999 -2.73 2C2334 0.685
-1.365 9.054999 -2.0475 2B2334 0.685
-1.365 9.054999 -1.365 2A2234 0.685
-1.365 9.054999 1.365 2A2234 0.685
-1.365 9.054999 2.0475 2C2334 0.685
-1.365 9.054999 2.73 2C2334 0.685
-1.365 9.054999 3.4125 2D2435 0.685
-1.365 9.054999 4.094999 2D2434 0.685
-1.365 9.054999 4.7775 2E2435 0.685
-1.365 9.054999 5.46 2C2435 0.685
-1.365 9.054999 6.142498 2C2435 0.685
-1.365 9.054999 6.825001 2B2334 0.685
-1.365 9.054999 7.5075 2A2334 0.685
-1.365 9.054999 8.189999 2B2435 0.685
-1.365 0.1824999 -4.095 7C5251 0.685
-1.365 0.1824999 4.094999 885A56 0.685
-1.365 0.8649999 -3.4125 895956 0.685
-1.365 0.8649999 -2.73 895A56 0.685
-1.365 0.8649999 -2.0475 825453 0.685
-1.365 0.8649999 -1.365 805352 0.685
-1.365 0.8649999 1.365 825452 0.685
-1.365 0.8649999 2.0475 825453 0.685
-1.365 0.8649999 2.73 865754 0.685
-1.365 0.8649999 3.4125 8A5A56 0.685
-1.365 9.737499 -8.19 8A5C57 0.685
-1.365 9.737499 8.189999 92605A 0.685
-1.365 10.42 -8.19 C78C73 0.685
-1.365 10.42 -7.5075 C68B73 0.685
-1.365 10.42 -6.825 C48A72 0.685
-1.365 10.42 -6.142499 C38871 0.685
-1.365 10.42 -5.46 C58B72 0.685
-1.365 10.42 -4.7775 C48A72 0.685
-1.365 10.42 -4.095 C48971 0.685
-1.365 10.42 -3.4125 C78D73 0.685
-1.365 10.42 -2.73 C58A72 0.685
-1.365 10.42 -2.0475 C48A72 0.685
-1.365 10.42 -1.365 C68B73 0.685
-1.365 10.42 -0.6824999 C68C73 0.685
-1.365 10.42 0 C58A72 0.685
-1.365 10.42 0.6824999 C58B72 0.685
-1.365 10.42 1.365 C78C73 0.685
-1.365 10.42 2.0475 C38971 0.685
-1.365 10.42 2.73 C58A72 0.685
-1.365 10.42 3.4125 C38971 0.685
-1.365 10.42 4.094999 C78C73 0.685
-1.365 10.42 4.7775 C58A72 0.685
-1.365 10.42 5.46 C58B72 0.685
-1.365 10.42 6.142498 C68C73 0.685
-1.365 10.42 6.825001 C48A72 0.685
-1.365 10.42 7.5075 C38971 0.685
-1.365 10.42 8.189999 C58B72 0.685
-0.6824999 9.054999 -8.19 2B2334 0.685
-0.6824999 9.054999 -7.5075 2D2435 0.685
-0.6824999 9.054999 -6.825 2A2334 0.685
-0.6824999 9.054999 -6.142499 2D2435 0.685
-0.6824999 9.054999 -5.46 2C2434 0.685
-0.6824999 9.054999 -4.7775 2C2435 0.685
-0.6824999 9.054999 -4.095 2C2435 0.685
-0.6824999 9.054999 -3.4125 2F2435 0.685
-0.6824999 9.054999 -2.73 292234 0.685
-0.6824999 9.054999 -2.0475 2A2233 0.685
-0.6824999 9.054999 -1.365 282133 0.685
-0.6824999 9.054999 -0.6824999 282030 0.685
-0.6824999 9.054999 0 292031 0.685
-0.6824999 9.054999 0.6824999 292031 0.685
-0.6824999 9.054999 1.365 282133 0.685
-0.6824999 9.054999 2.0475 2D2334 0.685
-0.6824999 9.054999 2.73 2C2334 0.685
-0.6824999 9.054999 3.4125 2C2334 0.685
-0.6824999 9.054999 4.094999 2C2334 0.685
-0.6824999 9.054999 4.7775 2B2334 0.685
-0.6824999 9.054999 5.46 2A2334 0.685
-0.6824999 9.054999 6.142498 2C2435 0.685
-0.6824999 9.054999 6.825001 2E2435 0.685
-0.6824999 9.054999 7.5075 2B2435 0.685
-0.6824999 9.054999 8.189999 292334 0.685
-0.6824999 0.1824999 -4.095 7E5352 0.685
-0.6824999 0.1824999 4.094999 865855 0.685
-0.6824999 0.8649999 -1.365 7B4F4F 0.685
-0.6824999 0.8649999 -3.4125 885955 0.685
-0.6824999 0.8649999 -2.73 845654 0.685
-0.6824999 0.8649999 -2.0475 7E5151 0.685
-0.6824999 0.8649999 1.365 764B4D 0.685
-0.6824999 0.8649999 2.0475 7A4E4F 0.685
-0.6824999 0.8649999 2.73 835553 0.685
-0.6824999 0.8649999 3.4125 875855 0.685
-0.6824999 1.5475 -1.365 764C4D 0.685
-0.6824999 1.5475 1.365 805352 0.685
-0.6824999 2.23 -1.365 744B4D 0.685
-0.6824999 2.23 1.365 7B5050 0.685
-0.6824999 2.9125 -1.365 704A4C 0.685
-0.6824999 2.9125 1.365 7A4F50 0.685
-0.6824999 3.595 -1.365 6E484B 0.685
-0.6824999 3.595 1.365 744C4E 0.685
-0.6824999 4.2775 -1.365 674449 0.685
-0.6824999 4.2775 1.365 6E484C 0.685
-0.6824999 4.96 -1.365 634248 0.685
-0.6824999 4.96 1.365 6C474B 0.685
-0.6824999 5.642499 -1.365 583B44 0.685
-0.6824999 5.642499 1.365 634249 0.685
-0.6824999 6.325 -1.365 503741 0.685
-0.6824999 6.325 1.365 5C3E46 0.685
-0.6824999 7.0075 -1.365 48323E 0.685
-0.6824999 7.0075 1.365 553943 0.685
-0.6824999 7.69 -1.365 3E2E3B 0.685
-0.6824999 7.69 1.365 44303E 0.685
-0.6824999 8.372499 -1.365 352938 0.685
-0.6824999 8.372499 1.365 3A2B3A 0.685
-0.6824999 9.737499 -8.19 8C5C57 0.685
-0.6824999 9.737499 8.189999 91605A 0.685
-0.6824999 10.42 -8.19 C68C73 0.685
-0.6824999 10.42 -7.5075 C48A72 0.685
-0.6824999 10.42 -6.825 C68B73 0.685
-0.6824999 10.42 -6.142499 C48A72 0.685
-0.6824999 10.42 -5.46 C48A72 0.685
-0.6824999 10.42 -4.7775 C48A72 0.685
-0.6824999 10.42 -4.095 C48A72 0.685
-0.6824999 10.42 -3.4125 C48A72 0.685
-0.6824999 10.42 -2.73 C38971 0.685
-0.6824999 10.42 -2.0475 C58B72 0.685
-0.6824999 10.42 -1.365 C48A72 0.685
-0.6824999 10.42 -0.6824999 C48A72 0.685
-0.6824999 10.42 0 C68B73 0.685
-0.6824999 10.42 0.6824999 C58A72 0.685
-0.6824999 10.42 1.365 C58A72 0.685
-0.6824999 10.42 2.0475 C38971 0.685
-0.6824999 10.42 2.73 C58B72 0.685
-0.6824999 10.42 3.4125 C68B72 0.685
-0.6824999 10.42 4.094999 C58B72 0.685
-0.6824999 10.42 4.7775 C38971 0.685
-0.6824999 10.42 5.46 C68B72 0.685
-0.6824999 10.42 6.142498 C48A72 0.685
-0.6824999 10.42 6.825001 C48A72 0.685
-0.6824999 10.42 7.5075 C48A72 0.685
-0.6824999 10.42 8.189999 C58A72 0.685
0 9.054999 -8.19 2B2435 0.685
0 9.054999 -7.5075 2E2435 0.685
0 9.054999 -6.825 2B2435 0.685
0 9.054999 -6.142499 2F2535 0.685
0 9.054999 -5.46 2C2435 0.685
0 9.054999 -4.7775 2F2435 0.685
0 9.054999 -4.095 2C2434 0.685
0 9.054999 -3.4125 2E2535 0.685
0 9.054999 -2.73 2E2434 0.685
0 9.054999 -2.0475 292233 0.685
0 9.054999 -1.365 292132 0.685
0 9.054999 -0.6824999 292031 0.685
0 9.054999 0 282031 0.685
0 9.054999 0.6824999 292031 0.685
0 9.054999 1.365 251F31 0.685
0 9.054999 2.0475 2B2233 0.685
0 9.054999 2.73 2B2334 0.685
0 9.054999 3.4125 2E2434 0.685
0 9.054999 4.094999 2F2435 0.685
0 9.054999 4.7775 2E2435 0.685
0 9.054999 5.46 2B2334 0.685
0 9.054999 6.142498 2B2334 0.685
0 9.054999 6.825001 2C2435 0.685
0 9.054999 7.5075 2B2435 0.685
0 9.054999 8.189999 8F5F59 0.685
0 0.1824999 -4.095 7E5352 0.685
0 0.1824999 4.094999 815553 0.685
0 0.8649999 -1.365 7B4E4F 0.685
0 0.8649999 -3.4125 845654 0.685
0 0.8649999 -2.73 7F5352 0.685
0 0.8649999 -2.0475 7D5151 0.685
0 0.8649999 1.365 764A4D 0.685
0 0.8649999 2.0475 794E4F 0.685
0 0.8649999 2.73 7F5252 0.685
0 0.8649999 3.4125 855754 0.685
0 1.5475 -1.365 7B4F4F 0.685
0 1.5475 1.365 835452 0.685
0 2.23 -1.365 744B4D 0.685
0 2.23 1.365 7F5251 0.685
0 2.9125 -1.365 734B4D 0.685
0 2.9125 1.365 784E4F 0.685
0 3.595 -1.365 69454A 0.685
0 3.595 1.365 744C4E 0.685
0 4.2775 -1.365 68454A 0.685
0 4.2775 1.365 714A4D 0.685
0 4.96 -1.365 644248 0.685
0 4.96 1.365 6D484C 0.685
0 5.642499 -1.365 583B44 0.685
0 5.642499 1.365 614148 0.685
0 6.325 -1.365 4F3641 0.685
0 6.325 1.365 5E3F47 0.685
0 7.0075 -1.365 48333F 0.685
0 7.0075 1.365 533843 0.685
0 7.69 -1.365 3F2E3C 0.685
0 7.69 1.365 46313E 0.685
0 8.372499 -1.365 312737 0.685
0 8.372499 1.365 3A2B3A 0.685
0 9.737499 -8.19 8C5D57 0.685
0 9.737499 8.189999 8F5F59 0.685
0 10.42 -8.19 C58B72 0.685
0 10.42 -7.5075 C48972 0.685
0 10.42 -6.825 C28871 0.685
0 10.42 -6.142499 C68C73 0.685
0 10.42 -5.46 C68C73 0.685
0 10.42 -4.7775 C58B72 0.685
0 10.42 -4.095 C48971 0.685
0 10.42 -3.4125 C58A72 0.685
0 10.42 -2.73 C58B72 0.685
0 10.42 -2.0475 C48A72 0.685
0 10.42 -1.365 C58A72 0.685
0 10.42 -0.6824999 C58B72 0.685
0 10.42 0 C28871 0.685
0 10.42 0.6824999 C58A72 0.685
0 10.42 1.365 C68B73 0.685
0 10.42 2.0475 C68B73 0.685
0 10.42 2.73 C78C73 0.685
0 10.42 3.4125 C28871 0.685
0 10.42 4.094999 C48972 0.685
0 10.42 4.7775 C68C73 0.685
0 10.42 5.46 C48A72 0.685
0 10.42 6.142498 C48A72 0.685
0 10.42 6.825001 C58A72 0.685
0 10.42 7.5075 C38971 0.685
0 10.42 8.189999 C48A72 0.685
0.6824999 9.054999 -8.19 2B2435 0.685
0.6824999 9.054999 -7.5075 2C2435 0.685
0.6824999 9.054999 -6.825 2C2435 0.685
0.6824999 9.054999 -6.142499 2D2435 0.685
0.6824999 9.054999 -5.46 2D2435 0.685
0.6824999 9.054999 -4.7775 2C2435 0.685
0.6824999 9.054999 -4.095 2E2435 0.685
0.6824999 9.054999 -3.4125 2D2434 0.685
0.6824999 9.054999 -2.73 2E2435 0.685
0.6824999 9.054999 -2.0475 292334 0.685
0.6824999 9.054999 -1.365 272032 0.685
0.6824999 9.054999 -0.6824999 271F30 0.685
0.6824999 9.054999 0 2A2031 0.685
0.6824999 9.054999 0.6824999 2B2131 0.685
0.6824999 9.054999 1.365 272132 0.685
0.6824999 9.054999 2.0475 2A2334 0.685
0.6824999 9.054999 2.73 2C2334 0.685
0.6824999 9.054999 3.4125 2C2334 0.685
0.6824999 9.054999 4.094999 2B2334 0.685
0.6824999 9.054999 4.7775 2F2435 0.685
0.6824999 9.054999 5.46 2B2334 0.685
0.6824999 9.054999 6.142498 2B2335 0.685
0.6824999 9.054999 6.825001 2E2435 0.685
0.6824999 9.054999 7.5075 2D2435 0.685
0.6824999 9.054999 8.189999 8F5F59 0.685
0.6824999 0.1824999 -4.095 7E5352 0.685
0.6824999 0.1824999 4.094999 875956 0.685
0.6824999 0.8649999 -1.365 7A4E4E 0.685
0.6824999 0.8649999 -3.4125 865855 0.685
0.6824999 0.8649999 -2.73 7C5151 0.685
0.6824999 0.8649999 -2.0475 7D5151 0.685
0.6824999 0.8649999 1.365 774B4D 0.685
0.6824999 0.8649999 2.0475 7B4F50 0.685
0.6824999 0.8649999 2.73 845654 0.685
0.6824999 0.8649999 3.4125 855754 0.685
0.6824999 1.5475 -1.365 794D4E 0.685
0.6824999 1.5475 1.365 7E5151 0.685
0.6824999 2.23 -1.365 734A4C 0.685
0.6824999 2.23 1.365 805352 0.685
0.6824999 2.9125 -1.365 71494C 0.685
0.6824999 2.9125 1.365 794F50 0.685
0.6824999 3.595 -1.365 6E484B 0.685
0.6824999 3.595 1.365 754C4E 0.685
0.6824999 4.2775 -1.365 68454A 0.685
0.6824999 4.2775 1.365 6F484C 0.685
0.6824999 4.96 -1.365 624147 0.685
0.6824999 4.96 1.365 6B464B 0.685
0.6824999 5.642499 -1.365 583C44 0.685
0.6824999 5.642499 1.365 664349 0.685
0.6824999 6.325 -1.365 503741 0.685
0.6824999 6.325 1.365 5E3E47 0.685
0.6824999 7.0075 -1.365 4C3540 0.685
0.6824999 7.0075 1.365 543943 0.685
0.6824999 7.69 -1.365 3F2E3B 0.685
0.6824999 7.69 1.365 44303E 0.685
0.6824999 8.372499 -1.365 322737 0.685
0.6824999 8.372499 1.365 3A2C3A 0.685
0.6824999 9.737499 -8.19 8B5C57 0.685
0.6824999 9.737499 8.189999 92615A 0.685
0.6824999 10.42 -8.19 C38971 0.685
0.6824999 10.42 -7.5075 C38971 0.685
0.6824999 10.42 -6.825 C68B73 0.685
0.6824999 10.42 -6.142499 C38871 0.685
0.6824999 10.42 -5.46 C78D73 0.685
0.6824999 10.42 -4.7775 C48A72 0.685
0.6824999 10.42 -4.095 C48A72 0.685
0.6824999 10.42 -3.4125 C48972 0.685
0.6824999 10.42 -2.73 C78C73 0.685
0.6824999 10.42 -2.0475 C58B72 0.685
0.6824999 10.42 -1.365 C68C73 0.685
0.6824999 10.42 -0.6824999 C48A72 0.685
0.6824999 10.42 0 C68B73 0.685
0.6824999 10.42 0.6824999 C68B73 0.685
0.6824999 10.42 1.365 C58B72 0.685
0.6824999 10.42 2.0475 C68C73 0.685
0.6824999 10.42 2.73 C58A72 0.685
0.6824999 10.42 3.4125 C68B73 0.685
0.6824999 10.42 4.094999 C78C73 0.685
0.6824999 10.42 4.7775 C58A72 0.685
0.6824999 10.42 5.46 C58B72 0.685
0.6824999 10.42 6.142498 C68C73 0.685
0.6824999 10.42 6.825001 C28871 0.685
0.6824999 10.42 7.5075 C58B72 0.685
0.6824999 10.42 8.189999 C58A72 0.685
1.365 9.054999 -8.19 2B2435 0.685
1.365 9.054999 -7.5075 2A2334 0.685
1.365 9.054999 -6.825 2C2435 0.685
1.365 9.054999 -6.142499 2C2435 0.685
1.365 9.054999 -5.46 2D2435 0.685
1.365 9.054999 -4.7775 2D2435 0.685
1.365 9.054999 -4.095 2C2434 0.685
1.365 9.054999 -3.4125 2D2435 0.685
1.365 9.054999 -2.73 2C2334 0.685
1.365 9.054999 -2.0475 2D2435 0.685
1.365 9.054999 -1.365 282233 0.685
1.365 9.054999 -0.6824999 282233 0.685
1.365 9.054999 0 292133 0.685
1.365 9.054999 0.6824999 262032 0.685
1.365 9.054999 1.365 282133 0.685
1.365 9.054999 2.0475 2C2334 0.685
1.365 9.054999 2.73 2D2434 0.685
1.365 9.054999 3.4125 2E2435 0.685
1.365 9.054999 4.094999 2C2334 0.685
1.365 9.054999 4.7775 2D2435 0.685
1.365 9.054999 5.46 2C2435 0.685
1.365 9.054999 6.142498 2C2435 0.685
1.365 9.054999 6.825001 2D2435 0.685
1.365 9.054999 7.5075 2D2435 0.685
1.365 9.054999 8.189999 8F5F59 0.685
1.365 0.1824999 -4.095 7C5151 0.685
1.365 0.1824999 4.094999 865855 0.685
1.365 0.8649999 -3.4125 8A5A56 0.685
1.365 0.8649999 -2.73 845653 0.685
1.365 0.8649999 -2.0475 835654 0.685
1.365 0.8649999 -1.365 7C4F50 0.685
1.365 0.8649999 -0.6824999 71484B 0.685
1.365 0.8649999 0 6F474B 0.685
1.365 0.8649999 0.6824999 744A4D 0.685
1.365 0.8649999 1.365 7D5151 0.685
1.365 0.8649999 2.0475 815352 0.685
1.365 0.8649999 2.73 835553 0.685
1.365 0.8649999 3.4125 875855 0.685
1.365 1.5475 -0.6824999 7E5251 0.685
1.365 1.5475 0 7C5050 0.685
1.365 1.5475 0.6824999 7D5050 0.685
1.365 2.23 -0.6824999 794E4F 0.685
1.365 2.23 0 794F50 0.685
1.365 2.23 0.6824999 7C5050 0.685
1.365 2.9125 -0.6824999 774E4F 0.685
1.365 2.9125 0 774D4F 0.685
1.365 2.9125 0.6824999 754C4E 0.685
1.365 3.595 -0.6824999 714A4D 0.685
1.365 3.595 0 734B4E 0.685
1.365 3.595 0.6824999 714A4D 0.685
1.365 4.2775 -0.6824999 6C474C 0.685
1.365 4.2775 0 6D484C 0.685
1.365 4.2775 0.6824999 704A4D 0.685
1.365 4.96 -0.6824999 69454A 0.685
1.365 4.96 0 664349 0.685
1.365 4.96 0.6824999 6B474B 0.685
1.365 5.642499 -0.6824999 624148 0.685
1.365 5.642499 0 5F3F47 0.685
1.365 5.642499 0.6824999 5F3F47 0.685
1.365 6.325 -0.6824999 5B3D46 0.685
1.365 6.325 0 593C45 0.685
1.365 6.325 0.6824999 593C45 0.685
1.365 7.0075 -0.6824999 513742 0.685
1.365 7.0075 0 533843 0.685
1.365 7.0075 0.6824999 513742 0.685
1.365 7.69 -0.6824999 44303E 0.685
1.365 7.69 0 44303E 0.685
1.365 7.69 0.6824999 45313E 0.685
1.365 8.372499 -0.6824999 3A2B3A 0.685
1.365 8.372499 0 3A2C3B 0.685
1.365 8.372499 0.6824999 3B2C3B 0.685
1.365 9.737499 -8.19 8C5C57 0.685
1.365 9.737499 8.189999 8D5D58 0.685
1.365 10.42 -8.19 C48971 0.685
1.365 10.42 -7.5075 C88D74 0.685
1.365 10.42 -6.825 C58B72 0.685
1.365 10.42 -6.142499 C78C73 0.685
1.365 10.42 -5.46 C58B72 0.685
1.365 10.42 -4.7775 C48A72 0.685
1.365 10.42 -4.095 C58B72 0.685
1.365 10.42 -3.4125 C38871 0.685
1.365 10.42 -2.73 C78D74 0.685
1.365 10.42 -2.0475 C48971 0.685
1.365 10.42 -1.365 C48971 0.685
1.365 10.42 -0.6824999 C48A72 0.685
1.365 10.42 0 C38971 0.685
1.365 10.42 0.6824999 C58A72 0.685
1.365 10.42 1.365 C48A72 0.685
1.365 10.42 2.0475 C68B73 0.685
1.365 10.42 2.73 C58A72 0.685
1.365 10.42 3.4125 C68C73 0.685
1.365 10.42 4.094999 C58B72 0.685
1.365 10.42 4.7775 C38871 0.685
1.365 10.42 5.46 C58A72 0.685
1.365 10.42 6.142498 C58A72 0.685
1.365 10.42 6.825001 C58A72 0.685
1.365 10.42 7.5075 C38971 0.685
1.365 10.42 8.189999 C48A72 0.685
2.0475 9.054999 -8.19 292334 0.685
2.0475 9.054999 -7.5075 2C2435 0.685
2.0475 9.054999 -6.825 2D2435 0.685
2.0475 9.054999 -6.142499 2C2435 0.685
2.0475 9.054999 -5.46 2E2435 0.685
2.0475 9.054999 -4.7775 2E2535 0.685
2.0475 9.054999 -4.095 2D2435 0.685
2.0475 9.054999 -3.4125 2C2334 0.685
2.0475 9.054999 -2.73 2B2334 0.685
2.0475 9.054999 -2.0475 2C2334 0.685
2.0475 9.054999 -1.365 2C2334 0.685
2.0475 9.054999 -0.6824999 2B2334 0.685
2.0475 9.054999 0 2A2234 0.685
2.0475 9.054999 0.6824999 2C2334 0.685
2.0475 9.054999 1.365 2E2434 0.685
2.0475 9.054999 2.0475 2F2435 0.685
2.0475 9.054999 2.73 2E2434 0.685
2.0475 9.054999 3.4125 2D2435 0.685
2.0475 9.054999 4.094999 2C2435 0.685
2.0475 9.054999 4.7775 2E2435 0.685
2.0475 9.054999 5.46 2C2435 0.685
2.0475 9.054999 6.142498 2E2435 0.685
2.0475 9.054999 6.825001 2B2435 0.685
2.0475 9.054999 7.5075 2D2435 0.685
2.0475 9.054999 8.189999 905F59 0.685
2.0475 0.1824999 -4.095 7D5251 0.685
2.0475 0.1824999 4.094999 825654 0.685
2.0475 0.8649999 -3.4125 875955 0.685
2.0475 0.8649999 -2.73 885956 0.685
2.0475 0.8649999 -2.0475 805452 0.685
2.0475 0.8649999 -1.365 7D5251 0.685
2.0475 0.8649999 -0.6824999 794E4F 0.685
2.0475 0.8649999 0 764C4E 0.685
2.0475 0.8649999 0.6824999 7C5051 0.685
2.0475 0.8649999 1.365 855653 0.685
2.0475 0.8649999 2.0475 7F5352 0.685
2.0475 0.8649999 2.73 855754 0.685
2.0475 0.8649999 3.4125 8D5C57 0.685
2.0475 9.737499 -8.19 895A56 0.685
2.0475 9.737499 8.189999 8F5E59 0.685
2.0475 10.42 -8.19 C68C73 0.685
2.0475 10.42 -7.5075 C48971 0.685
2.0475 10.42 -6.825 C78C73 0.685
2.0475 10.42 -6.142499 C58A72 0.685
2.0475 10.42 -5.46 C48A72 0.685
2.0475 10.42 -4.7775 C58B72 0.685
2.0475 10.42 -4.095 C58A72 0.685
2.0475 10.42 -3.4125 C78D74 0.685
2.0475 10.42 -2.73 C58A72 0.685
2.0475 10.42 -2.0475 C48972 0.685
2.0475 10.42 -1.365 C58B72 0.685
2.0475 10.42 -0.6824999 C58A72 0.685
2.0475 10.42 0 C68B72 0.685
2.0475 10.42 0.6824999 C48971 0.685
2.0475 10.42 1.365 C58B72 0.685
2.0475 10.42 2.0475 C28871 0.685
2.0475 10.42 2.73 C58A72 0.685
2.0475 10.42 3.4125 C38971 0.685
2.0475 10.42 4.094999 C38971 0.685
2.0475 10.42 4.7775 C58B72 0.685
2.0475 10.42 5.46 C48A72 0.685
2.0475 10.42 6.142498 C58B72 0.685
2.0475 10.42 6.825001 C58A72 0.685
2.0475 10.42 7.5075 C48A72 0.685
2.0475 10.42 8.189999 C48A72 0.685
2.73 9.054999 -8.19 2B2435 0.685
2.73 9.054999 -7.5075 2D2435 0.685
2.73 9.054999 -6.825 2A2435 0.685
2.73 9.054999 -6.142499 2C2435 0.685
2.73 9.054999 -5.46 2E2435 0.685
2.73 9.054999 -4.7775 2B2334 0.685
2.73 9.054999 -4.095 2C2435 0.685
2.73 9.054999 -3.4125 2C2434 0.685
2.73 9.054999 -2.73 2E2435 0.685
2.73 9.054999 -2.0475 2E2435 0.685
2.73 9.054999 -1.365 2C2434 0.685
2.73 9.054999 -0.6824999 2E2435 0.685
2.73 9.054999 0 2C2334 0.685
2.73 9.054999 0.6824999 2C2434 0.685
2.73 9.054999 1.365 2F2435 0.685
2.73 9.054999 2.0475 2F2435 0.685
2.73 9.054999 2.73 2F2435 0.685
2.73 9.054999 3.4125 2F2535 0.685
2.73 9.054999 4.094999 2D2435 0.685
2.73 9.054999 4.7775 2C2435 0.685
2.73 9.054999 5.46 2D2435 0.685
2.73 9.054999 6.142498 2E2435 0.685
2.73 9.054999 6.825001 2D2435 0.685
2.73 9.054999 7.5075 2B2435 0.685
2.73 9.054999 8.189999 8F5F59 0.685
2.73 0.1824999 -4.095 7B5151 0.685
2.73 0.1824999 4.094999 835754 0.685
2.73 0.8649999 -3.4125 885956 0.685
2.73 0.8649999 -2.73 8A5B57 0.685
2.73 0.8649999 -2.0475 825553 0.685
2.73 0.8649999 -1.365 805453 0.685
2.73 0.8649999 -0.6824999 815453 0.685
2.73 0.8649999 0 805352 0.685
2.73 0.8649999 0.6824999 835653 0.685
2.73 0.8649999 1.365 815452 0.685
2.73 0.8649999 2.0475 885955 0.685
2.73 0.8649999 2.73 865754 0.685
2.73 0.8649999 3.4125 885955 0.685
2.73 9.737499 -8.19 885A55 0.685
2.73 9.737499 8.189999 8E5E59 0.685
2.73 10.42 -8.19 C68C73 0.685
2.73 10.42 -7.5075 C78C73 0.685
2.73 10.42 -6.825 C58B72 0.685
2.73 10.42 -6.142499 C48A72 0.685
2.73 10.42 -5.46 C58A72 0.685
2.73 10.42 -4.7775 C58B72 0.685
2.73 10.42 -4.095 C58B73 0.685
2.73 10.42 -3.4125 C48971 0.685
2.73 10.42 -2.73 C68C73 0.685
2.73 10.42 -2.0475 C48A72 0.685
2.73 10.42 -1.365 C68B73 0.685
2.73 10.42 -0.6824999 C38971 0.685
2.73 10.42 0 C58A72 0.685
2.73 10.42 0.6824999 C58A72 0.685
2.73 10.42 1.365 C68B72 0.685
2.73 10.42 2.0475 C68C73 0.685
2.73 10.42 2.73 C68B72 0.685
2.73 10.42 3.4125 C48A72 0.685
2.73 10.42 4.094999 C38971 0.685
2.73 10.42 4.7775 C48972 0.685
2.73 10.42 5.46 C68C73 0.685
2.73 10.42 6.142498 C68C73 0.685
2.73 10.42 6.825001 C58A72 0.685
2.73 10.42 7.5075 C68B73 0.685
2.73 10.42 8.189999 C38871 0.685
3.4125 9.054999 -8.19 2B2435 0.685
3.4125 9.054999 -7.5075 2C2435 0.685
3.4125 9.054999 -6.825 2B2335 0.685
3.4125 9.054999 -6.142499 2A2334 0.685
3.4125 9.054999 -5.46 2D2435 0.685
3.4125 9.054999 -4.7775 2D2435 0.685
3.4125 9.054999 -4.095 2B2434 0.685
3.4125 9.054999 -3.4125 2C2334 0.685
3.4125 9.054999 -2.73 2D2434 0.685
3.4125 9.054999 -2.0475 2F2435 0.685
3.4125 9.054999 -1.365 2D2434 0.685
3.4125 9.054999 -0.6824999 312535 0.685
3.4125 9.054999 0 2D2434 0.685
3.4125 9.054999 0.6824999 2E2435 0.685
3.4125 9.054999 1.365 2B2334 0.685
3.4125 9.054999 2.0475 2F2535 0.685
3.4125 9.054999 2.73 2F2535 0.685
3.4125 9.054999 3.4125 2E2435 0.685
3.4125 9.054999 4.094999 2D2435 0.685
3.4125 9.054999 4.7775 2D2435 0.685
3.4125 9.054999 5.46 2E2435 0.685
3.4125 9.054999 6.142498 2C2435 0.685
3.4125 9.054999 6.825001 2B2335 0.685
3.4125 9.054999 7.5075 2C2435 0.685
3.4125 9.054999 8.189999 8F5F59 0.685
3.4125 0.1824999 -4.095 805452 0.685
3.4125 0.1824999 4.094999 845755 0.685
3.4125 0.8649999 -3.4125 8C5C57 0.685
3.4125 0.8649999 -2.73 8A5B56 0.685
3.4125 0.8649999 -2.0475 8A5A56 0.685
3.4125 0.8649999 -1.365 855754 0.685
3.4125 0.8649999 -0.6824999 835654 0.685
3.4125 0.8649999 0 845654 0.685
3.4125 0.8649999 0.6824999 865855 0.685
3.4125 0.8649999 1.365 855754 0.685
3.4125 0.8649999 2.0475 885955 0.685
3.4125 0.8649999 2.73 885A56 0.685
3.4125 0.8649999 3.4125 8C5C57 0.685
3.4125 9.737499 -8.19 8C5D57 0.685
3.4125 9.737499 8.189999 8F5F59 0.685
3.4125 10.42 -8.19 C58B72 0.685
3.4125 10.42 -7.5075 C68B73 0.685
3.4125 10.42 -6.825 C58B72 0.685
3.4125 10.42 -6.142499 C38971 0.685
3.4125 10.42 -5.46 C38971 0.685
3.4125 10.42 -4.7775 C68C73 0.685
3.4125 10.42 -4.095 C68B73 0.685
3.4125 10.42 -3.4125 C68C73 0.685
3.4125 10.42 -2.73 C48A72 0.685
3.4125 10.42 -2.0475 C48A72 0.685
3.4125 10.42 -1.365 C58B72 0.685
3.4125 10.42 -0.6824999 C58B72 0.685
3.4125 10.42 0 C58A72 0.685
3.4125 10.42 0.6824999 C68C73 0.685
3.4125 10.42 1.365 C48A72 0.685
3.4125 10.42 2.0475 C68B73 0.685
3.4125 10.42 2.73 C68C73 0.685
3.4125 10.42 3.4125 C58B73 0.685
3.4125 10.42 4.094999 C48A72 0.685
3.4125 10.42 4.7775 C48A72 0.685
3.4125 10.42 5.46 C48A72 0.685
3.4125 10.42 6.142498 C38971 0.685
3.4125 10.42 6.825001 C58A72 0.685
3.4125 10.42 7.5075 C18770 0.685
3.4125 10.42 8.189999 C58B72 0.685
4.095 9.054999 -8.19 2B2435 0.685
4.095 9.054999 -7.5075 2B2435 0.685
4.095 9.054999 -6.825 2A2334 0.685
4.095 9.054999 -6.142499 2B2335 0.685
4.095 9.054999 -5.46 2B2435 0.685
4.095 9.054999 -4.7775 2C2435 0.685
4.095 9.054999 -4.095 2C2334 0.685
4.095 9.054999 -3.4125 2B2334 0.685
4.095 9.054999 -2.73 302535 0.685
4.095 9.054999 -2.0475 2D2435 0.685
4.095 9.054999 -1.365 2E2435 0.685
4.095 9.054999 -0.6824999 2C2435 0.685
4.095 9.054999 0 2C2434 0.685
4.095 9.054999 0.6824999 2C2435 0.685
4.095 9.054999 1.365 2A2334 0.685
4.095 9.054999 2.0475 2F2435 0.685
4.095 9.054999 2.73 2A2334 0.685
4.095 9.054999 3.4125 2C2434 0.685
4.095 9.054999 4.094999 2D2435 0.685
4.095 9.054999 4.7775 2D2435 0.685
4.095 9.054999 5.46 2E2435 0.685
4.095 9.054999 6.142498 2C2435 0.685
4.095 9.054999 6.825001 2B2435 0.685
4.095 9.054999 7.5075 2C2435 0.685
4.095 9.054999 8.189999 8D5D58 0.685
4.095 0.1824999 -3.4125 805453 0.685
4.095 0.1824999 -2.73 825554 0.685
4.095 0.1824999 -2.0475 805453 0.685
4.095 0.1824999 -1.365 805453 0.685
4.095 0.1824999 -0.6824999 835654 0.685
4.095 0.1824999 0 815553 0.685
4.095 0.1824999 0.6824999 835654 0.685
4.095 0.1824999 1.365 815553 0.685
4.095 0.1824999 2.0475 845755 0.685
4.095 0.1824999 2.73 835654 0.685
4.095 0.1824999 3.4125 825654 0.685
4.095 9.737499 -8.19 8D5D57 0.685
4.095 9.737499 8.189999 8E5E58 0.685
4.095 10.42 -8.19 C58A72 0.685
4.095 10.42 -7.5075 C48971 0.685
4.095 10.42 -6.825 C58B72 0.685
4.095 10.42 -6.142499 C28871 0.685
4.095 10.42 -5.46 C38971 0.685
4.095 10.42 -4.7775 C48A72 0.685
4.095 10.42 -4.095 C68C73 0.685
4.095 10.42 -3.4125 C68B72 0.685
4.095 10.42 -2.73 C68C73 0.685
4.095 10.42 -2.0475 C48A72 0.685
4.095 10.42 -1.365 C48971 0.685
4.095 10.42 -0.6824999 C48972 0.685
4.095 10.42 0 C68C73 0.685
4.095 10.42 0.6824999 C38971 0.685
4.095 10.42 1.365 C48A72 0.685
4.095 10.42 2.0475 C58B72 0.685
4.095 10.42 2.73 C68C73 0.685
4.095 10.42 3.4125 C38971 0.685
4.095 10.42 4.094999 C58B72 0.685
4.095 10.42 4.7775 C58A72 0.685
4.095 10.42 5.46 C58B72 0.685
4.095 10.42 6.142498 C48971 0.685
4.095 10.42 6.825001 C58A72 0.685
4.095 10.42 7.5075 C48A72 0.685
4.095 10.42 8.189999 C48A72 0.685
4.7775 9.054999 -8.19 2B2435 0.685
4.7775 9.054999 -7.5075 2D2535 0.685
4.7775 9.054999 -6.825 2A2335 0.685
4.7775 9.054999 -6.142499 2A2335 0.685
4.7775 9.054999 -5.46 2E2435 0.685
4.7775 9.054999 -4.7775 2D2435 0.685
4.7775 9.054999 -4.095 2B2334 0.685
4.7775 9.054999 -3.4125 2D2435 0.685
4.7775 9.054999 -2.73 2D2435 0.685
4.7775 9.054999 -2.0475 2C2435 0.685
4.7775 9.054999 -1.365 2D2434 0.685
4.7775 9.054999 -0.6824999 2E2435 0.685
4.7775 9.054999 0 2E2535 0.685
4.7775 9.054999 0.6824999 302535 0.685
4.7775 9.054999 1.365 2A2334 0.685
4.7775 9.054999 2.0475 2C2435 0.685
4.7775 9.054999 2.73 2F2535 0.685
4.7775 9.054999 3.4125 2C2434 0.685
4.7775 9.054999 4.094999 2A2334 0.685
4.7775 9.054999 4.7775 2D2435 0.685
4.7775 9.054999 5.46 2D2435 0.685
4.7775 9.054999 6.142498 2B2435 0.685
4.7775 9.054999 6.825001 2C2435 0.685
4.7775 9.054999 7.5075 2B2435 0.685
4.7775 9.054999 8.189999 8E5E59 0.685
4.7775 9.737499 -8.19 8B5C57 0.685
4.7775 9.737499 8.189999 905F59 0.685
4.7775 10.42 -8.19 C68C73 0.685
4.7775 10.42 -7.5075 C68B73 0.685
4.7775 10.42 -6.825 C48A72 0.685
4.7775 10.42 -6.142499 C58B73 0.685
4.7775 10.42 -5.46 C78C73 0.685
4.7775 10.42 -4.7775 C48A72 0.685
4.7775 10.42 -4.095 C58B72 0.685
4.7775 10.42 -3.4125 C38971 0.685
4.7775 10.42 -2.73 C58B72 0.685
4.7775 10.42 -2.0475 C58A72 0.685
4.7775 10.42 -1.365 C48A72 0.685
4.7775 10.42 -0.6824999 C58B72 0.685
4.7775 10.42 0 C48A72 0.685
4.7775 10.42 0.6824999 C68C73 0.685
4.7775 10.42 1.365 C48A72 0.685
4.7775 10.42 2.0475 C58B72 0.685
4.7775 10.42 2.73 C38971 0.685
4.7775 10.42 3.4125 C58A72 0.685
4.7775 10.42 4.094999 C68B73 0.685
4.7775 10.42 4.7775 C48971 0.685
4.7775 10.42 5.46 C28871 0.685
4.7775 10.42 6.142498 C38871 0.685
4.7775 10.42 6.825001 C58A72 0.685
4.7775 10.42 7.5075 C58B72 0.685
4.7775 10.42 8.189999 C58A72 0.685
5.46 9.054999 -8.19 2C2536 0.685
5.46 9.054999 -7.5075 2A2335 0.685
5.46 9.054999 -6.825 2B2435 0.685
5.46 9.054999 -6.142499 2B2435 0.685
5.46 9.054999 -5.46 2C2435 0.685
5.46 9.054999 -4.7775 2C2435 0.685
5.46 9.054999 -4.095 2F2535 0.685
5.46 9.054999 -3.4125 2C2435 0.685
5.46 9.054999 -2.73 2B2435 0.685
5.46 9.054999 -2.0475 2E2435 0.685
5.46 9.054999 -1.365 2B2334 0.685
5.46 9.054999 -0.6824999 302535 0.685
5.46 9.054999 0 2B2335 0.685
5.46 9.054999 0.6824999 2D2435 0.685
5.46 9.054999 1.365 2C2435 0.685
5.46 9.054999 2.0475 2B2334 0.685
5.46 9.054999 2.73 2C2435 0.685
5.46 9.054999 3.4125 2B2334 0.685
5.46 9.054999 4.094999 2A2334 0.685
5.46 9.054999 4.7775 2D2435 0.685
5.46 9.054999 5.46 2B2335 0.685
5.46 9.054999 6.142498 2A2334 0.685
5.46 9.054999 6.825001 292334 0.685
5.46 9.054999 7.5075 292335 0.685
5.46 9.054999 8.189999 8E5E58 0.685
5.46 9.737499 -8.19 8B5C57 0.685
5.46 9.737499 8.189999 905F59 0.685
5.46 10.42 -8.19 C68C73 0.685
5.46 10.42 -7.5075 C38971 0.685
5.46 10.42 -6.825 C28871 0.685
5.46 10.42 -6.142499 C48971 0.685
5.46 10.42 -5.46 C58B72 0.685
5.46 10.42 -4.7775 C58A72 0.685
5.46 10.42 -4.095 C48971 0.685
5.46 10.42 -3.4125 C38971 0.685
5.46 10.42 -2.73 C68C73 0.685
5.46 10.42 -2.0475 C48A72 0.685
5.46 10.42 -1.365 C58A72 0.685
5.46 10.42 -0.6824999 C58B72 0.685
5.46 10.42 0 C58A72 0.685
5.46 10.42 0.6824999 C48A72 0.685
5.46 10.42 1.365 C68C73 0.685
5.46 10.42 2.0475 C38971 0.685
5.46 10.42 2.73 C28870 0.685
5.46 10.42 3.4125 C68B73 0.685
5.46 10.42 4.094999 C48A72 0.685
5.46 10.42 4.7775 C48A72 0.685
5.46 10.42 5.46 C58A72 0.685
5.46 10.42 6.142498 C58B72 0.685
5.46 10.42 6.825001 C18770 0.685
5.46 10.42 7.5075 C58A72 0.685
5.46 10.42 8.189999 C58A72 0.685
6.142499 9.054999 -8.19 5A293B 0.685
6.142499 9.054999 -7.5075 2B2435 0.685
6.142499 9.054999 -6.825 2A2335 0.685
6.142499 9.054999 -6.142499 2B2335 0.685
6.142499 9.054999 -5.46 2B2435 0.685
6.142499 9.054999 -4.7775 2D2435 0.685
6.142499 9.054999 -4.095 2D2435 0.685
6.142499 9.054999 -3.4125 2E2535 0.685
6.142499 9.054999 -2.73 292334 0.685
6.142499 9.054999 -2.0475 2C2435 0.685
6.142499 9.054999 -1.365 2C2435 0.685
6.142499 9.054999 -0.6824999 2C2435 0.685
6.142499 9.054999 0 2B2334 0.685
6.142499 9.054999 0.6824999 2C2435 0.685
6.142499 9.054999 1.365 2A2334 0.685
6.142499 9.054999 2.0475 2D2435 0.685
6.142499 9.054999 2.73 2B2435 0.685
6.142499 9.054999 3.4125 2C2435 0.685
6.142499 9.054999 4.094999 2A2335 0.685
6.142499 9.054999 4.7775 2D2435 0.685
6.142499 9.054999 5.46 2A2335 0.685
6.142499 9.054999 6.142498 2B2335 0.685
6.142499 9.054999 6.825001 2B2435 0.685
6.142499 9.054999 7.5075 2A2335 0.685
6.142499 9.054999 8.189999 2B2435 0.685
6.142499 9.737499 -8.19 8B5C57 0.685
6.142499 9.737499 8.189999 8E5E58 0.685
6.142499 10.42 -8.19 C48A72 0.685
6.142499 10.42 -7.5075 C58A72 0.685
6.142499 10.42 -6.825 C58B72 0.685
6.142499 10.42 -6.142499 C28870 0.685
6.142499 10.42 -5.46 C68C73 0.685
6.142499 10.42 -4.7775 C68C73 0.685
6.142499 10.42 -4.095 C28871 0.685
6.142499 10.42 -3.4125 C58A72 0.685
6.142499 10.42 -2.73 C58B72 0.685
6.142499 10.42 -2.0475 C38971 0.685
6.142499 10.42 -1.365 C58A72 0.685
6.142499 10.42 -0.6824999 C28870 0.685
6.142499 10.42 0 C28871 0.685
6.142499 10.42 0.6824999 C28871 0.685
6.142499 10.42 1.365 C48971 0.685
6.142499 10.42 2.0475 C38971 0.685
6.142499 10.42 2.73 C78C73 0.685
6.142499 10.42 3.4125 C38971 0.685
6.142499 10.42 4.094999 C48A72 0.685
6.142499 10.42 4.7775 C58B72 0.685
6.142499 10.42 5.46 C48A72 0.685
6.142499 10.42 6.142498 C58B72 0.685
6.142499 10.42 6.825001 C38971 0.685
6.142499 10.42 7.5075 C58B72 0.685
6.142499 10.42 8.189999 C89581 0.685
6.825 9.054999 -8.19 422638 0.685
6.825 9.054999 -7.5075 2B2435 0.685
6.825 9.054999 -6.825 2A2435 0.685
6.825 9.054999 -6.142499 2B2435 0.685
6.825 9.054999 -5.46 2B2435 0.685
6.825 9.054999 -4.7775 2A2435 0.685
6.825 9.054999 -4.095 2C2435 0.685
6.825 9.054999 -3.4125 2B2435 0.685
6.825 9.054999 -2.73 2C2435 0.685
6.825 9.054999 -2.0475 2C2435 0.685
6.825 9.054999 -1.365 2B2334 0.685
6.825 9.054999 -0.6824999 2C2435 0.685
6.825 9.054999 0 2B2435 0.685
6.825 9.054999 0.6824999 2B2335 0.685
6.825 9.054999 1.365 2E2535 0.685
6.825 9.054999 2.0475 2B2435 0.685
6.825 9.054999 2.73 2D2435 0.685
6.825 9.054999 3.4125 2A2435 0.685
6.825 9.054999 4.094999 2B2435 0.685
6.825 9.054999 4.7775 2B2435 0.685
6.825 9.054999 5.46 2B2435 0.685
6.825 9.054999 6.142498 292435 0.685
6.825 9.054999 6.825001 2C2435 0.685
6.825 9.054999 7.5075 2A2435 0.685
6.825 9.054999 8.189999 292335 0.685
6.825 9.737499 -8.19 8D5D57 0.685
6.825 9.737499 8.189999 905F59 0.685
6.825 10.42 -8.19 C48971 0.685
6.825 10.42 -7.5075 C48971 0.685
6.825 10.42 -6.825 C58A72 0.685
6.825 10.42 -6.142499 C58B73 0.685
6.825 10.42 -5.46 C58B72 0.685
6.825 10.42 -4.7775 C48A72 0.685
6.825 10.42 -4.095 C38871 0.685
6.825 10.42 -3.4125 C48A72 0.685
6.825 10.42 -2.73 C28871 0.685
6.825 10.42 -2.0475 C48971 0.685
6.825 10.42 -1.365 C58B72 0.685
6.825 10.42 -0.6824999 C68C73 0.685
6.825 10.42 0 C68B73 0.685
6.825 10.42 0.6824999 C48971 0.685
6.825 10.42 1.365 C48A72 0.685
6.825 10.42 2.0475 C78C73 0.685
6.825 10.42 2.73 C58B72 0.685
6.825 10.42 3.4125 C58B72 0.685
6.825 10.42 4.094999 C38971 0.685
6.825 10.42 4.7775 C38971 0.685
6.825 10.42 5.46 C48A72 0.685
6.825 10.42 6.142498 C48971 0.685
6.825 10.42 6.825001 C58B72 0.685
6.825 10.42 7.5075 BF856F 0.685
6.825 10.42 8.189999 C68E77 0.685
7.5075 9.054999 -8.19 332436 0.685
7.5075 9.054999 -7.5075 2B2435 0.685
7.5075 9.054999 -6.825 2A2435 0.685
7.5075 9.054999 -6.142499 2A2335 0.685
7.5075 9.054999 -5.46 2C2435 0.685
7.5075 9.054999 -4.7775 2B2435 0.685
7.5075 9.054999 -4.095 2A2335 0.685
7.5075 9.054999 -3.4125 2C2435 0.685
7.5075 9.054999 -2.73 2C2435 0.685
7.5075 9.054999 -2.0475 2B2435 0.685
7.5075 9.054999 -1.365 2B2435 0.685
7.5075 9.054999 -0.6824999 2B2435 0.685
7.5075 9.054999 0 2C2435 0.685
7.5075 9.054999 0.6824999 2D2435 0.685
7.5075 9.054999 1.365 2C2435 0.685
7.5075 9.054999 2.0475 2B2335 0.685
7.5075 9.054999 2.73 2A2335 0.685
7.5075 9.054999 3.4125 2B2435 0.685
7.5075 9.054999 4.094999 2B2435 0.685
7.5075 9.054999 4.7775 2C2435 0.685
7.5075 9.054999 5.46 2A2335 0.685
7.5075 9.054999 6.142498 2A2335 0.685
7.5075 9.054999 6.825001 2A2335 0.685
7.5075 9.054999 7.5075 2C2435 0.685
7.5075 9.054999 8.189999 8E5E59 0.685
7.5075 9.737499 -8.19 8D5D58 0.685
7.5075 9.737499 8.189999 8C5D58 0.685
7.5075 10.42 -8.19 C68B73 0.685
7.5075 10.42 -7.5075 C48971 0.685
7.5075 10.42 -6.825 C68B73 0.685
7.5075 10.42 -6.142499 C58B72 0.685
7.5075 10.42 -5.46 C38971 0.685
7.5075 10.42 -4.7775 C68B73 0.685
7.5075 10.42 -4.095 C18770 0.685
7.5075 10.42 -3.4125 C58A72 0.685
7.5075 10.42 -2.73 C38871 0.685
7.5075 10.42 -2.0475 C38971 0.685
7.5075 10.42 -1.365 C38971 0.685
7.5075 10.42 -0.6824999 C58A72 0.685
7.5075 10.42 0 C58B72 0.685
7.5075 10.42 0.6824999 C38971 0.685
7.5075 10.42 1.365 C48971 0.685
7.5075 10.42 2.0475 C48A72 0.685
7.5075 10.42 2.73 C48A72 0.685
7.5075 10.42 3.4125 C48A72 0.685
7.5075 10.42 4.094999 C68B73 0.685
7.5075 10.42 4.7775 C48A72 0.685
7.5075 10.42 5.46 C38871 0.685
7.5075 10.42 6.142498 C48971 0.685
7.5075 10.42 6.825001 C38971 0.685
7.5075 10.42 7.5075 C68B72 0.685
7.5075 10.42 8.189999 C48B74 0.685
8.19 9.054999 -8.19 FFFFFF 0.685
8.19 9.054999 -7.5075 F0EBE7 0.685
8.19 9.054999 -6.825 CDC5C4 0.685
8.19 9.054999 -6.142499 FFFFFF 0.685
8.19 9.054999 -5.46 FFFFFF 0.685
8.19 9.054999 -4.7775 FFFFFB 0.685
8.19 9.054999 -4.095 D6CECC 0.685
8.19 9.054999 -3.4125 A3979A 0.685
8.19 9.054999 -2.73 FFFFFF 0.685
8.19 9.054999 -2.0475 FFFFFF 0.685
8.19 9.054999 -1.365 EDE8E3 0.685
8.19 9.054999 -0.6824999 B0A5A6 0.685
8.19 9.054999 0 FFFFFF 0.685
8.19 9.054999 0.6824999 FFFFFF 0.685
8.19 9.054999 1.365 F3EEE9 0.685
8.19 9.054999 2.0475 CCC4C2 0.685
8.19 9.054999 2.73 9E9296 0.685
8.19 9.054999 3.4125 FFFFFF 0.685
8.19 9.054999 4.094999 FFFFFC 0.685
8.19 9.054999 4.7775 D7D0CD 0.685
8.19 9.054999 5.46 A89D9F 0.685
8.19 9.054999 6.142498 FFFFFF 0.685
8.19 9.054999 6.825001 93878D 0.685
8.19 9.054999 7.5075 30293B 0.685
8.19 9.054999 8.189999 94645E 0.685
8.19 9.737499 -8.19 67454A 0.685
8.19 9.737499 8.189999 90605A 0.685
8.19 10.42 -8.19 BA816D 0.685
8.19 10.42 -7.5075 A97467 0.685
8.19 10.42 -6.825 A06E64 0.685
8.19 10.42 -6.142499 8C605D 0.685
8.19 10.42 -5.46 BD846F 0.685
8.19 10.42 -4.7775 B37C6A 0.685
8.19 10.42 -4.095 A06E63 0.685
8.19 10.42 -3.4125 91645F 0.685
8.19 10.42 -2.73 BE856F 0.685
8.19 10.42 -2.0475 B57D6B 0.685
8.19 10.42 -1.365 AB7567 0.685
8.19 10.42 -0.6824999 986860 0.685
8.19 10.42 0 855C5B 0.685
8.19 10.42 0.6824999 BA816D 0.685
8.19 10.42 1.365 B07A69 0.685
8.19 10.42 2.0475 9E6C63 0.685
8.19 10.42 2.73 90635E 0.685
8.19 10.42 3.4125 BC836E 0.685
8.19 10.42 4.094999 B37C6A 0.685
8.19 10.42 4.7775 A36F64 0.685
8.19 10.42 5.46 94655F 0.685
8.19 10.42 6.142498 865D5B 0.685
8.19 10.42 6.825001 C38971 0.685
8.19 10.42 7.5075 C58B72 0.685
8.19 10.42 8.189999 C48A73 0.685
8.19 9.737499 -7.5075 895A56 0.685
8.19 9.737499 -6.825 8B5C57 0.685
8.19 9.737499 -6.142499 8A5C57 0.685
8.19 9.737499 -5.46 8B5C57 0.685
8.19 9.737499 -4.7775 8A5B57 0.685
8.19 9.737499 -4.095 8A5B57 0.685
8.19 9.737499 -3.4125 8B5C57 0.685
8.19 9.737499 -2.73 8D5D58 0.685
8.19 9.737499 -2.0475 8B5B57 0.685
8.19 9.737499 -1.365 885A56 0.685
8.19 9.737499 -0.6824999 8B5C57 0.685
8.19 9.737499 0 8B5C57 0.685
8.19 9.737499 0.6824999 8A5B57 0.685
8.19 9.737499 1.365 8A5B57 0.685
8.19 9.737499 2.0475 8E5E59 0.685
8.19 9.737499 2.73 895B57 0.685
8.19 9.737499 3.4125 8C5C58 0.685
8.19 9.737499 4.094999 895B57 0.685
8.19 9.737499 4.7775 8A5B57 0.685
8.19 9.737499 5.46 895B57 0.685
8.19 9.737499 6.142498 8B5C57 0.685
8.19 9.737499 6.825001 875956 0.685
8.19 9.737499 7.5075 8C5C58 0.685
