-8.4 0.04999995 -8.4 F5F2EF 1
-8.4 0.04999995 -7.35 F8F5F2 1
-8.4 0.04999995 -6.3 F4F0ED 1
-8.4 0.04999995 -5.25 F6F2EF 1
-8.4 0.04999995 -4.2 F6F3F0 1
-2.1 0.04999995 -4.2 D0AFB1 1
-8.4 0.04999995 -3.15 F5F2EF 1
-3.15 0.04999995 -3.15 7E769B 1
-8.4 0.04999995 -2.1 F1EEEB 1
-4.2 0.04999995 -2.1 FBF8F4 1
-8.4 0.04999995 -1.05 F1EDEA 1
-4.2 0.04999995 -1.05 F9F6F3 1
-8.4 0.04999995 0 F1EDE9 1
-4.2 0.04999995 0 F8F5F2 1
-8.4 0.04999995 1.05 F2EDEA 1
-4.2 0.04999995 1.05 FEFBF8 1
-8.4 0.04999995 2.1 F0ECE9 1
-4.2 0.04999995 2.1 FAF7F4 1
-8.4 0.04999995 3.15 F2EEEB 1
-4.2 0.04999995 3.15 F9F6F3 1
-8.4 0.04999995 4.2 F1EDEB 1
-4.2 0.04999995 4.2 F9F6F3 1
-8.4 0.04999995 5.25 F0ECE9 1
-4.2 0.04999995 5.25 F9F6F3 1
-8.4 0.04999995 6.3 F3EFEC 1
-4.2 0.04999995 6.3 FAF7F3 1
-8.4 0.04999995 7.35 F2EFEC 1
-4.2 0.04999995 7.35 FBF8F5 1
-8.4 0.04999995 8.4 F4F1EE 1
-4.2 0.04999995 8.4 F6F3F0 1
-2.1 1.1 -4.2 D8D0CF 1
-3.15 1.1 -3.15 7B7398 1
-4.2 1.1 -2.1 F4D7BE 1
-4.2 1.1 -1.05 F2D5BD 1
-4.2 1.1 0 7B6D90 1
-4.2 1.1 1.05 817597 1
-4.2 1.1 2.1 807395 1
-4.2 1.1 3.15 F4D7BF 1
-4.2 1.1 4.2 7B6D8E 1
-4.2 1.1 5.25 817497 1
-4.2 1.1 6.3 807396 1
-4.2 1.1 7.35 EFD1B9 1
-4.2 1.1 8.4 EDCDB5 1
-2.1 2.15 -4.2 D7CFCF 1
-2.1 2.15 -3.15 212842 1
-4.2 2.15 -2.1 EFD0B8 1
-4.2 2.15 -1.05 F2D5BD 1
-4.2 2.15 0 202740 1
-4.2 2.15 1.05 212842 1
-4.2 2.15 2.1 212841 1
-4.2 2.15 3.15 F0D3BA 1
-4.2 2.15 4.2 1F243D 1
-4.2 2.15 5.25 222943 1
-4.2 2.15 6.3 212841 1
-4.2 2.15 7.35 EED0B8 1
-4.2 2.15 8.4 EBCBB2 1
-2.1 3.2 -4.2 CFC5C5 1
-3.15 3.2 -3.15 696186 1
-4.2 3.2 -2.1 E6C2AB 1
-4.2 3.2 -1.05 ECCCB4 1
-4.2 3.2 0 1F243C 1
-4.2 3.2 1.05 1F253D 1
-4.2 3.2 2.1 1F253E 1
-4.2 3.2 3.15 EBCBB3 1
-4.2 3.2 4.2 1F2239 1
-4.2 3.2 5.25 1F233B 1
-4.2 3.2 6.3 1F243C 1
-4.2 3.2 7.35 EBCBB3 1
-4.2 3.2 8.4 EBCBB3 1
-2.1 4.25 -4.2 C69788 1
-3.15 4.25 -3.15 CB9B8B 1
-4.2 4.25 -2.1 C39587 1
-4.2 4.25 -1.05 CB9C8C 1
-4.2 4.25 0 CC9D8C 1
-4.2 4.25 1.05 C99B8C 1
-4.2 4.25 2.1 C59688 1
-4.2 4.25 3.15 CC9F8E 1
-4.2 4.25 4.2 C39486 1
-4.2 4.25 5.25 C59789 1
-4.2 4.25 6.3 C99B8B 1
-4.2 4.25 7.35 C39486 1
-4.2 4.25 8.4 CA9D8E 1
-2.1 5.3 -4.2 CAD9EA 1
-3.15 5.3 -3.15 B2C2D8 1
-4.2 5.3 -2.1 D8E7F5 1
-4.2 5.3 -1.05 D9E8F5 1
-4.2 5.3 0 C6D5E6 1
-4.2 5.3 1.05 B5C5DA 1
-4.2 5.3 2.1 BCCCE1 1
-4.2 5.3 3.15 D5E3F1 1
-4.2 5.3 4.2 CADAEA 1
-4.2 5.3 5.25 B1C0D7 1
-4.2 5.3 6.3 B7C6DB 1
-4.2 5.3 7.35 D5E4F2 1
-4.2 5.3 8.4 DDEBF7 1
0 6.35 -5.25 DFDEE1 1
-2.1 6.35 -4.2 C9C1C4 1
-3.15 6.35 -3.15 202740 1
-4.2 6.35 -2.1 C6D4E4 1
-4.2 6.35 -1.05 C8D6E6 1
-5.25 6.35 0 ECE8E5 1
-4.2 6.35 1.05 212841 1
-4.2 6.35 2.1 1F263E 1
-4.2 6.35 3.15 C4D3E4 1
-4.2 6.35 4.2 ABBAD2 1
-4.2 6.35 5.25 212942 1
-4.2 6.35 6.3 202740 1
-4.2 6.35 7.35 C4D2E3 1
-4.2 6.35 8.4 C8D6E6 1
0 7.4 -5.25 DFDEE1 1
-2.1 7.4 -4.2 A198A2 1
-3.15 7.4 -3.15 1F2138 1
-4.2 7.4 -2.1 C1D0E1 1
-4.2 7.4 -1.05 C9D7E7 1
-5.25 7.4 0 EFEBE8 1
-4.2 7.4 1.05 1F1F36 1
-4.2 7.4 2.1 1F2036 1
-4.2 7.4 3.15 C8D6E7 1
-4.2 7.4 4.2 A9B9D2 1
-4.2 7.4 5.25 1F1F36 1
-4.2 7.4 6.3 1F1F35 1
-4.2 7.4 7.35 C6D5E5 1
-4.2 7.4 8.4 C7D5E5 1
0 8.45 -5.25 DDDCDF 1
-2.1 8.45 -4.2 9A8E98 1
-3.15 8.45 -3.15 1F263E 1
-4.2 8.45 -2.1 BDCBDD 1
-4.2 8.45 -1.05 C6D4E4 1
-5.25 8.45 0 F0ECE9 1
-4.2 8.45 1.05 1F253D 1
-4.2 8.45 2.1 1F2239 1
-4.2 8.45 3.15 C4D3E4 1
-4.2 8.45 4.2 AAB9D2 1
-4.2 8.45 5.25 1F243C 1
-4.2 8.45 6.3 1F243D 1
-4.2 8.45 7.35 C6D4E4 1
-4.2 8.45 8.4 C6D4E4 1
-2.1 9.5 -4.2 C7D5E6 1
-3.15 9.5 -3.15 C4D2E4 1
-4.2 9.5 -2.1 C6D3E4 1
-4.2 9.5 -1.05 C8D5E5 1
-4.2 9.5 0 C9D8E8 1
-4.2 9.5 1.05 CBDAE9 1
-4.2 9.5 2.1 D0DEEC 1
-4.2 9.5 3.15 C8D6E6 1
-4.2 9.5 4.2 C3D2E2 1
-4.2 9.5 5.25 C9D7E7 1
-4.2 9.5 6.3 CCDAE9 1
-4.2 9.5 7.35 C7D5E5 1
-4.2 9.5 8.4 C8D6E5 1
-2.1 10.55 -4.2 A5B1C9 1
-3.15 10.55 -3.15 98A4BE 1
-4.2 10.55 -2.1 C1CFE1 1
-4.2 10.55 -1.05 C4D2E3 1
-4.2 10.55 0 A4B1C8 1
-4.2 10.55 1.05 8E98B4 1
-4.2 10.55 2.1 98A3BD 1
-4.2 10.55 3.15 C1CFE1 1
-4.2 10.55 4.2 B1BFD4 1
-4.2 10.55 5.25 8E99B5 1
-4.2 10.55 6.3 939EB9 1
-4.2 10.55 7.35 C3D1E2 1
-4.2 10.55 8.4 C5D3E3 1
0 11.6 -5.25 D4D1D5 1
-2.1 11.6 -4.2 998C95 1
-3.15 11.6 -3.15 202841 1
-4.2 11.6 -2.1 BCCADD 1
-4.2 11.6 -1.05 C8D6E6 1
-5.25 11.6 0 EEEAE7 1
-4.2 11.6 1.05 202841 1
-4.2 11.6 2.1 1F263F 1
-4.2 11.6 3.15 BECCDE 1
-4.2 11.6 4.2 A4B4CE 1
-4.2 11.6 5.25 212842 1
-4.2 11.6 6.3 1F253D 1
-4.2 11.6 7.35 BFCEDF 1
-4.2 11.6 8.4 C7D4E5 1
0 12.65 -5.25 DCDBDF 1
-2.1 12.65 -4.2 EFECE9 1
-3.15 12.65 -3.15 EDE9E6 1
-4.2 12.65 -2.1 C1CFE1 1
-4.2 12.65 -1.05 C6D4E4 1
-5.25 12.65 0 EFEBE8 1
-5.25 12.65 1.05 EEEAE7 1
-5.25 12.65 2.1 ECE8E5 1
-4.2 12.65 3.15 C0CEE0 1
-4.2 12.65 4.2 ADBDD6 1
-5.25 12.65 5.25 F1EDEB 1
-5.25 12.65 6.3 EEEAE8 1
-4.2 12.65 7.35 BDCBDD 1
-4.2 12.65 8.4 C6D4E4 1
0 13.7 -5.25 D9D7DA 1
-2.1 13.7 -4.2 99909D 1
-3.15 13.7 -3.15 1F2037 1
-4.2 13.7 -2.1 C4D3E4 1
-4.2 13.7 -1.05 C5D2E3 1
-5.25 13.7 0 EEEAE7 1
-4.2 13.7 1.05 1F1E34 1
-4.2 13.7 2.1 1F1F36 1
-4.2 13.7 3.15 C8D6E6 1
-4.2 13.7 4.2 B1C0D6 1
-4.2 13.7 5.25 1F1F36 1
-4.2 13.7 6.3 1F1F35 1
-4.2 13.7 7.35 C6D4E5 1
-4.2 13.7 8.4 C4D2E3 1
-2.1 14.75 -4.2 C4D1E2 1
-3.15 14.75 -3.15 C3D1E2 1
-4.2 14.75 -2.1 C5D3E4 1
-4.2 14.75 -1.05 C6D4E4 1
-4.2 14.75 0 C7D5E5 1
-4.2 14.75 1.05 C3D1E2 1
-4.2 14.75 2.1 C8D6E6 1
-4.2 14.75 3.15 C6D4E4 1
-4.2 14.75 4.2 C6D4E5 1
-4.2 14.75 5.25 C4D2E3 1
-4.2 14.75 6.3 C2D1E2 1
-4.2 14.75 7.35 C7D6E6 1
-4.2 14.75 8.4 CBD9E8 1
0 15.8 -5.25 D8D6DA 1
-2.1 15.8 -4.2 F0ECE9 1
-3.15 15.8 -3.15 EEE9E7 1
-4.2 15.8 -2.1 BDCBDD 1
-4.2 15.8 -1.05 C5D3E3 1
-5.25 15.8 0 EEE9E7 1
-5.25 15.8 1.05 F0ECE9 1
-5.25 15.8 2.1 EFEBE8 1
-4.2 15.8 3.15 BECCDE 1
-4.2 15.8 4.2 9FACC7 1
-5.25 15.8 5.25 EEEAE7 1
-5.25 15.8 6.3 EEE9E7 1
-4.2 15.8 7.35 BECCDF 1
-4.2 15.8 8.4 C8D6E6 1
0 16.85 -5.25 D5D2D6 1
-2.1 16.85 -4.2 C6BEC1 1
-3.15 16.85 -3.15 202740 1
-4.2 16.85 -2.1 BECCDF 1
-4.2 16.85 -1.05 C8D6E6 1
-5.25 16.85 0 EEEAE8 1
-4.2 16.85 1.05 202740 1
-4.2 16.85 2.1 1F233A 1
-4.2 16.85 3.15 C3D1E3 1
-4.2 16.85 4.2 A2B1CB 1
-4.2 16.85 5.25 202740 1
-4.2 16.85 6.3 1F263F 1
-4.2 16.85 7.35 C2D1E2 1
-4.2 16.85 8.4 C5D3E3 1
0 17.9 -5.25 D2CFD4 1
-2.1 17.9 -4.2 ECE8E5 1
-3.15 17.9 -3.15 EEEAE7 1
-4.2 17.9 -2.1 C0CFE1 1
-4.2 17.9 -1.05 C0CEE0 1
-5.25 17.9 0 EDE9E6 1
-5.25 17.9 1.05 F0EDEA 1
-5.25 17.9 2.1 EDE9E7 1
-4.2 17.9 3.15 BFCDDF 1
-4.2 17.9 4.2 A9B9D1 1
-5.25 17.9 5.25 ECE7E5 1
-5.25 17.9 6.3 EFEBE8 1
-4.2 17.9 7.35 BCCBDE 1
-4.2 17.9 8.4 C4D2E3 1
0 18.95 -5.25 C8C6CE 1
-2.1 18.95 -4.2 EEEAE7 1
-3.15 18.95 -3.15 EBE7E4 1
-4.2 18.95 -2.1 B3C1D6 1
-4.2 18.95 -1.05 C0CEE0 1
-5.25 18.95 0 EDE9E6 1
-5.25 18.95 1.05 EDE9E6 1
-5.25 18.95 2.1 EDE9E6 1
-4.2 18.95 3.15 BBC9DC 1
-4.2 18.95 4.2 9CA8C3 1
-5.25 18.95 5.25 F0ECEA 1
-5.25 18.95 6.3 F0ECE9 1
-4.2 18.95 7.35 B7C6DA 1
-4.2 18.95 8.4 C1CFE1 1
-2.1 20 -5.25 EFEBE8 1
-3.15 20 -4.2 EEEAE7 1
-4.2 20 -3.15 EEEAE8 1
-5.25 20 -2.1 ECE8E5 1
-5.25 20 -1.05 EFEBE8 1
-5.25 20 0 EFECE9 1
-5.25 20 1.05 EEEAE8 1
-5.25 20 2.1 EDE9E6 1
-5.25 20 3.15 EEEAE7 1
-5.25 20 4.2 EFEBE8 1
-5.25 20 5.25 EEEAE7 1
-5.25 20 6.3 EEE9E7 1
-5.25 20 7.35 F0ECE9 1
-5.25 20 8.4 EDE9E7 1
-2.1 21.05 -5.25 EEEAE8 1
-3.15 21.05 -4.2 EDE8E6 1
-4.2 21.05 -3.15 EFEBE9 1
-5.25 21.05 -2.1 EDE9E6 1
-5.25 21.05 -1.05 F0ECE9 1
-5.25 21.05 0 EEEAE8 1
-5.25 21.05 1.05 EEEAE7 1
-5.25 21.05 2.1 EEEAE7 1
-5.25 21.05 3.15 EFEBE8 1
-5.25 21.05 4.2 EDE8E6 1
-5.25 21.05 5.25 EEEAE7 1
-5.25 21.05 6.3 EDE9E6 1
-5.25 21.05 7.35 F0ECE9 1
-5.25 21.05 8.4 EDE8E6 1
2.1 22.1 0 8981A6 1
2.1 23.15 1.05 797095 1
2.1 24.2 -1.05 FEFBF8 1
2.1 24.2 0 FDFBF7 1
2.1 24.2 1.05 FFFDFA 1
2.1 25.25 -1.05 F6F3F0 1
2.1 25.25 0 F9F6F2 1
2.1 25.25 1.05 FBF8F5 1
2.1 26.3 -1.05 F4F1EE 1
2.1 26.3 0 F4F0ED 1
2.1 26.3 1.05 F5F1EE 1
2.1 27.35 -1.05 FFFFFF 1
1.05 27.35 0 FFFFFF 1
2.1 27.35 1.05 FFFFFF 1
3.15 28.4 0 FFFFFF 1
-7.35 0.04999995 -8.4 F2EEEC 1
-7.35 0.04999995 -7.35 F4F1EE 1
-7.35 0.04999995 -6.3 F3EFEC 1
-7.35 0.04999995 -5.25 F3EFEC 1
-7.35 0.04999995 -4.2 F1EDEA 1
-7.35 0.04999995 -3.15 F2EEEB 1
-7.35 0.04999995 -2.1 F3EEEB 1
-7.35 0.04999995 -1.05 F1ECE9 1
-7.35 0.04999995 0 F0ECE9 1
-7.35 0.04999995 1.05 EFEAE7 1
-7.35 0.04999995 2.1 EBE7E4 1
-7.35 0.04999995 3.15 EEE9E6 1
-7.35 0.04999995 4.2 ECE7E4 1
-7.35 0.04999995 5.25 F1ECE9 1
-7.35 0.04999995 6.3 EFEBE8 1
-7.35 0.04999995 7.35 F3F0ED 1
-7.35 0.04999995 8.4 F3EFEC 1
-6.3 0.04999995 -8.4 F4F1EE 1
-6.3 0.04999995 -7.35 F5F2EF 1
-6.3 0.04999995 -6.3 F3F0ED 1
-6.3 0.04999995 -5.25 F3EFED 1
-6.3 0.04999995 -4.2 F2EEEB 1
-6.3 0.04999995 -3.15 EEEAE7 1
-6.3 0.04999995 -2.1 F0ECE8 1
-6.3 0.04999995 -1.05 EEE9E6 1
-6.3 0.04999995 0 ECE6E3 1
-6.3 0.04999995 1.05 EEE9E5 1
-6.3 0.04999995 2.1 EDE8E4 1
-6.3 0.04999995 3.15 EEE8E5 1
-6.3 0.04999995 4.2 E8E2DF 1
-6.3 0.04999995 5.25 EAE4E1 1
-6.3 0.04999995 6.3 EFEAE7 1
-6.3 0.04999995 7.35 EFEAE7 1
-6.3 0.04999995 8.4 F4F1ED 1
-5.25 0.04999995 -8.4 F4F0ED 1
-5.25 0.04999995 -7.35 F2EEEB 1
-5.25 0.04999995 -6.3 F2EEEB 1
-5.25 0.04999995 -5.25 F4F0EC 1
-5.25 0.04999995 -4.2 F2EEEB 1
-5.25 0.04999995 -3.15 F2EDEA 1
-5.25 0.04999995 -2.1 F1EDE9 1
-5.25 0.04999995 -1.05 F0ECE8 1
-5.25 0.04999995 0 ECE7E3 1
-5.25 0.04999995 1.05 EBE5E1 1
-5.25 0.04999995 2.1 E6E0DD 1
-5.25 0.04999995 3.15 EAE4E0 1
-5.25 0.04999995 4.2 EAE4E0 1
-5.25 0.04999995 5.25 EAE4E0 1
-5.25 0.04999995 6.3 ECE7E4 1
-5.25 0.04999995 7.35 EEE9E6 1
-5.25 0.04999995 8.4 F3EEEB 1
-4.2 0.04999995 -8.4 F3EFEC 1
-4.2 0.04999995 -7.35 F4F0ED 1
-4.2 0.04999995 -6.3 F1EDEA 1
-4.2 0.04999995 -5.25 EFEBE8 1
-4.2 0.04999995 -4.2 EEE9E7 1
-4.2 0.04999995 -3.15 EBE6E3 1
1.05 1.1 8.4 CC9A89 1
1.05 2.15 8.4 BC8D82 1
1.05 3.2 8.4 B0827A 1
-4.2 20 -2.1 79748A 1
-4.2 20 8.4 56526C 1
-2.1 6.35 8.4 C1BFC9 1
-2.1 7.4 8.4 CECDD4 1
-2.1 8.45 8.4 C8C9D3 1
-2.1 11.6 8.4 CBCDD7 1
-2.1 12.65 8.4 D2D3DB 1
-2.1 13.7 8.4 CED0D9 1
-4.2 20 9.45 EEEAE7 1
7.35 21.05 -2.1 DFD8D8 1
2.1 21.05 -1.05 7D749A 1
7.35 21.05 0 D2CACB 1
7.35 21.05 1.05 E1DCDB 1
7.35 21.05 2.1 EDE9E8 1
7.35 21.05 3.15 EEE9E7 1
7.35 21.05 4.2 F2EEEC 1
7.35 21.05 5.25 F5F2EF 1
7.35 21.05 6.3 F2EEEC 1
-4.2 21.05 9.45 EEEAE7 1
-4.2 22.1 -2.1 FFFFFF 1
-4.2 22.1 -1.05 FFFFFF 1
-4.2 22.1 0 FFFFFF 1
-4.2 22.1 1.05 FFFFFF 1
-4.2 22.1 2.1 FFFFFF 1
-4.2 22.1 3.15 FFFFFF 1
-4.2 22.1 4.2 FFFFFF 1
-4.2 22.1 5.25 FFFFFF 1
-4.2 22.1 6.3 FFFFFF 1
-4.2 22.1 7.35 FFFFFF 1
-4.2 22.1 8.4 FFFFFF 1
-3.15 4.25 8.4 6F5360 1
-3.15 0.04999995 -8.4 F0EDEA 1
-3.15 0.04999995 -7.35 F2EDEA 1
-3.15 0.04999995 -6.3 F0EBE7 1
-3.15 0.04999995 -5.25 ECE7E4 1
-3.15 0.04999995 -4.2 EBE6E4 1
-3.15 0.04999995 -2.1 AF9CA3 1
-3.15 0.04999995 -1.05 A69299 1
-3.15 0.04999995 0 988590 1
-3.15 0.04999995 1.05 9C8C98 1
-3.15 0.04999995 2.1 998894 1
-3.15 0.04999995 3.15 9A8690 1
-3.15 0.04999995 4.2 9F8A94 1
-3.15 0.04999995 5.25 94828E 1
-3.15 0.04999995 6.3 A18C94 1
-3.15 0.04999995 7.35 A68F96 1
-3.15 0.04999995 8.4 B4A2A5 1
-3.15 1.1 8.4 FDF7F2 1
-3.15 2.15 -3.15 665E83 1
-3.15 2.15 8.4 E7C6AE 1
-3.15 3.2 8.4 E8C6AE 1
-3.15 20 8.4 585571 1
-3.15 5.3 8.4 F3F4F5 1
-3.15 6.35 8.4 C3D1E2 1
-3.15 7.4 8.4 C5D3E4 1
-3.15 8.45 8.4 C4D2E2 1
-3.15 9.5 8.4 C5D3E3 1
-3.15 10.55 8.4 C4D2E3 1
-3.15 11.6 8.4 C6D4E4 1
-3.15 12.65 8.4 C2D0E1 1
-3.15 13.7 8.4 C7D5E5 1
-3.15 14.75 8.4 C6D3E4 1
-3.15 15.8 8.4 C3D1E2 1
-3.15 16.85 8.4 CBD9E8 1
-3.15 17.9 8.4 C6D4E4 1
-3.15 20 -3.15 7E7A90 1
-3.15 18.95 8.4 BDCBDD 1
-3.15 20 9.45 EEEAE7 1
7.35 21.05 -3.15 E0DAD9 1
-3.15 21.05 7.35 E7E2E0 1
-3.15 20 -1.05 E2DCDA 1
-3.15 21.05 -1.05 EDE9E7 1
-3.15 20 0 E1DBD9 1
-3.15 21.05 0 F2EEEB 1
-3.15 20 1.05 E2DCDA 1
-3.15 21.05 1.05 EFEBE9 1
-3.15 20 2.1 E7E3E0 1
-3.15 21.05 2.1 F3F0ED 1
-3.15 20 3.15 E6E0DE 1
-3.15 21.05 3.15 F3F0ED 1
-3.15 20 4.2 E7E2E0 1
-3.15 21.05 4.2 F2EFEC 1
-3.15 20 5.25 E6E1DF 1
-3.15 21.05 5.25 F6F2F0 1
-3.15 20 6.3 E2DCDA 1
-3.15 21.05 6.3 F5F1EF 1
-3.15 21.05 9.45 EEEAE7 1
-3.15 22.1 -3.15 FFFFFF 1
-3.15 22.1 -2.1 FFFFFF 1
-3.15 22.1 7.35 FFFFFF 1
-3.15 22.1 8.4 FFFFFF 1
-2.1 3.2 8.4 493244 1
-2.1 0.04999995 -8.4 F2EEEA 1
-2.1 0.04999995 -7.35 EEE9E7 1
-2.1 0.04999995 -6.3 EFEAE7 1
-2.1 0.04999995 -5.25 F1ECE8 1
-2.1 0.04999995 -3.15 8C7E90 1
-2.1 0.04999995 -2.1 968390 1
-2.1 0.04999995 -1.05 907F8F 1
-2.1 0.04999995 0 8F8292 1
-2.1 0.04999995 1.05 8C8191 1
-2.1 0.04999995 2.1 958492 1
-2.1 0.04999995 3.15 8E7E8D 1
-2.1 0.04999995 4.2 948592 1
-2.1 0.04999995 5.25 8D8090 1
-2.1 0.04999995 6.3 94818D 1
-2.1 0.04999995 7.35 A08D96 1
-2.1 0.04999995 8.4 B09EA3 1
-2.1 1.1 8.4 EBDAD0 1
-2.1 2.15 8.4 202740 1
-2.1 4.25 8.4 6F5360 1
-2.1 5.3 8.4 918EA3 1
-2.1 10.55 8.4 7F7E96 1
1.05 6.35 8.4 A6A5B5 1
1.05 7.4 8.4 9E9DB0 1
1.05 8.45 8.4 A5A5B6 1
-2.1 9.5 8.4 E7E8EC 1
-2.1 20 8.4 5D5B76 1
1.05 11.6 8.4 A7A8B9 1
1.05 12.65 8.4 A2A1B1 1
1.05 13.7 8.4 B4B5C4 1
-2.1 14.75 8.4 C6D4E5 1
-2.1 20 -4.2 7C778C 1
-2.1 15.8 8.4 C4D2E2 1
-2.1 16.85 8.4 C6D3E4 1
-2.1 17.9 8.4 C0CEE0 1
-2.1 18.95 8.4 BECCDE 1
-2.1 20 9.45 EFEBE9 1
-2.1 21.05 7.35 F3F0ED 1
-2.1 20 -2.1 E3DEDC 1
-2.1 21.05 -2.1 ECE7E5 1
-2.1 20 -1.05 EBE6E4 1
-2.1 20 0 EAE6E3 1
-2.1 20 1.05 F2EEEC 1
-2.1 20 2.1 F2EEEC 1
-2.1 20 3.15 F2EEEC 1
-2.1 20 4.2 F2EFEC 1
-2.1 20 5.25 F1EDEB 1
-2.1 20 6.3 ECE8E5 1
-2.1 21.05 9.45 EFEBE8 1
-2.1 22.1 -4.2 FFFFFF 1
-2.1 22.1 -3.15 FFFFFF 1
-2.1 22.1 7.35 FFFFFF 1
-2.1 22.1 8.4 FFFFFF 1
-1.05 4.25 -5.25 C3ADAA 1
-1.05 3.2 8.4 4D3445 1
-1.05 0.04999995 -8.4 F1ECE9 1
-1.05 0.04999995 -5.25 F9F5F2 1
-1.05 0.04999995 -7.35 EFEAE7 1
-1.05 0.04999995 -6.3 EFEAE7 1
-1.05 0.04999995 -4.2 AC9CA3 1
-1.05 0.04999995 -3.15 907F8F 1
-1.05 0.04999995 -2.1 8F8393 1
-1.05 0.04999995 -1.05 918393 1
-1.05 0.04999995 0 9B8C99 1
-1.05 0.04999995 1.05 938493 1
-1.05 0.04999995 2.1 938797 1
-1.05 0.04999995 3.15 8F8393 1
-1.05 0.04999995 4.2 8C8091 1
-1.05 0.04999995 5.25 908292 1
-1.05 0.04999995 6.3 8A7A89 1
-1.05 0.04999995 7.35 968591 1
-1.05 0.04999995 8.4 B7A6A9 1
-1.05 1.1 -5.25 F0D2B9 1
-1.05 1.1 8.4 E7D5CA 1
-1.05 2.15 -5.25 EBCCB4 1
-1.05 2.15 8.4 212841 1
-1.05 3.2 -5.25 ECCDB5 1
-1.05 4.25 8.4 68505E 1
-1.05 5.3 -5.25 D7E5F3 1
-1.05 20 -5.25 7C768B 1
-1.05 5.3 8.4 776F86 1
-1.05 6.35 -5.25 C2D0E1 1
-1.05 10.55 8.4 726D85 1
-1.05 6.35 8.4 202740 1
-1.05 7.4 -5.25 C1CFE1 1
-1.05 7.4 8.4 1F2036 1
-1.05 8.45 -5.25 C5D3E3 1
-1.05 8.45 8.4 1F233B 1
-1.05 9.5 -5.25 C9D7E6 1
-1.05 9.5 8.4 EAECEF 1
-1.05 10.55 -5.25 BFCDDE 1
-1.05 11.6 -5.25 C4D2E3 1
-1.05 20 8.4 5F5B75 1
-1.05 11.6 8.4 222A43 1
-1.05 12.65 -5.25 C1CFE0 1
-1.05 12.65 8.4 EFEBE8 1
-1.05 13.7 -5.25 C4D2E3 1
-1.05 13.7 8.4 1F1F36 1
-1.05 14.75 -5.25 C8D6E6 1
-1.05 14.75 8.4 CCDAE9 1
-1.05 15.8 -5.25 BECBDD 1
-1.05 15.8 8.4 C8D6E6 1
-1.05 16.85 -5.25 C7D5E5 1
-1.05 16.85 8.4 C8D6E6 1
-1.05 17.9 -5.25 C4D3E4 1
-1.05 17.9 8.4 C3D1E2 1
-1.05 18.95 -5.25 B9C7DA 1
-1.05 18.95 8.4 BECCDE 1
-1.05 20 -6.3 EDE9E7 1
-1.05 20 9.45 EEEAE7 1
-1.05 21.05 -6.3 EFEBE8 1
-1.05 21.05 7.35 F3F0ED 1
-1.05 20 -3.15 E1DBD9 1
-1.05 21.05 -3.15 ECE8E6 1
-1.05 20 -2.1 ECE8E5 1
-1.05 20 -1.05 ECE8E6 1
-1.05 20 0 EEEAE8 1
-1.05 20 1.05 F5F1EF 1
-1.05 20 2.1 F4F1EE 1
-1.05 20 3.15 F4F0ED 1
-1.05 20 4.2 F5F2EF 1
-1.05 20 5.25 F5F1EE 1
-1.05 20 6.3 F0ECEA 1
-1.05 21.05 9.45 F0ECE9 1
-1.05 22.1 -5.25 FFFFFF 1
-1.05 22.1 -4.2 FFFFFF 1
-1.05 22.1 7.35 FFFFFF 1
-1.05 22.1 8.4 FFFFFF 1
0 4.25 -5.25 B69A98 1
0 3.2 8.4 4E3545 1
0 0.04999995 -8.4 F0ECE9 1
0 0.04999995 -5.25 F5F1EE 1
0 0.04999995 -7.35 EEE9E5 1
0 0.04999995 -6.3 EAE4E0 1
0 0.04999995 -4.2 AD989D 1
0 0.04999995 -3.15 978794 1
0 0.04999995 -2.1 8E7F90 1
0 0.04999995 -1.05 908596 1
0 0.04999995 0 898194 1
0 0.04999995 1.05 8B7E90 1
0 0.04999995 2.1 8F8596 1
0 0.04999995 3.15 928898 1
0 0.04999995 4.2 908495 1
0 0.04999995 5.25 8B7C8B 1
0 0.04999995 6.3 8B7C8D 1
0 0.04999995 7.35 917E8B 1
0 0.04999995 8.4 B1A1A6 1
0 1.1 -5.25 EFD0B8 1
0 1.1 8.4 EBD9CF 1
0 2.15 -5.25 EACAB2 1
0 2.15 8.4 202841 1
0 3.2 -5.25 E8C7B0 1
0 4.25 8.4 634D5C 1
0 5.3 -5.25 D6E5F4 1
0 20 -5.25 79758C 1
0 5.3 8.4 716B82 1
0 10.55 8.4 6F6B84 1
0 6.35 8.4 1F273F 1
0 7.4 8.4 1F2036 1
0 8.45 8.4 252A45 1
0 9.5 -5.25 C1CFE1 1
0 9.5 8.4 DFE1E6 1
0 10.55 -5.25 B8C6DA 1
0 20 8.4 625F7A 1
0 11.6 8.4 1F263F 1
0 12.65 8.4 EDE9E6 1
0 13.7 8.4 1F2036 1
0 14.75 -5.25 C6D4E4 1
0 14.75 8.4 C9D7E6 1
0 15.8 8.4 CAD8E7 1
0 16.85 8.4 C4D2E2 1
0 17.9 8.4 C5D3E3 1
0 18.95 8.4 BAC8DB 1
0 20 -6.3 EEEAE7 1
0 20 9.45 F0ECE9 1
0 21.05 -6.3 EDE8E5 1
0 21.05 7.35 F5F2F0 1
0 20 -3.15 E7E2E0 1
0 21.05 -4.2 EAE6E4 1
0 20 -2.1 EEEAE7 1
0 20 -1.05 EBE7E5 1
0 20 0 EDE8E6 1
0 20 1.05 EFEBE9 1
0 20 2.1 F3EFEC 1
0 20 3.15 F5F2EF 1
0 20 4.2 F5F2EF 1
0 20 5.25 F4F1EE 1
0 20 6.3 F0EDEA 1
0 21.05 9.45 F2EEEB 1
0 22.1 -5.25 FFFFFF 1
0 22.1 -4.2 FFFFFF 1
0 22.1 7.35 FFFFFF 1
0 22.1 8.4 FFFFFF 1
1.05 4.25 -5.25 B09494 1
1.05 0.04999995 -8.4 EFEAE8 1
1.05 0.04999995 -5.25 F6F2EF 1
1.05 0.04999995 -7.35 ECE7E5 1
1.05 0.04999995 -6.3 EDE8E5 1
1.05 0.04999995 -4.2 A6929A 1
1.05 0.04999995 -3.15 938493 1
1.05 0.04999995 -2.1 928493 1
1.05 0.04999995 -1.05 968897 1
1.05 0.04999995 0 8C8193 1
1.05 0.04999995 1.05 928797 1
1.05 0.04999995 2.1 8C8192 1
1.05 0.04999995 3.15 918797 1
1.05 0.04999995 4.2 837A8D 1
1.05 0.04999995 5.25 877D90 1
1.05 0.04999995 6.3 8B7F90 1
1.05 0.04999995 7.35 A2919B 1
1.05 0.04999995 8.4 B0A2A7 1
1.05 1.1 -4.2 7A6D90 1
1.05 2.15 -4.2 222942 1
1.05 3.2 -4.2 1F243C 1
1.05 4.25 8.4 6A5160 1
1.05 5.3 -5.25 B3C3DA 1
1.05 5.3 8.4 736B82 1
1.05 6.35 -5.25 1F2740 1
1.05 7.4 -5.25 6C6173 1
3.15 6.35 -5.25 C0B6B8 1
1.05 10.55 8.4 7C7B93 1
4.2 6.35 8.4 9E9DB0 1
3.15 7.4 -5.25 6D6274 1
4.2 7.4 8.4 A1A0B1 1
1.05 8.45 -5.25 1F223A 1
3.15 8.45 -5.25 8F838F 1
4.2 8.45 8.4 A1A0B2 1
1.05 9.5 -5.25 CAD9E8 1
1.05 10.55 -5.25 817E94 1
1.05 9.5 8.4 E5E7EB 1
1.05 11.6 -5.25 1F253D 1
1.05 12.65 -5.25 584F65 1
3.15 11.6 -5.25 BFB4B6 1
1.05 20 8.4 5D5973 1
4.2 11.6 8.4 9C99AA 1
1.05 13.7 -5.25 706577 1
4.2 12.65 -5.25 CFCED5 1
4.2 12.65 8.4 9D9CAF 1
3.15 13.7 -5.25 7C7488 1
4.2 13.7 8.4 B4B3C0 1
1.05 14.75 -5.25 C8D5E5 1
1.05 15.8 -5.25 7E7990 1
1.05 14.75 8.4 CBD9E8 1
1.05 17.9 -5.25 5C5266 1
4.2 15.8 -5.25 CFCED5 1
1.05 15.8 8.4 C5D3E4 1
1.05 16.85 -5.25 1F263F 1
3.15 16.85 -5.25 AFA3A8 1
1.05 16.85 8.4 C4D2E2 1
1.05 18.95 -5.25 63586C 1
4.2 17.9 -5.25 CAC8CF 1
1.05 17.9 8.4 C5D3E4 1
1.05 20 -5.25 888599 1
4.2 18.95 -5.25 CAC8D0 1
1.05 18.95 8.4 BFCDDF 1
1.05 20 -6.3 F1EDEA 1
1.05 20 9.45 F1EDEA 1
1.05 21.05 -6.3 EDE9E6 1
1.05 21.05 7.35 F6F3F0 1
1.05 20 -3.15 E7E2E0 1
1.05 21.05 -4.2 E9E4E2 1
1.05 20 -2.1 EDE8E6 1
1.05 20 -1.05 E6E1DF 1
1.05 20 0 E3DEDC 1
1.05 20 1.05 E9E4E3 1
1.05 20 2.1 EFEBE9 1
1.05 20 3.15 F2EEEB 1
1.05 20 4.2 F5F2EF 1
1.05 20 5.25 F3EFEC 1
1.05 20 6.3 F1EDEA 1
1.05 21.05 9.45 EFEBE9 1
1.05 22.1 -5.25 FFFFFF 1
1.05 22.1 -4.2 FFFFFF 1
1.05 22.1 7.35 FFFFFF 1
1.05 22.1 8.4 FFFFFF 1
2.1 4.25 -5.25 B89B98 1
2.1 23.15 -2.1 B4A8B0 1
2.1 23.15 -1.05 998C98 1
2.1 23.15 0 AB9EA7 1
2.1 4.25 8.4 725864 1
2.1 0.04999995 -8.4 EEE9E6 1
2.1 0.04999995 -5.25 F8F4F1 1
2.1 0.04999995 -7.35 EBE5E2 1
2.1 0.04999995 -6.3 E9E3E0 1
2.1 0.04999995 -4.2 9D8891 1
2.1 0.04999995 -3.15 8D7E8D 1
2.1 0.04999995 -2.1 8D8192 1
2.1 0.04999995 -1.05 8C8091 1
2.1 0.04999995 0 8C8193 1
2.1 0.04999995 1.05 897E8F 1
2.1 0.04999995 2.1 8D8293 1
2.1 0.04999995 3.15 8D8495 1
2.1 0.04999995 4.2 897E8F 1
2.1 0.04999995 5.25 8A7D8E 1
2.1 0.04999995 6.3 867A8D 1
2.1 0.04999995 7.35 9A8791 1
2.1 0.04999995 8.4 AFA1A7 1
2.1 1.1 -4.2 7A6D8F 1
2.1 1.1 8.4 F9F3EF 1
6.3 1.1 8.4 C99686 1
2.1 2.15 -4.2 212942 1
6.3 2.15 8.4 BB8C81 1
2.1 2.15 8.4 E6C4AC 1
2.1 3.2 -4.2 1F243D 1
6.3 3.2 8.4 B4867E 1
2.1 3.2 8.4 E7C6AE 1
2.1 5.3 -5.25 AFBFD7 1
2.1 5.3 8.4 6E657C 1
2.1 6.35 -5.25 212942 1
2.1 7.4 -5.25 695D6F 1
2.1 10.55 8.4 7B788F 1
2.1 6.35 8.4 212841 1
2.1 7.4 8.4 1F1E35 1
2.1 8.45 -5.25 1F233B 1
2.1 8.45 8.4 1F253D 1
2.1 9.5 -5.25 C8D7E7 1
2.1 10.55 -5.25 868499 1
2.1 9.5 8.4 E6E8ED 1
2.1 11.6 -5.25 202740 1
2.1 12.65 -5.25 584D62 1
2.1 20 8.4 605D79 1
2.1 11.6 8.4 202740 1
2.1 13.7 -5.25 695E71 1
2.1 12.65 8.4 EFEAE7 1
2.1 13.7 8.4 1F1F36 1
2.1 14.75 -5.25 C6D2E3 1
2.1 15.8 -5.25 7D7C93 1
2.1 14.75 8.4 CAD8E7 1
2.1 17.9 -5.25 5B5065 1
2.1 15.8 8.4 C7D5E5 1
2.1 16.85 -5.25 202740 1
2.1 16.85 8.4 C8D6E5 1
2.1 18.95 -5.25 5F556A 1
2.1 17.9 8.4 C4D2E2 1
2.1 20 -5.25 858094 1
2.1 18.95 8.4 BFCDDF 1
2.1 20 9.45 EBE7E4 1
2.1 21.05 -5.25 EFEAE7 1
2.1 21.05 7.35 F5F1EF 1
2.1 20 -3.15 E2DCDA 1
2.1 21.05 -4.2 DCD6D6 1
2.1 20 -2.1 D2C9CA 1
2.1 20 -1.05 B6AAB0 1
5.25 21.05 -1.05 4C466A 1
2.1 20 0 CAC1C3 1
2.1 20 1.05 A3969F 1
2.1 20 2.1 E4DFDE 1
2.1 20 3.15 EFECE9 1
2.1 20 4.2 F2EEEC 1
2.1 20 5.25 F5F2EF 1
2.1 20 6.3 F1EEEB 1
2.1 21.05 9.45 EDE9E6 1
2.1 22.1 -5.25 FFFFFF 1
2.1 22.1 -4.2 FFFFFF 1
5.25 22.1 0 2C2C4C 1
2.1 22.1 7.35 FFFFFF 1
2.1 22.1 8.4 FFFFFF 1
5.25 23.15 1.05 393557 1
2.1 23.15 2.1 786F94 1
2.1 24.2 -2.1 FFFFFF 1
2.1 28.4 0 FFFFFF 1
3.15 4.25 -5.25 B19391 1
3.15 23.15 -2.1 ADA0AA 1
3.15 23.15 -1.05 978A98 1
3.15 23.15 0 9B8E9B 1
3.15 23.15 1.05 8F8191 1
3.15 3.2 8.4 553746 1
3.15 0.04999995 -8.4 EEE9E6 1
3.15 0.04999995 -5.25 F8F5F2 1
3.15 0.04999995 -7.35 E9E3E0 1
3.15 0.04999995 -6.3 EAE3E0 1
3.15 0.04999995 -4.2 9F8992 1
3.15 0.04999995 -3.15 9A8995 1
3.15 0.04999995 -2.1 8E8292 1
3.15 0.04999995 -1.05 83798C 1
3.15 0.04999995 0 857A8D 1
3.15 0.04999995 1.05 877E91 1
3.15 0.04999995 2.1 857C8F 1
3.15 0.04999995 3.15 867C8F 1
3.15 0.04999995 4.2 938A9A 1
3.15 0.04999995 5.25 897C8E 1
3.15 0.04999995 6.3 897A8A 1
3.15 0.04999995 7.35 92808D 1
3.15 0.04999995 8.4 AA9CA2 1
3.15 1.1 -5.25 F1D3BB 1
3.15 1.1 8.4 EDDACE 1
3.15 2.15 -5.25 ECCCB4 1
3.15 2.15 8.4 D7AE9B 1
3.15 3.2 -5.25 E9C8B0 1
3.15 4.25 8.4 654E5D 1
3.15 5.3 -5.25 CCDBEB 1
3.15 20 -5.25 858095 1
3.15 5.3 8.4 78758D 1
4.2 6.35 -5.25 D2D1D7 1
3.15 10.55 8.4 716E87 1
3.15 6.35 8.4 EFEBE8 1
4.2 7.4 -5.25 CFCDD3 1
3.15 7.4 8.4 F0EDEA 1
4.2 8.45 -5.25 CDCBD1 1
3.15 8.45 8.4 EFEBE8 1
3.15 9.5 -5.25 C6D4E4 1
3.15 9.5 8.4 E6E8ED 1
3.15 10.55 -5.25 B4C2D7 1
4.2 11.6 -5.25 D2D0D6 1
3.15 20 8.4 5F5D77 1
3.15 11.6 8.4 EEEAE7 1
3.15 12.65 -5.25 B1BFD4 1
3.15 12.65 8.4 EEEAE7 1
4.2 13.7 -5.25 D6D4D9 1
3.15 13.7 8.4 F1EDEB 1
3.15 14.75 -5.25 BECCDE 1
3.15 14.75 8.4 CBD9E8 1
3.15 15.8 -5.25 ACB9CF 1
3.15 15.8 8.4 C4D2E3 1
4.2 16.85 -5.25 CECDD4 1
3.15 16.85 8.4 C8D6E6 1
3.15 17.9 -5.25 B2C0D6 1
3.15 17.9 8.4 C4D2E2 1
3.15 18.95 -5.25 B8C6DA 1
3.15 18.95 8.4 BECCDE 1
3.15 20 9.45 EEEAE7 1
3.15 21.05 -5.25 F1EDEA 1
3.15 21.05 7.35 F2EFEC 1
3.15 20 -3.15 D9D2D2 1
3.15 21.05 -4.2 D1C9CB 1
3.15 20 -2.1 D4CCCB 1
3.15 20 -1.05 ACA0A7 1
3.15 20 0 B8ACB1 1
3.15 20 1.05 A699A1 1
3.15 20 2.1 E1DBDA 1
3.15 20 3.15 EBE7E5 1
3.15 20 4.2 F2EEEC 1
3.15 20 5.25 F4F1EE 1
3.15 20 6.3 F1EEEB 1
3.15 21.05 9.45 EEEAE7 1
3.15 22.1 -2.1 6D658C 1
3.15 22.1 -5.25 FFFFFF 1
3.15 22.1 -4.2 FFFFFF 1
3.15 22.1 1.05 393558 1
3.15 22.1 2.1 6A6288 1
3.15 22.1 7.35 FFFFFF 1
3.15 22.1 8.4 FFFFFF 1
3.15 24.2 -1.05 FFFCF9 1
3.15 24.2 -2.1 FFFFFF 1
3.15 24.2 0 E9E4E1 1
3.15 24.2 1.05 EBE6E3 1
3.15 25.25 -1.05 F8F4F1 1
3.15 25.25 1.05 F9F6F3 1
3.15 26.3 -1.05 F3F0ED 1
3.15 26.3 1.05 F6F3F0 1
3.15 27.35 -2.1 FFFFFF 1
3.15 27.35 2.1 FFFFFF 1
3.15 28.4 -1.05 FFFFFF 1
3.15 28.4 1.05 FFFFFF 1
4.2 4.25 -5.25 B89A96 1
4.2 23.15 -2.1 B0A4AD 1
4.2 23.15 -1.05 8B7E8E 1
4.2 23.15 0 9A8C9A 1
4.2 23.15 1.05 908291 1
4.2 3.2 8.4 4C3445 1
4.2 0.04999995 -8.4 EEEAE7 1
4.2 0.04999995 -5.25 F7F3F0 1
4.2 0.04999995 -7.35 E9E3E0 1
4.2 0.04999995 -6.3 EAE4E1 1
4.2 0.04999995 -4.2 988591 1
4.2 0.04999995 -3.15 8D7B89 1
4.2 0.04999995 -2.1 867B8E 1
4.2 0.04999995 -1.05 877D8F 1
4.2 0.04999995 0 8A7E90 1
4.2 0.04999995 1.05 8B8193 1
4.2 0.04999995 2.1 8D8192 1
4.2 0.04999995 3.15 82798C 1
4.2 0.04999995 4.2 857C8F 1
4.2 0.04999995 5.25 8D8192 1
4.2 0.04999995 6.3 85798B 1
4.2 0.04999995 7.35 9D8A95 1
4.2 0.04999995 8.4 B09FA3 1
4.2 1.1 -5.25 F1D4BC 1
4.2 1.1 8.4 EAD6C9 1
4.2 2.15 -5.25 EAC9B1 1
4.2 2.15 8.4 202740 1
4.2 3.2 -5.25 E7C5AE 1
4.2 4.25 8.4 6D5461 1
4.2 5.3 -5.25 CCDAEA 1
4.2 20 -5.25 838096 1
4.2 5.3 8.4 726B82 1
4.2 10.55 8.4 787288 1
4.2 9.5 -5.25 C2D0E2 1
4.2 9.5 8.4 E7E9EE 1
4.2 10.55 -5.25 B8C5D9 1
4.2 20 8.4 59556F 1
4.2 14.75 -5.25 C4D2E3 1
4.2 14.75 8.4 C9D7E7 1
4.2 15.8 8.4 C9D6E6 1
4.2 16.85 8.4 C7D5E5 1
4.2 17.9 8.4 C5D3E4 1
4.2 18.95 8.4 BDCBDD 1
4.2 20 9.45 EFEBE8 1
4.2 21.05 -5.25 ECE7E4 1
4.2 21.05 -2.1 71688E 1
4.2 20 -3.15 DED8D7 1
4.2 21.05 -4.2 D4CCCD 1
4.2 20 -2.1 D1C9CA 1
4.2 20 -1.05 AEA2A9 1
4.2 21.05 1.05 4E476B 1
4.2 20 0 ADA1A8 1
4.2 20 1.05 9B8D98 1
4.2 20 2.1 DFD9D9 1
4.2 21.05 7.35 F3F0ED 1
4.2 21.05 2.1 7D759A 1
4.2 20 3.15 ECE8E6 1
4.2 20 4.2 F2EEEB 1
4.2 20 5.25 F3EFED 1
4.2 20 6.3 F0ECE9 1
4.2 21.05 9.45 EEEAE7 1
4.2 22.1 -5.25 FFFFFF 1
4.2 22.1 -4.2 FFFFFF 1
4.2 22.1 7.35 FFFFFF 1
4.2 22.1 8.4 FFFFFF 1
4.2 24.2 -1.05 FFFCF9 1
4.2 24.2 -2.1 FFFFFF 1
4.2 24.2 0 E9E4E1 1
4.2 27.35 1.05 ECE7E5 1
4.2 24.2 1.05 F7F3F0 1
4.2 25.25 -1.05 F8F4F1 1
4.2 25.25 1.05 F8F4F1 1
4.2 26.3 -1.05 F3EFEC 1
4.2 26.3 1.05 F6F3F0 1
4.2 27.35 -2.1 FFFFFF 1
4.2 27.35 -1.05 FFFFFF 1
4.2 28.4 0 FFFFFF 1
5.25 4.25 -5.25 AF9190 1
5.25 23.15 -2.1 C8BEC1 1
5.25 23.15 -1.05 B0A3AA 1
5.25 23.15 0 B7ABB1 1
5.25 3.2 8.4 4C3344 1
5.25 0.04999995 -8.4 EEE9E6 1
5.25 0.04999995 -5.25 F5F1EE 1
5.25 0.04999995 -7.35 ECE7E3 1
5.25 0.04999995 -6.3 EBE5E1 1
5.25 0.04999995 -4.2 9C8791 1
5.25 0.04999995 -3.15 8B7D8E 1
5.25 0.04999995 -2.1 897A8A 1
5.25 0.04999995 -1.05 8C8293 1
5.25 0.04999995 0 867C8F 1
5.25 0.04999995 1.05 887E90 1
5.25 0.04999995 2.1 887D8F 1
5.25 0.04999995 3.15 8B8091 1
5.25 0.04999995 4.2 887E90 1
5.25 0.04999995 5.25 847688 1
5.25 0.04999995 6.3 867787 1
5.25 0.04999995 7.35 96828E 1
5.25 0.04999995 8.4 A8979E 1
5.25 1.1 -4.2 796C8E 1
5.25 1.1 8.4 E1BCA7 1
5.25 2.15 -4.2 212841 1
5.25 2.15 8.4 212841 1
5.25 3.2 -4.2 1F2239 1
5.25 4.25 8.4 5F4A5B 1
5.25 5.3 -5.25 B3C2D9 1
5.25 5.3 8.4 67627B 1
5.25 6.35 -5.25 212841 1
5.25 7.4 -5.25 63586C 1
6.3 6.35 -5.25 C4BABC 1
5.25 10.55 8.4 6F6B83 1
5.25 6.35 8.4 222A44 1
6.3 7.4 -5.25 6E6274 1
5.25 7.4 8.4 1F1E34 1
5.25 8.45 -5.25 1F233B 1
6.3 8.45 -5.25 968A94 1
5.25 8.45 8.4 1F233A 1
5.25 9.5 -5.25 CDDBEA 1
5.25 10.55 -5.25 8A869B 1
5.25 9.5 8.4 E7E9ED 1
5.25 11.6 -5.25 212841 1
5.25 12.65 -5.25 605568 1
6.3 11.6 -5.25 B7ACAF 1
5.25 20 8.4 595672 1
5.25 11.6 8.4 212841 1
5.25 13.7 -5.25 675D71 1
5.25 12.65 8.4 EFEAE8 1
6.3 13.7 -5.25 7B7284 1
5.25 13.7 8.4 1F1E34 1
5.25 14.75 -5.25 C3D1E2 1
5.25 15.8 -5.25 85849A 1
5.25 14.75 8.4 CCDAE9 1
5.25 17.9 -5.25 9A929E 1
5.25 15.8 8.4 C5D4E4 1
5.25 16.85 -5.25 1F263F 1
6.3 16.85 -5.25 B7ABB0 1
5.25 16.85 8.4 C6D4E4 1
5.25 18.95 -5.25 9E95A0 1
5.25 17.9 8.4 C5D3E3 1
5.25 20 -5.25 848095 1
5.25 18.95 8.4 BECCDF 1
5.25 20 9.45 EDE9E7 1
5.25 21.05 -5.25 EEEAE8 1
5.25 21.05 7.35 EFECE9 1
5.25 20 -3.15 E4DEDC 1
5.25 21.05 -4.2 E0DBDA 1
5.25 20 -2.1 E1DBDA 1
5.25 20 -1.05 D4CCCC 1
7.35 21.05 -1.05 DAD3D3 1
5.25 20 0 D9D3D2 1
5.25 20 1.05 D6CFCF 1
5.25 20 2.1 EAE6E4 1
5.25 20 3.15 EFECE9 1
5.25 20 4.2 F1EEEB 1
5.25 20 5.25 F1EDEA 1
5.25 20 6.3 F0ECE9 1
5.25 21.05 9.45 F1EEEB 1
5.25 22.1 -5.25 FFFFFF 1
5.25 22.1 -4.2 FFFFFF 1
5.25 22.1 7.35 FFFFFF 1
5.25 22.1 8.4 FFFFFF 1
5.25 24.2 -2.1 FFFFFF 1
5.25 24.2 -1.05 FFFFFF 1
5.25 27.35 0 F0EDEA 1
5.25 24.2 0 FFFFFF 1
5.25 24.2 1.05 FFFFFF 1
5.25 25.25 0 F8F5F2 1
5.25 26.3 0 F6F2EF 1
5.25 27.35 -1.05 FFFFFF 1
5.25 27.35 1.05 FFFFFF 1
6.3 4.25 -5.25 AE908F 1
6.3 0.04999995 -8.4 EDE8E5 1
6.3 0.04999995 -5.25 FAF7F4 1
6.3 0.04999995 -7.35 EBE6E3 1
6.3 0.04999995 -6.3 EAE4E2 1
6.3 0.04999995 -4.2 9C8A94 1
6.3 0.04999995 -3.15 8D7C8B 1
6.3 0.04999995 -2.1 847384 1
6.3 0.04999995 -1.05 857789 1
6.3 0.04999995 0 897988 1
6.3 0.04999995 1.05 877A8B 1
6.3 0.04999995 2.1 8A7E90 1
6.3 0.04999995 3.15 8D7E8D 1
6.3 0.04999995 4.2 867A8B 1
6.3 0.04999995 5.25 857585 1
6.3 0.04999995 6.3 8A7B8C 1
6.3 0.04999995 7.35 98858F 1
6.3 0.04999995 8.4 A29198 1
6.3 1.1 -4.2 7D7093 1
6.3 2.15 -4.2 20273F 1
6.3 3.2 -4.2 1F243C 1
6.3 4.25 8.4 6B515E 1
6.3 5.3 -5.25 B3C2D8 1
6.3 20 8.4 5A5873 1
6.3 5.3 8.4 E4E4E7 1
6.3 6.35 8.4 CCCBD3 1
6.3 7.4 8.4 CACAD2 1
6.3 8.45 8.4 CBCCD5 1
6.3 9.5 -5.25 CCDAEA 1
6.3 10.55 -5.25 797287 1
6.3 9.5 8.4 CAD8E8 1
6.3 10.55 8.4 B0BED3 1
6.3 12.65 -5.25 61566A 1
6.3 11.6 8.4 C6C7D2 1
6.3 12.65 8.4 CBCDD7 1
6.3 13.7 8.4 C1C2CD 1
6.3 14.75 -5.25 C0CEE0 1
6.3 15.8 -5.25 878397 1
6.3 14.75 8.4 C5D3E3 1
6.3 17.9 -5.25 5A5065 1
6.3 15.8 8.4 C9D7E6 1
6.3 16.85 8.4 C8D6E5 1
6.3 18.95 -5.25 665A6D 1
6.3 17.9 8.4 C1CFE1 1
6.3 20 -5.25 8C889B 1
6.3 18.95 8.4 BCCADC 1
6.3 20 9.45 EFEBE9 1
6.3 21.05 -5.25 EEEAE8 1
6.3 21.05 7.35 F3F0ED 1
6.3 20 -3.15 E1DBD9 1
6.3 21.05 -4.2 E6E1E0 1
6.3 20 -2.1 DFD9D8 1
6.3 20 -1.05 DDD7D6 1
6.3 20 0 DCD5D4 1
6.3 20 1.05 E5E0DE 1
6.3 20 2.1 EAE6E4 1
6.3 20 3.15 EDE9E6 1
6.3 20 4.2 EDE9E6 1
6.3 20 5.25 EDE9E7 1
6.3 20 6.3 EDE9E6 1
6.3 21.05 9.45 EFEBE9 1
6.3 22.1 -5.25 FFFFFF 1
6.3 22.1 -4.2 FFFFFF 1
6.3 22.1 7.35 FFFFFF 1
6.3 22.1 8.4 FFFFFF 1
7.35 4.25 -5.25 AA8989 1
7.35 4.25 8.4 6A515E 1
7.35 0.04999995 -8.4 F1EDEA 1
7.35 0.04999995 -5.25 F7F4F1 1
7.35 0.04999995 -7.35 F0EBE9 1
7.35 0.04999995 -6.3 EAE5E2 1
7.35 0.04999995 -4.2 A58D92 1
7.35 0.04999995 -3.15 9B8993 1
7.35 0.04999995 -2.1 8F7E8C 1
7.35 0.04999995 -1.05 97848F 1
7.35 0.04999995 0 9C8A95 1
7.35 0.04999995 1.05 94818E 1
7.35 0.04999995 2.1 95838E 1
7.35 0.04999995 3.15 8E7E8C 1
7.35 0.04999995 4.2 917F8D 1
7.35 0.04999995 5.25 8B7C8B 1
7.35 0.04999995 6.3 95818C 1
7.35 0.04999995 7.35 9F8A92 1
7.35 0.04999995 8.4 AC9AA0 1
7.35 1.1 -5.25 F0D0B7 1
7.35 1.1 8.4 FCF5EF 1
7.35 2.15 -5.25 E9C8B0 1
7.35 2.15 8.4 EAC9B1 1
7.35 3.2 -5.25 E6C3AC 1
7.35 3.2 8.4 E6C3AC 1
7.35 5.3 -5.25 CBDAEA 1
7.35 20 -5.25 7F7D95 1
7.35 20 8.4 58556F 1
7.35 5.3 8.4 F3F2F3 1
7.35 6.35 -5.25 BCCADE 1
7.35 6.35 8.4 C4D2E3 1
7.35 7.4 -5.25 BBCADD 1
7.35 7.4 8.4 C6D4E4 1
7.35 8.45 -5.25 BAC8DB 1
7.35 8.45 8.4 C5D3E3 1
7.35 9.5 -5.25 C4D2E3 1
7.35 9.5 8.4 C6D4E4 1
7.35 10.55 -5.25 BDCBDD 1
7.35 10.55 8.4 C5D2E3 1
7.35 11.6 -5.25 BBCADE 1
7.35 11.6 8.4 C7D5E5 1
7.35 12.65 -5.25 B4C2D7 1
7.35 12.65 8.4 C5D3E4 1
7.35 13.7 -5.25 BFCEE0 1
7.35 13.7 8.4 C7D5E5 1
7.35 14.75 -5.25 C3D1E2 1
7.35 14.75 8.4 C6D4E4 1
7.35 15.8 -5.25 B7C5D9 1
7.35 15.8 8.4 C7D5E5 1
7.35 16.85 -5.25 B7C5D9 1
7.35 16.85 8.4 CAD7E7 1
7.35 17.9 -5.25 C1CFE1 1
7.35 17.9 8.4 C5D2E3 1
7.35 18.95 -5.25 B1BED4 1
7.35 18.95 8.4 BDCADD 1
7.35 20 9.45 F0ECE9 1
7.35 21.05 -5.25 ECE8E5 1
7.35 21.05 9.45 EEE9E7 1
7.35 22.1 -5.25 FFFFFF 1
7.35 22.1 -4.2 FFFFFF 1
7.35 22.1 -3.15 FFFFFF 1
7.35 22.1 -2.1 FFFFFF 1
7.35 22.1 -1.05 FFFFFF 1
7.35 22.1 0 FFFFFF 1
7.35 22.1 1.05 FFFFFF 1
7.35 22.1 2.1 FFFFFF 1
7.35 22.1 3.15 FFFFFF 1
7.35 22.1 4.2 FFFFFF 1
7.35 22.1 5.25 FFFFFF 1
7.35 22.1 6.3 FFFFFF 1
7.35 22.1 7.35 FFFFFF 1
7.35 22.1 8.4 FFFFFF 1
8.4 4.25 -5.25 8C7179 1
8.4 4.25 -4.2 694F5D 1
8.4 4.25 -3.15 694F5D 1
8.4 4.25 -2.1 694F5D 1
8.4 4.25 -1.05 634B5B 1
8.4 4.25 0 6A505E 1
8.4 4.25 1.05 5C485A 1
8.4 4.25 2.1 6C5260 1
8.4 4.25 3.15 68515F 1
8.4 4.25 4.2 5F4959 1
8.4 4.25 5.25 2C2740 1
8.4 4.25 6.3 29263E 1
8.4 1.1 7.35 3A324E 1
8.4 4.25 8.4 5F4A5A 1
8.4 0.04999995 -8.4 F4F0ED 1
8.4 0.04999995 -5.25 F3EFEB 1
8.4 0.04999995 -7.35 F1EDEA 1
8.4 0.04999995 -6.3 EFEAE7 1
8.4 0.04999995 -4.2 B4A1A5 1
8.4 0.04999995 -3.15 AD999F 1
8.4 0.04999995 -2.1 A49299 1
8.4 0.04999995 -1.05 A9989F 1
8.4 0.04999995 0 A39098 1
8.4 0.04999995 1.05 A1919A 1
8.4 0.04999995 2.1 A5949C 1
8.4 0.04999995 3.15 A19099 1
8.4 0.04999995 4.2 9C8A93 1
8.4 0.04999995 5.25 9E8B92 1
8.4 0.04999995 6.3 A6939A 1
8.4 0.04999995 7.35 AB999F 1
8.4 0.04999995 8.4 B4A7AB 1
8.4 1.1 -5.25 E9C8AF 1
8.4 1.1 -4.2 F8F1EC 1
8.4 1.1 -3.15 F6EEE9 1
8.4 1.1 -2.1 F8F0EB 1
8.4 1.1 -1.05 F6EEE9 1
8.4 1.1 0 F5EFEA 1
8.4 1.1 1.05 F8F0EB 1
8.4 1.1 2.1 F5EFEB 1
8.4 1.1 3.15 F6EFEA 1
8.4 1.1 4.2 F4EDE8 1
8.4 1.1 5.25 F6EEE8 1
8.4 1.1 6.3 F6EEE9 1
8.4 1.1 8.4 FBF5F0 1
8.4 2.15 -5.25 E5C2AB 1
8.4 2.15 -4.2 DFB8A2 1
8.4 2.15 7.35 3D3451 1
8.4 2.15 -3.15 1F233B 1
8.4 2.15 -2.1 20263F 1
8.4 2.15 -1.05 1F263F 1
8.4 2.15 0 1F243C 1
8.4 2.15 1.05 DEB7A1 1
8.4 2.15 2.1 E0B9A4 1
8.4 2.15 3.15 1F263F 1
8.4 2.15 4.2 1F253E 1
8.4 2.15 5.25 1F263E 1
8.4 2.15 6.3 1F263E 1
8.4 4.25 7.35 312B47 1
8.4 2.15 8.4 DAB19D 1
8.4 3.2 -5.25 E8C6AE 1
8.4 3.2 -4.2 E2BCA5 1
8.4 3.2 7.35 443958 1
8.4 3.2 -3.15 1F1E34 1
8.4 3.2 -2.1 1F2139 1
8.4 3.2 -1.05 1F2137 1
8.4 3.2 0 1F233A 1
8.4 3.2 1.05 E4BFA8 1
8.4 3.2 2.1 E1BCA5 1
8.4 3.2 3.15 1F233A 1
8.4 3.2 4.2 1F2138 1
8.4 3.2 5.25 1F233B 1
8.4 3.2 6.3 1F2139 1
8.4 3.2 8.4 DBB49F 1
8.4 5.3 -5.25 D9E7F4 1
8.4 20 -5.25 756D82 1
8.4 20 -4.2 68617B 1
8.4 5.3 -4.2 F5F4F4 1
8.4 20 -3.15 666079 1
8.4 5.3 -3.15 F0EFF1 1
8.4 5.3 -2.1 6C6076 1
8.4 5.3 -1.05 736C82 1
8.4 5.3 0 78728B 1
8.4 5.3 1.05 70667C 1
8.4 5.3 2.1 665F78 1
8.4 20 3.15 6C657F 1
8.4 5.3 3.15 D4D3D8 1
8.4 5.3 4.2 6B647B 1
8.4 5.3 5.25 736B82 1
8.4 20 6.3 69657F 1
8.4 5.3 6.3 EDECED 1
8.4 20 7.35 6B6780 1
8.4 5.3 7.35 F4F3F3 1
8.4 20 8.4 595169 1
8.4 5.3 8.4 FCFCFB 1
8.4 6.35 -5.25 C8D5E4 1
8.4 6.35 -4.2 C0CDDF 1
8.4 6.35 -2.1 C0BDC6 1
8.4 6.35 -3.15 BDCADD 1
8.4 10.55 -2.1 746D85 1
8.4 6.35 0 9592A5 1
8.4 10.55 -1.05 726B83 1
8.4 6.35 -1.05 1F2540 1
8.4 10.55 0 77738C 1
8.4 10.55 1.05 79768E 1
8.4 6.35 1.05 1F2642 1
8.4 6.35 3.15 9592A5 1
8.4 10.55 2.1 757189 1
8.4 6.35 2.1 202642 1
8.4 10.55 4.2 76738B 1
8.4 6.35 4.2 1F243F 1
8.4 10.55 5.25 6F6A82 1
8.4 6.35 5.25 232844 1
8.4 6.35 6.3 BAC8DC 1
8.4 6.35 7.35 C3D0E1 1
8.4 6.35 8.4 C6D2E3 1
8.4 7.4 -5.25 C5D3E4 1
8.4 7.4 -4.2 C1CDDF 1
8.4 7.4 -2.1 C4C5D0 1
8.4 7.4 -3.15 BDCADD 1
8.4 7.4 0 908DA2 1
8.4 7.4 -1.05 414261 1
8.4 7.4 1.05 404160 1
8.4 7.4 3.15 9E9DAF 1
8.4 7.4 2.1 424362 1
8.4 7.4 4.2 393A58 1
8.4 7.4 5.25 414261 1
8.4 7.4 6.3 B8C5D9 1
8.4 7.4 7.35 C2CFE0 1
8.4 7.4 8.4 C2D0E1 1
8.4 8.45 -5.25 C5D3E3 1
8.4 8.45 -4.2 C1CEE0 1
8.4 8.45 -2.1 BCBCCA 1
8.4 8.45 -3.15 BECBDD 1
8.4 8.45 0 A3A1B3 1
8.4 8.45 -1.05 252A47 1
8.4 8.45 1.05 2A2F4E 1
8.4 8.45 3.15 9696AA 1
8.4 8.45 2.1 282D4B 1
8.4 8.45 4.2 282D4A 1
8.4 8.45 5.25 2D314F 1
8.4 8.45 6.3 BBC9DC 1
8.4 8.45 7.35 C1CEE0 1
8.4 8.45 8.4 C5D2E3 1
8.4 9.5 -5.25 C6D4E4 1
8.4 9.5 -4.2 C5D1E2 1
8.4 9.5 -3.15 C3D1E2 1
8.4 9.5 -2.1 E1E3E8 1
8.4 9.5 -1.05 DFE0E7 1
8.4 9.5 0 DBDEE5 1
8.4 9.5 1.05 DEE0E6 1
8.4 9.5 2.1 D9DAE0 1
8.4 9.5 3.15 C7D4E4 1
8.4 9.5 4.2 DDE0E7 1
8.4 9.5 5.25 DCDEE6 1
8.4 9.5 6.3 C5D2E2 1
8.4 9.5 7.35 C5D3E4 1
8.4 9.5 8.4 C1CEDF 1
8.4 10.55 -5.25 C0CEE0 1
8.4 10.55 -4.2 C5D1E2 1
8.4 10.55 -3.15 BFCBDD 1
8.4 10.55 3.15 AEBAD0 1
8.4 10.55 6.3 BBC7DA 1
8.4 10.55 7.35 C4D1E2 1
8.4 10.55 8.4 C4D1E2 1
8.4 11.6 -5.25 C0CEE0 1
8.4 11.6 -4.2 C0CEDF 1
8.4 11.6 -2.1 C1C4D2 1
8.4 11.6 -3.15 C0CDDF 1
8.4 20 -2.1 645E77 1
8.4 11.6 0 9A9BB1 1
8.4 20 -1.05 6D6781 1
8.4 11.6 -1.05 1F233D 1
8.4 20 0 6D6880 1
8.4 20 1.05 67637D 1
8.4 11.6 1.05 1F243E 1
8.4 11.6 3.15 9B9DB3 1
8.4 20 2.1 65617A 1
8.4 11.6 2.1 1F233D 1
8.4 20 4.2 67627C 1
8.4 11.6 4.2 1F233D 1
8.4 20 5.25 65617B 1
8.4 11.6 5.25 222844 1
8.4 11.6 6.3 BBC8DB 1
8.4 11.6 7.35 C2CFE0 1
8.4 11.6 8.4 C0CDDF 1
8.4 12.65 -5.25 C5D2E3 1
8.4 12.65 -4.2 C6D3E4 1
8.4 12.65 -2.1 BABAC7 1
8.4 12.65 -3.15 C1CEDF 1
8.4 12.65 0 9D9FB4 1
8.4 12.65 -1.05 848CA8 1
8.4 12.65 1.05 8087A4 1
8.4 12.65 3.15 9B9CB0 1
8.4 12.65 2.1 7B819E 1
8.4 12.65 4.2 7D83A0 1
8.4 12.65 5.25 868EAA 1
8.4 12.65 6.3 BDCBDE 1
8.4 12.65 7.35 C4D1E2 1
8.4 12.65 8.4 C7D4E4 1
8.4 13.7 -5.25 C5D3E3 1
8.4 13.7 -4.2 C6D3E4 1
8.4 13.7 -2.1 C3C4CF 1
8.4 13.7 -3.15 C6D3E3 1
8.4 13.7 0 A9ABBD 1
8.4 13.7 -1.05 717898 1
8.4 13.7 1.05 727A99 1
8.4 13.7 3.15 A6A7BA 1
8.4 13.7 2.1 717898 1
8.4 13.7 4.2 6D7392 1
8.4 13.7 5.25 6E7696 1
8.4 13.7 6.3 BDCBDE 1
8.4 13.7 7.35 C4D1E2 1
8.4 13.7 8.4 C2CFE1 1
8.4 14.75 -5.25 C6D4E4 1
8.4 14.75 -4.2 C7D4E4 1
8.4 14.75 -3.15 CBD8E7 1
8.4 14.75 -2.1 C7D3E4 1
8.4 14.75 -1.05 CBD8E8 1
8.4 14.75 0 CDDAE9 1
8.4 14.75 1.05 CBD8E7 1
8.4 14.75 2.1 CEDAE9 1
8.4 14.75 3.15 C4D1E2 1
8.4 14.75 4.2 CCD9E8 1
8.4 14.75 5.25 C9D6E6 1
8.4 14.75 6.3 C8D5E5 1
8.4 14.75 7.35 C4D2E3 1
8.4 14.75 8.4 CAD7E6 1
8.4 15.8 -5.25 C7D5E5 1
8.4 15.8 -4.2 C8D4E4 1
8.4 15.8 -3.15 C7D4E4 1
8.4 15.8 -2.1 C4D1E1 1
8.4 15.8 -1.05 C7D3E4 1
8.4 15.8 0 C5D1E2 1
8.4 15.8 1.05 CBD8E7 1
8.4 15.8 2.1 CAD6E6 1
8.4 15.8 3.15 C4D0E1 1
8.4 15.8 4.2 C9D5E5 1
8.4 15.8 5.25 C8D5E5 1
8.4 15.8 6.3 C7D4E5 1
8.4 15.8 7.35 C7D3E4 1
8.4 15.8 8.4 C6D3E3 1
8.4 16.85 -5.25 C9D7E6 1
8.4 16.85 -4.2 C8D4E4 1
8.4 16.85 -3.15 C4D1E2 1
8.4 16.85 -2.1 C3D0E1 1
8.4 16.85 -1.05 C5D3E3 1
8.4 16.85 0 C6D3E3 1
8.4 16.85 1.05 C3D0E1 1
8.4 16.85 2.1 C8D4E4 1
8.4 16.85 3.15 C9D6E6 1
8.4 16.85 4.2 C5D2E2 1
8.4 16.85 5.25 C6D3E4 1
8.4 16.85 6.3 CAD7E6 1
8.4 16.85 7.35 C8D5E5 1
8.4 16.85 8.4 C1CFE0 1
8.4 17.9 -5.25 C5D2E3 1
8.4 17.9 -4.2 C6D3E3 1
8.4 17.9 -3.15 C0CCDE 1
8.4 17.9 -2.1 C5D2E3 1
8.4 17.9 -1.05 C7D5E5 1
8.4 17.9 0 CAD7E6 1
8.4 17.9 1.05 C6D3E4 1
8.4 17.9 2.1 C7D5E5 1
8.4 17.9 3.15 C8D5E5 1
8.4 17.9 4.2 C5D2E2 1
8.4 17.9 5.25 C6D3E4 1
8.4 17.9 6.3 C7D3E3 1
8.4 17.9 7.35 C7D4E4 1
8.4 17.9 8.4 C6D2E3 1
8.4 18.95 -5.25 BFCDDF 1
8.4 18.95 -4.2 C1CEDF 1
8.4 18.95 -3.15 C3D0E1 1
8.4 18.95 -2.1 BFCCDE 1
8.4 18.95 -1.05 C1CFE0 1
8.4 18.95 0 BBC8DB 1
8.4 18.95 1.05 C0CDDF 1
8.4 18.95 2.1 C3D0E1 1
8.4 18.95 3.15 C1CEDF 1
8.4 18.95 4.2 C3D0E1 1
8.4 18.95 5.25 C1CEE0 1
8.4 18.95 6.3 B9C7DA 1
8.4 18.95 7.35 C2CFE0 1
8.4 18.95 8.4 C1CDDF 1
8.4 20 9.45 EDE9E7 1
8.4 21.05 -5.25 EEEAE7 1
8.4 21.05 9.45 F1EDEA 1
8.4 22.1 -5.25 FFFFFF 1
8.4 22.1 -4.2 FFFFFF 1
8.4 22.1 -3.15 FFFFFF 1
8.4 22.1 -2.1 FFFFFF 1
8.4 22.1 -1.05 FFFFFF 1
8.4 22.1 0 FFFFFF 1
8.4 22.1 1.05 FFFFFF 1
8.4 22.1 2.1 FFFFFF 1
8.4 22.1 3.15 FFFFFF 1
8.4 22.1 4.2 FFFFFF 1
8.4 22.1 5.25 FFFFFF 1
8.4 22.1 6.3 FFFFFF 1
8.4 22.1 7.35 FFFFFF 1
8.4 22.1 8.4 FFFFFF 1
9.45 20 -5.25 F1EDEA 1
9.45 20 -4.2 F2EEEB 1
9.45 20 -3.15 F1EDEA 1
9.45 20 -2.1 EFEAE7 1
9.45 20 -1.05 F1EDEA 1
9.45 20 0 EFEBE8 1
9.45 20 1.05 EFEBE8 1
9.45 20 2.1 F2EDEA 1
9.45 20 3.15 F3EFEC 1
9.45 20 4.2 F1ECE9 1
9.45 20 5.25 F0ECE9 1
9.45 20 6.3 F1ECE9 1
9.45 20 7.35 F1ECE9 1
9.45 20 8.4 F1EDEA 1
9.45 21.05 -5.25 F1EDEA 1
9.45 21.05 -4.2 F0EBE8 1
9.45 21.05 -3.15 F0EBE8 1
9.45 21.05 -2.1 F2EEEA 1
9.45 21.05 -1.05 F2EEEB 1
9.45 21.05 0 F0ECE9 1
9.45 21.05 1.05 F1EDEA 1
9.45 21.05 2.1 F1EDEA 1
9.45 21.05 3.15 F1ECE9 1
9.45 21.05 4.2 F2EEEA 1
9.45 21.05 5.25 F1ECE9 1
9.45 21.05 6.3 EFEBE8 1
9.45 21.05 7.35 F0EBE8 1
9.45 21.05 8.4 F0ECE9 1
