10.08 0.2 -2.52 5E4625 1.26
10.08 1.46 3.78 5E4625 1.26
10.08 1.46 -2.52 5E4625 1.26
10.08 2.72 3.78 5E4625 1.26
10.08 2.72 2.52 5E4625 1.26
10.08 2.72 1.26 5E4625 1.26
10.08 2.72 0 5E4625 1.26
10.08 2.72 -1.26 5E4625 1.26
10.08 2.72 -2.52 5E4625 1.26
10.08 3.98 3.78 5E4625 1.26
10.08 3.98 2.52 5E4625 1.26
10.08 3.98 1.26 5E4625 1.26
10.08 3.98 0 5E4625 1.26
10.08 3.98 -1.26 5E4625 1.26
10.08 3.98 -2.52 5E4625 1.26
8.820001 3.98 -3.78 AC3435 1.26
10.08 5.24 3.78 5E4625 1.26
10.08 5.24 2.52 5E4625 1.26
10.08 5.24 1.26 5E4625 1.26
10.08 5.24 0 5E4625 1.26
10.08 5.24 -1.26 5E4625 1.26
10.08 5.24 -2.52 5E4625 1.26
8.820001 5.24 -3.78 AC3435 1.26
10.08 6.5 3.78 5E4625 1.26
10.08 6.5 2.52 5E4625 1.26
10.08 6.5 1.26 5E4625 1.26
10.08 6.5 0 5E4625 1.26
10.08 6.5 -1.26 5E4625 1.26
10.08 6.5 -2.52 5E4625 1.26
10.08 7.76 3.78 5E4625 1.26
10.08 7.76 2.52 5E4625 1.26
10.08 7.76 1.26 5E4625 1.26
10.08 7.76 0 5E4625 1.26
10.08 7.76 -1.26 5E4625 1.26
10.08 7.76 -2.52 5E4625 1.26
10.08 9.02 3.78 5E4625 1.26
10.08 9.02 2.52 5E4625 1.26
10.08 9.02 1.26 5E4625 1.26
10.08 9.02 0 5E4625 1.26
10.08 9.02 -1.26 5E4625 1.26
10.08 9.02 -2.52 5E4625 1.26
8.820001 10.28 3.78 8E2B29 1.26
7.56 11.54 3.78 D14944 1.26
3.78 12.8 3.78 D14944 1.26
8.820001 2.72 3.78 4A381C 1.26
8.820001 2.72 2.52 4A381C 1.26
8.820001 2.72 1.26 4A381C 1.26
8.820001 2.72 0 4A381C 1.26
8.820001 2.72 -1.26 4A381C 1.26
8.820001 2.72 -2.52 4A381C 1.26
8.820001 0.2 5.04 73572E 1.26
-8.820001 0.2 3.78 5E4625 1.26
8.820001 0.2 -2.52 73572E 1.26
8.820001 0.2 3.78 73572E 1.26
-8.820001 0.2 -2.52 5E4625 1.26
8.820001 0.2 -3.78 73572E 1.26
8.820001 1.46 5.04 73572E 1.26
-8.820001 1.46 3.78 5E4625 1.26
8.820001 1.46 -2.52 73572E 1.26
8.820001 1.46 3.78 73572E 1.26
-8.820001 1.46 -2.52 5E4625 1.26
8.820001 1.46 -3.78 73572E 1.26
8.820001 2.72 5.04 73572E 1.26
8.820001 2.72 -3.78 73572E 1.26
8.820001 3.98 5.04 73572E 1.26
8.820001 5.24 5.04 73572E 1.26
8.820001 6.5 5.04 73572E 1.26
-8.820001 6.5 2.52 684E29 1.26
-8.820001 6.5 1.26 684E29 1.26
-8.820001 6.5 0 684E29 1.26
-8.820001 6.5 -1.26 684E29 1.26
-8.820001 6.5 -2.52 684E29 1.26
8.820001 6.5 -3.78 73572E 1.26
8.820001 7.76 5.04 73572E 1.26
-8.820001 7.76 2.52 684E29 1.26
-8.820001 7.76 1.26 684E29 1.26
-8.820001 7.76 0 684E29 1.26
-8.820001 7.76 -1.26 684E29 1.26
-8.820001 7.76 -2.52 684E29 1.26
8.820001 7.76 -3.78 73572E 1.26
8.820001 9.02 5.04 73572E 1.26
-8.820001 9.02 2.52 684E29 1.26
-8.820001 9.02 1.26 684E29 1.26
-8.820001 9.02 0 684E29 1.26
-8.820001 9.02 -1.26 684E29 1.26
-8.820001 9.02 -2.52 684E29 1.26
8.820001 9.02 -3.78 73572E 1.26
8.820001 9.02 3.78 967239 1.26
8.820001 9.02 2.52 967239 1.26
8.820001 9.02 1.26 967239 1.26
8.820001 9.02 0 967239 1.26
8.820001 9.02 -1.26 967239 1.26
8.820001 9.02 -2.52 967239 1.26
7.56 2.72 3.78 4A381C 1.26
7.56 2.72 2.52 4A381C 1.26
7.56 2.72 1.26 4A381C 1.26
7.56 2.72 0 4A381C 1.26
7.56 2.72 -1.26 4A381C 1.26
7.56 2.72 -2.52 4A381C 1.26
7.56 3.98 -3.78 B93C39 1.26
7.56 2.72 5.04 73572E 1.26
7.56 2.72 -3.78 73572E 1.26
7.56 3.98 5.04 73572E 1.26
7.56 3.98 -5.04 B93C39 1.26
7.56 5.24 5.04 73572E 1.26
7.56 5.24 -5.04 B93C39 1.26
7.56 6.5 5.04 73572E 1.26
7.56 5.24 2.52 D14944 1.26
8.820001 6.5 2.52 684E29 1.26
7.56 6.5 2.52 AC3435 1.26
7.56 5.24 1.26 D14944 1.26
8.820001 6.5 1.26 684E29 1.26
7.56 5.24 0 D14944 1.26
8.820001 6.5 0 684E29 1.26
7.56 5.24 -1.26 D14944 1.26
8.820001 6.5 -1.26 684E29 1.26
7.56 5.24 -2.52 D14944 1.26
8.820001 6.5 -2.52 684E29 1.26
7.56 5.24 -3.78 D14944 1.26
7.56 7.76 5.04 73572E 1.26
8.820001 7.76 2.52 684E29 1.26
7.56 7.76 2.52 AC3435 1.26
8.820001 7.76 1.26 684E29 1.26
8.820001 7.76 0 684E29 1.26
8.820001 7.76 -1.26 684E29 1.26
8.820001 7.76 -2.52 684E29 1.26
7.56 9.02 5.04 73572E 1.26
7.56 9.02 2.52 AC3435 1.26
7.56 10.28 5.04 AC3435 1.26
7.56 10.28 2.52 AC3435 1.26
7.56 11.54 5.04 AC3435 1.26
7.56 11.54 2.52 AC3435 1.26
6.3 2.72 3.78 4A381C 1.26
6.3 2.72 2.52 4A381C 1.26
6.3 2.72 1.26 4A381C 1.26
6.3 2.72 0 4A381C 1.26
6.3 2.72 -1.26 4A381C 1.26
6.3 2.72 -2.52 4A381C 1.26
6.3 3.98 -3.78 B93C39 1.26
6.3 2.72 5.04 73572E 1.26
6.3 2.72 -3.78 73572E 1.26
6.3 3.98 5.04 73572E 1.26
6.3 3.98 -5.04 B93C39 1.26
6.3 5.24 5.04 73572E 1.26
6.3 5.24 -5.04 B93C39 1.26
6.3 6.5 5.04 73572E 1.26
6.3 5.24 2.52 D14944 1.26
6.3 6.5 2.52 AC3435 1.26
6.3 5.24 1.26 D14944 1.26
6.3 5.24 0 D14944 1.26
6.3 5.24 -1.26 D14944 1.26
6.3 5.24 -2.52 D14944 1.26
6.3 5.24 -3.78 D14944 1.26
6.3 7.76 5.04 73572E 1.26
6.3 7.76 2.52 AC3435 1.26
6.3 9.02 5.04 73572E 1.26
6.3 9.02 2.52 AC3435 1.26
6.3 10.28 5.04 AC3435 1.26
6.3 10.28 2.52 AC3435 1.26
6.3 11.54 5.04 AC3435 1.26
6.3 11.54 2.52 AC3435 1.26
6.3 11.54 3.78 D14944 1.26
5.04 2.72 3.78 4A381C 1.26
5.04 2.72 2.52 4A381C 1.26
5.04 2.72 1.26 4A381C 1.26
5.04 2.72 0 4A381C 1.26
5.04 2.72 -1.26 4A381C 1.26
5.04 2.72 -2.52 4A381C 1.26
5.04 3.98 -3.78 B93C39 1.26
5.04 2.72 5.04 73572E 1.26
5.04 2.72 -3.78 73572E 1.26
5.04 3.98 5.04 73572E 1.26
5.04 3.98 -5.04 B93C39 1.26
5.04 5.24 5.04 73572E 1.26
5.04 5.24 -5.04 B93C39 1.26
5.04 6.5 5.04 73572E 1.26
5.04 5.24 2.52 D14944 1.26
5.04 6.5 2.52 AC3435 1.26
5.04 5.24 1.26 D14944 1.26
5.04 5.24 0 D14944 1.26
5.04 5.24 -1.26 D14944 1.26
5.04 5.24 -2.52 D14944 1.26
5.04 5.24 -3.78 D14944 1.26
5.04 7.76 5.04 73572E 1.26
5.04 7.76 2.52 AC3435 1.26
5.04 9.02 5.04 73572E 1.26
5.04 9.02 2.52 AC3435 1.26
5.04 10.28 5.04 AC3435 1.26
5.04 10.28 2.52 AC3435 1.26
5.04 11.54 5.04 AC3435 1.26
5.04 11.54 2.52 AC3435 1.26
5.04 12.8 3.78 D14944 1.26
3.78 2.72 3.78 4A381C 1.26
3.78 2.72 2.52 4A381C 1.26
3.78 2.72 1.26 4A381C 1.26
3.78 2.72 0 4A381C 1.26
3.78 2.72 -1.26 4A381C 1.26
3.78 2.72 -2.52 4A381C 1.26
3.78 3.98 -3.78 B93C39 1.26
3.78 2.72 5.04 73572E 1.26
3.78 2.72 -3.78 73572E 1.26
3.78 3.98 5.04 73572E 1.26
3.78 3.98 -5.04 B93C39 1.26
3.78 5.24 5.04 73572E 1.26
3.78 5.24 -5.04 B93C39 1.26
3.78 6.5 5.04 73572E 1.26
3.78 5.24 2.52 D14944 1.26
3.78 6.5 2.52 AC3435 1.26
3.78 5.24 1.26 D14944 1.26
3.78 5.24 0 D14944 1.26
3.78 5.24 -1.26 D14944 1.26
3.78 5.24 -2.52 D14944 1.26
3.78 5.24 -3.78 D14944 1.26
3.78 7.76 5.04 73572E 1.26
3.78 7.76 2.52 AC3435 1.26
3.78 9.02 5.04 73572E 1.26
3.78 9.02 2.52 AC3435 1.26
3.78 10.28 5.04 AC3435 1.26
3.78 10.28 2.52 AC3435 1.26
3.78 11.54 5.04 AC3435 1.26
3.78 11.54 2.52 AC3435 1.26
3.78 12.8 5.04 AC3435 1.26
3.78 12.8 2.52 AC3435 1.26
2.52 2.72 3.78 4A381C 1.26
2.52 2.72 2.52 4A381C 1.26
2.52 2.72 1.26 4A381C 1.26
2.52 2.72 0 4A381C 1.26
2.52 2.72 -1.26 4A381C 1.26
2.52 2.72 -2.52 4A381C 1.26
2.52 3.98 -3.78 B93C39 1.26
2.52 2.72 5.04 73572E 1.26
2.52 2.72 -3.78 73572E 1.26
2.52 3.98 5.04 73572E 1.26
2.52 3.98 -5.04 B93C39 1.26
2.52 5.24 5.04 73572E 1.26
2.52 5.24 -5.04 B93C39 1.26
2.52 6.5 5.04 73572E 1.26
2.52 5.24 2.52 D14944 1.26
2.52 6.5 2.52 AC3435 1.26
2.52 5.24 1.26 D14944 1.26
2.52 5.24 0 D14944 1.26
2.52 5.24 -1.26 D14944 1.26
2.52 5.24 -2.52 D14944 1.26
2.52 5.24 -3.78 D14944 1.26
2.52 7.76 5.04 73572E 1.26
2.52 7.76 2.52 AC3435 1.26
2.52 9.02 5.04 73572E 1.26
2.52 9.02 2.52 AC3435 1.26
2.52 10.28 5.04 AC3435 1.26
2.52 10.28 2.52 AC3435 1.26
2.52 11.54 5.04 AC3435 1.26
2.52 11.54 2.52 AC3435 1.26
2.52 12.8 5.04 AC3435 1.26
2.52 12.8 2.52 AC3435 1.26
2.52 12.8 3.78 D14944 1.26
1.26 2.72 3.78 4A381C 1.26
1.26 2.72 2.52 4A381C 1.26
1.26 2.72 1.26 4A381C 1.26
1.26 2.72 0 4A381C 1.26
1.26 2.72 -1.26 4A381C 1.26
1.26 2.72 -2.52 4A381C 1.26
1.26 3.98 -3.78 B93C39 1.26
1.26 2.72 5.04 73572E 1.26
1.26 2.72 -3.78 73572E 1.26
1.26 3.98 5.04 73572E 1.26
1.26 3.98 -5.04 B93C39 1.26
1.26 5.24 5.04 73572E 1.26
1.26 5.24 -5.04 B93C39 1.26
1.26 6.5 5.04 73572E 1.26
1.26 5.24 2.52 D14944 1.26
1.26 6.5 2.52 AC3435 1.26
1.26 5.24 1.26 D14944 1.26
1.26 5.24 0 D14944 1.26
1.26 5.24 -1.26 D14944 1.26
1.26 5.24 -2.52 D14944 1.26
1.26 5.24 -3.78 D14944 1.26
1.26 7.76 5.04 73572E 1.26
1.26 7.76 2.52 AC3435 1.26
1.26 9.02 5.04 73572E 1.26
1.26 9.02 2.52 AC3435 1.26
1.26 10.28 5.04 AC3435 1.26
1.26 10.28 2.52 AC3435 1.26
1.26 11.54 5.04 AC3435 1.26
1.26 11.54 2.52 AC3435 1.26
1.26 12.8 5.04 AC3435 1.26
1.26 12.8 2.52 AC3435 1.26
1.26 12.8 3.78 D14944 1.26
0 2.72 3.78 4A381C 1.26
0 2.72 2.52 4A381C 1.26
0 2.72 1.26 4A381C 1.26
0 2.72 0 4A381C 1.26
0 2.72 -1.26 4A381C 1.26
0 2.72 -2.52 4A381C 1.26
0 3.98 -3.78 B93C39 1.26
0 2.72 5.04 73572E 1.26
0 2.72 -3.78 73572E 1.26
0 3.98 5.04 73572E 1.26
0 3.98 -5.04 B93C39 1.26
0 5.24 5.04 73572E 1.26
0 5.24 -5.04 B93C39 1.26
0 6.5 5.04 73572E 1.26
0 5.24 2.52 D14944 1.26
0 6.5 2.52 AC3435 1.26
0 5.24 1.26 D14944 1.26
0 5.24 0 D14944 1.26
0 5.24 -1.26 D14944 1.26
0 5.24 -2.52 D14944 1.26
0 5.24 -3.78 D14944 1.26
0 7.76 5.04 73572E 1.26
0 7.76 2.52 AC3435 1.26
0 9.02 5.04 73572E 1.26
0 9.02 2.52 AC3435 1.26
0 10.28 5.04 AC3435 1.26
0 10.28 2.52 AC3435 1.26
0 11.54 5.04 AC3435 1.26
0 11.54 2.52 AC3435 1.26
0 12.8 5.04 AC3435 1.26
0 12.8 2.52 AC3435 1.26
0 12.8 3.78 D14944 1.26
-1.26 2.72 3.78 4A381C 1.26
-1.26 2.72 2.52 4A381C 1.26
-1.26 2.72 1.26 4A381C 1.26
-1.26 2.72 0 4A381C 1.26
-1.26 2.72 -1.26 4A381C 1.26
-1.26 2.72 -2.52 4A381C 1.26
-1.26 3.98 -3.78 B93C39 1.26
-1.26 2.72 5.04 73572E 1.26
-1.26 2.72 -3.78 73572E 1.26
-1.26 3.98 5.04 73572E 1.26
-1.26 3.98 -5.04 B93C39 1.26
-1.26 5.24 5.04 73572E 1.26
-1.26 5.24 -5.04 B93C39 1.26
-1.26 6.5 5.04 73572E 1.26
-1.26 5.24 2.52 D14944 1.26
-1.26 6.5 2.52 AC3435 1.26
-1.26 5.24 1.26 D14944 1.26
-1.26 5.24 0 D14944 1.26
-1.26 5.24 -1.26 D14944 1.26
-1.26 5.24 -2.52 D14944 1.26
-1.26 5.24 -3.78 D14944 1.26
-1.26 7.76 5.04 73572E 1.26
-1.26 7.76 2.52 AC3435 1.26
-1.26 9.02 5.04 73572E 1.26
-1.26 9.02 2.52 AC3435 1.26
-1.26 10.28 5.04 AC3435 1.26
-1.26 10.28 2.52 AC3435 1.26
-1.26 11.54 5.04 AC3435 1.26
-1.26 11.54 2.52 AC3435 1.26
-1.26 12.8 5.04 AC3435 1.26
-1.26 12.8 2.52 AC3435 1.26
-1.26 12.8 3.78 D14944 1.26
-2.52 2.72 3.78 4A381C 1.26
-2.52 2.72 2.52 4A381C 1.26
-2.52 2.72 1.26 4A381C 1.26
-2.52 2.72 0 4A381C 1.26
-2.52 2.72 -1.26 4A381C 1.26
-2.52 2.72 -2.52 4A381C 1.26
-2.52 3.98 -3.78 B93C39 1.26
-2.52 2.72 5.04 73572E 1.26
-2.52 2.72 -3.78 73572E 1.26
-2.52 3.98 5.04 73572E 1.26
-2.52 3.98 -5.04 B93C39 1.26
-2.52 5.24 5.04 73572E 1.26
-2.52 5.24 -5.04 B93C39 1.26
-2.52 6.5 5.04 73572E 1.26
-2.52 5.24 2.52 D14944 1.26
-2.52 6.5 2.52 AC3435 1.26
-2.52 5.24 1.26 D14944 1.26
-2.52 5.24 0 D14944 1.26
-2.52 5.24 -1.26 D14944 1.26
-2.52 5.24 -2.52 D14944 1.26
-2.52 5.24 -3.78 D14944 1.26
-2.52 7.76 5.04 73572E 1.26
-2.52 7.76 2.52 AC3435 1.26
-2.52 9.02 5.04 73572E 1.26
-2.52 9.02 2.52 AC3435 1.26
-2.52 10.28 5.04 AC3435 1.26
-2.52 10.28 2.52 AC3435 1.26
-2.52 11.54 5.04 AC3435 1.26
-2.52 11.54 2.52 AC3435 1.26
-2.52 12.8 5.04 AC3435 1.26
-2.52 12.8 2.52 AC3435 1.26
-2.52 12.8 3.78 D14944 1.26
-3.78 2.72 3.78 4A381C 1.26
-3.78 2.72 2.52 4A381C 1.26
-3.78 2.72 1.26 4A381C 1.26
-3.78 2.72 0 4A381C 1.26
-3.78 2.72 -1.26 4A381C 1.26
-3.78 2.72 -2.52 4A381C 1.26
-3.78 3.98 -3.78 B93C39 1.26
-3.78 2.72 5.04 73572E 1.26
-3.78 2.72 -3.78 73572E 1.26
-3.78 3.98 5.04 73572E 1.26
-3.78 3.98 -5.04 B93C39 1.26
-3.78 5.24 5.04 73572E 1.26
-3.78 5.24 -5.04 B93C39 1.26
-3.78 6.5 5.04 73572E 1.26
-3.78 5.24 2.52 D14944 1.26
-3.78 6.5 2.52 AC3435 1.26
-3.78 5.24 1.26 D14944 1.26
-3.78 5.24 0 D14944 1.26
-3.78 5.24 -1.26 D14944 1.26
-3.78 5.24 -2.52 D14944 1.26
-3.78 5.24 -3.78 D14944 1.26
-3.78 7.76 5.04 73572E 1.26
-3.78 7.76 2.52 AC3435 1.26
-3.78 9.02 5.04 73572E 1.26
-3.78 9.02 2.52 AC3435 1.26
-3.78 10.28 5.04 AC3435 1.26
-3.78 10.28 2.52 AC3435 1.26
-3.78 11.54 5.04 AC3435 1.26
-3.78 11.54 2.52 AC3435 1.26
-3.78 12.8 5.04 AC3435 1.26
-3.78 12.8 2.52 AC3435 1.26
-3.78 12.8 3.78 D14944 1.26
-5.04 2.72 3.78 4A381C 1.26
-5.04 2.72 2.52 4A381C 1.26
-5.04 2.72 1.26 4A381C 1.26
-5.04 2.72 0 4A381C 1.26
-5.04 2.72 -1.26 4A381C 1.26
-5.04 2.72 -2.52 4A381C 1.26
-5.04 3.98 -3.78 B93C39 1.26
-5.04 2.72 5.04 73572E 1.26
-5.04 2.72 -3.78 73572E 1.26
-5.04 3.98 5.04 73572E 1.26
-5.04 3.98 -5.04 B93C39 1.26
-5.04 5.24 5.04 73572E 1.26
-5.04 5.24 -5.04 B93C39 1.26
-5.04 6.5 5.04 73572E 1.26
-5.04 5.24 2.52 D14944 1.26
-5.04 6.5 2.52 AC3435 1.26
-5.04 5.24 1.26 D14944 1.26
-5.04 5.24 0 D14944 1.26
-5.04 5.24 -1.26 D14944 1.26
-5.04 5.24 -2.52 D14944 1.26
-5.04 5.24 -3.78 D14944 1.26
-5.04 7.76 5.04 73572E 1.26
-5.04 7.76 2.52 AC3435 1.26
-5.04 9.02 5.04 73572E 1.26
-5.04 9.02 2.52 AC3435 1.26
-5.04 10.28 5.04 AC3435 1.26
-5.04 10.28 2.52 AC3435 1.26
-5.04 11.54 5.04 AC3435 1.26
-5.04 11.54 2.52 AC3435 1.26
-5.04 12.8 3.78 D14944 1.26
-6.3 2.72 3.78 4A381C 1.26
-6.3 2.72 2.52 4A381C 1.26
-6.3 2.72 1.26 4A381C 1.26
-6.3 2.72 0 4A381C 1.26
-6.3 2.72 -1.26 4A381C 1.26
-6.3 2.72 -2.52 4A381C 1.26
-6.3 3.98 -3.78 B93C39 1.26
-6.3 2.72 5.04 73572E 1.26
-6.3 2.72 -3.78 73572E 1.26
-6.3 3.98 5.04 73572E 1.26
-6.3 3.98 -5.04 B93C39 1.26
-6.3 5.24 5.04 73572E 1.26
-6.3 5.24 -5.04 B93C39 1.26
-6.3 6.5 5.04 73572E 1.26
-6.3 5.24 2.52 D14944 1.26
-6.3 6.5 2.52 AC3435 1.26
-6.3 5.24 1.26 D14944 1.26
-6.3 5.24 0 D14944 1.26
-6.3 5.24 -1.26 D14944 1.26
-6.3 5.24 -2.52 D14944 1.26
-6.3 5.24 -3.78 D14944 1.26
-6.3 7.76 5.04 73572E 1.26
-6.3 7.76 2.52 AC3435 1.26
-6.3 9.02 5.04 73572E 1.26
-6.3 9.02 2.52 AC3435 1.26
-6.3 10.28 5.04 AC3435 1.26
-6.3 10.28 2.52 AC3435 1.26
-6.3 11.54 5.04 AC3435 1.26
-6.3 11.54 2.52 AC3435 1.26
-6.3 11.54 3.78 D14944 1.26
-7.56 2.72 3.78 4A381C 1.26
-7.56 2.72 2.52 4A381C 1.26
-7.56 2.72 1.26 4A381C 1.26
-7.56 2.72 0 4A381C 1.26
-7.56 2.72 -1.26 4A381C 1.26
-7.56 2.72 -2.52 4A381C 1.26
-7.56 3.98 -3.78 B93C39 1.26
-7.56 2.72 5.04 73572E 1.26
-7.56 2.72 -3.78 73572E 1.26
-7.56 3.98 5.04 73572E 1.26
-7.56 3.98 -5.04 B93C39 1.26
-7.56 5.24 5.04 73572E 1.26
-7.56 5.24 -5.04 B93C39 1.26
-7.56 6.5 5.04 73572E 1.26
-7.56 5.24 2.52 D14944 1.26
-7.56 6.5 2.52 AC3435 1.26
-7.56 5.24 1.26 D14944 1.26
-7.56 5.24 0 D14944 1.26
-7.56 5.24 -1.26 D14944 1.26
-7.56 5.24 -2.52 D14944 1.26
-7.56 5.24 -3.78 D14944 1.26
-7.56 7.76 5.04 73572E 1.26
-7.56 7.76 2.52 AC3435 1.26
-7.56 9.02 5.04 73572E 1.26
-7.56 9.02 2.52 AC3435 1.26
-7.56 10.28 5.04 AC3435 1.26
-7.56 10.28 2.52 AC3435 1.26
-7.56 11.54 5.04 AC3435 1.26
-7.56 11.54 2.52 AC3435 1.26
-7.56 11.54 3.78 D14944 1.26
-8.820001 2.72 3.78 4A381C 1.26
-8.820001 2.72 2.52 4A381C 1.26
-8.820001 2.72 1.26 4A381C 1.26
-8.820001 2.72 0 4A381C 1.26
-8.820001 2.72 -1.26 4A381C 1.26
-8.820001 2.72 -2.52 4A381C 1.26
-8.820001 0.2 5.04 73572E 1.26
-8.820001 0.2 -3.78 73572E 1.26
-8.820001 1.46 5.04 73572E 1.26
-8.820001 1.46 -3.78 73572E 1.26
-8.820001 2.72 5.04 73572E 1.26
-8.820001 2.72 -3.78 73572E 1.26
-8.820001 3.98 5.04 73572E 1.26
-8.820001 3.98 -3.78 AC3435 1.26
-8.820001 5.24 5.04 73572E 1.26
-8.820001 5.24 -3.78 AC3435 1.26
-8.820001 6.5 5.04 73572E 1.26
-8.820001 6.5 -3.78 73572E 1.26
-8.820001 7.76 5.04 73572E 1.26
-8.820001 7.76 -3.78 73572E 1.26
-8.820001 9.02 5.04 73572E 1.26
-8.820001 9.02 -3.78 73572E 1.26
-8.820001 9.02 3.78 967239 1.26
-8.820001 10.28 3.78 8E2B29 1.26
-10.08 0.2 3.78 5E4625 1.26
-10.08 0.2 -2.52 5E4625 1.26
-10.08 1.46 3.78 5E4625 1.26
-10.08 1.46 -2.52 5E4625 1.26
-10.08 2.72 3.78 5E4625 1.26
-10.08 2.72 2.52 5E4625 1.26
-10.08 2.72 1.26 5E4625 1.26
-10.08 2.72 0 5E4625 1.26
-10.08 2.72 -1.26 5E4625 1.26
-10.08 2.72 -2.52 5E4625 1.26
-10.08 3.98 3.78 5E4625 1.26
-10.08 3.98 2.52 5E4625 1.26
-10.08 3.98 1.26 5E4625 1.26
-10.08 3.98 0 5E4625 1.26
-10.08 3.98 -1.26 5E4625 1.26
-10.08 3.98 -2.52 5E4625 1.26
-10.08 5.24 3.78 5E4625 1.26
-10.08 5.24 2.52 5E4625 1.26
-10.08 5.24 1.26 5E4625 1.26
-10.08 5.24 0 5E4625 1.26
-10.08 5.24 -1.26 5E4625 1.26
-10.08 5.24 -2.52 5E4625 1.26
-10.08 6.5 3.78 5E4625 1.26
-10.08 6.5 2.52 5E4625 1.26
-10.08 6.5 1.26 5E4625 1.26
-10.08 6.5 0 5E4625 1.26
-10.08 6.5 -1.26 5E4625 1.26
-10.08 6.5 -2.52 5E4625 1.26
-10.08 7.76 3.78 5E4625 1.26
-10.08 7.76 2.52 5E4625 1.26
-10.08 7.76 1.26 5E4625 1.26
-10.08 7.76 0 5E4625 1.26
-10.08 7.76 -1.26 5E4625 1.26
-10.08 7.76 -2.52 5E4625 1.26
-10.08 9.02 3.78 5E4625 1.26
-10.08 9.02 2.52 5E4625 1.26
-10.08 9.02 1.26 5E4625 1.26
-10.08 9.02 0 5E4625 1.26
-10.08 9.02 -1.26 5E4625 1.26
-10.08 9.02 -2.52 5E4625 1.26
