7.56 0.1 9.040001 946964 0.84
7.56 0.1 8.200001 916763 0.84
7.56 0.1 7.360001 946A65 0.84
8.400001 0.1 6.52 926864 0.84
8.400001 0.1 5.68 916764 0.84
8.400001 0.1 4.84 8F6561 0.84
9.240001 0.1 4 8D615D 0.84
8.400001 0.1 3.16 835754 0.84
8.400001 0.1 2.32 815653 0.84
8.400001 0.1 1.48 845754 0.84
7.56 0.1 0.6400003 845754 0.84
7.56 0.1 -0.2000008 835754 0.84
7.56 0.1 -1.04 845754 0.84
6.72 0.1 -1.88 845754 0.84
6.72 0.1 -2.72 845754 0.84
4.2 0.1 -3.56 815553 0.84
1.68 0.1 -4.400001 825653 0.84
1.68 0.94 12.4 845755 0.84
4.2 0.94 11.56 875955 0.84
6.72 0.94 10.72 885956 0.84
6.72 0.94 9.880001 8C5D58 0.84
7.56 0.94 9.040001 8D5D58 0.84
7.56 0.94 8.200001 8C5D58 0.84
7.56 0.94 7.360001 8C5C57 0.84
8.400001 0.94 6.52 8C5D57 0.84
8.400001 0.94 5.68 906059 0.84
8.400001 0.94 4.84 8C5D57 0.84
9.240001 0.94 4 885A56 0.84
8.400001 0.94 3.16 835754 0.84
8.400001 0.94 2.32 865955 0.84
8.400001 0.94 1.48 855855 0.84
7.56 0.94 0.6400003 875A55 0.84
7.56 0.94 -0.2000008 885A56 0.84
7.56 0.94 -1.04 855854 0.84
6.72 0.94 -1.88 855855 0.84
6.72 0.94 -2.72 865855 0.84
4.2 0.94 -3.56 835654 0.84
1.68 0.94 -4.400001 825653 0.84
1.68 1.78 12.4 895A56 0.84
4.2 1.78 11.56 875A56 0.84
6.72 1.78 10.72 8A5C57 0.84
6.72 1.78 9.880001 8B5C57 0.84
7.56 1.78 9.040001 8A5B57 0.84
7.56 1.78 8.200001 8A5C57 0.84
7.56 1.78 7.360001 8A5B57 0.84
8.400001 1.78 6.52 8D5D58 0.84
8.400001 1.78 5.68 8E5E58 0.84
8.400001 1.78 4.84 8F5F58 0.84
9.240001 1.78 4 8B5C57 0.84
8.400001 1.78 3.16 835754 0.84
8.400001 1.78 2.32 845754 0.84
8.400001 1.78 1.48 875955 0.84
7.56 1.78 0.6400003 895B56 0.84
7.56 1.78 -0.2000008 875955 0.84
7.56 1.78 -1.04 855854 0.84
6.72 1.78 -1.88 885A56 0.84
6.72 1.78 -2.72 865955 0.84
4.2 1.78 -3.56 845754 0.84
1.68 1.78 -4.400001 855854 0.84
1.68 2.62 12.4 865955 0.84
4.2 2.62 11.56 885A56 0.84
6.72 2.62 10.72 885A56 0.84
6.72 2.62 9.880001 8D5E58 0.84
7.56 2.62 9.040001 905F59 0.84
7.56 2.62 8.200001 8E5E58 0.84
7.56 2.62 7.360001 8B5C57 0.84
8.400001 2.62 6.52 8A5C57 0.84
8.400001 2.62 5.68 8C5D58 0.84
8.400001 2.62 4.84 8D5D58 0.84
9.240001 2.62 4 8A5B57 0.84
8.400001 2.62 3.16 865955 0.84
8.400001 2.62 2.32 885A56 0.84
8.400001 2.62 1.48 865955 0.84
7.56 2.62 0.6400003 885A56 0.84
7.56 2.62 -0.2000008 885A56 0.84
7.56 2.62 -1.04 855854 0.84
6.72 2.62 -1.88 875955 0.84
6.72 2.62 -2.72 875955 0.84
4.2 2.62 -3.56 845754 0.84
1.68 2.62 -4.400001 855855 0.84
1.68 3.46 12.4 865955 0.84
4.2 3.46 11.56 875956 0.84
6.72 3.46 10.72 855855 0.84
6.72 3.46 9.880001 8B5C57 0.84
7.56 3.46 9.040001 8E5E58 0.84
7.56 3.46 8.200001 8D5D58 0.84
7.56 3.46 7.360001 8D5D58 0.84
8.400001 3.46 6.52 8D5D58 0.84
8.400001 3.46 5.68 8B5C57 0.84
8.400001 3.46 4.84 8B5D57 0.84
9.240001 3.46 4 8B5C57 0.84
8.400001 3.46 3.16 895B56 0.84
8.400001 3.46 2.32 865955 0.84
8.400001 3.46 1.48 885A56 0.84
7.56 3.46 0.6400003 885B56 0.84
7.56 3.46 -0.2000008 8A5C57 0.84
7.56 3.46 -1.04 875955 0.84
6.72 3.46 -1.88 865955 0.84
6.72 3.46 -2.72 895B56 0.84
4.2 3.46 -3.56 855855 0.84
1.68 3.46 -4.400001 865955 0.84
1.68 4.3 12.4 835754 0.84
4.2 4.3 11.56 895B57 0.84
6.72 4.3 10.72 8C5D58 0.84
6.72 4.3 9.880001 8B5C57 0.84
7.56 4.3 9.040001 8F5F58 0.84
7.56 4.3 8.200001 8F5F59 0.84
7.56 4.3 7.360001 8B5C57 0.84
8.400001 4.3 6.52 8E5E58 0.84
8.400001 4.3 5.68 8E5E58 0.84
8.400001 4.3 4.84 885A56 0.84
9.240001 4.3 4 8B5C57 0.84
8.400001 4.3 3.16 875A55 0.84
8.400001 4.3 2.32 895B56 0.84
8.400001 4.3 1.48 885A56 0.84
7.56 4.3 0.6400003 885A56 0.84
7.56 4.3 -0.2000008 8A5B56 0.84
7.56 4.3 -1.04 885A56 0.84
6.72 4.3 -1.88 865855 0.84
6.72 4.3 -2.72 875955 0.84
4.2 4.3 -3.56 835654 0.84
1.68 4.3 -4.400001 875A56 0.84
1.68 5.14 12.4 875956 0.84
4.2 5.14 11.56 895B56 0.84
6.72 5.14 10.72 875956 0.84
6.72 5.14 9.880001 8E5E58 0.84
7.56 5.14 9.040001 8E5E58 0.84
7.56 5.14 8.200001 8A5C57 0.84
7.56 5.14 7.360001 8E5E58 0.84
8.400001 5.14 6.52 8E5E58 0.84
8.400001 5.14 5.68 8E5E58 0.84
8.400001 5.14 4.84 8E5E58 0.84
9.240001 5.14 4 8C5D57 0.84
8.400001 5.14 3.16 8A5B56 0.84
8.400001 5.14 2.32 855854 0.84
8.400001 5.14 1.48 8A5B56 0.84
7.56 5.14 0.6400003 895B56 0.84
7.56 5.14 -0.2000008 8A5C56 0.84
7.56 5.14 -1.04 8A5C56 0.84
6.72 5.14 -1.88 885A56 0.84
6.72 5.14 -2.72 8B5C57 0.84
4.2 5.14 -3.56 875955 0.84
1.68 5.14 -4.400001 875955 0.84
1.68 5.98 12.4 8B5B57 0.84
4.2 5.98 11.56 8A5B57 0.84
6.72 5.98 10.72 8B5C57 0.84
6.72 5.98 9.880001 8D5D58 0.84
7.56 5.98 9.040001 8E5E58 0.84
7.56 5.98 8.200001 916059 0.84
7.56 5.98 7.360001 8D5D58 0.84
8.400001 5.98 6.52 8E5E58 0.84
8.400001 5.98 5.68 8D5D58 0.84
8.400001 5.98 4.84 8D5E58 0.84
9.240001 5.98 4 8B5C57 0.84
8.400001 5.98 3.16 8A5B56 0.84
8.400001 5.98 2.32 8A5B56 0.84
8.400001 5.98 1.48 865955 0.84
7.56 5.98 0.6400003 8A5C56 0.84
7.56 5.98 -0.2000008 8A5C56 0.84
7.56 5.98 -1.04 8C5D57 0.84
6.72 5.98 -1.88 885B56 0.84
6.72 5.98 -2.72 885B56 0.84
4.2 5.98 -3.56 8B5C57 0.84
1.68 5.98 -4.400001 895B56 0.84
1.68 6.82 12.4 865955 0.84
4.2 6.82 11.56 875955 0.84
6.72 6.82 10.72 885A56 0.84
6.72 6.82 9.880001 955D58 0.84
7.56 6.82 9.040001 995D59 0.84
7.56 6.82 8.200001 995D58 0.84
7.56 6.82 7.360001 965E59 0.84
8.400001 6.82 6.52 8E5F58 0.84
8.400001 6.82 5.68 8F5F58 0.84
8.400001 6.82 4.84 905F58 0.84
9.240001 6.82 4 8C5D57 0.84
8.400001 6.82 3.16 8C5D57 0.84
8.400001 6.82 2.32 8C5D57 0.84
8.400001 6.82 1.48 895B56 0.84
7.56 6.82 0.6400003 8E5E58 0.84
7.56 6.82 -0.2000008 895B56 0.84
7.56 6.82 -1.04 8A5C56 0.84
6.72 6.82 -1.88 8E5E58 0.84
6.72 6.82 -2.72 8C5D57 0.84
4.2 6.82 -3.56 885A56 0.84
1.68 6.82 -4.400001 8A5B57 0.84
2.52 7.66 9.040001 677C4E 0.84
4.2 7.66 8.200001 6E8550 0.84
5.04 7.66 7.360001 6D8350 0.84
5.04 7.66 6.52 6E8450 0.84
5.04 7.66 5.68 6C824F 0.84
5.88 7.66 4.84 6F8550 0.84
5.88 7.66 4 6A7F4E 0.84
5.88 7.66 3.16 6D824F 0.84
5.04 7.66 2.32 6B814E 0.84
5.04 7.66 1.48 6B814E 0.84
5.04 7.66 0.6400003 6A804E 0.84
4.2 7.66 -0.2000008 6B804E 0.84
2.52 7.66 -1.04 687D4D 0.84
0.84 8.500001 9.880001 657A4D 0.84
3.36 8.500001 9.040001 687D4E 0.84
5.04 8.500001 8.200001 6E8550 0.84
5.04 8.500001 7.360001 6D8350 0.84
5.04 8.500001 6.52 6B814F 0.84
5.88 8.500001 5.68 6B814F 0.84
5.88 8.500001 4.84 6E8550 0.84
5.88 8.500001 4 6C834F 0.84
5.88 8.500001 3.16 697E4E 0.84
5.88 8.500001 2.32 6A804E 0.84
5.04 8.500001 1.48 6C824F 0.84
5.04 8.500001 0.6400003 697F4E 0.84
5.04 8.500001 -0.2000008 6A804E 0.84
3.36 8.500001 -1.04 6A7F4E 0.84
0.84 8.500001 -1.88 677C4D 0.84
1.68 9.340001 9.880001 64784C 0.84
4.2 9.340001 9.040001 667B4D 0.84
5.04 9.340001 8.200001 6C834F 0.84
5.04 9.340001 7.360001 6D844F 0.84
5.88 9.340001 6.52 697E4E 0.84
5.88 9.340001 5.68 6C834F 0.84
6.72 9.340001 4.84 6C824F 0.84
6.72 9.340001 4 6B814F 0.84
6.72 9.340001 3.16 697F4E 0.84
5.88 9.340001 2.32 687E4D 0.84
5.88 9.340001 1.48 6B814E 0.84
5.04 9.340001 0.6400003 6A804E 0.84
5.04 9.340001 -0.2000008 6A804E 0.84
4.2 9.340001 -1.04 677C4D 0.84
1.68 9.340001 -1.88 667C4D 0.84
0.84 10.18 10.72 667C4E 0.84
3.36 10.18 9.880001 667C4D 0.84
5.04 10.18 9.040001 6A814F 0.84
5.88 10.18 8.200001 6B824F 0.84
5.88 10.18 7.360001 6C824F 0.84
5.88 10.18 6.52 697F4E 0.84
6.72 10.18 5.68 6A814E 0.84
6.72 10.18 4.84 6C834F 0.84
6.72 10.18 4 697F4D 0.84
6.72 10.18 3.16 6A814E 0.84
6.72 10.18 2.32 69804E 0.84
5.88 10.18 1.48 697F4E 0.84
5.88 10.18 0.6400003 677D4D 0.84
5.88 10.18 -0.2000008 687E4D 0.84
5.04 10.18 -1.04 697F4D 0.84
3.36 10.18 -1.88 697F4E 0.84
0.84 10.18 -2.72 687E4E 0.84
1.68 11.02 10.72 677D4E 0.84
4.2 11.02 9.880001 667C4D 0.84
5.88 11.02 9.040001 6C834F 0.84
5.88 11.02 8.200001 69804E 0.84
5.88 11.02 7.360001 6B824F 0.84
6.72 11.02 6.52 6A804E 0.84
6.72 11.02 5.68 6C834F 0.84
6.72 11.02 4.84 6A804E 0.84
7.56 11.02 4 687F4E 0.84
6.72 11.02 3.16 687F4D 0.84
6.72 11.02 2.32 69804E 0.84
6.72 11.02 1.48 6B824E 0.84
5.88 11.02 0.6400003 677E4D 0.84
5.88 11.02 -0.2000008 69804E 0.84
5.88 11.02 -1.04 687F4D 0.84
4.2 11.02 -1.88 667C4D 0.84
1.68 11.02 -2.72 667C4D 0.84
0 11.86 11.56 667B4D 0.84
3.36 11.86 10.72 657B4D 0.84
5.88 11.86 9.880001 62774C 0.84
5.88 11.86 9.040001 6A804E 0.84
6.72 11.86 8.200001 6A814F 0.84
6.72 11.86 7.360001 6B834F 0.84
6.72 11.86 6.52 687F4E 0.84
7.56 11.86 5.68 6A814E 0.84
7.56 11.86 4.84 6A814E 0.84
7.56 11.86 4 6A814E 0.84
7.56 11.86 3.16 69804E 0.84
7.56 11.86 2.32 687E4D 0.84
6.72 11.86 1.48 667D4D 0.84
6.72 11.86 0.6400003 69804E 0.84
6.72 11.86 -0.2000008 6A804E 0.84
5.88 11.86 -1.04 69804E 0.84
5.88 11.86 -1.88 697F4E 0.84
3.36 11.86 -2.72 667C4D 0.84
0 11.86 -3.56 6A804E 0.84
0.84 12.7 11.56 A1C165 0.84
3.36 12.7 10.72 A1C165 0.84
5.88 12.7 9.880001 9FC065 0.84
5.88 12.7 9.040001 A2C366 0.84
6.72 12.7 8.200001 A1C265 0.84
6.72 12.7 7.360001 A1C265 0.84
6.72 12.7 6.52 A1C265 0.84
7.56 12.7 5.68 A0C165 0.84
7.56 12.7 4.84 A1C265 0.84
7.56 12.7 4 A2C266 0.84
7.56 12.7 3.16 A1C265 0.84
7.56 12.7 2.32 A0C164 0.84
6.72 12.7 1.48 A0C064 0.84
6.72 12.7 0.6400003 A3C366 0.84
6.72 12.7 -0.2000008 A4C566 0.84
5.88 12.7 -1.04 A3C466 0.84
5.88 12.7 -1.88 9EBF64 0.84
3.36 12.7 -2.72 9FBF64 0.84
0.84 12.7 -3.56 A1C165 0.84
1.68 13.54 10.72 A0C065 0.84
4.2 13.54 9.880001 A1C266 0.84
5.88 13.54 9.040001 A2C366 0.84
5.88 13.54 8.200001 A3C366 0.84
6.72 13.54 7.360001 A1C265 0.84
6.72 13.54 6.52 A3C366 0.84
6.72 13.54 5.68 A2C366 0.84
7.56 13.54 4.84 A3C466 0.84
7.56 13.54 4 A3C466 0.84
7.56 13.54 3.16 A2C365 0.84
6.72 13.54 2.32 A2C366 0.84
6.72 13.54 1.48 A3C466 0.84
6.72 13.54 0.6400003 A3C466 0.84
5.88 13.54 -0.2000008 A2C265 0.84
5.88 13.54 -1.04 A2C265 0.84
4.2 13.54 -1.88 A1C265 0.84
1.68 13.54 -2.72 A0C064 0.84
0.84 14.38 10.72 9EBE64 0.84
3.36 14.38 9.880001 9EBE64 0.84
5.04 14.38 9.040001 A5C667 0.84
5.88 14.38 8.200001 A3C466 0.84
5.88 14.38 7.360001 A2C265 0.84
5.88 14.38 6.52 A2C366 0.84
6.72 14.38 5.68 A1C265 0.84
6.72 14.38 4.84 A1C165 0.84
6.72 14.38 4 A2C366 0.84
6.72 14.38 3.16 A3C466 0.84
6.72 14.38 2.32 A4C566 0.84
5.88 14.38 1.48 A1C165 0.84
5.88 14.38 0.6400003 A5C667 0.84
5.88 14.38 -0.2000008 A4C566 0.84
5.04 14.38 -1.04 A3C366 0.84
3.36 14.38 -1.88 9FBF64 0.84
0.84 14.38 -2.72 A2C265 0.84
2.52 15.22 9.880001 A0C065 0.84
5.04 15.22 9.040001 9CBC63 0.84
5.04 15.22 8.200001 A4C567 0.84
5.88 15.22 7.360001 A2C266 0.84
5.88 15.22 6.52 A2C366 0.84
5.88 15.22 5.68 A3C467 0.84
6.72 15.22 4.84 A2C366 0.84
6.72 15.22 4 A3C466 0.84
6.72 15.22 3.16 A4C567 0.84
5.88 15.22 2.32 A6C768 0.84
5.88 15.22 1.48 A3C365 0.84
5.88 15.22 0.6400003 A3C466 0.84
5.04 15.22 -0.2000008 A4C566 0.84
5.04 15.22 -1.04 A3C366 0.84
2.52 15.22 -1.88 A0C164 0.84
0.84 16.06 9.880001 9FC064 0.84
3.36 16.06 9.040001 9FC065 0.84
5.04 16.06 8.200001 A4C567 0.84
5.04 16.06 7.360001 A3C466 0.84
5.04 16.06 6.52 A3C366 0.84
5.88 16.06 5.68 A4C567 0.84
5.88 16.06 4.84 A3C366 0.84
6.72 16.06 4 A6C768 0.84
5.88 16.06 3.16 A4C566 0.84
5.88 16.06 2.32 A3C466 0.84
5.04 16.06 1.48 A3C466 0.84
5.04 16.06 0.6400003 A5C667 0.84
5.04 16.06 -0.2000008 A4C566 0.84
3.36 16.06 -1.04 A2C366 0.84
0.84 16.06 -1.88 A3C466 0.84
2.52 16.9 9.040001 9FC064 0.84
4.2 16.9 8.200001 A4C467 0.84
5.04 16.9 7.360001 A5C667 0.84
5.04 16.9 6.52 A6C768 0.84
5.04 16.9 5.68 A3C466 0.84
5.88 16.9 4.84 A3C466 0.84
5.88 16.9 4 A4C567 0.84
5.88 16.9 3.16 A4C566 0.84
5.04 16.9 2.32 A6C768 0.84
5.04 16.9 1.48 A4C567 0.84
5.04 16.9 0.6400003 A6C768 0.84
4.2 16.9 -0.2000008 A4C567 0.84
2.52 16.9 -1.04 A2C365 0.84
0.84 17.74 9.040001 9FC064 0.84
3.36 17.74 8.200001 A1C266 0.84
4.2 17.74 7.360001 A3C467 0.84
5.04 17.74 6.52 A4C467 0.84
5.04 17.74 5.68 A5C667 0.84
5.04 17.74 4.84 A3C466 0.84
5.88 17.74 4 A1C165 0.84
5.04 17.74 3.16 A5C667 0.84
5.04 17.74 2.32 A4C566 0.84
5.04 17.74 1.48 A5C667 0.84
4.2 17.74 0.6400003 A3C466 0.84
3.36 17.74 -0.2000008 A4C466 0.84
0.84 17.74 -1.04 A5C667 0.84
0.84 18.58 8.200001 B7D972 0.84
3.36 18.58 7.360001 B5D871 0.84
3.36 18.58 6.52 B7DA72 0.84
4.2 18.58 5.68 B5D771 0.84
4.2 18.58 4.84 B4D670 0.84
4.2 18.58 4 BADC74 0.84
4.2 18.58 3.16 B6D871 0.84
4.2 18.58 2.32 B6D872 0.84
3.36 18.58 1.48 B8DA73 0.84
3.36 18.58 0.6400003 B5D871 0.84
0.84 18.58 -0.2000008 B6D972 0.84
2.52 19.42 6.52 B7D972 0.84
2.52 19.42 5.68 B6D972 0.84
2.52 19.42 4.84 B9DC74 0.84
2.52 19.42 4 B9DB74 0.84
2.52 19.42 3.16 B8DB73 0.84
2.52 19.42 2.32 B8DA73 0.84
2.52 19.42 1.48 B5D771 0.84
5.04 6.82 3.16 6A734F 0.84
5.04 6.82 2.32 6B7650 0.84
8.400001 6.82 4 A87463 0.84
4.2 6.82 1.48 6B7650 0.84
4.2 6.82 0.6400003 6D7650 0.84
3.36 6.82 -0.2000008 6B734F 0.84
7.56 6.82 6.52 A87463 0.84
7.56 6.82 5.68 A06E5F 0.84
7.56 6.82 4.84 9D6C5E 0.84
7.56 6.82 4 9E6C5E 0.84
7.56 6.82 3.16 A06E5F 0.84
7.56 6.82 2.32 A26E60 0.84
7.56 6.82 1.48 A06D5F 0.84
6.72 6.82 -1.04 AB7664 0.84
0.84 6.82 -1.04 6C7750 0.84
6.72 6.82 -0.2000008 A57161 0.84
6.72 6.82 9.040001 A67262 0.84
6.72 6.82 8.200001 A57162 0.84
6.72 6.82 7.360001 A06D5E 0.84
6.72 6.82 6.52 9B6A5D 0.84
6.72 6.82 5.68 99695C 0.84
6.72 6.82 4.84 94665A 0.84
6.72 6.82 4 916258 0.84
6.72 6.82 3.16 94655A 0.84
6.72 6.82 2.32 96675B 0.84
6.72 6.82 1.48 9E6C5E 0.84
6.72 6.82 0.6400003 A06E5F 0.84
5.88 0.1 -2.72 855855 0.84
5.88 0.94 10.72 865956 0.84
5.88 0.94 -2.72 835654 0.84
5.88 1.78 10.72 885A56 0.84
5.88 1.78 -2.72 845754 0.84
5.88 2.62 10.72 875956 0.84
5.88 2.62 -2.72 835754 0.84
5.88 3.46 10.72 8A5B57 0.84
5.88 3.46 -2.72 855855 0.84
5.88 4.3 10.72 895B57 0.84
5.88 4.3 -2.72 875A56 0.84
5.88 5.14 10.72 8A5B57 0.84
5.88 5.14 -2.72 865955 0.84
5.88 5.98 10.72 8A5B57 0.84
5.88 5.98 -2.72 895A56 0.84
5.88 6.82 10.72 885956 0.84
5.88 6.82 -0.2000008 9B6A5D 0.84
5.88 6.82 0.6400003 9B6B5D 0.84
5.88 6.82 -1.04 9F6C5F 0.84
5.88 6.82 -1.88 A77262 0.84
5.88 6.82 -2.72 AD7766 0.84
5.88 6.82 9.880001 A57062 0.84
5.88 6.82 9.040001 A06D5F 0.84
5.88 6.82 8.200001 97675B 0.84
5.88 6.82 7.360001 94655A 0.84
5.88 6.82 6.52 8E6257 0.84
5.88 6.82 5.68 8B6056 0.84
5.88 6.82 4.84 8C6057 0.84
5.88 6.82 4 8D6157 0.84
5.88 6.82 3.16 8D6157 0.84
5.88 6.82 2.32 885E55 0.84
5.88 6.82 1.48 936459 0.84
5.04 11.86 9.880001 667C4E 0.84
5.04 9.340001 9.040001 657A4D 0.84
5.04 6.82 5.68 6C824F 0.84
5.04 9.340001 -1.04 69804E 0.84
5.04 11.86 -1.88 657B4C 0.84
5.04 0.1 -3.56 825653 0.84
5.04 0.94 11.56 895A56 0.84
5.04 0.94 -3.56 805553 0.84
5.04 1.78 11.56 875956 0.84
5.04 1.78 -3.56 845854 0.84
5.04 2.62 11.56 885A56 0.84
5.04 2.62 -3.56 845854 0.84
5.04 3.46 11.56 885A56 0.84
5.04 3.46 -3.56 865955 0.84
5.04 4.3 11.56 8C5D58 0.84
5.04 4.3 -3.56 885A56 0.84
5.04 5.14 11.56 875956 0.84
5.04 5.14 -3.56 855955 0.84
5.04 5.98 11.56 875956 0.84
5.04 5.98 -3.56 865955 0.84
5.04 6.82 11.56 8B5C57 0.84
5.04 6.82 0.6400003 8E6157 0.84
5.04 6.82 -0.2000008 95665A 0.84
5.04 6.82 -1.04 98695B 0.84
5.04 6.82 -1.88 A26F60 0.84
5.04 6.82 -2.72 AB7664 0.84
5.04 6.82 -3.56 885A56 0.84
5.04 6.82 10.72 A77262 0.84
5.04 6.82 9.880001 A26F60 0.84
5.04 6.82 9.040001 9B6A5D 0.84
5.04 6.82 8.200001 906358 0.84
5.04 6.82 7.360001 855C53 0.84
5.04 6.82 6.52 815952 0.84
5.04 6.82 1.48 7D5951 0.84
5.04 11.02 9.880001 657A4D 0.84
5.04 11.02 -1.88 677D4D 0.84
5.04 12.7 9.880001 9DBD64 0.84
5.04 12.7 -1.88 A1C165 0.84
5.04 13.54 9.880001 9FC065 0.84
5.04 13.54 -1.88 9FBF64 0.84
5.04 17.74 4 B8DA73 0.84
-5.88 6.82 0.6400003 916358 0.84
4.2 6.82 -0.2000008 8D6257 0.84
4.2 6.82 -1.04 95665A 0.84
4.2 6.82 -1.88 A06E5F 0.84
4.2 6.82 -2.72 A67262 0.84
4.2 6.82 10.72 A26F60 0.84
4.2 6.82 9.880001 9E6D5E 0.84
4.2 6.82 9.040001 97675A 0.84
4.2 6.82 8.200001 885E55 0.84
4.2 8.500001 9.040001 687E4E 0.84
4.2 8.500001 -1.04 6A7F4E 0.84
4.2 10.18 9.880001 657B4D 0.84
4.2 10.18 -1.88 677D4D 0.84
4.2 11.86 10.72 677D4E 0.84
4.2 11.86 -2.72 69804E 0.84
4.2 12.7 10.72 9EBE64 0.84
4.2 12.7 -2.72 A1C265 0.84
4.2 14.38 9.880001 A0C065 0.84
4.2 14.38 -1.88 A3C466 0.84
4.2 15.22 9.040001 9DBD63 0.84
4.2 15.22 -1.04 A1C265 0.84
4.2 16.06 9.040001 9EBE64 0.84
4.2 16.06 -1.04 A1C265 0.84
4.2 17.74 8.200001 A3C467 0.84
4.2 17.74 -0.2000008 A3C466 0.84
4.2 18.58 6.52 B4D670 0.84
4.2 18.58 1.48 B6D972 0.84
3.36 0.1 -3.56 845754 0.84
3.36 0.94 11.56 865955 0.84
3.36 0.94 -3.56 815553 0.84
3.36 1.78 11.56 895B57 0.84
3.36 1.78 -3.56 835754 0.84
3.36 2.62 11.56 8B5C57 0.84
3.36 2.62 -3.56 875A56 0.84
3.36 3.46 11.56 855855 0.84
3.36 3.46 -3.56 855855 0.84
3.36 4.3 11.56 8A5B57 0.84
3.36 4.3 -3.56 875955 0.84
3.36 5.14 11.56 875955 0.84
3.36 5.14 -3.56 885A56 0.84
3.36 5.98 11.56 885A56 0.84
3.36 5.98 -3.56 895B56 0.84
3.36 6.82 11.56 8A5B57 0.84
-6.72 6.82 -0.2000008 9E6C5E 0.84
3.36 6.82 -1.04 8C6056 0.84
3.36 6.82 -1.88 9A6A5C 0.84
3.36 6.82 -2.72 A06D5F 0.84
3.36 6.82 -3.56 A77363 0.84
3.36 7.66 9.040001 687D4E 0.84
3.36 6.82 10.72 9E6C5E 0.84
3.36 6.82 9.880001 98685C 0.84
3.36 6.82 9.040001 835B53 0.84
3.36 7.66 -1.04 687D4E 0.84
3.36 9.340001 9.040001 677D4E 0.84
3.36 9.340001 -1.04 667C4D 0.84
3.36 11.02 9.880001 64794D 0.84
3.36 11.02 -1.88 657B4D 0.84
3.36 13.54 9.880001 9EBE64 0.84
3.36 13.54 -1.88 A0C064 0.84
3.36 15.22 9.880001 A1C165 0.84
3.36 15.22 -1.88 A2C366 0.84
3.36 16.9 9.040001 9EBE64 0.84
3.36 16.9 -1.04 A5C667 0.84
3.36 19.42 5.68 B6D972 0.84
3.36 19.42 4.84 B9DB73 0.84
3.36 19.42 4 B8DB73 0.84
3.36 19.42 3.16 B8DB73 0.84
3.36 19.42 2.32 B8DB73 0.84
2.52 11.86 10.72 657B4D 0.84
2.52 9.340001 9.880001 657A4D 0.84
2.52 9.340001 -1.88 697F4E 0.84
2.52 11.86 -2.72 6A804E 0.84
2.52 0.1 -4.400001 855855 0.84
2.52 0.94 12.4 875955 0.84
2.52 0.94 -4.400001 835754 0.84
2.52 1.78 12.4 825654 0.84
2.52 1.78 -4.400001 855855 0.84
2.52 2.62 12.4 845855 0.84
2.52 2.62 -4.400001 845754 0.84
2.52 3.46 12.4 875955 0.84
2.52 3.46 -4.400001 865955 0.84
2.52 4.3 12.4 855855 0.84
2.52 4.3 -4.400001 875955 0.84
2.52 5.14 12.4 875956 0.84
2.52 5.14 -4.400001 885A56 0.84
2.52 5.98 12.4 8B5C57 0.84
2.52 5.98 -4.400001 875955 0.84
2.52 6.82 12.4 875956 0.84
2.52 6.82 -1.04 825953 0.84
2.52 6.82 -0.2000008 6A7350 0.84
2.52 6.82 -1.88 8E6157 0.84
2.52 6.82 -2.72 9B6A5D 0.84
2.52 6.82 -3.56 A77362 0.84
2.52 6.82 -4.400001 885A56 0.84
2.52 6.82 11.56 A36F60 0.84
2.52 6.82 10.72 9D6C5E 0.84
2.52 6.82 9.880001 8D6057 0.84
2.52 6.82 9.040001 7F5851 0.84
2.52 8.500001 9.040001 667B4E 0.84
2.52 8.500001 -1.04 697F4E 0.84
2.52 10.18 9.880001 657A4D 0.84
2.52 10.18 -1.88 667C4D 0.84
2.52 11.02 10.72 677D4E 0.84
2.52 11.02 -2.72 657A4C 0.84
2.52 12.7 10.72 9FBF64 0.84
2.52 12.7 -2.72 9DBD63 0.84
2.52 13.54 10.72 A0C065 0.84
2.52 13.54 -2.72 A0C165 0.84
2.52 14.38 9.880001 A0C064 0.84
2.52 14.38 -1.88 A0C064 0.84
2.52 16.06 9.040001 A1C165 0.84
2.52 16.06 -1.04 A1C265 0.84
2.52 17.74 8.200001 A0C064 0.84
2.52 17.74 -0.2000008 A2C366 0.84
2.52 18.58 7.360001 B5D771 0.84
2.52 18.58 0.6400003 B7D972 0.84
1.68 7.66 9.040001 687C4E 0.84
1.68 7.66 -1.04 6B814F 0.84
1.68 6.82 -1.04 72584E 0.84
1.68 6.82 -1.88 8F6358 0.84
1.68 6.82 -2.72 9C6A5D 0.84
1.68 6.82 -3.56 A16F60 0.84
1.68 6.82 11.56 A06D5F 0.84
1.68 6.82 10.72 916358 0.84
1.68 6.82 9.880001 8B5F56 0.84
1.68 6.82 9.040001 7C5750 0.84
1.68 8.500001 9.880001 677C4E 0.84
1.68 8.500001 -1.88 6A7F4E 0.84
1.68 10.18 10.72 64794D 0.84
1.68 10.18 -2.72 687E4D 0.84
1.68 11.86 10.72 63784C 0.84
1.68 11.86 -2.72 677D4D 0.84
1.68 12.7 11.56 9FBF64 0.84
1.68 12.7 -3.56 A1C265 0.84
1.68 14.38 10.72 9FBF64 0.84
1.68 14.38 -2.72 A0C165 0.84
1.68 15.22 9.880001 A1C165 0.84
1.68 15.22 -1.88 A0C064 0.84
1.68 16.06 9.880001 9DBD63 0.84
1.68 16.06 -1.88 A2C265 0.84
1.68 16.9 9.040001 A0C064 0.84
1.68 16.9 -1.04 A3C366 0.84
1.68 17.74 9.040001 9FBF64 0.84
1.68 17.74 -1.04 A4C567 0.84
1.68 18.58 8.200001 B2D46F 0.84
1.68 18.58 -0.2000008 B6D872 0.84
1.68 19.42 6.52 B4D670 0.84
1.68 18.58 7.360001 B5D771 0.84
1.68 18.58 0.6400003 B7D972 0.84
1.68 19.42 1.48 B8DA73 0.84
1.68 20.26 5.68 BEE177 0.84
1.68 20.26 4.84 BEE177 0.84
1.68 20.26 4 BDE076 0.84
1.68 20.26 3.16 BDE076 0.84
1.68 20.26 2.32 BBDE75 0.84
0.84 11.86 11.56 667C4D 0.84
0.84 11.86 -3.56 69804E 0.84
0.84 0.1 -4.400001 835754 0.84
0.84 0.94 12.4 865855 0.84
0.84 0.94 -4.400001 855855 0.84
0.84 1.78 12.4 855855 0.84
0.84 1.78 -4.400001 855855 0.84
0.84 2.62 12.4 865855 0.84
0.84 2.62 -4.400001 845754 0.84
0.84 3.46 12.4 885A56 0.84
0.84 3.46 -4.400001 875955 0.84
0.84 4.3 12.4 865955 0.84
0.84 4.3 -4.400001 875955 0.84
0.84 5.14 12.4 8B5C57 0.84
0.84 5.14 -4.400001 8A5B57 0.84
0.84 5.98 12.4 855855 0.84
0.84 5.98 -4.400001 8A5C57 0.84
0.84 6.82 12.4 885A56 0.84
-7.56 6.82 -1.04 94655D 0.84
0.84 6.82 -1.88 8F6158 0.84
0.84 6.82 -2.72 96665B 0.84
0.84 6.82 -3.56 9D6C5E 0.84
0.84 6.82 -4.400001 A16E61 0.84
0.84 7.66 9.880001 6A7F4E 0.84
0.84 6.82 11.56 9E6C5E 0.84
0.84 6.82 10.72 936559 0.84
0.84 6.82 9.880001 8B5F56 0.84
0.84 7.66 -1.88 6B804E 0.84
0.84 9.340001 9.880001 667B4D 0.84
0.84 9.340001 -1.88 697E4E 0.84
0.84 11.02 10.72 64794D 0.84
0.84 11.02 -2.72 657B4C 0.84
0.84 13.54 10.72 9FC064 0.84
0.84 13.54 -2.72 A2C365 0.84
0.84 15.22 10.72 9FBF64 0.84
0.84 15.22 -2.72 A1C265 0.84
0.84 16.9 9.880001 A1C165 0.84
0.84 16.9 -1.88 9FBF64 0.84
0.84 19.42 6.52 B8DB73 0.84
0.84 19.42 7.360001 B5D771 0.84
0.84 19.42 0.6400003 B9DC74 0.84
0.84 19.42 1.48 B8DA73 0.84
0.84 20.26 5.68 BFE177 0.84
0.84 20.26 4.84 BEE177 0.84
0.84 20.26 4 BDE077 0.84
0.84 20.26 3.16 BDE076 0.84
0.84 20.26 2.32 BFE278 0.84
0 9.340001 10.72 63784C 0.84
0 7.66 9.880001 62764C 0.84
0 7.66 -1.88 6A804E 0.84
0 9.340001 -2.72 687E4E 0.84
0 0.1 -5.240001 875956 0.84
0 0.94 13.24 815553 0.84
0 0.94 -5.240001 845754 0.84
0 1.78 13.24 825654 0.84
0 1.78 -5.240001 865855 0.84
0 2.62 13.24 845754 0.84
0 2.62 -5.240001 875A56 0.84
0 3.46 13.24 835754 0.84
0 3.46 -5.240001 895B56 0.84
0 4.3 13.24 825654 0.84
0 4.3 -5.240001 885A56 0.84
0 5.14 13.24 845754 0.84
0 5.14 -5.240001 8B5C57 0.84
0 5.98 13.24 875A56 0.84
0 5.98 -5.240001 8C5C57 0.84
0 6.82 13.24 895B56 0.84
0 6.82 -1.88 8C6057 0.84
0 6.82 -1.04 717B52 0.84
0 6.82 -2.72 946659 0.84
0 6.82 -3.56 A16E60 0.84
0 6.82 -4.400001 A97463 0.84
0 6.82 -5.240001 8A5B56 0.84
0 6.82 12.4 A87363 0.84
0 6.82 11.56 9A695D 0.84
0 6.82 10.72 95665A 0.84
0 6.82 9.880001 8E6157 0.84
0 8.500001 9.880001 687E4E 0.84
0 8.500001 -1.88 697E4E 0.84
0 10.18 10.72 63784D 0.84
0 10.18 -2.72 687E4E 0.84
0 11.02 11.56 657B4D 0.84
0 11.02 -3.56 657B4D 0.84
0 12.7 11.56 9CBC62 0.84
0 12.7 -3.56 9FBF64 0.84
0 13.54 11.56 9CBD62 0.84
0 13.54 -3.56 A2C366 0.84
0 14.38 10.72 9BBB62 0.84
0 14.38 -2.72 A3C466 0.84
0 15.22 10.72 9FC064 0.84
0 15.22 -2.72 A1C165 0.84
0 16.06 9.880001 9EBE63 0.84
0 16.06 -1.88 A4C567 0.84
0 16.9 9.880001 9EBF64 0.84
0 16.9 -1.88 A1C265 0.84
0 17.74 9.040001 9FBF64 0.84
0 17.74 -1.04 A1C165 0.84
0 18.58 8.200001 B7D972 0.84
0 18.58 -0.2000008 B7DA73 0.84
0 19.42 6.52 B4D670 0.84
0 19.42 7.360001 B6D871 0.84
0 19.42 0.6400003 B8DA73 0.84
0 19.42 1.48 BADC74 0.84
0 20.26 5.68 BCDF76 0.84
0 20.26 4.84 BDDF76 0.84
0 20.26 4 BFE278 0.84
0 20.26 3.16 BCDE75 0.84
0 20.26 2.32 BFE278 0.84
-0.84 11.86 11.56 61774B 0.84
-0.84 10.18 10.72 63784C 0.84
-0.84 8.500001 9.880001 63784C 0.84
-0.84 8.500001 -1.88 6C824F 0.84
-0.84 10.18 -2.72 687E4E 0.84
-0.84 11.86 -3.56 657A4D 0.84
-0.84 0.1 -4.400001 875A56 0.84
-0.84 0.94 12.4 855855 0.84
-0.84 0.94 -4.400001 895A56 0.84
-0.84 1.78 12.4 7B5151 0.84
-0.84 1.78 -4.400001 865855 0.84
-0.84 2.62 12.4 805553 0.84
-0.84 2.62 -4.400001 865955 0.84
-0.84 3.46 12.4 805553 0.84
-0.84 3.46 -4.400001 895A56 0.84
-0.84 4.3 12.4 835754 0.84
-0.84 4.3 -4.400001 865855 0.84
-0.84 5.14 12.4 825653 0.84
-0.84 5.14 -4.400001 8A5B57 0.84
-0.84 5.98 12.4 825653 0.84
-0.84 5.98 -4.400001 8D5D58 0.84
-0.84 6.82 12.4 835754 0.84
-0.84 6.82 -1.88 895E55 0.84
-0.84 6.82 -1.04 6A754F 0.84
-0.84 6.82 -2.72 97675B 0.84
-0.84 6.82 -3.56 9F6D5E 0.84
-0.84 6.82 -4.400001 A77262 0.84
-0.84 7.66 9.880001 63764C 0.84
-0.84 6.82 11.56 A06E5F 0.84
-0.84 6.82 10.72 96665B 0.84
-0.84 6.82 9.880001 895E55 0.84
-0.84 7.66 -1.88 697E4E 0.84
-0.84 9.340001 9.880001 657A4D 0.84
-0.84 9.340001 -1.88 697F4E 0.84
-0.84 11.02 10.72 61764B 0.84
-0.84 11.02 -2.72 677D4E 0.84
-0.84 12.7 11.56 99B961 0.84
-0.84 12.7 -3.56 99B861 0.84
-0.84 13.54 10.72 9BBB62 0.84
-0.84 13.54 -2.72 A0C165 0.84
-0.84 14.38 10.72 A1C165 0.84
-0.84 14.38 -2.72 A0C065 0.84
-0.84 15.22 10.72 9DBD63 0.84
-0.84 15.22 -2.72 9FBF64 0.84
-0.84 16.06 9.880001 9FBF64 0.84
-0.84 16.06 -1.88 A0C065 0.84
-0.84 16.9 9.880001 9DBD63 0.84
-0.84 16.9 -1.88 A2C266 0.84
-0.84 17.74 9.040001 9BBB62 0.84
-0.84 17.74 -1.04 A0C065 0.84
-0.84 18.58 8.200001 B3D570 0.84
-0.84 18.58 -0.2000008 B4D671 0.84
-0.84 19.42 6.52 B8DA73 0.84
-0.84 19.42 7.360001 B4D670 0.84
-0.84 19.42 0.6400003 B9DC74 0.84
-0.84 19.42 1.48 B7DA72 0.84
-0.84 20.26 5.68 BFE278 0.84
-0.84 20.26 4.84 BDE076 0.84
-0.84 20.26 4 BFE278 0.84
-0.84 20.26 3.16 BDE076 0.84
-0.84 20.26 2.32 BEE077 0.84
-1.68 11.02 10.72 60754B 0.84
-1.68 9.340001 9.880001 62774C 0.84
-1.68 7.66 9.040001 62774C 0.84
-1.68 7.66 -1.04 677C4E 0.84
-1.68 9.340001 -1.88 687D4E 0.84
-1.68 11.02 -2.72 687E4E 0.84
-1.68 0.1 -4.400001 865855 0.84
-1.68 0.94 12.4 7C5251 0.84
-1.68 0.94 -4.400001 875955 0.84
-1.68 1.78 12.4 805453 0.84
-1.68 1.78 -4.400001 885A56 0.84
-1.68 2.62 12.4 805553 0.84
-1.68 2.62 -4.400001 8A5B57 0.84
-1.68 3.46 12.4 815553 0.84
-1.68 3.46 -4.400001 875956 0.84
-1.68 4.3 12.4 835754 0.84
-1.68 4.3 -4.400001 895A56 0.84
-1.68 5.14 12.4 815653 0.84
-1.68 5.14 -4.400001 895A56 0.84
-1.68 5.98 12.4 825653 0.84
-1.68 5.98 -4.400001 8B5C57 0.84
-1.68 6.82 12.4 825654 0.84
-1.68 6.82 -1.04 75594F 0.84
-1.68 6.82 -1.88 916359 0.84
-1.68 6.82 -2.72 9A695D 0.84
-1.68 6.82 -3.56 A16E60 0.84
-1.68 6.82 -4.400001 8C5C57 0.84
-1.68 6.82 11.56 A26E60 0.84
-1.68 6.82 10.72 926459 0.84
-1.68 6.82 9.880001 8E6157 0.84
-1.68 6.82 9.040001 7C5650 0.84
-1.68 8.500001 9.880001 62764C 0.84
-1.68 8.500001 -1.88 6A7F4F 0.84
-1.68 10.18 10.72 62764C 0.84
-1.68 10.18 -2.72 677C4D 0.84
-1.68 11.86 10.72 63784C 0.84
-1.68 11.86 -2.72 667C4D 0.84
-1.68 12.7 11.56 99B961 0.84
-1.68 12.7 -3.56 9CBC63 0.84
-1.68 13.54 10.72 9CBC62 0.84
-1.68 13.54 -2.72 9EBE64 0.84
-1.68 14.38 10.72 9EBF64 0.84
-1.68 14.38 -2.72 9DBD63 0.84
-1.68 15.22 9.880001 9CBC62 0.84
-1.68 15.22 -1.88 A0C065 0.84
-1.68 16.06 9.880001 9FBF64 0.84
-1.68 16.06 -1.88 A0C065 0.84
-1.68 16.9 9.040001 9BBB62 0.84
-1.68 16.9 -1.04 A4C467 0.84
-1.68 17.74 9.040001 9FBF64 0.84
-1.68 17.74 -1.04 A2C366 0.84
-1.68 18.58 8.200001 B4D670 0.84
-1.68 18.58 -0.2000008 B4D671 0.84
-1.68 19.42 6.52 B4D670 0.84
-1.68 18.58 7.360001 B4D670 0.84
-1.68 18.58 0.6400003 B5D771 0.84
-1.68 19.42 1.48 B6D872 0.84
-1.68 20.26 5.68 BDE076 0.84
-1.68 20.26 4.84 BEE177 0.84
-1.68 20.26 4 BDE076 0.84
-1.68 20.26 3.16 BFE177 0.84
-1.68 20.26 2.32 BDDF76 0.84
-2.52 11.86 10.72 60744B 0.84
-2.52 9.340001 9.880001 62774B 0.84
-2.52 7.66 9.040001 64794C 0.84
-2.52 7.66 -1.04 6B814F 0.84
-2.52 9.340001 -1.88 687E4E 0.84
-2.52 11.86 -2.72 6A804F 0.84
-2.52 0.1 -4.400001 865855 0.84
-2.52 0.94 12.4 7E5352 0.84
-2.52 0.94 -4.400001 875956 0.84
-2.52 1.78 12.4 825653 0.84
-2.52 1.78 -4.400001 895B56 0.84
-2.52 2.62 12.4 7D5352 0.84
-2.52 2.62 -4.400001 8B5B57 0.84
-2.52 3.46 12.4 815653 0.84
-2.52 3.46 -4.400001 895B56 0.84
-2.52 4.3 12.4 815553 0.84
-2.52 4.3 -4.400001 885956 0.84
-2.52 5.14 12.4 835754 0.84
-2.52 5.14 -4.400001 895B56 0.84
-2.52 5.98 12.4 835754 0.84
-2.52 5.98 -4.400001 8A5C57 0.84
-2.52 6.82 12.4 815653 0.84
-2.52 6.82 -1.04 835A53 0.84
-2.52 6.82 -0.2000008 68714F 0.84
-2.52 6.82 -1.88 936559 0.84
-2.52 6.82 -2.72 9E6C5E 0.84
-2.52 6.82 -3.56 A16E60 0.84
-2.52 6.82 -4.400001 8B5C57 0.84
-2.52 6.82 11.56 A26E60 0.84
-2.52 6.82 10.72 9B6A5D 0.84
-2.52 6.82 9.880001 926359 0.84
-2.52 6.82 9.040001 7C5550 0.84
-2.52 8.500001 9.040001 62764C 0.84
-2.52 8.500001 -1.04 697F4E 0.84
-2.52 10.18 9.880001 62764C 0.84
-2.52 10.18 -1.88 677C4E 0.84
-2.52 11.02 10.72 62774B 0.84
-2.52 11.02 -2.72 697F4E 0.84
-2.52 12.7 10.72 9CBC63 0.84
-2.52 12.7 -2.72 9FBF65 0.84
-2.52 13.54 10.72 9CBC62 0.84
-2.52 13.54 -2.72 9EBE64 0.84
-2.52 14.38 9.880001 9EBE63 0.84
-2.52 14.38 -1.88 A0C065 0.84
-2.52 15.22 9.880001 9AB961 0.84
-2.52 15.22 -1.88 A0C065 0.84
-2.52 16.06 9.040001 9BBB62 0.84
-2.52 16.06 -1.04 A0C065 0.84
-2.52 16.9 9.040001 9CBC62 0.84
-2.52 16.9 -1.04 9EBE64 0.84
-2.52 17.74 8.200001 9ABA61 0.84
-2.52 17.74 -0.2000008 A1C165 0.84
-2.52 18.58 7.360001 B2D46F 0.84
-2.52 18.58 0.6400003 B4D670 0.84
-2.52 19.42 6.52 B2D46F 0.84
-2.52 19.42 1.48 B2D46F 0.84
-2.52 19.42 5.68 B7D972 0.84
-2.52 19.42 4.84 B6D871 0.84
-2.52 19.42 4 B6D872 0.84
-2.52 19.42 3.16 B8DA73 0.84
-2.52 19.42 2.32 B5D771 0.84
-3.36 11.86 10.72 62774C 0.84
-3.36 10.18 9.880001 60754B 0.84
-3.36 8.500001 9.040001 64794C 0.84
-3.36 8.500001 -1.04 697F4E 0.84
-3.36 10.18 -1.88 687E4E 0.84
-3.36 11.86 -2.72 667C4D 0.84
-3.36 0.1 -3.56 855755 0.84
-3.36 0.94 11.56 805553 0.84
-3.36 0.94 -3.56 875855 0.84
-3.36 1.78 11.56 7C5251 0.84
-3.36 1.78 -3.56 885A56 0.84
-3.36 2.62 11.56 805553 0.84
-3.36 2.62 -3.56 8A5B57 0.84
-3.36 3.46 11.56 825653 0.84
-3.36 3.46 -3.56 885A56 0.84
-3.36 4.3 11.56 825654 0.84
-3.36 4.3 -3.56 885956 0.84
-3.36 5.14 11.56 855855 0.84
-3.36 5.14 -3.56 8E5D58 0.84
-3.36 5.98 11.56 825754 0.84
-3.36 5.98 -3.56 8A5B57 0.84
-3.36 6.82 11.56 805553 0.84
-3.36 6.82 -1.04 875C54 0.84
-3.36 6.82 -0.2000008 6A7350 0.84
-3.36 6.82 -1.88 926459 0.84
-3.36 6.82 -2.72 A26F60 0.84
-3.36 6.82 -3.56 A97464 0.84
-3.36 7.66 9.040001 657A4D 0.84
-3.36 6.82 10.72 A26F60 0.84
-3.36 6.82 9.880001 916359 0.84
-3.36 6.82 9.040001 8A5F55 0.84
-3.36 7.66 -1.04 6B804F 0.84
-3.36 9.340001 9.040001 61754B 0.84
-3.36 9.340001 -1.04 677C4E 0.84
-3.36 11.02 9.880001 5F744B 0.84
-3.36 11.02 -1.88 667B4D 0.84
-3.36 12.7 10.72 9DBD63 0.84
-3.36 12.7 -2.72 9ABA62 0.84
-3.36 13.54 9.880001 9DBE63 0.84
-3.36 13.54 -1.88 9FBF64 0.84
-3.36 14.38 9.880001 9CBD62 0.84
-3.36 14.38 -1.88 A1C165 0.84
-3.36 15.22 9.880001 9EBE63 0.84
-3.36 15.22 -1.88 9FC065 0.84
-3.36 16.06 9.040001 9FBF64 0.84
-3.36 16.06 -1.04 9FC064 0.84
-3.36 16.9 9.040001 9CBC62 0.84
-3.36 16.9 -1.04 A0C165 0.84
-3.36 17.74 8.200001 9EBF63 0.84
-3.36 17.74 -0.2000008 A0C065 0.84
-3.36 18.58 7.360001 B4D670 0.84
-3.36 18.58 0.6400003 B1D36F 0.84
-3.36 18.58 6.52 B2D46F 0.84
-3.36 19.42 5.68 B7D972 0.84
-3.36 19.42 4.84 B4D670 0.84
-3.36 19.42 4 B7D972 0.84
-3.36 19.42 3.16 B6D872 0.84
-3.36 19.42 2.32 B5D771 0.84
-3.36 18.58 1.48 B3D470 0.84
-4.2 11.02 9.880001 647A4C 0.84
-4.2 9.340001 9.040001 62764B 0.84
-4.2 7.66 8.200001 64794C 0.84
-4.2 7.66 -0.2000008 687D4E 0.84
-4.2 9.340001 -1.04 687C4E 0.84
-4.2 11.02 -1.88 677D4E 0.84
-4.2 0.1 -3.56 845754 0.84
-4.2 0.94 11.56 805553 0.84
-4.2 0.94 -3.56 865955 0.84
-4.2 1.78 11.56 7D5352 0.84
-4.2 1.78 -3.56 855855 0.84
-4.2 2.62 11.56 815553 0.84
-4.2 2.62 -3.56 875956 0.84
-4.2 3.46 11.56 7E5452 0.84
-4.2 3.46 -3.56 8A5B56 0.84
-4.2 4.3 11.56 805553 0.84
-4.2 4.3 -3.56 885956 0.84
-4.2 5.14 11.56 7E5452 0.84
-4.2 5.14 -3.56 8D5D58 0.84
-4.2 5.98 11.56 805553 0.84
-4.2 5.98 -3.56 8A5B56 0.84
-4.2 6.82 11.56 835754 0.84
-4.2 6.82 -0.2000008 895E55 0.84
-4.2 6.82 0.6400003 6B7650 0.84
-4.2 6.82 -1.04 926359 0.84
-4.2 6.82 -1.88 96675B 0.84
-4.2 6.82 -2.72 A67162 0.84
-4.2 6.82 -3.56 8D5D58 0.84
-4.2 6.82 10.72 9D6A5E 0.84
-4.2 6.82 9.880001 9A685C 0.84
-4.2 6.82 9.040001 926359 0.84
-4.2 6.82 8.200001 8B5F56 0.84
-4.2 8.500001 9.040001 657A4D 0.84
-4.2 8.500001 -1.04 687D4E 0.84
-4.2 10.18 9.880001 62774C 0.84
-4.2 10.18 -1.88 687E4E 0.84
-4.2 11.86 10.72 62774B 0.84
-4.2 11.86 -2.72 687E4E 0.84
-4.2 12.7 10.72 9DBD63 0.84
-4.2 12.7 -2.72 9EBE64 0.84
-4.2 13.54 9.880001 9DBD63 0.84
-4.2 13.54 -1.88 9FC065 0.84
-4.2 14.38 9.880001 9BBB62 0.84
-4.2 14.38 -1.88 9FC064 0.84
-4.2 15.22 9.040001 9DBD63 0.84
-4.2 15.22 -1.04 A1C266 0.84
-4.2 16.06 9.040001 9CBC62 0.84
-4.2 16.06 -1.04 9FBF64 0.84
-4.2 16.9 8.200001 9EBE63 0.84
-4.2 16.9 -0.2000008 A1C165 0.84
-4.2 17.74 8.200001 9FBF64 0.84
-4.2 17.74 -0.2000008 9EBE64 0.84
-4.2 18.58 4.84 B2D46F 0.84
-4.2 17.74 7.360001 AFD16D 0.84
-4.2 18.58 6.52 B0D26E 0.84
-4.2 18.58 5.68 B1D36E 0.84
-4.2 18.58 2.32 B5D771 0.84
-4.2 18.58 3.16 B4D670 0.84
-4.2 18.58 1.48 B3D670 0.84
-4.2 17.74 0.6400003 AFD06D 0.84
-4.2 18.58 4 B7D973 0.84
-5.04 11.86 9.880001 63794C 0.84
-5.04 9.340001 9.040001 63784C 0.84
-5.04 9.340001 8.200001 657A4D 0.84
-5.04 8.500001 7.360001 63774C 0.84
-5.04 7.66 6.52 63774C 0.84
-5.04 6.82 5.68 64794D 0.84
-5.04 6.82 2.32 677B4D 0.84
-5.04 7.66 1.48 677B4E 0.84
-5.04 8.500001 0.6400003 677C4E 0.84
-5.04 9.340001 -0.2000008 687D4E 0.84
-5.04 9.340001 -1.04 667B4D 0.84
-5.04 11.86 -1.88 677D4E 0.84
-5.04 0.1 -3.56 885A56 0.84
-5.04 0.94 11.56 7E5352 0.84
-5.04 0.94 -3.56 8B5C57 0.84
-5.04 1.78 11.56 7F5452 0.84
-5.04 1.78 -3.56 865855 0.84
-5.04 2.62 11.56 825654 0.84
-5.04 2.62 -3.56 895A56 0.84
-5.04 3.46 11.56 7F5453 0.84
-5.04 3.46 -3.56 855855 0.84
-5.04 4.3 11.56 855855 0.84
-5.04 4.3 -3.56 885A56 0.84
-5.04 5.14 11.56 865955 0.84
-5.04 5.14 -3.56 8A5B56 0.84
-5.04 5.98 11.56 845754 0.84
-5.04 5.98 -3.56 885A56 0.84
-5.04 6.82 11.56 7F5453 0.84
-5.04 6.82 3.16 67714F 0.84
-4.2 6.82 1.48 66704E 0.84
-5.04 6.82 0.6400003 885D54 0.84
-5.04 6.82 -0.2000008 916359 0.84
-5.04 6.82 -1.04 9F6D5E 0.84
-5.04 6.82 -1.88 9F6D5F 0.84
-5.04 6.82 -2.72 A36F61 0.84
-5.04 6.82 -3.56 8C5D58 0.84
-5.04 6.82 10.72 A67162 0.84
-5.04 6.82 9.880001 A36F61 0.84
-5.04 6.82 9.040001 99685C 0.84
-5.04 6.82 8.200001 916359 0.84
-5.04 6.82 7.360001 895E56 0.84
-5.04 7.66 7.360001 687C4E 0.84
-5.04 6.82 6.52 78534F 0.84
-5.04 6.82 1.48 835A53 0.84
-5.04 7.66 0.6400003 677B4D 0.84
-5.04 8.500001 8.200001 63784C 0.84
-5.04 8.500001 -0.2000008 677B4E 0.84
-5.04 10.18 9.040001 5F744A 0.84
-5.04 10.18 -1.04 677D4E 0.84
-5.04 11.02 9.880001 62774C 0.84
-5.04 11.02 -1.88 687E4E 0.84
-5.04 12.7 9.880001 9BBB62 0.84
-5.04 12.7 -1.88 9EBE64 0.84
-5.04 13.54 9.880001 9EBE63 0.84
-5.04 13.54 -1.88 A2C266 0.84
-5.04 14.38 9.040001 9BBB62 0.84
-5.04 14.38 -1.04 9FBF64 0.84
-5.04 15.22 9.040001 9BBB62 0.84
-5.04 15.22 -1.04 9EBE64 0.84
-5.04 16.06 7.360001 9CBC62 0.84
-5.04 15.22 8.200001 9EBE63 0.84
-5.04 16.06 8.200001 9DBD63 0.84
-5.04 15.22 -0.2000008 A0C065 0.84
-5.04 16.06 -0.2000008 9FBF64 0.84
-5.04 16.06 0.6400003 9FBF64 0.84
-5.04 16.9 6.52 9DBD63 0.84
-5.04 16.9 7.360001 9DBE63 0.84
-5.04 16.9 1.48 A3C366 0.84
-5.04 16.9 0.6400003 9FBF64 0.84
-5.04 17.74 5.68 9DBD63 0.84
-5.04 17.74 6.52 9DBD63 0.84
-5.04 17.74 2.32 A1C165 0.84
-5.04 17.74 1.48 A1C165 0.84
-5.04 17.74 4.84 B0D16D 0.84
-5.04 17.74 4 B4D670 0.84
-5.04 17.74 3.16 AFD16D 0.84
-5.88 11.86 9.880001 62784C 0.84
-5.88 11.86 9.040001 62774B 0.84
-5.88 11.02 8.200001 61764B 0.84
-5.88 10.18 7.360001 62774C 0.84
-5.88 9.340001 6.52 64784C 0.84
-5.88 9.340001 5.68 677D4D 0.84
-5.88 8.500001 4.84 62754C 0.84
-5.88 7.66 4 667A4D 0.84
-5.88 8.500001 3.16 6A7F4F 0.84
-5.88 9.340001 2.32 677C4E 0.84
-5.88 9.340001 1.48 667B4D 0.84
-5.88 10.18 0.6400003 64794D 0.84
-5.88 11.02 -0.2000008 64794D 0.84
-5.88 11.86 -1.04 677C4E 0.84
-5.88 11.86 -1.88 677D4E 0.84
-5.88 0.1 -2.72 875955 0.84
-5.88 0.94 10.72 7F5452 0.84
-5.88 0.94 -2.72 855855 0.84
-5.88 1.78 10.72 7E5352 0.84
-5.88 1.78 -2.72 875955 0.84
-5.88 2.62 10.72 815553 0.84
-5.88 2.62 -2.72 8A5A56 0.84
-5.88 3.46 10.72 7D5352 0.84
-5.88 3.46 -2.72 895B56 0.84
-5.88 4.3 10.72 805553 0.84
-5.88 4.3 -2.72 8C5C57 0.84
-5.88 5.14 10.72 815553 0.84
-5.88 5.14 -2.72 8B5B57 0.84
-5.88 5.98 10.72 825653 0.84
-5.88 5.98 -2.72 8C5C57 0.84
-5.88 6.82 10.72 825653 0.84
-5.88 6.82 -0.2000008 9C6B5D 0.84
-5.88 6.82 -1.04 A26F60 0.84
-5.88 6.82 -1.88 A67262 0.84
-5.88 6.82 -2.72 AB7564 0.84
-5.88 6.82 9.880001 A87363 0.84
-5.88 6.82 9.040001 9D6B5E 0.84
-5.88 6.82 8.200001 98685C 0.84
-5.88 6.82 7.360001 96665B 0.84
-5.88 6.82 6.52 8E6158 0.84
-5.88 6.82 5.68 845A54 0.84
-5.04 7.66 5.68 64784D 0.84
-5.88 6.82 4.84 855B54 0.84
-5.88 7.66 4.84 65794D 0.84
-5.88 6.82 4 895D55 0.84
-5.88 6.82 3.16 8E6157 0.84
-5.88 7.66 3.16 697E4E 0.84
-5.88 6.82 2.32 845B53 0.84
-5.04 7.66 2.32 687D4E 0.84
-5.88 6.82 1.48 8D6057 0.84
-5.04 8.500001 6.52 657A4D 0.84
-5.88 8.500001 5.68 64794C 0.84
-5.88 8.500001 2.32 677B4E 0.84
-5.04 8.500001 1.48 687D4E 0.84
-5.04 9.340001 7.360001 667B4D 0.84
-5.04 9.340001 0.6400003 64784D 0.84
-5.88 10.18 8.200001 63784C 0.84
-5.88 10.18 -0.2000008 677D4E 0.84
-5.88 11.02 9.040001 61764B 0.84
-5.88 11.02 -1.04 64794D 0.84
-5.88 12.7 9.880001 9CBC62 0.84
-5.88 12.7 -1.88 96B560 0.84
-5.88 13.54 8.200001 9BBB62 0.84
-5.88 13.54 9.040001 9CBC62 0.84
-5.88 13.54 -1.04 9DBD63 0.84
-5.88 13.54 -0.2000008 9FBE64 0.84
-5.88 14.38 7.360001 9DBE63 0.84
-5.88 14.38 8.200001 9EBE63 0.84
-5.88 14.38 -0.2000008 9FBF64 0.84
-5.88 14.38 0.6400003 9EBE63 0.84
-5.88 15.22 6.52 9EBE63 0.84
-5.88 15.22 7.360001 9EBE63 0.84
-5.88 15.22 1.48 9CBC63 0.84
-5.88 15.22 0.6400003 9DBD63 0.84
-5.88 16.06 4.84 9EBE63 0.84
-5.04 16.06 6.52 9EBE63 0.84
-5.88 16.06 5.68 9BBB62 0.84
-5.88 16.06 2.32 A1C265 0.84
-5.88 16.06 3.16 9FBF64 0.84
-5.04 16.06 1.48 A0C065 0.84
-5.88 16.9 4 9FBF64 0.84
-5.04 16.9 5.68 9DBD63 0.84
-5.88 16.9 4.84 9CBC63 0.84
-5.88 16.9 3.16 9FC065 0.84
-5.04 16.9 2.32 A0C065 0.84
-5.88 17.74 4 9EBE63 0.84
-6.72 11.86 7.360001 62784C 0.84
-6.72 11.02 6.52 63784C 0.84
-6.72 11.02 5.68 63784C 0.84
-6.72 10.18 4.84 60754B 0.84
-6.72 9.340001 4 64784C 0.84
-6.72 10.18 3.16 677C4D 0.84
-6.72 11.02 2.32 667B4D 0.84
-6.72 11.02 1.48 687E4E 0.84
-6.72 11.86 0.6400003 657B4D 0.84
-6.72 0.1 -2.72 805453 0.84
-6.72 0.94 10.72 7F5452 0.84
-6.72 0.94 -2.72 7F5452 0.84
-6.72 1.78 10.72 7E5352 0.84
-6.72 1.78 -2.72 865855 0.84
-6.72 2.62 10.72 7F5452 0.84
-6.72 2.62 -2.72 825654 0.84
-6.72 3.46 10.72 805452 0.84
-6.72 3.46 -2.72 865855 0.84
-6.72 4.3 10.72 815553 0.84
-6.72 4.3 -2.72 875955 0.84
-6.72 5.14 10.72 815553 0.84
-6.72 5.14 -2.72 8B5C57 0.84
-6.72 5.98 10.72 855754 0.84
-6.72 5.98 -2.72 875955 0.84
-6.72 6.82 10.72 855754 0.84
-6.72 6.82 -1.04 A57061 0.84
-6.72 6.82 -1.88 AC7665 0.84
-6.72 6.82 -2.72 A97E74 0.84
-6.72 6.82 9.880001 A97363 0.84
-6.72 6.82 9.040001 A97463 0.84
-6.72 6.82 8.200001 A47061 0.84
-6.72 6.82 7.360001 9F6D5F 0.84
-6.72 6.82 6.52 98685B 0.84
-6.72 6.82 5.68 98685C 0.84
-6.72 6.82 4.84 95655A 0.84
-6.72 6.82 4 926459 0.84
-6.72 6.82 3.16 95665B 0.84
-6.72 6.82 2.32 98675C 0.84
-6.72 6.82 1.48 9A695D 0.84
-6.72 6.82 0.6400003 A06E5F 0.84
-5.88 8.500001 4 64784C 0.84
-6.72 9.340001 4.84 64794C 0.84
-6.72 9.340001 3.16 667B4E 0.84
-5.88 10.18 6.52 63784C 0.84
-6.72 10.18 5.68 63784C 0.84
-6.72 10.18 2.32 657A4D 0.84
-5.88 10.18 1.48 657A4D 0.84
-5.88 11.02 7.360001 62784C 0.84
-5.88 11.02 0.6400003 677D4E 0.84
-6.72 11.86 8.200001 647A4C 0.84
-6.72 11.86 -0.2000008 657A4D 0.84
-6.72 12.7 7.360001 9CBC62 0.84
-5.88 12.7 9.040001 9DBD63 0.84
-6.72 12.7 8.200001 9BBB62 0.84
-6.72 12.7 0.6400003 9EBE64 0.84
-6.72 12.7 -0.2000008 9EBE64 0.84
-5.88 12.7 -1.04 9FBF64 0.84
-6.72 13.54 6.52 9FBF64 0.84
-6.72 13.54 7.360001 9CBC62 0.84
-6.72 13.54 1.48 A2C266 0.84
-6.72 13.54 0.6400003 9EBE64 0.84
-6.72 14.38 4.84 9CBC62 0.84
-5.88 14.38 6.52 9CBC62 0.84
-6.72 13.54 5.68 9CBC62 0.84
-6.72 14.38 5.68 9DBD63 0.84
-6.72 13.54 2.32 9DBD64 0.84
-6.72 14.38 2.32 A0C065 0.84
-6.72 14.38 3.16 9EBE64 0.84
-5.88 14.38 1.48 A2C266 0.84
-5.88 15.22 5.68 A0C165 0.84
-6.72 15.22 4.84 9BBB62 0.84
-6.72 15.22 4 9EBE63 0.84
-6.72 15.22 3.16 A1C165 0.84
-5.88 15.22 2.32 A1C165 0.84
-6.72 16.06 4 9FBF64 0.84
-7.56 11.86 4.84 63784C 0.84
-7.56 11.02 4 647A4C 0.84
-7.56 11.86 3.16 667C4D 0.84
-7.56 0.1 8.200001 7E5352 0.84
-6.72 0.1 9.880001 7E5352 0.84
-7.56 0.1 9.040001 825553 0.84
-7.56 0.1 -1.04 845B5D 0.84
-7.56 0.1 -0.2000008 82595C 0.84
-6.72 0.1 -1.88 865E60 0.84
-7.56 0.94 8.200001 805452 0.84
-6.72 0.94 9.880001 7F5452 0.84
-7.56 0.94 9.040001 7F5452 0.84
-7.56 0.94 -1.04 865955 0.84
-7.56 0.94 -0.2000008 855855 0.84
-6.72 0.94 -1.88 855855 0.84
-7.56 1.78 8.200001 7E5352 0.84
-6.72 1.78 9.880001 7F5452 0.84
-7.56 1.78 9.040001 7E5352 0.84
-7.56 1.78 -1.04 855855 0.84
-7.56 1.78 -0.2000008 875855 0.84
-6.72 1.78 -1.88 845654 0.84
-7.56 2.62 8.200001 815452 0.84
-6.72 2.62 9.880001 7E5352 0.84
-7.56 2.62 9.040001 825653 0.84
-7.56 2.62 -1.04 895A56 0.84
-7.56 2.62 -0.2000008 845754 0.84
-6.72 2.62 -1.88 865855 0.84
-7.56 3.46 8.200001 865855 0.84
-6.72 3.46 9.880001 815553 0.84
-7.56 3.46 9.040001 815653 0.84
-7.56 3.46 -1.04 875956 0.84
-7.56 3.46 -0.2000008 845754 0.84
-6.72 3.46 -1.88 875955 0.84
-7.56 4.3 8.200001 845754 0.84
-6.72 4.3 9.880001 835654 0.84
-7.56 4.3 9.040001 835653 0.84
-7.56 4.3 -1.04 855754 0.84
-7.56 4.3 -0.2000008 895A56 0.84
-6.72 4.3 -1.88 845754 0.84
-7.56 5.14 8.200001 825653 0.84
-6.72 5.14 9.880001 7F5452 0.84
-7.56 5.14 9.040001 835653 0.84
-7.56 5.14 -1.04 895A56 0.84
-7.56 5.14 -0.2000008 885A56 0.84
-6.72 5.14 -1.88 865955 0.84
-7.56 5.98 8.200001 835754 0.84
-6.72 5.98 9.880001 845754 0.84
-7.56 5.98 9.040001 865854 0.84
-7.56 5.98 -1.04 8B5B57 0.84
-7.56 5.98 -0.2000008 8A5A56 0.84
-6.72 5.98 -1.88 8A5A56 0.84
-7.56 6.82 8.200001 885A56 0.84
-7.56 6.82 9.040001 855854 0.84
-7.56 6.82 -0.2000008 895A56 0.84
-7.56 6.82 7.360001 A37060 0.84
-7.56 6.82 6.52 A16E60 0.84
-7.56 6.82 5.68 A26E60 0.84
-7.56 6.82 4.84 9E6B5E 0.84
-7.56 6.82 4 9D6C5E 0.84
-7.56 6.82 3.16 A06D5F 0.84
-7.56 6.82 2.32 A26E60 0.84
-7.56 6.82 1.48 A06D5F 0.84
-7.56 6.82 0.6400003 A67262 0.84
-6.72 10.18 4 62764C 0.84
-6.72 11.02 4.84 64794C 0.84
-6.72 11.02 3.16 657A4D 0.84
-6.72 11.86 6.52 647A4C 0.84
-7.56 11.86 5.68 62774B 0.84
-7.56 11.86 2.32 657A4D 0.84
-6.72 11.86 1.48 657A4D 0.84
-7.56 12.7 4.84 9FBF64 0.84
-6.72 12.7 6.52 99B961 0.84
-7.56 12.7 5.68 9CBC63 0.84
-7.56 12.7 2.32 9EBE64 0.84
-7.56 12.7 3.16 9CBC63 0.84
-6.72 12.7 1.48 9EBE64 0.84
-7.56 13.54 4.84 9CBC62 0.84
-7.56 13.54 4 9CBC63 0.84
-7.56 13.54 3.16 9CBB62 0.84
-6.72 14.38 4 9BBA62 0.84
-8.400001 0.1 5.68 7D5251 0.84
-7.56 0.1 7.360001 805453 0.84
-8.400001 0.1 6.52 805452 0.84
-8.400001 0.1 1.48 855958 0.84
-8.400001 0.1 2.32 875955 0.84
-7.56 0.1 0.6400003 845A5B 0.84
-8.400001 0.94 5.68 815453 0.84
-7.56 0.94 7.360001 805553 0.84
-8.400001 0.94 6.52 7F5452 0.84
-8.400001 0.94 1.48 865855 0.84
-8.400001 0.94 2.32 855855 0.84
-7.56 0.94 0.6400003 865855 0.84
-8.400001 1.78 5.68 845754 0.84
-7.56 1.78 7.360001 835654 0.84
-8.400001 1.78 6.52 7F5452 0.84
-8.400001 1.78 1.48 855754 0.84
-8.400001 1.78 2.32 885A56 0.84
-7.56 1.78 0.6400003 875955 0.84
-8.400001 2.62 5.68 835653 0.84
-7.56 2.62 7.360001 805452 0.84
-8.400001 2.62 6.52 825653 0.84
-8.400001 2.62 1.48 855854 0.84
-8.400001 2.62 2.32 875855 0.84
-7.56 2.62 0.6400003 845754 0.84
-8.400001 3.46 5.68 835654 0.84
-7.56 3.46 7.360001 845754 0.84
-8.400001 3.46 6.52 825653 0.84
-8.400001 3.46 1.48 885956 0.84
-8.400001 3.46 2.32 875955 0.84
-7.56 3.46 0.6400003 885A56 0.84
-8.400001 4.3 5.68 835653 0.84
-7.56 4.3 7.360001 815653 0.84
-8.400001 4.3 6.52 855854 0.84
-8.400001 4.3 1.48 885A56 0.84
-8.400001 4.3 2.32 875955 0.84
-7.56 4.3 0.6400003 875855 0.84
-8.400001 5.14 5.68 845754 0.84
-7.56 5.14 7.360001 835653 0.84
-8.400001 5.14 6.52 855854 0.84
-8.400001 5.14 1.48 875955 0.84
-8.400001 5.14 2.32 8A5B57 0.84
-7.56 5.14 0.6400003 895A56 0.84
-8.400001 5.98 5.68 855854 0.84
-7.56 5.98 7.360001 865855 0.84
-8.400001 5.98 6.52 855855 0.84
-8.400001 5.98 1.48 875855 0.84
-8.400001 5.98 2.32 895956 0.84
-7.56 5.98 0.6400003 865855 0.84
-8.400001 6.82 5.68 865855 0.84
-8.400001 6.82 6.52 865854 0.84
-8.400001 6.82 1.48 8B6261 0.84
-8.400001 6.82 2.32 896161 0.84
-8.400001 6.82 4.84 A77263 0.84
-8.400001 6.82 4 A87363 0.84
-8.400001 6.82 3.16 A57162 0.84
-7.56 11.86 4 63784C 0.84
-7.56 12.7 4 9DBD63 0.84
-8.400001 0.1 4.84 815553 0.84
-9.240001 0.1 4 845754 0.84
-8.400001 0.1 3.16 845553 0.84
-8.400001 0.94 4.84 815553 0.84
-9.240001 0.94 4 845754 0.84
-8.400001 0.94 3.16 845654 0.84
-8.400001 1.78 4.84 805553 0.84
-9.240001 1.78 4 875955 0.84
-8.400001 1.78 3.16 865855 0.84
-8.400001 2.62 4.84 835654 0.84
-9.240001 2.62 4 875955 0.84
-8.400001 2.62 3.16 875955 0.84
-8.400001 3.46 4.84 855754 0.84
-9.240001 3.46 4 855855 0.84
-8.400001 3.46 3.16 855754 0.84
-8.400001 4.3 4.84 855854 0.84
-9.240001 4.3 4 885A56 0.84
-8.400001 4.3 3.16 875955 0.84
-8.400001 5.14 4.84 835654 0.84
-9.240001 5.14 4 835654 0.84
-8.400001 5.14 3.16 865855 0.84
-8.400001 5.98 4.84 835654 0.84
-9.240001 5.98 4 875955 0.84
-8.400001 5.98 3.16 895A56 0.84
-9.240001 6.82 4 885A56 0.84
