1.26 -0.215 4.37 E7E7E7 0.315
0.9450002 0.1 4.37 E7E7E7 0.315
0.6300001 0.1 4.37 E7E7E7 0.315
0.3150001 0.1 4.37 E7E7E7 0.315
5.960464E-08 -0.215 4.37 E7E7E7 0.315
-0.315 -0.215 4.37 E7E7E7 0.315
3.150001 0.415 4.685 E7E7E7 0.315
2.835 0.1 4.685 E7E7E7 0.315
2.52 0.1 4.37 E7E7E7 0.315
2.205 0.1 4.37 E7E7E7 0.315
1.89 0.1 4.37 E7E7E7 0.315
1.575 0.1 4.37 E7E7E7 0.315
1.26 0.415 4.37 E7E7E7 0.315
0.9450002 0.415 4.37 E7E7E7 0.315
0.3150001 0.1 4.055 E7E7E7 0.315
1.192093E-07 0.1 4.055 E7E7E7 0.315
-0.3149999 0.1 4.055 E7E7E7 0.315
-0.63 0.415 4.37 E7E7E7 0.315
-0.9450001 0.415 4.37 E7E7E7 0.315
-1.26 0.1 4.37 E7E7E7 0.315
-1.575 0.1 4.37 E7E7E7 0.315
-1.89 0.415 4.37 E7E7E7 0.315
-2.205 0.1 4.684999 E7E7E7 0.315
-2.52 0.1 4.684999 E7E7E7 0.315
-2.835 0.1 4.684999 E7E7E7 0.315
-3.150001 0.1 4.684999 E7E7E7 0.315
3.780001 0.415 4.685 E7E7E7 0.315
3.465001 0.73 4.37 E7E7E7 0.315
3.150001 0.73 4.37 E7E7E7 0.315
2.835 0.73 4.37 E7E7E7 0.315
2.52 0.73 4.37 E7E7E7 0.315
2.205 0.415 4.37 E7E7E7 0.315
1.89 0.415 4.37 E7E7E7 0.315
1.575 0.415 4.055 E7E7E7 0.315
1.26 0.73 4.055 E7E7E7 0.315
0.9450003 0.73 4.055 E7E7E7 0.315
0.6300002 0.415 4.055 E7E7E7 0.315
0.3150001 0.415 4.055 E7E7E7 0.315
1.192093E-07 0.73 4.055 E7E7E7 0.315
-0.3149999 0.73 4.055 E7E7E7 0.315
-0.6299999 0.415 4.055 E7E7E7 0.315
-0.9450001 0.73 4.055 E7E7E7 0.315
-1.26 0.73 4.055 E7E7E7 0.315
-1.575 0.73 4.37 E7E7E7 0.315
-1.89 0.73 4.37 E7E7E7 0.315
-2.205 0.73 4.37 E7E7E7 0.315
-2.52 0.415 4.37 E7E7E7 0.315
-2.835 0.73 4.37 E7E7E7 0.315
-3.150001 0.73 4.369999 E7E7E7 0.315
-3.465001 0.73 4.369999 E7E7E7 0.315
-3.780001 0.73 4.369999 E7E7E7 0.315
-4.095001 0.415 4.369999 E7E7E7 0.315
-4.410001 0.73 4.369999 E7E7E7 0.315
-4.725001 0.415 4.369999 E7E7E7 0.315
-5.04 0.415 4.054999 E7E7E7 0.315
4.095001 0.73 4.685 E7E7E7 0.315
3.780001 0.73 4.37 E7E7E7 0.315
2.835001 1.045 4.055 E7E7E7 0.315
2.52 0.73 4.055 E7E7E7 0.315
2.205 1.045 4.055 E7E7E7 0.315
1.89 0.73 4.055 E7E7E7 0.315
1.575 0.73 4.055 E7E7E7 0.315
0.9450003 1.045 4.055 E7E7E7 0.315
0.6300002 0.73 3.74 E7E7E7 0.315
0.3150001 0.73 3.74 E7E7E7 0.315
1.192093E-07 0.73 3.74 E7E7E7 0.315
-0.3149999 0.73 3.74 E7E7E7 0.315
-0.6299999 1.045 4.055 E7E7E7 0.315
-1.259999 0.73 -6.025002 181818 0.315
-1.575 0.73 4.054999 E7E7E7 0.315
-2.52 1.045 4.37 E7E7E7 0.315
-4.095001 0.73 4.369999 E7E7E7 0.315
-4.410001 0.73 4.054999 E7E7E7 0.315
-4.725001 0.73 4.054999 E7E7E7 0.315
-5.04 1.045 4.054999 E7E7E7 0.315
4.410001 1.045 4.685 C03E0D 0.315
4.095001 1.36 4.685 E7E7E7 0.315
3.780001 1.36 4.685 E7E7E7 0.315
3.465001 1.36 4.37 E7E7E7 0.315
3.150001 1.045 4.37 E7E7E7 0.315
2.835 1.045 4.37 E7E7E7 0.315
2.52 1.36 4.37 E7E7E7 0.315
2.205 1.36 4.37 E7E7E7 0.315
1.89 1.36 4.37 E7E7E7 0.315
1.575001 1.045 3.425 E7E7E7 0.315
1.26 1.045 3.425 E7E7E7 0.315
0.9450004 1.36 3.425 E7E7E7 0.315
0.6300003 1.36 3.425 E7E7E7 0.315
0.3150003 1.36 3.425 E7E7E7 0.315
2.384186E-07 1.045 3.425 E7E7E7 0.315
-0.3149999 1.045 3.74 E7E7E7 0.315
-0.6299991 1.36 -5.395001 181818 0.315
-0.9449992 1.36 -5.395002 181818 0.315
-1.26 1.045 4.055 E7E7E7 0.315
-1.575 1.045 4.37 E7E7E7 0.315
-1.89 1.045 4.37 E7E7E7 0.315
-4.410001 1.36 4.369999 E7E7E7 0.315
-4.725001 1.045 4.054999 E7E7E7 0.315
3.465001 1.36 4.685 E7E7E7 0.315
3.150001 1.36 4.37 E7E7E7 0.315
2.835 1.675 4.37 E7E7E7 0.315
1.890001 1.36 3.425 E7E7E7 0.315
1.575001 1.675 2.795 E7E7E7 0.315
1.26 1.36 2.48 E7E7E7 0.315
0.9450004 1.36 2.48 E7E7E7 0.315
0.6300003 1.36 2.48 E7E7E7 0.315
0.3150003 1.36 2.48 E7E7E7 0.315
9.536743E-07 1.36 -5.080001 181818 0.315
-0.3149991 1.36 -5.080001 181818 0.315
-0.6299991 1.36 -4.765001 181818 0.315
-0.9449992 1.36 -4.765001 181818 0.315
-1.26 1.675 4.37 E7E7E7 0.315
-5.355001 1.36 4.054999 E7E7E7 0.315
1.890001 1.675 2.48 E7E7E7 0.315
1.575001 1.99 1.85 E7E7E7 0.315
1.260001 1.675 1.849999 E7E7E7 0.315
0.9450006 1.99 1.849999 E7E7E7 0.315
0.630001 1.99 -4.135001 E7E7E7 0.315
0.315001 1.99 -4.450002 181818 0.315
9.536743E-07 1.675 -4.450002 181818 0.315
-0.3149991 1.675 -4.135001 181818 0.315
-0.6299991 1.99 -4.135001 181818 0.315
-0.9450001 1.675 3.74 E7E7E7 0.315
1.890001 2.305 -0.03999996 E7E7E7 0.315
1.575001 1.99 -2.245001 E7E7E7 0.315
1.260001 1.99 -2.875001 E7E7E7 0.315
0.9450011 1.99 -2.875001 E7E7E7 0.315
0.630001 1.99 -3.190001 9496A5 0.315
0.315001 1.99 -3.190001 9096A8 0.315
9.536743E-07 1.99 -3.190001 9096A8 0.315
-0.3149991 1.99 -3.190001 9096A8 0.315
-0.6299998 1.99 2.48 E7E7E7 0.315
2.205001 2.62 -0.9850011 E7E7E7 0.315
1.890001 2.62 -1.300001 E7E7E7 0.315
1.575001 2.62 -1.300001 E7E7E7 0.315
1.260001 2.305 -1.615001 9096A8 0.315
0.9450011 2.305 -1.615001 9096A8 0.315
0.630001 2.305 -1.615001 9096A8 0.315
0.315001 2.305 -1.930001 9096A8 0.315
9.536743E-07 2.305 -1.930001 9096A8 0.315
-0.3149996 2.305 0.5899992 E7E7E7 0.315
5.960464E-08 0.1 4.37 E7E7E7 0.315
-0.315 0.1 4.37 E7E7E7 0.315
3.150001 0.1 4.685 E7E7E7 0.315
-0.63 0.1 4.37 E7E7E7 0.315
-0.6299999 0.73 4.055 E7E7E7 0.315
-0.9449992 0.73 -6.025002 000000 0.315
2.835001 0.73 4.055 E7E7E7 0.315
-0.9449992 1.045 -6.025002 000000 0.315
-2.52 0.73 4.37 E7E7E7 0.315
-5.04 0.73 4.054999 E7E7E7 0.315
3.780001 1.045 4.685 E7E7E7 0.315
2.205 1.045 4.37 E7E7E7 0.315
-4.410001 1.045 4.369999 E7E7E7 0.315
3.465001 1.675 4.685 E7E7E7 0.315
1.575001 1.36 2.795 E7E7E7 0.315
1.575001 1.675 1.85 E7E7E7 0.315
-0.6299991 1.675 -4.135001 181818 0.315
-0.9450001 1.99 3.74 E7E7E7 0.315
1.890001 1.99 -0.03999996 E7E7E7 0.315
1.260001 2.62 -1.615001 9096A8 0.315
9.536743E-07 2.62 -1.930001 9096A8 0.315
-0.9449992 1.045 -5.710003 181818 0.315
-1.259999 1.045 -5.710002 181818 0.315
0.6300001 0.415 4.37 E7E7E7 0.315
3.780001 0.73 4.685 E7E7E7 0.315
1.26 0.415 4.055 E7E7E7 0.315
-4.410001 0.415 4.369999 E7E7E7 0.315
1.890001 1.675 3.425 E7E7E7 0.315
-0.6299991 1.045 -5.395001 181818 0.315
-0.9449992 1.045 -5.395002 181818 0.315
1.26 0.1 4.37 E7E7E7 0.315
-0.9450001 0.1 4.37 E7E7E7 0.315
-3.780001 0.415 4.369999 E7E7E7 0.315
2.205 0.73 4.055 E7E7E7 0.315
-0.6299999 1.36 4.055 E7E7E7 0.315
-0.9450001 1.36 4.055 E7E7E7 0.315
-1.259999 1.045 -5.395001 181818 0.315
-1.259999 1.36 -5.395001 181818 0.315
-0.6299991 1.675 -4.765001 181818 0.315
1.890001 1.99 2.48 E7E7E7 0.315
-0.6299991 1.36 -5.080001 181818 0.315
-0.9449992 1.36 -5.080002 181818 0.315
2.835 0.415 4.685 E7E7E7 0.315
2.52 0.415 4.37 E7E7E7 0.315
3.150001 1.675 4.37 E7E7E7 0.315
2.835 1.36 4.37 E7E7E7 0.315
0.315001 1.675 -4.765001 181818 0.315
9.536743E-07 1.36 -4.765001 181818 0.315
-0.3149991 1.36 -4.765001 181818 0.315
-0.9449992 1.675 -4.765001 181818 0.315
1.192093E-07 1.045 3.74 E7E7E7 0.315
2.384186E-07 1.36 3.11 E7E7E7 0.315
-0.3149998 1.36 3.425 E7E7E7 0.315
-0.6299999 1.36 3.74 E7E7E7 0.315
9.536743E-07 1.675 -4.765001 181818 0.315
-0.3149991 1.675 -4.765001 181818 0.315
0.630001 1.99 -4.450002 181818 0.315
0.315001 1.675 -4.450002 181818 0.315
-0.3149991 1.675 -4.450002 181818 0.315
-0.6299991 1.675 -4.450002 181818 0.315
2.205 0.73 4.37 E7E7E7 0.315
-0.3149991 1.36 -4.450002 181818 0.315
0.630001 1.675 -4.450002 181818 0.315
0.315001 1.675 -4.135001 181818 0.315
9.536743E-07 1.675 -4.135001 181818 0.315
0.630001 1.675 -4.135001 E7E7E7 0.315
0.3150003 1.675 2.165 E7E7E7 0.315
2.384186E-07 1.675 2.48 E7E7E7 0.315
-0.3149998 1.675 2.795 E7E7E7 0.315
-0.6299998 1.99 3.11 E7E7E7 0.315
0.315001 1.99 -4.135001 E7E7E7 0.315
9.536743E-07 1.99 -4.135001 181818 0.315
-0.3149991 1.99 -4.135001 181818 0.315
0.9450011 1.99 -3.820002 E7E7E7 0.315
0.630001 1.675 -3.820002 E7E7E7 0.315
0.315001 1.675 -3.820002 E7E7E7 0.315
9.536743E-07 1.675 -3.820002 E7E7E7 0.315
-0.3149991 1.99 -3.820002 E7E7E7 0.315
0.6300001 -0.215 4.37 E7E7E7 0.315
-1.89 0.1 4.37 E7E7E7 0.315
3.465001 0.415 4.37 E7E7E7 0.315
2.52 1.045 4.055 E7E7E7 0.315
0.630001 1.99 -3.820002 E7E7E7 0.315
0.6300005 1.99 1.849999 E7E7E7 0.315
9.536743E-07 1.99 -3.820002 E7E7E7 0.315
0.315001 1.99 -3.820002 9096A8 0.315
0.9450011 1.99 -3.505001 E7E7E7 0.315
0.630001 1.99 -3.505001 E7E7E7 0.315
0.315001 1.675 -3.505001 E7E7E7 0.315
9.536743E-07 1.99 -3.505001 E7E7E7 0.315
-0.3149991 1.99 -3.505001 E7E7E7 0.315
-3.150001 0.415 4.369999 E7E7E7 0.315
0.6300003 1.045 3.425 E7E7E7 0.315
2.384186E-07 1.99 2.48 E7E7E7 0.315
-0.6299998 1.675 3.11 E7E7E7 0.315
0.315001 1.99 -3.505001 E7E7E7 0.315
1.260001 1.99 -3.190001 E7E7E7 0.315
0.9450011 1.99 -3.190001 E7E7E7 0.315
-0.3149999 0.415 4.055 E7E7E7 0.315
-1.259999 1.045 -6.025002 181818 0.315
-0.3149996 1.99 1.849999 E7E7E7 0.315
-0.3149991 2.305 -3.190001 9096A8 0.315
0.630001 1.99 -2.875001 E7E7E7 0.315
0.315001 1.99 -2.875001 E7E7E7 0.315
9.536743E-07 1.99 -2.875001 E7E7E7 0.315
-0.3149991 2.305 -2.875001 E7E7E7 0.315
-3.150001 0.415 4.684999 E7E7E7 0.315
0.6300005 1.675 1.849999 E7E7E7 0.315
1.575001 1.99 -2.875001 E7E7E7 0.315
1.260001 1.99 -0.3550005 E7E7E7 0.315
0.9450006 1.99 -0.6700006 E7E7E7 0.315
0.6300005 1.99 0.2749991 E7E7E7 0.315
0.3150005 1.99 1.219999 E7E7E7 0.315
4.768372E-07 1.99 1.534999 E7E7E7 0.315
1.260001 2.305 -2.875001 E7E7E7 0.315
0.9450011 2.305 -2.875001 E7E7E7 0.315
0.630001 2.305 -2.875001 9096A8 0.315
0.315001 2.305 -2.875001 9096A8 0.315
9.536743E-07 2.305 -2.875001 9096A8 0.315
1.575001 2.305 -2.560001 E7E7E7 0.315
1.260001 1.99 -2.560001 E7E7E7 0.315
0.9450011 1.99 -2.560001 E7E7E7 0.315
0.630001 1.99 -2.560001 E7E7E7 0.315
0.315001 1.99 -2.560001 E7E7E7 0.315
9.536743E-07 2.305 -2.560001 E7E7E7 0.315
-2.52 0.415 4.684999 E7E7E7 0.315
-0.9450001 0.415 4.055 E7E7E7 0.315
1.575001 1.99 -2.560001 E7E7E7 0.315
1.260001 2.305 -2.560001 E7E7E7 0.315
0.9450011 2.305 -2.560001 E7E7E7 0.315
0.630001 2.305 -2.560001 9096A8 0.315
0.315001 2.305 -2.560001 9096A8 0.315
1.575001 2.305 -2.245001 E7E7E7 0.315
1.260001 1.99 -2.245001 E7E7E7 0.315
0.9450011 1.99 -2.245001 E7E7E7 0.315
0.630001 1.99 -2.245001 E7E7E7 0.315
0.315001 2.305 -2.245001 E7E7E7 0.315
9.536743E-07 2.305 -2.245001 E7E7E7 0.315
0.3150001 -0.215 4.37 E7E7E7 0.315
0.315001 1.99 -2.245001 E7E7E7 0.315
1.260001 2.305 -2.245001 E7E7E7 0.315
0.9450011 2.305 -2.245001 9096A8 0.315
0.630001 2.305 -2.245001 9096A8 0.315
1.890001 2.305 -1.930001 E7E7E7 0.315
1.575001 1.99 -1.930001 E7E7E7 0.315
1.260001 1.99 -1.930001 E7E7E7 0.315
0.9450011 1.99 -1.930001 E7E7E7 0.315
0.630001 1.99 -1.930001 E7E7E7 0.315
1.575001 1.99 -0.355001 E7E7E7 0.315
1.575001 2.305 -1.930001 E7E7E7 0.315
1.260001 2.305 -1.930001 E7E7E7 0.315
0.9450011 2.305 -1.930001 9096A8 0.315
0.630001 2.305 -1.930001 9096A8 0.315
1.890001 2.305 -1.615001 E7E7E7 0.315
1.575001 1.99 -1.615001 E7E7E7 0.315
1.260001 1.99 -1.615001 E7E7E7 0.315
0.9450011 1.99 -1.615001 E7E7E7 0.315
0.315001 2.305 -1.615001 E7E7E7 0.315
2.52 1.045 4.37 E7E7E7 0.315
0.9450011 2.62 -1.615001 9096A8 0.315
1.575001 2.305 -1.615001 E7E7E7 0.315
0.6299996 2.62 9.725 9096A8 0.315
0.315001 2.305 -1.300001 E7E7E7 0.315
4.768372E-07 2.305 -0.355001 E7E7E7 0.315
0.315001 2.62 -1.615001 E7E7E7 0.315
0.630001 2.62 -1.615001 9096A8 0.315
2.205001 2.305 -1.300001 E7E7E7 0.315
1.890001 2.305 -1.300001 E7E7E7 0.315
1.575001 1.99 -1.300001 E7E7E7 0.315
1.260001 2.305 -1.300001 E7E7E7 0.315
0.9450011 2.305 -1.300001 E7E7E7 0.315
0.630001 2.305 -1.300001 E7E7E7 0.315
0.315001 2.62 -1.300001 E7E7E7 0.315
1.890001 1.99 -1.300001 E7E7E7 0.315
1.260001 1.99 -1.300001 E7E7E7 0.315
0.9450011 1.99 -1.300001 E7E7E7 0.315
1.575001 2.305 -1.300001 E7E7E7 0.315
1.575 2.62 10.04 E7E7E7 0.315
1.26 2.305 10.04 9096A8 0.315
0.9449997 2.305 9.725 9096A8 0.315
1.260001 2.62 -1.300001 9096A8 0.315
0.9450011 2.62 -1.300001 9096A8 0.315
0.630001 2.62 -1.300001 9096A8 0.315
2.205001 2.305 -0.9850011 E7E7E7 0.315
1.890001 2.305 -0.9850006 E7E7E7 0.315
1.575001 2.305 -0.9850011 E7E7E7 0.315
1.260001 2.305 -0.9850006 E7E7E7 0.315
0.9450006 2.305 -0.9850011 E7E7E7 0.315
0.6300005 2.305 -0.9850011 E7E7E7 0.315
0.3150005 2.305 -0.9850011 E7E7E7 0.315
4.768372E-07 2.62 -0.9850011 E7E7E7 0.315
2.205 2.62 10.355 E7E7E7 0.315
1.89 2.62 10.355 E7E7E7 0.315
0.6299996 2.305 9.725 9096A8 0.315
0.3149996 2.305 9.725 9096A8 0.315
0.3150005 2.62 -0.9850011 E7E7E7 0.315
1.890001 2.62 -0.9850006 E7E7E7 0.315
1.575001 2.62 -0.9850011 E7E7E7 0.315
1.260001 2.62 -0.9850006 9096A8 0.315
0.9450006 2.62 -0.9850011 9096A8 0.315
0.6300005 2.62 -0.9850011 9096A8 0.315
2.205001 2.305 -0.6700006 E7E7E7 0.315
1.890001 2.305 -0.6700001 E7E7E7 0.315
1.575001 2.305 -0.6700006 E7E7E7 0.315
1.260001 2.305 -0.6700001 E7E7E7 0.315
0.9450006 2.305 -0.6700006 E7E7E7 0.315
0.6300005 2.305 -0.6700006 E7E7E7 0.315
0.3150005 2.305 -0.6700006 E7E7E7 0.315
4.768372E-07 2.62 -0.6700006 E7E7E7 0.315
-4.725001 1.36 4.054999 E7E7E7 0.315
2.520001 2.62 -0.6700001 E7E7E7 0.315
2.520001 2.305 -0.6700001 E7E7E7 0.315
4.768372E-07 2.305 -0.6700006 E7E7E7 0.315
2.205001 2.62 -0.6700006 E7E7E7 0.315
1.890001 2.62 -0.6700001 E7E7E7 0.315
1.575001 2.62 -0.6700006 E7E7E7 0.315
1.260001 2.62 -0.6700001 9096A8 0.315
0.9450006 2.62 -0.6700006 9096A8 0.315
0.6300005 2.62 -0.6700006 9096A8 0.315
0.3150005 2.62 -0.6700006 9096A8 0.315
2.205001 2.305 -0.355001 E7E7E7 0.315
1.890001 2.305 -0.3550005 E7E7E7 0.315
0.9450006 1.99 -0.355001 E7E7E7 0.315
0.6300005 2.305 -0.355001 E7E7E7 0.315
0.3150005 2.305 -0.355001 E7E7E7 0.315
4.768372E-07 2.62 -0.355001 E7E7E7 0.315
1.890001 1.99 -0.3550005 E7E7E7 0.315
1.575 1.99 7.52 E7E7E7 0.315
1.26 1.99 7.205 9096A8 0.315
0.9449999 1.99 7.205 9096A8 0.315
1.890001 2.62 -0.3550005 E7E7E7 0.315
2.205001 2.62 -0.355001 E7E7E7 0.315
1.575001 2.62 -0.355001 E7E7E7 0.315
1.260001 2.62 -0.3550005 9096A8 0.315
0.9450006 2.62 -0.355001 9096A8 0.315
0.6300005 2.62 -0.355001 9096A8 0.315
0.3150005 2.62 -0.355001 9096A8 0.315
2.205001 2.305 -0.04000044 E7E7E7 0.315
1.575001 1.99 -0.04000044 E7E7E7 0.315
1.260001 1.99 -0.03999996 E7E7E7 0.315
0.9450006 1.99 -0.04000044 E7E7E7 0.315
0.6300005 2.305 -0.04000044 E7E7E7 0.315
0.3150005 2.305 -0.04000044 E7E7E7 0.315
4.768372E-07 2.305 -0.04000044 E7E7E7 0.315
0.6300005 1.99 -0.04000044 E7E7E7 0.315
1.575001 2.62 -0.04000044 E7E7E7 0.315
1.575001 2.305 -0.04000044 E7E7E7 0.315
-4.768372E-07 2.305 9.410001 9096A8 0.315
4.768372E-07 2.62 -0.04000044 E7E7E7 0.315
1.260001 2.62 -0.03999996 9096A8 0.315
0.9450006 2.62 -0.04000044 9096A8 0.315
0.6300005 2.62 -0.04000044 9096A8 0.315
0.3150005 2.62 -0.04000044 9096A8 0.315
2.205001 2.305 0.2749991 E7E7E7 0.315
1.890001 1.99 0.2749996 E7E7E7 0.315
1.575001 1.99 0.2749991 E7E7E7 0.315
1.260001 1.99 0.2749996 E7E7E7 0.315
0.9450006 1.99 0.2749991 E7E7E7 0.315
0.3150005 2.305 0.2749991 E7E7E7 0.315
4.768372E-07 2.305 0.2749991 E7E7E7 0.315
1.192093E-07 0.415 4.055 E7E7E7 0.315
-1.26 0.415 4.055 E7E7E7 0.315
1.890001 2.305 0.2749996 E7E7E7 0.315
1.89 1.99 7.835001 E7E7E7 0.315
0.6299998 1.99 7.52 9096A8 0.315
0.6300005 2.305 0.2749991 9096A8 0.315
0.6300005 2.62 0.2749991 9096A8 0.315
1.575001 2.305 0.2749991 E7E7E7 0.315
1.260001 2.305 0.2749996 9096A8 0.315
1.260001 2.305 -0.03999996 9096A8 0.315
0.9450006 2.305 0.2749991 9096A8 0.315
-0.3149996 2.305 0.2749991 E7E7E7 0.315
-0.3149996 2.62 0.2749991 E7E7E7 0.315
0.3150005 2.62 0.2749991 9096A8 0.315
4.768372E-07 2.62 0.2749991 9096A8 0.315
2.205001 2.305 0.5899997 E7E7E7 0.315
1.890001 1.99 0.5899992 E7E7E7 0.315
1.575001 1.99 0.5899997 E7E7E7 0.315
1.260001 1.99 0.5899992 E7E7E7 0.315
0.9450006 1.99 0.5899992 E7E7E7 0.315
0.6300005 1.99 0.5899992 E7E7E7 0.315
0.3150005 2.305 0.5899992 E7E7E7 0.315
4.768372E-07 2.305 0.5899992 E7E7E7 0.315
-3.465001 0.415 4.369999 E7E7E7 0.315
1.890001 2.305 0.5899992 E7E7E7 0.315
1.575001 2.305 0.5899997 E7E7E7 0.315
1.260001 2.305 0.5899992 9096A8 0.315
0.9450006 2.305 0.5899992 9096A8 0.315
0.6300005 2.305 0.5899992 9096A8 0.315
-0.3150005 2.305 9.410001 9496A5 0.315
2.205001 2.305 0.9049993 E7E7E7 0.315
1.890001 1.99 0.9049997 E7E7E7 0.315
1.575001 1.99 0.9049993 E7E7E7 0.315
1.260001 1.99 0.9049997 E7E7E7 0.315
0.9450006 1.99 0.9049993 E7E7E7 0.315
0.6300005 1.99 0.9049993 E7E7E7 0.315
0.3150005 2.305 0.9049993 E7E7E7 0.315
4.768372E-07 2.305 0.9049993 E7E7E7 0.315
-0.3149996 2.305 0.9049993 E7E7E7 0.315
0.3150005 1.99 0.9049993 E7E7E7 0.315
1.890001 2.305 0.9049997 E7E7E7 0.315
1.575001 2.305 0.9049993 E7E7E7 0.315
1.260001 2.305 0.9049997 9096A8 0.315
0.9450006 2.305 0.9049993 9096A8 0.315
0.6300005 2.305 0.9049993 9096A8 0.315
1.890001 1.99 1.219999 E7E7E7 0.315
1.575001 1.99 1.22 E7E7E7 0.315
1.260001 1.99 1.219999 E7E7E7 0.315
0.9450006 1.99 1.219999 E7E7E7 0.315
0.6300005 1.99 1.219999 E7E7E7 0.315
4.768372E-07 2.305 1.219999 E7E7E7 0.315
-0.3149996 2.305 1.219999 E7E7E7 0.315
0.3149998 1.99 7.52 9096A8 0.315
1.890001 2.305 1.219999 E7E7E7 0.315
1.575001 2.305 1.22 E7E7E7 0.315
1.260001 2.305 1.219999 9096A8 0.315
0.9450006 2.305 1.219999 9096A8 0.315
0.6300005 2.305 1.219999 9096A8 0.315
0.3150005 2.305 1.219999 9096A8 0.315
1.890001 1.99 1.535 E7E7E7 0.315
1.575001 1.99 1.534999 E7E7E7 0.315
1.260001 1.99 1.535 E7E7E7 0.315
0.9450006 1.99 1.534999 E7E7E7 0.315
0.6300005 1.99 1.534999 E7E7E7 0.315
0.3150005 1.99 1.534999 E7E7E7 0.315
4.768372E-07 2.305 1.534999 E7E7E7 0.315
-0.3149996 2.305 1.534999 E7E7E7 0.315
-1.575 0.415 4.37 E7E7E7 0.315
1.890001 2.305 1.535 E7E7E7 0.315
1.575001 2.305 1.534999 E7E7E7 0.315
1.260001 2.305 1.535 9096A8 0.315
0.9450006 2.305 1.534999 9096A8 0.315
0.6300005 2.305 1.534999 9096A8 0.315
0.3150005 2.305 1.534999 9096A8 0.315
1.890001 1.99 1.849999 E7E7E7 0.315
0.9450006 1.675 1.849999 E7E7E7 0.315
0.3150005 1.99 1.849999 E7E7E7 0.315
4.768372E-07 1.99 1.849999 E7E7E7 0.315
-0.3149996 2.305 1.849999 E7E7E7 0.315
1.26 1.675 5.945 9096A8 0.315
0.9450001 1.99 5.945 9096A8 0.315
0.6299999 1.99 5.945 9096A8 0.315
-2.384186E-07 1.99 7.52 9096A8 0.315
1.890001 2.305 1.849999 E7E7E7 0.315
1.575001 2.305 1.85 E7E7E7 0.315
1.260001 2.305 1.849999 9096A8 0.315
0.9450006 2.305 1.849999 9096A8 0.315
0.6300005 2.305 1.849999 9096A8 0.315
0.3150005 2.305 1.849999 9096A8 0.315
4.768372E-07 2.305 1.849999 9096A8 0.315
1.890001 1.99 2.165 E7E7E7 0.315
1.575001 1.675 2.165 E7E7E7 0.315
1.26 1.675 2.165 E7E7E7 0.315
0.9450004 1.675 2.165 E7E7E7 0.315
0.6300003 1.675 2.165 E7E7E7 0.315
2.384186E-07 1.99 2.165 E7E7E7 0.315
-0.3149998 1.99 2.165 E7E7E7 0.315
-0.6299998 2.305 2.164999 E7E7E7 0.315
-4.725001 0.73 4.369999 E7E7E7 0.315
1.575001 1.99 2.165 E7E7E7 0.315
1.575 1.99 6.26 E7E7E7 0.315
0.3149999 1.675 6.26 9096A8 0.315
0.3150003 1.99 2.165 E7E7E7 0.315
2.205001 1.99 2.165 E7E7E7 0.315
-0.3150003 1.99 7.52 9096A8 0.315
1.890001 2.305 2.165 E7E7E7 0.315
1.575001 2.305 2.165 E7E7E7 0.315
1.26 2.305 2.165 9096A8 0.315
0.9450004 2.305 2.165 9096A8 0.315
0.6300003 2.305 2.165 9096A8 0.315
0.3150003 2.305 2.165 9096A8 0.315
2.384186E-07 2.305 2.165 9096A8 0.315
-0.3149998 2.305 2.165 9096A8 0.315
1.575001 1.675 2.48 E7E7E7 0.315
1.26 1.675 2.48 E7E7E7 0.315
0.9450004 1.675 2.48 E7E7E7 0.315
0.6300003 1.675 2.48 E7E7E7 0.315
0.3150003 1.675 2.48 E7E7E7 0.315
-0.3149998 1.99 2.48 E7E7E7 0.315
0.3149999 1.99 6.26 9096A8 0.315
1.575001 1.99 2.48 E7E7E7 0.315
-0.6300003 1.99 7.52 9096A8 0.315
1.575001 2.305 2.48 E7E7E7 0.315
1.26 2.305 2.48 9096A8 0.315
0.9450004 2.305 2.48 9096A8 0.315
0.6300003 2.305 2.48 9096A8 0.315
0.3150003 2.305 2.48 9096A8 0.315
2.384186E-07 2.305 2.48 9096A8 0.315
-4.768372E-07 2.62 9.410001 9096A8 0.315
-0.3149998 2.305 2.48 9096A8 0.315
1.890001 1.675 2.795 E7E7E7 0.315
1.26 1.36 2.795 E7E7E7 0.315
0.9450004 1.36 2.795 E7E7E7 0.315
0.6300003 1.36 2.795 E7E7E7 0.315
0.3150003 1.36 2.795 E7E7E7 0.315
2.384186E-07 1.675 2.795 E7E7E7 0.315
-0.3149998 1.99 2.795 E7E7E7 0.315
-0.6299998 1.99 2.795 E7E7E7 0.315
1.890001 1.99 2.795 E7E7E7 0.315
1.89 1.99 6.575001 E7E7E7 0.315
-1.192093E-07 1.675 6.26 9096A8 0.315
1.575001 1.99 2.795 E7E7E7 0.315
1.575 2.305 7.52 E7E7E7 0.315
1.26 1.99 2.795 9096A8 0.315
0.9450004 1.99 2.795 9096A8 0.315
0.6300003 1.99 2.795 9096A8 0.315
0.3150003 1.99 2.795 9096A8 0.315
0.3150003 1.99 2.48 9096A8 0.315
2.384186E-07 1.99 2.795 9096A8 0.315
1.890001 1.675 3.11 E7E7E7 0.315
1.575001 1.36 3.11 E7E7E7 0.315
1.26 1.36 3.11 E7E7E7 0.315
0.9450004 1.36 3.11 E7E7E7 0.315
0.6300003 1.36 3.11 E7E7E7 0.315
0.3150003 1.36 3.11 E7E7E7 0.315
-0.3149998 1.675 3.11 E7E7E7 0.315
1.890001 1.36 3.11 E7E7E7 0.315
-9.536743E-07 1.36 14.765 181818 0.315
2.384186E-07 1.675 3.11 E7E7E7 0.315
2.205001 1.675 3.11 E7E7E7 0.315
2.205001 1.99 3.11 E7E7E7 0.315
1.89 1.675 6.575001 E7E7E7 0.315
-0.3150001 1.675 6.26 9096A8 0.315
1.890001 1.99 3.11 E7E7E7 0.315
1.575001 1.99 3.11 E7E7E7 0.315
1.26 1.99 3.11 9096A8 0.315
0.9450004 1.99 3.11 9096A8 0.315
0.6300003 1.99 3.11 9096A8 0.315
0.3150003 1.99 3.11 9096A8 0.315
2.384186E-07 1.99 3.11 9096A8 0.315
-0.3149998 1.99 3.11 9096A8 0.315
0.9450004 1.045 3.425 E7E7E7 0.315
0.3150003 1.045 3.425 E7E7E7 0.315
2.384186E-07 1.36 3.425 E7E7E7 0.315
-0.3149998 1.675 3.425 E7E7E7 0.315
-0.6299998 1.675 3.425 E7E7E7 0.315
-3.780001 1.045 4.369999 E7E7E7 0.315
1.575001 1.36 3.425 E7E7E7 0.315
1.890001 1.99 3.425 E7E7E7 0.315
-0.6300002 1.99 6.26 9096A8 0.315
-0.9449999 1.675 3.425 E7E7E7 0.315
-0.9449999 1.99 3.425 E7E7E7 0.315
1.575001 1.99 3.425 E7E7E7 0.315
1.26 1.99 3.425 9096A8 0.315
0.9450004 1.99 3.425 9096A8 0.315
0.6300003 1.99 3.425 9096A8 0.315
0.3150003 1.99 3.425 9096A8 0.315
2.384186E-07 1.99 3.425 9096A8 0.315
-0.3149998 1.99 3.425 9096A8 0.315
-0.6299998 1.99 3.425 9096A8 0.315
2.205 1.675 3.74 E7E7E7 0.315
1.89 1.36 3.74 E7E7E7 0.315
1.575 1.045 3.74 E7E7E7 0.315
1.26 1.045 3.74 E7E7E7 0.315
0.9450003 1.045 3.74 E7E7E7 0.315
0.6300002 1.045 3.74 E7E7E7 0.315
0.3150001 1.045 3.74 E7E7E7 0.315
-0.3149999 1.36 3.74 E7E7E7 0.315
-0.6299999 1.675 3.74 E7E7E7 0.315
4.410001 1.36 4.685 C03E0D 0.315
1.575 1.36 3.74 E7E7E7 0.315
1.192093E-07 1.36 3.74 E7E7E7 0.315
1.89 1.675 3.74 E7E7E7 0.315
-0.315001 1.675 14.45 181818 0.315
1.575 1.99 3.74 E7E7E7 0.315
1.575 1.675 3.74 E7E7E7 0.315
-0.6299999 1.99 3.74 9096A8 0.315
-0.3149999 1.99 3.74 9096A8 0.315
-0.9450003 1.99 6.26 9096A8 0.315
-0.3149999 1.675 3.74 9096A8 0.315
1.26 1.99 3.74 9096A8 0.315
0.9450003 1.99 3.74 9096A8 0.315
0.6300002 1.99 3.74 9096A8 0.315
0.3150001 1.99 3.74 9096A8 0.315
1.192093E-07 1.99 3.74 9096A8 0.315
2.205 1.675 4.055 E7E7E7 0.315
0.6300002 0.73 4.055 E7E7E7 0.315
1.89 1.36 4.055 E7E7E7 0.315
-0.9450001 1.675 4.055 E7E7E7 0.315
-5.355001 1.045 4.054999 E7E7E7 0.315
1.89 1.045 4.055 E7E7E7 0.315
-5.04 1.36 4.054999 E7E7E7 0.315
-0.630001 1.36 15.08 181818 0.315
-0.9450001 1.045 4.055 E7E7E7 0.315
2.205 1.36 4.055 E7E7E7 0.315
-0.315001 1.36 14.45 181818 0.315
-0.630001 1.36 14.765 181818 0.315
-0.6299999 1.675 4.055 E7E7E7 0.315
1.575 1.99 4.055 E7E7E7 0.315
1.575 1.675 4.055 E7E7E7 0.315
1.89 1.675 4.055 E7E7E7 0.315
0.9450003 1.675 4.055 9096A8 0.315
0.9450003 1.99 4.055 9096A8 0.315
1.26 1.99 4.055 9096A8 0.315
0.6300002 1.675 4.055 9096A8 0.315
0.6300002 1.99 4.055 9096A8 0.315
0.3150001 1.675 4.055 9096A8 0.315
0.3150001 1.675 3.74 9096A8 0.315
1.192093E-07 1.675 4.055 9096A8 0.315
1.192093E-07 1.675 3.74 9096A8 0.315
1.26 1.675 4.055 9096A8 0.315
-0.3149999 1.675 4.055 9096A8 0.315
-5.355001 1.675 4.054999 E7E7E7 0.315
3.150001 0.415 4.37 E7E7E7 0.315
2.835 0.415 4.37 E7E7E7 0.315
-2.205 0.415 4.37 E7E7E7 0.315
-5.04 0.415 4.369999 E7E7E7 0.315
-5.355001 1.36 4.369999 E7E7E7 0.315
-1.26 0.415 4.37 E7E7E7 0.315
-1.260001 0.73 16.025 181818 0.315
-2.205 1.045 4.37 E7E7E7 0.315
-5.355001 0.73 4.369999 E7E7E7 0.315
3.465001 1.045 4.37 E7E7E7 0.315
-4.095001 1.36 4.369999 E7E7E7 0.315
-4.095001 1.045 4.369999 E7E7E7 0.315
-0.9450011 1.36 15.395 181818 0.315
-1.89 1.36 4.37 E7E7E7 0.315
2.205 1.36 5.63 E7E7E7 0.315
-0.9450011 1.36 14.765 181818 0.315
-1.575 1.36 4.37 E7E7E7 0.315
-1.575 1.675 4.37 E7E7E7 0.315
-4.725001 1.36 4.369999 E7E7E7 0.315
-5.04 1.36 4.369999 E7E7E7 0.315
2.205 1.675 4.37 E7E7E7 0.315
1.89 1.675 4.37 E7E7E7 0.315
1.575 1.675 4.37 E7E7E7 0.315
1.26 1.675 4.37 9096A8 0.315
0.9450002 1.675 4.37 9096A8 0.315
0.6300001 1.675 4.37 9096A8 0.315
0.3150001 1.675 4.37 9096A8 0.315
5.960464E-08 1.675 4.37 9096A8 0.315
-0.315 1.675 4.37 9096A8 0.315
-0.63 1.675 4.37 9096A8 0.315
-0.9450001 1.675 4.37 9096A8 0.315
-5.355001 1.675 4.369999 E7E7E7 0.315
4.095001 1.045 4.685 E7E7E7 0.315
3.465001 0.415 4.685 E7E7E7 0.315
2.52 0.1 4.685 E7E7E7 0.315
2.205 0.1 4.685 E7E7E7 0.315
1.89 0.1 4.685 E7E7E7 0.315
1.575 0.1 4.685 E7E7E7 0.315
1.26 -0.215 4.685 E7E7E7 0.315
0.9450002 -0.215 4.685 E7E7E7 0.315
0.6300001 -0.215 4.685 E7E7E7 0.315
0.3150001 -0.215 4.685 E7E7E7 0.315
2.980232E-08 -0.215 4.685 E7E7E7 0.315
-0.315 -0.215 4.685 E7E7E7 0.315
-0.63 0.1 4.685 E7E7E7 0.315
-0.9450002 0.1 4.685 E7E7E7 0.315
-1.26 0.1 4.685 E7E7E7 0.315
-1.575 0.1 4.684999 E7E7E7 0.315
-1.89 0.1 4.684999 E7E7E7 0.315
-3.465001 0.415 4.684999 E7E7E7 0.315
-3.780001 0.415 4.684999 E7E7E7 0.315
-4.095001 0.415 4.684999 E7E7E7 0.315
-4.410001 0.415 4.684999 E7E7E7 0.315
-4.725001 0.415 4.684999 E7E7E7 0.315
-5.04 0.415 4.684999 E7E7E7 0.315
-5.355001 1.36 4.684999 E7E7E7 0.315
3.465001 0.1 4.685 E7E7E7 0.315
-3.465001 0.1 4.684999 E7E7E7 0.315
-3.150001 0.73 4.684999 E7E7E7 0.315
-3.150001 1.045 4.684999 E7E7E7 0.315
-2.835 0.73 4.684999 E7E7E7 0.315
-2.835 1.045 4.684999 E7E7E7 0.315
-5.355001 0.73 4.684999 E7E7E7 0.315
-4.095001 1.36 4.684999 E7E7E7 0.315
-4.095001 1.045 4.684999 E7E7E7 0.315
-2.205 1.045 4.684999 E7E7E7 0.315
-2.205 1.36 4.684999 E7E7E7 0.315
-2.52 1.045 4.684999 E7E7E7 0.315
-3.465001 1.045 4.684999 E7E7E7 0.315
-3.780001 1.045 4.684999 E7E7E7 0.315
2.205 1.36 4.685 E7E7E7 0.315
2.205 1.675 4.685 E7E7E7 0.315
2.52 1.36 4.685 E7E7E7 0.315
2.52 1.675 4.685 E7E7E7 0.315
-1.575 1.36 4.684999 E7E7E7 0.315
-1.89 1.36 4.684999 E7E7E7 0.315
-4.410001 1.36 4.684999 E7E7E7 0.315
-4.725001 1.36 4.684999 E7E7E7 0.315
-5.04 1.36 4.684999 E7E7E7 0.315
3.780001 1.675 4.685 E7E7E7 0.315
3.150001 1.675 4.685 E7E7E7 0.315
2.835 1.675 4.685 E7E7E7 0.315
1.89 1.675 4.685 E7E7E7 0.315
1.575 1.675 4.685 E7E7E7 0.315
1.26 1.675 4.685 9096A8 0.315
0.9450002 1.675 4.685 9096A8 0.315
0.6300001 1.675 4.685 9096A8 0.315
0.3150001 1.675 4.685 9096A8 0.315
2.980232E-08 1.675 4.685 9096A8 0.315
-1.192093E-07 1.99 6.26 9096A8 0.315
-0.315 1.675 4.685 9096A8 0.315
-0.63 1.675 4.685 9096A8 0.315
-0.9450002 1.675 4.685 9096A8 0.315
-1.26 1.675 4.685 E7E7E7 0.315
-5.355001 1.675 4.684999 E7E7E7 0.315
4.725001 1.045 5 C03E0D 0.315
4.410001 1.045 5 C03E0D 0.315
4.095001 0.73 5 E7E7E7 0.315
3.780001 0.415 5 E7E7E7 0.315
3.465001 0.415 5 E7E7E7 0.315
3.150001 0.1 5 E7E7E7 0.315
2.835 0.1 5 E7E7E7 0.315
2.52 0.1 5 E7E7E7 0.315
2.205 0.1 5 E7E7E7 0.315
1.89 0.1 5 E7E7E7 0.315
1.575 0.1 5 E7E7E7 0.315
1.26 -0.215 5 E7E7E7 0.315
0.9450002 -0.215 5 E7E7E7 0.315
0.6300001 -0.215 5 E7E7E7 0.315
0.315 -0.215 5 E7E7E7 0.315
0 -0.215 5 E7E7E7 0.315
-0.315 -0.215 5 E7E7E7 0.315
-0.6300001 0.1 5 E7E7E7 0.315
-0.9450002 0.1 5 E7E7E7 0.315
-1.26 0.1 5 E7E7E7 0.315
-1.575 0.1 5 E7E7E7 0.315
-1.89 0.1 5 E7E7E7 0.315
-2.205 0.1 5 E7E7E7 0.315
-2.52 0.1 5 E7E7E7 0.315
-2.835 0.1 5 E7E7E7 0.315
-3.150001 0.1 5 E7E7E7 0.315
-3.465001 0.415 5 E7E7E7 0.315
-3.780001 0.415 5 E7E7E7 0.315
-4.095001 0.415 5 E7E7E7 0.315
-4.410001 0.415 5 E7E7E7 0.315
-4.725001 0.415 5 E7E7E7 0.315
-5.04 0.415 5 E7E7E7 0.315
-5.355001 1.36 5 E7E7E7 0.315
1.575 -0.215 5 E7E7E7 0.315
3.465001 0.1 5 E7E7E7 0.315
-3.465001 0.1 5 E7E7E7 0.315
4.095001 0.415 5 E7E7E7 0.315
4.410001 0.73 5 E7E7E7 0.315
-3.150001 1.045 5 E7E7E7 0.315
-3.150001 0.73 5 E7E7E7 0.315
-2.835 0.73 5 E7E7E7 0.315
-2.835 1.045 5 E7E7E7 0.315
-5.355001 1.045 5 E7E7E7 0.315
-5.355001 0.73 5 E7E7E7 0.315
-4.095001 1.045 5 E7E7E7 0.315
-4.095001 1.36 5 E7E7E7 0.315
-2.205 1.045 5 E7E7E7 0.315
-2.205 1.36 5 E7E7E7 0.315
-2.52 1.045 5 E7E7E7 0.315
-3.465001 1.045 5 E7E7E7 0.315
-3.780001 1.045 5 E7E7E7 0.315
3.780001 1.36 5 E7E7E7 0.315
4.410001 1.36 5 C03E0D 0.315
4.095001 1.36 5 E7E7E7 0.315
2.205 1.36 5 E7E7E7 0.315
2.205 1.675 5 E7E7E7 0.315
2.52 1.36 5 E7E7E7 0.315
2.52 1.675 5 E7E7E7 0.315
-1.575 1.36 5 E7E7E7 0.315
-1.89 1.36 5 E7E7E7 0.315
-1.575 1.675 5 E7E7E7 0.315
-4.410001 1.36 5 E7E7E7 0.315
-4.725001 1.36 5 E7E7E7 0.315
-5.04 1.36 5 E7E7E7 0.315
3.780001 1.675 5 E7E7E7 0.315
3.465001 1.675 5 E7E7E7 0.315
3.150001 1.675 5 E7E7E7 0.315
2.835 1.675 5 E7E7E7 0.315
1.89 1.675 5 E7E7E7 0.315
1.575 1.675 5 E7E7E7 0.315
1.26 1.675 5 9096A8 0.315
0.9450002 1.675 5 9096A8 0.315
0.6300001 1.675 5 9096A8 0.315
0.315 1.675 5 9096A8 0.315
0 1.675 5 9096A8 0.315
-0.315 1.675 5 9096A8 0.315
-0.6300001 1.675 5 9096A8 0.315
-0.9450002 1.675 5 9096A8 0.315
-1.26 1.675 5 E7E7E7 0.315
-5.355001 1.675 5 E7E7E7 0.315
4.095001 1.045 5.315001 E7E7E7 0.315
3.780001 0.73 5.315001 E7E7E7 0.315
3.465001 0.415 5.315001 E7E7E7 0.315
3.150001 0.1 5.315001 E7E7E7 0.315
2.835 0.1 5.315001 E7E7E7 0.315
2.52 0.1 5.315001 E7E7E7 0.315
2.205 0.1 5.315001 E7E7E7 0.315
1.89 0.1 5.315001 E7E7E7 0.315
1.575 0.1 5.315001 E7E7E7 0.315
1.26 -0.215 5.315 E7E7E7 0.315
0.9450002 -0.215 5.315 E7E7E7 0.315
0.63 -0.215 5.315 E7E7E7 0.315
0.315 -0.215 5.315 E7E7E7 0.315
-2.980232E-08 -0.215 5.315 E7E7E7 0.315
-0.3150001 -0.215 5.315 E7E7E7 0.315
-0.6300001 0.1 5.315 E7E7E7 0.315
-0.9450002 0.1 5.315 E7E7E7 0.315
-1.26 0.1 5.315 E7E7E7 0.315
-1.575 0.1 5.315 E7E7E7 0.315
-1.89 0.1 5.315 E7E7E7 0.315
-2.205 0.1 5.315 E7E7E7 0.315
-2.52 0.1 5.315 E7E7E7 0.315
-2.835 0.1 5.315 E7E7E7 0.315
-3.150001 0.1 5.315 E7E7E7 0.315
-3.465001 0.415 5.315 E7E7E7 0.315
-3.780001 0.415 5.315 E7E7E7 0.315
-4.095001 0.415 5.315 E7E7E7 0.315
-4.410001 0.415 5.315 E7E7E7 0.315
-4.725001 0.415 5.315 E7E7E7 0.315
-5.04 0.415 5.315 E7E7E7 0.315
-5.355001 1.36 5.315 E7E7E7 0.315
1.575 -0.215 5.315001 E7E7E7 0.315
3.465001 0.1 5.315001 E7E7E7 0.315
-3.465001 0.1 5.315 E7E7E7 0.315
3.780001 0.415 5.315001 E7E7E7 0.315
-5.04 0.73 5.315 E7E7E7 0.315
4.095001 0.73 5.315001 E7E7E7 0.315
-3.150001 0.73 5.315 E7E7E7 0.315
-3.150001 1.045 5.315 E7E7E7 0.315
-2.835 0.73 5.315 E7E7E7 0.315
-2.835 1.045 5.315 E7E7E7 0.315
-5.355001 1.045 5.315 E7E7E7 0.315
-5.355001 0.73 5.315 E7E7E7 0.315
4.410001 1.045 5.315001 C03E0D 0.315
4.095001 1.36 5.315001 E7E7E7 0.315
-4.095001 1.36 5.315 E7E7E7 0.315
-4.095001 1.045 5.315 E7E7E7 0.315
-2.205 1.045 5.315 E7E7E7 0.315
-2.205 1.36 5.315 E7E7E7 0.315
-2.52 1.045 5.315 E7E7E7 0.315
-3.465001 1.045 5.315 E7E7E7 0.315
-3.780001 1.045 5.315 E7E7E7 0.315
3.780001 1.675 5.315001 E7E7E7 0.315
3.780001 1.36 5.315001 E7E7E7 0.315
2.205 1.36 5.315001 E7E7E7 0.315
2.205 1.675 5.315001 E7E7E7 0.315
2.52 1.36 5.315001 E7E7E7 0.315
2.52 1.675 5.315001 E7E7E7 0.315
-1.575 1.36 5.315 E7E7E7 0.315
-1.89 1.36 5.315 E7E7E7 0.315
-4.410001 1.36 5.315 E7E7E7 0.315
-4.725001 1.36 5.315 E7E7E7 0.315
-5.04 1.36 5.315 E7E7E7 0.315
3.465001 1.675 5.315001 E7E7E7 0.315
3.150001 1.675 5.315001 E7E7E7 0.315
2.835 1.675 5.315001 E7E7E7 0.315
1.89 1.675 5.315001 E7E7E7 0.315
1.575 1.675 5.315001 E7E7E7 0.315
1.26 1.675 5.315 9096A8 0.315
0.9450002 1.675 5.315 9096A8 0.315
0.63 1.675 5.315 9096A8 0.315
0.315 1.675 5.315 9096A8 0.315
-2.980232E-08 1.675 5.315 9096A8 0.315
-0.3150001 1.675 5.315 9096A8 0.315
-0.6300001 1.675 5.315 9096A8 0.315
-0.9450002 1.675 5.315 9096A8 0.315
-1.26 1.675 5.315 E7E7E7 0.315
-5.355001 1.675 5.315 E7E7E7 0.315
3.465001 0.73 5.630001 E7E7E7 0.315
3.150001 0.415 5.630001 E7E7E7 0.315
2.835 0.415 5.63 E7E7E7 0.315
2.52 0.415 5.63 E7E7E7 0.315
2.205 0.415 5.63 E7E7E7 0.315
1.89 0.415 5.63 E7E7E7 0.315
1.575 0.1 5.63 E7E7E7 0.315
1.26 0.1 5.63 E7E7E7 0.315
0.9450001 0.1 5.63 E7E7E7 0.315
0.63 0.1 5.63 E7E7E7 0.315
0.315 -0.215 5.63 E7E7E7 0.315
-5.960464E-08 -0.215 5.63 E7E7E7 0.315
-0.3150001 -0.215 5.63 E7E7E7 0.315
-0.6300001 0.1 5.63 E7E7E7 0.315
-0.9450002 0.1 5.63 E7E7E7 0.315
-1.26 0.1 5.63 E7E7E7 0.315
-1.575 0.415 5.63 E7E7E7 0.315
-1.89 0.415 5.63 E7E7E7 0.315
-2.205 0.73 5.63 E7E7E7 0.315
-3.780001 0.73 5.63 E7E7E7 0.315
-4.095001 0.415 5.63 E7E7E7 0.315
-4.410001 0.415 5.63 E7E7E7 0.315
-4.725001 0.415 5.63 E7E7E7 0.315
-5.04 0.415 5.63 E7E7E7 0.315
-5.355001 1.36 5.63 E7E7E7 0.315
0.315 0.1 5.63 E7E7E7 0.315
0.63 -0.215 5.63 E7E7E7 0.315
1.89 0.1 5.63 E7E7E7 0.315
2.52 0.1 5.63 E7E7E7 0.315
2.205 0.1 5.63 E7E7E7 0.315
-1.575 0.1 5.63 E7E7E7 0.315
-1.89 0.1 5.63 E7E7E7 0.315
-1.26 0.415 5.63 E7E7E7 0.315
3.150001 0.73 5.630001 E7E7E7 0.315
3.465001 0.415 5.630001 E7E7E7 0.315
-4.095001 0.73 5.63 E7E7E7 0.315
-2.52 0.415 5.63 E7E7E7 0.315
-2.205 0.415 5.63 E7E7E7 0.315
-2.835 0.73 5.63 E7E7E7 0.315
-3.150001 0.415 5.63 E7E7E7 0.315
-3.465001 0.73 5.63 E7E7E7 0.315
-5.04 0.73 5.63 E7E7E7 0.315
3.465001 1.045 5.630001 E7E7E7 0.315
3.780001 0.73 5.630001 E7E7E7 0.315
-3.780001 1.045 5.63 E7E7E7 0.315
-2.52 0.73 5.63 E7E7E7 0.315
-3.465001 1.045 5.63 E7E7E7 0.315
-5.355001 1.045 5.63 E7E7E7 0.315
-5.355001 0.73 5.63 E7E7E7 0.315
3.465001 1.36 5.630001 E7E7E7 0.315
2.52 1.36 5.63 E7E7E7 0.315
2.52 1.045 5.63 E7E7E7 0.315
-4.095001 1.36 5.63 E7E7E7 0.315
2.835 1.36 5.63 E7E7E7 0.315
-4.095001 1.045 5.63 E7E7E7 0.315
2.835 1.045 5.63 E7E7E7 0.315
-1.89 1.045 5.63 E7E7E7 0.315
-2.205 1.045 5.63 E7E7E7 0.315
-1.89 1.36 5.63 E7E7E7 0.315
2.205 1.675 5.63 E7E7E7 0.315
3.150001 1.36 5.630001 E7E7E7 0.315
-1.575 1.36 5.63 E7E7E7 0.315
-1.575 1.675 5.63 E7E7E7 0.315
-4.410001 1.36 5.63 E7E7E7 0.315
-4.725001 1.36 5.63 E7E7E7 0.315
-5.04 1.36 5.63 E7E7E7 0.315
1.89 1.675 5.63 E7E7E7 0.315
1.575 1.675 5.63 E7E7E7 0.315
1.26 1.675 5.63 9096A8 0.315
0.9450001 1.675 5.63 9096A8 0.315
0.63 1.675 5.63 9096A8 0.315
0.315 1.675 5.63 9096A8 0.315
-5.960464E-08 1.675 5.63 9096A8 0.315
-0.3150001 1.675 5.63 9096A8 0.315
-0.6300001 1.675 5.63 9096A8 0.315
-0.9450002 1.675 5.63 9096A8 0.315
-1.26 1.675 5.63 E7E7E7 0.315
-5.355001 1.675 5.63 E7E7E7 0.315
2.205 1.675 5.945001 E7E7E7 0.315
1.89 0.73 5.945001 E7E7E7 0.315
1.575 0.73 5.945001 E7E7E7 0.315
1.26 0.73 5.945 E7E7E7 0.315
0.9450001 0.73 5.945 E7E7E7 0.315
0.6299999 0.73 5.945 E7E7E7 0.315
0.3149999 0.415 5.945 E7E7E7 0.315
-1.192093E-07 0.415 5.945 E7E7E7 0.315
-0.3150001 0.415 5.945 E7E7E7 0.315
-0.6300002 0.73 5.945 E7E7E7 0.315
-0.9450003 0.73 5.945 E7E7E7 0.315
-5.355001 1.36 5.945 E7E7E7 0.315
0.9450001 -0.215 5.63 E7E7E7 0.315
3.150001 0.415 5.315001 E7E7E7 0.315
0.3149999 0.1 5.945 E7E7E7 0.315
-1.192093E-07 0.1 5.945 E7E7E7 0.315
-0.3150001 0.1 5.945 E7E7E7 0.315
0.6299999 0.415 5.945 E7E7E7 0.315
2.835 0.73 5.63 E7E7E7 0.315
2.52 0.73 5.63 E7E7E7 0.315
1.575 0.415 5.945001 E7E7E7 0.315
1.26 0.415 5.945 E7E7E7 0.315
-0.3150001 0.73 5.945 E7E7E7 0.315
-0.9450003 0.415 5.945 E7E7E7 0.315
-1.26 0.73 5.945 E7E7E7 0.315
-1.575 0.73 5.63 E7E7E7 0.315
-1.89 0.73 5.63 E7E7E7 0.315
-4.410001 0.73 5.63 E7E7E7 0.315
-5.04 0.415 5.945 E7E7E7 0.315
2.205 1.045 5.945001 E7E7E7 0.315
2.205 0.73 5.945001 E7E7E7 0.315
2.835 0.73 5.945001 E7E7E7 0.315
2.52 1.045 5.945001 E7E7E7 0.315
1.89 1.36 5.945001 E7E7E7 0.315
-5.04 0.73 5.945 E7E7E7 0.315
-0.6300002 1.36 5.945 E7E7E7 0.315
-0.9450003 1.675 5.945 E7E7E7 0.315
-1.575 1.045 5.945 E7E7E7 0.315
-4.410001 0.73 5.945 E7E7E7 0.315
-4.725001 0.73 5.945 E7E7E7 0.315
-1.26 1.045 5.945 E7E7E7 0.315
-5.04 1.045 5.945 E7E7E7 0.315
-5.355001 1.045 5.945 E7E7E7 0.315
-5.355001 0.73 5.945 E7E7E7 0.315
3.150001 1.045 5.630001 E7E7E7 0.315
1.89 1.045 5.945001 E7E7E7 0.315
2.205 1.045 5.63 E7E7E7 0.315
1.89 1.36 5.63 E7E7E7 0.315
-5.04 1.36 5.945 E7E7E7 0.315
-0.9450003 1.045 5.945 E7E7E7 0.315
-0.9450003 1.36 5.945 E7E7E7 0.315
-1.575 1.045 5.63 E7E7E7 0.315
-4.410001 1.045 5.63 E7E7E7 0.315
-4.725001 1.045 5.945 E7E7E7 0.315
2.205 1.36 5.945001 E7E7E7 0.315
-0.6300002 1.675 5.945 E7E7E7 0.315
1.575 1.99 5.945001 E7E7E7 0.315
1.575 1.675 5.945001 E7E7E7 0.315
1.89 1.675 5.945001 E7E7E7 0.315
0.9450001 1.675 5.945 9096A8 0.315
0.6299999 1.675 5.945 9096A8 0.315
0.3149999 1.675 5.945 9096A8 0.315
-1.192093E-07 1.675 5.945 9096A8 0.315
-0.3150001 1.675 5.945 9096A8 0.315
1.26 1.99 5.945 9096A8 0.315
-5.355001 1.675 5.945 E7E7E7 0.315
2.205 1.675 6.26 E7E7E7 0.315
1.89 1.36 6.26 E7E7E7 0.315
1.575 1.045 6.26 E7E7E7 0.315
1.26 1.045 6.26 E7E7E7 0.315
0.9450001 1.045 6.26 E7E7E7 0.315
0.6299999 1.045 6.26 E7E7E7 0.315
0.3149999 1.045 6.26 E7E7E7 0.315
-1.192093E-07 1.045 6.26 E7E7E7 0.315
-0.3150001 1.36 6.26 E7E7E7 0.315
-0.6300002 1.675 6.26 E7E7E7 0.315
-0.9450003 1.675 6.26 E7E7E7 0.315
2.205 0.73 5.63 E7E7E7 0.315
-1.192093E-07 0.73 5.945 E7E7E7 0.315
2.52 0.73 5.945001 E7E7E7 0.315
0.6299999 0.73 6.26 E7E7E7 0.315
0.3149999 0.73 6.26 E7E7E7 0.315
-1.192093E-07 0.73 6.26 E7E7E7 0.315
-0.3150001 1.045 6.26 E7E7E7 0.315
-0.6300002 1.045 5.945 E7E7E7 0.315
-1.575 0.73 5.945 E7E7E7 0.315
-2.52 1.045 5.63 E7E7E7 0.315
1.575 1.36 6.26 E7E7E7 0.315
-0.3150001 1.045 5.945 E7E7E7 0.315
-1.192093E-07 1.36 6.26 E7E7E7 0.315
1.89 1.675 6.26 E7E7E7 0.315
-0.6300002 1.36 6.26 E7E7E7 0.315
0.6299991 1.99 13.505 E7E7E7 0.315
0.3149991 1.99 13.505 E7E7E7 0.315
-9.536743E-07 1.675 13.82 E7E7E7 0.315
-0.315001 1.675 14.135 181818 0.315
-0.3150001 1.99 6.26 9096A8 0.315
1.26 1.99 6.26 9096A8 0.315
0.9450001 1.99 6.26 9096A8 0.315
0.6299999 1.99 6.26 9096A8 0.315
1.89 1.36 6.575001 E7E7E7 0.315
1.575 1.36 6.575001 E7E7E7 0.315
1.26 1.045 6.575 E7E7E7 0.315
0.9449999 1.045 6.575 E7E7E7 0.315
0.6299998 1.045 6.575 E7E7E7 0.315
0.3149998 1.045 6.575 E7E7E7 0.315
-2.384186E-07 1.36 6.575 E7E7E7 0.315
-0.3150003 1.675 6.575 E7E7E7 0.315
-0.6300003 1.675 6.575 E7E7E7 0.315
-5.960464E-08 0.1 5.63 E7E7E7 0.315
2.835 0.415 5.315001 E7E7E7 0.315
1.89 0.73 5.63 E7E7E7 0.315
0.9450001 0.415 5.945 E7E7E7 0.315
-2.835 0.415 5.63 E7E7E7 0.315
-3.150001 0.73 5.63 E7E7E7 0.315
1.575 1.045 6.575001 E7E7E7 0.315
0.3149998 1.36 6.575 E7E7E7 0.315
-0.3150003 1.36 6.575 E7E7E7 0.315
-0.630001 1.99 14.135 181818 0.315
-0.9450004 1.99 6.575 E7E7E7 0.315
-0.9450004 1.675 6.575 E7E7E7 0.315
1.575 1.99 6.575001 E7E7E7 0.315
1.26 1.99 6.575 9096A8 0.315
0.9449999 1.99 6.575 9096A8 0.315
0.6299998 1.99 6.575 9096A8 0.315
0.3149998 1.99 6.575 9096A8 0.315
-2.384186E-07 1.99 6.575 9096A8 0.315
-0.3150003 1.99 6.575 9096A8 0.315
-0.6300003 1.99 6.575 9096A8 0.315
1.89 1.675 6.89 E7E7E7 0.315
1.575 1.36 6.89 E7E7E7 0.315
1.26 1.36 6.89 E7E7E7 0.315
0.9449999 1.36 6.89 E7E7E7 0.315
0.6299998 1.36 6.89 E7E7E7 0.315
0.3149998 1.36 6.89 E7E7E7 0.315
-2.384186E-07 1.36 6.89 E7E7E7 0.315
-0.3150003 1.675 6.89 E7E7E7 0.315
-0.6300003 1.99 6.89 E7E7E7 0.315
-3.150001 0.415 5.315 000000 0.315
1.26 1.045 5.945 E7E7E7 0.315
1.89 1.045 5.63 E7E7E7 0.315
0.9449999 1.36 6.575 E7E7E7 0.315
0.6299998 1.36 6.575 E7E7E7 0.315
1.89 1.36 6.89 E7E7E7 0.315
3.465001 1.36 5.315001 E7E7E7 0.315
-2.384186E-07 1.675 6.89 E7E7E7 0.315
2.205 1.99 6.89 E7E7E7 0.315
2.205 1.675 6.89 E7E7E7 0.315
-0.6300003 1.675 6.89 E7E7E7 0.315
1.89 1.99 6.89 E7E7E7 0.315
1.575 1.99 6.89 E7E7E7 0.315
1.26 1.99 6.89 9096A8 0.315
0.9449999 1.99 6.89 9096A8 0.315
0.6299998 1.99 6.89 9096A8 0.315
0.3149998 1.99 6.89 9096A8 0.315
-2.384186E-07 1.99 6.89 9096A8 0.315
-0.3150003 1.99 6.89 9096A8 0.315
1.89 1.675 7.205001 E7E7E7 0.315
1.575 1.36 7.205001 E7E7E7 0.315
1.26 1.36 7.205 E7E7E7 0.315
0.9449999 1.36 7.205 E7E7E7 0.315
0.6299998 1.36 7.205 E7E7E7 0.315
0.3149998 1.36 7.205 E7E7E7 0.315
-2.384186E-07 1.675 7.205 E7E7E7 0.315
-0.3150003 1.99 7.205 E7E7E7 0.315
-0.6300003 1.99 7.205 E7E7E7 0.315
1.575 0.415 5.63 E7E7E7 0.315
1.575 1.675 7.205001 E7E7E7 0.315
0.3149998 1.675 7.205 E7E7E7 0.315
1.89 1.99 7.205001 E7E7E7 0.315
0.3149991 1.675 13.505 E7E7E7 0.315
-0.3150003 1.675 7.205 E7E7E7 0.315
1.575 1.99 7.205001 E7E7E7 0.315
0.6299998 1.99 7.205 9096A8 0.315
0.3149998 1.99 7.205 9096A8 0.315
-2.384186E-07 1.99 7.205 9096A8 0.315
1.89 1.99 7.52 E7E7E7 0.315
1.575 1.675 7.52 E7E7E7 0.315
1.26 1.675 7.52 E7E7E7 0.315
0.9449999 1.675 7.52 E7E7E7 0.315
0.6299998 1.675 7.52 E7E7E7 0.315
0.3149998 1.675 7.52 E7E7E7 0.315
-3.780001 0.415 5.63 E7E7E7 0.315
1.26 1.36 7.52 E7E7E7 0.315
0.9449999 1.36 7.52 E7E7E7 0.315
0.6299998 1.36 7.52 E7E7E7 0.315
1.89 1.675 7.52 E7E7E7 0.315
-2.384186E-07 1.675 7.52 E7E7E7 0.315
1.574999 1.99 11.3 E7E7E7 0.315
1.259999 1.99 11.3 E7E7E7 0.315
0.9449992 1.99 11.3 E7E7E7 0.315
0.6299991 1.99 11.93 E7E7E7 0.315
0.3149991 1.99 12.245 E7E7E7 0.315
-9.536743E-07 1.99 12.875 E7E7E7 0.315
-0.315001 1.99 13.19 E7E7E7 0.315
1.26 2.305 7.52 9096A8 0.315
0.9449999 2.305 7.52 9096A8 0.315
0.6299998 2.305 7.52 9096A8 0.315
0.3149998 2.305 7.52 9096A8 0.315
-2.384186E-07 2.305 7.52 9096A8 0.315
-0.3150003 2.305 7.52 9096A8 0.315
1.575 1.675 7.835001 E7E7E7 0.315
1.26 1.675 7.835001 E7E7E7 0.315
0.9449999 1.675 7.835001 E7E7E7 0.315
0.6299998 1.675 7.835001 E7E7E7 0.315
0.3149998 1.675 7.835 E7E7E7 0.315
-2.384186E-07 1.99 7.835 E7E7E7 0.315
-0.3150003 1.99 7.835 E7E7E7 0.315
-0.6300003 2.305 7.835 E7E7E7 0.315
2.835 1.045 5.945001 E7E7E7 0.315
-0.3150001 0.73 6.26 E7E7E7 0.315
1.575 1.99 7.835001 E7E7E7 0.315
2.205 1.99 7.835001 E7E7E7 0.315
1.89 2.305 7.835001 E7E7E7 0.315
1.575 2.305 7.835001 E7E7E7 0.315
1.26 2.305 7.835001 9096A8 0.315
0.9449999 2.305 7.835001 9096A8 0.315
0.9450006 2.62 0.2749991 9096A8 0.315
0.6299998 2.305 7.835001 9096A8 0.315
0.3149998 2.305 7.835 9096A8 0.315
-2.384186E-07 2.305 7.835 9096A8 0.315
-0.3150003 2.305 7.835 9096A8 0.315
1.89 1.99 8.150001 E7E7E7 0.315
1.575 1.99 8.150001 E7E7E7 0.315
1.26 1.675 8.150001 E7E7E7 0.315
0.9449997 1.675 8.150001 E7E7E7 0.315
0.6299996 1.675 8.150001 E7E7E7 0.315
0.3149996 1.99 8.150001 E7E7E7 0.315
-4.768372E-07 1.99 8.150001 E7E7E7 0.315
-0.3150005 2.305 8.150001 E7E7E7 0.315
1.575 1.675 8.150001 E7E7E7 0.315
0.6299996 1.99 8.150001 E7E7E7 0.315
-0.3150005 1.99 8.150001 E7E7E7 0.315
1.89 2.305 8.150001 E7E7E7 0.315
1.575 2.305 8.150001 E7E7E7 0.315
1.26 2.305 8.150001 9096A8 0.315
0.9449997 2.305 8.150001 9096A8 0.315
0.6299996 2.305 8.150001 9096A8 0.315
0.3149996 2.305 8.150001 9096A8 0.315
-4.768372E-07 2.305 8.150001 9096A8 0.315
1.89 1.99 8.465001 E7E7E7 0.315
1.575 1.99 8.465001 E7E7E7 0.315
1.26 1.99 8.465 E7E7E7 0.315
0.9449997 1.99 8.465 E7E7E7 0.315
0.6299996 1.99 8.465 E7E7E7 0.315
0.3149996 1.99 8.465 E7E7E7 0.315
-4.768372E-07 2.305 8.465 E7E7E7 0.315
-0.3150005 2.305 8.465 E7E7E7 0.315
-4.725001 1.36 5.945 E7E7E7 0.315
1.26 1.99 8.150001 E7E7E7 0.315
0.9449997 1.99 8.150001 E7E7E7 0.315
-4.768372E-07 1.99 8.465 E7E7E7 0.315
1.89 2.305 8.465001 E7E7E7 0.315
1.575 2.305 8.465001 E7E7E7 0.315
1.26 2.305 8.465 9096A8 0.315
0.9449997 2.305 8.465 9096A8 0.315
0.6299996 2.305 8.465 9096A8 0.315
0.3149996 2.305 8.465 9096A8 0.315
1.89 1.99 8.780001 E7E7E7 0.315
1.575 1.99 8.780001 E7E7E7 0.315
1.26 1.99 8.780001 E7E7E7 0.315
0.9449997 1.99 8.780001 E7E7E7 0.315
0.6299996 1.99 8.780001 E7E7E7 0.315
0.3149996 1.99 8.780001 E7E7E7 0.315
-4.768372E-07 2.305 8.780001 E7E7E7 0.315
-0.3150005 2.305 8.780001 E7E7E7 0.315
0.9450001 0.415 5.63 E7E7E7 0.315
1.89 2.305 8.780001 E7E7E7 0.315
1.575 2.305 8.780001 E7E7E7 0.315
1.26 2.305 8.780001 9096A8 0.315
0.9449997 2.305 8.780001 9096A8 0.315
0.6299996 2.305 8.780001 9096A8 0.315
0.3149996 2.305 8.780001 9096A8 0.315
2.205 2.305 9.095001 E7E7E7 0.315
1.89 1.99 9.095001 E7E7E7 0.315
1.575 1.99 9.095001 E7E7E7 0.315
1.26 1.99 9.095001 E7E7E7 0.315
0.9449997 1.99 9.095001 E7E7E7 0.315
0.6299996 1.99 9.095001 E7E7E7 0.315
0.3149996 2.305 9.095001 E7E7E7 0.315
-4.768372E-07 2.305 9.095001 E7E7E7 0.315
-0.3150005 2.305 9.095001 E7E7E7 0.315
-3.465001 0.415 5.63 E7E7E7 0.315
0.3149996 1.99 9.095001 E7E7E7 0.315
1.89 2.305 9.095001 E7E7E7 0.315
1.575 2.305 9.095001 E7E7E7 0.315
1.26 2.305 9.095001 9096A8 0.315
0.9449997 2.305 9.095001 9096A8 0.315
0.6299996 2.305 9.095001 9096A8 0.315
2.205 2.305 9.410001 E7E7E7 0.315
1.89 1.99 9.410001 E7E7E7 0.315
1.575 1.99 9.410001 E7E7E7 0.315
1.26 1.99 9.410001 E7E7E7 0.315
0.9449997 1.99 9.410001 E7E7E7 0.315
0.6299996 1.99 9.410001 E7E7E7 0.315
0.3149996 2.305 9.410001 E7E7E7 0.315
3.780001 1.045 5.315001 E7E7E7 0.315
1.89 2.305 9.410001 E7E7E7 0.315
1.575 2.305 9.410001 E7E7E7 0.315
1.26 2.305 9.410001 9096A8 0.315
0.9449997 2.305 9.410001 9096A8 0.315
0.6299996 2.305 9.410001 9096A8 0.315
2.205 2.305 9.725001 E7E7E7 0.315
1.89 1.99 9.725001 E7E7E7 0.315
1.575 1.99 9.725001 E7E7E7 0.315
1.26 1.99 9.725 E7E7E7 0.315
0.9449997 1.99 9.725 E7E7E7 0.315
0.6299996 1.99 9.725 E7E7E7 0.315
-4.768372E-07 2.305 9.725 E7E7E7 0.315
1.89 2.305 9.725001 E7E7E7 0.315
1.575 2.305 9.725001 E7E7E7 0.315
1.26 2.305 9.725 9096A8 0.315
0.3149991 2.305 11.3 E7E7E7 0.315
-9.536743E-07 2.305 11.93 E7E7E7 0.315
-0.3150005 2.305 9.725 E7E7E7 0.315
-0.3150005 2.62 9.725 E7E7E7 0.315
0.3149996 2.62 9.725 9096A8 0.315
-4.768372E-07 2.62 9.725 9096A8 0.315
2.205 2.305 10.04 E7E7E7 0.315
1.89 2.305 10.04 E7E7E7 0.315
1.575 1.99 10.04 E7E7E7 0.315
1.26 1.99 10.04 E7E7E7 0.315
0.9449997 1.99 10.04 E7E7E7 0.315
0.6299996 2.305 10.04 E7E7E7 0.315
0.3149996 2.305 10.04 E7E7E7 0.315
-4.768372E-07 2.305 10.04 E7E7E7 0.315
-0.630001 1.675 14.765 181818 0.315
1.89 1.99 10.04 E7E7E7 0.315
0.6299996 1.99 10.04 E7E7E7 0.315
-0.3150005 2.62 9.410001 000000 0.315
-4.768372E-07 2.62 10.04 E7E7E7 0.315
1.26 2.62 10.04 9096A8 0.315
0.9449997 2.62 10.04 9096A8 0.315
0.6299996 2.62 10.04 9096A8 0.315
0.3149996 2.62 10.04 9096A8 0.315
2.205 2.305 10.355 E7E7E7 0.315
1.89 2.305 10.355 E7E7E7 0.315
1.575 1.99 10.355 E7E7E7 0.315
1.26 1.99 10.355 E7E7E7 0.315
0.9449997 1.99 10.355 E7E7E7 0.315
0.6299996 2.305 10.355 E7E7E7 0.315
0.3149996 2.305 10.355 E7E7E7 0.315
-4.768372E-07 2.305 10.355 E7E7E7 0.315
1.89 1.99 10.355 E7E7E7 0.315
-4.768372E-07 2.62 10.355 E7E7E7 0.315
1.575 2.62 10.355 E7E7E7 0.315
1.26 2.62 10.355 9096A8 0.315
0.9449997 2.62 10.355 9096A8 0.315
0.6299996 2.62 10.355 9096A8 0.315
0.3149996 2.62 10.355 9096A8 0.315
2.205 2.305 10.67 E7E7E7 0.315
1.89 2.305 10.67 E7E7E7 0.315
1.575 2.305 10.67 E7E7E7 0.315
1.26 2.305 10.67 E7E7E7 0.315
0.9449997 2.305 10.67 E7E7E7 0.315
0.6299996 2.305 10.67 E7E7E7 0.315
0.3149996 2.305 10.67 E7E7E7 0.315
-4.768372E-07 2.62 10.67 E7E7E7 0.315
2.52 2.62 10.67 E7E7E7 0.315
2.52 2.305 10.67 E7E7E7 0.315
-4.768372E-07 2.305 10.67 E7E7E7 0.315
2.205 2.62 10.67 E7E7E7 0.315
1.89 2.62 10.67 E7E7E7 0.315
1.575 2.62 10.67 E7E7E7 0.315
1.26 2.62 10.67 9096A8 0.315
0.9449997 2.62 10.67 9096A8 0.315
0.6299996 2.62 10.67 9096A8 0.315
0.3149996 2.62 10.67 9096A8 0.315
2.205 2.305 10.985 E7E7E7 0.315
1.89 2.305 10.985 E7E7E7 0.315
1.575 2.305 10.985 E7E7E7 0.315
1.26 2.305 10.985 E7E7E7 0.315
0.9449997 2.305 10.985 E7E7E7 0.315
0.6299996 2.305 10.985 E7E7E7 0.315
0.3149996 2.305 10.985 E7E7E7 0.315
-4.768372E-07 2.62 10.985 E7E7E7 0.315
2.205 2.62 10.985 E7E7E7 0.315
0.3149996 2.62 10.985 E7E7E7 0.315
1.89 2.62 10.985 E7E7E7 0.315
1.575 2.62 10.985 E7E7E7 0.315
1.26 2.62 10.985 9096A8 0.315
0.9449997 2.62 10.985 9096A8 0.315
0.6299996 2.62 10.985 9096A8 0.315
2.204999 2.305 11.3 E7E7E7 0.315
1.889999 2.305 11.3 E7E7E7 0.315
1.259999 2.305 11.3 E7E7E7 0.315
0.9449992 2.305 11.3 E7E7E7 0.315
0.6299991 2.305 11.3 E7E7E7 0.315
0.3149991 2.62 11.3 E7E7E7 0.315
0.3149998 1.99 7.835 E7E7E7 0.315
1.889999 1.99 11.3 E7E7E7 0.315
1.574999 2.62 11.3 E7E7E7 0.315
1.889999 2.62 11.3 E7E7E7 0.315
1.259999 2.62 11.3 9096A8 0.315
0.9449992 2.62 11.3 9096A8 0.315
0.6299991 2.62 11.3 9096A8 0.315
1.889999 2.305 11.615 E7E7E7 0.315
1.574999 1.99 11.615 E7E7E7 0.315
1.259999 1.99 11.615 E7E7E7 0.315
0.9449992 1.99 11.615 E7E7E7 0.315
0.6299991 2.305 11.615 E7E7E7 0.315
0.3149991 2.305 11.615 E7E7E7 0.315
-9.536743E-07 2.62 11.615 000000 0.315
0.6299991 1.99 11.615 E7E7E7 0.315
0.9449992 2.305 11.615 9096A8 0.315
1.574999 2.305 11.615 E7E7E7 0.315
1.259999 2.305 11.615 9496A5 0.315
0.3149991 2.62 11.615 E7E7E7 0.315
0.6299991 2.62 11.615 9096A8 0.315
1.889999 2.305 11.93 E7E7E7 0.315
1.574999 1.99 11.93 E7E7E7 0.315
1.259999 1.99 11.93 E7E7E7 0.315
0.9449992 1.99 11.93 E7E7E7 0.315
0.3149991 2.305 11.93 E7E7E7 0.315
1.574999 2.305 11.93 E7E7E7 0.315
1.259999 2.305 11.93 E7E7E7 0.315
0.9449992 2.305 11.93 9096A8 0.315
0.6299991 2.305 11.93 9096A8 0.315
-9.536743E-07 2.62 11.93 E7E7E7 0.315
1.574999 1.99 12.245 E7E7E7 0.315
1.259999 1.99 12.245 E7E7E7 0.315
0.9449992 1.99 12.245 E7E7E7 0.315
0.6299991 1.99 12.245 E7E7E7 0.315
0.3149991 2.305 12.245 E7E7E7 0.315
-9.536743E-07 2.305 12.245 E7E7E7 0.315
1.574999 2.305 12.245 E7E7E7 0.315
1.259999 2.305 12.245 E7E7E7 0.315
0.9449992 2.305 12.245 9096A8 0.315
0.6299991 2.305 12.245 9096A8 0.315
1.574999 2.305 12.56 E7E7E7 0.315
1.259999 1.99 12.56 E7E7E7 0.315
0.9449992 1.99 12.56 E7E7E7 0.315
0.6299991 1.99 12.56 E7E7E7 0.315
0.3149991 1.99 12.56 E7E7E7 0.315
-9.536743E-07 2.305 12.56 E7E7E7 0.315
1.574999 1.99 12.56 E7E7E7 0.315
1.259999 2.305 12.56 E7E7E7 0.315
0.9449992 2.305 12.56 E7E7E7 0.315
0.6299991 2.305 12.56 9096A8 0.315
0.3149991 2.305 12.56 9096A8 0.315
1.259999 1.99 12.875 E7E7E7 0.315
0.9449992 1.99 12.875 E7E7E7 0.315
0.6299991 1.99 12.875 E7E7E7 0.315
0.3149991 1.99 12.875 E7E7E7 0.315
-0.315001 2.305 12.875 E7E7E7 0.315
1.259999 2.305 12.875 E7E7E7 0.315
0.9449992 2.305 12.875 E7E7E7 0.315
0.6299991 2.305 12.875 9096A8 0.315
0.3149991 2.305 12.875 9096A8 0.315
-9.536743E-07 2.305 12.875 9096A8 0.315
1.259999 1.99 13.19 E7E7E7 0.315
0.9449992 1.99 13.19 E7E7E7 0.315
0.6299991 1.99 13.19 E7E7E7 0.315
0.3149991 1.99 13.19 E7E7E7 0.315
-9.536743E-07 1.99 13.19 E7E7E7 0.315
-0.315001 2.305 13.19 9096A8 0.315
0.9449992 1.99 13.505 E7E7E7 0.315
-9.536743E-07 1.99 13.505 E7E7E7 0.315
-0.315001 1.99 13.505 E7E7E7 0.315
0.9449992 1.99 13.82 E7E7E7 0.315
0.6299991 1.675 13.82 E7E7E7 0.315
0.3149991 1.675 13.82 E7E7E7 0.315
-0.315001 1.99 13.82 E7E7E7 0.315
0.6299991 1.99 13.82 E7E7E7 0.315
-9.536743E-07 1.99 13.82 E7E7E7 0.315
0.3149991 1.99 13.82 9096A8 0.315
0.6299991 1.99 14.135 E7E7E7 0.315
0.3149991 1.675 14.135 181818 0.315
-9.536743E-07 1.675 14.135 181818 0.315
0.6299991 1.675 14.135 E7E7E7 0.315
-0.630001 1.675 14.135 181818 0.315
0.3149991 1.99 14.135 E7E7E7 0.315
-9.536743E-07 1.99 14.135 181818 0.315
-0.315001 1.99 14.135 181818 0.315
0.3149991 1.675 14.45 181818 0.315
-9.536743E-07 1.675 14.45 181818 0.315
-0.630001 1.675 14.45 181818 0.315
0.3149991 1.99 14.45 181818 0.315
-9.536743E-07 1.99 14.45 181818 0.315
-0.315001 1.36 14.765 181818 0.315
-0.9450011 1.675 14.765 181818 0.315
-9.536743E-07 1.675 14.765 181818 0.315
-0.315001 1.675 14.765 181818 0.315
-0.315001 1.36 15.08 181818 0.315
-0.9450011 1.36 15.08 181818 0.315
-4.725001 0.73 5.63 E7E7E7 0.315
-9.536743E-07 1.675 15.08 181818 0.315
-0.630001 1.045 15.395 181818 0.315
-0.9450011 1.045 15.395 181818 0.315
-0.630001 1.36 15.395 181818 0.315
-1.260001 1.36 15.395 181818 0.315
-1.260001 1.045 15.395 181818 0.315
-0.9450011 1.045 15.71 181818 0.315
-1.260001 1.045 15.71 181818 0.315
-0.6300002 0.415 5.945 E7E7E7 0.315
