-9.450001 0.15 2.100001 B58256 0.5
-8.925001 0.15 2.100001 B58256 0.5
-8.400001 0.15 2.625001 B58256 0.5
-9.450001 0.675 2.100001 B58256 0.5
-8.925001 0.675 2.100001 B58256 0.5
-8.400001 0.675 2.100001 B58256 0.5
2.1 0.675 2.1 B58256 0.5
2.625 0.675 2.1 B58256 0.5
3.150001 0.675 2.099999 B58256 0.5
-9.450001 1.2 2.100001 B58256 0.5
-8.925001 1.2 2.100001 B58256 0.5
2.1 1.2 2.1 B58256 0.5
2.625 1.2 2.1 B58256 0.5
-9.450001 1.725 2.100001 B58256 0.5
2.1 1.725 2.1 B58256 0.5
-9.450001 2.25 2.100001 B58256 0.5
1.575001 2.25 2.1 B58256 0.5
2.1 2.25 2.1 B58256 0.5
-9.450001 2.775 2.100001 B58256 0.5
1.575001 2.775 2.1 B58256 0.5
2.1 2.775 2.1 B58256 0.5
-9.450001 3.3 2.100001 443D37 0.5
-8.925001 3.3 2.100001 443D37 0.5
1.575001 3.3 2.1 B58256 0.5
2.1 3.3 2.1 B58256 0.5
-9.450001 3.825 2.100001 443D37 0.5
-8.925001 3.825 2.100001 443D37 0.5
1.575001 3.825 2.1 443D37 0.5
2.1 3.825 2.1 443D37 0.5
-9.450001 4.35 2.100001 443D37 0.5
-8.925001 4.35 2.100001 443D37 0.5
-8.400001 4.35 2.100001 443D37 0.5
1.575001 4.35 2.1 443D37 0.5
2.1 4.35 2.1 443D37 0.5
-8.925001 4.875 2.100001 443D37 0.5
-8.400001 4.875 2.100001 443D37 0.5
1.575001 4.875 2.1 443D37 0.5
2.1 4.875 2.1 443D37 0.5
-8.925001 5.4 2.100001 443D37 0.5
-8.400001 5.4 2.100001 443D37 0.5
-7.875001 5.4 2.100001 443D37 0.5
1.575001 5.4 2.1 443D37 0.5
2.1 5.4 2.1 443D37 0.5
-8.925001 5.925 2.100001 443D37 0.5
-8.400001 5.925 2.100001 443D37 0.5
-7.875001 5.925 2.100001 443D37 0.5
-7.35 5.925 2.100001 443D37 0.5
1.05 5.925 2.625 443D37 0.5
1.575001 5.925 2.625 443D37 0.5
2.1 5.925 2.625 443D37 0.5
-8.925001 6.45 2.100001 443D37 0.5
-8.400001 6.45 2.100001 443D37 0.5
-7.875001 6.45 2.100001 443D37 0.5
-7.35 6.45 2.100001 443D37 0.5
1.05 6.45 2.625 443D37 0.5
1.575001 6.45 2.625 443D37 0.5
2.1 6.45 2.625 443D37 0.5
-9.450001 6.975 2.100001 443D37 0.5
-8.925001 6.975 2.100001 443D37 0.5
-8.400001 6.975 2.100001 443D37 0.5
-7.875001 6.975 2.100001 443D37 0.5
-7.35 6.975 2.100001 443D37 0.5
-6.825001 6.975 2.100001 443D37 0.5
-2.1 6.975 1.575001 443D37 0.5
-1.575 6.975 1.575001 443D37 0.5
-1.05 6.975 2.1 443D37 0.5
-0.5249998 6.975 2.1 443D37 0.5
2.384186E-07 6.975 2.1 443D37 0.5
0.5250003 6.975 1.575 443D37 0.5
1.05 6.975 2.625 443D37 0.5
1.575001 6.975 2.625 443D37 0.5
2.1 6.975 2.625 443D37 0.5
2.625 6.975 2.625 443D37 0.5
-9.450001 7.5 2.100001 443D37 0.5
-8.925001 7.5 2.100001 443D37 0.5
-8.400001 7.5 2.100001 443D37 0.5
-7.875001 7.5 2.100001 443D37 0.5
-7.35 7.5 2.100001 443D37 0.5
-6.825001 7.5 2.100001 443D37 0.5
-6.300001 7.5 1.575001 443D37 0.5
-3.675 7.5 1.575001 443D37 0.5
-3.15 7.5 1.575001 443D37 0.5
-2.625 7.5 1.575001 443D37 0.5
-2.1 7.5 1.575001 443D37 0.5
-1.575 7.5 1.575001 443D37 0.5
-1.05 7.5 2.1 443D37 0.5
-0.5249998 7.5 2.1 443D37 0.5
2.384186E-07 7.5 2.1 443D37 0.5
0.5250003 7.5 2.1 443D37 0.5
1.05 7.5 2.625 443D37 0.5
1.575001 7.5 2.625 443D37 0.5
2.1 7.5 2.625 443D37 0.5
2.625 7.5 2.625 443D37 0.5
3.150001 7.5 2.625 443D37 0.5
-9.975001 8.025 2.100001 443D37 0.5
-9.450001 8.025 2.100001 443D37 0.5
-8.925001 8.025 2.100001 443D37 0.5
-8.400001 8.025 2.100001 443D37 0.5
-7.875001 8.025 2.100001 443D37 0.5
-7.35 8.025 2.100001 443D37 0.5
-6.825001 8.025 2.100001 443D37 0.5
-6.300001 8.025 1.575001 443D37 0.5
-5.775001 8.025 1.575001 443D37 0.5
-5.25 8.025 1.575001 443D37 0.5
-4.725 8.025 1.575001 443D37 0.5
-4.2 8.025 1.575001 443D37 0.5
-3.675 8.025 1.575001 443D37 0.5
-3.15 8.025 1.575001 443D37 0.5
-2.625 8.025 1.575001 443D37 0.5
-2.1 8.025 1.575001 443D37 0.5
-1.575 8.025 2.1 443D37 0.5
-1.05 8.025 2.1 443D37 0.5
-0.5249998 8.025 2.1 443D37 0.5
2.384186E-07 8.025 2.1 443D37 0.5
0.5250003 8.025 2.1 443D37 0.5
1.05 8.025 2.625 443D37 0.5
1.575001 8.025 2.625 443D37 0.5
2.1 8.025 2.625 443D37 0.5
2.625 8.025 2.625 443D37 0.5
3.150001 8.025 2.625 443D37 0.5
3.675001 8.025 2.1 443D37 0.5
-9.975001 8.549999 2.100001 443D37 0.5
-9.450001 8.549999 2.100001 443D37 0.5
-8.925001 8.549999 2.100001 443D37 0.5
-8.400001 8.549999 2.100001 443D37 0.5
-7.875001 8.549999 2.100001 443D37 0.5
-7.35 8.549999 2.100001 443D37 0.5
-6.825001 8.549999 2.100001 4F4841 0.5
-6.300001 8.549999 1.575001 443D37 0.5
-5.775001 8.549999 1.575001 443D37 0.5
-5.25 8.549999 1.575001 443D37 0.5
-4.725 8.549999 1.575001 443D37 0.5
-4.2 8.549999 1.575001 443D37 0.5
-3.675 8.549999 1.575001 443D37 0.5
-3.15 8.549999 1.575001 443D37 0.5
-2.625 8.549999 1.575001 443D37 0.5
-2.1 8.549999 1.575001 443D37 0.5
-1.575 8.549999 2.1 443D37 0.5
-1.05 8.549999 2.1 443D37 0.5
-0.5249998 8.549999 2.1 443D37 0.5
2.384186E-07 8.549999 2.1 443D37 0.5
0.5250003 8.549999 2.1 443D37 0.5
1.05 8.549999 2.625 4F4841 0.5
1.575001 8.549999 2.625 4F4841 0.5
2.1 8.549999 2.625 4F4841 0.5
2.625 8.549999 2.625 4F4841 0.5
3.150001 8.549999 2.625 443D37 0.5
3.675001 8.549999 2.625 443D37 0.5
-9.975001 9.075 2.100001 443D37 0.5
-9.450001 9.075 2.100001 443D37 0.5
-8.925001 9.075 2.100001 443D37 0.5
-8.400001 9.075 2.100001 443D37 0.5
-7.875001 9.075 2.100001 4F4841 0.5
-7.35 9.075 2.100001 4F4841 0.5
-6.825001 9.075 2.100001 4F4841 0.5
-6.300001 9.075 1.575001 443D37 0.5
-5.775001 9.075 1.575001 443D37 0.5
-5.25 9.075 1.575001 443D37 0.5
-4.725 9.075 1.575001 443D37 0.5
-4.2 9.075 1.575001 443D37 0.5
-3.675 9.075 1.575001 443D37 0.5
-3.15 9.075 1.575001 443D37 0.5
-2.625 9.075 1.575001 443D37 0.5
-2.1 9.075 1.575001 443D37 0.5
-1.575 9.075 2.1 443D37 0.5
-1.05 9.075 2.1 443D37 0.5
-0.5249998 9.075 2.1 443D37 0.5
2.384186E-07 9.075 2.1 443D37 0.5
0.5250003 9.075 2.1 443D37 0.5
1.05 9.075 2.1 443D37 0.5
1.575001 9.075 2.1 4F4841 0.5
2.1 9.075 2.1 4F4841 0.5
2.625 9.075 2.625 4F4841 0.5
3.150001 9.075 2.625 4F4841 0.5
3.675001 9.075 2.625 4F4841 0.5
-9.975001 9.599999 2.100001 443D37 0.5
-9.450001 9.599999 2.100001 443D37 0.5
-8.925001 9.599999 2.100001 4F4841 0.5
-8.400001 9.599999 2.100001 4F4841 0.5
-7.875001 9.599999 2.100001 4F4841 0.5
-7.35 9.599999 2.100001 4F4841 0.5
-6.825001 9.599999 2.100001 4F4841 0.5
-6.300001 9.599999 1.575001 443D37 0.5
-5.775001 9.599999 1.575001 443D37 0.5
-5.25 9.599999 1.575001 443D37 0.5
-4.725 9.599999 1.575001 443D37 0.5
-4.2 9.599999 1.575001 443D37 0.5
-3.675 9.599999 1.575001 443D37 0.5
-3.15 9.599999 1.575001 443D37 0.5
-2.625 9.599999 1.575001 443D37 0.5
-2.1 9.599999 2.1 443D37 0.5
-1.575 9.599999 2.1 443D37 0.5
-1.05 9.599999 2.1 443D37 0.5
-0.5249998 9.599999 2.1 443D37 0.5
2.384186E-07 9.599999 2.1 443D37 0.5
0.5250003 9.599999 2.1 443D37 0.5
1.05 9.599999 2.1 443D37 0.5
1.575001 9.599999 2.1 4F4841 0.5
2.1 9.599999 2.1 4F4841 0.5
2.625 9.599999 2.1 4F4841 0.5
3.150001 9.599999 2.099999 4F4841 0.5
3.675001 9.599999 1.575 443D37 0.5
4.200001 9.599999 1.575 443D37 0.5
-9.450001 10.125 2.100001 4F4841 0.5
-8.925001 10.125 2.100001 4F4841 0.5
-8.400001 10.125 2.100001 4F4841 0.5
-7.875001 10.125 2.100001 4F4841 0.5
-7.35 10.125 2.100001 4F4841 0.5
-6.825001 10.125 1.575001 443D37 0.5
-6.300001 10.125 1.575001 443D37 0.5
-5.775001 10.125 1.575001 443D37 0.5
-5.25 10.125 1.575001 443D37 0.5
-4.725 10.125 1.575001 443D37 0.5
-4.2 10.125 1.575001 443D37 0.5
-3.675 10.125 1.575001 443D37 0.5
-3.15 10.125 1.575001 443D37 0.5
-2.625 10.125 1.575001 443D37 0.5
-2.1 10.125 2.1 443D37 0.5
-1.575 10.125 2.1 443D37 0.5
-1.05 10.125 2.1 443D37 0.5
-0.5249998 10.125 2.1 443D37 0.5
2.384186E-07 10.125 2.1 443D37 0.5
0.5250003 10.125 2.1 443D37 0.5
1.05 10.125 2.1 443D37 0.5
1.575001 10.125 2.1 443D37 0.5
2.1 10.125 2.1 443D37 0.5
2.625 10.125 2.1 443D37 0.5
3.150001 10.125 1.575 443D37 0.5
3.675001 10.125 1.575 443D37 0.5
4.200001 10.125 1.575 443D37 0.5
-9.450001 10.65 2.100001 4F4841 0.5
-8.925001 10.65 2.100001 4F4841 0.5
-8.400001 10.65 2.100001 4F4841 0.5
-7.875001 10.65 2.100001 4F4841 0.5
-7.35 10.65 1.575001 443D37 0.5
-6.825001 10.65 1.575001 443D37 0.5
-6.300001 10.65 1.575001 443D37 0.5
-5.775001 10.65 1.575001 443D37 0.5
-5.25 10.65 1.575001 443D37 0.5
-4.725 10.65 1.575001 443D37 0.5
-4.2 10.65 1.575001 443D37 0.5
-3.675 10.65 1.575001 443D37 0.5
-3.15 10.65 1.575001 443D37 0.5
-2.625 10.65 1.575001 443D37 0.5
-2.1 10.65 2.1 443D37 0.5
-1.575 10.65 2.1 443D37 0.5
-1.05 10.65 2.1 443D37 0.5
-0.5249998 10.65 2.1 443D37 0.5
2.384186E-07 10.65 2.1 443D37 0.5
0.5250003 10.65 2.1 443D37 0.5
1.05 10.65 2.1 443D37 0.5
1.575001 10.65 2.1 443D37 0.5
2.1 10.65 2.1 443D37 0.5
2.625 10.65 1.575 443D37 0.5
3.150001 10.65 1.575 443D37 0.5
3.675001 10.65 1.575 443D37 0.5
4.200001 10.65 1.575 443D37 0.5
-8.925001 11.175 1.575001 443D37 0.5
-8.400001 11.175 1.575001 443D37 0.5
-7.875001 11.175 1.575001 443D37 0.5
-7.35 11.175 1.575001 443D37 0.5
-6.825001 11.175 1.575001 443D37 0.5
-6.300001 11.175 1.575001 443D37 0.5
-5.775001 11.175 1.575001 443D37 0.5
-5.25 11.175 1.575001 443D37 0.5
-4.725 11.175 1.575001 443D37 0.5
-4.2 11.175 1.575001 443D37 0.5
-3.675 11.175 1.575001 443D37 0.5
-3.15 11.175 1.575001 443D37 0.5
-2.625 11.175 2.1 443D37 0.5
-2.1 11.175 2.1 443D37 0.5
-1.575 11.175 2.1 443D37 0.5
-1.05 11.175 2.1 443D37 0.5
-0.5249998 11.175 2.1 443D37 0.5
2.384186E-07 11.175 2.1 443D37 0.5
0.5250003 11.175 2.1 443D37 0.5
1.05 11.175 2.1 443D37 0.5
1.575001 11.175 2.1 443D37 0.5
2.1 11.175 2.1 443D37 0.5
2.625 11.175 1.575 443D37 0.5
3.150001 11.175 1.575 443D37 0.5
3.675001 11.175 1.575 443D37 0.5
4.200001 11.175 1.575 443D37 0.5
4.725 11.175 1.05 443D37 0.5
-8.925001 11.7 0.5250006 443D37 0.5
-8.400001 11.7 1.575001 443D37 0.5
-7.875001 11.7 1.575001 443D37 0.5
-7.35 11.7 1.575001 443D37 0.5
-6.825001 11.7 1.575001 443D37 0.5
-6.300001 11.7 1.575001 443D37 0.5
-5.775001 11.7 1.575001 443D37 0.5
-5.25 11.7 1.575001 443D37 0.5
-4.725 11.7 1.575001 443D37 0.5
-4.2 11.7 1.575001 443D37 0.5
-3.675 11.7 1.575001 443D37 0.5
-3.15 11.7 1.575001 443D37 0.5
-2.625 11.7 2.1 443D37 0.5
-2.1 11.7 2.1 443D37 0.5
-1.575 11.7 2.1 443D37 0.5
-1.05 11.7 2.1 443D37 0.5
-0.5249998 11.7 2.1 443D37 0.5
2.384186E-07 11.7 2.1 443D37 0.5
0.5250003 11.7 2.1 443D37 0.5
1.05 11.7 2.1 443D37 0.5
1.575001 11.7 2.1 443D37 0.5
2.1 11.7 1.575 443D37 0.5
2.625 11.7 1.575 443D37 0.5
3.150001 11.7 1.575 443D37 0.5
3.675001 11.7 1.575 443D37 0.5
4.200001 11.7 1.575 443D37 0.5
4.725 11.7 1.05 443D37 0.5
5.25 11.7 1.05 443D37 0.5
-9.450001 12.225 0.5250006 443D37 0.5
-8.925001 12.225 0.5250006 443D37 0.5
-8.400001 12.225 0.525001 443D37 0.5
-1.575 12.225 2.1 443D37 0.5
-1.05 12.225 2.1 443D37 0.5
-0.5249998 12.225 2.1 443D37 0.5
2.384186E-07 12.225 2.1 443D37 0.5
0.5250003 12.225 2.1 443D37 0.5
1.05 12.225 2.1 443D37 0.5
1.575001 12.225 1.575 443D37 0.5
2.1 12.225 1.575 443D37 0.5
2.625 12.225 1.575 443D37 0.5
3.150001 12.225 1.575 443D37 0.5
3.675001 12.225 1.575 443D37 0.5
4.2 12.225 1.05 443D37 0.5
4.725 12.225 1.05 443D37 0.5
5.25 12.225 1.05 443D37 0.5
5.775001 12.225 1.05 443D37 0.5
7.875001 12.225 0.5249987 AD7452 0.5
8.400001 12.225 0.5249987 AD7452 0.5
8.925001 12.225 0.5249987 2C2B29 0.5
9.450001 12.225 0.5249987 B58256 0.5
9.975001 12.225 0.5249987 B58256 0.5
-9.450001 12.75 0.5250006 443D37 0.5
-8.925001 12.75 0.5250006 443D37 0.5
1.575001 12.75 1.575 443D37 0.5
2.1 12.75 1.575 443D37 0.5
2.625 12.75 1.575 443D37 0.5
3.150001 12.75 1.575 443D37 0.5
3.675001 12.75 1.575 443D37 0.5
4.2 12.75 1.05 443D37 0.5
4.725 12.75 1.05 443D37 0.5
5.25 12.75 1.05 443D37 0.5
5.775001 12.75 1.05 282421 0.5
6.300001 12.75 1.574999 282421 0.5
6.825001 12.75 1.574999 B58256 0.5
7.350001 12.75 1.049999 B58256 0.5
7.875001 12.75 1.049999 AD7452 0.5
8.400001 12.75 0.5249987 B58256 0.5
8.925001 12.75 0.5249987 B58256 0.5
9.450001 12.75 0.5249987 B58256 0.5
9.975001 12.75 0.5249987 B58256 0.5
10.5 12.75 0.5249987 2C2B29 0.5
-9.450001 13.275 0.5250006 443D37 0.5
2.1 13.275 1.575 443D37 0.5
2.625 13.275 1.575 443D37 0.5
3.150001 13.275 1.575 443D37 0.5
3.675001 13.275 1.049999 443D37 0.5
4.2 13.275 1.05 443D37 0.5
4.725 13.275 1.05 443D37 0.5
5.25 13.275 1.05 443D37 0.5
5.775001 13.275 1.575 282421 0.5
6.300001 13.275 1.574999 443D37 0.5
6.825001 13.275 1.574999 443D37 0.5
7.350001 13.275 1.574999 443D37 0.5
7.875001 13.275 1.049999 B58256 0.5
8.400001 13.275 1.049999 AD7452 0.5
8.925001 13.275 0.5249987 B58256 0.5
9.450001 13.275 0.5249987 B58256 0.5
2.625 13.8 1.575 443D37 0.5
3.150001 13.8 1.575 443D37 0.5
3.675001 13.8 1.049999 443D37 0.5
4.2 13.8 1.05 443D37 0.5
4.725 13.8 1.05 443D37 0.5
5.25 13.8 1.05 282421 0.5
5.775001 13.8 1.575 443D37 0.5
6.300001 13.8 1.574999 443D37 0.5
6.825001 13.8 1.574999 443D37 0.5
7.350001 13.8 1.574999 443D37 0.5
7.875001 13.8 1.049999 443D37 0.5
8.400001 13.8 1.049999 36302C 0.5
8.925001 13.8 0.5249987 B58256 0.5
3.675001 14.325 1.049999 443D37 0.5
4.2 14.325 1.05 443D37 0.5
4.725 14.325 1.05 443D37 0.5
5.250001 14.325 1.575 282421 0.5
5.775001 14.325 1.575 443D37 0.5
6.300001 14.325 1.574999 443D37 0.5
6.825001 14.325 1.574999 443D37 0.5
7.350001 14.325 1.574999 443D37 0.5
7.875001 14.325 1.049999 000000 0.5
8.400001 14.325 1.049999 443D37 0.5
4.725 14.85 1.05 282421 0.5
5.250001 14.85 1.575 443D37 0.5
5.775001 14.85 1.575 443D37 0.5
6.300001 14.85 1.574999 443D37 0.5
6.825001 14.85 1.574999 443D37 0.5
7.350001 14.85 1.574999 443D37 0.5
7.875001 14.85 1.049999 443D37 0.5
5.250001 15.375 1.575 443D37 0.5
5.775001 15.375 1.575 443D37 0.5
6.300001 15.375 1.574999 443D37 0.5
6.825001 15.375 1.574999 443D37 0.5
7.350001 15.375 1.574999 443D37 0.5
5.775001 15.9 1.575 443D37 0.5
6.300001 15.9 1.574999 A26747 0.5
6.825001 15.9 1.049999 443D37 0.5
5.775001 16.425 2.099999 443D37 0.5
6.300001 16.425 1.574999 A26747 0.5
6.825001 16.425 1.049999 443D37 0.5
5.775001 16.95 2.099999 36302C 0.5
6.300001 16.95 2.099999 A26747 0.5
6.300001 17.475 2.099999 4F4841 0.5
-8.400001 0.15 2.100001 94573F 0.5
-7.875001 4.875 2.100001 36302C 0.5
-6.300001 8.025 2.100001 36302C 0.5
1.05 5.4 2.1 36302C 0.5
1.575001 1.725 2.1 AD7452 0.5
2.1 0.15 2.1 94573F 0.5
2.625 0.15 2.1 94573F 0.5
3.150001 0.15 2.099999 94573F 0.5
3.675001 8.549999 2.1 36302C 0.5
-9.450001 0.15 -1.049999 B58256 0.5
-8.925001 0.15 -1.049999 B58256 0.5
-8.400001 0.15 -1.049999 B58256 0.5
-9.450001 0.675 -1.049999 B58256 0.5
-8.925001 0.675 -1.049999 B58256 0.5
-8.400001 3.825 2.100001 36302C 0.5
-8.400001 0.675 -1.049999 B58256 0.5
2.1 0.675 -1.05 B58256 0.5
2.625 0.675 -1.05 B58256 0.5
3.150001 7.5 2.099999 36302C 0.5
3.150001 0.675 -1.050001 B58256 0.5
-9.450001 1.2 -1.049999 B58256 0.5
1.575001 1.2 2.1 AD7452 0.5
-8.925001 2.775 2.100001 282421 0.5
-8.925001 1.2 -1.049999 B58256 0.5
2.1 1.2 -1.575001 B58256 0.5
2.625 1.2 -1.575001 B58256 0.5
3.150001 1.2 2.099999 AD7452 0.5
-9.975001 1.725 2.100001 AD7452 0.5
-9.450001 1.725 -1.049999 B58256 0.5
-8.925001 1.725 2.100001 AD7452 0.5
2.1 1.725 -1.05 B58256 0.5
2.625 6.45 2.1 36302C 0.5
2.625 1.725 2.1 AD7452 0.5
-9.975001 2.25 2.100001 AD7452 0.5
-9.450001 2.25 -1.049999 B58256 0.5
-8.925001 2.25 2.100001 AD7452 0.5
1.575 2.25 -1.05 B58256 0.5
2.1 2.25 -1.05 B58256 0.5
2.625 2.25 2.1 AD7452 0.5
-9.975001 2.775 2.100001 AD7452 0.5
-9.450001 2.775 -1.049999 B58256 0.5
1.575 2.775 -1.05 B58256 0.5
2.1 2.775 -1.05 B58256 0.5
2.625 2.775 2.1 AD7452 0.5
-9.975001 3.3 2.100001 AD7452 0.5
-9.450001 6.45 2.100001 36302C 0.5
-9.450001 3.3 -1.049999 443D37 0.5
1.05 3.3 2.1 AD7452 0.5
-8.925001 3.3 -1.049999 443D37 0.5
1.575 3.3 -1.05 B58256 0.5
2.1 3.3 -1.05 B58256 0.5
2.625 3.3 2.1 AD7452 0.5
-9.450001 3.825 -1.049999 443D37 0.5
1.05 3.825 2.1 36302C 0.5
-8.925001 3.825 -1.049999 443D37 0.5
1.575001 6.45 2.1 282421 0.5
1.575 3.825 -1.05 443D37 0.5
2.1 6.45 2.1 282421 0.5
2.1 3.825 -1.05 443D37 0.5
2.625 3.825 2.1 36302C 0.5
-9.450001 4.35 -1.049999 443D37 0.5
1.05 4.35 2.1 36302C 0.5
-8.925001 4.35 -1.049999 443D37 0.5
-8.400001 4.35 -1.049999 443D37 0.5
1.575 4.35 -1.05 443D37 0.5
2.1 4.35 -1.05 443D37 0.5
2.625 4.35 2.1 36302C 0.5
-9.450001 4.875 2.100001 36302C 0.5
-8.925001 4.875 -1.049999 443D37 0.5
1.05 4.875 2.1 36302C 0.5
-8.400001 4.875 -1.049999 443D37 0.5
1.575 4.875 -1.05 443D37 0.5
2.1 4.875 -1.05 443D37 0.5
2.625 4.875 2.1 36302C 0.5
-8.925001 5.4 -1.049999 443D37 0.5
-8.400001 5.4 -1.049999 443D37 0.5
-7.875001 5.4 -1.049999 443D37 0.5
1.575 5.4 -1.05 443D37 0.5
2.1 5.4 -1.05 443D37 0.5
2.625 5.4 2.1 36302C 0.5
-8.925001 5.925 -1.049999 443D37 0.5
-8.400001 5.925 -1.049999 443D37 0.5
1.05 5.925 2.1 36302C 0.5
-7.875001 5.925 -1.049999 443D37 0.5
-7.350001 5.925 -1.049999 443D37 0.5
1.05 6.45 2.1 282421 0.5
1.05 5.925 -1.05 443D37 0.5
1.575 5.925 -1.05 443D37 0.5
2.1 5.925 -1.05 443D37 0.5
2.625 5.925 2.1 36302C 0.5
-8.925001 6.45 -1.049999 443D37 0.5
-8.400001 6.45 -1.049999 443D37 0.5
-7.875001 6.45 -1.049999 443D37 0.5
-7.350001 6.45 -1.049999 443D37 0.5
-6.825001 6.45 2.100001 36302C 0.5
1.05 6.45 1.575 443D37 0.5
1.575001 6.45 1.575 443D37 0.5
2.1 6.45 1.575 443D37 0.5
-9.450001 6.975 -1.049999 443D37 0.5
1.05 6.975 2.1 36302C 0.5
-8.925001 6.975 -1.049999 443D37 0.5
-8.400001 6.975 -1.049999 443D37 0.5
-7.875001 6.975 -1.049999 443D37 0.5
-7.350001 6.975 -1.049999 443D37 0.5
-6.825001 6.975 -1.049999 443D37 0.5
1.05 6.975 1.575 443D37 0.5
1.575001 6.975 2.1 443D37 0.5
1.575001 6.975 1.575 443D37 0.5
2.1 6.975 2.1 443D37 0.5
2.1 6.975 1.575 443D37 0.5
2.625 6.975 1.575 443D37 0.5
2.625 6.975 2.1 36302C 0.5
-9.975001 7.5 2.100001 36302C 0.5
-9.450001 7.5 -1.049999 443D37 0.5
-8.925001 7.5 -1.049999 443D37 0.5
-8.400001 7.5 -1.049999 443D37 0.5
-7.875001 7.5 -1.049999 443D37 0.5
-7.350001 7.5 -1.049999 443D37 0.5
-6.825001 7.5 1.575001 443D37 0.5
-6.300001 7.5 2.100001 36302C 0.5
1.05 7.5 2.1 443D37 0.5
1.575001 7.5 2.1 443D37 0.5
2.1 7.5 2.1 443D37 0.5
2.625 7.5 1.575 443D37 0.5
3.150001 7.5 1.575 443D37 0.5
-9.975001 8.025 -1.049999 443D37 0.5
-9.450001 8.025 -1.049999 443D37 0.5
-8.925001 8.025 1.575001 443D37 0.5
-8.400001 8.025 1.575001 443D37 0.5
-7.875001 8.025 1.575001 443D37 0.5
-7.35 8.025 1.575001 443D37 0.5
-6.825001 8.025 1.575001 443D37 0.5
1.05 8.025 2.1 443D37 0.5
1.575001 8.025 2.1 443D37 0.5
2.1 8.025 2.1 443D37 0.5
2.625 8.025 2.1 443D37 0.5
3.150001 8.025 2.099999 443D37 0.5
-9.975001 8.549999 -1.049999 443D37 0.5
1.05 8.549999 2.1 443D37 0.5
-9.450001 8.549999 1.575001 443D37 0.5
-8.925001 8.549999 1.575001 443D37 0.5
-8.400001 8.549999 1.575001 443D37 0.5
-7.875001 8.549999 1.575001 443D37 0.5
-7.35 8.549999 1.575001 443D37 0.5
-6.825001 8.549999 1.575001 443D37 0.5
-6.300001 8.549999 2.100001 443D37 0.5
1.575001 8.549999 2.1 443D37 0.5
2.1 8.549999 2.1 443D37 0.5
2.625 8.549999 2.1 443D37 0.5
3.150001 8.549999 2.099999 443D37 0.5
3.675001 8.549999 1.575 443D37 0.5
-9.975001 9.075 -1.049999 443D37 0.5
-9.450001 9.075 1.575001 443D37 0.5
-8.925001 9.075 1.575001 443D37 0.5
-8.400001 9.075 1.575001 443D37 0.5
-7.875001 9.075 1.575001 443D37 0.5
-7.35 9.075 1.575001 443D37 0.5
-6.825001 9.075 1.575001 443D37 0.5
2.625 9.075 2.1 443D37 0.5
3.150001 9.075 2.099999 443D37 0.5
3.675001 9.075 1.575 443D37 0.5
3.675001 9.075 2.1 443D37 0.5
-9.975001 9.599999 -1.049999 443D37 0.5
-9.450001 9.599999 1.575001 443D37 0.5
-8.925001 9.599999 1.575001 443D37 0.5
-8.400001 9.599999 1.575001 443D37 0.5
-7.875001 9.599999 1.575001 443D37 0.5
-7.35 9.599999 1.575001 443D37 0.5
3.150001 9.599999 1.575 443D37 0.5
-9.975001 10.125 2.100001 443D37 0.5
-9.450001 10.125 1.575001 443D37 0.5
-8.925001 10.125 1.575001 443D37 0.5
3.150001 10.125 2.099999 5A534A 0.5
5.775001 17.475 2.099999 4F4841 0.5
-9.975001 8.025 1.575002 36302C 0.5
-9.450001 0.15 1.575001 94573F 0.5
-8.925001 0.15 1.575001 94573F 0.5
-8.400001 0.15 1.575001 94573F 0.5
-7.875001 4.875 1.575001 36302C 0.5
-7.35 5.925 1.575001 282421 0.5
-6.825001 6.975 1.575001 36302C 0.5
-2.625 6.975 1.575001 282421 0.5
-1.05 6.45 1.575 282421 0.5
-0.5249998 6.45 1.575 282421 0.5
2.384186E-07 6.45 1.575 282421 0.5
0.5250003 6.45 1.575 282421 0.5
1.05 5.4 1.575 36302C 0.5
1.575001 1.725 1.575 AD7452 0.5
2.1 0.15 1.575 94573F 0.5
2.625 0.15 1.575 94573F 0.5
3.150001 0.15 1.575 94573F 0.5
3.675001 8.025 1.575 36302C 0.5
-9.450001 0.675 1.575001 AD7452 0.5
-9.450001 1.2 1.575001 A26747 0.5
-8.925001 0.675 1.575001 AD7452 0.5
2.1 0.675 1.575 AD7452 0.5
-8.400001 3.825 1.575001 36302C 0.5
-8.400001 0.675 1.575001 AD7452 0.5
2.1 1.2 1.575 A26747 0.5
2.625 1.2 1.575 A26747 0.5
2.625 0.675 1.575 B89060 0.5
3.150001 0.675 1.575 AD7452 0.5
-9.450001 3.3 1.575001 282421 0.5
1.575001 1.2 1.575 AD7452 0.5
-8.925001 2.775 1.575001 282421 0.5
-8.925001 1.2 1.575001 AD7452 0.5
2.1 3.825 1.575 282421 0.5
3.150001 1.2 1.575 AD7452 0.5
-9.975001 1.725 1.575002 AD7452 0.5
-8.925001 1.725 1.575001 AD7452 0.5
2.1 1.725 1.575 B89060 0.5
2.625 6.45 1.575 36302C 0.5
2.625 1.725 1.575 AD7452 0.5
-9.975001 2.25 1.575002 AD7452 0.5
1.575001 2.25 1.575 AD7452 0.5
-8.925001 2.25 1.575001 AD7452 0.5
1.575001 3.3 1.575 282421 0.5
2.625 2.25 1.575 AD7452 0.5
-9.975001 2.775 1.575002 AD7452 0.5
1.575001 2.775 1.575 AD7452 0.5
2.625 2.775 1.575 AD7452 0.5
-9.975001 3.3 1.575002 AD7452 0.5
-9.450001 6.45 1.575001 36302C 0.5
1.05 3.3 1.575 AD7452 0.5
-8.925001 5.925 1.575001 282421 0.5
-8.925001 3.3 1.575001 AD7452 0.5
2.625 3.3 1.575 AD7452 0.5
-9.450001 3.825 1.575001 36302C 0.5
1.05 3.825 1.575 36302C 0.5
1.575001 3.825 1.575 B89060 0.5
2.625 3.825 1.575 36302C 0.5
-9.450001 4.35 1.575001 36302C 0.5
1.05 4.35 1.575 36302C 0.5
-8.400001 5.925 1.575001 282421 0.5
-8.400001 4.35 1.575001 36302C 0.5
2.625 4.35 1.575 36302C 0.5
-9.450001 4.875 1.575001 36302C 0.5
1.05 4.875 1.575 36302C 0.5
2.625 4.875 1.575 36302C 0.5
-8.925001 5.4 1.575001 36302C 0.5
-7.875001 5.925 1.575001 282421 0.5
-7.875001 5.4 1.575001 36302C 0.5
2.625 5.4 1.575 36302C 0.5
1.05 5.925 1.575 36302C 0.5
2.625 5.925 1.575 36302C 0.5
-6.825001 6.45 1.575001 36302C 0.5
1.05 12.225 1.575 443D37 0.5
1.05 6.45 -1.05 443D37 0.5
1.575001 11.175 1.575 443D37 0.5
1.575 6.45 -1.05 443D37 0.5
-9.450001 6.975 1.575001 36302C 0.5
-2.1 9.599999 1.575001 36302C 0.5
-1.05 6.975 1.575 443D37 0.5
1.05 6.975 -1.05 443D37 0.5
1.575 6.975 -1.05 443D37 0.5
2.1 10.125 1.575 443D37 0.5
2.1 6.975 -1.05 443D37 0.5
2.625 9.075 1.575 443D37 0.5
2.625 6.975 -1.05 443D37 0.5
-9.975001 7.5 1.575002 36302C 0.5
-2.625 11.175 1.575001 36302C 0.5
-1.05 7.5 1.575 443D37 0.5
0.5250003 7.5 1.575 36302C 0.5
1.05 7.5 -1.05 443D37 0.5
1.575 7.5 -1.05 443D37 0.5
2.1 7.5 -1.05 443D37 0.5
2.625 7.5 -1.05 443D37 0.5
3.150001 8.025 1.575 443D37 0.5
3.150001 7.5 -1.050001 443D37 0.5
-1.575 8.025 1.575001 36302C 0.5
0.5250003 8.025 1.575 36302C 0.5
-1.05 8.025 1.575 443D37 0.5
1.05 8.025 -1.05 443D37 0.5
1.575 8.025 -1.05 443D37 0.5
2.1 8.025 -1.05 443D37 0.5
2.625 8.025 -1.05 443D37 0.5
-9.975001 8.549999 1.575002 36302C 0.5
1.05 8.549999 1.575 443D37 0.5
-1.575 8.549999 1.575001 443D37 0.5
1.05 8.549999 -1.05 443D37 0.5
3.150001 8.549999 1.575 443D37 0.5
1.575 8.549999 -1.05 443D37 0.5
2.1 8.549999 -1.05 443D37 0.5
2.625 8.549999 -1.05 443D37 0.5
3.150001 8.549999 -1.050001 443D37 0.5
3.675 8.549999 -1.05 443D37 0.5
4.200001 8.549999 1.575 36302C 0.5
-9.975001 9.075 1.575002 36302C 0.5
-1.575 9.075 1.575001 443D37 0.5
1.05 9.075 1.575 443D37 0.5
1.575 9.075 -1.05 443D37 0.5
2.1 9.075 -1.05 443D37 0.5
3.150001 9.075 -1.050001 443D37 0.5
3.675 9.075 -1.05 443D37 0.5
3.150001 9.075 1.575 36302C 0.5
4.200001 9.075 1.575 36302C 0.5
-9.975001 9.599999 1.575002 36302C 0.5
-6.825001 9.599999 1.575001 443D37 0.5
1.575001 9.599999 1.575 443D37 0.5
-1.575 9.599999 1.575001 443D37 0.5
1.575 9.599999 -1.05 443D37 0.5
2.625 9.599999 1.575 443D37 0.5
2.1 9.599999 -1.05 443D37 0.5
2.625 9.599999 -1.05 443D37 0.5
3.150001 9.599999 -1.050001 443D37 0.5
-9.975001 10.125 1.575002 443D37 0.5
-8.400001 10.125 1.575001 443D37 0.5
-7.875001 10.125 1.575001 443D37 0.5
-7.35 10.125 1.575001 443D37 0.5
-2.1 10.125 1.575001 36302C 0.5
1.575001 10.125 1.575 5A534A 0.5
2.625 10.125 1.575 5A534A 0.5
-9.450001 10.65 1.575001 443D37 0.5
-8.925001 10.65 1.575001 443D37 0.5
-8.400001 10.65 1.575001 443D37 0.5
-7.875001 10.65 1.575001 443D37 0.5
-2.1 10.65 1.575001 443D37 0.5
2.1 10.65 1.575 443D37 0.5
-2.1 11.175 1.575001 443D37 0.5
2.1 11.175 1.575 36302C 0.5
-2.625 11.7 1.575001 36302C 0.5
1.575001 11.7 1.575 443D37 0.5
-2.1 12.225 1.575001 5A534A 0.5
-2.625 12.225 1.575001 5A534A 0.5
1.05 12.75 1.575 4F4841 0.5
-1.575 12.225 1.575001 5A534A 0.5
-1.05 12.225 1.575 5A534A 0.5
-0.5249998 12.225 1.575 5A534A 0.5
2.384186E-07 12.75 1.575 5A534A 0.5
0.5250003 12.75 1.575 5A534A 0.5
5.250001 15.9 1.575 36302C 0.5
5.775001 15.9 -1.050001 443D37 0.5
5.250001 16.425 1.575 443D37 0.5
5.775001 16.425 -1.575001 443D37 0.5
6.300001 16.425 -1.050001 443D37 0.5
5.775001 16.95 1.575 443D37 0.5
5.775001 16.95 -1.575001 443D37 0.5
6.300001 16.95 -1.575001 443D37 0.5
6.825001 16.95 1.574999 36302C 0.5
6.300001 17.475 1.574999 443D37 0.5
6.300001 17.475 -1.575001 443D37 0.5
6.825001 17.475 1.574999 36302C 0.5
-9.975001 8.025 1.050001 36302C 0.5
-9.450001 3.825 1.050001 443D37 0.5
-8.925001 0.15 1.050001 94573F 0.5
-8.400001 0.15 1.050001 94573F 0.5
-7.875001 4.875 1.050001 36302C 0.5
-7.350001 5.925 1.050001 282421 0.5
-6.825001 6.975 1.050001 36302C 0.5
-6.300001 7.5 1.050001 282421 0.5
-5.775001 8.025 1.050001 282421 0.5
-5.25 8.025 1.050001 282421 0.5
-4.725 7.5 1.050001 282421 0.5
-4.2 7.5 1.050001 282421 0.5
-3.675 7.5 1.05 282421 0.5
-3.150001 7.5 1.050001 282421 0.5
-2.625 6.975 1.05 282421 0.5
-2.1 6.975 1.05 282421 0.5
-1.575 6.975 1.05 282421 0.5
-1.05 6.45 1.05 282421 0.5
-0.5249999 6.45 1.05 282421 0.5
1.192093E-07 6.45 1.05 282421 0.5
0.5250002 6.45 1.05 282421 0.5
1.05 6.45 1.05 282421 0.5
1.575 6.45 1.05 282421 0.5
2.1 6.45 1.05 282421 0.5
2.625 6.975 1.05 36302C 0.5
3.150001 0.15 1.05 94573F 0.5
3.675001 8.025 1.049999 36302C 0.5
4.2 9.599999 1.05 36302C 0.5
6.300001 12.75 1.049999 A26747 0.5
6.825001 12.225 1.049999 A26747 0.5
7.350001 12.225 1.049999 A26747 0.5
-9.450001 0.15 1.050001 B58256 0.5
-9.450001 0.675 1.050001 B58256 0.5
-8.925001 3.3 1.050001 443D37 0.5
-8.925001 0.675 1.050001 B58256 0.5
-8.400001 3.825 1.050001 36302C 0.5
-8.400001 0.675 1.050001 B58256 0.5
2.1 0.675 1.05 B58256 0.5
2.625 0.675 1.05 B58256 0.5
3.150001 7.5 1.05 36302C 0.5
3.150001 0.675 1.05 B58256 0.5
-9.450001 1.2 1.050001 B58256 0.5
-8.925001 1.2 1.050001 B58256 0.5
-9.450001 1.725 1.050001 B58256 0.5
2.1 1.725 1.05 B58256 0.5
-9.450001 2.25 1.050001 B58256 0.5
1.575 2.25 1.05 B58256 0.5
2.1 2.25 1.05 B58256 0.5
-9.450001 2.775 1.050001 B58256 0.5
1.575 2.775 1.05 B58256 0.5
2.1 2.775 1.05 B58256 0.5
-9.450001 3.3 1.050001 443D37 0.5
1.575 3.3 1.05 B58256 0.5
2.1 3.3 1.05 B58256 0.5
-9.450001 6.45 1.050001 36302C 0.5
-8.925001 5.925 1.050001 282421 0.5
1.575 3.825 1.05 443D37 0.5
2.1 3.825 1.05 443D37 0.5
-9.450001 4.35 1.050001 36302C 0.5
-8.400001 5.925 1.050001 282421 0.5
-8.400001 4.35 1.050001 36302C 0.5
1.575 4.35 1.05 443D37 0.5
2.1 4.35 1.05 443D37 0.5
-9.450001 4.875 1.050001 36302C 0.5
1.575 4.875 1.05 443D37 0.5
2.1 4.875 1.05 443D37 0.5
-8.925001 5.4 1.050001 36302C 0.5
-7.875001 5.925 1.050001 282421 0.5
-7.875001 5.4 1.050001 36302C 0.5
1.575 5.4 1.05 443D37 0.5
2.1 5.4 1.05 443D37 0.5
-8.925001 8.025 1.050001 282421 0.5
-8.400001 8.025 1.050001 282421 0.5
-7.875001 7.5 1.050001 282421 0.5
-7.350001 7.5 1.050001 282421 0.5
1.05 5.925 1.05 443D37 0.5
1.575 5.925 1.05 443D37 0.5
2.1 5.925 1.05 443D37 0.5
-6.825001 6.45 1.050001 36302C 0.5
1.05 7.5 1.05 443D37 0.5
1.575 7.5 1.05 443D37 0.5
2.1 7.5 1.05 443D37 0.5
2.1 6.45 -1.05 443D37 0.5
-9.450001 6.975 1.050001 36302C 0.5
-9.450001 8.025 1.050001 282421 0.5
-6.825001 7.5 1.050001 282421 0.5
-2.1 9.599999 1.05 36302C 0.5
-1.575 7.5 1.05 36302C 0.5
-0.5249999 6.975 1.05 443D37 0.5
1.05 6.975 1.05 443D37 0.5
1.575 6.975 1.05 443D37 0.5
2.1 6.975 1.05 443D37 0.5
2.625 8.025 1.05 443D37 0.5
-9.975001 7.5 1.050001 36302C 0.5
-6.825001 7.5 -1.049999 443D37 0.5
-6.300001 8.025 1.050001 36302C 0.5
-2.625 11.175 1.05 36302C 0.5
-1.05 7.5 1.05 443D37 0.5
2.625 7.5 1.05 443D37 0.5
3.150001 8.025 1.05 282421 0.5
-8.925001 8.025 -1.049999 443D37 0.5
-8.400001 8.025 -1.049999 443D37 0.5
-7.875001 8.025 -1.049999 443D37 0.5
-7.350001 8.025 -1.049999 443D37 0.5
-6.825001 8.025 -1.049999 443D37 0.5
-1.575 8.025 1.05 36302C 0.5
0.5250002 8.025 1.05 36302C 0.5
-1.05 8.025 1.05 443D37 0.5
1.05 11.7 1.05 443D37 0.5
1.575 10.65 1.05 443D37 0.5
2.1 9.599999 1.05 443D37 0.5
2.625 8.549999 1.05 443D37 0.5
3.150001 13.8 1.05 36302C 0.5
3.150001 8.025 -1.050001 443D37 0.5
3.675001 8.549999 1.049999 36302C 0.5
-9.975001 8.549999 1.050001 36302C 0.5
-9.450001 8.549999 1.050001 282421 0.5
-9.450001 8.549999 -1.049999 443D37 0.5
-6.825001 8.549999 1.050001 443D37 0.5
-8.925001 8.549999 -1.049999 443D37 0.5
-8.400001 8.549999 -1.049999 443D37 0.5
-7.875001 8.549999 -1.049999 443D37 0.5
-7.350001 8.549999 -1.049999 443D37 0.5
-6.825001 8.549999 -1.049999 443D37 0.5
-2.1 8.549999 1.05 36302C 0.5
-6.300001 8.549999 1.050001 443D37 0.5
1.05 8.549999 1.05 443D37 0.5
-1.05 8.549999 1.05 443D37 0.5
3.675001 12.75 1.049999 36302C 0.5
4.2 8.549999 1.05 36302C 0.5
-9.975001 9.075 1.050001 36302C 0.5
-9.450001 9.075 1.050001 282421 0.5
-9.450001 9.075 -1.049999 443D37 0.5
-6.825001 9.075 1.050001 443D37 0.5
-8.925001 9.075 -1.049999 443D37 0.5
-8.400001 9.075 -1.049999 443D37 0.5
-7.875001 9.075 -1.049999 443D37 0.5
-7.350001 9.075 -1.049999 443D37 0.5
-2.1 9.075 1.05 36302C 0.5
-5.775001 9.075 1.050001 443D37 0.5
1.05 9.075 1.05 443D37 0.5
-1.575 9.075 1.05 443D37 0.5
2.625 9.075 1.05 443D37 0.5
2.625 9.075 -1.05 443D37 0.5
3.150001 9.075 1.05 36302C 0.5
4.2 9.075 1.05 36302C 0.5
-9.975001 9.599999 1.050001 36302C 0.5
-9.450001 9.599999 1.050001 282421 0.5
-9.450001 9.599999 -1.049999 443D37 0.5
-6.825001 9.599999 1.050001 443D37 0.5
-8.925001 9.599999 -1.049999 443D37 0.5
-8.400001 9.599999 -1.049999 443D37 0.5
-7.875001 9.599999 -1.049999 443D37 0.5
-7.350001 9.599999 -1.049999 443D37 0.5
-5.775001 9.599999 1.050001 443D37 0.5
1.575 9.599999 1.05 443D37 0.5
-1.575 9.599999 1.05 443D37 0.5
3.150001 9.599999 1.05 36302C 0.5
3.675001 9.075 1.049999 443D37 0.5
4.2 11.7 1.05 36302C 0.5
-9.975001 10.125 1.050001 443D37 0.5
-9.450001 10.125 -1.049999 443D37 0.5
-6.825001 10.125 1.050001 443D37 0.5
-8.925001 10.125 -1.049999 443D37 0.5
-8.400001 10.125 -1.049999 443D37 0.5
-7.875001 10.125 -1.049999 443D37 0.5
-7.350001 10.125 -1.049999 443D37 0.5
-2.1 10.125 1.05 36302C 0.5
-5.775001 10.125 1.050001 443D37 0.5
2.1 10.125 1.05 443D37 0.5
-1.575 10.125 1.05 443D37 0.5
1.575 10.125 1.05 5A534A 0.5
2.625 10.125 1.05 5A534A 0.5
3.150001 10.125 1.05 5A534A 0.5
4.2 10.125 1.05 36302C 0.5
-9.450001 10.65 1.050001 443D37 0.5
-9.450001 10.65 -1.049999 443D37 0.5
-6.825001 10.65 1.050001 443D37 0.5
-8.925001 10.65 -1.049999 443D37 0.5
-8.400001 10.65 -1.049999 443D37 0.5
-7.875001 10.65 -1.049999 443D37 0.5
-7.350001 10.65 1.050001 4F4841 0.5
-7.875001 10.65 1.050001 4F4841 0.5
-2.625 10.65 1.05 36302C 0.5
-5.775001 10.65 1.050001 443D37 0.5
-2.1 10.65 1.05 443D37 0.5
2.625 10.65 1.05 36302C 0.5
4.725 10.65 1.05 36302C 0.5
-9.450001 11.175 1.050001 4F4841 0.5
-8.925001 11.175 1.050001 4F4841 0.5
-8.925001 11.175 0.5250006 443D37 0.5
-6.825001 11.175 1.050001 443D37 0.5
-8.400001 10.65 1.050001 4F4841 0.5
-8.400001 11.175 0.525001 443D37 0.5
-5.775001 11.175 1.050001 443D37 0.5
1.575 11.175 1.05 443D37 0.5
-2.1 11.175 1.05 443D37 0.5
4.2 11.175 1.05 36302C 0.5
2.1 11.175 1.05 36302C 0.5
-8.400001 11.7 1.050001 4F4841 0.5
-8.400001 11.7 0.525001 443D37 0.5
-6.300001 11.7 1.050001 443D37 0.5
-7.875001 11.7 0.525001 443D37 0.5
-2.625 11.7 1.05 36302C 0.5
-5.775001 11.7 1.050001 443D37 0.5
2.1 11.7 1.05 36302C 0.5
3.675 11.7 0.5249994 36302C 0.5
-2.1 12.225 1.05 5A534A 0.5
-7.875001 12.225 1.050001 5A534A 0.5
-7.350001 12.225 1.050001 5A534A 0.5
-6.825001 12.225 1.050001 5A534A 0.5
-6.300001 12.225 1.050001 5A534A 0.5
-5.25 11.7 1.050001 5A534A 0.5
-4.725 11.7 1.050001 5A534A 0.5
-4.2 11.7 1.050001 5A534A 0.5
-3.675 11.7 1.05 5A534A 0.5
-3.150001 11.7 1.050001 5A534A 0.5
-2.625 12.225 1.05 5A534A 0.5
1.05 12.225 1.05 443D37 0.5
3.675001 12.225 1.049999 36302C 0.5
1.575 12.225 1.05 36302C 0.5
1.05 12.75 1.05 4F4841 0.5
-1.575 12.225 1.05 5A534A 0.5
-1.05 12.225 1.05 5A534A 0.5
-0.5249999 12.225 1.05 5A534A 0.5
1.192093E-07 12.75 1.05 5A534A 0.5
0.5250002 12.75 1.05 5A534A 0.5
5.775001 14.85 1.05 443D37 0.5
6.300001 15.375 1.049999 A26747 0.5
2.1 13.275 1.05 4F4841 0.5
1.575 12.75 1.05 4F4841 0.5
3.150001 13.275 1.05 36302C 0.5
3.150001 13.275 0.5249996 36302C 0.5
5.775001 13.275 1.05 443D37 0.5
2.625 13.8 1.05 4F4841 0.5
5.25 14.85 1.05 443D37 0.5
5.775001 13.8 0.5249996 443D37 0.5
3.150001 14.325 1.05 4F4841 0.5
5.25 14.325 1.05 443D37 0.5
4.2 14.85 1.05 4F4841 0.5
5.25 14.85 -1.050001 443D37 0.5
8.400001 14.85 1.049999 443D37 0.5
4.725 15.375 1.05 4F4841 0.5
5.25 15.375 1.05 443D37 0.5
5.25 15.375 -1.050001 443D37 0.5
5.775001 15.375 -0.5250006 443D37 0.5
6.300001 15.375 -0.525001 443D37 0.5
6.825001 15.375 0.5249991 443D37 0.5
7.875001 15.375 1.049999 5A534A 0.5
5.775001 15.9 1.05 443D37 0.5
5.25 15.9 1.05 4F4841 0.5
6.300001 15.9 1.049999 625D52 0.5
6.300001 15.9 -0.525001 443D37 0.5
7.350001 15.9 1.049999 625D52 0.5
6.300001 16.425 1.049999 443D37 0.5
5.775001 16.425 1.575 443D37 0.5
6.825001 16.425 -1.050001 36302C 0.5
6.300001 16.95 1.574999 443D37 0.5
-9.450001 8.025 0.5250006 282421 0.5
-8.925001 8.025 0.5250006 282421 0.5
-8.400001 8.025 0.525001 282421 0.5
-7.875001 7.5 0.525001 282421 0.5
-7.350001 7.5 0.525001 282421 0.5
-6.825001 7.5 0.525001 282421 0.5
-6.300001 7.5 0.525001 282421 0.5
-5.775001 8.025 0.5250006 282421 0.5
-5.25 8.025 0.5250006 282421 0.5
-4.725 7.5 0.5250006 282421 0.5
-4.2 7.5 0.5250006 282421 0.5
-3.675 7.5 0.5250006 282421 0.5
-3.150001 7.5 0.5250006 282421 0.5
-2.625 6.975 0.5250003 282421 0.5
-2.1 6.975 0.5250003 282421 0.5
-1.575 6.975 0.5250003 282421 0.5
-1.05 6.45 0.5250002 282421 0.5
-0.525 6.45 0.5250001 282421 0.5
5.960464E-08 6.45 0.525 282421 0.5
0.5250001 6.45 0.5249999 282421 0.5
1.05 6.45 0.525 282421 0.5
1.575 6.45 0.5249999 282421 0.5
2.1 6.45 0.5249999 282421 0.5
2.625 6.975 0.5249999 36302C 0.5
3.150001 7.5 0.5249996 36302C 0.5
3.675 8.025 0.5249994 36302C 0.5
4.2 9.599999 0.5249996 36302C 0.5
4.725 11.175 0.5249996 36302C 0.5
5.25 11.7 0.5249996 36302C 0.5
5.775001 12.225 0.5249996 36302C 0.5
6.300001 12.75 0.5249991 A26747 0.5
6.825001 12.225 0.5249991 A26747 0.5
7.350001 12.225 0.5249991 A26747 0.5
10.5 12.225 0.5249987 080808 0.5
-8.925001 3.825 1.050001 443D37 0.5
-8.925001 4.35 1.050001 443D37 0.5
-8.925001 4.875 1.050001 443D37 0.5
-8.400001 4.875 1.050001 443D37 0.5
-8.400001 5.4 1.050001 443D37 0.5
-8.925001 6.45 1.050001 443D37 0.5
-8.400001 6.45 1.050001 443D37 0.5
-7.875001 6.45 1.050001 443D37 0.5
-7.350001 6.45 1.050001 443D37 0.5
1.05 11.7 0.525 443D37 0.5
1.575 10.65 0.5249999 443D37 0.5
2.1 9.599999 0.5249999 443D37 0.5
-8.925001 6.975 1.050001 443D37 0.5
-8.400001 6.975 1.050001 443D37 0.5
-7.875001 6.975 1.050001 443D37 0.5
-7.350001 6.975 1.050001 443D37 0.5
-2.1 9.599999 0.5250003 36302C 0.5
-1.575 7.5 0.5250003 36302C 0.5
-0.525 6.975 0.5250001 443D37 0.5
2.625 8.549999 0.5249999 443D37 0.5
-9.450001 7.5 1.050001 443D37 0.5
-8.925001 7.5 1.050001 443D37 0.5
-8.400001 7.5 1.050001 443D37 0.5
-6.825001 8.549999 0.525001 443D37 0.5
-6.300001 8.025 0.525001 282421 0.5
-2.625 11.175 0.5250003 36302C 0.5
-1.05 7.5 0.5250002 443D37 0.5
3.150001 8.025 0.5249996 282421 0.5
-7.875001 8.025 1.050001 443D37 0.5
-7.350001 8.025 1.050001 443D37 0.5
-6.825001 8.025 1.050001 443D37 0.5
-1.575 8.025 0.5250003 36302C 0.5
-1.05 8.025 0.5250002 443D37 0.5
1.05 8.025 1.05 443D37 0.5
1.575 8.025 1.05 443D37 0.5
2.1 8.025 1.05 443D37 0.5
3.150001 12.75 0.5249996 36302C 0.5
-9.450001 8.549999 0.5250006 282421 0.5
-8.925001 8.549999 1.050001 443D37 0.5
-8.400001 8.549999 1.050001 443D37 0.5
-7.875001 8.549999 1.050001 443D37 0.5
-7.350001 8.549999 1.050001 443D37 0.5
-2.1 8.549999 0.5250003 36302C 0.5
-6.300001 8.549999 0.525001 443D37 0.5
-1.05 8.549999 0.5250002 443D37 0.5
1.575 8.549999 1.05 443D37 0.5
2.1 8.549999 1.05 443D37 0.5
3.150001 8.549999 1.05 443D37 0.5
3.675 8.549999 0.5249994 36302C 0.5
4.2 8.549999 0.5249996 36302C 0.5
-9.450001 9.075 0.5250006 282421 0.5
-6.825001 9.075 0.525001 443D37 0.5
-8.925001 9.075 1.050001 443D37 0.5
-8.400001 9.075 1.050001 443D37 0.5
-7.875001 9.075 1.050001 443D37 0.5
-7.350001 9.075 1.050001 443D37 0.5
-6.825001 9.075 -1.049999 443D37 0.5
-2.1 9.075 0.5250003 36302C 0.5
-5.775001 9.075 0.5250006 443D37 0.5
2.625 9.075 0.5249999 443D37 0.5
-1.575 9.075 0.5250003 443D37 0.5
1.575 9.075 1.05 443D37 0.5
2.1 9.075 1.05 443D37 0.5
3.150001 9.075 0.5249996 36302C 0.5
4.2 9.075 0.5249996 36302C 0.5
-9.450001 9.599999 0.5250006 282421 0.5
-6.825001 9.599999 0.525001 443D37 0.5
-8.925001 9.599999 1.050001 443D37 0.5
-8.400001 9.599999 1.050001 443D37 0.5
-7.875001 9.599999 1.050001 443D37 0.5
-7.350001 9.599999 1.050001 443D37 0.5
-6.825001 9.599999 -1.049999 443D37 0.5
-5.775001 9.599999 0.5250006 443D37 0.5
-1.575 9.599999 0.5250003 443D37 0.5
2.625 9.599999 1.05 443D37 0.5
3.150001 9.599999 0.5249996 36302C 0.5
4.2 10.65 0.5249996 282421 0.5
-9.450001 10.125 0.5250006 282421 0.5
-9.450001 10.125 1.050001 443D37 0.5
-6.825001 10.125 0.525001 443D37 0.5
-8.925001 10.125 1.050001 443D37 0.5
-8.400001 10.125 1.050001 443D37 0.5
-7.875001 10.125 1.050001 443D37 0.5
-7.350001 10.125 1.050001 443D37 0.5
-2.1 10.125 0.5250003 36302C 0.5
-5.775001 10.125 0.5250006 443D37 0.5
2.1 10.125 0.5249999 443D37 0.5
-1.575 10.125 0.5250003 443D37 0.5
2.625 10.125 0.5249999 36302C 0.5
4.2 10.125 0.5249996 36302C 0.5
-9.450001 10.65 0.5250006 282421 0.5
-6.825001 10.65 0.525001 443D37 0.5
-8.925001 10.65 1.050001 443D37 0.5
-2.625 10.65 0.5250003 36302C 0.5
-5.775001 10.65 0.5250006 443D37 0.5
-2.1 10.65 0.5250003 443D37 0.5
2.625 10.65 0.5249999 36302C 0.5
4.725 10.65 0.5249996 36302C 0.5
-9.450001 11.175 0.5250006 4F4841 0.5
-6.825001 11.175 0.525001 443D37 0.5
-5.775001 11.175 0.5250006 443D37 0.5
1.575 11.175 0.5249999 443D37 0.5
-2.1 11.175 0.5250003 443D37 0.5
3.675 11.175 0.5249994 36302C 0.5
2.1 11.175 0.5249999 36302C 0.5
4.725 13.8 0.5249996 1B1918 0.5
-6.300001 11.7 0.525001 443D37 0.5
-2.625 11.7 0.5250003 36302C 0.5
-5.775001 11.7 0.5250006 443D37 0.5
2.1 11.7 0.5249999 36302C 0.5
4.725 11.7 0.5249996 443D37 0.5
5.25 12.75 0.5249996 1B1918 0.5
-2.1 12.225 0.5250003 5A534A 0.5
-7.875001 12.225 0.525001 5A534A 0.5
-7.350001 12.225 0.525001 5A534A 0.5
-6.825001 12.225 0.525001 5A534A 0.5
-6.300001 12.225 0.525001 5A534A 0.5
-5.25 11.7 0.5250006 5A534A 0.5
-4.725 11.7 0.5250006 5A534A 0.5
-4.2 11.7 0.5250006 5A534A 0.5
-3.675 11.7 0.5250006 5A534A 0.5
-3.150001 11.7 0.5250006 5A534A 0.5
-2.625 12.225 0.5250003 5A534A 0.5
1.05 12.225 0.525 443D37 0.5
3.675 12.225 0.5249994 36302C 0.5
1.575 12.225 0.5249999 36302C 0.5
4.2 12.225 0.5249996 443D37 0.5
1.05 12.75 0.525 4F4841 0.5
-1.575 12.225 0.5250003 5A534A 0.5
-1.05 12.225 0.5250002 5A534A 0.5
-0.525 12.225 0.5250001 5A534A 0.5
5.960464E-08 12.75 0.525 5A534A 0.5
0.5250001 12.75 0.5249999 5A534A 0.5
4.2 12.75 0.5249996 443D37 0.5
7.350001 12.75 0.5249991 6B2E25 0.5
6.300001 15.375 0.5249991 443D37 0.5
7.875001 12.75 0.5249987 7B3329 0.5
2.1 13.275 0.5249999 4F4841 0.5
1.575 12.75 0.5249999 4F4841 0.5
5.25 13.275 0.5249996 1B1918 0.5
4.2 13.275 0.5249996 443D37 0.5
6.300001 13.275 0.5249991 36302C 0.5
9.975001 13.275 0.5249987 B89060 0.5
2.625 13.8 0.5249999 4F4841 0.5
3.150001 13.8 0.5249996 36302C 0.5
3.675 13.8 0.5249994 443D37 0.5
9.450001 13.8 0.5249987 4F4841 0.5
3.150001 14.325 0.5249996 4F4841 0.5
3.675 14.325 0.5249994 443D37 0.5
4.725 14.325 0.5249996 1B1918 0.5
5.775001 14.325 0.5249996 36302C 0.5
8.925001 14.325 0.5249987 443D37 0.5
4.2 14.85 0.5249996 4F4841 0.5
5.25 14.85 0.5249996 36302C 0.5
8.400001 14.85 0.5249987 5A534A 0.5
4.725 15.375 0.5249996 4F4841 0.5
5.775001 15.375 0.5249996 443D37 0.5
6.825001 15.375 -9.536743E-07 443D37 0.5
7.350001 15.375 0.5249991 36302C 0.5
7.875001 15.375 0.5249987 5A534A 0.5
6.825001 15.9 0.5249991 443D37 0.5
5.25 15.9 0.5249996 4F4841 0.5
5.775001 15.9 0.5249996 625D52 0.5
6.300001 15.9 0.5249991 625D52 0.5
6.825001 15.9 -0.525001 443D37 0.5
7.350001 15.9 0.5249991 625D52 0.5
-9.450001 8.025 9.536743E-07 282421 0.5
-8.925001 8.025 9.536743E-07 282421 0.5
-8.400001 8.025 9.536743E-07 282421 0.5
-7.875001 7.5 9.536743E-07 282421 0.5
-7.350001 7.5 9.536743E-07 282421 0.5
-6.825001 7.5 9.536743E-07 282421 0.5
-6.300001 7.5 9.536743E-07 282421 0.5
-5.775001 8.025 4.768372E-07 282421 0.5
-5.25 8.025 4.768372E-07 282421 0.5
-4.725 7.5 4.768372E-07 282421 0.5
-4.2 7.5 4.768372E-07 282421 0.5
-3.675 7.5 4.768372E-07 282421 0.5
-3.150001 7.5 4.768372E-07 282421 0.5
-2.625 6.975 2.384186E-07 282421 0.5
-2.1 6.975 2.384186E-07 282421 0.5
-1.575 6.975 2.384186E-07 282421 0.5
-1.05 6.45 1.192093E-07 282421 0.5
-0.525 6.45 5.960464E-08 282421 0.5
0 6.45 0 282421 0.5
0.525 6.45 -5.960464E-08 282421 0.5
1.05 6.45 -1.192093E-07 282421 0.5
1.575 6.45 -2.384186E-07 282421 0.5
2.1 6.45 -2.384186E-07 282421 0.5
2.625 6.975 -2.384186E-07 36302C 0.5
3.150001 7.5 -4.768372E-07 36302C 0.5
3.675 8.025 -4.768372E-07 36302C 0.5
4.2 9.599999 -4.768372E-07 36302C 0.5
4.725 11.175 -4.768372E-07 36302C 0.5
5.25 11.7 -4.768372E-07 36302C 0.5
5.775001 12.225 -4.768372E-07 36302C 0.5
6.300001 12.75 -9.536743E-07 A26747 0.5
6.825001 12.225 -9.536743E-07 A26747 0.5
7.350001 12.225 -9.536743E-07 A26747 0.5
7.875001 12.225 -9.536743E-07 94573F 0.5
8.400001 12.225 -9.536743E-07 94573F 0.5
8.925001 11.7 -9.536743E-07 94573F 0.5
9.450001 11.7 -9.536743E-07 94573F 0.5
9.975001 11.7 -9.536743E-07 1E1D1B 0.5
10.5 12.225 -9.536743E-07 080808 0.5
1.05 11.7 -1.192093E-07 443D37 0.5
1.575 10.65 -2.384186E-07 443D37 0.5
2.1 9.599999 -2.384186E-07 443D37 0.5
-2.1 9.599999 2.384186E-07 36302C 0.5
-1.575 7.5 2.384186E-07 36302C 0.5
-0.525 6.975 5.960464E-08 443D37 0.5
2.625 8.549999 -2.384186E-07 443D37 0.5
-6.825001 8.549999 9.536743E-07 443D37 0.5
-6.300001 8.025 9.536743E-07 282421 0.5
-2.625 11.175 2.384186E-07 36302C 0.5
-1.05 7.5 1.192093E-07 443D37 0.5
3.150001 8.025 -4.768372E-07 282421 0.5
-8.925001 11.175 9.536743E-07 36302C 0.5
-8.400001 11.175 9.536743E-07 282421 0.5
-7.875001 11.175 9.536743E-07 282421 0.5
-1.575 8.025 2.384186E-07 36302C 0.5
-1.05 8.025 1.192093E-07 443D37 0.5
3.150001 12.75 -4.768372E-07 36302C 0.5
3.675 11.7 -4.768372E-07 36302C 0.5
-9.450001 8.549999 9.536743E-07 282421 0.5
-9.450001 11.7 9.536743E-07 36302C 0.5
-2.1 8.549999 2.384186E-07 36302C 0.5
-6.300001 8.549999 9.536743E-07 443D37 0.5
-1.05 8.549999 1.192093E-07 443D37 0.5
3.675 8.549999 -4.768372E-07 36302C 0.5
4.2 8.549999 -4.768372E-07 36302C 0.5
-9.450001 9.075 9.536743E-07 282421 0.5
-6.825001 9.075 9.536743E-07 443D37 0.5
-2.1 9.075 2.384186E-07 36302C 0.5
-5.775001 9.075 4.768372E-07 443D37 0.5
2.625 9.075 -2.384186E-07 443D37 0.5
-1.575 9.075 2.384186E-07 443D37 0.5
3.150001 9.075 -4.768372E-07 36302C 0.5
4.2 9.075 -4.768372E-07 36302C 0.5
-9.450001 9.599999 9.536743E-07 282421 0.5
-6.825001 9.599999 9.536743E-07 443D37 0.5
-5.775001 9.599999 4.768372E-07 443D37 0.5
-1.575 9.599999 2.384186E-07 443D37 0.5
3.150001 9.599999 -4.768372E-07 36302C 0.5
4.2 10.65 -4.768372E-07 282421 0.5
-9.450001 10.125 9.536743E-07 282421 0.5
-6.825001 10.125 9.536743E-07 443D37 0.5
-2.1 10.125 2.384186E-07 36302C 0.5
-5.775001 10.125 4.768372E-07 443D37 0.5
2.1 10.125 -2.384186E-07 443D37 0.5
-1.575 10.125 2.384186E-07 443D37 0.5
2.625 10.125 -2.384186E-07 36302C 0.5
4.2 10.125 -4.768372E-07 36302C 0.5
-9.450001 10.65 9.536743E-07 282421 0.5
-6.825001 10.65 9.536743E-07 443D37 0.5
-2.625 10.65 2.384186E-07 36302C 0.5
-5.775001 10.65 4.768372E-07 443D37 0.5
-2.1 10.65 2.384186E-07 443D37 0.5
2.625 10.65 -2.384186E-07 36302C 0.5
4.725 10.65 -4.768372E-07 36302C 0.5
-9.450001 11.175 9.536743E-07 4F4841 0.5
-6.825001 11.175 9.536743E-07 443D37 0.5
-5.775001 11.175 4.768372E-07 443D37 0.5
1.575 11.175 -2.384186E-07 443D37 0.5
-2.1 11.175 2.384186E-07 443D37 0.5
3.675 11.175 -4.768372E-07 36302C 0.5
2.1 11.175 -2.384186E-07 36302C 0.5
4.725 13.8 -4.768372E-07 1B1918 0.5
-8.400001 11.7 9.536743E-07 4F4841 0.5
-6.300001 11.7 9.536743E-07 443D37 0.5
-7.875001 11.7 9.536743E-07 4F4841 0.5
-2.625 11.7 2.384186E-07 36302C 0.5
-5.775001 11.7 4.768372E-07 443D37 0.5
2.1 11.7 -2.384186E-07 36302C 0.5
4.725 11.7 -4.768372E-07 443D37 0.5
5.25 12.75 -4.768372E-07 1B1918 0.5
-9.450001 12.225 9.536743E-07 36302C 0.5
-2.1 12.225 2.384186E-07 5A534A 0.5
-7.875001 12.225 9.536743E-07 5A534A 0.5
-8.400001 12.225 9.536743E-07 4F4841 0.5
-7.350001 12.225 9.536743E-07 5A534A 0.5
-6.825001 12.225 9.536743E-07 5A534A 0.5
-6.300001 12.225 9.536743E-07 5A534A 0.5
-5.25 11.7 4.768372E-07 5A534A 0.5
-4.725 11.7 4.768372E-07 5A534A 0.5
-4.2 11.7 4.768372E-07 5A534A 0.5
-3.675 11.7 4.768372E-07 5A534A 0.5
-3.150001 11.7 4.768372E-07 5A534A 0.5
-2.625 12.225 2.384186E-07 5A534A 0.5
1.05 12.225 -1.192093E-07 443D37 0.5
3.675 12.225 -4.768372E-07 36302C 0.5
1.575 12.225 -2.384186E-07 36302C 0.5
4.2 12.225 -4.768372E-07 443D37 0.5
9.450001 12.225 -9.536743E-07 5F2821 0.5
8.925001 12.225 -9.536743E-07 5F2821 0.5
9.975001 12.225 -9.536743E-07 121110 0.5
-9.975001 12.75 9.536743E-07 36302C 0.5
1.05 12.75 -1.192093E-07 4F4841 0.5
-8.925001 12.75 9.536743E-07 4F4841 0.5
-1.575 12.225 2.384186E-07 5A534A 0.5
-1.05 12.225 1.192093E-07 5A534A 0.5
-0.525 12.225 5.960464E-08 5A534A 0.5
0 12.75 0 5A534A 0.5
0.525 12.75 -5.960464E-08 5A534A 0.5
4.2 12.75 -4.768372E-07 443D37 0.5
7.350001 12.75 -9.536743E-07 6B2E25 0.5
8.400001 12.75 -9.536743E-07 7B3329 0.5
7.875001 12.75 -9.536743E-07 7B3329 0.5
10.5 12.75 -9.536743E-07 393937 0.5
-9.450001 13.275 9.536743E-07 36302C 0.5
2.1 13.275 -2.384186E-07 4F4841 0.5
-8.925001 13.275 9.536743E-07 4F4841 0.5
1.575 12.75 -2.384186E-07 4F4841 0.5
3.150001 13.275 -4.768372E-07 36302C 0.5
5.25 13.275 -4.768372E-07 1B1918 0.5
4.2 13.275 -4.768372E-07 443D37 0.5
6.300001 13.275 -9.536743E-07 36302C 0.5
9.975001 13.275 -9.536743E-07 4F4841 0.5
2.625 13.8 -2.384186E-07 4F4841 0.5
3.150001 13.8 -4.768372E-07 36302C 0.5
3.675 13.8 -4.768372E-07 443D37 0.5
5.775001 13.8 -4.768372E-07 36302C 0.5
9.450001 13.8 -9.536743E-07 4F4841 0.5
8.925001 13.8 -9.536743E-07 4F4841 0.5
3.150001 14.325 -4.768372E-07 4F4841 0.5
3.675 14.325 -4.768372E-07 443D37 0.5
4.725 14.325 -4.768372E-07 1B1918 0.5
5.775001 14.325 -4.768372E-07 36302C 0.5
8.925001 14.325 -9.536743E-07 443D37 0.5
4.2 14.85 -4.768372E-07 4F4841 0.5
5.25 14.85 -4.768372E-07 36302C 0.5
8.400001 14.85 -9.536743E-07 5A534A 0.5
4.725 15.375 -4.768372E-07 4F4841 0.5
7.875001 15.375 -9.536743E-07 5A534A 0.5
5.25 15.9 -4.768372E-07 4F4841 0.5
5.775001 15.9 -4.768372E-07 625D52 0.5
6.300001 15.9 -9.536743E-07 625D52 0.5
6.825001 15.9 -9.536743E-07 625D52 0.5
7.350001 15.9 -9.536743E-07 625D52 0.5
-9.450001 8.025 -0.5249987 282421 0.5
-8.925001 8.025 -0.5249987 282421 0.5
-8.400001 8.025 -0.5249987 282421 0.5
-7.875001 7.5 -0.5249987 282421 0.5
-7.350001 7.5 -0.5249991 282421 0.5
-6.825001 7.5 -0.5249991 282421 0.5
-6.300001 7.5 -0.5249991 282421 0.5
-5.775001 8.025 -0.5249996 282421 0.5
-5.25 8.025 -0.5249996 282421 0.5
-4.725 7.5 -0.5249996 282421 0.5
-4.2 7.5 -0.5249996 282421 0.5
-3.675 7.5 -0.5249994 282421 0.5
-3.150001 7.5 -0.5249996 282421 0.5
-2.625 6.975 -0.5249999 282421 0.5
-2.1 6.975 -0.5249999 282421 0.5
-1.575 6.975 -0.5249999 282421 0.5
-1.05 6.45 -0.525 282421 0.5
-0.5250001 6.45 -0.5249999 282421 0.5
-5.960464E-08 6.45 -0.525 282421 0.5
0.525 6.45 -0.5250001 282421 0.5
1.05 6.45 -0.5250002 282421 0.5
1.575 6.45 -0.5250003 282421 0.5
2.1 6.45 -0.5250003 282421 0.5
2.625 6.975 -0.5250003 36302C 0.5
3.150001 7.5 -0.5250006 36302C 0.5
3.675 8.025 -0.5250006 36302C 0.5
4.2 9.599999 -0.5250006 36302C 0.5
4.725 11.175 -0.5250006 36302C 0.5
5.25 11.7 -0.5250006 36302C 0.5
5.775001 12.225 -0.5250006 36302C 0.5
6.300001 12.75 -0.525001 A26747 0.5
6.825001 12.225 -0.525001 A26747 0.5
7.350001 12.225 -0.525001 A26747 0.5
7.875001 12.225 -0.525001 94573F 0.5
8.400001 12.225 -0.525001 94573F 0.5
8.925001 12.225 -0.5250006 121110 0.5
9.450001 12.225 -0.5250006 121110 0.5
9.975001 12.225 -0.5250006 121110 0.5
10.5 12.225 -0.5250006 080808 0.5
1.05 11.7 -0.5250002 443D37 0.5
1.575 10.65 -0.5250003 443D37 0.5
2.1 9.599999 -0.5250003 443D37 0.5
-2.1 9.599999 -0.5249999 36302C 0.5
-1.575 7.5 -0.5249999 36302C 0.5
-0.5250001 6.975 -0.5249999 443D37 0.5
2.625 8.549999 -0.5250003 443D37 0.5
-6.825001 8.549999 -0.5249991 443D37 0.5
-6.300001 8.025 -0.5249991 282421 0.5
-2.625 11.175 -0.5249999 36302C 0.5
-1.05 7.5 -0.525 443D37 0.5
3.150001 8.025 -0.5250006 282421 0.5
-1.575 8.025 -0.5249999 36302C 0.5
-1.05 8.025 -0.525 443D37 0.5
3.150001 12.75 -0.5250006 36302C 0.5
3.675 11.7 -0.5250006 36302C 0.5
-9.450001 8.549999 -0.5249987 282421 0.5
-2.1 8.549999 -0.5249999 36302C 0.5
-6.300001 8.549999 -0.5249991 443D37 0.5
-1.05 8.549999 -0.525 443D37 0.5
3.675 8.549999 -0.5250006 36302C 0.5
4.2 8.549999 -0.5250006 36302C 0.5
-9.450001 9.075 -0.5249987 282421 0.5
-6.825001 9.075 -0.5249991 443D37 0.5
-2.1 9.075 -0.5249999 36302C 0.5
-5.775001 9.075 -0.5249996 443D37 0.5
2.625 9.075 -0.5250003 443D37 0.5
-1.575 9.075 -0.5249999 443D37 0.5
3.150001 9.075 -0.5250006 36302C 0.5
4.2 9.075 -0.5250006 36302C 0.5
-9.450001 9.599999 -0.5249987 282421 0.5
-6.825001 9.599999 -0.5249991 443D37 0.5
-5.775001 9.599999 -0.5249996 443D37 0.5
-1.575 9.599999 -0.5249999 443D37 0.5
3.150001 9.599999 -0.5250006 36302C 0.5
4.2 10.65 -0.5250006 282421 0.5
-9.450001 10.125 -0.5249987 282421 0.5
-6.825001 10.125 -0.5249991 443D37 0.5
-2.1 10.125 -0.5249999 36302C 0.5
-5.775001 10.125 -0.5249996 443D37 0.5
2.1 10.125 -0.5250003 443D37 0.5
-1.575 10.125 -0.5249999 443D37 0.5
2.625 10.125 -0.5250003 36302C 0.5
4.2 10.125 -0.5250006 36302C 0.5
-9.450001 10.65 -0.5249987 282421 0.5
-6.825001 10.65 -0.5249991 443D37 0.5
-2.625 10.65 -0.5249999 36302C 0.5
-5.775001 10.65 -0.5249996 443D37 0.5
-2.1 10.65 -0.5249999 443D37 0.5
2.625 10.65 -0.5250003 36302C 0.5
4.725 10.65 -0.5250006 36302C 0.5
-9.450001 11.175 -0.5249987 4F4841 0.5
-8.925001 11.175 -0.5249987 443D37 0.5
-6.825001 11.175 -0.5249991 443D37 0.5
-8.400001 11.175 -0.5249987 443D37 0.5
-5.775001 11.175 -0.5249996 443D37 0.5
1.575 11.175 -0.5250003 443D37 0.5
-2.1 11.175 -0.5249999 443D37 0.5
3.675 11.175 -0.5250006 36302C 0.5
2.1 11.175 -0.5250003 36302C 0.5
4.725 13.8 -0.5250006 1B1918 0.5
-8.400001 11.7 -0.5249987 4F4841 0.5
-8.925001 11.7 -0.5249987 443D37 0.5
-6.300001 11.7 -0.5249991 443D37 0.5
-7.875001 11.7 -0.5249987 443D37 0.5
-2.625 11.7 -0.5249999 36302C 0.5
-5.775001 11.7 -0.5249996 443D37 0.5
2.1 11.7 -0.5250003 36302C 0.5
4.725 11.7 -0.5250006 443D37 0.5
5.25 12.75 -0.5250006 1B1918 0.5
-2.1 12.225 -0.5249999 5A534A 0.5
-9.450001 12.225 -0.5249987 443D37 0.5
-8.925001 12.225 -0.5249987 443D37 0.5
-8.400001 12.225 -0.5249987 443D37 0.5
-7.875001 12.225 -0.5249987 5A534A 0.5
-7.350001 12.225 -0.5249991 5A534A 0.5
-6.825001 12.225 -0.5249991 5A534A 0.5
-6.300001 12.225 -0.5249991 5A534A 0.5
-5.25 11.7 -0.5249996 5A534A 0.5
-4.725 11.7 -0.5249996 5A534A 0.5
-4.2 11.7 -0.5249996 5A534A 0.5
-3.675 11.7 -0.5249994 5A534A 0.5
-3.150001 11.7 -0.5249996 5A534A 0.5
-2.625 12.225 -0.5249999 5A534A 0.5
1.05 12.225 -0.5250002 443D37 0.5
3.675 12.225 -0.5250006 36302C 0.5
1.575 12.225 -0.5250003 36302C 0.5
4.2 12.225 -0.5250006 443D37 0.5
1.05 12.75 -0.5250002 4F4841 0.5
-9.450001 12.75 -0.5249987 443D37 0.5
-8.925001 12.75 -0.5249987 443D37 0.5
-1.575 12.225 -0.5249999 5A534A 0.5
-1.05 12.225 -0.525 5A534A 0.5
-0.5250001 12.225 -0.5249999 5A534A 0.5
-5.960464E-08 12.75 -0.525 5A534A 0.5
0.525 12.75 -0.5250001 5A534A 0.5
4.2 12.75 -0.5250006 443D37 0.5
7.350001 12.75 -0.525001 6B2E25 0.5
6.825001 15.375 -0.525001 443D37 0.5
8.400001 12.75 -0.525001 7B3329 0.5
7.875001 12.75 -0.525001 7B3329 0.5
10.5 12.75 -0.5250006 393937 0.5
2.1 13.275 -0.5250003 4F4841 0.5
-9.450001 13.275 -0.5249987 443D37 0.5
1.575 12.75 -0.5250003 4F4841 0.5
3.150001 13.275 -0.5250006 36302C 0.5
5.25 13.275 -0.5250006 1B1918 0.5
4.2 13.275 -0.5250006 443D37 0.5
6.300001 13.275 -0.525001 36302C 0.5
9.975001 13.275 -0.5250006 B89060 0.5
2.625 13.8 -0.5250003 4F4841 0.5
3.150001 13.8 -0.5250006 36302C 0.5
3.675 13.8 -0.5250006 443D37 0.5
5.775001 13.8 -0.5250006 36302C 0.5
9.450001 13.8 -0.5250006 4F4841 0.5
8.925001 13.8 -0.5250006 4F4841 0.5
3.150001 14.325 -0.5250006 4F4841 0.5
3.675 14.325 -0.5250006 443D37 0.5
4.725 14.325 -0.5250006 1B1918 0.5
5.775001 14.325 -0.5250006 36302C 0.5
8.925001 14.325 -0.5250006 443D37 0.5
4.2 14.85 -0.5250006 4F4841 0.5
5.25 14.85 -0.5250006 36302C 0.5
8.400001 14.85 -0.525001 5A534A 0.5
4.725 15.375 -0.5250006 4F4841 0.5
7.350001 15.375 -0.525001 36302C 0.5
7.875001 15.375 -0.525001 5A534A 0.5
5.25 15.9 -0.5250006 4F4841 0.5
5.775001 15.9 -0.5250006 625D52 0.5
7.350001 15.9 -0.525001 625D52 0.5
-7.875001 4.875 -1.049999 36302C 0.5
-6.300001 7.5 -1.049999 282421 0.5
-5.775001 8.025 -1.05 282421 0.5
-5.25 8.025 -1.05 282421 0.5
-4.725 7.5 -1.05 282421 0.5
-4.2 7.5 -1.05 282421 0.5
-3.675001 7.5 -1.049999 282421 0.5
-3.150001 7.5 -1.05 282421 0.5
-2.625 6.975 -1.05 282421 0.5
-2.1 6.975 -1.05 282421 0.5
-1.575 6.975 -1.05 282421 0.5
-1.05 6.45 -1.05 282421 0.5
-0.5250002 6.45 -1.05 282421 0.5
-1.192093E-07 6.45 -1.05 282421 0.5
0.5249999 6.45 -1.05 282421 0.5
3.150001 0.15 -1.050001 94573F 0.5
3.675 8.025 -1.05 36302C 0.5
4.2 9.599999 -1.050001 36302C 0.5
4.725 11.175 -1.050001 36302C 0.5
5.25 11.7 -1.050001 36302C 0.5
5.775001 12.225 -1.050001 36302C 0.5
6.300001 12.75 -1.050001 A26747 0.5
6.825001 12.225 -1.050001 A26747 0.5
7.350001 12.225 -1.050001 A26747 0.5
7.875001 12.75 -1.050001 AD7452 0.5
-8.400001 3.825 -1.049999 36302C 0.5
-9.450001 6.45 -1.049999 36302C 0.5
-9.450001 4.875 -1.049999 36302C 0.5
-6.825001 6.45 -1.049999 36302C 0.5
-2.1 9.599999 -1.05 36302C 0.5
-1.575 7.5 -1.05 36302C 0.5
-0.5250002 6.975 -1.05 443D37 0.5
-9.975001 7.5 -1.049999 36302C 0.5
-6.300001 8.025 -1.049999 36302C 0.5
-2.625 11.175 -1.05 36302C 0.5
-1.05 7.5 -1.05 443D37 0.5
-1.575 8.025 -1.05 36302C 0.5
0.5249999 8.025 -1.05 36302C 0.5
-1.05 8.025 -1.05 443D37 0.5
1.05 11.7 -1.05 443D37 0.5
1.575 10.65 -1.05 443D37 0.5
3.150001 13.8 -1.050001 36302C 0.5
-2.1 8.549999 -1.05 36302C 0.5
-6.300001 8.549999 -1.049999 443D37 0.5
-1.05 8.549999 -1.05 443D37 0.5
3.675 12.75 -1.05 36302C 0.5
4.2 8.549999 -1.050001 36302C 0.5
-2.1 9.075 -1.05 36302C 0.5
-5.775001 9.075 -1.05 443D37 0.5
1.05 9.075 -1.05 443D37 0.5
-1.575 9.075 -1.05 443D37 0.5
4.2 9.075 -1.050001 36302C 0.5
-5.775001 9.599999 -1.05 443D37 0.5
-1.575 9.599999 -1.05 443D37 0.5
4.2 11.7 -1.050001 36302C 0.5
-9.975001 10.125 -1.049999 443D37 0.5
-6.825001 10.125 -1.049999 443D37 0.5
-2.1 10.125 -1.05 36302C 0.5
-5.775001 10.125 -1.05 443D37 0.5
2.1 10.125 -1.05 443D37 0.5
-1.575 10.125 -1.05 443D37 0.5
1.575 10.125 -1.05 5A534A 0.5
2.625 10.125 -1.05 5A534A 0.5
3.150001 10.125 -1.050001 5A534A 0.5
4.2 10.125 -1.050001 36302C 0.5
-6.825001 10.65 -1.049999 443D37 0.5
-7.350001 10.65 -1.049999 4F4841 0.5
-2.625 10.65 -1.05 36302C 0.5
-5.775001 10.65 -1.05 443D37 0.5
-2.1 10.65 -1.05 443D37 0.5
2.625 10.65 -1.05 36302C 0.5
4.725 10.65 -1.050001 36302C 0.5
-9.450001 11.175 -1.049999 4F4841 0.5
-8.925001 11.175 -1.049999 4F4841 0.5
-6.825001 11.175 -1.049999 443D37 0.5
-5.775001 11.175 -1.05 443D37 0.5
1.575 11.175 -1.05 443D37 0.5
-2.1 11.175 -1.05 443D37 0.5
4.2 11.175 -1.050001 36302C 0.5
2.1 11.175 -1.05 36302C 0.5
4.725 14.325 -1.050001 282421 0.5
-8.400001 11.7 -1.049999 4F4841 0.5
-6.300001 11.7 -1.049999 443D37 0.5
-2.625 11.7 -1.05 36302C 0.5
-5.775001 11.7 -1.05 443D37 0.5
2.1 11.7 -1.05 36302C 0.5
4.725 11.7 -1.050001 443D37 0.5
5.25 13.275 -1.050001 282421 0.5
-2.1 12.225 -1.05 5A534A 0.5
-7.875001 12.225 -1.049999 5A534A 0.5
-7.350001 12.225 -1.049999 5A534A 0.5
-6.825001 12.225 -1.049999 5A534A 0.5
-6.300001 12.225 -1.049999 5A534A 0.5
-5.25 11.7 -1.05 5A534A 0.5
-4.725 11.7 -1.05 5A534A 0.5
-4.2 11.7 -1.05 5A534A 0.5
-3.675001 11.7 -1.049999 5A534A 0.5
-3.150001 11.7 -1.05 5A534A 0.5
-2.625 12.225 -1.05 5A534A 0.5
1.05 12.225 -1.05 443D37 0.5
3.675 12.225 -1.05 36302C 0.5
1.575 12.225 -1.05 36302C 0.5
4.2 12.225 -1.050001 443D37 0.5
1.05 12.75 -1.05 4F4841 0.5
-1.575 12.225 -1.05 5A534A 0.5
-1.05 12.225 -1.05 5A534A 0.5
-0.5250002 12.225 -1.05 5A534A 0.5
-1.192093E-07 12.75 -1.05 5A534A 0.5
0.5249999 12.75 -1.05 5A534A 0.5
5.775001 12.75 -1.050001 282421 0.5
4.2 12.75 -1.050001 443D37 0.5
5.775001 14.85 -1.050001 443D37 0.5
6.300001 15.375 -1.050001 A26747 0.5
6.825001 15.9 -1.050001 443D37 0.5
8.925001 12.75 -0.5250006 B58256 0.5
9.450001 12.75 -0.5250006 B58256 0.5
9.975001 12.75 -0.5250006 B58256 0.5
2.1 13.275 -1.05 4F4841 0.5
1.575 12.75 -1.05 4F4841 0.5
3.150001 13.275 -1.050001 36302C 0.5
4.2 13.275 -1.050001 443D37 0.5
5.775001 13.275 -1.050001 443D37 0.5
8.400001 13.275 -1.050001 AD7452 0.5
7.875001 13.275 -1.050001 AD7452 0.5
8.925001 13.275 -0.5250006 B58256 0.5
9.450001 13.275 -0.5250006 B58256 0.5
2.625 13.8 -1.05 4F4841 0.5
5.25 13.8 -1.050001 282421 0.5
3.675 13.8 -1.05 443D37 0.5
8.400001 13.8 -1.050001 36302C 0.5
7.875001 13.8 -1.050001 443D37 0.5
3.150001 14.325 -1.050001 4F4841 0.5
5.25 14.325 -1.050001 443D37 0.5
8.400001 14.325 -1.050001 443D37 0.5
4.2 14.85 -1.050001 4F4841 0.5
3.675 14.325 -1.05 4F4841 0.5
4.725 14.85 -1.050001 443D37 0.5
8.400001 14.85 -1.050001 443D37 0.5
4.725 15.375 -1.050001 4F4841 0.5
7.875001 15.375 -1.050001 5A534A 0.5
5.25 15.9 -1.050001 4F4841 0.5
6.300001 15.9 -1.050001 625D52 0.5
7.350001 15.9 -1.050001 625D52 0.5
-9.975001 8.025 -1.575 36302C 0.5
-9.450001 0.15 -1.574999 94573F 0.5
-8.925001 0.15 -1.574999 94573F 0.5
-8.400001 0.15 -1.575 94573F 0.5
-7.875001 4.875 -1.575 36302C 0.5
-7.350001 5.925 -1.574999 282421 0.5
-6.825001 6.975 -1.574999 36302C 0.5
-6.300001 8.025 -1.574999 36302C 0.5
-3.675001 9.075 -1.575 443D37 0.5
-3.150001 7.5 -1.575 282421 0.5
-2.625 6.975 -1.575 282421 0.5
-2.1 6.975 -1.575 282421 0.5
-1.575001 6.975 -1.575 282421 0.5
-1.05 6.45 -1.575 282421 0.5
-0.5250003 6.45 -1.575 282421 0.5
-2.384186E-07 6.45 -1.575 282421 0.5
0.5249998 6.45 -1.575 282421 0.5
1.05 5.4 -1.575 36302C 0.5
1.575 1.725 -1.575001 AD7452 0.5
2.1 0.15 -1.575001 94573F 0.5
2.625 0.15 -1.575001 94573F 0.5
3.15 0.15 -1.575001 94573F 0.5
3.675 8.025 -1.575001 36302C 0.5
5.775001 15.9 -1.575001 443D37 0.5
6.300001 12.75 -1.575001 282421 0.5
-9.450001 0.675 -1.574999 AD7452 0.5
-9.450001 1.2 -1.574999 A26747 0.5
-8.925001 0.675 -1.574999 AD7452 0.5
2.1 0.675 -1.575001 AD7452 0.5
-8.400001 3.825 -1.575 36302C 0.5
-8.400001 0.675 -1.575 AD7452 0.5
3.15 7.5 -1.575001 36302C 0.5
2.625 0.675 -1.575001 B89060 0.5
3.15 0.675 -1.575001 AD7452 0.5
-9.450001 3.3 -1.574999 282421 0.5
1.575 1.2 -1.575001 AD7452 0.5
-8.925001 2.775 -1.574999 282421 0.5
-8.925001 1.2 -1.574999 AD7452 0.5
2.1 3.825 -1.575001 282421 0.5
3.15 1.2 -1.575001 AD7452 0.5
-9.975001 1.725 -1.575 AD7452 0.5
-8.925001 1.725 -1.574999 AD7452 0.5
2.1 1.725 -1.575001 B89060 0.5
2.625 6.45 -1.575001 36302C 0.5
2.625 1.725 -1.575001 AD7452 0.5
-9.975001 2.25 -1.575 AD7452 0.5
1.575 2.25 -1.575001 AD7452 0.5
-8.925001 2.25 -1.574999 AD7452 0.5
1.575 3.3 -1.575001 282421 0.5
2.625 2.25 -1.575001 AD7452 0.5
-9.975001 2.775 -1.575 AD7452 0.5
1.575 2.775 -1.575001 AD7452 0.5
2.625 2.775 -1.575001 AD7452 0.5
-9.975001 3.3 -1.575 AD7452 0.5
-9.450001 6.45 -1.574999 36302C 0.5
1.05 3.3 -1.575 AD7452 0.5
-8.925001 5.925 -1.574999 282421 0.5
-8.925001 3.3 -1.574999 AD7452 0.5
2.625 3.3 -1.575001 AD7452 0.5
-9.450001 3.825 -1.574999 36302C 0.5
1.05 3.825 -1.575 36302C 0.5
1.575 6.45 -1.575001 443D37 0.5
1.575 3.825 -1.575001 B89060 0.5
2.1 6.45 -1.575001 282421 0.5
2.625 3.825 -1.575001 36302C 0.5
-9.450001 4.35 -1.574999 36302C 0.5
1.05 4.35 -1.575 36302C 0.5
-8.400001 5.925 -1.575 282421 0.5
-8.400001 4.35 -1.575 36302C 0.5
2.625 4.35 -1.575001 36302C 0.5
-9.450001 4.875 -1.574999 36302C 0.5
1.05 4.875 -1.575 36302C 0.5
2.625 4.875 -1.575001 36302C 0.5
-8.925001 5.4 -1.574999 36302C 0.5
-7.875001 5.925 -1.575 282421 0.5
-7.875001 5.4 -1.575 36302C 0.5
2.625 5.4 -1.575001 36302C 0.5
1.05 5.925 -1.575 36302C 0.5
1.05 6.45 -1.575 282421 0.5
2.625 5.925 -1.575001 36302C 0.5
-6.825001 6.45 -1.574999 36302C 0.5
1.575 11.175 -1.575001 443D37 0.5
-9.450001 6.975 -1.574999 36302C 0.5
-2.1 9.599999 -1.575 36302C 0.5
-1.575001 7.5 -1.575 36302C 0.5
-1.05 6.975 -1.575 443D37 0.5
1.05 6.975 -1.575 36302C 0.5
1.575 6.975 -1.575001 443D37 0.5
2.1 10.125 -1.575001 443D37 0.5
2.1 6.975 -1.575001 443D37 0.5
2.625 9.599999 -1.575001 443D37 0.5
2.625 6.975 -1.575001 36302C 0.5
-9.975001 7.5 -1.575 36302C 0.5
-6.825001 7.5 -1.574999 443D37 0.5
-6.300001 7.5 -1.574999 443D37 0.5
-3.675001 7.5 -1.575 443D37 0.5
-2.625 11.175 -1.575 36302C 0.5
-1.05 7.5 -1.575 443D37 0.5
0.5249998 7.5 -1.575 36302C 0.5
3.15 8.549999 -1.575001 443D37 0.5
-3.150001 8.025 -1.575 443D37 0.5
-8.925001 8.025 -1.574999 443D37 0.5
-8.400001 8.025 -1.575 443D37 0.5
-7.875001 8.025 -1.575 443D37 0.5
-7.350001 8.025 -1.574999 443D37 0.5
-6.825001 8.025 -1.574999 443D37 0.5
-5.775001 8.025 -1.575 443D37 0.5
-5.250001 8.025 -1.575 443D37 0.5
-4.725 8.025 -1.575 443D37 0.5
-4.200001 8.025 -1.575 443D37 0.5
-3.675001 8.025 -1.575 443D37 0.5
-1.575001 8.025 -1.575 36302C 0.5
0.5249998 8.025 -1.575 36302C 0.5
-1.05 8.025 -1.575 443D37 0.5
3.15 8.025 -1.575001 443D37 0.5
3.675 8.549999 -1.575001 36302C 0.5
-9.975001 8.549999 -1.575 36302C 0.5
-3.675001 8.549999 -1.575 443D37 0.5
-9.450001 8.549999 -1.574999 443D37 0.5
-8.925001 8.549999 -1.574999 443D37 0.5
-8.400001 8.549999 -1.575 443D37 0.5
-7.875001 8.549999 -1.575 443D37 0.5
-7.350001 8.549999 -1.574999 443D37 0.5
-6.825001 8.549999 -1.574999 443D37 0.5
-6.300001 8.549999 -1.574999 443D37 0.5
-5.775001 8.549999 -1.575 443D37 0.5
-5.250001 8.549999 -1.575 443D37 0.5
-4.725 8.549999 -1.575 443D37 0.5
-4.200001 8.549999 -1.575 443D37 0.5
-2.1 8.549999 -1.575 36302C 0.5
1.05 8.549999 -1.575 443D37 0.5
-1.575001 8.549999 -1.575 443D37 0.5
4.2 8.549999 -1.575001 36302C 0.5
-9.975001 9.075 -1.575 36302C 0.5
-9.450001 9.075 -1.574999 443D37 0.5
-8.925001 9.075 -1.574999 443D37 0.5
-8.400001 9.075 -1.575 443D37 0.5
-7.875001 9.075 -1.575 443D37 0.5
-7.350001 9.075 -1.574999 443D37 0.5
-6.825001 9.075 -1.574999 443D37 0.5
-6.300001 9.075 -1.574999 443D37 0.5
-5.775001 9.075 -1.575 443D37 0.5
-5.250001 9.075 -1.575 443D37 0.5
-4.725 9.075 -1.575 443D37 0.5
-4.200001 9.075 -1.575 443D37 0.5
-2.1 9.075 -1.575 36302C 0.5
-1.575001 9.075 -1.575 443D37 0.5
1.05 9.075 -1.575 443D37 0.5
2.625 9.075 -1.575001 443D37 0.5
3.15 9.075 -1.575001 36302C 0.5
4.2 9.075 -1.575001 36302C 0.5
-9.975001 9.599999 -1.575 36302C 0.5
-3.675001 9.599999 -1.575 443D37 0.5
-9.450001 9.599999 -1.574999 443D37 0.5
-8.925001 9.599999 -1.574999 443D37 0.5
-8.400001 9.599999 -1.575 443D37 0.5
-7.875001 9.599999 -1.575 443D37 0.5
-7.350001 9.599999 -1.574999 443D37 0.5
-6.825001 9.599999 -1.574999 443D37 0.5
-6.300001 9.599999 -1.574999 443D37 0.5
-5.775001 9.599999 -1.575 443D37 0.5
-5.250001 9.599999 -1.575 443D37 0.5
-4.725 9.599999 -1.575 443D37 0.5
-4.200001 9.599999 -1.575 443D37 0.5
1.575 9.599999 -1.575001 443D37 0.5
-1.575001 9.599999 -1.575 443D37 0.5
3.15 9.599999 -1.575001 36302C 0.5
3.675 9.075 -1.575001 443D37 0.5
4.2 9.599999 -1.575001 443D37 0.5
-9.975001 10.125 -1.575 443D37 0.5
-9.450001 10.125 -1.574999 443D37 0.5
-4.200001 10.125 -1.575 443D37 0.5
-8.925001 10.125 -1.574999 443D37 0.5
-8.400001 10.125 -1.575 443D37 0.5
-7.875001 10.125 -1.575 443D37 0.5
-7.350001 10.125 -1.574999 443D37 0.5
-6.825001 10.125 -1.574999 443D37 0.5
-6.300001 10.125 -1.574999 443D37 0.5
-5.775001 10.125 -1.575 443D37 0.5
-5.250001 10.125 -1.575 443D37 0.5
-4.725 10.125 -1.575 443D37 0.5
-2.1 10.125 -1.575 36302C 0.5
1.575 10.125 -1.575001 5A534A 0.5
2.625 10.125 -1.575001 5A534A 0.5
3.15 10.125 -1.575001 5A534A 0.5
4.2 10.125 -1.575001 443D37 0.5
3.675 10.125 -1.575001 443D37 0.5
-9.450001 10.65 -1.574999 443D37 0.5
-4.200001 10.65 -1.575 443D37 0.5
-8.925001 10.65 -1.574999 443D37 0.5
-8.400001 10.65 -1.575 443D37 0.5
-7.875001 10.65 -1.575 443D37 0.5
-7.350001 10.65 -1.574999 4F4841 0.5
-6.825001 10.65 -1.574999 443D37 0.5
-6.300001 10.65 -1.574999 443D37 0.5
-5.775001 10.65 -1.575 443D37 0.5
-5.250001 10.65 -1.575 443D37 0.5
-4.725 10.65 -1.575 443D37 0.5
-2.625 10.65 -1.575 36302C 0.5
-2.1 10.65 -1.575 443D37 0.5
2.1 10.65 -1.575001 443D37 0.5
2.625 10.65 -1.575001 36302C 0.5
3.675 10.65 -1.575001 443D37 0.5
4.2 10.65 -1.575001 443D37 0.5
-4.200001 11.175 -1.575 443D37 0.5
-8.925001 11.175 -1.574999 4F4841 0.5
-8.400001 11.175 -1.575 443D37 0.5
-7.875001 11.175 -1.575 443D37 0.5
-7.350001 11.175 -1.574999 443D37 0.5
-6.825001 11.175 -1.574999 443D37 0.5
-6.300001 11.175 -1.574999 443D37 0.5
-5.775001 11.175 -1.575 443D37 0.5
-5.250001 11.175 -1.575 443D37 0.5
-4.725 11.175 -1.575 443D37 0.5
-2.1 11.175 -1.575 443D37 0.5
2.1 11.175 -1.575001 36302C 0.5
3.675 11.175 -1.575001 443D37 0.5
3.15 11.175 -1.575001 443D37 0.5
4.2 11.175 -1.575001 443D37 0.5
-4.200001 11.7 -1.575 443D37 0.5
-8.400001 11.7 -1.575 443D37 0.5
-7.875001 11.7 -1.575 443D37 0.5
-7.350001 11.7 -1.574999 443D37 0.5
-6.825001 11.7 -1.574999 443D37 0.5
-6.300001 11.7 -1.574999 443D37 0.5
-5.775001 11.7 -1.575 443D37 0.5
-5.250001 11.7 -1.575 443D37 0.5
-4.725 11.7 -1.575 443D37 0.5
-2.625 11.7 -1.575 36302C 0.5
1.575 11.7 -1.575001 443D37 0.5
2.1 11.7 -1.575001 36302C 0.5
3.15 11.7 -1.575001 443D37 0.5
3.675 11.7 -1.575001 443D37 0.5
4.2 11.7 -1.575001 443D37 0.5
-2.1 12.225 -1.575 5A534A 0.5
-3.675001 11.7 -1.575 5A534A 0.5
-3.150001 11.7 -1.575 5A534A 0.5
-2.625 12.225 -1.575 5A534A 0.5
1.05 12.225 -1.575 443D37 0.5
1.575 12.225 -1.575001 36302C 0.5
3.15 12.225 -1.575001 443D37 0.5
2.625 12.225 -1.575001 443D37 0.5
3.675 12.225 -1.575001 443D37 0.5
4.725 12.225 -1.050001 443D37 0.5
5.25 12.225 -1.050001 443D37 0.5
1.05 12.75 -1.575 4F4841 0.5
-1.575001 12.225 -1.575 5A534A 0.5
-1.05 12.225 -1.575 5A534A 0.5
-0.5250003 12.225 -1.575 5A534A 0.5
-2.384186E-07 12.75 -1.575 5A534A 0.5
0.5249998 12.75 -1.575 5A534A 0.5
2.625 12.75 -1.575001 443D37 0.5
3.15 12.75 -1.575001 443D37 0.5
3.675 12.75 -1.575001 443D37 0.5
4.725 12.75 -1.050001 443D37 0.5
5.25 12.75 -1.050001 443D37 0.5
6.300001 16.425 -1.575001 A26747 0.5
6.825001 12.75 -1.575001 B58256 0.5
7.350001 12.75 -1.050001 B58256 0.5
2.1 13.275 -1.575001 4F4841 0.5
1.575 12.75 -1.575001 4F4841 0.5
6.300001 13.275 -1.575001 443D37 0.5
2.625 13.275 -1.575001 443D37 0.5
3.15 13.275 -1.575001 443D37 0.5
3.675 13.275 -1.05 443D37 0.5
4.725 13.275 -1.050001 443D37 0.5
5.775001 13.275 -1.575001 282421 0.5
6.825001 13.275 -1.575001 443D37 0.5
7.35 13.275 -1.575001 443D37 0.5
2.625 13.8 -1.575001 443D37 0.5
3.15 13.8 -1.575001 443D37 0.5
4.2 13.8 -1.050001 443D37 0.5
4.725 13.8 -1.050001 443D37 0.5
5.775001 13.8 -1.575001 443D37 0.5
6.300001 13.8 -1.575001 443D37 0.5
6.825001 13.8 -1.575001 443D37 0.5
7.35 13.8 -1.575001 443D37 0.5
4.2 14.325 -1.050001 443D37 0.5
5.25 14.325 -1.575001 282421 0.5
5.775001 14.325 -1.575001 443D37 0.5
6.300001 14.325 -1.575001 443D37 0.5
6.825001 14.325 -1.575001 443D37 0.5
7.35 14.325 -1.575001 443D37 0.5
7.875001 14.325 -1.050001 000000 0.5
5.25 14.85 -1.575001 443D37 0.5
5.775001 14.85 -1.575001 443D37 0.5
6.300001 14.85 -1.575001 443D37 0.5
6.825001 14.85 -1.575001 443D37 0.5
7.35 14.85 -1.575001 443D37 0.5
7.875001 14.85 -1.050001 443D37 0.5
5.25 15.375 -1.575001 36302C 0.5
5.775001 15.375 -1.575001 443D37 0.5
6.300001 15.375 -1.575001 443D37 0.5
6.825001 15.375 -1.575001 443D37 0.5
7.35 15.375 -1.575001 443D37 0.5
5.25 15.9 -1.575001 36302C 0.5
6.300001 15.9 -1.575001 A26747 0.5
5.25 16.425 -1.575001 443D37 0.5
6.825001 16.95 -1.575001 36302C 0.5
6.825001 17.475 -1.575001 36302C 0.5
-9.975001 8.025 -2.099999 36302C 0.5
-9.450001 0.15 -2.099999 94573F 0.5
-8.925001 0.15 -2.099999 94573F 0.5
-8.400001 0.15 -2.099999 94573F 0.5
-7.875001 4.875 -2.099999 36302C 0.5
-7.350001 5.925 -2.099999 282421 0.5
-6.825001 6.975 -2.099999 36302C 0.5
-6.300001 8.025 -2.099999 36302C 0.5
1.05 5.4 -2.1 36302C 0.5
1.575 1.725 -2.1 AD7452 0.5
2.1 0.15 -2.1 94573F 0.5
2.625 0.15 -2.1 94573F 0.5
3.15 0.15 -2.100001 94573F 0.5
3.675 8.549999 -2.100001 36302C 0.5
5.775001 16.95 -2.100001 36302C 0.5
-9.450001 0.675 -2.099999 AD7452 0.5
-9.450001 1.2 -2.099999 A26747 0.5
-8.925001 0.675 -2.099999 AD7452 0.5
2.1 0.675 -2.1 AD7452 0.5
-8.400001 3.825 -2.099999 36302C 0.5
-8.400001 0.675 -2.099999 AD7452 0.5
2.1 1.2 -2.1 A26747 0.5
2.625 1.2 -2.1 A26747 0.5
3.15 7.5 -2.100001 36302C 0.5
2.625 0.675 -2.1 B89060 0.5
3.15 0.675 -2.100001 AD7452 0.5
-9.450001 3.3 -2.099999 282421 0.5
1.575 1.2 -2.1 AD7452 0.5
-8.925001 2.775 -2.099999 282421 0.5
-8.925001 1.2 -2.099999 AD7452 0.5
2.1 3.825 -2.1 282421 0.5
3.15 1.2 -2.100001 AD7452 0.5
-9.975001 1.725 -2.099999 AD7452 0.5
-8.925001 1.725 -2.099999 AD7452 0.5
2.625 6.45 -2.1 36302C 0.5
2.625 1.725 -2.1 AD7452 0.5
-9.975001 2.25 -2.099999 AD7452 0.5
1.575 2.25 -2.1 AD7452 0.5
-8.925001 2.25 -2.099999 AD7452 0.5
1.575 3.3 -2.1 282421 0.5
2.625 2.25 -2.1 AD7452 0.5
-9.975001 2.775 -2.099999 AD7452 0.5
1.575 2.775 -2.1 AD7452 0.5
2.625 2.775 -2.1 AD7452 0.5
-9.975001 3.3 -2.099999 AD7452 0.5
-9.450001 6.45 -2.099999 36302C 0.5
1.05 3.3 -2.1 AD7452 0.5
-8.925001 5.925 -2.099999 282421 0.5
-8.925001 3.3 -2.099999 AD7452 0.5
2.625 3.3 -2.1 AD7452 0.5
-9.450001 3.825 -2.099999 36302C 0.5
1.05 3.825 -2.1 36302C 0.5
1.575 6.45 -2.1 282421 0.5
1.575 3.825 -2.1 B89060 0.5
2.1 6.45 -2.1 282421 0.5
2.625 3.825 -2.1 36302C 0.5
-9.450001 4.35 -2.099999 36302C 0.5
1.05 4.35 -2.1 36302C 0.5
-8.400001 5.925 -2.099999 282421 0.5
-8.400001 4.35 -2.099999 36302C 0.5
2.625 4.35 -2.1 36302C 0.5
-9.450001 4.875 -2.099999 36302C 0.5
1.05 4.875 -2.1 36302C 0.5
2.625 4.875 -2.1 36302C 0.5
-8.925001 5.4 -2.099999 36302C 0.5
-7.875001 5.925 -2.099999 282421 0.5
-7.875001 5.4 -2.099999 36302C 0.5
2.625 5.4 -2.1 36302C 0.5
1.05 5.925 -2.1 36302C 0.5
1.05 6.45 -2.1 282421 0.5
2.625 5.925 -2.1 36302C 0.5
-6.825001 6.45 -2.099999 36302C 0.5
-9.450001 6.975 -2.099999 36302C 0.5
1.05 6.975 -2.1 36302C 0.5
-1.05 6.975 -2.1 443D37 0.5
-0.5250003 6.975 -2.1 443D37 0.5
-2.384186E-07 6.975 -2.1 443D37 0.5
0.5249998 6.975 -1.575 443D37 0.5
1.575 6.975 -2.1 443D37 0.5
2.1 6.975 -2.1 443D37 0.5
2.625 6.975 -2.1 36302C 0.5
-9.975001 7.5 -2.099999 36302C 0.5
0.5249998 7.5 -2.1 36302C 0.5
-6.300001 7.5 -2.099999 36302C 0.5
-2.625 7.5 -1.575 443D37 0.5
-2.1 7.5 -1.575 443D37 0.5
-1.05 7.5 -2.1 443D37 0.5
-0.5250003 7.5 -2.1 443D37 0.5
-2.384186E-07 7.5 -2.1 443D37 0.5
1.05 7.5 -2.1 443D37 0.5
1.575 7.5 -2.1 443D37 0.5
2.1 7.5 -2.1 443D37 0.5
2.625 7.5 -1.575001 443D37 0.5
0.5249998 8.025 -2.1 36302C 0.5
-2.625 8.025 -1.575 443D37 0.5
-2.1 8.025 -1.575 443D37 0.5
-1.575001 8.025 -2.1 443D37 0.5
-1.05 8.025 -2.1 443D37 0.5
-0.5250003 8.025 -2.1 443D37 0.5
-2.384186E-07 8.025 -2.1 443D37 0.5
1.05 8.025 -2.1 443D37 0.5
1.575 8.025 -2.1 443D37 0.5
2.1 8.025 -2.1 443D37 0.5
2.625 8.025 -2.1 443D37 0.5
3.15 8.025 -2.100001 443D37 0.5
3.675 8.025 -2.100001 443D37 0.5
-9.975001 8.549999 -2.099999 36302C 0.5
1.05 8.549999 -2.1 443D37 0.5
-6.300001 8.549999 -2.099999 443D37 0.5
-3.150001 8.549999 -1.575 443D37 0.5
-2.625 8.549999 -1.575 443D37 0.5
-1.575001 8.549999 -2.1 443D37 0.5
-1.05 8.549999 -2.1 443D37 0.5
-0.5250003 8.549999 -2.1 443D37 0.5
-2.384186E-07 8.549999 -2.1 443D37 0.5
0.5249998 8.549999 -2.1 443D37 0.5
1.575 8.549999 -2.1 443D37 0.5
2.1 8.549999 -2.1 443D37 0.5
2.625 8.549999 -2.1 443D37 0.5
3.15 8.549999 -2.100001 443D37 0.5
-9.975001 9.075 -2.099999 36302C 0.5
1.05 9.075 -2.1 443D37 0.5
-6.825001 9.075 -2.099999 443D37 0.5
-3.150001 9.075 -1.575 443D37 0.5
-2.625 9.075 -1.575 443D37 0.5
-1.575001 9.075 -2.1 443D37 0.5
-1.05 9.075 -2.1 443D37 0.5
-0.5250003 9.075 -2.1 443D37 0.5
-2.384186E-07 9.075 -2.1 443D37 0.5
0.5249998 9.075 -2.1 443D37 0.5
1.575 9.075 -2.1 443D37 0.5
2.1 9.075 -2.1 443D37 0.5
2.625 9.075 -2.1 443D37 0.5
3.15 9.075 -2.100001 443D37 0.5
3.675 9.075 -2.100001 443D37 0.5
-9.975001 9.599999 -2.099999 36302C 0.5
1.575 9.599999 -2.1 443D37 0.5
-6.825001 9.599999 -2.099999 4F4841 0.5
-7.350001 9.599999 -2.099999 4F4841 0.5
-3.150001 9.599999 -1.575 443D37 0.5
-2.625 9.599999 -1.575 443D37 0.5
-2.1 9.599999 -2.1 443D37 0.5
-1.575001 9.599999 -2.1 443D37 0.5
-1.05 9.599999 -2.1 443D37 0.5
-0.5250003 9.599999 -2.1 443D37 0.5
-2.384186E-07 9.599999 -2.1 443D37 0.5
0.5249998 9.599999 -2.1 443D37 0.5
1.05 9.599999 -2.1 443D37 0.5
2.1 9.599999 -2.1 443D37 0.5
2.625 9.599999 -2.1 443D37 0.5
3.675 9.599999 -1.575001 443D37 0.5
3.15 9.599999 -2.100001 443D37 0.5
-9.975001 10.125 -2.099999 443D37 0.5
-8.400001 10.125 -2.099999 4F4841 0.5
-7.875001 9.599999 -2.099999 4F4841 0.5
-7.875001 10.125 -2.099999 4F4841 0.5
-7.350001 10.125 -2.099999 4F4841 0.5
-3.675001 10.125 -1.575 443D37 0.5
-3.150001 10.125 -1.575 443D37 0.5
-2.625 10.125 -1.575 443D37 0.5
-2.1 10.125 -2.1 443D37 0.5
-1.575001 10.125 -2.1 443D37 0.5
-1.05 10.125 -2.1 443D37 0.5
-0.5250003 10.125 -2.1 443D37 0.5
-2.384186E-07 10.125 -2.1 443D37 0.5
0.5249998 10.125 -2.1 443D37 0.5
1.05 10.125 -2.1 443D37 0.5
1.575 10.125 -2.1 5A534A 0.5
2.1 10.125 -2.1 5A534A 0.5
2.625 10.125 -2.1 5A534A 0.5
3.15 10.125 -2.100001 5A534A 0.5
-9.450001 10.65 -2.099999 443D37 0.5
-8.925001 10.125 -2.099999 4F4841 0.5
-8.925001 10.65 -2.099999 4F4841 0.5
-8.400001 10.65 -2.099999 4F4841 0.5
-7.875001 10.65 -2.099999 4F4841 0.5
-3.675001 10.65 -1.575 443D37 0.5
-3.150001 10.65 -1.575 443D37 0.5
-2.1 10.65 -2.1 443D37 0.5
-1.575001 10.65 -2.1 443D37 0.5
-1.05 10.65 -2.1 443D37 0.5
-0.5250003 10.65 -2.1 443D37 0.5
-2.384186E-07 10.65 -2.1 443D37 0.5
0.5249998 10.65 -2.1 443D37 0.5
1.05 10.65 -2.1 443D37 0.5
1.575 10.65 -2.1 443D37 0.5
2.1 10.65 -2.1 443D37 0.5
3.15 10.65 -1.575001 443D37 0.5
-3.675001 11.175 -1.575 443D37 0.5
-3.150001 11.175 -1.575 443D37 0.5
-2.625 11.175 -2.1 443D37 0.5
-2.1 11.175 -2.1 443D37 0.5
-1.575001 11.175 -2.1 443D37 0.5
-1.05 11.175 -2.1 443D37 0.5
-0.5250003 11.175 -2.1 443D37 0.5
-2.384186E-07 11.175 -2.1 443D37 0.5
0.5249998 11.175 -2.1 443D37 0.5
1.05 11.175 -2.1 443D37 0.5
1.575 11.175 -2.1 443D37 0.5
2.1 11.175 -2.1 443D37 0.5
2.625 11.175 -1.575001 443D37 0.5
-2.625 11.7 -2.1 443D37 0.5
-2.1 11.7 -2.1 443D37 0.5
-1.575001 11.7 -2.1 443D37 0.5
-1.05 11.7 -2.1 443D37 0.5
-0.5250003 11.7 -2.1 443D37 0.5
-2.384186E-07 11.7 -2.1 443D37 0.5
0.5249998 11.7 -2.1 443D37 0.5
1.05 11.7 -2.1 443D37 0.5
1.575 11.7 -2.1 443D37 0.5
2.625 11.7 -1.575001 443D37 0.5
-1.575001 12.225 -2.1 443D37 0.5
-1.05 12.225 -2.1 443D37 0.5
-0.5250003 12.225 -2.1 443D37 0.5
-2.384186E-07 12.225 -2.1 443D37 0.5
0.5249998 12.225 -2.1 443D37 0.5
1.05 12.225 -2.1 443D37 0.5
2.1 12.225 -1.575001 443D37 0.5
2.1 12.75 -1.575001 443D37 0.5
5.775001 16.425 -2.100001 443D37 0.5
6.300001 16.95 -2.100001 A26747 0.5
5.775001 17.475 -2.100001 4F4841 0.5
6.300001 17.475 -2.100001 4F4841 0.5
-8.400001 0.15 -2.624999 B58256 0.5
-9.450001 1.725 -2.099999 B58256 0.5
2.1 1.725 -2.1 B58256 0.5
-9.450001 2.25 -2.099999 B58256 0.5
2.1 2.25 -2.1 B58256 0.5
-9.450001 2.775 -2.099999 B58256 0.5
2.1 2.775 -2.1 B58256 0.5
2.1 3.3 -2.1 B58256 0.5
-8.925001 3.825 -2.099999 443D37 0.5
-8.925001 4.35 -2.099999 443D37 0.5
1.575 4.35 -2.1 443D37 0.5
2.1 4.35 -2.1 443D37 0.5
-8.925001 4.875 -2.099999 443D37 0.5
-8.400001 4.875 -2.099999 443D37 0.5
1.575 4.875 -2.1 443D37 0.5
2.1 4.875 -2.1 443D37 0.5
-8.400001 5.4 -2.099999 443D37 0.5
1.575 5.4 -2.1 443D37 0.5
2.1 5.4 -2.1 443D37 0.5
1.05 5.925 -2.625 443D37 0.5
1.575 5.925 -2.625 443D37 0.5
2.1 5.925 -2.625 443D37 0.5
-8.925001 6.45 -2.099999 443D37 0.5
-8.400001 6.45 -2.099999 443D37 0.5
-7.875001 6.45 -2.099999 443D37 0.5
-7.350001 6.45 -2.099999 443D37 0.5
1.05 6.45 -2.625 443D37 0.5
1.575 6.45 -2.625 443D37 0.5
2.1 6.45 -2.625 443D37 0.5
-8.925001 6.975 -2.099999 443D37 0.5
-8.400001 6.975 -2.099999 443D37 0.5
-7.875001 6.975 -2.099999 443D37 0.5
-7.350001 6.975 -2.099999 443D37 0.5
1.05 6.975 -2.625 443D37 0.5
1.575 6.975 -2.625 443D37 0.5
2.1 6.975 -2.625 443D37 0.5
2.625 6.975 -2.625 443D37 0.5
-9.450001 7.5 -2.099999 443D37 0.5
-8.925001 7.5 -2.099999 443D37 0.5
-8.400001 7.5 -2.099999 443D37 0.5
-7.875001 7.5 -2.099999 443D37 0.5
-7.350001 7.5 -2.099999 443D37 0.5
-6.825001 7.5 -2.099999 443D37 0.5
1.05 7.5 -2.625 443D37 0.5
1.575 7.5 -2.625 443D37 0.5
2.1 7.5 -2.625 443D37 0.5
2.625 7.5 -2.625 443D37 0.5
3.15 7.5 -2.625001 443D37 0.5
-9.450001 8.025 -2.099999 443D37 0.5
-8.925001 8.025 -2.099999 443D37 0.5
-8.400001 8.025 -2.099999 443D37 0.5
-7.875001 8.025 -2.099999 443D37 0.5
-7.350001 8.025 -2.099999 443D37 0.5
-6.825001 8.025 -2.099999 443D37 0.5
1.05 8.025 -2.625 443D37 0.5
1.575 8.025 -2.625 443D37 0.5
2.1 8.025 -2.625 443D37 0.5
2.625 8.025 -2.625 443D37 0.5
3.15 8.025 -2.625001 443D37 0.5
-9.450001 8.549999 -2.099999 443D37 0.5
-8.925001 8.549999 -2.099999 443D37 0.5
-8.400001 8.549999 -2.099999 443D37 0.5
-7.875001 8.549999 -2.099999 443D37 0.5
-7.350001 8.549999 -2.099999 443D37 0.5
-6.825001 8.549999 -2.099999 4F4841 0.5
1.05 8.549999 -2.625 4F4841 0.5
1.575 8.549999 -2.625 4F4841 0.5
2.1 8.549999 -2.625 4F4841 0.5
2.625 8.549999 -2.625 4F4841 0.5
3.15 8.549999 -2.625001 443D37 0.5
3.675 8.549999 -2.625001 443D37 0.5
-9.450001 9.075 -2.099999 443D37 0.5
-8.925001 9.075 -2.099999 443D37 0.5
-8.400001 9.075 -2.099999 443D37 0.5
-7.875001 9.075 -2.099999 4F4841 0.5
-7.350001 9.075 -2.099999 4F4841 0.5
2.625 9.075 -2.625 4F4841 0.5
3.15 9.075 -2.625001 4F4841 0.5
3.675 9.075 -2.625001 4F4841 0.5
-9.450001 9.599999 -2.099999 443D37 0.5
-8.925001 9.599999 -2.099999 4F4841 0.5
-8.400001 9.599999 -2.099999 4F4841 0.5
-9.450001 10.125 -2.099999 4F4841 0.5
