-7.6 0 -1.700001 EAD6D3 0.95
-9.5 0 -0.75 FB4E5B 0.95
-9.5 0 0.2000008 F64C5A 0.95
-9.5 0 1.15 F04A58 0.95
-9.5 0 2.1 F74B59 0.95
-9.5 0 3.049999 F64D5B 0.95
-9.5 0 4 F34B59 0.95
-9.5 0 4.950001 F74E5B 0.95
-9.5 0 5.9 F64D5B 0.95
-9.5 0 6.85 F94D5B 0.95
-9.5 0 7.799999 F54B59 0.95
-9.5 0 8.75 F44D5A 0.95
-9.5 0 9.700001 F34B59 0.95
-6.65 0 11.6 F7B262 0.95
-7.6 0.95 -2.65 EADFDB 0.95
-7.6 0.95 -1.700001 EAD4D1 0.95
-9.5 0.95 -0.75 F64F5C 0.95
-9.5 0.95 0.2000008 232A41 0.95
-9.5 0.95 1.15 F14957 0.95
-9.5 0.95 2.1 232A41 0.95
-9.5 0.95 3.049999 EE4A59 0.95
-9.5 0.95 4 222940 0.95
-9.5 0.95 4.950001 EF4B59 0.95
-9.5 0.95 5.9 F04B59 0.95
-9.5 0.95 6.85 EE4B59 0.95
-9.5 0.95 7.799999 EC4A58 0.95
-9.5 0.95 8.75 F04C5A 0.95
-9.5 0.95 9.700001 F54F5C 0.95
-6.65 0.95 11.6 EFA960 0.95
-4.75 1.9 -2.65 E68051 0.95
-9.5 1.9 -0.75 F04D5A 0.95
-9.5 1.9 0.2000008 EE4C5A 0.95
-9.5 1.9 1.15 EB4A58 0.95
-9.5 1.9 2.1 F44D5B 0.95
-9.5 1.9 3.049999 EF4C5A 0.95
-9.5 1.9 4 F14D5B 0.95
-9.5 1.9 4.950001 F44E5B 0.95
-9.5 1.9 5.9 F24D5B 0.95
-9.5 1.9 6.85 EF4C5A 0.95
-9.5 1.9 7.799999 E24353 0.95
-9.5 1.9 8.75 E7DFDC 0.95
-9.5 1.9 9.700001 EE4B59 0.95
-6.65 1.9 11.6 EDA75F 0.95
-4.75 2.85 -2.65 E77E50 0.95
-9.5 2.85 -0.75 EF4C5A 0.95
-9.5 2.85 0.2000008 BB3749 0.95
-9.5 2.85 1.15 BD3648 0.95
-9.5 2.85 2.1 E94857 0.95
-9.5 2.85 3.049999 F14D5A 0.95
-9.5 2.85 4 F34E5C 0.95
-9.5 2.85 4.950001 EF4C5A 0.95
-9.5 2.85 5.9 F14D5A 0.95
-9.5 2.85 6.85 EA4958 0.95
-9.5 2.85 7.799999 E74554 0.95
-9.5 2.85 8.75 D73F4F 0.95
-9.5 2.85 9.700001 F24C5A 0.95
-6.65 2.85 11.6 EEAA60 0.95
-4.75 3.8 -2.65 EE8B55 0.95
-9.5 3.8 -0.75 F74F5D 0.95
-9.5 3.8 0.2000008 E5DFDB 0.95
-9.5 3.8 1.15 EAE3DF 0.95
-9.5 3.8 2.1 F24D5B 0.95
-9.5 3.8 3.049999 ED4B59 0.95
-9.5 3.8 4 F34E5B 0.95
-9.5 3.8 4.950001 F24E5B 0.95
-9.5 3.8 5.9 ED4B5A 0.95
-9.5 3.8 6.85 EF4B59 0.95
-9.5 3.8 7.799999 E94756 0.95
-9.5 3.8 8.75 E84756 0.95
-9.5 3.8 9.700001 ED4B59 0.95
-6.65 3.8 11.6 EFAB61 0.95
-4.75 4.75 -1.700001 E0714C 0.95
-9.5 4.75 -0.75 F64F5C 0.95
-9.5 4.75 0.2000008 D53E4F 0.95
-9.5 4.75 1.15 F04C5A 0.95
-9.5 4.75 2.1 C5394B 0.95
-9.5 4.75 3.049999 F04C5A 0.95
-9.5 4.75 4 CC3B4D 0.95
-9.5 4.75 4.950001 EE4C5A 0.95
-9.5 4.75 5.9 F24E5C 0.95
-9.5 4.75 6.85 F34E5B 0.95
-9.5 4.75 7.799999 EE4756 0.95
-9.5 4.75 8.75 E3DBD8 0.95
-9.5 4.75 9.700001 EE4B59 0.95
-6.65 4.75 11.6 EDA960 0.95
-9.5 5.7 -0.75 F34E5C 0.95
-9.5 5.7 0.2000008 F44F5C 0.95
-9.5 5.7 1.15 F64F5C 0.95
-9.5 5.7 2.1 F8505D 0.95
-9.5 5.7 3.049999 F44F5C 0.95
-9.5 5.7 4 F7515D 0.95
-9.5 5.7 4.950001 F24E5C 0.95
-9.5 5.7 5.9 F14E5C 0.95
-9.5 5.7 6.85 F04D5B 0.95
-9.5 5.7 7.799999 E94655 0.95
-9.5 5.7 8.75 EAE3DF 0.95
-9.5 5.7 9.700001 F24E5C 0.95
-6.65 5.7 11.6 EDA85F 0.95
-9.5 6.65 -0.75 F04D5B 0.95
-9.5 6.65 0.2000008 FB535F 0.95
-9.5 6.65 1.15 F7515E 0.95
-9.5 6.65 2.1 F34F5C 0.95
-9.5 6.65 3.049999 F44F5C 0.95
-9.5 6.65 4 F14D5B 0.95
-9.5 6.65 4.950001 EE4C5A 0.95
-9.5 6.65 5.9 F24E5B 0.95
-9.5 6.65 6.85 F34F5C 0.95
-9.5 6.65 7.799999 F04958 0.95
-9.5 6.65 8.75 EADDDA 0.95
-9.5 6.65 9.700001 F6505D 0.95
-6.65 6.65 11.6 EFAD61 0.95
-8.55 7.6 0.2000008 E6CECC 0.95
-8.55 7.6 1.15 E4CFCD 0.95
-8.55 7.6 2.1 E7D2D0 0.95
0 7.6 3.049999 BF636F 0.95
-9.5 7.6 4.950001 F14E5B 0.95
-9.5 7.6 5.9 F44F5C 0.95
-9.5 7.6 6.85 F54F5C 0.95
-9.5 7.6 7.799999 FA505D 0.95
-9.5 7.6 8.75 FE525E 0.95
-9.5 7.6 9.700001 F7505D 0.95
-6.65 7.6 11.6 ECA75F 0.95
0 8.55 0.2000008 E1D4D2 0.95
-0.95 8.55 1.15 DBC6C5 0.95
-0.95 8.55 2.1 D4A3A6 0.95
0 8.55 3.049999 C56C76 0.95
-9.5 8.55 4.950001 EF4D5B 0.95
-9.5 8.55 5.9 F34F5C 0.95
-9.5 8.55 6.85 F44F5C 0.95
-9.5 8.55 7.799999 F5505D 0.95
-9.5 8.55 8.75 F44F5D 0.95
-9.5 8.55 9.700001 F5505D 0.95
-6.65 8.55 11.6 F3AF62 0.95
0 9.5 0.2000008 DFD5D3 0.95
-0.95 9.5 1.15 DBC5C4 0.95
-0.95 9.5 2.1 DDB4B4 0.95
0 9.5 3.049999 D17C84 0.95
-9.5 9.5 4.950001 F34F5C 0.95
-9.5 9.5 5.9 F9525F 0.95
-9.5 9.5 6.85 F6505D 0.95
-9.5 9.5 7.799999 F24E5C 0.95
-9.5 9.5 8.75 F6515E 0.95
-9.5 9.5 9.700001 F44F5D 0.95
-6.65 9.5 11.6 F3B062 0.95
0 10.45 0.2000008 DDD6D3 0.95
-0.95 10.45 1.15 DFCECC 0.95
-0.95 10.45 2.1 DBB9B9 0.95
0 10.45 3.049999 D47C84 0.95
-9.5 10.45 4.950001 FA525F 0.95
-9.5 10.45 5.9 F7505D 0.95
-9.5 10.45 6.85 F34F5C 0.95
-9.5 10.45 7.799999 F7515E 0.95
-9.5 10.45 8.75 F7505D 0.95
-9.5 10.45 9.700001 F6505D 0.95
-9.5 11.4 4.950001 F7515E 0.95
-9.5 11.4 5.9 F44F5C 0.95
-9.5 11.4 6.85 F5505D 0.95
-9.5 11.4 7.799999 F34F5C 0.95
-9.5 11.4 8.75 F44F5D 0.95
-9.5 11.4 9.700001 F5505D 0.95
-6.65 11.4 10.65 FFBB67 0.95
-9.5 12.35 4.950001 F14E5C 0.95
-9.5 12.35 5.9 F04E5B 0.95
-9.5 12.35 6.85 F14E5B 0.95
-9.5 12.35 7.799999 F5505D 0.95
-9.5 12.35 8.75 F34F5D 0.95
-9.5 12.35 9.700001 F04D5B 0.95
-7.6 13.3 7.799999 D5C4C3 0.95
-0.95 14.25 7.799999 EAE2DF 0.95
-0.95 15.2 7.799999 EDE5E2 0.95
-0.95 16.15 7.799999 E4DCD9 0.95
-11.4 0 -4.55 F3EBE7 0.95
-11.4 0 -3.6 F3EAE6 0.95
-11.4 0 -2.65 EFE5E1 0.95
-11.4 0 -1.700001 EDE3DF 0.95
-11.4 0 -0.75 EEE4E0 0.95
-11.4 0 0.2000008 E8DBD8 0.95
-11.4 0 1.15 E6D9D6 0.95
-11.4 0 2.1 EAD8D5 0.95
-11.4 0 3.049999 E9D8D6 0.95
-11.4 0 4 E3CECC 0.95
-11.4 0 4.950001 E7D3D0 0.95
-11.4 0 5.9 E3D0CE 0.95
-11.4 0 6.85 E8D5D2 0.95
-11.4 0 7.799999 EDDCD9 0.95
-11.4 0 8.75 EDDEDA 0.95
-11.4 0 9.700001 EADBD8 0.95
-11.4 0 10.65 EEE1DD 0.95
-11.4 0 11.6 EEE3DF 0.95
-11.4 0 12.55 EFE4E0 0.95
-10.45 0 -4.55 F5EBE7 0.95
-10.45 0 -3.6 F2E6E2 0.95
-10.45 0 -2.65 EEE6E2 0.95
-10.45 0 -1.700001 EADEDB 0.95
-10.45 0 -0.75 EBDEDB 0.95
-10.45 0 0.2000008 E2CFCD 0.95
-10.45 0 1.15 DFD0CE 0.95
-10.45 0 2.1 DFCECC 0.95
-10.45 0 3.049999 DFC8C7 0.95
-10.45 0 4 E3D0CD 0.95
-10.45 0 4.950001 E0C8C6 0.95
-10.45 0 5.9 E1C7C5 0.95
-10.45 0 6.85 E4CDCA 0.95
-10.45 0 7.799999 E6D0CD 0.95
-10.45 0 8.75 E2CFCC 0.95
-10.45 0 9.700001 E9D7D4 0.95
-10.45 0 10.65 EBDDDA 0.95
-10.45 0 11.6 EDDFDC 0.95
-10.45 0 12.55 F1E7E2 0.95
-9.5 0 -4.55 F4EBE6 0.95
-9.5 0 -3.6 F2E7E3 0.95
-9.5 0 -2.65 EFE5E1 0.95
-9.5 0 -1.700001 EADDDA 0.95
-9.5 0 10.65 EAD9D5 0.95
-9.5 0 11.6 ECDDD9 0.95
-9.5 0 12.55 EDE1DD 0.95
-8.55 0 -0.75 F24957 0.95
-8.55 0 -4.55 F6EDE8 0.95
-8.55 0 -3.6 EEE3E0 0.95
-8.55 0 -2.65 EEE1DD 0.95
-8.55 0 -1.700001 E3CBC9 0.95
-8.55 0 0.2000008 B14354 0.95
-8.55 0 1.15 B04A5A 0.95
-8.55 0 2.1 B44B5B 0.95
-8.55 0 3.049999 B7505F 0.95
-8.55 0 4 BB5260 0.95
-8.55 0 4.950001 BB5463 0.95
-8.55 0 5.9 BA5361 0.95
-8.55 0 6.85 BE5160 0.95
-8.55 0 7.799999 BF5261 0.95
-8.55 0 8.75 BB4D5C 0.95
9.5 0 8.75 D35943 0.95
-8.55 0 9.700001 BC505F 0.95
-8.55 0 10.65 DDC3C1 0.95
-8.55 0 11.6 E6D4D1 0.95
-8.55 0 12.55 E7DAD6 0.95
-8.55 0.95 -0.75 FA505D 0.95
9.5 0.95 8.75 DC4B3F 0.95
-8.55 0.95 9.700001 F34C5A 0.95
-8.55 1.9 -0.75 F64E5B 0.95
9.5 1.9 8.75 E2423C 0.95
-8.55 1.9 9.700001 EC4957 0.95
-8.55 2.85 -0.75 F9515E 0.95
-5.7 2.85 -0.75 9B3D50 0.95
9.5 2.85 8.75 E1403C 0.95
-8.55 2.85 9.700001 EE4A58 0.95
-8.55 3.8 -0.75 FC525F 0.95
0 3.8 0.2000008 D0ABAC 0.95
-0.95 3.8 1.15 AE6672 0.95
-0.95 3.8 2.1 863C4F 0.95
0 3.8 3.049999 813448 0.95
9.5 3.8 8.75 E63F3C 0.95
-8.55 3.8 9.700001 EE4B59 0.95
-8.55 4.75 -0.75 F6505D 0.95
0 4.75 0.2000008 CFA5A7 0.95
-0.95 4.75 1.15 B05866 0.95
-0.95 4.75 2.1 913347 0.95
0 4.75 3.049999 8D3145 0.95
9.5 4.75 8.75 E83E3B 0.95
-8.55 4.75 9.700001 F14B58 0.95
-8.55 5.7 -0.75 F9515E 0.95
0 5.7 0.2000008 D6B1B1 0.95
-0.95 5.7 1.15 BC6C76 0.95
-0.95 5.7 2.1 993E51 0.95
0 5.7 3.049999 973C4F 0.95
9.5 5.7 8.75 E93F3C 0.95
-8.55 5.7 9.700001 EA4958 0.95
-8.55 6.65 -0.75 F6505D 0.95
0 6.65 0.2000008 DFC7C5 0.95
-0.95 6.65 1.15 CB989C 0.95
-0.95 6.65 2.1 BB757E 0.95
0 6.65 3.049999 B0505F 0.95
9.5 6.65 8.75 EC423D 0.95
-8.55 6.65 9.700001 F34D5A 0.95
-8.55 7.6 4 FF4C5A 0.95
-8.55 7.6 -0.75 FF676F 0.95
-8.55 7.6 3.049999 E7ACAD 0.95
9.5 7.6 8.75 E53B3A 0.95
-8.55 7.6 9.700001 EC4958 0.95
-8.55 8.55 4 FF505D 0.95
9.5 8.55 8.75 E73C3A 0.95
-8.55 8.55 9.700001 ED4A57 0.95
-8.55 9.5 4 FE525E 0.95
-8.55 9.5 9.700001 EF4B58 0.95
-8.55 10.45 4 F74F5C 0.95
-8.55 10.45 9.700001 F44D5B 0.95
-8.55 11.4 4 FA525E 0.95
-8.55 11.4 9.700001 F8515D 0.95
-8.55 12.35 4 FB525F 0.95
-8.55 12.35 4.950001 FFF5F0 0.95
8.55 12.35 4.950001 FF5763 0.95
-8.55 12.35 9.700001 FF4D5A 0.95
-8.55 12.35 5.9 FFF7F2 0.95
8.55 12.35 5.9 FF5B65 0.95
-8.55 12.35 6.85 FFF2ED 0.95
8.55 12.35 6.85 FF5D67 0.95
-8.55 12.35 7.799999 FFEEE9 0.95
-7.6 12.35 7.799999 E5D0CE 0.95
-8.55 12.35 8.75 F9E3E0 0.95
-7.6 12.35 8.75 DFCDCA 0.95
-7.6 7.6 0.2000008 B93C4E 0.95
-7.6 7.6 1.15 B23D4F 0.95
-7.6 7.6 2.1 B03C4E 0.95
-7.6 0 -4.55 F1E7E3 0.95
-7.6 0 -3.6 ECE3DF 0.95
-4.75 0 -2.65 D0714C 0.95
-7.6 0 -0.75 C43547 0.95
0 0 -1.700001 DBAFAE 0.95
-7.6 0 0.2000008 B24354 0.95
-7.6 0 1.15 B24758 0.95
-7.6 0 2.1 AC4556 0.95
-7.6 0 3.049999 B55160 0.95
-7.6 0 4 B45160 0.95
-7.6 0 4.950001 B75261 0.95
-7.6 0 5.9 BA4F5E 0.95
-7.6 0 6.85 BC5261 0.95
-7.6 0 7.799999 B85160 0.95
-7.6 0 8.75 BB505F 0.95
-7.6 0 9.700001 BB4D5C 0.95
-7.6 0 10.65 DBB8B7 0.95
-7.6 0 11.6 E7D1CD 0.95
-7.6 0 12.55 E9D9D4 0.95
-6.65 0.95 -2.65 D9CFCE 0.95
-7.6 0.95 -0.75 D83A4C 0.95
-6.65 0.95 -1.700001 A66572 0.95
-7.6 0.95 9.700001 F34856 0.95
-7.6 1.9 -0.75 FF515E 0.95
-7.6 1.9 -2.65 FFF7F1 0.95
-7.6 1.9 -1.700001 FFEBE6 0.95
-7.6 1.9 9.700001 F24A58 0.95
-7.6 2.85 -0.75 FA515E 0.95
-7.6 2.85 9.700001 E84654 0.95
-7.6 3.8 -0.75 FA515E 0.95
-7.6 3.8 9.700001 EC4554 0.95
-7.6 4.75 -0.75 F8505D 0.95
-7.6 4.75 9.700001 E94554 0.95
-7.6 5.7 -0.75 FD535F 0.95
-7.6 5.7 9.700001 ED4856 0.95
-7.6 6.65 -0.75 FB525F 0.95
-7.6 6.65 9.700001 F24957 0.95
-7.6 7.6 -0.75 FF676F 0.95
-6.65 7.6 0.2000008 E1D2CF 0.95
-7.6 7.6 3.049999 C2B4B4 0.95
-6.65 7.6 1.15 D5C6C5 0.95
-6.65 7.6 2.1 D0C0BF 0.95
-7.6 7.6 4 FF4A58 0.95
-7.6 7.6 9.700001 E94453 0.95
-7.6 8.55 4 FA4F5C 0.95
-7.6 8.55 0.2000008 FFF5F0 0.95
-7.6 8.55 9.700001 E54554 0.95
-7.6 9.5 4 FA515E 0.95
-7.6 9.5 9.700001 EF4856 0.95
-7.6 10.45 4 F54F5C 0.95
-7.6 10.45 9.700001 F34C59 0.95
-7.6 11.4 4 FC525E 0.95
-7.6 11.4 9.700001 F9505C 0.95
-7.6 12.35 4 FB525E 0.95
-7.6 12.35 4.950001 FFFFFF 0.95
-7.6 12.35 5.9 FFFFFF 0.95
-7.6 12.35 6.85 FFFFFF 0.95
-0.95 12.35 7.799999 F4ECE8 0.95
-7.6 12.35 9.700001 F24756 0.95
8.55 12.35 8.75 FF5964 0.95
-0.95 13.3 7.799999 F2E9E5 0.95
-7.6 13.3 8.75 F0EBE7 0.95
-7.6 14.25 7.799999 FDF9F3 0.95
-6.65 12.35 7.799999 20162F 0.95
-6.65 12.35 8.75 201D32 0.95
-6.65 0 -3.6 F8F3EF 0.95
-6.65 0 -4.55 EEE3DF 0.95
-6.65 0 -2.65 A99499 0.95
-6.65 0 -0.75 B03144 0.95
-6.65 0 -1.700001 976F79 0.95
-6.65 0 0.2000008 AE4152 0.95
-6.65 0 1.15 B34B5B 0.95
-6.65 0 2.1 B44959 0.95
-6.65 0 3.049999 B54D5C 0.95
-6.65 0 4 B85865 0.95
-6.65 0 4.950001 BA5966 0.95
-6.65 0 5.9 BA5A67 0.95
-6.65 0 6.85 B95462 0.95
-6.65 0 7.799999 B95260 0.95
-6.65 0 8.75 B95260 0.95
-6.65 0 9.700001 BC5261 0.95
-6.65 0 10.65 D1A2A3 0.95
-5.7 0 11.6 EEA15B 0.95
-6.65 0 12.55 E7D8D3 0.95
-6.65 0.95 -0.75 E14151 0.95
-6.65 0.95 9.700001 E94150 0.95
-5.7 0.95 11.6 EA9958 0.95
-6.65 1.9 -0.75 ED4958 0.95
-6.65 1.9 9.700001 E23C4C 0.95
-5.7 1.9 11.6 E99958 0.95
-6.65 2.85 -0.75 F14C5A 0.95
-6.65 2.85 9.700001 EB4352 0.95
-5.7 2.85 11.6 E99958 0.95
-6.65 3.8 -0.75 F74F5C 0.95
-6.65 3.8 9.700001 E63E4E 0.95
-5.7 3.8 11.6 E59054 0.95
-6.65 4.75 -0.75 F74F5C 0.95
-6.65 4.75 9.700001 E63F4F 0.95
-5.7 4.75 11.6 E89A59 0.95
-6.65 5.7 -0.75 FD535F 0.95
-6.65 5.7 9.700001 E33D4D 0.95
-5.7 5.7 11.6 E59657 0.95
-6.65 6.65 -0.75 FA515E 0.95
-6.65 6.65 9.700001 E43E4E 0.95
-5.7 6.65 11.6 E99556 0.95
-6.65 7.6 4 FC4756 0.95
-6.65 7.6 -0.75 FF646D 0.95
-6.65 7.6 3.049999 DD9C9F 0.95
-6.65 7.6 9.700001 EA4251 0.95
-5.7 7.6 11.6 EA9B59 0.95
-6.65 8.55 4 FF515E 0.95
-6.65 8.55 9.700001 E03D4E 0.95
-5.7 8.55 11.6 F19F5A 0.95
-6.65 9.5 4 FE525F 0.95
-6.65 9.5 9.700001 ED404F 0.95
-5.7 9.5 11.6 EC9D5A 0.95
-6.65 10.45 4 FD525F 0.95
-6.65 10.45 10.65 D43739 0.95
-6.65 10.45 9.700001 E43E4D 0.95
-6.65 10.45 11.6 FFBF69 0.95
-6.65 11.4 4 FE535F 0.95
-5.7 11.4 10.65 FFB563 0.95
-6.65 11.4 9.700001 F63337 0.95
-6.65 12.35 4 F7505D 0.95
-6.65 12.35 4.950001 FFFFFF 0.95
-6.65 12.35 5.9 FFFFFF 0.95
-6.65 12.35 6.85 FFFFFF 0.95
-6.65 12.35 9.700001 EC4857 0.95
-6.65 13.3 7.799999 F0E5E1 0.95
-6.65 13.3 8.75 F5F0EB 0.95
-6.65 14.25 7.799999 FCF7F2 0.95
-5.7 2.85 -1.700001 56314C 0.95
-5.7 7.6 0.2000008 B33C4E 0.95
-5.7 7.6 1.15 B33E4F 0.95
-5.7 7.6 2.1 B43C4E 0.95
-5.7 0 -2.65 F1ECE7 0.95
-5.7 0 -4.55 EDE2DD 0.95
-5.7 0 -3.6 EDE2DE 0.95
-5.7 0 -0.75 B23043 0.95
-5.7 0 -1.700001 9A6C76 0.95
-5.7 0 0.2000008 AE4253 0.95
-5.7 0 1.15 B24858 0.95
-5.7 0 2.1 B24C5C 0.95
-5.7 0 3.049999 B65664 0.95
-5.7 0 4 B95D6A 0.95
-5.7 0 4.950001 B95664 0.95
-5.7 0 5.9 B75765 0.95
-5.7 0 6.85 B95866 0.95
-5.7 0 7.799999 BA5664 0.95
-5.7 0 8.75 B75160 0.95
-5.7 0 9.700001 BA5463 0.95
-5.7 0 10.65 CC9596 0.95
-4.75 0 11.6 F0A15B 0.95
-5.7 0 12.55 E6D4CE 0.95
-5.7 0.95 -2.65 F5EEE9 0.95
-4.75 0.95 -2.65 DB784D 0.95
-5.7 0.95 -0.75 C43648 0.95
0 0.95 -1.700001 E0B0AE 0.95
-5.7 0.95 9.700001 E73E4E 0.95
-4.75 0.95 11.6 EA9D59 0.95
-5.7 1.9 -2.65 736B8B 0.95
-5.7 1.9 -1.700001 DBADAD 0.95
-5.7 1.9 -0.75 E54251 0.95
-5.7 1.9 9.700001 E53D4D 0.95
-4.75 1.9 11.6 E39256 0.95
0 2.85 -0.75 8B3E53 0.95
-5.7 2.85 9.700001 E7404F 0.95
-4.75 2.85 11.6 E89858 0.95
-5.7 3.8 -0.75 F64D5A 0.95
-5.7 3.8 9.700001 EB4150 0.95
-4.75 3.8 11.6 E49456 0.95
-5.7 4.75 -0.75 F74E5B 0.95
-5.7 4.75 9.700001 E33D4D 0.95
-4.75 4.75 11.6 E69657 0.95
-5.7 5.7 -0.75 FE535F 0.95
-5.7 5.7 9.700001 E53D4D 0.95
-4.75 5.7 11.6 E49456 0.95
-5.7 6.65 -0.75 F7505D 0.95
-5.7 6.65 9.700001 E73F4F 0.95
-4.75 6.65 11.6 EB9B59 0.95
-5.7 7.6 -0.75 FF666E 0.95
-3.8 7.6 0.2000008 DCCBC9 0.95
-5.7 7.6 4 FB4857 0.95
-3.8 7.6 1.15 CFC0BF 0.95
-3.8 7.6 2.1 D1BAB9 0.95
-5.7 7.6 3.049999 DD9196 0.95
-5.7 7.6 9.700001 E94151 0.95
-4.75 7.6 11.6 EC9D5A 0.95
-5.7 8.55 4 FE505D 0.95
-5.7 8.55 0.2000008 FFF1EC 0.95
-5.7 8.55 9.700001 E74150 0.95
-4.75 8.55 11.6 EA9C59 0.95
-5.7 9.5 4 FA505D 0.95
-5.7 9.5 9.700001 E9404F 0.95
-4.75 9.5 11.6 E99A59 0.95
-5.7 10.45 4 F9505D 0.95
-5.7 10.45 11.6 DA5A43 0.95
-5.7 10.45 9.700001 E23C4C 0.95
-5.7 11.4 4 FE535F 0.95
-4.75 11.4 10.65 FFB763 0.95
-5.7 11.4 9.700001 EC3137 0.95
-5.7 12.35 4 FB525F 0.95
-5.7 12.35 4.950001 FFFFFF 0.95
-5.7 12.35 9.700001 FF5561 0.95
-5.7 12.35 5.9 FFFFFF 0.95
-5.7 12.35 6.85 FFFFFF 0.95
-5.7 12.35 7.799999 FFFFFF 0.95
-5.7 12.35 8.75 FFFFFF 0.95
-4.75 7.6 0.2000008 B33C4D 0.95
-4.75 7.6 1.15 B73C4E 0.95
-4.75 7.6 2.1 A83B4D 0.95
-4.75 0 -0.75 DC394A 0.95
-4.75 0 -4.55 ECDFDA 0.95
-4.75 0 -3.6 EBDFDA 0.95
-4.75 0 -1.700001 C39596 0.95
-4.75 0 0.2000008 AE4656 0.95
-4.75 0 1.15 B14758 0.95
-4.75 0 2.1 B54F5E 0.95
-4.75 0 3.049999 B45462 0.95
-4.75 0 4 B65664 0.95
-4.75 0 4.950001 B95C69 0.95
-4.75 0 5.9 B85765 0.95
-4.75 0 6.85 BA5462 0.95
-4.75 0 7.799999 B95966 0.95
-4.75 0 8.75 BC5765 0.95
-4.75 0 9.700001 BA5866 0.95
-4.75 0 10.65 CD999B 0.95
-4.75 0 12.55 E4D0CB 0.95
-4.75 0.95 -0.75 E73F4F 0.95
-5.7 0.95 -1.700001 D99897 0.95
-4.75 0.95 9.700001 EA404F 0.95
-4.75 1.9 -0.75 F04755 0.95
-4.75 1.9 9.700001 E7404F 0.95
-4.75 2.85 -0.75 EB4554 0.95
-4.75 2.85 9.700001 E64151 0.95
-4.75 3.8 -0.75 EC4553 0.95
-4.75 3.8 9.700001 EB4353 0.95
-4.75 4.75 -0.75 EE4553 0.95
-4.75 4.75 9.700001 E83F4F 0.95
-4.75 5.7 -0.75 FB505B 0.95
-4.75 5.7 9.700001 E9404F 0.95
-4.75 6.65 -0.75 FB525E 0.95
-4.75 6.65 9.700001 E43D4E 0.95
-4.75 7.6 4 F84756 0.95
-4.75 7.6 -0.75 FF656D 0.95
-4.75 7.6 3.049999 DA8F93 0.95
-4.75 7.6 9.700001 E74050 0.95
-4.75 8.55 4 FF525F 0.95
-4.75 8.55 9.700001 E5404F 0.95
-4.75 9.5 4 FB515E 0.95
-4.75 9.5 9.700001 E83F4F 0.95
-4.75 10.45 4 FB515E 0.95
-4.75 10.45 9.700001 E53C4C 0.95
-4.75 11.4 4 F7505D 0.95
-4.75 11.4 9.700001 FA434F 0.95
-4.75 12.35 4 FC525E 0.95
-4.75 12.35 4.950001 FFFFFF 0.95
-4.75 12.35 9.700001 FF5B66 0.95
-4.75 12.35 5.9 FFFFFF 0.95
-4.75 12.35 6.85 FFFFFF 0.95
-4.75 12.35 7.799999 FFFFFF 0.95
-4.75 12.35 8.75 FFFFFF 0.95
-3.8 0 -0.75 EA4453 0.95
-3.8 0 -4.55 ECDFDB 0.95
-3.8 0 -3.6 EADAD4 0.95
-3.8 0 -2.65 D2A9A6 0.95
-3.8 0 -1.700001 CFA1A2 0.95
-3.8 0 0.2000008 B14656 0.95
-3.8 0 1.15 B54C5C 0.95
-3.8 0 2.1 B34E5D 0.95
-3.8 0 3.049999 B25865 0.95
-3.8 0 4 B7606D 0.95
-3.8 0 4.950001 B85B68 0.95
-3.8 0 5.9 B95E6B 0.95
-3.8 0 6.85 B75967 0.95
-3.8 0 7.799999 BB5967 0.95
-3.8 0 8.75 BB5B68 0.95
-3.8 0 9.700001 BB5765 0.95
-3.8 0 10.65 DAAEAD 0.95
-3.8 0 11.6 E1C1BC 0.95
-3.8 0 12.55 E5CFCA 0.95
-3.8 0.95 -0.75 F24453 0.95
-3.8 0.95 -2.65 DF5E44 0.95
-3.8 0.95 9.700001 EF4654 0.95
-3.8 1.9 -0.75 EE4553 0.95
-3.8 1.9 -2.65 E15C44 0.95
-3.8 1.9 9.700001 F44855 0.95
-3.8 2.85 -0.75 F14655 0.95
-3.8 2.85 -2.65 E15842 0.95
-3.8 2.85 9.700001 F14857 0.95
-3.8 3.8 -0.75 EB4352 0.95
-3.8 3.8 -2.65 DE5E44 0.95
-3.8 3.8 9.700001 EF4755 0.95
-3.8 4.75 -0.75 F34653 0.95
-3.8 4.75 -1.700001 E76846 0.95
-3.8 4.75 9.700001 EA4453 0.95
-3.8 5.7 -0.75 FF515D 0.95
-3.8 5.7 9.700001 ED4352 0.95
-3.8 6.65 -0.75 FA515D 0.95
-3.8 6.65 9.700001 EF4654 0.95
-3.8 7.6 -0.75 FF676F 0.95
0 7.6 0.2000008 E1D0CE 0.95
-3.8 7.6 4 F04353 0.95
-0.95 7.6 1.15 DFC3C1 0.95
-0.95 7.6 2.1 D2969A 0.95
-3.8 7.6 3.049999 D88A8F 0.95
-3.8 7.6 9.700001 EF4655 0.95
-3.8 8.55 4 FA4E5B 0.95
-3.8 8.55 0.2000008 FAEDE9 0.95
-3.8 8.55 9.700001 EE4654 0.95
-3.8 9.5 4 FD515E 0.95
-3.8 9.5 9.700001 EC4453 0.95
-3.8 10.45 4 F74F5D 0.95
-3.8 10.45 9.700001 F04654 0.95
-3.8 11.4 4 FF535F 0.95
-3.8 11.4 10.65 FFBA67 0.95
-3.8 11.4 9.700001 F74D5A 0.95
-3.8 12.35 4 FB525E 0.95
-3.8 12.35 4.950001 FFFFFF 0.95
-3.8 12.35 9.700001 FF5D67 0.95
-3.8 12.35 5.9 FFFFFF 0.95
-3.8 12.35 6.85 FFFFFF 0.95
-3.8 12.35 7.799999 FFFFFF 0.95
-3.8 12.35 8.75 FFFFFF 0.95
-2.85 7.6 0.2000008 B83B4D 0.95
-2.85 7.6 1.15 B03C4E 0.95
-2.85 7.6 2.1 AD384A 0.95
-2.85 0 -0.75 EF4655 0.95
-2.85 0 -4.55 F0E4DE 0.95
-2.85 0 -3.6 EBD9D3 0.95
-2.85 0 -2.65 CD9D98 0.95
0 0 -2.65 E0BFBC 0.95
-2.85 0 -1.700001 D2A9A9 0.95
-2.85 0 0.2000008 B44E5D 0.95
-2.85 0 1.15 B04E5E 0.95
-2.85 0 2.1 B25564 0.95
-2.85 0 3.049999 B25664 0.95
-2.85 0 4 B35E6B 0.95
-2.85 0 4.950001 B65E6B 0.95
-2.85 0 5.9 B95E6B 0.95
-2.85 0 6.85 B75C69 0.95
-2.85 0 7.799999 BB5563 0.95
-2.85 0 8.75 BB5B68 0.95
-2.85 0 9.700001 BE4F5E 0.95
-2.85 0 10.65 E1BEBD 0.95
-2.85 0 11.6 E3C6C3 0.95
-2.85 0 12.55 E5CCC9 0.95
-2.85 0.95 -0.75 F44856 0.95
-2.85 0.95 -2.65 EA7E50 0.95
0 0.95 -2.65 E4BFBC 0.95
-2.85 0.95 9.700001 F94D5B 0.95
-2.85 1.9 -0.75 F04755 0.95
-2.85 1.9 -2.65 EF8352 0.95
-2.85 1.9 9.700001 F34B58 0.95
-2.85 2.85 -0.75 ED4453 0.95
-2.85 2.85 -2.65 EE8352 0.95
-2.85 2.85 9.700001 F24A58 0.95
-2.85 3.8 -0.75 ED4655 0.95
-2.85 3.8 -2.65 F08753 0.95
-2.85 3.8 9.700001 F14C59 0.95
-2.85 4.75 -0.75 EA404E 0.95
-2.85 4.75 -1.700001 E67E50 0.95
-2.85 4.75 9.700001 EE4957 0.95
-2.85 5.7 -0.75 FF535E 0.95
-2.85 5.7 9.700001 EF4A58 0.95
-2.85 6.65 -0.75 FA515E 0.95
-2.85 6.65 9.700001 F04B58 0.95
-2.85 7.6 4 FB4756 0.95
-2.85 7.6 -0.75 FF606A 0.95
-2.85 7.6 3.049999 D5858B 0.95
-2.85 7.6 9.700001 F54B58 0.95
-2.85 8.55 4 FC4E5C 0.95
-2.85 8.55 9.700001 EF4B59 0.95
-2.85 9.5 4 FA4F5C 0.95
-2.85 9.5 9.700001 F14C59 0.95
-2.85 10.45 4 FB505D 0.95
-2.85 10.45 9.700001 F34D5A 0.95
-2.85 11.4 4 FE525E 0.95
-2.85 11.4 9.700001 F54F5C 0.95
-2.85 12.35 4 FF5460 0.95
-2.85 12.35 4.950001 FFFFFF 0.95
-2.85 12.35 9.700001 FF5B66 0.95
-2.85 12.35 5.9 FFFFFF 0.95
-2.85 12.35 6.85 FFFFFF 0.95
-2.85 12.35 7.799999 FFFFFF 0.95
-2.85 12.35 8.75 FFFFFF 0.95
-1.9 0 -0.75 F14857 0.95
-1.9 0 -4.55 EDE1DD 0.95
-1.9 0 -3.6 E7D6D3 0.95
-1.9 0 -2.65 DDC2BF 0.95
-1.9 0 -1.700001 D5ADAD 0.95
-1.9 0 0.2000008 B14A59 0.95
-1.9 0 1.15 B14B5B 0.95
-1.9 0 2.1 B05462 0.95
-1.9 0 3.049999 B35E6B 0.95
-1.9 0 4 B45F6C 0.95
-1.9 0 4.950001 B65B68 0.95
-1.9 0 5.9 B95C69 0.95
-1.9 0 6.85 BC616D 0.95
-1.9 0 7.799999 BB5B68 0.95
-1.9 0 8.75 BB5764 0.95
-1.9 0 9.700001 C15765 0.95
-1.9 0 10.65 DEB9B8 0.95
-1.9 0 11.6 E0BFBD 0.95
-1.9 0 12.55 E2CBC8 0.95
-1.9 0.95 -0.75 F04957 0.95
-1.9 0.95 9.700001 F94F5B 0.95
-1.9 1.9 -0.75 F44C59 0.95
-1.9 1.9 9.700001 F54E5B 0.95
-1.9 2.85 -0.75 F34B59 0.95
-1.9 2.85 9.700001 ED4B59 0.95
-1.9 3.8 -0.75 F64D5A 0.95
-1.9 3.8 9.700001 FA515D 0.95
-1.9 4.75 -0.75 F8505C 0.95
-1.9 4.75 9.700001 F14B59 0.95
-1.9 5.7 -0.75 FC525E 0.95
-1.9 5.7 9.700001 F24D5B 0.95
-1.9 6.65 -0.75 FF545F 0.95
-1.9 6.65 9.700001 F34D5B 0.95
-1.9 7.6 4 EF4453 0.95
-1.9 7.6 -0.75 FF5E67 0.95
-1.9 7.6 0.2000008 FF5A65 0.95
-1.9 7.6 1.15 FF5662 0.95
-1.9 7.6 2.1 FF4C5A 0.95
-1.9 7.6 3.049999 FF4A58 0.95
-1.9 7.6 9.700001 F44E5C 0.95
-1.9 8.55 4 F14958 0.95
-1.9 8.55 9.700001 F54F5C 0.95
-1.9 9.5 4 F54C5A 0.95
-1.9 9.5 9.700001 F8515E 0.95
-1.9 10.45 4 FC505D 0.95
-1.9 10.45 9.700001 F34E5C 0.95
-1.9 11.4 4 FC525E 0.95
-1.9 11.4 9.700001 F44E5B 0.95
-1.9 12.35 4 FF5461 0.95
-1.9 12.35 4.950001 FFFFFF 0.95
-1.9 12.35 9.700001 FF5561 0.95
-1.9 12.35 5.9 FFFFFF 0.95
-1.9 12.35 6.85 FFFFFF 0.95
-1.9 12.35 7.799999 FFFFFF 0.95
-1.9 12.35 8.75 FFFFFF 0.95
-0.95 0 -0.75 E74353 0.95
-0.95 0 -4.55 EFE2DE 0.95
-0.95 0 -3.6 E8DBD7 0.95
-0.95 0 -2.65 DFCAC8 0.95
-0.95 0 -1.700001 D2A9A9 0.95
-0.95 0 0.2000008 AB4F5E 0.95
-0.95 0 1.15 A94959 0.95
-0.95 0 2.1 A94A5A 0.95
-0.95 0 3.049999 AF5F6C 0.95
-0.95 0 4 B15A68 0.95
-0.95 0 4.950001 B45E6B 0.95
-0.95 0 5.9 B85B69 0.95
-0.95 0 6.85 BA5E6B 0.95
-0.95 0 7.799999 BB5E6A 0.95
-0.95 0 8.75 BD5D6A 0.95
-0.95 0 9.700001 BD5A67 0.95
-0.95 0 10.65 E1BEBD 0.95
-0.95 0 11.6 E0C4C2 0.95
-0.95 0 12.55 E4CBC9 0.95
-0.95 0.95 -0.75 F14A58 0.95
-0.95 0.95 9.700001 FB4F5C 0.95
-0.95 1.9 -0.75 F54C5A 0.95
-0.95 1.9 9.700001 F64E5B 0.95
-0.95 2.85 -0.75 F64E5B 0.95
-0.95 2.85 9.700001 F24D5B 0.95
-0.95 3.8 -0.75 FA515D 0.95
-0.95 3.8 4 AB2A3E 0.95
-0.95 3.8 0.2000008 E4C3C1 0.95
-0.95 3.8 3.049999 AA6470 0.95
-0.95 3.8 9.700001 F64F5C 0.95
-0.95 4.75 4 AC273B 0.95
-0.95 4.75 -0.75 FF515D 0.95
-1.9 4.75 0.2000008 E13F50 0.95
-1.9 4.75 1.15 BC2F42 0.95
-1.9 4.75 2.1 AF293D 0.95
-1.9 4.75 3.049999 9D2438 0.95
-1.9 4.75 4 A52539 0.95
-0.95 4.75 9.700001 EE4B59 0.95
-0.95 5.7 4 B62D41 0.95
-1.9 5.7 0.2000008 DC3E4F 0.95
-1.9 5.7 1.15 C93346 0.95
-1.9 5.7 2.1 B62B3F 0.95
-1.9 5.7 3.049999 AB273A 0.95
-1.9 5.7 4 B5273B 0.95
-0.95 5.7 9.700001 F6505D 0.95
-0.95 6.65 4 CC3648 0.95
-1.9 6.65 0.2000008 E04051 0.95
-1.9 6.65 1.15 DA3B4C 0.95
-1.9 6.65 2.1 BF2E42 0.95
-1.9 6.65 3.049999 BC2A3D 0.95
-1.9 6.65 4 B9283C 0.95
-0.95 6.65 9.700001 F74F5C 0.95
-0.95 7.6 4 DF3B4D 0.95
-0.95 7.6 9.700001 FA525E 0.95
-0.95 8.55 4 E74353 0.95
-0.95 8.55 9.700001 F8505D 0.95
-0.95 9.5 4 F04655 0.95
-0.95 9.5 9.700001 F24E5B 0.95
-0.95 10.45 4 F84D5B 0.95
-0.95 10.45 9.700001 F54F5C 0.95
-0.95 11.4 4 FC515E 0.95
-0.95 11.4 9.700001 F24E5B 0.95
-0.95 12.35 4 FE535F 0.95
-0.95 12.35 4.950001 FFFFFF 0.95
-0.95 12.35 5.9 FFFFFF 0.95
-0.95 12.35 6.85 FFFFFF 0.95
0 12.35 7.799999 F0E9E5 0.95
-0.95 12.35 9.700001 FF5561 0.95
-0.95 12.35 8.75 FFF9F4 0.95
0 13.3 7.799999 EEE4E1 0.95
-0.95 13.3 8.75 E3D6D4 0.95
0 14.25 7.799999 E4DBD7 0.95
-0.95 14.25 8.75 DDD6D3 0.95
0 15.2 7.799999 E5DCD9 0.95
-0.95 15.2 8.75 DCD4D1 0.95
0 16.15 7.799999 E2DAD7 0.95
-0.95 16.15 8.75 DAD2D0 0.95
-0.95 17.1 7.799999 E7DEDA 0.95
-0.95 17.1 8.75 DBD5D2 0.95
0 2.85 -1.700001 603C56 0.95
0 0 12.55 C5BDBD 0.95
0 0 -4.55 EEE3DF 0.95
0 0 -3.6 E9DEDA 0.95
0 0 -0.75 B43043 0.95
0 0 0.2000008 AA5261 0.95
0 0 1.15 A74B5B 0.95
0 0 2.1 A84E5D 0.95
0 0 3.049999 AC5664 0.95
0 0 4 B2636F 0.95
0 0 4.950001 B3616D 0.95
0 0 5.9 B65966 0.95
0 0 6.85 B85C69 0.95
0 0 7.799999 B95A67 0.95
0 0 8.75 BE626E 0.95
0 0 9.700001 BE5C69 0.95
0 0 10.65 E7C4C2 0.95
0 0 11.6 E1C5C3 0.95
1.9 0.95 -2.65 D8CECC 0.95
0 0.95 -0.75 CB3648 0.95
1.9 0.95 -1.700001 9C5D6C 0.95
0 0.95 9.700001 F44E5B 0.95
0 1.9 -2.65 716381 0.95
0 1.9 -1.700001 EAC8C6 0.95
0 1.9 -0.75 F04A58 0.95
0 1.9 9.700001 F64E5C 0.95
0 2.85 9.700001 F64F5D 0.95
0 3.8 -0.75 F9515D 0.95
4.75 3.8 0.2000008 D8CAC8 0.95
0 3.8 4 952438 0.95
0 3.8 1.15 A67C84 0.95
3.8 3.8 1.15 BBACAD 0.95
0 3.8 2.1 9F727C 0.95
3.8 3.8 2.1 88616E 0.95
4.75 3.8 3.049999 813D50 0.95
0 3.8 9.700001 F44E5C 0.95
0 4.75 -0.75 FF5460 0.95
4.75 4.75 0.2000008 DDCCC9 0.95
0 4.75 4 982438 0.95
3.8 4.75 1.15 BAA9AB 0.95
3.8 4.75 2.1 8A5E6B 0.95
4.75 4.75 3.049999 883346 0.95
0 4.75 9.700001 F54F5C 0.95
4.75 5.7 0.2000008 D6CBC9 0.95
0 5.7 4 AE2A3E 0.95
3.8 5.7 1.15 BCACAD 0.95
3.8 5.7 2.1 8E5C69 0.95
4.75 5.7 3.049999 85374A 0.95
0 5.7 9.700001 F24D5B 0.95
4.75 6.65 0.2000008 D6CCCA 0.95
0 6.65 4 C32F42 0.95
3.8 6.65 1.15 BAA7A9 0.95
3.8 6.65 2.1 8E5967 0.95
4.75 6.65 3.049999 92394C 0.95
0 6.65 9.700001 ED4C5A 0.95
4.75 7.6 0.2000008 D9D1CE 0.95
0 7.6 4 C93547 0.95
3.8 7.6 1.15 BAA9AA 0.95
3.8 7.6 2.1 965B68 0.95
4.75 7.6 3.049999 9A4556 0.95
0 7.6 9.700001 F44F5C 0.95
4.75 8.55 0.2000008 D9D1CE 0.95
0 8.55 4 D9384A 0.95
3.8 8.55 1.15 B7A09E 0.95
3.8 8.55 2.1 964C5B 0.95
4.75 8.55 3.049999 A74C5C 0.95
0 8.55 9.700001 F9515E 0.95
4.75 9.5 0.2000008 DDD4D1 0.95
0 9.5 4 DF3E4F 0.95
3.8 9.5 1.15 C8B6B2 0.95
3.8 9.5 2.1 BE8C8F 0.95
4.75 9.5 3.049999 B75F6B 0.95
0 9.5 9.700001 F44F5C 0.95
0.95 10.45 0.2000008 C4BABA 0.95
0 10.45 1.15 D7C9C8 0.95
0 10.45 2.1 CFBFBE 0.95
4.75 10.45 3.049999 D07E85 0.95
0 10.45 4 F84A59 0.95
0 10.45 9.700001 F5505D 0.95
0 11.4 4 FF5460 0.95
0 11.4 9.700001 F34F5B 0.95
0 12.35 4 FE535F 0.95
0 12.35 4.950001 FFFFFF 0.95
0 12.35 9.700001 FE505D 0.95
0 12.35 5.9 FFFFFF 0.95
0 12.35 6.85 FFFFFF 0.95
0 12.35 8.75 FFFEF8 0.95
0.95 13.3 7.799999 DBD0CE 0.95
0.95 0 12.55 C9C0BF 0.95
0.95 0 -3.6 FAF5F0 0.95
0.95 0 -4.55 E9DCD9 0.95
0.95 0 -2.65 B19EA2 0.95
0.95 0 -0.75 BC3446 0.95
0.95 0 -1.700001 9A717B 0.95
0.95 0 0.2000008 A74E5E 0.95
0.95 0 1.15 A84859 0.95
0.95 0 2.1 A64C5C 0.95
0.95 0 3.049999 AC5C69 0.95
0.95 0 4 AE5E6B 0.95
0.95 0 4.950001 B25866 0.95
0.95 0 5.9 B55C69 0.95
0.95 0 6.85 B95D6A 0.95
0.95 0 7.799999 B85B68 0.95
0.95 0 8.75 BD5E6B 0.95
0.95 0 9.700001 BF5C69 0.95
0.95 0 10.65 E1C2C1 0.95
0.95 0 11.6 E3C7C5 0.95
0.95 0.95 -0.75 E03F50 0.95
0.95 0.95 -2.65 EAE4E2 0.95
0.95 0.95 -1.700001 B17680 0.95
0.95 0.95 9.700001 F84F5C 0.95
0.95 1.9 -0.75 EE4A58 0.95
0.95 1.9 9.700001 FA515D 0.95
0.95 2.85 -0.75 F8505D 0.95
0.95 2.85 9.700001 F44E5B 0.95
0.95 3.8 -0.75 FA515E 0.95
0.95 3.8 0.2000008 BD9FA2 0.95
0.95 3.8 4 842439 0.95
0.95 3.8 1.15 AD8A90 0.95
0.95 3.8 2.1 9F757E 0.95
0.95 3.8 3.049999 936A75 0.95
0.95 3.8 9.700001 F44F5C 0.95
0.95 4.75 -0.75 E0CECB 0.95
0.95 4.75 4 912438 0.95
0.95 4.75 3.049999 7C283C 0.95
0.95 4.75 9.700001 F6505D 0.95
0.95 5.7 -0.75 DCCECC 0.95
0.95 5.7 4 96263A 0.95
0.95 5.7 3.049999 852E42 0.95
0.95 5.7 9.700001 F24D5A 0.95
0.95 6.65 -0.75 DFD5D2 0.95
0.95 6.65 4 AB2A3D 0.95
0.95 6.65 3.049999 903246 0.95
0.95 6.65 9.700001 F04D5A 0.95
0.95 7.6 -0.75 DED5D2 0.95
0.95 7.6 4 B12B3F 0.95
0.95 7.6 3.049999 9E384B 0.95
0.95 7.6 9.700001 F04D5B 0.95
0.95 8.55 -0.75 DFD6D3 0.95
0.95 8.55 4 BF2F42 0.95
0.95 8.55 3.049999 AA3D4F 0.95
0.95 8.55 9.700001 F6505D 0.95
0.95 9.5 -0.75 DCD3D1 0.95
0.95 9.5 4 DA3749 0.95
0.95 9.5 3.049999 B64152 0.95
0.95 9.5 9.700001 F04D5A 0.95
0.95 10.45 -0.75 DDD6D3 0.95
2.85 10.45 1.15 C2B1B2 0.95
0.95 10.45 3.049999 BFA4A7 0.95
1.9 10.45 2.1 BEA9AB 0.95
0.95 10.45 4 F44957 0.95
0.95 10.45 9.700001 F44F5C 0.95
0.95 11.4 4 FF5561 0.95
0.95 11.4 1.15 FFFFF9 0.95
0.95 11.4 2.1 FFFEF8 0.95
0.95 11.4 9.700001 F14E5B 0.95
0.95 12.35 4 FF535F 0.95
0.95 12.35 4.950001 FFFFFF 0.95
0.95 12.35 7.799999 F7F2ED 0.95
0.95 12.35 5.9 FFFFFF 0.95
0.95 12.35 6.85 FFFFFF 0.95
2.85 12.35 7.799999 C8CAD5 0.95
0.95 12.35 8.75 FFFCF7 0.95
0.95 12.35 9.700001 FF5460 0.95
0.95 14.25 7.799999 DCD2D0 0.95
0.95 13.3 8.75 EBDFDB 0.95
0.95 15.2 7.799999 CDC3C2 0.95
0.95 14.25 8.75 E7DCD9 0.95
0.95 15.2 8.75 F3ECE8 0.95
0.95 16.15 7.799999 E5DFDB 0.95
0.95 16.15 8.75 E0D9D6 0.95
1.9 0 12.55 C6BEBE 0.95
1.9 0 -2.65 E3DDDA 0.95
1.9 0 -4.55 EEE4E0 0.95
1.9 0 -3.6 EDE6E2 0.95
1.9 0 -0.75 BE3547 0.95
1.9 0 -1.700001 A87D85 0.95
1.9 0 0.2000008 AA505F 0.95
1.9 0 1.15 A75160 0.95
1.9 0 2.1 A85664 0.95
1.9 0 3.049999 AB5664 0.95
1.9 0 4 B0636F 0.95
1.9 0 4.950001 B45F6C 0.95
1.9 0 5.9 B65B68 0.95
1.9 0 6.85 B65A68 0.95
1.9 0 7.799999 B75B68 0.95
1.9 0 8.75 BC5E6A 0.95
1.9 0 9.700001 BF5D6A 0.95
1.9 0 10.65 E3C5C3 0.95
1.9 0 11.6 E4C6C4 0.95
1.9 0.95 -0.75 CA3648 0.95
1.9 0.95 9.700001 FF525F 0.95
1.9 1.9 -0.75 FD515E 0.95
1.9 1.9 -2.65 FFF7F2 0.95
1.9 1.9 -1.700001 FFE4E0 0.95
1.9 1.9 9.700001 FA505D 0.95
1.9 2.85 -0.75 F9505D 0.95
1.9 2.85 9.700001 F9515E 0.95
1.9 3.8 -0.75 FC535F 0.95
1.9 3.8 0.2000008 DBC8C7 0.95
1.9 3.8 4 8E273B 0.95
1.9 3.8 1.15 A6878D 0.95
1.9 3.8 2.1 9D7880 0.95
1.9 3.8 3.049999 906A75 0.95
1.9 3.8 9.700001 F34E5C 0.95
1.9 4.75 0.2000008 E1D0CE 0.95
1.9 4.75 -0.75 FF5964 0.95
1.9 4.75 4 8E263A 0.95
1.9 4.75 3.049999 853044 0.95
1.9 4.75 9.700001 EE4C5A 0.95
1.9 5.7 0.2000008 DED6D3 0.95
1.9 5.7 4 99293D 0.95
1.9 5.7 3.049999 853245 0.95
1.9 5.7 9.700001 F5505D 0.95
1.9 6.65 0.2000008 DDD6D3 0.95
1.9 6.65 4 9F293D 0.95
1.9 6.65 3.049999 8D3145 0.95
1.9 6.65 9.700001 F24E5B 0.95
1.9 7.6 0.2000008 DED5D2 0.95
1.9 7.6 4 A4293D 0.95
1.9 7.6 3.049999 943649 0.95
1.9 7.6 9.700001 F54F5C 0.95
1.9 8.55 0.2000008 DED7D4 0.95
1.9 8.55 4 C63245 0.95
1.9 8.55 3.049999 A43B4D 0.95
1.9 8.55 9.700001 F8515E 0.95
1.9 9.5 0.2000008 DCD5D3 0.95
1.9 9.5 4 CF3749 0.95
1.9 9.5 3.049999 BB4757 0.95
1.9 9.5 9.700001 F5505D 0.95
1.9 10.45 0.2000008 DED7D5 0.95
4.75 10.45 0.2000008 DFD7D4 0.95
1.9 10.45 1.15 E0D7D4 0.95
1.9 10.45 3.049999 C0A9AB 0.95
1.9 10.45 4 F34958 0.95
1.9 10.45 9.700001 F6505D 0.95
1.9 11.4 4 FF5561 0.95
1.9 11.4 1.15 FFFFFB 0.95
1.9 11.4 2.1 FFFBF6 0.95
1.9 11.4 9.700001 F44F5C 0.95
1.9 12.35 4 FF5661 0.95
1.9 12.35 4.950001 FFFFFF 0.95
1.9 12.35 9.700001 FF5A65 0.95
1.9 12.35 5.9 FFFFFF 0.95
1.9 12.35 6.85 FFFFFF 0.95
1.9 12.35 7.799999 FFFFFF 0.95
1.9 12.35 8.75 FFFFFF 0.95
2.85 8.55 1.15 AE6D58 0.95
2.85 9.5 2.1 A93137 0.95
2.85 0 -0.75 F44A58 0.95
2.85 0 -4.55 EEE3DF 0.95
2.85 0 -3.6 EEE5E1 0.95
2.85 0 -2.65 E6D6D3 0.95
2.85 0 -1.700001 DBBDBC 0.95
2.85 0 0.2000008 AB5261 0.95
2.85 0 1.15 A74F5F 0.95
2.85 0 2.1 A85462 0.95
2.85 0 3.049999 AA5B68 0.95
2.85 0 4 B0626E 0.95
2.85 0 4.950001 B25E6B 0.95
2.85 0 5.9 B55F6C 0.95
2.85 0 6.85 B75E6B 0.95
2.85 0 7.799999 BA5D69 0.95
2.85 0 8.75 B85966 0.95
2.85 0 9.700001 B35765 0.95
2.85 0 10.65 E2CAC4 0.95
2.85 0 11.6 E1CBC8 0.95
2.85 0 12.55 E7D0CD 0.95
2.85 0.95 -0.75 F54E5B 0.95
2.85 0.95 -2.65 EED6D3 0.95
2.85 0.95 -1.700001 EFCBC9 0.95
2.85 0.95 9.700001 222940 0.95
2.85 1.9 -0.75 FF5561 0.95
2.85 1.9 9.700001 F64F5C 0.95
2.85 2.85 -0.75 F9515E 0.95
2.85 2.85 9.700001 FC525F 0.95
2.85 3.8 -0.75 FB525F 0.95
2.85 3.8 1.15 B8A6A8 0.95
2.85 3.8 0.2000008 ECE2DF 0.95
2.85 3.8 2.1 9E737D 0.95
2.85 3.8 4 AD2F42 0.95
2.85 3.8 3.049999 AB707A 0.95
2.85 3.8 9.700001 F54F5C 0.95
2.85 4.75 1.15 B9A8A9 0.95
2.85 4.75 -0.75 FF5964 0.95
2.85 4.75 2.1 885766 0.95
2.85 4.75 4 AA2E41 0.95
2.85 4.75 9.700001 F04D5B 0.95
2.85 5.7 1.15 B09EA1 0.95
2.85 5.7 2.1 8C5867 0.95
2.85 5.7 4 B33043 0.95
2.85 5.7 9.700001 F34F5C 0.95
2.85 6.65 1.15 B6A4A6 0.95
2.85 6.65 2.1 8D5463 0.95
2.85 6.65 4 AD2E42 0.95
2.85 6.65 9.700001 F5505D 0.95
2.85 7.6 1.15 B9A7A8 0.95
2.85 7.6 2.1 925361 0.95
2.85 7.6 4 B93144 0.95
2.85 7.6 9.700001 F6505D 0.95
2.85 8.55 2.1 94515E 0.95
2.85 8.55 4 C63548 0.95
2.85 8.55 9.700001 FC525F 0.95
2.85 9.5 1.15 C9B7B3 0.95
2.85 9.5 4 DE3E4F 0.95
2.85 9.5 9.700001 F54F5C 0.95
3.8 10.45 1.15 D9CBC9 0.95
2.85 10.45 2.1 D7B4B3 0.95
3.8 10.45 2.1 D3ACAD 0.95
2.85 10.45 4 F64C59 0.95
2.85 10.45 9.700001 F54F5C 0.95
2.85 11.4 4 FF5460 0.95
2.85 11.4 9.700001 F24E5C 0.95
2.85 12.35 4 FD535F 0.95
2.85 12.35 4.950001 FFFFFF 0.95
2.85 12.35 9.700001 FF5C66 0.95
2.85 12.35 5.9 FFFFFF 0.95
2.85 12.35 6.85 FFFFFF 0.95
2.85 12.35 8.75 FFFFFF 0.95
3.8 0 -0.75 FB4C5A 0.95
3.8 0 -4.55 ECE1DE 0.95
3.8 0 -3.6 EBDBD8 0.95
3.8 0 -2.65 E9D8D5 0.95
3.8 0 -1.700001 E1C4C3 0.95
3.8 0 0.2000008 AA5261 0.95
3.8 0 1.15 AC5866 0.95
3.8 0 2.1 AA5B68 0.95
3.8 0 3.049999 B05E6B 0.95
3.8 0 4 B3636F 0.95
3.8 0 4.950001 B6646F 0.95
3.8 0 5.9 B55C69 0.95
3.8 0 6.85 B65966 0.95
3.8 0 7.799999 B85E6B 0.95
3.8 0 8.75 B65462 0.95
3.8 0 9.700001 B45764 0.95
3.8 0 10.65 DEC8C4 0.95
3.8 0 11.6 E1C9C6 0.95
3.8 0 12.55 E6D0CD 0.95
3.8 0.95 -0.75 746572 0.95
3.8 0.95 9.700001 222A41 0.95
3.8 1.9 -0.75 FF5561 0.95
3.8 1.9 9.700001 FA515E 0.95
3.8 2.85 -0.75 FF5561 0.95
3.8 2.85 9.700001 F44F5C 0.95
3.8 3.8 -0.75 FC535F 0.95
3.8 3.8 4 B13043 0.95
3.8 3.8 0.2000008 F0E4E0 0.95
3.8 3.8 3.049999 AE7881 0.95
3.8 3.8 9.700001 F8515E 0.95
3.8 4.75 4 AB2E41 0.95
3.8 4.75 -0.75 FF5D67 0.95
3.8 4.75 9.700001 F44F5C 0.95
3.8 5.7 4 AA2E41 0.95
3.8 5.7 9.700001 EF4D5B 0.95
3.8 6.65 4 B22F42 0.95
3.8 6.65 9.700001 F6505D 0.95
3.8 7.6 4 BA3043 0.95
3.8 7.6 9.700001 F54F5C 0.95
3.8 8.55 4 C13346 0.95
3.8 8.55 9.700001 F5505D 0.95
3.8 9.5 4 DF4050 0.95
3.8 9.5 9.700001 F7515E 0.95
3.8 10.45 4 F74D5A 0.95
3.8 10.45 9.700001 F6505D 0.95
3.8 11.4 4 FF535F 0.95
3.8 11.4 9.700001 F5505D 0.95
3.8 12.35 4 FE525F 0.95
3.8 12.35 4.950001 FFFEF9 0.95
3.8 12.35 7.799999 C8C9D5 0.95
3.8 12.35 5.9 FFFFFF 0.95
3.8 12.35 6.85 FFFFFF 0.95
4.75 12.35 7.799999 A9ADBF 0.95
3.8 12.35 9.700001 FF5964 0.95
3.8 12.35 8.75 FFFFFF 0.95
3.8 13.3 7.799999 FFFFFF 0.95
4.75 0 -0.75 FF5460 0.95
4.75 0 -4.55 F0E4E0 0.95
4.75 0 -3.6 EDDEDB 0.95
4.75 0 -2.65 E9D7D4 0.95
4.75 0 -1.700001 E3CDCA 0.95
4.75 0 0.2000008 B05966 0.95
4.75 0 1.15 AF5966 0.95
4.75 0 2.1 AF5563 0.95
4.75 0 3.049999 AF5B68 0.95
4.75 0 4 B25D6A 0.95
4.75 0 4.950001 B66570 0.95
4.75 0 5.9 B65967 0.95
4.75 0 6.85 B55564 0.95
4.75 0 7.799999 B95866 0.95
4.75 0 8.75 B95765 0.95
4.75 0 9.700001 BC5361 0.95
4.75 0 10.65 E0C5C3 0.95
4.75 0 11.6 E2CDCB 0.95
4.75 0 12.55 E4D1CF 0.95
4.75 0.95 -0.75 242C43 0.95
4.75 0.95 9.700001 FA505D 0.95
4.75 1.9 -0.75 FF5460 0.95
4.75 1.9 9.700001 F64F5C 0.95
4.75 2.85 -0.75 FB525F 0.95
4.75 2.85 9.700001 F54F5C 0.95
4.75 3.8 -0.75 FF5460 0.95
8.55 3.8 0.2000008 FB4755 0.95
4.75 3.8 4 952A3D 0.95
4.75 3.8 1.15 B9A1A3 0.95
8.55 3.8 1.15 F0414E 0.95
4.75 3.8 2.1 A17F86 0.95
8.55 3.8 2.1 DB3444 0.95
8.55 3.8 3.049999 D23244 0.95
4.75 3.8 9.700001 F54F5D 0.95
4.75 4.75 -0.75 FF5863 0.95
4.75 4.75 4 A22A3D 0.95
4.75 4.75 9.700001 F44F5C 0.95
4.75 5.7 4 A32A3E 0.95
4.75 5.7 9.700001 F9515E 0.95
4.75 6.65 4 AB2C3F 0.95
4.75 6.65 9.700001 F6505D 0.95
4.75 7.6 4 B02E42 0.95
4.75 7.6 9.700001 FC525E 0.95
4.75 8.55 4 BD3144 0.95
4.75 8.55 9.700001 F9525E 0.95
4.75 9.5 4 D93B4C 0.95
4.75 9.5 9.700001 F5505D 0.95
5.7 10.45 0.2000008 C4BBBB 0.95
4.75 10.45 1.15 D9CDCB 0.95
4.75 10.45 2.1 D1C4C3 0.95
4.75 10.45 4 F44A58 0.95
4.75 10.45 9.700001 F6505D 0.95
4.75 11.4 4 FF525F 0.95
4.75 11.4 9.700001 F24F5C 0.95
4.75 12.35 4 FF5460 0.95
4.75 12.35 4.950001 FFFFFF 0.95
4.75 12.35 5.9 FFFFFF 0.95
4.75 12.35 6.85 FFFFFF 0.95
5.7 12.35 7.799999 AAAFC1 0.95
4.75 12.35 9.700001 FF5B66 0.95
4.75 12.35 8.75 FFFFFF 0.95
5.7 0 -0.75 FF525F 0.95
5.7 0 -4.55 F0E7E3 0.95
5.7 0 -3.6 EEE0DD 0.95
5.7 0 -2.65 EBD9D6 0.95
5.7 0 -1.700001 E2CDCB 0.95
5.7 0 0.2000008 B45462 0.95
5.7 0 1.15 AC5764 0.95
5.7 0 2.1 AD5865 0.95
5.7 0 3.049999 AF5664 0.95
5.7 0 4 B3606C 0.95
5.7 0 4.950001 B55A68 0.95
5.7 0 5.9 B75D6A 0.95
5.7 0 6.85 B75866 0.95
5.7 0 7.799999 B95664 0.95
5.7 0 8.75 B75866 0.95
5.7 0 9.700001 B85462 0.95
5.7 0 10.65 E2C9C7 0.95
5.7 0 11.6 DECAC8 0.95
5.7 0 12.55 E5D1CF 0.95
5.7 0.95 -0.75 232A41 0.95
5.7 0.95 9.700001 242C43 0.95
5.7 1.9 -0.75 FF5460 0.95
5.7 1.9 9.700001 222A41 0.95
5.7 2.85 -0.75 FF5460 0.95
5.7 2.85 9.700001 E54656 0.95
5.7 3.8 -0.75 FE5460 0.95
5.7 3.8 0.2000008 BEA8A9 0.95
5.7 3.8 4 98283C 0.95
5.7 3.8 1.15 B59A9D 0.95
5.7 3.8 2.1 AA878C 0.95
5.7 3.8 3.049999 9C767E 0.95
5.7 3.8 9.700001 222941 0.95
5.7 4.75 -0.75 E1D1CF 0.95
5.7 4.75 4 A82A3E 0.95
5.7 4.75 3.049999 8F2D41 0.95
5.7 4.75 9.700001 F54F5C 0.95
5.7 5.7 -0.75 DBD2CF 0.95
5.7 5.7 4 A22A3D 0.95
5.7 5.7 3.049999 8A2D41 0.95
5.7 5.7 9.700001 232A42 0.95
5.7 6.65 -0.75 DAD2CF 0.95
5.7 6.65 4 AE2B3F 0.95
5.7 6.65 3.049999 892C3F 0.95
5.7 6.65 9.700001 FF525E 0.95
5.7 7.6 -0.75 DAD2D0 0.95
5.7 7.6 4 B02D40 0.95
5.7 7.6 3.049999 913548 0.95
5.7 7.6 9.700001 222A41 0.95
5.7 8.55 -0.75 DBD5D2 0.95
5.7 8.55 4 BC2F42 0.95
5.7 8.55 3.049999 9D3548 0.95
5.7 8.55 9.700001 202238 0.95
5.7 9.5 -0.75 DFD7D5 0.95
5.7 9.5 4 CD3547 0.95
5.7 9.5 3.049999 B64052 0.95
5.7 9.5 9.700001 F4505D 0.95
5.7 10.45 -0.75 DED8D4 0.95
7.6 10.45 1.15 C4B7B7 0.95
5.7 10.45 3.049999 BEA7A9 0.95
6.65 10.45 2.1 BCAAAB 0.95
5.7 10.45 4 F84C5A 0.95
5.7 10.45 9.700001 F7515E 0.95
5.7 11.4 4 FF5460 0.95
5.7 11.4 1.15 FFFFFE 0.95
5.7 11.4 2.1 FFFCF6 0.95
5.7 11.4 9.700001 F5505D 0.95
5.7 12.35 4 FF5460 0.95
5.7 12.35 4.950001 FFFFFF 0.95
5.7 12.35 9.700001 FF5C67 0.95
5.7 12.35 5.9 FFFFFF 0.95
5.7 12.35 6.85 FFFFFF 0.95
5.7 12.35 8.75 FFFFFF 0.95
6.65 0 -0.75 FF535F 0.95
6.65 0 -4.55 F0E6E2 0.95
6.65 0 -3.6 EEE2DE 0.95
6.65 0 -2.65 EBDAD7 0.95
6.65 0 -1.700001 E4CFCC 0.95
6.65 0 0.2000008 B85966 0.95
6.65 0 1.15 AF5E6A 0.95
6.65 0 2.1 B05765 0.95
6.65 0 3.049999 B35E6B 0.95
6.65 0 4 B8636F 0.95
6.65 0 4.950001 B65765 0.95
6.65 0 5.9 B85966 0.95
6.65 0 6.85 B95764 0.95
6.65 0 7.799999 B95765 0.95
6.65 0 8.75 B95866 0.95
6.65 0 9.700001 BC5664 0.95
6.65 0 10.65 E0C5C4 0.95
6.65 0 11.6 E5D5D1 0.95
6.65 0 12.55 E4D2CF 0.95
6.65 0.95 -0.75 252D45 0.95
6.65 0.95 9.700001 232A41 0.95
6.65 1.9 -0.75 FF5561 0.95
6.65 1.9 9.700001 232B42 0.95
6.65 2.85 -0.75 FF5561 0.95
6.65 2.85 9.700001 E44756 0.95
6.65 3.8 -0.75 FF5460 0.95
6.65 3.8 0.2000008 E1CBC9 0.95
6.65 3.8 4 C33345 0.95
6.65 3.8 1.15 B99FA1 0.95
6.65 3.8 2.1 B19094 0.95
6.65 3.8 3.049999 A67981 0.95
6.65 3.8 9.700001 232A42 0.95
6.65 4.75 0.2000008 E0D4D2 0.95
6.65 4.75 -0.75 FF5F68 0.95
6.65 4.75 4 C83345 0.95
6.65 4.75 3.049999 A84A5A 0.95
6.65 4.75 9.700001 F54F5D 0.95
6.65 5.7 0.2000008 DDD2D0 0.95
6.65 5.7 4 C53245 0.95
6.65 5.7 3.049999 A8495A 0.95
6.65 5.7 9.700001 232A42 0.95
6.65 6.65 0.2000008 DED7D4 0.95
6.65 6.65 4 C13245 0.95
6.65 6.65 3.049999 AB4C5C 0.95
6.65 6.65 9.700001 FE535F 0.95
6.65 7.6 0.2000008 DFD9D6 0.95
6.65 7.6 4 C93547 0.95
6.65 7.6 3.049999 B25160 0.95
6.65 7.6 9.700001 222A41 0.95
6.65 8.55 0.2000008 E0DAD7 0.95
6.65 8.55 4 CA3346 0.95
6.65 8.55 3.049999 B45160 0.95
6.65 8.55 9.700001 20253C 0.95
6.65 9.5 0.2000008 DDD6D4 0.95
6.65 9.5 4 E03D4E 0.95
6.65 9.5 3.049999 C05563 0.95
6.65 9.5 9.700001 F6515E 0.95
6.65 10.45 0.2000008 DCD5D3 0.95
6.65 10.45 1.15 E2DBD8 0.95
6.65 10.45 3.049999 BCA3A6 0.95
6.65 10.45 4 F74B59 0.95
6.65 10.45 9.700001 F34F5C 0.95
6.65 11.4 4 FF535F 0.95
6.65 11.4 1.15 FFFFFB 0.95
6.65 11.4 2.1 FFFDF7 0.95
6.65 11.4 9.700001 FB535F 0.95
6.65 12.35 4 FF5460 0.95
6.65 12.35 4.950001 FFFFFC 0.95
6.65 12.35 7.799999 C7C9D5 0.95
6.65 12.35 5.9 FFFFFF 0.95
6.65 12.35 6.85 FFFFFF 0.95
8.55 12.35 7.799999 FF5A65 0.95
6.65 12.35 9.700001 FF5D68 0.95
6.65 12.35 8.75 FFFFFF 0.95
6.65 13.3 7.799999 FFFFFF 0.95
7.6 0 -0.75 FF535F 0.95
7.6 0 -4.55 F3E8E4 0.95
7.6 0 -3.6 EEE2DF 0.95
7.6 0 -2.65 EADEDB 0.95
7.6 0 -1.700001 E5D3D0 0.95
7.6 0 0.2000008 B75462 0.95
7.6 0 1.15 B85462 0.95
7.6 0 2.1 B25562 0.95
7.6 0 3.049999 B65E6A 0.95
7.6 0 4 B75563 0.95
7.6 0 4.950001 BA5664 0.95
7.6 0 5.9 BB5966 0.95
7.6 0 6.85 BB5664 0.95
7.6 0 7.799999 BA5664 0.95
7.6 0 8.75 BB5261 0.95
7.6 0 9.700001 BD5361 0.95
7.6 0 10.65 DEC9C7 0.95
7.6 0 11.6 E5D2D0 0.95
7.6 0 12.55 E9DAD7 0.95
7.6 0.95 -0.75 20283F 0.95
7.6 0.95 9.700001 FC535F 0.95
7.6 1.9 -0.75 F9515E 0.95
7.6 1.9 9.700001 F54F5C 0.95
7.6 2.85 -0.75 FC535F 0.95
7.6 2.85 9.700001 F54F5D 0.95
7.6 3.8 -0.75 FA525E 0.95
7.6 3.8 1.15 E0CAC4 0.95
7.6 3.8 0.2000008 FFF4ED 0.95
7.6 3.8 2.1 E1C4BF 0.95
7.6 3.8 4 D53B4C 0.95
7.6 3.8 3.049999 DFB7B5 0.95
7.6 3.8 9.700001 F04D5B 0.95
7.6 4.75 1.15 E0C5BD 0.95
7.6 4.75 -0.75 FF646C 0.95
7.6 4.75 2.1 D3ACA7 0.95
7.6 4.75 4 DC3D4D 0.95
7.6 4.75 9.700001 F8515E 0.95
7.6 5.7 1.15 D5C2BC 0.95
7.6 5.7 2.1 D1ABA6 0.95
7.6 5.7 4 E54151 0.95
7.6 5.7 9.700001 F6505D 0.95
7.6 6.65 1.15 CFBAB5 0.95
7.6 6.65 2.1 CBA5A2 0.95
7.6 6.65 4 DF3F4F 0.95
7.6 6.65 9.700001 F54F5C 0.95
7.6 7.6 1.15 D6C4BD 0.95
7.6 7.6 2.1 CEA9A6 0.95
7.6 7.6 4 DB3C4D 0.95
7.6 7.6 9.700001 F04E5B 0.95
7.6 8.55 1.15 CFBCB6 0.95
7.6 8.55 2.1 CBA4A2 0.95
7.6 8.55 4 DF3F4F 0.95
7.6 8.55 9.700001 F44E5B 0.95
7.6 9.5 1.15 EBA75F 0.95
7.6 9.5 2.1 CEB4AD 0.95
7.6 9.5 4 EE4655 0.95
7.6 9.5 9.700001 F14E5C 0.95
7.6 10.45 2.1 DFCBC9 0.95
7.6 10.45 4 FC505D 0.95
7.6 10.45 9.700001 F5505D 0.95
7.6 11.4 4 FF535F 0.95
7.6 11.4 9.700001 F7515E 0.95
7.6 12.35 4 FB525F 0.95
7.6 12.35 4.950001 FFFFFF 0.95
7.6 12.35 9.700001 FF5C67 0.95
7.6 12.35 5.9 FFFFFF 0.95
7.6 12.35 6.85 FFFFFF 0.95
7.6 12.35 7.799999 FFFFFF 0.95
7.6 12.35 8.75 FFFFFF 0.95
8.55 0 -0.75 FF515E 0.95
8.55 0 -4.55 F2EAE6 0.95
8.55 0 -3.6 F3E8E4 0.95
8.55 0 -2.65 ECE0DD 0.95
8.55 0 -1.700001 E9D6D3 0.95
8.55 0 0.2000008 BA505F 0.95
8.55 0 1.15 B74A59 0.95
8.55 0 2.1 B75260 0.95
8.55 0 3.049999 B85361 0.95
8.55 0 4 BD5C68 0.95
8.55 0 4.950001 BC5664 0.95
8.55 0 5.9 BE5664 0.95
8.55 0 6.85 BF5563 0.95
8.55 0 7.799999 B95361 0.95
8.55 0 8.75 B94B5A 0.95
8.55 0 9.700001 BF5260 0.95
8.55 0 10.65 E9CDCB 0.95
8.55 0 11.6 EAD7D4 0.95
8.55 0 12.55 EADBD7 0.95
8.55 0.95 -0.75 242C44 0.95
8.55 0.95 9.700001 FF5662 0.95
8.55 1.9 -0.75 FB525F 0.95
8.55 1.9 9.700001 FA525E 0.95
8.55 2.85 -0.75 FE5460 0.95
8.55 2.85 9.700001 F24E5B 0.95
8.55 3.8 -0.75 FF5561 0.95
8.55 3.8 4 E23D4E 0.95
8.55 3.8 9.700001 F6505D 0.95
8.55 4.75 4 F04554 0.95
8.55 4.75 -0.75 FF616A 0.95
8.55 4.75 9.700001 FB535F 0.95
8.55 5.7 4 EB4554 0.95
8.55 5.7 9.700001 F24E5C 0.95
8.55 6.65 4 E94453 0.95
8.55 6.65 9.700001 F6505D 0.95
8.55 7.6 4 E94654 0.95
8.55 7.6 9.700001 F5505D 0.95
8.55 8.55 4 EA4655 0.95
8.55 8.55 9.700001 F7515D 0.95
8.55 9.5 4 F24B59 0.95
8.55 9.5 9.700001 F14E5B 0.95
8.55 10.45 4 FA4F5C 0.95
8.55 10.45 9.700001 F5505D 0.95
8.55 11.4 4 FB525E 0.95
8.55 11.4 9.700001 F5505D 0.95
8.55 12.35 4 FF5460 0.95
8.55 12.35 9.700001 FF5863 0.95
9.5 9.5 8.75 CC473E 0.95
9.5 0 -4.55 F1EAE6 0.95
9.5 0 -3.6 F3EBE6 0.95
9.5 0 -2.65 F0E6E2 0.95
9.5 0 -1.700001 F1E0DC 0.95
9.5 0 -0.75 ECCFCC 0.95
9.5 0 0.2000008 E1C8C6 0.95
9.5 0 1.15 E7D6D0 0.95
9.5 0 2.1 E1C7C5 0.95
9.5 0 3.049999 E4D3C9 0.95
9.5 0 4 E9C7C5 0.95
9.5 0 4.950001 EBC5C3 0.95
9.5 0 5.9 E7C4C2 0.95
9.5 0 6.85 E4C0BE 0.95
9.5 0 7.799999 E5C7C2 0.95
9.5 0 9.700001 E5C1BE 0.95
9.5 0 10.65 EAD9D5 0.95
9.5 0 11.6 EBDBD7 0.95
9.5 0 12.55 F2E6E2 0.95
9.5 0.95 -0.75 FF5762 0.95
9.5 0.95 0.2000008 FF5460 0.95
9.5 0.95 1.15 F5ECE7 0.95
9.5 0.95 2.1 FE535F 0.95
9.5 0.95 3.049999 232A41 0.95
9.5 0.95 4 FF525F 0.95
9.5 0.95 4.950001 FE5460 0.95
9.5 0.95 5.9 FF5460 0.95
9.5 0.95 6.85 FE535F 0.95
9.5 0.95 7.799999 E83F50 0.95
9.5 0.95 9.700001 FF4F5C 0.95
9.5 1.9 -0.75 FB525F 0.95
9.5 1.9 0.2000008 FF5460 0.95
9.5 1.9 1.15 FA515E 0.95
9.5 1.9 2.1 FE5360 0.95
9.5 1.9 3.049999 FF5460 0.95
9.5 1.9 4 FD535F 0.95
9.5 1.9 4.950001 FF5561 0.95
9.5 1.9 5.9 FB525E 0.95
9.5 1.9 6.85 FB515D 0.95
9.5 1.9 7.799999 F74E5B 0.95
9.5 1.9 9.700001 F94E5B 0.95
9.5 2.85 -0.75 FF5460 0.95
9.5 2.85 0.2000008 F9525E 0.95
9.5 2.85 1.15 FD5360 0.95
9.5 2.85 2.1 F8515E 0.95
9.5 2.85 3.049999 FB525F 0.95
9.5 2.85 4 FD535F 0.95
9.5 2.85 4.950001 FA525E 0.95
9.5 2.85 5.9 FA525E 0.95
9.5 2.85 6.85 FA515E 0.95
9.5 2.85 7.799999 F54D5A 0.95
9.5 2.85 9.700001 F54B59 0.95
9.5 3.8 -0.75 FA525F 0.95
9.5 3.8 0.2000008 FD5460 0.95
9.5 3.8 1.15 FD5460 0.95
9.5 3.8 2.1 FC535F 0.95
9.5 3.8 3.049999 FB525F 0.95
9.5 3.8 4 F44F5C 0.95
9.5 3.8 4.950001 F8515E 0.95
9.5 3.8 5.9 F6505D 0.95
9.5 3.8 6.85 F6505D 0.95
9.5 3.8 7.799999 FB505D 0.95
9.5 3.8 9.700001 F04A58 0.95
9.5 4.75 4.950001 FA525F 0.95
9.5 4.75 5.9 F54F5D 0.95
9.5 4.75 6.85 F6505D 0.95
9.5 4.75 7.799999 F64F5C 0.95
9.5 4.75 9.700001 F34C59 0.95
9.5 5.7 4.950001 F6505D 0.95
9.5 5.7 5.9 FD535F 0.95
9.5 5.7 6.85 F8515E 0.95
9.5 5.7 7.799999 F74F5B 0.95
9.5 5.7 9.700001 F64C59 0.95
9.5 6.65 4.950001 FB525F 0.95
9.5 6.65 5.9 FA525F 0.95
9.5 6.65 6.85 F7505D 0.95
9.5 6.65 7.799999 F34C5A 0.95
9.5 6.65 9.700001 F14B59 0.95
9.5 7.6 4.950001 FD5460 0.95
9.5 7.6 5.9 F9525E 0.95
9.5 7.6 6.85 F54F5C 0.95
9.5 7.6 7.799999 F64D5B 0.95
9.5 7.6 9.700001 F44A57 0.95
9.5 8.55 4.950001 FB525F 0.95
9.5 8.55 5.9 F7505D 0.95
9.5 8.55 6.85 FB525F 0.95
9.5 8.55 7.799999 F84E5B 0.95
9.5 8.55 9.700001 F24B59 0.95
9.5 9.5 4.950001 FA525F 0.95
9.5 9.5 5.9 FC525F 0.95
9.5 9.5 6.85 FC525F 0.95
9.5 9.5 7.799999 FD535F 0.95
9.5 9.5 9.700001 FC4F5B 0.95
9.5 10.45 4.950001 FE5460 0.95
9.5 10.45 5.9 F44F5D 0.95
9.5 10.45 6.85 F7515E 0.95
9.5 10.45 7.799999 FB535F 0.95
9.5 10.45 8.75 FF535F 0.95
9.5 10.45 9.700001 F9525F 0.95
9.5 11.4 4.950001 F7515D 0.95
9.5 11.4 5.9 FA525F 0.95
9.5 11.4 6.85 F7505D 0.95
9.5 11.4 7.799999 FA525F 0.95
9.5 11.4 8.75 FC535F 0.95
9.5 11.4 9.700001 FB535F 0.95
9.5 12.35 4.950001 F8515E 0.95
9.5 12.35 5.9 F7515E 0.95
9.5 12.35 6.85 FA525F 0.95
9.5 12.35 7.799999 FB535F 0.95
9.5 12.35 8.75 F7515E 0.95
9.5 12.35 9.700001 F7515E 0.95
10.45 0 -4.55 F7EEEA 0.95
10.45 0 -3.6 F3EBE7 0.95
10.45 0 -2.65 F4E9E5 0.95
10.45 0 -1.700001 F1E6E2 0.95
10.45 0 -0.75 F0DEDA 0.95
10.45 0 0.2000008 ECDBD8 0.95
10.45 0 1.15 E7D2CF 0.95
10.45 0 2.1 E7D1CE 0.95
10.45 0 3.049999 E7CECB 0.95
10.45 0 4 E7CFCC 0.95
10.45 0 4.950001 E6CDCA 0.95
10.45 0 5.9 E8CECC 0.95
10.45 0 6.85 E7CCC9 0.95
10.45 0 7.799999 E5CECA 0.95
10.45 0 8.75 EBD9D3 0.95
10.45 0 9.700001 EFDFDA 0.95
10.45 0 10.65 F0E3DE 0.95
10.45 0 11.6 F0E3E0 0.95
10.45 0 12.55 F1E6E2 0.95
10.45 0.95 8.75 F8B665 0.95
10.45 1.9 8.75 FDBC68 0.95
10.45 2.85 8.75 F6B564 0.95
10.45 3.8 8.75 F8B765 0.95
10.45 4.75 8.75 F9B966 0.95
10.45 5.7 8.75 F9B966 0.95
10.45 6.65 8.75 F5B464 0.95
10.45 7.6 8.75 F8B866 0.95
10.45 8.55 8.75 F9B966 0.95
11.4 0 -4.55 F6EDE9 0.95
11.4 0 -3.6 F4EBE7 0.95
11.4 0 -2.65 F2E8E4 0.95
11.4 0 -1.700001 F5E9E5 0.95
11.4 0 -0.75 F2E3DF 0.95
11.4 0 0.2000008 F0DEDA 0.95
11.4 0 1.15 EDDEDA 0.95
11.4 0 2.1 EFDEDA 0.95
11.4 0 3.049999 EAD5D2 0.95
11.4 0 4 ECD8D5 0.95
11.4 0 4.950001 E9D6D3 0.95
11.4 0 5.9 EBD5D2 0.95
11.4 0 6.85 ECD6D2 0.95
11.4 0 7.799999 ECD7D2 0.95
11.4 0 8.75 EFDFDA 0.95
11.4 0 9.700001 EFE0DC 0.95
11.4 0 10.65 F2E6E1 0.95
11.4 0 11.6 F1E5E0 0.95
11.4 0 12.55 F2E9E4 0.95
