-11.4 0 -6.45 A3989C 0.95
-11.4 0 -5.5 A09599 0.95
-11.4 0 -4.55 9E9498 0.95
-11.4 0 -3.6 9A8F94 0.95
-11.4 0 -2.65 968B91 0.95
-11.4 0 -1.700001 92888E 0.95
-11.4 0 -0.75 92878E 0.95
-11.4 0 0.2000008 91868D 0.95
-11.4 0 1.15 8C8289 0.95
-11.4 0 2.1 8C8188 0.95
-11.4 0 3.049999 8C8188 0.95
-11.4 0 4 8C8188 0.95
-11.4 0 4.950001 897E86 0.95
-11.4 0 5.9 8F848B 0.95
-11.4 0 6.85 8D8289 0.95
-11.4 0 7.799999 90868C 0.95
-11.4 0 8.75 92878D 0.95
-11.4 0 9.700001 95898F 0.95
-11.4 0 10.65 968B90 0.95
-11.4 0 11.6 9B9095 0.95
-11.4 0 12.55 9D9296 0.95
-11.4 0 13.5 9D9296 0.95
-11.4 0 14.45 A1969A 0.95
-11.4 0 15.4 A4999D 0.95
-11.4 0.95 -7.4 DFD8D4 0.95
-11.4 0.95 -6.45 DFD9D5 0.95
-11.4 0.95 -5.5 DDD5D1 0.95
-11.4 0.95 -4.55 DBD4D1 0.95
-2.85 0.95 -4.55 5F5875 0.95
-11.4 0.95 -3.6 D8D1CF 0.95
-4.75 0.95 -3.6 5E5775 0.95
-11.4 0.95 -2.65 D7D0CD 0.95
-5.7 0.95 -2.65 605A78 0.95
-11.4 0.95 -1.700001 D2CBC9 0.95
-6.65 0.95 -1.700001 5E5877 0.95
-11.4 0.95 -0.75 D2CBC9 0.95
-7.6 0.95 -0.75 5D5776 0.95
-11.4 0.95 0.2000008 CDC6C5 0.95
-8.55 0.95 0.2000008 5B5675 0.95
-11.4 0.95 1.15 D0C9C7 0.95
-8.55 0.95 1.15 595473 0.95
-11.4 0.95 2.1 CBC3C2 0.95
-8.55 0.95 2.1 585372 0.95
-11.4 0.95 3.049999 CDC5C4 0.95
-8.55 0.95 3.049999 575271 0.95
-11.4 0.95 4 CBC3C2 0.95
-9.5 0.95 4 575270 0.95
-11.4 0.95 4.950001 CCC5C4 0.95
-8.55 0.95 4.950001 5A5473 0.95
-11.4 0.95 5.9 CDC6C5 0.95
-8.55 0.95 5.9 5A5574 0.95
-11.4 0.95 6.85 CEC7C6 0.95
-8.55 0.95 6.85 595473 0.95
-11.4 0.95 7.799999 D2CCCA 0.95
-8.55 0.95 7.799999 615C7B 0.95
-11.4 0.95 8.75 D4CDCB 0.95
-7.6 0.95 8.75 5F5A79 0.95
-11.4 0.95 9.700001 D5CECC 0.95
-6.65 0.95 9.700001 615B7A 0.95
-11.4 0.95 10.65 DBD4D2 0.95
-5.7 0.95 10.65 666080 0.95
-11.4 0.95 11.6 DBD5D2 0.95
-4.75 0.95 11.6 666180 0.95
-11.4 0.95 12.55 DCD5D2 0.95
-2.85 0.95 12.55 655F7F 0.95
-11.4 0.95 13.5 DFD9D6 0.95
-11.4 0.95 14.45 E1DCD9 0.95
-11.4 0.95 15.4 E2DCD8 0.95
-3.8 1.9 -3.6 5C5674 0.95
-4.75 1.9 -2.65 3A3855 0.95
-4.75 1.9 -1.700001 353350 0.95
-8.55 1.9 3.049999 55506E 0.95
-8.55 1.9 4 534E6D 0.95
-8.55 1.9 4.950001 544F6E 0.95
-4.75 1.9 9.700001 363451 0.95
-4.75 1.9 10.65 443F5C 0.95
-3.8 1.9 11.6 5C5776 0.95
-3.8 2.85 -3.6 554E6C 0.95
-4.75 2.85 -2.65 353450 0.95
-4.75 2.85 -1.700001 33324E 0.95
-8.55 2.85 3.049999 4E4968 0.95
-8.55 2.85 4 4B4766 0.95
-8.55 2.85 4.950001 4E4967 0.95
-4.75 2.85 9.700001 353350 0.95
-4.75 2.85 10.65 433C58 0.95
-3.8 2.85 11.6 565170 0.95
-2.85 3.8 -4.55 DDD3CE 0.95
-4.75 3.8 -3.6 DBD2CE 0.95
-5.7 3.8 -2.65 DBD2CE 0.95
-6.65 3.8 -1.700001 D6CECB 0.95
-7.6 3.8 -0.75 D6CECB 0.95
-8.55 3.8 0.2000008 D2CAC8 0.95
-8.55 3.8 1.15 CEC6C5 0.95
-8.55 3.8 2.1 CDC5C3 0.95
-8.55 3.8 3.049999 CFC7C6 0.95
-9.5 3.8 4 CDC5C4 0.95
-8.55 3.8 4.950001 D1CAC8 0.95
-8.55 3.8 5.9 D1CAC8 0.95
-8.55 3.8 6.85 D2CBC9 0.95
-8.55 3.8 7.799999 D7D0CD 0.95
-7.6 3.8 8.75 DAD2D0 0.95
-6.65 3.8 9.700001 DCD5D2 0.95
-5.7 3.8 10.65 DCD6D3 0.95
-4.75 3.8 11.6 DDD6D3 0.95
-2.85 3.8 12.55 DCD5D3 0.95
-2.85 4.75 -3.6 F0E9E4 0.95
-4.75 4.75 -2.65 F0EAE5 0.95
-5.7 4.75 -1.700001 EFE9E4 0.95
-6.65 4.75 -0.75 EDE7E3 0.95
-6.65 4.75 0.2000008 ECE6E2 0.95
-7.6 4.75 1.15 ECE6E2 0.95
-7.6 4.75 2.1 ECE7E3 0.95
-7.6 4.75 3.049999 ECE6E2 0.95
-8.55 4.75 4 ECE7E3 0.95
-7.6 4.75 4.950001 EFEAE6 0.95
-7.6 4.75 5.9 EDE7E3 0.95
-7.6 4.75 6.85 F1EBE7 0.95
-6.65 4.75 7.799999 F0EBE6 0.95
-6.65 4.75 8.75 F3EDE9 0.95
-5.7 4.75 9.700001 F4EEEA 0.95
-4.75 4.75 10.65 F6F1EC 0.95
-2.85 4.75 11.6 FCF7F2 0.95
-0.95 5.7 -3.6 ECE4DF 0.95
-3.8 5.7 -2.65 EAE3DE 0.95
-5.7 5.7 -1.700001 E8E1DD 0.95
-5.7 5.7 -0.75 E7E0DC 0.95
-6.65 5.7 0.2000008 E8E1DD 0.95
-7.6 5.7 1.15 E4DEDB 0.95
-7.6 5.7 2.1 E6E0DC 0.95
-7.6 5.7 3.049999 E5DEDB 0.95
-7.6 5.7 4 EBE5E1 0.95
-7.6 5.7 4.950001 EAE4E1 0.95
-7.6 5.7 5.9 E8E2DF 0.95
-7.6 5.7 6.85 E9E2DE 0.95
-6.65 5.7 7.799999 E9E3E0 0.95
-5.7 5.7 8.75 EAE4E0 0.95
-5.7 5.7 9.700001 ECE6E2 0.95
-3.8 5.7 10.65 ECE7E3 0.95
-0.95 5.7 11.6 EEE8E4 0.95
-3.8 6.65 -2.65 E7E0DB 0.95
-4.75 6.65 -1.700001 E9E2DD 0.95
-5.7 6.65 -0.75 E6E0DB 0.95
-6.65 6.65 0.2000008 E5DEDA 0.95
-6.65 6.65 1.15 E4DEDA 0.95
-7.6 6.65 2.1 E3DDD9 0.95
-7.6 6.65 3.049999 E5DFDC 0.95
-7.6 6.65 4 E9E3E0 0.95
-7.6 6.65 4.950001 E7E1DD 0.95
-7.6 6.65 5.9 E8E2DE 0.95
-6.65 6.65 6.85 E6E0DD 0.95
-6.65 6.65 7.799999 E9E3DF 0.95
-5.7 6.65 8.75 EAE4E0 0.95
-4.75 6.65 9.700001 EBE5E1 0.95
-3.8 6.65 10.65 ECE6E2 0.95
-2.85 7.6 -2.65 EAE2DC 0.95
-4.75 7.6 -1.700001 E5DED9 0.95
-5.7 7.6 -0.75 E5DEDA 0.95
-5.7 7.6 0.2000008 E6DFDB 0.95
-6.65 7.6 1.15 E5DFDB 0.95
-6.65 7.6 2.1 E7E1DE 0.95
-7.6 7.6 3.049999 E5DFDC 0.95
-7.6 7.6 4 E8E3DF 0.95
-7.6 7.6 4.950001 EAE4E0 0.95
-6.65 7.6 5.9 E9E3DF 0.95
-6.65 7.6 6.85 EAE4E0 0.95
-5.7 7.6 7.799999 EBE5E1 0.95
-5.7 7.6 8.75 ECE6E2 0.95
-4.75 7.6 9.700001 EBE6E2 0.95
-2.85 7.6 10.65 EAE4E0 0.95
-1.9 8.55 -2.65 E7E0DC 0.95
-3.8 8.55 -1.700001 E6DFDA 0.95
-4.75 8.55 -0.75 E9E2DE 0.95
-5.7 8.55 0.2000008 E6E0DC 0.95
-6.65 8.55 1.15 E7E0DC 0.95
-6.65 8.55 2.1 E9E4E0 0.95
-6.65 8.55 3.049999 E9E3E0 0.95
-6.65 8.55 4 E9E3DF 0.95
-6.65 8.55 4.950001 EAE5E1 0.95
-6.65 8.55 5.9 ECE7E3 0.95
-6.65 8.55 6.85 EBE6E2 0.95
-5.7 8.55 7.799999 ECE6E3 0.95
-4.75 8.55 8.75 EBE5E1 0.95
-3.8 8.55 9.700001 ECE7E3 0.95
-1.9 8.55 10.65 EBE5E1 0.95
-0.95 9.5 -2.65 EAE3DE 0.95
-3.8 9.5 -1.700001 E7E0DC 0.95
-4.75 9.5 -0.75 E9E2DE 0.95
-5.7 9.5 0.2000008 E5DEDB 0.95
-5.7 9.5 1.15 E8E2DE 0.95
-6.65 9.5 2.1 EAE4E0 0.95
-6.65 9.5 3.049999 E8E2DE 0.95
-6.65 9.5 4 EAE4E0 0.95
-6.65 9.5 4.950001 EBE6E2 0.95
-6.65 9.5 5.9 E8E2DE 0.95
-5.7 9.5 6.85 ECE6E3 0.95
-5.7 9.5 7.799999 E9E3E0 0.95
-4.75 9.5 8.75 ECE6E3 0.95
-3.8 9.5 9.700001 EDE8E4 0.95
-0.95 9.5 10.65 ECE6E3 0.95
-2.85 10.45 -1.700001 E6DFDB 0.95
-4.75 10.45 -0.75 EAE3DE 0.95
-4.75 10.45 0.2000008 E8E2DE 0.95
-5.7 10.45 1.15 E7E0DD 0.95
-6.65 10.45 2.1 E9E3DF 0.95
-6.65 10.45 3.049999 E7E1DD 0.95
-6.65 10.45 4 E9E3E0 0.95
-6.65 10.45 4.950001 EBE5E1 0.95
-6.65 10.45 5.9 E9E4E0 0.95
-5.7 10.45 6.85 EDE7E3 0.95
-4.75 10.45 7.799999 EDE7E3 0.95
-4.75 10.45 8.75 ECE7E3 0.95
-2.85 10.45 9.700001 EDE7E3 0.95
-2.85 11.4 -1.700001 E8E1DD 0.95
-3.8 11.4 -0.75 E7DFDB 0.95
-4.75 11.4 0.2000008 E9E3DE 0.95
-5.7 11.4 1.15 E8E3DF 0.95
-5.7 11.4 2.1 E9E3DF 0.95
-5.7 11.4 3.049999 EBE6E2 0.95
-6.65 11.4 4 E7E1DE 0.95
-5.7 11.4 4.950001 EAE4E0 0.95
-5.7 11.4 5.9 EAE4E0 0.95
-5.7 11.4 6.85 EBE5E1 0.95
-4.75 11.4 7.799999 ECE6E2 0.95
-3.8 11.4 8.75 EDE7E3 0.95
-2.85 11.4 9.700001 ECE7E3 0.95
-1.9 12.35 -1.700001 E6E0DD 0.95
-3.8 12.35 -0.75 E4DDD9 0.95
-4.75 12.35 0.2000008 E8E1DD 0.95
-5.7 12.35 1.15 E3DDDA 0.95
-5.7 12.35 2.1 E6E0DC 0.95
-5.7 12.35 3.049999 E8E1DE 0.95
-5.7 12.35 4 E6E1DE 0.95
-5.7 12.35 4.950001 E9E4E0 0.95
-5.7 12.35 5.9 E7E1DE 0.95
-5.7 12.35 6.85 E9E3DF 0.95
-4.75 12.35 7.799999 E8E3DF 0.95
-3.8 12.35 8.75 E9E2DF 0.95
-1.9 12.35 9.700001 EBE6E2 0.95
-0.95 13.3 -1.700001 E5DFDB 0.95
-2.85 13.3 -0.75 E4DEDA 0.95
-4.75 13.3 0.2000008 E5DFDB 0.95
-4.75 13.3 1.15 E5DFDB 0.95
-5.7 13.3 2.1 E7E2DE 0.95
-5.7 13.3 3.049999 E7E0DD 0.95
-5.7 13.3 4 E6E0DD 0.95
-5.7 13.3 4.950001 E6E0DD 0.95
-5.7 13.3 5.9 E8E2DF 0.95
-4.75 13.3 6.85 E8E2DF 0.95
-4.75 13.3 7.799999 E9E4E0 0.95
-2.85 13.3 8.75 E8E2DE 0.95
-0.95 13.3 9.700001 EBE5E1 0.95
0 14.25 -1.700001 E5DFDB 0.95
-2.85 14.25 -0.75 E4DDD9 0.95
-3.8 14.25 0.2000008 E5DFDB 0.95
-4.75 14.25 1.15 E3DDD9 0.95
-5.7 14.25 2.1 E8E2DF 0.95
-5.7 14.25 3.049999 E5DFDC 0.95
-5.7 14.25 4 E7E1DE 0.95
-5.7 14.25 4.950001 EAE5E1 0.95
-5.7 14.25 5.9 E7E2DF 0.95
-4.75 14.25 6.85 E9E3E0 0.95
-3.8 14.25 7.799999 EAE3E0 0.95
-2.85 14.25 8.75 EAE5E1 0.95
0 14.25 9.700001 E9E3DF 0.95
-2.85 15.2 -0.75 E5DEDA 0.95
-3.8 15.2 0.2000008 E3DCD9 0.95
-4.75 15.2 1.15 E5DEDB 0.95
-4.75 15.2 2.1 E9E3DF 0.95
-5.7 15.2 3.049999 E6E0DC 0.95
-5.7 15.2 4 E8E2DE 0.95
-5.7 15.2 4.950001 E8E2DF 0.95
-4.75 15.2 5.9 EAE5E1 0.95
-4.75 15.2 6.85 E9E3E0 0.95
-3.8 15.2 7.799999 EAE5E1 0.95
-2.85 15.2 8.75 E9E4E0 0.95
-1.9 16.15 -0.75 E7E0DC 0.95
-3.8 16.15 0.2000008 E2DBD8 0.95
-4.75 16.15 1.15 E6DFDC 0.95
-4.75 16.15 2.1 E8E2DE 0.95
-4.75 16.15 3.049999 E7E1DD 0.95
-5.7 16.15 4 E8E2DF 0.95
-4.75 16.15 4.950001 EEE8E4 0.95
-4.75 16.15 5.9 E8E2DF 0.95
-4.75 16.15 6.85 EAE4E0 0.95
-3.8 16.15 7.799999 ECE6E2 0.95
-1.9 16.15 8.75 EAE5E1 0.95
-1.9 17.1 -0.75 E5DDD8 0.95
-3.8 17.1 0.2000008 E5DEDA 0.95
-3.8 17.1 1.15 E5DEDB 0.95
-4.75 17.1 2.1 E7E1DE 0.95
-4.75 17.1 3.049999 EBE6E2 0.95
-4.75 17.1 4 E8E2DE 0.95
-4.75 17.1 4.950001 E8E3DF 0.95
-4.75 17.1 5.9 E9E2DF 0.95
-3.8 17.1 6.85 EAE4E0 0.95
-3.8 17.1 7.799999 EBE5E1 0.95
-1.9 17.1 8.75 E8E2DE 0.95
-0.95 18.05 -0.75 E4DEDA 0.95
-2.85 18.05 0.2000008 E4DDD9 0.95
-3.8 18.05 1.15 E7E1DD 0.95
-4.75 18.05 2.1 E8E2DE 0.95
-4.75 18.05 3.049999 E7E1DE 0.95
-4.75 18.05 4 E7E2DE 0.95
-4.75 18.05 4.950001 E7E2DF 0.95
-4.75 18.05 5.9 EAE3E0 0.95
-3.8 18.05 6.85 E8E1DE 0.95
-2.85 18.05 7.799999 ECE6E2 0.95
-0.95 18.05 8.75 ECE6E2 0.95
-0.95 19 -0.75 E8A65E 0.95
-2.85 19 0.2000008 E8A75E 0.95
-3.8 19 1.15 E8A75F 0.95
-4.75 19 2.1 EAA95F 0.95
-4.75 19 3.049999 EFAE62 0.95
-4.75 19 4 ECAB60 0.95
-4.75 19 4.950001 EBAA60 0.95
-4.75 19 5.9 ECAB61 0.95
-3.8 19 6.85 EFAE62 0.95
-2.85 19 7.799999 ECAB61 0.95
-0.95 19 8.75 ECAB60 0.95
-0.95 19.95 -0.75 E8A65E 0.95
-2.85 19.95 0.2000008 EBA85F 0.95
-3.8 19.95 1.15 EAAA60 0.95
-4.75 19.95 2.1 EAA95F 0.95
-4.75 19.95 3.049999 E8A75F 0.95
-4.75 19.95 4 E9A75F 0.95
-4.75 19.95 4.950001 ECAC61 0.95
-4.75 19.95 5.9 EEAE61 0.95
-3.8 19.95 6.85 EBAA60 0.95
-2.85 19.95 7.799999 EDAC61 0.95
-0.95 19.95 8.75 EDAC61 0.95
-0.95 20.9 -0.75 EDAC60 0.95
-2.85 20.9 0.2000008 EAA85F 0.95
-3.8 20.9 1.15 EAA95F 0.95
-4.75 20.9 2.1 EAA960 0.95
-4.75 20.9 3.049999 ECAB60 0.95
-4.75 20.9 4 EBA960 0.95
-4.75 20.9 4.950001 EBAB60 0.95
-4.75 20.9 5.9 EBAA60 0.95
-3.8 20.9 6.85 EDAD61 0.95
-2.85 20.9 7.799999 EDAC61 0.95
-0.95 20.9 8.75 EBAA60 0.95
-0.95 21.85 -0.75 D7D0CD 0.95
-2.85 21.85 0.2000008 D7D0CD 0.95
-3.8 21.85 1.15 D6CFCC 0.95
-4.75 21.85 2.1 D9D2CF 0.95
-4.75 21.85 3.049999 DAD4D1 0.95
-4.75 21.85 4 DAD4D1 0.95
-4.75 21.85 4.950001 DBD4D1 0.95
-4.75 21.85 5.9 DAD3D1 0.95
-3.8 21.85 6.85 DBD4D2 0.95
-2.85 21.85 7.799999 DCD5D3 0.95
-0.95 21.85 8.75 DBD4D1 0.95
-1.9 22.8 -0.75 D8D0CE 0.95
-3.8 22.8 0.2000008 D7CFCC 0.95
-3.8 22.8 1.15 D9D2CF 0.95
-4.75 22.8 2.1 DAD3D0 0.95
-4.75 22.8 3.049999 DBD4D1 0.95
-4.75 22.8 4 D9D3D0 0.95
-4.75 22.8 4.950001 DCD5D2 0.95
-4.75 22.8 5.9 DBD4D2 0.95
-3.8 22.8 6.85 DED8D5 0.95
-3.8 22.8 7.799999 DED8D6 0.95
-1.9 22.8 8.75 DCD5D2 0.95
-1.9 23.75 -0.75 D7CFCC 0.95
-3.8 23.75 0.2000008 D7CFCD 0.95
-4.75 23.75 1.15 DAD2CF 0.95
-4.75 23.75 2.1 DCD6D3 0.95
-4.75 23.75 3.049999 DAD3D1 0.95
-5.7 23.75 4 DBD4D1 0.95
-4.75 23.75 4.950001 DDD6D4 0.95
-4.75 23.75 5.9 DCD5D3 0.95
-4.75 23.75 6.85 DBD4D2 0.95
-3.8 23.75 7.799999 DBD4D2 0.95
-1.9 23.75 8.75 DDD7D5 0.95
-2.85 24.7 -0.75 D7CFCC 0.95
-3.8 24.7 0.2000008 D8D1CE 0.95
-4.75 24.7 1.15 D7CFCD 0.95
-4.75 24.7 2.1 DAD4D1 0.95
-4.75 24.7 3.049999 D9D3D1 0.95
-5.7 24.7 4 DBD4D2 0.95
-4.75 24.7 4.950001 DDD7D4 0.95
-4.75 24.7 5.9 DAD3D1 0.95
-4.75 24.7 6.85 DCD5D3 0.95
-3.8 24.7 7.799999 DBD5D3 0.95
-2.85 24.7 8.75 DCD5D3 0.95
-2.85 25.65 -0.75 D4CDCB 0.95
-3.8 25.65 0.2000008 D6CFCC 0.95
-4.75 25.65 1.15 DBD4D1 0.95
-4.75 25.65 2.1 D8D0CE 0.95
-5.7 25.65 3.049999 DBD5D2 0.95
-5.7 25.65 4 DDD6D3 0.95
-5.7 25.65 4.950001 DAD3D1 0.95
-4.75 25.65 5.9 DAD3D1 0.95
-4.75 25.65 6.85 DBD4D2 0.95
-3.8 25.65 7.799999 DBD5D2 0.95
-2.85 25.65 8.75 DDD6D4 0.95
-2.85 26.6 -0.75 D9D2CF 0.95
-3.8 26.6 0.2000008 DAD3D0 0.95
-4.75 26.6 1.15 D6CFCC 0.95
-5.7 26.6 2.1 D8D0CE 0.95
-5.7 26.6 3.049999 D8D2D0 0.95
-5.7 26.6 4 DAD3D1 0.95
-5.7 26.6 4.950001 DDD6D3 0.95
-5.7 26.6 5.9 DBD4D2 0.95
-4.75 26.6 6.85 DED7D4 0.95
-3.8 26.6 7.799999 DAD3D1 0.95
-2.85 26.6 8.75 DCD5D3 0.95
-10.45 0 -7.4 A5989A 0.95
-10.45 0 15.4 B8AFB0 0.95
-10.45 0.95 -7.4 DDD7D4 0.95
-10.45 0.95 -6.45 DCD5D2 0.95
-10.45 0.95 -5.5 DBD5D2 0.95
-10.45 0.95 -4.55 D9D2CF 0.95
-10.45 0.95 -3.6 D5CECC 0.95
-10.45 0.95 -2.65 D6CECC 0.95
-10.45 0.95 -1.700001 D5CDCB 0.95
-10.45 0.95 -0.75 D0C9C7 0.95
-10.45 0.95 0.2000008 CDC5C3 0.95
-10.45 0.95 1.15 CDC6C4 0.95
-10.45 0.95 2.1 CAC2C1 0.95
-10.45 0.95 3.049999 C8C0C0 0.95
-10.45 0.95 4 C7BFBF 0.95
-10.45 0.95 4.950001 C9C1C0 0.95
-10.45 0.95 5.9 C9C2C1 0.95
-10.45 0.95 6.85 CAC3C2 0.95
-10.45 0.95 7.799999 CFC8C7 0.95
-10.45 0.95 8.75 D2CBC9 0.95
-10.45 0.95 9.700001 D5CECC 0.95
-10.45 0.95 10.65 D9D2D0 0.95
-10.45 0.95 11.6 DFD9D6 0.95
-10.45 0.95 12.55 DCD6D3 0.95
-10.45 0.95 13.5 DED7D4 0.95
-10.45 0.95 14.45 E2DBD8 0.95
-10.45 0.95 15.4 DFD9D6 0.95
-9.5 0 -7.4 A29598 0.95
-9.5 0 15.4 B3AAAC 0.95
-9.5 0.95 -7.4 DED7D3 0.95
-9.5 0.95 -6.45 DCD5D2 0.95
-9.5 0.95 -5.5 DCD5D2 0.95
-9.5 0.95 -4.55 D9D2CF 0.95
-9.5 0.95 -3.6 D6CFCD 0.95
-9.5 0.95 -2.65 D5CDCB 0.95
-9.5 0.95 -1.700001 D2CAC8 0.95
-9.5 0.95 -0.75 CAC3C2 0.95
-9.5 0.95 0.2000008 C5BDBC 0.95
-9.5 0.95 1.15 C3BBBB 0.95
-9.5 0.95 2.1 BFB7B7 0.95
-9.5 0.95 3.049999 BCB3B4 0.95
-9.5 0.95 4.950001 BBB2B4 0.95
-9.5 0.95 5.9 C1B9BA 0.95
-9.5 0.95 6.85 C3BBBC 0.95
-9.5 0.95 7.799999 C7C0BF 0.95
-9.5 0.95 8.75 CDC6C5 0.95
-9.5 0.95 9.700001 D0C9C8 0.95
-9.5 0.95 10.65 D4CDCB 0.95
-9.5 0.95 11.6 D9D3D1 0.95
-9.5 0.95 12.55 DAD4D1 0.95
-9.5 0.95 13.5 DBD5D2 0.95
-9.5 0.95 14.45 DFD9D6 0.95
-9.5 0.95 15.4 DED8D5 0.95
-8.55 3.8 4 726979 0.95
-8.55 0 -7.4 9F9093 0.95
-8.55 0 15.4 B8AEAF 0.95
-8.55 0.95 -7.4 DDD6D2 0.95
-8.55 0.95 -6.45 DBD4D1 0.95
-8.55 0.95 -5.5 D9D2D0 0.95
-8.55 0.95 -4.55 D8D1CE 0.95
-8.55 0.95 -3.6 D4CDCB 0.95
-8.55 0.95 -2.65 D0C9C8 0.95
-8.55 0.95 -1.700001 CAC2C1 0.95
-8.55 0.95 -0.75 C4BDBD 0.95
-8.55 0.95 4 373552 0.95
-8.55 0.95 8.75 C5BDBD 0.95
-8.55 0.95 9.700001 CEC7C6 0.95
-8.55 0.95 10.65 D2CBCA 0.95
-8.55 0.95 11.6 D9D2D0 0.95
-8.55 0.95 12.55 DBD5D2 0.95
-8.55 0.95 13.5 DDD7D4 0.95
-8.55 0.95 14.45 DFD9D6 0.95
-8.55 0.95 15.4 E1DCD9 0.95
-8.55 1.9 1.15 635D7A 0.95
-8.55 1.9 2.1 585372 0.95
-8.55 1.9 5.9 595473 0.95
-8.55 1.9 6.85 615C7A 0.95
-8.55 4.75 1.15 F9F4EF 0.95
-8.55 4.75 2.1 F9F4EF 0.95
-8.55 4.75 3.049999 F9F5EF 0.95
-8.55 4.75 4.950001 FBF6F1 0.95
-8.55 4.75 5.9 FBF6F0 0.95
-8.55 4.75 6.85 F9F4EF 0.95
-7.6 3.8 0.2000008 7A707E 0.95
-7.6 3.8 1.15 6C6373 0.95
-7.6 3.8 2.1 5F5669 0.95
-7.6 3.8 3.049999 312F4A 0.95
-7.6 3.8 4 302F4B 0.95
-7.6 3.8 4.950001 2E2E49 0.95
-7.6 3.8 5.9 5F566A 0.95
-7.6 3.8 6.85 6E6575 0.95
-7.6 3.8 7.799999 7A707E 0.95
-7.6 0 -7.4 9C8C8F 0.95
-7.6 0 15.4 B9B0B1 0.95
-7.6 0.95 -7.4 DCD5D1 0.95
-7.6 0.95 -6.45 D9D2CF 0.95
-7.6 0.95 -5.5 DAD3D0 0.95
-7.6 0.95 -4.55 D8D1CE 0.95
-7.6 0.95 -3.6 D1C9C8 0.95
-7.6 0.95 -2.65 CAC2C1 0.95
-7.6 0.95 -1.700001 C2BABA 0.95
-7.6 0.95 0.2000008 393653 0.95
-7.6 0.95 1.15 373551 0.95
-7.6 0.95 2.1 32314C 0.95
-7.6 0.95 3.049999 2B2C46 0.95
-7.6 0.95 4 292A44 0.95
-7.6 0.95 4.950001 2D2D48 0.95
-7.6 0.95 5.9 34334F 0.95
-7.6 0.95 6.85 393753 0.95
-7.6 0.95 7.799999 3C3A56 0.95
-7.6 0.95 9.700001 C5BEBF 0.95
-7.6 0.95 10.65 CCC5C4 0.95
-7.6 0.95 11.6 D2CBCA 0.95
-7.6 0.95 12.55 D7D1CF 0.95
-7.6 0.95 13.5 DCD6D4 0.95
-7.6 0.95 14.45 DDD7D4 0.95
-7.6 0.95 15.4 DFD9D6 0.95
-7.6 1.9 3.049999 3E3A57 0.95
-7.6 1.9 0.2000008 534E6D 0.95
-7.6 1.9 1.15 4B4765 0.95
-7.6 1.9 2.1 3F3C5A 0.95
6.65 1.9 3.049999 21243C 0.95
-7.6 1.9 4 20233D 0.95
6.65 1.9 4 22243C 0.95
-7.6 1.9 4.950001 20233E 0.95
6.65 1.9 4.950001 21233C 0.95
-7.6 1.9 5.9 423E5C 0.95
-7.6 1.9 6.85 4C4866 0.95
-7.6 1.9 7.799999 555170 0.95
-7.6 2.85 3.049999 3A3753 0.95
6.65 2.85 3.049999 21233C 0.95
6.65 2.85 4 21233B 0.95
6.65 2.85 4.950001 20233B 0.95
-7.6 2.85 4.950001 373552 0.95
-7.6 4.75 0.2000008 FAF5F0 0.95
-7.6 4.75 7.799999 FDF8F2 0.95
6.65 5.7 3.049999 645A68 0.95
6.65 5.7 4 655C6A 0.95
6.65 5.7 4.950001 655B69 0.95
-6.65 3.8 -0.75 746978 0.95
-6.65 3.8 0.2000008 675E6F 0.95
-6.65 3.8 1.15 5A5166 0.95
-6.65 3.8 2.1 4C455B 0.95
-6.65 3.8 3.049999 272841 0.95
-6.65 3.8 4 25263F 0.95
-6.65 3.8 4.950001 282942 0.95
-6.65 3.8 5.9 4F485E 0.95
-6.65 3.8 6.85 5B5367 0.95
-6.65 3.8 7.799999 645C6E 0.95
-6.65 3.8 8.75 726979 0.95
-6.65 0 -7.4 9B8B8E 0.95
-6.65 0 15.4 B8AFB0 0.95
-6.65 0.95 -7.4 DAD2CF 0.95
-6.65 0.95 -6.45 D9D1CE 0.95
-6.65 0.95 -5.5 D4CDCB 0.95
-6.65 0.95 -4.55 D3CCCA 0.95
-6.65 0.95 -3.6 CBC3C2 0.95
-6.65 0.95 -2.65 BCB4B6 0.95
-6.65 0.95 -0.75 373551 0.95
-6.65 0.95 0.2000008 32314C 0.95
-6.65 0.95 1.15 31304B 0.95
-6.65 0.95 2.1 2A2B45 0.95
-6.65 0.95 3.049999 252740 0.95
-6.65 0.95 4 24263F 0.95
-6.65 0.95 4.950001 272842 0.95
-6.65 0.95 5.9 2C2C47 0.95
-6.65 0.95 6.85 302F4B 0.95
-6.65 0.95 7.799999 35334F 0.95
-6.65 0.95 8.75 3B3855 0.95
-6.65 0.95 10.65 C4BDBE 0.95
-6.65 0.95 11.6 CEC7C6 0.95
-6.65 0.95 12.55 D3CDCB 0.95
-6.65 0.95 13.5 D9D3D0 0.95
-6.65 0.95 14.45 DDD7D4 0.95
-6.65 0.95 15.4 DFD8D6 0.95
-6.65 1.9 3.049999 373450 0.95
-6.65 1.9 -1.700001 5B5675 0.95
-6.65 1.9 -0.75 4B4765 0.95
-6.65 1.9 0.2000008 423F5C 0.95
-6.65 1.9 1.15 3A3855 0.95
-6.65 1.9 2.1 32314D 0.95
-6.65 1.9 4 20213A 0.95
-6.65 1.9 4.950001 20223C 0.95
-6.65 1.9 5.9 34324F 0.95
-6.65 1.9 6.85 3D3A57 0.95
-6.65 1.9 7.799999 474362 0.95
-6.65 1.9 8.75 514C6C 0.95
-6.65 1.9 9.700001 5B5676 0.95
-6.65 2.85 3.049999 32314C 0.95
-6.65 2.85 4.950001 2F2F4A 0.95
-6.65 5.7 2.1 6A606E 0.95
-6.65 5.7 3.049999 675D6B 0.95
-6.65 6.65 4 685E6C 0.95
-6.65 5.7 4.950001 645B69 0.95
-6.65 5.7 5.9 6A616E 0.95
-6.65 4.75 -1.700001 FEF9F3 0.95
-6.65 4.75 2.1 94898F 0.95
-6.65 4.75 3.049999 8A8087 0.95
-6.65 4.75 4 7B707B 0.95
-6.65 4.75 4.950001 837881 0.95
-6.65 4.75 5.9 978C92 0.95
-6.65 4.75 9.700001 FBF6F1 0.95
5.7 5.7 0.2000008 655B69 0.95
5.7 5.7 1.15 655C6A 0.95
6.65 5.7 2.1 685E6C 0.95
-6.65 5.7 4 635968 0.95
6.65 5.7 5.9 655B69 0.95
5.7 5.7 6.85 665D6B 0.95
5.7 5.7 7.799999 675D6B 0.95
5.7 6.65 1.15 655C6A 0.95
5.7 6.65 2.1 655C6A 0.95
6.65 6.65 3.049999 645B69 0.95
6.65 6.65 4 635A68 0.95
6.65 6.65 4.950001 655B69 0.95
5.7 6.65 5.9 675D6B 0.95
5.7 6.65 6.85 655B69 0.95
5.7 7.6 1.15 655C6A 0.95
5.7 7.6 2.1 675D6B 0.95
5.7 7.6 3.049999 655C6A 0.95
6.65 7.6 4 675D6B 0.95
5.7 7.6 4.950001 645B69 0.95
5.7 7.6 5.9 665D6B 0.95
5.7 7.6 6.85 675D6B 0.95
5.7 8.55 2.1 635A68 0.95
5.7 8.55 3.049999 665C6A 0.95
5.7 8.55 4 645B69 0.95
5.7 8.55 4.950001 665D6A 0.95
5.7 8.55 5.9 665C6A 0.95
5.7 9.5 4 675D6B 0.95
-5.7 3.8 -1.700001 6E6474 0.95
-5.7 3.8 -0.75 60576A 0.95
-5.7 3.8 0.2000008 524A5F 0.95
-5.7 3.8 1.15 494359 0.95
-5.7 3.8 2.1 3F3A52 0.95
-5.7 3.8 3.049999 38354C 0.95
-5.7 3.8 4 312F47 0.95
-5.7 3.8 4.950001 38354C 0.95
-5.7 3.8 5.9 423D54 0.95
-5.7 3.8 6.85 49435A 0.95
-5.7 3.8 7.799999 524B60 0.95
-5.7 3.8 8.75 5F576A 0.95
-5.7 3.8 9.700001 6F6576 0.95
-5.7 0 -7.4 9A8A8D 0.95
-5.7 0 15.4 B6ADAF 0.95
-5.7 0.95 -7.4 DAD2CF 0.95
-5.7 0.95 -6.45 D8D1CE 0.95
-5.7 0.95 -5.5 D6CFCD 0.95
-5.7 0.95 -4.55 CDC6C5 0.95
-5.7 0.95 -3.6 C6BEBE 0.95
-5.7 0.95 -1.700001 373551 0.95
-5.7 0.95 -0.75 31304B 0.95
-5.7 0.95 0.2000008 2D2D48 0.95
-5.7 0.95 1.15 2A2A44 0.95
-5.7 0.95 2.1 262740 0.95
-5.7 0.95 3.049999 24253E 0.95
-5.7 0.95 4 24263F 0.95
-5.7 0.95 4.950001 25263F 0.95
-5.7 0.95 5.9 272842 0.95
-5.7 0.95 6.85 2B2B46 0.95
-5.7 0.95 7.799999 2F2F4A 0.95
-5.7 0.95 8.75 32314D 0.95
-5.7 0.95 9.700001 383652 0.95
-5.7 0.95 11.6 C8C0C1 0.95
-5.7 0.95 12.55 D3CCCB 0.95
-5.7 0.95 13.5 D9D2D0 0.95
-5.7 0.95 14.45 DBD5D2 0.95
-5.7 0.95 15.4 DED8D5 0.95
-5.7 1.9 -2.65 5B5676 0.95
-5.7 1.9 -1.700001 4C4766 0.95
-5.7 1.9 -0.75 3D3B58 0.95
-5.7 1.9 0.2000008 363451 0.95
-5.7 1.9 1.15 2E2E49 0.95
-5.7 1.9 2.1 2B2B46 0.95
-5.7 1.9 3.049999 282943 0.95
-5.7 1.9 4 252640 0.95
-5.7 1.9 4.950001 282943 0.95
-5.7 1.9 5.9 2E2E49 0.95
-5.7 1.9 6.85 34334F 0.95
-5.7 1.9 7.799999 373652 0.95
-5.7 1.9 8.75 423E5C 0.95
-5.7 1.9 9.700001 4E4A69 0.95
-5.7 1.9 10.65 5D5978 0.95
-6.65 2.85 4 20223B 0.95
-5.7 5.7 0.2000008 675D6B 0.95
-5.7 7.6 1.15 615766 0.95
-5.7 8.55 2.1 675E6B 0.95
-5.7 9.5 3.049999 665C6A 0.95
-5.7 10.45 4 665C6A 0.95
-5.7 9.5 4.950001 695F6C 0.95
-5.7 8.55 5.9 665C6A 0.95
-5.7 7.6 6.85 615867 0.95
-5.7 5.7 7.799999 695F6D 0.95
-5.7 4.75 -2.65 FCF7F2 0.95
-5.7 4.75 0.2000008 958A90 0.95
-5.7 4.75 1.15 756B76 0.95
-5.7 4.75 2.1 6F6571 0.95
-5.7 4.75 3.049999 6F6572 0.95
-5.7 4.75 4 716773 0.95
-5.7 4.75 4.950001 716773 0.95
-5.7 4.75 5.9 706672 0.95
-5.7 4.75 6.85 716773 0.95
-5.7 4.75 7.799999 A89EA1 0.95
-5.7 4.75 10.65 FFFDF7 0.95
4.75 5.7 -0.75 655C6A 0.95
-5.7 5.7 1.15 645A68 0.95
-5.7 5.7 6.85 655C6A 0.95
4.75 5.7 8.75 675D6B 0.95
4.75 6.65 -0.75 665C6A 0.95
-5.7 6.65 6.85 655C6A 0.95
4.75 6.65 0.2000008 635A68 0.95
-5.7 6.65 1.15 635A68 0.95
-5.7 6.65 2.1 635A68 0.95
-6.65 6.65 3.049999 675D6B 0.95
-6.65 6.65 4.950001 655C6A 0.95
-5.7 6.65 5.9 665C6A 0.95
4.75 6.65 7.799999 685E6C 0.95
4.75 6.65 8.75 655B69 0.95
4.75 7.6 0.2000008 645B69 0.95
-5.7 7.6 2.1 655C6A 0.95
-5.7 7.6 3.049999 675E6B 0.95
-6.65 7.6 4 665D6B 0.95
-5.7 7.6 4.950001 685E6C 0.95
-5.7 7.6 5.9 6B616E 0.95
4.75 7.6 7.799999 655C6A 0.95
4.75 8.55 0.2000008 6A606E 0.95
4.75 8.55 1.15 665C6A 0.95
-5.7 8.55 3.049999 675E6B 0.95
-5.7 8.55 4 685F6C 0.95
-5.7 8.55 4.950001 665D6A 0.95
4.75 8.55 6.85 665C6A 0.95
4.75 8.55 7.799999 685E6B 0.95
4.75 9.5 1.15 655C6A 0.95
-5.7 9.5 4 695F6C 0.95
5.7 9.5 2.1 665C6A 0.95
5.7 9.5 3.049999 655B69 0.95
5.7 9.5 4.950001 655C6A 0.95
5.7 9.5 5.9 655B69 0.95
4.75 9.5 6.85 665D6A 0.95
4.75 10.45 1.15 685E6C 0.95
4.75 10.45 2.1 675E6B 0.95
5.7 10.45 3.049999 69606D 0.95
5.7 10.45 4 6B616E 0.95
5.7 10.45 4.950001 6A606D 0.95
4.75 10.45 5.9 6B616E 0.95
4.75 10.45 6.85 6B616E 0.95
4.75 11.4 2.1 6C626F 0.95
4.75 11.4 3.049999 6D636F 0.95
5.7 11.4 4 6A606D 0.95
4.75 11.4 4.950001 6B616E 0.95
4.75 11.4 5.9 6B626F 0.95
4.75 12.35 3.049999 6E6471 0.95
4.75 12.35 4 6D6370 0.95
4.75 12.35 4.950001 6F6571 0.95
4.75 13.3 3.049999 756B76 0.95
4.75 13.3 4 736975 0.95
4.75 13.3 4.950001 756B76 0.95
4.75 14.25 4 7A707A 0.95
-4.75 3.8 -2.65 35334F 0.95
-4.75 3.8 -1.700001 514A60 0.95
-4.75 3.8 -0.75 4C455B 0.95
-4.75 3.8 0.2000008 453F56 0.95
-4.75 3.8 1.15 3C384F 0.95
-4.75 3.8 2.1 39364D 0.95
-4.75 3.8 3.049999 36334B 0.95
-4.75 3.8 4 323048 0.95
-4.75 3.8 4.950001 323048 0.95
-4.75 3.8 5.9 38354D 0.95
-4.75 3.8 6.85 3F3B52 0.95
-4.75 3.8 7.799999 443F56 0.95
-4.75 3.8 8.75 4C455C 0.95
-4.75 3.8 9.700001 524B60 0.95
-4.75 3.8 10.65 353450 0.95
-4.75 0 -7.4 9A8B8F 0.95
-4.75 0 15.4 B7AEAF 0.95
-4.75 0.95 -7.4 D7D0CD 0.95
-4.75 0.95 -6.45 D6CFCC 0.95
-4.75 0.95 -5.5 D1C9C7 0.95
-4.75 0.95 -4.55 CBC2C2 0.95
-4.75 0.95 -2.65 33324D 0.95
-4.75 0.95 -1.700001 2B2C46 0.95
-4.75 0.95 -0.75 2A2B45 0.95
-4.75 0.95 0.2000008 282942 0.95
-4.75 0.95 1.15 24263F 0.95
-4.75 0.95 2.1 24263F 0.95
-4.75 0.95 3.049999 23253D 0.95
-4.75 0.95 4 23253E 0.95
-4.75 0.95 4.950001 23253E 0.95
-4.75 0.95 5.9 25273F 0.95
-4.75 0.95 6.85 282943 0.95
-4.75 0.95 7.799999 282943 0.95
-4.75 0.95 8.75 2B2C46 0.95
-4.75 0.95 9.700001 2F2F4A 0.95
-4.75 0.95 10.65 353450 0.95
-4.75 0.95 12.55 CDC6C6 0.95
-4.75 0.95 13.5 D6D0CE 0.95
-4.75 0.95 14.45 DAD3D1 0.95
-4.75 0.95 15.4 DFD9D6 0.95
2.85 1.9 -2.65 35324E 0.95
-4.75 1.9 -0.75 30304B 0.95
-4.75 1.9 0.2000008 2C2C47 0.95
-4.75 1.9 1.15 2A2A45 0.95
-4.75 1.9 2.1 282944 0.95
-4.75 1.9 3.049999 272842 0.95
-4.75 1.9 4 262841 0.95
-4.75 1.9 4.950001 272842 0.95
-4.75 1.9 5.9 292A44 0.95
-4.75 1.9 6.85 2B2B46 0.95
-4.75 1.9 7.799999 302F4B 0.95
-4.75 1.9 8.75 33324E 0.95
2.85 1.9 10.65 3C3956 0.95
2.85 2.85 -2.65 33304A 0.95
2.85 2.85 10.65 31304C 0.95
-4.75 6.65 -0.75 635A68 0.95
-4.75 8.55 0.2000008 645B69 0.95
-4.75 10.45 1.15 675D6B 0.95
-4.75 13.3 2.1 6F6572 0.95
-4.75 14.25 3.049999 776D78 0.95
-4.75 15.2 4 7D727C 0.95
-4.75 14.25 4.950001 796F79 0.95
-4.75 13.3 5.9 6E6471 0.95
-4.75 10.45 6.85 685E6C 0.95
-4.75 8.55 7.799999 665D6A 0.95
-4.75 6.65 8.75 635A68 0.95
-4.75 4.75 -0.75 7F747E 0.95
-4.75 4.75 0.2000008 706672 0.95
-4.75 4.75 1.15 726773 0.95
-4.75 4.75 2.1 736974 0.95
-4.75 4.75 3.049999 706672 0.95
-4.75 4.75 4 726773 0.95
-4.75 4.75 4.950001 716773 0.95
-4.75 4.75 5.9 6F6571 0.95
-4.75 4.75 6.85 6F6572 0.95
-4.75 4.75 7.799999 736975 0.95
-4.75 4.75 8.75 7F757E 0.95
-4.75 5.7 -1.700001 E8E1DC 0.95
3.8 5.7 -1.700001 6A606D 0.95
-4.75 5.7 8.75 665D6A 0.95
-4.75 5.7 -0.75 635A68 0.95
3.8 5.7 9.700001 655C6A 0.95
-4.75 5.7 9.700001 EEE8E4 0.95
2.85 6.65 -1.700001 655B69 0.95
-4.75 6.65 0.2000008 655C6A 0.95
-4.75 6.65 7.799999 665C6A 0.95
2.85 6.65 9.700001 645A69 0.95
3.8 7.6 -0.75 6A606D 0.95
-4.75 7.6 7.799999 635A68 0.95
-4.75 7.6 0.2000008 655B69 0.95
3.8 7.6 8.75 655B69 0.95
3.8 8.55 -0.75 675E6B 0.95
-4.75 8.55 1.15 665D6B 0.95
-4.75 8.55 6.85 635A68 0.95
3.8 8.55 8.75 685E6C 0.95
2.85 9.5 -0.75 665C6A 0.95
-4.75 9.5 6.85 655C6A 0.95
3.8 9.5 0.2000008 675D6B 0.95
-4.75 9.5 1.15 69606D 0.95
-5.7 9.5 2.1 655C6A 0.95
-5.7 9.5 5.9 69606D 0.95
3.8 9.5 7.799999 675D6B 0.95
2.85 9.5 8.75 655B69 0.95
3.8 10.45 0.2000008 6C626F 0.95
-4.75 10.45 2.1 675E6B 0.95
-5.7 10.45 3.049999 6A606D 0.95
-5.7 10.45 4.950001 6E6470 0.95
-4.75 10.45 5.9 675D6B 0.95
3.8 10.45 7.799999 675D6B 0.95
3.8 11.4 0.2000008 6C626F 0.95
-4.75 11.4 5.9 6A616E 0.95
4.75 11.4 1.15 6B616E 0.95
-4.75 11.4 2.1 6E6470 0.95
-4.75 11.4 3.049999 6B616E 0.95
-5.7 11.4 4 6C626F 0.95
-4.75 11.4 4.950001 6D6370 0.95
4.75 11.4 6.85 6B616E 0.95
3.8 11.4 7.799999 6C626F 0.95
3.8 12.35 1.15 6E6471 0.95
-4.75 12.35 5.9 6D6370 0.95
-4.75 12.35 2.1 726874 0.95
4.75 12.35 2.1 6E6470 0.95
-4.75 12.35 3.049999 6B616E 0.95
-4.75 12.35 4 6D636F 0.95
-4.75 12.35 4.950001 6E6470 0.95
4.75 12.35 5.9 716773 0.95
3.8 12.35 6.85 6C626F 0.95
3.8 13.3 1.15 756A76 0.95
-4.75 13.3 4.950001 746975 0.95
4.75 13.3 2.1 736974 0.95
-4.75 13.3 3.049999 746A76 0.95
-4.75 13.3 4 746A75 0.95
4.75 13.3 5.9 776D78 0.95
3.8 13.3 6.85 746A75 0.95
3.8 14.25 1.15 776D78 0.95
-4.75 14.25 4 796F79 0.95
4.75 14.25 2.1 796F79 0.95
4.75 14.25 3.049999 786E78 0.95
4.75 14.25 4.950001 7A707B 0.95
4.75 14.25 5.9 7B707B 0.95
3.8 14.25 6.85 786D78 0.95
3.8 15.2 2.1 7D737D 0.95
4.75 15.2 3.049999 80767F 0.95
4.75 15.2 4 7F757E 0.95
4.75 15.2 4.950001 7E737D 0.95
3.8 15.2 5.9 80767F 0.95
3.8 16.15 2.1 897E86 0.95
4.75 16.15 3.049999 8C8189 0.95
4.75 16.15 4 897F87 0.95
4.75 16.15 4.950001 8B8088 0.95
3.8 16.15 5.9 8B8088 0.95
3.8 17.1 2.1 93888F 0.95
3.8 17.1 3.049999 92888E 0.95
4.75 17.1 4 92878E 0.95
3.8 17.1 4.950001 8F858C 0.95
3.8 17.1 5.9 93888F 0.95
3.8 18.05 3.049999 9A8F95 0.95
4.75 18.05 4 9B9096 0.95
3.8 18.05 4.950001 998F94 0.95
3.8 19 3.049999 A79DA1 0.95
4.75 19 4 A79DA0 0.95
3.8 19 4.950001 A49A9E 0.95
3.8 19.95 3.049999 B1A8AA 0.95
4.75 19.95 4 B1A8A9 0.95
3.8 19.95 4.950001 B0A7A9 0.95
4.75 20.9 4 B9B0B1 0.95
3.8 21.85 3.049999 C7C0BF 0.95
4.75 21.85 4 C6BFBE 0.95
3.8 21.85 4.950001 C6BEBE 0.95
3.8 22.8 2.1 D0C9C8 0.95
3.8 22.8 3.049999 D1CAC8 0.95
4.75 22.8 4 CDC6C5 0.95
3.8 22.8 4.950001 CDC6C5 0.95
3.8 22.8 5.9 CFC8C7 0.95
3.8 23.75 2.1 D8D1CF 0.95
4.75 23.75 3.049999 D8D2D0 0.95
4.75 23.75 4 D9D3D0 0.95
4.75 23.75 4.950001 D7D0CE 0.95
3.8 23.75 5.9 D8D2CF 0.95
3.8 24.7 2.1 E1DBD8 0.95
4.75 24.7 3.049999 E2DDD9 0.95
4.75 24.7 4 E0DAD7 0.95
4.75 24.7 4.950001 E3DDDA 0.95
3.8 24.7 5.9 E1DBD8 0.95
4.75 25.65 2.1 EAE4E0 0.95
-4.75 25.65 4 EEE8E4 0.95
4.75 25.65 3.049999 E9E3E0 0.95
4.75 25.65 4 E7E2DE 0.95
4.75 25.65 4.950001 E6E0DD 0.95
4.75 25.65 5.9 E9E3E0 0.95
3.8 26.6 1.15 F1ECE8 0.95
-4.75 26.6 4.950001 F2EDE8 0.95
4.75 26.6 2.1 EEE9E5 0.95
-4.75 26.6 3.049999 F0EBE7 0.95
4.75 26.6 3.049999 EFE9E5 0.95
-4.75 26.6 4 F2EDE9 0.95
4.75 26.6 4 EDE8E4 0.95
4.75 26.6 4.950001 EDE8E4 0.95
4.75 26.6 5.9 EEE9E5 0.95
3.8 26.6 6.85 ECE6E2 0.95
-4.75 26.6 2.1 FFFFFF 0.95
-4.75 26.6 5.9 FFFFFF 0.95
-3.8 3.8 -3.6 7D717E 0.95
-3.8 3.8 -2.65 33324D 0.95
-3.8 3.8 -1.700001 2A2B45 0.95
-3.8 3.8 -0.75 37344B 0.95
-3.8 3.8 0.2000008 3A364D 0.95
-3.8 3.8 1.15 39354D 0.95
-3.8 3.8 2.1 343149 0.95
-3.8 3.8 3.049999 312F47 0.95
-3.8 3.8 4 312F47 0.95
-3.8 3.8 4.950001 312F46 0.95
-3.8 3.8 5.9 343249 0.95
-3.8 3.8 6.85 37344C 0.95
-3.8 3.8 7.799999 3A364D 0.95
-3.8 3.8 8.75 39354D 0.95
-3.8 3.8 9.700001 2B2B46 0.95
-3.8 3.8 10.65 32314D 0.95
-3.8 3.8 11.6 7B7180 0.95
-3.8 0 -7.4 9C8D90 0.95
-3.8 0 15.4 B9B0B1 0.95
-3.8 0.95 -4.55 605A78 0.95
-3.8 0.95 -7.4 D8D0CD 0.95
-3.8 0.95 -6.45 D4CCCA 0.95
-3.8 0.95 -5.5 CCC4C4 0.95
-3.8 0.95 -3.6 393652 0.95
-3.8 0.95 -2.65 2C2C47 0.95
-3.8 0.95 -1.700001 24263F 0.95
-3.8 0.95 -0.75 24263F 0.95
-3.8 0.95 0.2000008 24263F 0.95
-3.8 0.95 1.15 23253E 0.95
-3.8 0.95 2.1 21233C 0.95
-3.8 0.95 3.049999 21243C 0.95
-3.8 0.95 4 22243C 0.95
-3.8 0.95 4.950001 20233B 0.95
-3.8 0.95 5.9 23253E 0.95
-3.8 0.95 6.85 24263F 0.95
-3.8 0.95 7.799999 24263F 0.95
-3.8 0.95 8.75 252740 0.95
-3.8 0.95 9.700001 262741 0.95
-3.8 0.95 10.65 2C2C47 0.95
-3.8 0.95 11.6 373552 0.95
-3.8 0.95 12.55 C8C1C2 0.95
-3.8 0.95 13.5 D1CAC9 0.95
-3.8 0.95 14.45 D8D2CF 0.95
-3.8 0.95 15.4 DDD7D4 0.95
-3.8 1.9 -2.65 20233E 0.95
-3.8 1.9 9.700001 22243D 0.95
-3.8 1.9 -1.700001 201F38 0.95
3.8 1.9 -1.700001 20223B 0.95
-3.8 1.9 -0.75 262841 0.95
-3.8 1.9 0.2000008 292A44 0.95
-3.8 1.9 1.15 272842 0.95
-3.8 1.9 2.1 252740 0.95
-3.8 1.9 3.049999 262841 0.95
-3.8 1.9 4 252740 0.95
-3.8 1.9 4.950001 252740 0.95
-3.8 1.9 5.9 262842 0.95
-3.8 1.9 6.85 282943 0.95
-3.8 1.9 7.799999 292A44 0.95
-3.8 1.9 8.75 282943 0.95
3.8 1.9 9.700001 23253E 0.95
-3.8 1.9 10.65 20233E 0.95
-3.8 2.85 9.700001 20233B 0.95
3.8 2.85 -1.700001 20223A 0.95
-3.8 2.85 -1.700001 20223B 0.95
3.8 2.85 9.700001 21233C 0.95
-3.8 3.8 -4.55 DAD0CB 0.95
-3.8 5.7 -1.700001 6A616E 0.95
-3.8 8.55 -0.75 665C6A 0.95
-3.8 11.4 0.2000008 69606D 0.95
-3.8 14.25 1.15 796E79 0.95
-3.8 14.25 6.85 786D78 0.95
-3.8 11.4 7.799999 6C626F 0.95
-3.8 8.55 8.75 685E6C 0.95
-3.8 5.7 9.700001 675D6B 0.95
-3.8 3.8 12.55 DED7D5 0.95
-3.8 4.75 -2.65 F1EBE7 0.95
-3.8 4.75 -3.6 FDF8F3 0.95
-3.8 4.75 -1.700001 A79DA0 0.95
-3.8 4.75 -0.75 6F6571 0.95
-3.8 4.75 0.2000008 726874 0.95
-3.8 4.75 1.15 716773 0.95
-3.8 4.75 2.1 736975 0.95
-3.8 4.75 3.049999 746A76 0.95
-3.8 4.75 4 756B76 0.95
-3.8 4.75 4.950001 746A75 0.95
-3.8 4.75 5.9 726874 0.95
-3.8 4.75 6.85 746A75 0.95
-3.8 4.75 7.799999 716773 0.95
-3.8 4.75 8.75 716773 0.95
-3.8 4.75 9.700001 948990 0.95
-3.8 4.75 11.6 FEF9F4 0.95
-3.8 4.75 10.65 F4EFEA 0.95
0.95 5.7 -2.65 665D6A 0.95
0.95 5.7 10.65 665C6A 0.95
-3.8 6.65 8.75 655C6A 0.95
-3.8 6.65 -0.75 635A68 0.95
-3.8 7.6 -1.700001 E5DEDA 0.95
2.85 7.6 -1.700001 645A69 0.95
-3.8 7.6 8.75 665C6A 0.95
-3.8 7.6 -0.75 655C6A 0.95
2.85 7.6 9.700001 635A68 0.95
-3.8 7.6 9.700001 ECE7E3 0.95
1.9 8.55 -1.700001 645B69 0.95
1.9 8.55 9.700001 665C6A 0.95
-3.8 9.5 7.799999 685E6C 0.95
-3.8 9.5 0.2000008 69606D 0.95
-3.8 10.45 -0.75 E8E1DD 0.95
2.85 10.45 -0.75 6A606D 0.95
-3.8 10.45 7.799999 6B626E 0.95
-3.8 10.45 0.2000008 675E6B 0.95
2.85 10.45 8.75 685F6C 0.95
-3.8 10.45 8.75 EAE5E1 0.95
1.9 11.4 -0.75 6E6471 0.95
-4.75 11.4 1.15 6C626F 0.95
-4.75 11.4 6.85 695F6D 0.95
1.9 11.4 8.75 6C626F 0.95
3.8 12.35 0.2000008 6F6571 0.95
-3.8 12.35 7.799999 6E6471 0.95
-3.8 12.35 1.15 6F6572 0.95
-3.8 12.35 0.2000008 706672 0.95
-3.8 12.35 6.85 6F6572 0.95
3.8 12.35 7.799999 6D6470 0.95
-3.8 13.3 -0.75 E4DDD9 0.95
2.85 13.3 0.2000008 766B77 0.95
-3.8 13.3 6.85 746A75 0.95
-3.8 13.3 1.15 766C77 0.95
2.85 13.3 7.799999 736975 0.95
-3.8 13.3 8.75 EBE5E2 0.95
2.85 14.25 0.2000008 796F79 0.95
-4.75 14.25 2.1 786E79 0.95
-4.75 14.25 5.9 786E79 0.95
2.85 14.25 7.799999 776D78 0.95
2.85 15.2 0.2000008 80757F 0.95
-3.8 15.2 6.85 80757F 0.95
3.8 15.2 1.15 80757F 0.95
-3.8 15.2 2.1 7E737D 0.95
-3.8 15.2 1.15 80767F 0.95
-4.75 15.2 3.049999 7E747D 0.95
-4.75 15.2 4.950001 80767F 0.95
-3.8 15.2 5.9 80767F 0.95
3.8 15.2 6.85 7E747E 0.95
2.85 15.2 7.799999 80767F 0.95
3.8 16.15 1.15 8B8188 0.95
-3.8 16.15 5.9 8A8087 0.95
-3.8 16.15 2.1 897F87 0.95
-4.75 16.15 4 8D838A 0.95
3.8 16.15 6.85 8C8189 0.95
3.8 17.1 1.15 8F848B 0.95
-3.8 17.1 5.9 94898F 0.95
-3.8 17.1 2.1 90858C 0.95
-3.8 17.1 3.049999 92878E 0.95
-3.8 17.1 4.950001 90868D 0.95
3.8 17.1 6.85 91878D 0.95
2.85 18.05 1.15 978D93 0.95
-3.8 18.05 5.9 998E94 0.95
-3.8 18.05 2.1 978D92 0.95
3.8 18.05 2.1 978C92 0.95
-3.8 18.05 3.049999 9C9297 0.95
-3.8 18.05 4.950001 9A9095 0.95
3.8 18.05 5.9 9C9297 0.95
2.85 18.05 6.85 988D93 0.95
2.85 19 1.15 A79EA1 0.95
-3.8 19 5.9 A79DA1 0.95
-3.8 19 2.1 A59B9E 0.95
3.8 19 2.1 A79DA0 0.95
-3.8 19 3.049999 A59B9F 0.95
-3.8 19 4.950001 A79DA1 0.95
3.8 19 5.9 A79DA0 0.95
2.85 19 6.85 AAA1A3 0.95
2.85 19.95 1.15 B1A8A9 0.95
-3.8 19.95 5.9 ADA4A6 0.95
-3.8 19.95 2.1 B2A9AA 0.95
3.8 19.95 2.1 B0A7A9 0.95
-3.8 19.95 3.049999 AFA6A8 0.95
-3.8 19.95 4.950001 B0A7A9 0.95
3.8 19.95 5.9 AFA6A8 0.95
2.85 19.95 6.85 B1A8AA 0.95
2.85 20.9 1.15 B7AEAF 0.95
-3.8 20.9 5.9 B8B0B0 0.95
-3.8 20.9 2.1 B7AEAF 0.95
3.8 20.9 2.1 B9B0B1 0.95
-3.8 20.9 3.049999 B9B0B1 0.95
3.8 20.9 3.049999 BAB2B2 0.95
-3.8 20.9 4.950001 B6AEAF 0.95
3.8 20.9 4.950001 B7AEAF 0.95
3.8 20.9 5.9 BBB3B3 0.95
2.85 20.9 6.85 BAB1B2 0.95
2.85 21.85 1.15 C5BDBC 0.95
-3.8 21.85 5.9 C6BEBD 0.95
-3.8 21.85 2.1 C3BBBB 0.95
3.8 21.85 2.1 C7C0BF 0.95
-3.8 21.85 3.049999 C8C0C0 0.95
-3.8 21.85 4.950001 C6BFBE 0.95
3.8 21.85 5.9 C7BFBF 0.95
2.85 21.85 6.85 C6BEBE 0.95
3.8 22.8 1.15 D0C9C7 0.95
-3.8 22.8 5.9 D0C9C8 0.95
-3.8 22.8 2.1 CDC6C5 0.95
-3.8 22.8 3.049999 CDC6C5 0.95
-3.8 22.8 4.950001 D0C9C7 0.95
3.8 22.8 6.85 CEC7C5 0.95
3.8 23.75 1.15 D8D1CF 0.95
-3.8 23.75 5.9 DAD4D1 0.95
-3.8 23.75 2.1 D6D0CD 0.95
-4.75 23.75 4 D6CFCD 0.95
3.8 23.75 6.85 D5CECC 0.95
2.85 24.7 0.2000008 E2DCD9 0.95
-3.8 24.7 6.85 E5DFDC 0.95
3.8 24.7 1.15 E4DFDB 0.95
-3.8 24.7 2.1 E5DFDC 0.95
-3.8 24.7 1.15 E3DEDA 0.95
-4.75 24.7 4 E4DEDB 0.95
-3.8 24.7 5.9 E5E0DC 0.95
3.8 24.7 6.85 E1DBD8 0.95
2.85 24.7 7.799999 E1DBD8 0.95
2.85 25.65 0.2000008 EBE6E2 0.95
-3.8 25.65 6.85 EAE4E1 0.95
3.8 25.65 1.15 EAE5E1 0.95
-3.8 25.65 1.15 EBE5E2 0.95
-4.75 25.65 3.049999 EBE6E2 0.95
-4.75 25.65 4.950001 ECE7E3 0.95
3.8 25.65 6.85 E7E2DE 0.95
2.85 25.65 7.799999 E7E1DE 0.95
2.85 26.6 0.2000008 F1ECE7 0.95
-3.8 26.6 6.85 F2EDE8 0.95
-3.8 26.6 1.15 EDE8E4 0.95
2.85 26.6 7.799999 ECE6E2 0.95
-2.85 3.8 -3.6 615769 0.95
-2.85 3.8 -2.65 2D2C47 0.95
-2.85 3.8 -1.700001 292942 0.95
-2.85 3.8 -0.75 312E46 0.95
-2.85 3.8 0.2000008 333048 0.95
-2.85 3.8 1.15 333048 0.95
-2.85 3.8 2.1 302F47 0.95
-2.85 3.8 3.049999 2E2D45 0.95
-2.85 3.8 4 2E2D45 0.95
-2.85 3.8 4.950001 2F2D45 0.95
-2.85 3.8 5.9 302F47 0.95
-2.85 3.8 6.85 312F47 0.95
-2.85 3.8 7.799999 323049 0.95
-2.85 3.8 8.75 302F47 0.95
-2.85 3.8 9.700001 292A42 0.95
-2.85 3.8 10.65 2E2E49 0.95
-2.85 3.8 11.6 61596B 0.95
-2.85 0 -7.4 9B8C8F 0.95
-2.85 0 15.4 B7AEAF 0.95
-2.85 0.95 -7.4 D7CFCC 0.95
-2.85 0.95 -6.45 D5CECC 0.95
-2.85 0.95 -5.5 CAC2C1 0.95
-2.85 0.95 -3.6 373551 0.95
-2.85 0.95 -2.65 292A44 0.95
-2.85 0.95 -1.700001 252740 0.95
-2.85 0.95 -0.75 22243D 0.95
-2.85 0.95 0.2000008 21233B 0.95
-2.85 0.95 1.15 21243C 0.95
-2.85 0.95 2.1 20233B 0.95
-2.85 0.95 3.049999 21243C 0.95
-2.85 0.95 4 21243C 0.95
-2.85 0.95 4.950001 21233C 0.95
-2.85 0.95 5.9 22243D 0.95
-2.85 0.95 6.85 22253D 0.95
-2.85 0.95 7.799999 23253E 0.95
-2.85 0.95 8.75 24263F 0.95
-2.85 0.95 9.700001 262741 0.95
-2.85 0.95 10.65 2B2B46 0.95
-2.85 0.95 11.6 373551 0.95
-2.85 0.95 13.5 CEC7C6 0.95
-2.85 0.95 14.45 D6D0CE 0.95
-2.85 0.95 15.4 DED7D5 0.95
-2.85 1.9 -3.6 423E5C 0.95
-2.85 1.9 -4.55 68617E 0.95
2.85 1.9 -3.6 433E5B 0.95
-2.85 1.9 -2.65 20213B 0.95
-2.85 1.9 9.700001 22243D 0.95
-2.85 1.9 -1.700001 20233B 0.95
-2.85 1.9 -0.75 25263F 0.95
-2.85 1.9 0.2000008 252740 0.95
-2.85 1.9 1.15 252640 0.95
-2.85 1.9 2.1 24263F 0.95
-2.85 1.9 3.049999 24263F 0.95
-2.85 1.9 4 24263F 0.95
-2.85 1.9 4.950001 252740 0.95
-2.85 1.9 5.9 252740 0.95
-2.85 1.9 6.85 252740 0.95
-2.85 1.9 7.799999 262741 0.95
-2.85 1.9 8.75 23263F 0.95
-2.85 1.9 10.65 20223C 0.95
-2.85 1.9 11.6 474463 0.95
2.85 1.9 11.6 494564 0.95
-2.85 1.9 12.55 777089 0.95
-2.85 2.85 -3.6 3C3855 0.95
2.85 2.85 -3.6 3F3A56 0.95
-2.85 2.85 9.700001 20223A 0.95
-2.85 2.85 -1.700001 20233B 0.95
-2.85 2.85 11.6 3E3B59 0.95
2.85 2.85 11.6 423E5C 0.95
-2.85 7.6 -1.700001 665C6A 0.95
-2.85 10.45 -0.75 675D6B 0.95
-2.85 14.25 0.2000008 7B717B 0.95
-2.85 14.25 7.799999 796E79 0.95
-2.85 10.45 8.75 6A606E 0.95
-2.85 7.6 9.700001 635A68 0.95
-2.85 4.75 -4.55 F9F3EE 0.95
-2.85 4.75 -1.700001 746A75 0.95
-2.85 4.75 -0.75 716773 0.95
-2.85 4.75 0.2000008 716773 0.95
-2.85 4.75 1.15 756A76 0.95
-2.85 4.75 2.1 776D78 0.95
-2.85 4.75 3.049999 746A76 0.95
-2.85 4.75 4 756B76 0.95
-2.85 4.75 4.950001 746A75 0.95
-2.85 4.75 5.9 746A75 0.95
-2.85 4.75 6.85 726874 0.95
-2.85 4.75 7.799999 726873 0.95
-2.85 4.75 8.75 716773 0.95
-2.85 4.75 9.700001 756A76 0.95
-2.85 4.75 12.55 E4DFDC 0.95
-2.85 5.7 -3.6 EBE4DF 0.95
-2.85 5.7 9.700001 645B69 0.95
-2.85 5.7 -1.700001 645B69 0.95
-2.85 5.7 11.6 EEE8E4 0.95
-2.85 6.65 -2.65 EEE7E2 0.95
-2.85 6.65 9.700001 665D6A 0.95
-2.85 6.65 -1.700001 645B69 0.95
-2.85 6.65 10.65 EBE6E2 0.95
-2.85 8.55 -2.65 EAE2DD 0.95
-2.85 8.55 8.75 695F6C 0.95
-2.85 8.55 -0.75 665D6A 0.95
-2.85 8.55 10.65 EDE7E3 0.95
-2.85 9.5 -1.700001 E8E0DC 0.95
0 9.5 -1.700001 685E6C 0.95
-2.85 9.5 8.75 655C6A 0.95
-2.85 9.5 -0.75 665D6B 0.95
0 9.5 9.700001 645B69 0.95
-2.85 9.5 9.700001 ECE7E3 0.95
-2.85 11.4 8.75 6C626F 0.95
-2.85 11.4 -0.75 6A606E 0.95
-2.85 12.35 -1.700001 E5DDD9 0.95
1.9 12.35 -0.75 6F6571 0.95
-2.85 12.35 7.799999 6E6471 0.95
-2.85 12.35 0.2000008 706672 0.95
1.9 12.35 8.75 706672 0.95
-2.85 12.35 9.700001 E8E2DE 0.95
0.95 13.3 -0.75 756B76 0.95
-2.85 13.3 7.799999 756B76 0.95
-2.85 13.3 0.2000008 766B77 0.95
0.95 13.3 8.75 746A75 0.95
0 14.25 -0.75 776D78 0.95
0 14.25 8.75 796F7A 0.95
-2.85 15.2 7.799999 7B717B 0.95
-2.85 15.2 0.2000008 817680 0.95
-2.85 16.15 -0.75 E3DDD9 0.95
1.9 16.15 0.2000008 8D8289 0.95
-2.85 16.15 7.799999 8C8189 0.95
-3.8 16.15 1.15 897E86 0.95
-2.85 16.15 0.2000008 897E86 0.95
-3.8 16.15 6.85 877D85 0.95
1.9 16.15 7.799999 877C85 0.95
-2.85 16.15 8.75 E9E3E0 0.95
-2.85 17.1 0.2000008 E8E1DD 0.95
1.9 17.1 0.2000008 91868D 0.95
-2.85 17.1 7.799999 92878E 0.95
1.9 17.1 7.799999 8F858C 0.95
1.9 18.05 0.2000008 968C91 0.95
-2.85 18.05 6.85 998E94 0.95
-2.85 18.05 1.15 9A9095 0.95
1.9 18.05 7.799999 998F94 0.95
1.9 19 0.2000008 A69CA0 0.95
-2.85 19 6.85 A89EA1 0.95
-2.85 19 1.15 A99FA2 0.95
1.9 19 7.799999 A69CA0 0.95
1.9 19.95 0.2000008 B1A7A9 0.95
-2.85 19.95 6.85 B1A8AA 0.95
-2.85 19.95 1.15 ACA2A5 0.95
1.9 19.95 7.799999 AFA5A8 0.95
1.9 20.9 0.2000008 B9B1B2 0.95
-2.85 20.9 6.85 BBB2B3 0.95
-2.85 20.9 1.15 BAB2B2 0.95
1.9 20.9 7.799999 B8AFB0 0.95
1.9 21.85 0.2000008 C7C0BF 0.95
-2.85 21.85 6.85 C6BFBE 0.95
-2.85 21.85 1.15 C6BFBE 0.95
1.9 21.85 7.799999 C6BFBE 0.95
-2.85 22.8 0.2000008 D8D0CD 0.95
1.9 22.8 0.2000008 CEC7C6 0.95
-2.85 22.8 7.799999 CEC7C5 0.95
1.9 22.8 7.799999 D0C9C8 0.95
-2.85 23.75 -0.75 D7D0CE 0.95
1.9 23.75 0.2000008 DAD3D1 0.95
-2.85 23.75 7.799999 D7D1CE 0.95
-3.8 23.75 1.15 D8D2CF 0.95
-2.85 23.75 0.2000008 D7D1CF 0.95
-3.8 23.75 6.85 DAD4D1 0.95
1.9 23.75 7.799999 D6D0CD 0.95
-2.85 23.75 8.75 DCD5D3 0.95
-2.85 24.7 7.799999 E4DFDC 0.95
-2.85 24.7 0.2000008 E5E0DC 0.95
-2.85 25.65 7.799999 E9E4E0 0.95
-2.85 25.65 0.2000008 ECE7E3 0.95
0.95 26.6 -0.75 F0EBE7 0.95
-2.85 26.6 7.799999 F1ECE8 0.95
-2.85 26.6 0.2000008 EDE8E4 0.95
0.95 26.6 8.75 EFE9E5 0.95
-1.9 3.8 -4.55 81747F 0.95
-1.9 3.8 -3.6 64596A 0.95
-1.9 3.8 -2.65 4D455B 0.95
-1.9 3.8 -1.700001 38344B 0.95
-1.9 3.8 -0.75 343148 0.95
-1.9 3.8 0.2000008 302E46 0.95
-1.9 3.8 1.15 2E2D45 0.95
-1.9 3.8 2.1 2F2E45 0.95
-1.9 3.8 3.049999 2B2A42 0.95
-1.9 3.8 4 2E2D44 0.95
-1.9 3.8 4.950001 2E2D45 0.95
-1.9 3.8 5.9 2E2D46 0.95
-1.9 3.8 6.85 2F2D45 0.95
-1.9 3.8 7.799999 302F47 0.95
-1.9 3.8 8.75 312F48 0.95
-1.9 3.8 9.700001 38354D 0.95
-1.9 3.8 10.65 4A445B 0.95
-1.9 3.8 11.6 60586B 0.95
-1.9 3.8 12.55 7E7582 0.95
-1.9 0 -7.4 9F9092 0.95
-1.9 0 15.4 B9B0B1 0.95
-1.9 0.95 -4.55 5E5775 0.95
-1.9 0.95 -7.4 D3CCC9 0.95
-1.9 0.95 -6.45 D3CAC8 0.95
-1.9 0.95 -5.5 C8C1C1 0.95
-1.9 0.95 -3.6 35334F 0.95
-1.9 0.95 -2.65 2C2C47 0.95
-1.9 0.95 -1.700001 262740 0.95
-1.9 0.95 -0.75 24253E 0.95
-1.9 0.95 0.2000008 21233C 0.95
-1.9 0.95 1.15 21243C 0.95
-1.9 0.95 2.1 20223A 0.95
-1.9 0.95 3.049999 20223A 0.95
-1.9 0.95 4 20223A 0.95
-1.9 0.95 4.950001 21233B 0.95
-1.9 0.95 5.9 20233B 0.95
-1.9 0.95 6.85 21233B 0.95
-1.9 0.95 7.799999 22243D 0.95
-1.9 0.95 8.75 24263F 0.95
-1.9 0.95 9.700001 262841 0.95
-1.9 0.95 10.65 2D2D48 0.95
-1.9 0.95 11.6 3A3753 0.95
-1.9 0.95 12.55 423F5C 0.95
-1.9 0.95 13.5 CDC6C6 0.95
-1.9 0.95 14.45 D6CFCD 0.95
-1.9 0.95 15.4 DBD5D3 0.95
-1.9 1.9 -4.55 5E5878 0.95
-1.9 1.9 -3.6 474361 0.95
-1.9 1.9 -2.65 363350 0.95
-1.9 1.9 -1.700001 2A2A44 0.95
-1.9 1.9 -0.75 272842 0.95
-1.9 1.9 0.2000008 252640 0.95
-1.9 1.9 1.15 23253E 0.95
-1.9 1.9 2.1 22253E 0.95
-1.9 1.9 3.049999 24263F 0.95
-1.9 1.9 4 23253D 0.95
-1.9 1.9 4.950001 23253E 0.95
-1.9 1.9 5.9 24263F 0.95
-1.9 1.9 6.85 24263F 0.95
-1.9 1.9 7.799999 252740 0.95
-1.9 1.9 8.75 272842 0.95
-1.9 1.9 9.700001 2C2D48 0.95
-1.9 1.9 10.65 3B3956 0.95
-1.9 1.9 11.6 484462 0.95
-1.9 1.9 12.55 5F5A79 0.95
-2.85 2.85 -2.65 35324E 0.95
-2.85 2.85 10.65 302F4B 0.95
-1.9 5.7 -2.65 6E6370 0.95
-1.9 8.55 -1.700001 675E6B 0.95
-1.9 13.3 -0.75 706672 0.95
-1.9 13.3 8.75 706672 0.95
-1.9 8.55 9.700001 665D6B 0.95
-1.9 5.7 10.65 6C626F 0.95
-1.9 4.75 -3.6 F3EDE8 0.95
-1.9 4.75 -4.55 FEF9F3 0.95
-1.9 4.75 -2.65 9A8F93 0.95
-1.9 4.75 -1.700001 736974 0.95
-1.9 4.75 -0.75 726874 0.95
-1.9 4.75 0.2000008 726874 0.95
-1.9 4.75 1.15 736975 0.95
-1.9 4.75 2.1 756B76 0.95
-1.9 4.75 3.049999 776C77 0.95
-1.9 4.75 4 776C77 0.95
-1.9 4.75 4.950001 766C77 0.95
-1.9 4.75 5.9 766C77 0.95
-1.9 4.75 6.85 756B76 0.95
-1.9 4.75 7.799999 746A75 0.95
-1.9 4.75 8.75 6F6672 0.95
-1.9 4.75 9.700001 726874 0.95
-1.9 4.75 10.65 998F94 0.95
-1.9 4.75 12.55 FFFAF5 0.95
-1.9 4.75 11.6 F8F4EF 0.95
-1.9 5.7 -3.6 ECE4DF 0.95
-1.9 5.7 11.6 F2EDE9 0.95
-1.9 6.65 -3.6 E8E1DC 0.95
-1.9 6.65 9.700001 675D6B 0.95
-1.9 6.65 -1.700001 685E6B 0.95
-1.9 6.65 11.6 ECE7E3 0.95
-1.9 7.6 -2.65 E9E1DC 0.95
-1.9 7.6 9.700001 675D6B 0.95
-1.9 7.6 -1.700001 655C6A 0.95
-1.9 7.6 10.65 EBE6E2 0.95
-1.9 9.5 -2.65 E9E2DE 0.95
-1.9 9.5 9.700001 675D6B 0.95
-1.9 9.5 -1.700001 655B69 0.95
-1.9 9.5 10.65 ECE7E3 0.95
-1.9 10.45 -2.65 E9E2DE 0.95
-1.9 10.45 8.75 685F6C 0.95
-1.9 10.45 -0.75 6E6470 0.95
-1.9 10.45 10.65 EDE7E3 0.95
-1.9 11.4 -1.700001 EAE3DE 0.95
-1.9 11.4 8.75 6B616E 0.95
-1.9 11.4 -0.75 6A606D 0.95
-1.9 11.4 9.700001 EDE7E3 0.95
-1.9 12.35 -0.75 6E6471 0.95
-1.9 12.35 8.75 706672 0.95
-1.9 13.3 -1.700001 EAE3DF 0.95
-1.9 13.3 9.700001 E9E3E0 0.95
-1.9 14.25 -1.700001 E5DEDA 0.95
-1.9 14.25 8.75 796F79 0.95
-1.9 14.25 -0.75 796F79 0.95
-1.9 14.25 9.700001 E9E4E0 0.95
-1.9 15.2 -0.75 E8E1DD 0.95
-1.9 15.2 7.799999 7D737D 0.95
-1.9 15.2 0.2000008 7F757E 0.95
-1.9 15.2 8.75 EAE4E1 0.95
-1.9 16.15 7.799999 8A8087 0.95
-1.9 16.15 0.2000008 8A8087 0.95
-1.9 17.1 7.799999 90868D 0.95
-1.9 17.1 0.2000008 90868C 0.95
-1.9 18.05 -0.75 E8E1DD 0.95
-1.9 18.05 0.2000008 9B9196 0.95
-1.9 18.05 7.799999 9B9196 0.95
-1.9 18.05 8.75 EAE4E1 0.95
-1.9 19 -0.75 EBA85F 0.95
-1.9 19 0.2000008 A69CA0 0.95
-1.9 19 7.799999 A79EA1 0.95
-1.9 19 8.75 EEAC61 0.95
-1.9 19.95 -0.75 E8A75E 0.95
-1.9 19.95 0.2000008 B0A6A8 0.95
-1.9 19.95 7.799999 AEA5A7 0.95
-1.9 19.95 8.75 EFAE62 0.95
-1.9 20.9 -0.75 E9A75E 0.95
-1.9 20.9 0.2000008 B8AFB0 0.95
-1.9 20.9 7.799999 BAB1B2 0.95
-1.9 20.9 8.75 EDAC61 0.95
-1.9 21.85 -0.75 D6CECB 0.95
-1.9 21.85 0.2000008 C5BDBD 0.95
-1.9 21.85 7.799999 C5BEBD 0.95
-1.9 21.85 8.75 DAD3D0 0.95
-1.9 22.8 7.799999 CEC7C6 0.95
-1.9 22.8 0.2000008 CFC8C7 0.95
-1.9 23.75 7.799999 D5CFCD 0.95
-1.9 23.75 0.2000008 D7D1CF 0.95
-1.9 24.7 -0.75 D6CFCC 0.95
-1.9 24.7 7.799999 E4DFDB 0.95
-1.9 24.7 0.2000008 E4DFDB 0.95
-1.9 24.7 8.75 DAD4D2 0.95
-1.9 25.65 -0.75 D8D0CE 0.95
0 25.65 -0.75 EDE7E3 0.95
-1.9 25.65 8.75 EAE5E1 0.95
0 25.65 8.75 E9E4E0 0.95
-1.9 26.6 -1.700001 D8D1CE 0.95
-1.9 26.6 8.75 EFEAE6 0.95
-1.9 26.6 -0.75 F1ECE8 0.95
-1.9 26.6 9.700001 DBD3D1 0.95
-0.95 3.8 -4.55 7E717D 0.95
-0.95 3.8 -3.6 665B6D 0.95
-0.95 3.8 -2.65 4E455A 0.95
-0.95 3.8 -1.700001 403A51 0.95
-0.95 3.8 -0.75 353249 0.95
-0.95 3.8 0.2000008 302E46 0.95
-0.95 3.8 1.15 2E2D44 0.95
-0.95 3.8 2.1 2D2B43 0.95
-0.95 3.8 3.049999 2C2B43 0.95
-0.95 3.8 4 2D2C44 0.95
-0.95 3.8 4.950001 2C2C43 0.95
-0.95 3.8 5.9 2C2B43 0.95
-0.95 3.8 6.85 2E2D45 0.95
-0.95 3.8 7.799999 2F2E46 0.95
-0.95 3.8 8.75 35334B 0.95
-0.95 3.8 9.700001 3A364F 0.95
-0.95 3.8 10.65 4C465D 0.95
-0.95 3.8 11.6 60586C 0.95
-0.95 3.8 12.55 7C7280 0.95
-0.95 0 -7.4 9E8E90 0.95
-0.95 0 15.4 BAB1B1 0.95
-0.95 0.95 -4.55 605978 0.95
-0.95 0.95 -7.4 D4CCC9 0.95
-0.95 0.95 -6.45 D0C8C6 0.95
-0.95 0.95 -5.5 C3BBBB 0.95
-0.95 0.95 -3.6 373450 0.95
-0.95 0.95 -2.65 2E2D48 0.95
-0.95 0.95 -1.700001 272841 0.95
-0.95 0.95 -0.75 24263E 0.95
-0.95 0.95 0.2000008 22253D 0.95
-0.95 0.95 1.15 20223A 0.95
-0.95 0.95 2.1 20233B 0.95
-0.95 0.95 3.049999 20223A 0.95
-0.95 0.95 4 21233B 0.95
-0.95 0.95 4.950001 20223A 0.95
-0.95 0.95 5.9 20223A 0.95
-0.95 0.95 6.85 21243C 0.95
-0.95 0.95 7.799999 22253D 0.95
-0.95 0.95 8.75 262741 0.95
-0.95 0.95 9.700001 2A2B45 0.95
-0.95 0.95 10.65 2F2F49 0.95
-0.95 0.95 11.6 373552 0.95
-0.95 0.95 12.55 3F3C59 0.95
-0.95 0.95 13.5 CBC3C3 0.95
-0.95 0.95 14.45 D7D1CF 0.95
-0.95 0.95 15.4 DCD5D3 0.95
-0.95 1.9 -4.55 5C5776 0.95
-0.95 1.9 -3.6 45415F 0.95
-0.95 1.9 -2.65 393653 0.95
-0.95 1.9 -1.700001 2C2C47 0.95
-0.95 1.9 -0.75 272841 0.95
-0.95 1.9 0.2000008 24263F 0.95
-0.95 1.9 1.15 22243D 0.95
-0.95 1.9 2.1 23253D 0.95
-0.95 1.9 3.049999 22243D 0.95
-0.95 1.9 4 23253E 0.95
-0.95 1.9 4.950001 25263F 0.95
-0.95 1.9 5.9 252640 0.95
-0.95 1.9 6.85 262741 0.95
-0.95 1.9 7.799999 262841 0.95
-0.95 1.9 8.75 292A44 0.95
-0.95 1.9 9.700001 2F2F4A 0.95
-0.95 1.9 10.65 383653 0.95
-0.95 1.9 11.6 4A4664 0.95
-0.95 1.9 12.55 5B5676 0.95
-0.95 5.7 -2.65 655C6A 0.95
-0.95 9.5 -1.700001 665D6A 0.95
-0.95 14.25 -0.75 756B76 0.95
-0.95 14.25 8.75 756B76 0.95
-0.95 9.5 9.700001 665C6A 0.95
-0.95 5.7 10.65 655B69 0.95
-0.95 4.75 -3.6 F3EDE8 0.95
-0.95 4.75 -4.55 FEF9F3 0.95
-0.95 4.75 -2.65 847981 0.95
-0.95 4.75 -1.700001 716773 0.95
-0.95 4.75 -0.75 736974 0.95
-0.95 4.75 0.2000008 736974 0.95
-0.95 4.75 1.15 756B76 0.95
-0.95 4.75 2.1 776D78 0.95
-0.95 4.75 3.049999 766C77 0.95
-0.95 4.75 4 776C77 0.95
-0.95 4.75 4.950001 766C77 0.95
-0.95 4.75 5.9 766C77 0.95
-0.95 4.75 6.85 746A76 0.95
-0.95 4.75 7.799999 746A76 0.95
-0.95 4.75 8.75 736975 0.95
-0.95 4.75 9.700001 706672 0.95
-0.95 4.75 10.65 91878E 0.95
-0.95 4.75 12.55 FFFDF7 0.95
-0.95 4.75 11.6 F7F1ED 0.95
-0.95 6.65 -3.6 E9E0DB 0.95
-0.95 6.65 10.65 635968 0.95
-0.95 6.65 -2.65 675D6B 0.95
-0.95 6.65 11.6 EEE9E5 0.95
-0.95 7.6 -3.6 E9E2DD 0.95
-0.95 7.6 9.700001 645A68 0.95
-0.95 7.6 -1.700001 665C6A 0.95
-0.95 7.6 11.6 ECE6E2 0.95
-0.95 8.55 -2.65 E9E1DB 0.95
-0.95 8.55 9.700001 685E6C 0.95
-0.95 8.55 -1.700001 665D6B 0.95
-0.95 8.55 10.65 ECE6E2 0.95
-0.95 10.45 -2.65 EAE3DF 0.95
-0.95 10.45 9.700001 695F6C 0.95
-0.95 10.45 -1.700001 6A606D 0.95
-0.95 10.45 10.65 ECE7E3 0.95
-0.95 11.4 -1.700001 EAE3DE 0.95
-0.95 11.4 8.75 6B616E 0.95
-0.95 11.4 -0.75 695F6C 0.95
-0.95 11.4 9.700001 ECE6E2 0.95
-0.95 12.35 -1.700001 EBE4DF 0.95
-0.95 12.35 8.75 6E6471 0.95
-0.95 12.35 -0.75 6E6470 0.95
-0.95 12.35 9.700001 EDE8E4 0.95
-0.95 13.3 8.75 736874 0.95
-0.95 13.3 -0.75 756B76 0.95
-0.95 14.25 -1.700001 E6DFDB 0.95
-0.95 14.25 9.700001 EAE4E1 0.95
-0.95 15.2 -1.700001 E6DFDB 0.95
-0.95 15.2 8.75 80767F 0.95
-0.95 15.2 -0.75 7F757F 0.95
-0.95 15.2 9.700001 EAE4E1 0.95
-0.95 16.15 -0.75 E7E1DD 0.95
-0.95 16.15 8.75 897F87 0.95
-0.95 17.1 -0.75 E7E0DC 0.95
-0.95 17.1 7.799999 93898F 0.95
-0.95 17.1 0.2000008 92888E 0.95
-0.95 17.1 8.75 EAE4E0 0.95
-0.95 18.05 7.799999 998F94 0.95
-0.95 18.05 0.2000008 9A9095 0.95
-0.95 19 7.799999 A69C9F 0.95
-0.95 19 0.2000008 A79EA1 0.95
-0.95 19.95 7.799999 B0A7A9 0.95
-0.95 19.95 0.2000008 B1A8A9 0.95
-0.95 20.9 7.799999 B8AFB0 0.95
-0.95 20.9 0.2000008 BAB2B2 0.95
-0.95 21.85 7.799999 C6BFBE 0.95
-0.95 21.85 0.2000008 C7BFBE 0.95
-0.95 22.8 -0.75 DCD4D0 0.95
-0.95 22.8 7.799999 D0CAC8 0.95
-0.95 22.8 0.2000008 D0C9C7 0.95
-0.95 22.8 8.75 DAD3D1 0.95
-0.95 23.75 -0.75 D9D1CE 0.95
-0.95 23.75 8.75 D8D2D0 0.95
-0.95 24.7 -0.75 D9D1CE 0.95
-0.95 24.7 8.75 E3DDDA 0.95
-0.95 25.65 -1.700001 D6CFCC 0.95
-0.95 25.65 8.75 EAE4E1 0.95
-0.95 25.65 -0.75 E9E4E0 0.95
-0.95 25.65 9.700001 DCD5D2 0.95
-0.95 26.6 -1.700001 D6CFCD 0.95
-0.95 26.6 -0.75 F2EDE9 0.95
-0.95 26.6 8.75 F0EBE6 0.95
-0.95 26.6 9.700001 DAD3D0 0.95
0 3.8 -4.55 786B78 0.95
0 3.8 -3.6 635869 0.95
0 3.8 -2.65 4C445A 0.95
0 3.8 -1.700001 3E3950 0.95
0 3.8 -0.75 373249 0.95
0 3.8 0.2000008 322F47 0.95
0 3.8 1.15 2E2C44 0.95
0 3.8 2.1 2C2B43 0.95
0 3.8 3.049999 2B2B42 0.95
0 3.8 4 2A2A42 0.95
0 3.8 4.950001 2C2C44 0.95
0 3.8 5.9 2D2C44 0.95
0 3.8 6.85 2E2D45 0.95
0 3.8 7.799999 313048 0.95
0 3.8 8.75 33314A 0.95
0 3.8 9.700001 3C3851 0.95
0 3.8 10.65 4A445C 0.95
0 3.8 11.6 5E566A 0.95
0 3.8 12.55 776D7C 0.95
0 0 -7.4 998688 0.95
0 0 15.4 BBB2B2 0.95
0 0.95 -5.5 5F5876 0.95
0 0.95 -7.4 D4CCC9 0.95
0 0.95 -6.45 D2CAC9 0.95
0 0.95 -4.55 403C59 0.95
0 0.95 -3.6 35334F 0.95
0 0.95 -2.65 2D2D47 0.95
0 0.95 -1.700001 292A43 0.95
0 0.95 -0.75 24263F 0.95
0 0.95 0.2000008 21243C 0.95
0 0.95 1.15 21233B 0.95
0 0.95 2.1 20223A 0.95
0 0.95 3.049999 20223A 0.95
0 0.95 4 202239 0.95
0 0.95 4.950001 20223A 0.95
0 0.95 5.9 202139 0.95
0 0.95 6.85 21233C 0.95
0 0.95 7.799999 22243D 0.95
0 0.95 8.75 24263F 0.95
0 0.95 9.700001 2A2A44 0.95
0 0.95 10.65 2F2F4A 0.95
0 0.95 11.6 383652 0.95
0 0.95 12.55 403D5A 0.95
0 0.95 13.5 C9C2C2 0.95
0 0.95 14.45 D5CECC 0.95
0 0.95 15.4 DBD5D2 0.95
0 1.9 -4.55 565170 0.95
0 1.9 -3.6 45415F 0.95
0 1.9 -2.65 363451 0.95
0 1.9 -1.700001 2E2E48 0.95
0 1.9 -0.75 272841 0.95
0 1.9 0.2000008 24263F 0.95
0 1.9 1.15 22243D 0.95
0 1.9 2.1 22243D 0.95
0 1.9 3.049999 22253D 0.95
0 1.9 4 22253E 0.95
0 1.9 4.950001 23253E 0.95
0 1.9 5.9 24263F 0.95
0 1.9 6.85 252740 0.95
0 1.9 7.799999 262841 0.95
0 1.9 8.75 292A44 0.95
0 1.9 9.700001 30304B 0.95
0 1.9 10.65 393754 0.95
0 1.9 11.6 484462 0.95
0 1.9 12.55 595473 0.95
0 3.8 -5.5 DBD0CB 0.95
0 6.65 -2.65 635967 0.95
0 10.45 -1.700001 695F6C 0.95
0 15.2 -0.75 7C727C 0.95
0 15.2 8.75 7A6F7A 0.95
0 10.45 9.700001 675D6B 0.95
0 6.65 10.65 645A69 0.95
0 3.8 13.5 DDD6D4 0.95
0 4.75 -4.55 F3EDE8 0.95
0 4.75 -2.65 7B707A 0.95
0 4.75 -1.700001 6F6571 0.95
0 4.75 -0.75 716773 0.95
0 4.75 0.2000008 746A75 0.95
0 4.75 1.15 766C77 0.95
0 4.75 2.1 766B77 0.95
0 4.75 3.049999 776D78 0.95
0 4.75 4 776D78 0.95
0 4.75 4.950001 776C77 0.95
0 4.75 5.9 776D78 0.95
0 4.75 6.85 766B77 0.95
0 4.75 7.799999 726874 0.95
0 4.75 8.75 736874 0.95
0 4.75 9.700001 726873 0.95
0 4.75 10.65 7B717B 0.95
0 4.75 12.55 FFFBF5 0.95
0 5.7 -3.6 ECE5E0 0.95
0 5.7 10.65 655B69 0.95
0 5.7 -2.65 675D6B 0.95
0 5.7 11.6 EDE8E4 0.95
0 6.65 -3.6 EBE3DE 0.95
0 6.65 11.6 ECE6E3 0.95
0 7.6 -3.6 E9E2DE 0.95
0 7.6 10.65 645B69 0.95
0 7.6 -2.65 685E6C 0.95
0 7.6 11.6 EBE6E2 0.95
0 8.55 -2.65 EAE3DF 0.95
0 8.55 9.700001 655B69 0.95
0 8.55 -1.700001 665C6A 0.95
0 8.55 10.65 EEE8E4 0.95
0 9.5 -2.65 E9E2DD 0.95
0 9.5 10.65 EBE5E2 0.95
0 10.45 -2.65 EBE4E0 0.95
0 10.45 10.65 EFE9E5 0.95
0 11.4 -2.65 EAE3DF 0.95
0 11.4 9.700001 6C626F 0.95
0 11.4 -1.700001 6A616E 0.95
0 11.4 10.65 ECE6E2 0.95
0 12.35 -1.700001 E8E2DD 0.95
0 12.35 8.75 6E6471 0.95
0 12.35 -0.75 6F6571 0.95
0 12.35 9.700001 E9E3DF 0.95
0 13.3 -1.700001 E7E0DC 0.95
0 13.3 8.75 746A75 0.95
0 13.3 -0.75 746A76 0.95
0 13.3 9.700001 EBE5E1 0.95
0 15.2 -1.700001 E8E2DE 0.95
0 15.2 9.700001 ECE6E2 0.95
0 16.15 -1.700001 E4DEDB 0.95
0 16.15 8.75 8B8088 0.95
0 16.15 -0.75 897E86 0.95
0 16.15 9.700001 EAE4E1 0.95
0 17.1 -0.75 E8E1DD 0.95
0 17.1 8.75 92888E 0.95
0 18.05 -0.75 E9E2DE 0.95
0 18.05 8.75 998E94 0.95
0 19 -0.75 EBAA60 0.95
0 19 8.75 A79DA1 0.95
0 19.95 -0.75 F2B163 0.95
0 19.95 8.75 B1A8AA 0.95
0 20.9 -0.75 EAA85F 0.95
0 20.9 8.75 B9B0B1 0.95
0 21.85 -0.75 D9D1CE 0.95
0 21.85 8.75 C9C1C0 0.95
0 22.8 -0.75 D6CFCC 0.95
0 22.8 8.75 CFC8C6 0.95
0 23.75 -1.700001 DAD2CF 0.95
0 23.75 8.75 D8D1CF 0.95
0 23.75 -0.75 D7D1CF 0.95
0 23.75 9.700001 DAD3D1 0.95
0 24.7 -1.700001 DBD4D1 0.95
0 24.7 8.75 E1DBD8 0.95
0 24.7 -0.75 E3DDDA 0.95
0 24.7 9.700001 DDD7D4 0.95
0 25.65 -1.700001 DCD5D2 0.95
0 25.65 9.700001 DBD5D2 0.95
0 26.6 -1.700001 DBD4D1 0.95
0 26.6 8.75 EFEAE5 0.95
0 26.6 -0.75 F2EDE8 0.95
0 26.6 9.700001 DAD4D1 0.95
0.95 3.8 -4.55 7D707C 0.95
0.95 3.8 -3.6 615769 0.95
0.95 3.8 -2.65 4F465C 0.95
0.95 3.8 -1.700001 3E3850 0.95
0.95 3.8 -0.75 353149 0.95
0.95 3.8 0.2000008 312E46 0.95
0.95 3.8 1.15 2E2D45 0.95
0.95 3.8 2.1 2E2C43 0.95
0.95 3.8 3.049999 2D2C44 0.95
0.95 3.8 4 2C2B43 0.95
0.95 3.8 4.950001 2C2B44 0.95
0.95 3.8 5.9 2E2D45 0.95
0.95 3.8 6.85 2D2C45 0.95
0.95 3.8 7.799999 2E2D46 0.95
0.95 3.8 8.75 34324A 0.95
0.95 3.8 9.700001 3D3952 0.95
0.95 3.8 10.65 4B455C 0.95
0.95 3.8 11.6 61596C 0.95
0.95 3.8 12.55 766D7B 0.95
0.95 0 -7.4 978587 0.95
0.95 0 15.4 B7AEAF 0.95
0.95 0.95 -4.55 5E5876 0.95
0.95 0.95 -7.4 D4CCC9 0.95
0.95 0.95 -6.45 D0C8C6 0.95
0.95 0.95 -5.5 C6BEBE 0.95
0.95 0.95 -3.6 35334E 0.95
0.95 0.95 -2.65 2E2E48 0.95
0.95 0.95 -1.700001 272841 0.95
0.95 0.95 -0.75 23253D 0.95
0.95 0.95 0.2000008 22243C 0.95
0.95 0.95 1.15 21233B 0.95
0.95 0.95 2.1 202239 0.95
0.95 0.95 3.049999 20223A 0.95
0.95 0.95 4 20223A 0.95
0.95 0.95 4.950001 20233B 0.95
0.95 0.95 5.9 20223B 0.95
0.95 0.95 6.85 22243C 0.95
0.95 0.95 7.799999 21243C 0.95
0.95 0.95 8.75 24263F 0.95
0.95 0.95 9.700001 2A2B45 0.95
0.95 0.95 10.65 302F4A 0.95
0.95 0.95 11.6 393754 0.95
0.95 0.95 12.55 413E5B 0.95
0.95 0.95 13.5 CCC5C5 0.95
0.95 0.95 14.45 D4CECC 0.95
0.95 0.95 15.4 DDD7D5 0.95
0.95 1.9 -4.55 5A5574 0.95
0.95 1.9 -3.6 464260 0.95
0.95 1.9 -2.65 363450 0.95
0.95 1.9 -1.700001 2D2D47 0.95
0.95 1.9 -0.75 272841 0.95
0.95 1.9 0.2000008 252640 0.95
0.95 1.9 1.15 23253E 0.95
0.95 1.9 2.1 24263F 0.95
0.95 1.9 3.049999 23253E 0.95
0.95 1.9 4 22243D 0.95
0.95 1.9 4.950001 24263F 0.95
0.95 1.9 5.9 24263F 0.95
0.95 1.9 6.85 252741 0.95
0.95 1.9 7.799999 272842 0.95
0.95 1.9 8.75 2B2B46 0.95
0.95 1.9 9.700001 302F4B 0.95
0.95 1.9 10.65 3A3855 0.95
0.95 1.9 11.6 494564 0.95
0.95 1.9 12.55 5E5978 0.95
0.95 9.5 -1.700001 675D6B 0.95
0.95 14.25 -0.75 756B76 0.95
0.95 14.25 8.75 766C77 0.95
0.95 9.5 9.700001 665D6B 0.95
0.95 4.75 -3.6 F7F2ED 0.95
0.95 4.75 -4.55 FDF9F3 0.95
0.95 4.75 -2.65 8F848B 0.95
0.95 4.75 -1.700001 726773 0.95
0.95 4.75 -0.75 746A75 0.95
0.95 4.75 0.2000008 726874 0.95
0.95 4.75 1.15 736974 0.95
0.95 4.75 2.1 766B77 0.95
0.95 4.75 3.049999 766C77 0.95
0.95 4.75 4 776D78 0.95
0.95 4.75 4.950001 766C77 0.95
0.95 4.75 5.9 756B76 0.95
0.95 4.75 6.85 756B76 0.95
0.95 4.75 7.799999 736974 0.95
0.95 4.75 8.75 716773 0.95
0.95 4.75 9.700001 726874 0.95
0.95 4.75 10.65 877C85 0.95
0.95 4.75 12.55 FFFAF5 0.95
0.95 4.75 11.6 F8F3EE 0.95
0.95 5.7 -3.6 F0E9E3 0.95
0.95 5.7 11.6 EEE9E5 0.95
0.95 6.65 -3.6 EBE4DF 0.95
0.95 6.65 10.65 615867 0.95
0.95 6.65 -2.65 685E6C 0.95
0.95 6.65 11.6 EDE7E3 0.95
0.95 7.6 -3.6 E9E2DE 0.95
0.95 7.6 9.700001 645B69 0.95
0.95 7.6 -1.700001 695F6C 0.95
0.95 7.6 11.6 EDE7E3 0.95
0.95 8.55 -2.65 EAE3DE 0.95
0.95 8.55 9.700001 675E6B 0.95
0.95 8.55 -1.700001 665D6B 0.95
0.95 8.55 10.65 EEE9E5 0.95
0.95 9.5 -2.65 E9E3DE 0.95
0.95 9.5 10.65 EDE8E3 0.95
0.95 10.45 -2.65 EAE3DE 0.95
0.95 10.45 9.700001 69606D 0.95
0.95 10.45 -1.700001 6E6471 0.95
0.95 10.45 10.65 EFEAE6 0.95
0.95 11.4 -1.700001 EBE4E0 0.95
0.95 11.4 8.75 6C626F 0.95
0.95 11.4 -0.75 6D6370 0.95
0.95 11.4 9.700001 EEE8E4 0.95
0.95 12.35 -1.700001 E9E3DE 0.95
0.95 12.35 8.75 706672 0.95
0.95 12.35 -0.75 6F6572 0.95
0.95 12.35 9.700001 ECE7E3 0.95
0.95 13.3 -1.700001 E9E3E0 0.95
0.95 13.3 9.700001 EBE6E2 0.95
0.95 14.25 -1.700001 E6E0DC 0.95
0.95 21.85 -0.75 D8D1CE 0.95
0.95 21.85 8.75 DBD3D0 0.95
0.95 14.25 9.700001 EDE8E4 0.95
0.95 15.2 -1.700001 EAE3DF 0.95
0.95 15.2 8.75 7E747E 0.95
0.95 15.2 -0.75 7C727C 0.95
0.95 15.2 9.700001 EAE5E1 0.95
0.95 16.15 -0.75 E8E1DD 0.95
0.95 16.15 8.75 8A8088 0.95
0.95 17.1 -0.75 E8E2DE 0.95
0.95 17.1 7.799999 93888F 0.95
0.95 17.1 0.2000008 8F858C 0.95
0.95 17.1 8.75 ECE6E2 0.95
0.95 18.05 -0.75 E4DEDA 0.95
0.95 18.05 7.799999 988D93 0.95
0.95 18.05 0.2000008 9B9096 0.95
0.95 18.05 8.75 EAE4E1 0.95
0.95 19 -0.75 E9A85F 0.95
0.95 19 7.799999 A49B9E 0.95
0.95 19 0.2000008 A59B9F 0.95
0.95 19 8.75 EEAE61 0.95
0.95 19.95 -0.75 EDAC60 0.95
0.95 19.95 7.799999 AFA6A8 0.95
0.95 19.95 0.2000008 B2A8AA 0.95
0.95 19.95 8.75 EDAB60 0.95
0.95 20.9 -0.75 EEAD61 0.95
0.95 20.9 7.799999 B8AFB0 0.95
0.95 20.9 0.2000008 BAB1B2 0.95
0.95 20.9 8.75 EDAD61 0.95
0.95 21.85 7.799999 C7C0BF 0.95
0.95 21.85 0.2000008 C7BFBF 0.95
0.95 22.8 -0.75 DBD4D0 0.95
0.95 22.8 7.799999 CFC9C7 0.95
0.95 22.8 0.2000008 CFC8C6 0.95
0.95 22.8 8.75 DDD6D4 0.95
0.95 23.75 -0.75 DBD3D0 0.95
0.95 23.75 8.75 D9D3D0 0.95
0.95 24.7 -0.75 D9D2D0 0.95
0.95 24.7 8.75 E1DCD8 0.95
0.95 25.65 -1.700001 DAD3D0 0.95
0.95 25.65 8.75 E9E4E0 0.95
0.95 25.65 -0.75 EDE8E4 0.95
0.95 25.65 9.700001 D9D3D0 0.95
0.95 26.6 -1.700001 D8D1CE 0.95
0.95 26.6 9.700001 DBD4D2 0.95
1.9 3.8 -4.55 837783 0.95
1.9 3.8 -3.6 64596A 0.95
1.9 3.8 -2.65 4E455A 0.95
1.9 3.8 -1.700001 3B354D 0.95
1.9 3.8 -0.75 333047 0.95
1.9 3.8 0.2000008 302E46 0.95
1.9 3.8 1.15 2F2D45 0.95
1.9 3.8 2.1 302D45 0.95
1.9 3.8 3.049999 2D2C43 0.95
1.9 3.8 4 2D2C44 0.95
1.9 3.8 4.950001 2C2C44 0.95
1.9 3.8 5.9 2E2D45 0.95
1.9 3.8 6.85 302F47 0.95
1.9 3.8 7.799999 302F47 0.95
1.9 3.8 8.75 323049 0.95
1.9 3.8 9.700001 37344D 0.95
1.9 3.8 10.65 4A445B 0.95
1.9 3.8 11.6 62596C 0.95
1.9 3.8 12.55 817683 0.95
1.9 0 -7.4 968487 0.95
1.9 0 15.4 B9B0B1 0.95
1.9 0.95 -4.55 5F5978 0.95
1.9 0.95 -7.4 D5CDCA 0.95
1.9 0.95 -6.45 D2CAC8 0.95
1.9 0.95 -5.5 C7BFBE 0.95
1.9 0.95 -3.6 35334F 0.95
1.9 0.95 -2.65 2D2C47 0.95
1.9 0.95 -1.700001 272842 0.95
1.9 0.95 -0.75 23253E 0.95
1.9 0.95 0.2000008 22253D 0.95
1.9 0.95 1.15 22243C 0.95
1.9 0.95 2.1 21233C 0.95
1.9 0.95 3.049999 20233B 0.95
1.9 0.95 4 21233C 0.95
1.9 0.95 4.950001 20233B 0.95
1.9 0.95 5.9 20233B 0.95
1.9 0.95 6.85 21243C 0.95
1.9 0.95 7.799999 24263F 0.95
1.9 0.95 8.75 252740 0.95
1.9 0.95 9.700001 282943 0.95
1.9 0.95 10.65 2D2D48 0.95
1.9 0.95 11.6 383653 0.95
1.9 0.95 12.55 44405E 0.95
1.9 0.95 13.5 CFC8C8 0.95
1.9 0.95 14.45 D6CFCD 0.95
1.9 0.95 15.4 DCD6D3 0.95
1.9 1.9 -4.55 5E5978 0.95
1.9 1.9 -3.6 474362 0.95
1.9 1.9 -2.65 34324E 0.95
1.9 1.9 -1.700001 2A2A44 0.95
1.9 1.9 -0.75 272841 0.95
1.9 1.9 0.2000008 252640 0.95
1.9 1.9 1.15 252640 0.95
1.9 1.9 2.1 24263F 0.95
1.9 1.9 3.049999 23253E 0.95
1.9 1.9 4 23253E 0.95
1.9 1.9 4.950001 252740 0.95
1.9 1.9 5.9 252640 0.95
1.9 1.9 6.85 262741 0.95
1.9 1.9 7.799999 272942 0.95
1.9 1.9 8.75 292A44 0.95
1.9 1.9 9.700001 2F2E4A 0.95
1.9 1.9 10.65 393754 0.95
1.9 1.9 11.6 494564 0.95
1.9 1.9 12.55 605C7B 0.95
1.9 5.7 -2.65 6A606D 0.95
1.9 13.3 -0.75 6F6571 0.95
1.9 13.3 8.75 6E6571 0.95
1.9 5.7 10.65 685F6C 0.95
1.9 4.75 -3.6 F5EFEB 0.95
1.9 4.75 -4.55 FFFDF7 0.95
1.9 4.75 -2.65 9A8F94 0.95
1.9 4.75 -1.700001 706672 0.95
1.9 4.75 -0.75 716773 0.95
1.9 4.75 0.2000008 736974 0.95
1.9 4.75 1.15 756B76 0.95
1.9 4.75 2.1 766C77 0.95
1.9 4.75 3.049999 766C77 0.95
1.9 4.75 4 776C77 0.95
1.9 4.75 4.950001 776D78 0.95
1.9 4.75 5.9 746A76 0.95
1.9 4.75 6.85 736975 0.95
1.9 4.75 7.799999 726874 0.95
1.9 4.75 8.75 736874 0.95
1.9 4.75 9.700001 756A76 0.95
1.9 4.75 10.65 9E9498 0.95
1.9 4.75 12.55 FFFDF8 0.95
1.9 4.75 11.6 F8F3EE 0.95
1.9 5.7 -3.6 EDE6E1 0.95
1.9 5.7 11.6 F3EEE9 0.95
1.9 6.65 -3.6 EBE4DF 0.95
1.9 6.65 9.700001 685E6C 0.95
1.9 6.65 -1.700001 655B69 0.95
1.9 6.65 11.6 EBE5E2 0.95
1.9 7.6 -2.65 ECE5E1 0.95
1.9 7.6 9.700001 665D6B 0.95
1.9 7.6 -1.700001 635968 0.95
1.9 7.6 10.65 EDE7E3 0.95
1.9 8.55 -2.65 EBE4DF 0.95
1.9 8.55 10.65 ECE7E3 0.95
1.9 9.5 -2.65 E6E0DD 0.95
1.9 9.5 9.700001 665D6B 0.95
1.9 9.5 -1.700001 685F6C 0.95
1.9 9.5 10.65 EEE9E5 0.95
1.9 10.45 -2.65 EAE4E0 0.95
1.9 10.45 8.75 675E6B 0.95
1.9 10.45 -0.75 6A616E 0.95
1.9 10.45 10.65 EFEAE6 0.95
1.9 11.4 -1.700001 EAE3DF 0.95
1.9 11.4 9.700001 ECE7E3 0.95
1.9 12.35 -1.700001 EAE3DF 0.95
1.9 12.35 9.700001 EAE4E1 0.95
1.9 13.3 -1.700001 E7E1DD 0.95
1.9 22.8 -0.75 D9D0CD 0.95
1.9 22.8 8.75 DBD4D1 0.95
1.9 13.3 9.700001 EAE5E1 0.95
1.9 14.25 -1.700001 EBE4DF 0.95
1.9 14.25 8.75 7A707A 0.95
1.9 14.25 -0.75 7B717B 0.95
1.9 14.25 9.700001 EBE5E1 0.95
1.9 15.2 -0.75 E9E4E0 0.95
1.9 15.2 7.799999 80767F 0.95
1.9 15.2 0.2000008 7E747E 0.95
1.9 15.2 8.75 E9E4E0 0.95
1.9 16.15 -0.75 E9E3DF 0.95
1.9 16.15 8.75 EDE7E3 0.95
1.9 17.1 -0.75 E8E2DE 0.95
1.9 17.1 8.75 ECE6E2 0.95
1.9 18.05 -0.75 E9E3DF 0.95
1.9 18.05 8.75 EBE5E2 0.95
1.9 19 -0.75 ECAC61 0.95
1.9 19 8.75 ECAB60 0.95
1.9 19.95 -0.75 EBAA60 0.95
1.9 19.95 8.75 EEAD61 0.95
1.9 20.9 -0.75 EAA85F 0.95
1.9 20.9 8.75 EDAD61 0.95
1.9 21.85 -0.75 D9D2CF 0.95
1.9 21.85 8.75 DDD6D3 0.95
1.9 23.75 -0.75 DAD2D0 0.95
1.9 23.75 8.75 DDD7D4 0.95
1.9 24.7 -0.75 D9D2D0 0.95
1.9 24.7 7.799999 E1DBD8 0.95
1.9 24.7 0.2000008 E4DFDB 0.95
1.9 24.7 8.75 D9D2D0 0.95
1.9 25.65 -0.75 D9D2D0 0.95
1.9 25.65 8.75 E7E2DE 0.95
1.9 26.6 -1.700001 DAD3D1 0.95
1.9 26.6 8.75 EEE9E5 0.95
1.9 26.6 -0.75 F1ECE7 0.95
1.9 26.6 9.700001 DDD6D4 0.95
2.85 3.8 -4.55 A2979C 0.95
2.85 3.8 -3.6 695E6E 0.95
2.85 3.8 -2.65 2E2D48 0.95
2.85 3.8 -1.700001 2A2A42 0.95
2.85 3.8 -0.75 302F47 0.95
2.85 3.8 0.2000008 323048 0.95
2.85 3.8 1.15 323048 0.95
2.85 3.8 2.1 302F47 0.95
2.85 3.8 3.049999 2F2E46 0.95
2.85 3.8 4 302E46 0.95
2.85 3.8 4.950001 2F2E46 0.95
2.85 3.8 5.9 302F47 0.95
2.85 3.8 6.85 312F47 0.95
2.85 3.8 7.799999 313048 0.95
2.85 3.8 8.75 312F48 0.95
2.85 3.8 9.700001 2C2C44 0.95
2.85 3.8 10.65 2C2C47 0.95
2.85 3.8 11.6 5E566A 0.95
2.85 3.8 12.55 FFFFFA 0.95
2.85 0 -7.4 958387 0.95
2.85 0 15.4 B9AFB0 0.95
2.85 0.95 -4.55 5E5877 0.95
2.85 0.95 -7.4 D6CDCA 0.95
2.85 0.95 -6.45 D1CAC8 0.95
2.85 0.95 -5.5 CAC3C2 0.95
2.85 0.95 -3.6 35344F 0.95
2.85 0.95 -2.65 2B2B45 0.95
2.85 0.95 -1.700001 262841 0.95
2.85 0.95 -0.75 24263F 0.95
2.85 0.95 0.2000008 24263F 0.95
2.85 0.95 1.15 22253D 0.95
2.85 0.95 2.1 22243D 0.95
2.85 0.95 3.049999 22243D 0.95
2.85 0.95 4 21243C 0.95
2.85 0.95 4.950001 22253D 0.95
2.85 0.95 5.9 22243D 0.95
2.85 0.95 6.85 22253D 0.95
2.85 0.95 7.799999 24263F 0.95
2.85 0.95 8.75 252740 0.95
2.85 0.95 9.700001 262841 0.95
2.85 0.95 10.65 2C2C47 0.95
2.85 0.95 11.6 383653 0.95
2.85 0.95 12.55 B9B0B4 0.95
2.85 0.95 13.5 CEC7C7 0.95
2.85 0.95 14.45 DBD4D2 0.95
2.85 0.95 15.4 DFD9D7 0.95
2.85 1.9 -4.55 78718A 0.95
2.85 1.9 9.700001 22243D 0.95
2.85 1.9 -1.700001 22243D 0.95
2.85 1.9 -0.75 252740 0.95
2.85 1.9 0.2000008 272842 0.95
2.85 1.9 1.15 272842 0.95
2.85 1.9 2.1 252740 0.95
2.85 1.9 3.049999 252740 0.95
2.85 1.9 4 242640 0.95
2.85 1.9 4.950001 252740 0.95
2.85 1.9 5.9 262842 0.95
2.85 1.9 6.85 282943 0.95
2.85 1.9 7.799999 282943 0.95
2.85 1.9 8.75 262842 0.95
2.85 1.9 12.55 6C6683 0.95
2.85 2.85 9.700001 21233C 0.95
2.85 2.85 -1.700001 20223B 0.95
2.85 4.75 -3.6 F6F1EC 0.95
2.85 4.75 -4.55 E5DFDC 0.95
2.85 4.75 -1.700001 796F79 0.95
2.85 4.75 -0.75 726873 0.95
2.85 4.75 0.2000008 726874 0.95
2.85 4.75 1.15 736975 0.95
2.85 4.75 2.1 746A75 0.95
2.85 4.75 3.049999 756B76 0.95
2.85 4.75 4 756B76 0.95
2.85 4.75 4.950001 756B77 0.95
2.85 4.75 5.9 776C77 0.95
2.85 4.75 6.85 756B76 0.95
2.85 4.75 7.799999 726874 0.95
2.85 4.75 8.75 706672 0.95
2.85 4.75 9.700001 766C77 0.95
2.85 4.75 11.6 FDF9F3 0.95
2.85 4.75 12.55 FAF6F1 0.95
2.85 5.7 -3.6 ECE6E2 0.95
2.85 5.7 9.700001 665C6A 0.95
2.85 5.7 -1.700001 665C6A 0.95
2.85 5.7 11.6 EEE9E5 0.95
2.85 6.65 -2.65 EEE8E3 0.95
2.85 6.65 10.65 EAE4E1 0.95
2.85 7.6 -2.65 EAE5E1 0.95
2.85 7.6 10.65 EEE9E5 0.95
2.85 8.55 -2.65 EDE8E4 0.95
2.85 8.55 8.75 655B69 0.95
2.85 8.55 -0.75 665D6B 0.95
2.85 8.55 10.65 EEE9E5 0.95
2.85 9.5 -1.700001 ECE6E2 0.95
2.85 9.5 9.700001 EDE8E4 0.95
2.85 10.45 -1.700001 EBE6E2 0.95
2.85 26.6 -0.75 DBD4D0 0.95
2.85 26.6 8.75 DAD3D0 0.95
2.85 10.45 9.700001 EDE8E4 0.95
2.85 11.4 -1.700001 EAE4E0 0.95
2.85 11.4 8.75 6B626F 0.95
2.85 11.4 -0.75 6D6370 0.95
2.85 11.4 9.700001 EDE8E4 0.95
2.85 12.35 -1.700001 ECE6E1 0.95
2.85 12.35 7.799999 6D6470 0.95
2.85 12.35 0.2000008 6D6370 0.95
2.85 12.35 9.700001 EAE4E0 0.95
2.85 13.3 -0.75 ECE7E2 0.95
2.85 13.3 8.75 EBE6E2 0.95
2.85 14.25 -0.75 ECE6E2 0.95
2.85 14.25 8.75 ECE7E3 0.95
2.85 15.2 -0.75 EAE5E1 0.95
2.85 15.2 8.75 E9E4E0 0.95
2.85 16.15 -0.75 E9E4E1 0.95
2.85 16.15 7.799999 8B8088 0.95
2.85 16.15 0.2000008 877C85 0.95
2.85 16.15 8.75 ECE7E3 0.95
2.85 17.1 0.2000008 EAE4E0 0.95
2.85 17.1 7.799999 90868C 0.95
2.85 18.05 0.2000008 E9E3E0 0.95
2.85 18.05 7.799999 EBE5E2 0.95
2.85 19 0.2000008 ECAB60 0.95
2.85 19 7.799999 EFAE62 0.95
2.85 19.95 0.2000008 EFAE62 0.95
2.85 19.95 7.799999 EDAD61 0.95
2.85 20.9 0.2000008 EDAC61 0.95
2.85 20.9 7.799999 EEAE61 0.95
2.85 21.85 0.2000008 DBD4D1 0.95
2.85 21.85 7.799999 DBD5D2 0.95
2.85 22.8 0.2000008 DBD4D1 0.95
2.85 22.8 7.799999 CEC7C6 0.95
2.85 23.75 -0.75 DFD8D5 0.95
2.85 23.75 7.799999 D3CCCA 0.95
2.85 23.75 0.2000008 D8D1CF 0.95
2.85 23.75 8.75 DCD6D3 0.95
2.85 24.7 -0.75 DBD4D1 0.95
2.85 24.7 8.75 DDD7D4 0.95
2.85 25.65 -0.75 DBD5D2 0.95
2.85 25.65 8.75 DDD7D4 0.95
3.8 3.8 -3.6 7E727F 0.95
3.8 3.8 -2.65 35334F 0.95
3.8 3.8 -1.700001 2B2B46 0.95
3.8 3.8 -0.75 38354D 0.95
3.8 3.8 0.2000008 3B374F 0.95
3.8 3.8 1.15 37344D 0.95
3.8 3.8 2.1 35324B 0.95
3.8 3.8 3.049999 312F47 0.95
3.8 3.8 4 302F47 0.95
3.8 3.8 4.950001 323048 0.95
3.8 3.8 5.9 33314A 0.95
3.8 3.8 6.85 37344D 0.95
3.8 3.8 7.799999 38354E 0.95
3.8 3.8 8.75 38354D 0.95
3.8 3.8 9.700001 2E2E49 0.95
3.8 3.8 10.65 34324F 0.95
3.8 3.8 11.6 7B7180 0.95
3.8 0 -7.4 97898D 0.95
3.8 0 15.4 B8AFB0 0.95
3.8 0.95 -4.55 635D7C 0.95
3.8 0.95 -7.4 D7CFCC 0.95
3.8 0.95 -6.45 D5CECC 0.95
3.8 0.95 -5.5 CFC8C6 0.95
3.8 0.95 -3.6 383652 0.95
3.8 0.95 -2.65 2B2C46 0.95
3.8 0.95 -1.700001 282943 0.95
3.8 0.95 -0.75 272842 0.95
3.8 0.95 0.2000008 262741 0.95
3.8 0.95 1.15 252740 0.95
3.8 0.95 2.1 25263F 0.95
3.8 0.95 3.049999 23253E 0.95
3.8 0.95 4 21243C 0.95
3.8 0.95 4.950001 23253E 0.95
3.8 0.95 5.9 24263F 0.95
3.8 0.95 6.85 252740 0.95
3.8 0.95 7.799999 262841 0.95
3.8 0.95 8.75 272942 0.95
3.8 0.95 9.700001 282943 0.95
3.8 0.95 10.65 2D2D48 0.95
3.8 0.95 11.6 393754 0.95
3.8 0.95 12.55 CAC3C3 0.95
3.8 0.95 13.5 D4CECC 0.95
3.8 0.95 14.45 DAD3D1 0.95
3.8 0.95 15.4 DFD9D6 0.95
3.8 1.9 -3.6 5E5876 0.95
3.8 1.9 -2.65 20233F 0.95
3.8 1.9 -0.75 2B2C47 0.95
3.8 1.9 0.2000008 2C2C47 0.95
3.8 1.9 1.15 2B2B46 0.95
3.8 1.9 2.1 2A2A45 0.95
3.8 1.9 3.049999 272842 0.95
3.8 1.9 4 262842 0.95
3.8 1.9 4.950001 272943 0.95
3.8 1.9 5.9 292A44 0.95
3.8 1.9 6.85 2B2B46 0.95
3.8 1.9 7.799999 2C2C47 0.95
3.8 1.9 8.75 2B2B46 0.95
3.8 1.9 10.65 212440 0.95
3.8 1.9 11.6 5B5777 0.95
3.8 2.85 -3.6 56506E 0.95
3.8 2.85 11.6 5A5574 0.95
3.8 3.8 -4.55 E1DAD6 0.95
3.8 3.8 12.55 E0DAD7 0.95
3.8 4.75 -2.65 FAF5F0 0.95
3.8 4.75 -3.6 FFFBF6 0.95
3.8 4.75 -1.700001 958A90 0.95
3.8 4.75 -0.75 716773 0.95
3.8 4.75 0.2000008 706672 0.95
3.8 4.75 1.15 736974 0.95
3.8 4.75 2.1 746A75 0.95
3.8 4.75 3.049999 746A75 0.95
3.8 4.75 4 756A76 0.95
3.8 4.75 4.950001 746A75 0.95
3.8 4.75 5.9 726874 0.95
3.8 4.75 6.85 746975 0.95
3.8 4.75 7.799999 6F6571 0.95
3.8 4.75 8.75 706672 0.95
3.8 4.75 9.700001 A99FA2 0.95
3.8 4.75 11.6 FFFCF6 0.95
3.8 4.75 10.65 FCF7F2 0.95
3.8 5.7 -2.65 F1EBE6 0.95
3.8 5.7 10.65 F1ECE7 0.95
3.8 6.65 -2.65 EEE8E3 0.95
3.8 6.65 8.75 685E6C 0.95
3.8 6.65 -0.75 6A606D 0.95
3.8 6.65 10.65 F0EBE6 0.95
3.8 7.6 -1.700001 EEE8E3 0.95
3.8 7.6 9.700001 EFEAE5 0.95
3.8 8.55 -1.700001 ECE6E2 0.95
3.8 8.55 9.700001 EEE8E4 0.95
3.8 9.5 -1.700001 ECE6E2 0.95
3.8 9.5 9.700001 EEE8E4 0.95
3.8 10.45 -0.75 EAE5E1 0.95
3.8 10.45 8.75 EDE7E3 0.95
3.8 11.4 -0.75 ECE6E2 0.95
3.8 24.7 0.2000008 DCD5D2 0.95
3.8 24.7 7.799999 D9D3D0 0.95
3.8 11.4 8.75 EEE9E5 0.95
3.8 12.35 -0.75 E9E3DF 0.95
3.8 12.35 8.75 EEE9E5 0.95
3.8 13.3 -0.75 EAE5E1 0.95
3.8 13.3 8.75 ECE6E2 0.95
3.8 14.25 0.2000008 E8E1DD 0.95
3.8 14.25 7.799999 EBE6E2 0.95
3.8 15.2 0.2000008 EBE5E1 0.95
3.8 15.2 7.799999 ECE6E2 0.95
3.8 16.15 0.2000008 EFE9E5 0.95
3.8 16.15 7.799999 EDE8E4 0.95
3.8 17.1 0.2000008 EBE6E2 0.95
3.8 17.1 7.799999 E9E4E0 0.95
3.8 18.05 1.15 E9E3DF 0.95
3.8 18.05 6.85 EAE4E1 0.95
3.8 19 1.15 EDAC61 0.95
3.8 19 6.85 EEAD61 0.95
3.8 19.95 1.15 EDAC61 0.95
3.8 19.95 6.85 ECAB60 0.95
3.8 20.9 1.15 EEAD61 0.95
3.8 20.9 6.85 EDAD61 0.95
3.8 21.85 1.15 DCD6D3 0.95
3.8 21.85 6.85 DAD4D2 0.95
3.8 22.8 0.2000008 DBD4D2 0.95
3.8 22.8 7.799999 DCD6D3 0.95
3.8 23.75 0.2000008 DAD3D1 0.95
3.8 23.75 7.799999 DCD6D3 0.95
3.8 25.65 0.2000008 DBD4D1 0.95
3.8 25.65 7.799999 DCD6D3 0.95
3.8 26.6 0.2000008 DBD4D1 0.95
3.8 26.6 7.799999 D9D3D1 0.95
4.75 3.8 -2.65 353450 0.95
4.75 3.8 -1.700001 534C62 0.95
4.75 3.8 -0.75 4C465C 0.95
4.75 3.8 0.2000008 433E56 0.95
4.75 3.8 1.15 403B53 0.95
4.75 3.8 2.1 38354D 0.95
4.75 3.8 3.049999 34324A 0.95
4.75 3.8 4 34314A 0.95
4.75 3.8 4.950001 33314A 0.95
4.75 3.8 5.9 3A374F 0.95
4.75 3.8 6.85 3C3851 0.95
4.75 3.8 7.799999 454057 0.95
4.75 3.8 8.75 4E485F 0.95
4.75 3.8 9.700001 4F485F 0.95
4.75 3.8 10.65 383652 0.95
4.75 0 -7.4 9B8D91 0.95
4.75 0 15.4 B8AFB0 0.95
4.75 0.95 -3.6 635E7D 0.95
4.75 0.95 -7.4 D9D2CF 0.95
4.75 0.95 -6.45 D8D1CF 0.95
4.75 0.95 -5.5 D3CDCB 0.95
4.75 0.95 -4.55 CDC6C5 0.95
4.75 0.95 -2.65 353450 0.95
4.75 0.95 -1.700001 2F2E4A 0.95
4.75 0.95 -0.75 2F2E49 0.95
4.75 0.95 0.2000008 2B2C46 0.95
4.75 0.95 1.15 2B2B45 0.95
4.75 0.95 2.1 262841 0.95
4.75 0.95 3.049999 24263F 0.95
4.75 0.95 4 24253E 0.95
4.75 0.95 4.950001 252740 0.95
4.75 0.95 5.9 272841 0.95
4.75 0.95 6.85 282943 0.95
4.75 0.95 7.799999 2B2B46 0.95
4.75 0.95 8.75 2E2E49 0.95
4.75 0.95 9.700001 302F4B 0.95
4.75 0.95 10.65 363451 0.95
4.75 0.95 11.6 9C939C 0.95
4.75 0.95 12.55 D1CBCA 0.95
4.75 0.95 13.5 DAD4D2 0.95
4.75 0.95 14.45 DFD8D6 0.95
4.75 0.95 15.4 E0DAD7 0.95
4.75 1.9 -2.65 635E7D 0.95
4.75 1.9 9.700001 43405F 0.95
4.75 1.9 -1.700001 3A3855 0.95
4.75 1.9 -0.75 363551 0.95
4.75 1.9 0.2000008 363451 0.95
4.75 1.9 1.15 2E2E49 0.95
4.75 1.9 2.1 2D2D48 0.95
4.75 1.9 3.049999 292A44 0.95
4.75 1.9 4 272843 0.95
4.75 1.9 4.950001 2A2B45 0.95
4.75 1.9 5.9 2C2C47 0.95
4.75 1.9 6.85 302F4B 0.95
4.75 1.9 7.799999 32314D 0.95
4.75 1.9 8.75 363451 0.95
4.75 1.9 10.65 222542 0.95
4.75 2.85 -2.65 5A5473 0.95
4.75 2.85 9.700001 393755 0.95
4.75 2.85 -1.700001 353450 0.95
4.75 2.85 10.65 5B5676 0.95
4.75 3.8 -3.6 E2DBD7 0.95
4.75 3.8 11.6 E1DAD7 0.95
4.75 4.75 -2.65 FAF5F0 0.95
4.75 4.75 -0.75 837982 0.95
4.75 4.75 0.2000008 6F6572 0.95
4.75 4.75 1.15 706672 0.95
4.75 4.75 2.1 716773 0.95
4.75 4.75 3.049999 736975 0.95
4.75 4.75 4 716773 0.95
4.75 4.75 4.950001 736974 0.95
4.75 4.75 5.9 726874 0.95
4.75 4.75 6.85 706672 0.95
4.75 4.75 7.799999 726874 0.95
4.75 4.75 8.75 827881 0.95
4.75 4.75 10.65 FFFDF7 0.95
4.75 5.7 -1.700001 F1EBE7 0.95
4.75 5.7 9.700001 F1EBE7 0.95
4.75 6.65 -1.700001 ECE7E3 0.95
4.75 6.65 9.700001 F0EBE7 0.95
4.75 7.6 -1.700001 EDE8E4 0.95
4.75 7.6 9.700001 F0EBE7 0.95
4.75 8.55 -0.75 EDE7E3 0.95
4.75 8.55 8.75 EFEAE6 0.95
4.75 9.5 -0.75 ECE6E2 0.95
4.75 9.5 8.75 EEE9E5 0.95
4.75 10.45 -0.75 EEE8E4 0.95
4.75 26.6 1.15 DBD5D2 0.95
4.75 26.6 6.85 DBD5D2 0.95
4.75 10.45 8.75 EEE9E5 0.95
4.75 11.4 0.2000008 EEE9E5 0.95
4.75 11.4 7.799999 EEE9E5 0.95
4.75 12.35 0.2000008 EBE5E1 0.95
4.75 12.35 7.799999 EEE9E5 0.95
4.75 13.3 1.15 ECE7E3 0.95
4.75 13.3 0.2000008 EBE6E2 0.95
4.75 22.8 2.1 DFD9D6 0.95
4.75 22.8 5.9 DCD6D4 0.95
4.75 13.3 7.799999 EDE7E3 0.95
4.75 13.3 6.85 EBE5E2 0.95
4.75 14.25 1.15 EBE5E1 0.95
4.75 21.85 3.049999 DCD6D3 0.95
4.75 21.85 4.950001 DAD4D1 0.95
4.75 14.25 6.85 EDE7E3 0.95
4.75 15.2 1.15 EAE4E1 0.95
4.75 15.2 6.85 EBE6E2 0.95
4.75 16.15 2.1 EBE6E2 0.95
4.75 16.15 1.15 EAE4E0 0.95
4.75 16.15 6.85 EDE8E4 0.95
4.75 16.15 5.9 EAE5E1 0.95
4.75 17.1 2.1 ECE6E2 0.95
4.75 17.1 5.9 ECE7E3 0.95
4.75 18.05 3.049999 EAE4E0 0.95
4.75 18.05 2.1 EBE5E1 0.95
4.75 18.05 5.9 EBE6E2 0.95
4.75 18.05 4.950001 EAE4E0 0.95
4.75 19 3.049999 F0AF62 0.95
4.75 19 2.1 EDAD61 0.95
4.75 19 5.9 EEAE61 0.95
4.75 19 4.950001 F1B062 0.95
4.75 19.95 3.049999 F0B062 0.95
4.75 19.95 2.1 EDAC61 0.95
4.75 19.95 5.9 ECAC61 0.95
4.75 19.95 4.950001 EBAB60 0.95
4.75 20.9 3.049999 EEAE61 0.95
4.75 20.9 2.1 EEAD61 0.95
4.75 20.9 4.950001 EBAB60 0.95
4.75 20.9 5.9 EBAB60 0.95
4.75 21.85 2.1 DFD9D6 0.95
4.75 21.85 5.9 DDD7D4 0.95
4.75 23.75 2.1 DCD5D2 0.95
4.75 23.75 1.15 DDD7D4 0.95
4.75 23.75 6.85 DAD4D1 0.95
4.75 23.75 5.9 D8D1CF 0.95
4.75 24.7 1.15 DCD6D3 0.95
4.75 24.7 6.85 DBD5D2 0.95
4.75 25.65 1.15 DBD5D2 0.95
4.75 25.65 6.85 DDD7D4 0.95
5.7 3.8 -2.65 857A87 0.95
5.7 3.8 -1.700001 726878 0.95
5.7 3.8 -0.75 61596C 0.95
5.7 3.8 0.2000008 554E63 0.95
5.7 3.8 1.15 49435A 0.95
5.7 3.8 2.1 423D55 0.95
5.7 3.8 3.049999 39364E 0.95
5.7 3.8 4 333149 0.95
5.7 3.8 4.950001 38354D 0.95
5.7 3.8 5.9 403C54 0.95
5.7 3.8 6.85 4C465D 0.95
5.7 3.8 7.799999 554E64 0.95
5.7 3.8 8.75 5E566A 0.95
5.7 3.8 9.700001 706778 0.95
5.7 3.8 10.65 887E8A 0.95
5.7 0 -7.4 9E9094 0.95
5.7 0 15.4 B8AFB0 0.95
5.7 0.95 -2.65 65607F 0.95
5.7 0.95 -7.4 DDD7D4 0.95
5.7 0.95 -6.45 D9D3D1 0.95
5.7 0.95 -5.5 D7D0CE 0.95
5.7 0.95 -4.55 D3CCCB 0.95
5.7 0.95 -3.6 C9C2C2 0.95
5.7 0.95 -1.700001 3B3955 0.95
5.7 0.95 -0.75 35334F 0.95
5.7 0.95 0.2000008 31314C 0.95
5.7 0.95 1.15 2D2D48 0.95
5.7 0.95 2.1 2A2B45 0.95
5.7 0.95 3.049999 262841 0.95
5.7 0.95 4 252740 0.95
5.7 0.95 4.950001 272842 0.95
5.7 0.95 5.9 2C2C46 0.95
5.7 0.95 6.85 2F2F4A 0.95
5.7 0.95 7.799999 32314C 0.95
5.7 0.95 8.75 373552 0.95
5.7 0.95 9.700001 3B3956 0.95
5.7 0.95 10.65 423F5C 0.95
5.7 0.95 11.6 CDC6C6 0.95
5.7 0.95 12.55 D7D1CE 0.95
5.7 0.95 13.5 DAD4D2 0.95
5.7 0.95 14.45 DFDAD7 0.95
5.7 0.95 15.4 E3DDDA 0.95
5.7 1.9 -2.65 5E5979 0.95
5.7 1.9 -1.700001 4E4A68 0.95
5.7 1.9 -0.75 44415F 0.95
5.7 1.9 0.2000008 3D3A58 0.95
5.7 1.9 1.15 383653 0.95
5.7 1.9 2.1 32314E 0.95
5.7 1.9 3.049999 2C2C47 0.95
5.7 1.9 4 252640 0.95
5.7 1.9 4.950001 2C2C47 0.95
5.7 1.9 5.9 31304C 0.95
5.7 1.9 6.85 373552 0.95
5.7 1.9 7.799999 3F3C5A 0.95
5.7 1.9 8.75 454260 0.95
5.7 1.9 9.700001 534F6E 0.95
5.7 1.9 10.65 625D7D 0.95
5.7 4.75 -1.700001 FAF5F0 0.95
5.7 4.75 -2.65 FFFCF6 0.95
5.7 4.75 0.2000008 AEA5A7 0.95
5.7 4.75 1.15 766B77 0.95
5.7 4.75 2.1 736874 0.95
5.7 4.75 3.049999 736974 0.95
5.7 4.75 4 766C77 0.95
5.7 4.75 4.950001 716773 0.95
5.7 4.75 5.9 6F6571 0.95
5.7 4.75 6.85 786D78 0.95
5.7 4.75 7.799999 978C92 0.95
5.7 4.75 10.65 FFFDF7 0.95
5.7 4.75 9.700001 F8F3EE 0.95
5.7 5.7 -1.700001 F2EDE8 0.95
5.7 5.7 9.700001 F7F2EE 0.95
5.7 6.65 -0.75 F0EBE7 0.95
5.7 6.65 8.75 EEE9E4 0.95
5.7 7.6 -0.75 EFEAE6 0.95
5.7 7.6 8.75 EDE7E3 0.95
5.7 8.55 0.2000008 EEE9E5 0.95
5.7 8.55 7.799999 EEE9E5 0.95
5.7 9.5 0.2000008 EFEAE6 0.95
5.7 9.5 7.799999 EEE9E4 0.95
5.7 10.45 1.15 EDE8E4 0.95
4.75 10.45 0.2000008 ECE6E3 0.95
4.75 10.45 7.799999 EDE7E3 0.95
5.7 10.45 6.85 EFEAE6 0.95
5.7 11.4 1.15 EDE7E3 0.95
5.7 11.4 6.85 F0EBE7 0.95
5.7 12.35 2.1 EBE6E2 0.95
5.7 12.35 1.15 ECE6E3 0.95
5.7 12.35 5.9 EAE5E1 0.95
5.7 12.35 6.85 EAE5E1 0.95
5.7 13.3 3.049999 ECE6E3 0.95
5.7 13.3 2.1 EBE6E2 0.95
5.7 13.3 5.9 EDE8E4 0.95
5.7 13.3 4.950001 EEE9E4 0.95
5.7 14.25 4 EEE8E4 0.95
5.7 14.25 2.1 EDE8E4 0.95
5.7 14.25 3.049999 E9E4E0 0.95
5.7 14.25 4.950001 EBE6E2 0.95
5.7 14.25 5.9 EDE7E3 0.95
4.75 15.2 2.1 EAE5E1 0.95
5.7 15.2 3.049999 EBE6E2 0.95
5.7 15.2 4 EEE8E4 0.95
5.7 15.2 4.950001 E9E4E0 0.95
4.75 15.2 5.9 E9E4E0 0.95
5.7 16.15 4 EDE7E3 0.95
4.75 17.1 3.049999 ECE7E3 0.95
4.75 17.1 4.950001 EBE5E1 0.95
4.75 22.8 3.049999 DBD5D2 0.95
4.75 22.8 4.950001 DDD7D5 0.95
5.7 23.75 4 DCD6D3 0.95
4.75 24.7 2.1 DBD5D2 0.95
5.7 24.7 4 DCD5D3 0.95
4.75 24.7 5.9 DCD6D3 0.95
5.7 25.65 3.049999 DCD6D4 0.95
5.7 25.65 4 DCD6D3 0.95
5.7 25.65 4.950001 DAD4D1 0.95
5.7 26.6 2.1 DCD6D3 0.95
5.7 26.6 3.049999 DBD5D2 0.95
5.7 26.6 4 DCD5D3 0.95
5.7 26.6 4.950001 DAD4D2 0.95
5.7 26.6 5.9 D9D3D1 0.95
6.65 3.8 -1.700001 857B87 0.95
6.65 3.8 -0.75 706777 0.95
6.65 3.8 0.2000008 635A6D 0.95
6.65 3.8 1.15 5A5267 0.95
6.65 3.8 2.1 4F485E 0.95
6.65 3.8 3.049999 2B2B45 0.95
6.65 3.8 4 282942 0.95
6.65 3.8 4.950001 292A43 0.95
6.65 3.8 5.9 4E485E 0.95
6.65 3.8 6.85 5A5268 0.95
6.65 3.8 7.799999 665D70 0.95
6.65 3.8 8.75 776D7D 0.95
6.65 3.8 9.700001 847A86 0.95
6.65 0 -7.4 A19599 0.95
6.65 0 15.4 B8AFB0 0.95
6.65 0.95 -1.700001 666180 0.95
6.65 0.95 -7.4 DED7D4 0.95
6.65 0.95 -6.45 DED8D5 0.95
6.65 0.95 -5.5 D9D3D1 0.95
6.65 0.95 -4.55 D7D1CF 0.95
6.65 0.95 -3.6 D2CBCA 0.95
6.65 0.95 -2.65 C5BDBF 0.95
6.65 0.95 -0.75 3B3956 0.95
6.65 0.95 0.2000008 363450 0.95
6.65 0.95 1.15 34324E 0.95
6.65 0.95 2.1 2E2E49 0.95
6.65 0.95 3.049999 2B2B46 0.95
6.65 0.95 4 262842 0.95
6.65 0.95 4.950001 292A44 0.95
6.65 0.95 5.9 302F4A 0.95
6.65 0.95 6.85 353450 0.95
6.65 0.95 7.799999 373552 0.95
6.65 0.95 8.75 3D3B58 0.95
6.65 0.95 9.700001 43405D 0.95
6.65 0.95 10.65 CAC3C4 0.95
6.65 0.95 11.6 D3CDCB 0.95
6.65 0.95 12.55 DAD3D1 0.95
6.65 0.95 13.5 DCD6D4 0.95
6.65 0.95 14.45 E2DDDA 0.95
6.65 0.95 15.4 E2DCD9 0.95
6.65 1.9 -1.700001 5F5A7A 0.95
6.65 1.9 -0.75 534F6E 0.95
6.65 1.9 0.2000008 4A4664 0.95
6.65 1.9 1.15 423F5D 0.95
6.65 1.9 2.1 3A3855 0.95
6.65 1.9 5.9 3B3956 0.95
6.65 1.9 6.85 423F5D 0.95
6.65 1.9 7.799999 4C4866 0.95
6.65 1.9 8.75 575372 0.95
6.65 1.9 9.700001 615C7C 0.95
6.65 4.75 -0.75 F9F4EF 0.95
6.65 4.75 -1.700001 FFFEF8 0.95
6.65 4.75 2.1 9D9297 0.95
6.65 4.75 3.049999 877C85 0.95
6.65 4.75 4 7E737D 0.95
6.65 4.75 4.950001 91878D 0.95
6.65 4.75 5.9 9E9498 0.95
6.65 4.75 8.75 FEFAF4 0.95
6.65 4.75 9.700001 FFFCF6 0.95
6.65 5.7 0.2000008 F1ECE8 0.95
5.7 5.7 -0.75 F2ECE8 0.95
5.7 5.7 8.75 F1ECE7 0.95
6.65 5.7 7.799999 F0EBE7 0.95
6.65 6.65 0.2000008 F0EBE7 0.95
6.65 6.65 7.799999 EEE9E5 0.95
6.65 7.6 1.15 EDE7E3 0.95
5.7 7.6 0.2000008 EFE9E5 0.95
5.7 7.6 7.799999 F0EBE7 0.95
6.65 7.6 6.85 EFEAE6 0.95
6.65 8.55 2.1 EEE9E5 0.95
6.65 8.55 1.15 EDE8E4 0.95
6.65 8.55 6.85 EEE8E4 0.95
6.65 8.55 5.9 EFE9E5 0.95
6.65 9.5 3.049999 EFEAE6 0.95
5.7 9.5 1.15 ECE6E3 0.95
6.65 9.5 2.1 F0EBE7 0.95
6.65 9.5 4.950001 EDE7E3 0.95
6.65 9.5 5.9 EFEAE5 0.95
5.7 9.5 6.85 ECE6E2 0.95
6.65 10.45 2.1 EEE9E5 0.95
6.65 10.45 3.049999 EFE9E5 0.95
6.65 10.45 4 EEE9E4 0.95
6.65 10.45 4.950001 EEE9E5 0.95
6.65 10.45 5.9 EEE9E4 0.95
5.7 11.4 2.1 EFEAE5 0.95
5.7 11.4 3.049999 EFEAE6 0.95
6.65 11.4 4 F0EBE7 0.95
5.7 11.4 4.950001 EFEAE6 0.95
5.7 11.4 5.9 EFEAE6 0.95
5.7 12.35 3.049999 EBE5E1 0.95
5.7 12.35 4 EBE5E2 0.95
5.7 12.35 4.950001 EBE6E2 0.95
5.7 13.3 4 EEE8E4 0.95
7.6 3.8 0.2000008 807583 0.95
7.6 3.8 1.15 6E6475 0.95
7.6 3.8 2.1 61586C 0.95
7.6 3.8 3.049999 32314D 0.95
7.6 3.8 4 34334F 0.95
7.6 3.8 4.950001 32314D 0.95
7.6 3.8 5.9 61596C 0.95
7.6 3.8 6.85 706778 0.95
7.6 3.8 7.799999 796F7D 0.95
7.6 0 -7.4 A3979B 0.95
7.6 0 15.4 B8AFB0 0.95
7.6 0.95 -0.75 6A6585 0.95
7.6 0.95 -7.4 E1DAD7 0.95
7.6 0.95 -6.45 DBD5D2 0.95
7.6 0.95 -5.5 DED8D5 0.95
7.6 0.95 -4.55 DAD3D1 0.95
7.6 0.95 -3.6 D9D2D0 0.95
7.6 0.95 -2.65 D1CAC9 0.95
7.6 0.95 -1.700001 CAC3C4 0.95
7.6 0.95 0.2000008 3F3C59 0.95
7.6 0.95 1.15 3B3855 0.95
7.6 0.95 2.1 3A3754 0.95
7.6 0.95 3.049999 31304C 0.95
7.6 0.95 4 2E2E49 0.95
7.6 0.95 4.950001 31304C 0.95
7.6 0.95 5.9 373552 0.95
7.6 0.95 6.85 3D3A57 0.95
7.6 0.95 7.799999 403D5A 0.95
7.6 0.95 8.75 9F969E 0.95
7.6 0.95 9.700001 CFC9C8 0.95
7.6 0.95 10.65 D3CCCB 0.95
7.6 0.95 11.6 DAD4D2 0.95
7.6 0.95 12.55 DCD6D3 0.95
7.6 0.95 13.5 E1DBD8 0.95
7.6 0.95 14.45 E4DEDB 0.95
7.6 0.95 15.4 E4DFDB 0.95
7.6 1.9 3.049999 403D5B 0.95
7.6 1.9 0.2000008 5C5777 0.95
7.6 1.9 1.15 514D6C 0.95
7.6 1.9 2.1 494564 0.95
7.6 1.9 4 20223E 0.95
7.6 1.9 4.950001 20233F 0.95
7.6 1.9 5.9 4A4665 0.95
7.6 1.9 6.85 544F6E 0.95
7.6 1.9 7.799999 5C5776 0.95
7.6 2.85 3.049999 3B3956 0.95
7.6 2.85 4.950001 373552 0.95
7.6 3.8 -0.75 E3DDDA 0.95
7.6 3.8 8.75 E0DAD7 0.95
7.6 4.75 1.15 FEF9F4 0.95
7.6 4.75 0.2000008 FFFCF6 0.95
6.65 4.75 0.2000008 FDF8F3 0.95
7.6 4.75 6.85 FDF9F3 0.95
7.6 4.75 7.799999 FFFEF8 0.95
6.65 4.75 7.799999 FCF7F2 0.95
7.6 5.7 3.049999 F1ECE7 0.95
7.6 5.7 1.15 F1ECE8 0.95
7.6 5.7 2.1 F2EDE9 0.95
7.6 5.7 5.9 F7F2ED 0.95
7.6 5.7 4.950001 F1EBE7 0.95
7.6 5.7 6.85 F1ECE7 0.95
6.65 6.65 1.15 F1ECE8 0.95
7.6 6.65 2.1 F0EBE6 0.95
7.6 6.65 3.049999 F0EBE7 0.95
7.6 6.65 4 EFEAE6 0.95
7.6 6.65 4.950001 F2EDE9 0.95
7.6 6.65 5.9 F0EBE7 0.95
6.65 6.65 6.85 F0EAE6 0.95
6.65 7.6 2.1 EFEAE6 0.95
7.6 7.6 3.049999 F1ECE8 0.95
7.6 7.6 4 F0EAE6 0.95
7.6 7.6 4.950001 EDE8E4 0.95
6.65 7.6 5.9 ECE6E2 0.95
6.65 8.55 3.049999 EDE8E4 0.95
6.65 8.55 4 EEE8E4 0.95
6.65 8.55 4.950001 EDE8E4 0.95
6.65 9.5 4 F1ECE8 0.95
8.55 3.8 1.15 8B818C 0.95
8.55 3.8 2.1 7F7583 0.95
8.55 3.8 3.049999 7D7382 0.95
8.55 3.8 4 766D7D 0.95
8.55 3.8 4.950001 7C7381 0.95
8.55 3.8 5.9 7D7481 0.95
8.55 3.8 6.85 928892 0.95
8.55 0 -7.4 A59A9E 0.95
8.55 0 15.4 BAB1B2 0.95
8.55 0.95 1.15 676282 0.95
8.55 0.95 -7.4 E2DCD9 0.95
8.55 0.95 -6.45 E0DAD7 0.95
8.55 0.95 -5.5 DED8D6 0.95
8.55 0.95 -4.55 DDD7D4 0.95
8.55 0.95 -3.6 DED8D5 0.95
8.55 0.95 -2.65 D7D0CE 0.95
8.55 0.95 -1.700001 D6D0CE 0.95
8.55 0.95 -0.75 CFC8C7 0.95
8.55 0.95 0.2000008 CBC4C5 0.95
8.55 0.95 2.1 413E5B 0.95
8.55 0.95 3.049999 3D3A57 0.95
8.55 0.95 4 3C3A57 0.95
8.55 0.95 4.950001 3D3A57 0.95
8.55 0.95 5.9 3F3C59 0.95
8.55 0.95 6.85 B7AFB3 0.95
8.55 0.95 7.799999 CBC4C4 0.95
8.55 0.95 8.75 D0CAC9 0.95
8.55 0.95 9.700001 D5CFCD 0.95
8.55 0.95 10.65 D9D3D1 0.95
8.55 0.95 11.6 E0DAD7 0.95
8.55 0.95 12.55 E2DCD8 0.95
8.55 0.95 13.5 E3DDDA 0.95
8.55 0.95 14.45 E4DEDB 0.95
8.55 0.95 15.4 E5DFDC 0.95
8.55 1.9 1.15 696481 0.95
8.55 1.9 2.1 615C7C 0.95
8.55 1.9 3.049999 5E5979 0.95
8.55 1.9 4 5A5676 0.95
8.55 1.9 4.950001 5E597A 0.95
8.55 1.9 5.9 615C7C 0.95
8.55 1.9 6.85 736C88 0.95
8.55 2.85 3.049999 595473 0.95
8.55 2.85 4 595473 0.95
8.55 2.85 4.950001 5A5574 0.95
8.55 3.8 0.2000008 E1DBD8 0.95
8.55 3.8 7.799999 DFD9D6 0.95
8.55 4.75 1.15 FFFCF7 0.95
8.55 4.75 2.1 FFFDF7 0.95
7.6 4.75 2.1 FCF8F2 0.95
8.55 4.75 3.049999 FFFBF6 0.95
7.6 4.75 3.049999 FCF7F1 0.95
8.55 4.75 4 FFFEF8 0.95
8.55 4.75 4.950001 FFFDF7 0.95
7.6 4.75 4.950001 FEF9F4 0.95
8.55 4.75 5.9 FFFFF9 0.95
7.6 4.75 5.9 FCF7F2 0.95
8.55 4.75 6.85 FFFDF7 0.95
7.6 5.7 4 F3EEEA 0.95
9.5 0 -7.4 ABA0A3 0.95
9.5 0 15.4 B9B0B0 0.95
9.5 0.95 -7.4 E5DFDC 0.95
9.5 0.95 -6.45 E3DDDA 0.95
9.5 0.95 -5.5 E0DBD8 0.95
9.5 0.95 -4.55 E0DAD7 0.95
9.5 0.95 -3.6 DED8D5 0.95
9.5 0.95 -2.65 DBD5D3 0.95
9.5 0.95 -1.700001 DBD5D3 0.95
9.5 0.95 -0.75 D8D2D0 0.95
9.5 0.95 0.2000008 D3CCCB 0.95
9.5 0.95 1.15 D0C9C8 0.95
9.5 0.95 2.1 CEC7C6 0.95
9.5 0.95 3.049999 CAC3C3 0.95
9.5 0.95 4 CBC4C4 0.95
9.5 0.95 4.950001 CDC6C6 0.95
9.5 0.95 5.9 CEC7C7 0.95
9.5 0.95 6.85 D3CDCC 0.95
9.5 0.95 7.799999 D5CFCD 0.95
9.5 0.95 8.75 D7D1CF 0.95
9.5 0.95 9.700001 DDD7D4 0.95
9.5 0.95 10.65 DFD9D6 0.95
9.5 0.95 11.6 E0DAD7 0.95
9.5 0.95 12.55 E2DDD9 0.95
9.5 0.95 13.5 E4DEDB 0.95
9.5 0.95 14.45 E6E0DD 0.95
9.5 0.95 15.4 E7E2DE 0.95
9.5 3.8 4 DFD9D6 0.95
10.45 0 -7.4 ADA4A6 0.95
10.45 0 15.4 B6ADAF 0.95
10.45 0.95 -7.4 E3DDDA 0.95
10.45 0.95 -6.45 E2DDD9 0.95
10.45 0.95 -5.5 E3DDDA 0.95
10.45 0.95 -4.55 E4DEDB 0.95
10.45 0.95 -3.6 E2DCD9 0.95
10.45 0.95 -2.65 E0D9D7 0.95
10.45 0.95 -1.700001 E0DAD7 0.95
10.45 0.95 -0.75 DCD6D3 0.95
10.45 0.95 0.2000008 DBD5D2 0.95
10.45 0.95 1.15 D9D3D1 0.95
10.45 0.95 2.1 D6CFCE 0.95
10.45 0.95 3.049999 D5CECD 0.95
10.45 0.95 4 D9D3D1 0.95
10.45 0.95 4.950001 D6CFCE 0.95
10.45 0.95 5.9 D8D2D0 0.95
10.45 0.95 6.85 DAD4D1 0.95
10.45 0.95 7.799999 DBD5D2 0.95
10.45 0.95 8.75 DED9D6 0.95
10.45 0.95 9.700001 E0DAD7 0.95
10.45 0.95 10.65 E2DCD9 0.95
10.45 0.95 11.6 E3DDDA 0.95
10.45 0.95 12.55 E3DDDA 0.95
10.45 0.95 13.5 E6E1DD 0.95
10.45 0.95 14.45 E7E2DE 0.95
10.45 0.95 15.4 E5E0DC 0.95
11.4 0 -7.4 B1A7A9 0.95
11.4 0 -6.45 BCB3B3 0.95
11.4 0 -5.5 BBB3B3 0.95
11.4 0 -4.55 BCB3B4 0.95
11.4 0 -3.6 BAB1B2 0.95
11.4 0 -2.65 B8B0B1 0.95
11.4 0 -1.700001 BBB2B3 0.95
11.4 0 -0.75 B9B1B1 0.95
11.4 0 0.2000008 B8AFB0 0.95
11.4 0 1.15 B9B0B1 0.95
11.4 0 2.1 B8AFB0 0.95
11.4 0 3.049999 B6ADAE 0.95
11.4 0 4 B6ADAE 0.95
11.4 0 4.950001 B7AFAF 0.95
11.4 0 5.9 BAB1B2 0.95
11.4 0 6.85 B5ACAD 0.95
11.4 0 7.799999 B8AFB0 0.95
11.4 0 8.75 B8B0B0 0.95
11.4 0 9.700001 B8AEAF 0.95
11.4 0 10.65 B8AFB0 0.95
11.4 0 11.6 B6ADAE 0.95
11.4 0 12.55 B7AEAF 0.95
11.4 0 13.5 B7AEAF 0.95
11.4 0 14.45 B5ACAD 0.95
11.4 0 15.4 B8AFB0 0.95
11.4 0.95 -7.4 E8E2DF 0.95
11.4 0.95 -6.45 E6E0DD 0.95
11.4 0.95 -5.5 E3DDD9 0.95
11.4 0.95 -4.55 E3DDDA 0.95
11.4 0.95 -3.6 E4DEDA 0.95
11.4 0.95 -2.65 E1DBD8 0.95
11.4 0.95 -1.700001 E1DBD8 0.95
11.4 0.95 -0.75 DED8D5 0.95
11.4 0.95 0.2000008 E0D9D6 0.95
11.4 0.95 1.15 DED8D5 0.95
11.4 0.95 2.1 DED7D5 0.95
11.4 0.95 3.049999 DCD6D3 0.95
11.4 0.95 4 DDD7D5 0.95
11.4 0.95 4.950001 DCD6D3 0.95
11.4 0.95 5.9 DBD5D3 0.95
11.4 0.95 6.85 DED9D6 0.95
11.4 0.95 7.799999 E0DAD7 0.95
11.4 0.95 8.75 E2DCD9 0.95
11.4 0.95 9.700001 E2DCD9 0.95
11.4 0.95 10.65 E5DFDC 0.95
11.4 0.95 11.6 E6E0DD 0.95
11.4 0.95 12.55 E5E0DD 0.95
11.4 0.95 13.5 E6E0DD 0.95
11.4 0.95 14.45 E7E2DE 0.95
11.4 0.95 15.4 E7E2DE 0.95
