-10.45 0 -5.5 A1979B 0.95
-10.45 0 -4.55 9E9398 0.95
-10.45 0 -3.6 9B9095 0.95
-10.45 0 -2.65 978C92 0.95
-10.45 0 -1.700001 978D92 0.95
-10.45 0 -0.75 90858D 0.95
-10.45 0 0.2000008 8E838B 0.95
-10.45 0 1.15 8B8088 0.95
-10.45 0 2.1 857B84 0.95
-10.45 0 3.049999 857B84 0.95
-10.45 0 4 827781 0.95
-10.45 0 4.950001 867B84 0.95
-10.45 0 5.9 847983 0.95
-10.45 0 6.85 847983 0.95
-10.45 0 7.799999 8B8088 0.95
-10.45 0 8.75 8F848B 0.95
-10.45 0 9.700001 92868D 0.95
-10.45 0 10.65 988C91 0.95
-10.45 0 11.6 988D92 0.95
-10.45 0 12.55 988C92 0.95
-10.45 0 13.5 9D9195 0.95
-10.45 0 14.45 9B8F93 0.95
-0.95 0.95 -6.45 E09E5B 0.95
-4.75 0.95 -3.6 CEC7C6 0.95
-5.7 0.95 -2.65 CEC7C5 0.95
-6.65 0.95 -1.700001 CCC4C3 0.95
-7.6 0.95 -0.75 CAC2C2 0.95
-7.6 0.95 0.2000008 BFB6B7 0.95
-8.55 0.95 1.15 B8AFB0 0.95
-8.55 0.95 2.1 B8AFB0 0.95
-8.55 0.95 3.049999 B9B0B1 0.95
-8.55 0.95 4 B7AEAF 0.95
-8.55 0.95 4.950001 B5AAAB 0.95
-8.55 0.95 5.9 BBB1B2 0.95
-8.55 0.95 6.85 BDB4B4 0.95
-7.6 0.95 7.799999 C0B7B7 0.95
-7.6 0.95 8.75 C9C0BE 0.95
-6.65 0.95 9.700001 C9C0BE 0.95
-5.7 0.95 10.65 CAC1BF 0.95
-4.75 0.95 11.6 CAC1BF 0.95
-1.9 0.95 12.55 CCC3C1 0.95
-0.95 1.9 -6.45 E1A05C 0.95
-4.75 1.9 -3.6 CCC5C3 0.95
-5.7 1.9 -2.65 CCC5C3 0.95
-6.65 1.9 -1.700001 CCC5C4 0.95
-7.6 1.9 -0.75 C9C1C0 0.95
-7.6 1.9 0.2000008 C1B9B9 0.95
-8.55 1.9 1.15 BCB3B4 0.95
-8.55 1.9 2.1 B9B0B1 0.95
-8.55 1.9 3.049999 B9B0B1 0.95
-8.55 1.9 4 B6ADAE 0.95
-8.55 1.9 4.950001 B8AEAF 0.95
-8.55 1.9 5.9 BAB0B1 0.95
-8.55 1.9 6.85 C1B7B7 0.95
-7.6 1.9 7.799999 C3BABA 0.95
-7.6 1.9 8.75 C9BFBE 0.95
-6.65 1.9 9.700001 C8C0BE 0.95
-5.7 1.9 10.65 C9C0BE 0.95
-4.75 1.9 11.6 CBC1BE 0.95
-1.9 1.9 12.55 C9C0BF 0.95
-0.95 2.85 -6.45 E4A25D 0.95
-4.75 2.85 -3.6 CAC3C2 0.95
-5.7 2.85 -2.65 CFC8C6 0.95
-6.65 2.85 -1.700001 CAC2C1 0.95
-7.6 2.85 -0.75 CAC3C2 0.95
-7.6 2.85 0.2000008 C2B9B9 0.95
-8.55 2.85 1.15 C2B9B9 0.95
-8.55 2.85 2.1 BFB6B7 0.95
-8.55 2.85 3.049999 BBB1B2 0.95
-8.55 2.85 4 B9AFB0 0.95
-8.55 2.85 4.950001 BCB3B3 0.95
-8.55 2.85 5.9 BEB4B4 0.95
-8.55 2.85 6.85 BFB5B5 0.95
-7.6 2.85 7.799999 C4BAB9 0.95
-7.6 2.85 8.75 CAC0BE 0.95
-6.65 2.85 9.700001 CBC3C2 0.95
-5.7 2.85 10.65 CAC1BF 0.95
-4.75 2.85 11.6 CBC1BE 0.95
-1.9 2.85 12.55 CAC1C0 0.95
-0.95 3.8 -6.45 E3A15D 0.95
-4.75 3.8 -3.6 C9C1C0 0.95
-5.7 3.8 -2.65 CBC3C2 0.95
-6.65 3.8 -1.700001 CDC6C4 0.95
-7.6 3.8 -0.75 CCC5C4 0.95
-7.6 3.8 0.2000008 C3BBBB 0.95
-8.55 3.8 1.15 C0B7B8 0.95
-8.55 3.8 2.1 BFB6B6 0.95
-8.55 3.8 3.049999 C1B8B8 0.95
-8.55 3.8 4 BEB5B5 0.95
-8.55 3.8 4.950001 C0B6B6 0.95
-8.55 3.8 5.9 C0B5B5 0.95
-8.55 3.8 6.85 C3BAB9 0.95
-7.6 3.8 7.799999 C6BDBB 0.95
-7.6 3.8 8.75 CBC1BE 0.95
-6.65 3.8 9.700001 CCC2C0 0.95
-5.7 3.8 10.65 CAC0BE 0.95
-4.75 3.8 11.6 CBC2C0 0.95
-1.9 3.8 12.55 C7BFBE 0.95
-0.95 4.75 -6.45 E6A55E 0.95
-4.75 4.75 -3.6 CCC4C3 0.95
-5.7 4.75 -2.65 CAC2C2 0.95
-6.65 4.75 -1.700001 CEC7C6 0.95
-7.6 4.75 -0.75 CCC4C3 0.95
-7.6 4.75 0.2000008 C6BEBD 0.95
-8.55 4.75 1.15 C3BBBB 0.95
-8.55 4.75 2.1 C5BDBC 0.95
-8.55 4.75 3.049999 C2BABA 0.95
-8.55 4.75 4 C2BABA 0.95
-8.55 4.75 4.950001 C1B8B7 0.95
-8.55 4.75 5.9 C5BBBA 0.95
-8.55 4.75 6.85 C7BFBE 0.95
-7.6 4.75 7.799999 C8BEBD 0.95
-7.6 4.75 8.75 CCC3C1 0.95
-6.65 4.75 9.700001 CDC3C1 0.95
-5.7 4.75 10.65 CCC3C1 0.95
-4.75 4.75 11.6 CCC3C0 0.95
-1.9 4.75 12.55 C8BFBE 0.95
-0.95 5.7 -6.45 EAA960 0.95
-4.75 5.7 -3.6 CCC4C3 0.95
-5.7 5.7 -2.65 CEC6C5 0.95
-6.65 5.7 -1.700001 CDC6C4 0.95
-7.6 5.7 -0.75 CCC4C3 0.95
-7.6 5.7 0.2000008 C6BEBD 0.95
-8.55 5.7 1.15 C9C1C0 0.95
-8.55 5.7 2.1 C6BDBC 0.95
-8.55 5.7 3.049999 C7BEBE 0.95
-8.55 5.7 4 C9C0BE 0.95
-8.55 5.7 4.950001 C8BFBD 0.95
-8.55 5.7 5.9 CAC0BF 0.95
-8.55 5.7 6.85 C6BDBC 0.95
-7.6 5.7 7.799999 C9C0BF 0.95
-7.6 5.7 8.75 CCC3C1 0.95
-6.65 5.7 9.700001 CCC3C1 0.95
-5.7 5.7 10.65 CBC2C1 0.95
-4.75 5.7 11.6 CCC2C0 0.95
-1.9 5.7 12.55 CEC5C2 0.95
-1.9 6.65 -5.5 F3B263 0.95
-4.75 6.65 -3.6 CBC4C3 0.95
-5.7 6.65 -2.65 CDC6C4 0.95
-6.65 6.65 -1.700001 CEC6C5 0.95
-7.6 6.65 -0.75 C9C1C0 0.95
-7.6 6.65 0.2000008 C9C1C0 0.95
-8.55 6.65 1.15 C8C0BF 0.95
-8.55 6.65 2.1 C7BFBE 0.95
-8.55 6.65 3.049999 C8C0BF 0.95
-8.55 6.65 4 CAC1C0 0.95
-8.55 6.65 4.950001 C8BFBE 0.95
-8.55 6.65 5.9 CEC6C3 0.95
-8.55 6.65 6.85 CBC2C0 0.95
-7.6 6.65 7.799999 CBC2C1 0.95
-7.6 6.65 8.75 CEC5C3 0.95
-6.65 6.65 9.700001 CCC3C1 0.95
-5.7 6.65 10.65 CBC3C1 0.95
-4.75 6.65 11.6 D0C7C4 0.95
-1.9 6.65 12.55 C8C0BF 0.95
-0.95 7.6 -4.55 F3B263 0.95
-4.75 7.6 -3.6 CEC7C5 0.95
-5.7 7.6 -2.65 CDC5C4 0.95
-6.65 7.6 -1.700001 D1CAC8 0.95
-7.6 7.6 -0.75 CEC6C4 0.95
-7.6 7.6 0.2000008 CBC4C2 0.95
-8.55 7.6 1.15 CBC3C1 0.95
-8.55 7.6 2.1 CBC3C2 0.95
-8.55 7.6 3.049999 CBC3C2 0.95
-8.55 7.6 4 CAC1C0 0.95
-8.55 7.6 4.950001 CBC2C0 0.95
-8.55 7.6 5.9 CCC4C2 0.95
-8.55 7.6 6.85 CAC1C0 0.95
-7.6 7.6 7.799999 CCC4C2 0.95
-7.6 7.6 8.75 CCC3C1 0.95
-6.65 7.6 9.700001 CCC3C1 0.95
-5.7 7.6 10.65 CEC4C1 0.95
-4.75 7.6 11.6 CEC4C2 0.95
-1.9 7.6 12.55 CBC3C1 0.95
-4.75 8.55 -3.6 CFC8C6 0.95
-5.7 8.55 -2.65 CFC7C5 0.95
-6.65 8.55 -1.700001 CFC7C6 0.95
-7.6 8.55 -0.75 CFC8C6 0.95
-7.6 8.55 0.2000008 CDC5C4 0.95
-8.55 8.55 1.15 CCC4C3 0.95
-8.55 8.55 2.1 CBC4C2 0.95
-8.55 8.55 3.049999 CCC4C3 0.95
-8.55 8.55 4 CCC4C3 0.95
-8.55 8.55 4.950001 CCC3C1 0.95
-8.55 8.55 5.9 CEC5C2 0.95
-8.55 8.55 6.85 CEC5C4 0.95
-7.6 8.55 7.799999 CEC6C4 0.95
-7.6 8.55 8.75 CBC2BF 0.95
-6.65 8.55 9.700001 CEC5C3 0.95
-5.7 8.55 10.65 CEC5C3 0.95
-4.75 8.55 11.6 CEC5C3 0.95
-1.9 8.55 12.55 CBC2C0 0.95
-1.9 9.5 -1.700001 F7F2ED 0.95
-3.8 9.5 -0.75 F7F1EC 0.95
-4.75 9.5 0.2000008 F8F3EE 0.95
-5.7 9.5 1.15 F6F1EC 0.95
-5.7 9.5 2.1 F6F2ED 0.95
-5.7 9.5 3.049999 F4EFEA 0.95
-6.65 9.5 4 F5F0EB 0.95
-5.7 9.5 4.950001 F4EFEB 0.95
-5.7 9.5 5.9 F7F1EC 0.95
-5.7 9.5 6.85 F5EFEA 0.95
-4.75 9.5 7.799999 F6F1EC 0.95
-3.8 9.5 8.75 F5F0EB 0.95
-1.9 9.5 9.700001 F5F0EB 0.95
-10.45 0 -7.4 B6ADAF 0.95
-0.95 0 -6.45 A36548 0.95
-10.45 0.95 -6.45 E1DBD7 0.95
-10.45 0.95 -5.5 DFD9D6 0.95
-10.45 0.95 -4.55 DDD6D3 0.95
-10.45 0.95 -3.6 DDD7D4 0.95
-10.45 0.95 -2.65 D8D1CF 0.95
-10.45 0.95 -1.700001 D6CFCD 0.95
-10.45 0.95 -0.75 D5CECC 0.95
-10.45 0.95 0.2000008 D2CBC9 0.95
-10.45 0.95 1.15 CFC7C6 0.95
-10.45 0.95 2.1 CCC4C3 0.95
-10.45 0.95 3.049999 CBC3C2 0.95
-10.45 0.95 4 CAC3C2 0.95
-10.45 0.95 4.950001 CCC5C3 0.95
-10.45 0.95 5.9 CCC4C3 0.95
-10.45 0.95 6.85 CEC6C4 0.95
-10.45 0.95 7.799999 D1C9C7 0.95
-10.45 0.95 8.75 D1CAC8 0.95
-10.45 0.95 9.700001 D5CECC 0.95
-10.45 0.95 10.65 D5CECC 0.95
-10.45 0.95 11.6 DAD3D0 0.95
-10.45 0.95 12.55 DBD4D1 0.95
-10.45 0.95 13.5 DBD4D1 0.95
-10.45 0.95 14.45 DCD4D1 0.95
-9.5 0 -7.4 B5ABAD 0.95
-9.5 0 14.45 A79B9D 0.95
-9.5 0.95 -6.45 DED8D5 0.95
-9.5 0.95 -5.5 DDD7D4 0.95
-9.5 0.95 -4.55 DBD5D2 0.95
-9.5 0.95 -3.6 DAD4D1 0.95
-9.5 0.95 -2.65 D8D1CF 0.95
-9.5 0.95 -1.700001 D6D0CE 0.95
-9.5 0.95 -0.75 D2CBC9 0.95
-9.5 0.95 0.2000008 CEC6C4 0.95
-9.5 0.95 1.15 CFC8C7 0.95
-9.5 0.95 2.1 CCC4C3 0.95
-9.5 0.95 3.049999 C7BFBE 0.95
-9.5 0.95 4 C6BEBD 0.95
-9.5 0.95 4.950001 C5BDBD 0.95
-9.5 0.95 5.9 C7BFBE 0.95
-9.5 0.95 6.85 CDC5C4 0.95
-9.5 0.95 7.799999 CBC3C2 0.95
-9.5 0.95 8.75 D2CAC8 0.95
-9.5 0.95 9.700001 D4CDCB 0.95
-9.5 0.95 10.65 D5CECC 0.95
-9.5 0.95 11.6 D6CFCD 0.95
-9.5 0.95 12.55 DAD3D0 0.95
-9.5 0.95 13.5 DCD5D2 0.95
-9.5 0.95 14.45 DCD5D1 0.95
-8.55 0 -7.4 B6ACAD 0.95
-8.55 0 14.45 A79A9C 0.95
-8.55 0.95 -6.45 DFD9D6 0.95
-8.55 0.95 -5.5 DCD5D2 0.95
-8.55 0.95 -4.55 D9D2CF 0.95
-8.55 0.95 -3.6 D8D2CF 0.95
-8.55 0.95 -2.65 D4CDCB 0.95
-8.55 0.95 -1.700001 CEC7C5 0.95
-8.55 0.95 -0.75 CEC7C5 0.95
-8.55 0.95 0.2000008 CCC5C3 0.95
-8.55 0.95 7.799999 C7BFBE 0.95
-8.55 0.95 8.75 CCC4C3 0.95
-8.55 0.95 9.700001 D0C9C7 0.95
-8.55 0.95 10.65 D5CDCB 0.95
-8.55 0.95 11.6 D5CECC 0.95
-8.55 0.95 12.55 D9D1CE 0.95
-8.55 0.95 13.5 D9D2CF 0.95
-8.55 0.95 14.45 DBD4D1 0.95
-8.55 9.5 3.049999 F4EEE9 0.95
-8.55 9.5 4 F3EEE9 0.95
-8.55 9.5 4.950001 F4EFEB 0.95
-7.6 0 -7.4 B6ADAE 0.95
-7.6 0 14.45 ACA0A2 0.95
-7.6 0.95 -6.45 DED7D4 0.95
-7.6 0.95 -5.5 DBD4D1 0.95
-7.6 0.95 -4.55 D8D1CF 0.95
-7.6 0.95 -3.6 D6CFCC 0.95
-7.6 0.95 -2.65 D3CDCB 0.95
-7.6 0.95 -1.700001 D0C9C7 0.95
-7.6 0.95 1.15 9E9498 0.95
-7.6 0.95 2.1 9F9499 0.95
-7.6 0.95 3.049999 9D9297 0.95
-7.6 0.95 4 9F9499 0.95
-7.6 0.95 4.950001 9B9096 0.95
-7.6 0.95 5.9 A09599 0.95
-7.6 0.95 6.85 A1969A 0.95
-7.6 0.95 9.700001 CEC6C4 0.95
-7.6 0.95 10.65 D0C8C6 0.95
-7.6 0.95 11.6 D4CCCA 0.95
-7.6 0.95 12.55 D7D0CD 0.95
-7.6 0.95 13.5 D9D1CE 0.95
-7.6 0.95 14.45 DBD4D1 0.95
-7.6 9.5 0.2000008 F5EFEB 0.95
-7.6 9.5 1.15 F5EFEB 0.95
-7.6 9.5 2.1 F4EFEA 0.95
-7.6 9.5 3.049999 F6F1EC 0.95
-7.6 9.5 4 F3EEEA 0.95
-7.6 9.5 4.950001 F4EFEA 0.95
-7.6 9.5 5.9 F3EEE9 0.95
-7.6 9.5 6.85 F4EFEA 0.95
-7.6 9.5 7.799999 F6F1EC 0.95
-6.65 0 -7.4 B6ACAE 0.95
-6.65 0 14.45 AFA3A4 0.95
-6.65 0.95 -6.45 DCD6D3 0.95
-6.65 0.95 -5.5 DAD2CF 0.95
-6.65 0.95 -4.55 D7D0CD 0.95
-6.65 0.95 -3.6 D3CCC9 0.95
-6.65 0.95 -2.65 CEC7C5 0.95
-6.65 0.95 -0.75 A1969B 0.95
-6.65 0.95 0.2000008 A0959A 0.95
-6.65 0.95 1.15 A3989C 0.95
-6.65 0.95 2.1 A3989C 0.95
-6.65 0.95 3.049999 A2979B 0.95
-6.65 0.95 4 A2979B 0.95
-6.65 0.95 4.950001 A3999D 0.95
-6.65 0.95 5.9 A3999C 0.95
-6.65 0.95 6.85 A3989C 0.95
-6.65 0.95 7.799999 9F9498 0.95
-6.65 0.95 8.75 9E9498 0.95
-6.65 0.95 10.65 CCC4C2 0.95
-6.65 0.95 11.6 D0C9C7 0.95
-6.65 0.95 12.55 D6CFCC 0.95
-6.65 0.95 13.5 D8D1CF 0.95
-6.65 0.95 14.45 D9D2CF 0.95
-6.65 9.5 -0.75 F7F2ED 0.95
-6.65 9.5 0.2000008 F6F1EC 0.95
-6.65 9.5 1.15 F6F1EC 0.95
-6.65 9.5 2.1 F7F2ED 0.95
-6.65 9.5 3.049999 F5F0EB 0.95
-6.65 9.5 4.950001 F3EEE9 0.95
-6.65 9.5 5.9 F4EFEA 0.95
-6.65 9.5 6.85 F7F1ED 0.95
-6.65 9.5 7.799999 F6F1EC 0.95
-6.65 9.5 8.75 F3EDE8 0.95
-5.7 0 -7.4 B7ADAF 0.95
-5.7 0 14.45 B0A5A6 0.95
-5.7 0.95 -6.45 DAD3D0 0.95
-5.7 0.95 -5.5 D8D0CD 0.95
-5.7 0.95 -4.55 D5CECC 0.95
-5.7 0.95 -3.6 CFC7C5 0.95
-5.7 0.95 -1.700001 9F9599 0.95
-5.7 0.95 -0.75 A2989C 0.95
-5.7 0.95 0.2000008 A1969A 0.95
-5.7 0.95 1.15 A2989C 0.95
-5.7 0.95 2.1 A3999D 0.95
-5.7 0.95 3.049999 A49A9E 0.95
-5.7 0.95 4 A4999D 0.95
-5.7 0.95 4.950001 A59A9E 0.95
-5.7 0.95 5.9 A59B9E 0.95
-5.7 0.95 6.85 A4999D 0.95
-5.7 0.95 7.799999 A59B9E 0.95
-5.7 0.95 8.75 A59A9E 0.95
-5.7 0.95 9.700001 A4999D 0.95
-5.7 0.95 11.6 CDC5C3 0.95
-5.7 0.95 12.55 D4CDCA 0.95
-5.7 0.95 13.5 D4CDCB 0.95
-5.7 0.95 14.45 D8D1CF 0.95
-5.7 9.5 -1.700001 F6F1EC 0.95
-5.7 9.5 -0.75 F5F0EB 0.95
-5.7 9.5 0.2000008 F8F3EE 0.95
-5.7 9.5 7.799999 F5EFEA 0.95
-5.7 9.5 8.75 F5F0EB 0.95
-5.7 9.5 9.700001 F6F1EC 0.95
-5.7 10.45 4 F5F0EB 0.95
-4.75 0 -7.4 B6ADAE 0.95
-4.75 0 14.45 AA9EA0 0.95
-4.75 0.95 -6.45 D8D0CD 0.95
-4.75 0.95 -5.5 D7CFCC 0.95
-4.75 0.95 -4.55 D1C9C7 0.95
-4.75 0.95 -2.65 A1979B 0.95
-4.75 0.95 -1.700001 9F9499 0.95
-4.75 0.95 -0.75 A3999D 0.95
-4.75 0.95 0.2000008 A2989C 0.95
-4.75 0.95 1.15 A59B9E 0.95
-4.75 0.95 2.1 A59B9E 0.95
-4.75 0.95 3.049999 A79DA0 0.95
-4.75 0.95 4 A79DA0 0.95
-4.75 0.95 4.950001 A99FA2 0.95
-4.75 0.95 5.9 A69C9F 0.95
-4.75 0.95 6.85 A69B9E 0.95
-4.75 0.95 7.799999 A59B9E 0.95
-4.75 0.95 8.75 A59A9E 0.95
-4.75 0.95 9.700001 A49A9D 0.95
-4.75 0.95 10.65 A3979B 0.95
-4.75 0.95 12.55 CFC7C5 0.95
-4.75 0.95 13.5 D5CECC 0.95
-4.75 0.95 14.45 D9D2CF 0.95
-4.75 9.5 -2.65 F7F2EC 0.95
-4.75 9.5 -1.700001 F7F2ED 0.95
-4.75 9.5 -0.75 F7F2ED 0.95
-4.75 9.5 8.75 F6F0EB 0.95
-4.75 9.5 9.700001 F5F0EB 0.95
-4.75 9.5 10.65 F6F0EB 0.95
-4.75 10.45 1.15 F7F2ED 0.95
-4.75 10.45 2.1 F7F2ED 0.95
-4.75 10.45 3.049999 F5EFEA 0.95
-4.75 10.45 4 F6F1EC 0.95
-4.75 10.45 4.950001 F5F0EB 0.95
-4.75 10.45 5.9 F3EDE9 0.95
-4.75 10.45 6.85 F5F0EB 0.95
-3.8 0 -7.4 B6ACAD 0.95
-3.8 0 14.45 B1A6A7 0.95
-3.8 0.95 -3.6 D0C7C5 0.95
-3.8 0.95 -6.45 D4CCC9 0.95
-3.8 0.95 -5.5 D1C9C6 0.95
-3.8 0.95 -4.55 CDC5C2 0.95
1.9 0.95 -3.6 908086 0.95
-3.8 0.95 -2.65 9E9397 0.95
-3.8 0.95 -1.700001 A09599 0.95
-3.8 0.95 -0.75 A3989C 0.95
-3.8 0.95 0.2000008 A49A9E 0.95
-3.8 0.95 1.15 A69C9F 0.95
-3.8 0.95 2.1 A79DA0 0.95
-3.8 0.95 3.049999 A79DA0 0.95
-3.8 0.95 4 A79DA0 0.95
-3.8 0.95 4.950001 A89EA1 0.95
-3.8 0.95 5.9 A89DA1 0.95
-3.8 0.95 6.85 A89EA1 0.95
-3.8 0.95 7.799999 A79DA0 0.95
-3.8 0.95 8.75 A59B9E 0.95
-3.8 0.95 9.700001 A59A9D 0.95
-3.8 0.95 10.65 A4999D 0.95
-3.8 0.95 11.6 A59A9E 0.95
-3.8 0.95 12.55 CEC6C4 0.95
-3.8 0.95 13.5 D4CCCA 0.95
-3.8 0.95 14.45 D6CFCD 0.95
-3.8 1.9 -3.6 CBC2BF 0.95
1.9 1.9 -3.6 907F84 0.95
-3.8 1.9 11.6 CBC2C0 0.95
-3.8 2.85 -3.6 CAC1BF 0.95
1.9 2.85 -3.6 8E7C81 0.95
-3.8 2.85 11.6 CCC3C1 0.95
-3.8 3.8 -3.6 CAC2C0 0.95
1.9 3.8 -3.6 8F7C81 0.95
-3.8 3.8 11.6 CBC2C0 0.95
-3.8 4.75 -3.6 CDC4C2 0.95
1.9 4.75 -3.6 8D797E 0.95
-3.8 4.75 11.6 C9C0BD 0.95
-3.8 5.7 -3.6 CDC4C2 0.95
1.9 5.7 -3.6 867075 0.95
-3.8 5.7 11.6 CDC4C2 0.95
-3.8 6.65 -3.6 CEC7C5 0.95
1.9 6.65 -3.6 785F66 0.95
-3.8 6.65 11.6 CDC4C2 0.95
-3.8 7.6 -3.6 CDC5C3 0.95
-0.95 7.6 -3.6 C27E50 0.95
-3.8 7.6 11.6 CBC3C0 0.95
-3.8 8.55 -3.6 CFC8C6 0.95
1.9 8.55 -3.6 CBBCB7 0.95
-3.8 8.55 11.6 CEC6C4 0.95
-3.8 9.5 -3.6 F7F2ED 0.95
-3.8 9.5 -2.65 F8F3EE 0.95
-3.8 9.5 -1.700001 F9F4EF 0.95
-3.8 9.5 9.700001 F7F2ED 0.95
-3.8 9.5 10.65 F6F1EC 0.95
-3.8 9.5 11.6 F7F3EE 0.95
-3.8 10.45 0.2000008 F6F1EC 0.95
-3.8 10.45 1.15 F8F3EE 0.95
-3.8 10.45 2.1 F8F3EE 0.95
-3.8 10.45 3.049999 F6F0EB 0.95
-3.8 10.45 4 F7F2ED 0.95
-3.8 10.45 4.950001 F6F1EC 0.95
-3.8 10.45 5.9 F6F1ED 0.95
-3.8 10.45 6.85 F6F1EC 0.95
-3.8 10.45 7.799999 F5F0EB 0.95
-2.85 0 -7.4 B3AAAB 0.95
-2.85 0 14.45 AFA5A6 0.95
-2.85 0.95 -4.55 CBC2BF 0.95
-2.85 0.95 -6.45 D3C9C6 0.95
-2.85 0.95 -5.5 CCC3C1 0.95
-2.85 0.95 -3.6 95898F 0.95
-2.85 0.95 -2.65 9C9196 0.95
-2.85 0.95 -1.700001 A0969A 0.95
-2.85 0.95 -0.75 A1979B 0.95
-2.85 0.95 0.2000008 A49A9E 0.95
-2.85 0.95 1.15 A69B9F 0.95
-2.85 0.95 2.1 A79CA0 0.95
-2.85 0.95 3.049999 ACA2A4 0.95
-2.85 0.95 4 A89EA1 0.95
-2.85 0.95 4.950001 A89EA1 0.95
-2.85 0.95 5.9 A99EA1 0.95
-2.85 0.95 6.85 A99FA1 0.95
-2.85 0.95 7.799999 A79C9F 0.95
-2.85 0.95 8.75 A59B9E 0.95
-2.85 0.95 9.700001 A79C9F 0.95
-2.85 0.95 10.65 A59B9E 0.95
-2.85 0.95 11.6 A1979B 0.95
-2.85 0.95 12.55 C8BFBE 0.95
-2.85 0.95 13.5 CDC6C4 0.95
-2.85 0.95 14.45 D8D1CE 0.95
-2.85 1.9 -4.55 C9BFBD 0.95
-2.85 1.9 12.55 CCC3C1 0.95
-2.85 2.85 -4.55 C8BEBB 0.95
-2.85 2.85 12.55 C7BEBC 0.95
-2.85 3.8 -4.55 C9BFBC 0.95
-2.85 3.8 12.55 C9BFBD 0.95
-2.85 4.75 -4.55 CAC0BD 0.95
-2.85 4.75 12.55 CAC1BF 0.95
-2.85 5.7 -4.55 CAC0BE 0.95
-2.85 5.7 12.55 CAC2C0 0.95
-2.85 6.65 -4.55 CAC1BF 0.95
-2.85 6.65 12.55 CAC0BD 0.95
-2.85 7.6 -4.55 D1C9C7 0.95
-2.85 7.6 12.55 C7BEBC 0.95
-2.85 8.55 -4.55 D0C8C6 0.95
-2.85 8.55 12.55 CCC2C0 0.95
-2.85 9.5 -1.700001 F8F3EE 0.95
-2.85 9.5 -3.6 F8F3EE 0.95
-2.85 9.5 -2.65 F7F2ED 0.95
-2.85 9.5 9.700001 F5F0EB 0.95
-2.85 9.5 10.65 F4EFEB 0.95
-2.85 9.5 11.6 F6F1EC 0.95
-2.85 10.45 -0.75 F7F2ED 0.95
-2.85 10.45 0.2000008 F9F4EF 0.95
-2.85 10.45 1.15 F6F1EC 0.95
-2.85 10.45 2.1 F6F1EC 0.95
-2.85 10.45 3.049999 F7F2ED 0.95
-2.85 10.45 4 F8F3EE 0.95
-2.85 10.45 4.950001 F9F4EF 0.95
-2.85 10.45 5.9 F7F2ED 0.95
-2.85 10.45 6.85 F7F3EE 0.95
-2.85 10.45 7.799999 F6F1EC 0.95
-2.85 10.45 8.75 F7F2ED 0.95
-1.9 0 -7.4 B5ABAD 0.95
-1.9 0 14.45 AEA4A6 0.95
-1.9 0.95 -2.65 47405C 0.95
-1.9 0.95 -6.45 D2C5C0 0.95
-1.9 0.95 -5.5 BFB1AF 0.95
-1.9 0.95 -4.55 B2A5A6 0.95
-1.9 0.95 -3.6 897A82 0.95
-1.9 0.95 -1.700001 9B9096 0.95
-1.9 0.95 -0.75 A0969B 0.95
-1.9 0.95 0.2000008 A2989C 0.95
-1.9 0.95 1.15 A59B9E 0.95
-1.9 0.95 2.1 A79DA0 0.95
-1.9 0.95 3.049999 A89EA1 0.95
-1.9 0.95 4 A89EA1 0.95
-1.9 0.95 4.950001 A89EA1 0.95
-1.9 0.95 5.9 A99FA2 0.95
-1.9 0.95 6.85 AAA0A2 0.95
-1.9 0.95 7.799999 A99FA2 0.95
-1.9 0.95 8.75 A89DA0 0.95
-1.9 0.95 9.700001 A79DA0 0.95
-1.9 0.95 10.65 A59A9D 0.95
-1.9 0.95 11.6 A59B9E 0.95
-1.9 0.95 13.5 CEC7C6 0.95
-1.9 0.95 14.45 D6CECC 0.95
-1.9 1.9 -2.65 453F5A 0.95
-1.9 1.9 -3.6 8B787F 0.95
-1.9 2.85 -2.65 48405C 0.95
-1.9 2.85 -3.6 87747B 0.95
-1.9 3.8 -2.65 473F5A 0.95
-1.9 3.8 -3.6 8B767C 0.95
-1.9 4.75 -2.65 463F59 0.95
-1.9 4.75 -3.6 89747A 0.95
-1.9 5.7 -2.65 453D57 0.95
-1.9 5.7 -3.6 836C72 0.95
-1.9 6.65 -2.65 443C55 0.95
-1.9 6.65 -3.6 846B6F 0.95
-1.9 7.6 -2.65 504661 0.95
-1.9 7.6 -3.6 AF9691 0.95
-1.9 8.55 -3.6 C7BBB7 0.95
-1.9 9.5 -2.65 F7F2EE 0.95
-1.9 9.5 10.65 F6F0EC 0.95
-1.9 9.5 11.6 F4EFEB 0.95
-1.9 10.45 -0.75 F7F2ED 0.95
-1.9 10.45 0.2000008 F8F3ED 0.95
-1.9 10.45 1.15 F8F3EE 0.95
-1.9 10.45 2.1 F6F1EC 0.95
-1.9 10.45 3.049999 F7F2ED 0.95
-1.9 10.45 4 F7F2ED 0.95
-1.9 10.45 4.950001 F8F3EE 0.95
-1.9 10.45 5.9 F8F3EE 0.95
-1.9 10.45 6.85 F9F4EF 0.95
-1.9 10.45 7.799999 F7F2ED 0.95
-1.9 10.45 8.75 F5F0EB 0.95
-0.95 6.65 -5.5 7C4B40 0.95
-0.95 0 -7.4 B6ACAE 0.95
0.95 0 -6.45 9B5E46 0.95
-0.95 0 -5.5 6E443E 0.95
-0.95 0 14.45 AFA5A6 0.95
0.95 0.95 -6.45 D89156 0.95
-0.95 0.95 -2.65 514A67 0.95
-0.95 0.95 -5.5 9B898C 0.95
-0.95 0.95 -4.55 A89A9C 0.95
-0.95 0.95 -3.6 94868C 0.95
-0.95 0.95 -1.700001 988D93 0.95
-0.95 0.95 -0.75 9D9298 0.95
-0.95 0.95 0.2000008 A3989D 0.95
-0.95 0.95 1.15 A49A9E 0.95
-0.95 0.95 2.1 A69CA0 0.95
-0.95 0.95 3.049999 ACA2A4 0.95
-0.95 0.95 4 A99FA2 0.95
-0.95 0.95 4.950001 AAA0A2 0.95
-0.95 0.95 5.9 ABA1A3 0.95
-0.95 0.95 6.85 AAA0A3 0.95
-0.95 0.95 7.799999 A89EA1 0.95
-0.95 0.95 8.75 A79DA0 0.95
-0.95 0.95 9.700001 A79C9F 0.95
-0.95 0.95 10.65 A69B9F 0.95
-0.95 0.95 11.6 A3989B 0.95
-0.95 0.95 12.55 A3989B 0.95
-0.95 0.95 13.5 D0C9C7 0.95
-0.95 0.95 14.45 D4CCC9 0.95
0.95 1.9 -6.45 D89155 0.95
-0.95 1.9 -2.65 534C68 0.95
-0.95 1.9 -5.5 825042 0.95
-0.95 1.9 12.55 CAC1C0 0.95
0.95 2.85 -6.45 D89155 0.95
-0.95 2.85 -2.65 504864 0.95
-0.95 2.85 -5.5 7E4D42 0.95
-0.95 2.85 12.55 C7BEBD 0.95
0.95 3.8 -6.45 D99256 0.95
-0.95 3.8 -2.65 4F4763 0.95
-0.95 3.8 -5.5 7F4E42 0.95
-0.95 3.8 12.55 C9C0BE 0.95
0.95 4.75 -6.45 DD9657 0.95
-0.95 4.75 -2.65 504864 0.95
-0.95 4.75 -5.5 814E41 0.95
-0.95 4.75 12.55 C8BFBD 0.95
0.95 5.7 -6.45 E7A15B 0.95
-0.95 5.7 -2.65 4E4661 0.95
-0.95 5.7 -5.5 7C4940 0.95
-0.95 5.7 12.55 C9C0BF 0.95
-0.95 6.65 -6.45 FFC069 0.95
0.95 6.65 -5.5 E19757 0.95
-0.95 6.65 -2.65 413952 0.95
-0.95 6.65 -4.55 7D4B40 0.95
-0.95 6.65 12.55 CAC1BF 0.95
-0.95 7.6 -5.5 FFCC6F 0.95
0.95 7.6 -4.55 F7B162 0.95
-0.95 7.6 -2.65 4B333B 0.95
0.95 7.6 -3.6 D38C54 0.95
-0.95 7.6 12.55 CAC1C0 0.95
-0.95 8.55 -3.6 D2C6C1 0.95
-0.95 8.55 -4.55 FFCE70 0.95
-0.95 8.55 12.55 CCC3C1 0.95
-0.95 9.5 -1.700001 F8F3EE 0.95
-0.95 9.5 -2.65 F8F3EE 0.95
-0.95 9.5 10.65 F5F0EB 0.95
-0.95 9.5 9.700001 F7F2ED 0.95
-0.95 9.5 11.6 F5F0EB 0.95
-0.95 9.5 12.55 F3EFEA 0.95
-0.95 10.45 -0.75 F7F1ED 0.95
-0.95 10.45 0.2000008 F9F4EF 0.95
-0.95 10.45 1.15 F8F3EE 0.95
-0.95 10.45 2.1 F7F1ED 0.95
-0.95 10.45 3.049999 F6F2ED 0.95
-0.95 10.45 4 F8F3EE 0.95
-0.95 10.45 4.950001 F7F2ED 0.95
-0.95 10.45 5.9 F7F2ED 0.95
-0.95 10.45 6.85 F9F4EF 0.95
-0.95 10.45 7.799999 F8F3EE 0.95
-0.95 10.45 8.75 F4EFEA 0.95
0 0 -7.4 B7ADAE 0.95
0 0 14.45 AFA4A6 0.95
0 0.95 -2.65 544C69 0.95
0 0.95 -6.45 C4B1AB 0.95
0 0.95 -5.5 AD9D9E 0.95
0 0.95 -4.55 A79A9D 0.95
0 0.95 -3.6 97898F 0.95
0 0.95 -1.700001 968B92 0.95
0 0.95 -0.75 9D9398 0.95
0 0.95 0.2000008 A3999D 0.95
0 0.95 1.15 A59B9F 0.95
0 0.95 2.1 A89EA1 0.95
0 0.95 3.049999 A99EA2 0.95
0 0.95 4 AAA1A3 0.95
0 0.95 4.950001 A79DA0 0.95
0 0.95 5.9 A99EA1 0.95
0 0.95 6.85 AAA0A3 0.95
0 0.95 7.799999 A89EA1 0.95
0 0.95 8.75 A89EA1 0.95
0 0.95 9.700001 A59B9E 0.95
0 0.95 10.65 A69C9F 0.95
0 0.95 11.6 A69B9E 0.95
0 0.95 12.55 A2979B 0.95
0 0.95 13.5 D0C9C7 0.95
0 0.95 14.45 D5CECC 0.95
0 1.9 -2.65 524A66 0.95
0 1.9 12.55 C4BCBB 0.95
0 2.85 -2.65 524A67 0.95
0 2.85 12.55 C0B7B7 0.95
0 3.8 -2.65 514965 0.95
0 3.8 12.55 C3BAB9 0.95
0 4.75 -2.65 514965 0.95
0 4.75 12.55 C6BDBC 0.95
0 5.7 -2.65 4E4662 0.95
0 5.7 12.55 C3BAB9 0.95
0 6.65 -2.65 514763 0.95
0 6.65 -5.5 EDA45C 0.95
0 6.65 12.55 C8BFBE 0.95
0 7.6 -2.65 5B506B 0.95
0 7.6 12.55 C7BEBD 0.95
0 8.55 -3.6 D3C7C2 0.95
0 8.55 12.55 C3BBBA 0.95
0 9.5 -1.700001 F8F4EF 0.95
0 9.5 -2.65 F7F2ED 0.95
0 9.5 10.65 F4EFEA 0.95
0 9.5 11.6 F5F1EC 0.95
0 9.5 12.55 F7F2ED 0.95
0 10.45 -0.75 F8F3EF 0.95
0 10.45 0.2000008 F7F1EC 0.95
0 10.45 1.15 F8F3ED 0.95
0 10.45 2.1 F7F2ED 0.95
0 10.45 3.049999 F9F4EF 0.95
0 10.45 4 F7F2EE 0.95
0 10.45 4.950001 F7F2ED 0.95
0 10.45 5.9 F8F3EE 0.95
0 10.45 6.85 F7F2ED 0.95
0 10.45 7.799999 F5F0EC 0.95
0 10.45 8.75 F4EFEB 0.95
0 10.45 9.700001 F7F2ED 0.95
0.95 0 -7.4 B7AEAF 0.95
0.95 0 -5.5 72453E 0.95
0.95 0 14.45 AFA5A7 0.95
0.95 0.95 -2.65 504966 0.95
0.95 0.95 -5.5 9E8D8F 0.95
0.95 0.95 -4.55 AA9D9F 0.95
0.95 0.95 -3.6 95878D 0.95
0.95 0.95 -1.700001 958A91 0.95
0.95 0.95 -0.75 9F959A 0.95
0.95 0.95 0.2000008 A59B9E 0.95
0.95 0.95 1.15 A59B9F 0.95
0.95 0.95 2.1 A69B9F 0.95
0.95 0.95 3.049999 A69CA0 0.95
0.95 0.95 4 A89EA1 0.95
0.95 0.95 4.950001 A99FA2 0.95
0.95 0.95 5.9 A89EA1 0.95
0.95 0.95 6.85 A89EA1 0.95
0.95 0.95 7.799999 A89EA1 0.95
0.95 0.95 8.75 A79DA0 0.95
0.95 0.95 9.700001 A59B9E 0.95
0.95 0.95 10.65 A69C9F 0.95
0.95 0.95 11.6 A2979B 0.95
0.95 0.95 12.55 A79C9F 0.95
0.95 0.95 13.5 D2CBC9 0.95
0.95 0.95 14.45 D5CECC 0.95
0.95 1.9 -2.65 514A66 0.95
0.95 1.9 -5.5 865143 0.95
0.95 1.9 12.55 C7BEBD 0.95
0.95 2.85 -2.65 514966 0.95
0.95 2.85 -5.5 855143 0.95
0.95 2.85 12.55 C4BBBA 0.95
0.95 3.8 -2.65 524A65 0.95
0.95 3.8 -5.5 835042 0.95
0.95 3.8 12.55 C3BAB9 0.95
0.95 4.75 -2.65 4E4662 0.95
0.95 4.75 -5.5 834F42 0.95
0.95 4.75 12.55 C4BCBB 0.95
0.95 5.7 -2.65 4C445F 0.95
0.95 5.7 -5.5 804C41 0.95
0.95 5.7 12.55 C6BDBC 0.95
0.95 6.65 -6.45 FFBF69 0.95
0.95 6.65 -2.65 443B55 0.95
0.95 6.65 -4.55 7D4B40 0.95
0.95 6.65 12.55 C4BBBA 0.95
0.95 7.6 -5.5 FFCC6F 0.95
0.95 7.6 -2.65 48323A 0.95
1.9 7.6 -3.6 B09690 0.95
0.95 7.6 12.55 C7BFBE 0.95
0.95 8.55 -3.6 D3C7C2 0.95
0.95 8.55 -4.55 FFCD70 0.95
0.95 8.55 12.55 C7BFBD 0.95
0.95 9.5 -1.700001 F7F2ED 0.95
0.95 9.5 -2.65 F6F1ED 0.95
0.95 9.5 10.65 F7F2ED 0.95
0.95 9.5 9.700001 F6F1EC 0.95
0.95 9.5 11.6 F5F0EB 0.95
0.95 9.5 12.55 F6F1EC 0.95
0.95 10.45 -0.75 F7F3EE 0.95
0.95 10.45 0.2000008 F9F4EF 0.95
0.95 10.45 1.15 F8F3EE 0.95
0.95 10.45 2.1 F7F2ED 0.95
0.95 10.45 3.049999 F7F2ED 0.95
0.95 10.45 4 F8F3EE 0.95
0.95 10.45 4.950001 F8F3EE 0.95
0.95 10.45 5.9 FAF5F0 0.95
0.95 10.45 6.85 F8F3EE 0.95
0.95 10.45 7.799999 F7F2ED 0.95
0.95 10.45 8.75 F4EFEB 0.95
1.9 0 -7.4 B6ADAE 0.95
1.9 0 -6.45 A16448 0.95
1.9 0 14.45 AEA4A6 0.95
1.9 0.95 -2.65 46405C 0.95
1.9 0.95 -6.45 CEC0BB 0.95
1.9 0.95 -5.5 B8AAA9 0.95
1.9 0.95 -4.55 B4A7A7 0.95
1.9 0.95 -1.700001 9C9297 0.95
1.9 0.95 -0.75 A3999D 0.95
1.9 0.95 0.2000008 A1979B 0.95
1.9 0.95 1.15 A3999D 0.95
1.9 0.95 2.1 A69CA0 0.95
1.9 0.95 3.049999 A89EA1 0.95
1.9 0.95 4 A99EA1 0.95
1.9 0.95 4.950001 A79DA0 0.95
1.9 0.95 5.9 A89EA1 0.95
1.9 0.95 6.85 A89EA1 0.95
1.9 0.95 7.799999 A89EA1 0.95
1.9 0.95 8.75 A89EA1 0.95
1.9 0.95 9.700001 A3999D 0.95
1.9 0.95 10.65 A59B9E 0.95
1.9 0.95 11.6 A69B9E 0.95
1.9 0.95 12.55 C2BABA 0.95
1.9 0.95 13.5 D3CCCA 0.95
1.9 0.95 14.45 D7D0CD 0.95
1.9 1.9 -2.65 49425D 0.95
1.9 1.9 -6.45 D99659 0.95
1.9 1.9 12.55 C6BEBD 0.95
1.9 2.85 -2.65 48415C 0.95
1.9 2.85 -6.45 D89759 0.95
1.9 2.85 12.55 C4BBBA 0.95
1.9 3.8 -2.65 47405B 0.95
1.9 3.8 -6.45 DD9B5B 0.95
1.9 3.8 12.55 C5BDBC 0.95
1.9 4.75 -2.65 47405B 0.95
1.9 4.75 -6.45 DD9B5B 0.95
1.9 4.75 12.55 C5BCBC 0.95
1.9 5.7 -2.65 453E58 0.95
1.9 5.7 -6.45 E1A05C 0.95
1.9 5.7 12.55 C2BABA 0.95
1.9 6.65 -2.65 403952 0.95
1.9 6.65 -5.5 DF9D5B 0.95
1.9 6.65 12.55 C3BAB9 0.95
1.9 7.6 -2.65 4A425D 0.95
1.9 7.6 -4.55 EAA95F 0.95
1.9 7.6 12.55 C4BCBC 0.95
1.9 8.55 12.55 C6BEBD 0.95
1.9 9.5 -1.700001 F7F2ED 0.95
1.9 9.5 -2.65 F9F3EE 0.95
1.9 9.5 10.65 F5F0EB 0.95
1.9 9.5 9.700001 F6F1EC 0.95
1.9 9.5 11.6 F7F2ED 0.95
1.9 10.45 -0.75 F7F2ED 0.95
1.9 10.45 0.2000008 F8F3EE 0.95
1.9 10.45 1.15 F8F4EF 0.95
1.9 10.45 2.1 F8F3EE 0.95
1.9 10.45 3.049999 F7F2ED 0.95
1.9 10.45 4 F5F0EB 0.95
1.9 10.45 4.950001 F6F1EC 0.95
1.9 10.45 5.9 FAF5F0 0.95
1.9 10.45 6.85 F7F2EE 0.95
1.9 10.45 7.799999 F7F2ED 0.95
1.9 10.45 8.75 F4EFEA 0.95
2.85 0 -7.4 B4AAAC 0.95
2.85 0 14.45 B1A7A8 0.95
2.85 0.95 -4.55 C6BCBA 0.95
2.85 0.95 -6.45 D4CCCA 0.95
2.85 0.95 -5.5 CCC2C0 0.95
2.85 0.95 -3.6 988C92 0.95
2.85 0.95 -2.65 9D9296 0.95
2.85 0.95 -1.700001 9E9499 0.95
2.85 0.95 -0.75 9F959A 0.95
2.85 0.95 0.2000008 A2979C 0.95
2.85 0.95 1.15 A3989D 0.95
2.85 0.95 2.1 A79DA1 0.95
2.85 0.95 3.049999 A99FA2 0.95
2.85 0.95 4 A79DA0 0.95
2.85 0.95 4.950001 A89EA1 0.95
2.85 0.95 5.9 A99FA2 0.95
2.85 0.95 6.85 A89FA2 0.95
2.85 0.95 7.799999 A89EA1 0.95
2.85 0.95 8.75 A69C9F 0.95
2.85 0.95 9.700001 A49A9D 0.95
2.85 0.95 10.65 A3989C 0.95
2.85 0.95 11.6 A3999C 0.95
2.85 0.95 12.55 CBC4C3 0.95
2.85 0.95 13.5 D3CDCB 0.95
2.85 0.95 14.45 D9D2D0 0.95
2.85 1.9 -4.55 C5BAB8 0.95
2.85 1.9 12.55 C4BCBB 0.95
2.85 2.85 -4.55 C4BAB8 0.95
2.85 2.85 12.55 C6BDBC 0.95
2.85 3.8 -4.55 C4B9B7 0.95
2.85 3.8 12.55 C3BABA 0.95
2.85 4.75 -4.55 C6BBB9 0.95
2.85 4.75 12.55 C2B9B8 0.95
2.85 5.7 -4.55 C6BCBB 0.95
2.85 5.7 12.55 C6BDBC 0.95
2.85 6.65 -4.55 C8BFBD 0.95
2.85 6.65 12.55 C3BBBA 0.95
2.85 7.6 -4.55 CCC4C2 0.95
2.85 7.6 12.55 C6BEBD 0.95
2.85 8.55 -4.55 CCC4C2 0.95
2.85 8.55 12.55 C7BEBD 0.95
2.85 9.5 -1.700001 F7F3EE 0.95
2.85 9.5 -3.6 F8F3EE 0.95
2.85 9.5 -2.65 F8F3EE 0.95
2.85 9.5 9.700001 F7F2ED 0.95
2.85 9.5 10.65 F4EFEB 0.95
2.85 9.5 11.6 F4EFEB 0.95
2.85 10.45 -0.75 F6F2ED 0.95
2.85 10.45 0.2000008 F7F2ED 0.95
2.85 10.45 1.15 F6F1EC 0.95
2.85 10.45 2.1 F5F0EB 0.95
2.85 10.45 3.049999 F7F2EE 0.95
2.85 10.45 4 F7F2ED 0.95
2.85 10.45 4.950001 F8F4EF 0.95
2.85 10.45 5.9 F7F2ED 0.95
2.85 10.45 6.85 F9F4EF 0.95
2.85 10.45 7.799999 F4F0EB 0.95
2.85 10.45 8.75 F5F0EB 0.95
3.8 0 -7.4 B6ADAE 0.95
3.8 0 14.45 B1A7A8 0.95
3.8 0.95 -3.6 C7BDBC 0.95
3.8 0.95 -6.45 D7CFCC 0.95
3.8 0.95 -5.5 D0C8C5 0.95
3.8 0.95 -4.55 CDC4C2 0.95
3.8 0.95 -2.65 9C9196 0.95
3.8 0.95 -1.700001 9D9297 0.95
3.8 0.95 -0.75 A0969B 0.95
3.8 0.95 0.2000008 A2989C 0.95
3.8 0.95 1.15 A3999D 0.95
3.8 0.95 2.1 A59C9F 0.95
3.8 0.95 3.049999 A79DA0 0.95
3.8 0.95 4 A69B9E 0.95
3.8 0.95 4.950001 A59B9E 0.95
3.8 0.95 5.9 A69CA0 0.95
3.8 0.95 6.85 A59B9E 0.95
3.8 0.95 7.799999 A3999D 0.95
3.8 0.95 8.75 A49A9E 0.95
3.8 0.95 9.700001 A2989C 0.95
3.8 0.95 10.65 A3989C 0.95
3.8 0.95 11.6 9F9599 0.95
3.8 0.95 12.55 CCC5C4 0.95
3.8 0.95 13.5 D5CFCC 0.95
3.8 0.95 14.45 D7D1CE 0.95
3.8 1.9 -3.6 C7BFBD 0.95
3.8 1.9 11.6 C9C1C0 0.95
3.8 2.85 -3.6 C8BFBE 0.95
3.8 2.85 11.6 C6BDBC 0.95
3.8 3.8 -3.6 C8BFBE 0.95
3.8 3.8 11.6 C5BDBC 0.95
3.8 4.75 -3.6 C8BFBE 0.95
3.8 4.75 11.6 C3BAB9 0.95
3.8 5.7 -3.6 CAC1C0 0.95
3.8 5.7 11.6 C3BBBB 0.95
3.8 6.65 -3.6 C9C1BF 0.95
3.8 6.65 11.6 C1B9B9 0.95
3.8 7.6 -3.6 CAC2C1 0.95
3.8 7.6 11.6 C6BDBD 0.95
3.8 8.55 -3.6 CAC3C2 0.95
3.8 8.55 11.6 C4BCBB 0.95
3.8 9.5 -0.75 F7F2ED 0.95
3.8 9.5 -3.6 F7F2ED 0.95
3.8 9.5 -2.65 F8F3EE 0.95
3.8 9.5 -1.700001 F5F0EB 0.95
3.8 9.5 9.700001 F4EFEA 0.95
3.8 9.5 8.75 F4EFEA 0.95
3.8 9.5 10.65 F5F0EB 0.95
3.8 9.5 11.6 F4EEEA 0.95
3.8 10.45 0.2000008 F5F1EC 0.95
3.8 10.45 1.15 F7F2ED 0.95
3.8 10.45 2.1 F5F0EC 0.95
3.8 10.45 3.049999 F8F3EE 0.95
3.8 10.45 4 F6F1ED 0.95
3.8 10.45 4.950001 F7F2ED 0.95
3.8 10.45 5.9 F7F2ED 0.95
3.8 10.45 6.85 F5F0EB 0.95
3.8 10.45 7.799999 F4EFEA 0.95
4.75 0 -7.4 B4ABAC 0.95
4.75 0 14.45 B1A7A8 0.95
4.75 0.95 -3.6 C9C2C2 0.95
4.75 0.95 -6.45 D7D0CD 0.95
4.75 0.95 -5.5 D3CCC9 0.95
4.75 0.95 -4.55 D1CAC7 0.95
4.75 0.95 -2.65 A49A9E 0.95
4.75 0.95 -1.700001 9F9499 0.95
4.75 0.95 -0.75 A1979B 0.95
4.75 0.95 0.2000008 A0969A 0.95
4.75 0.95 1.15 A49A9E 0.95
4.75 0.95 2.1 A69C9F 0.95
4.75 0.95 3.049999 A69C9F 0.95
4.75 0.95 4 A59B9E 0.95
4.75 0.95 4.950001 A69CA0 0.95
4.75 0.95 5.9 A3999D 0.95
4.75 0.95 6.85 A69C9F 0.95
4.75 0.95 7.799999 A49A9E 0.95
4.75 0.95 8.75 A2989C 0.95
4.75 0.95 9.700001 A1979B 0.95
4.75 0.95 10.65 9F9599 0.95
4.75 0.95 11.6 B8AFB0 0.95
4.75 0.95 12.55 D0C9C7 0.95
4.75 0.95 13.5 D5CFCD 0.95
4.75 0.95 14.45 D8D2D0 0.95
4.75 1.9 -3.6 C9C1C1 0.95
4.75 1.9 11.6 C3BBBB 0.95
4.75 2.85 -3.6 C5BEBE 0.95
4.75 2.85 11.6 C4BBBB 0.95
4.75 3.8 -3.6 C6BFBF 0.95
4.75 3.8 11.6 C1B8B8 0.95
4.75 4.75 -3.6 C5BDBD 0.95
4.75 4.75 11.6 BCB3B4 0.95
4.75 5.7 -3.6 C5BDBD 0.95
4.75 5.7 11.6 C0B8B8 0.95
4.75 6.65 -3.6 C4BDBD 0.95
4.75 6.65 11.6 BDB5B5 0.95
4.75 7.6 -3.6 C7BFBF 0.95
4.75 7.6 11.6 C2BABA 0.95
4.75 8.55 -3.6 C6BEBE 0.95
4.75 8.55 11.6 C2BAB9 0.95
4.75 9.5 0.2000008 F6F1ED 0.95
4.75 9.5 -2.65 F6F1ED 0.95
4.75 9.5 -1.700001 F6F1EC 0.95
4.75 9.5 -0.75 F5F0EB 0.95
4.75 9.5 8.75 F4EFEB 0.95
4.75 9.5 7.799999 F6F1EC 0.95
4.75 9.5 9.700001 F4EFEA 0.95
4.75 9.5 10.65 F6F1EC 0.95
4.75 10.45 1.15 F6F1EC 0.95
4.75 10.45 2.1 F4EFEA 0.95
4.75 10.45 3.049999 F4EFEB 0.95
4.75 10.45 4 F5F1EC 0.95
4.75 10.45 4.950001 F4F0EB 0.95
4.75 10.45 5.9 F3EEE9 0.95
4.75 10.45 6.85 F5F0EB 0.95
5.7 0 -7.4 B6ADAE 0.95
5.7 0 14.45 B0A5A6 0.95
5.7 0.95 -2.65 C7C0C0 0.95
5.7 0.95 -6.45 D9D3D0 0.95
5.7 0.95 -5.5 D8D1CE 0.95
5.7 0.95 -4.55 D4CCCA 0.95
5.7 0.95 -3.6 CFC8C6 0.95
5.7 0.95 -1.700001 9F9499 0.95
5.7 0.95 -0.75 9F9599 0.95
5.7 0.95 0.2000008 9E9499 0.95
5.7 0.95 1.15 A1979C 0.95
5.7 0.95 2.1 A1979B 0.95
5.7 0.95 3.049999 A1979C 0.95
5.7 0.95 4 A1979B 0.95
5.7 0.95 4.950001 A1979C 0.95
5.7 0.95 5.9 A2989C 0.95
5.7 0.95 6.85 A2989C 0.95
5.7 0.95 7.799999 A2989C 0.95
5.7 0.95 8.75 A1969A 0.95
5.7 0.95 9.700001 9F9599 0.95
5.7 0.95 10.65 BBB3B4 0.95
5.7 0.95 11.6 D0C9C7 0.95
5.7 0.95 12.55 D2CCCA 0.95
5.7 0.95 13.5 D9D2D0 0.95
5.7 0.95 14.45 DCD5D3 0.95
5.7 1.9 -2.65 C8C0BF 0.95
5.7 1.9 10.65 C9C1C0 0.95
5.7 2.85 -2.65 C7BFBF 0.95
5.7 2.85 10.65 C3BBBB 0.95
5.7 3.8 -2.65 C3BCBC 0.95
5.7 3.8 10.65 C4BCBC 0.95
5.7 4.75 -2.65 C3BCBC 0.95
5.7 4.75 10.65 C0B8B8 0.95
5.7 5.7 -2.65 C2BBBB 0.95
5.7 5.7 10.65 C1B8B8 0.95
5.7 6.65 -2.65 C5BDBD 0.95
5.7 6.65 10.65 C3BABA 0.95
5.7 7.6 -2.65 C6BFBF 0.95
5.7 7.6 10.65 C2BABA 0.95
5.7 8.55 -2.65 C4BDBD 0.95
5.7 8.55 10.65 C3BBBA 0.95
5.7 9.5 2.1 F3EEEA 0.95
5.7 9.5 -1.700001 F8F3EF 0.95
5.7 9.5 -0.75 F7F2ED 0.95
5.7 9.5 0.2000008 F5F0EC 0.95
5.7 9.5 1.15 F6F1ED 0.95
5.7 9.5 6.85 F5F0EB 0.95
5.7 9.5 5.9 F4EFEB 0.95
5.7 9.5 7.799999 F3EEEA 0.95
5.7 9.5 8.75 F3EEEA 0.95
5.7 9.5 9.700001 F6F1ED 0.95
5.7 9.5 3.049999 F3EEEA 0.95
5.7 10.45 4 F6F1EC 0.95
5.7 9.5 4.950001 F4F0EB 0.95
6.65 0 -7.4 B5ABAD 0.95
6.65 0 14.45 ACA2A4 0.95
6.65 0.95 -1.700001 C5BEBE 0.95
6.65 0.95 -6.45 DDD7D4 0.95
6.65 0.95 -5.5 D8D2CF 0.95
6.65 0.95 -4.55 D6CFCD 0.95
6.65 0.95 -3.6 D2CBC9 0.95
6.65 0.95 -2.65 CDC6C5 0.95
6.65 0.95 -0.75 9F9599 0.95
6.65 0.95 0.2000008 A0969B 0.95
6.65 0.95 1.15 A0969A 0.95
6.65 0.95 2.1 9F9599 0.95
6.65 0.95 3.049999 A0969B 0.95
6.65 0.95 4 A2989C 0.95
6.65 0.95 4.950001 A1979C 0.95
6.65 0.95 5.9 A0969A 0.95
6.65 0.95 6.85 9F959A 0.95
6.65 0.95 7.799999 9C9196 0.95
6.65 0.95 8.75 A0969B 0.95
6.65 0.95 9.700001 B5ACAD 0.95
6.65 0.95 10.65 CCC5C4 0.95
6.65 0.95 11.6 D3CCCA 0.95
6.65 0.95 12.55 D6CFCD 0.95
6.65 0.95 13.5 D9D3D1 0.95
6.65 0.95 14.45 DBD5D2 0.95
6.65 1.9 -1.700001 C7C0C0 0.95
6.65 1.9 9.700001 C7BFBE 0.95
6.65 2.85 -1.700001 C3BBBC 0.95
6.65 2.85 9.700001 C3BBBB 0.95
6.65 3.8 -1.700001 C2BBBB 0.95
6.65 3.8 9.700001 C0B8B8 0.95
6.65 4.75 -1.700001 C2BABB 0.95
6.65 4.75 9.700001 C2BAB9 0.95
6.65 5.7 -1.700001 C2BBBB 0.95
6.65 5.7 9.700001 C1B9B9 0.95
6.65 6.65 -1.700001 C3BCBC 0.95
6.65 6.65 9.700001 BCB4B4 0.95
6.65 7.6 -1.700001 C5BDBD 0.95
6.65 7.6 9.700001 BEB6B6 0.95
6.65 8.55 -1.700001 C2BBBC 0.95
6.65 8.55 9.700001 C1B9B9 0.95
6.65 9.5 -0.75 F6F1EC 0.95
6.65 9.5 0.2000008 F6F1ED 0.95
6.65 9.5 1.15 F5F0EC 0.95
6.65 9.5 2.1 F5F0EC 0.95
6.65 9.5 3.049999 F5F0EC 0.95
6.65 9.5 4 F5F0EB 0.95
6.65 9.5 4.950001 F4EFEB 0.95
6.65 9.5 5.9 F3EEEA 0.95
6.65 9.5 6.85 F4EFEB 0.95
6.65 9.5 7.799999 F4EFEA 0.95
6.65 9.5 8.75 F5F0EB 0.95
7.6 0 -7.4 B5ACAD 0.95
7.6 0 14.45 ADA3A5 0.95
7.6 0.95 -0.75 C6BEBE 0.95
7.6 0.95 -6.45 DDD7D4 0.95
7.6 0.95 -5.5 D8D2CF 0.95
7.6 0.95 -4.55 D7D1CE 0.95
7.6 0.95 -3.6 D3CCCA 0.95
7.6 0.95 -2.65 D5CECC 0.95
7.6 0.95 -1.700001 D1CAC9 0.95
7.6 0.95 0.2000008 9D9398 0.95
7.6 0.95 1.15 A0959A 0.95
7.6 0.95 2.1 A3999D 0.95
7.6 0.95 3.049999 9D9398 0.95
7.6 0.95 4 9D9398 0.95
7.6 0.95 4.950001 9F959A 0.95
7.6 0.95 5.9 9D9397 0.95
7.6 0.95 6.85 A3999D 0.95
7.6 0.95 7.799999 9F959A 0.95
7.6 0.95 8.75 B4ABAC 0.95
7.6 0.95 9.700001 CFC8C7 0.95
7.6 0.95 10.65 D5CECC 0.95
7.6 0.95 11.6 D5CECC 0.95
7.6 0.95 12.55 DAD3D0 0.95
7.6 0.95 13.5 DBD4D2 0.95
7.6 0.95 14.45 DFD9D6 0.95
7.6 1.9 -0.75 C5BDBD 0.95
7.6 1.9 8.75 C3BBBA 0.95
7.6 2.85 -0.75 C6BEBE 0.95
7.6 2.85 8.75 C3BABA 0.95
7.6 3.8 -0.75 C4BCBC 0.95
7.6 3.8 8.75 C1B9B9 0.95
7.6 4.75 -0.75 C1BABA 0.95
7.6 4.75 8.75 BDB4B5 0.95
7.6 5.7 -0.75 C3BCBC 0.95
7.6 5.7 8.75 BFB7B8 0.95
7.6 6.65 -0.75 C4BCBC 0.95
7.6 6.65 8.75 BEB6B7 0.95
7.6 7.6 -0.75 C5BDBD 0.95
7.6 7.6 8.75 C0B7B7 0.95
7.6 8.55 -0.75 C4BDBD 0.95
7.6 8.55 8.75 BFB6B7 0.95
7.6 9.5 0.2000008 F4EFEB 0.95
7.6 9.5 1.15 F3EEEA 0.95
7.6 9.5 2.1 F4EFEA 0.95
7.6 9.5 3.049999 F3EEEA 0.95
7.6 9.5 4 F4EFEB 0.95
7.6 9.5 4.950001 F2EDE9 0.95
7.6 9.5 5.9 F4EFEA 0.95
7.6 9.5 6.85 F5F1EC 0.95
7.6 9.5 7.799999 F2EDE9 0.95
8.55 0 -7.4 B6ADAF 0.95
8.55 0 14.45 B0A6A8 0.95
8.55 0.95 2.1 BDB5B6 0.95
8.55 0.95 -6.45 E0DAD7 0.95
8.55 0.95 -5.5 DCD6D3 0.95
8.55 0.95 -4.55 DBD4D2 0.95
8.55 0.95 -3.6 D8D1CF 0.95
8.55 0.95 -2.65 D6D0CD 0.95
8.55 0.95 -1.700001 D2CBC9 0.95
8.55 0.95 -0.75 D0C9C7 0.95
8.55 0.95 0.2000008 CCC5C4 0.95
8.55 0.95 1.15 C5BDBD 0.95
8.55 0.95 3.049999 9D9398 0.95
8.55 0.95 4 9C9297 0.95
8.55 0.95 4.950001 9C9297 0.95
8.55 0.95 5.9 C0B9B9 0.95
8.55 0.95 6.85 C7C0C0 0.95
8.55 0.95 7.799999 CEC7C6 0.95
8.55 0.95 8.75 D0C9C8 0.95
8.55 0.95 9.700001 D1CAC8 0.95
8.55 0.95 10.65 D6CFCD 0.95
8.55 0.95 11.6 D8D1CF 0.95
8.55 0.95 12.55 D9D3D0 0.95
8.55 0.95 13.5 DDD7D4 0.95
8.55 0.95 14.45 DFD9D6 0.95
8.55 1.9 2.1 BDB5B6 0.95
7.6 1.9 0.2000008 C0B8B8 0.95
8.55 1.9 1.15 B9B1B3 0.95
8.55 1.9 5.9 BBB3B4 0.95
8.55 1.9 6.85 BCB4B5 0.95
7.6 1.9 7.799999 BDB5B5 0.95
8.55 2.85 2.1 B9B1B3 0.95
7.6 2.85 0.2000008 BCB4B5 0.95
8.55 2.85 1.15 BBB3B4 0.95
8.55 2.85 5.9 BAB2B3 0.95
8.55 2.85 6.85 B8AFB0 0.95
7.6 2.85 7.799999 BAB2B3 0.95
8.55 3.8 2.1 BAB2B3 0.95
7.6 3.8 0.2000008 BCB4B5 0.95
8.55 3.8 1.15 BCB3B4 0.95
8.55 3.8 5.9 B9B1B2 0.95
8.55 3.8 6.85 BAB1B2 0.95
7.6 3.8 7.799999 BCB4B5 0.95
8.55 4.75 2.1 B9B1B2 0.95
7.6 4.75 0.2000008 BCB4B5 0.95
8.55 4.75 1.15 BAB2B4 0.95
8.55 4.75 5.9 B8B0B1 0.95
8.55 4.75 6.85 BAB2B4 0.95
7.6 4.75 7.799999 B5ADAF 0.95
8.55 5.7 2.1 BCB5B6 0.95
7.6 5.7 0.2000008 BBB3B4 0.95
8.55 5.7 1.15 BAB2B3 0.95
8.55 5.7 5.9 B7AFB0 0.95
8.55 5.7 6.85 B9B1B3 0.95
7.6 5.7 7.799999 BAB2B3 0.95
8.55 6.65 2.1 BBB3B5 0.95
7.6 6.65 0.2000008 BBB3B4 0.95
8.55 6.65 1.15 B8B0B1 0.95
8.55 6.65 5.9 B9B1B3 0.95
8.55 6.65 6.85 BDB5B6 0.95
7.6 6.65 7.799999 BBB3B3 0.95
8.55 7.6 2.1 BCB4B5 0.95
7.6 7.6 0.2000008 BDB5B6 0.95
8.55 7.6 1.15 BBB3B4 0.95
8.55 7.6 5.9 BBB4B5 0.95
8.55 7.6 6.85 BAB2B3 0.95
7.6 7.6 7.799999 BAB2B3 0.95
8.55 8.55 2.1 BDB5B7 0.95
7.6 8.55 0.2000008 C0B9BA 0.95
8.55 8.55 1.15 BEB6B7 0.95
8.55 8.55 5.9 BAB2B4 0.95
8.55 8.55 6.85 BDB5B6 0.95
7.6 8.55 7.799999 BDB4B5 0.95
8.55 9.5 3.049999 F5F0EB 0.95
8.55 9.5 4 F3EEEA 0.95
8.55 9.5 4.950001 F4EFEB 0.95
9.5 0 -7.4 B4ABAC 0.95
9.5 0 14.45 B0A6A8 0.95
9.5 0.95 -6.45 DFD8D6 0.95
9.5 0.95 -5.5 DFD9D6 0.95
9.5 0.95 -4.55 DDD7D4 0.95
9.5 0.95 -3.6 D8D2CF 0.95
9.5 0.95 -2.65 D7D1CF 0.95
9.5 0.95 -1.700001 D3CCCA 0.95
9.5 0.95 -0.75 D6CFCD 0.95
9.5 0.95 0.2000008 CFC8C7 0.95
9.5 0.95 1.15 D0CAC8 0.95
9.5 0.95 2.1 CFC8C7 0.95
9.5 0.95 3.049999 CBC4C3 0.95
9.5 0.95 4 CCC5C4 0.95
9.5 0.95 4.950001 CBC4C3 0.95
9.5 0.95 5.9 CFC8C7 0.95
9.5 0.95 6.85 D2CBC9 0.95
9.5 0.95 7.799999 D0CAC8 0.95
9.5 0.95 8.75 D5CECC 0.95
9.5 0.95 9.700001 D5CECC 0.95
9.5 0.95 10.65 D9D3D0 0.95
9.5 0.95 11.6 D9D2D0 0.95
9.5 0.95 12.55 DDD6D4 0.95
9.5 0.95 13.5 DFD9D6 0.95
9.5 0.95 14.45 DED8D5 0.95
8.55 1.9 3.049999 B9B2B3 0.95
8.55 1.9 4 B9B1B2 0.95
8.55 1.9 4.950001 BCB4B4 0.95
8.55 2.85 3.049999 B9B1B3 0.95
8.55 2.85 4 B6AEB0 0.95
8.55 2.85 4.950001 B8B0B2 0.95
8.55 3.8 3.049999 BAB2B3 0.95
8.55 3.8 4 B9B1B2 0.95
8.55 3.8 4.950001 B7AEB0 0.95
8.55 4.75 3.049999 BBB3B4 0.95
8.55 4.75 4 B9B1B2 0.95
8.55 4.75 4.950001 B7AEB0 0.95
8.55 5.7 3.049999 B8B0B2 0.95
8.55 5.7 4 B7AEB0 0.95
8.55 5.7 4.950001 B5ADAF 0.95
8.55 6.65 3.049999 BBB3B5 0.95
8.55 6.65 4 B9B1B3 0.95
8.55 6.65 4.950001 BAB2B3 0.95
8.55 7.6 3.049999 BBB3B5 0.95
8.55 7.6 4 BBB3B4 0.95
8.55 7.6 4.950001 BBB3B5 0.95
8.55 8.55 3.049999 BBB3B4 0.95
8.55 8.55 4 B8B0B2 0.95
8.55 8.55 4.950001 BCB4B5 0.95
10.45 0 -7.4 B5ADAE 0.95
10.45 0 14.45 B1A7A8 0.95
10.45 0.95 -6.45 E2DDDA 0.95
10.45 0.95 -5.5 DFD9D6 0.95
10.45 0.95 -4.55 DED8D5 0.95
10.45 0.95 -3.6 DAD4D2 0.95
10.45 0.95 -2.65 DAD4D2 0.95
10.45 0.95 -1.700001 DAD4D2 0.95
10.45 0.95 -0.75 D8D2D0 0.95
10.45 0.95 0.2000008 D6D0CE 0.95
10.45 0.95 1.15 D5CFCD 0.95
10.45 0.95 2.1 D4CECC 0.95
10.45 0.95 3.049999 D1CAC8 0.95
10.45 0.95 4 D3CCCA 0.95
10.45 0.95 4.950001 D4CECC 0.95
10.45 0.95 5.9 D3CDCB 0.95
10.45 0.95 6.85 D4CECC 0.95
10.45 0.95 7.799999 D6CFCD 0.95
10.45 0.95 8.75 D7D0CE 0.95
10.45 0.95 9.700001 D9D3D0 0.95
10.45 0.95 10.65 DBD5D2 0.95
10.45 0.95 11.6 DBD4D2 0.95
10.45 0.95 12.55 DCD6D4 0.95
10.45 0.95 13.5 DED8D5 0.95
10.45 0.95 14.45 E2DCD9 0.95
10.45 0 -6.45 A2999E 0.95
10.45 0 -5.5 A59CA0 0.95
10.45 0 -4.55 A0979C 0.95
10.45 0 -3.6 A1979C 0.95
10.45 0 -2.65 9F959B 0.95
10.45 0 -1.700001 9E959A 0.95
10.45 0 -0.75 A0979C 0.95
10.45 0 0.2000008 9E949A 0.95
10.45 0 1.15 9F959B 0.95
10.45 0 2.1 A0969B 0.95
10.45 0 3.049999 9F959A 0.95
10.45 0 4 A1979C 0.95
10.45 0 4.950001 9E959A 0.95
10.45 0 5.9 9F969B 0.95
10.45 0 6.85 A2999D 0.95
10.45 0 7.799999 A1989D 0.95
10.45 0 8.75 A0969B 0.95
10.45 0 9.700001 A59CA0 0.95
10.45 0 10.65 A79EA2 0.95
10.45 0 11.6 A69DA1 0.95
10.45 0 12.55 A59B9F 0.95
10.45 0 13.5 A9A0A3 0.95
