-9.45 5.87 0 6A8197 0.945
-9.45 6.815 -0.9449997 F4A9C7 0.945
-9.45 6.815 0 6A8197 0.945
-9.45 7.759999 -0.9449997 E380A8 0.945
-9.45 7.759999 0 6A8197 0.945
-9.45 8.704999 -0.9449997 E38FB1 0.945
-9.45 8.704999 0 6A8197 0.945
-9.45 9.65 -0.9449997 F4A9C7 0.945
-9.45 9.65 0 6A8197 0.945
-9.45 10.595 -0.9449997 F4A9C7 0.945
-9.45 10.595 0 6A8197 0.945
-9.45 11.54 -0.9449997 F4C3D8 0.945
-9.45 11.54 0 6A8197 0.945
-9.45 12.485 -0.9449997 F4A9C7 0.945
-9.45 12.485 0 6A8197 0.945
-9.45 13.43 -0.9449997 F4A9C7 0.945
-9.45 13.43 0 6A8197 0.945
-9.45 14.375 -0.9449997 F4A9C7 0.945
-9.45 14.375 0 6A8197 0.945
-9.45 15.32 -0.9449997 F4A9C7 0.945
-9.45 15.32 0 6A8197 0.945
-9.45 16.265 -0.9449997 DBCEC2 0.945
-9.45 16.265 0 6A8197 0.945
-8.504999 5.87 -0.9449997 DBCEC2 0.945
-8.504999 5.87 0 6A8197 0.945
-8.504999 6.815 -0.9449997 F4A9C7 0.945
-8.504999 6.815 0 6A8197 0.945
-8.504999 7.759999 -0.9449997 FFFFFF 0.945
-8.504999 7.759999 0 6A8197 0.945
-8.504999 8.704999 -0.9449997 FFFFFF 0.945
-8.504999 8.704999 0 6A8197 0.945
-8.504999 9.65 -0.9449997 F4C4D9 0.945
-8.504999 9.65 0 6A8197 0.945
-8.504999 10.595 -0.9449997 F4A9C7 0.945
-8.504999 10.595 0 6A8197 0.945
-8.504999 11.54 -0.9449997 F4C1D6 0.945
-8.504999 11.54 0 6A8197 0.945
-8.504999 12.485 -0.9449997 9B6840 0.945
-8.504999 12.485 0 6A8197 0.945
-8.504999 13.43 -0.9449997 BB7F98 0.945
-8.504999 13.43 0 6A8197 0.945
-8.504999 14.375 -0.9449997 BC7F98 0.945
-8.504999 14.375 0 6A8197 0.945
-8.504999 15.32 -0.9449997 F4A9C7 0.945
-8.504999 15.32 0 6A8197 0.945
-8.504999 16.265 -0.9449997 F4B2CD 0.945
-8.504999 16.265 0 6A8197 0.945
-7.559999 0.2 0 6A8197 0.945
-7.559999 0.2 0.9449997 6A8197 0.945
-7.559999 1.145 0 6A8197 0.945
-7.559999 1.145 0.9449997 6A8197 0.945
-7.559999 2.09 0 6A8197 0.945
-7.559999 2.09 0.9449997 6A8197 0.945
-7.559999 3.035 0 6A8197 0.945
-7.559999 3.035 0.9449997 6A8197 0.945
-7.559999 3.98 0 6A8197 0.945
-7.559999 3.98 0.9449997 6A8197 0.945
-7.559999 4.925 0 6A8197 0.945
-7.559999 4.925 0.9449997 6A8197 0.945
-7.559999 5.87 -0.9449997 DBCEC2 0.945
-7.559999 5.87 0 6A8197 0.945
-7.559999 5.87 0.9449997 6A8197 0.945
-7.559999 6.815 -0.9449997 F4C3D8 0.945
-7.559999 6.815 0 6A8197 0.945
-7.559999 6.815 0.9449997 6A8197 0.945
-7.559999 7.759999 -0.9449997 D67098 0.945
-7.559999 7.759999 0 6A8197 0.945
-7.559999 7.759999 0.9449997 6A8197 0.945
-7.559999 8.704999 -0.9449997 FEFDFE 0.945
-7.559999 8.704999 0 6A8197 0.945
-7.559999 8.704999 0.9449997 6A8197 0.945
-7.559999 9.65 -0.9449997 9E6A43 0.945
-7.559999 9.65 0 6A8197 0.945
-7.559999 9.65 0.9449997 6A8197 0.945
-7.559999 10.595 -0.9449997 A16C4A 0.945
-7.559999 10.595 0 6A8197 0.945
-7.559999 10.595 0.9449997 6A8197 0.945
-7.559999 11.54 -0.9449997 A16B49 0.945
-7.559999 11.54 0 6A8197 0.945
-7.559999 11.54 0.9449997 6A8197 0.945
-7.559999 12.485 -0.9449997 CC8D5F 0.945
-7.559999 12.485 0 6A8197 0.945
-7.559999 12.485 0.9449997 6A8197 0.945
-7.559999 13.43 -0.9449997 F38FB3 0.945
-7.559999 13.43 0 6A8197 0.945
-7.559999 13.43 0.9449997 6A8197 0.945
-7.559999 14.375 -0.9449997 F8D8E9 0.945
-7.559999 14.375 0 6A8197 0.945
-7.559999 14.375 0.9449997 6A8197 0.945
-7.559999 15.32 -0.9449997 F4A9C7 0.945
-7.559999 15.32 0 6A8197 0.945
-7.559999 16.265 -0.9449997 F4A9C7 0.945
-7.559999 16.265 0 6A8197 0.945
-6.615 5.87 -0.9449997 DBCEC2 0.945
-6.615 5.87 0 6A8197 0.945
-6.615 6.815 -0.9449997 F4A9C7 0.945
-6.615 6.815 0 6A8197 0.945
-6.615 7.759999 -0.9449997 E6A7C1 0.945
-6.615 7.759999 0 6A8197 0.945
-6.615 8.704999 -0.9449997 E6A7C1 0.945
-6.615 8.704999 0 6A8197 0.945
-6.615 9.65 -0.9449997 A36E4B 0.945
-6.615 9.65 0 6A8197 0.945
-6.615 10.595 -0.9449997 CF8F61 0.945
-6.615 10.595 0 6A8197 0.945
-6.615 11.54 -0.9449997 CF8F61 0.945
-6.615 11.54 0 6A8197 0.945
-6.615 12.485 -0.9449997 CF8F61 0.945
-6.615 12.485 0 6A8197 0.945
-6.615 13.43 -0.9449997 F38FB3 0.945
-6.615 13.43 0 6A8197 0.945
-6.615 14.375 -0.9449997 F38FB3 0.945
-6.615 14.375 0 6A8197 0.945
-6.615 15.32 -0.9449997 F497B9 0.945
-6.615 15.32 0 6A8197 0.945
-6.615 16.265 -0.9449997 F4A9C7 0.945
-6.615 16.265 0 6A8197 0.945
-5.67 5.87 -0.9449997 DBCEC2 0.945
-5.67 5.87 0 6A8197 0.945
-5.67 6.815 -0.9449997 F4A9C7 0.945
-5.67 6.815 0 6A8197 0.945
-5.67 7.759999 -0.9449997 FFFFFF 0.945
-5.67 7.759999 0 6A8197 0.945
-5.67 8.704999 -0.9449997 FFFFFF 0.945
-5.67 8.704999 0 6A8197 0.945
-5.67 9.65 -0.9449997 F4A9C7 0.945
-5.67 9.65 0 6A8197 0.945
-5.67 10.595 -0.9449997 CF8F61 0.945
-5.67 10.595 0 6A8197 0.945
-5.67 11.54 -0.9449997 D09165 0.945
-5.67 11.54 0 6A8197 0.945
-5.67 12.485 -0.9449997 F4C3D8 0.945
-5.67 12.485 0 6A8197 0.945
-5.67 13.43 -0.9449997 F5C4D9 0.945
-5.67 13.43 0 6A8197 0.945
-5.67 14.375 -0.9449997 F8D4E5 0.945
-5.67 14.375 0 6A8197 0.945
-5.67 15.32 -0.9449997 F38FB3 0.945
-5.67 15.32 0 6A8197 0.945
-5.67 16.265 -0.9449997 F4A9C7 0.945
-5.67 16.265 0 6A8197 0.945
-4.725 5.87 -0.9449997 DBCEC2 0.945
-4.725 5.87 0 6A8197 0.945
-4.725 6.815 -0.9449997 F4C4D9 0.945
-4.725 6.815 0 6A8197 0.945
-4.725 7.759999 -0.9449997 FFFEFF 0.945
-4.725 7.759999 0 6A8197 0.945
-4.725 8.704999 -0.9449997 FFFEFF 0.945
-4.725 8.704999 0 6A8197 0.945
-4.725 9.65 -0.9449997 F4A9C7 0.945
-4.725 9.65 0 6A8197 0.945
-4.725 10.595 -0.9449997 D09061 0.945
-4.725 10.595 0 6A8197 0.945
-4.725 11.54 -0.9449997 CF8F61 0.945
-4.725 11.54 0 6A8197 0.945
-4.725 12.485 -0.9449997 F4C3D8 0.945
-4.725 12.485 0 6A8197 0.945
-4.725 13.43 -0.9449997 FAC8DE 0.945
-4.725 13.43 0 6A8197 0.945
-4.725 14.375 -0.9449997 F38FB3 0.945
-4.725 14.375 0 6A8197 0.945
-4.725 15.32 -0.9449997 F8D6E7 0.945
-4.725 15.32 0 6A8197 0.945
-4.725 16.265 -0.9449997 F4A9C7 0.945
-4.725 16.265 0 6A8197 0.945
-3.78 5.87 -0.9449997 DBCEC2 0.945
-3.78 5.87 0 6A8197 0.945
-3.78 6.815 -0.9449997 F4A9C7 0.945
-3.78 6.815 0 6A8197 0.945
-3.78 7.759999 -0.9449997 F4AAC8 0.945
-3.78 7.759999 0 6A8197 0.945
-3.78 8.704999 -0.9449997 CF5585 0.945
-3.78 8.704999 0 6A8197 0.945
-3.78 9.65 -0.9449997 F4A9C7 0.945
-3.78 9.65 0 6A8197 0.945
-3.78 10.595 -0.9449997 A16C49 0.945
-3.78 10.595 0 6A8197 0.945
-3.78 11.54 -0.9449997 CF8F61 0.945
-3.78 11.54 0 6A8197 0.945
-3.78 12.485 -0.9449997 D49363 0.945
-3.78 12.485 0 6A8197 0.945
-3.78 13.43 -0.9449997 CF8F61 0.945
-3.78 13.43 0 6A8197 0.945
-3.78 14.375 -0.9449997 F38FB2 0.945
-3.78 14.375 0 6A8197 0.945
-3.78 15.32 -0.9449997 F38FB3 0.945
-3.78 15.32 0 6A8197 0.945
-3.78 16.265 -0.9449997 F4A9C7 0.945
-3.78 16.265 0 6A8197 0.945
-2.835 5.87 -0.9449997 DBCEC2 0.945
-2.835 5.87 0 6A8197 0.945
-2.835 6.815 -0.9449997 F4A9C7 0.945
-2.835 6.815 0 6A8197 0.945
-2.835 7.759999 -0.9449997 D55F8F 0.945
-2.835 7.759999 0 6A8197 0.945
-2.835 8.704999 -0.9449997 FEFEFD 0.945
-2.835 8.704999 0 6A8197 0.945
-2.835 9.65 -0.9449997 F4C3D8 0.945
-2.835 9.65 0 6A8197 0.945
-2.835 10.595 -0.9449997 F3A8C5 0.945
-2.835 10.595 0 6A8197 0.945
-2.835 11.54 -0.9449997 CF8F61 0.945
-2.835 11.54 0 6A8197 0.945
-2.835 12.485 -0.9449997 CF8F61 0.945
-2.835 12.485 0 6A8197 0.945
-2.835 13.43 -0.9449997 CF8F61 0.945
-2.835 13.43 0 6A8197 0.945
-2.835 14.375 -0.9449997 F4C6DA 0.945
-2.835 14.375 0 6A8197 0.945
-2.835 15.32 -0.9449997 F4A9C7 0.945
-2.835 15.32 0 6A8197 0.945
-2.835 16.265 -0.9449997 F4C3D8 0.945
-2.835 16.265 0 6A8197 0.945
-1.89 5.87 -0.9449997 DBCEC2 0.945
-1.89 5.87 0 6A8197 0.945
-1.89 6.815 -0.9449997 F4A9C7 0.945
-1.89 6.815 0 6A8197 0.945
-1.89 7.759999 -0.9449997 DD89AA 0.945
-1.89 7.759999 0 6A8197 0.945
-1.89 8.704999 -0.9449997 FFFFFF 0.945
-1.89 8.704999 0 6A8197 0.945
-1.89 9.65 -0.9449997 F4A9C7 0.945
-1.89 9.65 0 6A8197 0.945
-1.89 10.595 -0.9449997 F4C3D8 0.945
-1.89 10.595 0 6A8197 0.945
-1.89 11.54 -0.9449997 F4A9C7 0.945
-1.89 11.54 0 6A8197 0.945
-1.89 12.485 -0.9449997 F4A9C7 0.945
-1.89 12.485 0 6A8197 0.945
-1.89 13.43 -0.9449997 F4C4D9 0.945
-1.89 13.43 0 6A8197 0.945
-1.89 14.375 -0.9449997 F4A9C7 0.945
-1.89 14.375 0 6A8197 0.945
-1.89 15.32 -0.9449997 F2ACC7 0.945
-1.89 15.32 0 6A8197 0.945
-1.89 16.265 -0.9449997 DBCEC2 0.945
-1.89 16.265 0 6A8197 0.945
-0.9449999 5.87 -0.9449997 DBCEC2 0.945
-0.9449999 5.87 0 6A8197 0.945
-0.9449999 6.815 -0.9449997 ABA1CC 0.945
-0.9449999 6.815 0 6A8197 0.945
-0.9449999 7.759999 -0.9449997 F4A9C7 0.945
-0.9449999 7.759999 0 6A8197 0.945
-0.9449999 8.704999 -0.9449997 F4A9C7 0.945
-0.9449999 8.704999 0 6A8197 0.945
-0.9449999 9.65 -0.9449997 F4A8C6 0.945
-0.9449999 9.65 0 6A8197 0.945
-0.9449999 10.595 -0.9449997 F4A9C7 0.945
-0.9449999 10.595 0 6A8197 0.945
-0.9449999 11.54 -0.9449997 F4A9C7 0.945
-0.9449999 11.54 0 6A8197 0.945
-0.9449999 12.485 -0.9449997 F4A9C7 0.945
-0.9449999 12.485 0 6A8197 0.945
-0.9449999 13.43 -0.9449997 F4A8C6 0.945
-0.9449999 13.43 0 6A8197 0.945
-0.9449999 14.375 -0.9449997 F4A9C7 0.945
-0.9449999 14.375 0 6A8197 0.945
-0.9449999 15.32 -0.9449997 F4C3D8 0.945
-0.9449999 15.32 0 6A8197 0.945
-0.9449999 16.265 -0.9449997 F5A7C7 0.945
-0.9449999 16.265 0 6A8197 0.945
0 5.87 -0.9449997 DBCEC2 0.945
0 5.87 0 6A8197 0.945
0 6.815 -0.9449997 496CB4 0.945
0 6.815 0 6A8197 0.945
0 7.759999 -0.9449997 576AB6 0.945
0 7.759999 0 6A8197 0.945
0 8.704999 -0.9449997 F4A9C7 0.945
0 8.704999 0 6A8197 0.945
0 9.65 -0.9449997 F4A8C6 0.945
0 9.65 0 6A8197 0.945
0 10.595 -0.9449997 F4A9C7 0.945
0 10.595 0 6A8197 0.945
0 11.54 -0.9449997 F4A9C7 0.945
0 11.54 0 6A8197 0.945
0 12.485 -0.9449997 F4A9C7 0.945
0 12.485 0 6A8197 0.945
0 13.43 -0.9449997 F4A9C7 0.945
0 13.43 0 6A8197 0.945
0 14.375 -0.9449997 F4A9C7 0.945
0 14.375 0 6A8197 0.945
0 15.32 -0.9449997 DBCEC2 0.945
0 15.32 0 6A8197 0.945
0 16.265 -0.9449997 DBCEC2 0.945
0 16.265 0 6A8197 0.945
0.9449999 5.87 -0.9449997 DBCEC2 0.945
0.9449999 5.87 0 6A8197 0.945
0.9449999 6.815 -0.9449997 325CB2 0.945
0.9449999 6.815 0 6A8197 0.945
0.9449999 7.759999 -0.9449997 325CB2 0.945
0.9449999 7.759999 0 6A8197 0.945
0.9449999 8.704999 -0.9449997 F4C4D9 0.945
0.9449999 8.704999 0 6A8197 0.945
0.9449999 9.65 -0.9449997 F4A9C7 0.945
0.9449999 9.65 0 6A8197 0.945
0.9449999 10.595 -0.9449997 F4A9C7 0.945
0.9449999 10.595 0 6A8197 0.945
0.9449999 11.54 -0.9449997 F4A8C6 0.945
0.9449999 11.54 0 6A8197 0.945
0.9449999 12.485 -0.9449997 F4A9C7 0.945
0.9449999 12.485 0 6A8197 0.945
0.9449999 13.43 -0.9449997 20245B 0.945
0.9449999 13.43 0 6A8197 0.945
0.9449999 14.375 -0.9449997 F4A9C7 0.945
0.9449999 14.375 0 6A8197 0.945
0.9449999 15.32 -0.9449997 F4A9C7 0.945
0.9449999 15.32 0 6A8197 0.945
0.9449999 16.265 -0.9449997 F4BED5 0.945
0.9449999 16.265 0 6A8197 0.945
1.89 5.87 -0.9449997 DBCEC2 0.945
1.89 5.87 0 6A8197 0.945
1.89 6.815 -0.9449997 325CB2 0.945
1.89 6.815 0 6A8197 0.945
1.89 7.759999 -0.9449997 325CB2 0.945
1.89 7.759999 0 6A8197 0.945
1.89 8.704999 -0.9449997 3A69B9 0.945
1.89 8.704999 0 6A8197 0.945
1.89 9.65 -0.9449997 3263B7 0.945
1.89 9.65 0 6A8197 0.945
1.89 10.595 -0.9449997 E09887 0.945
1.89 10.595 0 6A8197 0.945
1.89 11.54 -0.9449997 E19684 0.945
1.89 11.54 0 6A8197 0.945
1.89 12.485 -0.9449997 EABAC4 0.945
1.89 12.485 0 6A8197 0.945
1.89 13.43 -0.9449997 E6A3BF 0.945
1.89 13.43 0 6A8197 0.945
1.89 14.375 -0.9449997 2F55A8 0.945
1.89 14.375 0 6A8197 0.945
1.89 15.32 -0.9449997 2F55A8 0.945
1.89 15.32 0 6A8197 0.945
1.89 16.265 -0.9449997 F4C5D9 0.945
1.89 16.265 0 6A8197 0.945
2.835 5.87 -0.9449997 DBCEC2 0.945
2.835 5.87 0 6A8197 0.945
2.835 6.815 -0.9449997 325CB2 0.945
2.835 6.815 0 6A8197 0.945
2.835 7.759999 -0.9449997 325CB2 0.945
2.835 7.759999 0 6A8197 0.945
2.835 8.704999 -0.9449997 3A69B9 0.945
2.835 8.704999 0 6A8197 0.945
2.835 9.65 -0.9449997 DCBFAD 0.945
2.835 9.65 0 6A8197 0.945
2.835 10.595 -0.9449997 DCBFAD 0.945
2.835 10.595 0 6A8197 0.945
2.835 11.54 -0.9449997 DCBFAE 0.945
2.835 11.54 0 6A8197 0.945
2.835 12.485 -0.9449997 FFC6B2 0.945
2.835 12.485 0 6A8197 0.945
2.835 13.43 -0.9449997 764907 0.945
2.835 13.43 0 6A8197 0.945
2.835 14.375 -0.9449997 2F55A8 0.945
2.835 14.375 0 6A8197 0.945
2.835 15.32 -0.9449997 2F55A8 0.945
2.835 15.32 0 6A8197 0.945
2.835 16.265 -0.9449997 F4A9C7 0.945
2.835 16.265 0 6A8197 0.945
3.78 5.87 -0.9449997 DBCEC2 0.945
3.78 5.87 0 6A8197 0.945
3.78 6.815 -0.9449997 325CB2 0.945
3.78 6.815 0 6A8197 0.945
3.78 7.759999 -0.9449997 325CB2 0.945
3.78 7.759999 0 6A8197 0.945
3.78 8.704999 -0.9449997 3A69B9 0.945
3.78 8.704999 0 6A8197 0.945
3.78 9.65 -0.9449997 DEC2AF 0.945
3.78 9.65 0 6A8197 0.945
3.78 10.595 -0.9449997 3E112B 0.945
3.78 10.595 0 6A8197 0.945
3.78 11.54 -0.9449997 764907 0.945
3.78 11.54 0 6A8197 0.945
3.78 12.485 -0.9449997 FFC6B2 0.945
3.78 12.485 0 6A8197 0.945
3.78 13.43 -0.9449997 764907 0.945
3.78 13.43 0 6A8197 0.945
3.78 14.375 -0.9449997 232963 0.945
3.78 14.375 0 6A8197 0.945
3.78 15.32 -0.9449997 BBB4BB 0.945
3.78 15.32 0 6A8197 0.945
3.78 16.265 -0.9449997 6C73B1 0.945
3.78 16.265 0 6A8197 0.945
4.725 5.87 -0.9449997 DBCEC2 0.945
4.725 5.87 0 6A8197 0.945
4.725 6.815 -0.9449997 325CB2 0.945
4.725 6.815 0 6A8197 0.945
4.725 7.759999 -0.9449997 3360B7 0.945
4.725 7.759999 0 6A8197 0.945
4.725 8.704999 -0.9449997 3A69B9 0.945
4.725 8.704999 0 6A8197 0.945
4.725 9.65 -0.9449997 B7968A 0.945
4.725 9.65 0 6A8197 0.945
4.725 10.595 -0.9449997 360722 0.945
4.725 10.595 0 6A8197 0.945
4.725 11.54 -0.9449997 DDCCBB 0.945
4.725 11.54 0 6A8197 0.945
4.725 12.485 -0.9449997 F58874 0.945
4.725 12.485 0 6A8197 0.945
4.725 13.43 -0.9449997 FFC6B2 0.945
4.725 13.43 0 6A8197 0.945
4.725 14.375 -0.9449997 21245B 0.945
4.725 14.375 0 6A8197 0.945
4.725 15.32 -0.9449997 4F6BAD 0.945
4.725 15.32 0 6A8197 0.945
4.725 16.265 -0.9449997 2F55A8 0.945
4.725 16.265 0 6A8197 0.945
5.67 5.87 -0.9449997 DBCEC2 0.945
5.67 5.87 0 6A8197 0.945
5.67 6.815 -0.9449997 11042F 0.945
5.67 6.815 0 6A8197 0.945
5.67 7.759999 -0.9449997 11042F 0.945
5.67 7.759999 0 6A8197 0.945
5.67 8.704999 -0.9449997 11042F 0.945
5.67 8.704999 0 6A8197 0.945
5.67 9.65 -0.9449997 C19F90 0.945
5.67 9.65 0 6A8197 0.945
5.67 10.595 -0.9449997 FFFFFF 0.945
5.67 10.595 0 6A8197 0.945
5.67 11.54 -0.9449997 FCFEFD 0.945
5.67 11.54 0 6A8197 0.945
5.67 12.485 -0.9449997 BF8C62 0.945
5.67 12.485 0 6A8197 0.945
5.67 13.43 -0.9449997 FFC6B2 0.945
5.67 13.43 0 6A8197 0.945
5.67 14.375 -0.9449997 21245B 0.945
5.67 14.375 0 6A8197 0.945
5.67 15.32 -0.9449997 2F55A8 0.945
5.67 15.32 0 6A8197 0.945
5.67 16.265 -0.9449997 2F55A8 0.945
5.67 16.265 0 6A8197 0.945
6.615 5.87 -0.9449997 DBCEC2 0.945
6.615 5.87 0 6A8197 0.945
6.615 6.815 -0.9449997 11042F 0.945
6.615 6.815 0 6A8197 0.945
6.615 7.759999 -0.9449997 120430 0.945
6.615 7.759999 0 6A8197 0.945
6.615 8.704999 -0.9449997 3360B8 0.945
6.615 8.704999 0 6A8197 0.945
6.615 9.65 -0.9449997 4993D0 0.945
6.615 9.65 0 6A8197 0.945
6.615 10.595 -0.9449997 6297C8 0.945
6.615 10.595 0 6A8197 0.945
6.615 11.54 -0.9449997 6C4A5E 0.945
6.615 11.54 0 6A8197 0.945
6.615 12.485 -0.9449997 C49976 0.945
6.615 12.485 0 6A8197 0.945
6.615 13.43 -0.9449997 FFC6B2 0.945
6.615 13.43 0 6A8197 0.945
6.615 14.375 -0.9449997 383260 0.945
6.615 14.375 0 6A8197 0.945
6.615 15.32 -0.9449997 2F56AA 0.945
6.615 15.32 0 6A8197 0.945
6.615 16.265 -0.9449997 283B89 0.945
6.615 16.265 0 6A8197 0.945
7.559999 0.2 0 6A8197 0.945
7.559999 0.2 0.9449997 6A8197 0.945
7.559999 1.145 0 6A8197 0.945
7.559999 1.145 0.9449997 6A8197 0.945
7.559999 2.09 0 6A8197 0.945
7.559999 2.09 0.9449997 6A8197 0.945
7.559999 3.035 0 6A8197 0.945
7.559999 3.035 0.9449997 6A8197 0.945
7.559999 3.98 0 6A8197 0.945
7.559999 3.98 0.9449997 6A8197 0.945
7.559999 4.925 0 6A8197 0.945
7.559999 4.925 0.9449997 6A8197 0.945
7.559999 5.87 -0.9449997 DBCEC2 0.945
7.559999 5.87 0 6A8197 0.945
7.559999 5.87 0.9449997 6A8197 0.945
7.559999 6.815 -0.9449997 325CB2 0.945
7.559999 6.815 0 6A8197 0.945
7.559999 6.815 0.9449997 6A8197 0.945
7.559999 7.759999 -0.9449997 325CB2 0.945
7.559999 7.759999 0 6A8197 0.945
7.559999 7.759999 0.9449997 6A8197 0.945
7.559999 8.704999 -0.9449997 325CB2 0.945
7.559999 8.704999 0 6A8197 0.945
7.559999 8.704999 0.9449997 6A8197 0.945
7.559999 9.65 -0.9449997 3A69B9 0.945
7.559999 9.65 0 6A8197 0.945
7.559999 9.65 0.9449997 6A8197 0.945
7.559999 10.595 -0.9449997 DCBFAD 0.945
7.559999 10.595 0 6A8197 0.945
7.559999 10.595 0.9449997 6A8197 0.945
7.559999 11.54 -0.9449997 DCBFAD 0.945
7.559999 11.54 0 6A8197 0.945
7.559999 11.54 0.9449997 6A8197 0.945
7.559999 12.485 -0.9449997 DCBFAD 0.945
7.559999 12.485 0 6A8197 0.945
7.559999 12.485 0.9449997 6A8197 0.945
7.559999 13.43 -0.9449997 DB9381 0.945
7.559999 13.43 0 6A8197 0.945
7.559999 13.43 0.9449997 6A8197 0.945
7.559999 14.375 -0.9449997 764907 0.945
7.559999 14.375 0 6A8197 0.945
7.559999 14.375 0.9449997 6A8197 0.945
7.559999 15.32 -0.9449997 283B89 0.945
7.559999 15.32 0 6A8197 0.945
7.559999 16.265 -0.9449997 1E3584 0.945
7.559999 16.265 0 6A8197 0.945
8.504999 5.87 -0.9449997 DBCEC2 0.945
8.504999 5.87 0 6A8197 0.945
8.504999 6.815 -0.9449997 606987 0.945
8.504999 6.815 0 6A8197 0.945
8.504999 7.759999 -0.9449997 2C5AB8 0.945
8.504999 7.759999 0 6A8197 0.945
8.504999 8.704999 -0.9449997 325CB2 0.945
8.504999 8.704999 0 6A8197 0.945
8.504999 9.65 -0.9449997 3A69B9 0.945
8.504999 9.65 0 6A8197 0.945
8.504999 10.595 -0.9449997 B8978B 0.945
8.504999 10.595 0 6A8197 0.945
8.504999 11.54 -0.9449997 B8978B 0.945
8.504999 11.54 0 6A8197 0.945
8.504999 12.485 -0.9449997 B6978C 0.945
8.504999 12.485 0 6A8197 0.945
8.504999 13.43 -0.9449997 FCAED4 0.945
8.504999 13.43 0 6A8197 0.945
8.504999 14.375 -0.9449997 F4A9C7 0.945
8.504999 14.375 0 6A8197 0.945
8.504999 15.32 -0.9449997 765F81 0.945
8.504999 15.32 0 6A8197 0.945
8.504999 16.265 -0.9449997 F4A9C7 0.945
8.504999 16.265 0 6A8197 0.945
9.45 5.87 -0.9449997 DBCEC2 0.945
9.45 5.87 0 6A8197 0.945
9.45 6.815 -0.9449997 A17C48 0.945
9.45 6.815 0 6A8197 0.945
9.45 7.759999 -0.9449997 A17C48 0.945
9.45 7.759999 0 6A8197 0.945
9.45 8.704999 -0.9449997 325CB2 0.945
9.45 8.704999 0 6A8197 0.945
9.45 9.65 -0.9449997 3A69B9 0.945
9.45 9.65 0 6A8197 0.945
9.45 10.595 -0.9449997 3969B9 0.945
9.45 10.595 0 6A8197 0.945
9.45 11.54 -0.9449997 F4A9C7 0.945
9.45 11.54 0 6A8197 0.945
9.45 12.485 -0.9449997 F5AACB 0.945
9.45 12.485 0 6A8197 0.945
9.45 13.43 -0.9449997 F4A9C7 0.945
9.45 13.43 0 6A8197 0.945
9.45 14.375 -0.9449997 F4A9C7 0.945
9.45 14.375 0 6A8197 0.945
9.45 15.32 -0.9449997 F4C4D8 0.945
9.45 15.32 0 6A8197 0.945
9.45 16.265 -0.9449997 F4A9C7 0.945
9.45 16.265 0 6A8197 0.945
