-11.4 0 -5.5 6B6966 0.95
-11.4 0 -4.55 6B6966 0.95
-11.4 0 -3.6 6B6966 0.95
-11.4 0 -2.65 6B6966 0.95
-11.4 0 -1.700001 6B6966 0.95
-11.4 0 9.700001 6B6966 0.95
-11.4 0 10.65 6B6966 0.95
-11.4 0 11.6 6B6966 0.95
-11.4 0 12.55 6B6966 0.95
-11.4 0 13.5 6B6966 0.95
-11.4 0 14.45 6B6966 0.95
-6.65 0.95 -5.5 8C8984 0.95
-9.5 0.95 -2.65 7E7976 0.95
-9.5 0.95 10.65 7E7976 0.95
-6.65 0.95 13.5 8C8984 0.95
-9.5 1.9 -4.55 5A5956 0.95
-9.5 1.9 -3.6 5A5956 0.95
-9.5 1.9 -2.65 7E7976 0.95
-9.5 1.9 10.65 7E7976 0.95
-9.5 1.9 11.6 5A5956 0.95
-9.5 1.9 12.55 5A5956 0.95
-8.55 2.85 -4.55 7E7976 0.95
-8.55 2.85 -3.6 5A5956 0.95
-8.55 2.85 -2.65 5A5956 0.95
-8.55 2.85 10.65 5A5956 0.95
-8.55 2.85 11.6 5A5956 0.95
-8.55 2.85 12.55 7E7976 0.95
-8.55 3.8 -3.6 7E7976 0.95
-8.55 3.8 -2.65 5A5956 0.95
-8.55 3.8 -1.700001 7E7976 0.95
-8.55 3.8 9.700001 7E7976 0.95
-8.55 3.8 10.65 5A5956 0.95
-8.55 3.8 11.6 7E7976 0.95
-4.75 4.75 -3.6 8C8984 0.95
-7.6 4.75 -2.65 5A5956 0.95
-7.6 4.75 -1.700001 5A5956 0.95
-7.6 4.75 -0.75 7E7976 0.95
-7.6 4.75 8.75 7E7976 0.95
-7.6 4.75 9.700001 5A5956 0.95
-7.6 4.75 10.65 5A5956 0.95
-4.75 4.75 11.6 8C8984 0.95
-7.6 5.7 -2.65 7E7976 0.95
-7.6 5.7 -1.700001 5A5956 0.95
-7.6 5.7 -0.75 7E7976 0.95
-7.6 5.7 0.2000008 7E7976 0.95
-7.6 5.7 1.15 7E7976 0.95
-6.65 5.7 2.1 5A5956 0.95
-6.65 5.7 5.9 5A5956 0.95
-7.6 5.7 6.85 7E7976 0.95
-7.6 5.7 7.799999 7E7976 0.95
-7.6 5.7 8.75 7E7976 0.95
-7.6 5.7 9.700001 5A5956 0.95
-7.6 5.7 10.65 7E7976 0.95
-6.65 6.65 -1.700001 5A5956 0.95
-6.65 6.65 -0.75 5A5956 0.95
-6.65 6.65 4 7E7976 0.95
-6.65 6.65 8.75 5A5956 0.95
-6.65 6.65 9.700001 5A5956 0.95
-5.7 7.6 -1.700001 7E7976 0.95
-5.7 7.6 -0.75 5A5956 0.95
-5.7 7.6 0.2000008 7E7976 0.95
-5.7 7.6 7.799999 7E7976 0.95
-5.7 7.6 8.75 5A5956 0.95
-5.7 7.6 9.700001 7E7976 0.95
-6.65 8.55 -1.700001 6B6966 0.95
-6.65 8.55 -0.75 6B6966 0.95
-6.65 8.55 0.2000008 6B6966 0.95
-6.65 8.55 1.15 6B6966 0.95
-6.65 8.55 2.1 6B6966 0.95
-6.65 8.55 3.049999 6B6966 0.95
-6.65 8.55 4 6B6966 0.95
-6.65 8.55 4.950001 6B6966 0.95
-6.65 8.55 5.9 6B6966 0.95
-6.65 8.55 6.85 6B6966 0.95
-6.65 8.55 7.799999 6B6966 0.95
-6.65 8.55 8.75 6B6966 0.95
-6.65 8.55 9.700001 6B6966 0.95
-4.75 9.5 -0.75 7E7976 0.95
-4.75 9.5 0.2000008 5A5956 0.95
-4.75 9.5 1.15 7E7976 0.95
-5.7 9.5 4 6B6966 0.95
-4.75 9.5 6.85 7E7976 0.95
-4.75 9.5 7.799999 5A5956 0.95
-4.75 9.5 8.75 7E7976 0.95
-4.75 10.45 -0.75 7E7976 0.95
-4.75 10.45 0.2000008 5A5956 0.95
-4.75 10.45 1.15 5A5956 0.95
-4.75 10.45 6.85 5A5956 0.95
-4.75 10.45 7.799999 5A5956 0.95
-4.75 10.45 8.75 7E7976 0.95
-4.75 11.4 0.2000008 5A5956 0.95
-4.75 11.4 1.15 5A5956 0.95
-4.75 11.4 6.85 5A5956 0.95
-4.75 11.4 7.799999 5A5956 0.95
-3.8 12.35 0.2000008 5A5956 0.95
-3.8 12.35 1.15 5A5956 0.95
-3.8 12.35 2.1 7E7976 0.95
-3.8 12.35 5.9 7E7976 0.95
-3.8 12.35 6.85 5A5956 0.95
-3.8 12.35 7.799999 5A5956 0.95
-3.8 13.3 0.2000008 7E7976 0.95
-3.8 13.3 1.15 5A5956 0.95
-3.8 13.3 2.1 7E7976 0.95
-3.8 13.3 5.9 7E7976 0.95
-3.8 13.3 6.85 5A5956 0.95
-3.8 13.3 7.799999 7E7976 0.95
-3.8 14.25 1.15 5A5956 0.95
-3.8 14.25 2.1 7E7976 0.95
-3.8 14.25 5.9 7E7976 0.95
-3.8 14.25 6.85 5A5956 0.95
-3.8 15.2 1.15 5A5956 0.95
-3.8 15.2 2.1 5A5956 0.95
-3.8 15.2 5.9 5A5956 0.95
-3.8 15.2 6.85 5A5956 0.95
-3.8 16.15 1.15 6B6966 0.95
-3.8 16.15 2.1 6B6966 0.95
-3.8 16.15 3.049999 6B6966 0.95
-3.8 16.15 4 6B6966 0.95
-3.8 16.15 4.950001 6B6966 0.95
-3.8 16.15 5.9 6B6966 0.95
-3.8 16.15 6.85 6B6966 0.95
-3.8 17.1 1.15 6B6966 0.95
-3.8 17.1 2.1 6B6966 0.95
-3.8 17.1 3.049999 6B6966 0.95
-3.8 17.1 4 6B6966 0.95
-3.8 17.1 4.950001 6B6966 0.95
-3.8 17.1 5.9 6B6966 0.95
-3.8 17.1 6.85 6B6966 0.95
-2.85 18.05 2.1 5A5956 0.95
-2.85 18.05 3.049999 7E7976 0.95
-3.8 18.05 4 6B6966 0.95
-2.85 18.05 4.950001 7E7976 0.95
-2.85 18.05 5.9 5A5956 0.95
-2.85 19 2.1 5A5956 0.95
-2.85 19 3.049999 7E7976 0.95
-2.85 19 4.950001 7E7976 0.95
-2.85 19 5.9 5A5956 0.95
-2.85 19.95 2.1 5A5956 0.95
-2.85 19.95 3.049999 7E7976 0.95
-2.85 19.95 4.950001 7E7976 0.95
-2.85 19.95 5.9 5A5956 0.95
-1.9 20.9 2.1 7E7976 0.95
-1.9 20.9 3.049999 5A5956 0.95
-1.9 20.9 4.950001 5A5956 0.95
-1.9 20.9 5.9 7E7976 0.95
-1.9 21.85 2.1 6B6966 0.95
-1.9 21.85 3.049999 6B6966 0.95
-1.9 21.85 4 6B6966 0.95
-1.9 21.85 4.950001 6B6966 0.95
-1.9 21.85 5.9 6B6966 0.95
-1.9 22.8 2.1 7E7976 0.95
-1.9 22.8 3.049999 5A5956 0.95
-1.9 22.8 4.950001 5A5956 0.95
-1.9 22.8 5.9 7E7976 0.95
-1.9 23.75 2.1 7E7976 0.95
-1.9 23.75 3.049999 5A5956 0.95
-1.9 23.75 4.950001 5A5956 0.95
-1.9 23.75 5.9 7E7976 0.95
-1.9 24.7 3.049999 5A5956 0.95
-1.9 24.7 4.950001 5A5956 0.95
-1.9 25.65 3.049999 5A5956 0.95
-1.9 25.65 4.950001 5A5956 0.95
-1.9 26.6 3.049999 5A5956 0.95
-1.9 26.6 4.950001 5A5956 0.95
-1.9 27.55 3.049999 5A5956 0.95
-1.9 27.55 4.950001 5A5956 0.95
-1.9 28.5 3.049999 5A5956 0.95
-1.9 28.5 4.950001 5A5956 0.95
-1.9 29.45 3.049999 5A5956 0.95
-1.9 29.45 4.950001 5A5956 0.95
-0.95 30.4 3.049999 5A5956 0.95
-0.95 30.4 4.950001 5A5956 0.95
-0.95 31.35 3.049999 5A5956 0.95
-0.95 31.35 4.950001 5A5956 0.95
-0.95 32.3 3.049999 5A5956 0.95
-0.95 32.3 4.950001 5A5956 0.95
-0.95 33.25 3.049999 5A5956 0.95
-0.95 33.25 4.950001 5A5956 0.95
-0.95 34.2 3.049999 5A5956 0.95
-0.95 34.2 4.950001 5A5956 0.95
-0.95 35.15 3.049999 5A5956 0.95
-0.95 35.15 4.950001 5A5956 0.95
-0.95 36.1 3.049999 7E7976 0.95
-0.95 36.1 4.950001 7E7976 0.95
-0.95 37.05 3.049999 7E7976 0.95
-0.95 37.05 4.950001 7E7976 0.95
-0.95 38 3.049999 7E7976 0.95
-0.95 38 4.950001 7E7976 0.95
-0.95 38.95 3.049999 7E7976 0.95
-0.95 38.95 4.950001 7E7976 0.95
-1.9 42.75 3.049999 6B6966 0.95
-1.9 42.75 4 6B6966 0.95
-1.9 42.75 4.950001 6B6966 0.95
-0.95 43.7 3.049999 5A5956 0.95
-0.95 43.7 4 5A5956 0.95
-0.95 43.7 4.950001 5A5956 0.95
0 44.65 4 6B6966 0.95
0 45.6 4 6B6966 0.95
0 46.55 4 6B6966 0.95
0 47.5 4 6B6966 0.95
0 48.45 4 6B6966 0.95
-10.45 0 -6.45 5A5956 0.95
-10.45 0 -5.5 5A5956 0.95
-10.45 0 -4.55 5A5956 0.95
-10.45 0 -3.6 5A5956 0.95
-10.45 0 -2.65 5A5956 0.95
-10.45 0 -1.700001 5A5956 0.95
-10.45 0 9.700001 5A5956 0.95
-10.45 0 10.65 5A5956 0.95
-10.45 0 11.6 5A5956 0.95
-10.45 0 12.55 5A5956 0.95
-10.45 0 13.5 5A5956 0.95
-10.45 0 14.45 5A5956 0.95
-10.45 0 -7.4 7E7976 0.95
4.75 0 -6.45 6B6966 0.95
-10.45 0 8.75 7E7976 0.95
4.75 0 -5.5 6B6966 0.95
4.75 0 -4.55 6B6966 0.95
4.75 0 -3.6 6B6966 0.95
4.75 0 -2.65 6B6966 0.95
4.75 0 -1.700001 6B6966 0.95
-10.45 0 -0.75 7E7976 0.95
4.75 0 9.700001 6B6966 0.95
4.75 0 10.65 6B6966 0.95
4.75 0 11.6 6B6966 0.95
4.75 0 12.55 6B6966 0.95
4.75 0 13.5 6B6966 0.95
4.75 0 14.45 6B6966 0.95
-10.45 0 15.4 7E7976 0.95
-10.45 0.95 -6.45 8C8984 0.95
-10.45 0.95 -5.5 8C8984 0.95
-10.45 0.95 -4.55 8C8984 0.95
-10.45 0.95 -3.6 8C8984 0.95
-10.45 0.95 -2.65 8C8984 0.95
-10.45 0.95 -1.700001 7E7976 0.95
-10.45 0.95 9.700001 7E7976 0.95
-10.45 0.95 10.65 8C8984 0.95
-10.45 0.95 11.6 8C8984 0.95
-10.45 0.95 12.55 8C8984 0.95
-10.45 0.95 13.5 8C8984 0.95
-10.45 0.95 14.45 8C8984 0.95
-9.5 0 -6.45 5A5956 0.95
-9.5 0 -5.5 5A5956 0.95
-9.5 0 -4.55 5A5956 0.95
-9.5 0 -3.6 5A5956 0.95
-9.5 0 -2.65 5A5956 0.95
-9.5 0 -1.700001 5A5956 0.95
-9.5 0 9.700001 5A5956 0.95
-9.5 0 10.65 5A5956 0.95
-9.5 0 11.6 5A5956 0.95
-9.5 0 12.55 5A5956 0.95
-9.5 0 13.5 5A5956 0.95
-9.5 0 14.45 5A5956 0.95
-9.5 0 -7.4 7E7976 0.95
-9.5 0 8.75 7E7976 0.95
-9.5 0 -0.75 7E7976 0.95
-9.5 0 15.4 7E7976 0.95
-9.5 0.95 -6.45 8C8984 0.95
-9.5 0.95 -5.5 8C8984 0.95
-9.5 0.95 -4.55 8C8984 0.95
-9.5 0.95 -3.6 8C8984 0.95
9.5 0.95 -2.65 7E7976 0.95
-9.5 0.95 -1.700001 7E7976 0.95
-9.5 0.95 9.700001 7E7976 0.95
9.5 0.95 10.65 7E7976 0.95
-9.5 0.95 11.6 8C8984 0.95
-9.5 0.95 12.55 8C8984 0.95
-9.5 0.95 13.5 8C8984 0.95
-9.5 0.95 14.45 8C8984 0.95
-9.5 1.9 -5.5 8C8984 0.95
-9.5 1.9 13.5 8C8984 0.95
-8.55 0 -6.45 5A5956 0.95
-8.55 0 -5.5 5A5956 0.95
-8.55 0 -4.55 5A5956 0.95
-8.55 0 -3.6 5A5956 0.95
-8.55 0 -2.65 5A5956 0.95
-8.55 0 -1.700001 5A5956 0.95
-8.55 0 9.700001 5A5956 0.95
-8.55 0 10.65 5A5956 0.95
-8.55 0 11.6 5A5956 0.95
-8.55 0 12.55 5A5956 0.95
-8.55 0 13.5 5A5956 0.95
-8.55 0 14.45 5A5956 0.95
-8.55 0 -7.4 7E7976 0.95
-8.55 0 8.75 7E7976 0.95
-8.55 1.9 -2.65 6B6966 0.95
-8.55 0 -0.75 7E7976 0.95
-8.55 1.9 10.65 6B6966 0.95
-8.55 0 15.4 7E7976 0.95
-8.55 0.95 -6.45 8C8984 0.95
-8.55 0.95 -5.5 8C8984 0.95
-8.55 0.95 -4.55 8C8984 0.95
-8.55 0.95 -3.6 8C8984 0.95
-8.55 0.95 -2.65 8C8984 0.95
-8.55 0.95 -1.700001 7E7976 0.95
-8.55 0.95 9.700001 7E7976 0.95
-8.55 0.95 10.65 8C8984 0.95
-8.55 0.95 11.6 8C8984 0.95
-8.55 0.95 12.55 8C8984 0.95
-8.55 0.95 13.5 8C8984 0.95
-8.55 0.95 14.45 8C8984 0.95
-8.55 1.9 -5.5 6B6966 0.95
6.65 1.9 -4.55 5A5956 0.95
6.65 1.9 -3.6 5A5956 0.95
6.65 1.9 -2.65 7E7976 0.95
6.65 1.9 10.65 7E7976 0.95
6.65 1.9 11.6 5A5956 0.95
6.65 1.9 12.55 5A5956 0.95
-8.55 1.9 13.5 6B6966 0.95
-6.65 2.85 -4.55 8C8984 0.95
5.7 2.85 -3.6 5A5956 0.95
5.7 2.85 -2.65 5A5956 0.95
-8.55 2.85 9.700001 5A5956 0.95
-8.55 2.85 -1.700001 5A5956 0.95
5.7 2.85 10.65 5A5956 0.95
5.7 2.85 11.6 5A5956 0.95
-6.65 2.85 12.55 8C8984 0.95
-8.55 3.8 -4.55 8C8984 0.95
-8.55 3.8 12.55 8C8984 0.95
-7.6 0 -6.45 5A5956 0.95
-7.6 0 -5.5 5A5956 0.95
-7.6 0 -4.55 5A5956 0.95
-7.6 0 -3.6 5A5956 0.95
-7.6 0 -2.65 5A5956 0.95
-7.6 0 -1.700001 5A5956 0.95
-7.6 0 9.700001 5A5956 0.95
-7.6 0 10.65 5A5956 0.95
-7.6 0 11.6 5A5956 0.95
-7.6 0 12.55 5A5956 0.95
-7.6 0 13.5 5A5956 0.95
-7.6 0 14.45 5A5956 0.95
-7.6 0 -7.4 7E7976 0.95
-7.6 0 8.75 7E7976 0.95
-7.6 1.9 -2.65 6B6966 0.95
-7.6 3.8 -1.700001 6B6966 0.95
-7.6 0 -0.75 7E7976 0.95
-7.6 3.8 9.700001 6B6966 0.95
-7.6 1.9 10.65 6B6966 0.95
-7.6 0 15.4 7E7976 0.95
-7.6 0.95 -6.45 8C8984 0.95
-7.6 0.95 -5.5 8C8984 0.95
-7.6 0.95 -4.55 8C8984 0.95
-7.6 0.95 -3.6 8C8984 0.95
-7.6 0.95 -2.65 8C8984 0.95
-7.6 0.95 -1.700001 7E7976 0.95
-7.6 0.95 9.700001 7E7976 0.95
-7.6 0.95 10.65 8C8984 0.95
-7.6 0.95 11.6 8C8984 0.95
-7.6 0.95 12.55 8C8984 0.95
-7.6 0.95 13.5 8C8984 0.95
-7.6 0.95 14.45 8C8984 0.95
-7.6 1.9 -5.5 6B6966 0.95
-7.6 1.9 13.5 6B6966 0.95
-7.6 2.85 -4.55 6B6966 0.95
-7.6 2.85 9.700001 6B6966 0.95
-7.6 2.85 -1.700001 6B6966 0.95
-7.6 2.85 12.55 6B6966 0.95
-7.6 3.8 -4.55 6B6966 0.95
5.7 3.8 -3.6 7E7976 0.95
5.7 3.8 -2.65 5A5956 0.95
5.7 3.8 -1.700001 7E7976 0.95
5.7 3.8 9.700001 7E7976 0.95
5.7 3.8 10.65 5A5956 0.95
5.7 3.8 11.6 7E7976 0.95
-7.6 3.8 12.55 6B6966 0.95
-7.6 4.75 -3.6 8C8984 0.95
4.75 4.75 -2.65 5A5956 0.95
4.75 4.75 -1.700001 5A5956 0.95
7.6 4.75 -0.75 8C8984 0.95
-7.6 4.75 7.799999 5A5956 0.95
-7.6 4.75 0.2000008 5A5956 0.95
7.6 4.75 8.75 8C8984 0.95
4.75 4.75 9.700001 5A5956 0.95
4.75 4.75 10.65 5A5956 0.95
-7.6 4.75 11.6 8C8984 0.95
-6.65 0 -6.45 5A5956 0.95
-6.65 0 -5.5 5A5956 0.95
-6.65 0 -4.55 5A5956 0.95
-6.65 0 -3.6 5A5956 0.95
-6.65 0 -2.65 5A5956 0.95
-6.65 0 -1.700001 5A5956 0.95
-6.65 5.7 -0.75 6B6966 0.95
-6.65 7.6 0.2000008 5A5956 0.95
-6.65 5.7 1.15 7E7976 0.95
-6.65 5.7 3.049999 7E7976 0.95
-6.65 5.7 4.950001 7E7976 0.95
-6.65 5.7 6.85 7E7976 0.95
-6.65 7.6 7.799999 5A5956 0.95
-6.65 5.7 8.75 6B6966 0.95
-6.65 0 9.700001 5A5956 0.95
-6.65 0 10.65 5A5956 0.95
-6.65 0 11.6 5A5956 0.95
-6.65 0 12.55 5A5956 0.95
-6.65 0 13.5 5A5956 0.95
-6.65 0 14.45 5A5956 0.95
-6.65 0 -7.4 7E7976 0.95
-6.65 0 8.75 7E7976 0.95
-6.65 1.9 -4.55 5A5956 0.95
-6.65 1.9 -3.6 5A5956 0.95
-6.65 1.9 -2.65 7E7976 0.95
-6.65 3.8 -1.700001 6B6966 0.95
-6.65 0 -0.75 7E7976 0.95
-6.65 3.8 9.700001 6B6966 0.95
-6.65 1.9 10.65 7E7976 0.95
-6.65 1.9 11.6 5A5956 0.95
-6.65 1.9 12.55 5A5956 0.95
-6.65 0 15.4 7E7976 0.95
-6.65 0.95 -6.45 8C8984 0.95
6.65 0.95 -5.5 5A5956 0.95
-6.65 0.95 -4.55 8C8984 0.95
-6.65 0.95 -3.6 8C8984 0.95
-6.65 0.95 -2.65 8C8984 0.95
-6.65 0.95 -1.700001 7E7976 0.95
-6.65 0.95 9.700001 7E7976 0.95
-6.65 0.95 10.65 8C8984 0.95
-6.65 0.95 11.6 8C8984 0.95
-6.65 0.95 12.55 8C8984 0.95
6.65 0.95 13.5 5A5956 0.95
-6.65 0.95 14.45 8C8984 0.95
-6.65 1.9 -5.5 7E7976 0.95
-6.65 7.6 -2.65 5A5956 0.95
-6.65 7.6 10.65 5A5956 0.95
-6.65 1.9 13.5 7E7976 0.95
-6.65 2.85 9.700001 6B6966 0.95
-6.65 2.85 -1.700001 6B6966 0.95
-6.65 3.8 -4.55 6B6966 0.95
-6.65 7.6 -1.700001 5A5956 0.95
-6.65 7.6 9.700001 5A5956 0.95
-6.65 3.8 12.55 6B6966 0.95
-6.65 4.75 -3.6 6B6966 0.95
-6.65 4.75 8.75 6B6966 0.95
-6.65 4.75 -0.75 6B6966 0.95
-6.65 4.75 11.6 6B6966 0.95
-6.65 5.7 -2.65 6B6966 0.95
4.75 5.7 -2.65 7E7976 0.95
4.75 5.7 -1.700001 5A5956 0.95
-6.65 7.6 -0.75 5A5956 0.95
4.75 5.7 -0.75 7E7976 0.95
7.6 5.7 0.2000008 8C8984 0.95
6.65 5.7 1.15 7E7976 0.95
6.65 5.7 2.1 7E7976 0.95
6.65 5.7 5.9 7E7976 0.95
6.65 5.7 6.85 7E7976 0.95
7.6 5.7 7.799999 8C8984 0.95
-6.65 7.6 8.75 5A5956 0.95
4.75 5.7 8.75 7E7976 0.95
4.75 5.7 9.700001 5A5956 0.95
4.75 5.7 10.65 7E7976 0.95
-6.65 5.7 10.65 6B6966 0.95
-6.65 6.65 -2.65 8C8984 0.95
3.8 6.65 -1.700001 5A5956 0.95
-6.65 6.65 7.799999 8C8984 0.95
3.8 6.65 -0.75 5A5956 0.95
-6.65 6.65 0.2000008 8C8984 0.95
-6.65 7.6 1.15 5A5956 0.95
-6.65 6.65 1.15 8C8984 0.95
-6.65 7.6 2.1 5A5956 0.95
-6.65 6.65 2.1 8C8984 0.95
-6.65 7.6 3.049999 5A5956 0.95
-6.65 6.65 3.049999 8C8984 0.95
-6.65 7.6 4 5A5956 0.95
6.65 6.65 4 8C8984 0.95
-6.65 7.6 4.950001 5A5956 0.95
-6.65 6.65 4.950001 8C8984 0.95
-6.65 7.6 5.9 5A5956 0.95
-6.65 6.65 5.9 8C8984 0.95
-6.65 7.6 6.85 5A5956 0.95
-6.65 6.65 6.85 8C8984 0.95
3.8 6.65 8.75 5A5956 0.95
3.8 6.65 9.700001 5A5956 0.95
-6.65 6.65 10.65 8C8984 0.95
-5.7 0 -6.45 5A5956 0.95
-5.7 0 -5.5 5A5956 0.95
-5.7 0 -4.55 5A5956 0.95
-5.7 0 -3.6 5A5956 0.95
-5.7 0 -2.65 5A5956 0.95
-5.7 0 -1.700001 5A5956 0.95
-5.7 5.7 -0.75 6B6966 0.95
-5.7 7.6 1.15 5A5956 0.95
-5.7 7.6 2.1 5A5956 0.95
-5.7 7.6 3.049999 5A5956 0.95
-5.7 7.6 4 5A5956 0.95
-5.7 7.6 4.950001 5A5956 0.95
-5.7 7.6 5.9 5A5956 0.95
-5.7 7.6 6.85 5A5956 0.95
-5.7 5.7 8.75 6B6966 0.95
-5.7 0 9.700001 5A5956 0.95
-5.7 0 10.65 5A5956 0.95
-5.7 0 11.6 5A5956 0.95
-5.7 0 12.55 5A5956 0.95
-5.7 0 13.5 5A5956 0.95
-5.7 0 14.45 5A5956 0.95
-5.7 0 -7.4 7E7976 0.95
-5.7 0 8.75 7E7976 0.95
-5.7 3.8 -4.55 5A5956 0.95
-5.7 3.8 -3.6 5A5956 0.95
-5.7 3.8 -2.65 5A5956 0.95
-5.7 3.8 -1.700001 7E7976 0.95
-5.7 0 -0.75 7E7976 0.95
-5.7 3.8 9.700001 7E7976 0.95
-5.7 3.8 10.65 5A5956 0.95
-5.7 3.8 11.6 5A5956 0.95
-5.7 3.8 12.55 5A5956 0.95
-5.7 0 15.4 7E7976 0.95
-5.7 0.95 -6.45 6B6966 0.95
-5.7 0.95 -5.5 6B6966 0.95
-5.7 0.95 -4.55 6B6966 0.95
-5.7 0.95 -3.6 6B6966 0.95
-5.7 0.95 -2.65 6B6966 0.95
-5.7 0.95 -1.700001 6B6966 0.95
-5.7 0.95 9.700001 6B6966 0.95
-5.7 0.95 10.65 6B6966 0.95
-5.7 0.95 11.6 6B6966 0.95
-5.7 0.95 12.55 6B6966 0.95
-5.7 0.95 13.5 6B6966 0.95
-5.7 0.95 14.45 6B6966 0.95
-5.7 2.85 -4.55 5A5956 0.95
5.7 2.85 -4.55 5A5956 0.95
-5.7 2.85 -3.6 5A5956 0.95
-5.7 2.85 -2.65 5A5956 0.95
-5.7 2.85 10.65 5A5956 0.95
-5.7 2.85 11.6 5A5956 0.95
-5.7 2.85 12.55 5A5956 0.95
5.7 2.85 12.55 5A5956 0.95
-5.7 7.6 -2.65 5A5956 0.95
-5.7 7.6 10.65 5A5956 0.95
-5.7 4.75 -3.6 6B6966 0.95
-5.7 4.75 8.75 6B6966 0.95
-5.7 4.75 -0.75 6B6966 0.95
-5.7 4.75 11.6 6B6966 0.95
-5.7 5.7 -2.65 6B6966 0.95
-5.7 5.7 10.65 6B6966 0.95
-5.7 6.65 -2.65 6B6966 0.95
-5.7 6.65 7.799999 6B6966 0.95
-5.7 6.65 0.2000008 6B6966 0.95
-5.7 6.65 10.65 6B6966 0.95
-5.7 8.55 -1.700001 5A5956 0.95
3.8 7.6 -1.700001 7E7976 0.95
-5.7 8.55 -0.75 5A5956 0.95
3.8 7.6 -0.75 5A5956 0.95
-5.7 8.55 0.2000008 5A5956 0.95
3.8 7.6 0.2000008 7E7976 0.95
-5.7 8.55 1.15 5A5956 0.95
-5.7 8.55 2.1 5A5956 0.95
-5.7 8.55 3.049999 5A5956 0.95
-5.7 8.55 4 5A5956 0.95
-5.7 8.55 4.950001 5A5956 0.95
-5.7 8.55 5.9 5A5956 0.95
-5.7 8.55 6.85 5A5956 0.95
-5.7 8.55 7.799999 5A5956 0.95
3.8 7.6 7.799999 7E7976 0.95
-5.7 8.55 8.75 5A5956 0.95
3.8 7.6 8.75 5A5956 0.95
-5.7 8.55 9.700001 5A5956 0.95
3.8 7.6 9.700001 7E7976 0.95
-5.7 8.55 -2.65 7E7976 0.95
2.85 8.55 1.15 5A5956 0.95
2.85 8.55 2.1 5A5956 0.95
2.85 8.55 3.049999 5A5956 0.95
2.85 8.55 4 5A5956 0.95
2.85 8.55 4.950001 5A5956 0.95
2.85 8.55 5.9 5A5956 0.95
2.85 8.55 6.85 5A5956 0.95
-5.7 8.55 10.65 7E7976 0.95
-5.7 9.5 -1.700001 8C8984 0.95
-5.7 9.5 -0.75 8C8984 0.95
-5.7 9.5 0.2000008 8C8984 0.95
-5.7 9.5 1.15 8C8984 0.95
-5.7 9.5 2.1 8C8984 0.95
-5.7 9.5 3.049999 8C8984 0.95
5.7 9.5 4 6B6966 0.95
-5.7 9.5 4.950001 8C8984 0.95
-5.7 9.5 5.9 8C8984 0.95
-5.7 9.5 6.85 8C8984 0.95
-5.7 9.5 7.799999 8C8984 0.95
-5.7 9.5 8.75 8C8984 0.95
-5.7 9.5 9.700001 8C8984 0.95
-4.75 5.7 -2.65 7E7976 0.95
-4.75 5.7 -1.700001 5A5956 0.95
-4.75 5.7 -0.75 7E7976 0.95
-4.75 7.6 0.2000008 5A5956 0.95
-4.75 7.6 1.15 5A5956 0.95
-4.75 7.6 2.1 5A5956 0.95
-4.75 7.6 3.049999 5A5956 0.95
-4.75 7.6 4 5A5956 0.95
-4.75 7.6 4.950001 5A5956 0.95
-4.75 7.6 5.9 5A5956 0.95
-4.75 7.6 6.85 5A5956 0.95
-4.75 7.6 7.799999 5A5956 0.95
-4.75 5.7 8.75 7E7976 0.95
-4.75 5.7 9.700001 5A5956 0.95
-4.75 5.7 10.65 7E7976 0.95
-4.75 0 -6.45 6B6966 0.95
-4.75 0 -5.5 6B6966 0.95
-4.75 0 -4.55 6B6966 0.95
-4.75 0 -3.6 6B6966 0.95
-4.75 0 -2.65 6B6966 0.95
-4.75 0 -1.700001 6B6966 0.95
-4.75 0 9.700001 6B6966 0.95
-4.75 0 10.65 6B6966 0.95
-4.75 0 11.6 6B6966 0.95
-4.75 0 12.55 6B6966 0.95
-4.75 0 13.5 6B6966 0.95
-4.75 0 14.45 6B6966 0.95
3.8 4.75 -3.6 5A5956 0.95
-4.75 4.75 -2.65 5A5956 0.95
-4.75 4.75 -1.700001 5A5956 0.95
-4.75 4.75 9.700001 5A5956 0.95
-4.75 4.75 10.65 5A5956 0.95
3.8 4.75 11.6 5A5956 0.95
-4.75 5.7 -3.6 8C8984 0.95
-4.75 7.6 -2.65 5A5956 0.95
-4.75 7.6 -1.700001 5A5956 0.95
-4.75 7.6 -0.75 5A5956 0.95
-4.75 7.6 8.75 5A5956 0.95
-4.75 7.6 9.700001 5A5956 0.95
-4.75 7.6 10.65 5A5956 0.95
-4.75 5.7 11.6 8C8984 0.95
-4.75 6.65 -2.65 6B6966 0.95
-4.75 6.65 7.799999 6B6966 0.95
-4.75 6.65 0.2000008 6B6966 0.95
-4.75 6.65 10.65 6B6966 0.95
-4.75 8.55 -1.700001 5A5956 0.95
-4.75 8.55 -0.75 5A5956 0.95
-4.75 8.55 0.2000008 5A5956 0.95
-4.75 8.55 1.15 5A5956 0.95
-4.75 8.55 2.1 5A5956 0.95
-4.75 8.55 3.049999 5A5956 0.95
-4.75 8.55 4 5A5956 0.95
-4.75 8.55 4.950001 5A5956 0.95
-4.75 8.55 5.9 5A5956 0.95
-4.75 8.55 6.85 5A5956 0.95
-4.75 8.55 7.799999 5A5956 0.95
-4.75 8.55 8.75 5A5956 0.95
-4.75 8.55 9.700001 5A5956 0.95
-4.75 8.55 -2.65 7E7976 0.95
2.85 8.55 -1.700001 7E7976 0.95
2.85 8.55 -0.75 5A5956 0.95
2.85 8.55 0.2000008 5A5956 0.95
2.85 8.55 7.799999 5A5956 0.95
2.85 8.55 8.75 5A5956 0.95
2.85 8.55 9.700001 7E7976 0.95
-4.75 8.55 10.65 7E7976 0.95
-4.75 9.5 -1.700001 8C8984 0.95
2.85 9.5 -0.75 7E7976 0.95
2.85 9.5 0.2000008 5A5956 0.95
2.85 9.5 1.15 7E7976 0.95
-4.75 9.5 2.1 8C8984 0.95
-4.75 9.5 3.049999 8C8984 0.95
-4.75 9.5 4 8C8984 0.95
-4.75 9.5 4.950001 8C8984 0.95
-4.75 9.5 5.9 8C8984 0.95
2.85 9.5 6.85 7E7976 0.95
2.85 9.5 7.799999 5A5956 0.95
2.85 9.5 8.75 7E7976 0.95
-4.75 9.5 9.700001 8C8984 0.95
-3.8 5.7 -3.6 5A5956 0.95
-3.8 7.6 -2.65 5A5956 0.95
-3.8 7.6 -1.700001 5A5956 0.95
-3.8 7.6 -0.75 5A5956 0.95
-3.8 7.6 0.2000008 7E7976 0.95
-3.8 8.55 1.15 5A5956 0.95
-3.8 8.55 2.1 5A5956 0.95
-3.8 8.55 3.049999 5A5956 0.95
-3.8 8.55 4 5A5956 0.95
-3.8 8.55 4.950001 5A5956 0.95
-3.8 8.55 5.9 5A5956 0.95
-3.8 8.55 6.85 5A5956 0.95
-3.8 7.6 7.799999 7E7976 0.95
-3.8 7.6 8.75 5A5956 0.95
-3.8 7.6 9.700001 5A5956 0.95
-3.8 7.6 10.65 5A5956 0.95
-3.8 5.7 11.6 5A5956 0.95
-3.8 4.75 -3.6 5A5956 0.95
-3.8 4.75 11.6 5A5956 0.95
-3.8 6.65 -1.700001 5A5956 0.95
-3.8 6.65 -0.75 5A5956 0.95
-3.8 6.65 8.75 5A5956 0.95
-3.8 6.65 9.700001 5A5956 0.95
-3.8 8.55 -1.700001 5A5956 0.95
-3.8 8.55 -0.75 5A5956 0.95
-3.8 8.55 0.2000008 5A5956 0.95
-3.8 8.55 7.799999 5A5956 0.95
-3.8 8.55 8.75 5A5956 0.95
-3.8 8.55 9.700001 5A5956 0.95
-3.8 8.55 -2.65 7E7976 0.95
-3.8 9.5 1.15 6B6966 0.95
-3.8 9.5 6.85 6B6966 0.95
-3.8 8.55 10.65 7E7976 0.95
-3.8 9.5 -1.700001 6B6966 0.95
-3.8 9.5 -0.75 8C8984 0.95
-3.8 9.5 0.2000008 8C8984 0.95
-3.8 9.5 2.1 8C8984 0.95
-3.8 9.5 3.049999 8C8984 0.95
-3.8 9.5 4 8C8984 0.95
-3.8 9.5 4.950001 8C8984 0.95
-3.8 9.5 5.9 8C8984 0.95
-3.8 9.5 7.799999 8C8984 0.95
-3.8 9.5 8.75 8C8984 0.95
-3.8 9.5 9.700001 8C8984 0.95
-3.8 10.45 -0.75 6B6966 0.95
1.9 10.45 -0.75 7E7976 0.95
-3.8 10.45 5.9 6B6966 0.95
1.9 10.45 0.2000008 5A5956 0.95
1.9 10.45 1.15 5A5956 0.95
-3.8 10.45 2.1 6B6966 0.95
1.9 10.45 6.85 5A5956 0.95
1.9 10.45 7.799999 5A5956 0.95
1.9 10.45 8.75 7E7976 0.95
-3.8 10.45 8.75 6B6966 0.95
-3.8 11.4 -0.75 6B6966 0.95
1.9 11.4 0.2000008 5A5956 0.95
-3.8 11.4 5.9 6B6966 0.95
1.9 11.4 1.15 5A5956 0.95
-3.8 11.4 2.1 6B6966 0.95
1.9 11.4 6.85 5A5956 0.95
1.9 11.4 7.799999 5A5956 0.95
-3.8 11.4 8.75 6B6966 0.95
-3.8 12.35 -0.75 8C8984 0.95
1.9 12.35 0.2000008 5A5956 0.95
1.9 12.35 1.15 5A5956 0.95
1.9 12.35 2.1 7E7976 0.95
1.9 12.35 5.9 7E7976 0.95
1.9 12.35 6.85 5A5956 0.95
1.9 12.35 7.799999 5A5956 0.95
-3.8 12.35 8.75 8C8984 0.95
1.9 13.3 0.2000008 7E7976 0.95
1.9 13.3 1.15 5A5956 0.95
1.9 13.3 2.1 7E7976 0.95
1.9 13.3 5.9 7E7976 0.95
1.9 13.3 6.85 5A5956 0.95
1.9 13.3 7.799999 7E7976 0.95
-3.8 14.25 0.2000008 7E7976 0.95
-3.8 14.25 7.799999 7E7976 0.95
-2.85 5.7 -2.65 7E7976 0.95
-2.85 7.6 -1.700001 5A5956 0.95
-2.85 7.6 -0.75 5A5956 0.95
-2.85 8.55 0.2000008 5A5956 0.95
-2.85 9.5 1.15 7E7976 0.95
-2.85 12.35 2.1 6B6966 0.95
-2.85 16.15 3.049999 5A5956 0.95
-2.85 16.15 4 5A5956 0.95
-2.85 16.15 4.950001 5A5956 0.95
-2.85 12.35 5.9 6B6966 0.95
-2.85 9.5 6.85 7E7976 0.95
-2.85 8.55 7.799999 5A5956 0.95
-2.85 7.6 8.75 5A5956 0.95
-2.85 7.6 9.700001 5A5956 0.95
-2.85 5.7 10.65 7E7976 0.95
-2.85 5.7 -3.6 7E7976 0.95
-2.85 5.7 11.6 7E7976 0.95
-2.85 7.6 -2.65 5A5956 0.95
-2.85 6.65 -2.65 8C8984 0.95
-2.85 7.6 10.65 5A5956 0.95
-2.85 6.65 10.65 8C8984 0.95
-2.85 8.55 -1.700001 5A5956 0.95
-2.85 8.55 -0.75 5A5956 0.95
-2.85 8.55 8.75 5A5956 0.95
-2.85 8.55 9.700001 5A5956 0.95
-2.85 8.55 -2.65 7E7976 0.95
-2.85 8.55 6.85 6B6966 0.95
-2.85 9.5 -0.75 5A5956 0.95
-2.85 9.5 0.2000008 5A5956 0.95
-2.85 8.55 1.15 5A5956 0.95
-2.85 8.55 2.1 5A5956 0.95
-2.85 8.55 3.049999 5A5956 0.95
-2.85 8.55 4 5A5956 0.95
-2.85 8.55 4.950001 5A5956 0.95
-2.85 8.55 5.9 5A5956 0.95
-2.85 9.5 7.799999 5A5956 0.95
-2.85 9.5 8.75 5A5956 0.95
-2.85 8.55 10.65 7E7976 0.95
-2.85 9.5 -1.700001 8C8984 0.95
-2.85 16.15 1.15 5A5956 0.95
-2.85 16.15 6.85 5A5956 0.95
-2.85 9.5 9.700001 8C8984 0.95
-2.85 10.45 -0.75 6B6966 0.95
-2.85 10.45 5.9 6B6966 0.95
-2.85 10.45 2.1 6B6966 0.95
-2.85 10.45 8.75 6B6966 0.95
-2.85 11.4 -0.75 6B6966 0.95
-2.85 11.4 5.9 6B6966 0.95
-2.85 11.4 2.1 6B6966 0.95
-2.85 11.4 8.75 6B6966 0.95
-2.85 12.35 -0.75 6B6966 0.95
-2.85 16.15 2.1 5A5956 0.95
-2.85 16.15 5.9 5A5956 0.95
-2.85 12.35 8.75 6B6966 0.95
-2.85 13.3 0.2000008 6B6966 0.95
-2.85 13.3 5.9 6B6966 0.95
-2.85 13.3 2.1 6B6966 0.95
-2.85 13.3 7.799999 6B6966 0.95
-2.85 14.25 0.2000008 6B6966 0.95
1.9 14.25 1.15 5A5956 0.95
-2.85 14.25 5.9 6B6966 0.95
1.9 14.25 2.1 7E7976 0.95
-2.85 14.25 2.1 6B6966 0.95
1.9 14.25 5.9 7E7976 0.95
1.9 14.25 6.85 5A5956 0.95
-2.85 14.25 7.799999 6B6966 0.95
-2.85 15.2 0.2000008 6B6966 0.95
0.95 15.2 1.15 5A5956 0.95
-2.85 15.2 4.950001 6B6966 0.95
0.95 15.2 2.1 5A5956 0.95
-2.85 15.2 3.049999 6B6966 0.95
0.95 15.2 5.9 5A5956 0.95
0.95 15.2 6.85 5A5956 0.95
-2.85 15.2 7.799999 6B6966 0.95
-2.85 16.15 0.2000008 7E7976 0.95
-2.85 17.1 1.15 5A5956 0.95
0.95 16.15 1.15 7E7976 0.95
-2.85 17.1 2.1 5A5956 0.95
0.95 16.15 2.1 5A5956 0.95
-2.85 17.1 3.049999 5A5956 0.95
1.9 16.15 3.049999 5A5956 0.95
-2.85 17.1 4 5A5956 0.95
1.9 16.15 4 5A5956 0.95
-2.85 17.1 4.950001 5A5956 0.95
1.9 16.15 4.950001 5A5956 0.95
-2.85 17.1 5.9 5A5956 0.95
0.95 16.15 5.9 5A5956 0.95
-2.85 17.1 6.85 5A5956 0.95
0.95 16.15 6.85 7E7976 0.95
-2.85 16.15 7.799999 7E7976 0.95
-2.85 17.1 0.2000008 7E7976 0.95
0.95 17.1 1.15 7E7976 0.95
0.95 17.1 2.1 5A5956 0.95
1.9 17.1 3.049999 5A5956 0.95
1.9 17.1 4 5A5956 0.95
1.9 17.1 4.950001 5A5956 0.95
0.95 17.1 5.9 5A5956 0.95
0.95 17.1 6.85 7E7976 0.95
-2.85 17.1 7.799999 7E7976 0.95
-2.85 18.05 1.15 8C8984 0.95
-2.85 18.05 4 8C8984 0.95
2.85 18.05 4 6B6966 0.95
-2.85 18.05 6.85 8C8984 0.95
-1.9 5.7 -2.65 7E7976 0.95
-1.9 7.6 -1.700001 5A5956 0.95
-1.9 7.6 -0.75 5A5956 0.95
-1.9 8.55 0.2000008 5A5956 0.95
-1.9 13.3 1.15 5A5956 0.95
-1.9 13.3 2.1 7E7976 0.95
-1.9 17.1 3.049999 5A5956 0.95
-1.9 17.1 4 5A5956 0.95
-1.9 17.1 4.950001 5A5956 0.95
-1.9 13.3 5.9 7E7976 0.95
-1.9 13.3 6.85 5A5956 0.95
-1.9 8.55 7.799999 5A5956 0.95
-1.9 7.6 8.75 5A5956 0.95
-1.9 7.6 9.700001 5A5956 0.95
-1.9 5.7 10.65 7E7976 0.95
-1.9 7.6 -2.65 5A5956 0.95
-1.9 6.65 -2.65 8C8984 0.95
-1.9 7.6 10.65 5A5956 0.95
-1.9 6.65 10.65 8C8984 0.95
-1.9 8.55 -1.700001 5A5956 0.95
-1.9 8.55 -0.75 5A5956 0.95
-1.9 8.55 8.75 5A5956 0.95
-1.9 8.55 9.700001 5A5956 0.95
-1.9 8.55 -2.65 7E7976 0.95
-1.9 8.55 6.85 6B6966 0.95
-1.9 13.3 0.2000008 7E7976 0.95
-1.9 8.55 1.15 6B6966 0.95
-1.9 13.3 7.799999 7E7976 0.95
-1.9 8.55 10.65 7E7976 0.95
-1.9 9.5 -1.700001 8C8984 0.95
-1.9 9.5 -0.75 8C8984 0.95
-1.9 9.5 0.2000008 8C8984 0.95
-1.9 9.5 7.799999 8C8984 0.95
-1.9 9.5 8.75 8C8984 0.95
-1.9 9.5 9.700001 8C8984 0.95
-1.9 10.45 -0.75 7E7976 0.95
-1.9 10.45 0.2000008 5A5956 0.95
-1.9 10.45 1.15 5A5956 0.95
-1.9 10.45 6.85 5A5956 0.95
-1.9 10.45 7.799999 5A5956 0.95
-1.9 10.45 8.75 7E7976 0.95
-1.9 11.4 0.2000008 5A5956 0.95
-1.9 11.4 1.15 5A5956 0.95
-1.9 11.4 6.85 5A5956 0.95
-1.9 11.4 7.799999 5A5956 0.95
-1.9 12.35 0.2000008 5A5956 0.95
-1.9 12.35 1.15 5A5956 0.95
-1.9 12.35 2.1 7E7976 0.95
-1.9 12.35 5.9 7E7976 0.95
-1.9 12.35 6.85 5A5956 0.95
-1.9 12.35 7.799999 5A5956 0.95
-1.9 16.15 1.15 5A5956 0.95
-1.9 17.1 2.1 5A5956 0.95
-1.9 17.1 5.9 5A5956 0.95
-1.9 16.15 6.85 5A5956 0.95
-1.9 14.25 0.2000008 8C8984 0.95
-1.9 14.25 5.9 8C8984 0.95
-1.9 14.25 2.1 8C8984 0.95
-1.9 14.25 7.799999 8C8984 0.95
-1.9 15.2 0.2000008 6B6966 0.95
-1.9 15.2 4.950001 6B6966 0.95
-1.9 15.2 3.049999 6B6966 0.95
-1.9 15.2 7.799999 6B6966 0.95
-1.9 16.15 0.2000008 7E7976 0.95
-1.9 17.1 1.15 5A5956 0.95
-1.9 16.15 4.950001 6B6966 0.95
-1.9 16.15 2.1 5A5956 0.95
-1.9 16.15 3.049999 5A5956 0.95
-1.9 16.15 4 5A5956 0.95
-1.9 16.15 5.9 5A5956 0.95
-1.9 17.1 6.85 5A5956 0.95
-1.9 16.15 7.799999 7E7976 0.95
-1.9 17.1 0.2000008 7E7976 0.95
-1.9 18.05 3.049999 6B6966 0.95
-1.9 18.05 4.950001 6B6966 0.95
-1.9 17.1 7.799999 7E7976 0.95
-1.9 18.05 1.15 6B6966 0.95
-1.9 18.05 2.1 8C8984 0.95
0.95 18.05 2.1 5A5956 0.95
0.95 18.05 3.049999 7E7976 0.95
-1.9 18.05 4 8C8984 0.95
0.95 18.05 4.950001 7E7976 0.95
-1.9 18.05 5.9 8C8984 0.95
0.95 18.05 5.9 5A5956 0.95
-1.9 18.05 6.85 8C8984 0.95
-1.9 19 1.15 6B6966 0.95
0.95 19 2.1 5A5956 0.95
-1.9 19 4.950001 6B6966 0.95
0.95 19 3.049999 7E7976 0.95
-1.9 19 3.049999 6B6966 0.95
0.95 19 4.950001 7E7976 0.95
0.95 19 5.9 5A5956 0.95
-1.9 19 6.85 6B6966 0.95
-1.9 19.95 1.15 6B6966 0.95
0.95 19.95 2.1 5A5956 0.95
-1.9 19.95 4.950001 6B6966 0.95
0.95 19.95 3.049999 7E7976 0.95
-1.9 19.95 3.049999 6B6966 0.95
0.95 19.95 4.950001 7E7976 0.95
0.95 19.95 5.9 5A5956 0.95
-1.9 19.95 6.85 6B6966 0.95
0.95 20.9 2.1 7E7976 0.95
-1.9 20.9 4 6B6966 0.95
0.95 20.9 3.049999 5A5956 0.95
0.95 20.9 4.950001 5A5956 0.95
0.95 20.9 5.9 7E7976 0.95
0.95 21.85 2.1 7E7976 0.95
0.95 21.85 3.049999 5A5956 0.95
1.9 21.85 4 5A5956 0.95
0.95 21.85 4.950001 5A5956 0.95
0.95 21.85 5.9 7E7976 0.95
0.95 22.8 2.1 7E7976 0.95
-1.9 22.8 4 8C8984 0.95
0.95 22.8 3.049999 5A5956 0.95
0.95 22.8 4.950001 5A5956 0.95
0.95 22.8 5.9 7E7976 0.95
0.95 23.75 2.1 7E7976 0.95
-1.9 23.75 4 8C8984 0.95
0.95 23.75 3.049999 5A5956 0.95
0.95 23.75 4.950001 5A5956 0.95
0.95 23.75 5.9 7E7976 0.95
-1.9 24.7 2.1 8C8984 0.95
-1.9 24.7 5.9 8C8984 0.95
-0.95 5.7 -2.65 7E7976 0.95
-0.95 7.6 -1.700001 5A5956 0.95
-0.95 7.6 -0.75 5A5956 0.95
-0.95 8.55 0.2000008 5A5956 0.95
-0.95 16.15 1.15 5A5956 0.95
-0.95 17.1 2.1 5A5956 0.95
-0.95 19.95 3.049999 7E7976 0.95
-0.95 38 4 5A5956 0.95
-0.95 19.95 4.950001 7E7976 0.95
-0.95 17.1 5.9 5A5956 0.95
-0.95 16.15 6.85 5A5956 0.95
-0.95 8.55 7.799999 5A5956 0.95
-0.95 7.6 8.75 5A5956 0.95
-0.95 7.6 9.700001 5A5956 0.95
-0.95 5.7 10.65 7E7976 0.95
-0.95 7.6 -2.65 5A5956 0.95
-0.95 6.65 -2.65 8C8984 0.95
-0.95 7.6 10.65 5A5956 0.95
-0.95 6.65 10.65 8C8984 0.95
-0.95 8.55 -1.700001 5A5956 0.95
-0.95 8.55 -0.75 5A5956 0.95
-0.95 8.55 8.75 5A5956 0.95
-0.95 8.55 9.700001 5A5956 0.95
-0.95 8.55 -2.65 7E7976 0.95
-0.95 8.55 6.85 6B6966 0.95
-0.95 8.55 1.15 6B6966 0.95
-0.95 8.55 10.65 7E7976 0.95
-0.95 9.5 -1.700001 8C8984 0.95
-0.95 9.5 -0.75 8C8984 0.95
-0.95 9.5 0.2000008 8C8984 0.95
-0.95 9.5 7.799999 8C8984 0.95
-0.95 9.5 8.75 8C8984 0.95
-0.95 9.5 9.700001 8C8984 0.95
-1.9 14.25 1.15 5A5956 0.95
-1.9 14.25 6.85 5A5956 0.95
-0.95 15.2 1.15 5A5956 0.95
-0.95 15.2 2.1 5A5956 0.95
-0.95 15.2 5.9 5A5956 0.95
-0.95 15.2 6.85 5A5956 0.95
-0.95 16.15 0.2000008 7E7976 0.95
-0.95 17.1 1.15 5A5956 0.95
-0.95 16.15 5.9 6B6966 0.95
-0.95 16.15 2.1 5A5956 0.95
-0.95 17.1 6.85 5A5956 0.95
-0.95 16.15 7.799999 7E7976 0.95
-0.95 17.1 0.2000008 7E7976 0.95
-0.95 19.95 2.1 5A5956 0.95
-0.95 19.95 5.9 5A5956 0.95
-0.95 17.1 7.799999 7E7976 0.95
-0.95 18.05 1.15 8C8984 0.95
-0.95 18.05 2.1 8C8984 0.95
-0.95 18.05 3.049999 7E7976 0.95
-0.95 18.05 4.950001 7E7976 0.95
-0.95 18.05 5.9 8C8984 0.95
-0.95 18.05 6.85 8C8984 0.95
-0.95 19 2.1 5A5956 0.95
-0.95 19 3.049999 7E7976 0.95
-0.95 19 4.950001 7E7976 0.95
-0.95 19 5.9 5A5956 0.95
-0.95 19.95 1.15 8C8984 0.95
-0.95 21.85 2.1 5A5956 0.95
-0.95 21.85 5.9 5A5956 0.95
-0.95 19.95 6.85 8C8984 0.95
-0.95 20.9 2.1 8C8984 0.95
-0.95 20.9 4 8C8984 0.95
-0.95 20.9 5.9 8C8984 0.95
-0.95 21.85 4 8C8984 0.95
-0.95 22.8 2.1 6B6966 0.95
-0.95 22.8 4 6B6966 0.95
-0.95 22.8 5.9 6B6966 0.95
-0.95 23.75 2.1 6B6966 0.95
-0.95 23.75 4 6B6966 0.95
-0.95 23.75 5.9 6B6966 0.95
-0.95 24.7 2.1 6B6966 0.95
0.95 24.7 3.049999 5A5956 0.95
-0.95 24.7 4 6B6966 0.95
0.95 24.7 4.950001 5A5956 0.95
-0.95 24.7 5.9 6B6966 0.95
-0.95 25.65 2.1 6B6966 0.95
0.95 25.65 3.049999 5A5956 0.95
-0.95 25.65 4 6B6966 0.95
0.95 25.65 4.950001 5A5956 0.95
-0.95 25.65 5.9 6B6966 0.95
-0.95 26.6 2.1 6B6966 0.95
0.95 26.6 3.049999 5A5956 0.95
-0.95 26.6 4 6B6966 0.95
0.95 26.6 4.950001 5A5956 0.95
-0.95 26.6 5.9 6B6966 0.95
-0.95 27.55 2.1 6B6966 0.95
0 27.55 3.049999 5A5956 0.95
-0.95 27.55 4 6B6966 0.95
0 27.55 4.950001 5A5956 0.95
-0.95 27.55 5.9 6B6966 0.95
-0.95 28.5 2.1 6B6966 0.95
0 28.5 3.049999 5A5956 0.95
-0.95 28.5 4 6B6966 0.95
0 28.5 4.950001 5A5956 0.95
-0.95 28.5 5.9 6B6966 0.95
-0.95 29.45 2.1 6B6966 0.95
0 29.45 3.049999 5A5956 0.95
-0.95 29.45 4 6B6966 0.95
0 29.45 4.950001 5A5956 0.95
-0.95 29.45 5.9 6B6966 0.95
0 30.4 3.049999 5A5956 0.95
-0.95 30.4 4 6B6966 0.95
0 30.4 4.950001 5A5956 0.95
0 31.35 3.049999 5A5956 0.95
-0.95 31.35 4 6B6966 0.95
0 31.35 4.950001 5A5956 0.95
0 32.3 3.049999 5A5956 0.95
-0.95 32.3 4 6B6966 0.95
0 32.3 4.950001 5A5956 0.95
0 33.25 3.049999 5A5956 0.95
-0.95 33.25 4 6B6966 0.95
0 33.25 4.950001 5A5956 0.95
0 34.2 3.049999 5A5956 0.95
-0.95 34.2 4 6B6966 0.95
0 34.2 4.950001 5A5956 0.95
0 35.15 3.049999 5A5956 0.95
-0.95 35.15 4 6B6966 0.95
0 35.15 4.950001 5A5956 0.95
0 36.1 3.049999 7E7976 0.95
-0.95 36.1 4 8C8984 0.95
0 36.1 4.950001 7E7976 0.95
0 37.05 3.049999 7E7976 0.95
-0.95 37.05 4 8C8984 0.95
0 37.05 4.950001 7E7976 0.95
-0.95 42.75 3.049999 5A5956 0.95
0 38 3.049999 7E7976 0.95
-0.95 42.75 4 5A5956 0.95
-0.95 42.75 4.950001 5A5956 0.95
0 38 4.950001 7E7976 0.95
0 38.95 3.049999 7E7976 0.95
-0.95 38.95 4 8C8984 0.95
0 38.95 4.950001 7E7976 0.95
-0.95 39.9 3.049999 8C8984 0.95
-0.95 39.9 4 8C8984 0.95
-0.95 39.9 4.950001 8C8984 0.95
-0.95 40.85 3.049999 8C8984 0.95
-0.95 40.85 4 8C8984 0.95
-0.95 40.85 4.950001 8C8984 0.95
-0.95 42.75 2.1 7E7976 0.95
-0.95 42.75 5.9 7E7976 0.95
-0.95 44.65 3.049999 7E7976 0.95
-0.95 44.65 4 7E7976 0.95
-0.95 44.65 4.950001 7E7976 0.95
0 6.65 -2.65 5A5956 0.95
0 7.6 -1.700001 5A5956 0.95
0 7.6 -0.75 5A5956 0.95
0 8.55 0.2000008 5A5956 0.95
0 16.15 1.15 5A5956 0.95
0 17.1 2.1 5A5956 0.95
0 42.75 4 5A5956 0.95
0 17.1 5.9 5A5956 0.95
0 16.15 6.85 5A5956 0.95
0 8.55 7.799999 5A5956 0.95
0 7.6 8.75 5A5956 0.95
0 7.6 9.700001 5A5956 0.95
0 6.65 10.65 5A5956 0.95
0 7.6 -2.65 5A5956 0.95
0 7.6 10.65 5A5956 0.95
0 8.55 -1.700001 5A5956 0.95
0 8.55 -0.75 5A5956 0.95
0 8.55 8.75 5A5956 0.95
0 8.55 9.700001 5A5956 0.95
0 8.55 -2.65 7E7976 0.95
0 8.55 6.85 6B6966 0.95
0 8.55 1.15 6B6966 0.95
0 8.55 10.65 7E7976 0.95
0 9.5 -1.700001 7E7976 0.95
0 9.5 9.700001 7E7976 0.95
0 9.5 -0.75 8C8984 0.95
0 9.5 0.2000008 8C8984 0.95
0 9.5 7.799999 8C8984 0.95
0 9.5 8.75 8C8984 0.95
0 16.15 0.2000008 7E7976 0.95
0 17.1 1.15 5A5956 0.95
0 16.15 5.9 6B6966 0.95
0 16.15 2.1 6B6966 0.95
0 17.1 6.85 5A5956 0.95
0 16.15 7.799999 7E7976 0.95
0 17.1 0.2000008 7E7976 0.95
0 21.85 2.1 5A5956 0.95
0 21.85 5.9 5A5956 0.95
0 17.1 7.799999 7E7976 0.95
0 18.05 6.85 7E7976 0.95
0 18.05 1.15 8C8984 0.95
0 18.05 2.1 8C8984 0.95
0 18.05 5.9 8C8984 0.95
0 18.05 7.799999 7E7976 0.95
-0.95 20.9 3.049999 5A5956 0.95
-0.95 20.9 4.950001 5A5956 0.95
-0.95 21.85 3.049999 5A5956 0.95
-0.95 21.85 4.950001 5A5956 0.95
-0.95 22.8 3.049999 5A5956 0.95
-0.95 22.8 4.950001 5A5956 0.95
-0.95 23.75 3.049999 5A5956 0.95
-0.95 23.75 4.950001 5A5956 0.95
-0.95 24.7 3.049999 5A5956 0.95
-0.95 24.7 4.950001 5A5956 0.95
-0.95 25.65 3.049999 5A5956 0.95
-0.95 25.65 4.950001 5A5956 0.95
-0.95 26.6 3.049999 5A5956 0.95
-0.95 26.6 4.950001 5A5956 0.95
0 42.75 3.049999 5A5956 0.95
0 42.75 4.950001 5A5956 0.95
0 42.75 2.1 7E7976 0.95
0 43.7 3.049999 5A5956 0.95
0 43.7 4 5A5956 0.95
0 43.7 4.950001 5A5956 0.95
0 42.75 5.9 7E7976 0.95
0 44.65 3.049999 7E7976 0.95
0 44.65 4.950001 7E7976 0.95
0 49.4 4 8C8984 0.95
0.95 5.7 -2.65 7E7976 0.95
0.95 7.6 -1.700001 5A5956 0.95
0.95 7.6 -0.75 5A5956 0.95
0.95 8.55 0.2000008 5A5956 0.95
0.95 38 4 5A5956 0.95
0.95 8.55 7.799999 5A5956 0.95
0.95 7.6 8.75 5A5956 0.95
0.95 7.6 9.700001 5A5956 0.95
0.95 5.7 10.65 7E7976 0.95
0.95 7.6 -2.65 5A5956 0.95
0.95 6.65 -2.65 8C8984 0.95
0.95 7.6 10.65 5A5956 0.95
0.95 6.65 10.65 8C8984 0.95
0.95 8.55 -1.700001 5A5956 0.95
0.95 8.55 -0.75 5A5956 0.95
0.95 8.55 8.75 5A5956 0.95
0.95 8.55 9.700001 5A5956 0.95
0.95 8.55 -2.65 7E7976 0.95
0.95 8.55 6.85 6B6966 0.95
0.95 8.55 1.15 6B6966 0.95
0.95 8.55 10.65 7E7976 0.95
0.95 9.5 -1.700001 8C8984 0.95
0.95 9.5 -0.75 8C8984 0.95
0.95 9.5 0.2000008 8C8984 0.95
0.95 9.5 7.799999 8C8984 0.95
0.95 9.5 8.75 8C8984 0.95
0.95 9.5 9.700001 8C8984 0.95
0.95 16.15 0.2000008 7E7976 0.95
0.95 16.15 7.799999 7E7976 0.95
0.95 17.1 0.2000008 7E7976 0.95
0.95 17.1 7.799999 7E7976 0.95
0.95 18.05 1.15 8C8984 0.95
0.95 18.05 6.85 8C8984 0.95
0.95 19.95 1.15 8C8984 0.95
0.95 38 3.049999 5A5956 0.95
0.95 38 4.950001 5A5956 0.95
0.95 19.95 6.85 8C8984 0.95
0.95 20.9 4 8C8984 0.95
0.95 21.85 4 8C8984 0.95
1.9 21.85 3.049999 5A5956 0.95
1.9 21.85 4.950001 5A5956 0.95
0.95 22.8 4 6B6966 0.95
0.95 23.75 4 6B6966 0.95
0.95 24.7 2.1 6B6966 0.95
0.95 24.7 4 6B6966 0.95
0.95 24.7 5.9 6B6966 0.95
0.95 25.65 2.1 6B6966 0.95
0.95 25.65 4 6B6966 0.95
0.95 25.65 5.9 6B6966 0.95
0.95 26.6 2.1 6B6966 0.95
0.95 26.6 4 6B6966 0.95
0.95 26.6 5.9 6B6966 0.95
0.95 27.55 2.1 6B6966 0.95
0.95 27.55 4 6B6966 0.95
0.95 27.55 5.9 6B6966 0.95
0.95 28.5 2.1 6B6966 0.95
0.95 28.5 4 6B6966 0.95
0.95 28.5 5.9 6B6966 0.95
0.95 29.45 2.1 6B6966 0.95
0.95 29.45 4 6B6966 0.95
0.95 29.45 5.9 6B6966 0.95
0.95 30.4 3.049999 6B6966 0.95
0.95 30.4 4 6B6966 0.95
0.95 30.4 4.950001 6B6966 0.95
0.95 31.35 3.049999 6B6966 0.95
0.95 31.35 4 6B6966 0.95
0.95 31.35 4.950001 6B6966 0.95
0.95 32.3 3.049999 6B6966 0.95
0.95 32.3 4 6B6966 0.95
0.95 32.3 4.950001 6B6966 0.95
0.95 33.25 3.049999 6B6966 0.95
0.95 33.25 4 6B6966 0.95
0.95 33.25 4.950001 6B6966 0.95
0.95 34.2 3.049999 6B6966 0.95
0.95 34.2 4 6B6966 0.95
0.95 34.2 4.950001 6B6966 0.95
0.95 35.15 3.049999 6B6966 0.95
0.95 35.15 4 6B6966 0.95
0.95 35.15 4.950001 6B6966 0.95
0.95 36.1 3.049999 8C8984 0.95
0.95 36.1 4 8C8984 0.95
0.95 36.1 4.950001 8C8984 0.95
0.95 37.05 3.049999 8C8984 0.95
0.95 37.05 4 8C8984 0.95
0.95 37.05 4.950001 8C8984 0.95
0.95 42.75 3.049999 5A5956 0.95
0.95 42.75 4 5A5956 0.95
0.95 42.75 4.950001 5A5956 0.95
0.95 38.95 3.049999 8C8984 0.95
0.95 38.95 4 8C8984 0.95
0.95 38.95 4.950001 8C8984 0.95
0.95 39.9 3.049999 8C8984 0.95
0.95 39.9 4 8C8984 0.95
0.95 39.9 4.950001 8C8984 0.95
0.95 40.85 3.049999 8C8984 0.95
0.95 40.85 4 8C8984 0.95
0.95 40.85 4.950001 8C8984 0.95
0.95 42.75 2.1 7E7976 0.95
0.95 43.7 3.049999 5A5956 0.95
0.95 43.7 4 5A5956 0.95
0.95 43.7 4.950001 5A5956 0.95
0.95 42.75 5.9 7E7976 0.95
0.95 44.65 3.049999 7E7976 0.95
0.95 44.65 4 7E7976 0.95
0.95 44.65 4.950001 7E7976 0.95
1.9 5.7 -2.65 7E7976 0.95
1.9 7.6 -1.700001 5A5956 0.95
1.9 7.6 -0.75 5A5956 0.95
1.9 8.55 0.2000008 5A5956 0.95
1.9 8.55 7.799999 5A5956 0.95
1.9 7.6 8.75 5A5956 0.95
1.9 7.6 9.700001 5A5956 0.95
1.9 5.7 10.65 7E7976 0.95
1.9 7.6 -2.65 5A5956 0.95
1.9 6.65 -2.65 8C8984 0.95
1.9 7.6 10.65 5A5956 0.95
1.9 6.65 10.65 8C8984 0.95
1.9 8.55 -1.700001 5A5956 0.95
1.9 8.55 -0.75 5A5956 0.95
1.9 8.55 8.75 5A5956 0.95
1.9 8.55 9.700001 5A5956 0.95
1.9 8.55 -2.65 7E7976 0.95
1.9 8.55 6.85 6B6966 0.95
1.9 8.55 1.15 6B6966 0.95
1.9 8.55 10.65 7E7976 0.95
1.9 9.5 -1.700001 8C8984 0.95
1.9 9.5 -0.75 8C8984 0.95
1.9 9.5 0.2000008 8C8984 0.95
1.9 9.5 7.799999 8C8984 0.95
1.9 9.5 8.75 8C8984 0.95
1.9 9.5 9.700001 8C8984 0.95
1.9 16.15 1.15 5A5956 0.95
1.9 17.1 2.1 5A5956 0.95
1.9 17.1 5.9 5A5956 0.95
1.9 16.15 6.85 5A5956 0.95
1.9 14.25 0.2000008 8C8984 0.95
1.9 14.25 7.799999 8C8984 0.95
1.9 15.2 0.2000008 6B6966 0.95
1.9 15.2 4.950001 6B6966 0.95
1.9 15.2 3.049999 6B6966 0.95
1.9 15.2 7.799999 6B6966 0.95
1.9 16.15 0.2000008 7E7976 0.95
1.9 17.1 1.15 5A5956 0.95
1.9 16.15 2.1 5A5956 0.95
1.9 16.15 5.9 5A5956 0.95
1.9 17.1 6.85 5A5956 0.95
1.9 16.15 7.799999 7E7976 0.95
1.9 17.1 0.2000008 7E7976 0.95
1.9 21.85 2.1 5A5956 0.95
1.9 18.05 3.049999 6B6966 0.95
1.9 18.05 4.950001 6B6966 0.95
1.9 21.85 5.9 5A5956 0.95
1.9 17.1 7.799999 7E7976 0.95
1.9 18.05 1.15 6B6966 0.95
1.9 18.05 2.1 8C8984 0.95
1.9 18.05 4 8C8984 0.95
1.9 18.05 5.9 8C8984 0.95
1.9 18.05 6.85 8C8984 0.95
1.9 19 1.15 6B6966 0.95
1.9 19 4.950001 6B6966 0.95
1.9 19 3.049999 6B6966 0.95
1.9 19 6.85 6B6966 0.95
1.9 19.95 1.15 6B6966 0.95
1.9 19.95 4.950001 6B6966 0.95
1.9 19.95 3.049999 6B6966 0.95
1.9 19.95 6.85 6B6966 0.95
1.9 20.9 2.1 6B6966 0.95
1.9 20.9 4 6B6966 0.95
1.9 20.9 5.9 6B6966 0.95
1.9 22.8 2.1 8C8984 0.95
1.9 22.8 4 8C8984 0.95
1.9 22.8 5.9 8C8984 0.95
1.9 23.75 2.1 8C8984 0.95
1.9 23.75 4 8C8984 0.95
1.9 23.75 5.9 8C8984 0.95
1.9 24.7 2.1 8C8984 0.95
1.9 24.7 3.049999 5A5956 0.95
1.9 24.7 4.950001 5A5956 0.95
1.9 24.7 5.9 8C8984 0.95
1.9 25.65 3.049999 5A5956 0.95
1.9 25.65 4.950001 5A5956 0.95
1.9 26.6 3.049999 5A5956 0.95
1.9 26.6 4.950001 5A5956 0.95
1.9 27.55 3.049999 5A5956 0.95
1.9 27.55 4.950001 5A5956 0.95
1.9 28.5 3.049999 5A5956 0.95
1.9 28.5 4.950001 5A5956 0.95
1.9 29.45 3.049999 5A5956 0.95
1.9 29.45 4.950001 5A5956 0.95
1.9 42.75 3.049999 6B6966 0.95
1.9 42.75 4 6B6966 0.95
1.9 42.75 4.950001 6B6966 0.95
2.85 5.7 -2.65 7E7976 0.95
2.85 7.6 -1.700001 5A5956 0.95
2.85 7.6 -0.75 5A5956 0.95
2.85 12.35 2.1 6B6966 0.95
2.85 16.15 3.049999 5A5956 0.95
2.85 16.15 4 5A5956 0.95
2.85 16.15 4.950001 5A5956 0.95
2.85 12.35 5.9 6B6966 0.95
2.85 7.6 8.75 5A5956 0.95
2.85 7.6 9.700001 5A5956 0.95
2.85 5.7 10.65 7E7976 0.95
2.85 5.7 -3.6 7E7976 0.95
2.85 5.7 11.6 7E7976 0.95
2.85 7.6 -2.65 5A5956 0.95
2.85 6.65 -2.65 8C8984 0.95
2.85 7.6 10.65 5A5956 0.95
2.85 6.65 10.65 8C8984 0.95
2.85 8.55 -2.65 7E7976 0.95
2.85 8.55 10.65 7E7976 0.95
2.85 9.5 -1.700001 8C8984 0.95
2.85 16.15 1.15 5A5956 0.95
2.85 16.15 6.85 5A5956 0.95
2.85 9.5 9.700001 8C8984 0.95
2.85 10.45 -0.75 6B6966 0.95
2.85 10.45 5.9 6B6966 0.95
2.85 10.45 2.1 6B6966 0.95
2.85 10.45 8.75 6B6966 0.95
2.85 11.4 -0.75 6B6966 0.95
2.85 11.4 5.9 6B6966 0.95
2.85 11.4 2.1 6B6966 0.95
2.85 11.4 8.75 6B6966 0.95
2.85 12.35 -0.75 6B6966 0.95
2.85 16.15 2.1 5A5956 0.95
2.85 16.15 5.9 5A5956 0.95
2.85 12.35 8.75 6B6966 0.95
2.85 13.3 0.2000008 6B6966 0.95
2.85 13.3 5.9 6B6966 0.95
2.85 13.3 2.1 6B6966 0.95
2.85 13.3 7.799999 6B6966 0.95
2.85 14.25 0.2000008 6B6966 0.95
2.85 14.25 5.9 6B6966 0.95
2.85 14.25 2.1 6B6966 0.95
2.85 14.25 7.799999 6B6966 0.95
2.85 15.2 0.2000008 6B6966 0.95
2.85 15.2 4.950001 6B6966 0.95
2.85 15.2 3.049999 6B6966 0.95
2.85 15.2 7.799999 6B6966 0.95
2.85 16.15 0.2000008 7E7976 0.95
2.85 17.1 1.15 5A5956 0.95
2.85 17.1 2.1 5A5956 0.95
2.85 17.1 3.049999 5A5956 0.95
2.85 17.1 4 5A5956 0.95
2.85 17.1 4.950001 5A5956 0.95
2.85 17.1 5.9 5A5956 0.95
2.85 17.1 6.85 5A5956 0.95
2.85 16.15 7.799999 7E7976 0.95
2.85 17.1 0.2000008 7E7976 0.95
2.85 18.05 3.049999 8C8984 0.95
2.85 18.05 4.950001 8C8984 0.95
2.85 17.1 7.799999 7E7976 0.95
2.85 18.05 1.15 8C8984 0.95
2.85 18.05 2.1 8C8984 0.95
2.85 18.05 5.9 8C8984 0.95
2.85 18.05 6.85 8C8984 0.95
2.85 19 2.1 5A5956 0.95
2.85 19 3.049999 7E7976 0.95
2.85 19 4.950001 7E7976 0.95
2.85 19 5.9 5A5956 0.95
2.85 19.95 2.1 5A5956 0.95
2.85 19.95 3.049999 7E7976 0.95
2.85 19.95 4.950001 7E7976 0.95
2.85 19.95 5.9 5A5956 0.95
1.9 20.9 3.049999 5A5956 0.95
1.9 20.9 4.950001 5A5956 0.95
1.9 22.8 3.049999 5A5956 0.95
1.9 22.8 4.950001 5A5956 0.95
1.9 23.75 3.049999 5A5956 0.95
1.9 23.75 4.950001 5A5956 0.95
3.8 5.7 -3.6 5A5956 0.95
3.8 7.6 -2.65 5A5956 0.95
3.8 8.55 1.15 5A5956 0.95
3.8 8.55 2.1 5A5956 0.95
3.8 8.55 3.049999 5A5956 0.95
3.8 8.55 4 5A5956 0.95
3.8 8.55 4.950001 5A5956 0.95
3.8 8.55 5.9 5A5956 0.95
3.8 8.55 6.85 5A5956 0.95
3.8 7.6 10.65 5A5956 0.95
3.8 5.7 11.6 5A5956 0.95
3.8 8.55 -1.700001 5A5956 0.95
3.8 8.55 -0.75 5A5956 0.95
3.8 8.55 0.2000008 5A5956 0.95
3.8 8.55 7.799999 5A5956 0.95
3.8 8.55 8.75 5A5956 0.95
3.8 8.55 9.700001 5A5956 0.95
3.8 8.55 -2.65 7E7976 0.95
3.8 9.5 1.15 6B6966 0.95
3.8 12.35 2.1 6B6966 0.95
3.8 12.35 5.9 6B6966 0.95
3.8 9.5 6.85 6B6966 0.95
3.8 8.55 10.65 7E7976 0.95
3.8 9.5 -1.700001 6B6966 0.95
3.8 9.5 -0.75 8C8984 0.95
3.8 9.5 0.2000008 8C8984 0.95
3.8 9.5 2.1 8C8984 0.95
3.8 9.5 3.049999 8C8984 0.95
3.8 9.5 4 8C8984 0.95
3.8 9.5 4.950001 8C8984 0.95
3.8 9.5 5.9 8C8984 0.95
3.8 9.5 7.799999 8C8984 0.95
3.8 9.5 8.75 8C8984 0.95
3.8 9.5 9.700001 8C8984 0.95
3.8 10.45 -0.75 6B6966 0.95
3.8 10.45 5.9 6B6966 0.95
3.8 10.45 2.1 6B6966 0.95
3.8 10.45 8.75 6B6966 0.95
3.8 11.4 -0.75 6B6966 0.95
3.8 11.4 5.9 6B6966 0.95
3.8 11.4 2.1 6B6966 0.95
3.8 11.4 8.75 6B6966 0.95
3.8 12.35 -0.75 8C8984 0.95
3.8 12.35 8.75 8C8984 0.95
3.8 13.3 0.2000008 8C8984 0.95
3.8 13.3 5.9 8C8984 0.95
3.8 13.3 2.1 8C8984 0.95
3.8 13.3 7.799999 8C8984 0.95
3.8 14.25 0.2000008 7E7976 0.95
3.8 14.25 1.15 5A5956 0.95
3.8 14.25 2.1 7E7976 0.95
3.8 14.25 5.9 7E7976 0.95
3.8 14.25 6.85 5A5956 0.95
3.8 14.25 7.799999 7E7976 0.95
3.8 15.2 1.15 5A5956 0.95
3.8 15.2 2.1 5A5956 0.95
3.8 15.2 5.9 5A5956 0.95
3.8 15.2 6.85 5A5956 0.95
3.8 16.15 1.15 6B6966 0.95
3.8 16.15 2.1 6B6966 0.95
3.8 16.15 3.049999 6B6966 0.95
3.8 16.15 4 6B6966 0.95
3.8 16.15 4.950001 6B6966 0.95
3.8 16.15 5.9 6B6966 0.95
3.8 16.15 6.85 6B6966 0.95
3.8 17.1 1.15 6B6966 0.95
3.8 17.1 2.1 6B6966 0.95
3.8 17.1 3.049999 6B6966 0.95
3.8 17.1 4 6B6966 0.95
3.8 17.1 4.950001 6B6966 0.95
3.8 17.1 5.9 6B6966 0.95
3.8 17.1 6.85 6B6966 0.95
3.8 18.05 4 6B6966 0.95
4.75 4.75 -3.6 5A5956 0.95
4.75 7.6 0.2000008 5A5956 0.95
4.75 7.6 1.15 5A5956 0.95
4.75 7.6 2.1 5A5956 0.95
4.75 7.6 3.049999 5A5956 0.95
4.75 7.6 4 5A5956 0.95
4.75 7.6 4.950001 5A5956 0.95
4.75 7.6 5.9 5A5956 0.95
4.75 7.6 6.85 5A5956 0.95
4.75 7.6 7.799999 5A5956 0.95
4.75 4.75 11.6 5A5956 0.95
4.75 5.7 -3.6 8C8984 0.95
4.75 7.6 -2.65 5A5956 0.95
4.75 7.6 -1.700001 5A5956 0.95
4.75 7.6 -0.75 5A5956 0.95
4.75 7.6 8.75 5A5956 0.95
4.75 7.6 9.700001 5A5956 0.95
4.75 7.6 10.65 5A5956 0.95
4.75 5.7 11.6 8C8984 0.95
4.75 6.65 -2.65 6B6966 0.95
4.75 6.65 7.799999 6B6966 0.95
4.75 6.65 0.2000008 6B6966 0.95
4.75 6.65 10.65 6B6966 0.95
4.75 8.55 -1.700001 5A5956 0.95
4.75 8.55 -0.75 5A5956 0.95
4.75 8.55 0.2000008 5A5956 0.95
4.75 8.55 1.15 5A5956 0.95
4.75 8.55 2.1 5A5956 0.95
4.75 8.55 3.049999 5A5956 0.95
4.75 8.55 4 5A5956 0.95
4.75 8.55 4.950001 5A5956 0.95
4.75 8.55 5.9 5A5956 0.95
4.75 8.55 6.85 5A5956 0.95
4.75 8.55 7.799999 5A5956 0.95
4.75 8.55 8.75 5A5956 0.95
4.75 8.55 9.700001 5A5956 0.95
4.75 8.55 -2.65 7E7976 0.95
4.75 9.5 1.15 6B6966 0.95
4.75 9.5 6.85 6B6966 0.95
4.75 8.55 10.65 7E7976 0.95
4.75 9.5 -1.700001 8C8984 0.95
4.75 9.5 -0.75 8C8984 0.95
4.75 9.5 0.2000008 8C8984 0.95
4.75 9.5 2.1 8C8984 0.95
4.75 9.5 3.049999 8C8984 0.95
4.75 9.5 4 8C8984 0.95
4.75 9.5 4.950001 8C8984 0.95
4.75 9.5 5.9 8C8984 0.95
4.75 9.5 7.799999 8C8984 0.95
4.75 9.5 8.75 8C8984 0.95
4.75 9.5 9.700001 8C8984 0.95
4.75 10.45 -0.75 7E7976 0.95
4.75 10.45 0.2000008 5A5956 0.95
4.75 10.45 1.15 7E7976 0.95
4.75 10.45 6.85 7E7976 0.95
4.75 10.45 7.799999 5A5956 0.95
4.75 10.45 8.75 7E7976 0.95
4.75 11.4 0.2000008 5A5956 0.95
4.75 11.4 1.15 5A5956 0.95
4.75 11.4 6.85 5A5956 0.95
4.75 11.4 7.799999 5A5956 0.95
3.8 12.35 0.2000008 5A5956 0.95
3.8 12.35 1.15 5A5956 0.95
3.8 12.35 6.85 5A5956 0.95
3.8 12.35 7.799999 5A5956 0.95
3.8 13.3 1.15 5A5956 0.95
3.8 13.3 6.85 5A5956 0.95
5.7 0 -6.45 5A5956 0.95
5.7 0 -5.5 5A5956 0.95
5.7 0 -4.55 5A5956 0.95
5.7 0 -3.6 5A5956 0.95
5.7 0 -2.65 5A5956 0.95
5.7 0 -1.700001 5A5956 0.95
5.7 5.7 -0.75 6B6966 0.95
5.7 7.6 0.2000008 5A5956 0.95
5.7 7.6 1.15 5A5956 0.95
5.7 7.6 2.1 5A5956 0.95
5.7 7.6 3.049999 5A5956 0.95
5.7 7.6 4 5A5956 0.95
5.7 7.6 4.950001 5A5956 0.95
5.7 7.6 5.9 5A5956 0.95
5.7 7.6 6.85 5A5956 0.95
5.7 7.6 7.799999 5A5956 0.95
5.7 5.7 8.75 6B6966 0.95
5.7 0 9.700001 5A5956 0.95
5.7 0 10.65 5A5956 0.95
5.7 0 11.6 5A5956 0.95
5.7 0 12.55 5A5956 0.95
5.7 0 13.5 5A5956 0.95
5.7 0 14.45 5A5956 0.95
5.7 0 -7.4 7E7976 0.95
5.7 0 8.75 7E7976 0.95
5.7 3.8 -4.55 5A5956 0.95
5.7 0 -0.75 7E7976 0.95
5.7 3.8 12.55 5A5956 0.95
5.7 0 15.4 7E7976 0.95
5.7 0.95 -6.45 6B6966 0.95
5.7 0.95 -5.5 6B6966 0.95
5.7 0.95 -4.55 6B6966 0.95
5.7 0.95 -3.6 6B6966 0.95
5.7 0.95 -2.65 6B6966 0.95
5.7 0.95 -1.700001 6B6966 0.95
5.7 0.95 9.700001 6B6966 0.95
5.7 0.95 10.65 6B6966 0.95
5.7 0.95 11.6 6B6966 0.95
5.7 0.95 12.55 6B6966 0.95
5.7 0.95 13.5 6B6966 0.95
5.7 0.95 14.45 6B6966 0.95
5.7 7.6 -2.65 5A5956 0.95
5.7 7.6 -1.700001 5A5956 0.95
7.6 3.8 -1.700001 7E7976 0.95
5.7 7.6 9.700001 5A5956 0.95
7.6 3.8 9.700001 7E7976 0.95
5.7 7.6 10.65 5A5956 0.95
5.7 4.75 -3.6 6B6966 0.95
5.7 4.75 8.75 6B6966 0.95
5.7 4.75 -0.75 6B6966 0.95
5.7 4.75 11.6 6B6966 0.95
5.7 5.7 -2.65 6B6966 0.95
5.7 7.6 -0.75 5A5956 0.95
5.7 7.6 8.75 5A5956 0.95
5.7 5.7 10.65 6B6966 0.95
5.7 6.65 -2.65 6B6966 0.95
5.7 6.65 7.799999 6B6966 0.95
5.7 6.65 0.2000008 6B6966 0.95
5.7 6.65 10.65 6B6966 0.95
5.7 8.55 -1.700001 5A5956 0.95
5.7 8.55 -0.75 5A5956 0.95
5.7 8.55 0.2000008 5A5956 0.95
5.7 8.55 1.15 5A5956 0.95
5.7 8.55 2.1 5A5956 0.95
5.7 8.55 3.049999 5A5956 0.95
5.7 8.55 4 5A5956 0.95
5.7 8.55 4.950001 5A5956 0.95
5.7 8.55 5.9 5A5956 0.95
5.7 8.55 6.85 5A5956 0.95
5.7 8.55 7.799999 5A5956 0.95
5.7 8.55 8.75 5A5956 0.95
5.7 8.55 9.700001 5A5956 0.95
5.7 8.55 -2.65 7E7976 0.95
5.7 8.55 10.65 7E7976 0.95
5.7 9.5 -1.700001 8C8984 0.95
5.7 9.5 -0.75 8C8984 0.95
5.7 9.5 0.2000008 8C8984 0.95
5.7 9.5 1.15 8C8984 0.95
5.7 9.5 2.1 8C8984 0.95
5.7 9.5 3.049999 8C8984 0.95
5.7 9.5 4.950001 8C8984 0.95
5.7 9.5 5.9 8C8984 0.95
5.7 9.5 6.85 8C8984 0.95
5.7 9.5 7.799999 8C8984 0.95
5.7 9.5 8.75 8C8984 0.95
5.7 9.5 9.700001 8C8984 0.95
6.65 0 -6.45 5A5956 0.95
6.65 0 -5.5 5A5956 0.95
6.65 0 -4.55 5A5956 0.95
6.65 0 -3.6 5A5956 0.95
6.65 0 -2.65 5A5956 0.95
6.65 0 -1.700001 5A5956 0.95
6.65 5.7 -0.75 6B6966 0.95
6.65 7.6 0.2000008 5A5956 0.95
6.65 5.7 3.049999 7E7976 0.95
6.65 5.7 4.950001 7E7976 0.95
6.65 7.6 7.799999 5A5956 0.95
6.65 5.7 8.75 6B6966 0.95
6.65 0 9.700001 5A5956 0.95
6.65 0 10.65 5A5956 0.95
6.65 0 11.6 5A5956 0.95
6.65 0 12.55 5A5956 0.95
6.65 0 13.5 5A5956 0.95
6.65 0 14.45 5A5956 0.95
6.65 0 -7.4 7E7976 0.95
6.65 0 8.75 7E7976 0.95
6.65 3.8 -1.700001 6B6966 0.95
6.65 0 -0.75 7E7976 0.95
6.65 3.8 9.700001 6B6966 0.95
6.65 0 15.4 7E7976 0.95
6.65 0.95 -6.45 8C8984 0.95
6.65 0.95 -4.55 8C8984 0.95
6.65 0.95 -3.6 8C8984 0.95
6.65 0.95 -2.65 8C8984 0.95
6.65 0.95 -1.700001 7E7976 0.95
6.65 0.95 9.700001 7E7976 0.95
6.65 0.95 10.65 8C8984 0.95
6.65 0.95 11.6 8C8984 0.95
6.65 0.95 12.55 8C8984 0.95
6.65 0.95 14.45 8C8984 0.95
6.65 1.9 -5.5 7E7976 0.95
6.65 7.6 -2.65 5A5956 0.95
8.55 1.9 -2.65 7E7976 0.95
6.65 7.6 10.65 5A5956 0.95
8.55 1.9 10.65 7E7976 0.95
6.65 1.9 13.5 7E7976 0.95
6.65 2.85 -4.55 6B6966 0.95
6.65 2.85 9.700001 6B6966 0.95
6.65 2.85 -1.700001 6B6966 0.95
6.65 2.85 12.55 8C8984 0.95
6.65 3.8 -4.55 6B6966 0.95
6.65 7.6 -1.700001 5A5956 0.95
6.65 7.6 9.700001 5A5956 0.95
6.65 3.8 12.55 6B6966 0.95
6.65 4.75 -3.6 6B6966 0.95
6.65 4.75 8.75 6B6966 0.95
6.65 4.75 -0.75 6B6966 0.95
6.65 4.75 11.6 6B6966 0.95
6.65 5.7 -2.65 6B6966 0.95
6.65 7.6 -0.75 5A5956 0.95
6.65 7.6 8.75 5A5956 0.95
6.65 5.7 10.65 6B6966 0.95
6.65 6.65 -2.65 8C8984 0.95
6.65 6.65 7.799999 8C8984 0.95
6.65 6.65 0.2000008 8C8984 0.95
6.65 7.6 1.15 5A5956 0.95
6.65 6.65 1.15 8C8984 0.95
6.65 7.6 2.1 5A5956 0.95
6.65 6.65 2.1 8C8984 0.95
6.65 7.6 3.049999 5A5956 0.95
6.65 6.65 3.049999 8C8984 0.95
6.65 7.6 4 5A5956 0.95
6.65 7.6 4.950001 5A5956 0.95
6.65 6.65 4.950001 8C8984 0.95
6.65 7.6 5.9 5A5956 0.95
6.65 6.65 5.9 8C8984 0.95
6.65 7.6 6.85 5A5956 0.95
6.65 6.65 6.85 8C8984 0.95
6.65 6.65 10.65 8C8984 0.95
6.65 8.55 -1.700001 6B6966 0.95
6.65 8.55 -0.75 6B6966 0.95
6.65 8.55 0.2000008 6B6966 0.95
6.65 8.55 1.15 6B6966 0.95
6.65 8.55 2.1 6B6966 0.95
6.65 8.55 3.049999 6B6966 0.95
6.65 8.55 4 6B6966 0.95
6.65 8.55 4.950001 6B6966 0.95
6.65 8.55 5.9 6B6966 0.95
6.65 8.55 6.85 6B6966 0.95
6.65 8.55 7.799999 6B6966 0.95
6.65 8.55 8.75 6B6966 0.95
6.65 8.55 9.700001 6B6966 0.95
7.6 0 -6.45 5A5956 0.95
7.6 0 -5.5 5A5956 0.95
7.6 0 -4.55 5A5956 0.95
7.6 0 -3.6 5A5956 0.95
7.6 0 -2.65 5A5956 0.95
7.6 0 -1.700001 5A5956 0.95
7.6 0 9.700001 5A5956 0.95
7.6 0 10.65 5A5956 0.95
7.6 0 11.6 5A5956 0.95
7.6 0 12.55 5A5956 0.95
7.6 0 13.5 5A5956 0.95
7.6 0 14.45 5A5956 0.95
7.6 0 -7.4 7E7976 0.95
7.6 0 8.75 7E7976 0.95
7.6 1.9 -2.65 6B6966 0.95
7.6 0 -0.75 7E7976 0.95
7.6 1.9 10.65 6B6966 0.95
7.6 0 15.4 7E7976 0.95
7.6 0.95 -6.45 8C8984 0.95
7.6 0.95 -5.5 8C8984 0.95
7.6 0.95 -4.55 8C8984 0.95
7.6 0.95 -3.6 8C8984 0.95
7.6 0.95 -2.65 8C8984 0.95
7.6 0.95 -1.700001 7E7976 0.95
7.6 0.95 9.700001 7E7976 0.95
7.6 0.95 10.65 8C8984 0.95
7.6 0.95 11.6 8C8984 0.95
7.6 0.95 12.55 8C8984 0.95
7.6 0.95 13.5 8C8984 0.95
7.6 0.95 14.45 8C8984 0.95
7.6 1.9 -5.5 6B6966 0.95
7.6 1.9 13.5 6B6966 0.95
7.6 2.85 -4.55 6B6966 0.95
7.6 2.85 9.700001 6B6966 0.95
7.6 2.85 -1.700001 6B6966 0.95
7.6 2.85 12.55 6B6966 0.95
7.6 3.8 -4.55 6B6966 0.95
7.6 3.8 12.55 6B6966 0.95
7.6 4.75 -3.6 8C8984 0.95
7.6 4.75 7.799999 5A5956 0.95
7.6 4.75 0.2000008 5A5956 0.95
7.6 4.75 11.6 8C8984 0.95
7.6 5.7 -2.65 5A5956 0.95
7.6 5.7 -1.700001 5A5956 0.95
7.6 5.7 -0.75 8C8984 0.95
7.6 5.7 1.15 7E7976 0.95
7.6 5.7 6.85 7E7976 0.95
7.6 5.7 8.75 8C8984 0.95
7.6 5.7 9.700001 5A5956 0.95
7.6 5.7 10.65 5A5956 0.95
6.65 6.65 -1.700001 5A5956 0.95
6.65 6.65 -0.75 5A5956 0.95
6.65 6.65 8.75 5A5956 0.95
6.65 6.65 9.700001 5A5956 0.95
8.55 0 -6.45 5A5956 0.95
8.55 0 -5.5 5A5956 0.95
8.55 0 -4.55 5A5956 0.95
8.55 0 -3.6 5A5956 0.95
8.55 0 -2.65 5A5956 0.95
8.55 0 -1.700001 5A5956 0.95
8.55 0 9.700001 5A5956 0.95
8.55 0 10.65 5A5956 0.95
8.55 0 11.6 5A5956 0.95
8.55 0 12.55 5A5956 0.95
8.55 0 13.5 5A5956 0.95
8.55 0 14.45 5A5956 0.95
8.55 0 -7.4 7E7976 0.95
8.55 0 8.75 7E7976 0.95
8.55 3.8 -1.700001 5A5956 0.95
8.55 0 -0.75 7E7976 0.95
8.55 3.8 9.700001 5A5956 0.95
8.55 0 15.4 7E7976 0.95
8.55 0.95 -6.45 8C8984 0.95
8.55 0.95 -5.5 8C8984 0.95
8.55 0.95 -4.55 8C8984 0.95
8.55 0.95 -3.6 8C8984 0.95
8.55 0.95 -2.65 8C8984 0.95
8.55 0.95 -1.700001 7E7976 0.95
8.55 0.95 9.700001 7E7976 0.95
8.55 0.95 10.65 8C8984 0.95
8.55 0.95 11.6 8C8984 0.95
8.55 0.95 12.55 8C8984 0.95
8.55 0.95 13.5 8C8984 0.95
8.55 0.95 14.45 8C8984 0.95
8.55 1.9 -5.5 6B6966 0.95
8.55 1.9 13.5 6B6966 0.95
8.55 2.85 -4.55 8C8984 0.95
8.55 2.85 -2.65 8C8984 0.95
8.55 2.85 9.700001 5A5956 0.95
8.55 2.85 -1.700001 5A5956 0.95
8.55 2.85 10.65 8C8984 0.95
8.55 2.85 12.55 8C8984 0.95
8.55 3.8 -4.55 8C8984 0.95
8.55 3.8 -3.6 5A5956 0.95
8.55 3.8 -2.65 5A5956 0.95
8.55 3.8 10.65 5A5956 0.95
8.55 3.8 11.6 5A5956 0.95
8.55 3.8 12.55 8C8984 0.95
7.6 4.75 -2.65 5A5956 0.95
7.6 4.75 -1.700001 5A5956 0.95
7.6 4.75 9.700001 5A5956 0.95
7.6 4.75 10.65 5A5956 0.95
9.5 0 -6.45 5A5956 0.95
9.5 0 -5.5 5A5956 0.95
9.5 0 -4.55 5A5956 0.95
9.5 0 -3.6 5A5956 0.95
9.5 0 -2.65 5A5956 0.95
9.5 0 -1.700001 5A5956 0.95
9.5 0 9.700001 5A5956 0.95
9.5 0 10.65 5A5956 0.95
9.5 0 11.6 5A5956 0.95
9.5 0 12.55 5A5956 0.95
9.5 0 13.5 5A5956 0.95
9.5 0 14.45 5A5956 0.95
9.5 0 -7.4 7E7976 0.95
9.5 0 8.75 7E7976 0.95
9.5 0 -0.75 7E7976 0.95
9.5 0 15.4 7E7976 0.95
9.5 0.95 -6.45 8C8984 0.95
9.5 0.95 -5.5 8C8984 0.95
9.5 0.95 -4.55 8C8984 0.95
9.5 0.95 -3.6 8C8984 0.95
9.5 0.95 -1.700001 7E7976 0.95
9.5 0.95 9.700001 7E7976 0.95
9.5 0.95 11.6 8C8984 0.95
9.5 0.95 12.55 8C8984 0.95
9.5 0.95 13.5 8C8984 0.95
9.5 0.95 14.45 8C8984 0.95
9.5 1.9 -5.5 8C8984 0.95
9.5 1.9 -4.55 5A5956 0.95
9.5 1.9 -3.6 5A5956 0.95
9.5 1.9 -2.65 7E7976 0.95
9.5 1.9 10.65 7E7976 0.95
9.5 1.9 11.6 5A5956 0.95
9.5 1.9 12.55 5A5956 0.95
9.5 1.9 13.5 8C8984 0.95
8.55 2.85 -3.6 5A5956 0.95
8.55 2.85 11.6 5A5956 0.95
10.45 0 -6.45 5A5956 0.95
10.45 0 -5.5 5A5956 0.95
10.45 0 -4.55 5A5956 0.95
10.45 0 -3.6 5A5956 0.95
10.45 0 -2.65 5A5956 0.95
10.45 0 -1.700001 5A5956 0.95
10.45 0 9.700001 5A5956 0.95
10.45 0 10.65 5A5956 0.95
10.45 0 11.6 5A5956 0.95
10.45 0 12.55 5A5956 0.95
10.45 0 13.5 5A5956 0.95
10.45 0 14.45 5A5956 0.95
10.45 0 -7.4 7E7976 0.95
10.45 0 8.75 7E7976 0.95
10.45 0 -0.75 7E7976 0.95
10.45 0 15.4 7E7976 0.95
10.45 0.95 -6.45 8C8984 0.95
10.45 0.95 -5.5 8C8984 0.95
10.45 0.95 -4.55 8C8984 0.95
10.45 0.95 -3.6 8C8984 0.95
10.45 0.95 -2.65 8C8984 0.95
10.45 0.95 -1.700001 7E7976 0.95
10.45 0.95 9.700001 7E7976 0.95
10.45 0.95 10.65 8C8984 0.95
10.45 0.95 11.6 8C8984 0.95
10.45 0.95 12.55 8C8984 0.95
10.45 0.95 13.5 8C8984 0.95
10.45 0.95 14.45 8C8984 0.95
11.4 0 -6.45 6B6966 0.95
11.4 0 -5.5 6B6966 0.95
11.4 0 -4.55 6B6966 0.95
11.4 0 -3.6 6B6966 0.95
11.4 0 -2.65 6B6966 0.95
11.4 0 -1.700001 6B6966 0.95
11.4 0 9.700001 6B6966 0.95
11.4 0 10.65 6B6966 0.95
11.4 0 11.6 6B6966 0.95
11.4 0 12.55 6B6966 0.95
11.4 0 13.5 6B6966 0.95
11.4 0 14.45 6B6966 0.95
