-4.2 0.2499999 -4.4 554F6E 1.05
-5.25 0.2499999 -3.35 575170 1.05
-6.3 0.2499999 -2.3 544F6D 1.05
-6.3 0.2499999 -1.25 494461 1.05
-7.35 0.2499999 -0.1999998 4A4461 1.05
-7.35 0.2499999 0.8500004 49425E 1.05
-7.35 0.2499999 1.9 4A435F 1.05
-7.35 0.2499999 2.95 48425F 1.05
-7.35 0.2499999 4 48425E 1.05
-6.3 0.2499999 5.05 47405C 1.05
-6.3 0.2499999 6.1 4A425D 1.05
-5.25 0.2499999 7.15 48405A 1.05
-3.15 0.2499999 8.200001 49425D 1.05
-9.45 0.2499999 9.25 C9804F 1.05
-9.45 0.2499999 10.3 CA804F 1.05
-9.45 0.2499999 11.35 CB8250 1.05
-9.45 0.2499999 12.4 CC8551 1.05
-1.05 1.3 -5.45 605A7A 1.05
-4.2 1.3 -4.4 5B5573 1.05
-5.25 1.3 -3.35 5B5573 1.05
-6.3 1.3 -2.3 5C5675 1.05
-6.3 1.3 -1.25 5E5774 1.05
-7.35 1.3 -0.1999998 5C5471 1.05
-7.35 1.3 0.8500004 59516E 1.05
-7.35 1.3 1.9 5A516D 1.05
-7.35 1.3 2.95 58506C 1.05
-7.35 1.3 4 584F6A 1.05
-6.3 1.3 5.05 59506B 1.05
-6.3 1.3 6.1 524863 1.05
-5.25 1.3 7.15 534963 1.05
-3.15 1.3 8.200001 564D67 1.05
-9.45 1.3 9.25 CC8351 1.05
-9.45 1.3 10.3 CD8551 1.05
-9.45 1.3 11.35 D08852 1.05
-9.45 1.3 12.4 D18953 1.05
-1.05 2.35 -5.45 5B5574 1.05
-4.2 2.35 -4.4 5C5674 1.05
-5.25 2.35 -3.35 5B5574 1.05
-6.3 2.35 -2.3 5B5573 1.05
-6.3 2.35 -1.25 5C5572 1.05
-7.35 2.35 -0.1999998 5D5470 1.05
-7.35 2.35 0.8500004 5C5470 1.05
-7.35 2.35 1.9 5C536F 1.05
-7.35 2.35 2.95 5B526E 1.05
-7.35 2.35 4 5B526D 1.05
-6.3 2.35 5.05 5C526E 1.05
-6.3 2.35 6.1 584E69 1.05
-5.25 2.35 7.15 574C66 1.05
-3.15 2.35 8.200001 5A516D 1.05
-9.45 2.35 9.25 D28852 1.05
-9.45 2.35 10.3 D18852 1.05
-9.45 2.35 11.35 D68E54 1.05
-9.45 2.35 12.4 D48E55 1.05
-1.05 3.4 -5.45 5D5876 1.05
-4.2 3.4 -4.4 5B5573 1.05
-5.25 3.4 -3.35 5A5472 1.05
-6.3 3.4 -2.3 5E5876 1.05
-6.3 3.4 -1.25 5D5571 1.05
-7.35 3.4 -0.1999998 5C5471 1.05
-7.35 3.4 0.8500004 5C5470 1.05
-7.35 3.4 1.9 5E5570 1.05
-7.35 3.4 2.95 5E5470 1.05
-7.35 3.4 4 5C526E 1.05
-6.3 3.4 5.05 59506B 1.05
-6.3 3.4 6.1 5B516C 1.05
-5.25 3.4 7.15 5A506A 1.05
-3.15 3.4 8.200001 5C5470 1.05
-9.45 3.4 9.25 D68C53 1.05
-9.45 3.4 10.3 DA9255 1.05
-9.45 3.4 11.35 D99255 1.05
-9.45 3.4 12.4 DA9457 1.05
-1.05 4.45 -5.45 5D5877 1.05
-4.2 4.45 -4.4 5B5573 1.05
-5.25 4.45 -3.35 5B5573 1.05
-6.3 4.45 -2.3 5B5472 1.05
-6.3 4.45 -1.25 5E5672 1.05
-7.35 4.45 -0.1999998 615875 1.05
-7.35 4.45 0.8500004 5E5672 1.05
-7.35 4.45 1.9 5F5571 1.05
-7.35 4.45 2.95 5D536E 1.05
-7.35 4.45 4 5F5571 1.05
-6.3 4.45 5.05 5E536E 1.05
-6.3 4.45 6.1 5C526D 1.05
-5.25 4.45 7.15 5C536F 1.05
-3.15 4.45 8.200001 5C5470 1.05
-1.05 5.5 -5.45 5C5776 1.05
-4.2 5.5 -4.4 5B5574 1.05
-5.25 5.5 -3.35 5C5674 1.05
-6.3 5.5 -2.3 5D5675 1.05
-6.3 5.5 -1.25 5F5774 1.05
-7.35 5.5 -0.1999998 615975 1.05
-7.35 5.5 0.8500004 5F5571 1.05
-7.35 5.5 1.9 615772 1.05
-7.35 5.5 2.95 5F5672 1.05
-7.35 5.5 4 615773 1.05
-6.3 5.5 5.05 5F5570 1.05
-6.3 5.5 6.1 5F5570 1.05
-5.25 5.5 7.15 5E546F 1.05
-3.15 5.5 8.200001 5D5572 1.05
-1.05 6.55 -5.45 5D5876 1.05
-4.2 6.55 -4.4 5B5573 1.05
-5.25 6.55 -3.35 5B5574 1.05
-6.3 6.55 -2.3 5C5674 1.05
-6.3 6.55 -1.25 5F5875 1.05
-7.35 6.55 -0.1999998 625975 1.05
-7.35 6.55 0.8500004 615874 1.05
-7.35 6.55 1.9 5F5671 1.05
-7.35 6.55 2.95 625873 1.05
-7.35 6.55 4 635975 1.05
-6.3 6.55 5.05 615773 1.05
-6.3 6.55 6.1 605672 1.05
-5.25 6.55 7.15 605773 1.05
-3.15 6.55 8.200001 5D5571 1.05
-2.1 7.599999 -4.4 817C9C 1.05
-4.2 7.599999 -3.35 817C9C 1.05
-5.25 7.599999 -2.3 7F7A9B 1.05
-5.25 7.599999 -1.25 7F7A9B 1.05
-6.3 7.599999 -0.1999998 817B9B 1.05
-6.3 7.599999 0.8500004 7F7A9A 1.05
-6.3 7.599999 1.9 817C9C 1.05
-6.3 7.599999 2.95 7D7898 1.05
-6.3 7.599999 4 7F7999 1.05
-5.25 7.599999 5.05 7E799A 1.05
-4.2 7.599999 6.1 7D7899 1.05
-3.15 7.599999 7.15 7D7898 1.05
-10.5 0.2499999 -6.5 DCD5D2 1.05
-10.5 0.2499999 -5.45 DAD3CF 1.05
-10.5 0.2499999 -4.4 D8D0CD 1.05
-10.5 0.2499999 -3.35 D6CECC 1.05
-10.5 0.2499999 -2.3 D1C8C5 1.05
-10.5 0.2499999 -1.25 D1C8C6 1.05
-10.5 0.2499999 -0.1999998 CEC3C0 1.05
-10.5 0.2499999 0.8500004 CCC2BF 1.05
-10.5 0.2499999 1.9 CBC0BD 1.05
-10.5 0.2499999 2.95 CABFBC 1.05
-10.5 0.2499999 4 C8BCBA 1.05
-10.5 0.2499999 5.05 C8BCBA 1.05
-10.5 0.2499999 6.1 C8BBB8 1.05
-10.5 0.2499999 7.15 CABDB9 1.05
-10.5 0.2499999 8.200001 C7B8B4 1.05
-10.5 0.2499999 9.25 C8B6B0 1.05
-10.5 0.2499999 10.3 C6B2AC 1.05
-10.5 0.2499999 11.35 C8B7B1 1.05
-10.5 0.2499999 12.4 CFC0BA 1.05
-10.5 0.2499999 13.45 D4C9C5 1.05
-10.5 0.2499999 14.5 D3C9C6 1.05
-9.45 0.2499999 -6.5 DAD3D0 1.05
-9.45 0.2499999 -5.45 D8D0CD 1.05
-9.45 0.2499999 -4.4 D6CECC 1.05
-9.45 0.2499999 -3.35 D2C9C7 1.05
-9.45 0.2499999 -2.3 CFC6C4 1.05
-9.45 0.2499999 -1.25 CDC4C2 1.05
-9.45 0.2499999 -0.1999998 CBC1BF 1.05
-9.45 0.2499999 0.8500004 C7BDBB 1.05
-9.45 0.2499999 1.9 C8BEBC 1.05
-9.45 0.2499999 2.95 C8BDBA 1.05
-9.45 0.2499999 4 C6BBB9 1.05
-9.45 0.2499999 5.05 C6BBB9 1.05
-9.45 0.2499999 6.1 C7BBB9 1.05
-9.45 0.2499999 7.15 C8BBB8 1.05
-9.45 0.2499999 8.200001 C4B5B1 1.05
-9.45 0.2499999 13.45 D0C2BD 1.05
-9.45 0.2499999 14.5 D6CCC8 1.05
-8.4 0.2499999 -6.5 DDD6D3 1.05
-8.4 0.2499999 9.25 AF6B49 1.05
-8.4 0.2499999 -5.45 D7D0CE 1.05
-8.4 0.2499999 -4.4 D4CCCA 1.05
-8.4 0.2499999 -3.35 D1C8C6 1.05
-8.4 0.2499999 -2.3 C9BFBE 1.05
-8.4 0.2499999 -1.25 C8BEBC 1.05
-8.4 0.2499999 -0.1999998 C7BDBC 1.05
-8.4 0.2499999 0.8500004 C3B8B7 1.05
-8.4 0.2499999 1.9 C1B7B6 1.05
-8.4 0.2499999 2.95 C0B5B4 1.05
-8.4 0.2499999 4 C3B7B6 1.05
-8.4 0.2499999 5.05 C2B6B4 1.05
-8.4 0.2499999 6.1 C4B8B6 1.05
-8.4 0.2499999 7.15 C3B5B2 1.05
-8.4 0.2499999 8.200001 BAA6A2 1.05
-8.4 0.2499999 10.3 A86949 1.05
-8.4 0.2499999 11.35 A86A4A 1.05
-8.4 0.2499999 12.4 A96B4A 1.05
-8.4 0.2499999 13.45 C8B6B0 1.05
-8.4 0.2499999 14.5 D3C8C3 1.05
-8.4 1.3 9.25 BA764D 1.05
-8.4 1.3 12.4 C68352 1.05
-8.4 2.35 9.25 BB774E 1.05
-1.05 2.35 9.25 DB9456 1.05
-8.4 2.35 12.4 C88753 1.05
-8.4 3.4 9.25 BD794F 1.05
-8.4 3.4 12.4 CA8854 1.05
-8.4 3.4 10.3 FFCA6E 1.05
-8.4 3.4 11.35 FFCB6E 1.05
-7.35 0.2499999 -6.5 DAD3D0 1.05
-7.35 0.2499999 -5.45 D4CDCB 1.05
-7.35 0.2499999 -4.4 D1CAC8 1.05
-7.35 0.2499999 -3.35 C9C1C0 1.05
-7.35 0.2499999 -2.3 C5BCBC 1.05
-7.35 0.2499999 -1.25 C1B7B7 1.05
-7.35 0.2499999 9.25 AA6849 1.05
-7.35 0.2499999 5.05 BEB2B1 1.05
-7.35 0.2499999 6.1 C1B5B3 1.05
-7.35 0.2499999 7.15 BDAEAC 1.05
-7.35 0.2499999 8.200001 B39F9B 1.05
-7.35 0.2499999 10.3 A76A4A 1.05
-7.35 0.2499999 11.35 AA6C4B 1.05
-7.35 0.2499999 12.4 AA6C4B 1.05
-7.35 0.2499999 13.45 C6B5AF 1.05
-7.35 0.2499999 14.5 D2C7C3 1.05
-7.35 1.3 9.25 B8754D 1.05
-7.35 1.3 12.4 C78553 1.05
-7.35 2.35 9.25 B3714C 1.05
-7.35 2.35 12.4 C68553 1.05
-7.35 3.4 9.25 B7744D 1.05
-7.35 3.4 12.4 CA8854 1.05
-7.35 3.4 10.3 FFC76D 1.05
-7.35 3.4 11.35 FFC86D 1.05
-7.35 7.599999 1.9 7F7A99 1.05
-6.3 0.2499999 -6.5 D6CFCD 1.05
-6.3 0.2499999 -5.45 D2CAC9 1.05
-6.3 0.2499999 -4.4 CCC4C4 1.05
-6.3 0.2499999 -3.35 C7BFBF 1.05
-6.3 0.2499999 9.25 9F6046 1.05
-6.3 0.2499999 -0.1999998 4B4562 1.05
-6.3 0.2499999 0.8500004 494461 1.05
-6.3 0.2499999 1.9 494461 1.05
-6.3 0.2499999 2.95 4C4662 1.05
-6.3 0.2499999 4 4B4561 1.05
-6.3 0.2499999 7.15 BAADAC 1.05
-6.3 0.2499999 8.200001 B6A5A4 1.05
-6.3 0.2499999 10.3 A46849 1.05
-6.3 0.2499999 11.35 A6694A 1.05
-6.3 0.2499999 12.4 AB6D4B 1.05
-6.3 0.2499999 13.45 CDBEB8 1.05
-6.3 0.2499999 14.5 D2C7C4 1.05
-6.3 1.3 9.25 AA6A4A 1.05
-6.3 1.3 12.4 C68452 1.05
-6.3 2.35 9.25 AA6A4A 1.05
-6.3 2.35 12.4 CA8854 1.05
-6.3 3.4 9.25 AE6E4B 1.05
-6.3 3.4 12.4 CD8B55 1.05
-6.3 3.4 10.3 FFC46B 1.05
-6.3 3.4 11.35 FFC76D 1.05
-6.3 7.599999 -1.25 7D7899 1.05
-6.3 7.599999 5.05 7D7999 1.05
-5.25 0.2499999 -6.5 D5CECC 1.05
-5.25 0.2499999 -5.45 CCC4C4 1.05
-5.25 0.2499999 -4.4 C9C1C1 1.05
-5.25 0.2499999 -2.3 484461 1.05
-5.25 0.2499999 -1.25 4C4765 1.05
-5.25 0.2499999 -0.1999998 4C4765 1.05
-5.25 0.2499999 0.8500004 4D4865 1.05
-5.25 0.2499999 1.9 4C4764 1.05
-5.25 0.2499999 2.95 4C4764 1.05
-5.25 0.2499999 4 4C4663 1.05
-5.25 0.2499999 5.05 494360 1.05
-5.25 0.2499999 6.1 48425F 1.05
-5.25 0.2499999 8.200001 B9ABAB 1.05
-5.25 0.2499999 9.25 B9A8A5 1.05
-5.25 0.2499999 10.3 BAA6A1 1.05
-5.25 0.2499999 11.35 C4AFA8 1.05
-5.25 0.2499999 12.4 C8B7B1 1.05
-5.25 0.2499999 13.45 CFC4C1 1.05
-5.25 0.2499999 14.5 D3CAC7 1.05
-6.3 1.3 10.3 D18D55 1.05
-6.3 1.3 11.35 D89558 1.05
-6.3 2.35 10.3 D39056 1.05
-6.3 2.35 11.35 D99658 1.05
-5.25 7.599999 6.1 807B9B 1.05
-5.25 7.599999 -0.1999998 7E7A9A 1.05
-5.25 7.599999 0.8500004 827D9D 1.05
-5.25 7.599999 1.9 7E7999 1.05
-5.25 7.599999 2.95 7E799A 1.05
-5.25 7.599999 4 7E7A9A 1.05
-4.2 0.2499999 -6.5 D2CAC9 1.05
-4.2 0.2499999 -5.45 C7BFBF 1.05
-4.2 0.2499999 -3.35 4C4765 1.05
-4.2 0.2499999 -2.3 4C4765 1.05
-4.2 0.2499999 -1.25 4D4865 1.05
-4.2 0.2499999 -0.1999998 4E4966 1.05
-4.2 0.2499999 0.8500004 4F4967 1.05
-4.2 0.2499999 1.9 4E4866 1.05
-4.2 0.2499999 2.95 4E4966 1.05
-4.2 0.2499999 4 4F4966 1.05
-4.2 0.2499999 5.05 4D4763 1.05
-4.2 0.2499999 6.1 4A4460 1.05
-4.2 0.2499999 7.15 47415D 1.05
-4.2 0.2499999 8.200001 B4A6A6 1.05
-4.2 0.2499999 9.25 BDAEAC 1.05
-4.2 0.2499999 10.3 C4B6B3 1.05
-4.2 0.2499999 11.35 C9BCB8 1.05
-4.2 0.2499999 12.4 CFC3C0 1.05
-4.2 0.2499999 13.45 D3C9C6 1.05
-4.2 0.2499999 14.5 D6CDCA 1.05
-4.2 1.3 8.200001 544861 1.05
-4.2 2.35 8.200001 574C65 1.05
-4.2 3.4 8.200001 5B516C 1.05
-4.2 4.45 8.200001 5E5470 1.05
-4.2 5.5 8.200001 605570 1.05
-4.2 6.55 8.200001 605673 1.05
-4.2 7.599999 7.15 7E7898 1.05
-4.2 7.599999 -2.3 7F7A9A 1.05
-4.2 7.599999 -1.25 807C9C 1.05
-4.2 7.599999 -0.1999998 7E7999 1.05
-4.2 7.599999 0.8500004 7F7A9A 1.05
-4.2 8.65 1.9 7E799A 1.05
-4.2 7.599999 2.95 7C7797 1.05
-4.2 7.599999 4 807B9B 1.05
-4.2 7.599999 5.05 807B9B 1.05
-3.15 0.2499999 -6.5 CFC7C6 1.05
-3.15 0.2499999 -5.45 5B5675 1.05
-3.15 0.2499999 -4.4 4B4664 1.05
-3.15 0.2499999 -3.35 4D4866 1.05
-3.15 0.2499999 -2.3 4F4A68 1.05
-3.15 0.2499999 -1.25 504B69 1.05
-3.15 0.2499999 -0.1999998 504B68 1.05
-3.15 0.2499999 0.8500004 4F4967 1.05
-3.15 0.2499999 1.9 504A68 1.05
-3.15 0.2499999 2.95 4F4A67 1.05
-3.15 0.2499999 4 4F4966 1.05
-3.15 0.2499999 5.05 4D4764 1.05
-3.15 0.2499999 6.1 4A4461 1.05
-3.15 0.2499999 7.15 47415E 1.05
2.1 0.2499999 8.200001 2F2C43 1.05
-3.15 0.2499999 9.25 BCAFAE 1.05
-3.15 0.2499999 10.3 C7BBB8 1.05
-3.15 0.2499999 11.35 CFC5C2 1.05
-3.15 0.2499999 12.4 D2C8C5 1.05
-3.15 0.2499999 13.45 D7CECB 1.05
-3.15 0.2499999 14.5 D8D0CD 1.05
-3.15 1.3 -5.45 5B5675 1.05
2.1 1.3 8.200001 383148 1.05
-3.15 2.35 -5.45 5B5675 1.05
2.1 2.35 8.200001 3C334B 1.05
-3.15 3.4 -5.45 5B5573 1.05
2.1 3.4 8.200001 4E455F 1.05
-3.15 4.45 -5.45 5A5473 1.05
2.1 4.45 8.200001 4C4561 1.05
-3.15 5.5 -5.45 5B5675 1.05
2.1 5.5 8.200001 4D4664 1.05
-3.15 6.55 -5.45 5A5574 1.05
2.1 6.55 8.200001 4E4866 1.05
-3.15 7.599999 -4.4 807B9B 1.05
-3.15 7.599999 8.200001 7E7A9A 1.05
-3.15 7.599999 -3.35 817C9C 1.05
-3.15 7.599999 -2.3 817C9C 1.05
-3.15 7.599999 -1.25 7F7A9B 1.05
-3.15 8.65 -0.1999998 817C9C 1.05
-3.15 8.65 0.8500004 817C9D 1.05
-3.15 8.65 1.9 817C9C 1.05
-3.15 8.65 2.95 817C9C 1.05
-3.15 8.65 4 807B9B 1.05
-3.15 7.599999 5.05 807B9B 1.05
-3.15 7.599999 6.1 807B9B 1.05
-2.1 0.2499999 -6.5 CFC8C7 1.05
-2.1 0.2499999 -5.45 575271 1.05
-2.1 0.2499999 -4.4 4C4764 1.05
-2.1 0.2499999 -3.35 4E4966 1.05
-2.1 0.2499999 -2.3 4E4967 1.05
-2.1 0.2499999 -1.25 4F4A68 1.05
-2.1 0.2499999 -0.1999998 514B69 1.05
-2.1 0.2499999 0.8500004 514B69 1.05
-2.1 0.2499999 1.9 4F4967 1.05
-2.1 0.2499999 2.95 514A67 1.05
-2.1 0.2499999 4 514A67 1.05
-2.1 0.2499999 5.05 4E4864 1.05
-2.1 0.2499999 6.1 504863 1.05
-2.1 0.2499999 7.15 49425E 1.05
-2.1 0.2499999 8.200001 3F3A55 1.05
-2.1 0.2499999 9.25 B3A4A5 1.05
-2.1 0.2499999 10.3 CCC1BE 1.05
-2.1 0.2499999 11.35 CFC4C1 1.05
-2.1 0.2499999 12.4 D5CDCA 1.05
-2.1 0.2499999 13.45 D5CCC9 1.05
-2.1 0.2499999 14.5 DAD2CF 1.05
-2.1 1.3 -5.45 5C5776 1.05
-2.1 1.3 8.200001 554D69 1.05
-2.1 2.35 -5.45 5A5573 1.05
-2.1 2.35 8.200001 554D69 1.05
-2.1 3.4 -5.45 595472 1.05
-2.1 3.4 8.200001 5C5471 1.05
-2.1 4.45 -5.45 5A5574 1.05
-2.1 4.45 8.200001 5B5370 1.05
-2.1 5.5 -5.45 5B5675 1.05
-2.1 5.5 8.200001 5F5876 1.05
-2.1 6.55 -5.45 5A5574 1.05
-2.1 6.55 8.200001 5C5573 1.05
-2.1 7.599999 8.200001 7F7A9B 1.05
-2.1 7.599999 7.15 807B9B 1.05
-2.1 7.599999 -3.35 807B9B 1.05
-2.1 7.599999 -2.3 837E9F 1.05
-2.1 8.65 -1.25 837E9E 1.05
-2.1 8.65 -0.1999998 807B9C 1.05
-2.1 8.65 0.8500004 837E9E 1.05
-2.1 8.65 1.9 827D9E 1.05
-2.1 8.65 2.95 827D9D 1.05
-2.1 8.65 4 827D9D 1.05
-2.1 8.65 5.05 817D9D 1.05
-2.1 7.599999 6.1 827D9D 1.05
-1.05 2.35 8.200001 6F413C 1.05
-1.05 1.3 9.25 6B3F3C 1.05
-1.05 0.2499999 -6.5 C9C1C1 1.05
-1.05 0.2499999 9.25 6B3F3C 1.05
-1.05 0.2499999 -4.4 4A4663 1.05
-1.05 0.2499999 -3.35 4D4866 1.05
-1.05 0.2499999 -2.3 4F4B68 1.05
-1.05 0.2499999 -1.25 514C6A 1.05
-1.05 0.2499999 -0.1999998 514C6A 1.05
-1.05 0.2499999 0.8500004 4F4A68 1.05
-1.05 0.2499999 1.9 524C6A 1.05
-1.05 0.2499999 2.95 544D69 1.05
-1.05 0.2499999 4 514B68 1.05
-1.05 0.2499999 5.05 514B67 1.05
-1.05 0.2499999 6.1 514964 1.05
-1.05 0.2499999 7.15 504760 1.05
-1.05 0.2499999 8.200001 79666F 1.05
-1.05 0.2499999 10.3 D1C3BD 1.05
-1.05 0.2499999 11.35 D2C8C5 1.05
-1.05 0.2499999 12.4 D7CFCC 1.05
-1.05 0.2499999 13.45 D8CFCC 1.05
-1.05 0.2499999 14.5 D9D1CE 1.05
-1.05 1.3 7.15 6D5A65 1.05
-1.05 1.3 10.3 E09D5B 1.05
-1.05 2.35 7.15 5C4754 1.05
0 2.35 9.25 DA8650 1.05
-1.05 3.4 8.200001 DB995A 1.05
-1.05 3.4 7.15 9C8A8C 1.05
-1.05 4.45 8.200001 554F6E 1.05
-1.05 5.5 8.200001 595371 1.05
-1.05 6.55 8.200001 5A5473 1.05
-1.05 7.599999 -4.4 7E7999 1.05
-1.05 7.599999 -5.45 7F7999 1.05
-1.05 7.599999 8.200001 7F7A9A 1.05
-1.05 7.599999 -3.35 817C9C 1.05
-1.05 8.65 -2.3 827D9D 1.05
-1.05 8.65 -1.25 837E9F 1.05
-1.05 8.65 -0.1999998 827E9E 1.05
-1.05 8.65 0.8500004 837E9E 1.05
-1.05 8.65 1.9 817C9C 1.05
-1.05 8.65 2.95 817C9C 1.05
-1.05 8.65 4 847F9F 1.05
-1.05 8.65 5.05 827D9D 1.05
-1.05 7.599999 6.1 807B9B 1.05
-1.05 7.599999 7.15 827D9D 1.05
0 2.35 8.200001 75433C 1.05
0 1.3 9.25 6C3E3B 1.05
0 0.2499999 -6.5 CAC2C3 1.05
0 0.2499999 -5.45 5D5877 1.05
0 0.2499999 9.25 683C3B 1.05
0 0.2499999 -4.4 4E4967 1.05
0 0.2499999 -3.35 4F4A68 1.05
0 0.2499999 -2.3 514B69 1.05
0 0.2499999 -1.25 504B69 1.05
0 0.2499999 -0.1999998 514C6A 1.05
0 0.2499999 0.8500004 524D6B 1.05
0 0.2499999 1.9 514C69 1.05
0 0.2499999 2.95 514C69 1.05
0 0.2499999 4 4F4966 1.05
0 0.2499999 5.05 514B68 1.05
0 0.2499999 6.1 504964 1.05
0 0.2499999 7.15 544B63 1.05
0 0.2499999 8.200001 816E76 1.05
0 0.2499999 10.3 D0BEB7 1.05
0 0.2499999 11.35 D7CDC9 1.05
0 0.2499999 12.4 D6CECC 1.05
0 0.2499999 13.45 DAD2CF 1.05
0 0.2499999 14.5 DBD4D1 1.05
0 1.3 -5.45 5F5A79 1.05
0 1.3 7.15 79646D 1.05
0 1.3 10.3 E19F5C 1.05
0 2.35 -5.45 5F5978 1.05
0 2.35 7.15 654852 1.05
1.05 2.35 9.25 DB8850 1.05
0 3.4 -5.45 5F5A79 1.05
0 3.4 8.200001 DA9859 1.05
0 3.4 7.15 A89291 1.05
0 4.45 -5.45 605A79 1.05
0 4.45 8.200001 5C5572 1.05
0 5.5 -5.45 5F5A79 1.05
0 5.5 8.200001 5A5472 1.05
0 6.55 -5.45 615B7B 1.05
0 6.55 8.200001 5B5573 1.05
0 7.599999 -4.4 817C9C 1.05
0 7.599999 -5.45 827D9D 1.05
0 7.599999 8.200001 807B9B 1.05
0 7.599999 -3.35 817C9C 1.05
0 8.65 -2.3 837E9F 1.05
0 8.65 -1.25 827D9E 1.05
0 8.65 -0.1999998 847F9F 1.05
0 8.65 0.8500004 817C9D 1.05
0 8.65 1.9 827D9D 1.05
0 8.65 2.95 827D9E 1.05
0 8.65 4 817C9C 1.05
0 8.65 5.05 837E9F 1.05
0 7.599999 6.1 7F7A9B 1.05
0 7.599999 7.15 817C9C 1.05
1.05 2.35 8.200001 71423C 1.05
1.05 1.3 9.25 6E423D 1.05
1.05 0.2499999 -6.5 CCC5C5 1.05
1.05 0.2499999 -5.45 5C5877 1.05
1.05 0.2499999 9.25 74453E 1.05
1.05 0.2499999 -4.4 4F4B69 1.05
1.05 0.2499999 -3.35 4E4A68 1.05
1.05 0.2499999 -2.3 514C69 1.05
1.05 0.2499999 -1.25 504C6A 1.05
1.05 0.2499999 -0.1999998 514C6A 1.05
1.05 0.2499999 0.8500004 514C6A 1.05
1.05 0.2499999 1.9 544E6C 1.05
1.05 0.2499999 2.95 524D6A 1.05
1.05 0.2499999 4 514B67 1.05
1.05 0.2499999 5.05 514B67 1.05
1.05 0.2499999 6.1 514A66 1.05
1.05 0.2499999 7.15 534A64 1.05
1.05 0.2499999 8.200001 847279 1.05
1.05 0.2499999 10.3 D3C5BE 1.05
1.05 0.2499999 11.35 D4CBC8 1.05
1.05 0.2499999 12.4 D9D2CF 1.05
1.05 0.2499999 13.45 DBD4D1 1.05
1.05 0.2499999 14.5 DDD6D3 1.05
1.05 1.3 -5.45 5F5A79 1.05
1.05 1.3 7.15 7B676F 1.05
1.05 1.3 10.3 E2A05C 1.05
1.05 2.35 -5.45 615C7B 1.05
1.05 2.35 7.15 68515B 1.05
1.05 3.4 -5.45 605A79 1.05
1.05 3.4 8.200001 D59358 1.05
1.05 3.4 7.15 9A8688 1.05
1.05 4.45 -5.45 605B7A 1.05
1.05 4.45 8.200001 585170 1.05
1.05 5.5 -5.45 625C7B 1.05
1.05 5.5 8.200001 56506F 1.05
1.05 6.55 -5.45 615B7B 1.05
1.05 6.55 8.200001 595371 1.05
1.05 7.599999 -4.4 827D9E 1.05
1.05 7.599999 -5.45 837E9E 1.05
1.05 7.599999 8.200001 817C9C 1.05
1.05 7.599999 -3.35 827D9D 1.05
1.05 8.65 -2.3 827D9E 1.05
1.05 8.65 -1.25 827D9E 1.05
1.05 8.65 -0.1999998 837E9E 1.05
1.05 8.65 0.8500004 817D9D 1.05
1.05 8.65 1.9 827C9D 1.05
1.05 8.65 2.95 817D9D 1.05
1.05 8.65 4 817D9D 1.05
1.05 8.65 5.05 827D9E 1.05
1.05 7.599999 6.1 807B9B 1.05
1.05 7.599999 7.15 817C9D 1.05
2.1 0.2499999 -6.5 CDC6C5 1.05
2.1 0.2499999 -5.45 5E5978 1.05
2.1 0.2499999 -4.4 4F4A68 1.05
2.1 0.2499999 -3.35 4F4A68 1.05
2.1 0.2499999 -2.3 504C6A 1.05
2.1 0.2499999 -1.25 514D6B 1.05
2.1 0.2499999 -0.1999998 514C6A 1.05
2.1 0.2499999 0.8500004 514C6A 1.05
2.1 0.2499999 1.9 524D6B 1.05
2.1 0.2499999 2.95 504B69 1.05
2.1 0.2499999 4 524C6A 1.05
2.1 0.2499999 5.05 514B68 1.05
2.1 0.2499999 6.1 504A66 1.05
2.1 0.2499999 7.15 4E4864 1.05
2.1 0.2499999 9.25 BBB0AF 1.05
2.1 0.2499999 10.3 D0C6C3 1.05
2.1 0.2499999 11.35 D5CDCA 1.05
2.1 0.2499999 12.4 D9D2CF 1.05
2.1 0.2499999 13.45 D9D2CF 1.05
2.1 0.2499999 14.5 DBD4D2 1.05
2.1 1.3 -5.45 605B7A 1.05
2.1 2.35 -5.45 605B7A 1.05
2.1 3.4 -5.45 5E5978 1.05
2.1 4.45 -5.45 605B7A 1.05
2.1 5.5 -5.45 5F5A79 1.05
2.1 6.55 -5.45 615C7B 1.05
2.1 7.599999 -4.4 847F9F 1.05
2.1 7.599999 8.200001 827D9D 1.05
2.1 7.599999 7.15 807A9A 1.05
2.1 7.599999 -3.35 827E9E 1.05
2.1 7.599999 -2.3 807C9C 1.05
2.1 8.65 -1.25 837F9F 1.05
2.1 8.65 -0.1999998 827D9D 1.05
2.1 8.65 0.8500004 827D9D 1.05
2.1 8.65 1.9 837E9E 1.05
2.1 8.65 2.95 8480A0 1.05
2.1 8.65 4 827E9E 1.05
2.1 8.65 5.05 817C9C 1.05
2.1 7.599999 6.1 807C9C 1.05
3.15 0.2499999 -6.5 D0C9C8 1.05
3.15 0.2499999 -5.45 5D5877 1.05
3.15 0.2499999 -4.4 4B4765 1.05
3.15 0.2499999 -3.35 4E4967 1.05
3.15 0.2499999 -2.3 4F4A68 1.05
3.15 0.2499999 -1.25 504C6A 1.05
3.15 0.2499999 -0.1999998 514C6A 1.05
3.15 0.2499999 0.8500004 524C6A 1.05
3.15 0.2499999 1.9 524D6B 1.05
3.15 0.2499999 2.95 514C6A 1.05
3.15 0.2499999 4 524D6A 1.05
3.15 0.2499999 5.05 4F4A68 1.05
3.15 0.2499999 6.1 4F4A67 1.05
3.15 0.2499999 7.15 4C4765 1.05
3.15 0.2499999 8.200001 484361 1.05
3.15 0.2499999 9.25 C7BEBE 1.05
3.15 0.2499999 10.3 D3CBC9 1.05
3.15 0.2499999 11.35 D8D1CE 1.05
3.15 0.2499999 12.4 DCD5D2 1.05
3.15 0.2499999 13.45 DBD4D2 1.05
3.15 0.2499999 14.5 DFD8D5 1.05
3.15 1.3 -5.45 625D7C 1.05
3.15 1.3 8.200001 605A79 1.05
3.15 2.35 -5.45 605B7B 1.05
3.15 2.35 8.200001 635E7D 1.05
3.15 3.4 -5.45 615C7B 1.05
3.15 3.4 8.200001 625C7B 1.05
3.15 4.45 -5.45 615C7B 1.05
3.15 4.45 8.200001 5F5A79 1.05
3.15 5.5 -5.45 5F5A79 1.05
3.15 5.5 8.200001 605B7A 1.05
3.15 6.55 -5.45 625C7B 1.05
3.15 6.55 8.200001 605A7A 1.05
3.15 7.599999 -4.4 837E9E 1.05
3.15 7.599999 8.200001 817C9C 1.05
3.15 7.599999 7.15 807B9C 1.05
3.15 7.599999 -3.35 837F9F 1.05
3.15 7.599999 -2.3 847F9F 1.05
3.15 7.599999 -1.25 837E9F 1.05
3.15 8.65 -0.1999998 827D9E 1.05
3.15 8.65 0.8500004 827D9E 1.05
3.15 8.65 1.9 827D9D 1.05
3.15 8.65 2.95 817C9C 1.05
3.15 8.65 4 817C9C 1.05
3.15 7.599999 5.05 847F9F 1.05
3.15 7.599999 6.1 827D9D 1.05
4.2 0.2499999 -6.5 D3CCCB 1.05
4.2 0.2499999 -4.4 625D7C 1.05
4.2 0.2499999 -5.45 CBC4C4 1.05
4.2 0.2499999 -3.35 504B69 1.05
4.2 0.2499999 -2.3 504B69 1.05
4.2 0.2499999 -1.25 504B69 1.05
4.2 0.2499999 -0.1999998 504B69 1.05
4.2 0.2499999 0.8500004 4F4A68 1.05
4.2 0.2499999 1.9 514C6A 1.05
4.2 0.2499999 2.95 524D6A 1.05
4.2 0.2499999 4 514C69 1.05
4.2 0.2499999 5.05 4F4A68 1.05
4.2 0.2499999 6.1 504B69 1.05
4.2 0.2499999 7.15 4D4967 1.05
4.2 0.2499999 8.200001 C2B9BB 1.05
4.2 0.2499999 9.25 CEC7C6 1.05
4.2 0.2499999 10.3 D6CFCD 1.05
4.2 0.2499999 11.35 D8D1CF 1.05
4.2 0.2499999 12.4 DDD6D4 1.05
4.2 0.2499999 13.45 DDD6D4 1.05
4.2 0.2499999 14.5 DFD9D6 1.05
4.2 1.3 -4.4 686282 1.05
4.2 1.3 8.200001 645E7E 1.05
4.2 2.35 -4.4 686282 1.05
4.2 2.35 8.200001 666180 1.05
4.2 3.4 -4.4 656080 1.05
4.2 3.4 8.200001 655F7F 1.05
4.2 4.45 -4.4 65607F 1.05
4.2 4.45 8.200001 655F7F 1.05
4.2 5.5 -4.4 666180 1.05
4.2 5.5 8.200001 65607F 1.05
4.2 6.55 -4.4 635E7D 1.05
4.2 6.55 8.200001 645F7F 1.05
4.2 7.599999 -3.35 8480A0 1.05
4.2 7.599999 7.15 817C9C 1.05
4.2 7.599999 6.1 847F9F 1.05
4.2 7.599999 -2.3 827D9D 1.05
4.2 7.599999 -1.25 837E9E 1.05
4.2 7.599999 -0.1999998 837F9F 1.05
4.2 7.599999 0.8500004 837E9E 1.05
4.2 8.65 1.9 817C9C 1.05
4.2 7.599999 2.95 847F9F 1.05
4.2 7.599999 4 827D9D 1.05
4.2 7.599999 5.05 837E9E 1.05
5.25 0.2499999 -6.5 D7D0CE 1.05
5.25 0.2499999 -3.35 625D7D 1.05
5.25 0.2499999 -5.45 D0C9C8 1.05
5.25 0.2499999 -4.4 CBC4C4 1.05
5.25 0.2499999 -2.3 4F4B69 1.05
5.25 0.2499999 -1.25 514C6B 1.05
5.25 0.2499999 -0.1999998 4F4B69 1.05
5.25 0.2499999 0.8500004 514C6A 1.05
5.25 0.2499999 1.9 504B69 1.05
5.25 0.2499999 2.95 504B69 1.05
5.25 0.2499999 4 504C69 1.05
5.25 0.2499999 5.05 4E4967 1.05
5.25 0.2499999 6.1 4F4A68 1.05
5.25 0.2499999 7.15 BDB5B8 1.05
5.25 0.2499999 8.200001 CCC5C5 1.05
5.25 0.2499999 9.25 D4CDCB 1.05
5.25 0.2499999 10.3 D8D2D0 1.05
5.25 0.2499999 11.35 D9D2D0 1.05
5.25 0.2499999 12.4 DDD6D4 1.05
5.25 0.2499999 13.45 DFD9D6 1.05
5.25 0.2499999 14.5 DFD9D6 1.05
5.25 1.3 -3.35 696484 1.05
5.25 1.3 7.15 676282 1.05
5.25 2.35 -3.35 666180 1.05
5.25 2.35 7.15 656080 1.05
5.25 3.4 -3.35 645F7F 1.05
5.25 3.4 7.15 666180 1.05
5.25 4.45 -3.35 656080 1.05
5.25 4.45 7.15 65607F 1.05
5.25 5.5 -3.35 686282 1.05
5.25 5.5 7.15 645F7E 1.05
5.25 6.55 -3.35 656080 1.05
5.25 6.55 7.15 645F7E 1.05
5.25 7.599999 -2.3 837E9E 1.05
5.25 7.599999 6.1 847FA0 1.05
5.25 7.599999 5.05 827E9E 1.05
5.25 7.599999 -1.25 847F9F 1.05
5.25 7.599999 -0.1999998 8580A0 1.05
5.25 7.599999 0.8500004 837E9F 1.05
5.25 7.599999 1.9 837F9F 1.05
5.25 7.599999 2.95 827D9D 1.05
5.25 7.599999 4 827E9E 1.05
6.3 0.2499999 -6.5 DAD4D2 1.05
6.3 0.2499999 -2.3 635E7E 1.05
6.3 0.2499999 -5.45 D7D0CE 1.05
6.3 0.2499999 -4.4 D1CACA 1.05
6.3 0.2499999 -3.35 CCC5C5 1.05
6.3 0.2499999 -1.25 4E4A67 1.05
6.3 0.2499999 -0.1999998 4D4967 1.05
6.3 0.2499999 0.8500004 4E4967 1.05
6.3 0.2499999 1.9 4F4A68 1.05
6.3 0.2499999 2.95 504B69 1.05
6.3 0.2499999 4 4E4A68 1.05
6.3 0.2499999 5.05 4F4B69 1.05
6.3 0.2499999 6.1 C3BBBC 1.05
6.3 0.2499999 7.15 CCC5C5 1.05
6.3 0.2499999 8.200001 D1CACA 1.05
6.3 0.2499999 9.25 D7D0CF 1.05
6.3 0.2499999 10.3 D9D3D1 1.05
6.3 0.2499999 11.35 DCD5D3 1.05
6.3 0.2499999 12.4 DED8D5 1.05
6.3 0.2499999 13.45 DFD9D7 1.05
6.3 0.2499999 14.5 DED8D5 1.05
6.3 1.3 -2.3 676282 1.05
6.3 1.3 6.1 635E7E 1.05
6.3 2.35 -2.3 686382 1.05
6.3 2.35 6.1 676281 1.05
6.3 3.4 -2.3 666180 1.05
6.3 3.4 6.1 65607F 1.05
6.3 4.45 -2.3 676282 1.05
6.3 4.45 6.1 645F7F 1.05
6.3 5.5 -2.3 645F7F 1.05
6.3 5.5 6.1 635E7D 1.05
6.3 6.55 -2.3 666180 1.05
6.3 6.55 6.1 655F7F 1.05
6.3 7.599999 0.8500004 837E9E 1.05
6.3 7.599999 -1.25 827E9E 1.05
6.3 7.599999 -0.1999998 847FA0 1.05
6.3 7.599999 2.95 817C9C 1.05
6.3 7.599999 1.9 837E9E 1.05
6.3 7.599999 4 837E9E 1.05
6.3 7.599999 5.05 847F9F 1.05
7.35 0.2499999 -6.5 DCD6D4 1.05
7.35 0.2499999 0.8500004 605B7B 1.05
7.35 0.2499999 -5.45 DAD4D2 1.05
7.35 0.2499999 -4.4 D5CFCE 1.05
7.35 0.2499999 -3.35 D4CDCD 1.05
7.35 0.2499999 -2.3 CEC7C7 1.05
7.35 0.2499999 -1.25 CAC3C4 1.05
7.35 0.2499999 -0.1999998 C4BDBF 1.05
7.35 0.2499999 1.9 645D76 1.05
7.35 0.2499999 2.95 C2BBBD 1.05
7.35 0.2499999 4 C6BFC0 1.05
7.35 0.2499999 5.05 C8C1C2 1.05
7.35 0.2499999 6.1 CCC6C6 1.05
7.35 0.2499999 7.15 D3CCCA 1.05
7.35 0.2499999 8.200001 D6CFCE 1.05
7.35 0.2499999 9.25 DAD4D2 1.05
7.35 0.2499999 10.3 DED8D5 1.05
7.35 0.2499999 11.35 DED8D6 1.05
7.35 0.2499999 12.4 E2DCD9 1.05
7.35 0.2499999 13.45 E1DCD9 1.05
7.35 0.2499999 14.5 E2DBD8 1.05
7.35 1.3 0.8500004 6B6686 1.05
6.3 1.3 -1.25 696483 1.05
7.35 1.3 -0.1999998 696484 1.05
7.35 1.3 2.95 676181 1.05
7.35 1.3 1.9 686383 1.05
7.35 1.3 4 6A6585 1.05
6.3 1.3 5.05 696484 1.05
7.35 2.35 0.8500004 676282 1.05
6.3 2.35 -1.25 6A6585 1.05
7.35 2.35 -0.1999998 686382 1.05
7.35 2.35 2.95 666181 1.05
7.35 2.35 1.9 666181 1.05
7.35 2.35 4 666181 1.05
6.3 2.35 5.05 696484 1.05
7.35 3.4 0.8500004 666181 1.05
6.3 3.4 -1.25 686383 1.05
7.35 3.4 -0.1999998 686383 1.05
7.35 3.4 2.95 676282 1.05
7.35 3.4 1.9 656080 1.05
7.35 3.4 4 666181 1.05
6.3 3.4 5.05 676281 1.05
7.35 4.45 0.8500004 656080 1.05
6.3 4.45 -1.25 666180 1.05
7.35 4.45 -0.1999998 666180 1.05
7.35 4.45 2.95 676282 1.05
7.35 4.45 1.9 645F7E 1.05
7.35 4.45 4 666181 1.05
6.3 4.45 5.05 65607F 1.05
7.35 5.5 0.8500004 65607F 1.05
6.3 5.5 -1.25 676282 1.05
7.35 5.5 -0.1999998 656080 1.05
7.35 5.5 2.95 645F7F 1.05
7.35 5.5 1.9 656080 1.05
7.35 5.5 4 666181 1.05
6.3 5.5 5.05 645F7F 1.05
7.35 6.55 0.8500004 686383 1.05
6.3 6.55 -1.25 666181 1.05
7.35 6.55 -0.1999998 676282 1.05
7.35 6.55 2.95 655F7F 1.05
7.35 6.55 1.9 655F7F 1.05
7.35 6.55 4 65607F 1.05
6.3 6.55 5.05 666180 1.05
7.35 7.599999 1.9 847F9F 1.05
8.4 0.2499999 -6.5 E0DAD8 1.05
8.4 0.2499999 -5.45 DED8D6 1.05
8.4 0.2499999 -4.4 DCD6D4 1.05
8.4 0.2499999 -3.35 D9D2D1 1.05
8.4 0.2499999 -2.3 D7D0CF 1.05
8.4 0.2499999 -1.25 D2CBCB 1.05
8.4 0.2499999 -0.1999998 D2CBCA 1.05
8.4 0.2499999 0.8500004 CFC8C8 1.05
8.4 0.2499999 1.9 CEC7C6 1.05
8.4 0.2499999 2.95 CFC8C8 1.05
8.4 0.2499999 4 D2CBCA 1.05
8.4 0.2499999 5.05 D4CECD 1.05
8.4 0.2499999 6.1 D7D0CF 1.05
8.4 0.2499999 7.15 D6D0CE 1.05
8.4 0.2499999 8.200001 DAD4D2 1.05
8.4 0.2499999 9.25 DBD5D3 1.05
8.4 0.2499999 10.3 E1DBD9 1.05
8.4 0.2499999 11.35 E0DAD7 1.05
8.4 0.2499999 12.4 E2DCD9 1.05
8.4 0.2499999 13.45 E1DBD8 1.05
8.4 0.2499999 14.5 E2DCD9 1.05
9.45 0.2499999 -6.5 E1DBD9 1.05
9.45 0.2499999 -5.45 E1DBD9 1.05
9.45 0.2499999 -4.4 E1DBD9 1.05
9.45 0.2499999 -3.35 DFD9D7 1.05
9.45 0.2499999 -2.3 DBD5D3 1.05
9.45 0.2499999 -1.25 DAD4D2 1.05
9.45 0.2499999 -0.1999998 D7D0CE 1.05
9.45 0.2499999 0.8500004 D7D1CF 1.05
9.45 0.2499999 1.9 D3CCCB 1.05
9.45 0.2499999 2.95 D4CECD 1.05
9.45 0.2499999 4 D6CFCE 1.05
9.45 0.2499999 5.05 D8D2D1 1.05
9.45 0.2499999 6.1 DAD4D2 1.05
9.45 0.2499999 7.15 DBD5D3 1.05
9.45 0.2499999 8.200001 DCD6D4 1.05
9.45 0.2499999 9.25 DFD9D7 1.05
9.45 0.2499999 10.3 E1DBD8 1.05
9.45 0.2499999 11.35 E2DCD9 1.05
9.45 0.2499999 12.4 E4DEDB 1.05
9.45 0.2499999 13.45 E3DDDA 1.05
9.45 0.2499999 14.5 E4DEDA 1.05
10.5 0.2499999 -6.5 E3DDDA 1.05
10.5 0.2499999 -5.45 E1DCD9 1.05
10.5 0.2499999 -4.4 E0D9D6 1.05
10.5 0.2499999 -3.35 DED8D6 1.05
10.5 0.2499999 -2.3 DED8D5 1.05
10.5 0.2499999 -1.25 DED8D6 1.05
10.5 0.2499999 -0.1999998 DAD4D2 1.05
10.5 0.2499999 0.8500004 DAD4D2 1.05
10.5 0.2499999 1.9 DAD3D1 1.05
10.5 0.2499999 2.95 D8D2D0 1.05
10.5 0.2499999 4 DAD3D1 1.05
10.5 0.2499999 5.05 DCD5D3 1.05
10.5 0.2499999 6.1 DDD7D5 1.05
10.5 0.2499999 7.15 DED8D5 1.05
10.5 0.2499999 8.200001 E0DBD8 1.05
10.5 0.2499999 9.25 E1DBD9 1.05
10.5 0.2499999 10.3 E3DCD9 1.05
10.5 0.2499999 11.35 E2DCD9 1.05
10.5 0.2499999 12.4 E3DDDA 1.05
10.5 0.2499999 13.45 E4DFDB 1.05
10.5 0.2499999 14.5 E3DDDA 1.05
