6.930002 0.63 -5.04 282525 0.6
6.300002 0.63 -5.039999 282525 0.6
5.670001 0.63 -5.04 282525 0.6
5.040001 0.63 -5.039999 282525 0.6
4.410001 0.63 -5.04 282525 0.6
-5.04 0.63 -5.040001 282525 0.6
-5.67 0.63 -5.040001 282525 0.6
-6.300001 0.63 -5.040001 282525 0.6
-6.930001 0.63 -5.040001 282525 0.6
7.560002 1.26 -5.039999 282525 0.6
6.930002 1.26 -5.04 282525 0.6
6.300002 1.26 -5.039999 727272 0.6
5.670001 1.26 -5.04 ABABAB 0.6
5.040001 1.26 -5.039999 727272 0.6
4.410001 1.26 -5.04 282525 0.6
-4.41 1.26 -5.040001 282525 0.6
-5.04 1.26 -5.040001 282525 0.6
-5.67 1.26 -5.040001 747474 0.6
-6.300001 1.26 -5.040001 7E7E7E 0.6
-6.930001 1.26 -5.040001 252222 0.6
-7.560001 1.26 -5.040001 282525 0.6
7.560002 1.89 -5.039999 282525 0.6
6.930002 1.89 -5.04 282525 0.6
6.300002 1.89 -5.039999 ADADAD 0.6
5.670001 1.89 -5.04 ADADAD 0.6
5.040001 1.89 -5.039999 AEAEAE 0.6
4.410001 1.89 -5.04 282525 0.6
3.780001 1.89 -5.04 282525 0.6
-4.41 1.89 -5.040001 282525 0.6
-5.04 1.89 -5.040001 747474 0.6
-5.67 1.89 -5.040001 ADADAD 0.6
-6.300001 1.89 -5.040001 ADADAD 0.6
-6.930001 1.89 -5.040001 727272 0.6
-7.560001 1.89 -5.040001 282525 0.6
7.560002 2.52 -5.039999 282525 0.6
6.930002 2.52 -5.04 282525 0.6
6.300002 2.52 -5.039999 747474 0.6
5.670001 2.52 -5.04 ADADAD 0.6
5.040001 2.52 -5.039999 707070 0.6
4.410001 2.52 -5.04 282525 0.6
3.780001 2.52 -5.04 282525 0.6
-4.41 2.52 -5.040001 282525 0.6
-5.04 2.52 -5.040001 353333 0.6
-5.67 2.52 -5.040001 ADADAD 0.6
-6.300001 2.52 -5.040001 ADADAD 0.6
-6.930001 2.52 -5.040001 6E6D6D 0.6
-7.560001 2.52 -5.040001 282525 0.6
8.190002 3.15 -5.04 343434 0.6
7.560002 3.15 -5.039999 343434 0.6
6.930002 3.15 -5.04 282525 0.6
6.300002 3.15 -5.039999 282525 0.6
5.670001 3.15 -5.04 242121 0.6
5.040001 3.15 -5.039999 282525 0.6
4.410001 3.15 -5.04 282525 0.6
3.780001 3.15 -5.04 AA3A2A 0.6
3.150001 3.15 -5.04 AA3A2A 0.6
2.520001 3.15 -5.04 AA3A2A 0.6
1.890001 3.15 -5.04 AA3A2A 0.6
1.260001 3.15 -5.04 AA3A2A 0.6
0.6300005 3.15 -5.04 AA3A2A 0.6
4.768372E-07 3.15 -5.04 AA3A2A 0.6
-0.6299996 3.15 -5.04 AA3A2A 0.6
-1.26 3.15 -5.04 AA3A2A 0.6
-1.89 3.15 -5.040001 AA3A2A 0.6
-2.52 3.15 -5.040001 AA3A2A 0.6
-3.15 3.15 -5.040001 AA3A2A 0.6
-3.78 3.15 -5.040001 AA3A2A 0.6
-4.41 3.15 -5.040001 282525 0.6
-5.04 3.15 -5.040001 282525 0.6
-5.67 3.15 -5.040001 282525 0.6
-6.300001 3.15 -5.040001 282525 0.6
-6.930001 3.15 -5.040001 282525 0.6
-7.560001 3.15 -5.040001 282525 0.6
-8.190001 3.15 -5.040001 343434 0.6
8.190002 3.78 -5.04 AA3A2A 0.6
7.560002 3.78 -5.039999 AA3A2A 0.6
6.930002 3.78 -5.04 AA3A2A 0.6
6.300002 3.78 -5.039999 282525 0.6
5.670001 3.78 -5.04 282525 0.6
5.040001 3.78 -5.039999 282525 0.6
4.410001 3.78 -5.04 AA3A2A 0.6
3.780001 3.78 -5.04 AA3A2A 0.6
3.150001 3.78 -5.04 AA3A2A 0.6
2.520001 3.78 -5.04 AA3A2A 0.6
1.890001 3.78 -5.04 AA3A2A 0.6
1.260001 3.78 -5.04 AA3A2A 0.6
0.6300005 3.78 -5.04 AA3A2A 0.6
4.768372E-07 3.78 -5.04 AA3A2A 0.6
-0.6299996 3.78 -5.04 AA3A2A 0.6
-1.26 3.78 -5.04 AA3A2A 0.6
-1.89 3.78 -5.040001 AA3A2A 0.6
-2.52 3.78 -5.040001 AA3A2A 0.6
-3.15 3.78 -5.040001 AA3A2A 0.6
-3.78 3.78 -5.040001 AA3A2A 0.6
-4.41 3.78 -5.040001 AA3A2A 0.6
-5.04 3.78 -5.040001 282525 0.6
-5.67 3.78 -5.040001 282525 0.6
-6.300001 3.78 -5.040001 282525 0.6
-6.930001 3.78 -5.040001 282525 0.6
-7.560001 3.78 -5.040001 AA3A2A 0.6
-8.190001 3.78 -5.040001 AA3A2A 0.6
8.190002 4.41 -5.04 AA3A2A 0.6
7.560002 4.41 -5.039999 AA3A2A 0.6
6.930002 4.41 -5.04 AA3A2A 0.6
6.300002 4.41 -5.039999 AA3A2A 0.6
5.670001 4.41 -5.04 AA3A2A 0.6
5.040001 4.41 -5.039999 AA3A2A 0.6
4.410001 4.41 -5.04 AA3A2A 0.6
3.780001 4.41 -5.04 AA3A2A 0.6
3.150001 4.41 -5.04 AA3A2A 0.6
2.520001 4.41 -5.04 AA3A2A 0.6
1.890001 4.41 -5.04 AA3A2A 0.6
1.260001 4.41 -5.04 AA3A2A 0.6
0.6300005 4.41 -5.04 AA3A2A 0.6
4.768372E-07 4.41 -5.04 AA3A2A 0.6
-0.6299996 4.41 -5.04 AA3A2A 0.6
-1.26 4.41 -5.04 AA3A2A 0.6
-1.89 4.41 -5.040001 AA3A2A 0.6
-2.52 4.41 -5.040001 AA3A2A 0.6
-3.15 4.41 -5.040001 AA3A2A 0.6
-3.78 4.41 -5.040001 AA3A2A 0.6
-4.41 4.41 -5.040001 AA3A2A 0.6
-5.04 4.41 -5.040001 AA3A2A 0.6
-5.67 4.41 -5.040001 AA3A2A 0.6
-6.300001 4.41 -5.040001 AA3A2A 0.6
-6.930001 4.41 -5.040001 AA3A2A 0.6
-7.560001 4.41 -5.040001 AA3A2A 0.6
-8.190001 4.41 -5.040001 E44224 0.6
8.190002 5.04 -5.04 AA3A2A 0.6
7.560002 5.04 -5.039999 AA3A2A 0.6
6.930002 5.04 -5.04 AA3A2A 0.6
6.300002 5.04 -5.039999 AA3A2A 0.6
5.670001 5.04 -5.04 AA3A2A 0.6
5.040001 5.04 -5.039999 AA3A2A 0.6
4.410001 5.04 -5.04 AA3A2A 0.6
3.780001 5.04 -5.04 AA3A2A 0.6
3.150001 5.04 -5.04 AA3A2A 0.6
2.520001 5.04 -5.04 AA3A2A 0.6
1.890001 5.04 -5.04 AA3A2A 0.6
1.260001 5.04 -5.04 AA3A2A 0.6
0.6300005 5.04 -5.04 AA3A2A 0.6
4.768372E-07 5.04 -5.04 AA3A2A 0.6
-0.6299996 5.04 -5.04 AA3A2A 0.6
-1.26 5.04 -5.04 AA3A2A 0.6
-1.89 5.04 -5.040001 AA3A2A 0.6
-2.52 5.04 -5.040001 AA3A2A 0.6
-3.15 5.04 -5.040001 AA3A2A 0.6
-3.78 5.04 -5.040001 AA3A2A 0.6
-4.41 5.04 -5.040001 AA3A2A 0.6
-5.04 5.04 -5.040001 AA3A2A 0.6
-5.67 5.04 -5.040001 AA3A2A 0.6
-6.300001 5.04 -5.040001 AA3A2A 0.6
-6.930001 5.04 -5.040001 AA3A2A 0.6
-7.560001 5.04 -5.040001 AA3A2A 0.6
-8.190001 5.04 -5.040001 E44224 0.6
8.190002 5.67 -5.04 AA3A2A 0.6
7.560002 5.67 -5.039999 AA3A2A 0.6
6.930002 5.67 -5.04 AA3A2A 0.6
6.300002 5.67 -5.039999 AA3A2A 0.6
5.670001 5.67 -5.04 AA3A2A 0.6
5.040001 5.67 -5.039999 AA3A2A 0.6
4.410001 5.67 -5.04 AA3A2A 0.6
3.780001 5.67 -5.04 AA3A2A 0.6
3.150001 5.67 -5.04 AA3A2A 0.6
2.520001 5.67 -5.04 AA3A2A 0.6
1.890001 5.67 -5.04 AA3A2A 0.6
1.260001 5.67 -5.04 AA3A2A 0.6
0.6300005 5.67 -5.04 AA3A2A 0.6
4.768372E-07 5.67 -5.04 AA3A2A 0.6
-0.6299996 5.67 -5.04 AA3A2A 0.6
-1.26 5.67 -5.04 AA3A2A 0.6
-1.89 5.67 -5.040001 AA3A2A 0.6
-2.52 5.67 -5.040001 AA3A2A 0.6
-3.15 5.67 -5.040001 AA3A2A 0.6
-3.78 5.67 -5.040001 AA3A2A 0.6
-4.41 5.67 -5.040001 AA3A2A 0.6
-5.04 5.67 -5.040001 AA3A2A 0.6
-5.67 5.67 -5.040001 AA3A2A 0.6
-6.300001 5.67 -5.040001 AA3A2A 0.6
-6.930001 5.67 -5.040001 AA3A2A 0.6
-7.560001 5.67 -5.040001 AA3A2A 0.6
-8.190001 5.67 -5.040001 AA3A2A 0.6
8.190002 6.3 -5.04 AA3A2A 0.6
7.560002 6.3 -5.039999 AA3A2A 0.6
6.930002 6.3 -5.04 AA3A2A 0.6
6.300002 6.3 -5.039999 AA3A2A 0.6
5.670001 6.3 -5.04 AA3A2A 0.6
5.040001 6.3 -5.039999 AA3A2A 0.6
4.410001 6.3 -5.04 AA3A2A 0.6
3.780001 6.3 -5.04 AA3A2A 0.6
3.150001 6.3 -5.04 AA3A2A 0.6
2.520001 6.3 -6.300001 AA3A2A 0.6
1.890001 6.3 -5.04 AA3A2A 0.6
1.260001 6.3 -5.04 AA3A2A 0.6
0.6300005 6.3 -5.04 AA3A2A 0.6
4.768372E-07 6.3 -5.04 AA3A2A 0.6
-0.6299996 6.3 -5.04 AA3A2A 0.6
-1.26 6.3 -5.04 343434 0.6
-1.89 6.3 -5.040001 343434 0.6
-2.52 6.3 -5.040001 AA3A2A 0.6
-3.15 6.3 -5.040001 AA3A2A 0.6
-3.78 6.3 -5.040001 AA3A2A 0.6
-4.41 6.3 -5.040001 AA3A2A 0.6
-5.04 6.3 -5.040001 AA3A2A 0.6
-5.67 6.3 -5.040001 AA3A2A 0.6
-6.300001 6.3 -5.040001 AA3A2A 0.6
-6.930001 6.3 -5.040001 AA3A2A 0.6
-7.560001 6.3 -5.040001 AA3A2A 0.6
-8.190001 6.3 -5.040001 AA3A2A 0.6
2.520001 6.93 -6.300001 AA3A2A 0.6
1.890001 6.93 -5.04 343434 0.6
1.260001 6.93 -5.04 343434 0.6
0.6300005 6.93 -5.04 343434 0.6
4.768372E-07 6.93 -5.04 343434 0.6
-0.6299996 6.93 -5.04 343434 0.6
-1.26 6.93 -5.04 343434 0.6
-1.89 6.93 -5.040001 343434 0.6
-2.52 6.93 -5.040001 343434 0.6
-3.15 6.93 -5.040001 AA3A2A 0.6
-3.78 6.93 -5.040001 343434 0.6
-4.41 6.93 -5.040001 343434 0.6
-5.04 6.93 -5.040001 343434 0.6
-5.67 6.93 -5.040001 343434 0.6
-6.300001 6.93 -5.040001 343434 0.6
-6.930001 6.93 -5.040001 343434 0.6
-7.560001 6.93 -5.040001 343434 0.6
-8.190001 6.93 -5.040001 AA3A2A 0.6
2.520001 7.56 -5.04 AA3A2A 0.6
1.890001 7.56 -5.04 343434 0.6
1.260001 7.56 -5.04 343434 0.6
0.6300005 7.56 -5.04 343434 0.6
4.768372E-07 7.56 -5.04 343434 0.6
-0.6299996 7.56 -5.04 343434 0.6
-1.26 7.56 -5.04 343434 0.6
-1.89 7.56 -5.040001 343434 0.6
-2.52 7.56 -5.040001 343434 0.6
-3.15 7.56 -5.040001 AA3A2A 0.6
-3.78 7.56 -5.040001 343434 0.6
-4.41 7.56 -5.040001 343434 0.6
-5.04 7.56 -5.040001 343434 0.6
-5.67 7.56 -5.040001 343434 0.6
-6.300001 7.56 -5.040001 343434 0.6
-6.930001 7.56 -5.040001 343434 0.6
-7.560001 7.56 -5.040001 343434 0.6
-8.190001 7.56 -5.040001 AA3A2A 0.6
1.890001 8.190001 -5.04 AA3A2A 0.6
1.260001 8.190001 -5.04 343434 0.6
0.6300005 8.190001 -5.04 343434 0.6
4.768372E-07 8.190001 -5.04 343434 0.6
-0.6299996 8.190001 -5.04 343434 0.6
-1.26 8.190001 -5.04 343434 0.6
-1.89 8.190001 -5.040001 343434 0.6
-2.52 8.190001 -5.040001 343434 0.6
-3.15 8.190001 -5.040001 AA3A2A 0.6
-3.78 8.190001 -5.040001 343434 0.6
-4.41 8.190001 -5.040001 343434 0.6
-5.04 8.190001 -5.040001 343434 0.6
-5.67 8.190001 -5.040001 343434 0.6
-6.300001 8.190001 -5.040001 343434 0.6
-6.930001 8.190001 -5.040001 343434 0.6
-7.560001 8.190001 -5.040001 343434 0.6
-8.190001 8.190001 -5.040001 AA3A2A 0.6
1.890001 8.820001 -5.04 AA3A2A 0.6
1.260001 8.820001 -5.04 343434 0.6
0.6300005 8.820001 -5.04 343434 0.6
4.768372E-07 8.820001 -5.04 343434 0.6
-0.6299996 8.820001 -5.04 343434 0.6
-1.26 8.820001 -5.04 343434 0.6
-1.89 8.820001 -5.040001 343434 0.6
-2.52 8.820001 -5.040001 343434 0.6
-3.15 8.820001 -5.040001 AA3A2A 0.6
-3.78 8.820001 -5.040001 343434 0.6
-4.41 8.820001 -5.040001 343434 0.6
-5.04 8.820001 -5.040001 343434 0.6
-5.67 8.820001 -5.040001 343434 0.6
-6.300001 8.820001 -5.040001 343434 0.6
-6.930001 8.820001 -5.040001 343434 0.6
-7.560001 8.820001 -5.040001 AA3A2A 0.6
1.890001 9.450001 -5.04 AA3A2A 0.6
1.260001 9.450001 -5.04 343434 0.6
0.6300005 9.450001 -5.04 343434 0.6
4.768372E-07 9.450001 -5.04 343434 0.6
-0.6299996 9.450001 -5.04 343434 0.6
-1.26 9.450001 -5.04 343434 0.6
-1.89 9.450001 -5.040001 343434 0.6
-2.52 9.450001 -5.040001 343434 0.6
-3.15 9.450001 -5.040001 AA3A2A 0.6
-3.78 9.450001 -5.040001 343434 0.6
-4.41 9.450001 -5.040001 343434 0.6
-5.04 9.450001 -5.040001 343434 0.6
-5.67 9.450001 -5.040001 343434 0.6
-6.300001 9.450001 -5.040001 343434 0.6
-6.930001 9.450001 -5.040001 343434 0.6
-7.560001 9.450001 -5.040001 AA3A2A 0.6
1.260001 10.08 -5.04 AA3A2A 0.6
0.6300005 10.08 -5.04 343434 0.6
4.768372E-07 10.08 -5.04 343434 0.6
-0.6299996 10.08 -5.04 343434 0.6
-1.26 10.08 -5.04 343434 0.6
-1.89 10.08 -5.040001 343434 0.6
-2.52 10.08 -5.040001 343434 0.6
-3.15 10.08 -5.040001 AA3A2A 0.6
-3.78 10.08 -5.040001 343434 0.6
-4.41 10.08 -5.040001 343434 0.6
-5.04 10.08 -5.040001 343434 0.6
-5.67 10.08 -5.040001 343434 0.6
-6.300001 10.08 -5.040001 343434 0.6
-6.930001 10.08 -5.040001 343434 0.6
-7.560001 10.08 -5.040001 AA3A2A 0.6
1.260001 10.71 -5.04 AA3A2A 0.6
0.6300005 10.71 -5.04 AA3A2A 0.6
4.768372E-07 10.71 -5.04 AA3A2A 0.6
-0.6299996 10.71 -5.04 AA3A2A 0.6
-1.26 10.71 -5.04 AA3A2A 0.6
-1.89 10.71 -5.040001 AA3A2A 0.6
-2.52 10.71 -5.040001 AA3A2A 0.6
-3.15 10.71 -5.040001 AA3A2A 0.6
-3.78 10.71 -5.040001 AA3A2A 0.6
-4.41 10.71 -5.040001 AA3A2A 0.6
-5.04 10.71 -5.040001 AA3A2A 0.6
-5.67 10.71 -5.040001 AA3A2A 0.6
-6.300001 10.71 -5.040001 AA3A2A 0.6
-6.930001 10.71 -5.040001 AA3A2A 0.6
2.520001 6.3 -5.04 AA3A2A 0.6
2.520001 6.93 -5.04 AA3A2A 0.6
2.520001 6.3 -5.67 AA3A2A 0.6
3.150001 6.3 -5.67 AA3A2A 0.6
3.150001 6.93 -5.67 AA3A2A 0.6
2.520001 6.93 -5.67 ADADAD 0.6
6.300002 0 -5.039999 282525 0.6
5.670001 0 -5.04 282525 0.6
5.040001 0 -5.039999 282525 0.6
-4.41 0.63 -5.040001 282525 0.6
-5.04 0 -5.040001 282525 0.6
-5.67 0 -5.040001 282525 0.6
-6.300001 0 -5.040001 282525 0.6
-6.930001 0 -5.040001 282525 0.6
-7.560001 0.63 -5.040001 282525 0.6
6.930001 0.63 4.410002 282525 0.6
6.300001 0.63 4.410002 282525 0.6
5.67 0.63 4.410001 282525 0.6
5.04 0.63 4.410001 282525 0.6
4.41 0.63 4.410001 282525 0.6
-5.040001 0.63 4.41 282525 0.6
-5.670001 0.63 4.41 282525 0.6
-6.300002 0.63 4.41 282525 0.6
-6.930002 0.63 4.41 282525 0.6
7.560001 1.26 4.410002 282525 0.6
6.930001 1.26 4.410002 282525 0.6
6.300001 1.26 4.410002 2A2626 0.6
5.67 1.26 4.410001 727272 0.6
5.04 1.26 4.410001 262222 0.6
4.41 1.26 4.410001 282525 0.6
3.780001 1.26 -5.04 282525 0.6
-4.410001 1.26 4.410001 282525 0.6
-5.040001 1.26 4.41 282525 0.6
-5.670001 1.26 4.41 727272 0.6
-6.300002 1.26 4.41 727272 0.6
-6.930002 1.26 4.41 282525 0.6
-7.560002 1.26 4.41 282525 0.6
7.560001 1.89 4.410002 282525 0.6
-3.78 1.89 -5.040001 282525 0.6
6.930001 1.89 4.410002 282525 0.6
6.300001 1.89 4.410002 AFAFAF 0.6
5.67 1.89 4.410001 ADADAD 0.6
5.04 1.89 4.410001 A3A3A3 0.6
4.41 1.89 4.410001 282525 0.6
3.78 1.89 4.410001 282525 0.6
-4.410001 1.89 4.410001 282525 0.6
-5.040001 1.89 4.41 747474 0.6
-5.670001 1.89 4.41 ADADAD 0.6
-6.300002 1.89 4.41 ADADAD 0.6
-6.930002 1.89 4.41 747474 0.6
-7.560002 1.89 4.41 282525 0.6
-8.190001 1.89 -5.040001 282525 0.6
7.560001 2.52 4.410002 282525 0.6
-3.78 2.52 -5.040001 282525 0.6
6.930001 2.52 4.410002 282525 0.6
6.300001 2.52 4.410002 AFAFAF 0.6
5.67 2.52 4.410001 ADADAD 0.6
5.04 2.52 4.410001 959595 0.6
4.41 2.52 4.410001 282525 0.6
3.78 2.52 4.410001 282525 0.6
-4.410001 2.52 4.410001 282525 0.6
-5.040001 2.52 4.41 737273 0.6
-5.670001 2.52 4.41 ADADAD 0.6
-6.300002 2.52 4.41 ADADAD 0.6
-6.930002 2.52 4.41 737474 0.6
-7.560002 2.52 4.41 282525 0.6
-8.190001 2.52 -5.040001 282525 0.6
8.190002 2.52 -4.41 343434 0.6
7.560002 2.52 -4.41 343434 0.6
6.930002 2.52 -4.41 343434 0.6
6.300002 2.52 -4.41 343434 0.6
5.670001 2.52 -4.41 343434 0.6
5.040001 2.52 -4.41 343434 0.6
4.410001 2.52 -4.410001 343434 0.6
3.780001 2.52 -4.41 343434 0.6
3.150001 2.52 -4.41 343434 0.6
2.520001 2.52 -4.410001 343434 0.6
1.890001 2.52 -4.410001 343434 0.6
1.260001 2.52 -4.410001 343434 0.6
0.6300005 2.52 -4.410001 343434 0.6
4.768372E-07 2.52 -4.410001 343434 0.6
-0.6299996 2.52 -4.410001 343434 0.6
-1.26 2.52 -4.410001 343434 0.6
-1.89 2.52 -4.410001 343434 0.6
-2.52 2.52 -4.410001 343434 0.6
-3.15 2.52 -4.410001 343434 0.6
-3.78 2.52 -4.410001 343434 0.6
-4.41 2.52 -4.410001 343434 0.6
-5.04 2.52 -4.410001 343434 0.6
-5.67 2.52 -4.410001 343434 0.6
-6.300001 2.52 -4.410002 343434 0.6
-6.930001 2.52 -4.410002 343434 0.6
-7.560001 2.52 -4.410002 343434 0.6
-8.190001 2.52 -4.410002 343434 0.6
6.930002 0.63 -4.41 282525 0.6
6.300002 0.63 -4.41 282525 0.6
5.670001 0.63 -4.41 282525 0.6
5.040001 0.63 -4.41 282525 0.6
4.410001 0.63 -4.410001 282525 0.6
-5.04 0.63 -4.410001 282525 0.6
-5.67 0.63 -4.410001 282525 0.6
-6.300001 0.63 -4.410002 282525 0.6
-6.930001 0.63 -4.410002 282525 0.6
7.560002 1.26 -4.41 282525 0.6
6.930002 1.26 -4.41 282525 0.6
6.300002 1.26 -4.41 2A2626 0.6
5.670001 1.26 -4.41 727272 0.6
5.040001 1.26 -4.41 262222 0.6
4.410001 1.26 -4.410001 282525 0.6
-4.41 1.26 -4.410001 282525 0.6
-5.04 1.26 -4.410001 282525 0.6
-5.67 1.26 -4.410001 727272 0.6
-6.300001 1.26 -4.410002 727272 0.6
-6.930001 1.26 -4.410002 282525 0.6
-7.560001 1.26 -4.410002 282525 0.6
7.560002 1.89 -4.41 282525 0.6
6.930002 1.89 -4.41 282525 0.6
6.300002 1.89 -4.41 AFAFAF 0.6
5.670001 1.89 -4.41 ADADAD 0.6
5.040001 1.89 -4.41 A3A3A3 0.6
4.410001 1.89 -4.410001 282525 0.6
3.780001 1.89 -4.41 282525 0.6
-4.41 1.89 -4.410001 282525 0.6
-5.04 1.89 -4.410001 747474 0.6
-5.67 1.89 -4.410001 ADADAD 0.6
-6.300001 1.89 -4.410002 ADADAD 0.6
-6.930001 1.89 -4.410002 747474 0.6
-7.560001 1.89 -4.410002 282525 0.6
8.820002 3.15 -4.41 343434 0.6
6.930002 3.15 -4.41 282525 0.6
6.930001 3.15 4.410002 282525 0.6
6.300002 3.15 -4.41 282525 0.6
6.300001 3.15 4.410002 282525 0.6
5.670001 3.15 -4.41 727272 0.6
5.67 3.15 4.410001 727272 0.6
5.040001 3.15 -4.41 282525 0.6
5.04 3.15 4.410001 282525 0.6
4.410001 3.15 -4.410001 282525 0.6
4.41 3.15 4.410001 282525 0.6
-4.41 3.15 -4.410001 282525 0.6
-4.410001 3.15 4.410001 282525 0.6
-5.04 3.15 -4.410001 282525 0.6
-5.040001 3.15 4.41 282525 0.6
-5.67 3.15 -4.410001 797979 0.6
-5.670001 3.15 4.41 797979 0.6
-6.300001 3.15 -4.410002 7B7B7B 0.6
-6.300002 3.15 4.41 7B7B7B 0.6
-6.930001 3.15 -4.410002 282525 0.6
-6.930002 3.15 4.41 282525 0.6
-7.560001 3.15 -4.410002 282525 0.6
-7.560002 3.15 4.41 282525 0.6
-8.820002 3.15 -4.410002 343434 0.6
8.190002 3.78 -4.41 C04B3A 0.6
6.300002 3.78 -4.41 282525 0.6
6.300001 3.78 4.410002 282525 0.6
5.670001 3.78 -4.41 282525 0.6
5.67 3.78 4.410001 282525 0.6
5.040001 3.78 -4.41 282525 0.6
5.04 3.78 4.410001 282525 0.6
-5.04 3.78 -4.410001 282525 0.6
-5.040001 3.78 4.41 282525 0.6
-5.67 3.78 -4.410001 282525 0.6
-5.670001 3.78 4.41 282525 0.6
-6.300001 3.78 -4.410002 282525 0.6
-6.300002 3.78 4.41 282525 0.6
-6.930001 3.78 -4.410002 282525 0.6
-6.930002 3.78 4.41 282525 0.6
-8.820002 3.78 -4.410002 C04B3A 0.6
8.190002 4.41 -4.41 C04B3A 0.6
-8.820002 4.41 -4.410002 F5B566 0.6
8.190002 5.04 -4.41 C04B3A 0.6
-8.820002 5.04 -4.410002 F5B566 0.6
8.190002 5.67 -4.41 C04B3A 0.6
-8.820002 5.67 -4.410002 C04B3A 0.6
8.190002 6.3 -4.41 C04B3A 0.6
2.52 6.3 5.040001 AA3A2A 0.6
-8.820002 6.3 -4.410002 C04B3A 0.6
3.150001 6.93 -4.41 C04B3A 0.6
7.560002 6.3 -4.41 D25947 0.6
6.930002 6.3 -4.41 D25947 0.6
6.300002 6.3 -4.41 D25947 0.6
5.670001 6.3 -4.41 D25947 0.6
5.040001 6.3 -4.41 D25947 0.6
4.410001 6.3 -4.410001 D25947 0.6
3.780001 6.3 -4.41 D25947 0.6
3.150001 6.3 -4.41 D25947 0.6
2.52 6.93 5.040001 AA3A2A 0.6
-8.820002 6.93 -4.410002 525252 0.6
2.520001 7.56 -4.410001 C04B3A 0.6
-8.190001 7.56 -4.410002 525252 0.6
2.520001 8.190001 -4.410001 C04B3A 0.6
-8.190001 8.190001 -4.410002 525252 0.6
1.890001 8.820001 -4.410001 C04B3A 0.6
-8.190001 8.820001 -4.410002 525252 0.6
1.890001 9.450001 -4.410001 C04B3A 0.6
1.89 9.450001 4.410001 C04B3A 0.6
-7.560001 9.450001 -4.410002 525252 0.6
1.890001 10.08 -4.410001 C04B3A 0.6
-7.560001 10.08 -4.410002 525252 0.6
1.260001 10.71 -4.410001 C04B3A 0.6
-7.560001 10.71 -4.410002 525252 0.6
0.6300005 10.71 -4.410001 454444 0.6
4.768372E-07 10.71 -4.410001 454444 0.6
-0.6299996 10.71 -4.410001 454444 0.6
-1.26 10.71 -4.410001 454444 0.6
-1.89 10.71 -4.410001 454444 0.6
-2.52 10.71 -4.410001 454444 0.6
-3.15 10.71 -4.410001 454444 0.6
-3.78 10.71 -4.410001 454444 0.6
-4.41 10.71 -4.410001 454444 0.6
-5.04 10.71 -4.410001 454444 0.6
-5.67 10.71 -4.410001 454444 0.6
-6.300001 10.71 -4.410002 454444 0.6
-6.930001 10.71 -4.410002 525252 0.6
8.190002 2.52 -3.78 343434 0.6
7.560002 2.52 -3.78 343434 0.6
6.930002 2.52 -3.78 343434 0.6
6.300002 2.52 -3.78 343434 0.6
5.670001 2.52 -3.78 343434 0.6
5.040001 2.52 -3.78 343434 0.6
4.410001 2.52 -3.78 343434 0.6
3.780001 2.52 -3.78 343434 0.6
3.150001 2.52 -3.78 343434 0.6
2.520001 2.52 -3.78 343434 0.6
1.890001 2.52 -3.780001 343434 0.6
1.260001 2.52 -3.780001 343434 0.6
0.6300005 2.52 -3.780001 343434 0.6
4.768372E-07 2.52 -3.780001 343434 0.6
-0.6299996 2.52 -3.780001 343434 0.6
-1.26 2.52 -3.780001 343434 0.6
-1.89 2.52 -3.780001 343434 0.6
-2.52 2.52 -3.780001 343434 0.6
-3.15 2.52 -3.780001 343434 0.6
-3.78 2.52 -3.780001 343434 0.6
-4.41 2.52 -3.780001 343434 0.6
-5.04 2.52 -3.780001 343434 0.6
-5.67 2.52 -3.780001 343434 0.6
-6.300001 2.52 -3.780002 343434 0.6
-6.930001 2.52 -3.780002 343434 0.6
-7.560001 2.52 -3.780002 343434 0.6
-8.190001 2.52 -3.780002 343434 0.6
8.820002 3.15 -3.78 343434 0.6
-8.820002 3.15 -3.780002 343434 0.6
8.190002 3.78 -3.78 C04B3A 0.6
-8.820002 3.78 -3.780002 C04B3A 0.6
8.190002 4.41 -3.78 F5CFA2 0.6
-8.820002 4.41 -3.780002 F5CFA2 0.6
8.190002 5.04 -3.78 F5CFA2 0.6
-8.820002 5.04 -3.780002 F5CFA2 0.6
8.190002 5.67 -3.78 C04B3A 0.6
-8.820002 5.67 -3.780002 C04B3A 0.6
8.190002 6.3 -3.78 C04B3A 0.6
-8.820002 6.3 -3.780002 C04B3A 0.6
3.150001 6.93 -3.78 343434 0.6
7.560002 6.3 -3.78 D25947 0.6
6.930002 6.3 -3.78 D25947 0.6
6.300002 6.3 -3.78 D25947 0.6
5.670001 6.3 -3.78 D25947 0.6
5.040001 6.3 -3.78 D25947 0.6
4.410001 6.3 -3.78 D25947 0.6
3.780001 6.3 -3.78 D25947 0.6
3.150001 6.3 -3.78 D25947 0.6
-8.820002 6.93 -3.780002 525252 0.6
2.520001 7.56 -3.78 343434 0.6
-8.190001 7.56 -3.780002 343434 0.6
2.520001 8.190001 -3.78 343434 0.6
-8.190001 8.190001 -3.780002 343434 0.6
1.890001 8.820001 -3.780001 343434 0.6
-8.190001 8.820001 -3.780002 343434 0.6
1.890001 9.450001 -3.780001 343434 0.6
-7.560001 9.450001 -3.780002 343434 0.6
1.890001 10.08 -3.780001 343434 0.6
-7.560001 10.08 -3.780002 343434 0.6
1.260001 10.71 -3.780001 C04B3A 0.6
-7.560001 10.71 -3.780002 525252 0.6
0.6300005 10.71 -3.780001 454444 0.6
4.768372E-07 10.71 -3.780001 454444 0.6
-0.6299996 10.71 -3.780001 454444 0.6
-1.26 10.71 -3.780001 454444 0.6
-1.89 10.71 -3.780001 454444 0.6
-2.52 10.71 -3.780001 454444 0.6
-3.15 10.71 -3.780001 454444 0.6
-3.78 10.71 -3.780001 454444 0.6
-4.41 10.71 -3.780001 454444 0.6
-5.04 10.71 -3.780001 454444 0.6
-5.67 10.71 -3.780001 454444 0.6
-6.300001 10.71 -3.780002 454444 0.6
-6.930001 10.71 -3.780002 525252 0.6
8.190002 2.52 -3.15 343434 0.6
7.560002 2.52 -3.15 343434 0.6
6.930002 2.52 -3.15 343434 0.6
6.300002 2.52 -3.15 343434 0.6
5.670001 2.52 -3.15 343434 0.6
5.040001 2.52 -3.15 343434 0.6
4.410001 2.52 -3.15 343434 0.6
3.780001 2.52 -3.15 343434 0.6
3.150001 2.52 -3.15 343434 0.6
2.520001 2.52 -3.15 343434 0.6
1.890001 2.52 -3.150001 343434 0.6
1.260001 2.52 -3.150001 343434 0.6
0.6300005 2.52 -3.150001 343434 0.6
4.768372E-07 2.52 -3.150001 343434 0.6
-0.6299996 2.52 -3.150001 343434 0.6
-1.26 2.52 -3.150001 343434 0.6
-1.89 2.52 -3.150001 343434 0.6
-2.52 2.52 -3.150001 343434 0.6
-3.15 2.52 -3.150001 343434 0.6
-3.78 2.52 -3.150001 343434 0.6
-4.41 2.52 -3.150001 343434 0.6
-5.04 2.52 -3.150001 343434 0.6
-5.67 2.52 -3.150001 343434 0.6
-6.300001 2.52 -3.150002 343434 0.6
-6.930001 2.52 -3.150002 343434 0.6
-7.560001 2.52 -3.150002 343434 0.6
-8.190001 2.52 -3.150002 343434 0.6
8.820002 3.15 -3.15 343434 0.6
-8.820002 3.15 -3.150002 343434 0.6
8.190002 3.78 -3.15 C04B3A 0.6
-8.820002 3.78 -3.150002 C04B3A 0.6
8.190002 4.41 -3.15 F5CFA2 0.6
-8.820002 4.41 -3.150002 F5CFA2 0.6
8.190002 5.04 -3.15 F5CFA2 0.6
-8.820002 5.04 -3.150002 F5CFA2 0.6
8.190002 5.67 -3.15 C04B3A 0.6
-8.820002 5.67 -3.150002 C04B3A 0.6
8.190002 6.3 -3.15 C04B3A 0.6
-8.820002 6.3 -3.150002 C04B3A 0.6
3.150001 6.93 -3.15 343434 0.6
7.560002 6.3 -3.15 D25947 0.6
6.930002 6.3 -3.15 D25947 0.6
6.300002 6.3 -3.15 D25947 0.6
5.670001 6.3 -3.15 D25947 0.6
5.040001 6.3 -3.15 D25947 0.6
4.410001 6.3 -3.15 D25947 0.6
3.780001 6.3 -3.15 D25947 0.6
3.150001 6.3 -3.15 D25947 0.6
-8.820002 6.93 -3.150002 525252 0.6
2.520001 7.56 -3.15 343434 0.6
-8.190001 7.56 -3.150002 343434 0.6
2.520001 8.190001 -3.15 343434 0.6
-8.190001 8.190001 -3.150002 343434 0.6
1.890001 8.820001 -3.150001 343434 0.6
-8.190001 8.820001 -3.150002 343434 0.6
1.890001 9.450001 -3.150001 343434 0.6
-7.560001 9.450001 -3.150002 343434 0.6
1.890001 10.08 -3.150001 343434 0.6
-7.560001 10.08 -3.150002 343434 0.6
1.260001 10.71 -3.150001 C04B3A 0.6
-7.560001 10.71 -3.150002 525252 0.6
0.6300005 10.71 -3.150001 454444 0.6
4.768372E-07 10.71 -3.150001 454444 0.6
-0.6299996 10.71 -3.150001 454444 0.6
-1.26 10.71 -3.150001 454444 0.6
-1.89 10.71 -3.150001 454444 0.6
-2.52 10.71 -3.150001 454444 0.6
-3.15 10.71 -3.150001 454444 0.6
-3.78 10.71 -3.150001 454444 0.6
-4.41 10.71 -3.150001 454444 0.6
-5.04 10.71 -3.150001 454444 0.6
-5.67 10.71 -3.150001 454444 0.6
-6.300001 10.71 -3.150002 454444 0.6
-6.930001 10.71 -3.150002 525252 0.6
8.190001 2.52 -2.52 343434 0.6
7.560001 2.52 -2.52 343434 0.6
6.930001 2.52 -2.52 343434 0.6
6.300001 2.52 -2.52 343434 0.6
5.670001 2.52 -2.52 343434 0.6
5.040001 2.52 -2.52 343434 0.6
4.410001 2.52 -2.52 343434 0.6
3.780001 2.52 -2.52 343434 0.6
3.150001 2.52 -2.52 343434 0.6
2.52 2.52 -2.52 343434 0.6
1.890001 2.52 -2.52 343434 0.6
1.26 2.52 -2.52 343434 0.6
0.6300003 2.52 -2.52 343434 0.6
2.384186E-07 2.52 -2.52 343434 0.6
-0.6299998 2.52 -2.52 343434 0.6
-1.26 2.52 -2.52 343434 0.6
-1.89 2.52 -2.52 343434 0.6
-2.52 2.52 -2.52 343434 0.6
-3.15 2.52 -2.520001 343434 0.6
-3.78 2.52 -2.520001 343434 0.6
-4.410001 2.52 -2.520001 343434 0.6
-5.04 2.52 -2.520001 343434 0.6
-5.67 2.52 -2.520001 343434 0.6
-6.300001 2.52 -2.520001 343434 0.6
-6.930001 2.52 -2.520001 343434 0.6
-7.560001 2.52 -2.520001 343434 0.6
-8.190001 2.52 -2.520001 343434 0.6
8.820002 3.15 -2.52 343434 0.6
-8.820002 3.15 -2.520001 343434 0.6
8.190001 3.78 -2.52 C04B3A 0.6
-8.820002 3.78 -2.520001 C04B3A 0.6
8.190001 4.41 -2.52 C04B3A 0.6
-8.820002 4.41 -2.520001 C04B3A 0.6
8.190001 5.04 -2.52 C04B3A 0.6
-8.820002 5.04 -2.520001 C04B3A 0.6
8.190001 5.67 -2.52 C04B3A 0.6
-8.820002 5.67 -2.520001 C04B3A 0.6
8.190001 6.3 -2.52 C04B3A 0.6
-8.820002 6.3 -2.520001 C04B3A 0.6
3.150001 6.93 -2.52 343434 0.6
7.560001 6.3 -2.52 D25947 0.6
6.930001 6.3 -2.52 D25947 0.6
6.300001 6.3 -2.52 D25947 0.6
5.670001 6.3 -2.52 D25947 0.6
5.040001 6.3 -2.52 D25947 0.6
4.410001 6.3 -2.52 D25947 0.6
3.780001 6.3 -2.52 D25947 0.6
3.150001 6.3 -2.52 D25947 0.6
-8.820002 6.93 -2.520001 525252 0.6
2.52 7.56 -2.52 343434 0.6
-8.190001 7.56 -2.520001 343434 0.6
2.52 8.190001 -2.52 343434 0.6
-8.190001 8.190001 -2.520001 343434 0.6
1.890001 8.820001 -2.52 343434 0.6
-8.190001 8.820001 -2.520001 343434 0.6
1.890001 9.450001 -2.52 343434 0.6
-7.560001 9.450001 -2.520001 343434 0.6
1.890001 10.08 -2.52 343434 0.6
-7.560001 10.08 -2.520001 343434 0.6
1.26 10.71 -2.52 C04B3A 0.6
-7.560001 10.71 -2.520001 525252 0.6
0.6300003 10.71 -2.52 454444 0.6
2.384186E-07 10.71 -2.52 454444 0.6
-0.6299998 10.71 -2.52 454444 0.6
-1.26 10.71 -2.52 454444 0.6
-1.89 10.71 -2.52 454444 0.6
-2.52 10.71 -2.52 454444 0.6
-3.15 10.71 -2.520001 454444 0.6
-3.78 10.71 -2.520001 454444 0.6
-4.410001 10.71 -2.520001 454444 0.6
-5.04 10.71 -2.520001 454444 0.6
-5.67 10.71 -2.520001 454444 0.6
-6.300001 10.71 -2.520001 454444 0.6
-6.930001 10.71 -2.520001 525252 0.6
8.190001 2.52 -1.889999 343434 0.6
7.560001 2.52 -1.889999 343434 0.6
6.930001 2.52 -1.889999 343434 0.6
6.300001 2.52 -1.889999 343434 0.6
5.670001 2.52 -1.89 343434 0.6
5.040001 2.52 -1.89 343434 0.6
4.410001 2.52 -1.89 343434 0.6
3.780001 2.52 -1.89 343434 0.6
3.150001 2.52 -1.89 343434 0.6
2.52 2.52 -1.89 343434 0.6
1.890001 2.52 -1.89 343434 0.6
1.26 2.52 -1.89 343434 0.6
0.6300003 2.52 -1.89 343434 0.6
2.384186E-07 2.52 -1.89 343434 0.6
-0.6299998 2.52 -1.89 343434 0.6
-1.26 2.52 -1.89 343434 0.6
-1.89 2.52 -1.890001 343434 0.6
-2.52 2.52 -1.890001 343434 0.6
-3.15 2.52 -1.890001 343434 0.6
-3.78 2.52 -1.890001 343434 0.6
-4.410001 2.52 -1.890001 343434 0.6
-5.04 2.52 -1.890001 343434 0.6
-5.67 2.52 -1.890001 343434 0.6
-6.300001 2.52 -1.890001 343434 0.6
-6.930001 2.52 -1.890001 343434 0.6
-7.560001 2.52 -1.890001 343434 0.6
-8.190001 2.52 -1.890001 343434 0.6
8.820002 3.15 -1.889999 ADADAD 0.6
-8.820002 3.15 -1.890001 ADADAD 0.6
8.190001 3.78 -1.889999 C04B3A 0.6
-8.820002 3.78 -1.890001 C04B3A 0.6
8.190001 4.41 -1.889999 343434 0.6
-8.820002 4.41 -1.890001 C04B3A 0.6
8.190001 5.04 -1.889999 C04B3A 0.6
-8.820002 5.04 -1.890001 C04B3A 0.6
8.190001 5.67 -1.889999 C04B3A 0.6
-8.820002 5.67 -1.890001 C04B3A 0.6
8.190001 6.3 -1.889999 C04B3A 0.6
-8.820002 6.3 -1.890001 C04B3A 0.6
3.150001 6.93 -1.89 343434 0.6
7.560001 6.3 -1.889999 D25947 0.6
6.930001 6.3 -1.889999 D25947 0.6
6.300001 6.3 -1.889999 D25947 0.6
5.670001 6.3 -1.89 D25947 0.6
5.040001 6.3 -1.89 D25947 0.6
4.410001 6.3 -1.89 D25947 0.6
3.780001 6.3 -1.89 D25947 0.6
3.150001 6.3 -1.89 D25947 0.6
-8.820002 6.93 -1.890001 525252 0.6
2.52 7.56 -1.89 343434 0.6
-8.190001 7.56 -1.890001 343434 0.6
2.52 8.190001 -1.89 343434 0.6
-8.190001 8.190001 -1.890001 343434 0.6
1.890001 8.820001 -1.89 343434 0.6
-8.190001 8.820001 -1.890001 343434 0.6
1.890001 9.450001 -1.89 343434 0.6
-7.560001 9.450001 -1.890001 343434 0.6
1.890001 10.08 -1.89 343434 0.6
-7.560001 10.08 -1.890001 343434 0.6
1.26 10.71 -1.89 C04B3A 0.6
-7.560001 10.71 -1.890001 525252 0.6
0.6300003 10.71 -1.89 454444 0.6
2.384186E-07 10.71 -1.89 454444 0.6
-0.6299998 10.71 -1.89 454444 0.6
-1.26 10.71 -1.89 454444 0.6
-1.89 10.71 -1.890001 454444 0.6
-2.52 10.71 -1.890001 454444 0.6
-3.15 10.71 -1.890001 454444 0.6
-3.78 10.71 -1.890001 454444 0.6
-4.410001 10.71 -1.890001 454444 0.6
-5.04 10.71 -1.890001 454444 0.6
-5.67 10.71 -1.890001 454444 0.6
-6.300001 10.71 -1.890001 454444 0.6
-6.930001 10.71 -1.890001 525252 0.6
8.190001 2.52 -1.259999 343434 0.6
7.560001 2.52 -1.259999 343434 0.6
6.930001 2.52 -1.259999 343434 0.6
6.300001 2.52 -1.259999 343434 0.6
5.670001 2.52 -1.26 343434 0.6
5.04 2.52 -1.26 343434 0.6
4.410001 2.52 -1.26 343434 0.6
3.780001 2.52 -1.26 343434 0.6
3.150001 2.52 -1.26 343434 0.6
2.52 2.52 -1.26 343434 0.6
1.89 2.52 -1.26 343434 0.6
1.26 2.52 -1.26 343434 0.6
0.6300002 2.52 -1.26 343434 0.6
1.192093E-07 2.52 -1.26 343434 0.6
-0.6299999 2.52 -1.26 343434 0.6
-1.26 2.52 -1.26 343434 0.6
-1.89 2.52 -1.26 343434 0.6
-2.52 2.52 -1.26 343434 0.6
-3.150001 2.52 -1.260001 343434 0.6
-3.780001 2.52 -1.260001 343434 0.6
-4.410001 2.52 -1.260001 343434 0.6
-5.04 2.52 -1.260001 343434 0.6
-5.670001 2.52 -1.260001 343434 0.6
-6.300001 2.52 -1.260001 343434 0.6
-6.930001 2.52 -1.260001 343434 0.6
-7.560001 2.52 -1.260001 343434 0.6
-8.190001 2.52 -1.260001 343434 0.6
8.820002 3.15 -1.259999 ADADAD 0.6
-8.820002 3.15 -1.260001 ADADAD 0.6
8.190001 3.78 -1.259999 C04B3A 0.6
-8.820002 3.78 -1.260001 C04B3A 0.6
8.190001 4.41 -1.259999 343434 0.6
-8.820002 4.41 -1.260001 C04B3A 0.6
8.190001 5.04 -1.259999 C04B3A 0.6
-8.820002 5.04 -1.260001 C04B3A 0.6
8.190001 5.67 -1.259999 C04B3A 0.6
-8.820002 5.67 -1.260001 C04B3A 0.6
8.190001 6.3 -1.259999 C04B3A 0.6
-8.820002 6.3 -1.260001 C04B3A 0.6
3.150001 6.93 -1.26 343434 0.6
7.560001 6.3 -1.259999 D25947 0.6
6.930001 6.3 -1.259999 D25947 0.6
6.300001 6.3 -1.259999 D25947 0.6
5.670001 6.3 -1.26 D25947 0.6
5.04 6.3 -1.26 D25947 0.6
4.410001 6.3 -1.26 D25947 0.6
3.780001 6.3 -1.26 D25947 0.6
3.150001 6.3 -1.26 D25947 0.6
-8.820002 6.93 -1.260001 525252 0.6
2.52 7.56 -1.26 343434 0.6
-8.190001 7.56 -1.260001 343434 0.6
2.52 8.190001 -1.26 343434 0.6
-8.190001 8.190001 -1.260001 343434 0.6
1.89 8.820001 -1.26 343434 0.6
-8.190001 8.820001 -1.260001 343434 0.6
1.89 9.450001 -1.26 343434 0.6
-7.560001 9.450001 -1.260001 343434 0.6
1.89 10.08 -1.26 343434 0.6
-7.560001 10.08 -1.260001 343434 0.6
1.26 10.71 -1.26 C04B3A 0.6
-7.560001 10.71 -1.260001 525252 0.6
0.6300002 10.71 -1.26 454444 0.6
1.192093E-07 10.71 -1.26 454444 0.6
-0.6299999 10.71 -1.26 454444 0.6
-1.26 10.71 -1.26 454444 0.6
-1.89 10.71 -1.26 454444 0.6
-2.52 10.71 -1.26 454444 0.6
-3.150001 10.71 -1.260001 454444 0.6
-3.780001 10.71 -1.260001 454444 0.6
-4.410001 10.71 -1.260001 454444 0.6
-5.04 10.71 -1.260001 454444 0.6
-5.670001 10.71 -1.260001 454444 0.6
-6.300001 10.71 -1.260001 454444 0.6
-6.930001 10.71 -1.260001 525252 0.6
8.190001 2.52 -0.6299992 343434 0.6
7.560001 2.52 -0.6299992 343434 0.6
6.930001 2.52 -0.6299992 343434 0.6
6.300001 2.52 -0.6299992 343434 0.6
5.670001 2.52 -0.6299996 343434 0.6
5.04 2.52 -0.6299996 343434 0.6
4.410001 2.52 -0.6299996 343434 0.6
3.780001 2.52 -0.6299996 343434 0.6
3.150001 2.52 -0.6299996 343434 0.6
2.52 2.52 -0.6299999 343434 0.6
1.89 2.52 -0.6299999 343434 0.6
1.26 2.52 -0.63 343434 0.6
0.6300001 2.52 -0.6299999 343434 0.6
5.960464E-08 2.52 -0.6300001 343434 0.6
-0.63 2.52 -0.6300001 343434 0.6
-1.26 2.52 -0.6300002 343434 0.6
-1.89 2.52 -0.6300004 343434 0.6
-2.52 2.52 -0.6300004 343434 0.6
-3.150001 2.52 -0.6300006 343434 0.6
-3.780001 2.52 -0.6300006 343434 0.6
-4.410001 2.52 -0.6300006 343434 0.6
-5.04 2.52 -0.6300006 343434 0.6
-5.670001 2.52 -0.6300006 343434 0.6
-6.300001 2.52 -0.6300011 343434 0.6
-6.930001 2.52 -0.6300011 343434 0.6
-7.560001 2.52 -0.6300011 343434 0.6
-8.190001 2.52 -0.6300011 343434 0.6
8.820002 3.15 -0.6299992 ADADAD 0.6
-8.820002 3.15 -0.6300011 ADADAD 0.6
8.190001 3.78 -0.6299992 C04B3A 0.6
-8.820002 3.78 -0.6300011 343434 0.6
8.190001 4.41 -0.6299992 343434 0.6
-8.820002 4.41 -0.6300011 C04B3A 0.6
8.190001 5.04 -0.6299992 C04B3A 0.6
-8.820002 5.04 -0.6300011 C04B3A 0.6
8.190001 5.67 -0.6299992 C04B3A 0.6
-8.820002 5.67 -0.6300011 C04B3A 0.6
8.190001 6.3 -0.6299992 C04B3A 0.6
-8.820002 6.3 -0.6300011 C04B3A 0.6
3.150001 6.93 -0.6299996 343434 0.6
7.560001 6.3 -0.6299992 D25947 0.6
6.930001 6.3 -0.6299992 D25947 0.6
6.300001 6.3 -0.6299992 D25947 0.6
5.670001 6.3 -0.6299996 D25947 0.6
5.04 6.3 -0.6299996 D25947 0.6
4.410001 6.3 -0.6299996 D25947 0.6
3.780001 6.3 -0.6299996 D25947 0.6
3.150001 6.3 -0.6299996 D25947 0.6
-8.820002 6.93 -0.6300011 525252 0.6
2.52 7.56 -0.6299999 343434 0.6
-8.190001 7.56 -0.6300011 343434 0.6
2.52 8.190001 -0.6299999 343434 0.6
-8.190001 8.190001 -0.6300011 343434 0.6
1.89 8.820001 -0.6299999 343434 0.6
-8.190001 8.820001 -0.6300011 343434 0.6
1.89 9.450001 -0.6299999 343434 0.6
-7.560001 9.450001 -0.6300011 343434 0.6
1.89 10.08 -0.6299999 343434 0.6
-7.560001 10.08 -0.6300011 343434 0.6
1.26 10.71 -0.63 C04B3A 0.6
-7.560001 10.71 -0.6300011 525252 0.6
0.6300001 10.71 -0.6299999 454444 0.6
5.960464E-08 10.71 -0.6300001 454444 0.6
-0.63 10.71 -0.6300001 454444 0.6
-1.26 10.71 -0.6300002 454444 0.6
-1.89 10.71 -0.6300004 454444 0.6
-2.52 10.71 -0.6300004 454444 0.6
-3.150001 10.71 -0.6300006 454444 0.6
-3.780001 10.71 -0.6300006 454444 0.6
-4.410001 10.71 -0.6300006 454444 0.6
-5.04 10.71 -0.6300006 454444 0.6
-5.670001 10.71 -0.6300006 454444 0.6
-6.300001 10.71 -0.6300011 454444 0.6
-6.930001 10.71 -0.6300011 525252 0.6
8.190001 2.52 9.536743E-07 343434 0.6
7.560001 2.52 9.536743E-07 343434 0.6
6.930001 2.52 9.536743E-07 343434 0.6
6.300001 2.52 9.536743E-07 343434 0.6
5.670001 2.52 4.768372E-07 343434 0.6
5.04 2.52 4.768372E-07 343434 0.6
4.410001 2.52 4.768372E-07 343434 0.6
3.780001 2.52 4.768372E-07 343434 0.6
3.150001 2.52 4.768372E-07 343434 0.6
2.52 2.52 2.384186E-07 343434 0.6
1.89 2.52 2.384186E-07 343434 0.6
1.26 2.52 1.192093E-07 343434 0.6
0.6300001 2.52 5.960464E-08 343434 0.6
0 2.52 0 343434 0.6
-0.6300001 2.52 -5.960464E-08 343434 0.6
-1.26 2.52 -1.192093E-07 343434 0.6
-1.89 2.52 -2.384186E-07 343434 0.6
-2.52 2.52 -2.384186E-07 343434 0.6
-3.150001 2.52 -4.768372E-07 343434 0.6
-3.780001 2.52 -4.768372E-07 343434 0.6
-4.410001 2.52 -4.768372E-07 343434 0.6
-5.04 2.52 -4.768372E-07 343434 0.6
-5.670001 2.52 -4.768372E-07 343434 0.6
-6.300001 2.52 -9.536743E-07 343434 0.6
-6.930001 2.52 -9.536743E-07 343434 0.6
-7.560001 2.52 -9.536743E-07 343434 0.6
-8.190001 2.52 -9.536743E-07 343434 0.6
8.820002 3.15 9.536743E-07 ADADAD 0.6
-8.820002 3.15 -9.536743E-07 ADADAD 0.6
8.190001 3.78 9.536743E-07 C04B3A 0.6
-8.820002 3.78 -9.536743E-07 343434 0.6
8.190001 4.41 9.536743E-07 343434 0.6
-8.820002 4.41 -9.536743E-07 C04B3A 0.6
8.190001 5.04 9.536743E-07 C04B3A 0.6
-8.820002 5.04 -9.536743E-07 C04B3A 0.6
8.190001 5.67 9.536743E-07 C04B3A 0.6
-8.820002 5.67 -9.536743E-07 C04B3A 0.6
8.190001 6.3 9.536743E-07 C04B3A 0.6
-8.820002 6.3 -9.536743E-07 C04B3A 0.6
3.150001 6.93 4.768372E-07 343434 0.6
7.560001 6.3 9.536743E-07 D25947 0.6
6.930001 6.3 9.536743E-07 D25947 0.6
6.300001 6.3 9.536743E-07 D25947 0.6
5.670001 6.3 4.768372E-07 D25947 0.6
5.04 6.3 4.768372E-07 D25947 0.6
4.410001 6.3 4.768372E-07 D25947 0.6
3.780001 6.3 4.768372E-07 D25947 0.6
3.150001 6.3 4.768372E-07 D25947 0.6
-8.820002 6.93 -9.536743E-07 525252 0.6
2.52 7.56 2.384186E-07 343434 0.6
-8.190001 7.56 -9.536743E-07 343434 0.6
2.52 8.190001 2.384186E-07 343434 0.6
-8.190001 8.190001 -9.536743E-07 343434 0.6
1.89 8.820001 2.384186E-07 343434 0.6
-8.190001 8.820001 -9.536743E-07 343434 0.6
1.89 9.450001 2.384186E-07 343434 0.6
-7.560001 9.450001 -9.536743E-07 343434 0.6
1.89 10.08 2.384186E-07 343434 0.6
-7.560001 10.08 -9.536743E-07 343434 0.6
1.26 10.71 1.192093E-07 C04B3A 0.6
-7.560001 10.71 -9.536743E-07 525252 0.6
0.6300001 10.71 5.960464E-08 454444 0.6
0 10.71 0 454444 0.6
-0.6300001 10.71 -5.960464E-08 454444 0.6
-1.26 10.71 -1.192093E-07 454444 0.6
-1.89 10.71 -2.384186E-07 454444 0.6
-2.52 10.71 -2.384186E-07 454444 0.6
-3.150001 10.71 -4.768372E-07 454444 0.6
-3.780001 10.71 -4.768372E-07 454444 0.6
-4.410001 10.71 -4.768372E-07 454444 0.6
-5.04 10.71 -4.768372E-07 454444 0.6
-5.670001 10.71 -4.768372E-07 454444 0.6
-6.300001 10.71 -9.536743E-07 454444 0.6
-6.930001 10.71 -9.536743E-07 525252 0.6
8.190001 2.52 0.6300011 343434 0.6
7.560001 2.52 0.6300011 343434 0.6
6.930001 2.52 0.6300011 343434 0.6
6.300001 2.52 0.6300011 343434 0.6
5.670001 2.52 0.6300006 343434 0.6
5.04 2.52 0.6300006 343434 0.6
4.410001 2.52 0.6300006 343434 0.6
3.780001 2.52 0.6300006 343434 0.6
3.150001 2.52 0.6300006 343434 0.6
2.52 2.52 0.6300004 343434 0.6
1.89 2.52 0.6300004 343434 0.6
1.26 2.52 0.6300002 343434 0.6
0.63 2.52 0.6300001 343434 0.6
-5.960464E-08 2.52 0.6300001 343434 0.6
-0.6300001 2.52 0.6299999 343434 0.6
-1.26 2.52 0.63 343434 0.6
-1.89 2.52 0.6299999 343434 0.6
-2.52 2.52 0.6299999 343434 0.6
-3.150001 2.52 0.6299996 343434 0.6
-3.780001 2.52 0.6299996 343434 0.6
-4.410001 2.52 0.6299996 343434 0.6
-5.04 2.52 0.6299996 343434 0.6
-5.670001 2.52 0.6299996 343434 0.6
-6.300001 2.52 0.6299992 343434 0.6
-6.930001 2.52 0.6299992 343434 0.6
-7.560001 2.52 0.6299992 343434 0.6
-8.190001 2.52 0.6299992 343434 0.6
8.820002 3.15 0.6300011 ADADAD 0.6
-8.820002 3.15 0.6299992 ADADAD 0.6
8.190001 3.78 0.6300011 C04B3A 0.6
-8.820002 3.78 0.6299992 343434 0.6
8.190001 4.41 0.6300011 343434 0.6
-8.820002 4.41 0.6299992 C04B3A 0.6
8.190001 5.04 0.6300011 C04B3A 0.6
-8.820002 5.04 0.6299992 C04B3A 0.6
8.190001 5.67 0.6300011 C04B3A 0.6
-8.820002 5.67 0.6299992 C04B3A 0.6
8.190001 6.3 0.6300011 C04B3A 0.6
-8.820002 6.3 0.6299992 C04B3A 0.6
3.150001 6.93 0.6300006 343434 0.6
7.560001 6.3 0.6300011 D25947 0.6
6.930001 6.3 0.6300011 D25947 0.6
6.300001 6.3 0.6300011 D25947 0.6
5.670001 6.3 0.6300006 D25947 0.6
5.04 6.3 0.6300006 D25947 0.6
4.410001 6.3 0.6300006 D25947 0.6
3.780001 6.3 0.6300006 D25947 0.6
3.150001 6.3 0.6300006 D25947 0.6
-8.820002 6.93 0.6299992 525252 0.6
2.52 7.56 0.6300004 343434 0.6
-8.190001 7.56 0.6299992 343434 0.6
2.52 8.190001 0.6300004 343434 0.6
-8.190001 8.190001 0.6299992 343434 0.6
1.89 8.820001 0.6300004 343434 0.6
-8.190001 8.820001 0.6299992 343434 0.6
1.89 9.450001 0.6300004 343434 0.6
-7.560001 9.450001 0.6299992 343434 0.6
1.89 10.08 0.6300004 343434 0.6
-7.560001 10.08 0.6299992 343434 0.6
1.26 10.71 0.6300002 C04B3A 0.6
-7.560001 10.71 0.6299992 525252 0.6
0.63 10.71 0.6300001 454444 0.6
-5.960464E-08 10.71 0.6300001 454444 0.6
-0.6300001 10.71 0.6299999 454444 0.6
-1.26 10.71 0.63 454444 0.6
-1.89 10.71 0.6299999 454444 0.6
-2.52 10.71 0.6299999 454444 0.6
-3.150001 10.71 0.6299996 454444 0.6
-3.780001 10.71 0.6299996 454444 0.6
-4.410001 10.71 0.6299996 454444 0.6
-5.04 10.71 0.6299996 454444 0.6
-5.670001 10.71 0.6299996 454444 0.6
-6.300001 10.71 0.6299992 454444 0.6
-6.930001 10.71 0.6299992 525252 0.6
8.190001 2.52 1.260001 343434 0.6
7.560001 2.52 1.260001 343434 0.6
6.930001 2.52 1.260001 343434 0.6
6.300001 2.52 1.260001 343434 0.6
5.670001 2.52 1.260001 343434 0.6
5.04 2.52 1.260001 343434 0.6
4.410001 2.52 1.260001 343434 0.6
3.780001 2.52 1.260001 343434 0.6
3.150001 2.52 1.260001 343434 0.6
2.52 2.52 1.26 343434 0.6
1.89 2.52 1.26 343434 0.6
1.26 2.52 1.26 343434 0.6
0.6299999 2.52 1.26 343434 0.6
-1.192093E-07 2.52 1.26 343434 0.6
-0.6300002 2.52 1.26 343434 0.6
-1.26 2.52 1.26 343434 0.6
-1.89 2.52 1.26 343434 0.6
-2.52 2.52 1.26 343434 0.6
-3.150001 2.52 1.26 343434 0.6
-3.780001 2.52 1.26 343434 0.6
-4.410001 2.52 1.26 343434 0.6
-5.04 2.52 1.26 343434 0.6
-5.670001 2.52 1.26 343434 0.6
-6.300001 2.52 1.259999 343434 0.6
-6.930001 2.52 1.259999 343434 0.6
-7.560001 2.52 1.259999 343434 0.6
-8.190001 2.52 1.259999 343434 0.6
8.820002 3.15 1.260001 ADADAD 0.6
-8.820002 3.15 1.259999 ADADAD 0.6
8.190001 3.78 1.260001 C04B3A 0.6
-8.820002 3.78 1.259999 C04B3A 0.6
8.190001 4.41 1.260001 343434 0.6
-8.820002 4.41 1.259999 C04B3A 0.6
8.190001 5.04 1.260001 C04B3A 0.6
-8.820002 5.04 1.259999 C04B3A 0.6
8.190001 5.67 1.260001 C04B3A 0.6
-8.820002 5.67 1.259999 C04B3A 0.6
8.190001 6.3 1.260001 C04B3A 0.6
-8.820002 6.3 1.259999 C04B3A 0.6
3.150001 6.93 1.260001 343434 0.6
7.560001 6.3 1.260001 D25947 0.6
6.930001 6.3 1.260001 D25947 0.6
6.300001 6.3 1.260001 D25947 0.6
5.670001 6.3 1.260001 D25947 0.6
5.04 6.3 1.260001 D25947 0.6
4.410001 6.3 1.260001 D25947 0.6
3.780001 6.3 1.260001 D25947 0.6
3.150001 6.3 1.260001 D25947 0.6
-8.820002 6.93 1.259999 525252 0.6
2.52 7.56 1.26 343434 0.6
-8.190001 7.56 1.259999 343434 0.6
2.52 8.190001 1.26 343434 0.6
-8.190001 8.190001 1.259999 343434 0.6
1.89 8.820001 1.26 343434 0.6
-8.190001 8.820001 1.259999 343434 0.6
1.89 9.450001 1.26 343434 0.6
-7.560001 9.450001 1.259999 343434 0.6
1.89 10.08 1.26 343434 0.6
-7.560001 10.08 1.259999 343434 0.6
1.26 10.71 1.26 C04B3A 0.6
-7.560001 10.71 1.259999 525252 0.6
0.6299999 10.71 1.26 454444 0.6
-1.192093E-07 10.71 1.26 454444 0.6
-0.6300002 10.71 1.26 454444 0.6
-1.26 10.71 1.26 454444 0.6
-1.89 10.71 1.26 454444 0.6
-2.52 10.71 1.26 454444 0.6
-3.150001 10.71 1.26 454444 0.6
-3.780001 10.71 1.26 454444 0.6
-4.410001 10.71 1.26 454444 0.6
-5.04 10.71 1.26 454444 0.6
-5.670001 10.71 1.26 454444 0.6
-6.300001 10.71 1.259999 454444 0.6
-6.930001 10.71 1.259999 525252 0.6
8.190001 2.52 1.890001 343434 0.6
7.560001 2.52 1.890001 343434 0.6
6.930001 2.52 1.890001 343434 0.6
6.300001 2.52 1.890001 343434 0.6
5.67 2.52 1.890001 343434 0.6
5.04 2.52 1.890001 343434 0.6
4.410001 2.52 1.890001 343434 0.6
3.78 2.52 1.890001 343434 0.6
3.15 2.52 1.890001 343434 0.6
2.52 2.52 1.890001 343434 0.6
1.89 2.52 1.890001 343434 0.6
1.26 2.52 1.89 343434 0.6
0.6299998 2.52 1.89 343434 0.6
-2.384186E-07 2.52 1.89 343434 0.6
-0.6300003 2.52 1.89 343434 0.6
-1.26 2.52 1.89 343434 0.6
-1.890001 2.52 1.89 343434 0.6
-2.52 2.52 1.89 343434 0.6
-3.150001 2.52 1.89 343434 0.6
-3.780001 2.52 1.89 343434 0.6
-4.410001 2.52 1.89 343434 0.6
-5.040001 2.52 1.89 343434 0.6
-5.670001 2.52 1.89 343434 0.6
-6.300001 2.52 1.889999 343434 0.6
-6.930001 2.52 1.889999 343434 0.6
-7.560001 2.52 1.889999 343434 0.6
-8.190001 2.52 1.889999 343434 0.6
8.820002 3.15 1.890001 ADADAD 0.6
-8.820002 3.15 1.889999 ADADAD 0.6
8.190001 3.78 1.890001 C04B3A 0.6
-8.820002 3.78 1.889999 C04B3A 0.6
8.190001 4.41 1.890001 343434 0.6
-8.820002 4.41 1.889999 C04B3A 0.6
8.190001 5.04 1.890001 C04B3A 0.6
-8.820002 5.04 1.889999 C04B3A 0.6
8.190001 5.67 1.890001 C04B3A 0.6
-8.820002 5.67 1.889999 C04B3A 0.6
8.190001 6.3 1.890001 C04B3A 0.6
-8.820002 6.3 1.889999 C04B3A 0.6
3.15 6.93 1.890001 343434 0.6
7.560001 6.3 1.890001 D25947 0.6
6.930001 6.3 1.890001 D25947 0.6
6.300001 6.3 1.890001 D25947 0.6
5.67 6.3 1.890001 D25947 0.6
5.04 6.3 1.890001 D25947 0.6
4.410001 6.3 1.890001 D25947 0.6
3.78 6.3 1.890001 D25947 0.6
3.15 6.3 1.890001 D25947 0.6
-8.820002 6.93 1.889999 525252 0.6
2.52 7.56 1.890001 343434 0.6
-8.190001 7.56 1.889999 343434 0.6
2.52 8.190001 1.890001 343434 0.6
-8.190001 8.190001 1.889999 343434 0.6
1.89 8.820001 1.890001 343434 0.6
-8.190001 8.820001 1.889999 343434 0.6
1.89 9.450001 1.890001 343434 0.6
-7.560001 9.450001 1.889999 343434 0.6
1.89 10.08 1.890001 343434 0.6
-7.560001 10.08 1.889999 343434 0.6
1.26 10.71 1.89 C04B3A 0.6
-7.560001 10.71 1.889999 525252 0.6
0.6299998 10.71 1.89 454444 0.6
-2.384186E-07 10.71 1.89 454444 0.6
-0.6300003 10.71 1.89 454444 0.6
-1.26 10.71 1.89 454444 0.6
-1.890001 10.71 1.89 454444 0.6
-2.52 10.71 1.89 454444 0.6
-3.150001 10.71 1.89 454444 0.6
-3.780001 10.71 1.89 454444 0.6
-4.410001 10.71 1.89 454444 0.6
-5.040001 10.71 1.89 454444 0.6
-5.670001 10.71 1.89 454444 0.6
-6.300001 10.71 1.889999 454444 0.6
-6.930001 10.71 1.889999 525252 0.6
8.190001 2.52 2.520001 343434 0.6
7.560001 2.52 2.520001 343434 0.6
6.930001 2.52 2.520001 343434 0.6
6.300001 2.52 2.520001 343434 0.6
5.67 2.52 2.520001 343434 0.6
5.04 2.52 2.520001 343434 0.6
4.410001 2.52 2.520001 343434 0.6
3.78 2.52 2.520001 343434 0.6
3.15 2.52 2.520001 343434 0.6
2.52 2.52 2.52 343434 0.6
1.89 2.52 2.52 343434 0.6
1.26 2.52 2.52 343434 0.6
0.6299998 2.52 2.52 343434 0.6
-2.384186E-07 2.52 2.52 343434 0.6
-0.6300003 2.52 2.52 343434 0.6
-1.26 2.52 2.52 343434 0.6
-1.890001 2.52 2.52 343434 0.6
-2.52 2.52 2.52 343434 0.6
-3.150001 2.52 2.52 343434 0.6
-3.780001 2.52 2.52 343434 0.6
-4.410001 2.52 2.52 343434 0.6
-5.040001 2.52 2.52 343434 0.6
-5.670001 2.52 2.52 343434 0.6
-6.300001 2.52 2.52 343434 0.6
-6.930001 2.52 2.52 343434 0.6
-7.560001 2.52 2.52 343434 0.6
-8.190001 2.52 2.52 343434 0.6
8.820002 3.15 2.520001 343434 0.6
-8.820002 3.15 2.52 343434 0.6
8.190001 3.78 2.520001 C04B3A 0.6
-8.820002 3.78 2.52 C04B3A 0.6
8.190001 4.41 2.520001 C04B3A 0.6
-8.820002 4.41 2.52 C04B3A 0.6
8.190001 5.04 2.520001 C04B3A 0.6
-8.820002 5.04 2.52 C04B3A 0.6
8.190001 5.67 2.520001 C04B3A 0.6
-8.820002 5.67 2.52 C04B3A 0.6
8.190001 6.3 2.520001 C04B3A 0.6
-8.820002 6.3 2.52 C04B3A 0.6
3.15 6.93 2.520001 343434 0.6
7.560001 6.3 2.520001 D25947 0.6
6.930001 6.3 2.520001 D25947 0.6
6.300001 6.3 2.520001 D25947 0.6
5.67 6.3 2.520001 D25947 0.6
5.04 6.3 2.520001 D25947 0.6
4.410001 6.3 2.520001 D25947 0.6
3.78 6.3 2.520001 D25947 0.6
3.15 6.3 2.520001 D25947 0.6
-8.820002 6.93 2.52 525252 0.6
2.52 7.56 2.52 343434 0.6
-8.190001 7.56 2.52 343434 0.6
2.52 8.190001 2.52 343434 0.6
-8.190001 8.190001 2.52 343434 0.6
1.89 8.820001 2.52 343434 0.6
-8.190001 8.820001 2.52 343434 0.6
1.89 9.450001 2.52 343434 0.6
-7.560001 9.450001 2.52 343434 0.6
1.89 10.08 2.52 343434 0.6
-7.560001 10.08 2.52 343434 0.6
1.26 10.71 2.52 C04B3A 0.6
-7.560001 10.71 2.52 525252 0.6
0.6299998 10.71 2.52 454444 0.6
-2.384186E-07 10.71 2.52 454444 0.6
-0.6300003 10.71 2.52 454444 0.6
-1.26 10.71 2.52 454444 0.6
-1.890001 10.71 2.52 454444 0.6
-2.52 10.71 2.52 454444 0.6
-3.150001 10.71 2.52 454444 0.6
-3.780001 10.71 2.52 454444 0.6
-4.410001 10.71 2.52 454444 0.6
-5.040001 10.71 2.52 454444 0.6
-5.670001 10.71 2.52 454444 0.6
-6.300001 10.71 2.52 454444 0.6
-6.930001 10.71 2.52 525252 0.6
8.190001 2.52 3.150002 343434 0.6
7.560001 2.52 3.150002 343434 0.6
6.930001 2.52 3.150002 343434 0.6
6.300001 2.52 3.150002 343434 0.6
5.67 2.52 3.150001 343434 0.6
5.04 2.52 3.150001 343434 0.6
4.41 2.52 3.150001 343434 0.6
3.78 2.52 3.150001 343434 0.6
3.15 2.52 3.150001 343434 0.6
2.52 2.52 3.150001 343434 0.6
1.89 2.52 3.150001 343434 0.6
1.26 2.52 3.150001 343434 0.6
0.6299996 2.52 3.150001 343434 0.6
-4.768372E-07 2.52 3.150001 343434 0.6
-0.6300005 2.52 3.150001 343434 0.6
-1.260001 2.52 3.150001 343434 0.6
-1.890001 2.52 3.150001 343434 0.6
-2.520001 2.52 3.15 343434 0.6
-3.150001 2.52 3.15 343434 0.6
-3.780001 2.52 3.15 343434 0.6
-4.410001 2.52 3.15 343434 0.6
-5.040001 2.52 3.15 343434 0.6
-5.670001 2.52 3.15 343434 0.6
-6.300002 2.52 3.15 343434 0.6
-6.930002 2.52 3.15 343434 0.6
-7.560002 2.52 3.15 343434 0.6
-8.190002 2.52 3.15 343434 0.6
8.820002 3.15 3.150002 343434 0.6
-8.820002 3.15 3.15 343434 0.6
8.190001 3.78 3.150002 C04B3A 0.6
-8.820002 3.78 3.15 C04B3A 0.6
8.190001 4.41 3.150002 F5CFA2 0.6
-8.820002 4.41 3.15 F5CFA2 0.6
8.190001 5.04 3.150002 F5CFA2 0.6
-8.820002 5.04 3.15 F5CFA2 0.6
8.190001 5.67 3.150002 C04B3A 0.6
-8.820002 5.67 3.15 C04B3A 0.6
8.190001 6.3 3.150002 C04B3A 0.6
-8.820002 6.3 3.15 C04B3A 0.6
3.15 6.93 3.150001 343434 0.6
7.560001 6.3 3.150002 D25947 0.6
6.930001 6.3 3.150002 D25947 0.6
6.300001 6.3 3.150002 D25947 0.6
5.67 6.3 3.150001 D25947 0.6
5.04 6.3 3.150001 D25947 0.6
4.41 6.3 3.150001 D25947 0.6
3.78 6.3 3.150001 D25947 0.6
3.15 6.3 3.150001 D25947 0.6
-8.820002 6.93 3.15 525252 0.6
2.52 7.56 3.150001 343434 0.6
-8.190002 7.56 3.15 343434 0.6
2.52 8.190001 3.150001 343434 0.6
-8.190002 8.190001 3.15 343434 0.6
1.89 8.820001 3.150001 343434 0.6
-8.190002 8.820001 3.15 343434 0.6
1.89 9.450001 3.150001 343434 0.6
-7.560002 9.450001 3.15 343434 0.6
1.89 10.08 3.150001 343434 0.6
-7.560002 10.08 3.15 343434 0.6
1.26 10.71 3.150001 C04B3A 0.6
-7.560002 10.71 3.15 525252 0.6
0.6299996 10.71 3.150001 454444 0.6
-4.768372E-07 10.71 3.150001 454444 0.6
-0.6300005 10.71 3.150001 454444 0.6
-1.260001 10.71 3.150001 454444 0.6
-1.890001 10.71 3.150001 454444 0.6
-2.520001 10.71 3.15 454444 0.6
-3.150001 10.71 3.15 454444 0.6
-3.780001 10.71 3.15 454444 0.6
-4.410001 10.71 3.15 454444 0.6
-5.040001 10.71 3.15 454444 0.6
-5.670001 10.71 3.15 454444 0.6
-6.300002 10.71 3.15 454444 0.6
-6.930002 10.71 3.15 525252 0.6
8.190001 2.52 3.780002 343434 0.6
7.560001 2.52 3.780002 343434 0.6
6.930001 2.52 3.780002 343434 0.6
6.300001 2.52 3.780002 343434 0.6
5.67 2.52 3.780001 343434 0.6
5.04 2.52 3.780001 343434 0.6
4.41 2.52 3.780001 343434 0.6
3.78 2.52 3.780001 343434 0.6
3.15 2.52 3.780001 343434 0.6
2.52 2.52 3.780001 343434 0.6
1.89 2.52 3.780001 343434 0.6
1.26 2.52 3.780001 343434 0.6
0.6299996 2.52 3.780001 343434 0.6
-4.768372E-07 2.52 3.780001 343434 0.6
-0.6300005 2.52 3.780001 343434 0.6
-1.260001 2.52 3.780001 343434 0.6
-1.890001 2.52 3.780001 343434 0.6
-2.520001 2.52 3.78 343434 0.6
-3.150001 2.52 3.78 343434 0.6
-3.780001 2.52 3.78 343434 0.6
-4.410001 2.52 3.78 343434 0.6
-5.040001 2.52 3.78 343434 0.6
-5.670001 2.52 3.78 343434 0.6
-6.300002 2.52 3.78 343434 0.6
-6.930002 2.52 3.78 343434 0.6
-7.560002 2.52 3.78 343434 0.6
-8.190002 2.52 3.78 343434 0.6
8.820002 3.15 3.780002 343434 0.6
-8.820002 3.15 3.78 343434 0.6
8.190001 3.78 3.780002 C04B3A 0.6
-8.820002 3.78 3.78 C04B3A 0.6
8.190001 4.41 3.780002 F5CFA2 0.6
-8.820002 4.41 3.78 F5CFA2 0.6
8.190001 5.04 3.780002 F5CFA2 0.6
-8.820002 5.04 3.78 F5CFA2 0.6
8.190001 5.67 3.780002 C04B3A 0.6
-8.820002 5.67 3.78 C04B3A 0.6
8.190001 6.3 3.780002 C04B3A 0.6
-8.820002 6.3 3.78 C04B3A 0.6
3.15 6.93 3.780001 343434 0.6
7.560001 6.3 3.780002 D25947 0.6
6.930001 6.3 3.780002 D25947 0.6
6.300001 6.3 3.780002 D25947 0.6
5.67 6.3 3.780001 D25947 0.6
5.04 6.3 3.780001 D25947 0.6
4.41 6.3 3.780001 D25947 0.6
3.78 6.3 3.780001 D25947 0.6
3.15 6.3 3.780001 D25947 0.6
-8.820002 6.93 3.78 525252 0.6
2.52 7.56 3.780001 343434 0.6
-8.190002 7.56 3.78 343434 0.6
2.52 8.190001 3.780001 343434 0.6
-8.190002 8.190001 3.78 343434 0.6
1.89 8.820001 3.780001 343434 0.6
-8.190002 8.820001 3.78 343434 0.6
1.89 9.450001 3.780001 343434 0.6
-7.560002 9.450001 3.78 343434 0.6
1.89 10.08 3.780001 343434 0.6
-7.560002 10.08 3.78 343434 0.6
1.26 10.71 3.780001 C04B3A 0.6
-7.560002 10.71 3.78 525252 0.6
0.6299996 10.71 3.780001 454444 0.6
-4.768372E-07 10.71 3.780001 454444 0.6
-0.6300005 10.71 3.780001 454444 0.6
-1.260001 10.71 3.780001 454444 0.6
-1.890001 10.71 3.780001 454444 0.6
-2.520001 10.71 3.78 454444 0.6
-3.150001 10.71 3.78 454444 0.6
-3.780001 10.71 3.78 454444 0.6
-4.410001 10.71 3.78 454444 0.6
-5.040001 10.71 3.78 454444 0.6
-5.670001 10.71 3.78 454444 0.6
-6.300002 10.71 3.78 454444 0.6
-6.930002 10.71 3.78 525252 0.6
8.190001 2.52 4.410002 343434 0.6
3.15 2.52 4.410001 343434 0.6
2.52 2.52 4.410001 343434 0.6
1.89 2.52 4.410001 343434 0.6
1.26 2.52 4.410001 343434 0.6
0.6299996 2.52 4.410001 343434 0.6
-4.768372E-07 2.52 4.410001 343434 0.6
-0.6300005 2.52 4.410001 343434 0.6
-1.260001 2.52 4.410001 343434 0.6
-1.890001 2.52 4.410001 343434 0.6
-2.520001 2.52 4.410001 343434 0.6
-3.150001 2.52 4.41 343434 0.6
-3.780001 2.52 4.41 343434 0.6
-8.190002 2.52 4.41 343434 0.6
8.820002 3.15 4.410002 343434 0.6
-8.820002 3.15 4.41 343434 0.6
8.190001 3.78 4.410002 C04B3A 0.6
-8.820002 3.78 4.41 C04B3A 0.6
8.190001 4.41 4.410002 C04B3A 0.6
-8.820002 4.41 4.41 F5B566 0.6
8.190001 5.04 4.410002 C04B3A 0.6
-8.820002 5.04 4.41 F5B566 0.6
8.190001 5.67 4.410002 C04B3A 0.6
-8.820002 5.67 4.41 C04B3A 0.6
8.190001 6.3 4.410002 C04B3A 0.6
-8.820002 6.3 4.41 C04B3A 0.6
3.15 6.93 4.410001 C04B3A 0.6
7.560001 6.3 4.410002 D25947 0.6
6.930001 6.3 4.410002 D25947 0.6
6.300001 6.3 4.410002 D25947 0.6
5.67 6.3 4.410001 D25947 0.6
5.04 6.3 4.410001 D25947 0.6
4.41 6.3 4.410001 D25947 0.6
3.78 6.3 4.410001 D25947 0.6
3.15 6.3 4.410001 D25947 0.6
-8.820002 6.93 4.41 525252 0.6
2.52 7.56 4.410001 C04B3A 0.6
-8.190002 7.56 4.41 525252 0.6
2.52 8.190001 4.410001 C04B3A 0.6
-8.190002 8.190001 4.41 525252 0.6
1.89 8.820001 4.410001 C04B3A 0.6
-8.190002 8.820001 4.41 525252 0.6
-7.560002 9.450001 4.41 525252 0.6
1.89 10.08 4.410001 C04B3A 0.6
-7.560002 10.08 4.41 525252 0.6
1.26 10.71 4.410001 C04B3A 0.6
-7.560002 10.71 4.41 525252 0.6
0.6299996 10.71 4.410001 454444 0.6
-4.768372E-07 10.71 4.410001 454444 0.6
-0.6300005 10.71 4.410001 454444 0.6
-1.260001 10.71 4.410001 454444 0.6
-1.890001 10.71 4.410001 454444 0.6
-2.520001 10.71 4.410001 454444 0.6
-3.150001 10.71 4.41 454444 0.6
-3.780001 10.71 4.41 454444 0.6
-4.410001 10.71 4.410001 454444 0.6
-5.040001 10.71 4.41 454444 0.6
-5.670001 10.71 4.41 454444 0.6
-6.300002 10.71 4.41 454444 0.6
-6.930002 10.71 4.41 525252 0.6
7.560001 1.26 5.040001 282525 0.6
6.930001 0.63 5.040001 282525 0.6
6.300001 0 5.040001 282525 0.6
5.67 0 5.040001 282525 0.6
5.04 0 5.040001 282525 0.6
4.41 0.63 5.040001 282525 0.6
3.78 1.89 5.040001 282525 0.6
-4.410001 0.63 5.04 282525 0.6
-5.040001 0 5.039999 282525 0.6
-5.670001 0 5.04 282525 0.6
-6.300002 0 5.039999 282525 0.6
-6.930002 0 5.04 282525 0.6
-7.560002 0.63 5.039999 282525 0.6
-4.410001 1.26 5.04 282525 0.6
3.78 1.26 5.040001 282525 0.6
-7.560002 1.26 5.039999 282525 0.6
7.560001 1.89 5.040001 282525 0.6
-3.780001 1.89 5.04 282525 0.6
-8.190002 1.89 5.04 282525 0.6
7.560001 2.52 5.040001 282525 0.6
-3.780001 2.52 5.04 282525 0.6
3.78 2.52 5.040001 282525 0.6
-8.190002 2.52 5.04 282525 0.6
7.560001 3.15 5.040001 282525 0.6
8.190001 3.15 5.040001 343434 0.6
6.930001 3.15 5.040001 343434 0.6
-4.410001 3.15 5.04 282525 0.6
6.300001 3.15 5.040001 AA3A2A 0.6
5.67 3.15 5.040001 AA3A2A 0.6
5.04 3.15 5.040001 AA3A2A 0.6
4.41 3.15 5.040001 AA3A2A 0.6
3.78 3.15 5.040001 AA3A2A 0.6
3.15 3.15 5.040001 AA3A2A 0.6
2.52 3.15 5.040001 AA3A2A 0.6
1.89 3.15 5.040001 AA3A2A 0.6
1.26 3.15 5.04 AA3A2A 0.6
0.6299996 3.15 5.04 AA3A2A 0.6
-4.768372E-07 3.15 5.04 AA3A2A 0.6
-0.6300005 3.15 5.04 AA3A2A 0.6
-1.260001 3.15 5.04 AA3A2A 0.6
-1.890001 3.15 5.04 AA3A2A 0.6
-2.520001 3.15 5.04 AA3A2A 0.6
-3.150001 3.15 5.04 AA3A2A 0.6
-3.780001 3.15 5.04 AA3A2A 0.6
-5.040001 3.15 5.039999 AA3A2A 0.6
-5.670001 3.15 5.04 AA3A2A 0.6
-6.300002 3.15 5.039999 AA3A2A 0.6
-6.930002 3.15 5.04 AA3A2A 0.6
-7.560002 3.15 5.039999 AA3A2A 0.6
-8.190002 3.15 5.04 343434 0.6
6.930001 3.78 5.040001 282525 0.6
8.190001 3.78 5.040001 AA3A2A 0.6
7.560001 3.78 5.040001 AA3A2A 0.6
6.300001 3.78 5.040001 AA3A2A 0.6
-5.040001 3.78 5.039999 282525 0.6
5.67 3.78 5.040001 AA3A2A 0.6
5.04 3.78 5.040001 AA3A2A 0.6
4.41 3.78 5.040001 282525 0.6
3.78 3.78 5.040001 AA3A2A 0.6
3.15 3.78 5.040001 AA3A2A 0.6
2.52 3.78 5.040001 AA3A2A 0.6
1.89 3.78 5.040001 AA3A2A 0.6
1.26 3.78 5.04 AA3A2A 0.6
0.6299996 3.78 5.04 AA3A2A 0.6
-4.768372E-07 3.78 5.04 AA3A2A 0.6
-0.6300005 3.78 5.04 AA3A2A 0.6
-1.260001 3.78 5.04 AA3A2A 0.6
-1.890001 3.78 5.04 AA3A2A 0.6
-2.520001 3.78 5.04 AA3A2A 0.6
-3.150001 3.78 5.04 AA3A2A 0.6
-3.780001 3.78 5.04 AA3A2A 0.6
-4.410001 3.78 5.04 AA3A2A 0.6
-5.670001 3.78 5.04 AA3A2A 0.6
-6.300002 3.78 5.039999 AA3A2A 0.6
-6.930002 3.78 5.04 AA3A2A 0.6
-7.560002 3.78 5.039999 AA3A2A 0.6
-8.190002 3.78 5.04 AA3A2A 0.6
8.190001 4.41 5.040001 AA3A2A 0.6
7.560001 4.41 5.040001 AA3A2A 0.6
6.930001 4.41 5.040001 AA3A2A 0.6
6.300001 4.41 5.040001 AA3A2A 0.6
5.67 4.41 5.040001 282525 0.6
5.04 4.41 5.040001 AA3A2A 0.6
4.41 4.41 5.040001 AA3A2A 0.6
3.78 4.41 5.040001 AA3A2A 0.6
3.15 4.41 5.040001 AA3A2A 0.6
2.52 4.41 5.040001 AA3A2A 0.6
1.89 4.41 5.040001 AA3A2A 0.6
1.26 4.41 5.04 AA3A2A 0.6
0.6299996 4.41 5.04 AA3A2A 0.6
-4.768372E-07 4.41 5.04 AA3A2A 0.6
-0.6300005 4.41 5.04 AA3A2A 0.6
-1.260001 4.41 5.04 AA3A2A 0.6
-1.890001 4.41 5.04 AA3A2A 0.6
-2.520001 4.41 5.04 AA3A2A 0.6
-3.150001 4.41 5.04 AA3A2A 0.6
-3.780001 4.41 5.04 AA3A2A 0.6
-4.410001 4.41 5.04 AA3A2A 0.6
-5.040001 4.41 5.039999 AA3A2A 0.6
-5.670001 4.41 5.04 AA3A2A 0.6
-6.300002 4.41 5.039999 AA3A2A 0.6
-6.930002 4.41 5.04 AA3A2A 0.6
-7.560002 4.41 5.039999 AA3A2A 0.6
-8.190002 4.41 5.04 E44224 0.6
8.190001 5.04 5.040001 AA3A2A 0.6
7.560001 5.04 5.040001 AA3A2A 0.6
6.930001 5.04 5.040001 AA3A2A 0.6
6.300001 5.04 5.040001 AA3A2A 0.6
5.67 5.04 5.040001 AA3A2A 0.6
5.04 5.04 5.040001 AA3A2A 0.6
4.41 5.04 5.040001 AA3A2A 0.6
3.78 5.04 5.040001 AA3A2A 0.6
3.15 5.04 5.040001 AA3A2A 0.6
2.52 5.04 5.040001 AA3A2A 0.6
1.89 5.04 5.040001 AA3A2A 0.6
1.26 5.04 5.04 AA3A2A 0.6
0.6299996 5.04 5.04 AA3A2A 0.6
-4.768372E-07 5.04 5.04 AA3A2A 0.6
-0.6300005 5.04 5.04 AA3A2A 0.6
-1.260001 5.04 5.04 AA3A2A 0.6
-1.890001 5.04 5.04 AA3A2A 0.6
-2.520001 5.04 5.04 AA3A2A 0.6
-3.150001 5.04 5.04 AA3A2A 0.6
-3.780001 5.04 5.04 AA3A2A 0.6
-4.410001 5.04 5.04 AA3A2A 0.6
-5.040001 5.04 5.039999 AA3A2A 0.6
-5.670001 5.04 5.04 AA3A2A 0.6
-6.300002 5.04 5.039999 AA3A2A 0.6
-6.930002 5.04 5.04 AA3A2A 0.6
-7.560002 5.04 5.039999 AA3A2A 0.6
-8.190002 5.04 5.04 E44224 0.6
8.190001 5.67 5.040001 AA3A2A 0.6
7.560001 5.67 5.040001 AA3A2A 0.6
6.930001 5.67 5.040001 AA3A2A 0.6
6.300001 5.67 5.040001 AA3A2A 0.6
5.67 5.67 5.040001 AA3A2A 0.6
5.04 5.67 5.040001 AA3A2A 0.6
4.41 5.67 5.040001 AA3A2A 0.6
3.78 5.67 5.040001 AA3A2A 0.6
3.15 5.67 5.040001 AA3A2A 0.6
2.52 5.67 5.040001 AA3A2A 0.6
1.89 5.67 5.040001 AA3A2A 0.6
1.26 5.67 5.04 AA3A2A 0.6
0.6299996 5.67 5.04 AA3A2A 0.6
-4.768372E-07 5.67 5.04 AA3A2A 0.6
-0.6300005 5.67 5.04 AA3A2A 0.6
-1.260001 5.67 5.04 AA3A2A 0.6
-1.890001 5.67 5.04 AA3A2A 0.6
-2.520001 5.67 5.04 AA3A2A 0.6
-3.150001 5.67 5.04 AA3A2A 0.6
-3.780001 5.67 5.04 AA3A2A 0.6
-4.410001 5.67 5.04 AA3A2A 0.6
-5.040001 5.67 5.039999 AA3A2A 0.6
-5.670001 5.67 5.04 AA3A2A 0.6
-6.300002 5.67 5.039999 AA3A2A 0.6
-6.930002 5.67 5.04 AA3A2A 0.6
-7.560002 5.67 5.039999 AA3A2A 0.6
-8.190002 5.67 5.04 AA3A2A 0.6
8.190001 6.3 5.040001 AA3A2A 0.6
7.560001 6.3 5.040001 AA3A2A 0.6
6.930001 6.3 5.040001 AA3A2A 0.6
6.300001 6.3 5.040001 AA3A2A 0.6
5.67 6.3 5.040001 AA3A2A 0.6
5.04 6.3 5.040001 AA3A2A 0.6
4.41 6.3 5.040001 AA3A2A 0.6
3.78 6.3 5.040001 AA3A2A 0.6
3.15 6.3 5.040001 AA3A2A 0.6
1.89 6.3 5.040001 AA3A2A 0.6
1.26 6.3 5.04 AA3A2A 0.6
0.6299996 6.3 5.04 AA3A2A 0.6
-4.768372E-07 6.3 5.04 AA3A2A 0.6
-0.6300005 6.3 5.04 AA3A2A 0.6
-1.260001 6.3 5.04 343434 0.6
-1.890001 6.3 5.04 343434 0.6
-2.520001 6.3 5.04 AA3A2A 0.6
-3.150001 6.3 5.04 AA3A2A 0.6
-3.780001 6.3 5.04 AA3A2A 0.6
-4.410001 6.3 5.04 AA3A2A 0.6
-5.040001 6.3 5.039999 AA3A2A 0.6
-5.670001 6.3 5.04 AA3A2A 0.6
-6.300002 6.3 5.039999 AA3A2A 0.6
-6.930002 6.3 5.04 AA3A2A 0.6
-7.560002 6.3 5.039999 AA3A2A 0.6
-8.190002 6.3 5.04 AA3A2A 0.6
1.89 6.93 5.040001 343434 0.6
1.26 6.93 5.04 343434 0.6
0.6299996 6.93 5.04 343434 0.6
-4.768372E-07 6.93 5.04 343434 0.6
-0.6300005 6.93 5.04 343434 0.6
-1.260001 6.93 5.04 343434 0.6
-1.890001 6.93 5.04 343434 0.6
-2.520001 6.93 5.04 343434 0.6
-3.150001 6.93 5.04 AA3A2A 0.6
-3.780001 6.93 5.04 343434 0.6
-4.410001 6.93 5.04 343434 0.6
-5.040001 6.93 5.039999 343434 0.6
-5.670001 6.93 5.04 343434 0.6
-6.300002 6.93 5.039999 343434 0.6
-6.930002 6.93 5.04 343434 0.6
-7.560002 6.93 5.039999 343434 0.6
-8.190002 6.93 5.04 AA3A2A 0.6
2.52 7.56 5.040001 AA3A2A 0.6
1.89 7.56 5.040001 343434 0.6
1.26 7.56 5.04 343434 0.6
0.6299996 7.56 5.04 343434 0.6
-4.768372E-07 7.56 5.04 343434 0.6
-0.6300005 7.56 5.04 343434 0.6
-1.260001 7.56 5.04 343434 0.6
-1.890001 7.56 5.04 343434 0.6
-2.520001 7.56 5.04 343434 0.6
-3.150001 7.56 5.04 AA3A2A 0.6
-3.780001 7.56 5.04 343434 0.6
-4.410001 7.56 5.04 343434 0.6
-5.040001 7.56 5.039999 343434 0.6
-5.670001 7.56 5.04 343434 0.6
-6.300002 7.56 5.039999 343434 0.6
-6.930002 7.56 5.04 343434 0.6
-7.560002 7.56 5.039999 343434 0.6
-8.190002 7.56 5.04 AA3A2A 0.6
1.89 8.190001 5.040001 AA3A2A 0.6
1.26 8.190001 5.04 343434 0.6
0.6299996 8.190001 5.04 343434 0.6
-4.768372E-07 8.190001 5.04 343434 0.6
-0.6300005 8.190001 5.04 343434 0.6
-1.260001 8.190001 5.04 343434 0.6
-1.890001 8.190001 5.04 343434 0.6
-2.520001 8.190001 5.04 343434 0.6
-3.150001 8.190001 5.04 AA3A2A 0.6
-3.780001 8.190001 5.04 343434 0.6
-4.410001 8.190001 5.04 343434 0.6
-5.040001 8.190001 5.039999 343434 0.6
-5.670001 8.190001 5.04 343434 0.6
-6.300002 8.190001 5.039999 343434 0.6
-6.930002 8.190001 5.04 343434 0.6
-7.560002 8.190001 5.039999 343434 0.6
-8.190002 8.190001 5.04 AA3A2A 0.6
1.89 8.820001 5.040001 AA3A2A 0.6
1.26 8.820001 5.04 343434 0.6
0.6299996 8.820001 5.04 343434 0.6
-4.768372E-07 8.820001 5.04 343434 0.6
-0.6300005 8.820001 5.04 343434 0.6
-1.260001 8.820001 5.04 343434 0.6
-1.890001 8.820001 5.04 343434 0.6
-2.520001 8.820001 5.04 343434 0.6
-3.150001 8.820001 5.04 AA3A2A 0.6
-3.780001 8.820001 5.04 343434 0.6
-4.410001 8.820001 5.04 343434 0.6
-5.040001 8.820001 5.039999 343434 0.6
-5.670001 8.820001 5.04 343434 0.6
-6.300002 8.820001 5.039999 343434 0.6
-6.930002 8.820001 5.04 343434 0.6
-7.560002 8.820001 5.039999 AA3A2A 0.6
1.89 9.450001 5.040001 AA3A2A 0.6
1.26 9.450001 5.04 343434 0.6
0.6299996 9.450001 5.04 343434 0.6
-4.768372E-07 9.450001 5.04 343434 0.6
-0.6300005 9.450001 5.04 343434 0.6
-1.260001 9.450001 5.04 343434 0.6
-1.890001 9.450001 5.04 343434 0.6
-2.520001 9.450001 5.04 343434 0.6
-3.150001 9.450001 5.04 AA3A2A 0.6
-3.780001 9.450001 5.04 343434 0.6
-4.410001 9.450001 5.04 343434 0.6
-5.040001 9.450001 5.039999 343434 0.6
-5.670001 9.450001 5.04 343434 0.6
-6.300002 9.450001 5.039999 343434 0.6
-6.930002 9.450001 5.04 343434 0.6
-7.560002 9.450001 5.039999 AA3A2A 0.6
1.26 10.08 5.04 AA3A2A 0.6
0.6299996 10.08 5.04 343434 0.6
-4.768372E-07 10.08 5.04 343434 0.6
-0.6300005 10.08 5.04 343434 0.6
-1.260001 10.08 5.04 343434 0.6
-1.890001 10.08 5.04 343434 0.6
-2.520001 10.08 5.04 343434 0.6
-3.150001 10.08 5.04 AA3A2A 0.6
-3.780001 10.08 5.04 343434 0.6
-4.410001 10.08 5.04 343434 0.6
-5.040001 10.08 5.039999 343434 0.6
-5.670001 10.08 5.04 343434 0.6
-6.300002 10.08 5.039999 343434 0.6
-6.930002 10.08 5.04 343434 0.6
-7.560002 10.08 5.039999 AA3A2A 0.6
1.26 10.71 5.04 AA3A2A 0.6
0.6299996 10.71 5.04 AA3A2A 0.6
-4.768372E-07 10.71 5.04 AA3A2A 0.6
-0.6300005 10.71 5.04 AA3A2A 0.6
-1.260001 10.71 5.04 AA3A2A 0.6
-1.890001 10.71 5.04 AA3A2A 0.6
-2.520001 10.71 5.04 AA3A2A 0.6
-3.150001 10.71 5.04 AA3A2A 0.6
-3.780001 10.71 5.04 AA3A2A 0.6
-4.410001 10.71 5.04 AA3A2A 0.6
-5.040001 10.71 5.039999 AA3A2A 0.6
-5.670001 10.71 5.04 AA3A2A 0.6
-6.300002 10.71 5.039999 AA3A2A 0.6
-6.930002 10.71 5.04 AA3A2A 0.6
2.52 6.3 5.670001 AA3A2A 0.6
6.300001 0.63 5.040001 282525 0.6
5.67 0.63 5.040001 282525 0.6
5.04 0.63 5.040001 282525 0.6
-5.040001 0.63 5.039999 282525 0.6
-5.670001 0.63 5.04 282525 0.6
-6.300002 0.63 5.039999 282525 0.6
-6.930002 0.63 5.04 282525 0.6
6.930001 1.26 5.040001 282525 0.6
6.300001 1.26 5.040001 727272 0.6
5.67 1.26 5.040001 ABABAB 0.6
5.04 1.26 5.040001 727272 0.6
4.41 1.26 5.040001 282525 0.6
-5.040001 1.26 5.039999 282525 0.6
-5.670001 1.26 5.04 747474 0.6
-6.300002 1.26 5.039999 7E7E7E 0.6
-6.930002 1.26 5.04 252222 0.6
6.930001 1.89 5.040001 282525 0.6
6.300001 1.89 5.040001 ADADAD 0.6
5.67 1.89 5.040001 ADADAD 0.6
5.04 1.89 5.040001 AEAEAE 0.6
4.41 1.89 5.040001 282525 0.6
-4.410001 1.89 5.04 282525 0.6
-5.040001 1.89 5.039999 747474 0.6
-5.670001 1.89 5.04 ADADAD 0.6
-6.300002 1.89 5.039999 ADADAD 0.6
-6.930002 1.89 5.04 727272 0.6
-7.560002 1.89 5.039999 282525 0.6
6.930001 2.52 5.040001 282525 0.6
6.300001 2.52 5.040001 747474 0.6
5.67 2.52 5.040001 ADADAD 0.6
5.04 2.52 5.040001 707070 0.6
4.41 2.52 5.040001 282525 0.6
-4.410001 2.52 5.04 282525 0.6
-5.040001 2.52 5.039999 353333 0.6
-5.670001 2.52 5.04 ADADAD 0.6
-6.300002 2.52 5.039999 ADADAD 0.6
-6.930002 2.52 5.04 6E6D6D 0.6
-7.560002 2.52 5.039999 282525 0.6
3.15 6.3 5.670001 AA3A2A 0.6
3.15 6.93 5.670001 AA3A2A 0.6
2.52 6.93 5.670001 ADADAD 0.6
2.519999 6.3 6.300001 AA3A2A 0.6
2.519999 6.93 6.300001 AA3A2A 0.6
