5.145001 0 -6.76 C2BABA 0.7
4.410001 0 -6.76 C2BABA 0.7
3.675001 0 -6.76 C7C0BF 0.7
2.940001 0 -6.76 C2BBBA 0.7
2.205001 0 -6.76 C9C1C0 0.7
1.470001 0 -6.76 C6BFBE 0.7
0.735001 0 -6.76 C5BDBD 0.7
9.536743E-07 0 -6.76 C8C1C0 0.7
-0.7349991 0 -6.76 C5BDBC 0.7
-1.469999 0 -6.76 C6BEBE 0.7
-2.204999 0 -6.76 C5BDBD 0.7
-2.939999 0 -6.76 C7C0BF 0.7
-3.674999 0 -6.76 C7C0BF 0.7
-4.409999 0 -6.76 C3BBBA 0.7
-5.145 0 -6.76 CAC3C2 0.7
-5.879999 0 -6.76 C8C0BF 0.7
5.880001 0.735 -6.759999 EDE8E4 0.7
5.880001 0.735 -2.35 AEA2A4 0.7
5.145001 0.735 -6.76 E8E2DE 0.7
5.145001 0.735 -2.35 A89A9C 0.7
4.410001 0.735 -6.76 E8E2DE 0.7
4.410001 0.735 -2.35 928388 0.7
3.675001 0.735 -6.76 EBE5E1 0.7
3.675001 0.735 -2.35 95858A 0.7
2.940001 0.735 -6.76 E9E3DF 0.7
2.940001 0.735 -2.350001 9D8F93 0.7
2.205001 0.735 -6.76 E6E0DD 0.7
2.205001 0.735 -4.555 D3A592 0.7
1.470001 0.735 -6.76 E8E2DF 0.7
1.470001 0.735 -2.35 C9C1C0 0.7
0.735001 0.735 -6.76 E3DDD9 0.7
0.735001 0.735 -2.350001 D3CBC9 0.7
9.536743E-07 0.735 -6.76 E7E1DD 0.7
9.536743E-07 0.735 -2.350001 DAD4D1 0.7
-0.7349991 0.735 -6.76 E7E0DC 0.7
-0.7349991 0.735 -2.350001 D1CAC8 0.7
-1.469999 0.735 -6.76 ECE7E3 0.7
-1.469999 0.735 -2.350001 C9C0BF 0.7
-2.204999 0.735 -6.76 E8E2DE 0.7
-2.204999 0.735 -4.555 D2A491 0.7
-2.939999 0.735 -6.76 E7E1DD 0.7
-2.939999 0.735 -2.350001 97888C 0.7
-3.674999 0.735 -6.76 EEE8E4 0.7
-3.674999 0.735 -2.350001 8D7D83 0.7
-4.409999 0.735 -6.76 EBE5E1 0.7
-4.409999 0.735 -2.350001 908187 0.7
-5.145 0.735 -6.76 EEE8E3 0.7
-5.145 0.735 -2.350001 A6999C 0.7
-5.879999 0.735 -6.76 F0EBE6 0.7
-5.879999 0.735 -2.350001 B6ABAC 0.7
5.880001 1.47 -2.35 B3A8A8 0.7
5.145001 1.47 -3.82 77464B 0.7
4.410001 1.47 -3.82 744449 0.7
3.675001 1.47 -3.820001 74454B 0.7
2.940001 1.47 -3.82 74444A 0.7
2.205001 1.47 -3.820001 C59686 0.7
1.470001 1.47 -1.615001 CAC2C1 0.7
0.735001 1.47 -1.615001 CDC6C5 0.7
9.536743E-07 1.47 -1.615001 CEC7C5 0.7
-0.7349991 1.47 -1.615001 CFC8C6 0.7
-1.469999 1.47 -1.615001 C7C0BF 0.7
-2.204999 1.47 -3.820001 D09F8C 0.7
-2.939999 1.47 -3.820002 6B4149 0.7
-3.674999 1.47 -3.820001 7B484C 0.7
-4.409999 1.47 -3.820002 79494D 0.7
-5.145 1.47 -3.820002 7C4A4E 0.7
-5.879999 1.47 -2.350001 B8ADAD 0.7
5.145001 2.205 -3.085001 CC9D8C 0.7
4.410001 2.205 -3.085001 D1A28F 0.7
3.675001 2.205 -3.085001 CC9E8D 0.7
2.940001 2.205 -3.085001 D0A28F 0.7
2.205001 2.205 -3.085001 C0978A 0.7
1.470001 2.205 0.5900002 C7A192 0.7
0.7350005 2.205 1.325 565170 0.7
4.768372E-07 2.205 1.325 5E5977 0.7
-0.7349995 2.205 1.324999 55506F 0.7
-1.47 2.205 0.5899992 D3AD9D 0.7
-2.204999 2.205 -3.085001 D0A28F 0.7
-2.939999 2.205 -3.085001 D2A38F 0.7
-3.674999 2.205 -3.085001 CEA08D 0.7
-4.409999 2.205 -3.085001 D0A290 0.7
-5.145 2.205 -3.085001 C99A89 0.7
-5.88 2.205 0.5899992 C29C90 0.7
5.145001 2.94 -2.35 9CAE64 0.7
4.410001 2.94 1.325 514B69 0.7
3.675001 2.94 1.325 564F6D 0.7
2.940001 2.94 1.325 47425E 0.7
2.205001 2.94 0.5900002 C7A092 0.7
1.470001 2.94 0.5900002 CAA495 0.7
0.7350005 2.94 1.325 504B69 0.7
4.768372E-07 2.94 1.325 575271 0.7
-0.7349995 2.94 1.324999 4D4966 0.7
-1.47 2.94 0.5899992 CAA394 0.7
-2.205 2.94 0.5899992 C39D90 0.7
-2.94 2.94 1.324999 484360 0.7
-3.675 2.94 1.324999 55506E 0.7
-4.41 2.94 1.324999 56506E 0.7
-5.145 2.94 -2.350001 9DB065 0.7
-5.88 2.94 0.5899992 BE988D 0.7
5.145001 3.675 -1.615 A7AAB7 0.7
4.410001 3.675 1.325 20243B 0.7
3.675001 3.675 1.325 202339 0.7
2.940001 3.675 1.325 202238 0.7
2.205001 3.675 0.5900002 B48D84 0.7
1.470001 3.675 0.5900002 BC9589 0.7
0.7350005 3.675 1.325 4B4664 0.7
4.768372E-07 3.675 1.325 514C6A 0.7
-0.7349995 3.675 1.324999 494562 0.7
-1.47 3.675 0.5899992 BE988B 0.7
-2.205 3.675 0.5899992 B68F85 0.7
-2.94 3.675 1.324999 202137 0.7
-3.675 3.675 1.324999 20233A 0.7
-4.41 3.675 1.324999 202238 0.7
-5.145 3.675 -1.615001 A9ADB9 0.7
-5.88 3.675 0.5899992 BB958A 0.7
5.145001 4.41 -1.615 ACB0BC 0.7
4.410001 4.41 0.5900002 8C6B6B 0.7
3.675001 4.41 0.5900002 93706E 0.7
2.940001 4.41 0.5900002 946F6E 0.7
2.205001 4.41 0.5900002 9A7673 0.7
1.470001 4.41 0.5900002 9B7673 0.7
0.7350005 4.41 0.5900002 9D7773 0.7
4.768372E-07 4.41 0.5900002 A07A76 0.7
-0.7349995 4.41 0.5900002 A17A76 0.7
-1.47 4.41 0.5899992 A8817B 0.7
-2.205 4.41 0.5899992 9F7974 0.7
-2.94 4.41 0.5899992 9F7975 0.7
-3.675 4.41 0.5899992 94716F 0.7
-4.41 4.41 0.5899992 947170 0.7
-5.145 4.41 -1.615001 A7AAB7 0.7
-5.88 4.41 0.5899992 AC867F 0.7
5.145001 5.145 -1.615 7B7A8C 0.7
4.410001 5.145 0.5900002 614953 0.7
3.675001 5.145 0.5900002 664C55 0.7
2.940001 5.145 0.5900002 6F5158 0.7
2.205001 5.145 0.5900002 664B54 0.7
1.470001 5.145 0.5900002 694E56 0.7
0.7350005 5.145 0.5900002 71535A 0.7
4.768372E-07 5.145 0.5900002 614852 0.7
-0.7349995 5.145 0.5900002 6C5058 0.7
-1.47 5.145 0.5899992 684D55 0.7
-2.205 5.145 0.5899992 6E5259 0.7
-2.94 5.145 0.5899992 6A4F57 0.7
-3.675 5.145 0.5899992 634953 0.7
-4.41 5.145 0.5899992 614853 0.7
-5.145 5.145 -1.615001 777688 0.7
-5.88 5.145 0.5899992 997573 0.7
5.145001 5.88 -1.615 C9C1C0 0.7
4.410001 5.88 -1.615 C7BFBE 0.7
3.675001 5.88 -1.615001 C6BEBD 0.7
2.940001 5.88 -1.615 C5BCBB 0.7
2.205001 5.88 -1.615001 C3BABA 0.7
1.470001 5.88 -1.615001 C1B9B8 0.7
0.735001 5.88 -1.615001 C8C1C0 0.7
9.536743E-07 5.88 -1.615001 C9C1C0 0.7
-0.7349991 5.88 -1.615001 C2BAB9 0.7
-1.469999 5.88 -1.615001 C1B9B9 0.7
-2.204999 5.88 -1.615001 B3AAAB 0.7
-2.939999 5.88 -2.350001 C4BCBB 0.7
-3.674999 5.88 -2.350001 C5BDBD 0.7
-4.409999 5.88 -2.350001 C7BFBE 0.7
-5.145 5.88 -2.350001 CAC3C2 0.7
-5.879999 5.88 -1.615001 B6ADAD 0.7
5.145001 6.615 -1.615 666181 0.7
4.410001 6.615 -1.615 645F7F 0.7
3.675001 6.615 -1.615001 666180 0.7
2.940001 6.615 -1.615 65607F 0.7
2.205001 6.615 -1.615001 C3BBBA 0.7
1.470001 6.615 -1.615001 5B5575 0.7
0.735001 6.615 -1.615001 615C7B 0.7
9.536743E-07 6.615 -1.615001 666180 0.7
-0.7349991 6.615 -1.615001 5F5978 0.7
-1.469999 6.615 -1.615001 504B69 0.7
-2.204999 6.615 -1.615001 ADA3A5 0.7
-2.939999 6.615 -2.350001 585372 0.7
-3.674999 6.615 -2.350001 666180 0.7
-4.409999 6.615 -2.350001 655F7F 0.7
-5.145 6.615 -2.350001 C6BEBD 0.7
-5.879999 6.615 -1.615001 B2A8AA 0.7
5.145001 7.35 -1.615 202339 0.7
4.410001 7.35 -1.615 20243B 0.7
3.675001 7.35 -1.615001 20253B 0.7
2.940001 7.35 -1.615 20243A 0.7
2.205001 7.35 -1.615001 B3A9AA 0.7
1.470001 7.35 -1.615001 4A4663 0.7
0.735001 7.35 -1.615001 20243B 0.7
9.536743E-07 7.35 -1.615001 20253B 0.7
-0.7349991 7.35 -1.615001 20243B 0.7
-1.469999 7.35 -1.615001 44405E 0.7
-2.204999 7.35 -1.615001 968B90 0.7
-2.939999 7.35 -2.350001 484461 0.7
-3.674999 7.35 -2.350001 20233A 0.7
-4.409999 7.35 -2.350001 20233A 0.7
-5.145 7.35 -2.350001 BFB6B6 0.7
-5.879999 7.35 -1.615001 ABA1A3 0.7
5.880001 8.085 -2.35 D5B1A0 0.7
5.145001 8.085 -2.35 DAB6A4 0.7
4.410001 8.085 -2.35 DBB6A4 0.7
3.675001 8.085 -2.35 D9B5A3 0.7
2.940001 8.085 -2.350001 D4AF9E 0.7
2.205001 8.085 -2.35 D9B5A3 0.7
1.470001 8.085 -2.35 D4AF9F 0.7
0.735001 8.085 -2.350001 D8B3A2 0.7
9.536743E-07 8.085 -2.350001 D6B1A0 0.7
-0.7349991 8.085 -2.350001 D6B1A0 0.7
-1.469999 8.085 -2.350001 D4AE9D 0.7
-2.204999 8.085 -3.085001 DCB8A6 0.7
-2.939999 8.085 -3.085001 D6B1A0 0.7
-3.674999 8.085 -3.085001 D6B1A0 0.7
-4.409999 8.085 -3.085001 DCB8A5 0.7
-5.145 8.085 -3.085001 D4AF9E 0.7
-5.879999 8.085 -2.350001 C79C8D 0.7
5.145001 8.82 -1.615 E3D4CE 0.7
4.410001 8.82 -1.615 DCCEC8 0.7
3.675001 8.82 -1.615001 D8CAC4 0.7
2.940001 8.82 -1.615 D4C7C2 0.7
2.205001 8.82 -1.615001 D6C9C4 0.7
1.470001 8.82 -1.615001 D3C7C2 0.7
0.735001 8.82 -1.615001 D6C9C4 0.7
9.536743E-07 8.82 -1.615001 D8CAC5 0.7
-0.7349991 8.82 -1.615001 D2C5C1 0.7
-1.469999 8.82 -1.615001 CDBFBB 0.7
-2.204999 8.82 -1.615001 BEAFAD 0.7
-2.939999 8.82 -2.350001 D9CCC7 0.7
-3.674999 8.82 -2.350001 D7CAC6 0.7
-4.409999 8.82 -2.350001 DECFC9 0.7
-5.145 8.82 -2.350001 DFD1CB 0.7
-5.879999 8.82 -1.615001 CEBFBA 0.7
5.145001 9.554999 -1.615 C8BFBD 0.7
4.410001 9.554999 -1.615 C4BAB9 0.7
3.675001 9.554999 -1.615001 C5BCBB 0.7
2.940001 9.554999 -1.615 C5BCBB 0.7
2.205001 9.554999 -1.615001 C8BFBD 0.7
1.470001 9.554999 -1.615001 C6BDBC 0.7
0.735001 9.554999 -1.615001 C7BEBD 0.7
9.536743E-07 9.554999 -1.615001 CAC0BE 0.7
-0.7349991 9.554999 -1.615001 C4BAB9 0.7
-1.469999 9.554999 -1.615001 C4BAB8 0.7
-2.204999 9.554999 -1.615001 B7AAAA 0.7
-2.939999 9.554999 -2.350001 C8C0BE 0.7
-3.674999 9.554999 -2.350001 C7BCBA 0.7
-4.409999 9.554999 -2.350001 C9C0BE 0.7
-5.145 9.554999 -2.350001 C8C0BE 0.7
-5.879999 9.554999 -1.615001 BEB4B3 0.7
5.145001 10.29 -1.615 20273E 0.7
4.410001 10.29 -1.615 20273E 0.7
3.675001 10.29 -1.615001 20273E 0.7
2.940001 10.29 -1.615 21283F 0.7
2.205001 10.29 -1.615001 C5BCBB 0.7
1.470001 10.29 -1.615001 5B5675 0.7
0.735001 10.29 -1.615001 20263D 0.7
9.536743E-07 10.29 -1.615001 20263D 0.7
-0.7349991 10.29 -1.615001 20273E 0.7
-1.469999 10.29 -1.615001 4F4B69 0.7
-2.204999 10.29 -1.615001 AA9FA1 0.7
-2.939999 10.29 -2.350001 524E6C 0.7
-3.674999 10.29 -2.350001 20273E 0.7
-4.409999 10.29 -2.350001 20273E 0.7
-5.145 10.29 -2.350001 C5BDBC 0.7
-5.879999 10.29 -1.615001 BBB1B1 0.7
5.145001 11.025 -1.615 363450 0.7
4.410001 11.025 -1.615 34324C 0.7
3.675001 11.025 -1.615001 32304A 0.7
2.940001 11.025 -1.615 34324C 0.7
2.205001 11.025 -1.615001 B3A8AA 0.7
1.470001 11.025 -1.615001 34324C 0.7
0.735001 11.025 -1.615001 33324D 0.7
9.536743E-07 11.025 -1.615001 34314B 0.7
-0.7349991 11.025 -1.615001 34324D 0.7
-1.469999 11.025 -1.615001 2F2E48 0.7
-2.204999 11.025 -1.615001 8A7D84 0.7
-2.939999 11.025 -2.350001 33324D 0.7
-3.674999 11.025 -2.350001 302F49 0.7
-4.409999 11.025 -2.350001 32314C 0.7
-5.145 11.025 -2.350001 B0A6A7 0.7
-5.879999 11.025 -1.615001 9D9195 0.7
5.880001 11.76 -2.35 D8B3A1 0.7
5.145001 11.76 -2.35 D4AF9E 0.7
4.410001 11.76 -2.35 DCB7A5 0.7
3.675001 11.76 -2.35 D5B1A0 0.7
2.940001 11.76 -2.350001 D9B5A3 0.7
2.205001 11.76 -2.35 D8B3A2 0.7
1.470001 11.76 -2.35 DAB6A4 0.7
0.735001 11.76 -2.350001 D9B5A3 0.7
9.536743E-07 11.76 -2.350001 D7B2A1 0.7
-0.7349991 11.76 -2.350001 D7B2A0 0.7
-1.469999 11.76 -2.350001 D5AF9E 0.7
-2.204999 11.76 -3.085001 DDB9A6 0.7
-2.939999 11.76 -3.085001 D8B4A2 0.7
-3.674999 11.76 -3.085001 DAB5A4 0.7
-4.409999 11.76 -3.085001 D8B3A2 0.7
-5.145 11.76 -3.085001 DAB5A4 0.7
-5.879999 11.76 -2.350001 C59A8C 0.7
5.145001 12.495 -1.615 DACEC9 0.7
4.410001 12.495 -1.615 D8CCC8 0.7
3.675001 12.495 -1.615001 D8CBC6 0.7
2.940001 12.495 -1.615 DCD0CB 0.7
2.205001 12.495 -1.615001 DCD0CA 0.7
1.470001 12.495 -1.615001 D3C7C3 0.7
0.735001 12.495 -1.615001 D5C9C4 0.7
9.536743E-07 12.495 -1.615001 D4C7C3 0.7
-0.7349991 12.495 -1.615001 D7CAC5 0.7
-1.469999 12.495 -1.615001 CEC0BC 0.7
-2.204999 12.495 -1.615001 C6B8B5 0.7
-2.939999 12.495 -2.350001 DACDC8 0.7
-3.674999 12.495 -2.350001 D9CDC8 0.7
-4.409999 12.495 -2.350001 D7CAC6 0.7
-5.145 12.495 -2.350001 D8CDC9 0.7
-5.879999 12.495 -1.615001 D2C5C0 0.7
5.145001 13.23 -1.615 C9C1C0 0.7
4.410001 13.23 -1.615 C9C1BF 0.7
3.675001 13.23 -1.615001 C7BEBD 0.7
2.940001 13.23 -1.615 CCC4C2 0.7
2.205001 13.23 -1.615001 CCC3C2 0.7
1.470001 13.23 -1.615001 C5BBBA 0.7
0.735001 13.23 -1.615001 C9C0BF 0.7
9.536743E-07 13.23 -1.615001 C5BCBB 0.7
-0.7349991 13.23 -1.615001 CAC1BF 0.7
-1.469999 13.23 -1.615001 C3BAB9 0.7
-2.204999 13.23 -1.615001 B6ABAB 0.7
-2.939999 13.23 -2.350001 CBC2C0 0.7
-3.674999 13.23 -2.350001 C3BBBA 0.7
-4.409999 13.23 -2.350001 C8C1BF 0.7
-5.145 13.23 -2.350001 C7BEBD 0.7
-5.879999 13.23 -1.615001 C2B9B8 0.7
5.145001 13.965 -1.615 20283F 0.7
4.410001 13.965 -1.615 20273E 0.7
3.675001 13.965 -1.615001 20283F 0.7
2.940001 13.965 -1.615 20283F 0.7
2.205001 13.965 -1.615001 C2B9B9 0.7
1.470001 13.965 -1.615001 5A5574 0.7
0.735001 13.965 -1.615001 20283F 0.7
9.536743E-07 13.965 -1.615001 21283F 0.7
-0.7349991 13.965 -1.615001 20273E 0.7
-1.469999 13.965 -1.615001 534F6D 0.7
-2.204999 13.965 -1.615001 B9AFAF 0.7
-2.939999 13.965 -2.350001 575271 0.7
-3.674999 13.965 -2.350001 212840 0.7
-4.409999 13.965 -2.350001 20283F 0.7
-5.145 13.965 -2.350001 C7BEBE 0.7
-5.879999 13.965 -1.615001 BAB1B2 0.7
5.145001 14.7 -1.615 CBC3C2 0.7
4.410001 14.7 -1.615 CAC3C2 0.7
3.675001 14.7 -1.615001 C8C0BF 0.7
2.940001 14.7 -1.615 C6BFBE 0.7
2.205001 14.7 -1.615001 CAC2C1 0.7
1.470001 14.7 -1.615001 C4BCBB 0.7
0.735001 14.7 -1.615001 C4BDBC 0.7
9.536743E-07 14.7 -1.615001 C8C1C0 0.7
-0.7349991 14.7 -1.615001 C8C0BF 0.7
-1.469999 14.7 -1.615001 C7BFBE 0.7
-2.204999 14.7 -1.615001 B7AEAF 0.7
-2.939999 14.7 -2.350001 C8C0BF 0.7
-3.674999 14.7 -2.350001 C9C1C0 0.7
-4.409999 14.7 -2.350001 C8C0BE 0.7
-5.145 14.7 -2.350001 BDB4B4 0.7
-5.879999 14.7 -1.615001 C3BBBB 0.7
5.145001 15.435 -1.615 C3BBBB 0.7
4.410001 15.435 -1.615 C4BCBC 0.7
3.675001 15.435 -1.615001 C5BEBD 0.7
2.940001 15.435 -1.615 C3BBBB 0.7
2.205001 15.435 -1.615001 CAC3C1 0.7
1.470001 15.435 -1.615001 C4BCBB 0.7
0.735001 15.435 -1.615001 C6BEBE 0.7
9.536743E-07 15.435 -1.615001 C4BDBC 0.7
-0.7349991 15.435 -1.615001 C8C0BF 0.7
-1.469999 15.435 -1.615001 CDC5C4 0.7
-2.204999 15.435 -1.615001 C8C1C0 0.7
-2.939999 15.435 -1.615001 D2CCCA 0.7
-3.674999 15.435 -1.615001 D8D2D0 0.7
-4.409999 15.435 -1.615001 DBD5D2 0.7
-5.145 15.435 -1.615001 D9D3D0 0.7
-5.879999 15.435 -1.615001 CBC3C2 0.7
4.410001 16.17 -0.8799992 DCD6D3 0.7
3.675001 16.17 -0.8800001 D7D0CE 0.7
2.940001 16.17 -0.8799992 D8D1CF 0.7
2.205001 16.17 -0.8800001 D4CDCB 0.7
1.470001 16.17 -0.8800001 D9D2D0 0.7
0.7350005 16.17 -0.8800001 CFC9C7 0.7
4.768372E-07 16.17 -0.8800001 D9D3D1 0.7
-0.7349995 16.17 -0.8800001 D7D1CE 0.7
-1.47 16.17 -0.8800001 D9D3D0 0.7
-2.205 16.17 -0.8800001 D7D1CF 0.7
-2.94 16.17 -0.8800001 D9D2D0 0.7
-3.675 16.17 -0.8800011 D9D3D0 0.7
-4.41 16.17 -0.8800011 D2CCCA 0.7
4.410001 16.905 -0.8799992 CCC5C4 0.7
3.675001 16.905 -0.8800001 CFC8C6 0.7
2.940001 16.905 -0.8799992 CAC3C2 0.7
2.205001 16.905 -0.8800001 CDC6C4 0.7
1.470001 16.905 -0.8800001 D2CBCA 0.7
0.7350005 16.905 -0.8800001 CCC5C3 0.7
4.768372E-07 16.905 -0.8800001 CDC6C5 0.7
-0.7349995 16.905 -0.8800001 D0C9C7 0.7
-1.47 16.905 -0.8800001 D3CCCA 0.7
-2.205 16.905 -0.8800001 D0C9C8 0.7
-2.94 16.905 -0.8800001 D2CCCA 0.7
-3.675 16.905 -0.8800011 D0CAC8 0.7
-4.41 16.905 -0.8800011 CBC4C3 0.7
2.94 17.64 5.735001 DFDAD8 0.7
2.205 17.64 5.735001 B3B8C6 0.7
1.470001 17.64 1.325 B5B9C6 0.7
0.7350005 17.64 1.325 B7BCC8 0.7
4.768372E-07 17.64 1.325 B9BDCA 0.7
2.94 18.375 5.735001 DDD7D5 0.7
2.205 18.375 5.735001 B0B5C2 0.7
1.47 18.375 5.735001 A9AEBE 0.7
0.735 18.375 5.735001 D2CDCC 0.7
2.94 19.11 5.735001 DED9D6 0.7
2.205 19.11 5.735001 DAD5D3 0.7
1.47 19.11 5.735001 DFDAD8 0.7
0.735 19.11 5.735001 D0C9C8 0.7
5.880001 0 -6.025001 C4BCBC 0.7
-5.879999 0 -6.025002 C0B8B8 0.7
5.880001 0.735 -6.025001 EAE4E0 0.7
5.145001 0.735 -6.025 EDE7E3 0.7
4.410001 0.735 -6.025 E9E3DF 0.7
3.675001 0.735 -6.025001 E9E3DF 0.7
2.940001 0.735 -6.025 E2DBD8 0.7
2.205001 0.735 -6.025001 E5DEDB 0.7
1.470001 0.735 -6.025001 E6E0DD 0.7
0.735001 0.735 -6.025001 E6DFDC 0.7
9.536743E-07 0.735 -6.025001 E3DCD8 0.7
-0.7349991 0.735 -6.025001 E6DFDC 0.7
-1.469999 0.735 -6.025001 E7E1DD 0.7
-2.204999 0.735 -6.025001 E3DDD9 0.7
-2.939999 0.735 -6.025002 E5DFDB 0.7
-3.674999 0.735 -6.025001 E7E0DC 0.7
-4.409999 0.735 -6.025002 EEE8E3 0.7
-5.145 0.735 -6.025002 E9E3DF 0.7
-5.879999 0.735 -6.025002 ECE7E2 0.7
5.880001 0 -5.29 C1BABA 0.7
-5.879999 0 -5.290001 C3BCBB 0.7
5.880001 0.735 -5.29 EBE5E1 0.7
5.145001 0.735 -5.290001 E7E1DD 0.7
4.410001 0.735 -5.290001 E9E2DD 0.7
3.675001 0.735 -5.290001 E6E0DC 0.7
2.940001 0.735 -5.290001 E3DDD9 0.7
2.205001 0.735 -5.290001 E0D9D6 0.7
1.470001 0.735 -5.290001 E1DAD7 0.7
0.735001 0.735 -5.290001 DDD6D4 0.7
9.536743E-07 0.735 -5.290001 E1DBD7 0.7
-0.7349991 0.735 -5.290001 E1DBD7 0.7
-1.469999 0.735 -5.290001 E2DCD9 0.7
-2.204999 0.735 -5.290001 E2DCD8 0.7
-2.939999 0.735 -5.290001 E3DCD8 0.7
-3.674999 0.735 -5.290001 E4DEDA 0.7
-4.409999 0.735 -5.290001 E5DEDA 0.7
-5.145 0.735 -5.290001 E8E2DE 0.7
-5.879999 0.735 -5.290001 EEE8E4 0.7
5.880001 0 -4.554999 BFB7B7 0.7
-5.879999 0 -4.555 C9C1C0 0.7
5.880001 0.735 -4.554999 E8E2DF 0.7
5.145001 0.735 -4.555 DBD3D0 0.7
4.410001 0.735 -4.555 D9D0CD 0.7
3.675001 0.735 -4.555 D9D0CC 0.7
2.940001 0.735 -4.555 DFD7D3 0.7
1.470001 0.735 -4.555 E4DCD8 0.7
0.735001 0.735 -4.555 DAD3D0 0.7
9.536743E-07 0.735 -4.555 D9D1CF 0.7
-0.7349991 0.735 -4.555 DDD7D4 0.7
-1.469999 0.735 -4.555 DCD5D2 0.7
-2.939999 0.735 -4.555 D6CECB 0.7
-3.674999 0.735 -4.555 D9D2CF 0.7
-4.409999 0.735 -4.555 D8D1CE 0.7
-5.145 0.735 -4.555 E0D8D4 0.7
-5.879999 0.735 -4.555 E9E4E0 0.7
5.880001 0 -3.820001 BFB6B6 0.7
-5.879999 0 -3.820002 C6BEBD 0.7
5.880001 0.735 -3.820001 D4CCCA 0.7
5.145001 0.735 -3.82 958489 0.7
4.410001 0.735 -3.82 98868A 0.7
3.675001 0.735 -3.820001 918288 0.7
2.940001 0.735 -3.82 86777E 0.7
2.205001 0.735 -3.820001 A99B9D 0.7
1.470001 0.735 -3.820001 CFC7C5 0.7
0.735001 0.735 -3.820001 D9D2CF 0.7
9.536743E-07 0.735 -3.820001 D8D1CE 0.7
-0.7349991 0.735 -3.820001 D6CFCC 0.7
-1.469999 0.735 -3.820001 CFC6C4 0.7
-2.204999 0.735 -3.820001 AD9D9E 0.7
-2.939999 0.735 -3.820002 8E7F85 0.7
-3.674999 0.735 -3.820001 958388 0.7
-4.409999 0.735 -3.820002 908187 0.7
-5.145 0.735 -3.820002 938286 0.7
-5.879999 0.735 -3.820002 DBD3D0 0.7
5.880001 0 -3.085 C4BCBC 0.7
-5.879999 0 -3.085001 C8C1C0 0.7
5.880001 0.735 -3.085 D5CCCA 0.7
5.145001 0.735 -3.085001 A6989B 0.7
4.410001 0.735 -3.085001 96868B 0.7
3.675001 0.735 -3.085001 928388 0.7
2.940001 0.735 -3.085001 928389 0.7
2.205001 0.735 -3.085001 B5AAAB 0.7
2.205001 0.735 -2.35 ACA0A2 0.7
1.470001 0.735 -3.085001 C9BFBE 0.7
0.735001 0.735 -3.085001 D7CFCC 0.7
9.536743E-07 0.735 -3.085001 D0C8C6 0.7
-0.7349991 0.735 -3.085001 D0C9C7 0.7
-1.469999 0.735 -3.085001 CBC3C1 0.7
-2.204999 0.735 -3.085001 B8ADAD 0.7
-2.204999 0.735 -2.350001 ACA0A2 0.7
-2.939999 0.735 -3.085001 97888C 0.7
-3.674999 0.735 -3.085001 94868B 0.7
-4.409999 0.735 -3.085001 9D8E91 0.7
-5.145 0.735 -3.085001 A99B9D 0.7
-5.879999 0.735 -3.085001 D7CECB 0.7
5.145001 1.47 -3.085001 795458 0.7
5.145001 1.47 -2.35 8D7B80 0.7
4.410001 1.47 -3.085001 64454E 0.7
4.410001 1.47 -2.35 7C6972 0.7
3.675001 1.47 -3.085001 60424C 0.7
3.675001 1.47 -2.35 8D7A80 0.7
2.940001 1.47 -3.085001 6B4B52 0.7
2.940001 1.47 -2.350001 8C7B81 0.7
2.205001 1.47 -3.085001 BDACAA 0.7
2.205001 1.47 -2.35 B4A8A8 0.7
-2.204999 1.47 -3.085001 6B4B53 0.7
-2.204999 1.47 -2.350001 B1A4A5 0.7
-2.939999 1.47 -3.085001 5A3F4A 0.7
-2.939999 1.47 -2.350001 8B787E 0.7
-3.674999 1.47 -3.085001 60434D 0.7
-3.674999 1.47 -2.350001 7E6B73 0.7
-4.409999 1.47 -3.085001 6B4A52 0.7
-4.409999 1.47 -2.350001 7E6C74 0.7
-5.145 1.47 -3.085001 785459 0.7
-5.145 1.47 -2.350001 96858A 0.7
5.145001 2.205 -2.35 B7887C 0.7
4.410001 2.205 -2.35 BE8F81 0.7
3.675001 2.205 0.5900002 C29B8E 0.7
2.940001 2.205 0.5900002 D0A999 0.7
2.205001 2.205 0.5900002 CCA696 0.7
-2.205 2.205 0.5899992 CDA696 0.7
-2.94 2.205 0.5899992 C49E90 0.7
-3.675 2.205 0.5899992 C19A8E 0.7
-4.41 2.205 0.5899992 C0998D 0.7
-5.145 2.205 -2.350001 B8887B 0.7
-2.204999 8.085 -2.350001 75575D 0.7
5.880001 0 -2.35 BFB7B7 0.7
-5.879999 0 -2.350001 C7BFBF 0.7
5.880001 2.205 -2.35 B78A7E 0.7
5.145001 2.205 -1.615 555164 0.7
-4.409999 2.205 -2.350001 9F726C 0.7
4.410001 2.205 0.5900002 C29A8E 0.7
-5.145 2.205 -1.615001 545164 0.7
-5.879999 2.205 -2.350001 B6897D 0.7
5.145001 2.94 -1.615 7C7D88 0.7
-4.409999 2.94 -2.350001 87955A 0.7
4.410001 2.94 -2.35 839058 0.7
-5.145 2.94 -1.615001 7D7F8B 0.7
-2.204999 5.88 -2.350001 AEA3A5 0.7
-2.204999 6.615 -2.350001 A2989C 0.7
-2.204999 7.35 -2.350001 9B8F93 0.7
-2.204999 11.76 -2.350001 6D4D55 0.7
-2.204999 8.82 -2.350001 B6A4A3 0.7
-2.204999 9.554999 -2.350001 A99B9E 0.7
-2.204999 10.29 -2.350001 A2969A 0.7
-2.204999 11.025 -2.350001 908288 0.7
-2.204999 12.495 -2.350001 BBAAA7 0.7
-2.204999 13.23 -2.350001 B2A7A8 0.7
-2.204999 13.965 -2.350001 B9AEAE 0.7
-2.204999 14.7 -2.350001 B9AEAE 0.7
-2.939999 15.435 -2.350001 F5F0EB 0.7
-3.674999 15.435 -2.350001 F1ECE7 0.7
-4.409999 15.435 -2.350001 F2EDE9 0.7
-5.145 15.435 -2.350001 F0EBE7 0.7
5.880001 5.145 -1.615001 564C59 0.7
4.410001 5.145 -1.615 645663 0.7
3.675001 5.145 -1.615001 6E5D68 0.7
2.940001 5.145 -1.615 6F5F6A 0.7
2.205001 5.145 -1.615001 6A5A65 0.7
1.470001 5.145 -1.615001 6D5C66 0.7
0.735001 5.145 -1.615001 6B5B67 0.7
9.536743E-07 5.145 -1.615001 73606A 0.7
-0.7349991 5.145 -1.615001 74636E 0.7
-1.469999 5.145 -1.615001 736069 0.7
-2.204999 5.145 -1.615001 73616A 0.7
-2.939999 5.145 -1.615001 6E606B 0.7
-3.674999 5.145 -1.615001 6B5E67 0.7
-4.409999 5.145 -1.615001 5B505F 0.7
-5.879999 5.145 -1.615001 584E5D 0.7
5.880001 0 -1.615001 BCB4B4 0.7
-5.879999 0 -1.615001 C3BCBB 0.7
5.880001 0.735 -1.615001 C0B8B8 0.7
5.145001 0.735 -1.615 746971 0.7
4.410001 0.735 -1.615 706470 0.7
3.675001 0.735 -1.615001 7B6F78 0.7
2.940001 0.735 -1.615 81747D 0.7
2.205001 0.735 -1.615001 877B83 0.7
1.470001 0.735 -1.615001 90848A 0.7
0.735001 0.735 -1.615001 8F838A 0.7
9.536743E-07 0.735 -1.615001 8C8187 0.7
-0.7349991 0.735 -1.615001 95898F 0.7
-1.469999 0.735 -1.615001 877A82 0.7
-2.204999 0.735 -1.615001 857981 0.7
-2.939999 0.735 -1.615001 83777F 0.7
-3.674999 0.735 -1.615001 7C6F79 0.7
-4.409999 0.735 -1.615001 7A6E77 0.7
-5.145 0.735 -1.615001 73656E 0.7
-5.879999 0.735 -1.615001 83747C 0.7
5.880001 1.47 -1.615001 BAB1B2 0.7
-2.204999 1.47 -1.615001 A59A9E 0.7
2.205001 1.47 -1.615001 A99EA1 0.7
-5.879999 1.47 -1.615001 C5BDBC 0.7
5.880001 2.205 -1.615001 B6887C 0.7
5.145001 1.47 -1.615 604F4E 0.7
-4.409999 2.205 -1.615001 9F736D 0.7
4.410001 1.47 -1.615 674D51 0.7
3.675001 1.47 -1.615001 BBB0B0 0.7
4.410001 2.205 -1.615 9E706B 0.7
2.940001 1.47 -1.615 C4BAB9 0.7
-2.939999 1.47 -1.615001 C3B9B8 0.7
-3.674999 1.47 -1.615001 B8ADAD 0.7
-4.409999 1.47 -1.615001 A59495 0.7
-5.145 1.47 -1.615001 61504F 0.7
-5.879999 2.205 -1.615001 B98C7F 0.7
5.880001 5.88 -1.615001 C0B8B8 0.7
5.880001 8.085 -1.615001 5C4551 0.7
5.880001 6.615 -1.615001 BEB4B4 0.7
-5.88 6.615 6.469999 877D85 0.7
5.880001 7.35 -1.615001 AFA5A7 0.7
-5.88 7.35 6.469999 6B606D 0.7
6.615002 8.085 -1.615 D4AF9F 0.7
5.880001 11.76 -1.615001 5E434E 0.7
-6.615 8.085 -1.615002 D3AE9E 0.7
5.880001 8.82 -1.615001 D8CAC4 0.7
5.880001 9.554999 -1.615001 CBC2C0 0.7
5.880001 10.29 -1.615001 C0B8B8 0.7
-5.88 10.29 6.469999 9A8F94 0.7
5.880001 11.025 -1.615001 ABA0A3 0.7
-5.88 11.025 6.469999 766974 0.7
6.615002 11.76 -1.615 D3AE9E 0.7
-6.615 11.76 -1.615002 D8B4A2 0.7
5.880001 12.495 -1.615001 D4C7C2 0.7
5.880001 13.23 -1.615001 BFB7B7 0.7
5.880001 13.965 -1.615001 C3BBBB 0.7
-5.88 13.965 6.469999 AEA4A6 0.7
5.880001 14.7 -1.615001 C1B9B8 0.7
5.880001 15.435 -1.615001 C6BEBD 0.7
5.145001 16.17 -1.615 F6F1EC 0.7
4.410001 16.17 -1.615 F5F0EB 0.7
3.675001 16.17 -1.615001 EEE9E5 0.7
2.940001 16.17 -1.615 EDE8E4 0.7
2.205001 16.17 -1.615001 F5F0EB 0.7
1.470001 16.17 -1.615001 F0EBE7 0.7
0.735001 16.17 -1.615001 EFEAE6 0.7
9.536743E-07 16.17 -1.615001 EEE9E5 0.7
-0.7349991 16.17 -1.615001 EFEAE6 0.7
-1.469999 16.17 -1.615001 EFEAE6 0.7
-2.204999 16.17 -1.615001 EFEAE6 0.7
-2.939999 16.17 -1.615001 F0EBE7 0.7
-3.674999 16.17 -1.615001 EDE8E4 0.7
-4.409999 16.17 -1.615001 F3EEE9 0.7
-5.145 16.17 -1.615001 F3EEEA 0.7
-5.879999 16.17 -1.615001 F8F3EE 0.7
5.880001 5.145 -0.8800001 534B5C 0.7
5.145001 5.145 -0.8799992 5E5A6E 0.7
4.410001 5.145 -0.8799992 6E626D 0.7
3.675001 5.145 -0.8800001 73626B 0.7
2.940001 5.145 -0.8799992 73636C 0.7
2.205001 5.145 -0.8800001 74646D 0.7
1.470001 5.145 -0.8800001 776771 0.7
0.7350005 5.145 -0.8800001 6F606C 0.7
4.768372E-07 5.145 -0.8800001 7A6B74 0.7
-0.7349995 5.145 -0.8800001 7A6A73 0.7
-1.47 5.145 -0.8800001 75656F 0.7
-2.205 5.145 -0.8800001 796770 0.7
-2.94 5.145 -0.8800001 74636D 0.7
-3.675 5.145 -0.8800011 73646E 0.7
-4.41 5.145 -0.8800011 695C69 0.7
-5.145 5.145 -0.8800011 555267 0.7
-5.88 5.145 -0.8800011 514B5E 0.7
5.880001 0 -0.8800001 C1B9B9 0.7
-5.88 0 -0.8800011 C4BCBC 0.7
5.880001 0.735 -0.8800001 BBB2B2 0.7
5.145001 0.735 -0.8799992 746873 0.7
4.410001 0.735 -0.8799992 766A73 0.7
3.675001 0.735 -0.8800001 81727B 0.7
2.940001 0.735 -0.8799992 80727B 0.7
2.205001 0.735 -0.8800001 83767F 0.7
1.470001 0.735 -0.8800001 897B82 0.7
0.7350005 0.735 -0.8800001 8A7D85 0.7
4.768372E-07 0.735 -0.8800001 7E737C 0.7
-0.7349995 0.735 -0.8800001 877B83 0.7
-1.47 0.735 -0.8800001 82757E 0.7
-2.205 0.735 -0.8800001 85787F 0.7
-2.94 0.735 -0.8800001 80727B 0.7
-3.675 0.735 -0.8800011 7B6F78 0.7
-4.41 0.735 -0.8800011 736570 0.7
-5.145 0.735 -0.8800011 786B75 0.7
-5.88 0.735 -0.8800011 80747D 0.7
5.880001 1.47 -0.8800001 B1A8A9 0.7
-5.88 1.47 -0.8800011 C7C0BF 0.7
5.880001 2.205 -0.8800001 AAADBB 0.7
5.145001 1.47 -0.8799992 625E72 0.7
5.145001 2.205 0.5900002 C29C8F 0.7
-5.145 2.205 -0.8800011 837F8F 0.7
4.410001 1.47 -0.8799992 988A8F 0.7
4.410001 2.205 -0.8799992 8D8998 0.7
3.675001 1.47 -0.8800001 B8ACAD 0.7
2.940001 1.47 -0.8799992 BBB0B0 0.7
2.205001 1.47 -0.8800001 BDB1B0 0.7
1.470001 1.47 -0.8800001 BCB1B0 0.7
0.7350005 1.47 -0.8800001 BDB2B1 0.7
4.768372E-07 1.47 -0.8800001 BCB1B1 0.7
-0.7349995 1.47 -0.8800001 BBB0B0 0.7
-1.47 1.47 -0.8800001 BCB1B1 0.7
-2.205 1.47 -0.8800001 BDB2B1 0.7
-2.94 1.47 -0.8800001 B7ABAB 0.7
-3.675 1.47 -0.8800011 ACA1A1 0.7
-4.41 1.47 -0.8800011 9E9195 0.7
-5.145 1.47 -0.8800011 5B586C 0.7
-5.145 2.205 0.5899992 C0998D 0.7
-5.88 2.205 -0.8800011 AAADBA 0.7
5.880001 2.94 -0.8800001 A6A9B7 0.7
5.145001 2.94 0.5900002 B28C83 0.7
-5.145 2.94 -0.8800011 858191 0.7
4.410001 2.94 -0.8799992 858191 0.7
-5.145 2.94 0.5899992 B68F85 0.7
-5.88 2.94 -0.8800011 AAADBA 0.7
5.880001 3.675 -0.8800001 A1A3B2 0.7
5.145001 3.675 0.5900002 A9847E 0.7
-5.145 3.675 -0.8800011 807B8C 0.7
4.410001 3.675 -0.8799992 817E8E 0.7
-5.145 3.675 0.5899992 AF8981 0.7
-5.88 3.675 -0.8800011 AAAEBB 0.7
5.880001 4.41 -0.8800001 A1A3B1 0.7
5.145001 4.41 0.5900002 977371 0.7
-5.145 4.41 -0.8800011 6E6779 0.7
4.410001 4.41 -0.8799992 777384 0.7
-5.145 4.41 0.5899992 997573 0.7
-5.88 4.41 -0.8800011 A8ACB9 0.7
5.145001 5.145 0.5900002 5A4350 0.7
-5.145 5.145 0.5899992 5D4550 0.7
5.880001 5.88 -0.8800001 BFB6B6 0.7
5.880001 8.085 -0.8800001 3F3344 0.7
-5.88 5.88 -0.8800011 C5BDBD 0.7
5.880001 6.615 -0.8800001 BFB7B7 0.7
-5.88 6.615 -0.8800011 C1B9B9 0.7
5.880001 7.35 -0.8800001 B3AAAB 0.7
-5.88 7.35 -0.8800011 B3AAAC 0.7
6.615001 8.085 -0.8799992 C9A395 0.7
5.880001 11.76 -0.8800001 4A3746 0.7
-6.615 8.085 -0.8800011 D3AE9E 0.7
5.880001 8.82 -0.8800001 CFC2BE 0.7
-5.88 8.82 -0.8800011 DACDC8 0.7
5.880001 9.554999 -0.8800001 C4BCBB 0.7
-5.88 9.554999 -0.8800011 CCC3C1 0.7
5.880001 10.29 -0.8800001 BDB5B5 0.7
-5.88 10.29 -0.8800011 C4BBBB 0.7
5.880001 11.025 -0.8800001 A89C9F 0.7
-5.88 11.025 -0.8800011 B1A7A8 0.7
6.615001 11.76 -0.8799992 D3AE9E 0.7
-6.615 11.76 -0.8800011 DAB6A4 0.7
5.880001 12.495 -0.8800001 D5C8C4 0.7
-5.88 12.495 -0.8800011 D4C9C5 0.7
5.880001 13.23 -0.8800001 C8BEBD 0.7
-5.88 13.23 -0.8800011 C4BBBA 0.7
5.880001 13.965 -0.8800001 C6BDBC 0.7
-5.88 13.965 -0.8800011 C5BDBC 0.7
5.880001 14.7 -0.8800001 C7C0BF 0.7
-5.88 14.7 -0.8800011 C7BFBE 0.7
5.880001 15.435 -0.8800001 C4BDBC 0.7
-5.88 15.435 -0.8800011 C7C0BF 0.7
5.145001 16.17 -0.8799992 F1ECE8 0.7
-5.145 16.17 -0.8800011 EFEAE6 0.7
-5.88 16.17 -0.8800011 F4EFEA 0.7
5.880001 5.145 -0.1449995 504556 0.7
5.145001 5.145 -0.1450005 554959 0.7
4.410001 5.145 -0.1450005 645764 0.7
3.675001 5.145 -0.1450005 6F606B 0.7
2.940001 5.145 -0.1450005 7A686E 0.7
2.205001 5.145 -0.1450005 79666E 0.7
1.470001 5.145 -0.1450005 6D5D69 0.7
0.7350005 5.145 -0.1450005 766670 0.7
4.768372E-07 5.145 -0.1450005 73646F 0.7
-0.7349995 5.145 -0.1450005 77666F 0.7
-1.47 5.145 -0.1450005 7E6B73 0.7
-2.205 5.145 -0.1450005 75646E 0.7
-2.94 5.145 -0.1450005 73626C 0.7
-3.675 5.145 -0.1450005 6A5A65 0.7
-4.41 5.145 -0.1450005 655561 0.7
-5.145 5.145 -0.1450005 5B4D5C 0.7
-5.88 5.145 -0.1450005 5A4C5C 0.7
5.880001 0 -0.1449995 C4BDBC 0.7
-5.88 0 -0.1450005 C2BAB9 0.7
5.880001 0.735 -0.1449995 C1B9B9 0.7
5.145001 0.735 -0.1450005 82757D 0.7
4.410001 0.735 -0.1450005 82747D 0.7
3.675001 0.735 -0.1450005 7E727B 0.7
2.940001 0.735 -0.1450005 85777F 0.7
2.205001 0.735 -0.1450005 81747C 0.7
1.470001 0.735 -0.1450005 7F7078 0.7
0.7350005 0.735 -0.1450005 83757D 0.7
4.768372E-07 0.735 -0.1450005 7D717A 0.7
-0.7349995 0.735 -0.1450005 84777F 0.7
-1.47 0.735 -0.1450005 84777F 0.7
-2.205 0.735 -0.1450005 81737B 0.7
-2.94 0.735 -0.1450005 81727A 0.7
-3.675 0.735 -0.1450005 776972 0.7
-4.41 0.735 -0.1450005 776C75 0.7
-5.145 0.735 -0.1450005 83767F 0.7
-5.88 0.735 -0.1450005 8E828A 0.7
5.880001 1.47 -0.1449995 BDB4B5 0.7
-5.88 1.47 -0.1450005 C6BFBE 0.7
5.145001 1.47 -0.1450005 B0A2A3 0.7
5.145001 2.205 -0.8799992 827B8A 0.7
4.410001 1.47 -0.1450005 AEA0A1 0.7
3.675001 1.47 -0.1450005 B4A7A7 0.7
2.940001 1.47 -0.1450005 B5A6A6 0.7
2.205001 1.47 -0.1450005 BAAEAD 0.7
1.470001 1.47 -0.1450005 B4A7A6 0.7
0.7350005 1.47 -0.1450005 AEA2A3 0.7
4.768372E-07 1.47 -0.1450005 ADA1A3 0.7
-0.7349995 1.47 -0.1450005 AA9C9D 0.7
-1.47 1.47 -0.1450005 B2A6A6 0.7
-2.205 1.47 -0.1450005 B2A5A5 0.7
-2.94 1.47 -0.1450005 A99A9B 0.7
-3.675 1.47 -0.1450005 A39598 0.7
-4.41 1.47 -0.1450005 AFA1A1 0.7
-5.145 1.47 -0.1450005 AA9C9E 0.7
5.145001 2.94 -0.8799992 776F7F 0.7
5.145001 3.675 -0.8799992 6A6274 0.7
5.145001 4.41 -0.8799992 676071 0.7
5.880001 5.88 -0.1449995 C0B7B7 0.7
5.880001 8.085 -0.1449995 413445 0.7
-5.88 5.88 -0.1450005 C2BABA 0.7
5.880001 6.615 -0.1449995 BFB6B6 0.7
-5.88 6.615 -0.1450005 C4BCBC 0.7
5.880001 7.35 -0.1449995 B6ADAE 0.7
-5.88 7.35 -0.1450005 B6ADAE 0.7
6.615001 8.085 -0.1449995 D1AC9C 0.7
5.880001 11.76 -0.1449995 543D4A 0.7
-6.615 8.085 -0.1450014 D6B2A0 0.7
5.880001 8.82 -0.1449995 D8CCC7 0.7
-5.88 8.82 -0.1450005 D8CAC5 0.7
5.880001 9.554999 -0.1449995 C5BCBC 0.7
-5.88 9.554999 -0.1450005 C6BCBA 0.7
5.880001 10.29 -0.1449995 C0B8B8 0.7
-5.88 10.29 -0.1450005 BFB6B6 0.7
5.880001 11.025 -0.1449995 ACA1A3 0.7
-5.88 11.025 -0.1450005 ABA1A3 0.7
6.615001 11.76 -0.1449995 D5B09F 0.7
-6.615 11.76 -0.1450014 D8B4A2 0.7
5.880001 12.495 -0.1449995 D8CCC7 0.7
-5.88 12.495 -0.1450005 D5C9C5 0.7
5.880001 13.23 -0.1449995 C9BDBB 0.7
-5.88 13.23 -0.1450005 CBC3C1 0.7
5.880001 13.965 -0.1449995 C5BDBD 0.7
-5.88 13.965 -0.1450005 C8BFBE 0.7
5.880001 14.7 -0.1449995 C5BCBB 0.7
-5.88 14.7 -0.1450005 CCC5C3 0.7
5.880001 15.435 -0.1449995 C2BAB9 0.7
-5.88 15.435 -0.1450005 C8C1C0 0.7
5.145001 16.17 -0.1450005 D8D2CF 0.7
-5.145 16.17 -0.1450005 E2DCD9 0.7
-5.88 16.17 -0.1450005 F4EFEA 0.7
5.145001 16.905 -0.1450005 D1CAC8 0.7
3.675 16.905 9.41 A49A9E 0.7
2.94 16.905 5.735001 DAD5D3 0.7
2.205 16.905 5.735001 ABB0BE 0.7
1.470001 16.905 1.325 A2A6B6 0.7
0.7350005 16.905 1.325 999BAC 0.7
4.768372E-07 16.905 1.325 999CAD 0.7
-0.7350005 16.905 9.41 CEC6C5 0.7
-1.470001 16.905 9.41 D0C9C7 0.7
-2.205001 16.905 9.41 D3CCCA 0.7
-2.940001 16.905 9.41 D3CCCA 0.7
-3.675001 16.905 9.41 C3BCBB 0.7
-5.145 16.905 -0.1450005 CFC8C7 0.7
4.410001 16.905 -0.1450005 FAF5F0 0.7
3.675001 16.905 -0.1450005 F8F3EF 0.7
2.940001 16.905 -0.1450005 F7F2ED 0.7
2.205001 16.905 -0.1450005 F9F5F0 0.7
1.470001 16.905 -0.1450005 F8F4EF 0.7
0.7350005 16.905 -0.1450005 F9F4EF 0.7
4.768372E-07 16.905 -0.1450005 F7F2ED 0.7
-0.7349995 16.905 -0.1450005 FDF8F3 0.7
-1.47 16.905 -0.1450005 F9F5F0 0.7
-2.205 16.905 -0.1450005 FBF7F1 0.7
-2.94 16.905 -0.1450005 FCF7F2 0.7
-3.675 16.905 -0.1450005 FAF6F1 0.7
-4.41 16.905 -0.1450005 F9F4EF 0.7
5.880001 5.145 0.5900002 574958 0.7
5.880001 0 0.5900002 BCB4B5 0.7
-5.88 0 0.5899992 C1B9B9 0.7
5.880001 0.735 0.5900002 BDB5B5 0.7
5.145001 0.735 0.5900002 867A82 0.7
4.410001 0.735 0.5900002 7C7079 0.7
3.675001 0.735 0.5900002 7C6F79 0.7
2.940001 0.735 0.5900002 7B6D76 0.7
2.205001 0.735 0.5900002 85767D 0.7
1.470001 0.735 0.5900002 7F717B 0.7
0.7350005 0.735 0.5900002 7E717A 0.7
4.768372E-07 0.735 0.5900002 7E727C 0.7
-0.7349995 0.735 0.5900002 776A74 0.7
-1.47 0.735 0.5899992 80737C 0.7
-2.205 0.735 0.5899992 7D6E78 0.7
-2.94 0.735 0.5899992 786C76 0.7
-3.675 0.735 0.5899992 776B75 0.7
-4.41 0.735 0.5899992 897B82 0.7
-5.145 0.735 0.5899992 84767E 0.7
-5.88 0.735 0.5899992 897E86 0.7
5.880001 1.47 0.5900002 C2BBBA 0.7
-5.88 1.47 0.5899992 C6BFBE 0.7
5.145001 1.47 0.5900002 AD9D9E 0.7
4.410001 1.47 0.5900002 B4A3A3 0.7
3.675001 1.47 0.5900002 A59495 0.7
2.940001 1.47 0.5900002 AD9A9A 0.7
2.205001 1.47 0.5900002 AF9D9C 0.7
1.470001 1.47 0.5900002 AD9C9C 0.7
0.7350005 1.47 0.5900002 9C9094 0.7
4.768372E-07 1.47 0.5900002 9E9297 0.7
-0.7349995 1.47 0.5900002 A29598 0.7
-1.47 1.47 0.5899992 A59597 0.7
-2.205 1.47 0.5899992 A49293 0.7
-2.94 1.47 0.5899992 AA9898 0.7
-3.675 1.47 0.5899992 A49394 0.7
-4.41 1.47 0.5899992 AB9B9C 0.7
-5.145 1.47 0.5899992 BAAAA9 0.7
5.880001 5.88 0.5900002 BEB6B6 0.7
5.880001 8.085 0.5900002 403344 0.7
-5.88 5.88 0.5899992 C4BBBB 0.7
5.880001 6.615 0.5900002 B7AEAF 0.7
-5.88 6.615 0.5899992 C3BCBB 0.7
5.880001 7.35 0.5900002 B3AAAC 0.7
-5.88 7.35 0.5899992 B5ABAC 0.7
6.615001 8.085 0.5900011 D2AD9D 0.7
5.880001 11.76 0.5900002 4A3847 0.7
-6.615 8.085 0.5899982 D9B4A3 0.7
5.880001 8.82 0.5900002 D8CBC6 0.7
-5.88 8.82 0.5899992 DDD1CC 0.7
5.880001 9.554999 0.5900002 C7BDBC 0.7
-5.88 9.554999 0.5899992 C9C0BF 0.7
5.880001 10.29 0.5900002 BEB5B5 0.7
-5.88 10.29 0.5899992 C0B7B7 0.7
5.880001 11.025 0.5900002 A79C9F 0.7
-5.88 11.025 0.5899992 A99EA1 0.7
6.615001 11.76 0.5900011 D7B2A1 0.7
-6.615 11.76 0.5899982 D8B3A2 0.7
5.880001 12.495 0.5900002 D2C6C2 0.7
-5.88 12.495 0.5899992 DACEC9 0.7
5.880001 13.23 0.5900002 C4BBBA 0.7
-5.88 13.23 0.5899992 C8BFBE 0.7
5.880001 13.965 0.5900002 C4BCBC 0.7
-5.88 13.965 0.5899992 C3BBBA 0.7
5.880001 14.7 0.5900002 C7BFBE 0.7
-5.88 14.7 0.5899992 C4BCBC 0.7
5.880001 15.435 0.5900002 BEB3B4 0.7
-5.88 15.435 0.5899992 C7BFBE 0.7
5.145001 16.17 0.5900002 D2CCCA 0.7
-5.145 16.17 0.5899992 E3DDDA 0.7
-5.88 16.17 0.5899992 F3EEEA 0.7
5.145001 16.905 0.5900002 CFC7C5 0.7
-3.675 16.905 0.5899992 C3BCBC 0.7
3.675001 16.17 0.5900002 C3BCBC 0.7
3.675001 16.905 0.5900002 B6AFB1 0.7
2.940001 16.17 0.5900002 CFC9C8 0.7
2.940001 16.905 0.5900002 C2BBBC 0.7
2.205001 16.17 0.5900002 CCC6C6 0.7
2.205001 16.905 0.5900002 B3ACB0 0.7
1.470001 16.17 0.5900002 B8B1B4 0.7
1.470001 16.905 0.5900002 A099A0 0.7
0.7350005 16.17 0.5900002 B8B1B5 0.7
0.7350005 16.905 0.5900002 9B97A1 0.7
4.768372E-07 16.17 0.5900002 BBB5B7 0.7
4.768372E-07 16.905 0.5900002 ACA7AD 0.7
-0.7349995 16.17 0.5900002 D8D3D1 0.7
-0.7349995 16.905 0.5900002 CAC4C4 0.7
-1.47 16.17 0.5899992 DED8D6 0.7
-1.47 16.905 0.5899992 D2CCCA 0.7
-2.205 16.17 0.5899992 DED9D6 0.7
-2.205 16.905 0.5899992 D1CBC9 0.7
-2.94 16.17 0.5899992 D8D2D0 0.7
-2.94 16.905 0.5899992 D0C9C8 0.7
-3.675 16.17 0.5899992 C8C1C0 0.7
-5.145 16.905 0.5899992 C9C2C1 0.7
4.410001 16.905 0.5900002 FBF6F1 0.7
-4.41 16.905 0.5899992 FEFAF4 0.7
5.880001 8.085 1.325 473848 0.7
5.880001 0 1.325 C0B7B7 0.7
-5.88 0 1.324999 C3BBBA 0.7
5.880001 0.735 1.325 C2BAB9 0.7
5.145001 0.735 1.325 8C7F86 0.7
4.410001 0.735 1.325 877880 0.7
3.675001 0.735 1.325 8B7B81 0.7
2.940001 0.735 1.325 84767E 0.7
2.205001 0.735 1.325 897A81 0.7
1.470001 0.735 1.325 7E7079 0.7
0.7350005 0.735 1.325 82747D 0.7
4.768372E-07 0.735 1.325 7F727C 0.7
-0.7349995 0.735 1.324999 85767E 0.7
-1.47 0.735 1.325 80727B 0.7
-2.205 0.735 1.324999 83747C 0.7
-2.94 0.735 1.324999 8A7A81 0.7
-3.675 0.735 1.324999 85757D 0.7
-4.41 0.735 1.324999 86767E 0.7
-5.145 0.735 1.324999 85777F 0.7
-5.88 0.735 1.324999 8B7E85 0.7
5.880001 1.47 1.325 C4BCBB 0.7
-5.88 1.47 1.324999 C3BBBB 0.7
5.880001 2.205 1.325 BFB7B7 0.7
5.145 2.205 10.145 7D7585 0.7
4.41 2.205 10.88 5B3F4A 0.7
-5.145001 2.205 10.145 7B7484 0.7
-5.88 2.205 1.324999 C2BAB9 0.7
5.880001 2.94 1.325 BEB6B6 0.7
5.145 2.94 10.145 776E7D 0.7
-5.145001 2.94 10.145 746D7D 0.7
-5.88 2.94 1.324999 C6BFBE 0.7
5.880001 3.675 1.325 BFB7B7 0.7
5.145 3.675 10.145 6E6778 0.7
-5.145001 3.675 10.145 6C6475 0.7
-5.88 3.675 1.324999 C6BEBD 0.7
5.880001 4.41 1.325 C5BEBD 0.7
5.145 4.41 10.145 665D6D 0.7
-5.145001 4.41 10.145 6C6374 0.7
-5.88 4.41 1.324999 C3BBBB 0.7
5.880001 5.145 1.325 BCB4B4 0.7
5.145 5.145 10.145 463E52 0.7
-5.145001 5.145 10.145 51485B 0.7
-5.88 5.145 1.324999 C7C0BF 0.7
5.880001 5.88 1.325 C0B8B8 0.7
-5.88 5.88 1.324999 C0B8B8 0.7
5.880001 6.615 1.325 B9AFB0 0.7
-5.88 6.615 1.324999 BCB3B4 0.7
5.880001 7.35 1.325 ADA2A4 0.7
-5.88 7.35 1.324999 B0A7A8 0.7
6.615001 8.085 1.325001 DBB7A5 0.7
5.880001 11.76 1.325 4D3846 0.7
-6.615 8.085 1.324999 D7B2A1 0.7
5.880001 8.82 1.325 D2C3BE 0.7
-5.88 8.82 1.324999 D8CBC6 0.7
5.880001 9.554999 1.325 C1B8B7 0.7
-5.88 9.554999 1.324999 C7BFBD 0.7
5.880001 10.29 1.325 C1B8B7 0.7
-5.88 10.29 1.324999 C2BAB9 0.7
5.880001 11.025 1.325 ACA1A3 0.7
-5.88 11.025 1.324999 ADA2A4 0.7
6.615001 11.76 1.325001 D3AE9E 0.7
-6.615 11.76 1.324999 D9B4A3 0.7
5.880001 12.495 1.325 D3C7C3 0.7
-5.88 12.495 1.324999 DFD1CB 0.7
5.880001 13.23 1.325 C9BFBC 0.7
-5.88 13.23 1.324999 CAC1C0 0.7
5.880001 13.965 1.325 C9C2C1 0.7
-5.88 13.965 1.324999 C4BDBC 0.7
5.880001 14.7 1.325 C8BFBE 0.7
-5.88 14.7 1.324999 C2BABA 0.7
5.880001 15.435 1.325 C4BAB9 0.7
-5.88 15.435 1.324999 CBC3C2 0.7
5.145001 16.17 1.325 D6CFCD 0.7
-5.145 16.17 1.324999 E6E0DD 0.7
-5.88 16.17 1.324999 F0EBE7 0.7
5.145001 16.905 1.325 C9C2C1 0.7
2.205001 16.905 1.325 B3B7C4 0.7
3.675001 16.17 1.325 D1CBCA 0.7
3.675001 16.905 1.325 CAC4C4 0.7
2.940001 16.17 1.325 E2DDDA 0.7
2.205001 16.17 1.325 D1CCCD 0.7
1.470001 16.17 1.325 838396 0.7
1.47 16.905 5.735001 A3A7B8 0.7
-3.675 16.905 1.324999 CFC8C7 0.7
0.7350005 16.17 1.325 7C7C8F 0.7
0.735 16.905 5.735001 C7C0C0 0.7
4.768372E-07 16.17 1.325 88889A 0.7
-4.768372E-07 16.905 9.41 C3BBBB 0.7
-0.7349995 16.17 1.324999 DFDAD9 0.7
-1.47 16.17 1.325 E8E3E0 0.7
-2.205 16.17 1.324999 ECE7E3 0.7
-2.94 16.17 1.324999 EDE8E4 0.7
-3.675 16.17 1.324999 DDD7D5 0.7
-5.145 16.905 1.324999 CEC7C6 0.7
2.205001 17.64 1.325 BABECA 0.7
4.410001 16.905 1.325 FCF7F2 0.7
1.47 17.64 5.735001 A8ACBC 0.7
0.735 17.64 5.735001 D0CACA 0.7
-4.41 16.905 1.324999 FDF9F3 0.7
5.88 8.085 2.059999 3B3143 0.7
5.88 0 2.059999 BFB6B6 0.7
-5.88 0 2.059999 C7BFBF 0.7
5.88 0.735 2.059999 BBB2B2 0.7
5.145 0.735 2.059999 867880 0.7
4.410001 0.735 2.059999 8A7B82 0.7
3.675001 0.735 2.060001 85767E 0.7
2.94 0.735 2.059999 8F8085 0.7
2.205 0.735 2.059999 84747C 0.7
1.47 0.735 2.059999 8A797F 0.7
0.7350003 0.735 2.059999 81717A 0.7
2.384186E-07 0.735 2.059999 7E6E77 0.7
-0.7349998 0.735 2.059999 8B787E 0.7
-1.47 0.735 2.059999 7D6F78 0.7
-2.205 0.735 2.059999 87787F 0.7
-2.94 0.735 2.059999 83757C 0.7
-3.675 0.735 2.059999 88777D 0.7
-4.41 0.735 2.059999 86777E 0.7
-5.145 0.735 2.059999 8E7F85 0.7
-5.88 0.735 2.059999 897B82 0.7
5.88 1.47 2.059999 C4BDBC 0.7
-5.88 1.47 2.059999 C5BDBC 0.7
5.88 2.205 2.059999 BFB7B7 0.7
-5.88 2.205 2.059999 C3BBBB 0.7
5.88 2.94 2.059999 C3BBBB 0.7
-5.88 2.94 2.059999 C4BCBC 0.7
5.88 3.675 2.059999 B9B1B1 0.7
-5.88 3.675 2.059999 C4BCBC 0.7
5.88 4.41 2.059999 BEB5B6 0.7
-5.88 4.41 2.059999 C6BFBE 0.7
5.88 5.145 2.059999 BFB7B7 0.7
-5.88 5.145 2.059999 C5BDBC 0.7
5.88 5.88 2.059999 BEB5B6 0.7
-5.88 5.88 2.059999 C0B8B8 0.7
5.88 6.615 2.059999 BCB3B4 0.7
-5.88 6.615 2.059999 BCB4B4 0.7
5.88 7.35 2.059999 AFA5A7 0.7
-5.88 7.35 2.059999 B5ACAD 0.7
6.615001 8.085 2.059999 D7B2A1 0.7
5.88 11.76 2.059999 4F3A48 0.7
-6.615001 8.085 2.059999 D7B2A1 0.7
5.88 8.82 2.059999 D6C9C4 0.7
-5.88 8.82 2.059999 D4C9C5 0.7
5.88 9.554999 2.059999 C5BCBA 0.7
-5.88 9.554999 2.059999 C6BDBC 0.7
5.88 10.29 2.059999 C4BBBA 0.7
-5.88 10.29 2.059999 BDB4B4 0.7
5.88 11.025 2.059999 ABA0A3 0.7
-5.88 11.025 2.059999 B0A5A7 0.7
6.615001 11.76 2.059999 D4AF9F 0.7
-6.615001 11.76 2.059999 D7B2A1 0.7
5.88 12.495 2.059999 DACDC8 0.7
-5.88 12.495 2.059999 D8CCC8 0.7
5.88 13.23 2.059999 CAC1C0 0.7
-5.88 13.23 2.059999 CCC4C2 0.7
5.88 13.965 2.059999 C2BBBA 0.7
-5.88 13.965 2.059999 C9C2C1 0.7
5.88 14.7 2.059999 C8C0BF 0.7
-5.88 14.7 2.059999 C9C0BF 0.7
5.88 15.435 2.059999 C9C1C0 0.7
-5.88 15.435 2.059999 C6BEBD 0.7
5.145 16.17 2.059999 D8D1CF 0.7
-5.145 16.17 2.059999 E5DFDC 0.7
-5.88 16.17 2.059999 F1ECE7 0.7
5.145 16.905 2.059999 CBC4C3 0.7
2.205 16.905 2.059999 B7BCC9 0.7
3.675001 16.17 2.060001 CEC8C7 0.7
3.675001 16.905 2.060001 CBC5C5 0.7
2.94 16.17 2.059999 DBD5D3 0.7
2.205 16.17 2.059999 D4CFCF 0.7
1.47 16.17 2.059999 7F7F93 0.7
-3.675 16.905 2.059999 D3CDCB 0.7
0.7350003 16.17 2.059999 868699 0.7
2.384186E-07 16.17 2.059999 8B8C9D 0.7
-0.7349998 16.17 2.059999 E2DDDC 0.7
2.384186E-07 16.905 2.059999 BDC3CF 0.7
-1.47 16.17 2.059999 E9E4E1 0.7
-2.205 16.17 2.059999 EEEAE6 0.7
-2.94 16.17 2.059999 ECE7E3 0.7
-3.675 16.17 2.059999 DDD7D4 0.7
-5.145 16.905 2.059999 CCC5C4 0.7
2.205 17.64 2.059999 B7BBC8 0.7
4.410001 16.905 2.059999 F9F4EF 0.7
2.384186E-07 17.64 2.059999 C0C5D1 0.7
-4.41 16.905 2.059999 FFFCF7 0.7
1.47 17.64 2.059999 BCC1CF 0.7
0.7350003 18.375 2.059999 928EAE 0.7
5.88 8.085 2.795 3E3344 0.7
5.88 0 2.795 C0B7B8 0.7
-5.88 0 2.794999 C8C1C0 0.7
5.88 0.735 2.795 C1B9B9 0.7
5.145 0.735 2.795 8A7D84 0.7
4.410001 0.735 2.795001 897C83 0.7
3.675001 0.735 2.795 88787F 0.7
2.94 0.735 2.795 88777E 0.7
2.205 0.735 2.795 86777E 0.7
1.47 0.735 2.795 86757C 0.7
0.7350003 0.735 2.795 86767E 0.7
2.384186E-07 0.735 2.795 81727B 0.7
-0.7349998 0.735 2.795 85757D 0.7
-1.47 0.735 2.795 85767D 0.7
-2.205 0.735 2.795 87777F 0.7
-2.94 0.735 2.795 897B82 0.7
-3.675 0.735 2.794999 8C7B81 0.7
-4.41 0.735 2.794999 807078 0.7
-5.145 0.735 2.794999 8E8087 0.7
-5.88 0.735 2.794999 897B82 0.7
5.88 1.47 2.795 C0B7B7 0.7
-5.88 1.47 2.794999 C2BABA 0.7
5.88 2.205 2.795 C1B9B9 0.7
-5.88 2.205 2.794999 C4BBBA 0.7
5.88 2.94 2.795 BEB5B5 0.7
-5.88 2.94 2.794999 C4BCBB 0.7
5.88 3.675 2.795 BFB6B7 0.7
-5.88 3.675 2.794999 C3BBBA 0.7
5.88 4.41 2.795 C0B7B7 0.7
-5.88 4.41 2.794999 C6BFBE 0.7
5.88 5.145 2.795 C1B9B9 0.7
-5.88 5.145 2.794999 C5BDBC 0.7
5.88 5.88 2.795 C0B7B7 0.7
-5.88 5.88 2.794999 C9C1C0 0.7
5.88 6.615 2.795 BAB1B1 0.7
-5.88 6.615 2.794999 C1B9B9 0.7
5.88 7.35 2.795 B0A7A9 0.7
-5.88 7.35 2.794999 B3AAAB 0.7
6.615001 8.085 2.795001 D7B2A1 0.7
5.88 11.76 2.795 4F3A48 0.7
-6.615001 8.085 2.794999 D7B2A1 0.7
5.88 8.82 2.795 D5C8C3 0.7
-5.88 8.82 2.794999 D6C9C4 0.7
5.88 9.554999 2.795 C1B8B8 0.7
-5.88 9.554999 2.794999 C6BDBC 0.7
5.88 10.29 2.795 BFB7B7 0.7
-5.88 10.29 2.794999 BCB3B3 0.7
5.88 11.025 2.795 ACA2A4 0.7
-5.88 11.025 2.794999 AA9FA2 0.7
6.615001 11.76 2.795001 D5B1A0 0.7
-6.615001 11.76 2.794999 D6B1A0 0.7
5.88 12.495 2.795 D6CBC7 0.7
-5.88 12.495 2.794999 D4C9C5 0.7
5.88 13.23 2.795 C5BCBB 0.7
-5.88 13.23 2.794999 CAC1C0 0.7
5.88 13.965 2.795 C2BAB9 0.7
-5.88 13.965 2.794999 C5BDBC 0.7
5.88 14.7 2.795 BFB7B7 0.7
-5.88 14.7 2.794999 CCC4C3 0.7
5.88 15.435 2.795 C8C0BF 0.7
-5.88 15.435 2.794999 C5BDBC 0.7
5.145 16.17 2.795 D5CECC 0.7
-5.145 16.17 2.794999 E5DFDC 0.7
-5.88 16.17 2.794999 F2EDE9 0.7
5.145 16.905 2.795 D1CBC9 0.7
2.205 16.905 2.795 BABFCB 0.7
3.675001 16.17 2.795 D3CDCC 0.7
3.675001 16.905 2.795 C3BDBE 0.7
2.94 16.17 2.795 E1DCD9 0.7
2.205 16.17 2.795 D7D1D0 0.7
1.47 16.17 2.795 808094 0.7
-3.675 16.905 2.794999 D2CCCA 0.7
0.7350003 16.17 2.795 868698 0.7
2.384186E-07 16.17 2.795 89899B 0.7
-0.7349998 16.17 2.795 E2DDDB 0.7
2.384186E-07 16.905 2.795 BBC0CC 0.7
-1.47 16.17 2.795 ECE7E3 0.7
-2.205 16.17 2.795 F1ECE8 0.7
-2.94 16.17 2.795 EDE7E3 0.7
-3.675 16.17 2.794999 E0DAD7 0.7
-5.145 16.905 2.794999 CBC4C3 0.7
2.205 17.64 2.795 BBC0CC 0.7
4.410001 16.905 2.795001 F8F3EF 0.7
2.384186E-07 17.64 2.795 BFC4D0 0.7
-4.41 16.905 2.794999 F9F4EF 0.7
1.47 17.64 2.795 DAE1EA 0.7
0.7350003 17.64 2.795 D5DBE6 0.7
5.88 8.085 3.530001 3C3243 0.7
-5.88 7.35 3.53 39364A 0.7
5.88 0 3.530001 C5BDBC 0.7
-5.88 0 3.53 C2BABA 0.7
5.88 0.735 3.530001 C2BABA 0.7
5.145 0.735 3.530001 897980 0.7
4.41 0.735 3.53 8B7D84 0.7
3.675001 0.735 3.53 85767E 0.7
2.94 0.735 3.53 8B7D84 0.7
2.205 0.735 3.53 897A81 0.7
1.47 0.735 3.53 83737B 0.7
0.7350001 0.735 3.53 82727A 0.7
1.192093E-07 0.735 3.53 87767D 0.7
-0.7349999 0.735 3.53 85767D 0.7
-1.47 0.735 3.53 8A7A80 0.7
-2.205 0.735 3.53 83747D 0.7
-2.94 0.735 3.53 84767E 0.7
-3.675 0.735 3.529999 8A7B82 0.7
-4.41 0.735 3.529999 8F8187 0.7
-5.145 0.735 3.529999 887A82 0.7
-5.88 0.735 3.53 91848A 0.7
5.88 1.47 3.530001 BFB7B7 0.7
-5.88 1.47 3.53 C6BEBD 0.7
5.88 2.205 3.530001 BEB6B6 0.7
-5.88 2.205 3.53 C6BFBE 0.7
5.88 2.94 3.530001 C0B8B8 0.7
-5.88 2.94 3.53 BFB7B7 0.7
5.88 3.675 3.530001 BDB3B4 0.7
-5.88 3.675 3.53 C3BCBB 0.7
5.88 4.41 3.530001 BEB6B6 0.7
-5.88 4.41 3.53 C5BDBD 0.7
5.88 5.145 3.530001 BCB3B3 0.7
-5.88 5.145 3.53 C4BCBC 0.7
5.88 5.88 3.530001 C1B9B9 0.7
-5.88 5.88 3.53 C5BDBC 0.7
5.145 6.615 3.530001 20273E 0.7
-5.88 6.615 3.53 A89EA1 0.7
-5.145 6.615 3.529999 20273D 0.7
5.145 7.35 3.530001 202339 0.7
-5.145 7.35 3.529999 202339 0.7
6.615001 8.085 3.530001 D3AE9D 0.7
5.88 11.76 3.530001 573F4C 0.7
-5.88 11.025 3.53 544656 0.7
-6.615001 8.085 3.529999 D7B3A1 0.7
5.88 8.82 3.530001 D4C8C3 0.7
-5.88 8.82 3.53 D4C7C3 0.7
5.88 9.554999 3.530001 C6BDBC 0.7
-5.88 9.554999 3.53 C4BBBA 0.7
5.145 10.29 3.530001 20253C 0.7
-5.88 10.29 3.53 A59B9F 0.7
-5.145 10.29 3.529999 20263D 0.7
5.88 11.025 3.530001 2C2C46 0.7
6.615001 11.76 3.530001 DAB6A4 0.7
-5.88 14.7 3.53 F0EAE5 0.7
-6.615001 11.76 3.529999 D6B2A0 0.7
5.88 12.495 3.530001 D4C7C2 0.7
-5.88 12.495 3.53 D6CAC6 0.7
5.88 13.23 3.530001 C6BCBA 0.7
-5.88 13.23 3.53 C6BDBD 0.7
5.145 13.965 3.530001 20263D 0.7
-5.145 13.965 3.529999 20283F 0.7
5.88 14.7 3.530001 C3BBBB 0.7
5.88 15.435 3.530001 C2BABA 0.7
-5.88 15.435 3.53 C7BFBF 0.7
5.145 16.17 3.530001 D7D0CE 0.7
-5.145 16.17 3.529999 E4DEDB 0.7
-5.88 16.17 3.53 EFEAE6 0.7
5.145 16.905 3.530001 D0C9C7 0.7
-3.675 16.905 3.529999 CDC6C5 0.7
3.675001 16.17 3.53 D4CECC 0.7
3.675001 16.905 3.53 C5BFC0 0.7
2.94 16.17 3.53 E1DCD9 0.7
2.205 16.17 3.53 E2DDDB 0.7
1.47 16.17 3.53 DBD6D4 0.7
1.47 16.905 2.795 A9ADBB 0.7
0.7350001 16.17 3.53 DDD8D7 0.7
0.7350003 16.905 2.795 B1B5C3 0.7
1.192093E-07 16.17 3.53 E6E1DF 0.7
-0.7349999 16.17 3.53 EDE9E6 0.7
-1.47 16.17 3.53 F4EFEB 0.7
-2.205 16.17 3.53 F0ECE8 0.7
-2.94 16.17 3.53 EDE8E4 0.7
-3.675 16.17 3.529999 DFD9D6 0.7
-5.145 16.905 3.529999 CEC7C6 0.7
4.41 16.905 3.53 F5F0EB 0.7
-4.41 16.905 3.529999 FEF9F4 0.7
5.88 8.085 4.264999 493949 0.7
-5.88 7.35 4.264999 3A374B 0.7
5.88 0 4.264999 C0B7B7 0.7
-5.88 0 4.264999 C7BFBE 0.7
5.88 0.735 4.264999 BEB6B6 0.7
5.145 0.735 4.264999 897B83 0.7
4.41 0.735 4.264999 8B7D83 0.7
3.675 0.735 4.264999 84767E 0.7
2.94 0.735 4.264999 807079 0.7
2.205 0.735 4.264999 897A81 0.7
1.47 0.735 4.264999 8A797F 0.7
0.7350001 0.735 4.264999 83737B 0.7
5.960464E-08 0.735 4.264999 83737B 0.7
-0.735 0.735 4.264999 85757C 0.7
-1.47 0.735 4.264999 85777F 0.7
-2.205 0.735 4.264999 8D7C82 0.7
-2.94 0.735 4.264999 887980 0.7
-3.675 0.735 4.264999 877981 0.7
-4.41 0.735 4.264999 8C7E84 0.7
-5.145 0.735 4.264999 8C7F85 0.7
-5.88 0.735 4.264999 8B7D84 0.7
5.88 1.47 4.264999 BEB6B6 0.7
-5.88 1.47 4.264999 C4BCBB 0.7
5.88 2.205 4.264999 BAB2B2 0.7
-5.88 2.205 4.264999 C7C0BF 0.7
5.88 2.94 4.264999 C6BEBE 0.7
-5.88 2.94 4.264999 C3BCBB 0.7
5.88 3.675 4.264999 C0B8B8 0.7
-5.88 3.675 4.264999 C1B9B9 0.7
5.88 4.41 4.264999 C2BABA 0.7
-5.88 4.41 4.264999 C5BDBD 0.7
5.88 5.145 4.264999 C7BFBE 0.7
-5.88 5.145 4.264999 C3BBBB 0.7
5.88 5.88 4.264999 C1B9B9 0.7
-5.88 5.88 4.264999 C4BCBC 0.7
5.145 6.615 4.264999 20273E 0.7
-5.88 6.615 4.264999 AFA6A8 0.7
-5.145 6.615 4.264999 20263D 0.7
5.145 7.35 4.264999 202238 0.7
-5.145 7.35 4.264999 202238 0.7
6.615001 8.085 4.265001 D0A999 0.7
5.88 11.76 4.264999 513C4A 0.7
-5.88 11.025 4.264999 4F4354 0.7
-6.615001 8.085 4.264999 DAB6A4 0.7
5.88 8.82 4.264999 D6C9C4 0.7
-5.88 8.82 4.264999 D9CBC6 0.7
5.88 9.554999 4.264999 CBC0BD 0.7
-5.88 9.554999 4.264999 C7BEBD 0.7
5.145 10.29 4.264999 20273E 0.7
-5.88 10.29 4.264999 A79C9F 0.7
-5.145 10.29 4.264999 20273E 0.7
5.88 11.025 4.264999 292A44 0.7
6.615001 11.76 4.265001 D1AB9C 0.7
-5.88 14.7 4.264999 E1DAD7 0.7
-6.615001 11.76 4.264999 D5B1A0 0.7
5.88 12.495 4.264999 D8CBC6 0.7
-5.88 12.495 4.264999 D5C9C5 0.7
5.88 13.23 4.264999 C7BDBC 0.7
-5.88 13.23 4.264999 CAC2C1 0.7
5.145 13.965 4.264999 222A41 0.7
-5.145 13.965 4.264999 212940 0.7
5.88 14.7 4.264999 C6BDBC 0.7
5.88 15.435 4.264999 C5BDBC 0.7
-5.88 15.435 4.264999 C6BEBC 0.7
5.145 16.17 4.264999 D9D3D0 0.7
-5.145 16.17 4.264999 E6E0DD 0.7
-5.88 16.17 4.264999 EBE6E2 0.7
5.145 16.905 4.264999 D3CCCA 0.7
-3.675 16.905 4.264999 D2CBCA 0.7
3.675 16.17 4.264999 D0CAC9 0.7
3.675 16.905 4.264999 C3BCBC 0.7
2.94 16.17 4.264999 DED9D6 0.7
2.205 16.17 4.264999 E2DCDA 0.7
1.47 16.17 4.264999 E2DDDB 0.7
0.7350001 16.17 4.264999 E4DFDC 0.7
5.960464E-08 16.17 4.264999 E4DFDC 0.7
-0.735 16.17 4.264999 F2EDE9 0.7
-1.47 16.17 4.264999 EEE9E5 0.7
-2.205 16.17 4.264999 F0EBE7 0.7
-2.94 16.17 4.264999 EFEAE6 0.7
-3.675 16.17 4.264999 DCD6D4 0.7
-5.145 16.905 4.264999 CFC7C6 0.7
4.41 16.905 4.264999 F4EFEB 0.7
-4.41 16.905 4.264999 F8F3EF 0.7
5.88 8.085 5 403344 0.7
-5.88 7.35 5 38354A 0.7
5.88 0 5 C5BDBC 0.7
-5.88 0 5 C5BDBD 0.7
5.88 0.735 5 C2BABA 0.7
5.145 0.735 5 8C7F86 0.7
4.41 0.735 5 8C7E84 0.7
3.675 0.735 5 84747C 0.7
2.94 0.735 5 806F78 0.7
2.205 0.735 5 8B7A80 0.7
1.47 0.735 5 897A81 0.7
0.735 0.735 5 87767D 0.7
0 0.735 5 86777F 0.7
-0.735 0.735 5 81727A 0.7
-1.47 0.735 5 8E7E84 0.7
-2.205 0.735 5 887980 0.7
-2.94 0.735 5 8E7C81 0.7
-3.675 0.735 5 84767E 0.7
-4.41 0.735 5 8D7F86 0.7
-5.145 0.735 5 8D7F86 0.7
-5.88 0.735 5 83767E 0.7
5.88 1.47 5 C7BFBE 0.7
-5.88 1.47 5 BFB7B7 0.7
5.88 2.205 5 BDB4B4 0.7
-5.88 2.205 5 C4BCBB 0.7
5.88 2.94 5 C2BAB9 0.7
-5.88 2.94 5 C4BCBC 0.7
5.88 3.675 5 C4BCBC 0.7
-5.88 3.675 5 C5BDBD 0.7
5.88 4.41 5 BCB3B3 0.7
-5.88 4.41 5 C5BEBD 0.7
5.88 5.145 5 BDB5B5 0.7
-5.88 5.145 5 C4BCBB 0.7
5.88 5.88 5 C0B7B7 0.7
-5.88 5.88 5 C6BEBD 0.7
5.145 6.615 5 20263D 0.7
-5.88 6.615 5 AEA4A7 0.7
-5.145 6.615 5 20253C 0.7
5.145 7.35 5 202339 0.7
-5.145 7.35 5 20233A 0.7
6.615001 8.085 5.000001 D2AD9D 0.7
5.88 11.76 5 513B49 0.7
-5.88 11.025 5 4E4354 0.7
-6.615001 8.085 4.999999 D6B1A0 0.7
5.88 8.82 5 D2C5C0 0.7
-5.88 8.82 5 D9CBC5 0.7
5.88 9.554999 5 C3BAB9 0.7
-5.88 9.554999 5 C6BDBC 0.7
5.145 10.29 5 20273E 0.7
-5.88 10.29 5 A79B9E 0.7
-5.145 10.29 5 21283F 0.7
5.88 11.025 5 2E2D48 0.7
6.615001 11.76 5.000001 D5B0A0 0.7
-5.88 14.7 5 E6E0DC 0.7
-6.615001 11.76 4.999999 D7B3A1 0.7
5.88 12.495 5 D0C3BF 0.7
-5.88 12.495 5 D4C9C5 0.7
5.88 13.23 5 CCC3C1 0.7
-5.88 13.23 5 C8BEBD 0.7
5.145 13.965 5 212940 0.7
-5.145 13.965 5 21283F 0.7
5.88 14.7 5 C7BFBE 0.7
5.88 15.435 5 C2BAB9 0.7
-5.88 15.435 5 C7BFBF 0.7
5.145 16.17 5 D8D1CF 0.7
-5.145 16.17 5 E5DFDC 0.7
-5.88 16.17 5 EFEAE6 0.7
5.145 16.905 5 C7C0BF 0.7
-3.675 16.905 5 D0C9C7 0.7
3.675 16.17 5 C7C0C0 0.7
3.675 16.905 5 C1BABA 0.7
2.94 16.17 5 DBD5D4 0.7
2.205 16.17 5 D7D2D1 0.7
1.47 16.17 5 DCD7D6 0.7
0.735 16.17 5 E2DCDA 0.7
0 16.17 5 E7E2DF 0.7
-0.735 16.17 5 F0ECE8 0.7
-1.47 16.17 5 F1ECE8 0.7
-2.205 16.17 5 F4EFEA 0.7
-2.94 16.17 5 EFEAE6 0.7
-3.675 16.17 5 DCD6D4 0.7
-5.145 16.905 5 CFC8C6 0.7
4.41 16.905 5 F4F0EB 0.7
-4.41 16.905 5 FCF7F2 0.7
5.88 8.085 5.735001 393041 0.7
2.94 16.17 5.735001 6E606C 0.7
2.205 16.17 5.735001 6F616C 0.7
1.47 16.17 5.735001 746670 0.7
0.735 16.17 5.735001 776974 0.7
-5.88 7.35 5.735001 39354A 0.7
5.88 0 5.735001 BEB6B6 0.7
-5.88 0 5.735001 C6BEBE 0.7
5.88 0.735 5.735001 C5BDBD 0.7
5.145 0.735 5.735001 887B83 0.7
4.41 0.735 5.735001 85777F 0.7
3.675 0.735 5.735001 907F84 0.7
2.94 0.735 5.735001 83757D 0.7
2.205 0.735 5.735001 817179 0.7
1.47 0.735 5.735001 8A797F 0.7
0.735 0.735 5.735001 87777F 0.7
-5.960464E-08 0.735 5.735001 80717A 0.7
-0.7350001 0.735 5.735001 87767D 0.7
-1.47 0.735 5.735001 7E6E77 0.7
-2.205 0.735 5.735001 887981 0.7
-2.94 0.735 5.735001 8C7D83 0.7
-3.675 0.735 5.735001 8C7D84 0.7
-4.41 0.735 5.735001 86777F 0.7
-5.145 0.735 5.735001 867980 0.7
-5.88 0.735 5.735001 8F8289 0.7
5.88 1.47 5.735001 BCB3B4 0.7
-5.88 1.47 5.735001 C6BEBE 0.7
5.88 2.205 5.735001 C0B8B8 0.7
-5.88 2.205 5.735001 C4BCBB 0.7
5.88 2.94 5.735001 C8C1C0 0.7
-5.88 2.94 5.735001 C7C0BF 0.7
5.88 3.675 5.735001 C4BDBD 0.7
-5.88 3.675 5.735001 C4BCBC 0.7
5.88 4.41 5.735001 BEB5B6 0.7
-5.88 4.41 5.735001 C3BBBB 0.7
5.88 5.145 5.735001 C0B8B8 0.7
-5.88 5.145 5.735001 C3BBBB 0.7
5.88 5.88 5.735001 C0B8B8 0.7
-5.88 5.88 5.735001 C1B8B8 0.7
5.145 6.615 5.735001 21283F 0.7
-5.88 6.615 5.735001 ADA4A6 0.7
-5.145 6.615 5.735001 20273E 0.7
5.145 7.35 5.735001 202137 0.7
-5.145 7.35 5.735001 202339 0.7
6.615001 8.085 5.735001 D3AE9D 0.7
5.88 11.76 5.735001 5F434E 0.7
-5.88 11.025 5.735001 4A3F51 0.7
-6.615001 8.085 5.734999 D7B2A1 0.7
5.88 8.82 5.735001 D6CAC5 0.7
-5.88 8.82 5.735001 DCCEC8 0.7
5.88 9.554999 5.735001 C2B9B9 0.7
-5.88 9.554999 5.735001 C5BBBA 0.7
5.145 10.29 5.735001 20263D 0.7
-5.88 10.29 5.735001 ABA0A3 0.7
-5.145 10.29 5.735001 20263D 0.7
5.88 11.025 5.735001 2B2B45 0.7
6.615001 11.76 5.735001 D6B1A0 0.7
-5.88 14.7 5.735001 E5DFDB 0.7
-6.615001 11.76 5.734999 DBB6A4 0.7
5.88 12.495 5.735001 D7C9C4 0.7
-5.88 12.495 5.735001 D8CCC8 0.7
5.88 13.23 5.735001 C8C0BF 0.7
-5.88 13.23 5.735001 CBC2C0 0.7
5.145 13.965 5.735001 20273E 0.7
-5.145 13.965 5.735001 212940 0.7
5.88 14.7 5.735001 C5BDBC 0.7
5.88 15.435 5.735001 C9C2C1 0.7
-5.88 15.435 5.735001 C7BFBF 0.7
5.145 16.17 5.735001 D6CFCD 0.7
-5.145 16.17 5.735001 E5E0DC 0.7
-5.88 16.17 5.735001 F2EDE8 0.7
5.145 16.905 5.735001 D1CBC9 0.7
3.675 16.905 5.735001 A39A9D 0.7
3.675 16.17 5.735001 B8B0B1 0.7
2.94 16.905 9.41 92878E 0.7
-3.675 16.905 5.735001 CFC8C7 0.7
2.205 16.905 9.41 958B91 0.7
1.47 16.905 9.41 92888E 0.7
0.7349995 16.905 9.41 A9A0A3 0.7
-5.960464E-08 16.17 5.735001 EEE9E5 0.7
-5.960464E-08 16.905 5.735001 DCD6D3 0.7
-0.7350001 16.17 5.735001 E8E2DF 0.7
-1.47 16.17 5.735001 F1ECE7 0.7
-2.205 16.17 5.735001 F2EDE8 0.7
-2.94 16.17 5.735001 F1ECE7 0.7
-3.675 16.17 5.735001 E1DBD8 0.7
-5.145 16.905 5.735001 CDC6C5 0.7
3.675 17.64 5.735001 D7D1CF 0.7
4.41 16.905 5.735001 EFEAE6 0.7
-5.960464E-08 17.64 5.735001 D9D3D1 0.7
-4.41 16.905 5.735001 F8F3EE 0.7
3.675 18.375 5.735001 D0C9C7 0.7
-5.960464E-08 18.375 5.735001 D7D1CF 0.7
3.675 19.11 5.735001 CAC3C2 0.7
-5.960464E-08 19.11 5.735001 D6CFCD 0.7
2.94 19.845 5.735001 FDF8F3 0.7
2.205 19.845 5.735001 FBF7F1 0.7
1.47 19.845 5.735001 FBF7F1 0.7
0.735 19.845 5.735001 F9F4EF 0.7
5.88 8.085 6.469999 3E3243 0.7
2.94 16.17 6.469999 70626D 0.7
2.205 16.17 6.469999 746671 0.7
1.47 16.17 6.469999 6D5F6B 0.7
0.7349999 16.17 6.469999 6E606B 0.7
5.88 0 6.469999 BEB5B6 0.7
-5.88 0 6.469999 C2BABA 0.7
5.88 0.735 6.469999 C3BBBB 0.7
5.145 0.735 6.469999 8B7D84 0.7
4.41 0.735 6.469999 8B7B81 0.7
3.675 0.735 6.469999 83747D 0.7
2.94 0.735 6.469999 81717A 0.7
2.205 0.735 6.469999 84757D 0.7
1.47 0.735 6.469999 887980 0.7
0.7349999 0.735 6.469999 87777E 0.7
-1.192093E-07 0.735 6.469999 86777F 0.7
-0.7350001 0.735 6.469999 807078 0.7
-1.47 0.735 6.469999 85737A 0.7
-2.205 0.735 6.469999 87777F 0.7
-2.94 0.735 6.469999 8F8085 0.7
-3.675001 0.735 6.469999 897980 0.7
-4.41 0.735 6.469999 887A81 0.7
-5.145 0.735 6.469999 84767E 0.7
-5.88 0.735 6.469999 8A7D84 0.7
5.88 1.47 6.469999 C1B9B9 0.7
-5.88 1.47 6.469999 C4BDBC 0.7
5.88 2.205 6.469999 BDB5B5 0.7
-5.88 2.205 6.469999 C5BDBC 0.7
5.88 2.94 6.469999 BEB6B6 0.7
-5.88 2.94 6.469999 C7C0BF 0.7
5.88 3.675 6.469999 C1B9B9 0.7
-5.88 3.675 6.469999 C4BCBC 0.7
5.88 4.41 6.469999 C0B8B8 0.7
-5.88 4.41 6.469999 C1B9B8 0.7
5.88 5.145 6.469999 C2B8B6 0.7
-5.88 5.145 6.469999 C1B9B9 0.7
5.88 5.88 6.469999 BFB7B7 0.7
-5.88 5.88 6.469999 C2BAB9 0.7
5.145 6.615 6.469999 20273E 0.7
-5.145 6.615 6.469999 20273E 0.7
5.145 7.35 6.469999 202036 0.7
-5.145 7.35 6.469999 202339 0.7
6.615001 8.085 6.470001 D2AD9D 0.7
5.88 11.76 6.469999 523C49 0.7
-6.615001 8.085 6.469999 D7B2A1 0.7
5.88 8.82 6.469999 D6C9C4 0.7
-5.88 8.82 6.469999 D5C8C4 0.7
5.88 9.554999 6.469999 C9C0BF 0.7
-5.88 9.554999 6.469999 C8BFBD 0.7
5.145 10.29 6.469999 20253C 0.7
-5.145 10.29 6.469999 20273E 0.7
5.88 11.025 6.469999 2F2E49 0.7
6.615001 11.76 6.470001 D3AB9B 0.7
-5.88 14.7 6.469999 EBE6E2 0.7
-6.615001 11.76 6.469999 DBB6A4 0.7
5.88 12.495 6.469999 D3C7C3 0.7
-5.88 12.495 6.469999 DED2CC 0.7
5.88 13.23 6.469999 C9C0BF 0.7
-5.88 13.23 6.469999 C8BFBE 0.7
5.145 13.965 6.469999 21283F 0.7
-5.145 13.965 6.469999 20263D 0.7
5.88 14.7 6.469999 C5BDBC 0.7
5.88 15.435 6.469999 C2BABA 0.7
-5.88 15.435 6.469999 C7BFBE 0.7
5.145 16.17 6.469999 D6D0CE 0.7
-5.145 16.17 6.469999 E0DBD7 0.7
-5.88 16.17 6.469999 F0EBE6 0.7
5.145 16.905 6.469999 D1CAC8 0.7
3.675 16.905 6.469999 A0969A 0.7
3.675 16.17 6.469999 8F858C 0.7
-3.675001 16.905 6.469999 D2CCCA 0.7
-1.192093E-07 16.17 6.469999 E0DAD7 0.7
-1.192093E-07 16.905 6.469999 D9D3D0 0.7
-0.7350001 16.17 6.469999 EDE8E4 0.7
-1.47 16.17 6.469999 F0EBE7 0.7
-2.205 16.17 6.469999 F1ECE8 0.7
-2.94 16.17 6.469999 EDE8E4 0.7
-3.675001 16.17 6.469999 DAD4D2 0.7
-5.145 16.905 6.469999 CFC8C6 0.7
3.675 17.64 6.469999 CEC7C6 0.7
4.41 16.905 6.469999 EEE8E4 0.7
-1.192093E-07 17.64 6.469999 DBD5D2 0.7
-4.41 16.905 6.469999 F4EFEA 0.7
3.675 18.375 6.469999 CFC8C7 0.7
-1.192093E-07 18.375 6.469999 D8D1CE 0.7
3.675 19.11 6.469999 C9C2C1 0.7
-1.192093E-07 19.11 6.469999 D8D2CF 0.7
2.94 19.845 6.469999 F8F4EF 0.7
2.205 19.845 6.469999 FCF7F2 0.7
1.47 19.845 6.469999 F9F4EF 0.7
0.7349999 19.845 6.469999 FAF6F1 0.7
5.88 8.085 7.205002 413445 0.7
2.94 16.17 7.205 726570 0.7
2.205 16.17 7.205 695C68 0.7
1.47 16.17 7.205 756670 0.7
0.7349998 16.17 7.205 71636E 0.7
5.88 0 7.205002 C4BDBC 0.7
-5.88 0 7.205 C2B9B9 0.7
5.88 0.735 7.205002 C4BCBB 0.7
5.145 0.735 7.205002 8A7C83 0.7
4.41 0.735 7.205002 83747C 0.7
3.675 0.735 7.205002 87787F 0.7
2.94 0.735 7.205 83737B 0.7
2.205 0.735 7.205 84767D 0.7
1.47 0.735 7.205 81737C 0.7
0.7349998 0.735 7.205 83737C 0.7
-2.384186E-07 0.735 7.205 85777F 0.7
-0.7350003 0.735 7.205 7C6E77 0.7
-1.47 0.735 7.205 817179 0.7
-2.205 0.735 7.205 87787F 0.7
-2.94 0.735 7.205 87757C 0.7
-3.675001 0.735 7.205 81727A 0.7
-4.410001 0.735 7.204998 897A81 0.7
-5.145 0.735 7.205 85777F 0.7
-5.88 0.735 7.205 8D8086 0.7
5.88 1.47 7.205002 C2BAB9 0.7
-5.88 1.47 7.205 C6BFBE 0.7
5.88 2.205 7.205002 C3BBBA 0.7
-5.88 2.205 7.205 C4BBBB 0.7
5.88 2.94 7.205002 C0B8B8 0.7
-5.88 2.94 7.205 C2BBBA 0.7
5.88 3.675 7.205002 BEB6B6 0.7
-5.88 3.675 7.205 C4BCBC 0.7
5.88 4.41 7.205002 B9AFB0 0.7
-5.88 4.41 7.205 C0B7B7 0.7
5.88 5.145 7.205002 C0B8B8 0.7
-5.88 5.145 7.205 C9C1C0 0.7
5.88 5.88 7.205002 C2BABA 0.7
-5.88 5.88 7.205 C6BEBD 0.7
5.88 6.615 7.205002 C2BAB9 0.7
-5.88 6.615 7.205 C5BCBC 0.7
5.88 7.35 7.205002 B2A9AA 0.7
-5.88 7.35 7.205 B5ACAD 0.7
6.615001 8.085 7.205002 D3AE9E 0.7
5.88 11.76 7.205002 553C4A 0.7
-6.615001 8.085 7.204998 D8B3A2 0.7
5.88 8.82 7.205002 DACCC6 0.7
-5.88 8.82 7.205 DBCCC7 0.7
5.88 9.554999 7.205002 C1B7B6 0.7
-5.88 9.554999 7.205 C1B8B7 0.7
5.88 10.29 7.205002 BCB2B3 0.7
-5.88 10.29 7.205 C3BABA 0.7
5.88 11.025 7.205002 AFA4A6 0.7
-5.88 11.025 7.205 ADA3A5 0.7
6.615001 11.76 7.205002 D2AD9D 0.7
-6.615001 11.76 7.204998 DCB8A6 0.7
5.88 12.495 7.205002 D5C9C5 0.7
-5.88 12.495 7.205 D7CBC7 0.7
5.88 13.23 7.205002 C4BAB9 0.7
-5.88 13.23 7.205 C6BDBC 0.7
5.88 13.965 7.205002 BCB4B5 0.7
-5.88 13.965 7.205 C9C1C0 0.7
5.88 14.7 7.205002 C3BABA 0.7
-5.88 14.7 7.205 C9C2C1 0.7
5.88 15.435 7.205002 C5BDBD 0.7
-5.88 15.435 7.205 C9C1C0 0.7
5.145 16.17 7.205002 D3CDCA 0.7
-5.145 16.17 7.205 E2DDD9 0.7
-5.88 16.17 7.205 ECE7E3 0.7
5.145 16.905 7.205002 C9C2C1 0.7
3.675 16.905 7.205002 9B9196 0.7
3.675 16.17 7.205002 948990 0.7
-3.675001 16.905 7.205 CDC6C5 0.7
-2.384186E-07 16.17 7.205 D9D2D0 0.7
-2.384186E-07 16.905 7.205 D2CBC9 0.7
-0.7350003 16.17 7.205 E6E1DD 0.7
-1.47 16.17 7.205 EFEAE6 0.7
-2.205 16.17 7.205 F0EBE7 0.7
-2.94 16.17 7.205 F2EDE8 0.7
-3.675001 16.17 7.205 DFD9D7 0.7
-5.145 16.905 7.205 D0C9C8 0.7
3.675 17.64 7.205002 D2CBC9 0.7
4.41 16.905 7.205002 F0EBE7 0.7
-2.384186E-07 17.64 7.205 E0DAD7 0.7
-4.410001 16.905 7.204998 F9F4EF 0.7
3.675 18.375 7.205002 CEC6C5 0.7
-2.384186E-07 18.375 7.205 DED8D5 0.7
3.675 19.11 7.205002 CBC4C3 0.7
-2.384186E-07 19.11 7.205 D4CECC 0.7
2.94 19.11 7.205 F5F0EC 0.7
2.205 19.11 7.205 F4EFEA 0.7
1.47 19.11 7.205 F4EFEB 0.7
0.7349998 19.11 7.205 F8F3EE 0.7
5.88 8.085 7.940001 372E40 0.7
2.94 16.17 7.940001 70636E 0.7
2.205 16.17 7.940001 736671 0.7
1.47 16.17 7.940001 6D606C 0.7
0.7349998 16.17 7.940001 6F616D 0.7
5.88 0 7.940001 C1B8B8 0.7
-5.88 0 7.940001 BEB6B6 0.7
5.88 0.735 7.940001 BCB3B4 0.7
5.145 0.735 7.940001 84757D 0.7
4.41 0.735 7.940001 85757D 0.7
3.675 0.735 7.940001 89787E 0.7
2.94 0.735 7.940001 8C7C82 0.7
2.205 0.735 7.940001 887B82 0.7
1.47 0.735 7.940001 83757E 0.7
0.7349998 0.735 7.940001 7B6D77 0.7
-2.384186E-07 0.735 7.940001 776973 0.7
-0.7350003 0.735 7.940001 81737D 0.7
-1.47 0.735 7.940001 7A6C76 0.7
-2.205 0.735 7.940001 84737B 0.7
-2.94 0.735 7.940001 8B7A80 0.7
-3.675001 0.735 7.940001 87767D 0.7
-4.410001 0.735 7.940001 86757C 0.7
-5.145 0.735 7.940001 867981 0.7
-5.88 0.735 7.940001 887B83 0.7
5.88 1.47 7.940001 BFB7B7 0.7
-5.88 1.47 7.940001 C0B7B7 0.7
5.88 2.205 7.940001 BEB6B6 0.7
-5.88 2.205 7.940001 C3BBBA 0.7
5.88 2.94 7.940001 BEB4B4 0.7
-5.88 2.94 7.940001 C0B8B8 0.7
5.88 3.675 7.940001 C0B8B8 0.7
-5.88 3.675 7.940001 C3BBBA 0.7
5.88 4.41 7.940001 BAB2B3 0.7
-5.88 4.41 7.940001 C0B8B8 0.7
5.88 5.145 7.940001 C2BBBA 0.7
-5.88 5.145 7.940001 C7C0BF 0.7
5.88 5.88 7.940001 BFB7B6 0.7
-5.88 5.88 7.940001 BFB7B7 0.7
5.88 6.615 7.940001 BFB6B6 0.7
-5.88 6.615 7.940001 C2BABA 0.7
5.88 7.35 7.940001 B7AEAE 0.7
-5.88 7.35 7.940001 B5ACAD 0.7
6.615001 8.085 7.940001 D3AE9D 0.7
5.88 11.76 7.940001 4E3947 0.7
-6.615001 8.085 7.940001 DCB8A6 0.7
5.88 8.82 7.940001 D1C4C0 0.7
-5.88 8.82 7.940001 D8CBC6 0.7
5.88 9.554999 7.940001 CCC3C1 0.7
-5.88 9.554999 7.940001 CEC4C2 0.7
5.88 10.29 7.940001 C3BAB9 0.7
-5.88 10.29 7.940001 C4BBBA 0.7
5.88 11.025 7.940001 ADA2A4 0.7
-5.88 11.025 7.940001 A69C9F 0.7
6.615001 11.76 7.940001 D3AF9E 0.7
-6.615001 11.76 7.940001 D6B2A1 0.7
5.88 12.495 7.940001 D8CAC4 0.7
-5.88 12.495 7.940001 D4C9C4 0.7
5.88 13.23 7.940001 CAC0BF 0.7
-5.88 13.23 7.940001 CAC2C0 0.7
5.88 13.965 7.940001 C7BFBE 0.7
-5.88 13.965 7.940001 C9C1C0 0.7
5.88 14.7 7.940001 CDC5C4 0.7
-5.88 14.7 7.940001 C4BCBB 0.7
5.88 15.435 7.940001 C8C0BF 0.7
-5.88 15.435 7.940001 C7C0BF 0.7
5.145 16.17 7.940001 D9D3D1 0.7
-5.145 16.17 7.940001 E3DEDB 0.7
-5.88 16.17 7.940001 EEE9E5 0.7
5.145 16.905 7.940001 C0B8B8 0.7
3.675 16.905 7.940001 A0969A 0.7
3.675 16.17 7.940001 8F848B 0.7
-3.675001 16.905 7.940001 D5CECC 0.7
-2.384186E-07 16.17 7.940001 DFD9D6 0.7
-2.384186E-07 16.905 7.940001 D7D1CE 0.7
-0.7350003 16.17 7.940001 EBE6E2 0.7
-1.47 16.17 7.940001 E6E1DD 0.7
-2.205 16.17 7.940001 EFEAE5 0.7
-2.94 16.17 7.940001 ECE7E3 0.7
-3.675001 16.17 7.940001 D5CECC 0.7
-5.145 16.905 7.940001 CFC8C6 0.7
3.675 17.64 7.940001 D3CDCB 0.7
4.41 16.905 7.940001 EDE7E3 0.7
-2.384186E-07 17.64 7.940001 D7D1CF 0.7
-4.410001 16.905 7.940001 FAF6F0 0.7
3.675 18.375 7.940001 CCC5C3 0.7
-2.384186E-07 18.375 7.940001 D8D2D0 0.7
2.94 18.375 7.940001 F6F1ED 0.7
2.205 18.375 7.940001 F6F1ED 0.7
1.47 18.375 7.940001 F7F2ED 0.7
0.7349998 18.375 7.940001 F2EDE9 0.7
5.88 8.085 8.675001 3F3344 0.7
4.41 3.675 8.675001 4D4558 0.7
3.675 3.675 8.675001 51485A 0.7
2.94 3.675 8.675001 4D4557 0.7
2.205 16.17 8.675001 6F626E 0.7
1.47 16.17 8.674999 6E606C 0.7
0.7349995 4.41 8.675001 524A5C 0.7
-4.768372E-07 4.41 8.674999 5A5163 0.7
-0.7350005 4.41 8.674999 554D5F 0.7
-2.940001 3.675 8.674999 484254 0.7
-3.675001 3.675 8.674999 50485A 0.7
-4.410001 3.675 8.674999 474053 0.7
5.88 0 8.675001 C2B7B7 0.7
-5.880001 0 8.674999 C4BDBC 0.7
5.88 0.735 8.675001 BEB3B4 0.7
5.145 0.735 8.675001 897C83 0.7
4.41 0.735 8.675001 85767E 0.7
3.675 0.735 8.675001 847880 0.7
2.94 0.735 8.675001 7E7079 0.7
2.205 0.735 8.675001 85767D 0.7
1.47 0.735 8.674999 83757C 0.7
0.7349995 0.735 8.675001 796C76 0.7
-4.768372E-07 0.735 8.674999 776A76 0.7
-0.7350005 0.735 8.674999 80727A 0.7
-1.470001 0.735 8.674999 786C76 0.7
-2.205001 0.735 8.674999 86777E 0.7
-2.940001 0.735 8.674999 908085 0.7
-3.675001 0.735 8.674999 877A82 0.7
-4.410001 0.735 8.674999 86777E 0.7
-5.145001 0.735 8.674999 8F8289 0.7
-5.880001 0.735 8.674999 8B7F87 0.7
5.88 1.47 8.675001 B9B0B1 0.7
-5.880001 1.47 8.674999 C7BFBE 0.7
5.88 2.205 8.675001 BDB5B5 0.7
-0.7350005 2.205 8.674999 716774 0.7
0.7349995 1.47 8.675001 867C85 0.7
0.7349995 2.205 8.675001 55506F 0.7
-4.768372E-07 1.47 8.674999 847A84 0.7
-4.768372E-07 2.205 8.674999 575270 0.7
-0.7350005 1.47 8.674999 887D87 0.7
-5.880001 2.205 8.674999 C5BDBD 0.7
5.88 2.94 8.675001 BBB2B3 0.7
2.94 2.94 8.675001 6D6370 0.7
4.41 2.94 8.675001 6F6471 0.7
5.145 2.94 8.675001 625967 0.7
3.675 2.94 8.675001 726875 0.7
-0.7350005 2.94 8.674999 6F6573 0.7
0.7349995 2.94 8.675001 4E4A67 0.7
-4.768372E-07 2.94 8.674999 534E6C 0.7
-5.145001 2.94 8.674999 685D6C 0.7
-2.940001 2.94 8.674999 6B616F 0.7
-3.675001 2.94 8.674999 6C6270 0.7
-4.410001 2.94 8.674999 6C6371 0.7
-5.880001 2.94 8.674999 C2BAB9 0.7
5.88 3.675 8.675001 BDB4B5 0.7
5.145 3.675 8.675001 625868 0.7
-0.7350005 3.675 8.674999 5E5666 0.7
0.7349995 3.675 8.675001 4B4765 0.7
-4.768372E-07 3.675 8.674999 534E6D 0.7
-5.145001 3.675 8.674999 6D6371 0.7
-5.880001 3.675 8.674999 C2BABA 0.7
5.88 4.41 8.675001 BBB3B3 0.7
2.94 16.17 8.675001 6E616D 0.7
0.7349995 16.17 8.675001 72646F 0.7
-5.880001 4.41 8.674999 C4BDBC 0.7
5.88 5.145 8.675001 C1B9B9 0.7
-5.880001 5.145 8.674999 C4BCBC 0.7
5.88 5.88 8.675001 C2BABA 0.7
-5.880001 5.88 8.674999 BFB7B6 0.7
5.88 6.615 8.675001 BCB3B4 0.7
-5.880001 6.615 8.674999 C3BBBA 0.7
5.88 7.35 8.675001 B0A7A8 0.7
-5.880001 7.35 8.674999 ADA3A5 0.7
6.615 8.085 8.675001 D2AC9C 0.7
5.88 11.76 8.675001 543D4A 0.7
-6.615001 8.085 8.674999 D6B1A0 0.7
5.88 8.82 8.675001 D7CAC5 0.7
-5.880001 8.82 8.674999 D9CCC7 0.7
5.88 9.554999 8.675001 C7BDBC 0.7
-5.880001 9.554999 8.674999 CAC1BF 0.7
5.88 10.29 8.675001 C4BCBB 0.7
-5.880001 10.29 8.674999 C1B9B9 0.7
5.88 11.025 8.675001 ABA0A3 0.7
-5.880001 11.025 8.674999 ABA1A3 0.7
6.615 11.76 8.675001 D1AC9C 0.7
-6.615001 11.76 8.674999 D7B2A1 0.7
5.88 12.495 8.675001 CDC1BE 0.7
-5.880001 12.495 8.674999 DACEC9 0.7
5.88 13.23 8.675001 CDC3C1 0.7
-5.880001 13.23 8.674999 C4BBBB 0.7
5.88 13.965 8.675001 C8C0BF 0.7
-5.880001 13.965 8.674999 C4BBBA 0.7
5.88 14.7 8.675001 C3BBBB 0.7
-5.880001 14.7 8.674999 C6BDBC 0.7
5.88 15.435 8.675001 C2BAB9 0.7
-5.880001 15.435 8.674999 C4BCBC 0.7
5.145 16.17 8.675001 D5CECC 0.7
-5.145001 16.17 8.674999 E4DEDB 0.7
-5.880001 16.17 8.674999 F3EEE9 0.7
5.145 16.905 8.675001 CAC1C0 0.7
3.675 16.905 8.675001 978C92 0.7
3.675 16.17 8.675001 9A8F95 0.7
-3.675001 16.905 8.674999 D3CCCA 0.7
-4.768372E-07 16.17 8.674999 D8D1CF 0.7
-4.768372E-07 16.905 8.674999 D2CCCA 0.7
-0.7350005 16.17 8.674999 E2DCD9 0.7
-1.470001 16.17 8.674999 E6E0DD 0.7
-2.205001 16.17 8.674999 E6E0DD 0.7
-2.940001 16.17 8.674999 E7E1DE 0.7
-3.675001 16.17 8.674999 D0C9C7 0.7
-5.145001 16.905 8.674999 CEC7C5 0.7
3.675 17.64 8.675001 D1CAC9 0.7
4.41 16.905 8.675001 F5F0EB 0.7
-4.768372E-07 17.64 8.674999 DCD5D3 0.7
-4.410001 16.905 8.674999 FAF5F0 0.7
2.94 18.375 8.675001 F3EEE9 0.7
2.205 18.375 8.675001 F2EDE8 0.7
1.47 18.375 8.674999 F4EFEB 0.7
0.7349995 18.375 8.675001 F6F1EC 0.7
5.88 5.145 9.41 584B5A 0.7
5.145 5.145 9.41 5D505E 0.7
4.41 5.145 9.41 655865 0.7
3.675 5.145 9.41 6D5C67 0.7
2.94 5.145 9.41 71616C 0.7
2.205 5.145 9.41 72616A 0.7
1.47 5.145 9.41 74636D 0.7
0.7349995 5.145 9.41 70616C 0.7
-4.768372E-07 5.145 9.41 776871 0.7
-0.7350005 5.145 9.41 6D5E69 0.7
-1.470001 5.145 9.41 73626C 0.7
-2.205001 5.145 9.41 72616B 0.7
-2.940001 5.145 9.41 70606B 0.7
-3.675001 5.145 9.41 6A5A66 0.7
-4.410001 5.145 9.41 6B5C68 0.7
-5.145001 5.145 9.41 605160 0.7
-5.880001 5.145 9.41 625360 0.7
5.88 0 9.41 BBB3B3 0.7
-5.880001 0 9.41 C7C0BF 0.7
5.88 0.735 9.41 BAB2B3 0.7
5.145 0.735 9.41 82767F 0.7
4.41 0.735 9.41 867981 0.7
3.675 0.735 9.41 887A82 0.7
2.94 0.735 9.41 84777F 0.7
2.205 0.735 9.41 85767D 0.7
1.47 0.735 9.41 887C83 0.7
0.7349995 0.735 9.41 7E717A 0.7
-4.768372E-07 0.735 9.41 7B6F79 0.7
-0.7350005 0.735 9.41 80727B 0.7
-1.470001 0.735 9.41 81747C 0.7
-2.205001 0.735 9.41 83757E 0.7
-2.940001 0.735 9.41 81737C 0.7
-3.675001 0.735 9.41 7E707A 0.7
-4.410001 0.735 9.41 81727A 0.7
-5.145001 0.735 9.41 7E717B 0.7
-5.880001 0.735 9.41 91858B 0.7
5.88 1.47 9.41 C0B8B8 0.7
-5.880001 1.47 9.41 C6BEBE 0.7
5.145 1.47 9.41 B6A9AA 0.7
5.145 2.205 8.675001 B89187 0.7
4.41 1.47 9.41 AA9C9D 0.7
4.41 2.205 8.675001 C19B8E 0.7
3.675 1.47 9.41 B3A3A2 0.7
3.675 2.205 8.675001 C69F92 0.7
2.94 1.47 9.41 AA9C9D 0.7
2.94 2.205 8.675001 C0998C 0.7
2.205 1.47 9.41 AD9C9D 0.7
2.205 2.205 8.675001 C39C8E 0.7
1.47 1.47 9.41 A8999A 0.7
1.47 2.205 8.674999 C39C8E 0.7
0.7349995 1.47 9.41 A39699 0.7
-4.768372E-07 1.47 9.41 A5999D 0.7
-0.7350005 1.47 9.41 A39598 0.7
-1.470001 1.47 9.41 A89798 0.7
-1.470001 2.205 8.674999 BF988C 0.7
-2.205001 1.47 9.41 AE9E9E 0.7
-2.205001 2.205 8.674999 CBA494 0.7
-2.940001 1.47 9.41 AC9A9B 0.7
-2.940001 2.205 8.674999 C19A8D 0.7
-3.675001 1.47 9.41 AA9A9B 0.7
-3.675001 2.205 8.674999 BC958A 0.7
-4.410001 1.47 9.41 AE9E9E 0.7
-4.410001 2.205 8.674999 C19A8E 0.7
-5.145001 1.47 9.41 B0A3A4 0.7
-5.145001 2.205 8.674999 C39C90 0.7
2.205 2.94 8.675001 C19B8E 0.7
1.47 2.94 8.674999 C29B8E 0.7
-1.470001 2.94 8.674999 C1998D 0.7
-2.205001 2.94 8.674999 BE978B 0.7
2.205 3.675 8.675001 B48D83 0.7
1.47 3.675 8.674999 B68F86 0.7
-1.470001 3.675 8.674999 AF8981 0.7
-2.205001 3.675 8.674999 AD867F 0.7
5.145 4.41 8.675001 8E6C6C 0.7
4.41 4.41 8.675001 93706F 0.7
3.675 4.41 8.675001 967370 0.7
2.94 4.41 8.675001 94706E 0.7
2.205 4.41 8.675001 A17C77 0.7
1.47 4.41 8.674999 936F6E 0.7
-1.470001 4.41 8.674999 997471 0.7
-2.205001 4.41 8.674999 936F6E 0.7
-2.940001 4.41 8.674999 977370 0.7
-3.675001 4.41 8.674999 906D6D 0.7
-4.410001 4.41 8.674999 8D6C6C 0.7
-5.145001 4.41 8.674999 94706F 0.7
5.145 5.145 8.675001 5D4651 0.7
4.41 5.145 8.675001 5A434F 0.7
3.675 5.145 8.675001 664B55 0.7
2.94 5.145 8.675001 71545B 0.7
2.205 5.145 8.675001 6F5259 0.7
1.47 5.145 8.674999 70535A 0.7
0.7349995 5.145 8.675001 6C4F57 0.7
-4.768372E-07 5.145 8.674999 715259 0.7
-0.7350005 5.145 8.674999 71545A 0.7
-1.470001 5.145 8.674999 6F5158 0.7
-2.205001 5.145 8.674999 664C55 0.7
-2.940001 5.145 8.674999 705359 0.7
-3.675001 5.145 8.674999 654A54 0.7
-4.410001 5.145 8.674999 5F4752 0.7
-5.145001 5.145 8.674999 654C56 0.7
5.88 5.88 9.41 BFB6B7 0.7
5.88 8.085 9.41 3E3344 0.7
-5.880001 5.88 9.41 C5BDBC 0.7
5.88 6.615 9.41 BAB1B2 0.7
-5.880001 6.615 9.41 BCB3B3 0.7
5.88 7.35 9.41 B1A7A8 0.7
-5.880001 7.35 9.41 B5ABAC 0.7
6.615 8.085 9.410002 D0AB9B 0.7
5.88 11.76 9.41 493645 0.7
-6.615001 8.085 9.41 D3AF9E 0.7
5.88 8.82 9.41 D6C9C4 0.7
-5.880001 8.82 9.41 D5C7C2 0.7
5.88 9.554999 9.41 BCB3B3 0.7
-5.880001 9.554999 9.41 C6BEBC 0.7
5.88 10.29 9.41 C1B8B7 0.7
-5.880001 10.29 9.41 C6BEBD 0.7
5.88 11.025 9.41 A59A9E 0.7
-5.880001 11.025 9.41 B1A7A8 0.7
6.615 11.76 9.410002 D3AE9E 0.7
-6.615001 11.76 9.41 D7B3A1 0.7
5.88 12.495 9.41 D7CAC6 0.7
-5.880001 12.495 9.41 D6CAC5 0.7
5.88 13.23 9.41 CBC2C1 0.7
-5.880001 13.23 9.41 C9C1BF 0.7
5.88 13.965 9.41 C7BEBD 0.7
-5.880001 13.965 9.41 C5BDBC 0.7
5.88 14.7 9.41 C1B9B9 0.7
-5.880001 14.7 9.41 C7BFBE 0.7
5.88 15.435 9.41 C9C0BF 0.7
-5.880001 15.435 9.41 C4BCBC 0.7
5.145 16.17 9.41 D6D0CD 0.7
-5.145001 16.17 9.41 E4DFDB 0.7
-5.880001 16.17 9.41 F4EFEA 0.7
5.145 16.905 9.41 DAD4D2 0.7
2.94 16.905 8.675001 A99FA2 0.7
2.205 16.905 8.675001 ABA1A4 0.7
1.47 16.905 8.674999 B0A7A9 0.7
0.7349995 16.905 8.675001 B4ABAD 0.7
-5.145001 16.905 9.41 CBC4C3 0.7
4.41 16.905 9.41 F6F1ED 0.7
2.94 17.64 8.675001 D5CFCD 0.7
2.205 17.64 8.675001 CEC8C6 0.7
1.47 17.64 8.674999 CCC5C4 0.7
0.7349995 17.64 8.675001 D6D0CD 0.7
-4.410001 16.905 9.41 F9F4EF 0.7
5.88 5.145 10.145 574B5B 0.7
4.41 5.145 10.145 695C69 0.7
3.675 5.145 10.145 6A5C66 0.7
2.94 5.145 10.145 766872 0.7
2.205 5.145 10.145 766670 0.7
1.47 5.145 10.145 756770 0.7
0.7349995 5.145 10.145 746670 0.7
-4.768372E-07 5.145 10.145 7B6A73 0.7
-0.7350005 5.145 10.145 70626E 0.7
-1.470001 5.145 10.145 776873 0.7
-2.205001 5.145 10.145 766771 0.7
-2.940001 5.145 10.145 73646E 0.7
-3.675001 5.145 10.145 70626C 0.7
-4.410001 5.145 10.145 6A5C67 0.7
-5.880001 5.145 10.145 574C5C 0.7
5.88 0 10.145 BFB7B7 0.7
-5.880001 0 10.145 C7BFBE 0.7
5.88 0.735 10.145 B9B0B1 0.7
5.145 0.735 10.145 7D717B 0.7
4.41 0.735 10.145 7B6F79 0.7
3.675 0.735 10.145 7E7079 0.7
2.94 0.735 10.145 82757E 0.7
2.205 0.735 10.145 8D7E85 0.7
1.47 0.735 10.145 83757D 0.7
0.7349995 0.735 10.145 7F737C 0.7
-4.768372E-07 0.735 10.145 867981 0.7
-0.7350005 0.735 10.145 897C84 0.7
-1.470001 0.735 10.145 82747D 0.7
-2.205001 0.735 10.145 8A7B81 0.7
-2.940001 0.735 10.145 82737B 0.7
-3.675001 0.735 10.145 82747D 0.7
-4.410001 0.735 10.145 7F727B 0.7
-5.145001 0.735 10.145 80737B 0.7
-5.880001 0.735 10.145 857981 0.7
5.88 1.47 10.145 BDB4B4 0.7
-5.880001 1.47 10.145 C3BBBB 0.7
5.145 1.47 10.145 988A8F 0.7
4.41 1.47 10.145 B3A7A8 0.7
3.675 1.47 10.145 ADA1A2 0.7
2.94 1.47 10.145 B7AAAA 0.7
2.205 1.47 10.145 B5A9AA 0.7
1.47 1.47 10.145 B4A7A7 0.7
0.7349995 1.47 10.145 B3A8A8 0.7
-4.768372E-07 1.47 10.145 B0A5A6 0.7
-0.7350005 1.47 10.145 AFA3A5 0.7
-1.470001 1.47 10.145 B8ACAB 0.7
-2.205001 1.47 10.145 AEA1A2 0.7
-2.940001 1.47 10.145 B4A8A8 0.7
-3.675001 1.47 10.145 AA9D9E 0.7
-4.410001 1.47 10.145 AB9FA2 0.7
-5.145001 1.47 10.145 A19599 0.7
5.88 5.88 10.145 C1B8B8 0.7
5.88 8.085 10.145 463747 0.7
-5.880001 5.88 10.145 C6BEBD 0.7
5.88 6.615 10.145 BAB1B1 0.7
-5.880001 6.615 10.145 C3BBBB 0.7
5.88 7.35 10.145 AFA5A7 0.7
-5.880001 7.35 10.145 B8AFB0 0.7
6.615 8.085 10.145 D0AB9B 0.7
5.88 11.76 10.145 523C4A 0.7
-6.615001 8.085 10.145 DBB6A4 0.7
5.88 8.82 10.145 D3C5C0 0.7
-5.880001 8.82 10.145 D9CCC7 0.7
5.88 9.554999 10.145 C2B9B9 0.7
-5.880001 9.554999 10.145 CCC3C1 0.7
5.88 10.29 10.145 C1B9B8 0.7
-5.880001 10.29 10.145 C3BBBA 0.7
5.88 11.025 10.145 AA9EA1 0.7
-5.880001 11.025 10.145 B1A7A8 0.7
6.615 11.76 10.145 D4B09F 0.7
-6.615001 11.76 10.145 D7B3A1 0.7
5.88 12.495 10.145 D0C5C2 0.7
-5.880001 12.495 10.145 D9CDC8 0.7
5.88 13.23 10.145 C7BFBE 0.7
-5.880001 13.23 10.145 CAC2C1 0.7
5.88 13.965 10.145 C3BABA 0.7
-5.880001 13.965 10.145 CAC2C1 0.7
5.88 14.7 10.145 C3BBBA 0.7
-5.880001 14.7 10.145 C7BFBE 0.7
5.88 15.435 10.145 C9BFBE 0.7
-5.880001 15.435 10.145 C7BFBE 0.7
5.145 16.17 10.145 D4CECC 0.7
-5.145001 16.17 10.145 EFEAE5 0.7
-5.880001 16.17 10.145 F6F1ED 0.7
5.145 16.905 10.145 D0C9C7 0.7
-5.145001 16.905 10.145 D0CAC8 0.7
4.41 16.905 10.145 F9F5F0 0.7
3.675 16.905 10.145 F4F0EB 0.7
2.94 16.905 10.145 F9F4EF 0.7
2.205 16.905 10.145 F8F3EE 0.7
1.47 16.905 10.145 F5F1EC 0.7
0.7349995 16.905 10.145 FAF5F0 0.7
-4.768372E-07 16.905 10.145 FAF5F0 0.7
-0.7350005 16.905 10.145 FBF6F1 0.7
-1.470001 16.905 10.145 F7F3EE 0.7
-2.205001 16.905 10.145 FBF6F1 0.7
-2.940001 16.905 10.145 FCF8F2 0.7
-3.675001 16.905 10.145 F5F1EC 0.7
-4.410001 16.905 10.145 FBF7F1 0.7
