5.7 2.620001 4 593257 0.95
4.750001 2.620001 2.1 B3A9B8 0.95
3.800001 2.620001 3.049999 523156 0.95
1.900001 2.620001 -1.700001 B1ABBB 0.95
0.9500006 2.620001 -1.700001 B1ABBB 0.95
-4.749999 2.620001 -8.350002 B34267 0.95
-5.699998 2.620001 -9.300003 B24266 0.95
5.7 3.570001 4 583257 0.95
4.75 3.570001 4 993861 0.95
3.800001 3.570001 2.1 B6A8B7 0.95
2.85 3.570001 3.049999 402F51 0.95
1.900001 3.570001 -1.700001 B0AABA 0.95
0.9500006 3.570001 -1.700001 B1ACBC 0.95
-2.849999 3.570001 -6.450001 B34267 0.95
-3.799999 3.570001 -7.400002 B34267 0.95
-4.749999 3.570001 -8.350002 623358 0.95
-5.699998 3.570001 -9.300003 B14166 0.95
4.75 4.52 4 9C3A62 0.95
3.800001 4.52 2.1 B4A5B3 0.95
2.85 4.52 2.1 B6A5B2 0.95
1.900001 4.52 -1.700001 B2ACBC 0.95
0.9500006 4.52 -1.700001 B0AABA 0.95
-1.899999 4.52 -5.500001 B34266 0.95
-2.849999 4.52 -5.500001 593157 0.95
-3.799999 4.52 -7.400002 663459 0.95
-4.749999 4.52 -8.350002 673459 0.95
-5.699998 4.52 -9.300003 B34267 0.95
3.800001 5.47 2.1 B5A5B2 0.95
2.85 5.47 2.1 B6A1AE 0.95
1.900001 5.47 -1.700001 AFA7B7 0.95
0.9500006 5.47 -1.700001 B2ABBB 0.95
-1.899999 5.47 -5.500001 452E53 0.95
-2.849999 5.47 -5.500001 663459 0.95
-3.799999 5.47 -7.400002 653459 0.95
-4.749999 5.47 -8.350002 613358 0.95
-5.699998 5.47 -9.300003 B44367 0.95
3.800001 6.420001 2.1 BCABBA 0.95
2.85 6.420001 2.1 AD8A97 0.95
1.900001 6.420001 -1.700001 AFA7B7 0.95
0.9500006 6.420001 -1.700001 B0A9B9 0.95
-0.9499992 6.420001 -3.6 B04166 0.95
-1.899999 6.420001 -4.550001 623358 0.95
-2.849999 6.420001 -5.500001 663459 0.95
-3.799999 6.420001 -7.400002 663459 0.95
-4.749999 6.420001 -8.350002 B14166 0.95
3.800001 7.37 3.049999 392D52 0.95
2.85 7.37 2.1 A77886 0.95
1.900001 7.37 -1.700001 ADA3B3 0.95
0.9500006 7.37 -1.700001 493052 0.95
9.536743E-07 7.37 -2.650002 B14166 0.95
-0.9499992 7.37 -3.6 613358 0.95
-1.899999 7.37 -4.550001 663459 0.95
-2.849999 7.37 -5.500001 653459 0.95
-3.799999 7.37 -7.400002 B24266 0.95
3.800001 8.320001 3.049999 553156 0.95
2.85 8.320001 2.1 A67A88 0.95
1.900001 8.320001 -1.700001 AA9CAE 0.95
0.9500006 8.320001 -1.700001 853C5D 0.95
9.536743E-07 8.320001 -2.650002 623358 0.95
-0.9499992 8.320001 -3.6 683459 0.95
-1.899999 8.320001 -4.550001 683459 0.95
-2.849999 8.320001 -6.450001 B34267 0.95
3.800001 9.27 3.049999 573157 0.95
2.85 9.27 2.1 A57784 0.95
1.900001 9.27 -1.700001 A79AAA 0.95
0.9500006 9.27 -1.700001 80395D 0.95
9.536743E-07 9.27 -2.650002 643459 0.95
-0.9499992 9.27 -3.6 673459 0.95
-1.899999 9.27 -4.550001 603358 0.95
-2.849999 9.27 -5.500001 8E3960 0.95
3.800001 10.22 3.049999 573157 0.95
2.85 10.22 2.1 A16E7D 0.95
1.900001 10.22 -1.700001 A899AA 0.95
0.9500006 10.22 -1.700001 3C2E52 0.95
9.536743E-07 10.22 -2.650002 633359 0.95
-0.9499992 10.22 -3.6 653459 0.95
-1.899999 10.22 -5.500001 B04166 0.95
2.85 11.17 2.1 3F2D52 0.95
1.900001 11.17 -1.700001 A595A6 0.95
0.9500006 11.17 -1.700001 513055 0.95
9.536743E-07 11.17 -2.650002 643459 0.95
-0.9499992 11.17 -3.6 623358 0.95
-1.899999 11.17 -4.550001 9C3D61 0.95
-2.849999 11.17 -6.450001 B24266 0.95
2.85 12.12 2.1 543056 0.95
1.900001 12.12 -1.700001 A696A5 0.95
0.9500006 12.12 -1.700001 93405E 0.95
9.536743E-07 12.12 -2.650002 5F3358 0.95
-0.9499992 12.12 -3.6 B14166 0.95
-1.899999 12.12 -5.500001 B24266 0.95
-2.849999 12.12 -6.450001 69345A 0.95
2.85 13.07 2.1 4F3055 0.95
1.900001 13.07 -1.700001 A999AA 0.95
0.9500006 13.07 -1.700001 3B2D52 0.95
9.536743E-07 13.07 -2.650002 B04166 0.95
-2.849999 13.07 -6.450001 B44267 0.95
2.85 14.02 2.1 533057 0.95
1.900001 14.02 -1.700001 AC9EAF 0.95
0.9500006 14.02 -1.700001 4A3052 0.95
4.768372E-07 14.02 -1.700001 323055 0.95
3.8 14.97 4 BA7D73 0.95
2.85 14.97 2.1 AB8391 0.95
1.900001 14.97 0.2000008 602F5A 0.95
0.9500006 14.97 -1.700001 4E3154 0.95
4.768372E-07 14.97 -1.700001 473051 0.95
3.800001 15.92 3.049999 D77F51 0.95
2.85 15.92 2.1 A98895 0.95
1.900001 15.92 -2.650002 B2A8B8 0.95
0.9500011 15.92 -2.650002 B1A5B6 0.95
4.768372E-07 15.92 -1.700001 A38EA2 0.95
-0.9499996 15.92 -1.700001 A17F92 0.95
3.800001 16.87 3.049999 DF8956 0.95
2.85 16.87 2.1 AD95A3 0.95
1.900001 16.87 -2.650002 B1A7B7 0.95
0.9500011 16.87 -2.650002 B2A7B7 0.95
4.768372E-07 16.87 -1.700001 A798AB 0.95
-0.9499996 16.87 -1.700001 AF97AA 0.95
3.800001 17.82 3.049999 D78354 0.95
2.85 17.82 2.1 AD96A5 0.95
1.900001 17.82 -2.650002 573256 0.95
0.9500011 17.82 -2.650002 593257 0.95
4.768372E-07 17.82 -1.700001 573256 0.95
-0.9499996 17.82 -1.700001 543156 0.95
3.800001 18.77 3.049999 D07850 0.95
2.85 18.77 3.049999 B2A3B2 0.95
1.9 18.77 3.049999 4D3054 0.95
0.9500003 18.77 2.1 8C5164 0.95
2.384186E-07 18.77 1.15 7C345D 0.95
3.800001 19.72 3.049999 D88555 0.95
2.85 19.72 3.049999 AB99A8 0.95
1.9 19.72 4 323055 0.95
0.9500003 19.72 2.1 A68491 0.95
2.384186E-07 19.72 2.1 946F82 0.95
3.800001 20.67 3.049999 AE949D 0.95
2.85 20.67 3.049999 B3A6B6 0.95
0.9500003 20.67 2.1 AC939F 0.95
2.384186E-07 20.67 2.1 8E6F7F 0.95
3.800001 21.62 3.049999 D98958 0.95
2.85 21.62 3.049999 B6A9B7 0.95
0.9500002 21.62 3.049999 A78994 0.95
1.192093E-07 21.62 3.049999 775768 0.95
3.8 22.57 4 BAAEBC 0.95
0.9500002 22.57 3.049999 AE99A5 0.95
1.192093E-07 22.57 3.049999 805F6F 0.95
0.9500002 23.52 3.049999 B5A8B6 0.95
1.192093E-07 23.52 3.049999 8C7382 0.95
1.192093E-07 24.47 3.049999 9B3B62 0.95
1.192093E-07 25.42 3.049999 9A3B62 0.95
0 26.37 4 B04266 0.95
-5.700002 1.670001 17.3 F15775 0.95
-5.700002 2.620001 17.3 CA4668 0.95
-5.700002 3.570001 17.3 CA4668 0.95
-5.700002 4.52 17.3 C84668 0.95
-5.700002 5.47 17.3 C74668 0.95
-4.750002 2.620001 16.35 C84668 0.95
-4.750002 6.420001 16.35 C44568 0.95
-4.750002 3.570001 16.35 C94668 0.95
-4.75 3.570001 -7.400002 C74668 0.95
-4.750002 4.52 16.35 C74669 0.95
-4.75 4.52 -7.400002 C64568 0.95
-4.750002 5.47 16.35 C64568 0.95
-4.75 5.47 -7.400002 C54568 0.95
-4.75 6.420001 -7.400002 C64568 0.95
-4.75 7.37 -7.400002 C04568 0.95
-3.799999 3.570001 -6.450001 C74668 0.95
-3.800001 3.570001 14.45 C74668 0.95
-2.849999 4.52 -6.450001 643359 0.95
-3.799999 4.52 -6.450001 C74568 0.95
-3.800001 4.52 14.45 C74568 0.95
-2.849999 5.47 -6.450001 653459 0.95
-3.799999 5.47 -6.450001 C34568 0.95
-3.800001 5.47 14.45 C34568 0.95
-2.849999 6.420001 -6.450001 683459 0.95
-3.799999 6.420001 -6.450001 C54568 0.95
-3.800001 6.420001 14.45 C54568 0.95
-2.849999 7.37 -6.450001 663459 0.95
-3.799999 7.37 -6.450001 C44568 0.95
-3.800001 7.37 14.45 C44568 0.95
-3.799999 8.320001 -6.450001 C04468 0.95
-3.799999 12.12 -6.450001 BD4468 0.95
-2.850001 3.570001 14.45 E6516F 0.95
-2.850001 4.52 13.5 C34568 0.95
-2.850001 5.47 13.5 BF4468 0.95
-2.850001 6.420001 13.5 BF4468 0.95
-2.850001 7.37 13.5 C34468 0.95
-2.849999 8.320001 -5.500001 633358 0.95
-2.850001 8.320001 13.5 BE4468 0.95
-1.899999 9.27 -5.500001 B24266 0.95
-2.850001 9.27 13.5 BF4468 0.95
-1.899999 11.17 -5.500001 B44267 0.95
-2.849999 11.17 -5.500001 BA4368 0.95
-2.850001 11.17 13.5 BA4368 0.95
-2.849999 12.12 -5.500001 643359 0.95
-2.850001 12.12 13.5 B74267 0.95
-2.849999 13.07 -5.500001 A63C64 0.95
-2.850001 13.07 13.5 A63C64 0.95
-1.899999 4.52 -4.550001 C14568 0.95
-1.900001 4.52 12.55 CE486A 0.95
-0.9499992 5.47 -4.550001 B24266 0.95
-1.900001 5.47 12.55 BD4468 0.95
-1.899999 5.47 -4.550001 BC4368 0.95
-0.9499992 6.420001 -4.550001 B34267 0.95
-1.900001 6.420001 12.55 BA4368 0.95
-1.900001 7.37 12.55 BB4368 0.95
-1.900001 8.320001 12.55 BC4368 0.95
-1.900001 9.27 12.55 B94267 0.95
-1.899999 10.22 -4.550001 573157 0.95
-1.900001 10.22 12.55 BC4368 0.95
-0.9499992 11.17 -4.550001 B14166 0.95
-1.900001 11.17 12.55 B84267 0.95
-1.899999 12.12 -4.550001 BA4368 0.95
-1.900001 12.12 12.55 BA4368 0.95
-0.9500011 6.420001 11.6 B33F66 0.95
-0.9500011 7.37 11.6 B24066 0.95
-0.9500011 8.320001 11.6 B23F66 0.95
-0.9500011 9.27 11.6 B13F66 0.95
-0.9500011 10.22 11.6 B23F66 0.95
-0.9500011 11.17 11.6 B03F66 0.95
-0.9500011 12.12 11.6 B13F66 0.95
-0.9499992 13.07 -3.6 933A61 0.95
4.768372E-07 7.37 -1.700001 3A2D52 0.95
4.768372E-07 13.07 -1.700001 323357 0.95
4.768372E-07 6.420001 -1.700001 9B8C9B 0.95
1.900001 15.92 -1.700001 845566 0.95
1.9 2.620001 7.799999 BFB1BF 0.95
0.9499996 2.620001 7.799999 BAA4B0 0.95
1.9 3.570001 3.049999 593257 0.95
0.9500002 3.570001 3.049999 553156 0.95
1.9 4.52 3.049999 533156 0.95
0.9500002 4.52 3.049999 4E3154 0.95
1.9 5.47 3.049999 503055 0.95
0.9500002 5.47 3.049999 4E3054 0.95
1.9 6.420001 1.15 953761 0.95
0.9500002 6.420001 3.049999 412E52 0.95
1.9 7.37 1.15 903560 0.95
0.9500002 7.37 3.049999 372D54 0.95
-4.768372E-07 7.37 7.799999 A16771 0.95
-0.9499996 7.37 -1.700001 C3B7C4 0.95
1.9 8.320001 1.15 8A3460 0.95
0.9500002 8.320001 3.049999 342D57 0.95
-4.768372E-07 8.320001 7.799999 9E5E69 0.95
4.768372E-07 8.320001 -1.700001 323357 0.95
-0.9499996 8.320001 -1.700001 C3B6C4 0.95
1.9 9.27 1.15 7C315E 0.95
0.9500002 9.27 3.049999 322F57 0.95
-4.768372E-07 9.27 7.799999 9B5663 0.95
4.768372E-07 9.27 -1.700001 323357 0.95
-0.9499996 9.27 -1.700001 C0B2C1 0.95
1.900001 10.22 0.2000008 5C2E5A 0.95
0.9500003 10.22 2.1 392D53 0.95
2.384186E-07 10.22 2.1 753F5C 0.95
4.768372E-07 10.22 -1.700001 323357 0.95
-0.9499996 10.22 -1.700001 C2B4C2 0.95
1.900001 11.17 0.2000008 482E53 0.95
0.9500003 11.17 2.1 343152 0.95
2.384186E-07 11.17 2.1 6E365A 0.95
4.768372E-07 11.17 -1.700001 323357 0.95
-0.9499996 11.17 -1.700001 C3B4C2 0.95
1.900001 12.12 0.2000008 452E53 0.95
0.9500006 12.12 0.2000008 323056 0.95
2.384186E-07 12.12 2.1 683259 0.95
4.768372E-07 12.12 -1.700001 323357 0.95
-0.9499996 12.12 -1.700001 C1B1BF 0.95
1.900001 13.07 0.2000008 462E53 0.95
0.9500006 13.07 0.2000008 322F56 0.95
2.384186E-07 13.07 2.1 582D59 0.95
-0.9499996 13.07 -1.700001 C1B1C0 0.95
1.900001 14.02 0.2000008 472F52 0.95
0.9500006 14.02 0.2000008 322F56 0.95
2.384186E-07 14.02 2.1 3B2D56 0.95
-0.9499996 14.02 -1.700001 C1B1C0 0.95
1.900001 14.97 -1.700001 71365B 0.95
0.9500006 14.97 0.2000008 332D55 0.95
4.768372E-07 14.97 0.2000008 323357 0.95
-0.9499996 14.97 -1.700001 5A3257 0.95
1.9 15.92 3.049999 352D53 0.95
0.9500006 15.92 0.2000008 323357 0.95
4.768372E-07 15.92 0.2000008 323157 0.95
1.900001 16.87 -1.700001 EBDFE7 0.95
1.9 16.87 3.049999 3E2E52 0.95
0.9500006 16.87 0.2000008 323357 0.95
4.768372E-07 16.87 0.2000008 323157 0.95
1.900001 17.82 -1.700001 78385E 0.95
1.9 17.82 3.049999 452F51 0.95
0.9500006 17.82 0.2000008 362D54 0.95
4.768372E-07 17.82 0.2000008 3D2D54 0.95
1.900001 18.77 -1.700001 813B61 0.95
0.9500006 18.77 -1.700001 853C61 0.95
4.768372E-07 18.77 -1.700001 803A5F 0.95
1.900001 2.620001 -0.75 794259 0.95
0.9500006 2.620001 -0.75 B4AFBE 0.95
4.768372E-07 6.420001 -0.75 968392 0.95
-0.9499996 15.92 -0.75 4C3253 0.95
1.900001 15.92 -0.75 674259 0.95
0.9500006 14.97 -0.75 323357 0.95
1.900001 3.570001 -0.75 E1D6E0 0.95
0.9500006 3.570001 -0.75 BEB4C1 0.95
1.900001 4.52 -0.75 563157 0.95
0.9500006 4.52 -0.75 BCB2C0 0.95
1.900001 5.47 -0.75 5B3257 0.95
0.9500006 5.47 -0.75 B0A2B0 0.95
1.900001 6.420001 -0.75 5B3257 0.95
0.9500006 6.420001 -0.75 775A69 0.95
1.900001 7.37 -0.75 573157 0.95
4.768372E-07 14.97 -0.75 323357 0.95
-0.9499996 7.37 -0.75 C3B7C5 0.95
1.900001 8.320001 -0.75 573157 0.95
-0.9499996 8.320001 -0.75 C3B6C4 0.95
1.900001 9.27 -0.75 5B3257 0.95
-0.9499996 9.27 -0.75 C3B6C3 0.95
1.900001 10.22 -0.75 563157 0.95
-0.9499996 10.22 -0.75 C3B5C3 0.95
1.900001 11.17 -0.75 573157 0.95
-0.9499996 11.17 -0.75 C1B3C2 0.95
1.900001 12.12 -0.75 5A3257 0.95
-0.9499996 12.12 -0.75 C1B3C1 0.95
1.900001 13.07 -0.75 583157 0.95
-0.9499996 13.07 -0.75 C1B3C1 0.95
1.900001 14.02 -0.75 533156 0.95
-0.9499996 14.02 -0.75 C1B3C2 0.95
1.900001 14.97 -0.75 71365B 0.95
-0.9499996 14.97 -0.75 5A3257 0.95
-0.9500006 15.92 8.75 C8A5AF 0.95
1.900001 16.87 -0.75 E5D9E2 0.95
-0.9500006 16.87 8.75 C8A4AE 0.95
-0.9499996 16.87 -0.75 C3B5C4 0.95
1.900001 17.82 -0.75 76385D 0.95
-0.9500006 17.82 8.75 663359 0.95
-0.9499996 17.82 -0.75 643459 0.95
1.900001 18.77 -0.75 7E3A60 0.95
0.9500006 18.77 -0.75 FFB378 0.95
4.768372E-07 18.77 -0.75 FEAA6C 0.95
-0.9499996 18.77 -0.75 71355B 0.95
4.768372E-07 14.02 0.2000008 923760 0.95
1.900001 2.620001 0.2000008 BFB1BF 0.95
0.9500006 2.620001 0.2000008 BAA4B0 0.95
1.900001 3.570001 0.2000008 BAABB9 0.95
0.9500006 3.570001 0.2000008 AF909B 0.95
1.900001 4.52 0.2000008 B5A1B1 0.95
0.9500006 4.52 0.2000008 A9828B 0.95
1.900001 5.47 0.2000008 B29CAC 0.95
0.9500006 5.47 0.2000008 A06D78 0.95
1.900001 6.420001 0.2000008 B699AA 0.95
0.9500006 6.420001 0.2000008 9A5F6C 0.95
1.900001 7.37 0.2000008 B798AA 0.95
0.9500006 7.37 0.2000008 9A5B69 0.95
4.768372E-07 7.37 0.2000008 A16771 0.95
1.900001 8.320001 0.2000008 B796A8 0.95
0.9500006 8.320001 0.2000008 934D5F 0.95
4.768372E-07 8.320001 0.2000008 9E5E69 0.95
1.900001 9.27 0.2000008 9A586A 0.95
0.9500006 9.27 0.2000008 8E485E 0.95
4.768372E-07 9.27 0.2000008 9B5663 0.95
2.850001 10.22 0.2000008 CE496A 0.95
1.9 10.22 3.049999 323357 0.95
0.9500006 10.22 0.2000008 833D5D 0.95
4.768372E-07 10.22 0.2000008 9C5562 0.95
2.850001 11.17 0.2000008 CC496A 0.95
1.9 11.17 3.049999 323356 0.95
0.9500006 11.17 0.2000008 73345C 0.95
4.768372E-07 11.17 0.2000008 9B5160 0.95
2.850001 12.12 0.2000008 CD496A 0.95
1.9 12.12 3.049999 323356 0.95
0.9500003 12.12 2.1 323153 0.95
4.768372E-07 12.12 0.2000008 984C5E 0.95
2.850001 13.07 0.2000008 CB496A 0.95
1.9 13.07 3.049999 323356 0.95
0.9500003 13.07 2.1 333053 0.95
4.768372E-07 13.07 0.2000008 92495C 0.95
2.850001 14.02 0.2000008 CC496A 0.95
1.9 14.02 3.049999 323356 0.95
0.9500003 14.02 2.1 323154 0.95
1.9 14.97 3.049999 323155 0.95
0.9500003 14.97 2.1 333053 0.95
2.384186E-07 14.97 2.1 323356 0.95
1.900001 15.92 0.2000008 C14669 0.95
0.9500003 15.92 2.1 343152 0.95
2.384186E-07 15.92 2.1 323357 0.95
1.900001 16.87 0.2000008 9E3A62 0.95
0.9500003 16.87 2.1 373151 0.95
2.384186E-07 16.87 2.1 323357 0.95
1.900001 17.82 0.2000008 433051 0.95
4.768372E-07 20.67 0.2000008 DFD3DE 0.95
4.768372E-07 21.62 0.2000008 79395E 0.95
0.9500003 12.12 1.15 89355F 0.95
2.384186E-07 14.02 1.15 9B3B62 0.95
2.85 6.420001 1.15 B54267 0.95
1.9 6.420001 3.049999 323055 0.95
2.85 7.37 1.15 B74367 0.95
1.9 7.37 3.049999 323357 0.95
2.85 8.320001 1.15 B84468 0.95
1.9 8.320001 3.049999 323357 0.95
2.85 9.27 1.15 BC4568 0.95
1.9 9.27 3.049999 323357 0.95
2.85 10.22 1.15 673459 0.95
1.9 10.22 1.15 81335E 0.95
2.85 11.17 1.15 6B355A 0.95
0.9500003 11.17 1.15 85345F 0.95
2.85 12.12 1.15 6A355A 0.95
2.85 13.07 1.15 683459 0.95
0.9500003 13.07 1.15 933861 0.95
2.85 14.02 1.15 4B2F53 0.95
1.9 14.97 1.15 603258 0.95
2.384186E-07 14.97 1.15 A93E65 0.95
1.9 15.92 1.15 613358 0.95
2.384186E-07 15.92 1.15 AB3F65 0.95
1.9 16.87 1.15 5C3257 0.95
2.384186E-07 16.87 1.15 AA3F65 0.95
0.9500003 17.82 1.15 573157 0.95
0.9500003 17.82 2.1 493950 0.95
2.384186E-07 17.82 2.1 323156 0.95
2.384186E-07 17.82 1.15 AA3F65 0.95
0.9500003 18.77 1.15 973761 0.95
2.384186E-07 18.77 2.1 3D2E52 0.95
2.384186E-07 20.67 1.15 CEC1CE 0.95
2.384186E-07 21.62 1.15 6F365B 0.95
2.384186E-07 22.57 1.15 E8DDE7 0.95
1.9 6.420001 2.1 65305A 0.95
1.9 7.37 2.1 72325C 0.95
1.9 8.320001 2.1 68315A 0.95
1.9 9.27 2.1 5E3059 0.95
1.9 10.22 2.1 552F59 0.95
1.9 14.97 2.1 83345E 0.95
1.9 15.92 2.1 7D335E 0.95
1.9 16.87 2.1 7D335E 0.95
2.384186E-07 21.62 2.1 B29AA5 0.95
2.384186E-07 22.57 2.1 C3B6C3 0.95
2.384186E-07 23.52 2.1 E6DBE4 0.95
4.75 1.670001 3.049999 755C70 0.95
3.800001 1.670001 3.049999 523156 0.95
1.192093E-07 10.22 3.049999 5C415A 0.95
2.85 1.670001 3.049999 4F3154 0.95
4.75 2.620001 3.049999 B593A0 0.95
2.85 2.620001 3.049999 362D53 0.95
3.800001 3.570001 3.049999 B48995 0.95
1.9 3.570001 7.799999 BAABB9 0.95
0.9500002 10.22 3.049999 323357 0.95
0.9499996 3.570001 7.799999 AF909B 0.95
1.192093E-07 3.570001 3.049999 563256 0.95
3.800001 4.52 3.049999 C5ABBB 0.95
1.9 4.52 7.799999 B5A1B1 0.95
2.85 4.52 3.049999 323357 0.95
0.9499996 4.52 7.799999 A9828B 0.95
1.192093E-07 4.52 3.049999 553256 0.95
3.800001 5.47 3.049999 C9BCCE 0.95
3.8 5.47 4.950001 323357 0.95
1.9 5.47 7.799999 B29CAC 0.95
2.85 5.47 3.049999 323357 0.95
0.9499996 5.47 7.799999 A06D78 0.95
1.192093E-07 5.47 3.049999 553256 0.95
3.800001 6.420001 3.049999 C0B6C8 0.95
3.8 6.420001 4.950001 323357 0.95
1.9 6.420001 5.9 323357 0.95
2.85 6.420001 3.049999 323357 0.95
0.9499996 6.420001 7.799999 9A5F6C 0.95
1.192093E-07 6.420001 3.049999 543256 0.95
3.8 7.37 4.950001 372E52 0.95
1.9 7.37 4.950001 323357 0.95
2.85 7.37 3.049999 323357 0.95
0.9499996 7.37 7.799999 9A5B69 0.95
1.192093E-07 7.37 3.049999 543156 0.95
1.9 8.320001 4.950001 323357 0.95
2.85 8.320001 3.049999 323357 0.95
0.9499996 8.320001 7.799999 934D5F 0.95
1.192093E-07 8.320001 3.049999 523156 0.95
1.9 9.27 4.950001 323357 0.95
2.85 9.27 3.049999 323357 0.95
0.9499996 9.27 7.799999 8E485E 0.95
1.192093E-07 9.27 3.049999 422F51 0.95
1.9 10.22 5.9 323357 0.95
2.85 10.22 3.049999 323357 0.95
0.9499996 10.22 7.799999 833D5D 0.95
-4.768372E-07 10.22 7.799999 9C5562 0.95
3.800001 11.17 3.049999 77375D 0.95
1.9 11.17 2.1 323357 0.95
1.9 11.17 5.9 323357 0.95
2.85 11.17 3.049999 323357 0.95
0.9499996 11.17 7.799999 73345C 0.95
-4.768372E-07 11.17 7.799999 9B5160 0.95
1.192093E-07 11.17 3.049999 BCB0BE 0.95
3.800001 12.12 3.049999 7C3A5F 0.95
1.9 12.12 2.1 323357 0.95
1.9 12.12 5.9 323357 0.95
2.85 12.12 3.049999 323357 0.95
0.9499999 12.12 5.9 323357 0.95
-4.768372E-07 12.12 7.799999 984C5E 0.95
1.192093E-07 12.12 3.049999 BBAFBD 0.95
3.800001 13.07 3.049999 7C3A5F 0.95
1.9 13.07 2.1 323357 0.95
1.9 13.07 5.9 323357 0.95
2.85 13.07 3.049999 323357 0.95
0.9499999 13.07 5.9 323357 0.95
-4.768372E-07 13.07 7.799999 92495C 0.95
1.192093E-07 13.07 3.049999 BBB0BE 0.95
3.800001 14.02 3.049999 77385D 0.95
1.9 14.02 2.1 323357 0.95
1.9 14.02 5.9 323357 0.95
2.85 14.02 3.049999 323357 0.95
0.9499999 14.02 5.9 323357 0.95
-4.768372E-07 14.02 7.799999 80435C 0.95
1.192093E-07 14.02 3.049999 BBAFBD 0.95
3.800001 14.97 3.049999 E1D4DE 0.95
1.9 14.97 5.9 323357 0.95
2.85 14.97 3.049999 323357 0.95
0.9499999 14.97 5.9 323357 0.95
-2.384186E-07 14.97 5.9 352D57 0.95
1.192093E-07 14.97 3.049999 BAAEBD 0.95
1.9 15.92 7.799999 887584 0.95
2.85 15.92 3.049999 323357 0.95
0.9499999 15.92 5.9 323357 0.95
-2.384186E-07 15.92 5.9 3A2D57 0.95
1.192093E-07 15.92 3.049999 BCB1BF 0.95
1.9 16.87 7.799999 8B7988 0.95
2.85 16.87 3.049999 323357 0.95
0.9499999 16.87 5.9 323357 0.95
-2.384186E-07 16.87 5.9 392D57 0.95
1.192093E-07 16.87 3.049999 BCB0BE 0.95
1.9 17.82 7.799999 433051 0.95
2.85 17.82 3.049999 323357 0.95
0.9499999 17.82 5.9 323357 0.95
-2.384186E-07 17.82 5.9 3E2D56 0.95
1.192093E-07 17.82 3.049999 BCB1BF 0.95
-2.384186E-07 18.77 5.9 462D55 0.95
1.192093E-07 18.77 3.049999 BBB0BE 0.95
2.85 19.72 4.950001 323357 0.95
1.9 19.72 3.049999 624659 0.95
1.192093E-07 19.72 3.049999 BCB2C1 0.95
1.9 20.67 3.049999 B8A8B8 0.95
1.192093E-07 20.67 3.049999 BDB3C1 0.95
0.9500002 24.47 3.049999 A63E64 0.95
5.7 1.670001 4 4A3152 0.95
4.75 1.670001 4 694D63 0.95
3.8 1.670001 4 493051 0.95
2.85 3.570001 4 543954 0.95
1.9 3.570001 4 A35950 0.95
0.9500001 3.570001 4 B06550 0.95
0 10.22 4 3E3651 0.95
2.85 1.670001 4 4E3054 0.95
4.75 2.620001 4 323357 0.95
3.8 2.620001 4 332D54 0.95
2.85 2.620001 4 342D53 0.95
0.9500001 10.22 4 323357 0.95
0 3.570001 4 633458 0.95
5.7 4.52 4 843C62 0.95
3.8 4.52 4 323357 0.95
2.85 4.52 4 323357 0.95
0 4.52 4 633458 0.95
3.8 5.47 4 FF8D5F 0.95
4.75 5.47 4 E15271 0.95
2.85 5.47 4 323357 0.95
0 5.47 4 623458 0.95
3.8 6.420001 4 CE496A 0.95
2.85 6.420001 4 323357 0.95
0 6.420001 4 613358 0.95
3.8 7.37 4 D24A6B 0.95
2.85 7.37 4 323357 0.95
0 7.37 4 613358 0.95
3.8 8.320001 4 D24B6B 0.95
3.8 8.320001 4.950001 362D52 0.95
2.85 8.320001 4 323357 0.95
0 8.320001 4 603358 0.95
4.75 9.27 4 D04A6B 0.95
3.8 9.27 4.950001 322F54 0.95
2.85 9.27 4 323357 0.95
0 9.27 4 483051 0.95
4.75 10.22 4 78385E 0.95
3.8 10.22 4.950001 623458 0.95
1.9 10.22 4 323357 0.95
2.85 10.22 4 323357 0.95
3.8 11.17 4 633459 0.95
3.8 10.22 4 533156 0.95
1.9 11.17 4 323357 0.95
2.85 11.17 4 323357 0.95
0 11.17 4 AFA2AF 0.95
3.8 12.12 4 7C3A5F 0.95
1.9 12.12 4 323357 0.95
2.85 12.12 4 323357 0.95
0 12.12 4 B2A4B3 0.95
3.8 13.07 4 76385D 0.95
1.9 13.07 4 323357 0.95
2.85 13.07 4 323357 0.95
0 13.07 4 B5A7B6 0.95
3.8 14.02 4 7C395F 0.95
1.9 14.02 4 323357 0.95
2.85 14.02 4 323357 0.95
0 14.02 4 B6A9B8 0.95
1.9 14.97 4 323357 0.95
2.85 14.97 4 323357 0.95
0 14.97 4 B4A7B6 0.95
4.75 15.92 4 FFBD85 0.95
3.8 15.92 4 323357 0.95
1.9 15.92 4 323357 0.95
2.85 15.92 4 323357 0.95
0 15.92 4 B7AAB9 0.95
4.75 16.87 4 FFC38F 0.95
3.8 16.87 4 323357 0.95
1.9 16.87 4 323357 0.95
2.85 16.87 4 323357 0.95
0 16.87 4 B9ADBC 0.95
4.75 17.82 4 FFC595 0.95
3.8 17.82 4 323357 0.95
1.9 17.82 4 323357 0.95
2.85 17.82 4 323357 0.95
0 17.82 4 BAAFBE 0.95
4.75 18.77 4 FFB87E 0.95
3.8 18.77 4 323357 0.95
2.85 18.77 4 323357 0.95
1.9 18.77 4.950001 323357 0.95
1.9 18.77 4 323357 0.95
0 18.77 4 BCB0BF 0.95
4.75 19.72 4 FFBD86 0.95
3.8 19.72 4 323357 0.95
2.85 19.72 4 323357 0.95
0 19.72 4 B1A1AE 0.95
4.75 20.67 4 FCEFF4 0.95
3.8 20.67 4 323357 0.95
1.9 20.67 4 C4C0D0 0.95
2.85 20.67 4 7E3E5C 0.95
0 20.67 4 BDB3C1 0.95
4.75 21.62 4 FFC89D 0.95
3.8 21.62 4 323357 0.95
1.9 21.62 4 6B355A 0.95
2.85 21.62 4 773D5B 0.95
0 21.62 4 B5A8B6 0.95
4.75 22.57 4 FFD9B7 0.95
1.9 22.57 4 7C3A5F 0.95
2.85 22.57 4 FFF0F5 0.95
0 22.57 4 B8ABB9 0.95
0.9500001 23.52 4 833C62 0.95
0 23.52 4 B6ABB7 0.95
0.9500001 24.47 4 E35472 0.95
0 24.47 4 AB3F65 0.95
0.9500001 25.42 4 E15271 0.95
0 25.42 4 A93F65 0.95
4.75 1.670001 4.950001 755C70 0.95
3.8 1.670001 4.950001 523156 0.95
2.85 3.570001 4.950001 423450 0.95
1.9 3.570001 4.950001 914B50 0.95
0.95 3.570001 4.950001 8F4650 0.95
-1.192093E-07 10.22 4.950001 5C415A 0.95
2.85 1.670001 4.950001 4F3154 0.95
4.75 2.620001 4.950001 B593A0 0.95
3.8 2.620001 4.950001 322F54 0.95
2.85 2.620001 4.950001 362D53 0.95
3.8 3.570001 4.950001 B48995 0.95
3.8 15.92 4.950001 C0B0BC 0.95
0.95 10.22 4.950001 323357 0.95
-1.192093E-07 3.570001 4.950001 563256 0.95
3.8 4.52 4.950001 C5ABBB 0.95
2.85 4.52 4.950001 323357 0.95
-1.192093E-07 4.52 4.950001 553256 0.95
2.85 5.47 4.950001 323357 0.95
-1.192093E-07 5.47 4.950001 553256 0.95
2.85 6.420001 4.950001 323357 0.95
-1.192093E-07 6.420001 4.950001 543256 0.95
2.85 7.37 4.950001 323357 0.95
-1.192093E-07 7.37 4.950001 543156 0.95
2.85 8.320001 4.950001 323357 0.95
-1.192093E-07 8.320001 4.950001 523156 0.95
2.85 9.27 4.950001 323357 0.95
-1.192093E-07 9.27 4.950001 422F51 0.95
1.9 10.22 4.950001 323357 0.95
2.85 10.22 4.950001 323357 0.95
3.8 11.17 4.950001 77375D 0.95
1.9 11.17 4.950001 323357 0.95
2.85 11.17 4.950001 323357 0.95
-1.192093E-07 11.17 4.950001 BCB0BE 0.95
3.8 12.12 4.950001 7C3A5F 0.95
1.9 12.12 4.950001 323357 0.95
2.85 12.12 4.950001 323357 0.95
-1.192093E-07 12.12 4.950001 BBAFBD 0.95
3.8 13.07 4.950001 7C3A5F 0.95
1.9 13.07 4.950001 323357 0.95
2.85 13.07 4.950001 323357 0.95
-1.192093E-07 13.07 4.950001 BBB0BE 0.95
3.8 14.02 4.950001 77385D 0.95
1.9 14.02 4.950001 323357 0.95
2.85 14.02 4.950001 323357 0.95
-1.192093E-07 14.02 4.950001 BBAFBD 0.95
3.8 14.97 4.950001 E1D4DE 0.95
1.9 14.97 4.950001 323357 0.95
2.85 14.97 4.950001 323357 0.95
-1.192093E-07 14.97 4.950001 BAAEBD 0.95
1.9 15.92 4.950001 323357 0.95
2.85 15.92 4.950001 323357 0.95
-1.192093E-07 15.92 4.950001 BCB1BF 0.95
3.8 16.87 4.950001 C0ABB5 0.95
3.8 18.77 4.950001 9D5052 0.95
1.9 16.87 4.950001 323357 0.95
2.85 16.87 4.950001 323357 0.95
-1.192093E-07 16.87 4.950001 BCB0BE 0.95
3.8 17.82 4.950001 BBA9B4 0.95
1.9 17.82 4.950001 323357 0.95
2.85 17.82 4.950001 323357 0.95
-1.192093E-07 17.82 4.950001 BCB1BF 0.95
2.85 18.77 4.950001 323357 0.95
-1.192093E-07 18.77 4.950001 BBB0BE 0.95
3.8 19.72 4.950001 A8868B 0.95
1.9 19.72 4.950001 624659 0.95
-1.192093E-07 19.72 4.950001 BCB2C1 0.95
3.8 20.67 4.950001 B6ABB9 0.95
1.9 20.67 4.950001 B8A8B8 0.95
2.85 20.67 4.950001 7D435D 0.95
-1.192093E-07 20.67 4.950001 BDB3C1 0.95
0.95 21.62 4.950001 BFB3C2 0.95
3.8 21.62 4.950001 D98958 0.95
2.85 21.62 4.950001 B5A8B8 0.95
-1.192093E-07 21.62 4.950001 BEB4C2 0.95
0.95 22.57 4.950001 EBE0E9 0.95
-1.192093E-07 22.57 4.950001 BBB1C0 0.95
0.95 23.52 4.950001 F8EAF1 0.95
-1.192093E-07 23.52 4.950001 323357 0.95
0.95 24.47 4.950001 A63E64 0.95
-1.192093E-07 24.47 4.950001 9B3C62 0.95
-1.192093E-07 25.42 4.950001 9A3B62 0.95
-2.384186E-07 14.02 5.9 983A61 0.95
4.75 2.620001 5.9 B3A9B8 0.95
3.8 3.570001 5.9 B6A8B7 0.95
3.8 4.52 5.9 B4A5B3 0.95
2.85 4.52 5.9 B6A5B2 0.95
1.9 4.52 4.950001 533156 0.95
0.95 4.52 4.950001 4E3154 0.95
3.8 5.47 5.9 B5A5B2 0.95
2.85 5.47 5.9 B6A1AE 0.95
1.9 5.47 4.950001 503055 0.95
0.95 5.47 4.950001 4E3054 0.95
2.85 6.420001 5.9 913760 0.95
3.8 6.420001 5.9 BCABBA 0.95
1.9 6.420001 4.950001 323055 0.95
1.9 6.420001 7.799999 B699AA 0.95
0.95 6.420001 4.950001 412E52 0.95
2.85 7.37 5.9 8E3660 0.95
1.9 7.37 7.799999 B798AA 0.95
0.95 7.37 4.950001 372D54 0.95
1.9 7.37 5.9 72325C 0.95
2.85 8.320001 5.9 903660 0.95
1.9 8.320001 7.799999 B796A8 0.95
0.95 8.320001 4.950001 342D57 0.95
1.9 8.320001 5.9 68315A 0.95
2.85 9.27 5.9 8F3660 0.95
1.9 9.27 7.799999 9A586A 0.95
0.95 9.27 4.950001 322F57 0.95
1.9 9.27 5.9 5E3059 0.95
2.85 10.22 5.9 8D3660 0.95
1.9 10.22 7.799999 5B3656 0.95
0.9499999 10.22 5.9 392D53 0.95
-2.384186E-07 10.22 5.9 753F5C 0.95
2.85 11.17 5.9 8A355F 0.95
1.9 11.17 7.799999 413550 0.95
0.9499999 11.17 5.9 343152 0.95
-2.384186E-07 11.17 5.9 6E365A 0.95
2.85 12.12 5.9 8C3660 0.95
1.9 12.12 7.799999 3F3550 0.95
0.9499996 12.12 7.799999 422E53 0.95
-2.384186E-07 12.12 5.9 683259 0.95
2.85 13.07 5.9 8B365F 0.95
1.9 13.07 7.799999 3F3450 0.95
0.9499996 13.07 7.799999 333053 0.95
-2.384186E-07 13.07 5.9 582D59 0.95
2.85 14.02 5.9 8B355F 0.95
1.9 14.02 7.799999 4B3A51 0.95
0.9499996 14.02 7.799999 333053 0.95
2.85 14.97 5.9 AB8391 0.95
0.9499996 14.97 8.75 323357 0.95
-4.768372E-07 14.97 8.75 372D54 0.95
1.9 15.92 5.9 7D335E 0.95
2.85 15.92 5.9 A98895 0.95
0.9499996 15.92 7.799999 323357 0.95
-4.768372E-07 15.92 7.799999 8B4E5D 0.95
1.9 16.87 5.9 7D335E 0.95
2.85 16.87 5.9 AD95A3 0.95
0.9499996 16.87 7.799999 323357 0.95
-4.768372E-07 16.87 7.799999 82485C 0.95
2.85 17.82 5.9 AD96A5 0.95
0.9499996 17.82 7.799999 3B2F51 0.95
-4.768372E-07 17.82 7.799999 533057 0.95
0.9499999 18.77 5.9 8E3560 0.95
0.9499999 19.72 5.9 A68491 0.95
-2.384186E-07 19.72 5.9 9C3962 0.95
0.9499999 20.67 5.9 AC939F 0.95
-2.384186E-07 20.67 5.9 8E6F7F 0.95
-2.384186E-07 21.62 5.9 B29AA5 0.95
-2.384186E-07 22.57 5.9 C3B6C3 0.95
-2.384186E-07 23.52 5.9 E6DBE4 0.95
1.9 6.420001 6.85 82355E 0.95
0.9499999 12.12 6.85 89355F 0.95
-2.384186E-07 14.02 6.85 9B3B62 0.95
2.85 6.420001 6.85 B54267 0.95
2.85 7.37 6.85 B74367 0.95
1.9 7.37 6.85 963861 0.95
2.85 8.320001 6.85 B84468 0.95
1.9 8.320001 6.85 933761 0.95
2.85 9.27 6.85 BC4568 0.95
1.9 9.27 6.85 8E3560 0.95
2.85 10.22 6.85 673459 0.95
1.9 10.22 6.85 81335E 0.95
2.85 11.17 6.85 6B355A 0.95
0.9499999 11.17 6.85 85345F 0.95
2.85 12.12 6.85 6A355A 0.95
2.85 13.07 6.85 683459 0.95
0.9499999 13.07 6.85 933861 0.95
2.85 14.02 6.85 4B2F53 0.95
1.9 14.97 6.85 603258 0.95
-2.384186E-07 14.97 6.85 A93E65 0.95
1.9 15.92 6.85 613358 0.95
-2.384186E-07 15.92 6.85 AB3F65 0.95
1.9 16.87 6.85 5C3257 0.95
-2.384186E-07 16.87 6.85 AA3F65 0.95
0.9499999 17.82 6.85 573157 0.95
-2.384186E-07 17.82 6.85 AA3F65 0.95
0.9499999 18.77 6.85 973761 0.95
-2.384186E-07 18.77 6.85 AA3F65 0.95
-2.384186E-07 20.67 6.85 CEC1CE 0.95
-2.384186E-07 21.62 6.85 6F365B 0.95
-2.384186E-07 22.57 6.85 E8DDE7 0.95
2.85 10.22 7.799999 CE496A 0.95
2.85 11.17 7.799999 CC496A 0.95
2.85 12.12 7.799999 CD496A 0.95
2.85 13.07 7.799999 CB496A 0.95
2.85 14.02 7.799999 CC496A 0.95
1.9 14.97 7.799999 CA4869 0.95
-4.768372E-07 14.97 7.799999 9E3A62 0.95
-4.768372E-07 20.67 7.799999 DFD3DE 0.95
-4.768372E-07 21.62 7.799999 79395E 0.95
1.9 2.620001 8.75 794259 0.95
0.9499996 2.620001 8.75 B4AFBE 0.95
-4.768372E-07 6.420001 8.75 968392 0.95
1.9 15.92 8.75 674259 0.95
1.9 3.570001 8.75 E1D6E0 0.95
0.9499996 3.570001 8.75 BEB4C1 0.95
1.9 4.52 8.75 563157 0.95
0.9499996 4.52 8.75 BCB2C0 0.95
1.9 5.47 8.75 5B3257 0.95
0.9499996 5.47 8.75 B0A2B0 0.95
1.9 6.420001 8.75 5B3257 0.95
0.9499996 6.420001 8.75 775A69 0.95
1.9 7.37 8.75 573157 0.95
-9.536743E-07 7.37 10.65 332D57 0.95
-0.9500006 7.37 8.75 C3B7C5 0.95
1.9 8.320001 8.75 573157 0.95
-9.536743E-07 8.320001 10.65 323357 0.95
-0.9500006 8.320001 8.75 C3B6C4 0.95
1.9 9.27 8.75 5B3257 0.95
-9.536743E-07 9.27 10.65 323357 0.95
-0.9500006 9.27 8.75 C3B6C3 0.95
1.9 10.22 8.75 563157 0.95
-9.536743E-07 10.22 10.65 323357 0.95
-0.9500006 10.22 8.75 C3B5C3 0.95
1.9 11.17 8.75 573157 0.95
-9.536743E-07 11.17 10.65 323357 0.95
-0.9500006 11.17 8.75 C1B3C2 0.95
1.9 12.12 8.75 5A3257 0.95
-9.536743E-07 12.12 10.65 323357 0.95
-0.9500006 12.12 8.75 C1B3C1 0.95
1.9 13.07 8.75 583157 0.95
-9.536743E-07 13.07 10.65 323257 0.95
-0.9500006 13.07 8.75 C1B3C1 0.95
1.9 14.02 8.75 533156 0.95
-0.9500006 14.02 8.75 C1B3C2 0.95
1.9 14.97 8.75 71365B 0.95
0.9499996 14.97 7.799999 332D55 0.95
-0.9500006 14.97 8.75 5A3257 0.95
1.9 16.87 8.75 E5D9E2 0.95
1.9 17.82 8.75 76385D 0.95
1.9 18.77 8.75 7E3A60 0.95
0.9499996 18.77 8.75 FFB378 0.95
-4.768372E-07 18.77 8.75 FEAA6C 0.95
-0.9500006 18.77 8.75 71355B 0.95
1.9 2.620001 9.700001 513157 0.95
0.9499996 2.620001 9.700001 B0ABBB 0.95
-4.768372E-07 6.420001 9.700001 9B8C9B 0.95
1.9 15.92 9.700001 845566 0.95
0.9499996 7.37 9.700001 323357 0.95
1.9 3.570001 9.700001 E9DDE6 0.95
0.9499996 3.570001 9.700001 C0B5C3 0.95
1.9 4.52 9.700001 E7DCE5 0.95
0.9499996 4.52 9.700001 BAB0BE 0.95
1.9 5.47 9.700001 E8DCE5 0.95
0.9499996 5.47 9.700001 A89DAD 0.95
1.9 6.420001 9.700001 EBDEE7 0.95
0.9499996 6.420001 9.700001 775E6F 0.95
1.9 7.37 9.700001 EADEE7 0.95
0.9499996 8.320001 9.700001 323357 0.95
-4.768372E-07 14.97 9.700001 323055 0.95
-4.768372E-07 7.37 9.700001 323357 0.95
-0.9500006 7.37 9.700001 C3B7C4 0.95
1.9 8.320001 9.700001 EBDEE7 0.95
0.9499996 11.17 9.700001 323357 0.95
-4.768372E-07 8.320001 9.700001 323357 0.95
-0.9500006 8.320001 9.700001 C3B6C4 0.95
1.9 9.27 9.700001 EBDFE8 0.95
0.9499996 9.27 9.700001 323357 0.95
-4.768372E-07 9.27 9.700001 323357 0.95
-0.9500006 9.27 9.700001 C0B2C1 0.95
1.9 10.22 9.700001 ECE0E8 0.95
0.9499996 10.22 9.700001 323357 0.95
-4.768372E-07 10.22 9.700001 323357 0.95
-0.9500006 10.22 9.700001 C2B4C2 0.95
1.9 11.17 9.700001 EADFE7 0.95
-4.768372E-07 11.17 9.700001 323357 0.95
-0.9500006 11.17 9.700001 C3B4C2 0.95
1.9 12.12 9.700001 EADEE7 0.95
0.9499996 12.12 9.700001 323357 0.95
0.9499996 14.97 9.700001 323055 0.95
-4.768372E-07 12.12 9.700001 323357 0.95
-0.9500006 12.12 9.700001 C1B1BF 0.95
1.9 13.07 9.700001 EBDFE7 0.95
0.9499996 13.07 9.700001 323357 0.95
-4.768372E-07 13.07 9.700001 323357 0.95
-0.9500006 13.07 9.700001 C1B1C0 0.95
1.9 14.02 9.700001 E9DDE6 0.95
0.9499996 14.02 9.700001 323357 0.95
-0.9500006 14.02 9.700001 C1B1C0 0.95
1.9 14.97 9.700001 71365B 0.95
-0.9500006 14.97 9.700001 5A3257 0.95
-0.9500006 15.92 9.700001 A17F92 0.95
1.9 16.87 9.700001 EBDFE7 0.95
-0.9500006 16.87 9.700001 AF97AA 0.95
1.9 17.82 9.700001 78385E 0.95
-0.9500006 17.82 9.700001 543156 0.95
1.9 18.77 9.700001 813B61 0.95
0.9499996 18.77 9.700001 853C61 0.95
-4.768372E-07 18.77 9.700001 803A5F 0.95
-4.768372E-07 14.02 9.700001 323055 0.95
1.899999 15.92 10.65 B2A8B8 0.95
0.9499992 15.92 10.65 B1A5B6 0.95
-4.768372E-07 15.92 9.700001 A38EA2 0.95
1.899999 16.87 10.65 B1A7B7 0.95
0.9499992 16.87 10.65 B2A7B7 0.95
-4.768372E-07 16.87 9.700001 A798AB 0.95
1.899999 17.82 10.65 573256 0.95
0.9499992 17.82 10.65 593257 0.95
-4.768372E-07 17.82 9.700001 573256 0.95
-0.9500011 13.07 11.6 933A61 0.95
-0.9500011 5.47 12.55 B24266 0.95
-0.9500011 6.420001 12.55 B34267 0.95
-0.9500011 11.17 12.55 B14166 0.95
-1.900001 4.52 13.5 B54367 0.95
-1.900001 5.47 13.5 452E53 0.95
-1.900001 9.27 13.5 B24266 0.95
-1.900001 10.22 13.5 B04166 0.95
-1.900001 11.17 13.5 B44267 0.95
-1.900001 12.12 13.5 B24266 0.95
-2.850001 4.52 14.45 643359 0.95
-2.850001 5.47 14.45 653459 0.95
-2.850001 6.420001 14.45 683459 0.95
-2.850001 7.37 14.45 663459 0.95
-2.850001 8.320001 14.45 B44267 0.95
-3.800001 8.320001 14.45 C04468 0.95
-2.850001 11.17 14.45 B24266 0.95
-2.850001 12.12 14.45 603258 0.95
-3.800001 12.12 14.45 BD4468 0.95
-2.850001 13.07 14.45 B34267 0.95
-3.800001 3.570001 15.4 4F3054 0.95
-4.750001 3.570001 15.4 C74668 0.95
-3.800001 4.52 15.4 663459 0.95
-4.750001 4.52 15.4 C64568 0.95
-3.800001 5.47 15.4 673459 0.95
-4.750001 5.47 15.4 C54568 0.95
-3.800001 6.420001 15.4 623358 0.95
-4.750001 6.420001 15.4 C64568 0.95
-3.800001 7.37 15.4 B34266 0.95
-4.750001 7.37 15.4 C04568 0.95
