-2 0.51 0 F79610 1
-3 0.51 1 F1961B 1
-3 0.51 2 F78E00 1
-4 0.51 3 F79202 1
-3 0.51 4 F18F00 1
-3 0.51 5 F7A221 1
-2 0.51 6 F7960B 1
0 1.51 -4 F7A034 1
-4 1.51 -3 F79C2E 1
-5 1.51 -2 AF8E31 1
-6 1.51 -1 F79E10 1
-6 1.51 0 F7980D 1
-7 1.51 1 F7A020 1
-7 1.51 2 F7A344 1
-7 1.51 3 F7A026 1
-7 1.51 4 F79F18 1
-7 1.51 5 F79C28 1
-6 1.51 6 F79B34 1
-6 1.51 7 F79608 1
-5 1.51 8 F79616 1
-4 1.51 9 F78E00 1
0 1.51 10 F7A33E 1
-2 2.51 -5 F79A2C 1
-4 2.51 -4 F79415 1
-6 2.51 -3 EF8E18 1
-7 2.51 -2 F79405 1
-7 2.51 -1 F79A15 1
-8 2.51 0 F7A03C 1
-8 2.51 1 F7A72C 1
-8 2.51 2 F79E3C 1
-8 2.51 3 F79621 1
-8 2.51 4 F79C2B 1
-8 2.51 5 F79208 1
-8 2.51 6 F79A26 1
-7 2.51 7 F79816 1
-7 2.51 8 F79410 1
-6 2.51 9 F7961B 1
-4 2.51 10 F78E00 1
-2 2.51 11 F78600 1
-1 3.51 -6 F79726 1
-4 3.51 -5 F79210 1
-6 3.51 -4 F78E05 1
-7 3.51 -3 F7A208 1
-7 3.51 -2 F79200 1
-8 3.51 -1 F7A631 1
-9 3.51 0 F7A039 1
-9 3.51 1 F79C2E 1
-9 3.51 2 F79623 1
-9 3.51 3 F79A21 1
-9 3.51 4 F79A2C 1
-9 3.51 5 F78E18 1
-9 3.51 6 F79015 1
-8 3.51 7 F79816 1
-7 3.51 8 F7971B 1
-7 3.51 9 F78A00 1
-6 3.51 10 F78E00 1
-4 3.51 11 F4930A 1
-1 3.51 12 F79608 1
-3 4.51 -6 F78500 1
-5 4.51 -5 F78C0D 1
-7 4.51 -4 F49210 1
-7 4.51 -3 F4930D 1
-8 4.51 -2 F79408 1
-9 4.51 -1 F79A00 1
-9 4.51 0 F4A639 1
-9 4.51 1 F1941B 1
-9 4.51 2 F79820 1
-10 4.51 3 F79223 1
-9 4.51 4 F79A39 1
-9 4.51 5 F78E18 1
-9 4.51 6 F78E18 1
-9 4.51 7 F79223 1
-8 4.51 8 F19208 1
-7 4.51 9 F79008 1
-7 4.51 10 F78A00 1
-5 4.51 11 F78E00 1
-3 4.51 12 EF9E52 1
-4 5.51 -6 F79208 1
-6 5.51 -5 F78E00 1
-7 5.51 -4 FFAE29 1
-8 5.51 -3 EF8E0D 1
-8 5.51 -2 F79808 1
-9 5.51 -1 F79E00 1
-9 5.51 0 F7A239 1
-10 5.51 1 EF8A10 1
-10 5.51 2 F19023 1
-10 5.51 3 F49823 1
-10 5.51 4 F19320 1
-10 5.51 5 F19020 1
-9 5.51 6 F48F26 1
-9 5.51 7 F49220 1
-8 5.51 8 EF8A10 1
-8 5.51 9 F18C08 1
-7 5.51 10 F79305 1
-6 5.51 11 EF9A21 1
-4 5.51 12 EF870B 1
-1 6.51 -7 F79016 1
-4 6.51 -6 F78C12 1
-6 6.51 -5 F78810 1
-7 6.51 -4 EF8E00 1
-8 6.51 -3 F49316 1
-9 6.51 -2 F79200 1
-9 6.51 -1 F79B20 1
-10 6.51 0 F79826 1
-10 6.51 1 F79A10 1
-10 6.51 2 F4901E 1
-10 6.51 3 F49310 1
-10 6.51 4 F78E00 1
-10 6.51 5 EF8C16 1
-10 6.51 6 EF8C16 1
-9 6.51 7 F4940A 1
-9 6.51 8 F18B08 1
-8 6.51 9 F18C08 1
-7 6.51 10 F78600 1
-6 6.51 11 F18608 1
-4 6.51 12 F18A0D 1
-1 6.51 13 F18505 1
-1 7.51 -7 F78200 1
-5 7.51 -6 F78A16 1
-6 7.51 -5 EF8621 1
-7 7.51 -4 F79B10 1
-8 7.51 -3 F79A00 1
-9 7.51 -2 F7A210 1
-9 7.51 -1 F78A00 1
-10 7.51 0 F49A0D 1
-10 7.51 1 F79716 1
-10 7.51 2 F4921B 1
-10 7.51 3 F19010 1
-10 7.51 4 F19010 1
-10 7.51 5 EC923E 1
-10 7.51 6 EF8C26 1
-9 7.51 7 EF8A00 1
-9 7.51 8 F18908 1
-8 7.51 9 F49005 1
-7 7.51 10 F18B02 1
-6 7.51 11 EF9621 1
-5 7.51 12 F4921B 1
-1 7.51 13 F18505 1
-2 8.51 -7 F18400 1
-5 8.51 -6 F78A1D 1
-6 8.51 -5 F48D1B 1
-8 8.51 -4 F18F02 1
-8 8.51 -3 F7A005 1
-9 8.51 -2 F19205 1
-10 8.51 -1 F79208 1
-10 8.51 0 F78600 1
-10 8.51 1 F49A0A 1
-10 8.51 2 F48F0B 1
-10 8.51 3 EF9229 1
-10 8.51 4 EF9226 1
-10 8.51 5 F18E23 1
-10 8.51 6 EF8E39 1
-10 8.51 7 EF8A00 1
-9 8.51 8 F78E00 1
-8 8.51 9 F49305 1
-8 8.51 10 F79A08 1
-6 8.51 11 EF8D10 1
-5 8.51 12 EF930A 1
-2 8.51 13 EF8C0D 1
-2 9.51 -7 F4880A 1
-5 9.51 -6 F78600 1
-6 9.51 -5 EF8E29 1
-8 9.51 -4 F19005 1
-8 9.51 -3 F79805 1
-9 9.51 -2 EF8A00 1
-10 9.51 -1 F78A00 1
-10 9.51 0 EF8E00 1
-10 9.51 1 F7A210 1
-10 9.51 2 EF8605 1
-10 9.51 3 EF9331 1
-10 9.51 4 EF8608 1
-10 9.51 5 EF8A00 1
-10 9.51 6 EF8A00 1
-10 9.51 7 EF8A00 1
-9 9.51 8 F49305 1
-8 9.51 9 EF8600 1
-8 9.51 10 EF8200 1
-6 9.51 11 EF9618 1
-5 9.51 12 EF8916 1
-2 9.51 13 EF8408 1
-1 10.51 -7 F18105 1
-5 10.51 -6 F79E08 1
-6 10.51 -5 F78A00 1
-7 10.51 -4 F4A110 1
-8 10.51 -3 F79200 1
-9 10.51 -2 F78E00 1
-9 10.51 -1 F78E00 1
-10 10.51 0 EF8E08 1
-10 10.51 1 EF8C18 1
-10 10.51 2 EF870B 1
-10 10.51 3 EF8600 1
-10 10.51 4 EF8E10 1
-10 10.51 5 F49210 1
-10 10.51 6 F49005 1
-9 10.51 7 EF8610 1
-9 10.51 8 F18E00 1
-8 10.51 9 EF7900 1
-7 10.51 10 F18500 1
-6 10.51 11 EF8105 1
-5 10.51 12 EF7E08 1
-1 10.51 13 EF7D00 1
0 11.51 -7 F78502 1
-4 11.51 -6 F78C08 1
-6 11.51 -5 F78F1E 1
-7 11.51 -4 F49308 1
-8 11.51 -3 F79200 1
-9 11.51 -2 EF933C 1
-9 11.51 -1 F1900B 1
-9 11.51 0 EF902C 1
-10 11.51 1 EF8600 1
-10 11.51 2 EF8600 1
-10 11.51 3 EF8A20 1
-10 11.51 4 EF8E00 1
-10 11.51 5 F18900 1
-9 11.51 6 EF8900 1
-9 11.51 7 EF8805 1
-9 11.51 8 F7A600 1
-8 11.51 9 F18800 1
-7 11.51 10 EF7900 1
-6 11.51 11 F48705 1
-4 11.51 12 EF8808 1
0 11.51 13 EF8200 1
-3 12.51 -6 F78B0B 1
-5 12.51 -5 F78A10 1
-6 12.51 -4 EF9010 1
-7 12.51 -3 EF8E00 1
-8 12.51 -2 EF8C0D 1
-9 12.51 -1 F18602 1
-9 12.51 0 EF8E13 1
-9 12.51 1 EF8B2C 1
-9 12.51 2 EC861E 1
-10 12.51 3 EF8A00 1
-9 12.51 4 EF8705 1
-9 12.51 5 F48D00 1
-9 12.51 6 F79200 1
-9 12.51 7 F18200 1
-8 12.51 8 EF7500 1
-7 12.51 9 F48D05 1
-6 12.51 10 EF7900 1
-5 12.51 11 EF8E08 1
-3 12.51 12 E77500 1
-4 13.51 -5 F7AA63 1
-5 13.51 -4 EF8710 1
-7 13.51 -3 EF9618 1
-7 13.51 -2 EF8600 1
-8 13.51 -1 F4900A 1
-8 13.51 0 EF8A00 1
-9 13.51 1 EF8B16 1
-9 13.51 2 EF8A08 1
-9 13.51 3 F49816 1
-9 13.51 4 F18008 1
-9 13.51 5 EF8C05 1
-8 13.51 6 F18B08 1
-8 13.51 7 F18B08 1
-7 13.51 8 EF8402 1
-7 13.51 9 EF7900 1
-5 13.51 10 EF7508 1
-4 13.51 11 F18002 1
-2 14.51 -4 F19634 1
-4 14.51 -3 EF9231 1
-5 14.51 -2 FFA218 1
-6 14.51 -1 F48905 1
-7 14.51 0 EF8E00 1
-7 14.51 1 EF9016 1
-7 14.51 2 EFA24A 1
-7 14.51 3 EF8A0B 1
-7 14.51 4 EF860A 1
-7 14.51 5 EF8608 1
-7 14.51 6 EF8D00 1
-6 14.51 7 EF7D00 1
-5 14.51 8 EF9208 1
-4 14.51 9 F79608 1
-2 14.51 10 E97C02 1
0 15.51 2 5A3C05 1
-1 15.51 3 392C08 1
-1 16.51 2 4C3505 1
-1 16.51 3 58460D 1
0 17.51 1 412E05 1
-1 17.51 2 472D02 1
0 17.51 3 523C08 1
-8 13.51 1 EF8608 1
-8 13.51 2 EF902C 1
-8 14.51 3 F18C08 1
-8 13.51 4 F48F05 1
-8 13.51 5 EF8C05 1
-7 1.51 0 F79A18 1
-7 1.51 6 F79210 1
-7 8.51 -5 EF8A00 1
-7 8.51 11 F18805 1
-7 9.51 -5 EF8C0B 1
-7 9.51 11 F49405 1
-7 13.51 -1 EF8E0B 1
2 14.51 1 E77500 1
-2 14.51 2 55470D 1
-2 14.51 3 5A5110 1
-2 14.51 4 52480D 1
2 14.51 5 E97F08 1
-7 13.51 7 F18505 1
-6 1.51 -2 F79E00 1
-6 1.51 1 F7A010 1
-6 0.51 2 F79E21 1
-6 0.51 3 F7A200 1
-6 0.51 4 F79F1B 1
-6 1.51 5 F79A26 1
-6 1.51 8 F79615 1
-6 4.51 -4 F79218 1
-6 4.51 10 F79716 1
-6 13.51 -4 EF8B10 1
-6 13.51 10 F49005 1
-6 13.51 -3 C28020 1
-6 14.51 -2 EF8B10 1
-6 14.51 8 EF9208 1
-6 13.51 9 F48905 1
-6 14.51 0 EC8B1B 1
-6 14.51 1 EF8200 1
-6 14.51 2 EF8605 1
-6 14.51 3 EF8B10 1
-6 14.51 4 EF8E10 1
-6 14.51 5 EF7D00 1
-6 14.51 6 EF8D00 1
-5 2.51 -4 F79A20 1
-5 1.51 -3 F7981B 1
-5 1.51 -1 F79E13 1
-5 0.51 0 F79C10 1
-5 0.51 1 F7A010 1
-5 0.51 2 F79600 1
-5 0.51 3 F7A62C 1
-5 0.51 4 F79E31 1
-5 0.51 5 F7A24A 1
-5 0.51 6 F7A33E 1
-5 1.51 7 F79A18 1
-5 1.51 9 F79416 1
-5 2.51 10 F7981B 1
-5 3.51 -4 F78E00 1
-5 3.51 10 F79621 1
-5 5.51 -5 F78600 1
-5 5.51 11 EF9016 1
-5 6.51 -6 F78A21 1
-5 6.51 12 F18A0D 1
-5 11.51 -6 F79218 1
-5 11.51 12 EF7500 1
-5 14.51 -3 EF8E29 1
-5 14.51 9 F18408 1
-5 14.51 -1 EF9629 1
-5 14.51 0 EF8618 1
-5 14.51 1 EC8331 1
-5 14.51 2 EF9242 1
-5 14.51 3 EC8831 1
-5 14.51 4 EF8200 1
-5 14.51 5 EF8A10 1
-5 14.51 6 F18102 1
-5 14.51 7 EF9A08 1
-4 1.51 -2 F79A1B 1
-4 0.51 -1 F49D1B 1
-4 0.51 0 F79C20 1
-4 0.51 1 F7930D 1
-4 0.51 2 F78E00 1
-4 0.51 4 F79A00 1
-4 0.51 5 F79E29 1
-4 0.51 6 F79B13 1
-4 0.51 7 F79E2B 1
-4 1.51 8 F79618 1
-4 4.51 -6 F79A00 1
-4 4.51 12 F48C05 1
-4 7.51 -6 F78A08 1
-4 7.51 12 EF8A21 1
-4 8.51 -7 F48A10 1
-4 8.51 13 EF810B 1
-4 9.51 -7 F78A10 1
-4 9.51 13 EF8A10 1
-4 10.51 -6 F78E10 1
-4 10.51 12 EF8808 1
-4 12.51 -6 F78E10 1
-4 12.51 12 EF8505 1
-4 13.51 -4 EFA652 1
-4 13.51 10 EC7800 1
-4 14.51 -2 EF8208 1
-4 14.51 -1 F79610 1
-4 14.51 0 E98A26 1
-4 14.51 1 EF870B 1
-4 14.51 2 EF8600 1
-4 14.51 3 E38731 1
-4 14.51 4 EF9200 1
-4 14.51 5 EF890A 1
-4 14.51 6 EF8205 1
-4 14.51 7 EF8205 1
-4 14.51 8 EF8002 1
-3 2.51 -5 F79A31 1
-3 1.51 -4 F79F33 1
-3 1.51 -3 F79F20 1
-3 0.51 -2 F7961B 1
-3 0.51 -1 F7981B 1
-3 0.51 0 F79E29 1
-3 0.51 3 F78F02 1
-3 0.51 6 F79708 1
-3 0.51 7 F79713 1
-3 0.51 8 F79639 1
-3 1.51 9 F79C31 1
-3 1.51 10 F79200 1
-3 2.51 11 F19026 1
3 0.51 2 F79B05 1
4 0.51 3 F79602 1
3 0.51 4 F79C0B 1
-3 3.51 -6 F78E00 1
-3 3.51 12 EF9239 1
-3 5.51 -6 F18700 1
-3 5.51 12 F18E18 1
-3 6.51 -7 F18A08 1
-3 6.51 13 EF8A26 1
-3 7.51 -7 F78A00 1
-3 7.51 13 EF8A1B 1
-3 8.51 -7 F78705 1
-3 8.51 13 F18508 1
-3 9.51 -7 F78505 1
-3 9.51 13 F18508 1
-3 10.51 -7 F78600 1
-3 10.51 13 EF7900 1
-3 11.51 -6 F7A652 1
-3 11.51 12 EF7908 1
-3 13.51 -5 F78A00 1
-3 13.51 11 E97C0B 1
-3 14.51 -4 F78600 1
-3 14.51 10 E76900 1
-3 14.51 -3 EF8600 1
-3 14.51 -2 EF870B 1
-3 14.51 -1 EF8510 1
-3 14.51 0 F79608 1
-3 14.51 1 EF8710 1
-3 14.51 2 EF8200 1
-3 14.51 3 E78210 1
-3 14.51 4 EF840D 1
-3 14.51 5 EF7900 1
-3 14.51 6 EF7900 1
-3 14.51 7 EF8200 1
-3 14.51 8 E97C02 1
-3 14.51 9 EF7C00 1
-2 3.51 -6 F78E05 1
-2 1.51 -4 F7A43F 1
-2 1.51 -3 F7A020 1
-2 0.51 -2 F7A31B 1
-2 0.51 -1 F7A239 1
-2 0.51 1 EF9208 1
-2 0.51 2 EF9010 1
-2 0.51 3 F79605 1
-2 0.51 4 F79610 1
-2 0.51 5 F19318 1
-2 0.51 7 F79710 1
-2 0.51 8 F49A23 1
-2 1.51 9 F79C3F 1
-2 1.51 10 F79A37 1
-2 3.51 12 F78E00 1
3 0.51 1 F7A208 1
3 0.51 5 F79E21 1
-2 4.51 -6 F79610 1
-2 4.51 12 EF9A42 1
-2 5.51 -7 F78A00 1
-2 5.51 13 F18A05 1
-2 6.51 -7 F79600 1
-2 6.51 13 F48F08 1
-2 7.51 -7 F78400 1
-2 7.51 13 EF8B10 1
-2 10.51 -7 EF8200 1
-2 10.51 13 EF8610 1
-2 11.51 -7 F48F10 1
-2 11.51 13 EF800D 1
-2 12.51 -6 F79610 1
-2 12.51 12 E98526 1
-2 13.51 -6 F78E18 1
-2 13.51 12 E9800A 1
-2 13.51 -5 F78600 1
-2 14.51 5 CB7105 1
-2 14.51 1 EF7D08 1
-2 13.51 11 EC7A05 1
-2 14.51 -3 EF8E18 1
-2 14.51 -2 EF8618 1
-2 14.51 -1 EF871B 1
-2 14.51 0 EF881B 1
-2 14.51 6 EF7900 1
-2 14.51 7 EC7F00 1
-2 14.51 8 EF8600 1
-2 14.51 9 EF8A00 1
-1 2.51 -5 F7A64A 1
-1 1.51 -4 F79E39 1
-1 0.51 -3 F79A23 1
-1 0.51 -2 F79716 1
-1 0.51 -1 F79608 1
-1 0.51 0 F49210 1
-1 0.51 1 F79210 1
-1 0.51 2 EF8600 1
-1 0.51 3 F18C08 1
-1 0.51 4 F18A05 1
-1 0.51 5 EF8600 1
-1 0.51 6 F1972C 1
-1 0.51 7 F79A21 1
-1 0.51 8 F79618 1
-1 0.51 9 F7A43C 1
-1 1.51 10 F7A33E 1
-1 2.51 11 F79610 1
2 0.51 0 F79A00 1
2 0.51 6 F79600 1
-1 4.51 -6 F79A21 1
-1 4.51 12 F78F1B 1
-1 5.51 -7 F79A26 1
-1 5.51 13 F18A05 1
-1 8.51 -7 EF7900 1
-1 8.51 13 F48900 1
-1 9.51 -7 F48805 1
-1 9.51 13 EF7D00 1
-1 11.51 -7 F48B08 1
-1 11.51 13 EF7900 1
-1 12.51 -6 F78505 1
-1 12.51 12 EF7908 1
-1 13.51 -6 F78B10 1
-1 13.51 12 F1820D 1
-1 14.51 -4 F48A0A 1
-1 13.51 -5 F18716 1
-1 14.51 1 5A3E08 1
-1 14.51 0 E17905 1
3 14.51 2 D67205 1
-1 14.51 6 DE8200 1
3 14.51 3 DE7908 1
3 14.51 4 CB6D10 1
-1 14.51 5 835002 1
-1 13.51 11 F48908 1
-1 14.51 10 E97D10 1
-1 14.51 -3 EF870B 1
-1 14.51 -2 EF8105 1
-1 14.51 -1 EF8200 1
-1 14.51 2 392C08 1
-1 14.51 3 393008 1
-1 14.51 4 4A4108 1
-1 14.51 7 E97B02 1
-1 14.51 8 E77900 1
-1 14.51 9 E97602 1
0 5.51 -7 F78C10 1
0 3.51 -6 F79726 1
0 2.51 -5 F7A33E 1
0 0.51 -3 F7A036 1
0 0.51 -2 F78E00 1
0 0.51 -1 F79A18 1
0 0.51 0 EF8B08 1
0 0.51 1 EF8600 1
0 0.51 2 F79A18 1
0 0.51 3 FFB208 1
0 0.51 4 F78E10 1
0 0.51 5 EF8E10 1
0 0.51 6 F79A18 1
0 0.51 7 F79813 1
0 0.51 8 F79A20 1
0 0.51 9 F7A33E 1
0 2.51 11 F7A341 1
0 3.51 12 F7961B 1
0 5.51 13 F78200 1
0 4.51 -7 F7941E 1
0 4.51 13 F78C0D 1
0 6.51 -7 F78600 1
0 6.51 13 F78200 1
0 7.51 -7 F78502 1
0 7.51 13 F78E00 1
0 8.51 -7 F78400 1
0 8.51 13 F47E05 1
0 9.51 -7 F78400 1
0 9.51 13 F1840A 1
0 10.51 -7 F18200 1
0 10.51 13 EF9239 1
0 12.51 -7 F78402 1
0 12.51 13 EF8205 1
0 13.51 -6 F1850A 1
0 13.51 12 EF840B 1
0 14.51 -4 EF870B 1
0 14.51 -5 EF8A21 1
0 14.51 1 473502 1
0 14.51 0 D67108 1
0 14.51 6 E78208 1
0 14.51 5 5D500D 1
0 14.51 11 F1800A 1
0 14.51 10 F1800A 1
0 14.51 -3 EF8008 1
0 14.51 -2 EF7900 1
0 14.51 -1 E97D0B 1
0 14.51 2 4F3B05 1
0 14.51 4 4A3C08 1
0 15.51 4 44390A 1
0 14.51 7 EF8505 1
0 14.51 8 E78229 1
0 14.51 9 EF7D00 1
0 16.51 1 4A3808 1
0 16.51 3 635510 1
0 18.51 2 523400 1
1 6.51 -7 F18805 1
1 3.51 -6 F7A64A 1
1 2.51 -5 F7AA6B 1
1 1.51 -4 F79E2E 1
1 0.51 -3 F19E54 1
1 0.51 -2 F79600 1
1 0.51 -1 F79600 1
1 0.51 0 F7961B 1
1 0.51 1 F78E05 1
1 0.51 2 EF8200 1
1 0.51 3 F18E08 1
1 0.51 4 F79A21 1
1 0.51 5 F79208 1
1 0.51 6 F79618 1
1 0.51 7 F7A41B 1
1 0.51 8 F7A02B 1
1 0.51 9 F7A43C 1
1 1.51 10 F7A749 1
1 2.51 11 F79810 1
1 3.51 12 F7970D 1
1 6.51 13 EF7900 1
1 17.51 1 635910 1
1 16.51 2 5A4D10 1
1 4.51 -6 F79208 1
1 4.51 12 F79410 1
1 5.51 -7 EF9229 1
1 5.51 13 F79016 1
1 7.51 -7 F18805 1
1 7.51 13 F18402 1
1 8.51 -7 F18100 1
1 8.51 13 F18605 1
1 9.51 -7 EF8205 1
1 9.51 13 F17E02 1
1 10.51 -7 F77500 1
1 10.51 13 F18408 1
1 11.51 -7 EF7D00 1
1 11.51 13 F48C0A 1
1 12.51 -6 EF8705 1
1 12.51 12 F48708 1
1 13.51 -6 EF8613 1
1 13.51 12 F18810 1
1 14.51 -4 F4840D 1
1 13.51 -5 EF8308 1
1 14.51 1 6B6110 1
1 14.51 0 CE6900 1
1 14.51 6 E67B02 1
1 14.51 5 6D4A05 1
1 13.51 11 F1840D 1
1 14.51 10 F18210 1
1 14.51 -3 EF800A 1
1 14.51 -2 EF7D00 1
1 14.51 -1 E18331 1
1 14.51 2 52450A 1
1 14.51 3 393408 1
1 15.51 3 413C0A 1
1 14.51 4 7B7518 1
1 14.51 7 EF8200 1
1 14.51 8 E77500 1
1 14.51 9 EF7D08 1
1 16.51 3 423408 1
1 17.51 3 473908 1
1 17.51 2 65532C 1
2 9.51 -7 F78A00 1
2 3.51 -6 F4931B 1
2 2.51 -5 F79618 1
2 1.51 -4 F79A3C 1
2 1.51 -3 F79B1B 1
2 0.51 -2 F79816 1
2 0.51 -1 F79C08 1
2 0.51 1 F79805 1
2 0.51 2 F79200 1
2 0.51 3 EF9316 1
2 0.51 4 F79B1B 1
2 0.51 5 F19A15 1
2 0.51 7 F79A18 1
2 0.51 8 F79C18 1
2 1.51 9 F7B263 1
2 1.51 10 F7971D 1
2 2.51 11 F79320 1
2 3.51 12 F78B02 1
2 9.51 13 F48300 1
2 4.51 -6 F79208 1
2 4.51 12 F78A00 1
2 5.51 -7 EF8600 1
2 5.51 13 F78D00 1
2 6.51 -7 F18C0B 1
2 6.51 13 F78D00 1
2 7.51 -7 EF8A00 1
2 7.51 13 F18405 1
2 8.51 -7 F78A00 1
2 8.51 13 EF7D00 1
2 10.51 -7 EF8608 1
2 10.51 13 F18408 1
2 11.51 -7 EF8208 1
2 11.51 13 F78505 1
2 12.51 -6 EF9221 1
2 12.51 12 F78E10 1
2 13.51 -6 EF8610 1
2 13.51 12 EF8200 1
2 14.51 -4 E97C08 1
2 13.51 -5 EF8610 1
2 14.51 2 4A4510 1
2 14.51 3 58500D 1
2 14.51 4 5D470A 1
2 13.51 11 F78F0A 1
2 14.51 10 F18608 1
2 14.51 -3 EF7500 1
2 14.51 -2 EC7D05 1
2 14.51 -1 E37400 1
2 14.51 0 E77100 1
2 14.51 6 EC7F05 1
2 14.51 7 E77702 1
2 14.51 8 EF7902 1
2 14.51 9 EF8605 1
2 17.51 2 524508 1
3 4.51 -6 EF8A00 1
3 2.51 -5 F7920D 1
3 1.51 -4 F7A639 1
3 1.51 -3 F7A242 1
3 0.51 -2 F79E39 1
3 0.51 -1 F79E31 1
3 0.51 0 F79F0B 1
3 0.51 3 F79A00 1
3 0.51 6 FFBA42 1
3 0.51 7 F79A1B 1
3 0.51 8 F79E28 1
3 1.51 9 F7A22E 1
3 1.51 10 F79B31 1
3 2.51 11 F78A00 1
3 4.51 12 F78D05 1
3 3.51 -6 F7920D 1
3 3.51 12 F78600 1
3 5.51 -6 EF8C1E 1
3 5.51 12 F78A05 1
3 6.51 -7 F18C0B 1
3 6.51 13 F78E10 1
3 7.51 -7 EF8C13 1
3 7.51 13 F79210 1
3 8.51 -7 F18105 1
3 8.51 13 F78E08 1
3 9.51 -7 F79210 1
3 9.51 13 F78600 1
3 10.51 -7 EF7D00 1
3 10.51 13 F7870A 1
3 11.51 -6 EF7D08 1
3 11.51 12 F78600 1
3 12.51 -6 E78229 1
3 12.51 12 F79013 1
3 13.51 -5 EC7E0D 1
3 13.51 11 F1983C 1
3 14.51 -4 E77100 1
3 14.51 10 F19431 1
3 14.51 -3 EC7F05 1
3 14.51 -2 EC7C00 1
3 14.51 -1 EF8A00 1
3 14.51 0 EF8600 1
3 14.51 1 EF7900 1
3 14.51 5 EF8108 1
3 14.51 6 E98310 1
3 14.51 7 EF8516 1
3 14.51 8 EF8726 1
3 14.51 9 EF9034 1
4 5.51 -6 F18A08 1
4 3.51 -5 F7940B 1
4 2.51 -4 F79C26 1
4 1.51 -3 F79208 1
4 1.51 -2 F79C26 1
4 0.51 -1 F79B20 1
4 0.51 0 F7A24A 1
4 0.51 1 F7A24A 1
4 0.51 2 F7A213 1
4 0.51 4 F79600 1
4 0.51 5 F7A226 1
4 0.51 6 F7A216 1
4 0.51 7 FFBE21 1
4 1.51 8 F7A012 1
4 1.51 9 F79E16 1
4 2.51 10 F79A00 1
4 3.51 11 F78E02 1
4 5.51 12 F78E18 1
4 4.51 -6 EF8600 1
4 4.51 12 F78B18 1
4 6.51 -6 EF8200 1
4 6.51 12 F48F0D 1
4 7.51 -6 EF8213 1
4 7.51 12 F78E1E 1
4 8.51 -7 EF8213 1
4 8.51 13 F78805 1
4 9.51 -7 EF7508 1
4 9.51 13 F78A08 1
4 10.51 -6 EF8410 1
4 10.51 12 F78600 1
4 11.51 -6 EF7D0A 1
4 11.51 12 F79210 1
4 12.51 -6 E97402 1
4 12.51 12 F78600 1
4 13.51 -5 EF800D 1
4 13.51 11 F78E10 1
4 14.51 -3 EF7100 1
4 13.51 -4 EC8105 1
4 13.51 10 F78B05 1
4 14.51 9 EF8716 1
4 14.51 -2 EC8302 1
4 14.51 -1 E78221 1
4 14.51 0 EF8705 1
4 14.51 1 EF7900 1
4 14.51 2 EF7900 1
4 14.51 3 EF8210 1
4 14.51 4 E97D08 1
4 14.51 5 EF8805 1
4 14.51 6 EC870B 1
4 14.51 7 F78A18 1
4 14.51 8 EF851B 1
5 4.51 -5 F79A08 1
5 2.51 -4 F79200 1
5 1.51 -3 F7A231 1
5 1.51 -2 F79B16 1
5 1.51 -1 F79A18 1
5 0.51 0 F79E31 1
5 0.51 1 F79C2B 1
5 0.51 2 F7A62E 1
5 0.51 3 F79E26 1
5 0.51 4 F7A200 1
5 0.51 5 F7A213 1
5 0.51 6 F79A00 1
5 1.51 7 F79C10 1
5 1.51 8 FFB229 1
5 1.51 9 F7A220 1
5 2.51 10 F7A239 1
5 4.51 11 F79A29 1
5 3.51 -4 F78A00 1
5 3.51 10 F79E18 1
5 5.51 -5 F19010 1
5 5.51 11 F78E1B 1
5 6.51 -6 EF8200 1
5 6.51 12 F7881B 1
5 7.51 -6 EF9A21 1
5 7.51 12 F78B18 1
5 8.51 -6 EF7100 1
5 8.51 12 F7880B 1
5 9.51 -6 EF8A18 1
5 9.51 12 F78A00 1
5 10.51 -6 EF7500 1
5 10.51 12 F78E0D 1
5 11.51 -6 EF7D00 1
5 11.51 12 F78F10 1
5 12.51 -5 EC7B05 1
5 12.51 11 F49628 1
5 13.51 -4 EF9208 1
5 13.51 10 EF8A10 1
5 14.51 -2 F18B08 1
5 14.51 -3 EF8905 1
5 14.51 9 EF8B1E 1
5 14.51 8 EF8210 1
5 14.51 -1 EF8805 1
5 14.51 0 F18205 1
5 14.51 1 EF8600 1
5 14.51 2 EF8108 1
5 14.51 3 EF7D00 1
5 14.51 4 E98A2C 1
5 14.51 5 EF8A00 1
5 14.51 6 EC830D 1
5 14.51 7 EF861B 1
6 6.51 -5 F48F10 1
6 3.51 -4 F7960B 1
6 2.51 -3 F7941B 1
6 1.51 -2 F7940D 1
6 1.51 -1 F7A642 1
6 1.51 0 F7A242 1
6 1.51 1 F7971B 1
6 0.51 2 F79A08 1
6 0.51 3 F7A244 1
6 0.51 4 F7A23C 1
6 1.51 5 F79E23 1
6 1.51 6 F7A208 1
6 1.51 7 F79E08 1
6 1.51 8 F79E29 1
6 2.51 9 F7AE39 1
6 3.51 10 F7A239 1
6 6.51 11 F49223 1
6 4.51 -4 F7900B 1
6 4.51 10 F79C28 1
6 5.51 -5 F78A00 1
6 5.51 11 F79828 1
6 7.51 -5 EF9629 1
6 7.51 11 F1871E 1
6 8.51 -5 EF7E05 1
6 8.51 11 F48C1E 1
6 9.51 -5 EF9A21 1
6 9.51 11 F78B12 1
6 10.51 -5 EF7D00 1
6 10.51 11 F79229 1
6 11.51 -5 EF8100 1
6 11.51 11 F78A10 1
6 12.51 -4 EF7500 1
6 12.51 10 EF8E10 1
6 13.51 -4 EF7508 1
6 13.51 10 EF8A13 1
6 14.51 -1 EF8621 1
6 13.51 -3 F18108 1
6 14.51 -2 F18408 1
6 14.51 8 EF8608 1
6 14.51 7 EF8F3E 1
6 13.51 9 EF9E31 1
6 14.51 0 EF9A08 1
6 14.51 1 EF8505 1
6 14.51 2 EF8600 1
6 14.51 3 EF9610 1
6 14.51 4 EF8E39 1
6 14.51 5 EF964A 1
6 14.51 6 E78239 1
7 5.51 -4 F79A10 1
7 3.51 -3 F79E21 1
7 2.51 -2 F79B1B 1
7 2.51 -1 F79823 1
7 1.51 0 F79315 1
7 1.51 1 F7961B 1
7 1.51 2 F79618 1
7 1.51 3 F79720 1
7 1.51 4 F79F39 1
7 1.51 5 F79F29 1
7 1.51 6 F7A608 1
7 2.51 7 F79F1D 1
7 2.51 8 F7A01E 1
7 3.51 9 F79826 1
7 5.51 10 F79E31 1
7 4.51 -4 F7930B 1
7 4.51 10 F4982B 1
7 6.51 -4 F49305 1
7 6.51 10 F4941B 1
7 7.51 -4 F18C0B 1
7 7.51 10 F79A18 1
7 8.51 -5 F18C0B 1
7 8.51 11 F7930B 1
7 9.51 -5 EF9210 1
7 9.51 11 F19008 1
7 10.51 -4 F18902 1
7 10.51 10 C58831 1
7 11.51 -4 F49505 1
7 11.51 10 EF8A00 1
7 12.51 -3 F18205 1
7 12.51 9 EF8C18 1
7 13.51 -2 EF8205 1
7 13.51 -3 EF8C0A 1
7 13.51 9 EF8810 1
7 13.51 8 EF8F20 1
7 14.51 1 F18500 1
7 13.51 -1 EF8B08 1
7 14.51 0 F18B00 1
7 14.51 6 EF8600 1
7 14.51 5 EF8600 1
7 13.51 7 EF8C1B 1
7 14.51 2 EF8200 1
7 14.51 3 EF8A0D 1
7 14.51 4 EF8A18 1
8 6.51 -3 F49010 1
8 4.51 -2 F78F13 1
8 3.51 -1 F7921B 1
8 2.51 0 F79315 1
8 2.51 1 EF9A42 1
8 2.51 2 F79E39 1
8 2.51 3 F1983C 1
8 2.51 4 F7A642 1
8 2.51 5 F79E4A 1
8 2.51 6 F79E18 1
8 3.51 7 F79B20 1
8 4.51 8 F79600 1
8 6.51 9 F79200 1
7 3.51 -2 F79E21 1
7 3.51 8 F7A210 1
7 4.51 -3 F7930B 1
7 4.51 9 F7AA08 1
8 5.51 -3 F4941B 1
8 5.51 9 F79A0B 1
8 7.51 -3 F49202 1
8 7.51 9 F78A00 1
8 8.51 -3 F18602 1
8 8.51 -4 F18602 1
8 8.51 10 F78A00 1
8 8.51 9 F79600 1
8 9.51 -3 F18500 1
8 9.51 -4 EF8A00 1
8 9.51 10 F7A610 1
8 9.51 9 F79200 1
8 10.51 -3 EF7900 1
8 10.51 9 F49305 1
8 11.51 -3 F18500 1
8 11.51 9 F79E10 1
8 12.51 -2 F18502 1
8 12.51 8 EF8A00 1
8 13.51 -1 EF7908 1
8 13.51 7 EF8A00 1
8 13.51 0 F48F02 1
8 13.51 1 F49408 1
8 13.51 2 EF8208 1
8 14.51 3 EF860B 1
8 13.51 4 F49A10 1
8 13.51 5 EF9A39 1
8 13.51 6 EF8A18 1
9 5.51 -1 F4900B 1
9 4.51 0 EF9242 1
9 3.51 1 EF8F1D 1
9 3.51 2 F79623 1
9 3.51 3 F78E21 1
9 3.51 4 F79A18 1
9 3.51 5 F7982E 1
9 4.51 6 F79618 1
9 5.51 7 F7970D 1
9 3.51 0 F19231 1
9 3.51 6 F7A334 1
9 4.51 -1 F48E1D 1
9 4.51 7 F79605 1
8 5.51 -2 F18F0D 1
8 5.51 8 F79200 1
9 6.51 -1 EF8A00 1
9 6.51 -2 EF9216 1
9 6.51 8 F18C05 1
9 6.51 7 F19205 1
9 7.51 -2 F49508 1
9 7.51 8 EF8600 1
9 8.51 -2 F49508 1
9 8.51 8 F19426 1
9 9.51 -2 F18F05 1
9 9.51 8 F19842 1
9 10.51 -2 F18800 1
9 10.51 8 EF8E00 1
9 11.51 -1 F49700 1
9 11.51 -2 F79600 1
9 11.51 8 EF8A00 1
9 11.51 7 F49505 1
9 12.51 0 F48C05 1
9 12.51 -1 EF7900 1
9 12.51 6 EF8A00 1
9 12.51 7 EF8C16 1
9 12.51 1 F18B02 1
9 13.51 1 F79E08 1
9 13.51 2 F18408 1
9 13.51 3 F49305 1
9 13.51 4 EF9010 1
9 12.51 5 EF8A42 1
9 13.51 5 EF9A5A 1
10 9.51 1 F49305 1
10 6.51 2 EC933C 1
10 5.51 3 F78E10 1
10 6.51 4 EF8E21 1
10 9.51 5 EF8A00 1
9 4.51 1 EF9A39 1
9 4.51 2 F49320 1
10 4.51 3 F79326 1
9 4.51 4 F19328 1
9 4.51 5 F49723 1
9 5.51 0 EF8A00 1
10 5.51 1 EF8C1B 1
10 5.51 2 F79600 1
10 5.51 4 F78E29 1
10 5.51 5 F79A20 1
9 5.51 6 F79A29 1
10 6.51 0 EF8713 1
10 6.51 1 EF881E 1
10 6.51 5 F79405 1
10 6.51 6 EF8600 1
10 7.51 2 F78600 1
9 7.51 -1 EF8E00 1
10 7.51 0 EF9231 1
10 7.51 1 EF8C2E 1
10 7.51 5 EF8208 1
10 7.51 4 F48B0B 1
10 7.51 6 F7A210 1
9 7.51 7 F78A00 1
10 8.51 1 EF8A08 1
10 8.51 -1 F49508 1
10 8.51 0 EF8A00 1
10 8.51 5 F48F0A 1
10 8.51 6 EF8A00 1
10 8.51 7 F49818 1
10 9.51 -1 F18A02 1
10 9.51 0 F49305 1
10 9.51 6 EF8A00 1
10 9.51 7 EF8A00 1
10 10.51 2 EF7900 1
9 10.51 -1 F49205 1
10 10.51 0 F79600 1
10 10.51 1 F18500 1
10 10.51 5 EF8200 1
10 10.51 4 EF8C20 1
10 10.51 6 EF8600 1
9 10.51 7 EF8200 1
10 11.51 3 EF8202 1
9 11.51 0 F49300 1
10 11.51 1 F18500 1
10 11.51 2 EF9608 1
10 11.51 4 F18B08 1
10 11.51 5 EF8608 1
9 11.51 6 EF8600 1
9 12.51 2 F48F08 1
10 12.51 3 F18608 1
9 12.51 4 EF8A00 1
10 6.51 3 EF9216 1
10 7.51 3 F78A00 1
10 8.51 2 F19216 1
10 8.51 3 EF8600 1
10 8.51 4 EF8200 1
10 9.51 2 EF8505 1
10 9.51 3 EF924A 1
10 9.51 4 EF8613 1
10 10.51 3 EF8A00 1
