-5.04 0.25 -4.820001 BCBA9C 1.2
-5.04 0.25 -3.56 BCBA9C 1.2
-5.04 0.25 -2.3 BCBA9C 1.2
-5.04 0.25 -1.04 BCBA9C 1.2
-5.04 0.25 0.2199998 BCBA9C 1.2
-5.04 0.25 1.48 BCBA9C 1.2
-5.04 0.25 2.74 BCBA9C 1.2
-5.04 0.25 4 BCBA9C 1.2
-5.04 0.25 5.26 BCBA9C 1.2
-5.04 0.25 6.52 BCBA9C 1.2
-5.04 0.25 7.78 BCBA9C 1.2
-5.04 0.25 9.04 BCBA9C 1.2
-5.04 0.25 10.3 BCBA9C 1.2
-5.04 0.25 11.56 BCBA9C 1.2
-5.04 0.25 12.82 BCBA9C 1.2
-5.04 1.51 -4.820001 BCBA9C 1.2
-5.04 1.51 -3.56 BCBA9C 1.2
-5.04 1.51 -2.3 BCBA9C 1.2
-5.04 1.51 -1.04 BCBA9C 1.2
-5.04 1.51 0.2199998 BCBA9C 1.2
-5.04 1.51 1.48 BCBA9C 1.2
-5.04 1.51 2.74 BCBA9C 1.2
-5.04 1.51 4 BCBA9C 1.2
-5.04 1.51 5.26 BCBA9C 1.2
-5.04 1.51 6.52 BCBA9C 1.2
-5.04 1.51 7.78 BCBA9C 1.2
-5.04 1.51 9.04 BCBA9C 1.2
-5.04 1.51 10.3 BCBA9C 1.2
-5.04 1.51 11.56 BCBA9C 1.2
-5.04 1.51 12.82 BCBA9C 1.2
-5.04 2.77 -4.820001 BCBA9C 1.2
-5.04 2.77 -3.56 BCBA9C 1.2
-5.04 2.77 -2.3 BCBA9C 1.2
-5.04 2.77 -1.04 BCBA9C 1.2
-5.04 2.77 0.2199998 BCBA9C 1.2
-5.04 2.77 1.48 BCBA9C 1.2
-5.04 2.77 2.74 BCBA9C 1.2
-5.04 2.77 4 BCBA9C 1.2
-5.04 2.77 5.26 BCBA9C 1.2
-5.04 2.77 6.52 BCBA9C 1.2
-5.04 2.77 7.78 BCBA9C 1.2
-5.04 2.77 9.04 BCBA9C 1.2
-5.04 2.77 10.3 BCBA9C 1.2
-5.04 2.77 11.56 BCBA9C 1.2
-5.04 2.77 12.82 BCBA9C 1.2
-5.04 4.03 -4.820001 BCBA9C 1.2
-5.04 4.03 -3.56 BCBA9C 1.2
-5.04 4.03 -2.3 BCBA9C 1.2
-5.04 4.03 -1.04 BCBA9C 1.2
-5.04 4.03 0.2199998 BCBA9C 1.2
-5.04 4.03 1.48 BCBA9C 1.2
-5.04 4.03 2.74 BCBA9C 1.2
-5.04 4.03 4 BCBA9C 1.2
-5.04 4.03 5.26 BCBA9C 1.2
-5.04 4.03 6.52 BCBA9C 1.2
-5.04 4.03 7.78 BCBA9C 1.2
-5.04 4.03 9.04 BCBA9C 1.2
-5.04 4.03 10.3 BCBA9C 1.2
-5.04 4.03 11.56 BCBA9C 1.2
-5.04 4.03 12.82 BCBA9C 1.2
-5.04 5.29 -4.820001 BCBA9C 1.2
-5.04 5.29 -3.56 BCBA9C 1.2
-5.04 5.29 -2.3 BCBA9C 1.2
-5.04 5.29 -1.04 BCBA9C 1.2
-5.04 5.29 0.2199998 BCBA9C 1.2
-5.04 5.29 1.48 BCBA9C 1.2
-5.04 5.29 2.74 BCBA9C 1.2
-5.04 5.29 4 BCBA9C 1.2
-5.04 5.29 5.26 BCBA9C 1.2
-5.04 5.29 6.52 BCBA9C 1.2
-5.04 5.29 7.78 BCBA9C 1.2
-5.04 5.29 9.04 BCBA9C 1.2
-5.04 5.29 10.3 BCBA9C 1.2
-5.04 5.29 11.56 BCBA9C 1.2
-5.04 5.29 12.82 BCBA9C 1.2
-5.04 6.55 -4.820001 BCBA9C 1.2
-5.04 6.55 -3.56 BCBA9C 1.2
-5.04 6.55 -2.3 BCBA9C 1.2
-5.04 6.55 -1.04 BCBA9C 1.2
-5.04 6.55 0.2199998 BCBA9C 1.2
-5.04 6.55 1.48 BCBA9C 1.2
-5.04 6.55 2.74 BCBA9C 1.2
-5.04 6.55 4 BCBA9C 1.2
-5.04 6.55 5.26 BCBA9C 1.2
-5.04 6.55 6.52 BCBA9C 1.2
-5.04 6.55 7.78 BCBA9C 1.2
-5.04 6.55 9.04 BCBA9C 1.2
-5.04 6.55 10.3 BCBA9C 1.2
-5.04 6.55 11.56 BCBA9C 1.2
-5.04 6.55 12.82 BCBA9C 1.2
-5.04 7.81 -4.820001 BCBA9C 1.2
-5.04 7.81 -3.56 BCBA9C 1.2
-5.04 7.81 -2.3 BCBA9C 1.2
-5.04 7.81 -1.04 BCBA9C 1.2
-5.04 7.81 0.2199998 BCBA9C 1.2
-5.04 7.81 1.48 BCBA9C 1.2
-5.04 7.81 2.74 BCBA9C 1.2
-5.04 7.81 4 BCBA9C 1.2
-5.04 7.81 5.26 BCBA9C 1.2
-5.04 7.81 6.52 BCBA9C 1.2
-5.04 7.81 7.78 BCBA9C 1.2
-5.04 7.81 9.04 BCBA9C 1.2
-5.04 7.81 10.3 BCBA9C 1.2
-5.04 7.81 11.56 BCBA9C 1.2
-5.04 7.81 12.82 BCBA9C 1.2
-5.04 9.070001 -4.820001 BCBA9C 1.2
-5.04 9.070001 -3.56 BCBA9C 1.2
-5.04 9.070001 -2.3 BCBA9C 1.2
-5.04 9.070001 -1.04 BCBA9C 1.2
-5.04 9.070001 0.2199998 BCBA9C 1.2
-5.04 9.070001 1.48 BCBA9C 1.2
-5.04 9.070001 2.74 BCBA9C 1.2
-5.04 9.070001 4 BCBA9C 1.2
-5.04 9.070001 5.26 BCBA9C 1.2
-5.04 9.070001 6.52 BCBA9C 1.2
-5.04 9.070001 7.78 BCBA9C 1.2
-5.04 9.070001 9.04 BCBA9C 1.2
-5.04 9.070001 10.3 BCBA9C 1.2
-5.04 9.070001 11.56 BCBA9C 1.2
-5.04 9.070001 12.82 BCBA9C 1.2
-3.78 10.33 -4.820001 CC5E4A 1.2
-3.78 10.33 -3.56 CC5E4A 1.2
-3.78 10.33 -2.3 CC5E4A 1.2
-3.78 10.33 -1.04 CC5E4A 1.2
-3.78 10.33 0.2199998 CC5E4A 1.2
-3.78 10.33 1.48 CC5E4A 1.2
-3.78 10.33 2.74 CC5E4A 1.2
-3.78 10.33 4 CC5E4A 1.2
-3.78 10.33 5.26 CC5E4A 1.2
-3.78 10.33 6.52 CC5E4A 1.2
-3.78 10.33 7.78 CC5E4A 1.2
-3.78 10.33 9.04 CC5E4A 1.2
-3.78 10.33 10.3 CC5E4A 1.2
-3.78 10.33 11.56 CC5E4A 1.2
-3.78 10.33 12.82 CC5E4A 1.2
-2.52 11.59 -4.820001 CC5E4A 1.2
-2.52 11.59 -3.56 CC5E4A 1.2
-2.52 11.59 -2.3 CC5E4A 1.2
-2.52 11.59 -1.04 CC5E4A 1.2
-2.52 11.59 0.2199998 CC5E4A 1.2
-2.52 11.59 1.48 CC5E4A 1.2
-2.52 11.59 2.74 CC5E4A 1.2
-2.52 11.59 4 CC5E4A 1.2
-2.52 11.59 5.26 CC5E4A 1.2
-2.52 11.59 6.52 CC5E4A 1.2
-2.52 11.59 7.78 CC5E4A 1.2
-2.52 11.59 9.04 CC5E4A 1.2
-2.52 11.59 10.3 CC5E4A 1.2
-2.52 11.59 11.56 CC5E4A 1.2
-2.52 11.59 12.82 CC5E4A 1.2
0 12.85 -4.820001 CC5E4A 1.2
0 12.85 -3.56 CC5E4A 1.2
0 12.85 -2.3 CC5E4A 1.2
0 12.85 -1.04 CC5E4A 1.2
0 12.85 0.2199998 CC5E4A 1.2
0 12.85 1.48 CC5E4A 1.2
0 12.85 2.74 CC5E4A 1.2
0 12.85 4 CC5E4A 1.2
0 12.85 5.26 CC5E4A 1.2
0 12.85 6.52 CC5E4A 1.2
0 12.85 7.78 CC5E4A 1.2
0 12.85 9.04 CC5E4A 1.2
0 12.85 10.3 CC5E4A 1.2
0 12.85 11.56 CC5E4A 1.2
0 12.85 12.82 CC5E4A 1.2
-5.04 0.25 -6.08 C6C5A7 1.2
-5.04 0.25 14.08 C6C5A7 1.2
-5.04 1.51 -6.08 C6C5A7 1.2
-5.04 1.51 14.08 C6C5A7 1.2
-5.04 2.77 -6.08 C6C5A7 1.2
-5.04 2.77 14.08 C6C5A7 1.2
-5.04 4.03 -6.08 C6C5A7 1.2
-5.04 4.03 14.08 C6C5A7 1.2
-5.04 5.29 -6.08 C6C5A7 1.2
-5.04 5.29 14.08 C6C5A7 1.2
-5.04 6.55 -6.08 C6C5A7 1.2
-5.04 6.55 14.08 C6C5A7 1.2
-5.04 7.81 -6.08 C6C5A7 1.2
-5.04 7.81 14.08 C6C5A7 1.2
-5.04 9.070001 -6.08 C6C5A7 1.2
5.04 9.070001 -4.820001 BCBA9C 1.2
5.04 9.070001 -3.56 BCBA9C 1.2
5.04 9.070001 -2.3 BCBA9C 1.2
5.04 9.070001 -1.04 BCBA9C 1.2
5.04 9.070001 0.2199998 BCBA9C 1.2
5.04 9.070001 1.48 BCBA9C 1.2
5.04 9.070001 2.74 BCBA9C 1.2
5.04 9.070001 4 BCBA9C 1.2
5.04 9.070001 5.26 BCBA9C 1.2
5.04 9.070001 6.52 BCBA9C 1.2
5.04 9.070001 7.78 BCBA9C 1.2
5.04 9.070001 9.04 BCBA9C 1.2
5.04 9.070001 10.3 BCBA9C 1.2
5.04 9.070001 11.56 BCBA9C 1.2
5.04 9.070001 12.82 BCBA9C 1.2
-5.04 9.070001 14.08 C6C5A7 1.2
-5.04 10.33 -4.820001 CC5E4A 1.2
-5.04 10.33 -3.56 CC5E4A 1.2
-5.04 10.33 -2.3 CC5E4A 1.2
-5.04 10.33 -1.04 CC5E4A 1.2
-5.04 10.33 0.2199998 CC5E4A 1.2
-5.04 10.33 1.48 CC5E4A 1.2
-5.04 10.33 2.74 CC5E4A 1.2
-5.04 10.33 4 CC5E4A 1.2
-5.04 10.33 5.26 CC5E4A 1.2
-5.04 10.33 6.52 CC5E4A 1.2
-5.04 10.33 7.78 CC5E4A 1.2
-5.04 10.33 9.04 CC5E4A 1.2
-5.04 10.33 10.3 CC5E4A 1.2
-5.04 10.33 11.56 CC5E4A 1.2
-5.04 10.33 12.82 CC5E4A 1.2
-3.78 0.25 -4.820001 B4503F 1.2
-3.78 0.25 14.08 C6C5A7 1.2
-3.78 1.51 -4.820001 B4503F 1.2
-3.78 1.51 14.08 C6C5A7 1.2
-3.78 2.77 -4.820001 B4503F 1.2
-3.78 2.77 14.08 C6C5A7 1.2
-3.78 4.03 -4.820001 B4503F 1.2
-3.78 4.03 14.08 C6C5A7 1.2
-3.78 5.29 -4.820001 B4503F 1.2
-3.78 5.29 14.08 C6C5A7 1.2
-3.78 6.55 -4.820001 B4503F 1.2
-3.78 6.55 14.08 C6C5A7 1.2
-3.78 7.81 -4.820001 B4503F 1.2
-3.78 7.81 14.08 C6C5A7 1.2
-3.78 9.070001 -6.08 C6C5A7 1.2
-3.78 9.070001 14.08 C6C5A7 1.2
-3.78 10.33 -6.08 C6C5A7 1.2
-3.78 10.33 14.08 C6C5A7 1.2
-2.52 0.25 -4.820001 B4503F 1.2
-2.52 0.25 14.08 C6C5A7 1.2
-2.52 1.51 -4.820001 B4503F 1.2
-2.52 1.51 14.08 C6C5A7 1.2
-2.52 2.77 -4.820001 B4503F 1.2
-2.52 2.77 14.08 C6C5A7 1.2
-2.52 4.03 -4.820001 B4503F 1.2
-2.52 4.03 14.08 C6C5A7 1.2
-2.52 5.29 -4.820001 B4503F 1.2
-2.52 5.29 14.08 C6C5A7 1.2
-2.52 6.55 -4.820001 B4503F 1.2
-2.52 6.55 14.08 C6C5A7 1.2
-2.52 7.81 -4.820001 B4503F 1.2
-2.52 7.81 14.08 C6C5A7 1.2
-2.52 9.070001 -6.08 C6C5A7 1.2
-2.52 9.070001 14.08 C6C5A7 1.2
-2.52 10.33 -6.08 C6C5A7 1.2
-2.52 10.33 14.08 C6C5A7 1.2
-1.26 0.25 -4.820001 B4503F 1.2
-1.26 0.25 14.08 C6C5A7 1.2
-1.26 1.51 -4.820001 B4503F 1.2
-1.26 1.51 14.08 C6C5A7 1.2
-1.26 2.77 -4.820001 B4503F 1.2
-1.26 2.77 14.08 C6C5A7 1.2
-1.26 4.03 -4.820001 B4503F 1.2
-1.26 4.03 14.08 C6C5A7 1.2
-1.26 5.29 -4.820001 B4503F 1.2
-1.26 5.29 14.08 C6C5A7 1.2
-1.26 6.55 -4.820001 B4503F 1.2
-1.26 6.55 14.08 C6C5A7 1.2
-1.26 7.81 -4.820001 B4503F 1.2
-1.26 7.81 14.08 C6C5A7 1.2
-1.26 9.070001 -6.08 C6C5A7 1.2
-1.26 9.070001 14.08 C6C5A7 1.2
-1.26 10.33 -6.08 C6C5A7 1.2
-1.26 10.33 14.08 C6C5A7 1.2
-1.26 11.59 -6.08 C6C5A7 1.2
-1.26 11.59 14.08 C6C5A7 1.2
-1.26 11.59 -4.820001 CC5E4A 1.2
-1.26 11.59 -3.56 CC5E4A 1.2
-1.26 11.59 -2.3 CC5E4A 1.2
-1.26 11.59 -1.04 CC5E4A 1.2
-1.26 11.59 0.2199998 CC5E4A 1.2
-1.26 11.59 1.48 CC5E4A 1.2
-1.26 11.59 2.74 CC5E4A 1.2
-1.26 11.59 4 CC5E4A 1.2
-1.26 11.59 5.26 CC5E4A 1.2
-1.26 11.59 6.52 CC5E4A 1.2
-1.26 11.59 7.78 CC5E4A 1.2
-1.26 11.59 9.04 CC5E4A 1.2
-1.26 11.59 10.3 CC5E4A 1.2
-1.26 11.59 11.56 CC5E4A 1.2
-1.26 11.59 12.82 CC5E4A 1.2
0 0.25 -4.820001 151515 1.2
0 0.25 14.08 C6C5A7 1.2
0 1.51 -4.820001 151515 1.2
0 1.51 14.08 C6C5A7 1.2
0 2.77 -4.820001 151515 1.2
0 2.77 14.08 C6C5A7 1.2
0 4.03 -4.820001 151515 1.2
0 4.03 14.08 C6C5A7 1.2
0 5.29 -4.820001 151515 1.2
0 5.29 14.08 C6C5A7 1.2
0 6.55 -4.820001 151515 1.2
0 6.55 14.08 C6C5A7 1.2
0 7.81 -4.820001 151515 1.2
0 7.81 14.08 C6C5A7 1.2
0 9.070001 -6.08 C6C5A7 1.2
0 9.070001 14.08 C6C5A7 1.2
0 10.33 -6.08 C6C5A7 1.2
0 10.33 14.08 C6C5A7 1.2
0 11.59 -6.08 C6C5A7 1.2
0 11.59 14.08 C6C5A7 1.2
0 12.85 -6.08 C6C5A7 1.2
0 12.85 14.08 C6C5A7 1.2
1.26 0.25 -4.820001 B4503F 1.2
1.26 0.25 14.08 C6C5A7 1.2
1.26 1.51 -4.820001 B4503F 1.2
1.26 1.51 14.08 C6C5A7 1.2
1.26 2.77 -4.820001 B4503F 1.2
1.26 2.77 14.08 C6C5A7 1.2
1.26 4.03 -4.820001 B4503F 1.2
1.26 4.03 14.08 C6C5A7 1.2
1.26 5.29 -4.820001 B4503F 1.2
1.26 5.29 14.08 C6C5A7 1.2
1.26 6.55 -4.820001 B4503F 1.2
1.26 6.55 14.08 C6C5A7 1.2
1.26 7.81 -4.820001 B4503F 1.2
1.26 7.81 14.08 C6C5A7 1.2
1.26 9.070001 -6.08 C6C5A7 1.2
1.26 9.070001 14.08 C6C5A7 1.2
1.26 10.33 -6.08 C6C5A7 1.2
1.26 10.33 14.08 C6C5A7 1.2
1.26 11.59 -6.08 C6C5A7 1.2
1.26 11.59 14.08 C6C5A7 1.2
1.26 11.59 -4.820001 CC5E4A 1.2
1.26 11.59 -3.56 CC5E4A 1.2
1.26 11.59 -2.3 CC5E4A 1.2
1.26 11.59 -1.04 CC5E4A 1.2
1.26 11.59 0.2199998 CC5E4A 1.2
1.26 11.59 1.48 CC5E4A 1.2
1.26 11.59 2.74 CC5E4A 1.2
1.26 11.59 4 CC5E4A 1.2
1.26 11.59 5.26 CC5E4A 1.2
1.26 11.59 6.52 CC5E4A 1.2
1.26 11.59 7.78 CC5E4A 1.2
1.26 11.59 9.04 CC5E4A 1.2
1.26 11.59 10.3 CC5E4A 1.2
1.26 11.59 11.56 CC5E4A 1.2
1.26 11.59 12.82 CC5E4A 1.2
2.52 0.25 -4.820001 B4503F 1.2
2.52 0.25 14.08 C6C5A7 1.2
2.52 1.51 -4.820001 B4503F 1.2
2.52 1.51 14.08 C6C5A7 1.2
2.52 2.77 -4.820001 B4503F 1.2
2.52 2.77 14.08 C6C5A7 1.2
2.52 4.03 -4.820001 B4503F 1.2
2.52 4.03 14.08 C6C5A7 1.2
2.52 5.29 -4.820001 B4503F 1.2
2.52 5.29 14.08 C6C5A7 1.2
2.52 6.55 -4.820001 B4503F 1.2
2.52 6.55 14.08 C6C5A7 1.2
2.52 7.81 -4.820001 B4503F 1.2
2.52 7.81 14.08 C6C5A7 1.2
2.52 9.070001 -6.08 C6C5A7 1.2
2.52 9.070001 14.08 C6C5A7 1.2
2.52 10.33 -6.08 C6C5A7 1.2
2.52 10.33 14.08 C6C5A7 1.2
2.52 11.59 -4.820001 CC5E4A 1.2
2.52 11.59 -3.56 CC5E4A 1.2
2.52 11.59 -2.3 CC5E4A 1.2
2.52 11.59 -1.04 CC5E4A 1.2
2.52 11.59 0.2199998 CC5E4A 1.2
2.52 11.59 1.48 CC5E4A 1.2
2.52 11.59 2.74 CC5E4A 1.2
2.52 11.59 4 CC5E4A 1.2
2.52 11.59 5.26 CC5E4A 1.2
2.52 11.59 6.52 CC5E4A 1.2
2.52 11.59 7.78 CC5E4A 1.2
2.52 11.59 9.04 CC5E4A 1.2
2.52 11.59 10.3 CC5E4A 1.2
2.52 11.59 11.56 CC5E4A 1.2
2.52 11.59 12.82 CC5E4A 1.2
3.78 0.25 -4.820001 B4503F 1.2
3.78 0.25 14.08 C6C5A7 1.2
3.78 1.51 -4.820001 B4503F 1.2
3.78 1.51 14.08 C6C5A7 1.2
3.78 2.77 -4.820001 B4503F 1.2
3.78 2.77 14.08 C6C5A7 1.2
3.78 4.03 -4.820001 B4503F 1.2
3.78 4.03 14.08 C6C5A7 1.2
3.78 5.29 -4.820001 B4503F 1.2
3.78 5.29 14.08 C6C5A7 1.2
3.78 6.55 -4.820001 B4503F 1.2
3.78 6.55 14.08 C6C5A7 1.2
3.78 7.81 -4.820001 B4503F 1.2
3.78 7.81 14.08 C6C5A7 1.2
3.78 9.070001 -6.08 C6C5A7 1.2
3.78 9.070001 14.08 C6C5A7 1.2
3.78 10.33 -6.08 C6C5A7 1.2
3.78 10.33 14.08 C6C5A7 1.2
3.78 10.33 -4.820001 CC5E4A 1.2
3.78 10.33 -3.56 CC5E4A 1.2
3.78 10.33 -2.3 CC5E4A 1.2
3.78 10.33 -1.04 CC5E4A 1.2
3.78 10.33 0.2199998 CC5E4A 1.2
3.78 10.33 1.48 CC5E4A 1.2
3.78 10.33 2.74 CC5E4A 1.2
3.78 10.33 4 CC5E4A 1.2
3.78 10.33 5.26 CC5E4A 1.2
3.78 10.33 6.52 CC5E4A 1.2
3.78 10.33 7.78 CC5E4A 1.2
3.78 10.33 9.04 CC5E4A 1.2
3.78 10.33 10.3 CC5E4A 1.2
3.78 10.33 11.56 CC5E4A 1.2
3.78 10.33 12.82 CC5E4A 1.2
5.04 0.25 -6.08 C6C5A7 1.2
5.04 0.25 14.08 C6C5A7 1.2
5.04 1.51 -6.08 C6C5A7 1.2
5.04 1.51 14.08 C6C5A7 1.2
5.04 2.77 -6.08 C6C5A7 1.2
5.04 2.77 14.08 C6C5A7 1.2
5.04 4.03 -6.08 C6C5A7 1.2
5.04 4.03 14.08 C6C5A7 1.2
5.04 5.29 -6.08 C6C5A7 1.2
5.04 5.29 14.08 C6C5A7 1.2
5.04 6.55 -6.08 C6C5A7 1.2
5.04 6.55 14.08 C6C5A7 1.2
5.04 7.81 -6.08 C6C5A7 1.2
5.04 7.81 14.08 C6C5A7 1.2
5.04 9.070001 -6.08 C6C5A7 1.2
5.04 9.070001 14.08 C6C5A7 1.2
5.04 10.33 -4.820001 CC5E4A 1.2
5.04 10.33 -3.56 CC5E4A 1.2
5.04 10.33 -2.3 CC5E4A 1.2
5.04 10.33 -1.04 CC5E4A 1.2
5.04 10.33 0.2199998 CC5E4A 1.2
5.04 10.33 1.48 CC5E4A 1.2
5.04 10.33 2.74 CC5E4A 1.2
5.04 10.33 4 CC5E4A 1.2
5.04 10.33 5.26 CC5E4A 1.2
5.04 10.33 6.52 CC5E4A 1.2
5.04 10.33 7.78 CC5E4A 1.2
5.04 10.33 9.04 CC5E4A 1.2
5.04 10.33 10.3 CC5E4A 1.2
5.04 10.33 11.56 CC5E4A 1.2
5.04 10.33 12.82 CC5E4A 1.2
5.04 0.25 -4.820001 BCBA9C 1.2
5.04 0.25 -3.56 BCBA9C 1.2
5.04 0.25 -2.3 BCBA9C 1.2
5.04 0.25 -1.04 BCBA9C 1.2
5.04 0.25 0.2199998 BCBA9C 1.2
5.04 0.25 1.48 BCBA9C 1.2
5.04 0.25 2.74 BCBA9C 1.2
5.04 0.25 4 BCBA9C 1.2
5.04 0.25 5.26 BCBA9C 1.2
5.04 0.25 6.52 BCBA9C 1.2
5.04 0.25 7.78 BCBA9C 1.2
5.04 0.25 9.04 BCBA9C 1.2
5.04 0.25 10.3 BCBA9C 1.2
5.04 0.25 11.56 BCBA9C 1.2
5.04 0.25 12.82 BCBA9C 1.2
5.04 1.51 -4.820001 BCBA9C 1.2
5.04 1.51 -3.56 BCBA9C 1.2
5.04 1.51 -2.3 BCBA9C 1.2
5.04 1.51 -1.04 BCBA9C 1.2
5.04 1.51 0.2199998 BCBA9C 1.2
5.04 1.51 1.48 BCBA9C 1.2
5.04 1.51 2.74 BCBA9C 1.2
5.04 1.51 4 BCBA9C 1.2
5.04 1.51 5.26 BCBA9C 1.2
5.04 1.51 6.52 BCBA9C 1.2
5.04 1.51 7.78 BCBA9C 1.2
5.04 1.51 9.04 BCBA9C 1.2
5.04 1.51 10.3 BCBA9C 1.2
5.04 1.51 11.56 BCBA9C 1.2
5.04 1.51 12.82 BCBA9C 1.2
5.04 2.77 -4.820001 BCBA9C 1.2
5.04 2.77 -3.56 BCBA9C 1.2
5.04 2.77 -2.3 BCBA9C 1.2
5.04 2.77 -1.04 BCBA9C 1.2
5.04 2.77 0.2199998 BCBA9C 1.2
5.04 2.77 1.48 BCBA9C 1.2
5.04 2.77 2.74 BCBA9C 1.2
5.04 2.77 4 BCBA9C 1.2
5.04 2.77 5.26 BCBA9C 1.2
5.04 2.77 6.52 BCBA9C 1.2
5.04 2.77 7.78 BCBA9C 1.2
5.04 2.77 9.04 BCBA9C 1.2
5.04 2.77 10.3 BCBA9C 1.2
5.04 2.77 11.56 BCBA9C 1.2
5.04 2.77 12.82 BCBA9C 1.2
5.04 4.03 -4.820001 BCBA9C 1.2
5.04 4.03 -3.56 BCBA9C 1.2
5.04 4.03 -2.3 BCBA9C 1.2
5.04 4.03 -1.04 BCBA9C 1.2
5.04 4.03 0.2199998 BCBA9C 1.2
5.04 4.03 1.48 BCBA9C 1.2
5.04 4.03 2.74 BCBA9C 1.2
5.04 4.03 4 BCBA9C 1.2
5.04 4.03 5.26 BCBA9C 1.2
5.04 4.03 6.52 BCBA9C 1.2
5.04 4.03 7.78 BCBA9C 1.2
5.04 4.03 9.04 BCBA9C 1.2
5.04 4.03 10.3 BCBA9C 1.2
5.04 4.03 11.56 BCBA9C 1.2
5.04 4.03 12.82 BCBA9C 1.2
5.04 5.29 -4.820001 BCBA9C 1.2
5.04 5.29 -3.56 BCBA9C 1.2
5.04 5.29 -2.3 BCBA9C 1.2
5.04 5.29 -1.04 BCBA9C 1.2
5.04 5.29 0.2199998 BCBA9C 1.2
5.04 5.29 1.48 BCBA9C 1.2
5.04 5.29 2.74 BCBA9C 1.2
5.04 5.29 4 BCBA9C 1.2
5.04 5.29 5.26 BCBA9C 1.2
5.04 5.29 6.52 BCBA9C 1.2
5.04 5.29 7.78 BCBA9C 1.2
5.04 5.29 9.04 BCBA9C 1.2
5.04 5.29 10.3 BCBA9C 1.2
5.04 5.29 11.56 BCBA9C 1.2
5.04 5.29 12.82 BCBA9C 1.2
5.04 6.55 -4.820001 BCBA9C 1.2
5.04 6.55 -3.56 BCBA9C 1.2
5.04 6.55 -2.3 BCBA9C 1.2
5.04 6.55 -1.04 BCBA9C 1.2
5.04 6.55 0.2199998 BCBA9C 1.2
5.04 6.55 1.48 BCBA9C 1.2
5.04 6.55 2.74 BCBA9C 1.2
5.04 6.55 4 BCBA9C 1.2
5.04 6.55 5.26 BCBA9C 1.2
5.04 6.55 6.52 BCBA9C 1.2
5.04 6.55 7.78 BCBA9C 1.2
5.04 6.55 9.04 BCBA9C 1.2
5.04 6.55 10.3 BCBA9C 1.2
5.04 6.55 11.56 BCBA9C 1.2
5.04 6.55 12.82 BCBA9C 1.2
5.04 7.81 -4.820001 BCBA9C 1.2
5.04 7.81 -3.56 BCBA9C 1.2
5.04 7.81 -2.3 BCBA9C 1.2
5.04 7.81 -1.04 BCBA9C 1.2
5.04 7.81 0.2199998 BCBA9C 1.2
5.04 7.81 1.48 BCBA9C 1.2
5.04 7.81 2.74 BCBA9C 1.2
5.04 7.81 4 BCBA9C 1.2
5.04 7.81 5.26 BCBA9C 1.2
5.04 7.81 6.52 BCBA9C 1.2
5.04 7.81 7.78 BCBA9C 1.2
5.04 7.81 9.04 BCBA9C 1.2
5.04 7.81 10.3 BCBA9C 1.2
5.04 7.81 11.56 BCBA9C 1.2
5.04 7.81 12.82 BCBA9C 1.2
