-5.7 0 -1.700001 AAAFBE 0.95
-5.7 0 -0.75 A3A6B6 0.95
-5.7 0 0.2000008 E19E5C 0.95
-5.7 0 1.15 9295A7 0.95
-9.5 0 2.1 B0B2C0 0.95
-9.5 0 3.049999 E09959 0.95
-9.5 0 4 DF9657 0.95
-9.5 0 4.950001 DBD0CB 0.95
-9.5 0 5.9 8A808D 0.95
-9.5 0 6.85 A4A0AE 0.95
-9.5 0 7.799999 A3A4B2 0.95
-9.5 0 8.75 9290A1 0.95
-9.5 0 9.700001 9B96A7 0.95
-9.5 0 10.65 AAAAB8 0.95
-5.7 0.95 -2.65 A9ADBC 0.95
-5.7 0.95 -1.700001 AAAEBC 0.95
-5.7 0.95 -0.75 A8ACBB 0.95
-5.7 0.95 0.2000008 20273E 0.95
-5.7 0.95 1.15 9497A9 0.95
-9.5 0.95 2.1 ADADBB 0.95
-9.5 0.95 3.049999 20283E 0.95
-9.5 0.95 4 20263D 0.95
-9.5 0.95 4.950001 D6CAC6 0.95
-9.5 0.95 5.9 8D808C 0.95
-9.5 0.95 6.85 A29CA9 0.95
-9.5 0.95 7.799999 A2A2B0 0.95
-9.5 0.95 8.75 8D8B9D 0.95
-9.5 0.95 9.700001 9791A2 0.95
-9.5 0.95 10.65 A7A4B2 0.95
-5.7 1.9 -2.65 A9ADBB 0.95
-5.7 1.9 -1.700001 A6A9B8 0.95
-5.7 1.9 -0.75 A3A7B7 0.95
-5.7 1.9 0.2000008 9EA0B1 0.95
-5.7 1.9 1.15 9498AA 0.95
-9.5 1.9 2.1 A7A6B4 0.95
-9.5 1.9 3.049999 A7A6B4 0.95
-9.5 1.9 4 A3A1AF 0.95
-9.5 1.9 4.950001 9A95A1 0.95
-9.5 1.9 5.9 8B7D8B 0.95
-9.5 1.9 6.85 A29BA8 0.95
-9.5 1.9 7.799999 A39FAD 0.95
-9.5 1.9 8.75 A4A2B1 0.95
-9.5 1.9 9.700001 A3A0AE 0.95
-9.5 1.9 10.65 A39FAE 0.95
-3.8 2.85 -0.75 CFC9C8 0.95
-3.8 2.85 0.2000008 B6B0B4 0.95
-9.5 2.85 2.1 A7A7B5 0.95
-9.5 2.85 3.049999 A3A2B0 0.95
-9.5 2.85 4 A19FAD 0.95
-9.5 2.85 4.950001 98939F 0.95
-9.5 2.85 5.9 8A7C89 0.95
-9.5 2.85 6.85 9F98A5 0.95
-9.5 2.85 7.799999 AAAAB7 0.95
-9.5 2.85 8.75 A5A2B0 0.95
-9.5 2.85 9.700001 9F9DAB 0.95
-9.5 2.85 10.65 A3A0AE 0.95
-3.8 3.8 -0.75 C7C1C1 0.95
-3.8 3.8 0.2000008 B7B1B5 0.95
-9.5 3.8 2.1 A4A3B1 0.95
-9.5 3.8 3.049999 A4A3B1 0.95
-9.5 3.8 4 A2A0AE 0.95
-9.5 3.8 4.950001 9A95A1 0.95
-9.5 3.8 5.9 8B808E 0.95
-9.5 3.8 6.85 9D97A5 0.95
-9.5 3.8 7.799999 A29DAB 0.95
-9.5 3.8 8.75 A39FAD 0.95
-9.5 3.8 9.700001 A3A0AE 0.95
-9.5 3.8 10.65 A5A1B0 0.95
-3.8 4.75 -0.75 C3BCBD 0.95
-3.8 4.75 0.2000008 B0AAAF 0.95
-9.5 4.75 2.1 A4A3B2 0.95
-9.5 4.75 3.049999 A19FAD 0.95
-9.5 4.75 4 A19FAE 0.95
-9.5 4.75 4.950001 96919E 0.95
-9.5 4.75 5.9 867886 0.95
-9.5 4.75 6.85 A09CA9 0.95
-9.5 4.75 7.799999 A19DAB 0.95
-9.5 4.75 8.75 A29EAC 0.95
-9.5 4.75 9.700001 A2A0AE 0.95
-9.5 4.75 10.65 A39FAD 0.95
-2.85 5.7 -1.700001 E8E3DF 0.95
-3.8 5.7 -0.75 E2DDDA 0.95
-3.8 5.7 0.2000008 DBD6D4 0.95
-9.5 5.7 2.1 A9A9B7 0.95
-9.5 5.7 3.049999 A4A3B2 0.95
-9.5 5.7 4 A09EAC 0.95
-9.5 5.7 4.950001 97939F 0.95
-9.5 5.7 5.9 8B808E 0.95
-9.5 5.7 6.85 9E99A7 0.95
-9.5 5.7 7.799999 A5A2B0 0.95
-9.5 5.7 8.75 A4A2B0 0.95
-9.5 5.7 9.700001 A39FAD 0.95
-9.5 5.7 10.65 A39EAD 0.95
-3.8 6.65 -0.75 CAC3C3 0.95
-3.8 6.65 0.2000008 B8B2B5 0.95
-9.5 6.65 2.1 A6A6B4 0.95
-9.5 6.65 3.049999 A4A2B0 0.95
-9.5 6.65 4 A4A1AF 0.95
-9.5 6.65 4.950001 98939F 0.95
-9.5 6.65 5.9 8D808D 0.95
-9.5 6.65 6.85 A29DAA 0.95
-9.5 6.65 7.799999 A3A0AE 0.95
-9.5 6.65 8.75 A3A1AF 0.95
-9.5 6.65 9.700001 A3A0AF 0.95
-9.5 6.65 10.65 A39FAE 0.95
-3.8 7.6 -0.75 C8C1C1 0.95
-3.8 7.6 0.2000008 BBB5B8 0.95
-9.5 7.6 2.1 A6A5B3 0.95
-9.5 7.6 3.049999 A8A8B5 0.95
-9.5 7.6 4 A3A3B1 0.95
-9.5 7.6 4.950001 9794A1 0.95
-9.5 7.6 5.9 8A7D8A 0.95
-9.5 7.6 6.85 A09AA8 0.95
-9.5 7.6 7.799999 A3A0AE 0.95
-9.5 7.6 8.75 A5A1AF 0.95
-9.5 7.6 9.700001 A29EAC 0.95
-9.5 7.6 10.65 A4A1AF 0.95
-2.85 8.55 -1.700001 958B91 0.95
-3.8 8.55 -0.75 968D95 0.95
-3.8 8.55 0.2000008 8F8893 0.95
-9.5 8.55 2.1 A7A6B4 0.95
-9.5 8.55 3.049999 A4A4B2 0.95
-9.5 8.55 4 A4A3B0 0.95
-9.5 8.55 4.950001 9995A2 0.95
-9.5 8.55 5.9 938693 0.95
-9.5 8.55 6.85 A39DAB 0.95
-9.5 8.55 7.799999 A9A7B4 0.95
-9.5 8.55 8.75 A8A7B5 0.95
-9.5 8.55 9.700001 A6A5B3 0.95
-9.5 8.55 10.65 A7A7B4 0.95
-3.8 9.5 -0.75 CDC6C5 0.95
-3.8 9.5 0.2000008 C5BFC0 0.95
-9.5 9.5 2.1 A9A8B6 0.95
-9.5 9.5 3.049999 A8A7B5 0.95
-9.5 9.5 4 A5A4B2 0.95
-9.5 9.5 4.950001 A8A8B4 0.95
-9.5 9.5 5.9 968A92 0.95
-9.5 9.5 6.85 A7A3B1 0.95
-9.5 9.5 7.799999 A4A3B1 0.95
-9.5 9.5 8.75 A8A7B5 0.95
-9.5 9.5 9.700001 A7A6B4 0.95
-9.5 9.5 10.65 A7A4B2 0.95
-3.8 10.45 -0.75 CAC2C1 0.95
-3.8 10.45 0.2000008 C8C2C2 0.95
-6.65 10.45 3.049999 D7D5D8 0.95
-9.5 10.45 6.85 A9A9B6 0.95
-9.5 10.45 7.799999 A8A7B5 0.95
-9.5 10.45 8.75 A6A4B2 0.95
-9.5 10.45 9.700001 AAA7B5 0.95
-9.5 10.45 10.65 A7A3B1 0.95
-3.8 11.4 -0.75 C8C0C0 0.95
-3.8 11.4 0.2000008 C7C0C1 0.95
-9.5 11.4 6.85 AAAAB7 0.95
-9.5 11.4 7.799999 ABA9B7 0.95
-9.5 11.4 8.75 A7A5B3 0.95
-9.5 11.4 9.700001 AAA9B7 0.95
-9.5 11.4 10.65 A9A8B6 0.95
-3.8 12.35 -0.75 D1CAC8 0.95
-3.8 12.35 0.2000008 D5CFCD 0.95
-9.5 12.35 6.85 A9A8B6 0.95
-9.5 12.35 7.799999 ACABB9 0.95
-9.5 12.35 8.75 A8A7B5 0.95
-9.5 12.35 9.700001 ACABB8 0.95
-9.5 12.35 10.65 A9A9B7 0.95
-3.8 13.3 -0.75 D0C9C7 0.95
-3.8 13.3 0.2000008 CDC6C6 0.95
-9.5 13.3 6.85 A8A8B6 0.95
-9.5 13.3 7.799999 ACABB9 0.95
-9.5 13.3 8.75 A9A7B5 0.95
-9.5 13.3 9.700001 A9A6B4 0.95
-9.5 13.3 10.65 AAA7B5 0.95
-3.8 14.25 -0.75 D0C9C7 0.95
-3.8 14.25 0.2000008 D2CBCA 0.95
-9.5 14.25 6.85 ABAAB8 0.95
-9.5 14.25 7.799999 A9A9B7 0.95
-9.5 14.25 8.75 ACACBA 0.95
-9.5 14.25 9.700001 AAA9B7 0.95
-9.5 14.25 10.65 AAA8B6 0.95
-3.8 15.2 -1.700001 9F959A 0.95
-3.8 15.2 -0.75 9A9096 0.95
-3.8 15.2 0.2000008 A2979E 0.95
-2.85 15.2 1.15 A59CA3 0.95
-3.8 16.15 -0.75 CCC5C4 0.95
-3.8 16.15 0.2000008 D4CDCC 0.95
-3.8 17.1 -0.75 D2CAC9 0.95
-3.8 17.1 0.2000008 D3CCCB 0.95
-3.8 18.05 -0.75 C9C1C1 0.95
-3.8 18.05 0.2000008 CEC5C4 0.95
-3.8 19 -0.75 D5CECC 0.95
-3.8 19 0.2000008 D9D1CF 0.95
-3.8 19.95 -0.75 D0C9C8 0.95
-3.8 19.95 0.2000008 D2CBC9 0.95
-3.8 20.9 -0.75 D0C9C7 0.95
-3.8 20.9 0.2000008 D2CAC8 0.95
-3.8 21.85 -0.75 D1C9C7 0.95
-3.8 21.85 0.2000008 D5CECC 0.95
-2.85 22.8 -0.75 D2CAC9 0.95
-2.85 22.8 0.2000008 D5CCCA 0.95
-2.85 23.75 -0.75 CEC6C4 0.95
-2.85 23.75 0.2000008 D4CCCA 0.95
-2.85 24.7 -0.75 CEC6C5 0.95
-2.85 24.7 0.2000008 D4CCCA 0.95
-11.4 0 -4.55 F3EEEA 0.95
-11.4 0 -3.6 F0EBE7 0.95
-11.4 0 -2.65 F1EBE6 0.95
-11.4 0 -1.700001 ECE6E3 0.95
-11.4 0 -0.75 EDE7E4 0.95
-11.4 0 0.2000008 EBE6E2 0.95
-11.4 0 1.15 E7E1DD 0.95
-11.4 0 2.1 E7E2DF 0.95
-11.4 0 3.049999 E5DDDA 0.95
-11.4 0 4 E1DAD7 0.95
-11.4 0 4.950001 E1DAD8 0.95
-11.4 0 5.9 E0D6D3 0.95
-11.4 0 6.85 E0D7D4 0.95
-11.4 0 7.799999 DFD6D4 0.95
-11.4 0 8.75 DFD6D3 0.95
-11.4 0 9.700001 E1D8D6 0.95
-11.4 0 10.65 E8E1DD 0.95
-11.4 0 11.6 E7DFDC 0.95
-11.4 0 12.55 EAE2DE 0.95
-10.45 0 -4.55 F0EBE7 0.95
-10.45 0 -3.6 F1EBE7 0.95
-10.45 0 -2.65 F0EAE6 0.95
-10.45 0 -1.700001 EEE8E5 0.95
-10.45 0 -0.75 ECE6E3 0.95
-10.45 0 0.2000008 E9E4E1 0.95
-10.45 0 1.15 E7E1DE 0.95
-10.45 0 2.1 E2DCD9 0.95
-10.45 0 3.049999 E2DAD7 0.95
-10.45 0 4 DDD5D1 0.95
-10.45 0 4.950001 E1D5CF 0.95
-10.45 0 5.9 E0D2CC 0.95
-10.45 0 6.85 DAD1CE 0.95
-10.45 0 7.799999 D6CBCA 0.95
-10.45 0 8.75 DAD1CF 0.95
-10.45 0 9.700001 DCD2D0 0.95
-10.45 0 10.65 E1DAD8 0.95
-10.45 0 11.6 E8E1DE 0.95
-10.45 0 12.55 E9E1DE 0.95
-9.5 0 -4.55 F2ECE8 0.95
-9.5 0 -3.6 EEE8E4 0.95
-9.5 0 -2.65 EDE8E4 0.95
-9.5 0 -1.700001 E7E2DF 0.95
-9.5 0 -0.75 E9E3E0 0.95
-9.5 0 0.2000008 E9E4E1 0.95
-9.5 0 1.15 E3DCDA 0.95
-9.5 0 11.6 E7E0DD 0.95
-9.5 0 12.55 E9E2DF 0.95
-8.55 0 2.1 9D9FAF 0.95
-8.55 0 -4.55 EFEBE7 0.95
-8.55 0 -3.6 EDE8E4 0.95
-8.55 0 -2.65 ECE7E3 0.95
-8.55 0 -1.700001 E6DFDD 0.95
-8.55 0 -0.75 E2DCDB 0.95
-8.55 0 0.2000008 DED8D6 0.95
-8.55 0 1.15 DBD6D5 0.95
-8.55 0 3.049999 817E8E 0.95
-8.55 0 4 807C8B 0.95
-8.55 0 4.950001 837D8D 0.95
-8.55 0 5.9 847F8E 0.95
-8.55 0 6.85 837E8E 0.95
-8.55 0 7.799999 827D8D 0.95
-8.55 0 8.75 817A88 0.95
-8.55 0 9.700001 847E8D 0.95
-8.55 0 10.65 868291 0.95
-8.55 0 11.6 D6CECE 0.95
-8.55 0 12.55 DFD9D7 0.95
-8.55 0.95 2.1 A6A9B8 0.95
-8.55 0.95 11.6 A19DAC 0.95
-8.55 1.9 2.1 A6A9B8 0.95
-8.55 1.9 11.6 9E99A9 0.95
-8.55 2.85 2.1 AAADBB 0.95
-8.55 2.85 11.6 9E9AA9 0.95
-8.55 3.8 2.1 A5A9B7 0.95
5.7 3.8 3.049999 C68654 0.95
-8.55 3.8 11.6 A59FAE 0.95
-8.55 4.75 2.1 A1A4B3 0.95
5.7 4.75 4 915D47 0.95
-8.55 4.75 11.6 A29DAC 0.95
-8.55 5.7 2.1 A3A5B4 0.95
-0.95 5.7 3.049999 C2BDC0 0.95
-0.95 5.7 4 BCB7BC 0.95
-0.95 5.7 4.950001 B2ADB3 0.95
5.7 5.7 5.9 8B5845 0.95
-8.55 5.7 11.6 A5A2B1 0.95
-8.55 6.65 2.1 A3A6B5 0.95
-0.95 6.65 3.049999 C2BEC1 0.95
-0.95 6.65 4.950001 B4B0B6 0.95
0 6.65 7.799999 9D969E 0.95
0 6.65 8.75 9D969E 0.95
0 6.65 9.700001 9F98A0 0.95
-8.55 6.65 11.6 A9A6B4 0.95
-8.55 7.6 2.1 A6A8B7 0.95
4.75 7.6 6.85 9498AB 0.95
0.95 7.6 7.799999 AAA2A6 0.95
0.95 7.6 8.75 AAA0A5 0.95
0.95 7.6 9.700001 A69DA2 0.95
4.75 7.6 10.65 9D9EB0 0.95
-8.55 7.6 11.6 A9A6B4 0.95
-8.55 8.55 2.1 A6A9B7 0.95
4.75 8.55 6.85 9B9CAD 0.95
4.75 8.55 7.799999 9C9CAD 0.95
4.75 8.55 8.75 9797A8 0.95
4.75 8.55 9.700001 9B9CAD 0.95
4.75 8.55 10.65 9D9DAD 0.95
-8.55 8.55 11.6 A8A3B1 0.95
-8.55 9.5 2.1 A1A4B2 0.95
4.75 9.5 6.85 999BAC 0.95
4.75 9.5 7.799999 9D9DAD 0.95
4.75 9.5 8.75 A2A1B1 0.95
4.75 9.5 9.700001 A2A3B3 0.95
4.75 9.5 10.65 A09FAF 0.95
-8.55 9.5 11.6 AAA9B7 0.95
-8.55 10.45 5.9 A6ACBD 0.95
-8.55 10.45 2.1 CBD1DB 0.95
-8.55 10.45 3.049999 F3F0ED 0.95
-8.55 10.45 4 F3EFEC 0.95
-8.55 10.45 4.950001 E9E5E3 0.95
4.75 10.45 6.85 A0A2B2 0.95
4.75 10.45 7.799999 A1A1B1 0.95
4.75 10.45 8.75 A0A2B2 0.95
4.75 10.45 9.700001 9E9FAF 0.95
4.75 10.45 10.65 A1A2B1 0.95
-8.55 10.45 11.6 A9A7B5 0.95
-8.55 11.4 5.9 A3A6B6 0.95
-8.55 11.4 11.6 A9A7B5 0.95
-8.55 12.35 5.9 A7AAB8 0.95
-8.55 12.35 11.6 ABAAB8 0.95
-8.55 13.3 5.9 A4A7B6 0.95
-8.55 13.3 11.6 ABAAB8 0.95
-8.55 14.25 5.9 A5A7B5 0.95
-8.55 14.25 11.6 ABA8B6 0.95
-8.55 15.2 6.85 F7F4F0 0.95
-8.55 15.2 7.799999 FFFEFA 0.95
-8.55 15.2 8.75 FFFFFA 0.95
-8.55 15.2 9.700001 FFFCF7 0.95
-8.55 15.2 10.65 EFEBE9 0.95
-7.6 0 2.1 A1A4B4 0.95
-7.6 0 -4.55 F0EBE7 0.95
-7.6 0 -3.6 EDE8E5 0.95
-7.6 0 -2.65 E8E3E0 0.95
-7.6 0 -1.700001 E4DFDC 0.95
-7.6 0 -0.75 DBD6D5 0.95
-7.6 0 0.2000008 D7D2D2 0.95
-7.6 0 1.15 CFCACA 0.95
-7.6 0 3.049999 827F90 0.95
-7.6 0 4 848090 0.95
-7.6 0 4.950001 858190 0.95
-7.6 0 5.9 837E8E 0.95
-7.6 0 6.85 878291 0.95
-7.6 0 7.799999 8A8593 0.95
-7.6 0 8.75 85808F 0.95
-7.6 0 9.700001 857F8E 0.95
-7.6 0 10.65 7F798A 0.95
-7.6 0 11.6 DED3CF 0.95
-7.6 0 12.55 DDD6D4 0.95
-7.6 0.95 2.1 A3A6B6 0.95
-7.6 0.95 11.6 20263D 0.95
-7.6 1.9 2.1 A3A6B6 0.95
-7.6 1.9 11.6 A29FAD 0.95
-7.6 2.85 2.1 A6AAB9 0.95
-7.6 2.85 11.6 A4A1AF 0.95
-7.6 3.8 2.1 A4A7B5 0.95
-7.6 3.8 11.6 A19CAB 0.95
-7.6 4.75 2.1 A3A6B5 0.95
-7.6 4.75 11.6 A5A0AF 0.95
-7.6 5.7 2.1 A2A5B4 0.95
-7.6 5.7 11.6 A6A3B2 0.95
-7.6 6.65 2.1 A6A9B8 0.95
-7.6 6.65 11.6 A7A4B2 0.95
-7.6 7.6 2.1 A0A2B1 0.95
-7.6 7.6 11.6 A4A0AF 0.95
-7.6 8.55 2.1 A3A6B4 0.95
-7.6 8.55 11.6 A8A5B3 0.95
-7.6 9.5 2.1 A4A7B5 0.95
-7.6 9.5 11.6 A9A7B5 0.95
-7.6 10.45 5.9 9EA3B5 0.95
-7.6 10.45 2.1 CBD1DC 0.95
-7.6 10.45 3.049999 F8F5F2 0.95
-7.6 10.45 4 F7F3EF 0.95
-7.6 10.45 4.950001 EFEBE9 0.95
-7.6 10.45 11.6 A9A7B5 0.95
-7.6 11.4 5.9 A8ACBB 0.95
-7.6 11.4 11.6 ADABB9 0.95
-7.6 12.35 5.9 A0A3B3 0.95
-7.6 12.35 11.6 ADABB9 0.95
-7.6 13.3 5.9 A1A3B3 0.95
-7.6 13.3 11.6 ACABB9 0.95
-7.6 14.25 5.9 A3A6B5 0.95
-7.6 14.25 11.6 ADADBB 0.95
-7.6 15.2 6.85 FEFAF6 0.95
-7.6 15.2 7.799999 FFFFFF 0.95
-7.6 15.2 8.75 FFFFFF 0.95
-7.6 15.2 9.700001 FFFCF8 0.95
-7.6 15.2 10.65 F8F4F0 0.95
-6.65 0 2.1 989BAC 0.95
-6.65 0 -4.55 EDE8E5 0.95
-6.65 0 -3.6 E8E3E0 0.95
-6.65 0 -2.65 E1DCDB 0.95
-6.65 0 -1.700001 DED9D8 0.95
-6.65 0 -0.75 D6D0CF 0.95
-6.65 0 0.2000008 CEC8C8 0.95
-6.65 0 1.15 C5C0C2 0.95
-6.65 0 3.049999 888493 0.95
-6.65 0 4 848191 0.95
-6.65 0 4.950001 8B8694 0.95
-6.65 0 5.9 8D8795 0.95
-6.65 0 6.85 878391 0.95
-6.65 0 7.799999 878291 0.95
-6.65 0 8.75 878191 0.95
-6.65 0 9.700001 888290 0.95
-6.65 0 10.65 827C8B 0.95
-6.65 0 11.6 DDD0CC 0.95
-6.65 0 12.55 DCD4D2 0.95
-6.65 0.95 2.1 999CAD 0.95
-6.65 0.95 11.6 20263D 0.95
-6.65 1.9 2.1 A0A3B3 0.95
-6.65 1.9 11.6 A19FAD 0.95
-6.65 2.85 2.1 A3A7B6 0.95
-6.65 2.85 11.6 A29FAD 0.95
-6.65 3.8 2.1 9FA2B2 0.95
-6.65 3.8 11.6 A19DAC 0.95
-6.65 4.75 2.1 9FA2B1 0.95
-6.65 4.75 11.6 9F9BAA 0.95
-6.65 5.7 2.1 9D9FAF 0.95
-6.65 5.7 11.6 A7A4B3 0.95
-6.65 6.65 2.1 A2A5B4 0.95
-6.65 6.65 11.6 A7A4B3 0.95
-6.65 7.6 2.1 A0A2B1 0.95
-6.65 7.6 11.6 A5A1AF 0.95
-6.65 8.55 2.1 A1A4B3 0.95
-6.65 8.55 11.6 ABAAB8 0.95
-6.65 9.5 2.1 9FA1B0 0.95
-6.65 9.5 11.6 A9A8B5 0.95
-6.65 10.45 2.1 C7CDD8 0.95
-6.65 10.45 5.9 9FA5B7 0.95
-6.65 10.45 4 8D8596 0.95
-6.65 10.45 4.950001 938B9B 0.95
-6.65 10.45 11.6 A9A6B4 0.95
-6.65 11.4 5.9 A6AABA 0.95
-6.65 11.4 3.049999 FCF9F5 0.95
-6.65 11.4 11.6 A9A7B5 0.95
-6.65 12.35 5.9 A0A3B3 0.95
-6.65 12.35 11.6 ACABB9 0.95
-6.65 13.3 5.9 A2A5B4 0.95
-6.65 13.3 11.6 ADACBA 0.95
-6.65 14.25 5.9 A0A3B2 0.95
-6.65 14.25 11.6 AAAAB8 0.95
-6.65 15.2 6.85 FFFDF8 0.95
-6.65 15.2 7.799999 FFFFFD 0.95
-6.65 15.2 8.75 FFFFFF 0.95
-6.65 15.2 9.700001 CBD1DB 0.95
-6.65 15.2 10.65 F6F3EF 0.95
-5.7 0 2.1 86899D 0.95
-5.7 0 -4.55 EAE6E3 0.95
-5.7 0 -3.6 E5E1DF 0.95
-5.7 0 3.049999 848090 0.95
-5.7 0 4 878392 0.95
-5.7 0 4.950001 878391 0.95
-5.7 0 5.9 898493 0.95
-5.7 0 6.85 858090 0.95
-5.7 0 7.799999 878190 0.95
-5.7 0 8.75 898492 0.95
-5.7 0 9.700001 888392 0.95
-5.7 0 10.65 86818F 0.95
-5.7 0 11.6 DDD2CE 0.95
-5.7 0 12.55 DBD4D2 0.95
-5.7 0.95 2.1 8D90A3 0.95
-5.7 0.95 11.6 D2C4C2 0.95
-5.7 1.9 2.1 9598AA 0.95
-5.7 1.9 11.6 A09DAC 0.95
-5.7 2.85 2.1 9FA3B3 0.95
-5.7 2.85 11.6 A09CAB 0.95
-5.7 3.8 2.1 9C9FAF 0.95
-5.7 3.8 11.6 A29EAD 0.95
-5.7 4.75 2.1 A0A3B2 0.95
-5.7 4.75 11.6 A6A2B1 0.95
-5.7 5.7 2.1 A0A3B2 0.95
-5.7 5.7 11.6 A4A2B1 0.95
-5.7 6.65 2.1 9DA0AF 0.95
-5.7 6.65 11.6 A7A5B3 0.95
-5.7 7.6 2.1 9DA0AF 0.95
-5.7 7.6 11.6 A4A3B1 0.95
-5.7 8.55 2.1 9B9DAD 0.95
-5.7 8.55 11.6 AAA8B6 0.95
-5.7 9.5 2.1 9B9EAD 0.95
-5.7 9.5 11.6 ABA9B7 0.95
-5.7 10.45 5.9 A4A9BB 0.95
-5.7 10.45 2.1 C9CED9 0.95
-5.7 10.45 3.049999 C5CAD5 0.95
-5.7 10.45 4 C4CAD5 0.95
-5.7 10.45 4.950001 BDC2CF 0.95
-5.7 10.45 11.6 A9A9B7 0.95
-5.7 11.4 5.9 A0A3B3 0.95
-5.7 11.4 11.6 ABA8B6 0.95
-5.7 12.35 5.9 A0A3B3 0.95
-5.7 12.35 11.6 ACABB9 0.95
-5.7 13.3 5.9 A0A3B2 0.95
-5.7 13.3 11.6 AEADBA 0.95
-5.7 14.25 5.9 A1A3B2 0.95
-5.7 14.25 11.6 ADADBB 0.95
-5.7 15.2 6.85 D0D5E0 0.95
-5.7 15.2 7.799999 D0D6E0 0.95
-5.7 15.2 8.75 D0D6E0 0.95
-5.7 15.2 9.700001 D0D6E0 0.95
-5.7 15.2 10.65 D1D7E1 0.95
-4.75 0 -3.6 B2B7C4 0.95
-4.75 0 -4.55 E9E4E1 0.95
-4.75 0 -2.65 8D8A97 0.95
-4.75 0 -1.700001 908C99 0.95
-4.75 0 -0.75 898592 0.95
-4.75 0 0.2000008 857F8C 0.95
-4.75 0 1.15 817B8A 0.95
-4.75 0 2.1 8C8895 0.95
-4.75 0 3.049999 8B8693 0.95
-4.75 0 4 8C8693 0.95
-4.75 0 4.950001 898491 0.95
-4.75 0 5.9 918C98 0.95
-4.75 0 6.85 8F8996 0.95
-4.75 0 7.799999 8B8693 0.95
-4.75 0 8.75 888391 0.95
-4.75 0 9.700001 8A8492 0.95
-4.75 0 10.65 837C8A 0.95
-4.75 0 11.6 DCCFCB 0.95
-4.75 0 12.55 DCD5D3 0.95
-4.75 0.95 -3.6 A4A7B5 0.95
-4.75 0.95 11.6 20263D 0.95
-4.75 1.9 -3.6 A7AAB8 0.95
-4.75 1.9 11.6 A09EAD 0.95
-4.75 2.85 2.1 9497AA 0.95
-4.75 2.85 -2.65 CEC9CB 0.95
-4.75 2.85 -1.700001 E1DDDC 0.95
-4.75 2.85 -0.75 DCD7D6 0.95
-4.75 2.85 0.2000008 CDC9CA 0.95
-4.75 2.85 1.15 C2BDC0 0.95
-4.75 2.85 11.6 A2A0AF 0.95
-4.75 3.8 2.1 9294A6 0.95
-4.75 3.8 11.6 A5A3B1 0.95
-4.75 4.75 2.1 9496A7 0.95
-4.75 4.75 11.6 A7A6B4 0.95
-4.75 5.7 5.9 757991 0.95
-4.75 5.7 2.1 B2B7C5 0.95
-4.75 5.7 3.049999 D3CFCF 0.95
-5.7 5.7 3.049999 8C90A4 0.95
-4.75 5.7 4 D1CDCF 0.95
-5.7 5.7 4 898CA1 0.95
-4.75 5.7 4.950001 C6C2C6 0.95
-5.7 5.7 4.950001 82869C 0.95
-5.7 5.7 5.9 73768E 0.95
-4.75 5.7 11.6 A6A4B3 0.95
-4.75 6.65 5.9 80849A 0.95
-5.7 6.65 3.049999 9397A9 0.95
-5.7 6.65 4 9B9EAF 0.95
-5.7 6.65 4.950001 999CAE 0.95
-5.7 6.65 5.9 8C8FA3 0.95
-4.75 6.65 11.6 A5A3B1 0.95
-5.7 7.6 3.049999 979AAB 0.95
-5.7 7.6 4 9FA3B3 0.95
-5.7 7.6 4.950001 9EA2B2 0.95
-5.7 7.6 5.9 A1A5B6 0.95
-4.75 6.65 6.85 D7D3D5 0.95
-5.7 7.6 6.85 A4A8B9 0.95
-4.75 6.65 7.799999 E1DDDD 0.95
-5.7 7.6 7.799999 A8ACBC 0.95
-4.75 6.65 8.75 E2DFDE 0.95
-5.7 7.6 8.75 ADB1C0 0.95
-4.75 6.65 9.700001 E3E0DF 0.95
-5.7 7.6 9.700001 ABB0C0 0.95
-4.75 6.65 10.65 D6D3D5 0.95
-5.7 7.6 10.65 A7ACBB 0.95
-5.7 8.55 3.049999 9D9FAF 0.95
-5.7 8.55 4 9EA1B1 0.95
-5.7 8.55 4.950001 9FA2B2 0.95
-5.7 8.55 5.9 A5A9B9 0.95
-5.7 8.55 6.85 A8ACBB 0.95
-5.7 8.55 7.799999 A7ABBA 0.95
-5.7 8.55 8.75 AAAEBC 0.95
-5.7 8.55 9.700001 ABAFBE 0.95
-5.7 8.55 10.65 A8ACBB 0.95
-5.7 9.5 3.049999 9EA0B0 0.95
-5.7 9.5 4 A1A4B4 0.95
-5.7 9.5 4.950001 A4A7B6 0.95
-5.7 9.5 5.9 A3A6B5 0.95
-5.7 9.5 6.85 A9ADBC 0.95
-5.7 9.5 7.799999 A6AAB9 0.95
-5.7 9.5 8.75 A9ADBB 0.95
-5.7 9.5 9.700001 A6AAB9 0.95
-5.7 9.5 10.65 ABAFBD 0.95
-5.7 10.45 6.85 A6AAB9 0.95
-5.7 10.45 7.799999 A8ACBB 0.95
-5.7 10.45 8.75 A6AAB9 0.95
-5.7 10.45 9.700001 A7ABB9 0.95
-5.7 10.45 10.65 A6A9B9 0.95
-5.7 11.4 6.85 A9ADBB 0.95
-5.7 11.4 7.799999 A8ACBB 0.95
-5.7 11.4 8.75 A8ABBA 0.95
-4.75 11.4 9.700001 E4DFDC 0.95
-5.7 11.4 10.65 A1A4B4 0.95
-5.7 12.35 6.85 A8ABBA 0.95
-5.7 12.35 7.799999 A7A9B8 0.95
-5.7 12.35 8.75 A4A7B7 0.95
-4.75 12.35 9.700001 E3DDDB 0.95
-5.7 12.35 10.65 9D9FAF 0.95
-5.7 13.3 6.85 A5A8B6 0.95
-5.7 13.3 7.799999 A4A7B6 0.95
-5.7 13.3 8.75 A7AAB9 0.95
-5.7 13.3 9.700001 9396A7 0.95
-5.7 13.3 10.65 A3A7B6 0.95
-5.7 14.25 6.85 A9ACBB 0.95
-5.7 14.25 7.799999 A8ABB9 0.95
-5.7 14.25 8.75 AAAEBC 0.95
-4.75 14.25 9.700001 E3DDDA 0.95
-5.7 14.25 10.65 A7AAB8 0.95
-3.8 0 -3.6 B0B4C1 0.95
-3.8 0 -4.55 E7E2DF 0.95
-3.8 0 -2.65 908D99 0.95
-3.8 0 -1.700001 948F9A 0.95
-3.8 0 -0.75 8B8592 0.95
-3.8 0 0.2000008 89838F 0.95
-3.8 0 1.15 8A8490 0.95
-3.8 0 2.1 87818E 0.95
-3.8 0 3.049999 8A8592 0.95
-3.8 0 4 8E8894 0.95
-3.8 0 4.950001 8D8895 0.95
-3.8 0 5.9 8A8492 0.95
-3.8 0 6.85 8E8995 0.95
-3.8 0 7.799999 8E8996 0.95
-3.8 0 8.75 8E8895 0.95
-3.8 0 9.700001 8F8995 0.95
-3.8 0 10.65 847C8A 0.95
-3.8 0 11.6 E1D5D0 0.95
-3.8 0 12.55 D8CFCE 0.95
-3.8 0.95 -3.6 8E90A1 0.95
-3.8 0.95 11.6 20263D 0.95
-3.8 1.9 -3.6 A5A8B6 0.95
-3.8 1.9 11.6 A19FAE 0.95
-3.8 2.85 -2.65 DEDAD8 0.95
-3.8 2.85 -1.700001 F1ECE8 0.95
0 2.85 -0.75 AFA7AA 0.95
-3.8 2.85 2.1 818397 0.95
-3.8 2.85 1.15 C7C2C4 0.95
-3.8 2.85 11.6 A09EAD 0.95
0 3.8 -0.75 A89FA3 0.95
-3.8 3.8 2.1 87899B 0.95
-3.8 3.8 11.6 A4A2B1 0.95
0 4.75 -0.75 9E959A 0.95
-3.8 4.75 2.1 838497 0.95
-3.8 4.75 11.6 A5A3B2 0.95
0 5.7 -0.75 CAC3C2 0.95
-3.8 5.7 5.9 7C7F96 0.95
0 5.7 0.2000008 B7B0B2 0.95
-3.8 5.7 2.1 B0B5C3 0.95
-3.8 5.7 3.049999 DEDAD9 0.95
-3.8 5.7 4 DDD8D8 0.95
-3.8 5.7 4.950001 D4D0D1 0.95
-3.8 5.7 11.6 A7A5B3 0.95
0 6.65 -0.75 AAA2A5 0.95
-3.8 6.65 5.9 888BA0 0.95
-3.8 6.65 11.6 A8A7B6 0.95
0 7.6 -0.75 ABA2A5 0.95
-3.8 6.65 6.85 E3E0E0 0.95
-3.8 6.65 7.799999 EDE9E7 0.95
-3.8 6.65 8.75 EFEBE9 0.95
-3.8 6.65 9.700001 EFEBE9 0.95
-3.8 6.65 10.65 DBD8D8 0.95
0 8.55 -0.75 897F88 0.95
0 8.55 0.2000008 857D89 0.95
0 9.5 -0.75 B3AAAD 0.95
0 10.45 -0.75 B0A7AA 0.95
0 11.4 -0.75 ABA2A5 0.95
0 12.35 -0.75 B7AFB0 0.95
0 13.3 -0.75 B6ADAF 0.95
0 14.25 -0.75 ACA3A5 0.95
0 15.2 -0.75 877E87 0.95
0 15.2 0.2000008 989098 0.95
0 16.15 -0.75 BCB3B3 0.95
0 17.1 -0.75 B1A8AA 0.95
0 18.05 -0.75 AEA4A7 0.95
0 19 -0.75 BAB2B2 0.95
0 19.95 -0.75 BFB6B7 0.95
0 20.9 -0.75 BEB5B5 0.95
0 21.85 -0.75 C3BBBB 0.95
-2.85 2.85 -0.75 6F6A7B 0.95
-2.85 2.85 0.2000008 676375 0.95
-2.85 0 -3.6 B2B6C3 0.95
-2.85 0 -4.55 E4DFDC 0.95
-2.85 0 -2.65 95919D 0.95
-2.85 0 -1.700001 8E8994 0.95
-2.85 0 -0.75 8C8691 0.95
-2.85 0 0.2000008 86808C 0.95
-2.85 0 1.15 86808D 0.95
-2.85 0 2.1 86808D 0.95
-2.85 0 3.049999 87828F 0.95
-2.85 0 4 8D8793 0.95
-2.85 0 4.950001 8C8692 0.95
-2.85 0 5.9 898390 0.95
-2.85 0 6.85 8D8795 0.95
-2.85 0 7.799999 888391 0.95
-2.85 0 8.75 86818F 0.95
-2.85 0 9.700001 898492 0.95
-2.85 0 10.65 847E8D 0.95
-2.85 0 11.6 D9D1CF 0.95
-2.85 0 12.55 DAD3D1 0.95
-2.85 0.95 -3.6 A1A4B3 0.95
-2.85 0.95 11.6 C6BDBF 0.95
-2.85 1.9 -3.6 A7AAB8 0.95
-2.85 1.9 11.6 A09EAD 0.95
-2.85 2.85 -1.700001 D5CFCE 0.95
-2.85 2.85 -2.65 DAD5D5 0.95
-2.85 2.85 2.1 6F7187 0.95
0 2.85 0.2000008 847C88 0.95
-2.85 2.85 1.15 B1ABB0 0.95
-2.85 2.85 11.6 A4A3B2 0.95
-2.85 3.8 -1.700001 D0C9C9 0.95
-2.85 3.8 2.1 737489 0.95
0 3.8 0.2000008 7C7583 0.95
-2.85 3.8 1.15 797686 0.95
-2.85 3.8 11.6 A2A0AF 0.95
-2.85 4.75 -1.700001 C8C0C0 0.95
-2.85 4.75 2.1 707086 0.95
0 4.75 0.2000008 827B87 0.95
-2.85 4.75 1.15 85818E 0.95
-2.85 4.75 11.6 A9A8B6 0.95
0.95 5.7 -1.700001 E3DDDA 0.95
-2.85 5.7 5.9 7F8298 0.95
-2.85 5.7 1.15 CEC8C9 0.95
-2.85 5.7 2.1 ADB2C0 0.95
-2.85 5.7 3.049999 E1DDDC 0.95
-2.85 5.7 4 E3DFDD 0.95
-2.85 5.7 4.950001 D7D3D3 0.95
-2.85 5.7 11.6 A6A4B2 0.95
-2.85 6.65 -1.700001 CFC8C6 0.95
-2.85 6.65 5.9 8B8EA1 0.95
0 6.65 0.2000008 9E969D 0.95
-2.85 6.65 1.15 AFAAB0 0.95
-2.85 6.65 11.6 A5A4B2 0.95
-2.85 7.6 -1.700001 CEC7C6 0.95
0 7.6 0.2000008 A199A0 0.95
-2.85 7.6 1.15 BCB6BA 0.95
-2.85 6.65 6.85 E7E4E3 0.95
-2.85 6.65 7.799999 F1EDEA 0.95
-2.85 6.65 8.75 F1EDEA 0.95
-2.85 6.65 9.700001 F5F1ED 0.95
-2.85 6.65 10.65 E3E0DF 0.95
-2.85 12.35 -1.700001 91878E 0.95
0.95 8.55 -1.700001 998F95 0.95
-2.85 8.55 1.15 8F8A95 0.95
-2.85 9.5 -1.700001 D1C9C6 0.95
0 9.5 0.2000008 B0A8AD 0.95
-2.85 9.5 1.15 C8C2C4 0.95
-2.85 10.45 -1.700001 CCC4C3 0.95
0 10.45 0.2000008 B4ADB0 0.95
-2.85 10.45 1.15 C8C3C5 0.95
-2.85 11.4 -1.700001 C8C1C0 0.95
0 11.4 0.2000008 A9A1A6 0.95
-2.85 11.4 1.15 C6C0C2 0.95
-2.85 15.2 -1.700001 90858C 0.95
0 12.35 0.2000008 B8B1B3 0.95
-2.85 12.35 1.15 D3CDCC 0.95
-2.85 13.3 -1.700001 CFC8C6 0.95
0 13.3 0.2000008 BBB4B5 0.95
-2.85 13.3 1.15 CDC8C8 0.95
-2.85 14.25 -1.700001 CEC7C6 0.95
0 14.25 0.2000008 B6AEB1 0.95
-2.85 14.25 1.15 D3CDCC 0.95
-2.85 19 -1.700001 958B91 0.95
0 15.2 -1.700001 968C92 0.95
-2.85 16.15 -1.700001 CCC5C4 0.95
0 16.15 0.2000008 C1B9BA 0.95
-2.85 16.15 1.15 D7D0CE 0.95
-2.85 17.1 -1.700001 CFC8C6 0.95
0 17.1 0.2000008 BDB5B6 0.95
-2.85 17.1 1.15 D3CDCC 0.95
-2.85 18.05 -1.700001 C3BBBB 0.95
0 18.05 0.2000008 B6ADAF 0.95
-2.85 18.05 1.15 CEC5C5 0.95
0 19 0.2000008 C4BBBB 0.95
-2.85 19 1.15 DDD6D3 0.95
-2.85 19.95 -1.700001 CEC7C5 0.95
0 19.95 0.2000008 C2B8B9 0.95
-2.85 19.95 1.15 D5CECC 0.95
-2.85 20.9 -1.700001 CFC8C6 0.95
0 20.9 0.2000008 C6BDBC 0.95
-2.85 20.9 1.15 D8CFCD 0.95
-2.85 21.85 -1.700001 CFC8C7 0.95
0 21.85 0.2000008 CAC1C0 0.95
-2.85 21.85 1.15 D5CDCC 0.95
0 22.8 -0.75 CBC4C3 0.95
0 22.8 0.2000008 D1C8C7 0.95
0 23.75 -0.75 CDC5C3 0.95
0 23.75 0.2000008 D6CDCB 0.95
-1.9 24.7 -0.75 857B84 0.95
0 24.7 0.2000008 D4CCCB 0.95
-2.85 25.65 0.2000008 FDF8F3 0.95
-1.9 5.7 -1.700001 9D949A 0.95
-1.9 2.85 -0.75 6E697A 0.95
-1.9 2.85 0.2000008 6E6879 0.95
-1.9 0 -3.6 AFB3C0 0.95
-1.9 0 -4.55 E3DEDC 0.95
-1.9 0 -2.65 928D98 0.95
-1.9 0 -1.700001 8F8994 0.95
-1.9 0 -0.75 8F8993 0.95
-1.9 0 0.2000008 8A838E 0.95
-1.9 0 1.15 837C89 0.95
-1.9 0 2.1 8A8490 0.95
-1.9 0 3.049999 857F8D 0.95
-1.9 0 4 837E8C 0.95
-1.9 0 4.950001 898491 0.95
-1.9 0 5.9 898492 0.95
-1.9 0 6.85 888290 0.95
-1.9 0 7.799999 888391 0.95
-1.9 0 8.75 898491 0.95
-1.9 0 9.700001 8A8492 0.95
-1.9 0 10.65 827B8A 0.95
-1.9 0 11.6 DCD0CB 0.95
-1.9 0 12.55 DBD4D3 0.95
-1.9 0.95 -3.6 9395A5 0.95
-1.9 0.95 11.6 20273E 0.95
-1.9 1.9 -3.6 A1A4B2 0.95
-1.9 1.9 11.6 A3A2B1 0.95
-1.9 2.85 -1.700001 D2CCCA 0.95
-1.9 2.85 -2.65 DED9D7 0.95
-1.9 2.85 2.1 6E6F85 0.95
-1.9 2.85 1.15 A69FA6 0.95
-1.9 2.85 11.6 A4A4B2 0.95
-1.9 3.8 -1.700001 CDC6C5 0.95
-1.9 3.8 2.1 6F7085 0.95
-1.9 3.8 1.15 837D8A 0.95
-1.9 3.8 11.6 A5A4B3 0.95
-1.9 4.75 -1.700001 CAC3C2 0.95
-1.9 4.75 2.1 707186 0.95
-1.9 4.75 1.15 8F8893 0.95
-1.9 4.75 11.6 A3A2B1 0.95
-1.9 8.55 -1.700001 988E94 0.95
-1.9 5.7 5.9 797C92 0.95
-1.9 5.7 1.15 CCC6C6 0.95
-1.9 5.7 2.1 ACB1BF 0.95
-1.9 5.7 3.049999 DDD8D7 0.95
-1.9 5.7 4 DED9D8 0.95
-1.9 5.7 4.950001 D4D0D0 0.95
-1.9 5.7 11.6 A2A0AF 0.95
-1.9 6.65 -1.700001 CAC3C2 0.95
-1.9 6.65 5.9 8C8FA2 0.95
-1.9 6.65 1.15 BDB7B9 0.95
-1.9 6.65 11.6 A8A7B6 0.95
-1.9 7.6 -1.700001 CAC2C2 0.95
-1.9 7.6 1.15 BDB6B8 0.95
-1.9 6.65 6.85 EBE8E6 0.95
-1.9 6.65 7.799999 F6F2EE 0.95
-1.9 6.65 8.75 F7F3EF 0.95
-1.9 6.65 9.700001 FAF6F2 0.95
-1.9 6.65 10.65 E3E0DF 0.95
-1.9 8.55 1.15 958E97 0.95
-1.9 9.5 -1.700001 C9C2C1 0.95
-1.9 12.35 -1.700001 988E94 0.95
-1.9 9.5 1.15 C7C0C0 0.95
-1.9 10.45 -1.700001 CAC3C2 0.95
-1.9 10.45 1.15 CBC4C4 0.95
-1.9 11.4 -1.700001 C6BEBD 0.95
-1.9 11.4 1.15 C6BEBF 0.95
-1.9 15.2 -1.700001 948990 0.95
-1.9 12.35 1.15 CEC8C7 0.95
-1.9 13.3 -1.700001 C8C1C0 0.95
-1.9 13.3 1.15 CDC7C6 0.95
-1.9 14.25 -1.700001 C3BBBB 0.95
-1.9 14.25 1.15 CCC6C5 0.95
-1.9 19 -1.700001 988E93 0.95
0.95 15.2 1.15 A79EA3 0.95
-1.9 15.2 1.15 A49BA1 0.95
-1.9 16.15 -1.700001 CBC3C2 0.95
-1.9 16.15 1.15 CEC7C6 0.95
-1.9 17.1 -1.700001 CAC2C1 0.95
-1.9 17.1 1.15 CBC4C3 0.95
-1.9 18.05 -1.700001 C4BCBB 0.95
-1.9 18.05 1.15 CAC2C2 0.95
-1.9 19 1.15 D1C9C8 0.95
-1.9 19.95 -1.700001 CCC4C3 0.95
-1.9 19.95 1.15 CEC7C6 0.95
-1.9 20.9 -1.700001 CCC5C4 0.95
-1.9 20.9 1.15 CEC7C6 0.95
-1.9 21.85 -1.700001 CEC7C6 0.95
-1.9 21.85 1.15 D2CBCA 0.95
-1.9 22.8 -0.75 CDC6C5 0.95
-1.9 21.85 0.2000008 E3DEDA 0.95
-1.9 22.8 0.2000008 D0C9C8 0.95
-1.9 23.75 -0.75 CFC8C6 0.95
-1.9 23.75 0.2000008 CFC8C7 0.95
0 24.7 -0.75 D1C9C7 0.95
-1.9 24.7 0.2000008 D2CAC9 0.95
-1.9 25.65 -0.75 F5F0EC 0.95
-0.95 0 -3.6 B2B6C4 0.95
-0.95 0 -4.55 E2DDDA 0.95
-0.95 0 -2.65 938E9A 0.95
-0.95 0 -1.700001 98919A 0.95
-0.95 0 -0.75 8E8791 0.95
-0.95 0 0.2000008 837D89 0.95
-0.95 0 1.15 857E8A 0.95
-0.95 0 2.1 88828F 0.95
-0.95 0 3.049999 86808D 0.95
-0.95 0 4 827D8B 0.95
-0.95 0 4.950001 847E8C 0.95
-0.95 0 5.9 85808E 0.95
-0.95 0 6.85 847F8D 0.95
-0.95 0 7.799999 888391 0.95
-0.95 0 8.75 898391 0.95
-0.95 0 9.700001 8A8491 0.95
-0.95 0 10.65 817B8A 0.95
-0.95 0 11.6 DBCFCA 0.95
-0.95 0 12.55 DBD4D2 0.95
-0.95 0.95 -3.6 A0A2B2 0.95
-0.95 0.95 11.6 20263D 0.95
-0.95 1.9 -3.6 A7AAB8 0.95
-0.95 1.9 11.6 9F9EAD 0.95
-0.95 2.85 2.1 707187 0.95
-0.95 2.85 -2.65 DAD5D3 0.95
-0.95 2.85 -1.700001 E8E3DF 0.95
-0.95 2.85 -0.75 D2CCCB 0.95
-0.95 2.85 0.2000008 B7B0B3 0.95
-0.95 2.85 1.15 B0AAAF 0.95
-0.95 2.85 11.6 A4A4B3 0.95
-0.95 3.8 2.1 76768B 0.95
-0.95 3.8 -0.75 B1A8AB 0.95
-1.9 3.8 0.2000008 88808B 0.95
-0.95 3.8 11.6 A09FAE 0.95
-0.95 4.75 2.1 737488 0.95
-0.95 4.75 -0.75 AAA1A5 0.95
-1.9 4.75 0.2000008 8D8690 0.95
-0.95 4.75 11.6 A6A6B4 0.95
-0.95 5.7 -0.75 CAC3C2 0.95
-0.95 5.7 0.2000008 C5BEBE 0.95
-0.95 5.7 2.1 A6AAB9 0.95
1.9 5.7 3.049999 BCB5B7 0.95
-0.95 5.7 5.9 71748B 0.95
1.9 5.7 4 AEA6A9 0.95
1.9 5.7 4.950001 A7A0A5 0.95
-0.95 5.7 11.6 A4A2B1 0.95
-0.95 6.65 -0.75 B2A9AC 0.95
-1.9 6.65 0.2000008 A9A1A6 0.95
1.9 6.65 3.049999 C4BDBE 0.95
-0.95 6.65 4 E2DDDB 0.95
-0.95 6.65 5.9 85879B 0.95
-0.95 6.65 11.6 A5A3B1 0.95
-0.95 7.6 -0.75 A89FA3 0.95
-1.9 7.6 0.2000008 ABA2A6 0.95
-0.95 7.6 3.049999 F3EFEB 0.95
-0.95 7.6 4.950001 F1EDEA 0.95
-0.95 6.65 6.85 F0ECEA 0.95
-0.95 6.65 7.799999 F5F0EC 0.95
-0.95 6.65 8.75 F4F0EC 0.95
-0.95 6.65 9.700001 F6F1ED 0.95
-0.95 6.65 10.65 E4E0DF 0.95
-0.95 8.55 -0.75 857B84 0.95
-0.95 8.55 0.2000008 89818B 0.95
-0.95 9.5 -0.75 B0A7AA 0.95
-1.9 9.5 0.2000008 B8AFB1 0.95
-0.95 10.45 -0.75 B3ABAD 0.95
-1.9 10.45 0.2000008 BCB4B5 0.95
-0.95 11.4 -0.75 AEA5A8 0.95
-1.9 11.4 0.2000008 B4ABAD 0.95
-0.95 12.35 -0.75 B8AFB0 0.95
-1.9 12.35 0.2000008 BBB3B4 0.95
-0.95 13.3 -0.75 B5ADAE 0.95
-1.9 13.3 0.2000008 BBB3B4 0.95
-0.95 14.25 -0.75 B5ACAE 0.95
-1.9 14.25 0.2000008 BDB4B5 0.95
-0.95 15.2 -0.75 938990 0.95
-0.95 15.2 0.2000008 968C93 0.95
-0.95 16.15 -0.75 BAB2B2 0.95
-1.9 16.15 0.2000008 BEB6B6 0.95
-0.95 17.1 -0.75 B3AAAC 0.95
-1.9 17.1 0.2000008 BEB5B6 0.95
-0.95 18.05 -0.75 B0A6A8 0.95
-1.9 18.05 0.2000008 B1A8AB 0.95
-0.95 19 -0.75 C2BAB9 0.95
-1.9 19 0.2000008 C4BCBC 0.95
-0.95 19.95 -0.75 BEB5B6 0.95
-1.9 19.95 0.2000008 C1B9B9 0.95
-0.95 20.9 -0.75 BFB7B7 0.95
-1.9 20.9 0.2000008 C5BDBD 0.95
-0.95 21.85 -0.75 C8C0C0 0.95
0 0 -3.6 B2B6C3 0.95
0 0 -4.55 E3DEDC 0.95
0 0 -2.65 938E99 0.95
0 0 -1.700001 97909A 0.95
0 0 -0.75 908993 0.95
0 0 0.2000008 8A838E 0.95
0 0 1.15 867F8B 0.95
0 0 2.1 88818E 0.95
0 0 3.049999 827C8A 0.95
0 0 4 847F8C 0.95
0 0 4.950001 88828F 0.95
0 0 5.9 86808E 0.95
0 0 6.85 87818E 0.95
0 0 7.799999 8F8995 0.95
0 0 8.75 888491 0.95
0 0 9.700001 878291 0.95
0 0 10.65 817C8C 0.95
0 0 11.6 D3CCCB 0.95
0 0 12.55 D9D2D2 0.95
0 0.95 -3.6 9496A6 0.95
0 0.95 11.6 9B9DAD 0.95
0 1.9 -3.6 A8ABBA 0.95
0 1.9 11.6 A0A0AF 0.95
0 2.85 -2.65 DCD7D5 0.95
0 2.85 -1.700001 EBE6E2 0.95
0 2.85 2.1 707287 0.95
0 2.85 1.15 AAA3A9 0.95
0 2.85 11.6 A4A3B2 0.95
0 3.8 2.1 6C6D82 0.95
0 3.8 11.6 A3A2B1 0.95
0 4.75 2.1 6F6F84 0.95
0 4.75 11.6 A3A3B1 0.95
0 5.7 -1.700001 D8D2D0 0.95
0 5.7 3.049999 BAB4B7 0.95
0 5.7 2.1 A4A7B6 0.95
0 5.7 5.9 5B5E78 0.95
0 5.7 4 9F979E 0.95
0 5.7 4.950001 A099A0 0.95
0 5.7 11.6 A4A4B3 0.95
0 6.65 3.049999 BEB7B9 0.95
0 6.65 4.950001 B8B0B4 0.95
0 6.65 4 988E98 0.95
0 6.65 5.9 8E91A3 0.95
0 6.65 6.85 8F8893 0.95
1.9 6.65 7.799999 8D8590 0.95
1.9 6.65 8.75 938B94 0.95
1.9 6.65 9.700001 968E98 0.95
0 6.65 11.6 A7A7B6 0.95
0 7.6 3.049999 F8F3EF 0.95
0 7.6 4.950001 FAF6F1 0.95
0 7.6 7.799999 222A41 0.95
0 7.6 8.75 222940 0.95
0 7.6 9.700001 212940 0.95
0 6.65 10.65 E1DDDB 0.95
0 8.55 -1.700001 91878E 0.95
0 15.2 1.15 A0989E 0.95
0.95 2.85 -0.75 726C7C 0.95
0.95 2.85 0.2000008 6F6979 0.95
0.95 5.7 1.15 6C687B 0.95
0.95 5.7 4 787485 0.95
0.95 6.65 7.799999 736E7F 0.95
0.95 6.65 8.75 716C7F 0.95
0.95 6.65 9.700001 736F82 0.95
0.95 0 -3.6 B0B4C1 0.95
0.95 0 -4.55 E3DEDB 0.95
0.95 0 -2.65 98939D 0.95
0.95 0 -1.700001 99929C 0.95
0.95 0 -0.75 928B95 0.95
0.95 0 0.2000008 8A838E 0.95
0.95 0 1.15 8B8590 0.95
0.95 0 2.1 88828F 0.95
0.95 0 3.049999 89838F 0.95
0.95 0 4 85808E 0.95
0.95 0 4.950001 878290 0.95
0.95 0 5.9 88828F 0.95
0.95 0 6.85 85808E 0.95
0.95 0 7.799999 8B8694 0.95
0.95 0 8.75 85808F 0.95
0.95 0 9.700001 837E8D 0.95
0.95 0 10.65 888391 0.95
0.95 0 11.6 D1CACA 0.95
0.95 0 12.55 D9D3D2 0.95
0.95 0.95 -3.6 A1A3B2 0.95
0.95 0.95 11.6 9794A5 0.95
0.95 1.9 -3.6 A9ACBA 0.95
0.95 1.9 11.6 A1A0AF 0.95
0.95 2.85 -1.700001 D6D0CF 0.95
0.95 2.85 -2.65 E0DBDA 0.95
0.95 2.85 2.1 6E6F85 0.95
0.95 2.85 1.15 AFA9AE 0.95
0.95 2.85 11.6 A2A1B0 0.95
0.95 3.8 -1.700001 CDC6C5 0.95
0.95 3.8 2.1 78798E 0.95
0.95 3.8 1.15 757283 0.95
0.95 3.8 11.6 A7A7B5 0.95
0.95 4.75 -1.700001 CDC6C5 0.95
0.95 4.75 2.1 747489 0.95
0.95 4.75 1.15 87828F 0.95
0.95 4.75 11.6 A5A5B3 0.95
0.95 5.7 3.049999 C0B9BB 0.95
0.95 8.55 1.15 999199 0.95
0.95 5.7 2.1 B2B6C3 0.95
0.95 5.7 5.9 72758C 0.95
0.95 5.7 4.950001 BEB7BA 0.95
0.95 5.7 11.6 A6A6B5 0.95
0.95 6.65 -1.700001 CCC4C3 0.95
0.95 6.65 5.9 9194A6 0.95
0.95 6.65 1.15 BDB7BA 0.95
0.95 6.65 3.049999 D9D4D3 0.95
0.95 6.65 4 E8E3E1 0.95
0.95 6.65 4.950001 D1CBCC 0.95
0.95 6.65 6.85 8C8590 0.95
0.95 6.65 11.6 A8A9B7 0.95
0.95 7.6 -1.700001 CDC6C4 0.95
0.95 7.6 6.85 C5BFC0 0.95
0.95 7.6 1.15 C5BFC0 0.95
0.95 6.65 10.65 DBD6D5 0.95
0.95 12.35 -1.700001 968C92 0.95
0.95 9.5 -1.700001 CFC8C7 0.95
0.95 12.35 1.15 9F969E 0.95
0.95 9.5 1.15 E5E0DD 0.95
0.95 10.45 -1.700001 CDC5C4 0.95
0.95 10.45 1.15 CCC6C7 0.95
0.95 11.4 -1.700001 CDC5C4 0.95
0.95 11.4 1.15 C9C3C3 0.95
0.95 15.2 -1.700001 978D93 0.95
0.95 13.3 -1.700001 CCC5C3 0.95
0.95 13.3 1.15 D2CBCB 0.95
0.95 14.25 -1.700001 CDC6C5 0.95
0.95 14.25 1.15 CFC9C9 0.95
0.95 19 -1.700001 968C91 0.95
0.95 19 1.15 A1979D 0.95
0.95 16.15 -1.700001 D0C9C8 0.95
0.95 16.15 1.15 EBE5E2 0.95
0.95 17.1 -1.700001 CFC8C7 0.95
0.95 17.1 1.15 D3CCCB 0.95
0.95 18.05 -1.700001 C8C1C0 0.95
0.95 18.05 1.15 CCC4C3 0.95
0.95 19.95 -1.700001 CDC5C4 0.95
0.95 19.95 1.15 D6CFCD 0.95
0.95 20.9 -1.700001 D1CAC8 0.95
0.95 20.9 1.15 D6CFCD 0.95
0.95 21.85 -1.700001 CFC8C6 0.95
0.95 21.85 1.15 D0C8C7 0.95
0.95 22.8 -0.75 CFC8C6 0.95
0.95 22.8 0.2000008 D4CCCA 0.95
0.95 23.75 -0.75 D1CAC8 0.95
0.95 23.75 0.2000008 D6CFCD 0.95
0.95 24.7 -0.75 D2CBC9 0.95
0.95 24.7 0.2000008 867B84 0.95
0.95 25.65 0.2000008 FCF7F2 0.95
1.9 2.85 -0.75 736E7E 0.95
1.9 2.85 0.2000008 706A7A 0.95
1.9 0 -3.6 AFB3C1 0.95
1.9 0 -4.55 E5E0DE 0.95
1.9 0 -2.65 97929C 0.95
1.9 0 -1.700001 99939C 0.95
1.9 0 -0.75 9D979F 0.95
1.9 0 0.2000008 938D97 0.95
1.9 0 1.15 908994 0.95
1.9 0 2.1 8C8592 0.95
1.9 0 3.049999 857F8D 0.95
1.9 0 4 857F8D 0.95
1.9 0 4.950001 88828F 0.95
1.9 0 5.9 847F8D 0.95
1.9 0 6.85 86808E 0.95
1.9 0 7.799999 878290 0.95
1.9 0 8.75 87828F 0.95
1.9 0 9.700001 847F8D 0.95
1.9 0 10.65 837E8D 0.95
1.9 0 11.6 D2CCCB 0.95
1.9 0 12.55 D4CFCE 0.95
1.9 0.95 -3.6 9395A5 0.95
1.9 0.95 11.6 21283F 0.95
1.9 1.9 -3.6 A5A7B5 0.95
1.9 1.9 11.6 A2A3B2 0.95
1.9 2.85 -1.700001 E1DCD9 0.95
1.9 2.85 -2.65 E3DEDC 0.95
1.9 2.85 2.1 888B9E 0.95
1.9 2.85 1.15 C9C4C6 0.95
1.9 2.85 11.6 A1A1B0 0.95
1.9 3.8 -1.700001 D6D0CE 0.95
1.9 3.8 2.1 8E90A2 0.95
1.9 3.8 0.2000008 B0ABB1 0.95
1.9 3.8 11.6 A3A3B2 0.95
1.9 4.75 -1.700001 D4CDCC 0.95
1.9 4.75 2.1 8A8C9E 0.95
1.9 4.75 0.2000008 B7B0B4 0.95
1.9 4.75 11.6 A5A6B4 0.95
1.9 5.7 -1.700001 EBE6E2 0.95
1.9 5.7 1.15 E0DBD8 0.95
1.9 5.7 2.1 B4B9C6 0.95
1.9 5.7 5.9 676982 0.95
5.7 5.7 4 E2A25D 0.95
5.7 5.7 4.950001 915D47 0.95
1.9 5.7 11.6 A5A6B4 0.95
1.9 6.65 -1.700001 D6D0CE 0.95
1.9 6.65 0.2000008 C6BFC0 0.95
1.9 6.65 4.950001 CCC5C6 0.95
1.9 6.65 4 D7D2D1 0.95
1.9 6.65 5.9 8E90A2 0.95
1.9 6.65 11.6 A7A7B6 0.95
1.9 7.6 -1.700001 D1CAC8 0.95
1.9 7.6 0.2000008 CDC6C6 0.95
1.9 7.6 3.049999 FBF6F2 0.95
1.9 6.65 6.85 E7E3E1 0.95
3.8 7.6 7.799999 ACA3A7 0.95
3.8 7.6 8.75 AEA4A7 0.95
3.8 7.6 9.700001 B0A7AA 0.95
1.9 6.65 10.65 DED9D8 0.95
1.9 8.55 -1.700001 9D9398 0.95
1.9 8.55 0.2000008 9E9399 0.95
1.9 9.5 -1.700001 D3CDCB 0.95
1.9 9.5 0.2000008 D1C9C7 0.95
1.9 10.45 -1.700001 D0C9C7 0.95
1.9 10.45 0.2000008 D3CDCB 0.95
1.9 11.4 -1.700001 CDC6C5 0.95
1.9 11.4 0.2000008 D1CAC9 0.95
1.9 12.35 -1.700001 D8D2D0 0.95
1.9 12.35 0.2000008 DFD7D5 0.95
1.9 13.3 -1.700001 D0C9C8 0.95
1.9 13.3 0.2000008 D4CDCB 0.95
1.9 14.25 -1.700001 CFC8C6 0.95
1.9 14.25 0.2000008 D2CBC9 0.95
1.9 15.2 -1.700001 9D9397 0.95
1.9 15.2 1.15 A69DA2 0.95
1.9 16.15 -1.700001 D4CECC 0.95
1.9 16.15 0.2000008 D3CCCB 0.95
1.9 17.1 -1.700001 D1CAC8 0.95
1.9 17.1 0.2000008 D0C9C8 0.95
1.9 18.05 -1.700001 CCC4C3 0.95
1.9 18.05 0.2000008 CDC6C5 0.95
1.9 19 -1.700001 D8D2CF 0.95
1.9 19 0.2000008 D8D1CF 0.95
1.9 19.95 -1.700001 D1CAC9 0.95
1.9 19.95 0.2000008 D2CBC9 0.95
1.9 20.9 -1.700001 D1CBC9 0.95
1.9 20.9 0.2000008 D3CDCB 0.95
1.9 21.85 -1.700001 D1CBC9 0.95
1.9 21.85 0.2000008 D2CBCA 0.95
1.9 21.85 -0.75 EBE6E2 0.95
1.9 22.8 -0.75 D0C9C7 0.95
1.9 22.8 0.2000008 D5CECC 0.95
1.9 23.75 -0.75 D1CAC9 0.95
1.9 23.75 0.2000008 D5CECC 0.95
1.9 24.7 -0.75 D3CCCA 0.95
1.9 24.7 0.2000008 D0C9C7 0.95
2.85 6.65 4 504B69 0.95
2.85 6.65 4.950001 534E6D 0.95
2.85 6.65 7.799999 6F6A7D 0.95
2.85 6.65 8.75 726E80 0.95
2.85 6.65 9.700001 726E80 0.95
2.85 0 -3.6 AFB3C1 0.95
2.85 0 -4.55 E3DEDC 0.95
2.85 0 -2.65 9A96A0 0.95
2.85 0 -1.700001 9D97A0 0.95
2.85 0 -0.75 A09AA2 0.95
2.85 0 0.2000008 98929B 0.95
2.85 0 1.15 958E97 0.95
2.85 0 2.1 8C8693 0.95
2.85 0 3.049999 878290 0.95
2.85 0 4 87808D 0.95
2.85 0 4.950001 8A8390 0.95
2.85 0 5.9 817C8B 0.95
2.85 0 6.85 888390 0.95
2.85 0 7.799999 8B8593 0.95
2.85 0 8.75 85808E 0.95
2.85 0 9.700001 837F8E 0.95
2.85 0 10.65 817C8B 0.95
2.85 0 11.6 D3CDCD 0.95
2.85 0 12.55 D9D4D3 0.95
2.85 0.95 -3.6 989AAA 0.95
2.85 0.95 11.6 8F8D9E 0.95
2.85 1.9 -3.6 A8ABB9 0.95
2.85 1.9 11.6 A4A5B3 0.95
2.85 2.85 2.1 9C9FB0 0.95
2.85 2.85 -2.65 E5E0DE 0.95
2.85 2.85 -1.700001 F9F4EF 0.95
2.85 2.85 -0.75 F1ECE8 0.95
2.85 2.85 0.2000008 E7E2E0 0.95
2.85 2.85 1.15 DBD7D7 0.95
2.85 2.85 11.6 A2A2B1 0.95
2.85 3.8 2.1 9EA1B1 0.95
1.9 3.8 -0.75 D5D0CE 0.95
2.85 3.8 11.6 A5A6B4 0.95
2.85 4.75 2.1 9C9FAF 0.95
1.9 4.75 -0.75 D3CDCB 0.95
2.85 4.75 11.6 A4A4B3 0.95
2.85 5.7 3.049999 CEC9C9 0.95
1.9 5.7 -0.75 ECE6E2 0.95
1.9 5.7 0.2000008 E7E1DE 0.95
2.85 5.7 2.1 B7BCC8 0.95
2.85 5.7 5.9 63657E 0.95
2.85 5.7 4 B1A8AB 0.95
2.85 5.7 4.950001 A49BA1 0.95
2.85 5.7 11.6 A5A4B3 0.95
2.85 6.65 3.049999 D2CCCB 0.95
1.9 6.65 -0.75 D2CAC8 0.95
2.85 6.65 5.9 8B8D9F 0.95
2.85 6.65 6.85 8A838F 0.95
2.85 6.65 11.6 A7A7B6 0.95
1.9 7.6 -0.75 D4CCCA 0.95
2.85 7.6 3.049999 FBF7F2 0.95
2.85 7.6 7.799999 242C43 0.95
2.85 7.6 8.75 242C43 0.95
2.85 7.6 9.700001 232A42 0.95
2.85 6.65 10.65 DBD7D7 0.95
1.9 8.55 -0.75 A2989C 0.95
1.9 9.5 -0.75 D5CECD 0.95
1.9 10.45 -0.75 D2CBC9 0.95
1.9 11.4 -0.75 CDC6C5 0.95
1.9 12.35 -0.75 DAD3D1 0.95
1.9 13.3 -0.75 D4CDCB 0.95
1.9 14.25 -0.75 D2CAC8 0.95
2.85 15.2 -0.75 9C9297 0.95
2.85 15.2 0.2000008 A1979B 0.95
1.9 16.15 -0.75 D2CBC9 0.95
1.9 17.1 -0.75 D1CAC8 0.95
1.9 18.05 -0.75 CBC4C3 0.95
1.9 19 -0.75 D7D1CF 0.95
1.9 19.95 -0.75 D4CDCB 0.95
1.9 20.9 -0.75 D2CBC9 0.95
3.8 6.65 7.799999 706C7E 0.95
3.8 6.65 8.75 716D80 0.95
3.8 6.65 9.700001 716D7F 0.95
3.8 0 -3.6 AFB3C1 0.95
3.8 0 -4.55 E7E2DF 0.95
3.8 0 -2.65 9B97A2 0.95
3.8 0 -1.700001 9D98A2 0.95
3.8 0 -0.75 9F9AA4 0.95
3.8 0 0.2000008 9A949E 0.95
3.8 0 1.15 97919C 0.95
3.8 0 2.1 928C97 0.95
3.8 0 3.049999 8A838F 0.95
3.8 0 4 87818F 0.95
3.8 0 4.950001 837D8B 0.95
3.8 0 5.9 888290 0.95
3.8 0 6.85 87818E 0.95
3.8 0 7.799999 847F8E 0.95
3.8 0 8.75 87818F 0.95
3.8 0 9.700001 847F8D 0.95
3.8 0 10.65 837F8E 0.95
3.8 0 11.6 D1CCCC 0.95
3.8 0 12.55 DBD5D4 0.95
3.8 0.95 -3.6 989BAB 0.95
3.8 0.95 11.6 20273E 0.95
3.8 1.9 -3.6 A8ABB9 0.95
3.8 1.9 11.6 A2A2B1 0.95
3.8 2.85 2.1 9B9FAF 0.95
3.8 2.85 -2.65 E4E0DE 0.95
3.8 2.85 -1.700001 F9F5F1 0.95
3.8 2.85 -0.75 F6F2ED 0.95
3.8 2.85 0.2000008 EDE9E6 0.95
3.8 2.85 1.15 E2DEDC 0.95
3.8 2.85 11.6 A3A3B1 0.95
3.8 3.8 2.1 A6AAB9 0.95
3.8 3.8 11.6 A6A6B5 0.95
3.8 4.75 2.1 A5A9B7 0.95
3.8 4.75 11.6 A6A6B5 0.95
3.8 5.7 5.9 888BA0 0.95
3.8 5.7 2.1 BBC0CC 0.95
3.8 5.7 3.049999 E7E1DE 0.95
3.8 5.7 4 E2DCDA 0.95
3.8 5.7 4.950001 DED9D7 0.95
3.8 5.7 11.6 A6A6B5 0.95
3.8 6.65 5.9 999BAA 0.95
3.8 6.65 3.049999 DED5D2 0.95
3.8 6.65 6.85 8E8894 0.95
3.8 6.65 11.6 A4A4B3 0.95
3.8 7.6 6.85 B9B2B5 0.95
4.75 7.6 7.799999 8E90A3 0.95
4.75 7.6 8.75 8C8FA2 0.95
4.75 7.6 9.700001 9597A9 0.95
3.8 6.65 10.65 CAC6C8 0.95
3.8 8.55 7.799999 E3DEDC 0.95
3.8 8.55 8.75 E2DCDA 0.95
3.8 8.55 9.700001 E6E1DE 0.95
4.75 0 -3.6 B4B9C6 0.95
4.75 0 -4.55 EAE5E2 0.95
4.75 0 -2.65 928F9D 0.95
4.75 0 -1.700001 96939F 0.95
4.75 0 -0.75 96939F 0.95
4.75 0 0.2000008 928E9B 0.95
4.75 0 1.15 908D9A 0.95
4.75 0 2.1 8A8491 0.95
4.75 0 3.049999 8A8491 0.95
4.75 0 4 847D8B 0.95
4.75 0 4.950001 857E8C 0.95
4.75 0 5.9 88828F 0.95
4.75 0 6.85 847F8D 0.95
4.75 0 7.799999 827D8C 0.95
4.75 0 8.75 827E8D 0.95
4.75 0 9.700001 827D8C 0.95
4.75 0 10.65 837E8D 0.95
4.75 0 11.6 D2CCCC 0.95
4.75 0 12.55 D8D2D1 0.95
4.75 0.95 -3.6 A6A9B8 0.95
4.75 0.95 11.6 D9D1CF 0.95
4.75 1.9 -3.6 A7AAB8 0.95
4.75 1.9 11.6 A0A1B0 0.95
4.75 2.85 2.1 A6AABA 0.95
4.75 2.85 -2.65 C6CBD6 0.95
4.75 2.85 -1.700001 C2C8D3 0.95
4.75 2.85 -0.75 C1C6D1 0.95
4.75 2.85 0.2000008 BCC1CE 0.95
4.75 2.85 1.15 B4BAC8 0.95
4.75 2.85 11.6 A0A0AF 0.95
4.75 3.8 2.1 A8ACBA 0.95
4.75 3.8 11.6 A4A4B3 0.95
4.75 4.75 2.1 A0A3B2 0.95
4.75 4.75 11.6 A7A8B7 0.95
4.75 5.7 5.9 9596A7 0.95
4.75 5.7 2.1 C2C7D2 0.95
4.75 5.7 3.049999 C0C4D0 0.95
4.75 5.7 4 BBC0CD 0.95
4.75 5.7 4.950001 B4B7C4 0.95
4.75 5.7 11.6 A7A7B6 0.95
4.75 6.65 5.9 A2A3B0 0.95
4.75 6.65 11.6 A6A7B5 0.95
5.7 0 2.1 9A9EB1 0.95
5.7 0 -4.55 EFEBE7 0.95
5.7 0 -3.6 EEE9E6 0.95
5.7 0 -2.65 E2DEDD 0.95
5.7 0 -1.700001 D9D5D4 0.95
5.7 0 -0.75 D5D1D1 0.95
5.7 0 0.2000008 D0CBCC 0.95
5.7 0 1.15 CAC6C8 0.95
5.7 0 3.049999 898290 0.95
5.7 0 4 89818D 0.95
5.7 0 4.950001 86808E 0.95
5.7 0 5.9 8B8390 0.95
5.7 0 6.85 85808E 0.95
5.7 0 7.799999 85808E 0.95
5.7 0 8.75 817D8D 0.95
5.7 0 9.700001 827E8E 0.95
5.7 0 10.65 817C8C 0.95
5.7 0 11.6 D3CDCD 0.95
5.7 0 12.55 D7D1D0 0.95
5.7 0.95 2.1 9FA3B5 0.95
4.75 0.95 -2.65 B3B7C4 0.95
4.75 0.95 -1.700001 AFB4C2 0.95
4.75 0.95 -0.75 ABAFBE 0.95
4.75 0.95 0.2000008 A5AABA 0.95
4.75 0.95 1.15 9CA0B2 0.95
5.7 0.95 11.6 21283F 0.95
5.7 1.9 2.1 A2A7B7 0.95
4.75 1.9 -2.65 B0B4C1 0.95
4.75 1.9 -1.700001 AEB3C1 0.95
4.75 1.9 -0.75 AAAEBD 0.95
4.75 1.9 0.2000008 A8ACBC 0.95
4.75 1.9 1.15 A0A5B6 0.95
5.7 1.9 11.6 A3A3B2 0.95
5.7 2.85 2.1 A7AAB9 0.95
5.7 2.85 11.6 A0A0AF 0.95
5.7 3.8 5.9 6E687A 0.95
5.7 3.8 2.1 BABCC7 0.95
4.75 3.8 3.049999 908C9A 0.95
5.7 3.8 4 A99A9B 0.95
4.75 3.8 4 7A7282 0.95
5.7 3.8 4.950001 A69698 0.95
4.75 3.8 4.950001 6D6678 0.95
4.75 3.8 5.9 666074 0.95
5.7 3.8 11.6 A4A5B4 0.95
5.7 4.75 5.9 726B7B 0.95
4.75 4.75 3.049999 9D98A3 0.95
4.75 4.75 4 847A87 0.95
4.75 4.75 4.950001 716979 0.95
4.75 4.75 5.9 635C6E 0.95
5.7 4.75 11.6 A6A8B6 0.95
5.7 5.7 11.6 A2A2B1 0.95
5.7 6.65 5.9 A7A5B1 0.95
5.7 6.65 11.6 A6A7B6 0.95
5.7 7.6 5.9 A4A4B1 0.95
5.7 7.6 11.6 A8A9B8 0.95
5.7 8.55 5.9 A4A5B3 0.95
5.7 8.55 11.6 A8AAB8 0.95
5.7 9.5 5.9 A3A5B3 0.95
5.7 9.5 11.6 A7A9B8 0.95
5.7 10.45 5.9 A1A2B1 0.95
5.7 10.45 11.6 A9ABB9 0.95
5.7 11.4 6.85 F7F4F0 0.95
5.7 11.4 7.799999 FFFFFB 0.95
5.7 11.4 8.75 FFFFFB 0.95
5.7 11.4 9.700001 FFFFFC 0.95
5.7 11.4 10.65 F3F0ED 0.95
6.65 4.75 4 AC6045 0.95
6.65 5.7 4.950001 915241 0.95
6.65 6.65 5.9 925041 0.95
6.65 0 2.1 A4A8B8 0.95
6.65 0 -4.55 EFEAE6 0.95
6.65 0 -3.6 EEEAE6 0.95
6.65 0 -2.65 EAE6E3 0.95
6.65 0 -1.700001 E6E2E0 0.95
6.65 0 -0.75 E2DDDC 0.95
6.65 0 0.2000008 DDD9D8 0.95
6.65 0 1.15 D2CECF 0.95
6.65 0 3.049999 88828F 0.95
6.65 0 4 867E8B 0.95
6.65 0 4.950001 87818E 0.95
6.65 0 5.9 857F8D 0.95
6.65 0 6.85 888391 0.95
6.65 0 7.799999 86808F 0.95
6.65 0 8.75 817D8D 0.95
6.65 0 9.700001 85818F 0.95
6.65 0 10.65 817D8D 0.95
6.65 0 11.6 D5D0CF 0.95
6.65 0 12.55 DCD7D5 0.95
6.65 0.95 2.1 A6ABBB 0.95
6.65 0.95 11.6 A2A3B2 0.95
6.65 1.9 2.1 A9ADBC 0.95
6.65 1.9 11.6 A1A2B1 0.95
6.65 2.85 2.1 A9ADBB 0.95
6.65 2.85 11.6 A5A6B5 0.95
6.65 3.8 3.049999 EBA05A 0.95
6.65 3.8 2.1 BDC0CB 0.95
7.6 3.8 3.049999 DC9255 0.95
6.65 3.8 4 B49B96 0.95
6.65 3.8 5.9 766F80 0.95
6.65 3.8 4.950001 AE9C9C 0.95
6.65 3.8 11.6 A5A6B5 0.95
6.65 4.75 3.049999 F7AC5F 0.95
7.6 4.75 4 9E5340 0.95
6.65 4.75 5.9 736979 0.95
6.65 4.75 11.6 A8A9B7 0.95
6.65 5.7 4 FCB462 0.95
7.6 5.7 4 EFA45B 0.95
6.65 5.7 5.9 6B5864 0.95
7.6 5.7 4.950001 934C3E 0.95
7.6 5.7 5.9 834A3F 0.95
6.65 5.7 11.6 A7A8B6 0.95
6.65 6.65 4.950001 F8B061 0.95
6.65 6.65 11.6 A7A8B7 0.95
6.65 7.6 5.9 A7A5B1 0.95
6.65 7.6 11.6 A7A9B7 0.95
6.65 8.55 5.9 A2A3B2 0.95
6.65 8.55 11.6 A9ABB9 0.95
6.65 9.5 5.9 A5A6B4 0.95
6.65 9.5 11.6 AAABB9 0.95
6.65 10.45 5.9 A2A4B2 0.95
6.65 10.45 11.6 AAABB9 0.95
6.65 11.4 6.85 FDFAF6 0.95
6.65 11.4 7.799999 FFFFFF 0.95
6.65 11.4 8.75 FFFFFF 0.95
6.65 11.4 9.700001 CFD5DF 0.95
6.65 11.4 10.65 F7F4F0 0.95
7.6 0 2.1 A9ADBC 0.95
7.6 0 -4.55 F0EBE7 0.95
7.6 0 -3.6 EFEAE6 0.95
7.6 0 -2.65 EFEBE7 0.95
7.6 0 -1.700001 EAE6E3 0.95
7.6 0 -0.75 E7E2E0 0.95
7.6 0 0.2000008 E4E0DE 0.95
7.6 0 1.15 DAD6D5 0.95
7.6 0 3.049999 898492 0.95
7.6 0 4 87808E 0.95
7.6 0 4.950001 867F8D 0.95
7.6 0 5.9 8A8390 0.95
7.6 0 6.85 898390 0.95
7.6 0 7.799999 86808D 0.95
7.6 0 8.75 817C8B 0.95
7.6 0 9.700001 85818F 0.95
7.6 0 10.65 84808F 0.95
7.6 0 11.6 D7D2D1 0.95
7.6 0 12.55 DDD8D6 0.95
7.6 0.95 2.1 AAAFBE 0.95
7.6 0.95 11.6 A2A4B3 0.95
7.6 1.9 2.1 AAADBC 0.95
7.6 1.9 11.6 A3A4B3 0.95
7.6 2.85 2.1 A9ADBB 0.95
7.6 2.85 11.6 9E9FAE 0.95
7.6 3.8 2.1 C4C7D1 0.95
7.6 3.8 5.9 837C8B 0.95
7.6 3.8 4 B59790 0.95
7.6 3.8 4.950001 C9BAB7 0.95
7.6 3.8 11.6 A4A6B4 0.95
7.6 4.75 3.049999 FEBE68 0.95
7.6 4.75 5.9 817987 0.95
7.6 4.75 11.6 A6A7B5 0.95
7.6 5.7 11.6 A4A6B5 0.95
7.6 6.65 5.9 B1A6A9 0.95
7.6 6.65 4 FFC56C 0.95
7.6 6.65 4.950001 FFC26B 0.95
7.6 6.65 11.6 A6A8B6 0.95
7.6 7.6 5.9 A7A7B3 0.95
7.6 7.6 11.6 A8AAB8 0.95
7.6 8.55 5.9 A5A6B3 0.95
7.6 8.55 11.6 A9ABB9 0.95
7.6 9.5 5.9 ABAEBB 0.95
7.6 9.5 11.6 AAACB9 0.95
7.6 10.45 5.9 A6A9B7 0.95
7.6 10.45 11.6 A9AAB9 0.95
7.6 11.4 6.85 FFFCF8 0.95
7.6 11.4 7.799999 FFFFFF 0.95
7.6 11.4 8.75 FFFFFE 0.95
7.6 11.4 9.700001 CAD0DB 0.95
7.6 11.4 10.65 F8F5F2 0.95
8.55 0 2.1 AAAEBC 0.95
8.55 0 -4.55 F2EEE9 0.95
8.55 0 -3.6 F1ECE8 0.95
8.55 0 -2.65 F1ECE9 0.95
8.55 0 -1.700001 EFEAE7 0.95
8.55 0 -0.75 ECE7E4 0.95
8.55 0 0.2000008 E6E2E0 0.95
8.55 0 1.15 E2DEDC 0.95
8.55 0 3.049999 8C8694 0.95
8.55 0 4 888391 0.95
8.55 0 4.950001 898391 0.95
8.55 0 5.9 8C8794 0.95
8.55 0 6.85 868190 0.95
8.55 0 7.799999 7D7684 0.95
8.55 0 8.75 868290 0.95
8.55 0 9.700001 807B8A 0.95
8.55 0 10.65 848090 0.95
8.55 0 11.6 D9D4D2 0.95
8.55 0 12.55 E1DBD8 0.95
8.55 0.95 2.1 B0B5C2 0.95
8.55 0.95 11.6 A6A8B6 0.95
8.55 1.9 2.1 AEB3C0 0.95
8.55 1.9 11.6 A2A3B2 0.95
8.55 2.85 2.1 ACAFBD 0.95
8.55 2.85 11.6 A3A4B3 0.95
8.55 3.8 5.9 93909F 0.95
8.55 3.8 2.1 C8CCD6 0.95
8.55 3.8 3.049999 D2C2BA 0.95
8.55 3.8 4 B7A29E 0.95
8.55 3.8 4.950001 A79493 0.95
8.55 3.8 11.6 A6A7B6 0.95
8.55 4.75 5.9 96909C 0.95
8.55 4.75 4 D59458 0.95
8.55 4.75 11.6 A6A8B7 0.95
8.55 5.7 5.9 9C97A3 0.95
8.55 5.7 4 FFC26A 0.95
8.55 5.7 4.950001 C88854 0.95
8.55 5.7 11.6 A8A9B7 0.95
8.55 6.65 5.9 A4A3AE 0.95
8.55 6.65 11.6 A5A5B4 0.95
8.55 7.6 5.9 A6A6B2 0.95
8.55 7.6 11.6 A7A8B7 0.95
8.55 8.55 5.9 A8AAB7 0.95
8.55 8.55 11.6 A8A9B8 0.95
8.55 9.5 5.9 ACAEBB 0.95
8.55 9.5 11.6 A8A9B8 0.95
8.55 10.45 5.9 A5A7B5 0.95
8.55 10.45 11.6 A7A8B7 0.95
8.55 11.4 6.85 E6E3E3 0.95
8.55 11.4 7.799999 EEEAE8 0.95
8.55 11.4 8.75 EEEBEA 0.95
8.55 11.4 9.700001 EFECEA 0.95
8.55 11.4 10.65 E0DDDE 0.95
9.5 0 -4.55 F2ECE8 0.95
9.5 0 -3.6 F3EEE9 0.95
9.5 0 -2.65 F1EDE8 0.95
9.5 0 -1.700001 F0EBE7 0.95
9.5 0 -0.75 EFEBE7 0.95
9.5 0 0.2000008 EFEBE7 0.95
9.5 0 1.15 E7E2E0 0.95
9.5 0 2.1 E4E0DE 0.95
9.5 0 3.049999 D9D4D3 0.95
9.5 0 4 D9D5D4 0.95
9.5 0 4.950001 D7D2D1 0.95
9.5 0 5.9 D4CECD 0.95
9.5 0 6.85 D6D0CE 0.95
9.5 0 7.799999 D5C8C2 0.95
9.5 0 8.75 CAC1C0 0.95
9.5 0 9.700001 C8BEBD 0.95
9.5 0 10.65 D0C6C4 0.95
9.5 0 11.6 E3DCD9 0.95
9.5 0 12.55 E8E2DE 0.95
9.5 0.95 2.1 AFB3C0 0.95
9.5 0.95 3.049999 B1B5C2 0.95
9.5 0.95 4 B1B6C3 0.95
9.5 0.95 4.950001 AEB2BF 0.95
9.5 0.95 5.9 ADB0BE 0.95
9.5 0.95 6.85 ACAFBC 0.95
9.5 0.95 7.799999 DE9C5E 0.95
9.5 0.95 8.75 9F9CA7 0.95
9.5 0.95 9.700001 9D99A5 0.95
9.5 0.95 10.65 9F9CA7 0.95
9.5 1.9 2.1 ABAFBC 0.95
9.5 1.9 3.049999 ACAFBD 0.95
9.5 1.9 4 ABAFBC 0.95
9.5 1.9 4.950001 A9ACBA 0.95
9.5 1.9 5.9 A8AAB8 0.95
9.5 1.9 6.85 AAACB9 0.95
9.5 1.9 7.799999 A6A6B3 0.95
9.5 1.9 8.75 9C9AA6 0.95
9.5 1.9 9.700001 99949F 0.95
9.5 1.9 10.65 9F9AA5 0.95
9.5 2.85 2.1 A9ACBA 0.95
9.5 2.85 3.049999 A8ABB9 0.95
9.5 2.85 4 AAADBB 0.95
9.5 2.85 4.950001 AAADBA 0.95
9.5 2.85 5.9 A8ABB8 0.95
9.5 2.85 6.85 A7A8B5 0.95
9.5 2.85 7.799999 A7A7B3 0.95
9.5 2.85 8.75 A19EA9 0.95
9.5 2.85 9.700001 97929D 0.95
9.5 2.85 10.65 9B95A0 0.95
9.5 3.8 6.85 A4A5B2 0.95
9.5 3.8 7.799999 A4A4B1 0.95
9.5 3.8 8.75 9E9DA9 0.95
9.5 3.8 9.700001 9A949F 0.95
9.5 3.8 10.65 9B96A1 0.95
9.5 4.75 6.85 A9ABB9 0.95
9.5 4.75 7.799999 A3A2AF 0.95
9.5 4.75 8.75 9E9DA9 0.95
9.5 4.75 9.700001 97919D 0.95
9.5 4.75 10.65 A19BA5 0.95
9.5 5.7 6.85 A8A9B7 0.95
9.5 5.7 7.799999 A3A3AF 0.95
9.5 5.7 8.75 9E9CA9 0.95
9.5 5.7 9.700001 9C97A2 0.95
9.5 5.7 10.65 A09AA4 0.95
9.5 6.65 6.85 A8A9B7 0.95
9.5 6.65 7.799999 A5A6B3 0.95
9.5 6.65 8.75 9B96A2 0.95
9.5 6.65 9.700001 96919D 0.95
9.5 6.65 10.65 A09BA6 0.95
9.5 7.6 6.85 A7A8B6 0.95
9.5 7.6 7.799999 A5A5B1 0.95
9.5 7.6 8.75 A09DA9 0.95
9.5 7.6 9.700001 968F9B 0.95
9.5 7.6 10.65 9D96A0 0.95
9.5 8.55 6.85 A9ACB9 0.95
9.5 8.55 7.799999 A8A8B5 0.95
9.5 8.55 8.75 9A96A2 0.95
9.5 8.55 9.700001 908793 0.95
9.5 8.55 10.65 9F9AA5 0.95
9.5 9.5 8.75 F0B163 0.95
9.5 9.5 6.85 ACAFBC 0.95
9.5 9.5 7.799999 AAACB9 0.95
9.5 9.5 9.700001 A89FA6 0.95
9.5 9.5 10.65 A7A0A7 0.95
9.5 10.45 6.85 AAADBB 0.95
9.5 10.45 7.799999 A8AAB8 0.95
9.5 10.45 8.75 AAABB8 0.95
9.5 10.45 9.700001 ADADB9 0.95
9.5 10.45 10.65 AEB0BD 0.95
10.45 0 8.75 E3A25D 0.95
10.45 0 -4.55 F5F0EC 0.95
10.45 0 -3.6 F3EEEA 0.95
10.45 0 -2.65 F3EEE9 0.95
10.45 0 -1.700001 F1EBE7 0.95
10.45 0 -0.75 F3EEE9 0.95
10.45 0 0.2000008 F2EDE9 0.95
10.45 0 1.15 EBE6E3 0.95
10.45 0 2.1 EBE7E3 0.95
10.45 0 3.049999 E6E2E0 0.95
10.45 0 4 E5E0DE 0.95
10.45 0 4.950001 E2DEDC 0.95
10.45 0 5.9 DDD8D6 0.95
10.45 0 6.85 DED8D5 0.95
10.45 0 7.799999 DCD4D1 0.95
10.45 0 9.700001 CAB7AF 0.95
10.45 0 10.65 E3D4CC 0.95
10.45 0 11.6 E7E0DB 0.95
10.45 0 12.55 EEE8E3 0.95
10.45 0.95 8.75 E1A15D 0.95
10.45 0.95 9.700001 DC9355 0.95
10.45 0.95 10.65 E6A45E 0.95
10.45 1.9 8.75 DD9D5C 0.95
10.45 1.9 9.700001 DB8E54 0.95
10.45 1.9 10.65 EBAA60 0.95
10.45 2.85 8.75 DF9F5C 0.95
10.45 2.85 9.700001 DB8E53 0.95
10.45 2.85 10.65 E6A45E 0.95
10.45 3.8 8.75 E1A05C 0.95
10.45 3.8 9.700001 D78A52 0.95
10.45 3.8 10.65 EAA85F 0.95
10.45 4.75 8.75 E2A15D 0.95
10.45 4.75 9.700001 D58A52 0.95
10.45 4.75 10.65 E8A65E 0.95
10.45 5.7 8.75 E0A05C 0.95
10.45 5.7 9.700001 D18651 0.95
10.45 5.7 10.65 E9A85F 0.95
10.45 6.65 8.75 DC9C5B 0.95
10.45 6.65 9.700001 D28752 0.95
10.45 6.65 10.65 E8A75F 0.95
10.45 7.6 8.75 DD9D5B 0.95
10.45 7.6 9.700001 D38852 0.95
10.45 7.6 10.65 EAA85F 0.95
10.45 8.55 8.75 ECAC61 0.95
10.45 8.55 9.700001 E49B58 0.95
10.45 8.55 10.65 F0AF62 0.95
11.4 0 -4.55 F3EEEA 0.95
11.4 0 -3.6 F3EFEA 0.95
11.4 0 -2.65 F4EFEB 0.95
11.4 0 -1.700001 F2EEEA 0.95
11.4 0 -0.75 F1ECE8 0.95
11.4 0 0.2000008 F2EDE9 0.95
11.4 0 1.15 EFEAE6 0.95
11.4 0 2.1 EDE8E4 0.95
11.4 0 3.049999 EAE5E2 0.95
11.4 0 4 C9C2C1 0.95
11.4 0 4.950001 E5DFDD 0.95
11.4 0 5.9 E5E0DD 0.95
11.4 0 6.85 E2DDDA 0.95
11.4 0 7.799999 E3DCD9 0.95
11.4 0 8.75 E7DFD9 0.95
11.4 0 9.700001 E9E0DA 0.95
11.4 0 10.65 EDE4DF 0.95
11.4 0 11.6 F0E9E4 0.95
11.4 0 12.55 EEE8E3 0.95
