-2.625 0.525 -5.25 343434 0.5
-2.625 0.525 -4.725 343434 0.5
-2.625 0.525 -4.2 343434 0.5
-3.15 0.525 -3.675 454545 0.5
-3.15 0.525 -3.15 454545 0.5
-3.675 0.525 -2.625 454545 0.5
-3.675 0.525 -2.1 454545 0.5
-4.2 0.525 -1.575 454545 0.5
-4.2 0.525 -1.05 454545 0.5
-4.725 0.525 -0.525 454545 0.5
-5.25 0.525 0 454545 0.5
-5.25 0.525 0.525 454545 0.5
-5.25 0.525 1.05 343434 0.5
-4.725 0.525 1.575 343434 0.5
-4.725 0.525 2.1 343434 0.5
-4.2 0.525 2.625 343434 0.5
-4.2 0.525 3.15 343434 0.5
-3.675 0.525 3.675 343434 0.5
-3.15 0.525 4.2 343434 0.5
-3.15 0.525 4.725 343434 0.5
-2.625 0.525 5.25 343434 0.5
-1.05 1.05 -5.25 CBCBCB 0.5
-1.05 1.05 -4.725 CBCBCB 0.5
-1.05 1.05 -4.2 CBCBCB 0.5
-1.05 1.05 -3.675 CBCBCB 0.5
-1.05 1.05 -3.15 CBCBCB 0.5
-1.05 1.05 -2.625 CBCBCB 0.5
-2.1 1.05 -2.1 CBCBCB 0.5
-2.1 1.05 -1.575 CBCBCB 0.5
-2.625 1.05 -1.05 CBCBCB 0.5
-3.15 1.05 -0.525 CBCBCB 0.5
-3.15 1.05 0 CBCBCB 0.5
-3.675 1.05 0.525 CBCBCB 0.5
-3.15 1.05 1.05 A6A6A6 0.5
-3.15 1.05 1.575 A6A6A6 0.5
-2.625 1.05 2.1 A6A6A6 0.5
-2.625 1.05 2.625 A6A6A6 0.5
-2.1 1.05 3.15 A6A6A6 0.5
-1.575 1.05 3.675 A6A6A6 0.5
-1.05 1.575 -5.25 CBCBCB 0.5
-1.05 1.575 -4.725 CBCBCB 0.5
-1.05 1.575 -4.2 CBCBCB 0.5
-1.05 1.575 -3.675 CBCBCB 0.5
-1.05 1.575 -3.15 CBCBCB 0.5
-1.05 1.575 -2.625 CBCBCB 0.5
-2.1 1.575 -2.1 CBCBCB 0.5
-2.1 1.575 -1.575 CBCBCB 0.5
-2.625 1.575 -1.05 CBCBCB 0.5
-2.625 1.575 -0.525 CBCBCB 0.5
-3.15 1.575 0 CBCBCB 0.5
-3.675 1.575 0.525 CBCBCB 0.5
-3.15 1.575 1.05 A6A6A6 0.5
-3.15 1.575 1.575 A6A6A6 0.5
-2.625 1.575 2.1 A6A6A6 0.5
-2.625 1.575 2.625 A6A6A6 0.5
-2.1 1.575 3.15 A6A6A6 0.5
-1.05 2.1 -5.25 CBCBCB 0.5
-1.05 2.1 -4.725 CBCBCB 0.5
-1.05 2.1 -4.2 CBCBCB 0.5
-1.05 2.1 -3.675 CBCBCB 0.5
-1.05 2.1 -3.15 CBCBCB 0.5
-1.05 2.1 -2.625 CBCBCB 0.5
-2.1 2.1 -2.1 CBCBCB 0.5
-2.1 2.1 -1.575 CBCBCB 0.5
-2.625 2.1 -1.05 CBCBCB 0.5
-2.625 2.1 -0.525 CBCBCB 0.5
-3.15 2.1 0 CBCBCB 0.5
-3.675 2.1 0.525 CBCBCB 0.5
-3.15 2.1 1.05 A6A6A6 0.5
-3.15 2.1 1.575 A6A6A6 0.5
-2.625 2.1 2.1 A6A6A6 0.5
-2.1 2.1 2.625 A6A6A6 0.5
-2.1 2.1 3.15 A6A6A6 0.5
-1.05 2.625 -5.25 CBCBCB 0.5
-1.05 2.625 -4.725 CBCBCB 0.5
-1.05 2.625 -4.2 CBCBCB 0.5
-1.05 2.625 -3.675 CBCBCB 0.5
-1.05 2.625 -3.15 CBCBCB 0.5
-1.05 2.625 -2.625 CBCBCB 0.5
-2.1 2.625 -2.1 CBCBCB 0.5
-2.1 2.625 -1.575 CBCBCB 0.5
-2.625 2.625 -1.05 CBCBCB 0.5
-2.625 2.625 -0.525 CBCBCB 0.5
-3.15 2.625 0 CBCBCB 0.5
-3.15 2.625 0.525 CBCBCB 0.5
-3.15 2.625 1.05 A6A6A6 0.5
-2.625 2.625 1.575 A6A6A6 0.5
-2.1 2.625 2.1 252729 0.5
-2.1 2.625 2.625 A6A6A6 0.5
-2.1 2.625 3.15 A6A6A6 0.5
-1.05 3.15 -5.25 CBCBCB 0.5
-1.05 3.15 -4.725 CBCBCB 0.5
-1.05 3.15 -4.2 CBCBCB 0.5
-1.05 3.15 -3.675 CBCBCB 0.5
-1.05 3.15 -3.15 CBCBCB 0.5
-1.05 3.15 -2.625 CBCBCB 0.5
-1.575 3.15 -2.1 CBCBCB 0.5
-2.1 3.15 -1.575 CBCBCB 0.5
-2.625 3.15 -1.05 CBCBCB 0.5
-2.625 3.15 -0.525 CBCBCB 0.5
-3.15 3.15 0 CBCBCB 0.5
-3.15 3.15 0.525 CBCBCB 0.5
-3.15 3.15 1.05 A6A6A6 0.5
-2.625 3.15 1.575 A6A6A6 0.5
-2.1 3.15 2.1 252729 0.5
-2.1 3.15 2.625 A6A6A6 0.5
-2.1 3.15 3.15 A6A6A6 0.5
-1.05 3.675 -3.675 CBCBCB 0.5
-1.05 3.675 -3.15 CBCBCB 0.5
-1.05 3.675 -2.625 CBCBCB 0.5
-1.575 3.675 -2.1 CBCBCB 0.5
-2.1 3.675 -1.575 CBCBCB 0.5
-2.1 3.675 -1.05 CBCBCB 0.5
-2.625 3.675 -0.525 CBCBCB 0.5
-3.15 3.675 0 CBCBCB 0.5
-3.15 3.675 0.525 CBCBCB 0.5
-3.15 3.675 1.05 A6A6A6 0.5
-2.625 3.675 1.575 A6A6A6 0.5
-2.1 3.675 2.1 252729 0.5
-2.1 3.675 2.625 A6A6A6 0.5
-2.1 3.675 3.15 A6A6A6 0.5
-1.05 4.2 -2.625 CBCBCB 0.5
-1.575 4.2 -2.1 CBCBCB 0.5
-2.1 4.2 -1.575 CBCBCB 0.5
-2.1 4.2 -1.05 CBCBCB 0.5
-2.625 4.2 -0.525 CBCBCB 0.5
-3.15 4.2 0 CBCBCB 0.5
-3.15 4.2 0.525 CBCBCB 0.5
-3.15 4.2 1.05 A6A6A6 0.5
-2.625 4.2 1.575 B9B9B9 0.5
-2.625 4.2 2.1 A6A6A6 0.5
-2.1 4.2 2.625 A6A6A6 0.5
-1.575 4.2 3.15 A6A6A6 0.5
-1.575 4.725 -2.1 CBCBCB 0.5
-2.1 4.725 -1.575 CBCBCB 0.5
-2.1 4.725 -1.05 CBCBCB 0.5
-2.625 4.725 -0.525 CBCBCB 0.5
-2.625 4.725 0 CBCBCB 0.5
-3.15 4.725 0.525 CBCBCB 0.5
-3.15 4.725 1.05 A6A6A6 0.5
-2.625 4.725 1.575 A6A6A6 0.5
-2.1 4.725 2.1 A6A6A6 0.5
-2.1 4.725 2.625 A6A6A6 0.5
-1.575 4.725 3.15 A6A6A6 0.5
-1.575 5.25 -2.1 B22523 0.5
-2.1 5.25 -1.575 B22523 0.5
-2.1 5.25 -1.05 B22523 0.5
-2.625 5.25 -0.525 B22523 0.5
-2.625 5.25 0 B22523 0.5
-3.15 5.25 0.525 B22523 0.5
-3.15 5.25 1.05 941E1B 0.5
-2.625 5.25 1.575 941E1B 0.5
-2.1 5.25 2.1 941E1B 0.5
-2.1 5.25 2.625 941E1B 0.5
-1.575 5.25 3.15 941E1B 0.5
-1.575 5.775 -1.575 B22523 0.5
-2.1 5.775 -1.05 B22523 0.5
-2.625 5.775 -0.525 B22523 0.5
-2.625 5.775 0 B22523 0.5
-3.15 5.775 0.525 B22523 0.5
-2.625 5.775 1.05 941E1B 0.5
-2.625 5.775 1.575 941E1B 0.5
-2.1 5.775 2.1 941E1B 0.5
-2.1 5.775 2.625 941E1B 0.5
-1.575 5.775 3.15 941E1B 0.5
-1.575 6.3 -1.575 B22523 0.5
-2.1 6.3 -1.05 B22523 0.5
-2.625 6.3 -0.525 B22523 0.5
-2.625 6.3 0 B22523 0.5
-3.15 6.3 0.525 B22523 0.5
-2.625 6.3 1.05 941E1B 0.5
-2.625 6.3 1.575 941E1B 0.5
-2.1 6.3 2.1 941E1B 0.5
-2.1 6.3 2.625 941E1B 0.5
-1.575 6.3 3.15 941E1B 0.5
-1.575 6.825 -1.575 B22523 0.5
-2.1 6.825 -1.05 B22523 0.5
-2.1 6.825 -0.525 B22523 0.5
-2.625 6.825 0 B22523 0.5
-3.15 6.825 0.525 B22523 0.5
-2.625 6.825 1.05 941E1B 0.5
-2.1 6.825 1.575 252729 0.5
-2.1 6.825 2.1 252729 0.5
-2.1 6.825 2.625 941E1B 0.5
-1.575 6.825 3.15 941E1B 0.5
-1.575 7.35 -1.575 B22523 0.5
-2.1 7.35 -1.05 B22523 0.5
-2.1 7.35 -0.525 B22523 0.5
-2.625 7.35 0 B22523 0.5
-3.15 7.35 0.525 B22523 0.5
-2.625 7.35 1.05 941E1B 0.5
-2.1 7.35 1.575 252729 0.5
-2.1 7.35 2.1 252729 0.5
-1.575 7.35 2.625 941E1B 0.5
-1.575 7.35 3.15 941E1B 0.5
-1.575 7.875 -1.575 B22523 0.5
-2.1 7.875 -1.05 B22523 0.5
-2.1 7.875 -0.525 B22523 0.5
-2.625 7.875 0 B22523 0.5
-2.625 7.875 0.525 B22523 0.5
-2.625 7.875 1.05 941E1B 0.5
-2.1 7.875 1.575 252729 0.5
-1.575 7.875 2.1 252729 0.5
-1.575 7.875 2.625 941E1B 0.5
-1.575 8.4 -1.575 B22523 0.5
-2.1 8.4 -1.05 B22523 0.5
-2.1 8.4 -0.525 B22523 0.5
-2.625 8.4 0 B22523 0.5
-2.625 8.4 0.525 B22523 0.5
-2.625 8.4 1.05 941E1B 0.5
-2.1 8.4 1.575 252729 0.5
-1.575 8.4 2.1 252729 0.5
-1.575 8.4 2.625 941E1B 0.5
-1.575 8.925 -1.575 B22523 0.5
-1.575 8.925 -1.05 B22523 0.5
-2.1 8.925 -0.525 B22523 0.5
-2.625 8.925 0 B22523 0.5
-2.625 8.925 0.525 B22523 0.5
-2.625 8.925 1.05 941E1B 0.5
-2.1 8.925 1.575 941E1B 0.5
-2.1 8.925 2.1 941E1B 0.5
-1.575 8.925 2.625 941E1B 0.5
-1.575 9.45 -1.575 B22523 0.5
-1.575 9.45 -1.05 B22523 0.5
-2.1 9.45 -0.525 B22523 0.5
-2.625 9.45 0 B22523 0.5
-2.625 9.45 0.525 B22523 0.5
-2.625 9.45 1.05 941E1B 0.5
-2.1 9.45 1.575 941E1B 0.5
-2.1 9.45 2.1 941E1B 0.5
-1.575 9.45 2.625 941E1B 0.5
-1.575 9.975 -1.575 CBCBCB 0.5
-1.575 9.975 -1.05 CBCBCB 0.5
-2.1 9.975 -0.525 CBCBCB 0.5
-2.1 9.975 0 CBCBCB 0.5
-2.625 9.975 0.525 CBCBCB 0.5
-2.625 9.975 1.05 A6A6A6 0.5
-2.1 9.975 1.575 A6A6A6 0.5
-1.575 9.975 2.1 A6A6A6 0.5
-1.575 9.975 2.625 A6A6A6 0.5
-1.575 10.5 -1.575 CBCBCB 0.5
-1.575 10.5 -1.05 CBCBCB 0.5
-2.1 10.5 -0.525 CBCBCB 0.5
-2.1 10.5 0 CBCBCB 0.5
-2.625 10.5 0.525 CBCBCB 0.5
-2.625 10.5 1.05 A6A6A6 0.5
-2.1 10.5 1.575 A6A6A6 0.5
-1.575 10.5 2.1 A6A6A6 0.5
-1.575 10.5 2.625 A6A6A6 0.5
-1.05 11.025 -1.575 CBCBCB 0.5
-1.575 11.025 -1.05 CBCBCB 0.5
-2.1 11.025 -0.525 CBCBCB 0.5
-2.1 11.025 0 CBCBCB 0.5
-2.625 11.025 0.525 CBCBCB 0.5
-2.1 11.025 1.05 A6A6A6 0.5
-1.575 11.025 1.575 252729 0.5
-1.575 11.025 2.1 B9B9B9 0.5
-1.575 11.025 2.625 A6A6A6 0.5
-1.575 11.55 -1.05 CBCBCB 0.5
-2.1 11.55 -0.525 CBCBCB 0.5
-2.1 11.55 0 CBCBCB 0.5
-2.625 11.55 0.525 CBCBCB 0.5
-2.1 11.55 1.05 A6A6A6 0.5
-1.575 11.55 1.575 252729 0.5
-1.575 11.55 2.1 B9B9B9 0.5
-1.575 11.55 2.625 A6A6A6 0.5
-1.575 12.075 -1.05 CBCBCB 0.5
-1.575 12.075 -0.525 CBCBCB 0.5
-2.1 12.075 0 CBCBCB 0.5
-2.625 12.075 0.525 CBCBCB 0.5
-2.1 12.075 1.05 A6A6A6 0.5
-1.575 12.075 1.575 252729 0.5
-1.575 12.075 2.1 B9B9B9 0.5
-1.575 12.075 2.625 A6A6A6 0.5
-1.575 12.6 -1.05 CBCBCB 0.5
-1.575 12.6 -0.525 CBCBCB 0.5
-2.1 12.6 0 CBCBCB 0.5
-2.625 12.6 0.525 CBCBCB 0.5
-2.1 12.6 1.05 A6A6A6 0.5
-1.575 12.6 1.575 252729 0.5
-1.575 12.6 2.1 B9B9B9 0.5
-1.05 12.6 2.625 A6A6A6 0.5
-1.575 13.125 -1.05 CBCBCB 0.5
-1.575 13.125 -0.525 CBCBCB 0.5
-2.1 13.125 0 CBCBCB 0.5
-2.1 13.125 0.525 CBCBCB 0.5
-2.1 13.125 1.05 A6A6A6 0.5
-1.575 13.125 1.575 A6A6A6 0.5
-1.575 13.125 2.1 A6A6A6 0.5
-1.05 13.125 2.625 A6A6A6 0.5
-1.575 13.65 -1.05 B9B9B9 0.5
-1.575 13.65 -0.525 B9B9B9 0.5
-2.1 13.65 0 B9B9B9 0.5
-2.1 13.65 0.525 B9B9B9 0.5
-2.1 13.65 1.05 939393 0.5
-1.575 13.65 1.575 939393 0.5
-1.575 13.65 2.1 939393 0.5
-1.05 13.65 2.625 939393 0.5
-1.575 14.175 -1.575 B9B9B9 0.5
-1.575 14.175 -1.05 B9B9B9 0.5
-2.1 14.175 -0.525 B9B9B9 0.5
-2.1 14.175 0 B9B9B9 0.5
-2.625 14.175 0.525 B9B9B9 0.5
-2.1 14.175 1.05 939393 0.5
-2.1 14.175 1.575 939393 0.5
-1.575 14.175 2.1 939393 0.5
-1.575 14.175 2.625 939393 0.5
-1.575 14.7 -1.575 B9B9B9 0.5
-2.1 14.7 -1.05 B9B9B9 0.5
-2.1 14.7 -0.525 B9B9B9 0.5
-2.625 14.7 0 B9B9B9 0.5
-2.625 14.7 0.525 B9B9B9 0.5
-2.625 14.7 1.05 939393 0.5
-2.1 14.7 1.575 939393 0.5
-2.1 14.7 2.1 939393 0.5
-1.575 14.7 2.625 939393 0.5
-1.575 15.225 -2.1 CBCBCB 0.5
-2.1 15.225 -1.575 CBCBCB 0.5
-2.1 15.225 -1.05 CBCBCB 0.5
-2.625 15.225 -0.525 CBCBCB 0.5
-3.15 15.225 0 CBCBCB 0.5
-3.15 15.225 0.525 CBCBCB 0.5
-3.15 15.225 1.05 A6A6A6 0.5
-2.625 15.225 1.575 A6A6A6 0.5
-2.625 15.225 2.1 A6A6A6 0.5
-2.1 15.225 2.625 A6A6A6 0.5
-2.1 15.225 3.15 A6A6A6 0.5
-1.575 15.75 -1.575 585858 0.5
-2.1 15.75 -1.05 585858 0.5
-2.1 15.75 -0.525 585858 0.5
-2.625 15.75 0 585858 0.5
-2.625 15.75 0.525 585858 0.5
-2.625 15.75 1.05 7F7F7F 0.5
-2.1 15.75 1.575 7F7F7F 0.5
-2.1 15.75 2.1 7F7F7F 0.5
-1.575 15.75 2.625 7F7F7F 0.5
-1.575 16.275 -1.575 585858 0.5
-2.1 16.275 -1.05 585858 0.5
-2.1 16.275 -0.525 585858 0.5
-2.625 16.275 0 585858 0.5
-2.625 16.275 0.525 585858 0.5
-2.625 16.275 1.05 7F7F7F 0.5
-2.1 16.275 1.575 7F7F7F 0.5
-2.1 16.275 2.1 7F7F7F 0.5
-1.575 16.275 2.625 7F7F7F 0.5
-1.05 16.8 -0.525 252729 0.5
-1.575 16.8 0 252729 0.5
-1.575 16.8 0.525 B22523 0.5
-1.575 16.8 1.05 252729 0.5
-1.05 16.8 1.575 252729 0.5
-1.05 16.8 2.1 941E1B 0.5
-1.05 17.325 -0.525 252729 0.5
-1.575 17.325 0 252729 0.5
-1.575 17.325 0.525 B22523 0.5
-1.575 17.325 1.05 252729 0.5
-1.05 17.325 1.575 252729 0.5
-1.05 17.325 2.1 941E1B 0.5
-1.05 17.85 -0.525 252729 0.5
-1.575 17.85 0 252729 0.5
-1.575 17.85 0.525 B22523 0.5
-1.575 17.85 1.05 252729 0.5
-1.05 17.85 1.575 252729 0.5
-1.05 17.85 2.1 941E1B 0.5
-1.05 18.375 -0.525 A32321 0.5
-1.575 18.375 0 A32321 0.5
-1.575 18.375 0.525 A32321 0.5
-1.575 18.375 1.05 941E1B 0.5
-1.05 18.375 1.575 941E1B 0.5
-1.05 18.375 2.1 941E1B 0.5
-0.525 18.9 0 A32321 0.5
-1.05 18.9 0.525 A32321 0.5
-1.05 18.9 1.05 941E1B 0.5
-0.525 19.425 0.525 941E1B 0.5
0 19.95 0.525 B22523 0.5
-4.725 0.525 0 585858 0.5
-4.725 0.525 0.525 585858 0.5
-4.725 0.525 1.05 585858 0.5
-4.2 0.525 -0.525 585858 0.5
-4.2 0.525 0 585858 0.5
-4.2 0.525 0.525 585858 0.5
-4.2 0.525 1.05 585858 0.5
-4.2 0.525 1.575 585858 0.5
-4.2 0.525 2.1 585858 0.5
-3.675 0.525 -1.575 585858 0.5
-3.675 0.525 -1.05 585858 0.5
-3.675 0.525 -0.525 585858 0.5
-3.675 0.525 0 585858 0.5
-3.675 0.525 1.05 585858 0.5
-3.675 0.525 1.575 585858 0.5
-3.675 0.525 2.1 585858 0.5
-3.675 0.525 2.625 585858 0.5
-3.675 0.525 3.15 585858 0.5
-3.15 0.525 -2.625 585858 0.5
-3.15 0.525 -2.1 585858 0.5
-3.15 0.525 -1.575 585858 0.5
-3.15 0.525 -1.05 585858 0.5
-3.15 0.525 2.1 585858 0.5
-3.15 0.525 2.625 585858 0.5
-3.15 0.525 3.15 585858 0.5
-3.15 0.525 3.675 585858 0.5
-2.625 15.225 0 7F7F7F 0.5
-2.625 0 -5.25 454545 0.5
-2.625 0.525 -3.675 585858 0.5
-2.625 0.525 -3.15 585858 0.5
-2.625 0.525 -2.625 585858 0.5
-2.625 0.525 -2.1 585858 0.5
-2.625 0.525 -1.575 585858 0.5
-2.625 0.525 3.15 585858 0.5
-2.625 0.525 3.675 585858 0.5
-2.625 0.525 4.2 585858 0.5
-2.625 0.525 4.725 585858 0.5
-2.625 15.225 0.525 DBDBDB 0.5
-1.575 15.75 0.525 B22523 0.5
-2.625 15.225 1.05 DBDBDB 0.5
-1.575 15.75 1.05 941E1B 0.5
-1.575 16.275 0.525 B22523 0.5
-1.575 16.275 1.05 941E1B 0.5
-2.1 8.4 2.1 741916 0.5
-2.1 0 -5.25 454545 0.5
-2.1 0.525 -5.25 454545 0.5
-2.1 0.525 5.25 454545 0.5
-2.1 0.525 -4.725 585858 0.5
-2.1 0.525 -4.2 585858 0.5
-2.1 0.525 -3.675 585858 0.5
-2.1 0.525 -3.15 585858 0.5
-2.1 0.525 -2.625 585858 0.5
-2.1 1.05 3.675 DBDBDB 0.5
-2.1 0.525 4.2 585858 0.5
-2.1 0.525 4.725 585858 0.5
-2.1 4.2 2.1 252729 0.5
-2.1 15.225 2.1 939393 0.5
2.1 11.025 0 B9B9B9 0.5
2.1 11.55 0 B9B9B9 0.5
2.1 12.075 0 B9B9B9 0.5
-2.1 15.225 -0.525 DBDBDB 0.5
-1.05 15.75 -0.525 B22523 0.5
-2.1 15.225 0 DBDBDB 0.5
-2.1 15.75 0 585858 0.5
-1.575 15.75 0 B22523 0.5
-2.1 15.225 0.525 DBDBDB 0.5
-2.1 15.225 1.05 DBDBDB 0.5
-2.1 15.225 1.575 DBDBDB 0.5
-1.05 15.75 1.575 941E1B 0.5
-1.05 16.275 -0.525 B22523 0.5
-2.1 16.275 0 585858 0.5
-1.575 16.275 0 B22523 0.5
-1.05 16.275 1.575 941E1B 0.5
-1.575 15.225 3.15 7F7F7F 0.5
-1.575 0 -5.25 454545 0.5
-1.575 0.525 -5.25 454545 0.5
-1.575 0.525 5.25 454545 0.5
-1.575 1.05 -2.625 B9B9B9 0.5
-1.575 0.525 -4.725 585858 0.5
-1.575 0.525 -4.2 585858 0.5
-1.575 0.525 -3.675 585858 0.5
-1.575 0.525 -3.15 585858 0.5
-1.575 0.525 4.2 585858 0.5
-1.575 0.525 4.725 585858 0.5
-1.575 1.575 -2.625 B9B9B9 0.5
-1.575 1.575 3.675 B9B9B9 0.5
-1.575 2.1 -2.625 B9B9B9 0.5
-1.575 2.1 3.675 B9B9B9 0.5
-1.575 2.625 -2.1 B9B9B9 0.5
-1.575 2.625 3.675 B9B9B9 0.5
-1.575 3.15 3.675 B9B9B9 0.5
-1.575 3.675 3.675 B9B9B9 0.5
-1.575 4.2 3.675 B9B9B9 0.5
-1.575 5.775 -2.1 B22523 0.5
-1.575 6.3 -2.1 B22523 0.5
-1.575 6.825 -2.1 B22523 0.5
-1.575 7.875 3.15 941E1B 0.5
-1.575 15.225 3.675 B9B9B9 0.5
-1.575 15.225 -1.575 DBDBDB 0.5
1.575 15.75 -1.575 7F7F7F 0.5
-1.575 15.225 -1.05 DBDBDB 0.5
-1.575 15.75 -1.05 585858 0.5
1.575 15.75 -1.05 7F7F7F 0.5
-1.575 15.225 -0.525 DBDBDB 0.5
-1.575 15.225 0 DBDBDB 0.5
2.625 15.75 0.525 7F7F7F 0.5
-1.575 15.225 1.05 DBDBDB 0.5
-1.575 15.225 1.575 DBDBDB 0.5
-1.575 15.225 2.1 DBDBDB 0.5
-1.575 15.75 2.1 7F7F7F 0.5
-1.05 15.75 2.1 941E1B 0.5
-1.575 15.225 2.625 DBDBDB 0.5
1.575 15.75 2.625 585858 0.5
-1.575 15.75 3.15 7F7F7F 0.5
1.575 16.275 -1.575 7F7F7F 0.5
-1.575 16.275 -1.05 585858 0.5
1.575 16.275 -1.05 7F7F7F 0.5
2.625 16.275 0.525 7F7F7F 0.5
-1.575 16.275 2.1 7F7F7F 0.5
-1.05 16.275 2.1 941E1B 0.5
1.575 16.275 2.625 585858 0.5
-1.575 16.275 3.15 7F7F7F 0.5
-1.05 15.225 -2.1 7F7F7F 0.5
-1.05 14.175 -1.575 A6A6A6 0.5
-1.05 18.375 -1.05 741916 0.5
-1.05 14.7 3.15 A6A6A6 0.5
-1.05 0 -5.25 454545 0.5
-1.05 0.525 -5.25 454545 0.5
-1.05 0.525 5.25 454545 0.5
-1.05 0.525 4.2 585858 0.5
-1.05 1.05 3.675 B9B9B9 0.5
-1.05 0.525 4.725 585858 0.5
-1.05 1.575 3.675 B9B9B9 0.5
-1.05 2.1 3.675 B9B9B9 0.5
-1.05 2.625 3.675 B9B9B9 0.5
-1.05 3.15 3.675 B9B9B9 0.5
-1.05 3.675 -4.2 DBDBDB 0.5
-1.05 3.675 -4.725 DBDBDB 0.5
-1.05 3.675 3.675 B9B9B9 0.5
-1.05 4.2 -3.15 DBDBDB 0.5
-1.05 4.2 3.675 B9B9B9 0.5
-1.05 4.725 -2.1 B9B9B9 0.5
-1.05 4.725 3.15 B9B9B9 0.5
-1.05 5.25 -2.1 A32321 0.5
-1.05 5.25 3.15 A32321 0.5
-1.05 5.775 -2.1 A32321 0.5
-1.05 5.775 3.15 A32321 0.5
-1.05 6.3 -2.1 A32321 0.5
-1.05 6.3 3.15 A32321 0.5
-1.05 6.825 -2.1 A32321 0.5
-1.05 6.825 3.15 A32321 0.5
-1.05 7.35 -2.1 A32321 0.5
-1.05 7.35 3.15 A32321 0.5
-1.05 7.875 -2.1 A32321 0.5
-1.05 7.875 3.15 A32321 0.5
-1.05 8.4 -2.1 A32321 0.5
-1.05 8.4 3.15 A32321 0.5
-1.05 8.925 -1.575 A32321 0.5
-1.05 8.925 3.15 A32321 0.5
-1.05 9.45 -1.575 A32321 0.5
-1.05 9.45 3.15 A32321 0.5
-1.05 9.975 -1.575 B9B9B9 0.5
-1.05 9.975 3.15 B9B9B9 0.5
-1.05 10.5 -1.575 B9B9B9 0.5
-1.05 10.5 3.15 B9B9B9 0.5
-1.05 11.025 2.625 B9B9B9 0.5
-1.05 11.55 -1.575 B9B9B9 0.5
-1.05 11.55 2.625 B9B9B9 0.5
-1.05 12.075 -1.575 B9B9B9 0.5
-1.05 12.075 2.625 B9B9B9 0.5
-1.05 12.6 -1.575 B9B9B9 0.5
-1.05 13.125 -1.575 B9B9B9 0.5
-1.05 13.65 -1.575 A6A6A6 0.5
-1.05 14.175 2.625 A6A6A6 0.5
-1.05 14.7 -1.575 A6A6A6 0.5
-1.05 15.225 3.675 B9B9B9 0.5
-1.05 15.75 -2.1 6B6B6B 0.5
-1.05 15.225 -1.575 DBDBDB 0.5
-1.05 15.75 -1.575 6B6B6B 0.5
-1.05 15.225 -1.05 DBDBDB 0.5
2.1 15.75 -0.525 7F7F7F 0.5
-1.05 15.75 3.15 6B6B6B 0.5
2.1 15.75 0 7F7F7F 0.5
2.625 15.75 1.05 585858 0.5
2.1 15.75 1.575 585858 0.5
-1.05 15.225 2.1 DBDBDB 0.5
-1.05 15.225 2.625 DBDBDB 0.5
-1.05 15.225 3.15 DBDBDB 0.5
-1.05 16.275 -2.1 6B6B6B 0.5
-1.05 16.275 -1.575 6B6B6B 0.5
2.1 16.275 -0.525 7F7F7F 0.5
-1.05 16.275 3.15 6B6B6B 0.5
2.1 16.275 0 7F7F7F 0.5
2.625 16.275 1.05 585858 0.5
2.1 16.275 1.575 585858 0.5
-1.05 18.9 0 A32321 0.5
-0.525 15.225 -2.1 7F7F7F 0.5
-0.525 14.175 -1.575 A6A6A6 0.5
-0.525 18.375 -1.05 741916 0.5
-0.525 14.7 3.15 A6A6A6 0.5
-0.525 0 -5.775 454545 0.5
-0.525 0.525 -5.25 454545 0.5
-0.525 0.525 5.25 454545 0.5
-0.525 1.05 -5.25 939393 0.5
-0.525 0.525 4.2 585858 0.5
-0.525 1.05 3.675 B9B9B9 0.5
-0.525 0.525 4.725 585858 0.5
-0.525 1.575 -5.25 939393 0.5
-0.525 1.575 3.675 B9B9B9 0.5
-0.525 2.1 -5.25 939393 0.5
-0.525 2.1 3.675 B9B9B9 0.5
-0.525 2.625 -5.25 939393 0.5
-0.525 2.625 3.675 B9B9B9 0.5
-0.525 3.15 -5.25 B9B9B9 0.5
-0.525 3.15 3.675 B9B9B9 0.5
-0.525 3.675 -4.2 DBDBDB 0.5
-0.525 3.675 -4.725 DBDBDB 0.5
-0.525 3.675 3.675 B9B9B9 0.5
-0.525 4.2 -2.625 DBDBDB 0.5
-0.525 3.675 -3.675 DBDBDB 0.5
-0.525 4.2 -3.15 DBDBDB 0.5
-0.525 4.2 3.675 B9B9B9 0.5
-0.525 4.725 -2.1 B9B9B9 0.5
-0.525 4.725 3.15 B9B9B9 0.5
-0.525 5.25 -2.1 A32321 0.5
-0.525 5.25 3.15 A32321 0.5
-0.525 5.775 -2.1 A32321 0.5
-0.525 5.775 3.15 A32321 0.5
-0.525 6.3 -2.1 A32321 0.5
-0.525 6.3 3.15 A32321 0.5
-0.525 6.825 -2.1 A32321 0.5
-0.525 6.825 3.15 A32321 0.5
-0.525 7.35 -2.1 A32321 0.5
-0.525 7.35 3.15 A32321 0.5
-0.525 7.875 -2.1 A32321 0.5
-0.525 7.875 3.15 A32321 0.5
-0.525 8.4 -2.1 A32321 0.5
-0.525 8.4 3.15 A32321 0.5
-0.525 8.925 -1.575 A32321 0.5
-0.525 8.925 3.15 A32321 0.5
-0.525 9.45 -1.575 A32321 0.5
-0.525 9.45 3.15 A32321 0.5
-0.525 9.975 -1.575 B9B9B9 0.5
-0.525 9.975 3.15 B9B9B9 0.5
-0.525 10.5 -1.575 B9B9B9 0.5
-0.525 10.5 3.15 B9B9B9 0.5
-0.525 11.025 -1.575 B9B9B9 0.5
-0.525 11.025 2.625 B9B9B9 0.5
-0.525 11.55 -1.575 B9B9B9 0.5
-0.525 11.55 2.625 B9B9B9 0.5
-0.525 12.075 -1.575 B9B9B9 0.5
-0.525 12.075 2.625 B9B9B9 0.5
-0.525 12.6 -1.575 B9B9B9 0.5
-0.525 12.6 2.625 B9B9B9 0.5
-0.525 13.125 -1.575 B9B9B9 0.5
-0.525 13.125 2.625 B9B9B9 0.5
-0.525 13.65 -1.575 A6A6A6 0.5
-0.525 13.65 2.625 A6A6A6 0.5
-0.525 14.175 2.625 A6A6A6 0.5
-0.525 14.7 -1.575 A6A6A6 0.5
-0.525 15.225 3.675 B9B9B9 0.5
-0.525 15.75 -2.1 6B6B6B 0.5
-0.525 15.225 -1.575 DBDBDB 0.5
-0.525 15.75 -1.05 A32321 0.5
-0.525 15.75 -1.575 6B6B6B 0.5
-0.525 15.225 -1.05 DBDBDB 0.5
-0.525 15.75 3.15 6B6B6B 0.5
1.575 15.75 2.1 585858 0.5
-0.525 15.225 2.625 DBDBDB 0.5
-0.525 15.75 2.1 A32321 0.5
-0.525 15.225 3.15 DBDBDB 0.5
-0.525 16.275 -2.1 6B6B6B 0.5
-0.525 16.275 -1.05 A32321 0.5
-0.525 16.275 -1.575 6B6B6B 0.5
-0.525 16.275 3.15 6B6B6B 0.5
1.575 16.275 2.1 585858 0.5
-0.525 16.275 2.1 A32321 0.5
-0.525 16.8 -1.05 252729 0.5
-0.525 16.8 2.1 252729 0.5
-0.525 17.325 -1.05 252729 0.5
-0.525 17.325 2.1 252729 0.5
-0.525 17.85 -1.05 252729 0.5
-0.525 17.85 2.1 252729 0.5
-0.525 18.375 2.1 B22523 0.5
-0.525 18.9 -0.525 B22523 0.5
-0.525 18.9 1.575 B22523 0.5
-0.525 18.9 1.05 941E1B 0.5
0 15.225 -2.1 7F7F7F 0.5
0 14.175 -1.575 A6A6A6 0.5
0 18.375 -1.05 741916 0.5
0 14.7 3.15 A6A6A6 0.5
0 0 -5.775 454545 0.5
0 0.525 -5.25 454545 0.5
0 0.525 5.25 454545 0.5
0 1.05 -5.25 939393 0.5
0 0.525 4.2 585858 0.5
0 1.05 3.675 B9B9B9 0.5
0 0.525 4.725 585858 0.5
0 1.575 -5.25 939393 0.5
0 1.575 3.675 B9B9B9 0.5
0 2.1 -5.25 252729 0.5
0 2.1 3.675 B9B9B9 0.5
0 2.625 -5.25 939393 0.5
0 2.625 3.675 B9B9B9 0.5
0 3.15 -5.25 B9B9B9 0.5
0 3.15 3.675 B9B9B9 0.5
0 3.675 -4.2 DBDBDB 0.5
0 3.675 -4.725 DBDBDB 0.5
0 3.675 3.675 B9B9B9 0.5
0 4.2 -2.625 DBDBDB 0.5
0 3.675 -3.675 DBDBDB 0.5
0 4.2 -3.15 DBDBDB 0.5
0 4.2 3.675 B9B9B9 0.5
0 4.725 -2.1 B9B9B9 0.5
0 4.725 3.15 B9B9B9 0.5
0 5.25 -2.1 A32321 0.5
0 5.25 3.15 A32321 0.5
0 5.775 -2.1 A32321 0.5
0 5.775 3.15 A32321 0.5
0 6.3 -2.1 A32321 0.5
0 6.3 3.15 A32321 0.5
0 6.825 -2.1 A32321 0.5
0 6.825 3.15 A32321 0.5
0 7.35 -2.1 A32321 0.5
0 7.35 3.15 A32321 0.5
0 7.875 -2.1 A32321 0.5
0 7.875 3.15 A32321 0.5
0 8.4 -2.1 A32321 0.5
0 8.4 3.15 A32321 0.5
0 8.925 -1.575 A32321 0.5
0 8.925 3.15 A32321 0.5
0 9.45 -1.575 A32321 0.5
0 9.45 3.15 A32321 0.5
0 9.975 -1.575 B9B9B9 0.5
0 9.975 3.15 B9B9B9 0.5
0 10.5 -1.575 B9B9B9 0.5
0 10.5 3.15 B9B9B9 0.5
0 11.025 -1.575 B9B9B9 0.5
0 11.025 2.625 B9B9B9 0.5
0 11.55 -1.575 B9B9B9 0.5
0 11.55 2.625 B9B9B9 0.5
0 12.075 -1.575 B9B9B9 0.5
0 12.075 2.625 B9B9B9 0.5
0 12.6 -1.575 B9B9B9 0.5
0 12.6 2.625 B9B9B9 0.5
0 13.125 -1.575 B9B9B9 0.5
0 13.125 2.625 B9B9B9 0.5
0 13.65 -1.575 A6A6A6 0.5
0 13.65 2.625 A6A6A6 0.5
0 14.175 2.625 A6A6A6 0.5
0 14.7 -1.575 A6A6A6 0.5
0 15.225 3.675 B9B9B9 0.5
0 15.75 -2.1 6B6B6B 0.5
0 15.225 -1.575 DBDBDB 0.5
0 15.75 -1.05 A32321 0.5
0 15.75 -1.575 6B6B6B 0.5
0 15.225 -1.05 DBDBDB 0.5
0 15.75 3.15 6B6B6B 0.5
0 15.225 2.625 DBDBDB 0.5
0 15.75 2.1 A32321 0.5
0 15.225 3.15 DBDBDB 0.5
0 16.275 -2.1 6B6B6B 0.5
0 16.275 -1.05 A32321 0.5
0 16.275 -1.575 6B6B6B 0.5
0 16.275 3.15 6B6B6B 0.5
0 16.275 2.1 A32321 0.5
0 16.8 -1.05 252729 0.5
0 16.8 2.1 252729 0.5
0 17.325 -1.05 252729 0.5
0 17.325 2.1 252729 0.5
0 17.85 -1.05 252729 0.5
0 17.85 2.1 252729 0.5
0 18.375 2.1 B22523 0.5
0 18.9 -0.525 B22523 0.5
0 18.9 1.575 B22523 0.5
0 19.425 0.525 B22523 0.5
0 18.9 0 B22523 0.5
0 19.425 1.05 B22523 0.5
0 19.95 1.05 B22523 0.5
0 20.475 0.525 CE322C 0.5
0.525 15.225 -2.1 7F7F7F 0.5
0.525 14.175 -1.575 A6A6A6 0.5
0.525 18.375 -1.05 741916 0.5
0.525 14.7 3.15 A6A6A6 0.5
0.525 0 -5.775 454545 0.5
0.525 0.525 -5.25 454545 0.5
0.525 0.525 5.25 454545 0.5
0.525 1.05 -5.25 939393 0.5
0.525 0.525 4.2 585858 0.5
0.525 1.05 3.675 B9B9B9 0.5
0.525 0.525 4.725 585858 0.5
0.525 1.575 -5.25 939393 0.5
0.525 1.575 3.675 B9B9B9 0.5
0.525 2.1 -5.25 939393 0.5
0.525 2.1 3.675 B9B9B9 0.5
0.525 2.625 -5.25 939393 0.5
0.525 2.625 3.675 B9B9B9 0.5
0.525 3.15 -5.25 B9B9B9 0.5
0.525 3.15 3.675 B9B9B9 0.5
0.525 3.675 -4.2 DBDBDB 0.5
0.525 3.675 -4.725 DBDBDB 0.5
0.525 3.675 3.675 B9B9B9 0.5
0.525 4.2 -3.15 DBDBDB 0.5
0.525 3.675 -3.675 DBDBDB 0.5
0.525 4.2 3.675 B9B9B9 0.5
0.525 4.725 -2.1 B9B9B9 0.5
0.525 4.2 -2.625 DBDBDB 0.5
0.525 4.725 3.15 B9B9B9 0.5
0.525 5.25 -2.1 A32321 0.5
0.525 5.25 3.15 A32321 0.5
0.525 5.775 -2.1 A32321 0.5
0.525 5.775 3.15 A32321 0.5
0.525 6.3 -2.1 A32321 0.5
0.525 6.3 3.15 A32321 0.5
0.525 6.825 -2.1 A32321 0.5
0.525 6.825 3.15 A32321 0.5
0.525 7.35 -2.1 A32321 0.5
0.525 7.35 3.15 A32321 0.5
0.525 7.875 -2.1 A32321 0.5
0.525 7.875 3.15 A32321 0.5
0.525 8.4 -2.1 A32321 0.5
0.525 8.4 3.15 A32321 0.5
0.525 8.925 -1.575 A32321 0.5
0.525 8.925 3.15 A32321 0.5
0.525 9.45 -1.575 A32321 0.5
0.525 9.45 3.15 A32321 0.5
0.525 9.975 -1.575 B9B9B9 0.5
0.525 9.975 3.15 B9B9B9 0.5
0.525 10.5 -1.575 B9B9B9 0.5
0.525 10.5 3.15 B9B9B9 0.5
0.525 11.025 -1.575 B9B9B9 0.5
0.525 11.025 2.625 B9B9B9 0.5
0.525 11.55 -1.575 B9B9B9 0.5
0.525 11.55 2.625 B9B9B9 0.5
0.525 12.075 -1.575 B9B9B9 0.5
0.525 12.075 2.625 B9B9B9 0.5
0.525 12.6 -1.575 B9B9B9 0.5
0.525 12.6 2.625 B9B9B9 0.5
0.525 13.125 -1.575 B9B9B9 0.5
0.525 13.125 2.625 B9B9B9 0.5
0.525 13.65 -1.575 A6A6A6 0.5
0.525 13.65 2.625 A6A6A6 0.5
0.525 14.175 2.625 A6A6A6 0.5
0.525 14.7 -1.575 A6A6A6 0.5
0.525 15.225 3.675 B9B9B9 0.5
0.525 15.75 -2.1 6B6B6B 0.5
0.525 15.225 -1.575 DBDBDB 0.5
0.525 15.75 -1.05 A32321 0.5
0.525 15.75 -1.575 6B6B6B 0.5
0.525 15.225 -1.05 DBDBDB 0.5
0.525 15.75 3.15 6B6B6B 0.5
0.525 15.225 2.625 DBDBDB 0.5
0.525 15.75 2.1 A32321 0.5
0.525 15.225 3.15 DBDBDB 0.5
0.525 16.275 -2.1 6B6B6B 0.5
0.525 16.275 -1.05 A32321 0.5
0.525 16.275 -1.575 6B6B6B 0.5
0.525 16.275 3.15 6B6B6B 0.5
0.525 16.275 2.1 A32321 0.5
0.525 16.8 -1.05 252729 0.5
0.525 16.8 2.1 252729 0.5
0.525 17.325 -1.05 252729 0.5
0.525 17.325 2.1 252729 0.5
0.525 17.85 -1.05 252729 0.5
0.525 17.85 2.1 252729 0.5
0.525 18.375 2.1 B22523 0.5
0.525 18.9 -0.525 B22523 0.5
0.525 18.9 1.575 B22523 0.5
0.525 18.9 0 941E1B 0.5
0.525 19.425 0.525 941E1B 0.5
0.525 18.9 1.05 A32321 0.5
1.05 15.225 -2.1 7F7F7F 0.5
1.05 14.175 -1.575 A6A6A6 0.5
1.05 18.375 -1.05 741916 0.5
1.05 18.375 2.1 741916 0.5
1.05 14.7 3.15 A6A6A6 0.5
1.05 0 -5.25 454545 0.5
1.05 0.525 -5.25 454545 0.5
1.05 0.525 5.25 454545 0.5
1.05 1.05 -5.25 B9B9B9 0.5
1.05 0.525 4.2 585858 0.5
1.05 1.05 3.675 B9B9B9 0.5
1.05 0.525 4.725 585858 0.5
1.05 1.575 -5.25 B9B9B9 0.5
1.05 1.575 3.675 B9B9B9 0.5
1.05 2.1 -5.25 B9B9B9 0.5
1.05 2.1 3.675 B9B9B9 0.5
1.05 2.625 -5.25 B9B9B9 0.5
1.05 2.625 3.675 B9B9B9 0.5
1.05 3.15 -5.25 B9B9B9 0.5
1.05 3.15 3.675 B9B9B9 0.5
1.05 3.675 -4.2 DBDBDB 0.5
1.05 3.675 -4.725 DBDBDB 0.5
1.05 3.675 3.675 B9B9B9 0.5
1.05 4.2 -3.15 DBDBDB 0.5
1.05 3.675 -3.675 DBDBDB 0.5
1.05 4.2 3.675 B9B9B9 0.5
1.05 4.725 -2.1 B9B9B9 0.5
1.05 4.2 -2.625 DBDBDB 0.5
1.05 4.725 3.15 B9B9B9 0.5
1.05 5.25 -2.1 A32321 0.5
1.05 5.25 3.15 A32321 0.5
1.05 5.775 -2.1 A32321 0.5
1.05 5.775 3.15 A32321 0.5
1.05 6.3 -2.1 A32321 0.5
1.05 6.3 3.15 A32321 0.5
1.05 6.825 -2.1 A32321 0.5
1.05 6.825 3.15 A32321 0.5
1.05 7.35 -2.1 A32321 0.5
1.05 7.35 3.15 A32321 0.5
1.05 7.875 -2.1 A32321 0.5
1.05 7.875 3.15 A32321 0.5
1.05 8.4 -2.1 A32321 0.5
1.05 8.4 3.15 A32321 0.5
1.05 8.925 -1.575 A32321 0.5
1.05 8.925 3.15 A32321 0.5
1.05 9.45 -1.575 A32321 0.5
1.05 9.45 3.15 A32321 0.5
1.05 9.975 -1.575 B9B9B9 0.5
1.05 9.975 3.15 B9B9B9 0.5
1.05 10.5 -1.575 B9B9B9 0.5
1.05 10.5 3.15 B9B9B9 0.5
1.05 11.025 -1.575 B9B9B9 0.5
1.05 11.025 2.625 B9B9B9 0.5
1.05 11.55 -1.575 B9B9B9 0.5
1.05 11.55 2.625 B9B9B9 0.5
1.05 12.075 -1.575 B9B9B9 0.5
1.05 12.075 2.625 B9B9B9 0.5
1.05 12.6 -1.575 B9B9B9 0.5
1.05 12.6 2.625 B9B9B9 0.5
1.05 13.125 -1.575 B9B9B9 0.5
1.05 13.125 2.625 B9B9B9 0.5
1.05 13.65 -1.575 A6A6A6 0.5
1.05 13.65 2.625 A6A6A6 0.5
1.05 14.175 2.625 A6A6A6 0.5
1.05 14.7 -1.575 A6A6A6 0.5
1.05 15.225 3.675 B9B9B9 0.5
1.05 15.75 -2.1 6B6B6B 0.5
1.05 15.225 -1.575 DBDBDB 0.5
1.05 15.75 -0.525 941E1B 0.5
1.05 15.75 -1.575 6B6B6B 0.5
1.05 15.225 -1.05 DBDBDB 0.5
1.05 15.75 3.15 6B6B6B 0.5
1.05 15.225 2.1 DBDBDB 0.5
1.05 15.75 2.1 B22523 0.5
1.05 15.75 1.575 B22523 0.5
1.05 15.225 2.625 DBDBDB 0.5
1.05 15.225 3.15 DBDBDB 0.5
1.05 16.275 -2.1 6B6B6B 0.5
1.05 16.275 -0.525 941E1B 0.5
1.05 16.275 -1.575 6B6B6B 0.5
1.05 16.275 3.15 6B6B6B 0.5
1.05 16.275 2.1 B22523 0.5
1.05 16.275 1.575 B22523 0.5
1.05 16.8 -0.525 252729 0.5
1.05 16.8 2.1 B22523 0.5
1.05 16.8 1.575 252729 0.5
1.05 17.325 -0.525 252729 0.5
1.05 17.325 2.1 B22523 0.5
1.05 17.325 1.575 252729 0.5
1.05 17.85 -0.525 252729 0.5
1.05 17.85 2.1 B22523 0.5
1.05 17.85 1.575 252729 0.5
1.05 18.375 -0.525 941E1B 0.5
1.05 18.9 0.525 941E1B 0.5
1.05 18.9 0 941E1B 0.5
1.05 18.9 1.05 A32321 0.5
1.05 18.375 1.575 A32321 0.5
1.575 15.225 -2.1 7F7F7F 0.5
1.575 14.7 -1.575 939393 0.5
1.575 14.175 -1.05 939393 0.5
1.575 12.6 -0.525 7F7F7F 0.5
1.575 18.375 0 741916 0.5
1.575 18.375 1.05 741916 0.5
1.575 13.65 2.1 B9B9B9 0.5
1.575 14.7 2.625 B9B9B9 0.5
1.575 15.225 3.15 7F7F7F 0.5
1.575 0 -5.25 454545 0.5
1.575 0.525 -5.25 454545 0.5
1.575 0.525 5.25 454545 0.5
1.575 1.05 -2.625 B9B9B9 0.5
1.575 0.525 -4.725 585858 0.5
1.05 1.05 -4.725 CBCBCB 0.5
1.575 0.525 -4.2 585858 0.5
1.05 1.05 -4.2 CBCBCB 0.5
1.575 0.525 -3.675 585858 0.5
1.05 1.05 -3.675 CBCBCB 0.5
1.575 0.525 -3.15 585858 0.5
1.05 1.05 -3.15 CBCBCB 0.5
1.05 1.05 -2.625 CBCBCB 0.5
1.575 0.525 4.2 585858 0.5
1.575 1.05 3.675 B9B9B9 0.5
1.575 0.525 4.725 585858 0.5
1.575 1.575 -2.625 B9B9B9 0.5
1.05 1.575 -4.725 CBCBCB 0.5
1.05 1.575 -4.2 CBCBCB 0.5
1.05 1.575 -3.675 CBCBCB 0.5
1.05 1.575 -3.15 CBCBCB 0.5
1.05 1.575 -2.625 CBCBCB 0.5
1.575 1.575 3.675 B9B9B9 0.5
1.575 2.1 -2.625 B9B9B9 0.5
1.05 2.1 -4.725 CBCBCB 0.5
1.05 2.1 -4.2 CBCBCB 0.5
1.05 2.1 -3.675 CBCBCB 0.5
1.05 2.1 -3.15 CBCBCB 0.5
1.05 2.1 -2.625 CBCBCB 0.5
1.575 2.1 3.675 B9B9B9 0.5
1.575 2.625 -2.1 B9B9B9 0.5
1.05 2.625 -4.725 CBCBCB 0.5
1.05 2.625 -4.2 CBCBCB 0.5
1.05 2.625 -3.675 CBCBCB 0.5
1.05 2.625 -3.15 CBCBCB 0.5
1.05 2.625 -2.625 CBCBCB 0.5
1.575 2.625 3.675 B9B9B9 0.5
1.575 3.15 -2.1 B9B9B9 0.5
1.05 3.15 -4.725 CBCBCB 0.5
1.05 3.15 -4.2 CBCBCB 0.5
1.05 3.15 -3.675 CBCBCB 0.5
1.05 3.15 -3.15 CBCBCB 0.5
1.05 3.15 -2.625 CBCBCB 0.5
1.575 3.15 3.675 B9B9B9 0.5
1.575 3.675 -2.1 B9B9B9 0.5
1.05 3.675 -3.15 CBCBCB 0.5
1.05 3.675 -2.625 CBCBCB 0.5
1.575 3.675 3.675 B9B9B9 0.5
1.575 4.2 -2.1 B9B9B9 0.5
1.575 4.2 3.675 B9B9B9 0.5
1.575 4.725 -2.1 B9B9B9 0.5
1.575 4.725 3.15 B9B9B9 0.5
1.575 5.25 -2.1 A32321 0.5
1.575 5.25 3.15 A32321 0.5
1.575 5.775 -2.1 941E1B 0.5
1.575 5.775 3.15 B22523 0.5
1.575 6.3 -2.1 941E1B 0.5
1.575 6.3 3.15 B22523 0.5
1.575 6.825 -2.1 941E1B 0.5
1.575 6.825 3.15 B22523 0.5
1.575 7.35 -1.575 941E1B 0.5
1.575 7.35 3.15 B22523 0.5
1.575 7.875 -1.575 941E1B 0.5
1.575 7.875 3.15 B22523 0.5
1.575 8.4 -1.575 941E1B 0.5
1.575 8.4 2.625 B22523 0.5
1.575 8.925 -1.575 941E1B 0.5
1.575 8.925 2.625 B22523 0.5
1.575 9.45 -1.575 941E1B 0.5
1.575 9.45 2.625 B22523 0.5
1.575 9.975 -1.05 A6A6A6 0.5
1.575 9.975 -1.575 A6A6A6 0.5
1.575 9.975 2.625 CBCBCB 0.5
1.575 10.5 -1.05 A6A6A6 0.5
1.575 10.5 -1.575 A6A6A6 0.5
1.575 10.5 2.625 CBCBCB 0.5
1.575 11.025 -1.05 A6A6A6 0.5
1.575 11.025 -1.575 A6A6A6 0.5
1.575 11.025 -0.525 252729 0.5
1.575 11.025 2.625 CBCBCB 0.5
1.575 11.55 -1.05 A6A6A6 0.5
1.575 11.55 2.625 CBCBCB 0.5
1.575 11.55 2.1 CBCBCB 0.5
1.575 12.075 -1.05 A6A6A6 0.5
1.575 12.075 2.625 CBCBCB 0.5
1.575 12.075 2.1 CBCBCB 0.5
1.575 12.6 -1.05 A6A6A6 0.5
1.575 12.075 -0.525 252729 0.5
1.575 12.6 2.1 CBCBCB 0.5
1.575 13.125 -0.525 A6A6A6 0.5
1.575 13.125 -1.05 A6A6A6 0.5
1.575 13.125 2.1 CBCBCB 0.5
1.575 13.65 -0.525 939393 0.5
1.575 13.65 -1.05 939393 0.5
1.575 14.175 -1.575 939393 0.5
1.575 14.175 2.625 B9B9B9 0.5
1.575 15.225 3.675 B9B9B9 0.5
1.575 15.225 -1.575 DBDBDB 0.5
1.575 15.75 0.525 941E1B 0.5
1.575 15.225 -1.05 DBDBDB 0.5
1.575 15.225 -0.525 DBDBDB 0.5
1.575 15.225 0 DBDBDB 0.5
1.575 15.75 0 941E1B 0.5
1.575 15.225 1.05 DBDBDB 0.5
1.575 15.75 1.05 B22523 0.5
1.575 15.225 1.575 DBDBDB 0.5
1.575 15.225 2.1 DBDBDB 0.5
1.575 15.225 2.625 DBDBDB 0.5
1.575 15.75 3.15 585858 0.5
1.575 16.275 0.525 941E1B 0.5
1.575 16.275 0 941E1B 0.5
1.575 16.275 1.05 B22523 0.5
1.575 16.275 3.15 585858 0.5
1.575 16.8 0.525 252729 0.5
1.575 16.8 0 252729 0.5
1.575 16.8 1.05 252729 0.5
1.575 17.325 0.525 252729 0.5
1.575 17.325 0 252729 0.5
1.575 17.325 1.05 252729 0.5
1.575 17.85 0.525 252729 0.5
1.575 17.85 0 252729 0.5
1.575 17.85 1.05 252729 0.5
1.575 18.375 0.525 941E1B 0.5
2.1 4.2 -1.05 7F7F7F 0.5
2.1 8.4 -0.525 741916 0.5
2.1 12.6 0 7F7F7F 0.5
2.1 13.65 1.05 B9B9B9 0.5
2.1 14.175 1.575 B9B9B9 0.5
2.1 15.225 2.1 B9B9B9 0.5
2.1 15.225 2.625 7F7F7F 0.5
2.1 0 -5.25 454545 0.5
2.1 0.525 -5.25 454545 0.5
2.1 0.525 5.25 454545 0.5
2.1 1.05 -2.1 A6A6A6 0.5
2.1 0.525 -4.725 585858 0.5
2.1 0.525 -4.2 585858 0.5
2.1 0.525 -3.675 585858 0.5
2.1 0.525 -3.15 585858 0.5
2.1 0.525 -2.625 585858 0.5
2.1 1.05 3.675 DBDBDB 0.5
2.1 1.05 3.15 CBCBCB 0.5
2.1 0.525 4.2 585858 0.5
2.1 0.525 4.725 585858 0.5
2.1 1.575 -2.1 A6A6A6 0.5
2.1 1.575 3.15 CBCBCB 0.5
2.1 2.1 -1.575 A6A6A6 0.5
2.1 2.1 -2.1 A6A6A6 0.5
2.1 2.1 3.15 CBCBCB 0.5
2.1 2.625 -1.575 A6A6A6 0.5
2.1 2.625 -2.1 A6A6A6 0.5
2.1 2.625 3.15 CBCBCB 0.5
2.1 3.15 -1.575 A6A6A6 0.5
2.1 3.15 -1.05 252729 0.5
2.1 3.15 3.15 CBCBCB 0.5
2.1 3.15 2.625 CBCBCB 0.5
2.1 3.675 -1.575 A6A6A6 0.5
2.1 3.675 -1.05 B9B9B9 0.5
2.1 3.675 3.15 CBCBCB 0.5
2.1 3.675 2.625 CBCBCB 0.5
2.1 4.2 -1.575 A6A6A6 0.5
1.575 4.2 3.15 CBCBCB 0.5
2.1 4.2 2.625 CBCBCB 0.5
2.1 4.725 -1.05 A6A6A6 0.5
2.1 4.725 -1.575 A6A6A6 0.5
2.1 15.225 -1.05 7F7F7F 0.5
2.1 4.725 2.625 CBCBCB 0.5
2.1 5.25 -1.05 941E1B 0.5
2.1 5.25 -1.575 941E1B 0.5
2.1 5.25 2.625 B22523 0.5
2.1 5.775 -1.05 941E1B 0.5
2.1 5.775 -1.575 941E1B 0.5
2.1 5.775 2.625 B22523 0.5
2.1 6.3 -1.05 941E1B 0.5
1.575 6.3 -1.575 941E1B 0.5
2.1 6.3 2.625 B22523 0.5
2.1 6.3 2.1 B22523 0.5
2.1 6.825 -0.525 252729 0.5
1.575 6.825 -1.575 941E1B 0.5
2.1 6.825 -1.05 B22523 0.5
2.1 6.825 2.625 B22523 0.5
2.1 6.825 2.1 B22523 0.5
2.1 7.35 -0.525 252729 0.5
2.1 7.35 -1.05 B22523 0.5
2.1 7.35 2.1 B22523 0.5
1.575 7.35 2.625 B22523 0.5
2.1 7.875 -0.525 252729 0.5
2.1 7.875 -1.05 B22523 0.5
2.1 7.875 2.1 B22523 0.5
1.575 7.875 2.625 B22523 0.5
2.1 8.4 0 252729 0.5
2.1 8.4 -1.05 941E1B 0.5
2.1 8.4 2.1 B22523 0.5
2.1 8.925 -0.525 941E1B 0.5
1.575 8.925 -1.05 941E1B 0.5
2.1 14.7 -0.525 939393 0.5
2.1 8.925 2.1 B22523 0.5
2.1 8.925 1.575 B22523 0.5
2.1 9.45 -0.525 941E1B 0.5
1.575 9.45 -1.05 941E1B 0.5
2.1 9.45 2.1 B22523 0.5
2.1 9.45 1.575 B22523 0.5
2.1 9.975 -0.525 A6A6A6 0.5
1.575 9.975 2.1 CBCBCB 0.5
2.1 9.975 1.575 CBCBCB 0.5
2.1 10.5 -0.525 A6A6A6 0.5
2.1 10.5 1.575 CBCBCB 0.5
1.575 10.5 2.1 CBCBCB 0.5
2.1 11.025 1.575 CBCBCB 0.5
1.575 11.025 2.1 CBCBCB 0.5
1.575 11.55 -0.525 252729 0.5
2.1 11.55 1.575 CBCBCB 0.5
2.1 12.075 1.575 CBCBCB 0.5
2.1 12.075 1.05 CBCBCB 0.5
1.575 12.6 0 252729 0.5
2.1 12.6 1.575 CBCBCB 0.5
2.1 12.6 1.05 CBCBCB 0.5
2.1 13.125 0 A6A6A6 0.5
2.1 13.65 0 939393 0.5
1.575 13.125 1.575 CBCBCB 0.5
2.1 13.125 1.05 CBCBCB 0.5
1.575 13.65 1.575 B9B9B9 0.5
2.1 14.175 0 939393 0.5
2.1 14.175 -0.525 939393 0.5
1.575 14.175 2.1 B9B9B9 0.5
2.1 14.7 -1.05 939393 0.5
2.1 14.7 2.1 B9B9B9 0.5
2.1 15.225 -1.575 A6A6A6 0.5
2.1 15.225 3.15 CBCBCB 0.5
2.1 15.75 -1.05 7F7F7F 0.5
2.1 15.225 -0.525 DBDBDB 0.5
2.1 15.225 0 DBDBDB 0.5
2.1 15.225 0.525 DBDBDB 0.5
2.1 15.225 1.05 DBDBDB 0.5
2.1 15.225 1.575 DBDBDB 0.5
2.1 15.75 2.1 585858 0.5
2.1 16.275 -1.05 7F7F7F 0.5
2.1 16.275 2.1 585858 0.5
2.625 4.2 -0.525 7F7F7F 0.5
2.625 15.225 0 7F7F7F 0.5
2.625 14.175 0.525 939393 0.5
2.625 14.7 1.05 B9B9B9 0.5
2.625 15.225 1.575 7F7F7F 0.5
2.625 0 -5.25 454545 0.5
2.625 0.525 -5.25 454545 0.5
2.625 0.525 5.25 454545 0.5
2.625 1.05 -1.05 A6A6A6 0.5
2.625 0.525 -4.725 585858 0.5
2.625 0.525 -4.2 585858 0.5
2.625 0.525 -3.675 585858 0.5
2.625 0.525 -3.15 585858 0.5
2.625 0.525 -2.625 585858 0.5
2.625 0.525 -2.1 585858 0.5
2.625 0.525 -1.575 585858 0.5
2.1 1.05 -1.575 A6A6A6 0.5
2.625 1.05 2.625 DBDBDB 0.5
2.625 1.05 2.1 CBCBCB 0.5
2.625 0.525 3.15 585858 0.5
2.625 0.525 3.675 585858 0.5
2.625 0.525 4.2 585858 0.5
2.625 0.525 4.725 585858 0.5
2.625 1.575 -1.05 A6A6A6 0.5
2.1 1.575 -1.575 A6A6A6 0.5
2.625 1.575 2.625 CBCBCB 0.5
2.625 1.575 2.1 CBCBCB 0.5
2.625 2.1 -1.05 A6A6A6 0.5
2.625 2.1 2.1 CBCBCB 0.5
2.1 2.1 2.625 CBCBCB 0.5
2.625 2.625 -0.525 252729 0.5
2.1 2.625 -1.05 252729 0.5
2.625 2.1 -0.525 DBDBDB 0.5
2.625 2.625 2.1 CBCBCB 0.5
2.1 2.625 2.625 CBCBCB 0.5
2.625 3.15 -0.525 B9B9B9 0.5
2.625 3.15 2.1 CBCBCB 0.5
2.625 3.675 -0.525 B9B9B9 0.5
2.625 3.675 2.1 CBCBCB 0.5
2.625 3.675 1.575 CBCBCB 0.5
2.625 4.2 -1.05 A6A6A6 0.5
2.625 15.225 -0.525 7F7F7F 0.5
2.625 4.2 2.1 CBCBCB 0.5
2.625 4.2 1.575 CBCBCB 0.5
2.625 4.725 -0.525 A6A6A6 0.5
2.1 4.725 2.1 CBCBCB 0.5
2.625 4.725 1.575 CBCBCB 0.5
2.625 5.25 -0.525 941E1B 0.5
2.625 5.25 1.575 CBCBCB 0.5
2.1 5.25 2.1 B22523 0.5
2.625 5.775 0 941E1B 0.5
2.625 5.775 -0.525 941E1B 0.5
2.625 5.775 1.575 B22523 0.5
2.1 5.775 2.1 B22523 0.5
2.625 6.3 0 941E1B 0.5
2.625 6.3 -0.525 941E1B 0.5
2.625 6.3 1.575 B22523 0.5
2.625 6.825 0 941E1B 0.5
2.625 6.825 1.575 B22523 0.5
2.625 6.825 1.05 B22523 0.5
2.625 7.35 0 941E1B 0.5
2.625 7.35 1.575 B22523 0.5
2.625 7.35 1.05 B22523 0.5
2.625 7.875 0 941E1B 0.5
2.1 7.875 1.575 B22523 0.5
2.625 7.875 1.05 B22523 0.5
2.625 8.4 0 941E1B 0.5
2.625 8.4 1.05 B22523 0.5
2.1 8.4 1.575 B22523 0.5
2.625 8.925 0.525 941E1B 0.5
2.625 8.925 0 941E1B 0.5
2.625 8.925 1.05 B22523 0.5
2.625 9.45 0.525 941E1B 0.5
2.625 9.45 0 941E1B 0.5
2.625 9.45 1.05 B22523 0.5
2.625 9.975 0.525 A6A6A6 0.5
2.1 9.975 0 A6A6A6 0.5
2.625 9.975 1.05 CBCBCB 0.5
2.625 10.5 0.525 A6A6A6 0.5
2.1 10.5 0 A6A6A6 0.5
2.625 10.5 1.05 CBCBCB 0.5
2.625 11.025 0.525 A6A6A6 0.5
2.1 11.025 1.05 CBCBCB 0.5
2.625 11.55 0.525 A6A6A6 0.5
2.1 11.55 1.05 CBCBCB 0.5
2.625 12.075 0.525 A6A6A6 0.5
2.625 12.6 0.525 A6A6A6 0.5
2.1 13.125 0.525 A6A6A6 0.5
2.1 13.65 0.525 939393 0.5
2.1 14.175 1.05 B9B9B9 0.5
2.625 14.7 0 939393 0.5
2.1 14.7 1.575 B9B9B9 0.5
2.625 15.225 2.1 CBCBCB 0.5
2.625 15.75 0 7F7F7F 0.5
2.625 15.225 0.525 DBDBDB 0.5
2.625 15.225 1.05 DBDBDB 0.5
2.625 16.275 0 7F7F7F 0.5
3.15 15.225 0.525 7F7F7F 0.5
3.15 0.525 -3.15 454545 0.5
3.15 0.525 -3.675 454545 0.5
3.15 0.525 4.725 343434 0.5
3.15 1.05 0 A6A6A6 0.5
3.15 0.525 -2.625 585858 0.5
3.15 0.525 -2.1 585858 0.5
3.15 0.525 -1.575 585858 0.5
3.15 0.525 -1.05 585858 0.5
3.15 1.05 -0.525 DBDBDB 0.5
3.15 1.05 1.575 DBDBDB 0.5
3.15 0.525 2.1 585858 0.5
3.15 0.525 2.625 585858 0.5
3.15 0.525 3.15 585858 0.5
3.15 0.525 3.675 585858 0.5
3.15 0.525 4.2 585858 0.5
3.15 1.575 0 A6A6A6 0.5
2.625 1.575 -0.525 A6A6A6 0.5
3.15 1.575 1.575 CBCBCB 0.5
3.15 1.575 1.05 CBCBCB 0.5
3.15 2.1 0 A6A6A6 0.5
3.15 2.1 1.575 CBCBCB 0.5
3.15 2.1 1.05 CBCBCB 0.5
3.15 2.625 0 A6A6A6 0.5
2.625 2.625 1.575 CBCBCB 0.5
3.15 2.625 1.05 CBCBCB 0.5
3.15 3.15 0 A6A6A6 0.5
3.15 3.15 1.05 CBCBCB 0.5
2.625 3.15 1.575 CBCBCB 0.5
3.15 3.675 0.525 A6A6A6 0.5
3.15 3.675 0 A6A6A6 0.5
3.15 3.675 1.05 CBCBCB 0.5
3.15 4.2 0.525 A6A6A6 0.5
3.15 4.2 0 A6A6A6 0.5
3.15 4.2 1.05 CBCBCB 0.5
3.15 4.725 0.525 A6A6A6 0.5
2.625 4.725 0 A6A6A6 0.5
3.15 4.725 1.05 CBCBCB 0.5
3.15 5.25 0.525 941E1B 0.5
2.625 5.25 0 941E1B 0.5
3.15 5.25 1.05 B22523 0.5
3.15 5.775 0.525 941E1B 0.5
2.625 5.775 1.05 B22523 0.5
3.15 6.3 0.525 941E1B 0.5
2.625 6.3 1.05 B22523 0.5
3.15 6.825 0.525 941E1B 0.5
3.15 7.35 0.525 941E1B 0.5
2.625 7.875 0.525 941E1B 0.5
2.625 8.4 0.525 941E1B 0.5
2.625 14.7 0.525 939393 0.5
3.15 15.225 0 A6A6A6 0.5
3.15 15.225 1.05 CBCBCB 0.5
3.675 0.525 -2.625 454545 0.5
3.675 0.525 3.675 343434 0.5
3.675 0.525 -2.1 585858 0.5
3.675 0.525 -1.575 585858 0.5
3.675 0.525 -1.05 585858 0.5
3.675 0.525 -0.525 585858 0.5
3.675 0.525 0 585858 0.5
3.675 1.05 0.525 DBDBDB 0.5
3.675 0.525 1.05 585858 0.5
3.15 1.05 1.05 CBCBCB 0.5
3.675 0.525 1.575 585858 0.5
3.675 0.525 2.1 585858 0.5
3.675 0.525 2.625 585858 0.5
3.675 0.525 3.15 585858 0.5
3.675 1.575 0.525 A6A6A6 0.5
3.675 2.1 0.525 A6A6A6 0.5
3.15 2.625 0.525 A6A6A6 0.5
3.15 3.15 0.525 A6A6A6 0.5
4.2 0.525 -1.575 454545 0.5
4.2 0.525 3.15 343434 0.5
4.2 0.525 2.625 343434 0.5
4.2 0.525 -1.05 585858 0.5
4.2 0.525 -0.525 585858 0.5
4.2 0.525 0 585858 0.5
4.2 0.525 0.525 585858 0.5
4.2 0.525 1.05 585858 0.5
4.2 0.525 1.575 585858 0.5
4.2 0.525 2.1 585858 0.5
4.725 0.525 -0.525 454545 0.5
4.725 0.525 2.1 343434 0.5
4.725 0.525 1.575 343434 0.5
4.725 0.525 0 585858 0.5
4.725 0.525 0.525 585858 0.5
4.725 0.525 1.05 585858 0.5
5.25 0.525 0.525 454545 0.5
5.25 0.525 0 454545 0.5
5.25 0.525 1.05 343434 0.5
