9.450001 0.75 7.15 285E68 1.575
9.450001 0.75 5.575 285E68 1.575
9.450001 0.75 4 285E68 1.575
9.450001 0.75 2.425 285E68 1.575
9.450001 0.75 0.8500004 285E68 1.575
9.450001 0.75 -0.7250004 285E68 1.575
9.450001 0.75 -2.3 285E68 1.575
4.725 0.75 -3.875 2E6B76 1.575
9.450001 2.325 8.725 285E68 1.575
9.450001 2.325 7.15 285E68 1.575
9.450001 2.325 5.575 285E68 1.575
9.450001 2.325 4 285E68 1.575
9.450001 2.325 2.425 285E68 1.575
9.450001 2.325 0.8500004 285E68 1.575
9.450001 2.325 -0.7250004 285E68 1.575
9.450001 2.325 -2.3 285E68 1.575
4.725 2.325 -3.875 2E6B76 1.575
9.450001 3.9 8.725 285E68 1.575
9.450001 3.9 7.15 285E68 1.575
9.450001 3.9 5.575 285E68 1.575
9.450001 3.9 4 285E68 1.575
9.450001 3.9 2.425 285E68 1.575
9.450001 3.9 0.8500004 285E68 1.575
9.450001 3.9 -0.7250004 285E68 1.575
9.450001 3.9 -2.3 285E68 1.575
4.725 3.9 -3.875 2E6B76 1.575
9.450001 5.475 8.725 285E68 1.575
9.450001 5.475 7.15 285E68 1.575
9.450001 5.475 5.575 285E68 1.575
9.450001 5.475 4 285E68 1.575
9.450001 5.475 2.425 285E68 1.575
9.450001 5.475 0.8500004 285E68 1.575
9.450001 5.475 -0.7250004 285E68 1.575
9.450001 5.475 -2.3 285E68 1.575
4.725 5.475 -3.875 2E6B76 1.575
9.450001 7.05 8.725 285E68 1.575
9.450001 7.05 7.15 285E68 1.575
9.450001 7.05 5.575 285E68 1.575
9.450001 7.05 4 285E68 1.575
9.450001 7.05 2.425 285E68 1.575
9.450001 7.05 0.8500004 285E68 1.575
9.450001 7.05 -0.7250004 285E68 1.575
9.450001 7.05 -2.3 285E68 1.575
9.450001 8.625 8.725 285E68 1.575
9.450001 8.625 7.15 285E68 1.575
9.450001 8.625 5.575 285E68 1.575
9.450001 8.625 4 285E68 1.575
9.450001 8.625 2.425 285E68 1.575
9.450001 8.625 0.8500004 285E68 1.575
9.450001 8.625 -0.7250004 285E68 1.575
9.450001 8.625 -2.3 285E68 1.575
6.3 10.2 8.725 337684 1.575
6.3 10.2 7.15 337684 1.575
6.3 11.775 8.725 337684 1.575
6.3 11.775 7.15 337684 1.575
6.3 13.35 10.3 337684 1.575
6.3 13.35 8.725 337684 1.575
6.3 13.35 7.15 337684 1.575
6.3 14.925 10.3 337684 1.575
6.3 14.925 8.725 337684 1.575
6.3 16.5 10.3 337684 1.575
6.3 16.5 8.725 337684 1.575
6.3 18.075 11.875 52B8C6 1.575
6.3 18.075 10.3 52B8C6 1.575
6.3 18.075 8.725 52B8C6 1.575
7.875 0.75 8.725 2E6B76 1.575
7.875 0.75 7.15 2E6B76 1.575
7.875 0.75 5.575 285E68 1.575
7.875 0.75 4 285E68 1.575
7.875 0.75 2.425 285E68 1.575
7.875 0.75 0.8500004 285E68 1.575
7.875 0.75 -0.7250004 285E68 1.575
7.875 0.75 -2.3 285E68 1.575
7.875 0.75 -3.875 337684 1.575
7.875 2.325 8.725 337684 1.575
7.875 2.325 -3.875 337684 1.575
7.875 3.9 8.725 337684 1.575
7.875 3.9 -3.875 337684 1.575
7.875 5.475 8.725 337684 1.575
7.875 5.475 -3.875 337684 1.575
7.875 7.05 8.725 337684 1.575
-4.725 7.05 4 2E6B76 1.575
-4.725 7.05 2.425 2E6B76 1.575
-4.725 7.05 0.8500004 2E6B76 1.575
-4.725 7.05 -0.7250004 2E6B76 1.575
-4.725 7.05 -2.3 2E6B76 1.575
7.875 7.05 -3.875 337684 1.575
7.875 8.625 8.725 337684 1.575
-4.725 8.625 5.575 2E6B76 1.575
-4.725 8.625 4 2E6B76 1.575
-4.725 8.625 2.425 2E6B76 1.575
-4.725 8.625 0.8500004 2E6B76 1.575
-4.725 8.625 -0.7250004 2E6B76 1.575
-4.725 8.625 -2.3 2E6B76 1.575
7.875 8.625 -3.875 337684 1.575
7.875 8.625 7.15 47A2AF 1.575
7.875 8.625 5.575 47A2AF 1.575
7.875 8.625 4 47A2AF 1.575
7.875 8.625 2.425 47A2AF 1.575
7.875 8.625 0.8500004 47A2AF 1.575
7.875 8.625 -0.7250004 47A2AF 1.575
7.875 8.625 -2.3 47A2AF 1.575
6.3 16.5 11.875 2E6B76 1.575
6.3 11.775 10.3 2E6B76 1.575
6.3 0.75 8.725 2E6B76 1.575
6.3 0.75 7.15 2E6B76 1.575
6.3 0.75 5.575 2E6B76 1.575
6.3 0.75 4 2E6B76 1.575
6.3 0.75 2.425 2E6B76 1.575
6.3 0.75 0.8500004 285E68 1.575
6.3 0.75 -0.7250004 285E68 1.575
6.3 0.75 -2.3 285E68 1.575
6.3 0.75 -3.875 337684 1.575
6.3 2.325 8.725 337684 1.575
6.3 2.325 -3.875 337684 1.575
6.3 3.9 8.725 337684 1.575
6.3 3.9 -3.875 337684 1.575
6.3 5.475 8.725 337684 1.575
6.3 5.475 -3.875 337684 1.575
6.3 7.05 8.725 337684 1.575
6.3 7.05 -3.875 337684 1.575
6.3 8.625 8.725 337684 1.575
6.3 8.625 -3.875 337684 1.575
6.3 10.2 10.3 2E6B76 1.575
6.3 8.625 5.575 47A2AF 1.575
6.3 10.2 5.575 3F92A2 1.575
6.3 8.625 4 47A2AF 1.575
6.3 8.625 2.425 47A2AF 1.575
6.3 8.625 0.8500004 47A2AF 1.575
6.3 8.625 -0.7250004 47A2AF 1.575
6.3 8.625 -2.3 47A2AF 1.575
6.3 14.925 11.875 2E6B76 1.575
6.3 14.925 7.15 47A2AF 1.575
4.725 18.075 11.875 2E6B76 1.575
4.725 11.775 10.3 2E6B76 1.575
4.725 0.75 8.725 2E6B76 1.575
4.725 0.75 7.15 2E6B76 1.575
4.725 0.75 5.575 2E6B76 1.575
4.725 0.75 4 2E6B76 1.575
4.725 0.75 2.425 2E6B76 1.575
4.725 0.75 0.8500004 2E6B76 1.575
4.725 0.75 -0.7250004 2E6B76 1.575
4.725 0.75 -2.3 2E6B76 1.575
4.725 2.325 8.725 337684 1.575
4.725 3.9 8.725 337684 1.575
4.725 5.475 8.725 337684 1.575
4.725 7.05 8.725 337684 1.575
4.725 7.05 4 47A2AF 1.575
4.725 7.05 5.575 3F92A2 1.575
4.725 7.05 2.425 47A2AF 1.575
4.725 7.05 0.8500004 47A2AF 1.575
4.725 7.05 -0.7250004 47A2AF 1.575
4.725 7.05 -2.3 47A2AF 1.575
4.725 7.05 -3.875 47A2AF 1.575
4.725 8.625 8.725 337684 1.575
4.725 8.625 5.575 3F92A2 1.575
4.725 8.625 4 2E6B76 1.575
4.725 8.625 2.425 2E6B76 1.575
4.725 8.625 0.8500004 2E6B76 1.575
4.725 8.625 -0.7250004 2E6B76 1.575
4.725 8.625 -2.3 2E6B76 1.575
4.725 10.2 10.3 2E6B76 1.575
4.725 10.2 5.575 3F92A2 1.575
4.725 11.775 7.15 3F92A2 1.575
4.725 13.35 10.3 2E6B76 1.575
4.725 13.35 7.15 3F92A2 1.575
4.725 14.925 11.875 2E6B76 1.575
4.725 14.925 7.15 47A2AF 1.575
4.725 16.5 11.875 2E6B76 1.575
4.725 16.5 8.725 47A2AF 1.575
4.725 18.075 8.725 47A2AF 1.575
4.725 18.075 10.3 52B8C6 1.575
3.15 18.075 11.875 2E6B76 1.575
3.15 11.775 10.3 2E6B76 1.575
3.15 0.75 8.725 2E6B76 1.575
3.15 0.75 7.15 2E6B76 1.575
3.15 0.75 5.575 2E6B76 1.575
3.15 0.75 4 2E6B76 1.575
3.15 0.75 2.425 2E6B76 1.575
3.15 0.75 0.8500004 2E6B76 1.575
3.15 0.75 -0.7250004 2E6B76 1.575
3.15 0.75 -2.3 2E6B76 1.575
3.15 0.75 -3.875 337684 1.575
3.15 2.325 8.725 337684 1.575
3.15 3.9 -3.875 337684 1.575
3.15 2.325 -3.875 337684 1.575
3.15 3.9 8.725 337684 1.575
3.15 5.475 8.725 337684 1.575
3.15 5.475 -3.875 398694 1.575
3.15 7.05 8.725 337684 1.575
3.15 7.05 4 47A2AF 1.575
3.15 7.05 5.575 3F92A2 1.575
3.15 7.05 2.425 47A2AF 1.575
3.15 7.05 0.8500004 47A2AF 1.575
3.15 7.05 -0.7250004 47A2AF 1.575
3.15 7.05 -2.3 47A2AF 1.575
3.15 7.05 -3.875 47A2AF 1.575
3.15 8.625 8.725 337684 1.575
3.15 8.625 5.575 3F92A2 1.575
3.15 10.2 10.3 2E6B76 1.575
3.15 10.2 5.575 3F92A2 1.575
3.15 11.775 7.15 3F92A2 1.575
3.15 13.35 10.3 2E6B76 1.575
3.15 13.35 7.15 3F92A2 1.575
3.15 14.925 11.875 2E6B76 1.575
3.15 14.925 7.15 47A2AF 1.575
3.15 16.5 11.875 2E6B76 1.575
3.15 16.5 8.725 47A2AF 1.575
3.15 18.075 8.725 47A2AF 1.575
3.15 18.075 10.3 52B8C6 1.575
1.575 18.075 11.875 2E6B76 1.575
1.575 11.775 10.3 2E6B76 1.575
1.575 0.75 8.725 2E6B76 1.575
1.575 0.75 7.15 2E6B76 1.575
1.575 0.75 5.575 2E6B76 1.575
1.575 0.75 4 2E6B76 1.575
1.575 0.75 2.425 2E6B76 1.575
1.575 0.75 0.8500004 2E6B76 1.575
1.575 0.75 -0.7250004 2E6B76 1.575
1.575 0.75 -2.3 2E6B76 1.575
1.575 0.75 -3.875 337684 1.575
1.575 2.325 8.725 337684 1.575
1.575 3.9 -3.875 337684 1.575
1.575 2.325 -3.875 337684 1.575
1.575 3.9 8.725 337684 1.575
1.575 5.475 8.725 337684 1.575
1.575 5.475 -3.875 398694 1.575
1.575 7.05 8.725 337684 1.575
1.575 7.05 4 47A2AF 1.575
1.575 7.05 5.575 3F92A2 1.575
1.575 7.05 2.425 47A2AF 1.575
1.575 7.05 0.8500004 47A2AF 1.575
1.575 7.05 -0.7250004 47A2AF 1.575
1.575 7.05 -2.3 47A2AF 1.575
1.575 7.05 -3.875 47A2AF 1.575
1.575 8.625 8.725 337684 1.575
1.575 8.625 5.575 3F92A2 1.575
1.575 10.2 10.3 2E6B76 1.575
1.575 10.2 5.575 3F92A2 1.575
1.575 11.775 7.15 3F92A2 1.575
1.575 13.35 10.3 2E6B76 1.575
1.575 13.35 7.15 3F92A2 1.575
1.575 14.925 11.875 2E6B76 1.575
1.575 14.925 7.15 47A2AF 1.575
1.575 16.5 11.875 2E6B76 1.575
1.575 16.5 8.725 47A2AF 1.575
1.575 18.075 8.725 47A2AF 1.575
1.575 18.075 10.3 52B8C6 1.575
0 18.075 11.875 2E6B76 1.575
0 11.775 10.3 2E6B76 1.575
0 0.75 8.725 2E6B76 1.575
0 0.75 7.15 2E6B76 1.575
0 0.75 5.575 2E6B76 1.575
0 0.75 4 2E6B76 1.575
0 0.75 2.425 2E6B76 1.575
0 0.75 0.8500004 2E6B76 1.575
0 0.75 -0.7250004 2E6B76 1.575
0 0.75 -2.3 2E6B76 1.575
0 0.75 -3.875 337684 1.575
0 2.325 8.725 337684 1.575
0 3.9 -3.875 337684 1.575
0 2.325 -3.875 337684 1.575
0 3.9 8.725 337684 1.575
0 5.475 8.725 337684 1.575
0 5.475 -3.875 398694 1.575
0 7.05 8.725 337684 1.575
0 7.05 4 47A2AF 1.575
0 7.05 5.575 3F92A2 1.575
0 7.05 2.425 47A2AF 1.575
0 7.05 0.8500004 47A2AF 1.575
0 7.05 -0.7250004 47A2AF 1.575
0 7.05 -2.3 47A2AF 1.575
0 7.05 -3.875 47A2AF 1.575
0 8.625 8.725 337684 1.575
0 8.625 5.575 3F92A2 1.575
0 10.2 10.3 2E6B76 1.575
0 10.2 5.575 3F92A2 1.575
0 11.775 7.15 3F92A2 1.575
0 13.35 10.3 2E6B76 1.575
0 13.35 7.15 3F92A2 1.575
0 14.925 11.875 2E6B76 1.575
0 14.925 7.15 47A2AF 1.575
0 16.5 11.875 2E6B76 1.575
0 16.5 8.725 47A2AF 1.575
0 18.075 8.725 47A2AF 1.575
0 18.075 10.3 52B8C6 1.575
-1.575 18.075 11.875 2E6B76 1.575
-1.575 11.775 10.3 2E6B76 1.575
-1.575 0.75 8.725 2E6B76 1.575
-1.575 0.75 7.15 2E6B76 1.575
-1.575 0.75 5.575 2E6B76 1.575
-1.575 0.75 4 2E6B76 1.575
-1.575 0.75 2.425 2E6B76 1.575
-1.575 0.75 0.8500004 2E6B76 1.575
-1.575 0.75 -0.7250004 2E6B76 1.575
-1.575 0.75 -2.3 2E6B76 1.575
-1.575 0.75 -3.875 337684 1.575
-1.575 2.325 8.725 337684 1.575
-1.575 3.9 -3.875 337684 1.575
-1.575 2.325 -3.875 337684 1.575
-1.575 3.9 8.725 337684 1.575
-1.575 5.475 8.725 337684 1.575
-1.575 5.475 -3.875 398694 1.575
-1.575 7.05 8.725 337684 1.575
-1.575 7.05 4 47A2AF 1.575
-1.575 7.05 5.575 3F92A2 1.575
-1.575 7.05 2.425 47A2AF 1.575
-1.575 7.05 0.8500004 47A2AF 1.575
-1.575 7.05 -0.7250004 47A2AF 1.575
-1.575 7.05 -2.3 47A2AF 1.575
-1.575 7.05 -3.875 47A2AF 1.575
-1.575 8.625 8.725 337684 1.575
-1.575 8.625 5.575 3F92A2 1.575
-1.575 10.2 10.3 2E6B76 1.575
-1.575 10.2 5.575 3F92A2 1.575
-1.575 11.775 7.15 3F92A2 1.575
-1.575 13.35 10.3 2E6B76 1.575
-1.575 13.35 7.15 3F92A2 1.575
-1.575 14.925 11.875 2E6B76 1.575
-1.575 14.925 7.15 47A2AF 1.575
-1.575 16.5 11.875 2E6B76 1.575
-1.575 16.5 8.725 47A2AF 1.575
-1.575 18.075 8.725 47A2AF 1.575
-1.575 18.075 10.3 52B8C6 1.575
-3.15 18.075 11.875 2E6B76 1.575
-3.15 11.775 10.3 2E6B76 1.575
-3.15 0.75 8.725 2E6B76 1.575
-3.15 0.75 7.15 2E6B76 1.575
-3.15 0.75 5.575 2E6B76 1.575
-3.15 0.75 4 2E6B76 1.575
-3.15 0.75 2.425 2E6B76 1.575
-3.15 0.75 0.8500004 2E6B76 1.575
-3.15 0.75 -0.7250004 2E6B76 1.575
-3.15 0.75 -2.3 2E6B76 1.575
-3.15 0.75 -3.875 337684 1.575
-3.15 2.325 8.725 337684 1.575
-3.15 3.9 -3.875 337684 1.575
-3.15 2.325 -3.875 337684 1.575
-3.15 3.9 8.725 337684 1.575
-3.15 5.475 8.725 337684 1.575
-3.15 5.475 -3.875 398694 1.575
-3.15 7.05 8.725 337684 1.575
-3.15 7.05 4 47A2AF 1.575
-3.15 7.05 5.575 3F92A2 1.575
-3.15 7.05 2.425 47A2AF 1.575
-3.15 7.05 0.8500004 47A2AF 1.575
-3.15 7.05 -0.7250004 47A2AF 1.575
-3.15 7.05 -2.3 47A2AF 1.575
-3.15 7.05 -3.875 47A2AF 1.575
-3.15 8.625 8.725 337684 1.575
-3.15 8.625 5.575 3F92A2 1.575
-3.15 10.2 10.3 2E6B76 1.575
-3.15 10.2 5.575 3F92A2 1.575
-3.15 11.775 7.15 3F92A2 1.575
-3.15 13.35 10.3 2E6B76 1.575
-3.15 13.35 7.15 3F92A2 1.575
-3.15 14.925 11.875 2E6B76 1.575
-3.15 14.925 7.15 47A2AF 1.575
-3.15 16.5 11.875 2E6B76 1.575
-3.15 16.5 8.725 47A2AF 1.575
-3.15 18.075 8.725 47A2AF 1.575
-3.15 18.075 10.3 52B8C6 1.575
-4.725 18.075 11.875 2E6B76 1.575
-4.725 11.775 10.3 2E6B76 1.575
-4.725 0.75 8.725 2E6B76 1.575
-4.725 0.75 7.15 2E6B76 1.575
-4.725 0.75 5.575 2E6B76 1.575
-4.725 0.75 4 2E6B76 1.575
-4.725 0.75 2.425 2E6B76 1.575
-4.725 0.75 0.8500004 2E6B76 1.575
-4.725 0.75 -0.7250004 2E6B76 1.575
-4.725 0.75 -2.3 2E6B76 1.575
-4.725 0.75 -3.875 337684 1.575
-4.725 2.325 8.725 337684 1.575
-4.725 3.9 -3.875 337684 1.575
-4.725 2.325 -3.875 337684 1.575
-4.725 3.9 8.725 337684 1.575
-4.725 5.475 8.725 337684 1.575
-4.725 5.475 -3.875 398694 1.575
-4.725 7.05 8.725 337684 1.575
-4.725 7.05 5.575 3F92A2 1.575
-4.725 7.05 -3.875 47A2AF 1.575
-4.725 8.625 8.725 337684 1.575
-4.725 10.2 10.3 2E6B76 1.575
-4.725 10.2 5.575 3F92A2 1.575
-4.725 11.775 7.15 3F92A2 1.575
-4.725 13.35 10.3 2E6B76 1.575
-4.725 13.35 7.15 3F92A2 1.575
-4.725 14.925 11.875 2E6B76 1.575
-4.725 14.925 7.15 47A2AF 1.575
-4.725 16.5 11.875 2E6B76 1.575
-4.725 16.5 8.725 47A2AF 1.575
-4.725 18.075 8.725 47A2AF 1.575
-4.725 18.075 10.3 52B8C6 1.575
-6.3 16.5 11.875 2E6B76 1.575
-6.3 11.775 10.3 2E6B76 1.575
-6.3 0.75 8.725 2E6B76 1.575
-6.3 0.75 7.15 2E6B76 1.575
-6.3 0.75 5.575 2E6B76 1.575
-6.3 0.75 4 2E6B76 1.575
-6.3 0.75 2.425 2E6B76 1.575
-6.3 0.75 0.8500004 337684 1.575
-6.3 0.75 -0.7250004 337684 1.575
-6.3 0.75 -2.3 337684 1.575
-6.3 0.75 -3.875 337684 1.575
-6.3 2.325 8.725 337684 1.575
-6.3 2.325 -3.875 337684 1.575
-6.3 3.9 8.725 337684 1.575
-6.3 3.9 -3.875 337684 1.575
-6.3 5.475 8.725 337684 1.575
-6.3 5.475 -3.875 337684 1.575
-6.3 7.05 8.725 337684 1.575
-6.3 7.05 -3.875 337684 1.575
-6.3 8.625 8.725 337684 1.575
-6.3 8.625 -3.875 337684 1.575
-6.3 10.2 10.3 2E6B76 1.575
-6.3 8.625 5.575 47A2AF 1.575
-6.3 10.2 5.575 3F92A2 1.575
-6.3 8.625 4 47A2AF 1.575
-6.3 8.625 2.425 47A2AF 1.575
-6.3 8.625 0.8500004 47A2AF 1.575
-6.3 8.625 -0.7250004 47A2AF 1.575
-6.3 8.625 -2.3 47A2AF 1.575
-6.3 11.775 7.15 3F92A2 1.575
-6.3 13.35 10.3 2E6B76 1.575
-6.3 13.35 7.15 3F92A2 1.575
-6.3 14.925 11.875 2E6B76 1.575
-6.3 14.925 7.15 47A2AF 1.575
-6.3 16.5 8.725 47A2AF 1.575
-6.3 18.075 11.875 52B8C6 1.575
-6.3 18.075 10.3 52B8C6 1.575
-6.3 18.075 8.725 52B8C6 1.575
-7.875 0.75 8.725 2E6B76 1.575
-7.875 0.75 7.15 2E6B76 1.575
-7.875 0.75 5.575 337684 1.575
-7.875 0.75 4 337684 1.575
-7.875 0.75 2.425 337684 1.575
-7.875 0.75 0.8500004 337684 1.575
-7.875 0.75 -0.7250004 337684 1.575
-7.875 0.75 -2.3 337684 1.575
-7.875 0.75 -3.875 337684 1.575
-7.875 2.325 8.725 337684 1.575
-7.875 2.325 -3.875 337684 1.575
-7.875 3.9 8.725 337684 1.575
-7.875 3.9 -3.875 337684 1.575
-7.875 5.475 8.725 337684 1.575
-7.875 5.475 -3.875 337684 1.575
-7.875 7.05 8.725 337684 1.575
-7.875 7.05 -3.875 337684 1.575
-7.875 8.625 8.725 337684 1.575
-7.875 8.625 -3.875 337684 1.575
-6.3 10.2 8.725 337684 1.575
-7.875 8.625 7.15 47A2AF 1.575
-6.3 10.2 7.15 337684 1.575
-7.875 8.625 5.575 47A2AF 1.575
-7.875 8.625 4 47A2AF 1.575
-7.875 8.625 2.425 47A2AF 1.575
-7.875 8.625 0.8500004 47A2AF 1.575
-7.875 8.625 -0.7250004 47A2AF 1.575
-7.875 8.625 -2.3 47A2AF 1.575
-6.3 11.775 8.725 337684 1.575
-6.3 13.35 8.725 337684 1.575
-6.3 14.925 10.3 337684 1.575
-6.3 14.925 8.725 337684 1.575
-6.3 16.5 10.3 337684 1.575
-9.450001 0.75 8.725 285E68 1.575
-9.450001 0.75 7.15 285E68 1.575
-9.450001 0.75 5.575 285E68 1.575
-9.450001 0.75 4 285E68 1.575
-9.450001 0.75 2.425 285E68 1.575
-9.450001 0.75 0.8500004 285E68 1.575
-9.450001 0.75 -0.7250004 285E68 1.575
-9.450001 0.75 -2.3 285E68 1.575
-9.450001 2.325 8.725 285E68 1.575
-9.450001 2.325 7.15 285E68 1.575
-9.450001 2.325 5.575 285E68 1.575
-9.450001 2.325 4 285E68 1.575
-9.450001 2.325 2.425 285E68 1.575
-9.450001 2.325 0.8500004 285E68 1.575
-9.450001 2.325 -0.7250004 285E68 1.575
-9.450001 2.325 -2.3 285E68 1.575
-9.450001 3.9 8.725 285E68 1.575
-9.450001 3.9 7.15 285E68 1.575
-9.450001 3.9 5.575 285E68 1.575
-9.450001 3.9 4 285E68 1.575
-9.450001 3.9 2.425 285E68 1.575
-9.450001 3.9 0.8500004 285E68 1.575
-9.450001 3.9 -0.7250004 285E68 1.575
-9.450001 3.9 -2.3 285E68 1.575
-9.450001 5.475 8.725 285E68 1.575
-9.450001 5.475 7.15 285E68 1.575
-9.450001 5.475 5.575 285E68 1.575
-9.450001 5.475 4 285E68 1.575
-9.450001 5.475 2.425 285E68 1.575
-9.450001 5.475 0.8500004 285E68 1.575
-9.450001 5.475 -0.7250004 285E68 1.575
-9.450001 5.475 -2.3 285E68 1.575
-9.450001 7.05 8.725 285E68 1.575
-9.450001 7.05 7.15 285E68 1.575
-9.450001 7.05 5.575 285E68 1.575
-9.450001 7.05 4 285E68 1.575
-9.450001 7.05 2.425 285E68 1.575
-9.450001 7.05 0.8500004 285E68 1.575
-9.450001 7.05 -0.7250004 285E68 1.575
-9.450001 7.05 -2.3 285E68 1.575
-9.450001 8.625 8.725 285E68 1.575
-9.450001 8.625 7.15 285E68 1.575
-9.450001 8.625 5.575 285E68 1.575
-9.450001 8.625 4 285E68 1.575
-9.450001 8.625 2.425 285E68 1.575
-9.450001 8.625 0.8500004 285E68 1.575
-9.450001 8.625 -0.7250004 285E68 1.575
-9.450001 8.625 -2.3 285E68 1.575
