-6.3 0 -5.450001 7D7976 0.629
-6.3 0 -4.820001 7D7976 0.629
-6.3 0 -4.190001 7D7976 0.629
-6.3 0 -3.56 7D7976 0.629
-6.3 0 -2.93 7D7976 0.629
-6.3 0 -2.3 7D7976 0.629
-6.3 0 -1.67 7D7976 0.629
-6.3 0 -1.04 7D7976 0.629
-6.3 0 -0.4099998 7D7976 0.629
-8.190001 0 0.2200003 7D7976 0.629
-8.190001 0 0.8500004 7D7976 0.629
-6.3 0 1.48 7D7976 0.629
-1.89 0.63 -7.34 696F77 0.629
-3.15 0.63 -6.710001 6C6966 0.629
-3.15 0.63 -6.08 6C6966 0.629
-6.3 0.63 -5.450001 7D7976 0.629
-6.3 0.63 -4.820001 7D7976 0.629
-6.3 0.63 -4.190001 7D7976 0.629
-6.3 0.63 -3.56 7D7976 0.629
-6.3 0.63 -2.93 7D7976 0.629
-6.3 0.63 -2.3 7D7976 0.629
-6.3 0.63 -1.67 7D7976 0.629
-6.3 0.63 -1.04 7D7976 0.629
-6.3 0.63 -0.4099998 7D7976 0.629
-8.190001 0.63 0.2200003 7D7976 0.629
-8.190001 0.63 0.8500004 7D7976 0.629
-6.3 0.63 1.48 7D7976 0.629
-1.89 1.26 -7.34 696F77 0.629
-3.15 1.26 -6.710001 6C6966 0.629
-3.15 1.26 -6.08 6C6966 0.629
-6.3 1.26 -5.450001 7D7976 0.629
-6.3 1.26 -4.820001 7D7976 0.629
-6.3 1.26 -4.190001 7D7976 0.629
-6.3 1.26 -3.56 7D7976 0.629
-6.3 1.26 -2.93 7D7976 0.629
-6.3 1.26 -2.3 7D7976 0.629
-6.3 1.26 -1.67 7D7976 0.629
-6.3 1.26 -1.04 7D7976 0.629
-6.3 1.26 -0.4099998 7D7976 0.629
-8.190001 1.26 0.2200003 7D7976 0.629
-8.190001 1.26 0.8500004 7D7976 0.629
-6.3 1.26 1.48 7D7976 0.629
-1.89 1.89 -7.34 696F77 0.629
-3.15 1.89 -6.710001 6C6966 0.629
-3.15 1.89 -6.08 6C6966 0.629
-6.3 1.89 -5.450001 7D7976 0.629
-6.3 1.89 -4.820001 7D7976 0.629
-6.3 1.89 -4.190001 7D7976 0.629
-6.3 1.89 -3.56 7D7976 0.629
-6.3 1.89 -2.93 7D7976 0.629
-6.3 1.89 -2.3 7D7976 0.629
-6.3 1.89 -1.67 7D7976 0.629
-6.3 1.89 -1.04 7D7976 0.629
-6.3 1.89 -0.4099998 7D7976 0.629
-8.190001 1.89 0.2200003 7D7976 0.629
-8.190001 1.89 0.8500004 7D7976 0.629
-6.3 1.89 1.48 7D7976 0.629
-1.89 2.52 -7.34 696F77 0.629
-3.15 2.52 -6.710001 6C6966 0.629
-3.15 2.52 -6.08 6C6966 0.629
-6.3 2.52 -5.450001 7D7976 0.629
-6.3 2.52 -4.820001 7D7976 0.629
-6.3 2.52 -4.190001 7D7976 0.629
-6.3 2.52 -3.56 7D7976 0.629
-6.3 2.52 -2.93 7D7976 0.629
-6.3 2.52 -2.3 7D7976 0.629
-6.3 2.52 -1.67 7D7976 0.629
-6.3 2.52 -1.04 7D7976 0.629
-6.3 2.52 -0.4099998 7D7976 0.629
-8.190001 2.52 0.2200003 7D7976 0.629
-8.190001 2.52 0.8500004 7D7976 0.629
-6.3 2.52 1.48 7D7976 0.629
-1.89 3.15 -7.34 696F77 0.629
-3.15 3.15 -6.710001 6C6966 0.629
-3.15 3.15 -6.08 6C6966 0.629
-6.3 3.15 -5.450001 B5BFCD 0.629
-6.3 3.15 -4.820001 B5BFCD 0.629
-6.3 3.15 -4.190001 B5BFCD 0.629
-6.3 3.15 -3.56 B5BFCD 0.629
-6.3 3.15 -2.93 B5BFCD 0.629
-6.3 3.15 -2.3 B5BFCD 0.629
-6.3 3.15 -1.67 B5BFCD 0.629
-6.3 3.15 -1.04 B5BFCD 0.629
-6.3 3.15 -0.4099998 B5BFCD 0.629
-8.190001 3.15 0.2200003 7D7976 0.629
-8.190001 3.15 0.8500004 7D7976 0.629
-6.3 3.15 1.48 B5BFCD 0.629
-1.89 3.78 -7.34 696F77 0.629
-3.15 3.78 -6.710001 6C6966 0.629
-3.15 3.78 -6.08 6C6966 0.629
-6.3 3.78 -5.450001 B5BFCD 0.629
-6.3 3.78 -4.820001 B5BFCD 0.629
-6.3 3.78 -4.190001 B5BFCD 0.629
-6.3 3.78 -3.56 B5BFCD 0.629
-6.3 3.78 -2.93 B5BFCD 0.629
-6.3 3.78 -2.3 B5BFCD 0.629
-6.3 3.78 -1.67 B5BFCD 0.629
-6.3 3.78 -1.04 B5BFCD 0.629
-6.3 3.78 -0.4099998 B5BFCD 0.629
-8.190001 3.78 0.2200003 7D7976 0.629
-8.190001 3.78 0.8500004 7D7976 0.629
-6.3 3.78 1.48 B5BFCD 0.629
-3.15 4.41 -6.710001 6C6966 0.629
-3.15 4.41 -6.08 6C6966 0.629
-6.3 4.41 -5.450001 B5BFCD 0.629
-6.3 4.41 -4.820001 B5BFCD 0.629
-6.3 4.41 -4.190001 B5BFCD 0.629
-6.3 4.41 -3.56 B5BFCD 0.629
-6.3 4.41 -2.93 B5BFCD 0.629
-6.3 4.41 -2.3 B5BFCD 0.629
-6.3 4.41 -1.67 B5BFCD 0.629
-6.3 4.41 -1.04 B5BFCD 0.629
-6.3 4.41 -0.4099998 B5BFCD 0.629
-8.190001 4.41 0.2200003 B5BFCD 0.629
-8.190001 4.41 0.8500004 B5BFCD 0.629
-6.3 4.41 1.48 B5BFCD 0.629
-3.15 5.04 -6.710001 6C6966 0.629
-3.15 5.04 -6.08 6C6966 0.629
-6.3 5.04 -5.450001 B5BFCD 0.629
-6.3 5.04 -4.820001 B5BFCD 0.629
-6.3 5.04 -4.190001 B5BFCD 0.629
-6.3 5.04 -3.56 B5BFCD 0.629
-6.3 5.04 -2.93 B5BFCD 0.629
-6.3 5.04 -2.3 B5BFCD 0.629
-6.3 5.04 -1.67 B5BFCD 0.629
-6.3 5.04 -1.04 B5BFCD 0.629
-6.3 5.04 -0.4099998 B5BFCD 0.629
-8.190001 5.04 0.2200003 B5BFCD 0.629
-8.190001 5.04 0.8500004 B5BFCD 0.629
-6.3 5.04 1.48 B5BFCD 0.629
-3.15 5.67 -6.710001 6C6966 0.629
-3.15 5.67 -6.08 6C6966 0.629
-6.3 5.67 -5.450001 B5BFCD 0.629
-6.3 5.67 -4.820001 B5BFCD 0.629
-6.3 5.67 -4.190001 B5BFCD 0.629
-6.3 5.67 -3.56 B5BFCD 0.629
-6.3 5.67 -2.93 B5BFCD 0.629
-6.3 5.67 -2.3 B5BFCD 0.629
-6.3 5.67 -1.67 B5BFCD 0.629
-6.3 5.67 -1.04 B5BFCD 0.629
-6.3 5.67 -0.4099998 B5BFCD 0.629
-8.190001 5.67 0.2200003 B5BFCD 0.629
-8.190001 5.67 0.8500004 B5BFCD 0.629
-6.3 5.67 1.48 B5BFCD 0.629
-3.15 6.3 -6.710001 6C6966 0.629
-3.15 6.3 -6.08 6C6966 0.629
-6.3 6.3 -5.450001 B5BFCD 0.629
-6.3 6.3 -4.820001 B5BFCD 0.629
-6.3 6.3 -4.190001 B5BFCD 0.629
-6.3 6.3 -3.56 B5BFCD 0.629
-5.67 6.3 -2.93 252729 0.629
-5.67 6.3 -2.3 252729 0.629
-5.67 6.3 -1.67 252729 0.629
-6.3 6.3 -1.04 B5BFCD 0.629
-6.3 6.3 -0.4099998 B5BFCD 0.629
-8.190001 6.3 0.2200003 B5BFCD 0.629
-8.190001 6.3 0.8500004 B5BFCD 0.629
-6.3 6.3 1.48 B5BFCD 0.629
-3.15 6.93 -6.710001 6C6966 0.629
-3.15 6.93 -6.08 6C6966 0.629
-6.3 6.93 -5.450001 B5BFCD 0.629
-6.3 6.93 -4.820001 B5BFCD 0.629
-6.3 6.93 -4.190001 B5BFCD 0.629
-6.3 6.93 -3.56 B5BFCD 0.629
-5.67 6.93 -2.93 252729 0.629
-5.67 6.93 -2.3 252729 0.629
-5.67 6.93 -1.67 252729 0.629
-6.3 6.93 -1.04 B5BFCD 0.629
-6.3 6.93 -0.4099998 B5BFCD 0.629
-8.190001 6.93 0.2200003 B5BFCD 0.629
-8.190001 6.93 0.8500004 B5BFCD 0.629
-6.3 6.93 1.48 B5BFCD 0.629
-3.15 7.56 -6.710001 6C6966 0.629
-3.15 7.56 -6.08 6C6966 0.629
-6.3 7.56 -5.450001 B5BFCD 0.629
-6.3 7.56 -4.820001 B5BFCD 0.629
-6.3 7.56 -4.190001 B5BFCD 0.629
-6.3 7.56 -3.56 B5BFCD 0.629
-5.67 7.56 -2.93 252729 0.629
-5.67 7.56 -2.3 252729 0.629
-5.67 7.56 -1.67 252729 0.629
-6.3 7.56 -1.04 B5BFCD 0.629
-6.3 7.56 -0.4099998 B5BFCD 0.629
-8.190001 7.56 0.2200003 B5BFCD 0.629
-8.190001 7.56 0.8500004 B5BFCD 0.629
-6.3 7.56 1.48 B5BFCD 0.629
-3.15 8.190001 -6.710001 6C6966 0.629
-3.15 8.190001 -6.08 6C6966 0.629
-6.3 8.190001 -5.450001 B5BFCD 0.629
-6.3 8.190001 -4.820001 B5BFCD 0.629
-6.3 8.190001 -4.190001 B5BFCD 0.629
-6.3 8.190001 -3.56 B5BFCD 0.629
-5.67 8.190001 -2.93 A6A6A6 0.629
-5.67 8.190001 -2.3 A6A6A6 0.629
-5.67 8.190001 -1.67 A6A6A6 0.629
-6.3 8.190001 -1.04 B5BFCD 0.629
-6.3 8.190001 -0.4099998 B5BFCD 0.629
-8.190001 8.190001 0.2200003 B5BFCD 0.629
-8.190001 8.190001 0.8500004 B5BFCD 0.629
-6.3 8.190001 1.48 B5BFCD 0.629
-3.15 8.820001 -6.710001 6C6966 0.629
-3.15 8.820001 -6.08 6C6966 0.629
-6.3 8.820001 -5.450001 B5BFCD 0.629
-6.3 8.820001 -4.820001 B5BFCD 0.629
-6.3 8.820001 -4.190001 B5BFCD 0.629
-6.3 8.820001 -3.56 B5BFCD 0.629
-5.67 8.820001 -2.93 252729 0.629
-5.67 8.820001 -2.3 252729 0.629
-5.67 8.820001 -1.67 252729 0.629
-6.3 8.820001 -1.04 B5BFCD 0.629
-6.3 8.820001 -0.4099998 B5BFCD 0.629
-8.190001 8.820001 0.2200003 B5BFCD 0.629
-8.190001 8.820001 0.8500004 B5BFCD 0.629
-6.3 8.820001 1.48 B5BFCD 0.629
-3.15 9.450001 -6.710001 6C6966 0.629
-3.15 9.450001 -6.08 6C6966 0.629
-6.3 9.450001 -5.450001 B5BFCD 0.629
-6.3 9.450001 -4.820001 B5BFCD 0.629
-6.3 9.450001 -4.190001 B5BFCD 0.629
-6.3 9.450001 -3.56 B5BFCD 0.629
-5.67 9.450001 -2.93 252729 0.629
-5.67 9.450001 -2.3 252729 0.629
-5.67 9.450001 -1.67 252729 0.629
-6.3 9.450001 -1.04 B5BFCD 0.629
-6.3 9.450001 -0.4099998 B5BFCD 0.629
-8.190001 9.450001 0.2200003 B5BFCD 0.629
-8.190001 9.450001 0.8500004 B5BFCD 0.629
-6.3 9.450001 1.48 B5BFCD 0.629
-3.15 10.08 -6.710001 6C6966 0.629
-3.15 10.08 -6.08 6C6966 0.629
-6.3 10.08 -5.450001 B5BFCD 0.629
-6.3 10.08 -4.820001 B5BFCD 0.629
-6.3 10.08 -4.190001 B5BFCD 0.629
-6.3 10.08 -3.56 B5BFCD 0.629
-6.3 10.08 -2.93 B5BFCD 0.629
-6.3 10.08 -2.3 B5BFCD 0.629
-6.3 10.08 -1.67 B5BFCD 0.629
-6.3 10.08 -1.04 B5BFCD 0.629
-6.3 10.08 -0.4099998 B5BFCD 0.629
-8.190001 10.08 0.2200003 B5BFCD 0.629
-8.190001 10.08 0.8500004 B5BFCD 0.629
-6.3 10.08 1.48 B5BFCD 0.629
-3.15 10.71 -6.710001 6C6966 0.629
-3.15 10.71 -6.08 6C6966 0.629
-6.3 10.71 -5.450001 B5BFCD 0.629
-6.3 10.71 -4.820001 B5BFCD 0.629
-6.3 10.71 -4.190001 B5BFCD 0.629
-6.3 10.71 -3.56 B5BFCD 0.629
-6.3 10.71 -2.93 B5BFCD 0.629
-6.3 10.71 -2.3 B5BFCD 0.629
-6.3 10.71 -1.67 B5BFCD 0.629
-6.3 10.71 -1.04 B5BFCD 0.629
-6.3 10.71 -0.4099998 B5BFCD 0.629
-8.190001 10.71 0.2200003 B5BFCD 0.629
-6.3 10.71 1.48 B5BFCD 0.629
-3.15 11.34 -6.710001 6C6966 0.629
-3.15 11.34 -6.08 6C6966 0.629
-6.3 11.34 -5.450001 B5BFCD 0.629
-6.3 11.34 -4.820001 B5BFCD 0.629
-6.3 11.34 -4.190001 B5BFCD 0.629
-6.3 11.34 -3.56 B5BFCD 0.629
-5.67 11.34 -2.93 252729 0.629
-5.67 11.34 -2.3 252729 0.629
-5.67 11.34 -1.67 252729 0.629
-6.3 11.34 -1.04 B5BFCD 0.629
-6.3 11.34 -0.4099998 B5BFCD 0.629
-8.190001 11.34 0.2200003 B5BFCD 0.629
-6.3 11.34 1.48 B5BFCD 0.629
-3.15 11.97 -6.710001 6C6966 0.629
-3.15 11.97 -6.08 6C6966 0.629
-6.3 11.97 -5.450001 B5BFCD 0.629
-6.3 11.97 -4.820001 B5BFCD 0.629
-6.3 11.97 -4.190001 B5BFCD 0.629
-6.3 11.97 -3.56 B5BFCD 0.629
-5.67 11.97 -2.93 252729 0.629
-5.67 11.97 -2.3 252729 0.629
-5.67 11.97 -1.67 252729 0.629
-6.3 11.97 -1.04 B5BFCD 0.629
-6.3 11.97 -0.4099998 B5BFCD 0.629
-8.190001 11.97 0.2200003 B5BFCD 0.629
-6.3 11.97 1.48 B5BFCD 0.629
-3.15 12.6 -6.710001 6C6966 0.629
-3.15 12.6 -6.08 6C6966 0.629
-6.3 12.6 -5.450001 B5BFCD 0.629
-6.3 12.6 -4.820001 B5BFCD 0.629
-6.3 12.6 -4.190001 B5BFCD 0.629
-6.3 12.6 -3.56 B5BFCD 0.629
-5.67 12.6 -2.93 252729 0.629
-5.67 12.6 -2.3 252729 0.629
-5.67 12.6 -1.67 252729 0.629
-6.3 12.6 -1.04 B5BFCD 0.629
-6.3 12.6 -0.4099998 B5BFCD 0.629
-8.190001 12.6 0.2200003 B5BFCD 0.629
-6.3 12.6 1.48 B5BFCD 0.629
-3.15 13.23 -6.710001 6C6966 0.629
-3.15 13.23 -6.08 6C6966 0.629
-6.3 13.23 -5.450001 B5BFCD 0.629
-6.3 13.23 -4.820001 B5BFCD 0.629
-6.3 13.23 -4.190001 B5BFCD 0.629
-6.3 13.23 -3.56 B5BFCD 0.629
-5.67 13.23 -2.93 A6A6A6 0.629
-5.67 13.23 -2.3 A6A6A6 0.629
-5.67 13.23 -1.67 A6A6A6 0.629
-6.3 13.23 -1.04 B5BFCD 0.629
-6.3 13.23 -0.4099998 B5BFCD 0.629
-8.190001 13.23 0.2200003 B5BFCD 0.629
-6.3 13.23 1.48 B5BFCD 0.629
-3.15 13.86 -6.710001 6C6966 0.629
-3.15 13.86 -6.08 6C6966 0.629
-6.3 13.86 -5.450001 B5BFCD 0.629
-6.3 13.86 -4.820001 B5BFCD 0.629
-6.3 13.86 -4.190001 B5BFCD 0.629
-6.3 13.86 -3.56 B5BFCD 0.629
-5.67 13.86 -2.93 252729 0.629
-5.67 13.86 -2.3 252729 0.629
-5.67 13.86 -1.67 252729 0.629
-6.3 13.86 -1.04 B5BFCD 0.629
-6.3 13.86 -0.4099998 B5BFCD 0.629
-8.190001 13.86 0.2200003 B5BFCD 0.629
-6.3 13.86 1.48 B5BFCD 0.629
-5.67 13.86 2.74 252729 0.629
-5.67 13.86 3.37 252729 0.629
-5.67 13.86 4 252729 0.629
-6.3 13.86 4.63 B5BFCD 0.629
-6.3 13.86 5.26 B5BFCD 0.629
-8.190001 13.86 6.52 B5BFCD 0.629
-8.190001 13.86 7.15 B5BFCD 0.629
-6.3 13.86 7.780001 B5BFCD 0.629
-6.3 13.86 8.41 B5BFCD 0.629
-5.67 13.86 9.040001 252729 0.629
-5.67 13.86 9.67 252729 0.629
-5.67 13.86 10.3 252729 0.629
-6.3 14.49 -5.450001 B5BFCD 0.629
-6.3 14.49 -4.820001 B5BFCD 0.629
-6.3 14.49 -4.190001 B5BFCD 0.629
-6.3 14.49 -3.56 B5BFCD 0.629
-5.67 14.49 -2.93 252729 0.629
-5.67 14.49 -2.3 252729 0.629
-5.67 14.49 -1.67 252729 0.629
-6.3 14.49 -1.04 B5BFCD 0.629
-6.3 14.49 -0.4099998 B5BFCD 0.629
-8.190001 14.49 0.2200003 7D7976 0.629
-8.190001 14.49 0.8500004 7D7976 0.629
-6.3 14.49 1.48 B5BFCD 0.629
-6.3 14.49 2.11 B5BFCD 0.629
-5.67 14.49 2.74 252729 0.629
-5.67 14.49 3.37 252729 0.629
-5.67 14.49 4 252729 0.629
-6.3 14.49 4.63 B5BFCD 0.629
-6.3 14.49 5.26 B5BFCD 0.629
-8.190001 14.49 5.889999 7D7976 0.629
-8.190001 14.49 6.52 7D7976 0.629
-8.190001 14.49 7.15 7D7976 0.629
-6.3 14.49 7.780001 B5BFCD 0.629
-6.3 14.49 8.41 B5BFCD 0.629
-5.67 14.49 9.040001 252729 0.629
-5.67 14.49 9.67 252729 0.629
-5.67 14.49 10.3 252729 0.629
-6.3 14.49 10.93 B5BFCD 0.629
-6.3 14.49 11.56 B5BFCD 0.629
-6.3 15.12 -5.450001 7D7976 0.629
-6.3 15.12 -4.820001 7D7976 0.629
-6.3 15.12 -4.190001 7D7976 0.629
-6.3 15.12 -3.56 7D7976 0.629
-6.3 15.12 -2.93 7D7976 0.629
-6.3 15.12 -2.3 7D7976 0.629
-6.3 15.12 -1.67 7D7976 0.629
-6.3 15.12 -1.04 7D7976 0.629
-6.3 15.12 -0.4099998 7D7976 0.629
-8.190001 15.12 0.2200003 7D7976 0.629
-8.190001 15.12 0.8500004 7D7976 0.629
-6.3 15.12 1.48 7D7976 0.629
-6.3 15.12 2.11 7D7976 0.629
-6.3 15.12 2.74 7D7976 0.629
-6.3 15.12 3.37 7D7976 0.629
-6.3 15.12 4 7D7976 0.629
-6.3 15.12 4.63 7D7976 0.629
-6.3 15.12 5.26 7D7976 0.629
-8.190001 15.12 5.889999 7D7976 0.629
-8.190001 15.12 6.52 7D7976 0.629
-8.190001 15.12 7.15 7D7976 0.629
-6.3 15.12 7.780001 7D7976 0.629
-6.3 15.12 8.41 7D7976 0.629
-6.3 15.12 9.040001 7D7976 0.629
-6.3 15.12 9.67 7D7976 0.629
-6.3 15.12 10.3 7D7976 0.629
-6.3 15.12 10.93 7D7976 0.629
-6.3 15.12 11.56 7D7976 0.629
-6.3 15.12 12.19 7D7976 0.629
-6.3 15.12 12.82 7D7976 0.629
-6.3 15.12 13.45 7D7976 0.629
-6.3 15.75 -5.450001 7D7976 0.629
-6.3 15.75 -4.820001 7D7976 0.629
-6.3 15.75 -4.190001 7D7976 0.629
-6.3 15.75 -3.56 7D7976 0.629
-6.3 15.75 -2.93 7D7976 0.629
-6.3 15.75 -2.3 7D7976 0.629
-6.3 15.75 -1.67 7D7976 0.629
-6.3 15.75 -1.04 7D7976 0.629
-6.3 15.75 -0.4099998 7D7976 0.629
-8.190001 15.75 0.2200003 7D7976 0.629
-8.190001 15.75 0.8500004 7D7976 0.629
-6.3 15.75 1.48 7D7976 0.629
-6.3 15.75 2.11 7D7976 0.629
-6.3 15.75 2.74 7D7976 0.629
-6.3 15.75 3.37 7D7976 0.629
-6.3 15.75 4 7D7976 0.629
-6.3 15.75 4.63 7D7976 0.629
-6.3 15.75 5.26 7D7976 0.629
-8.190001 15.75 5.889999 7D7976 0.629
-8.190001 15.75 6.52 7D7976 0.629
-8.190001 15.75 7.15 7D7976 0.629
-6.3 15.75 7.780001 7D7976 0.629
-6.3 15.75 8.41 7D7976 0.629
-6.3 15.75 9.040001 7D7976 0.629
-6.3 15.75 9.67 7D7976 0.629
-6.3 15.75 10.3 7D7976 0.629
-6.3 15.75 10.93 7D7976 0.629
-6.3 15.75 11.56 7D7976 0.629
-6.3 15.75 12.19 7D7976 0.629
-6.3 15.75 12.82 7D7976 0.629
-6.3 15.75 13.45 7D7976 0.629
-6.3 16.38 -5.450001 7D7976 0.629
-6.3 16.38 -4.820001 7D7976 0.629
-6.3 16.38 -4.190001 7D7976 0.629
-6.3 16.38 -3.56 7D7976 0.629
-6.3 16.38 -2.93 7D7976 0.629
-6.3 16.38 -2.3 7D7976 0.629
-6.3 16.38 -1.67 7D7976 0.629
-6.3 16.38 -1.04 7D7976 0.629
-6.3 16.38 -0.4099998 7D7976 0.629
-8.190001 16.38 0.2200003 7D7976 0.629
-8.190001 16.38 0.8500004 7D7976 0.629
-6.3 16.38 1.48 7D7976 0.629
-6.3 16.38 2.11 7D7976 0.629
-6.3 16.38 2.74 7D7976 0.629
-6.3 16.38 3.37 7D7976 0.629
-6.3 16.38 4 7D7976 0.629
-6.3 16.38 4.63 7D7976 0.629
-6.3 16.38 5.26 7D7976 0.629
-8.190001 16.38 5.889999 7D7976 0.629
-8.190001 16.38 6.52 7D7976 0.629
-8.190001 16.38 7.15 7D7976 0.629
-6.3 16.38 7.780001 7D7976 0.629
-6.3 16.38 8.41 7D7976 0.629
-6.3 16.38 9.040001 7D7976 0.629
-6.3 16.38 9.67 7D7976 0.629
-6.3 16.38 10.3 7D7976 0.629
-6.3 16.38 10.93 7D7976 0.629
-6.3 16.38 11.56 7D7976 0.629
-6.3 16.38 12.19 7D7976 0.629
-6.3 16.38 12.82 7D7976 0.629
-6.3 16.38 13.45 7D7976 0.629
-3.78 17.01 0.2200003 6B6B6B 0.629
-3.78 17.01 0.8500004 6B6B6B 0.629
-3.78 17.01 5.889999 6B6B6B 0.629
-3.78 17.01 6.52 6B6B6B 0.629
-3.78 17.01 7.15 6B6B6B 0.629
-7.56 0 0.2200003 7D7976 0.629
-7.56 0 0.8500004 7D7976 0.629
-7.56 0 -0.4099998 6C6966 0.629
-6.3 0 0.2200003 7D7976 0.629
-6.3 0 0.8500004 7D7976 0.629
-7.56 0.63 -0.4099998 6C6966 0.629
-6.3 0.63 0.2200003 7D7976 0.629
-6.3 0.63 0.8500004 7D7976 0.629
-7.56 1.26 -0.4099998 6C6966 0.629
-6.3 1.26 0.2200003 7D7976 0.629
-6.3 1.26 0.8500004 7D7976 0.629
-7.56 1.89 -0.4099998 6C6966 0.629
-6.3 1.89 0.2200003 7D7976 0.629
-6.3 1.89 0.8500004 7D7976 0.629
-7.56 2.52 -0.4099998 6C6966 0.629
-6.3 2.52 0.2200003 7D7976 0.629
-6.3 2.52 0.8500004 7D7976 0.629
-7.56 3.15 -0.4099998 6C6966 0.629
-6.3 3.15 0.2200003 B5BFCD 0.629
-6.3 3.15 0.8500004 B5BFCD 0.629
-7.56 3.78 -0.4099998 6C6966 0.629
-6.3 3.78 0.2200003 B5BFCD 0.629
-6.3 3.78 0.8500004 B5BFCD 0.629
-7.56 4.41 -0.4099998 99A2AD 0.629
-6.3 4.41 0.2200003 B5BFCD 0.629
-6.3 4.41 0.8500004 B5BFCD 0.629
-7.56 5.04 -0.4099998 99A2AD 0.629
-6.3 5.04 0.2200003 B5BFCD 0.629
-6.3 5.04 0.8500004 B5BFCD 0.629
-7.56 5.67 -0.4099998 99A2AD 0.629
-6.3 5.67 0.2200003 B5BFCD 0.629
-6.3 5.67 0.8500004 B5BFCD 0.629
-7.56 6.3 -0.4099998 99A2AD 0.629
-6.3 6.3 0.2200003 B5BFCD 0.629
-6.3 6.3 0.8500004 B5BFCD 0.629
-7.56 6.93 -0.4099998 99A2AD 0.629
-6.3 6.93 0.2200003 B5BFCD 0.629
-6.3 6.93 0.8500004 B5BFCD 0.629
-7.56 7.56 -0.4099998 99A2AD 0.629
-6.3 7.56 0.2200003 B5BFCD 0.629
-6.3 7.56 0.8500004 B5BFCD 0.629
-7.56 8.190001 -0.4099998 99A2AD 0.629
-6.3 8.190001 0.2200003 B5BFCD 0.629
-6.3 8.190001 0.8500004 B5BFCD 0.629
-7.56 8.820001 -0.4099998 99A2AD 0.629
-6.3 8.820001 0.2200003 B5BFCD 0.629
-6.3 8.820001 0.8500004 B5BFCD 0.629
-7.56 9.450001 -0.4099998 99A2AD 0.629
-6.3 9.450001 0.2200003 B5BFCD 0.629
-6.3 9.450001 0.8500004 B5BFCD 0.629
-7.56 10.08 -0.4099998 99A2AD 0.629
-6.3 10.08 0.2200003 B5BFCD 0.629
-6.3 10.08 0.8500004 B5BFCD 0.629
-7.56 10.71 -0.4099998 99A2AD 0.629
-6.3 10.71 0.2200003 B5BFCD 0.629
-6.3 10.71 0.8500004 B5BFCD 0.629
-7.56 11.34 -0.4099998 99A2AD 0.629
-6.3 11.34 0.2200003 B5BFCD 0.629
-6.3 11.34 0.8500004 B5BFCD 0.629
-7.56 11.97 -0.4099998 99A2AD 0.629
-6.3 11.97 0.2200003 B5BFCD 0.629
-6.3 11.97 0.8500004 B5BFCD 0.629
-7.56 12.6 -0.4099998 99A2AD 0.629
-6.3 12.6 0.2200003 B5BFCD 0.629
-6.3 12.6 0.8500004 B5BFCD 0.629
-7.56 13.23 -0.4099998 99A2AD 0.629
-6.3 13.23 0.2200003 B5BFCD 0.629
-6.3 13.23 0.8500004 B5BFCD 0.629
-7.56 13.86 -0.4099998 99A2AD 0.629
-6.3 13.86 0.2200003 B5BFCD 0.629
-7.56 13.86 5.889999 99A2AD 0.629
-6.3 13.86 0.8500004 B5BFCD 0.629
-6.3 13.86 5.889999 B5BFCD 0.629
-6.3 13.86 6.52 B5BFCD 0.629
-6.3 13.86 7.15 B5BFCD 0.629
-7.56 13.86 7.15 99A2AD 0.629
-7.56 14.49 -0.4099998 6C6966 0.629
-6.3 14.49 0.2200003 B5BFCD 0.629
-7.56 14.49 5.889999 6C6966 0.629
-6.3 14.49 0.8500004 B5BFCD 0.629
-7.56 14.49 1.48 6C6966 0.629
-6.3 14.49 5.889999 B5BFCD 0.629
-6.3 14.49 6.52 B5BFCD 0.629
-6.3 14.49 7.15 B5BFCD 0.629
-7.56 14.49 7.15 6C6966 0.629
-7.56 15.12 -0.4099998 6C6966 0.629
-6.3 15.12 0.2200003 7D7976 0.629
-7.56 15.12 5.889999 6C6966 0.629
-6.3 15.12 0.8500004 7D7976 0.629
-7.56 15.12 1.48 6C6966 0.629
-6.3 15.12 5.889999 7D7976 0.629
-6.3 15.12 6.52 7D7976 0.629
-6.3 15.12 7.15 7D7976 0.629
-7.56 15.12 7.15 6C6966 0.629
-7.56 15.75 -0.4099998 6C6966 0.629
-6.3 15.75 0.2200003 7D7976 0.629
-7.56 15.75 5.889999 6C6966 0.629
-6.3 15.75 0.8500004 7D7976 0.629
-7.56 15.75 1.48 6C6966 0.629
-6.3 15.75 5.889999 7D7976 0.629
-6.3 15.75 6.52 7D7976 0.629
-6.3 15.75 7.15 7D7976 0.629
-7.56 15.75 7.15 6C6966 0.629
-7.56 16.38 -0.4099998 6C6966 0.629
-6.3 16.38 0.2200003 7D7976 0.629
-7.56 16.38 5.889999 6C6966 0.629
-6.3 16.38 0.8500004 7D7976 0.629
-7.56 16.38 1.48 6C6966 0.629
-6.3 16.38 5.889999 7D7976 0.629
-6.3 16.38 6.52 7D7976 0.629
-6.3 16.38 7.15 7D7976 0.629
-7.56 16.38 7.15 6C6966 0.629
-7.56 16.38 0.2200003 ACA7A2 0.629
-7.56 16.38 0.8500004 ACA7A2 0.629
-7.56 16.38 6.52 ACA7A2 0.629
-6.93 0 0.2200003 7D7976 0.629
-6.93 0 0.8500004 7D7976 0.629
-6.93 0 -0.4099998 6C6966 0.629
-6.93 0 1.48 6C6966 0.629
-6.93 0.63 -0.4099998 6C6966 0.629
-6.93 0.63 1.48 6C6966 0.629
-6.93 1.26 -0.4099998 6C6966 0.629
-6.93 1.26 1.48 6C6966 0.629
-6.93 1.89 -0.4099998 6C6966 0.629
-6.93 1.89 1.48 6C6966 0.629
-6.93 2.52 -0.4099998 6C6966 0.629
-6.93 2.52 1.48 6C6966 0.629
-6.93 3.15 -0.4099998 6C6966 0.629
-6.93 3.15 1.48 6C6966 0.629
-6.93 3.78 -0.4099998 6C6966 0.629
-6.93 3.78 1.48 6C6966 0.629
-6.93 4.41 -0.4099998 99A2AD 0.629
-6.93 4.41 1.48 99A2AD 0.629
-6.93 5.04 -0.4099998 99A2AD 0.629
-6.93 5.04 1.48 99A2AD 0.629
-6.93 5.67 -0.4099998 99A2AD 0.629
-6.93 5.67 1.48 99A2AD 0.629
-6.93 6.3 -0.4099998 99A2AD 0.629
-6.93 6.3 1.48 99A2AD 0.629
-6.93 6.93 -0.4099998 99A2AD 0.629
-6.93 6.93 1.48 99A2AD 0.629
-6.93 7.56 -0.4099998 99A2AD 0.629
-6.93 8.190001 -0.4099998 99A2AD 0.629
-6.93 8.820001 -0.4099998 99A2AD 0.629
-6.93 9.450001 -0.4099998 99A2AD 0.629
-6.93 10.08 -0.4099998 99A2AD 0.629
-6.93 10.71 -0.4099998 99A2AD 0.629
-6.93 11.34 -0.4099998 99A2AD 0.629
-6.93 11.97 -0.4099998 99A2AD 0.629
-6.93 12.6 -0.4099998 99A2AD 0.629
-6.93 13.23 -0.4099998 99A2AD 0.629
-6.93 13.86 -0.4099998 99A2AD 0.629
-6.93 13.86 5.889999 99A2AD 0.629
-6.93 13.86 7.15 99A2AD 0.629
-6.93 14.49 -0.4099998 6C6966 0.629
-6.93 14.49 5.889999 6C6966 0.629
-6.93 14.49 1.48 6C6966 0.629
-6.93 14.49 7.15 6C6966 0.629
-6.93 15.12 -0.4099998 6C6966 0.629
-6.93 15.12 5.889999 6C6966 0.629
-6.93 15.12 1.48 6C6966 0.629
-6.93 15.12 7.15 6C6966 0.629
-6.93 15.75 -0.4099998 6C6966 0.629
-6.93 15.75 5.889999 6C6966 0.629
-6.93 15.75 1.48 6C6966 0.629
-6.93 15.75 7.15 6C6966 0.629
-6.93 16.38 -0.4099998 6C6966 0.629
-6.93 16.38 5.889999 6C6966 0.629
-6.93 16.38 1.48 6C6966 0.629
-6.93 16.38 7.15 6C6966 0.629
-6.93 16.38 0.2200003 ACA7A2 0.629
-6.93 16.38 0.8500004 ACA7A2 0.629
-6.93 16.38 6.52 ACA7A2 0.629
-6.3 0 -6.08 6C6966 0.629
-6.3 0.63 -6.08 6C6966 0.629
-6.3 1.26 -6.08 6C6966 0.629
-6.3 1.89 -6.08 6C6966 0.629
-6.3 2.52 -6.08 6C6966 0.629
-5.67 0 -5.450001 7D7976 0.629
-5.67 0 -4.820001 7D7976 0.629
-5.67 0 -4.190001 7D7976 0.629
-5.67 0 -3.56 7D7976 0.629
-5.67 0 -2.93 7D7976 0.629
-5.67 0 -2.3 7D7976 0.629
-5.67 0 -1.67 7D7976 0.629
-5.67 0 -1.04 7D7976 0.629
-5.67 0 -0.4099998 7D7976 0.629
-5.67 0 0.2200003 7D7976 0.629
-5.67 0 0.8500004 7D7976 0.629
-5.67 0 1.48 7D7976 0.629
-5.67 0 2.11 7D7976 0.629
-5.67 0 -6.08 6C6966 0.629
-5.67 0.63 -6.08 6C6966 0.629
-5.67 1.26 -6.08 6C6966 0.629
-5.67 1.89 -6.08 6C6966 0.629
-5.67 2.52 -6.08 6C6966 0.629
-5.67 3.15 -5.450001 99A2AD 0.629
-5.67 3.78 -5.450001 99A2AD 0.629
-5.67 4.41 -5.450001 99A2AD 0.629
-5.67 5.04 -5.450001 99A2AD 0.629
-5.67 5.67 -5.450001 99A2AD 0.629
-5.67 6.3 -5.450001 99A2AD 0.629
-5.67 6.93 -5.450001 99A2AD 0.629
-5.67 7.56 -5.450001 99A2AD 0.629
-5.67 8.190001 -5.450001 99A2AD 0.629
-5.67 8.820001 -5.450001 99A2AD 0.629
-5.67 9.450001 -5.450001 99A2AD 0.629
-5.67 10.08 -5.450001 99A2AD 0.629
-5.67 10.71 -5.450001 99A2AD 0.629
-5.67 11.34 -5.450001 99A2AD 0.629
-5.67 11.97 -5.450001 99A2AD 0.629
-5.67 12.6 -5.450001 99A2AD 0.629
-5.67 13.23 -5.450001 99A2AD 0.629
-5.67 13.86 -5.450001 99A2AD 0.629
-5.67 14.49 -5.450001 99A2AD 0.629
-5.67 15.12 -5.450001 6C6966 0.629
-5.67 15.12 13.45 6C6966 0.629
-5.67 15.75 -5.450001 6C6966 0.629
-5.67 15.75 13.45 6C6966 0.629
-5.67 16.38 -5.450001 6C6966 0.629
5.67 16.38 -4.820001 7D7976 0.629
5.67 16.38 -4.190001 7D7976 0.629
5.67 16.38 -3.56 7D7976 0.629
5.67 16.38 -2.93 7D7976 0.629
5.67 16.38 -2.3 7D7976 0.629
5.67 16.38 -1.67 7D7976 0.629
5.67 16.38 -1.04 7D7976 0.629
5.67 16.38 -0.4099998 7D7976 0.629
-3.15 16.38 0.2200003 6B6B6B 0.629
-3.15 16.38 0.8500004 6B6B6B 0.629
5.67 16.38 1.48 7D7976 0.629
5.67 16.38 2.11 7D7976 0.629
5.67 16.38 2.74 7D7976 0.629
5.67 16.38 3.37 7D7976 0.629
5.67 16.38 4 7D7976 0.629
5.67 16.38 4.63 7D7976 0.629
5.67 16.38 5.26 7D7976 0.629
-3.15 16.38 5.889999 6B6B6B 0.629
-3.15 16.38 6.52 6B6B6B 0.629
-3.15 16.38 7.15 6B6B6B 0.629
5.67 16.38 7.780001 7D7976 0.629
5.67 16.38 8.41 7D7976 0.629
5.67 16.38 9.040001 7D7976 0.629
5.67 16.38 9.67 7D7976 0.629
5.67 16.38 10.3 7D7976 0.629
5.67 16.38 10.93 7D7976 0.629
5.67 16.38 11.56 7D7976 0.629
5.67 16.38 12.19 7D7976 0.629
5.67 16.38 12.82 7D7976 0.629
-5.67 16.38 13.45 6C6966 0.629
-5.67 16.38 -4.820001 ACA7A2 0.629
-5.67 16.38 -4.190001 ACA7A2 0.629
-5.67 16.38 -3.56 ACA7A2 0.629
-5.67 16.38 -2.93 ACA7A2 0.629
-5.67 16.38 -2.3 ACA7A2 0.629
-5.67 16.38 -1.67 ACA7A2 0.629
-5.67 16.38 -1.04 ACA7A2 0.629
-5.67 16.38 -0.4099998 ACA7A2 0.629
-5.67 16.38 0.2200003 ACA7A2 0.629
-5.67 16.38 0.8500004 ACA7A2 0.629
-5.67 16.38 1.48 ACA7A2 0.629
-5.67 16.38 2.11 ACA7A2 0.629
-5.67 16.38 2.74 ACA7A2 0.629
-5.67 16.38 3.37 ACA7A2 0.629
-5.67 16.38 4 ACA7A2 0.629
-5.67 16.38 4.63 ACA7A2 0.629
-5.67 16.38 5.26 ACA7A2 0.629
-5.67 16.38 5.889999 ACA7A2 0.629
-5.67 16.38 6.52 ACA7A2 0.629
-5.67 16.38 7.15 ACA7A2 0.629
-5.67 16.38 7.780001 ACA7A2 0.629
-5.67 16.38 8.41 ACA7A2 0.629
-5.67 16.38 9.040001 ACA7A2 0.629
-5.67 16.38 9.67 ACA7A2 0.629
-5.67 16.38 10.3 ACA7A2 0.629
-5.67 16.38 10.93 ACA7A2 0.629
-5.67 16.38 11.56 ACA7A2 0.629
-5.67 16.38 12.19 ACA7A2 0.629
-5.67 16.38 12.82 ACA7A2 0.629
-5.04 0 -5.450001 7D7976 0.629
-5.04 0 -4.820001 7D7976 0.629
-5.04 0 -4.190001 7D7976 0.629
-5.04 0 -3.56 7D7976 0.629
-5.04 0 -2.93 7D7976 0.629
-5.04 0 -2.3 7D7976 0.629
-5.04 0 -1.67 7D7976 0.629
-5.04 0 -1.04 7D7976 0.629
-5.04 0 -0.4099998 7D7976 0.629
-5.04 0 0.2200003 7D7976 0.629
-5.04 0 0.8500004 7D7976 0.629
-5.04 0 1.48 7D7976 0.629
-5.04 0 2.11 7D7976 0.629
-5.04 0 -6.08 6C6966 0.629
-5.04 0.63 -6.08 6C6966 0.629
-5.04 1.26 -6.08 6C6966 0.629
-5.04 1.89 -6.08 6C6966 0.629
-5.04 2.52 -6.08 6C6966 0.629
-5.04 3.15 -5.450001 99A2AD 0.629
-5.04 3.78 -5.450001 99A2AD 0.629
-5.04 4.41 -5.450001 99A2AD 0.629
-5.04 5.04 -5.450001 99A2AD 0.629
-5.04 5.67 -5.450001 99A2AD 0.629
-5.04 6.3 -5.450001 99A2AD 0.629
-5.04 6.93 -5.450001 99A2AD 0.629
-5.04 7.56 -5.450001 99A2AD 0.629
-5.04 8.190001 -5.450001 99A2AD 0.629
-5.04 8.820001 -5.450001 99A2AD 0.629
-5.04 9.450001 -5.450001 99A2AD 0.629
-5.04 10.08 -5.450001 99A2AD 0.629
-5.04 10.71 -5.450001 99A2AD 0.629
-5.04 11.34 -5.450001 99A2AD 0.629
-5.04 11.97 -5.450001 99A2AD 0.629
-5.04 12.6 -5.450001 99A2AD 0.629
-5.04 13.23 -5.450001 99A2AD 0.629
-5.04 13.86 -5.450001 99A2AD 0.629
-5.04 14.49 -5.450001 99A2AD 0.629
-5.04 14.49 13.45 99A2AD 0.629
-5.04 15.12 -5.450001 6C6966 0.629
-5.04 15.12 13.45 6C6966 0.629
-5.04 15.75 -5.450001 6C6966 0.629
-5.04 15.75 13.45 6C6966 0.629
-5.04 16.38 -5.450001 6C6966 0.629
-5.04 16.38 12.82 7D7976 0.629
-5.04 15.75 -4.820001 454545 0.629
-5.04 16.38 -4.820001 7D7976 0.629
-5.04 15.75 -4.190001 454545 0.629
-5.04 15.75 -3.56 454545 0.629
-5.04 15.75 -2.93 454545 0.629
-5.04 15.75 -2.3 454545 0.629
-5.04 15.75 -1.67 454545 0.629
-5.04 15.75 -1.04 454545 0.629
-5.04 15.75 -0.4099998 454545 0.629
-5.04 15.75 0.2200003 454545 0.629
-5.04 15.75 0.8500004 454545 0.629
-5.04 15.75 1.48 454545 0.629
-5.04 15.75 2.11 454545 0.629
-5.04 15.75 2.74 454545 0.629
-5.04 15.75 3.37 454545 0.629
-5.04 15.75 4 454545 0.629
-5.04 15.75 4.63 454545 0.629
-5.04 15.75 5.26 454545 0.629
-5.04 15.75 5.889999 454545 0.629
-5.04 15.75 6.52 454545 0.629
-5.04 15.75 7.15 454545 0.629
-5.04 15.75 7.780001 454545 0.629
-5.04 15.75 8.41 454545 0.629
-5.04 15.75 9.040001 454545 0.629
-5.04 15.75 9.67 454545 0.629
-5.04 15.75 10.3 454545 0.629
-5.04 15.75 10.93 454545 0.629
-5.04 15.75 11.56 454545 0.629
-5.04 15.75 12.19 454545 0.629
-5.04 15.75 12.82 454545 0.629
-5.04 16.38 13.45 6C6966 0.629
-4.41 0 -5.450001 7D7976 0.629
-4.41 0 -4.820001 7D7976 0.629
-4.41 0 -4.190001 7D7976 0.629
-4.41 0 -3.56 7D7976 0.629
-4.41 0 -2.93 7D7976 0.629
-4.41 0 -2.3 7D7976 0.629
-4.41 0 -1.67 7D7976 0.629
-4.41 0 -1.04 7D7976 0.629
-4.41 0 -0.4099998 7D7976 0.629
-4.41 0 0.2200003 7D7976 0.629
-4.41 0 0.8500004 7D7976 0.629
-4.41 0 1.48 7D7976 0.629
-4.41 0 2.11 7D7976 0.629
-4.41 0 2.74 7D7976 0.629
-4.41 0 -6.08 6C6966 0.629
-4.41 0.63 -6.08 6C6966 0.629
-4.41 1.26 -6.08 6C6966 0.629
-4.41 1.89 -6.08 6C6966 0.629
-4.41 2.52 -6.08 6C6966 0.629
-4.41 3.15 -5.450001 99A2AD 0.629
-4.41 3.78 -5.450001 99A2AD 0.629
-4.41 4.41 -5.450001 99A2AD 0.629
-4.41 5.04 -5.450001 99A2AD 0.629
-4.41 5.67 -5.450001 99A2AD 0.629
-4.41 6.3 -5.450001 99A2AD 0.629
-4.41 6.93 -5.450001 99A2AD 0.629
-4.41 7.56 -5.450001 99A2AD 0.629
-4.41 8.190001 -5.450001 99A2AD 0.629
-4.41 8.820001 -5.450001 99A2AD 0.629
-4.41 9.450001 -5.450001 99A2AD 0.629
-4.41 10.08 -5.450001 99A2AD 0.629
-4.41 10.71 -5.450001 99A2AD 0.629
-4.41 11.34 -5.450001 99A2AD 0.629
-4.41 11.97 -5.450001 99A2AD 0.629
-4.41 12.6 -5.450001 99A2AD 0.629
-4.41 13.23 -5.450001 99A2AD 0.629
-4.41 13.86 -5.450001 99A2AD 0.629
-4.41 14.49 -5.450001 99A2AD 0.629
-4.41 14.49 13.45 99A2AD 0.629
-4.41 15.12 -5.450001 6C6966 0.629
-4.41 15.12 13.45 6C6966 0.629
-4.41 15.75 -5.450001 6C6966 0.629
-4.41 15.75 13.45 6C6966 0.629
-4.41 16.38 -5.450001 6C6966 0.629
-4.41 16.38 12.82 7D7976 0.629
-4.41 15.75 -4.820001 454545 0.629
-4.41 16.38 -4.820001 7D7976 0.629
-4.41 15.75 -4.190001 454545 0.629
-4.41 15.75 -3.56 454545 0.629
-4.41 15.75 -2.93 454545 0.629
-4.41 15.75 -2.3 454545 0.629
-4.41 15.75 -1.67 454545 0.629
-4.41 15.75 -1.04 454545 0.629
-4.41 15.75 -0.4099998 454545 0.629
-4.41 15.75 0.2200003 454545 0.629
-4.41 15.75 0.8500004 454545 0.629
-4.41 15.75 1.48 454545 0.629
-4.41 15.75 2.11 454545 0.629
-4.41 15.75 2.74 454545 0.629
-4.41 15.75 3.37 454545 0.629
-4.41 15.75 4 454545 0.629
-4.41 15.75 4.63 454545 0.629
-4.41 15.75 5.26 454545 0.629
-4.41 15.75 5.889999 454545 0.629
-4.41 15.75 6.52 454545 0.629
-4.41 15.75 7.15 454545 0.629
-4.41 15.75 7.780001 454545 0.629
-4.41 15.75 8.41 454545 0.629
-4.41 15.75 9.040001 454545 0.629
-4.41 15.75 9.67 454545 0.629
-4.41 15.75 10.3 454545 0.629
-4.41 15.75 10.93 454545 0.629
-4.41 15.75 11.56 454545 0.629
-4.41 15.75 12.19 454545 0.629
-4.41 15.75 12.82 454545 0.629
-4.41 16.38 13.45 6C6966 0.629
-3.78 0 -5.450001 7D7976 0.629
-3.78 0 -4.820001 7D7976 0.629
-3.78 0 -6.08 6C6966 0.629
-3.78 0.63 -6.08 6C6966 0.629
-3.78 1.26 -6.08 6C6966 0.629
-3.78 1.89 -6.08 6C6966 0.629
-3.78 2.52 -6.08 6C6966 0.629
-3.78 3.15 -5.450001 99A2AD 0.629
-3.78 3.78 -5.450001 99A2AD 0.629
-3.78 4.41 -5.450001 99A2AD 0.629
-3.78 5.04 -5.450001 99A2AD 0.629
-3.78 5.67 -5.450001 99A2AD 0.629
-3.78 6.3 -5.450001 99A2AD 0.629
-3.78 6.93 -5.450001 99A2AD 0.629
-3.78 7.56 -5.450001 99A2AD 0.629
-3.78 8.190001 -5.450001 99A2AD 0.629
-3.78 8.820001 -5.450001 99A2AD 0.629
-3.78 9.450001 -5.450001 99A2AD 0.629
-3.78 10.08 -5.450001 99A2AD 0.629
-3.78 10.71 -5.450001 99A2AD 0.629
-3.78 11.34 -5.450001 99A2AD 0.629
-3.78 11.97 -5.450001 99A2AD 0.629
-3.78 12.6 -5.450001 99A2AD 0.629
-3.78 13.23 -5.450001 99A2AD 0.629
-3.78 13.86 -5.450001 99A2AD 0.629
-3.78 13.86 13.45 99A2AD 0.629
-3.78 14.49 -5.450001 99A2AD 0.629
-3.78 14.49 13.45 99A2AD 0.629
-3.78 15.12 -5.450001 6C6966 0.629
-3.78 15.12 13.45 6C6966 0.629
-3.78 15.75 -5.450001 6C6966 0.629
-3.78 15.75 13.45 6C6966 0.629
-3.78 16.38 -5.450001 6C6966 0.629
-3.78 16.38 12.82 7D7976 0.629
-3.78 15.75 -4.820001 454545 0.629
-3.78 16.38 -4.820001 7D7976 0.629
-3.78 15.75 -4.190001 454545 0.629
-3.78 15.75 -3.56 454545 0.629
-3.78 15.75 -2.93 454545 0.629
-3.78 15.75 -2.3 454545 0.629
-3.78 15.75 -1.67 454545 0.629
-3.78 15.75 -1.04 454545 0.629
-3.78 15.75 -0.4099998 454545 0.629
-3.78 15.75 0.2200003 454545 0.629
-3.78 15.75 0.8500004 454545 0.629
-3.78 15.75 1.48 454545 0.629
-3.78 15.75 2.11 454545 0.629
-3.78 15.75 2.74 454545 0.629
-3.78 15.75 3.37 454545 0.629
-3.78 15.75 4 454545 0.629
-3.78 15.75 4.63 454545 0.629
-3.78 15.75 5.26 454545 0.629
-3.78 15.75 5.889999 454545 0.629
-3.78 15.75 6.52 454545 0.629
-3.78 15.75 7.15 454545 0.629
-3.78 15.75 7.780001 454545 0.629
-3.78 15.75 8.41 454545 0.629
-3.78 15.75 9.040001 454545 0.629
-3.78 15.75 9.67 454545 0.629
-3.78 15.75 10.3 454545 0.629
-3.78 15.75 10.93 454545 0.629
-3.78 15.75 11.56 454545 0.629
-3.78 15.75 12.19 454545 0.629
-3.78 15.75 12.82 454545 0.629
-3.78 16.38 13.45 6C6966 0.629
-3.15 0 -5.450001 7D7976 0.629
-3.15 0 -4.820001 7D7976 0.629
1.26 0 -6.710001 494D52 0.629
1.26 0.63 -6.710001 494D52 0.629
-3.15 17.01 0.2200003 6B6B6B 0.629
-3.15 17.01 0.8500004 6B6B6B 0.629
-3.15 17.01 5.889999 6B6B6B 0.629
-3.15 17.01 6.52 6B6B6B 0.629
-3.15 17.01 7.15 6B6B6B 0.629
1.26 1.26 -6.710001 494D52 0.629
1.26 1.89 -6.710001 494D52 0.629
1.26 2.52 -6.710001 494D52 0.629
1.26 3.15 -6.710001 494D52 0.629
-3.15 3.15 -5.450001 99A2AD 0.629
-3.15 3.78 -5.450001 99A2AD 0.629
-3.15 4.41 -5.450001 99A2AD 0.629
-3.15 5.04 -5.450001 99A2AD 0.629
-3.15 5.67 -5.450001 99A2AD 0.629
-3.15 6.3 -5.450001 99A2AD 0.629
-3.15 6.93 -5.450001 99A2AD 0.629
-0.63 7.56 -6.710001 3A3937 0.629
-3.15 7.56 -5.450001 99A2AD 0.629
-0.63 8.190001 -6.710001 3A3937 0.629
-3.15 8.190001 -5.450001 99A2AD 0.629
-0.63 8.820001 -6.710001 3A3937 0.629
-3.15 8.820001 -5.450001 99A2AD 0.629
-0.63 9.450001 -6.710001 3A3937 0.629
-3.15 9.450001 -5.450001 99A2AD 0.629
-0.63 10.08 -6.710001 3A3937 0.629
-3.15 10.08 -5.450001 99A2AD 0.629
-0.63 10.71 -6.710001 3A3937 0.629
-3.15 10.71 -5.450001 99A2AD 0.629
-3.15 11.34 -5.450001 99A2AD 0.629
-3.15 11.97 -5.450001 99A2AD 0.629
-3.15 12.6 -5.450001 99A2AD 0.629
-3.15 13.23 -5.450001 99A2AD 0.629
-3.15 13.86 -5.450001 99A2AD 0.629
-3.15 14.49 -5.450001 99A2AD 0.629
-3.15 14.49 13.45 99A2AD 0.629
-3.15 15.12 -5.450001 6C6966 0.629
-3.15 15.12 13.45 6C6966 0.629
-3.15 15.75 -5.450001 6C6966 0.629
-3.15 15.75 13.45 6C6966 0.629
-3.15 16.38 -5.450001 6C6966 0.629
-3.15 16.38 -0.4099998 585858 0.629
-3.15 15.75 -4.820001 454545 0.629
-3.15 16.38 -4.820001 7D7976 0.629
-3.15 15.75 -4.190001 454545 0.629
-3.15 15.75 -3.56 454545 0.629
-3.15 15.75 -2.93 454545 0.629
-3.15 15.75 -2.3 454545 0.629
-3.15 15.75 -1.67 454545 0.629
-3.15 15.75 -1.04 454545 0.629
-3.15 15.75 -0.4099998 454545 0.629
-3.15 15.75 0.2200003 454545 0.629
1.89 16.38 0.2200003 6B6B6B 0.629
-3.15 15.75 0.8500004 454545 0.629
1.89 16.38 0.8500004 6B6B6B 0.629
-3.15 15.75 1.48 454545 0.629
-3.15 16.38 1.48 585858 0.629
-3.15 15.75 2.11 454545 0.629
-3.15 15.75 2.74 454545 0.629
-3.15 15.75 3.37 454545 0.629
-3.15 15.75 4 454545 0.629
-3.15 15.75 4.63 454545 0.629
-3.15 15.75 5.26 454545 0.629
-3.15 15.75 5.889999 454545 0.629
1.89 16.38 5.889999 6B6B6B 0.629
-3.15 16.38 12.82 7D7976 0.629
-3.15 15.75 6.52 454545 0.629
1.89 16.38 6.52 6B6B6B 0.629
-3.15 15.75 7.15 454545 0.629
1.89 16.38 7.15 6B6B6B 0.629
-3.15 15.75 7.780001 454545 0.629
-3.15 15.75 8.41 454545 0.629
-3.15 15.75 9.040001 454545 0.629
-3.15 15.75 9.67 454545 0.629
-3.15 15.75 10.3 454545 0.629
-3.15 15.75 10.93 454545 0.629
-3.15 15.75 11.56 454545 0.629
-3.15 15.75 12.19 454545 0.629
-3.15 15.75 12.82 454545 0.629
-3.15 16.38 13.45 6C6966 0.629
-3.15 17.01 -0.4099998 585858 0.629
1.89 17.01 0.2200003 6B6B6B 0.629
1.89 17.01 0.8500004 6B6B6B 0.629
-3.15 17.01 1.48 585858 0.629
1.89 17.01 5.889999 6B6B6B 0.629
1.89 17.01 6.52 6B6B6B 0.629
1.89 17.01 7.15 6B6B6B 0.629
-3.15 17.64 0.2200003 939393 0.629
-3.15 17.64 0.8500004 939393 0.629
-3.15 17.64 5.889999 7F7F7F 0.629
-3.15 17.64 6.52 939393 0.629
-3.15 17.64 7.15 7F7F7F 0.629
-2.52 0 -5.450001 7D7976 0.629
-2.52 0 -4.820001 7D7976 0.629
-2.52 0 -6.710001 5B5856 0.629
-2.52 0 -6.08 6C6966 0.629
-2.52 0.63 -6.710001 5B5856 0.629
-2.52 0.63 -6.08 6C6966 0.629
-2.52 17.01 5.889999 6B6B6B 0.629
-2.52 17.01 7.15 6B6B6B 0.629
-2.52 1.26 -6.710001 5B5856 0.629
-2.52 1.26 -6.08 6C6966 0.629
-2.52 1.89 -6.710001 5B5856 0.629
-2.52 1.89 -6.08 6C6966 0.629
-2.52 2.52 -6.710001 5B5856 0.629
-2.52 2.52 -6.08 6C6966 0.629
-2.52 3.15 -6.710001 5B5856 0.629
-2.52 3.15 -5.450001 99A2AD 0.629
-2.52 3.78 -6.710001 5B5856 0.629
-2.52 3.78 -5.450001 99A2AD 0.629
-2.52 4.41 -6.710001 5B5856 0.629
-2.52 4.41 -5.450001 99A2AD 0.629
-2.52 5.04 -6.710001 5B5856 0.629
-2.52 5.04 -5.450001 99A2AD 0.629
-2.52 5.67 -6.710001 5B5856 0.629
-2.52 5.67 -5.450001 99A2AD 0.629
-2.52 6.3 -6.710001 5B5856 0.629
-2.52 6.3 -5.450001 99A2AD 0.629
-2.52 6.93 -6.710001 5B5856 0.629
-2.52 6.93 -5.450001 99A2AD 0.629
-2.52 7.56 -6.710001 5B5856 0.629
-2.52 7.56 -5.450001 99A2AD 0.629
-2.52 8.190001 -6.710001 5B5856 0.629
-2.52 8.190001 -5.450001 99A2AD 0.629
-2.52 8.820001 -6.710001 5B5856 0.629
-2.52 8.820001 -5.450001 99A2AD 0.629
-2.52 9.450001 -6.710001 5B5856 0.629
-2.52 9.450001 -5.450001 99A2AD 0.629
-2.52 10.08 -6.710001 5B5856 0.629
-2.52 10.08 -5.450001 99A2AD 0.629
-2.52 10.71 -6.710001 5B5856 0.629
-2.52 10.71 -5.450001 99A2AD 0.629
-2.52 11.34 -6.710001 5B5856 0.629
-2.52 11.34 -5.450001 99A2AD 0.629
-2.52 11.97 -6.710001 5B5856 0.629
-2.52 11.97 -5.450001 99A2AD 0.629
-2.52 12.6 -6.710001 5B5856 0.629
-2.52 12.6 -5.450001 99A2AD 0.629
-2.52 13.23 -6.710001 5B5856 0.629
-2.52 13.23 -5.450001 99A2AD 0.629
-2.52 13.86 -6.710001 5B5856 0.629
-2.52 13.86 -5.450001 99A2AD 0.629
-2.52 14.49 -5.450001 99A2AD 0.629
-2.52 13.86 -6.08 8D8985 0.629
-2.52 14.49 13.45 99A2AD 0.629
-2.52 15.12 -5.450001 6C6966 0.629
-2.52 15.12 13.45 6C6966 0.629
-2.52 15.75 -5.450001 6C6966 0.629
-2.52 15.75 13.45 6C6966 0.629
-2.52 16.38 -5.450001 6C6966 0.629
-2.52 16.38 -0.4099998 585858 0.629
-2.52 15.75 -4.820001 454545 0.629
-2.52 16.38 -4.820001 7D7976 0.629
-2.52 15.75 -4.190001 454545 0.629
-2.52 15.75 -3.56 454545 0.629
-2.52 15.75 -2.93 454545 0.629
-2.52 15.75 -2.3 454545 0.629
-2.52 15.75 -1.67 454545 0.629
-2.52 15.75 -1.04 454545 0.629
-2.52 15.75 -0.4099998 454545 0.629
-2.52 15.75 0.2200003 454545 0.629
-2.52 16.38 5.889999 585858 0.629
-2.52 15.75 0.8500004 454545 0.629
-2.52 15.75 1.48 454545 0.629
-2.52 16.38 1.48 585858 0.629
-2.52 15.75 2.11 454545 0.629
-2.52 15.75 2.74 454545 0.629
-2.52 15.75 3.37 454545 0.629
-2.52 15.75 4 454545 0.629
-2.52 15.75 4.63 454545 0.629
-2.52 15.75 5.26 454545 0.629
-2.52 15.75 5.889999 454545 0.629
-2.52 16.38 12.82 7D7976 0.629
-2.52 15.75 6.52 454545 0.629
-2.52 15.75 7.15 454545 0.629
-2.52 15.75 7.780001 454545 0.629
-2.52 16.38 7.15 585858 0.629
-2.52 15.75 8.41 454545 0.629
-2.52 15.75 9.040001 454545 0.629
-2.52 15.75 9.67 454545 0.629
-2.52 15.75 10.3 454545 0.629
-2.52 15.75 10.93 454545 0.629
-2.52 15.75 11.56 454545 0.629
-2.52 15.75 12.19 454545 0.629
-2.52 15.75 12.82 454545 0.629
-2.52 16.38 13.45 6C6966 0.629
-2.52 17.01 -0.4099998 585858 0.629
-2.52 17.01 1.48 585858 0.629
-2.52 17.64 0.2200003 A6A6A6 0.629
-2.52 17.64 0.8500004 A6A6A6 0.629
-2.52 17.64 5.889999 7F7F7F 0.629
-2.52 17.64 6.52 A6A6A6 0.629
-2.52 17.64 7.15 7F7F7F 0.629
-1.89 11.34 -6.710001 3A3937 0.629
-1.89 0 -5.450001 7D7976 0.629
-1.89 0 -4.820001 7D7976 0.629
-1.89 0 -4.190001 7D7976 0.629
1.26 0 -7.34 494D52 0.629
-1.89 0 -6.08 6C6966 0.629
1.26 0.63 -7.34 494D52 0.629
-1.89 0.63 -6.08 6C6966 0.629
-1.89 17.01 0.2200003 6B6B6B 0.629
-1.89 17.01 0.8500004 6B6B6B 0.629
-1.89 17.01 5.889999 6B6B6B 0.629
-1.89 17.01 6.52 6B6B6B 0.629
-1.89 17.01 7.15 6B6B6B 0.629
1.26 1.26 -7.34 494D52 0.629
-1.89 1.26 -6.08 6C6966 0.629
1.26 1.89 -7.34 494D52 0.629
-1.89 1.89 -6.08 6C6966 0.629
1.26 2.52 -7.34 494D52 0.629
-1.89 2.52 -6.08 6C6966 0.629
1.26 3.15 -7.34 494D52 0.629
-1.89 3.15 -5.450001 99A2AD 0.629
-1.89 3.78 -5.450001 99A2AD 0.629
-1.89 4.41 -6.710001 5B5856 0.629
-1.89 4.41 -5.450001 99A2AD 0.629
-1.89 5.04 -6.710001 5B5856 0.629
-1.89 5.04 -5.450001 99A2AD 0.629
-1.89 5.67 -6.710001 5B5856 0.629
-1.89 5.67 -5.450001 99A2AD 0.629
-1.89 6.3 -6.710001 5B5856 0.629
-1.89 6.3 -5.450001 99A2AD 0.629
-1.89 6.93 -6.710001 5B5856 0.629
-1.89 6.93 -5.450001 99A2AD 0.629
-1.89 7.56 -6.710001 252729 0.629
-1.89 7.56 -5.450001 99A2AD 0.629
-1.89 8.190001 -6.710001 A6A6A6 0.629
-1.89 8.190001 -5.450001 99A2AD 0.629
-1.89 8.820001 -6.710001 A6A6A6 0.629
-1.89 8.820001 -5.450001 99A2AD 0.629
-1.89 9.450001 -6.710001 A6A6A6 0.629
-1.89 9.450001 -5.450001 99A2AD 0.629
-1.89 10.08 -6.710001 252729 0.629
-1.89 10.08 -5.450001 99A2AD 0.629
-1.89 10.71 -6.710001 252729 0.629
-1.89 10.71 -5.450001 99A2AD 0.629
-1.89 11.34 -5.450001 99A2AD 0.629
-1.89 11.97 -6.710001 5B5856 0.629
-1.89 11.97 -5.450001 99A2AD 0.629
-1.89 12.6 -6.710001 5B5856 0.629
-1.89 12.6 -5.450001 99A2AD 0.629
-1.89 13.23 -6.710001 5B5856 0.629
-1.89 13.23 -5.450001 99A2AD 0.629
-1.89 13.86 -6.710001 5B5856 0.629
-1.89 13.86 -5.450001 99A2AD 0.629
-1.89 14.49 -5.450001 99A2AD 0.629
-1.89 13.86 -6.08 8D8985 0.629
-1.89 14.49 13.45 99A2AD 0.629
-1.89 15.12 -5.450001 6C6966 0.629
-1.89 15.12 13.45 6C6966 0.629
-1.89 15.75 -5.450001 6C6966 0.629
-1.89 15.75 13.45 6C6966 0.629
-1.89 16.38 -5.450001 6C6966 0.629
-1.89 16.38 12.82 7D7976 0.629
-1.89 15.75 -4.820001 454545 0.629
-1.89 16.38 -4.820001 7D7976 0.629
-1.89 15.75 -4.190001 454545 0.629
-1.89 15.75 -3.56 454545 0.629
-1.89 15.75 -2.93 454545 0.629
-1.89 15.75 -2.3 454545 0.629
-1.89 15.75 -1.67 454545 0.629
-1.89 15.75 -1.04 454545 0.629
-1.89 15.75 -0.4099998 454545 0.629
-1.89 15.75 0.2200003 454545 0.629
-1.89 16.38 0.2200003 6B6B6B 0.629
-1.89 15.75 0.8500004 454545 0.629
-1.89 16.38 0.8500004 6B6B6B 0.629
-1.89 15.75 1.48 454545 0.629
-1.89 15.75 2.11 454545 0.629
-1.89 15.75 2.74 454545 0.629
-1.89 15.75 3.37 454545 0.629
-1.89 15.75 4 454545 0.629
-1.89 15.75 4.63 454545 0.629
-1.89 15.75 5.26 454545 0.629
-1.89 15.75 5.889999 454545 0.629
-1.89 16.38 5.889999 6B6B6B 0.629
-1.89 15.75 6.52 454545 0.629
-1.89 16.38 6.52 6B6B6B 0.629
-1.89 15.75 7.15 454545 0.629
-1.89 16.38 7.15 6B6B6B 0.629
-1.89 15.75 7.780001 454545 0.629
-1.89 15.75 8.41 454545 0.629
-1.89 15.75 9.040001 454545 0.629
-1.89 15.75 9.67 454545 0.629
-1.89 15.75 10.3 454545 0.629
-1.89 15.75 10.93 454545 0.629
-1.89 15.75 11.56 454545 0.629
-1.89 15.75 12.19 454545 0.629
-1.89 15.75 12.82 454545 0.629
-1.89 16.38 13.45 6C6966 0.629
-1.89 17.01 -0.4099998 585858 0.629
-1.89 17.01 1.48 585858 0.629
-1.89 17.64 0.2200003 939393 0.629
-1.89 17.64 0.8500004 939393 0.629
-1.89 17.64 5.889999 939393 0.629
-1.89 17.64 6.52 939393 0.629
-1.89 17.64 7.15 939393 0.629
-1.26 3.15 -7.34 494D52 0.629
-1.26 3.15 -6.710001 494D52 0.629
-1.26 0 -5.450001 7D7976 0.629
-1.26 0 -4.820001 7D7976 0.629
-1.26 0 -4.190001 7D7976 0.629
-1.26 0 -6.08 1E6596 0.629
-1.26 0 -7.34 494D52 0.629
-1.26 0 -6.710001 494D52 0.629
-1.26 0.63 -6.08 1E6596 0.629
-1.26 0.63 -7.34 494D52 0.629
-1.26 0.63 -6.710001 494D52 0.629
-1.26 1.26 -6.08 1E6596 0.629
-1.26 1.26 -7.34 494D52 0.629
-1.26 1.26 -6.710001 494D52 0.629
-1.26 1.89 -6.08 1E6596 0.629
-1.26 1.89 -7.34 494D52 0.629
-1.26 1.89 -6.710001 494D52 0.629
-1.26 2.52 -6.08 1E6596 0.629
-1.26 2.52 -7.34 494D52 0.629
-1.26 2.52 -6.710001 494D52 0.629
-1.26 3.15 -6.08 1E6596 0.629
-1.26 3.15 -5.450001 99A2AD 0.629
-1.26 3.78 -7.34 595D64 0.629
-1.26 3.78 -5.450001 99A2AD 0.629
-1.26 11.34 -6.710001 3A3937 0.629
-1.26 4.41 -6.710001 5B5856 0.629
-1.26 4.41 -5.450001 99A2AD 0.629
-1.26 5.04 -6.710001 5B5856 0.629
-1.26 5.04 -5.450001 99A2AD 0.629
-1.26 5.67 -6.710001 5B5856 0.629
-1.26 5.67 -5.450001 99A2AD 0.629
-1.26 6.3 -6.710001 5B5856 0.629
-1.26 6.3 -5.450001 99A2AD 0.629
-1.26 6.93 -6.710001 5B5856 0.629
-1.26 6.93 -5.450001 99A2AD 0.629
-1.26 7.56 -6.710001 252729 0.629
-1.26 7.56 -5.450001 99A2AD 0.629
-1.26 8.190001 -6.710001 A6A6A6 0.629
-1.26 8.190001 -5.450001 99A2AD 0.629
-1.26 8.820001 -6.710001 A6A6A6 0.629
-1.26 8.820001 -5.450001 99A2AD 0.629
-1.26 9.450001 -6.710001 A6A6A6 0.629
-1.26 9.450001 -5.450001 99A2AD 0.629
-1.26 10.08 -6.710001 252729 0.629
-1.26 10.08 -5.450001 99A2AD 0.629
-1.26 10.71 -6.710001 252729 0.629
-1.26 10.71 -5.450001 99A2AD 0.629
-1.26 11.34 -5.450001 99A2AD 0.629
-1.26 11.97 -6.710001 5B5856 0.629
-1.26 11.97 -5.450001 99A2AD 0.629
-1.26 12.6 -6.710001 5B5856 0.629
-1.26 12.6 -5.450001 99A2AD 0.629
-1.26 13.23 -6.710001 5B5856 0.629
-1.26 13.23 -5.450001 99A2AD 0.629
-1.26 13.86 -6.710001 5B5856 0.629
-1.26 13.86 -5.450001 99A2AD 0.629
-1.26 14.49 -5.450001 99A2AD 0.629
-1.26 13.86 -6.08 8D8985 0.629
-1.26 14.49 13.45 99A2AD 0.629
-1.26 15.12 -5.450001 6C6966 0.629
-1.26 15.12 13.45 6C6966 0.629
-1.26 15.75 -5.450001 6C6966 0.629
-1.26 15.75 13.45 6C6966 0.629
-1.26 16.38 -5.450001 6C6966 0.629
-1.26 16.38 12.82 7D7976 0.629
-1.26 15.75 -4.820001 454545 0.629
-1.26 16.38 -4.820001 7D7976 0.629
-1.26 15.75 -4.190001 454545 0.629
-1.26 15.75 -3.56 454545 0.629
-1.26 15.75 -2.93 454545 0.629
-1.26 15.75 -2.3 454545 0.629
-1.26 15.75 -1.67 454545 0.629
-1.26 15.75 -1.04 454545 0.629
-1.26 15.75 -0.4099998 454545 0.629
-1.26 15.75 0.2200003 454545 0.629
-1.26 15.75 0.8500004 454545 0.629
-1.26 15.75 1.48 454545 0.629
-1.26 15.75 2.11 454545 0.629
-1.26 15.75 2.74 454545 0.629
-1.26 15.75 3.37 454545 0.629
-1.26 15.75 4 454545 0.629
-1.26 15.75 4.63 454545 0.629
-1.26 15.75 5.26 454545 0.629
-1.26 15.75 5.889999 454545 0.629
-1.26 15.75 6.52 454545 0.629
-1.26 15.75 7.15 454545 0.629
-1.26 15.75 7.780001 454545 0.629
-1.26 15.75 8.41 454545 0.629
-1.26 15.75 9.040001 454545 0.629
-1.26 15.75 9.67 454545 0.629
-1.26 15.75 10.3 454545 0.629
-1.26 15.75 10.93 454545 0.629
-1.26 15.75 11.56 454545 0.629
-1.26 15.75 12.19 454545 0.629
-1.26 15.75 12.82 454545 0.629
-1.26 16.38 13.45 6C6966 0.629
-0.63 3.15 -7.34 494D52 0.629
-0.63 3.15 -6.710001 494D52 0.629
-0.63 0 -5.450001 7D7976 0.629
-0.63 0 -4.820001 7D7976 0.629
-0.63 0 -4.190001 7D7976 0.629
-0.63 0 -6.08 1E6596 0.629
-0.63 0.63 -6.08 1E6596 0.629
-0.63 1.26 -6.08 1E6596 0.629
-0.63 1.89 -6.08 1E6596 0.629
-0.63 2.52 -6.08 1E6596 0.629
-0.63 3.15 -6.08 1E6596 0.629
-0.63 3.15 -5.450001 99A2AD 0.629
-0.63 3.78 -7.34 595D64 0.629
-0.63 3.78 -5.450001 99A2AD 0.629
-0.63 4.41 -6.710001 5B5856 0.629
-0.63 4.41 -5.450001 99A2AD 0.629
-0.63 5.04 -6.710001 5B5856 0.629
-0.63 5.04 -5.450001 99A2AD 0.629
-0.63 5.67 -6.710001 5B5856 0.629
-0.63 5.67 -5.450001 99A2AD 0.629
-0.63 6.3 -6.710001 5B5856 0.629
-0.63 6.3 -5.450001 99A2AD 0.629
-0.63 6.93 -6.710001 5B5856 0.629
-0.63 6.93 -5.450001 99A2AD 0.629
2.52 7.56 -6.710001 3A3937 0.629
-0.63 7.56 -5.450001 99A2AD 0.629
2.52 8.190001 -6.710001 3A3937 0.629
-0.63 8.190001 -5.450001 99A2AD 0.629
2.52 8.820001 -6.710001 3A3937 0.629
-0.63 8.820001 -5.450001 99A2AD 0.629
2.52 9.450001 -6.710001 3A3937 0.629
-0.63 9.450001 -5.450001 99A2AD 0.629
2.52 10.08 -6.710001 3A3937 0.629
-0.63 10.08 -5.450001 99A2AD 0.629
2.52 10.71 -6.710001 3A3937 0.629
-0.63 10.71 -5.450001 99A2AD 0.629
-0.63 11.34 -6.710001 5B5856 0.629
-0.63 11.34 -5.450001 99A2AD 0.629
-0.63 11.97 -6.710001 5B5856 0.629
-0.63 11.97 -5.450001 99A2AD 0.629
-0.63 12.6 -6.710001 5B5856 0.629
-0.63 12.6 -5.450001 99A2AD 0.629
-0.63 13.23 -6.710001 5B5856 0.629
-0.63 13.23 -5.450001 99A2AD 0.629
-0.63 13.86 -6.710001 5B5856 0.629
-0.63 13.86 -5.450001 99A2AD 0.629
-0.63 14.49 -5.450001 99A2AD 0.629
-0.63 13.86 -6.08 8D8985 0.629
-0.63 14.49 13.45 99A2AD 0.629
-0.63 15.12 -5.450001 6C6966 0.629
-0.63 15.12 13.45 6C6966 0.629
-0.63 15.75 -5.450001 6C6966 0.629
-0.63 15.75 13.45 6C6966 0.629
-0.63 16.38 -5.450001 6C6966 0.629
-0.63 16.38 12.82 7D7976 0.629
-0.63 15.75 -4.820001 454545 0.629
-0.63 16.38 -4.820001 7D7976 0.629
-0.63 15.75 -4.190001 454545 0.629
-0.63 15.75 -3.56 454545 0.629
-0.63 15.75 -2.93 454545 0.629
-0.63 15.75 -2.3 454545 0.629
-0.63 15.75 -1.67 454545 0.629
-0.63 15.75 -1.04 454545 0.629
-0.63 15.75 -0.4099998 454545 0.629
-0.63 15.75 0.2200003 454545 0.629
-0.63 15.75 0.8500004 454545 0.629
-0.63 15.75 1.48 454545 0.629
-0.63 15.75 2.11 454545 0.629
-0.63 15.75 2.74 454545 0.629
-0.63 15.75 3.37 454545 0.629
-0.63 15.75 4 454545 0.629
-0.63 15.75 4.63 454545 0.629
-0.63 15.75 5.26 454545 0.629
-0.63 15.75 5.889999 454545 0.629
-0.63 15.75 6.52 454545 0.629
-0.63 15.75 7.15 454545 0.629
-0.63 15.75 7.780001 454545 0.629
-0.63 15.75 8.41 454545 0.629
-0.63 15.75 9.040001 454545 0.629
-0.63 15.75 9.67 454545 0.629
-0.63 15.75 10.3 454545 0.629
-0.63 15.75 10.93 454545 0.629
-0.63 15.75 11.56 454545 0.629
-0.63 15.75 12.19 454545 0.629
-0.63 15.75 12.82 454545 0.629
-0.63 16.38 13.45 6C6966 0.629
0 3.15 -7.34 494D52 0.629
0 3.15 -6.710001 494D52 0.629
0 0 -5.450001 7D7976 0.629
0 0 -4.820001 7D7976 0.629
0 0 -4.190001 7D7976 0.629
0 0 -6.08 6B6B6B 0.629
0 0.63 -6.08 6B6B6B 0.629
0 1.26 -6.08 6B6B6B 0.629
0 1.89 -6.08 6B6B6B 0.629
0 2.52 -6.08 6B6B6B 0.629
0 3.15 -6.08 6B6B6B 0.629
0 3.15 -5.450001 99A2AD 0.629
0 3.78 -7.34 595D64 0.629
0 3.78 -5.450001 99A2AD 0.629
0 4.41 -6.710001 5B5856 0.629
0 4.41 -5.450001 99A2AD 0.629
0 5.04 -6.710001 5B5856 0.629
0 5.04 -5.450001 99A2AD 0.629
0 5.67 -6.710001 5B5856 0.629
0 5.67 -5.450001 99A2AD 0.629
0 6.3 -6.710001 5B5856 0.629
0 6.3 -5.450001 99A2AD 0.629
0 6.93 -6.710001 5B5856 0.629
0 6.93 -5.450001 99A2AD 0.629
0 7.56 -6.710001 5B5856 0.629
0 7.56 -5.450001 99A2AD 0.629
0 8.190001 -6.710001 5B5856 0.629
0 8.190001 -5.450001 99A2AD 0.629
0 8.820001 -6.710001 5B5856 0.629
0 8.820001 -5.450001 99A2AD 0.629
0 9.450001 -6.710001 5B5856 0.629
0 9.450001 -5.450001 99A2AD 0.629
0 10.08 -6.710001 5B5856 0.629
0 10.08 -5.450001 99A2AD 0.629
0 10.71 -6.710001 5B5856 0.629
0 10.71 -5.450001 99A2AD 0.629
0 11.34 -6.710001 5B5856 0.629
0 11.34 -5.450001 99A2AD 0.629
0 11.97 -6.710001 5B5856 0.629
0 11.97 -5.450001 99A2AD 0.629
0 12.6 -6.710001 5B5856 0.629
0 12.6 -5.450001 99A2AD 0.629
0 13.23 -6.710001 5B5856 0.629
0 13.23 -5.450001 99A2AD 0.629
0 13.86 -6.710001 5B5856 0.629
0 13.86 -5.450001 99A2AD 0.629
0 14.49 -5.450001 99A2AD 0.629
0 13.86 -6.08 8D8985 0.629
0 14.49 13.45 99A2AD 0.629
0 15.12 -5.450001 6C6966 0.629
0 15.12 13.45 6C6966 0.629
0 15.75 -5.450001 6C6966 0.629
0 15.75 13.45 6C6966 0.629
0 16.38 -5.450001 6C6966 0.629
0 16.38 12.82 7D7976 0.629
0 15.75 -4.820001 454545 0.629
0 16.38 -4.820001 7D7976 0.629
0 15.75 -4.190001 454545 0.629
0 15.75 -3.56 454545 0.629
0 15.75 -2.93 454545 0.629
0 15.75 -2.3 454545 0.629
0 15.75 -1.67 454545 0.629
0 15.75 -1.04 454545 0.629
0 15.75 -0.4099998 454545 0.629
0 15.75 0.2200003 454545 0.629
0 15.75 0.8500004 454545 0.629
0 15.75 1.48 454545 0.629
0 15.75 2.11 454545 0.629
0 15.75 2.74 454545 0.629
0 15.75 3.37 454545 0.629
0 15.75 4 454545 0.629
0 15.75 4.63 454545 0.629
0 15.75 5.26 454545 0.629
0 15.75 5.889999 454545 0.629
0 15.75 6.52 454545 0.629
0 15.75 7.15 454545 0.629
0 15.75 7.780001 454545 0.629
0 15.75 8.41 454545 0.629
0 15.75 9.040001 454545 0.629
0 15.75 9.67 454545 0.629
0 15.75 10.3 454545 0.629
0 15.75 10.93 454545 0.629
0 15.75 11.56 454545 0.629
0 15.75 12.19 454545 0.629
0 15.75 12.82 454545 0.629
0 16.38 13.45 6C6966 0.629
0.63 3.15 -7.34 494D52 0.629
0.63 3.15 -6.710001 494D52 0.629
0.63 0 -5.450001 7D7976 0.629
0.63 0 -4.820001 7D7976 0.629
0.63 0 -4.190001 7D7976 0.629
0.63 0 -6.08 1E6596 0.629
0.63 0.63 -6.08 1E6596 0.629
0.63 1.26 -6.08 1E6596 0.629
0.63 1.89 -6.08 1E6596 0.629
0.63 2.52 -6.08 1E6596 0.629
0.63 3.15 -6.08 1E6596 0.629
0.63 3.15 -5.450001 99A2AD 0.629
0.63 3.78 -7.34 595D64 0.629
0.63 3.78 -5.450001 99A2AD 0.629
0.63 4.41 -6.710001 5B5856 0.629
0.63 4.41 -5.450001 99A2AD 0.629
0.63 5.04 -6.710001 5B5856 0.629
0.63 5.04 -5.450001 99A2AD 0.629
0.63 5.67 -6.710001 5B5856 0.629
0.63 5.67 -5.450001 99A2AD 0.629
0.63 6.3 -6.710001 5B5856 0.629
0.63 6.3 -5.450001 99A2AD 0.629
0.63 6.93 -6.710001 5B5856 0.629
0.63 6.93 -5.450001 99A2AD 0.629
0.63 7.56 -6.710001 5B5856 0.629
0.63 7.56 -5.450001 99A2AD 0.629
0.63 8.190001 -6.710001 5B5856 0.629
0.63 8.190001 -5.450001 99A2AD 0.629
0.63 8.820001 -6.710001 5B5856 0.629
0.63 8.820001 -5.450001 99A2AD 0.629
0.63 9.450001 -6.710001 5B5856 0.629
0.63 9.450001 -5.450001 99A2AD 0.629
0.63 10.08 -6.710001 5B5856 0.629
0.63 10.08 -5.450001 99A2AD 0.629
0.63 10.71 -6.710001 5B5856 0.629
0.63 10.71 -5.450001 99A2AD 0.629
0.63 11.34 -6.710001 5B5856 0.629
0.63 11.34 -5.450001 99A2AD 0.629
0.63 11.97 -6.710001 5B5856 0.629
0.63 11.97 -5.450001 99A2AD 0.629
0.63 12.6 -6.710001 5B5856 0.629
0.63 12.6 -5.450001 99A2AD 0.629
0.63 13.23 -6.710001 5B5856 0.629
0.63 13.23 -5.450001 99A2AD 0.629
0.63 13.86 -6.710001 5B5856 0.629
0.63 13.86 -5.450001 99A2AD 0.629
0.63 14.49 -5.450001 99A2AD 0.629
0.63 13.86 -6.08 8D8985 0.629
0.63 14.49 13.45 99A2AD 0.629
0.63 15.12 -5.450001 6C6966 0.629
0.63 15.12 13.45 6C6966 0.629
0.63 15.75 -5.450001 6C6966 0.629
0.63 15.75 13.45 6C6966 0.629
0.63 16.38 -5.450001 6C6966 0.629
0.63 16.38 12.82 7D7976 0.629
0.63 15.75 -4.820001 454545 0.629
0.63 16.38 -4.820001 7D7976 0.629
0.63 15.75 -4.190001 454545 0.629
0.63 15.75 -3.56 454545 0.629
0.63 15.75 -2.93 454545 0.629
0.63 15.75 -2.3 454545 0.629
0.63 15.75 -1.67 454545 0.629
0.63 15.75 -1.04 454545 0.629
0.63 15.75 -0.4099998 454545 0.629
0.63 15.75 0.2200003 454545 0.629
0.63 15.75 0.8500004 454545 0.629
0.63 15.75 1.48 454545 0.629
0.63 15.75 2.11 454545 0.629
0.63 15.75 2.74 454545 0.629
0.63 15.75 3.37 454545 0.629
0.63 15.75 4 454545 0.629
0.63 15.75 4.63 454545 0.629
0.63 15.75 5.26 454545 0.629
0.63 15.75 5.889999 454545 0.629
0.63 15.75 6.52 454545 0.629
0.63 15.75 7.15 454545 0.629
0.63 15.75 7.780001 454545 0.629
0.63 15.75 8.41 454545 0.629
0.63 15.75 9.040001 454545 0.629
0.63 15.75 9.67 454545 0.629
0.63 15.75 10.3 454545 0.629
0.63 15.75 10.93 454545 0.629
0.63 15.75 11.56 454545 0.629
0.63 15.75 12.19 454545 0.629
0.63 15.75 12.82 454545 0.629
0.63 16.38 13.45 6C6966 0.629
1.26 0 -5.450001 7D7976 0.629
1.26 0 -4.820001 7D7976 0.629
1.26 0 -4.190001 7D7976 0.629
1.26 0 -6.08 1E6596 0.629
1.26 0.63 -6.08 1E6596 0.629
1.26 1.26 -6.08 1E6596 0.629
1.26 1.89 -6.08 1E6596 0.629
1.26 2.52 -6.08 1E6596 0.629
1.26 3.15 -6.08 1E6596 0.629
1.26 3.15 -5.450001 99A2AD 0.629
1.26 3.78 -7.34 595D64 0.629
1.26 3.78 -5.450001 99A2AD 0.629
1.26 11.34 -6.710001 3A3937 0.629
1.26 4.41 -6.710001 5B5856 0.629
1.26 4.41 -5.450001 99A2AD 0.629
1.26 5.04 -6.710001 5B5856 0.629
1.26 5.04 -5.450001 99A2AD 0.629
1.26 5.67 -6.710001 5B5856 0.629
1.26 5.67 -5.450001 99A2AD 0.629
1.26 6.3 -6.710001 5B5856 0.629
1.26 6.3 -5.450001 99A2AD 0.629
1.26 6.93 -6.710001 5B5856 0.629
1.26 6.93 -5.450001 99A2AD 0.629
1.26 7.56 -6.710001 252729 0.629
1.26 7.56 -5.450001 99A2AD 0.629
1.26 8.190001 -6.710001 A6A6A6 0.629
1.26 8.190001 -5.450001 99A2AD 0.629
1.26 8.820001 -6.710001 A6A6A6 0.629
1.26 8.820001 -5.450001 99A2AD 0.629
1.26 9.450001 -6.710001 A6A6A6 0.629
1.26 9.450001 -5.450001 99A2AD 0.629
1.26 10.08 -6.710001 252729 0.629
1.26 10.08 -5.450001 99A2AD 0.629
1.26 10.71 -6.710001 252729 0.629
1.26 10.71 -5.450001 99A2AD 0.629
1.26 11.34 -5.450001 99A2AD 0.629
1.26 11.97 -6.710001 5B5856 0.629
1.26 11.97 -5.450001 99A2AD 0.629
1.26 12.6 -6.710001 5B5856 0.629
1.26 12.6 -5.450001 99A2AD 0.629
1.26 13.23 -6.710001 5B5856 0.629
1.26 13.23 -5.450001 99A2AD 0.629
1.26 13.86 -6.710001 5B5856 0.629
1.26 13.86 -5.450001 99A2AD 0.629
1.26 14.49 -5.450001 99A2AD 0.629
1.26 13.86 -6.08 8D8985 0.629
1.26 14.49 13.45 99A2AD 0.629
1.26 15.12 -5.450001 6C6966 0.629
1.26 15.12 13.45 6C6966 0.629
1.26 15.75 -5.450001 6C6966 0.629
1.26 15.75 13.45 6C6966 0.629
1.26 16.38 -5.450001 6C6966 0.629
1.26 16.38 12.82 7D7976 0.629
1.26 15.75 -4.820001 454545 0.629
1.26 16.38 -4.820001 7D7976 0.629
1.26 15.75 -4.190001 454545 0.629
1.26 15.75 -3.56 454545 0.629
1.26 15.75 -2.93 454545 0.629
1.26 15.75 -2.3 454545 0.629
1.26 15.75 -1.67 454545 0.629
1.26 15.75 -1.04 454545 0.629
1.26 15.75 -0.4099998 454545 0.629
1.26 15.75 0.2200003 454545 0.629
1.26 15.75 0.8500004 454545 0.629
1.26 15.75 1.48 454545 0.629
1.26 15.75 2.11 454545 0.629
1.26 15.75 2.74 454545 0.629
1.26 15.75 3.37 454545 0.629
1.26 15.75 4 454545 0.629
1.26 15.75 4.63 454545 0.629
1.26 15.75 5.26 454545 0.629
1.26 15.75 5.889999 454545 0.629
1.26 15.75 6.52 454545 0.629
1.26 15.75 7.15 454545 0.629
1.26 15.75 7.780001 454545 0.629
1.26 15.75 8.41 454545 0.629
1.26 15.75 9.040001 454545 0.629
1.26 15.75 9.67 454545 0.629
1.26 15.75 10.3 454545 0.629
1.26 15.75 10.93 454545 0.629
1.26 15.75 11.56 454545 0.629
1.26 15.75 12.19 454545 0.629
1.26 15.75 12.82 454545 0.629
1.26 16.38 13.45 6C6966 0.629
1.89 11.34 -6.710001 3A3937 0.629
1.89 0 -5.450001 7D7976 0.629
1.89 0 -4.820001 7D7976 0.629
1.89 0 -4.190001 7D7976 0.629
1.89 0 -7.34 595D64 0.629
1.89 0 -6.08 6C6966 0.629
1.89 0.63 -7.34 595D64 0.629
1.89 0.63 -6.08 6C6966 0.629
1.89 1.26 -7.34 595D64 0.629
1.89 1.26 -6.08 6C6966 0.629
1.89 1.89 -7.34 595D64 0.629
1.89 1.89 -6.08 6C6966 0.629
1.89 2.52 -7.34 595D64 0.629
1.89 2.52 -6.08 6C6966 0.629
1.89 3.15 -7.34 595D64 0.629
1.89 3.15 -5.450001 99A2AD 0.629
1.89 3.78 -7.34 595D64 0.629
1.89 3.78 -5.450001 99A2AD 0.629
1.89 4.41 -6.710001 5B5856 0.629
1.89 4.41 -5.450001 99A2AD 0.629
1.89 5.04 -6.710001 5B5856 0.629
1.89 5.04 -5.450001 99A2AD 0.629
1.89 5.67 -6.710001 5B5856 0.629
1.89 5.67 -5.450001 99A2AD 0.629
1.89 6.3 -6.710001 5B5856 0.629
1.89 6.3 -5.450001 99A2AD 0.629
1.89 6.93 -6.710001 5B5856 0.629
1.89 6.93 -5.450001 99A2AD 0.629
1.89 7.56 -6.710001 252729 0.629
1.89 7.56 -5.450001 99A2AD 0.629
1.89 8.190001 -6.710001 A6A6A6 0.629
1.89 8.190001 -5.450001 99A2AD 0.629
1.89 8.820001 -6.710001 A6A6A6 0.629
1.89 8.820001 -5.450001 99A2AD 0.629
1.89 9.450001 -6.710001 A6A6A6 0.629
1.89 9.450001 -5.450001 99A2AD 0.629
1.89 10.08 -6.710001 252729 0.629
1.89 10.08 -5.450001 99A2AD 0.629
1.89 10.71 -6.710001 252729 0.629
1.89 10.71 -5.450001 99A2AD 0.629
1.89 11.34 -5.450001 99A2AD 0.629
1.89 11.97 -6.710001 5B5856 0.629
1.89 11.97 -5.450001 99A2AD 0.629
1.89 12.6 -6.710001 5B5856 0.629
1.89 12.6 -5.450001 99A2AD 0.629
1.89 13.23 -6.710001 5B5856 0.629
1.89 13.23 -5.450001 99A2AD 0.629
1.89 13.86 -6.710001 5B5856 0.629
1.89 13.86 -5.450001 99A2AD 0.629
1.89 14.49 -5.450001 99A2AD 0.629
1.89 13.86 -6.08 8D8985 0.629
1.89 14.49 13.45 99A2AD 0.629
1.89 15.12 -5.450001 6C6966 0.629
1.89 15.12 13.45 6C6966 0.629
1.89 15.75 -5.450001 6C6966 0.629
1.89 15.75 13.45 6C6966 0.629
1.89 16.38 -5.450001 6C6966 0.629
1.89 16.38 12.82 7D7976 0.629
1.89 15.75 -4.820001 454545 0.629
1.89 16.38 -4.820001 7D7976 0.629
1.89 15.75 -4.190001 454545 0.629
1.89 15.75 -3.56 454545 0.629
1.89 15.75 -2.93 454545 0.629
1.89 15.75 -2.3 454545 0.629
1.89 15.75 -1.67 454545 0.629
1.89 15.75 -1.04 454545 0.629
1.89 15.75 -0.4099998 454545 0.629
1.89 15.75 0.2200003 454545 0.629
1.89 15.75 0.8500004 454545 0.629
1.89 15.75 1.48 454545 0.629
1.89 15.75 2.11 454545 0.629
1.89 15.75 2.74 454545 0.629
1.89 15.75 3.37 454545 0.629
1.89 15.75 4 454545 0.629
1.89 15.75 4.63 454545 0.629
1.89 15.75 5.26 454545 0.629
1.89 15.75 5.889999 454545 0.629
1.89 15.75 6.52 454545 0.629
1.89 15.75 7.15 454545 0.629
1.89 15.75 7.780001 454545 0.629
1.89 15.75 8.41 454545 0.629
1.89 15.75 9.040001 454545 0.629
1.89 15.75 9.67 454545 0.629
1.89 15.75 10.3 454545 0.629
1.89 15.75 10.93 454545 0.629
1.89 15.75 11.56 454545 0.629
1.89 15.75 12.19 454545 0.629
1.89 15.75 12.82 454545 0.629
1.89 16.38 13.45 6C6966 0.629
1.89 17.01 -0.4099998 585858 0.629
1.89 17.01 1.48 585858 0.629
1.89 17.64 0.2200003 939393 0.629
1.89 17.64 0.8500004 939393 0.629
1.89 17.64 5.889999 939393 0.629
1.89 17.64 6.52 939393 0.629
1.89 17.64 7.15 939393 0.629
2.52 0 -5.450001 7D7976 0.629
2.52 0 -4.820001 7D7976 0.629
2.52 0 -4.190001 7D7976 0.629
2.52 0 -6.710001 5B5856 0.629
2.52 0 -6.08 6C6966 0.629
2.52 0.63 -6.710001 5B5856 0.629
2.52 0.63 -6.08 6C6966 0.629
2.52 17.01 5.889999 6B6B6B 0.629
2.52 17.01 7.15 6B6B6B 0.629
2.52 1.26 -6.710001 5B5856 0.629
2.52 1.26 -6.08 6C6966 0.629
2.52 1.89 -6.710001 5B5856 0.629
2.52 1.89 -6.08 6C6966 0.629
2.52 2.52 -6.710001 5B5856 0.629
2.52 2.52 -6.08 6C6966 0.629
2.52 3.15 -6.710001 5B5856 0.629
2.52 3.15 -5.450001 99A2AD 0.629
2.52 3.78 -6.710001 5B5856 0.629
2.52 3.78 -5.450001 99A2AD 0.629
2.52 4.41 -6.710001 5B5856 0.629
2.52 4.41 -5.450001 99A2AD 0.629
2.52 5.04 -6.710001 5B5856 0.629
2.52 5.04 -5.450001 99A2AD 0.629
2.52 5.67 -6.710001 5B5856 0.629
2.52 5.67 -5.450001 99A2AD 0.629
2.52 6.3 -6.710001 5B5856 0.629
2.52 6.3 -5.450001 99A2AD 0.629
2.52 6.93 -6.710001 5B5856 0.629
2.52 6.93 -5.450001 99A2AD 0.629
2.52 7.56 -5.450001 99A2AD 0.629
2.52 8.190001 -5.450001 99A2AD 0.629
2.52 8.820001 -5.450001 99A2AD 0.629
2.52 9.450001 -5.450001 99A2AD 0.629
2.52 10.08 -5.450001 99A2AD 0.629
2.52 10.71 -5.450001 99A2AD 0.629
2.52 11.34 -6.710001 5B5856 0.629
2.52 11.34 -5.450001 99A2AD 0.629
2.52 11.97 -6.710001 5B5856 0.629
2.52 11.97 -5.450001 99A2AD 0.629
2.52 12.6 -6.710001 5B5856 0.629
2.52 12.6 -5.450001 99A2AD 0.629
2.52 13.23 -6.710001 5B5856 0.629
2.52 13.23 -5.450001 99A2AD 0.629
2.52 13.86 -6.710001 5B5856 0.629
2.52 13.86 -5.450001 99A2AD 0.629
2.52 14.49 -5.450001 99A2AD 0.629
2.52 13.86 -6.08 8D8985 0.629
2.52 14.49 13.45 99A2AD 0.629
2.52 15.12 -5.450001 6C6966 0.629
2.52 15.12 13.45 6C6966 0.629
2.52 15.75 -5.450001 6C6966 0.629
2.52 15.75 13.45 6C6966 0.629
2.52 16.38 -5.450001 6C6966 0.629
2.52 16.38 -0.4099998 585858 0.629
2.52 15.75 -4.820001 454545 0.629
2.52 16.38 -4.820001 7D7976 0.629
2.52 15.75 -4.190001 454545 0.629
2.52 15.75 -3.56 454545 0.629
2.52 15.75 -2.93 454545 0.629
2.52 15.75 -2.3 454545 0.629
2.52 15.75 -1.67 454545 0.629
2.52 15.75 -1.04 454545 0.629
2.52 15.75 -0.4099998 454545 0.629
2.52 15.75 0.2200003 454545 0.629
5.67 16.38 0.2200003 7D7976 0.629
2.52 16.38 5.889999 585858 0.629
2.52 15.75 0.8500004 454545 0.629
5.67 16.38 0.8500004 7D7976 0.629
2.52 15.75 1.48 454545 0.629
2.52 16.38 1.48 585858 0.629
2.52 15.75 2.11 454545 0.629
2.52 15.75 2.74 454545 0.629
2.52 15.75 3.37 454545 0.629
2.52 15.75 4 454545 0.629
2.52 15.75 4.63 454545 0.629
2.52 15.75 5.26 454545 0.629
2.52 15.75 5.889999 454545 0.629
5.67 16.38 5.889999 7D7976 0.629
2.52 16.38 12.82 7D7976 0.629
2.52 15.75 6.52 454545 0.629
5.67 16.38 6.52 7D7976 0.629
2.52 15.75 7.15 454545 0.629
5.67 16.38 7.15 7D7976 0.629
2.52 15.75 7.780001 454545 0.629
2.52 16.38 7.15 585858 0.629
2.52 15.75 8.41 454545 0.629
2.52 15.75 9.040001 454545 0.629
2.52 15.75 9.67 454545 0.629
2.52 15.75 10.3 454545 0.629
2.52 15.75 10.93 454545 0.629
2.52 15.75 11.56 454545 0.629
2.52 15.75 12.19 454545 0.629
2.52 15.75 12.82 454545 0.629
2.52 16.38 13.45 6C6966 0.629
2.52 17.01 -0.4099998 585858 0.629
2.52 17.01 1.48 585858 0.629
2.52 17.64 0.2200003 A6A6A6 0.629
2.52 17.64 0.8500004 A6A6A6 0.629
2.52 17.64 5.889999 7F7F7F 0.629
2.52 17.64 6.52 A6A6A6 0.629
2.52 17.64 7.15 7F7F7F 0.629
3.15 0 -5.450001 7D7976 0.629
3.15 0 -4.820001 7D7976 0.629
3.15 0 -4.190001 7D7976 0.629
3.15 0 -6.710001 5B5856 0.629
3.15 0 -6.08 6C6966 0.629
3.15 0.63 -6.710001 5B5856 0.629
3.15 0.63 -6.08 6C6966 0.629
3.15 17.01 0.2200003 6B6B6B 0.629
3.15 17.01 0.8500004 6B6B6B 0.629
3.15 17.01 5.889999 6B6B6B 0.629
3.15 17.01 6.52 6B6B6B 0.629
3.15 17.01 7.15 6B6B6B 0.629
3.15 1.26 -6.710001 5B5856 0.629
3.15 1.26 -6.08 6C6966 0.629
3.15 1.89 -6.710001 5B5856 0.629
3.15 1.89 -6.08 6C6966 0.629
3.15 2.52 -6.710001 5B5856 0.629
3.15 2.52 -6.08 6C6966 0.629
3.15 3.15 -6.710001 5B5856 0.629
3.15 3.15 -5.450001 99A2AD 0.629
3.15 3.78 -6.710001 5B5856 0.629
3.15 3.78 -5.450001 99A2AD 0.629
3.15 4.41 -6.710001 5B5856 0.629
3.15 4.41 -5.450001 99A2AD 0.629
3.15 5.04 -6.710001 5B5856 0.629
3.15 5.04 -5.450001 99A2AD 0.629
3.15 5.67 -6.710001 5B5856 0.629
3.15 5.67 -5.450001 99A2AD 0.629
3.15 6.3 -6.710001 5B5856 0.629
3.15 6.3 -5.450001 99A2AD 0.629
3.15 6.93 -6.710001 5B5856 0.629
3.15 6.93 -5.450001 99A2AD 0.629
3.15 7.56 -6.710001 5B5856 0.629
3.15 7.56 -5.450001 99A2AD 0.629
3.15 8.190001 -6.710001 5B5856 0.629
3.15 8.190001 -5.450001 99A2AD 0.629
3.15 8.820001 -6.710001 5B5856 0.629
3.15 8.820001 -5.450001 99A2AD 0.629
3.15 9.450001 -6.710001 5B5856 0.629
3.15 9.450001 -5.450001 99A2AD 0.629
3.15 10.08 -6.710001 5B5856 0.629
3.15 10.08 -5.450001 99A2AD 0.629
3.15 10.71 -6.710001 5B5856 0.629
3.15 10.71 -5.450001 99A2AD 0.629
3.15 11.34 -6.710001 5B5856 0.629
3.15 11.34 -5.450001 99A2AD 0.629
3.15 11.97 -6.710001 5B5856 0.629
3.15 11.97 -5.450001 99A2AD 0.629
3.15 12.6 -6.710001 5B5856 0.629
3.15 12.6 -5.450001 99A2AD 0.629
3.15 13.23 -6.710001 5B5856 0.629
3.15 13.23 -5.450001 99A2AD 0.629
3.15 13.86 -6.710001 5B5856 0.629
3.15 13.86 -5.450001 99A2AD 0.629
3.15 14.49 -5.450001 99A2AD 0.629
3.15 13.86 -6.08 8D8985 0.629
3.15 14.49 13.45 99A2AD 0.629
3.15 15.12 -5.450001 6C6966 0.629
3.15 15.12 13.45 6C6966 0.629
3.15 15.75 -5.450001 6C6966 0.629
3.15 15.75 13.45 6C6966 0.629
3.15 16.38 -5.450001 6C6966 0.629
3.15 16.38 -0.4099998 585858 0.629
3.15 15.75 -4.820001 454545 0.629
3.15 16.38 -4.820001 7D7976 0.629
3.15 15.75 -4.190001 454545 0.629
3.15 15.75 -3.56 454545 0.629
3.15 15.75 -2.93 454545 0.629
3.15 15.75 -2.3 454545 0.629
3.15 15.75 -1.67 454545 0.629
3.15 15.75 -1.04 454545 0.629
3.15 15.75 -0.4099998 454545 0.629
3.15 15.75 0.2200003 454545 0.629
3.15 16.38 5.889999 585858 0.629
3.15 15.75 0.8500004 454545 0.629
3.15 15.75 1.48 454545 0.629
3.15 16.38 1.48 585858 0.629
3.15 15.75 2.11 454545 0.629
3.15 15.75 2.74 454545 0.629
3.15 15.75 3.37 454545 0.629
3.15 15.75 4 454545 0.629
3.15 15.75 4.63 454545 0.629
3.15 15.75 5.26 454545 0.629
3.15 15.75 5.889999 454545 0.629
3.15 16.38 12.82 7D7976 0.629
3.15 15.75 6.52 454545 0.629
3.15 15.75 7.15 454545 0.629
3.15 15.75 7.780001 454545 0.629
3.15 16.38 7.15 585858 0.629
3.15 15.75 8.41 454545 0.629
3.15 15.75 9.040001 454545 0.629
3.15 15.75 9.67 454545 0.629
3.15 15.75 10.3 454545 0.629
3.15 15.75 10.93 454545 0.629
3.15 15.75 11.56 454545 0.629
3.15 15.75 12.19 454545 0.629
3.15 15.75 12.82 454545 0.629
3.15 16.38 13.45 6C6966 0.629
3.15 17.01 -0.4099998 585858 0.629
3.15 17.01 1.48 585858 0.629
3.15 17.64 0.2200003 939393 0.629
3.15 17.64 0.8500004 939393 0.629
3.15 17.64 5.889999 7F7F7F 0.629
3.15 17.64 6.52 939393 0.629
3.15 17.64 7.15 7F7F7F 0.629
3.78 0 -5.450001 7D7976 0.629
3.78 0 -4.820001 7D7976 0.629
3.78 0 -4.190001 7D7976 0.629
3.78 0 -6.08 6C6966 0.629
3.78 0.63 -6.08 6C6966 0.629
3.78 1.26 -6.08 6C6966 0.629
3.78 1.89 -6.08 6C6966 0.629
3.78 2.52 -6.08 6C6966 0.629
3.78 3.15 -5.450001 99A2AD 0.629
3.15 3.15 -6.08 6C6966 0.629
3.78 3.78 -5.450001 99A2AD 0.629
3.15 3.78 -6.08 6C6966 0.629
3.78 4.41 -5.450001 99A2AD 0.629
3.15 4.41 -6.08 6C6966 0.629
3.78 5.04 -5.450001 99A2AD 0.629
3.15 5.04 -6.08 6C6966 0.629
3.78 5.67 -5.450001 99A2AD 0.629
3.15 5.67 -6.08 6C6966 0.629
3.78 6.3 -5.450001 99A2AD 0.629
3.15 6.3 -6.08 6C6966 0.629
3.78 6.93 -5.450001 99A2AD 0.629
3.15 6.93 -6.08 6C6966 0.629
3.78 7.56 -5.450001 99A2AD 0.629
3.15 7.56 -6.08 6C6966 0.629
3.78 8.190001 -5.450001 99A2AD 0.629
3.15 8.190001 -6.08 6C6966 0.629
3.78 8.820001 -5.450001 99A2AD 0.629
3.15 8.820001 -6.08 6C6966 0.629
3.78 9.450001 -5.450001 99A2AD 0.629
3.15 9.450001 -6.08 6C6966 0.629
3.78 10.08 -5.450001 99A2AD 0.629
3.15 10.08 -6.08 6C6966 0.629
3.78 10.71 -5.450001 99A2AD 0.629
3.15 10.71 -6.08 6C6966 0.629
3.78 11.34 -5.450001 99A2AD 0.629
3.15 11.34 -6.08 6C6966 0.629
3.78 11.97 -5.450001 99A2AD 0.629
3.15 11.97 -6.08 6C6966 0.629
3.78 12.6 -5.450001 99A2AD 0.629
3.15 12.6 -6.08 6C6966 0.629
3.78 13.23 -5.450001 99A2AD 0.629
3.15 13.23 -6.08 6C6966 0.629
3.78 13.86 -5.450001 99A2AD 0.629
3.78 14.49 -5.450001 99A2AD 0.629
3.78 14.49 13.45 99A2AD 0.629
3.78 15.12 -5.450001 6C6966 0.629
3.78 15.12 13.45 6C6966 0.629
3.78 15.75 -5.450001 6C6966 0.629
3.78 15.75 13.45 6C6966 0.629
3.78 16.38 -5.450001 6C6966 0.629
3.78 16.38 12.82 7D7976 0.629
3.78 15.75 -4.820001 454545 0.629
3.78 16.38 -4.820001 7D7976 0.629
3.78 15.75 -4.190001 454545 0.629
3.78 15.75 -3.56 454545 0.629
3.78 15.75 -2.93 454545 0.629
3.78 15.75 -2.3 454545 0.629
3.78 15.75 -1.67 454545 0.629
3.78 15.75 -1.04 454545 0.629
3.78 15.75 -0.4099998 454545 0.629
3.78 15.75 0.2200003 454545 0.629
3.15 16.38 0.2200003 6B6B6B 0.629
3.78 15.75 0.8500004 454545 0.629
3.15 16.38 0.8500004 6B6B6B 0.629
3.78 15.75 1.48 454545 0.629
3.78 15.75 2.11 454545 0.629
3.78 15.75 2.74 454545 0.629
3.78 15.75 3.37 454545 0.629
3.78 15.75 4 454545 0.629
3.78 15.75 4.63 454545 0.629
3.78 15.75 5.26 454545 0.629
3.78 15.75 5.889999 454545 0.629
3.78 15.75 6.52 454545 0.629
3.15 16.38 6.52 6B6B6B 0.629
3.78 15.75 7.15 454545 0.629
3.78 15.75 7.780001 454545 0.629
3.78 15.75 8.41 454545 0.629
3.78 15.75 9.040001 454545 0.629
3.78 15.75 9.67 454545 0.629
3.78 15.75 10.3 454545 0.629
3.78 15.75 10.93 454545 0.629
3.78 15.75 11.56 454545 0.629
3.78 15.75 12.19 454545 0.629
3.78 15.75 12.82 454545 0.629
3.78 16.38 13.45 6C6966 0.629
3.78 17.01 0.2200003 6B6B6B 0.629
3.78 17.01 0.8500004 6B6B6B 0.629
3.78 17.01 5.889999 6B6B6B 0.629
3.78 17.01 6.52 6B6B6B 0.629
3.78 17.01 7.15 6B6B6B 0.629
4.41 0 -5.450001 7D7976 0.629
4.41 0 -4.820001 7D7976 0.629
4.41 0 -4.190001 7D7976 0.629
4.41 0 -6.08 6C6966 0.629
4.41 0.63 -6.08 6C6966 0.629
4.41 1.26 -6.08 6C6966 0.629
4.41 1.89 -6.08 6C6966 0.629
4.41 2.52 -6.08 6C6966 0.629
4.41 3.15 -5.450001 99A2AD 0.629
4.41 3.78 -5.450001 99A2AD 0.629
4.41 4.41 -5.450001 99A2AD 0.629
4.41 5.04 -5.450001 99A2AD 0.629
4.41 5.67 -5.450001 99A2AD 0.629
4.41 6.3 -5.450001 99A2AD 0.629
4.41 6.93 -5.450001 99A2AD 0.629
4.41 7.56 -5.450001 99A2AD 0.629
4.41 8.190001 -5.450001 99A2AD 0.629
4.41 8.820001 -5.450001 99A2AD 0.629
4.41 9.450001 -5.450001 99A2AD 0.629
4.41 10.08 -5.450001 99A2AD 0.629
4.41 10.71 -5.450001 99A2AD 0.629
4.41 11.34 -5.450001 99A2AD 0.629
4.41 11.97 -5.450001 99A2AD 0.629
4.41 12.6 -5.450001 99A2AD 0.629
4.41 13.23 -5.450001 99A2AD 0.629
4.41 13.86 -5.450001 99A2AD 0.629
4.41 14.49 -5.450001 99A2AD 0.629
4.41 14.49 13.45 99A2AD 0.629
4.41 15.12 -5.450001 6C6966 0.629
4.41 15.12 13.45 6C6966 0.629
4.41 15.75 -5.450001 6C6966 0.629
4.41 15.75 13.45 6C6966 0.629
4.41 16.38 -5.450001 6C6966 0.629
4.41 16.38 12.82 7D7976 0.629
4.41 15.75 -4.820001 454545 0.629
4.41 16.38 -4.820001 7D7976 0.629
4.41 15.75 -4.190001 454545 0.629
4.41 15.75 -3.56 454545 0.629
4.41 15.75 -2.93 454545 0.629
4.41 15.75 -2.3 454545 0.629
4.41 15.75 -1.67 454545 0.629
4.41 15.75 -1.04 454545 0.629
4.41 15.75 -0.4099998 454545 0.629
4.41 15.75 0.2200003 454545 0.629
4.41 15.75 0.8500004 454545 0.629
4.41 15.75 1.48 454545 0.629
4.41 15.75 2.11 454545 0.629
4.41 15.75 2.74 454545 0.629
4.41 15.75 3.37 454545 0.629
4.41 15.75 4 454545 0.629
4.41 15.75 4.63 454545 0.629
4.41 15.75 5.26 454545 0.629
4.41 15.75 5.889999 454545 0.629
4.41 15.75 6.52 454545 0.629
4.41 15.75 7.15 454545 0.629
4.41 15.75 7.780001 454545 0.629
4.41 15.75 8.41 454545 0.629
4.41 15.75 9.040001 454545 0.629
4.41 15.75 9.67 454545 0.629
4.41 15.75 10.3 454545 0.629
4.41 15.75 10.93 454545 0.629
4.41 15.75 11.56 454545 0.629
4.41 15.75 12.19 454545 0.629
4.41 15.75 12.82 454545 0.629
4.41 16.38 13.45 6C6966 0.629
5.04 0 -5.450001 7D7976 0.629
5.04 0 -4.820001 7D7976 0.629
5.04 0 -4.190001 7D7976 0.629
5.04 0 -0.4099998 7D7976 0.629
5.04 0 0.2200003 7D7976 0.629
5.04 0 0.8500004 7D7976 0.629
5.04 0 -6.08 6C6966 0.629
5.04 0.63 -6.08 6C6966 0.629
5.04 1.26 -6.08 6C6966 0.629
5.04 1.89 -6.08 6C6966 0.629
5.04 2.52 -6.08 6C6966 0.629
5.04 3.15 -5.450001 99A2AD 0.629
5.04 3.78 -5.450001 99A2AD 0.629
5.04 4.41 -5.450001 99A2AD 0.629
5.04 5.04 -5.450001 99A2AD 0.629
5.04 5.67 -5.450001 99A2AD 0.629
5.04 6.3 -5.450001 99A2AD 0.629
5.04 6.93 -5.450001 99A2AD 0.629
5.04 7.56 -5.450001 99A2AD 0.629
5.04 8.190001 -5.450001 99A2AD 0.629
5.04 8.820001 -5.450001 99A2AD 0.629
5.04 9.450001 -5.450001 99A2AD 0.629
5.04 10.08 -5.450001 99A2AD 0.629
5.04 10.71 -5.450001 99A2AD 0.629
5.04 11.34 -5.450001 99A2AD 0.629
5.04 11.97 -5.450001 99A2AD 0.629
5.04 12.6 -5.450001 99A2AD 0.629
5.04 13.23 -5.450001 99A2AD 0.629
5.04 13.86 -5.450001 99A2AD 0.629
5.04 14.49 -5.450001 99A2AD 0.629
5.04 14.49 13.45 99A2AD 0.629
5.04 15.12 -5.450001 6C6966 0.629
5.04 15.12 13.45 6C6966 0.629
5.04 15.75 -5.450001 6C6966 0.629
5.04 15.75 13.45 6C6966 0.629
5.04 16.38 -5.450001 6C6966 0.629
5.04 16.38 12.82 7D7976 0.629
5.04 15.75 -4.820001 454545 0.629
5.04 16.38 -4.820001 7D7976 0.629
5.04 15.75 -4.190001 454545 0.629
5.04 15.75 -3.56 454545 0.629
5.04 15.75 -2.93 454545 0.629
5.04 15.75 -2.3 454545 0.629
5.04 15.75 -1.67 454545 0.629
5.04 15.75 -1.04 454545 0.629
5.04 15.75 -0.4099998 454545 0.629
5.04 15.75 0.2200003 454545 0.629
5.04 15.75 0.8500004 454545 0.629
5.04 15.75 1.48 454545 0.629
5.04 15.75 2.11 454545 0.629
5.04 15.75 2.74 454545 0.629
5.04 15.75 3.37 454545 0.629
5.04 15.75 4 454545 0.629
5.04 15.75 4.63 454545 0.629
5.04 15.75 5.26 454545 0.629
5.04 15.75 5.889999 454545 0.629
5.04 15.75 6.52 454545 0.629
5.04 15.75 7.15 454545 0.629
5.04 15.75 7.780001 454545 0.629
5.04 15.75 8.41 454545 0.629
5.04 15.75 9.040001 454545 0.629
5.04 15.75 9.67 454545 0.629
5.04 15.75 10.3 454545 0.629
5.04 15.75 10.93 454545 0.629
5.04 15.75 11.56 454545 0.629
5.04 15.75 12.19 454545 0.629
5.04 15.75 12.82 454545 0.629
5.04 16.38 13.45 6C6966 0.629
5.67 0 -5.450001 7D7976 0.629
5.67 0 -4.820001 7D7976 0.629
5.67 0 -4.190001 7D7976 0.629
5.67 0 -3.56 7D7976 0.629
5.67 0 -2.93 7D7976 0.629
5.67 0 -2.3 7D7976 0.629
5.67 0 -1.67 7D7976 0.629
5.67 0 -1.04 7D7976 0.629
5.67 0 -0.4099998 7D7976 0.629
5.67 0 0.2200003 7D7976 0.629
5.67 0 -6.08 6C6966 0.629
5.67 0.63 -6.08 6C6966 0.629
5.67 1.26 -6.08 6C6966 0.629
5.67 1.89 -6.08 6C6966 0.629
5.67 2.52 -6.08 6C6966 0.629
5.67 3.15 -5.450001 99A2AD 0.629
5.67 3.78 -5.450001 99A2AD 0.629
5.67 4.41 -5.450001 99A2AD 0.629
5.67 5.04 -5.450001 99A2AD 0.629
5.67 5.67 -5.450001 99A2AD 0.629
5.67 6.3 -5.450001 99A2AD 0.629
5.67 6.93 -5.450001 99A2AD 0.629
5.67 7.56 -5.450001 99A2AD 0.629
5.67 8.190001 -5.450001 99A2AD 0.629
5.67 8.820001 -5.450001 99A2AD 0.629
5.67 9.450001 -5.450001 99A2AD 0.629
5.67 10.08 -5.450001 99A2AD 0.629
5.67 10.71 -5.450001 99A2AD 0.629
5.67 11.34 -5.450001 99A2AD 0.629
5.67 11.97 -5.450001 99A2AD 0.629
5.67 12.6 -5.450001 99A2AD 0.629
5.67 13.23 -5.450001 99A2AD 0.629
5.67 13.86 -5.450001 99A2AD 0.629
5.67 14.49 -5.450001 99A2AD 0.629
5.67 14.49 13.45 99A2AD 0.629
5.67 15.12 -5.450001 6C6966 0.629
5.67 15.12 13.45 6C6966 0.629
5.67 15.75 -5.450001 6C6966 0.629
5.67 15.75 13.45 6C6966 0.629
5.67 16.38 -5.450001 6C6966 0.629
5.67 16.38 13.45 6C6966 0.629
6.3 0 -5.450001 7D7976 0.629
6.3 0 -4.820001 7D7976 0.629
6.3 0 -4.190001 7D7976 0.629
6.3 0 -3.56 7D7976 0.629
6.3 0 -2.93 7D7976 0.629
6.3 0 -2.3 7D7976 0.629
6.3 0 -1.67 7D7976 0.629
6.3 0 -1.04 7D7976 0.629
6.3 0 -0.4099998 7D7976 0.629
6.3 0 0.2200003 7D7976 0.629
6.3 0 -6.08 6C6966 0.629
6.3 0.63 -6.08 6C6966 0.629
6.3 0.63 -0.4099998 6C6966 0.629
6.3 1.26 -6.08 6C6966 0.629
6.3 1.26 -0.4099998 6C6966 0.629
6.3 1.89 -6.08 6C6966 0.629
6.3 1.89 -0.4099998 6C6966 0.629
6.3 2.52 -6.08 6C6966 0.629
6.3 2.52 -0.4099998 6C6966 0.629
6.3 3.15 -0.4099998 6C6966 0.629
6.3 3.15 -5.450001 ACA7A2 0.629
6.3 3.15 -4.820001 ACA7A2 0.629
6.3 3.15 -4.190001 ACA7A2 0.629
6.3 3.15 -3.56 ACA7A2 0.629
6.3 3.15 -2.93 ACA7A2 0.629
6.3 3.15 -2.3 ACA7A2 0.629
6.3 3.15 -1.67 ACA7A2 0.629
6.3 3.15 -1.04 ACA7A2 0.629
6.3 3.15 0.2200003 ACA7A2 0.629
6.3 3.78 -0.4099998 6C6966 0.629
6.3 3.78 -5.450001 B5BFCD 0.629
6.3 3.78 -4.820001 B5BFCD 0.629
6.3 3.78 -4.190001 B5BFCD 0.629
6.3 3.78 -3.56 B5BFCD 0.629
6.3 3.78 -2.93 B5BFCD 0.629
6.3 3.78 -2.3 B5BFCD 0.629
6.3 3.78 -1.67 B5BFCD 0.629
6.3 3.78 -1.04 B5BFCD 0.629
6.3 3.78 0.2200003 B5BFCD 0.629
6.3 4.41 -0.4099998 99A2AD 0.629
6.3 4.41 -5.450001 B5BFCD 0.629
6.3 4.41 -4.820001 B5BFCD 0.629
6.3 4.41 -4.190001 B5BFCD 0.629
6.3 4.41 -3.56 B5BFCD 0.629
6.3 4.41 -2.93 B5BFCD 0.629
6.3 4.41 -2.3 B5BFCD 0.629
6.3 4.41 -1.67 B5BFCD 0.629
6.3 4.41 -1.04 B5BFCD 0.629
6.3 4.41 0.2200003 B5BFCD 0.629
6.3 5.04 -0.4099998 99A2AD 0.629
6.3 5.04 -5.450001 B5BFCD 0.629
6.3 5.04 -4.820001 B5BFCD 0.629
6.3 5.04 -4.190001 B5BFCD 0.629
6.3 5.04 -3.56 B5BFCD 0.629
6.3 5.04 -2.93 B5BFCD 0.629
6.3 5.04 -2.3 B5BFCD 0.629
6.3 5.04 -1.67 B5BFCD 0.629
6.3 5.04 -1.04 B5BFCD 0.629
6.3 5.04 0.2200003 B5BFCD 0.629
6.3 5.67 -0.4099998 99A2AD 0.629
6.3 5.67 -5.450001 B5BFCD 0.629
6.3 5.67 -4.820001 B5BFCD 0.629
6.3 5.67 -4.190001 B5BFCD 0.629
6.3 5.67 -3.56 B5BFCD 0.629
6.3 5.67 -2.93 B5BFCD 0.629
6.3 5.67 -2.3 B5BFCD 0.629
6.3 5.67 -1.67 B5BFCD 0.629
6.3 5.67 -1.04 B5BFCD 0.629
6.3 5.67 0.2200003 B5BFCD 0.629
6.3 6.3 -0.4099998 99A2AD 0.629
6.3 6.3 -5.450001 B5BFCD 0.629
6.3 6.3 -4.820001 B5BFCD 0.629
6.3 6.3 -4.190001 B5BFCD 0.629
6.3 6.3 -3.56 B5BFCD 0.629
5.67 6.3 -2.93 252729 0.629
5.67 6.3 -2.3 252729 0.629
5.67 6.3 -1.67 252729 0.629
6.3 6.3 -1.04 B5BFCD 0.629
6.3 6.3 0.2200003 B5BFCD 0.629
6.3 6.93 -0.4099998 99A2AD 0.629
6.3 6.93 -5.450001 B5BFCD 0.629
6.3 6.93 -4.820001 B5BFCD 0.629
6.3 6.93 -4.190001 B5BFCD 0.629
6.3 6.93 -3.56 B5BFCD 0.629
5.67 6.93 -2.93 252729 0.629
5.67 6.93 -2.3 252729 0.629
5.67 6.93 -1.67 252729 0.629
6.3 6.93 -1.04 B5BFCD 0.629
6.3 6.93 0.2200003 B5BFCD 0.629
6.3 7.56 -0.4099998 99A2AD 0.629
6.3 7.56 -5.450001 B5BFCD 0.629
6.3 7.56 -4.820001 B5BFCD 0.629
6.3 7.56 -4.190001 B5BFCD 0.629
6.3 7.56 -3.56 B5BFCD 0.629
5.67 7.56 -2.93 252729 0.629
5.67 7.56 -2.3 252729 0.629
5.67 7.56 -1.67 252729 0.629
6.3 7.56 -1.04 B5BFCD 0.629
6.3 7.56 0.2200003 B5BFCD 0.629
6.3 8.190001 -0.4099998 99A2AD 0.629
6.3 8.190001 -5.450001 B5BFCD 0.629
6.3 8.190001 -4.820001 B5BFCD 0.629
6.3 8.190001 -4.190001 B5BFCD 0.629
6.3 8.190001 -3.56 B5BFCD 0.629
5.67 8.190001 -2.93 A6A6A6 0.629
5.67 8.190001 -2.3 A6A6A6 0.629
5.67 8.190001 -1.67 A6A6A6 0.629
6.3 8.190001 -1.04 B5BFCD 0.629
6.3 8.190001 0.2200003 B5BFCD 0.629
6.3 8.820001 -0.4099998 99A2AD 0.629
6.3 8.820001 -5.450001 B5BFCD 0.629
6.3 8.820001 -4.820001 B5BFCD 0.629
6.3 8.820001 -4.190001 B5BFCD 0.629
6.3 8.820001 -3.56 B5BFCD 0.629
5.67 8.820001 -2.93 252729 0.629
5.67 8.820001 -2.3 252729 0.629
5.67 8.820001 -1.67 252729 0.629
6.3 8.820001 -1.04 B5BFCD 0.629
6.3 8.820001 0.2200003 B5BFCD 0.629
6.3 9.450001 -0.4099998 99A2AD 0.629
6.3 9.450001 -5.450001 B5BFCD 0.629
6.3 9.450001 -4.820001 B5BFCD 0.629
6.3 9.450001 -4.190001 B5BFCD 0.629
6.3 9.450001 -3.56 B5BFCD 0.629
5.67 9.450001 -2.93 252729 0.629
5.67 9.450001 -2.3 252729 0.629
5.67 9.450001 -1.67 252729 0.629
6.3 9.450001 -1.04 B5BFCD 0.629
6.3 9.450001 0.2200003 B5BFCD 0.629
6.3 10.08 -0.4099998 99A2AD 0.629
6.3 10.08 -5.450001 B5BFCD 0.629
6.3 10.08 -4.820001 B5BFCD 0.629
6.3 10.08 -4.190001 B5BFCD 0.629
6.3 10.08 -3.56 B5BFCD 0.629
6.3 10.08 -2.93 B5BFCD 0.629
6.3 10.08 -2.3 B5BFCD 0.629
6.3 10.08 -1.67 B5BFCD 0.629
6.3 10.08 -1.04 B5BFCD 0.629
6.3 10.08 0.2200003 B5BFCD 0.629
6.3 10.71 -0.4099998 99A2AD 0.629
6.3 10.71 -5.450001 B5BFCD 0.629
6.3 10.71 -4.820001 B5BFCD 0.629
6.3 10.71 -4.190001 B5BFCD 0.629
6.3 10.71 -3.56 B5BFCD 0.629
6.3 10.71 -2.93 B5BFCD 0.629
6.3 10.71 -2.3 B5BFCD 0.629
6.3 10.71 -1.67 B5BFCD 0.629
6.3 10.71 -1.04 B5BFCD 0.629
6.3 10.71 0.2200003 B5BFCD 0.629
6.3 11.34 -0.4099998 99A2AD 0.629
6.3 11.34 -5.450001 B5BFCD 0.629
6.3 11.34 -4.820001 B5BFCD 0.629
6.3 11.34 -4.190001 B5BFCD 0.629
6.3 11.34 -3.56 B5BFCD 0.629
5.67 11.34 -2.93 252729 0.629
5.67 11.34 -2.3 252729 0.629
5.67 11.34 -1.67 252729 0.629
6.3 11.34 -1.04 B5BFCD 0.629
6.3 11.34 0.2200003 B5BFCD 0.629
6.3 11.97 -0.4099998 99A2AD 0.629
6.3 11.97 -5.450001 B5BFCD 0.629
6.3 11.97 -4.820001 B5BFCD 0.629
6.3 11.97 -4.190001 B5BFCD 0.629
6.3 11.97 -3.56 B5BFCD 0.629
5.67 11.97 -2.93 252729 0.629
5.67 11.97 -2.3 252729 0.629
5.67 11.97 -1.67 252729 0.629
6.3 11.97 -1.04 B5BFCD 0.629
6.3 11.97 0.2200003 B5BFCD 0.629
6.3 12.6 -0.4099998 99A2AD 0.629
6.3 12.6 -5.450001 B5BFCD 0.629
6.3 12.6 -4.820001 B5BFCD 0.629
6.3 12.6 -4.190001 B5BFCD 0.629
6.3 12.6 -3.56 B5BFCD 0.629
5.67 12.6 -2.93 252729 0.629
5.67 12.6 -2.3 252729 0.629
5.67 12.6 -1.67 252729 0.629
6.3 12.6 -1.04 B5BFCD 0.629
6.3 12.6 0.2200003 B5BFCD 0.629
6.3 12.6 5.889999 99A2AD 0.629
6.3 12.6 0.8500004 B5BFCD 0.629
6.3 12.6 1.48 B5BFCD 0.629
6.3 12.6 2.11 B5BFCD 0.629
5.67 12.6 2.74 252729 0.629
5.67 12.6 3.37 252729 0.629
5.67 12.6 4 252729 0.629
6.3 12.6 4.63 B5BFCD 0.629
6.3 12.6 5.26 B5BFCD 0.629
6.3 12.6 6.52 B5BFCD 0.629
6.3 13.23 -0.4099998 99A2AD 0.629
6.3 13.23 -5.450001 B5BFCD 0.629
6.3 13.23 -4.820001 B5BFCD 0.629
6.3 13.23 -4.190001 B5BFCD 0.629
6.3 13.23 -3.56 B5BFCD 0.629
5.67 13.23 -2.93 A6A6A6 0.629
5.67 13.23 -2.3 A6A6A6 0.629
5.67 13.23 -1.67 A6A6A6 0.629
6.3 13.23 -1.04 B5BFCD 0.629
6.3 13.23 0.2200003 B5BFCD 0.629
6.3 13.23 5.889999 99A2AD 0.629
6.3 13.23 0.8500004 B5BFCD 0.629
6.3 13.23 1.48 B5BFCD 0.629
6.3 13.23 2.11 B5BFCD 0.629
5.67 13.23 2.74 A6A6A6 0.629
5.67 13.23 3.37 A6A6A6 0.629
5.67 13.23 4 A6A6A6 0.629
6.3 13.23 4.63 B5BFCD 0.629
6.3 13.23 5.26 B5BFCD 0.629
6.3 13.23 6.52 B5BFCD 0.629
6.3 13.23 7.15 B5BFCD 0.629
6.3 13.86 -0.4099998 99A2AD 0.629
6.3 13.86 -5.450001 B5BFCD 0.629
6.3 13.86 -4.820001 B5BFCD 0.629
6.3 13.86 -4.190001 B5BFCD 0.629
6.3 13.86 -3.56 B5BFCD 0.629
5.67 13.86 -2.93 252729 0.629
5.67 13.86 -2.3 252729 0.629
5.67 13.86 -1.67 252729 0.629
6.3 13.86 -1.04 B5BFCD 0.629
6.3 13.86 0.2200003 B5BFCD 0.629
6.3 13.86 5.889999 99A2AD 0.629
6.3 13.86 0.8500004 B5BFCD 0.629
6.3 13.86 1.48 B5BFCD 0.629
6.3 13.86 2.11 B5BFCD 0.629
5.67 13.86 2.74 252729 0.629
5.67 13.86 3.37 252729 0.629
5.67 13.86 4 252729 0.629
6.3 13.86 4.63 B5BFCD 0.629
6.3 13.86 5.26 B5BFCD 0.629
6.3 13.86 6.52 B5BFCD 0.629
6.3 13.86 7.15 B5BFCD 0.629
6.3 14.49 -0.4099998 6C6966 0.629
6.3 14.49 -5.450001 B5BFCD 0.629
6.3 14.49 -4.820001 B5BFCD 0.629
6.3 14.49 -4.190001 B5BFCD 0.629
6.3 14.49 -3.56 B5BFCD 0.629
5.67 14.49 -2.93 252729 0.629
5.67 14.49 -2.3 252729 0.629
5.67 14.49 -1.67 252729 0.629
6.3 14.49 -1.04 B5BFCD 0.629
6.3 14.49 0.2200003 B5BFCD 0.629
6.3 14.49 5.889999 6C6966 0.629
6.3 14.49 0.8500004 B5BFCD 0.629
6.3 14.49 1.48 B5BFCD 0.629
6.3 14.49 2.11 B5BFCD 0.629
5.67 14.49 2.74 252729 0.629
5.67 14.49 3.37 252729 0.629
5.67 14.49 4 252729 0.629
6.3 14.49 4.63 B5BFCD 0.629
6.3 14.49 5.26 B5BFCD 0.629
6.3 14.49 6.52 B5BFCD 0.629
6.3 14.49 7.15 B5BFCD 0.629
6.3 14.49 7.780001 B5BFCD 0.629
6.3 14.49 8.41 B5BFCD 0.629
5.67 14.49 9.040001 252729 0.629
5.67 14.49 9.67 252729 0.629
5.67 14.49 10.3 252729 0.629
6.3 14.49 10.93 B5BFCD 0.629
6.3 14.49 11.56 B5BFCD 0.629
6.3 14.49 12.19 B5BFCD 0.629
6.3 14.49 12.82 B5BFCD 0.629
6.3 14.49 13.45 B5BFCD 0.629
6.3 15.12 -0.4099998 6C6966 0.629
6.3 15.12 -5.450001 7D7976 0.629
6.3 15.12 -4.820001 7D7976 0.629
6.3 15.12 -4.190001 7D7976 0.629
6.3 15.12 -3.56 7D7976 0.629
6.3 15.12 -2.93 7D7976 0.629
6.3 15.12 -2.3 7D7976 0.629
6.3 15.12 -1.67 7D7976 0.629
6.3 15.12 -1.04 7D7976 0.629
6.3 15.12 0.2200003 7D7976 0.629
6.3 15.12 5.889999 6C6966 0.629
6.3 15.12 0.8500004 7D7976 0.629
6.3 15.12 1.48 7D7976 0.629
6.3 15.12 2.11 7D7976 0.629
6.3 15.12 2.74 7D7976 0.629
6.3 15.12 3.37 7D7976 0.629
6.3 15.12 4 7D7976 0.629
6.3 15.12 4.63 7D7976 0.629
6.3 15.12 5.26 7D7976 0.629
6.3 15.12 6.52 7D7976 0.629
6.3 15.12 7.15 7D7976 0.629
6.3 15.12 7.780001 7D7976 0.629
6.3 15.12 8.41 7D7976 0.629
6.3 15.12 9.040001 7D7976 0.629
6.3 15.12 9.67 7D7976 0.629
6.3 15.12 10.3 7D7976 0.629
6.3 15.12 10.93 7D7976 0.629
6.3 15.12 11.56 7D7976 0.629
6.3 15.12 12.19 7D7976 0.629
6.3 15.12 12.82 7D7976 0.629
6.3 15.12 13.45 7D7976 0.629
6.3 15.75 -0.4099998 6C6966 0.629
6.3 15.75 -5.450001 7D7976 0.629
6.3 15.75 -4.820001 7D7976 0.629
6.3 15.75 -4.190001 7D7976 0.629
6.3 15.75 -3.56 7D7976 0.629
6.3 15.75 -2.93 7D7976 0.629
6.3 15.75 -2.3 7D7976 0.629
6.3 15.75 -1.67 7D7976 0.629
6.3 15.75 -1.04 7D7976 0.629
6.3 15.75 0.2200003 7D7976 0.629
6.3 15.75 5.889999 6C6966 0.629
6.3 15.75 0.8500004 7D7976 0.629
6.3 15.75 1.48 7D7976 0.629
6.3 15.75 2.11 7D7976 0.629
6.3 15.75 2.74 7D7976 0.629
6.3 15.75 3.37 7D7976 0.629
6.3 15.75 4 7D7976 0.629
6.3 15.75 4.63 7D7976 0.629
6.3 15.75 5.26 7D7976 0.629
6.3 15.75 6.52 7D7976 0.629
6.3 15.75 7.15 7D7976 0.629
6.3 15.75 7.780001 7D7976 0.629
6.3 15.75 8.41 7D7976 0.629
6.3 15.75 9.040001 7D7976 0.629
6.3 15.75 9.67 7D7976 0.629
6.3 15.75 10.3 7D7976 0.629
6.3 15.75 10.93 7D7976 0.629
6.3 15.75 11.56 7D7976 0.629
6.3 15.75 12.19 7D7976 0.629
6.3 15.75 12.82 7D7976 0.629
6.3 15.75 13.45 7D7976 0.629
6.3 16.38 -0.4099998 6C6966 0.629
6.3 16.38 -5.450001 7D7976 0.629
6.3 16.38 -4.820001 7D7976 0.629
6.3 16.38 -4.190001 7D7976 0.629
6.3 16.38 -3.56 7D7976 0.629
6.3 16.38 -2.93 7D7976 0.629
6.3 16.38 -2.3 7D7976 0.629
6.3 16.38 -1.67 7D7976 0.629
6.3 16.38 -1.04 7D7976 0.629
6.3 16.38 0.2200003 7D7976 0.629
6.3 16.38 5.889999 6C6966 0.629
6.3 16.38 0.8500004 7D7976 0.629
6.3 16.38 1.48 7D7976 0.629
6.3 16.38 2.11 7D7976 0.629
6.3 16.38 2.74 7D7976 0.629
6.3 16.38 3.37 7D7976 0.629
6.3 16.38 4 7D7976 0.629
6.3 16.38 4.63 7D7976 0.629
6.3 16.38 5.26 7D7976 0.629
6.3 16.38 6.52 7D7976 0.629
6.3 16.38 7.15 7D7976 0.629
6.3 16.38 7.780001 7D7976 0.629
6.3 16.38 8.41 7D7976 0.629
6.3 16.38 9.040001 7D7976 0.629
6.3 16.38 9.67 7D7976 0.629
6.3 16.38 10.3 7D7976 0.629
6.3 16.38 10.93 7D7976 0.629
6.3 16.38 11.56 7D7976 0.629
6.3 16.38 12.19 7D7976 0.629
6.3 16.38 12.82 7D7976 0.629
6.3 16.38 13.45 7D7976 0.629
6.93 0 0.2200003 7D7976 0.629
6.93 0 -0.4099998 6C6966 0.629
6.93 0.63 -0.4099998 6C6966 0.629
6.3 0.63 -5.450001 7D7976 0.629
6.3 0.63 -4.820001 7D7976 0.629
6.3 0.63 -4.190001 7D7976 0.629
6.3 0.63 -3.56 7D7976 0.629
6.3 0.63 -2.93 7D7976 0.629
6.3 0.63 -2.3 7D7976 0.629
6.3 0.63 -1.67 7D7976 0.629
6.3 0.63 -1.04 7D7976 0.629
6.3 0.63 0.2200003 7D7976 0.629
6.93 1.26 -0.4099998 6C6966 0.629
6.3 1.26 -5.450001 7D7976 0.629
6.3 1.26 -4.820001 7D7976 0.629
6.3 1.26 -4.190001 7D7976 0.629
6.3 1.26 -3.56 7D7976 0.629
6.3 1.26 -2.93 7D7976 0.629
6.3 1.26 -2.3 7D7976 0.629
6.3 1.26 -1.67 7D7976 0.629
6.3 1.26 -1.04 7D7976 0.629
6.3 1.26 0.2200003 7D7976 0.629
6.93 1.89 -0.4099998 6C6966 0.629
6.3 1.89 -5.450001 7D7976 0.629
6.3 1.89 -4.820001 7D7976 0.629
6.3 1.89 -4.190001 7D7976 0.629
6.3 1.89 -3.56 7D7976 0.629
6.3 1.89 -2.93 7D7976 0.629
6.3 1.89 -2.3 7D7976 0.629
6.3 1.89 -1.67 7D7976 0.629
6.3 1.89 -1.04 7D7976 0.629
6.3 1.89 0.2200003 7D7976 0.629
6.93 2.52 -0.4099998 6C6966 0.629
6.3 2.52 -5.450001 7D7976 0.629
6.3 2.52 -4.820001 7D7976 0.629
6.3 2.52 -4.190001 7D7976 0.629
6.3 2.52 -3.56 7D7976 0.629
6.3 2.52 -2.93 7D7976 0.629
6.3 2.52 -2.3 7D7976 0.629
6.3 2.52 -1.67 7D7976 0.629
6.3 2.52 -1.04 7D7976 0.629
6.3 2.52 0.2200003 7D7976 0.629
6.93 3.15 -0.4099998 6C6966 0.629
6.93 3.78 -0.4099998 6C6966 0.629
6.93 4.41 -0.4099998 99A2AD 0.629
6.93 5.04 -0.4099998 99A2AD 0.629
6.93 5.67 -0.4099998 99A2AD 0.629
6.93 6.3 -0.4099998 99A2AD 0.629
6.93 6.93 -0.4099998 99A2AD 0.629
6.93 7.56 -0.4099998 99A2AD 0.629
6.93 8.190001 -0.4099998 99A2AD 0.629
6.93 8.820001 -0.4099998 99A2AD 0.629
6.93 9.450001 -0.4099998 99A2AD 0.629
6.93 10.08 -0.4099998 99A2AD 0.629
6.93 10.71 -0.4099998 99A2AD 0.629
6.93 11.34 -0.4099998 99A2AD 0.629
6.93 11.97 -0.4099998 99A2AD 0.629
6.93 12.6 -0.4099998 99A2AD 0.629
6.93 12.6 5.889999 99A2AD 0.629
6.93 12.6 1.48 99A2AD 0.629
6.93 13.23 -0.4099998 99A2AD 0.629
6.93 13.23 5.889999 99A2AD 0.629
6.93 13.23 1.48 99A2AD 0.629
6.93 13.23 7.15 99A2AD 0.629
6.93 13.86 -0.4099998 99A2AD 0.629
6.93 13.86 5.889999 99A2AD 0.629
6.93 13.86 1.48 99A2AD 0.629
6.93 13.86 7.15 99A2AD 0.629
6.93 14.49 -0.4099998 6C6966 0.629
6.93 14.49 5.889999 6C6966 0.629
6.93 14.49 1.48 6C6966 0.629
6.93 14.49 7.15 6C6966 0.629
6.93 15.12 -0.4099998 6C6966 0.629
6.93 15.12 5.889999 6C6966 0.629
6.93 15.12 1.48 6C6966 0.629
6.93 15.12 7.15 6C6966 0.629
6.93 15.75 -0.4099998 6C6966 0.629
6.93 15.75 5.889999 6C6966 0.629
6.93 15.75 1.48 6C6966 0.629
6.93 15.75 7.15 6C6966 0.629
6.93 16.38 -0.4099998 6C6966 0.629
6.93 16.38 5.889999 6C6966 0.629
6.93 16.38 1.48 6C6966 0.629
6.93 16.38 7.15 6C6966 0.629
6.93 16.38 0.2200003 ACA7A2 0.629
6.93 16.38 0.8500004 ACA7A2 0.629
6.93 16.38 6.52 ACA7A2 0.629
7.56 0 0.2200003 7D7976 0.629
7.56 0 -0.4099998 6C6966 0.629
7.56 0.63 -0.4099998 6C6966 0.629
7.56 1.26 -0.4099998 6C6966 0.629
7.56 1.89 -0.4099998 6C6966 0.629
7.56 2.52 -0.4099998 6C6966 0.629
7.56 3.15 -0.4099998 6C6966 0.629
7.56 3.78 -0.4099998 6C6966 0.629
7.56 4.41 -0.4099998 99A2AD 0.629
7.56 5.04 -0.4099998 99A2AD 0.629
7.56 5.67 -0.4099998 99A2AD 0.629
7.56 6.3 -0.4099998 99A2AD 0.629
7.56 6.93 -0.4099998 99A2AD 0.629
7.56 7.56 -0.4099998 99A2AD 0.629
7.56 8.190001 -0.4099998 99A2AD 0.629
7.56 8.820001 -0.4099998 99A2AD 0.629
7.56 9.450001 -0.4099998 99A2AD 0.629
7.56 10.08 -0.4099998 99A2AD 0.629
7.56 10.71 -0.4099998 99A2AD 0.629
7.56 11.34 -0.4099998 99A2AD 0.629
7.56 11.97 -0.4099998 99A2AD 0.629
7.56 12.6 -0.4099998 99A2AD 0.629
7.56 12.6 5.889999 99A2AD 0.629
7.56 12.6 1.48 99A2AD 0.629
7.56 12.6 7.15 99A2AD 0.629
7.56 13.23 -0.4099998 99A2AD 0.629
7.56 13.23 5.889999 99A2AD 0.629
7.56 13.23 1.48 99A2AD 0.629
7.56 13.23 7.15 99A2AD 0.629
7.56 13.86 -0.4099998 99A2AD 0.629
7.56 13.86 5.889999 99A2AD 0.629
7.56 13.86 1.48 99A2AD 0.629
7.56 13.86 7.15 99A2AD 0.629
7.56 14.49 -0.4099998 6C6966 0.629
7.56 14.49 5.889999 6C6966 0.629
7.56 14.49 1.48 6C6966 0.629
7.56 14.49 7.15 6C6966 0.629
7.56 15.12 -0.4099998 6C6966 0.629
7.56 15.12 5.889999 6C6966 0.629
7.56 15.12 1.48 6C6966 0.629
7.56 15.12 7.15 6C6966 0.629
7.56 15.75 -0.4099998 6C6966 0.629
7.56 15.75 5.889999 6C6966 0.629
7.56 15.75 1.48 6C6966 0.629
7.56 15.75 7.15 6C6966 0.629
7.56 16.38 -0.4099998 6C6966 0.629
7.56 16.38 5.889999 6C6966 0.629
7.56 16.38 1.48 6C6966 0.629
7.56 16.38 7.15 6C6966 0.629
7.56 16.38 0.2200003 ACA7A2 0.629
7.56 16.38 0.8500004 ACA7A2 0.629
7.56 16.38 6.52 ACA7A2 0.629
8.190001 0 0.2200003 7D7976 0.629
8.190001 0.63 0.2200003 7D7976 0.629
8.190001 1.26 0.2200003 7D7976 0.629
8.190001 1.89 0.2200003 7D7976 0.629
8.190001 2.52 0.2200003 7D7976 0.629
8.190001 3.15 0.2200003 7D7976 0.629
8.190001 3.78 0.2200003 7D7976 0.629
8.190001 4.41 0.2200003 B5BFCD 0.629
8.190001 5.04 0.2200003 B5BFCD 0.629
8.190001 5.67 0.2200003 B5BFCD 0.629
8.190001 6.3 0.2200003 B5BFCD 0.629
8.190001 6.93 0.2200003 B5BFCD 0.629
8.190001 7.56 0.2200003 B5BFCD 0.629
8.190001 8.190001 0.2200003 B5BFCD 0.629
8.190001 8.820001 0.2200003 B5BFCD 0.629
8.190001 9.450001 0.2200003 B5BFCD 0.629
8.190001 10.08 0.2200003 B5BFCD 0.629
8.190001 10.71 0.2200003 B5BFCD 0.629
8.190001 11.34 0.2200003 B5BFCD 0.629
8.190001 11.97 0.2200003 B5BFCD 0.629
8.190001 12.6 0.2200003 B5BFCD 0.629
8.190001 12.6 0.8500004 B5BFCD 0.629
8.190001 12.6 5.889999 B5BFCD 0.629
8.190001 12.6 6.52 B5BFCD 0.629
8.190001 12.6 7.15 B5BFCD 0.629
8.190001 13.23 0.2200003 B5BFCD 0.629
8.190001 13.23 0.8500004 B5BFCD 0.629
8.190001 13.23 5.889999 B5BFCD 0.629
8.190001 13.23 6.52 B5BFCD 0.629
8.190001 13.23 7.15 B5BFCD 0.629
8.190001 13.86 0.2200003 B5BFCD 0.629
8.190001 13.86 0.8500004 B5BFCD 0.629
8.190001 13.86 5.889999 B5BFCD 0.629
8.190001 13.86 6.52 B5BFCD 0.629
8.190001 13.86 7.15 B5BFCD 0.629
8.190001 14.49 0.2200003 7D7976 0.629
8.190001 14.49 0.8500004 7D7976 0.629
8.190001 14.49 5.889999 7D7976 0.629
8.190001 14.49 6.52 7D7976 0.629
8.190001 14.49 7.15 7D7976 0.629
8.190001 15.12 0.2200003 7D7976 0.629
8.190001 15.12 0.8500004 7D7976 0.629
8.190001 15.12 5.889999 7D7976 0.629
8.190001 15.12 6.52 7D7976 0.629
8.190001 15.12 7.15 7D7976 0.629
8.190001 15.75 0.2200003 7D7976 0.629
8.190001 15.75 0.8500004 7D7976 0.629
8.190001 15.75 5.889999 7D7976 0.629
8.190001 15.75 6.52 7D7976 0.629
8.190001 15.75 7.15 7D7976 0.629
8.190001 16.38 0.2200003 7D7976 0.629
8.190001 16.38 0.8500004 7D7976 0.629
8.190001 16.38 5.889999 7D7976 0.629
8.190001 16.38 6.52 7D7976 0.629
8.190001 16.38 7.15 7D7976 0.629
